i,vehi,obj,vehiBest,objBest,loFunc,note
1,4,1830.2000000000003,3,918.0200000000002,2opt,acceptBad
2,4,1779.56,3,918.0200000000002,swap,improve
3,4,1793.5,3,918.0200000000002,swap,acceptBad
4,4,1831.7600000000002,3,918.0200000000002,swap,acceptBad
5,4,1830.7600000000002,3,918.0200000000002,move,improve
6,4,1835.1000000000004,3,918.0200000000002,2opt,acceptBad
7,4,1694.2200000000003,3,918.0200000000002,move,improve
8,4,1537.2800000000002,3,918.0200000000002,2opt,improve
9,4,1540.6000000000004,3,918.0200000000002,swap,acceptBad
10,4,1528.3000000000002,3,918.0200000000002,move,improve
11,4,1534.78,3,918.0200000000002,swap,acceptBad
12,5,2879.5600000000004,3,918.0200000000002,2opt,acceptBad
13,5,2893.4400000000005,3,918.0200000000002,swap,acceptBad
14,5,2900.86,3,918.0200000000002,2opt,acceptBad
15,5,2637.54,3,918.0200000000002,move,improve
16,5,2478.6400000000003,3,918.0200000000002,move,improve
17,5,2653.06,3,918.0200000000002,2opt,acceptBad
18,5,2211.42,3,918.0200000000002,move,improve
19,6,2876.22,3,918.0200000000002,2opt,acceptBad
20,6,2604.96,3,918.0200000000002,move,improve
21,6,2440.66,3,918.0200000000002,move,improve
22,6,2219.2000000000003,3,918.0200000000002,2opt,improve
23,6,2229.3,3,918.0200000000002,swap,acceptBad
24,6,2223.6400000000003,3,918.0200000000002,swap,improve
25,6,2222.66,3,918.0200000000002,2opt,improve
26,6,2259.580000000001,3,918.0200000000002,2opt,acceptBad
27,6,2180.2799999999997,3,918.0200000000002,2opt,improve
28,6,2176.74,3,918.0200000000002,swap,improve
29,6,1941.9400000000005,3,918.0200000000002,move,improve
30,6,1943.4600000000005,3,918.0200000000002,2opt,acceptBad
31,7,3717.1200000000003,3,918.0200000000002,2opt,acceptBad
32,7,3693.0600000000004,3,918.0200000000002,swap,improve
33,7,5250.720000000001,3,918.0200000000002,2opt,acceptBad
34,7,5250.720000000001,3,918.0200000000002,2opt,improve
35,7,4745.6,3,918.0200000000002,swap,improve
36,7,4483.88,3,918.0200000000002,move,improve
37,7,3774.52,3,918.0200000000002,swap,improve
38,7,3772.2799999999997,3,918.0200000000002,swap,improve
39,7,3647.1200000000003,3,918.0200000000002,swap,improve
40,7,3647.1200000000003,3,918.0200000000002,2opt,improve
41,7,3647.1200000000003,3,918.0200000000002,2opt,improve
42,8,6124.86,3,918.0200000000002,2opt,acceptBad
43,8,5827.34,3,918.0200000000002,swap,improve
44,8,5424.839999999999,3,918.0200000000002,move,improve
45,8,5422.9000000000015,3,918.0200000000002,2opt,improve
46,8,5072.42,3,918.0200000000002,move,improve
47,9,6404.339999999998,3,918.0200000000002,2opt,acceptBad
48,9,5344.5,3,918.0200000000002,move,improve
49,9,5401.9800000000005,3,918.0200000000002,swap,acceptBad
50,9,5422.400000000001,3,918.0200000000002,swap,acceptBad
51,9,5608.260000000001,3,918.0200000000002,swap,acceptBad
52,9,4723.300000000001,3,918.0200000000002,swap,improve
53,9,4424.860000000001,3,918.0200000000002,swap,improve
54,10,5152.759999999999,3,918.0200000000002,2opt,acceptBad
55,10,5180.92,3,918.0200000000002,swap,acceptBad
56,10,5977.86,3,918.0200000000002,swap,acceptBad
57,10,5963.26,3,918.0200000000002,swap,improve
58,10,5963.819999999999,3,918.0200000000002,2opt,acceptBad
59,10,5832.960000000002,3,918.0200000000002,move,improve
60,10,5829.640000000002,3,918.0200000000002,swap,improve
61,10,6216.739999999999,3,918.0200000000002,2opt,acceptBad
62,10,6105.3200000000015,3,918.0200000000002,move,improve
63,10,6113.880000000002,3,918.0200000000002,swap,acceptBad
64,10,6671.420000000002,3,918.0200000000002,swap,acceptBad
65,10,6737.700000000002,3,918.0200000000002,swap,acceptBad
66,11,8426.400000000001,3,918.0200000000002,2opt,acceptBad
67,11,8426.400000000001,3,918.0200000000002,move,improve
68,11,8429.700000000003,3,918.0200000000002,swap,acceptBad
69,11,8418.080000000002,3,918.0200000000002,swap,improve
70,11,8418.080000000002,3,918.0200000000002,2opt,improve
71,11,8413.1,3,918.0200000000002,swap,improve
72,11,8296.300000000001,3,918.0200000000002,swap,improve
73,11,8287.74,3,918.0200000000002,2opt,improve
74,11,8294.979999999998,3,918.0200000000002,2opt,acceptBad
75,11,8029.9,3,918.0200000000002,move,improve
76,11,8176.659999999999,3,918.0200000000002,2opt,acceptBad
77,11,8180.64,3,918.0200000000002,2opt,acceptBad
78,11,7691.999999999999,3,918.0200000000002,move,improve
79,11,7720.28,3,918.0200000000002,2opt,acceptBad
80,11,7683.360000000001,3,918.0200000000002,2opt,improve
81,11,7711.260000000002,3,918.0200000000002,swap,acceptBad
82,11,7248.9400000000005,3,918.0200000000002,move,improve
83,11,7151.600000000001,3,918.0200000000002,swap,improve
84,11,8187.48,3,918.0200000000002,2opt,acceptBad
85,11,8126.179999999999,3,918.0200000000002,swap,improve
86,11,8123.599999999999,3,918.0200000000002,swap,improve
87,11,8496.46,3,918.0200000000002,swap,acceptBad
88,11,8497.38,3,918.0200000000002,2opt,acceptBad
89,11,8066.840000000002,3,918.0200000000002,2opt,improve
90,11,8813.680000000006,3,918.0200000000002,swap,acceptBad
91,11,8054.200000000001,3,918.0200000000002,move,improve
92,11,8046.120000000001,3,918.0200000000002,swap,improve
93,11,7950.620000000001,3,918.0200000000002,move,improve
94,11,7950.620000000001,3,918.0200000000002,move,improve
95,10,6571.02,3,918.0200000000002,2opt,improve
96,10,6065.639999999999,3,918.0200000000002,move,improve
97,10,6066.42,3,918.0200000000002,swap,acceptBad
98,10,5853.76,3,918.0200000000002,2opt,improve
99,10,5818.64,3,918.0200000000002,swap,improve
100,10,6179.279999999998,3,918.0200000000002,2opt,acceptBad
101,10,6131.5999999999985,3,918.0200000000002,swap,improve
102,10,5714.74,3,918.0200000000002,move,improve
103,10,5343.4,3,918.0200000000002,move,improve
104,10,5069.580000000002,3,918.0200000000002,move,improve
105,10,5070.460000000002,3,918.0200000000002,2opt,acceptBad
106,10,5276.5,3,918.0200000000002,2opt,acceptBad
107,10,6060.520000000001,3,918.0200000000002,2opt,acceptBad
108,10,6080.9400000000005,3,918.0200000000002,2opt,acceptBad
109,11,10950.260000000006,3,918.0200000000002,2opt,acceptBad
110,11,7544.5,3,918.0200000000002,move,improve
111,11,7548.0,3,918.0200000000002,swap,acceptBad
112,11,7641.66,3,918.0200000000002,swap,acceptBad
113,11,7634.759999999999,3,918.0200000000002,move,improve
114,11,6731.820000000001,3,918.0200000000002,move,improve
115,11,6783.139999999999,3,918.0200000000002,2opt,acceptBad
116,11,6511.220000000001,3,918.0200000000002,move,improve
117,11,6498.18,3,918.0200000000002,2opt,improve
118,11,6060.06,3,918.0200000000002,move,improve
119,11,6061.54,3,918.0200000000002,2opt,acceptBad
120,11,5849.3600000000015,3,918.0200000000002,move,improve
121,11,5867.600000000002,3,918.0200000000002,swap,acceptBad
122,11,5730.640000000004,3,918.0200000000002,2opt,improve
123,11,5737.460000000004,3,918.0200000000002,swap,acceptBad
124,11,5740.440000000004,3,918.0200000000002,swap,acceptBad
125,11,5868.880000000001,3,918.0200000000002,swap,acceptBad
126,11,5869.500000000001,3,918.0200000000002,swap,acceptBad
127,11,5842.160000000001,3,918.0200000000002,swap,improve
128,11,5642.320000000001,3,918.0200000000002,move,improve
129,11,5642.320000000001,3,918.0200000000002,move,improve
130,11,5420.1,3,918.0200000000002,move,improve
131,11,5419.94,3,918.0200000000002,2opt,improve
132,11,5407.879999999999,3,918.0200000000002,swap,improve
133,11,5258.300000000001,3,918.0200000000002,move,improve
134,11,7716.780000000002,3,918.0200000000002,2opt,acceptBad
135,11,7717.260000000001,3,918.0200000000002,2opt,acceptBad
136,11,7699.480000000002,3,918.0200000000002,swap,improve
137,11,9098.620000000004,3,918.0200000000002,swap,acceptBad
138,11,8766.240000000003,3,918.0200000000002,move,improve
139,11,8262.060000000001,3,918.0200000000002,move,improve
140,11,8253.700000000003,3,918.0200000000002,swap,improve
141,11,7781.220000000002,3,918.0200000000002,move,improve
142,11,7817.599999999999,3,918.0200000000002,swap,acceptBad
143,11,7821.32,3,918.0200000000002,swap,acceptBad
144,12,10909.88,3,918.0200000000002,2opt,acceptBad
145,12,9989.560000000001,3,918.0200000000002,move,improve
146,13,14842.960000000003,3,918.0200000000002,2opt,acceptBad
147,13,15205.580000000002,3,918.0200000000002,2opt,acceptBad
148,13,14633.719999999998,3,918.0200000000002,move,improve
149,13,14416.099999999997,3,918.0200000000002,2opt,improve
150,13,11630.000000000004,3,918.0200000000002,move,improve
151,13,11629.920000000002,3,918.0200000000002,swap,improve
152,13,10544.500000000002,3,918.0200000000002,swap,improve
153,13,10582.180000000002,3,918.0200000000002,2opt,acceptBad
154,14,12049.880000000003,3,918.0200000000002,2opt,acceptBad
155,14,11732.080000000002,3,918.0200000000002,2opt,improve
156,14,11727.900000000007,3,918.0200000000002,2opt,improve
157,14,11684.460000000005,3,918.0200000000002,move,improve
158,14,12207.8,3,918.0200000000002,swap,acceptBad
159,14,12134.880000000001,3,918.0200000000002,move,improve
160,14,12131.86,3,918.0200000000002,swap,improve
161,14,11921.86,3,918.0200000000002,move,improve
162,14,11929.980000000003,3,918.0200000000002,2opt,acceptBad
163,14,11986.860000000002,3,918.0200000000002,swap,acceptBad
164,14,12183.640000000003,3,918.0200000000002,2opt,acceptBad
165,14,13056.740000000005,3,918.0200000000002,2opt,acceptBad
166,14,12193.540000000005,3,918.0200000000002,move,improve
167,14,12478.660000000005,3,918.0200000000002,2opt,acceptBad
168,14,11962.280000000006,3,918.0200000000002,2opt,improve
169,14,11960.980000000003,3,918.0200000000002,2opt,improve
170,14,11509.700000000003,3,918.0200000000002,move,improve
171,14,11427.340000000004,3,918.0200000000002,2opt,improve
172,14,11010.820000000002,3,918.0200000000002,move,improve
173,14,10995.820000000002,3,918.0200000000002,swap,improve
174,14,11426.719999999998,3,918.0200000000002,2opt,acceptBad
175,14,11346.42,3,918.0200000000002,2opt,improve
176,14,11346.92,3,918.0200000000002,swap,acceptBad
177,14,11138.660000000003,3,918.0200000000002,move,improve
178,14,11218.280000000002,3,918.0200000000002,swap,acceptBad
179,14,10756.02,3,918.0200000000002,move,improve
180,14,10746.119999999999,3,918.0200000000002,swap,improve
181,14,10810.76,3,918.0200000000002,2opt,acceptBad
182,14,15128.320000000002,3,918.0200000000002,2opt,acceptBad
183,14,16393.660000000007,3,918.0200000000002,2opt,acceptBad
184,14,15840.76,3,918.0200000000002,move,improve
185,14,15832.92,3,918.0200000000002,swap,improve
186,14,15960.360000000004,3,918.0200000000002,2opt,acceptBad
187,14,15475.680000000004,3,918.0200000000002,move,improve
188,13,10631.179999999997,3,918.0200000000002,move,improve
189,13,10665.159999999994,3,918.0200000000002,swap,acceptBad
190,13,10659.019999999997,3,918.0200000000002,swap,improve
191,13,10522.459999999995,3,918.0200000000002,2opt,improve
192,13,9844.459999999995,3,918.0200000000002,move,improve
193,13,9834.139999999998,3,918.0200000000002,2opt,improve
194,13,9586.64,3,918.0200000000002,move,improve
195,13,9782.439999999997,3,918.0200000000002,swap,acceptBad
196,13,10088.74,3,918.0200000000002,swap,acceptBad
197,13,10054.619999999999,3,918.0200000000002,swap,improve
198,13,10244.66,3,918.0200000000002,swap,acceptBad
199,13,9798.88,3,918.0200000000002,swap,improve
200,13,10353.86,3,918.0200000000002,swap,acceptBad
201,13,10340.86,3,918.0200000000002,2opt,improve
202,13,10174.82,3,918.0200000000002,move,improve
203,13,9966.96,3,918.0200000000002,swap,improve
204,13,9770.660000000002,3,918.0200000000002,move,improve
205,13,9498.800000000003,3,918.0200000000002,swap,improve
206,13,9460.04,3,918.0200000000002,move,improve
207,13,10096.219999999998,3,918.0200000000002,2opt,acceptBad
208,13,10541.880000000003,3,918.0200000000002,2opt,acceptBad
209,13,10673.720000000003,3,918.0200000000002,swap,acceptBad
210,13,10673.720000000003,3,918.0200000000002,move,improve
211,13,10728.620000000004,3,918.0200000000002,swap,acceptBad
212,13,10507.960000000003,3,918.0200000000002,move,improve
213,13,10452.44,3,918.0200000000002,move,improve
214,13,10463.559999999998,3,918.0200000000002,2opt,acceptBad
215,13,10454.039999999997,3,918.0200000000002,move,improve
216,13,10039.520000000002,3,918.0200000000002,swap,improve
217,13,10053.539999999999,3,918.0200000000002,swap,acceptBad
218,13,9431.980000000005,3,918.0200000000002,2opt,improve
219,13,12771.000000000002,3,918.0200000000002,swap,acceptBad
220,13,12758.7,3,918.0200000000002,2opt,improve
221,13,12758.7,3,918.0200000000002,2opt,improve
222,13,12759.140000000003,3,918.0200000000002,2opt,acceptBad
223,13,12770.7,3,918.0200000000002,2opt,acceptBad
224,13,12673.500000000002,3,918.0200000000002,2opt,improve
225,13,12677.240000000005,3,918.0200000000002,2opt,acceptBad
226,13,12669.68,3,918.0200000000002,2opt,improve
227,13,13386.639999999996,3,918.0200000000002,swap,acceptBad
228,13,13382.399999999996,3,918.0200000000002,swap,improve
229,13,12317.3,3,918.0200000000002,move,improve
230,13,11997.64,3,918.0200000000002,move,improve
231,13,12005.199999999999,3,918.0200000000002,swap,acceptBad
232,13,11501.099999999999,3,918.0200000000002,swap,improve
233,13,11501.099999999999,3,918.0200000000002,2opt,improve
234,13,10557.679999999997,3,918.0200000000002,2opt,improve
235,13,10560.58,3,918.0200000000002,2opt,acceptBad
236,13,11657.100000000004,3,918.0200000000002,2opt,acceptBad
237,13,11692.96,3,918.0200000000002,swap,acceptBad
238,13,10710.859999999999,3,918.0200000000002,2opt,improve
239,13,10546.399999999998,3,918.0200000000002,swap,improve
240,13,10568.96,3,918.0200000000002,swap,acceptBad
241,13,10159.2,3,918.0200000000002,move,improve
242,13,11008.400000000003,3,918.0200000000002,2opt,acceptBad
243,13,11008.080000000004,3,918.0200000000002,2opt,improve
244,13,11005.380000000005,3,918.0200000000002,swap,improve
245,13,11005.140000000003,3,918.0200000000002,2opt,improve
246,13,11013.240000000003,3,918.0200000000002,2opt,acceptBad
247,13,10982.280000000002,3,918.0200000000002,swap,improve
248,13,10980.240000000003,3,918.0200000000002,swap,improve
249,13,11171.640000000003,3,918.0200000000002,swap,acceptBad
250,13,11170.340000000006,3,918.0200000000002,2opt,improve
251,13,10969.12,3,918.0200000000002,2opt,improve
252,13,10018.58,3,918.0200000000002,move,improve
253,13,10018.58,3,918.0200000000002,move,improve
254,13,9714.519999999999,3,918.0200000000002,move,improve
255,13,9401.499999999996,3,918.0200000000002,move,improve
256,13,9169.439999999999,3,918.0200000000002,move,improve
257,13,8716.859999999997,3,918.0200000000002,swap,improve
258,13,10922.339999999998,3,918.0200000000002,move,acceptBad
259,13,13396.579999999994,3,918.0200000000002,swap,acceptBad
260,13,13385.139999999998,3,918.0200000000002,2opt,improve
261,13,12308.339999999998,3,918.0200000000002,move,improve
262,13,12549.560000000001,3,918.0200000000002,swap,acceptBad
263,13,10542.04,3,918.0200000000002,move,improve
264,13,11014.560000000001,3,918.0200000000002,2opt,acceptBad
265,13,11014.380000000001,3,918.0200000000002,swap,improve
266,13,11014.380000000001,3,918.0200000000002,move,improve
267,13,11012.560000000001,3,918.0200000000002,swap,improve
268,13,11013.28,3,918.0200000000002,swap,acceptBad
269,13,11000.240000000002,3,918.0200000000002,move,improve
270,13,9598.859999999999,3,918.0200000000002,swap,improve
271,13,11497.26,3,918.0200000000002,swap,acceptBad
272,13,11571.460000000001,3,918.0200000000002,2opt,acceptBad
273,13,13665.26,3,918.0200000000002,swap,acceptBad
274,13,10288.44,3,918.0200000000002,move,improve
275,13,8792.22,3,918.0200000000002,move,improve
276,13,9973.38,3,918.0200000000002,swap,acceptBad
277,13,9960.859999999999,3,918.0200000000002,move,improve
278,13,9471.96,3,918.0200000000002,move,improve
279,13,8999.860000000002,3,918.0200000000002,move,improve
280,13,8856.1,3,918.0200000000002,swap,improve
281,13,8731.66,3,918.0200000000002,move,improve
282,13,8653.520000000002,3,918.0200000000002,2opt,improve
283,13,9955.12,3,918.0200000000002,swap,acceptBad
284,13,12045.639999999998,3,918.0200000000002,2opt,acceptBad
285,13,11751.359999999999,3,918.0200000000002,move,improve
286,13,11745.779999999999,3,918.0200000000002,2opt,improve
287,13,11459.939999999999,3,918.0200000000002,swap,improve
288,13,11318.3,3,918.0200000000002,swap,improve
289,13,12617.399999999996,3,918.0200000000002,swap,acceptBad
290,13,13563.219999999996,3,918.0200000000002,swap,acceptBad
291,13,13562.879999999996,3,918.0200000000002,swap,improve
292,13,11005.839999999998,3,918.0200000000002,move,improve
293,13,11007.119999999999,3,918.0200000000002,2opt,acceptBad
294,13,13446.759999999993,3,918.0200000000002,2opt,acceptBad
295,13,13628.279999999995,3,918.0200000000002,2opt,acceptBad
296,13,13970.860000000004,3,918.0200000000002,swap,acceptBad
297,13,13010.400000000003,3,918.0200000000002,swap,improve
298,13,13018.520000000002,3,918.0200000000002,swap,acceptBad
299,13,12863.880000000005,3,918.0200000000002,2opt,improve
300,13,13102.060000000005,3,918.0200000000002,swap,acceptBad
301,13,10998.12,3,918.0200000000002,move,improve
302,13,10995.04,3,918.0200000000002,swap,improve
303,13,10985.54,3,918.0200000000002,move,improve
304,13,9991.060000000001,3,918.0200000000002,move,improve
305,13,9988.140000000003,3,918.0200000000002,swap,improve
306,13,9998.620000000006,3,918.0200000000002,2opt,acceptBad
307,13,9289.160000000005,3,918.0200000000002,move,improve
308,13,9283.680000000004,3,918.0200000000002,swap,improve
309,13,8841.260000000002,3,918.0200000000002,move,improve
310,13,8806.74,3,918.0200000000002,move,improve
311,13,8811.540000000005,3,918.0200000000002,2opt,acceptBad
312,13,8824.020000000006,3,918.0200000000002,2opt,acceptBad
313,13,11550.380000000003,3,918.0200000000002,2opt,acceptBad
314,13,11590.820000000002,3,918.0200000000002,2opt,acceptBad
315,13,11314.86,3,918.0200000000002,move,improve
316,13,10733.340000000004,3,918.0200000000002,move,improve
317,13,10738.060000000003,3,918.0200000000002,2opt,acceptBad
318,13,10524.78,3,918.0200000000002,move,improve
319,13,10486.919999999998,3,918.0200000000002,2opt,improve
320,13,10166.48,3,918.0200000000002,2opt,improve
321,13,9717.539999999999,3,918.0200000000002,move,improve
322,13,9573.2,3,918.0200000000002,move,improve
323,13,9316.619999999999,3,918.0200000000002,move,improve
324,13,11091.799999999996,3,918.0200000000002,swap,acceptBad
325,13,12272.639999999998,3,918.0200000000002,2opt,acceptBad
326,13,12285.039999999999,3,918.0200000000002,swap,acceptBad
327,13,12371.98,3,918.0200000000002,swap,acceptBad
328,13,12371.619999999999,3,918.0200000000002,2opt,improve
329,13,11301.119999999999,3,918.0200000000002,move,improve
330,13,11299.339999999998,3,918.0200000000002,swap,improve
331,13,11312.02,3,918.0200000000002,2opt,acceptBad
332,13,9952.08,3,918.0200000000002,move,improve
333,13,9947.060000000001,3,918.0200000000002,2opt,improve
334,13,9947.060000000001,3,918.0200000000002,2opt,improve
335,13,9850.820000000003,3,918.0200000000002,move,improve
336,13,10027.400000000001,3,918.0200000000002,swap,acceptBad
337,13,10014.64,3,918.0200000000002,2opt,improve
338,13,9716.24,3,918.0200000000002,move,improve
339,13,9301.400000000001,3,918.0200000000002,move,improve
340,13,9259.040000000003,3,918.0200000000002,2opt,improve
341,14,11566.720000000001,3,918.0200000000002,2opt,acceptBad
342,14,11527.220000000005,3,918.0200000000002,move,improve
343,14,10935.560000000003,3,918.0200000000002,move,improve
344,14,10604.000000000004,3,918.0200000000002,move,improve
345,14,10650.02,3,918.0200000000002,swap,acceptBad
346,14,10567.1,3,918.0200000000002,move,improve
347,14,13130.339999999998,3,918.0200000000002,2opt,acceptBad
348,14,13133.759999999998,3,918.0200000000002,swap,acceptBad
349,14,12599.399999999994,3,918.0200000000002,move,improve
350,14,10804.539999999999,3,918.0200000000002,2opt,improve
351,14,10444.519999999999,3,918.0200000000002,move,improve
352,14,10444.519999999999,3,918.0200000000002,move,improve
353,14,10486.559999999998,3,918.0200000000002,swap,acceptBad
354,14,10483.38,3,918.0200000000002,move,improve
355,15,14267.679999999998,3,918.0200000000002,2opt,acceptBad
356,15,16728.94,3,918.0200000000002,swap,acceptBad
357,15,18392.980000000003,3,918.0200000000002,2opt,acceptBad
358,15,18799.62,3,918.0200000000002,2opt,acceptBad
359,15,16689.96,3,918.0200000000002,move,improve
360,15,18860.34,3,918.0200000000002,swap,acceptBad
361,15,18718.76,3,918.0200000000002,2opt,improve
362,15,18710.500000000004,3,918.0200000000002,2opt,improve
363,15,18293.320000000003,3,918.0200000000002,move,improve
364,15,18176.14,3,918.0200000000002,swap,improve
365,15,19341.979999999996,3,918.0200000000002,2opt,acceptBad
366,15,19740.060000000005,3,918.0200000000002,2opt,acceptBad
367,15,18552.179999999997,3,918.0200000000002,2opt,improve
368,15,16775.819999999996,3,918.0200000000002,move,improve
369,15,16781.960000000003,3,918.0200000000002,2opt,acceptBad
370,15,17101.14,3,918.0200000000002,2opt,acceptBad
371,15,16495.819999999996,3,918.0200000000002,move,improve
372,15,16495.039999999997,3,918.0200000000002,swap,improve
373,15,15773.619999999995,3,918.0200000000002,2opt,improve
374,15,15087.779999999993,3,918.0200000000002,move,improve
375,15,15092.680000000006,3,918.0200000000002,2opt,acceptBad
376,15,14971.960000000003,3,918.0200000000002,swap,improve
377,15,14223.54,3,918.0200000000002,move,improve
378,15,14230.6,3,918.0200000000002,swap,acceptBad
379,15,15358.279999999993,3,918.0200000000002,2opt,acceptBad
380,15,16325.02,3,918.0200000000002,swap,acceptBad
381,15,15573.779999999999,3,918.0200000000002,move,improve
382,15,16158.42,3,918.0200000000002,swap,acceptBad
383,15,15603.039999999995,3,918.0200000000002,move,improve
384,15,17070.900000000005,3,918.0200000000002,swap,acceptBad
385,15,17427.920000000006,3,918.0200000000002,2opt,acceptBad
386,15,17429.2,3,918.0200000000002,2opt,acceptBad
387,15,17279.36,3,918.0200000000002,2opt,improve
388,15,17381.059999999998,3,918.0200000000002,2opt,acceptBad
389,15,16813.519999999997,3,918.0200000000002,move,improve
390,15,16330.96,3,918.0200000000002,move,improve
391,15,18933.02,3,918.0200000000002,swap,acceptBad
392,15,18948.48,3,918.0200000000002,swap,acceptBad
393,15,20241.300000000003,3,918.0200000000002,2opt,acceptBad
394,15,19595.539999999994,3,918.0200000000002,move,improve
395,15,17348.939999999995,3,918.0200000000002,move,improve
396,15,20230.980000000003,3,918.0200000000002,swap,acceptBad
397,15,20761.100000000002,3,918.0200000000002,2opt,acceptBad
398,15,19607.1,3,918.0200000000002,move,improve
399,15,18643.1,3,918.0200000000002,move,improve
400,15,18230.879999999997,3,918.0200000000002,move,improve
401,15,18288.620000000006,3,918.0200000000002,2opt,acceptBad
402,15,17857.06000000001,3,918.0200000000002,move,improve
403,15,18247.940000000013,3,918.0200000000002,swap,acceptBad
404,15,17612.980000000003,3,918.0200000000002,move,improve
405,15,16447.879999999997,3,918.0200000000002,2opt,improve
406,15,15848.759999999998,3,918.0200000000002,move,improve
407,15,15041.22,3,918.0200000000002,move,improve
408,15,15263.599999999993,3,918.0200000000002,2opt,acceptBad
409,15,15339.98,3,918.0200000000002,2opt,acceptBad
410,15,15328.68,3,918.0200000000002,swap,improve
411,15,18205.32,3,918.0200000000002,2opt,acceptBad
412,15,18205.32,3,918.0200000000002,2opt,improve
413,15,18594.120000000003,3,918.0200000000002,2opt,acceptBad
414,15,18594.560000000005,3,918.0200000000002,swap,acceptBad
415,15,18596.900000000005,3,918.0200000000002,swap,acceptBad
416,15,15897.719999999996,3,918.0200000000002,2opt,improve
417,15,16024.159999999996,3,918.0200000000002,swap,acceptBad
418,15,15958.1,3,918.0200000000002,swap,improve
419,15,15954.28,3,918.0200000000002,2opt,improve
420,15,16089.199999999995,3,918.0200000000002,swap,acceptBad
421,15,16087.66,3,918.0200000000002,move,improve
422,15,16033.960000000001,3,918.0200000000002,swap,improve
423,15,16460.739999999998,3,918.0200000000002,2opt,acceptBad
424,15,16423.860000000004,3,918.0200000000002,move,improve
425,15,15657.440000000008,3,918.0200000000002,2opt,improve
426,15,15563.060000000007,3,918.0200000000002,swap,improve
427,15,14716.300000000007,3,918.0200000000002,move,improve
428,15,15009.760000000006,3,918.0200000000002,2opt,acceptBad
429,15,15014.34,3,918.0200000000002,2opt,acceptBad
430,15,14614.000000000005,3,918.0200000000002,move,improve
431,15,14614.000000000005,3,918.0200000000002,move,improve
432,15,15674.480000000005,3,918.0200000000002,2opt,acceptBad
433,15,15113.800000000007,3,918.0200000000002,move,improve
434,15,14612.120000000004,3,918.0200000000002,move,improve
435,15,14612.120000000004,3,918.0200000000002,move,improve
436,15,14108.46,3,918.0200000000002,move,improve
437,15,14108.46,3,918.0200000000002,move,improve
438,15,14108.46,3,918.0200000000002,move,improve
439,14,11215.180000000002,3,918.0200000000002,move,improve
440,14,12124.300000000005,3,918.0200000000002,swap,acceptBad
441,14,14453.74,3,918.0200000000002,swap,acceptBad
442,14,14593.940000000002,3,918.0200000000002,swap,acceptBad
443,14,14362.6,3,918.0200000000002,swap,improve
444,14,12266.4,3,918.0200000000002,swap,improve
445,15,15523.98,3,918.0200000000002,2opt,acceptBad
446,14,13623.280000000002,3,918.0200000000002,move,improve
447,14,13700.32,3,918.0200000000002,2opt,acceptBad
448,14,11821.599999999999,3,918.0200000000002,move,improve
449,13,10503.699999999999,3,918.0200000000002,2opt,improve
450,13,10128.919999999996,3,918.0200000000002,move,improve
451,13,10128.919999999996,3,918.0200000000002,move,improve
452,13,9928.499999999998,3,918.0200000000002,swap,improve
453,13,9729.4,3,918.0200000000002,move,improve
454,13,9332.82,3,918.0200000000002,move,improve
455,13,9454.160000000002,3,918.0200000000002,swap,acceptBad
456,13,9444.740000000002,3,918.0200000000002,move,improve
457,13,9446.680000000002,3,918.0200000000002,swap,acceptBad
458,13,10773.86,3,918.0200000000002,swap,acceptBad
459,13,10779.199999999999,3,918.0200000000002,2opt,acceptBad
460,13,10979.46,3,918.0200000000002,2opt,acceptBad
461,13,11067.920000000002,3,918.0200000000002,2opt,acceptBad
462,13,11262.88,3,918.0200000000002,swap,acceptBad
463,13,11206.399999999998,3,918.0200000000002,2opt,improve
464,13,11128.34,3,918.0200000000002,move,improve
465,13,10725.740000000002,3,918.0200000000002,move,improve
466,13,11325.94,3,918.0200000000002,swap,acceptBad
467,13,12329.4,3,918.0200000000002,2opt,acceptBad
468,13,11131.78,3,918.0200000000002,move,improve
469,13,11147.04,3,918.0200000000002,swap,acceptBad
470,13,11646.76,3,918.0200000000002,2opt,acceptBad
471,13,11649.819999999998,3,918.0200000000002,2opt,acceptBad
472,13,11390.619999999997,3,918.0200000000002,move,improve
473,13,11483.82,3,918.0200000000002,2opt,acceptBad
474,13,10965.260000000002,3,918.0200000000002,move,improve
475,13,10797.9,3,918.0200000000002,swap,improve
476,13,10797.9,3,918.0200000000002,2opt,improve
477,13,10718.000000000002,3,918.0200000000002,2opt,improve
478,13,10132.98,3,918.0200000000002,move,improve
479,13,10127.659999999998,3,918.0200000000002,2opt,improve
480,13,10175.199999999997,3,918.0200000000002,2opt,acceptBad
481,14,13329.02,3,918.0200000000002,2opt,acceptBad
482,14,13076.639999999998,3,918.0200000000002,swap,improve
483,14,12799.900000000001,3,918.0200000000002,move,improve
484,14,12396.580000000002,3,918.0200000000002,move,improve
485,14,12821.320000000002,3,918.0200000000002,2opt,acceptBad
486,14,12819.460000000003,3,918.0200000000002,swap,improve
487,14,12877.040000000003,3,918.0200000000002,2opt,acceptBad
488,14,12994.060000000005,3,918.0200000000002,2opt,acceptBad
489,14,12989.540000000005,3,918.0200000000002,swap,improve
490,14,13357.700000000006,3,918.0200000000002,swap,acceptBad
491,14,12776.020000000004,3,918.0200000000002,move,improve
492,14,13301.020000000002,3,918.0200000000002,swap,acceptBad
493,14,13036.220000000001,3,918.0200000000002,swap,improve
494,14,13032.480000000003,3,918.0200000000002,2opt,improve
495,14,12771.600000000002,3,918.0200000000002,swap,improve
496,14,12776.140000000001,3,918.0200000000002,swap,acceptBad
497,14,12653.660000000003,3,918.0200000000002,move,improve
498,14,13124.019999999997,3,918.0200000000002,swap,acceptBad
499,14,13175.64,3,918.0200000000002,2opt,acceptBad
500,14,12362.619999999997,3,918.0200000000002,move,improve
501,14,12352.739999999998,3,918.0200000000002,move,improve
502,15,16448.200000000004,3,918.0200000000002,2opt,acceptBad
503,15,14560.42,3,918.0200000000002,move,improve
504,15,13828.44,3,918.0200000000002,move,improve
505,15,14160.48,3,918.0200000000002,2opt,acceptBad
506,15,14156.8,3,918.0200000000002,swap,improve
507,15,14156.8,3,918.0200000000002,move,improve
508,15,14519.780000000002,3,918.0200000000002,swap,acceptBad
509,15,14519.820000000002,3,918.0200000000002,swap,acceptBad
510,15,13970.260000000004,3,918.0200000000002,move,improve
511,15,13963.140000000005,3,918.0200000000002,move,improve
512,15,14186.900000000003,3,918.0200000000002,swap,acceptBad
513,15,14189.32,3,918.0200000000002,2opt,acceptBad
514,15,16350.66,3,918.0200000000002,2opt,acceptBad
515,15,16967.7,3,918.0200000000002,2opt,acceptBad
516,15,15087.879999999994,3,918.0200000000002,move,improve
517,15,15156.159999999994,3,918.0200000000002,swap,acceptBad
518,15,14618.579999999994,3,918.0200000000002,move,improve
519,15,14618.579999999994,3,918.0200000000002,move,improve
520,15,14618.579999999994,3,918.0200000000002,2opt,improve
521,15,14614.899999999994,3,918.0200000000002,move,improve
522,15,14770.979999999994,3,918.0200000000002,swap,acceptBad
523,15,14776.020000000002,3,918.0200000000002,2opt,acceptBad
524,15,14149.5,3,918.0200000000002,move,improve
525,15,14025.54,3,918.0200000000002,move,improve
526,15,13974.760000000002,3,918.0200000000002,move,improve
527,15,13770.32,3,918.0200000000002,swap,improve
528,15,13762.720000000001,3,918.0200000000002,move,improve
529,15,13390.479999999998,3,918.0200000000002,move,improve
530,15,13390.479999999998,3,918.0200000000002,move,improve
531,15,16758.640000000007,3,918.0200000000002,swap,acceptBad
532,15,13109.619999999995,3,918.0200000000002,move,improve
533,15,13051.079999999994,3,918.0200000000002,2opt,improve
534,15,13051.079999999994,3,918.0200000000002,move,improve
535,15,13022.4,3,918.0200000000002,2opt,improve
536,15,13084.220000000001,3,918.0200000000002,swap,acceptBad
537,15,13475.860000000004,3,918.0200000000002,2opt,acceptBad
538,15,13494.700000000004,3,918.0200000000002,swap,acceptBad
539,15,17026.260000000002,3,918.0200000000002,swap,acceptBad
540,15,17028.040000000005,3,918.0200000000002,swap,acceptBad
541,15,16974.0,3,918.0200000000002,2opt,improve
542,15,17035.980000000003,3,918.0200000000002,swap,acceptBad
543,15,17035.980000000003,3,918.0200000000002,move,improve
544,15,16502.6,3,918.0200000000002,swap,improve
545,15,13772.48,3,918.0200000000002,move,improve
546,15,14921.419999999998,3,918.0200000000002,swap,acceptBad
547,15,14921.419999999998,3,918.0200000000002,2opt,improve
548,15,14785.739999999998,3,918.0200000000002,swap,improve
549,16,16429.4,3,918.0200000000002,2opt,acceptBad
550,16,16706.860000000004,3,918.0200000000002,2opt,acceptBad
551,16,16871.620000000006,3,918.0200000000002,swap,acceptBad
552,16,14771.380000000005,3,918.0200000000002,move,improve
553,16,15671.320000000002,3,918.0200000000002,2opt,acceptBad
554,16,15719.659999999998,3,918.0200000000002,swap,acceptBad
555,16,15622.56,3,918.0200000000002,move,improve
556,16,16474.4,3,918.0200000000002,swap,acceptBad
557,16,20372.640000000014,3,918.0200000000002,2opt,acceptBad
558,16,20376.079999999998,3,918.0200000000002,2opt,acceptBad
559,15,14667.260000000002,3,918.0200000000002,move,improve
560,15,16197.78,3,918.0200000000002,2opt,acceptBad
561,15,17728.860000000008,3,918.0200000000002,2opt,acceptBad
562,15,15550.420000000002,3,918.0200000000002,move,improve
563,15,19157.36,3,918.0200000000002,2opt,acceptBad
564,15,20180.059999999998,3,918.0200000000002,swap,acceptBad
565,15,20478.419999999995,3,918.0200000000002,2opt,acceptBad
566,15,19422.98,3,918.0200000000002,move,improve
567,15,19543.219999999998,3,918.0200000000002,2opt,acceptBad
568,15,20635.18,3,918.0200000000002,swap,acceptBad
569,15,20629.260000000002,3,918.0200000000002,swap,improve
570,15,19712.479999999992,3,918.0200000000002,move,improve
571,15,19680.539999999994,3,918.0200000000002,swap,improve
572,15,19569.599999999988,3,918.0200000000002,swap,improve
573,15,19569.599999999988,3,918.0200000000002,2opt,improve
574,15,16391.79999999999,3,918.0200000000002,move,improve
575,15,15886.81999999999,3,918.0200000000002,move,improve
576,15,15399.81999999999,3,918.0200000000002,move,improve
577,15,15399.81999999999,3,918.0200000000002,move,improve
578,15,14447.36,3,918.0200000000002,move,improve
579,15,13922.220000000008,3,918.0200000000002,move,improve
580,15,14235.680000000008,3,918.0200000000002,swap,acceptBad
581,15,17293.980000000007,3,918.0200000000002,2opt,acceptBad
582,15,14213.640000000001,3,918.0200000000002,move,improve
583,15,14208.900000000003,3,918.0200000000002,2opt,improve
584,15,13885.32,3,918.0200000000002,swap,improve
585,15,13887.999999999998,3,918.0200000000002,2opt,acceptBad
586,15,13877.979999999998,3,918.0200000000002,move,improve
587,15,14548.120000000006,3,918.0200000000002,2opt,acceptBad
588,15,14664.720000000007,3,918.0200000000002,swap,acceptBad
589,15,14671.4,3,918.0200000000002,2opt,acceptBad
590,15,14660.94,3,918.0200000000002,swap,improve
591,15,14272.519999999999,3,918.0200000000002,move,improve
592,15,14362.740000000002,3,918.0200000000002,swap,acceptBad
593,15,13449.539999999997,3,918.0200000000002,move,improve
594,15,13386.139999999998,3,918.0200000000002,swap,improve
595,15,13374.159999999998,3,918.0200000000002,swap,improve
596,15,13370.579999999998,3,918.0200000000002,2opt,improve
597,15,12928.380000000001,3,918.0200000000002,move,improve
598,14,12037.860000000004,3,918.0200000000002,2opt,improve
599,14,11516.700000000004,3,918.0200000000002,move,improve
600,14,10974.200000000003,3,918.0200000000002,move,improve
601,14,11709.38,3,918.0200000000002,swap,acceptBad
602,14,10724.080000000002,3,918.0200000000002,move,improve
603,14,11776.080000000007,3,918.0200000000002,swap,acceptBad
604,14,12547.980000000003,3,918.0200000000002,swap,acceptBad
605,14,12547.980000000003,3,918.0200000000002,2opt,notBad
606,14,12549.380000000003,3,918.0200000000002,2opt,acceptBad
607,14,12355.020000000004,3,918.0200000000002,move,improve
608,14,12350.440000000008,3,918.0200000000002,swap,improve
609,14,12461.660000000005,3,918.0200000000002,2opt,acceptBad
610,14,15511.54,3,918.0200000000002,swap,acceptBad
611,14,12678.780000000002,3,918.0200000000002,move,improve
612,14,13679.640000000003,3,918.0200000000002,2opt,acceptBad
613,14,13655.120000000004,3,918.0200000000002,swap,improve
614,14,13468.119999999999,3,918.0200000000002,move,improve
615,13,11101.220000000003,3,918.0200000000002,move,improve
616,13,11109.419999999998,3,918.0200000000002,2opt,acceptBad
617,13,11338.06,3,918.0200000000002,2opt,acceptBad
618,13,10333.539999999999,3,918.0200000000002,move,improve
619,13,9951.220000000001,3,918.0200000000002,swap,improve
620,13,9414.800000000001,3,918.0200000000002,swap,improve
621,13,9412.000000000004,3,918.0200000000002,2opt,improve
622,13,10539.660000000002,3,918.0200000000002,2opt,acceptBad
623,13,10532.520000000002,3,918.0200000000002,move,improve
624,13,10661.400000000001,3,918.0200000000002,swap,acceptBad
625,13,9999.000000000004,3,918.0200000000002,move,improve
626,13,10034.680000000008,3,918.0200000000002,swap,acceptBad
627,13,10698.140000000005,3,918.0200000000002,2opt,acceptBad
628,13,11035.100000000006,3,918.0200000000002,swap,acceptBad
629,13,11104.740000000002,3,918.0200000000002,2opt,acceptBad
630,13,11204.819999999998,3,918.0200000000002,2opt,acceptBad
631,13,11060.120000000003,3,918.0200000000002,2opt,improve
632,13,10809.760000000004,3,918.0200000000002,move,improve
633,13,10826.920000000004,3,918.0200000000002,swap,acceptBad
634,13,14583.9,3,918.0200000000002,swap,acceptBad
635,13,14093.539999999999,3,918.0200000000002,move,improve
636,13,13949.079999999998,3,918.0200000000002,swap,improve
637,13,13949.079999999998,3,918.0200000000002,2opt,improve
638,13,13948.679999999998,3,918.0200000000002,2opt,improve
639,13,12422.24,3,918.0200000000002,move,improve
640,13,12095.839999999998,3,918.0200000000002,move,improve
641,13,14255.900000000007,3,918.0200000000002,swap,acceptBad
642,13,14115.740000000005,3,918.0200000000002,swap,improve
643,13,13140.040000000005,3,918.0200000000002,move,improve
644,13,14424.42000000001,3,918.0200000000002,swap,acceptBad
645,13,15356.800000000007,3,918.0200000000002,swap,acceptBad
646,13,13914.420000000004,3,918.0200000000002,move,improve
647,13,13927.460000000003,3,918.0200000000002,swap,acceptBad
648,13,12608.74,3,918.0200000000002,move,improve
649,13,12162.039999999999,3,918.0200000000002,move,improve
650,13,12161.24,3,918.0200000000002,swap,improve
651,13,12157.92,3,918.0200000000002,2opt,improve
652,13,12633.759999999998,3,918.0200000000002,swap,acceptBad
653,13,12632.619999999999,3,918.0200000000002,swap,improve
654,13,12629.380000000001,3,918.0200000000002,swap,improve
655,13,12630.12,3,918.0200000000002,2opt,acceptBad
656,13,12637.980000000001,3,918.0200000000002,2opt,acceptBad
657,13,13319.0,3,918.0200000000002,swap,acceptBad
658,13,13304.779999999997,3,918.0200000000002,2opt,improve
659,13,13308.900000000001,3,918.0200000000002,2opt,acceptBad
660,13,13235.4,3,918.0200000000002,swap,improve
661,13,13242.920000000004,3,918.0200000000002,swap,acceptBad
662,13,13196.920000000004,3,918.0200000000002,move,improve
663,13,12437.820000000005,3,918.0200000000002,move,improve
664,13,12019.440000000002,3,918.0200000000002,move,improve
665,13,12669.799999999997,3,918.0200000000002,swap,acceptBad
666,13,12677.779999999997,3,918.0200000000002,2opt,acceptBad
667,13,12677.779999999997,3,918.0200000000002,2opt,improve
668,13,13010.359999999997,3,918.0200000000002,2opt,acceptBad
669,13,12276.779999999995,3,918.0200000000002,move,improve
670,13,12578.379999999994,3,918.0200000000002,2opt,acceptBad
671,13,12056.079999999994,3,918.0200000000002,2opt,improve
672,13,12061.699999999995,3,918.0200000000002,2opt,acceptBad
673,13,12025.059999999994,3,918.0200000000002,swap,improve
674,13,12023.239999999994,3,918.0200000000002,2opt,improve
675,13,11132.119999999999,3,918.0200000000002,move,improve
676,13,10635.86,3,918.0200000000002,move,improve
677,13,10151.680000000004,3,918.0200000000002,move,improve
678,13,9994.140000000007,3,918.0200000000002,move,improve
679,13,9991.560000000007,3,918.0200000000002,2opt,improve
680,13,9345.840000000004,3,918.0200000000002,move,improve
681,13,9584.400000000003,3,918.0200000000002,2opt,acceptBad
682,13,9285.840000000004,3,918.0200000000002,move,improve
683,13,9273.240000000005,3,918.0200000000002,swap,improve
684,13,9273.240000000005,3,918.0200000000002,move,improve
685,13,9272.320000000002,3,918.0200000000002,2opt,improve
686,13,9272.320000000002,3,918.0200000000002,2opt,improve
687,13,8997.76,3,918.0200000000002,move,improve
688,13,8640.16,3,918.0200000000002,move,improve
689,13,8359.559999999998,3,918.0200000000002,move,improve
690,13,11840.599999999997,3,918.0200000000002,swap,acceptBad
691,13,10602.159999999996,3,918.0200000000002,move,improve
692,13,10585.979999999996,3,918.0200000000002,swap,improve
693,13,10584.979999999996,3,918.0200000000002,2opt,improve
694,13,11345.779999999997,3,918.0200000000002,2opt,acceptBad
695,13,11348.939999999997,3,918.0200000000002,swap,acceptBad
696,13,10507.479999999998,3,918.0200000000002,move,improve
697,13,13087.039999999999,3,918.0200000000002,2opt,acceptBad
698,13,12595.179999999998,3,918.0200000000002,move,improve
699,13,12581.079999999998,3,918.0200000000002,swap,improve
700,13,11776.779999999999,3,918.0200000000002,move,improve
701,13,11853.940000000006,3,918.0200000000002,swap,acceptBad
702,13,10344.480000000009,3,918.0200000000002,move,improve
703,13,11991.520000000002,3,918.0200000000002,2opt,acceptBad
704,13,12179.220000000005,3,918.0200000000002,2opt,acceptBad
705,13,11743.220000000001,3,918.0200000000002,move,improve
706,13,11733.360000000002,3,918.0200000000002,move,improve
707,13,10571.520000000006,3,918.0200000000002,move,improve
708,13,10286.460000000005,3,918.0200000000002,move,improve
709,13,10286.460000000005,3,918.0200000000002,move,improve
710,13,10346.900000000001,3,918.0200000000002,swap,acceptBad
711,13,10346.480000000001,3,918.0200000000002,move,improve
712,13,11108.960000000003,3,918.0200000000002,swap,acceptBad
713,13,11101.360000000004,3,918.0200000000002,swap,improve
714,13,11086.680000000006,3,918.0200000000002,2opt,improve
715,13,11095.640000000005,3,918.0200000000002,swap,acceptBad
716,13,11084.440000000006,3,918.0200000000002,move,improve
717,13,10769.140000000005,3,918.0200000000002,move,improve
718,13,10771.000000000004,3,918.0200000000002,swap,acceptBad
719,13,10998.320000000003,3,918.0200000000002,swap,acceptBad
720,13,13745.840000000002,3,918.0200000000002,2opt,acceptBad
721,13,13636.539999999997,3,918.0200000000002,swap,improve
722,13,13818.319999999998,3,918.0200000000002,swap,acceptBad
723,13,11889.139999999996,3,918.0200000000002,move,improve
724,13,11591.339999999995,3,918.0200000000002,move,improve
725,13,11325.899999999998,3,918.0200000000002,move,improve
726,13,11216.599999999997,3,918.0200000000002,move,improve
727,13,11236.999999999998,3,918.0200000000002,swap,acceptBad
728,13,11327.960000000003,3,918.0200000000002,swap,acceptBad
729,13,10003.860000000006,3,918.0200000000002,2opt,improve
730,13,10004.680000000006,3,918.0200000000002,swap,acceptBad
731,13,12961.280000000004,3,918.0200000000002,swap,acceptBad
732,13,13084.280000000006,3,918.0200000000002,swap,acceptBad
733,13,12707.300000000007,3,918.0200000000002,move,improve
734,13,12707.300000000007,3,918.0200000000002,2opt,improve
735,13,12708.140000000007,3,918.0200000000002,swap,acceptBad
736,13,12697.580000000005,3,918.0200000000002,swap,improve
737,13,12706.380000000006,3,918.0200000000002,swap,acceptBad
738,13,12836.700000000008,3,918.0200000000002,swap,acceptBad
739,13,12326.620000000008,3,918.0200000000002,swap,improve
740,13,11814.220000000008,3,918.0200000000002,move,improve
741,13,11814.080000000009,3,918.0200000000002,2opt,improve
742,13,12569.18,3,918.0200000000002,2opt,acceptBad
743,13,14204.600000000004,3,918.0200000000002,2opt,acceptBad
744,13,11749.460000000005,3,918.0200000000002,move,improve
745,13,11943.940000000002,3,918.0200000000002,swap,acceptBad
746,13,11907.2,3,918.0200000000002,swap,improve
747,13,11126.5,3,918.0200000000002,swap,improve
748,13,10412.320000000002,3,918.0200000000002,move,improve
749,13,10412.320000000002,3,918.0200000000002,move,improve
750,13,9797.839999999998,3,918.0200000000002,move,improve
751,13,9797.46,3,918.0200000000002,2opt,improve
752,13,9797.46,3,918.0200000000002,move,improve
753,13,9438.519999999999,3,918.0200000000002,move,improve
754,13,9438.519999999999,3,918.0200000000002,move,improve
755,13,9444.959999999997,3,918.0200000000002,2opt,acceptBad
756,13,9506.099999999997,3,918.0200000000002,2opt,acceptBad
757,13,9506.099999999997,3,918.0200000000002,move,improve
758,13,9506.099999999997,3,918.0200000000002,move,improve
759,13,9505.519999999997,3,918.0200000000002,swap,improve
760,13,9509.399999999998,3,918.0200000000002,2opt,acceptBad
761,13,9287.839999999998,3,918.0200000000002,move,improve
762,13,11081.679999999997,3,918.0200000000002,2opt,acceptBad
763,13,10787.98,3,918.0200000000002,move,improve
764,13,11385.079999999996,3,918.0200000000002,2opt,acceptBad
765,13,11640.959999999997,3,918.0200000000002,swap,acceptBad
766,13,11400.42,3,918.0200000000002,move,improve
767,13,10778.379999999997,3,918.0200000000002,move,improve
768,13,10778.379999999997,3,918.0200000000002,move,improve
769,13,10918.359999999997,3,918.0200000000002,swap,acceptBad
770,13,10918.759999999998,3,918.0200000000002,swap,acceptBad
771,13,10919.519999999999,3,918.0200000000002,swap,acceptBad
772,13,11154.74,3,918.0200000000002,swap,acceptBad
773,13,10794.239999999998,3,918.0200000000002,move,improve
774,13,11468.479999999998,3,918.0200000000002,swap,acceptBad
775,13,11481.14,3,918.0200000000002,swap,acceptBad
776,13,11480.12,3,918.0200000000002,swap,improve
777,13,11480.12,3,918.0200000000002,move,improve
778,13,11420.219999999996,3,918.0200000000002,swap,improve
779,13,11426.239999999998,3,918.0200000000002,2opt,acceptBad
780,14,13593.179999999995,3,918.0200000000002,2opt,acceptBad
781,14,12764.139999999992,3,918.0200000000002,2opt,improve
782,14,13006.039999999995,3,918.0200000000002,swap,acceptBad
783,14,12386.199999999995,3,918.0200000000002,move,improve
784,14,12233.619999999999,3,918.0200000000002,2opt,improve
785,14,12240.58,3,918.0200000000002,2opt,acceptBad
786,14,12238.52,3,918.0200000000002,2opt,improve
787,14,12238.52,3,918.0200000000002,move,improve
788,14,12229.38,3,918.0200000000002,move,improve
789,14,12229.38,3,918.0200000000002,move,improve
790,14,11692.7,3,918.0200000000002,move,improve
791,14,11692.7,3,918.0200000000002,move,improve
792,14,11692.7,3,918.0200000000002,move,improve
793,14,11496.419999999998,3,918.0200000000002,swap,improve
794,14,11496.419999999998,3,918.0200000000002,move,improve
795,14,11489.499999999998,3,918.0200000000002,swap,improve
796,14,11484.239999999998,3,918.0200000000002,move,improve
797,14,11151.18,3,918.0200000000002,swap,improve
798,14,11158.34,3,918.0200000000002,2opt,acceptBad
799,14,10761.94,3,918.0200000000002,move,improve
800,14,11032.119999999994,3,918.0200000000002,2opt,acceptBad
801,14,11871.199999999997,3,918.0200000000002,2opt,acceptBad
802,14,12671.64,3,918.0200000000002,2opt,acceptBad
803,14,12313.62,3,918.0200000000002,move,improve
804,14,12405.640000000003,3,918.0200000000002,2opt,acceptBad
805,14,12405.840000000002,3,918.0200000000002,2opt,acceptBad
806,14,12362.160000000003,3,918.0200000000002,swap,improve
807,14,12491.360000000004,3,918.0200000000002,swap,acceptBad
808,14,12170.820000000003,3,918.0200000000002,move,improve
809,14,12493.600000000002,3,918.0200000000002,swap,acceptBad
810,14,12807.640000000001,3,918.0200000000002,swap,acceptBad
811,14,12807.640000000001,3,918.0200000000002,move,improve
812,14,12807.640000000001,3,918.0200000000002,move,improve
813,14,11462.500000000002,3,918.0200000000002,move,improve
814,14,11462.500000000002,3,918.0200000000002,move,improve
815,14,11032.900000000001,3,918.0200000000002,move,improve
816,14,11026.040000000003,3,918.0200000000002,move,improve
817,14,10932.120000000003,3,918.0200000000002,move,improve
818,14,10998.760000000006,3,918.0200000000002,2opt,acceptBad
819,14,10994.220000000005,3,918.0200000000002,swap,improve
820,14,10649.900000000003,3,918.0200000000002,move,improve
821,14,10647.820000000003,3,918.0200000000002,2opt,improve
822,14,11358.300000000001,3,918.0200000000002,swap,acceptBad
823,14,11328.0,3,918.0200000000002,swap,improve
824,14,11322.9,3,918.0200000000002,2opt,improve
825,14,11498.86,3,918.0200000000002,2opt,acceptBad
826,14,11490.320000000003,3,918.0200000000002,2opt,improve
827,14,10974.320000000005,3,918.0200000000002,swap,improve
828,14,10973.780000000006,3,918.0200000000002,2opt,improve
829,14,10971.180000000006,3,918.0200000000002,2opt,improve
830,14,10971.180000000006,3,918.0200000000002,move,improve
831,14,10970.360000000004,3,918.0200000000002,swap,improve
832,14,10888.800000000003,3,918.0200000000002,2opt,improve
833,14,10980.300000000005,3,918.0200000000002,swap,acceptBad
834,14,10980.300000000005,3,918.0200000000002,move,improve
835,14,11164.340000000002,3,918.0200000000002,swap,acceptBad
836,15,13208.560000000001,3,918.0200000000002,2opt,acceptBad
837,15,13497.72,3,918.0200000000002,2opt,acceptBad
838,15,12834.179999999995,3,918.0200000000002,move,improve
839,15,12756.779999999995,3,918.0200000000002,2opt,improve
840,16,16728.28,3,918.0200000000002,2opt,acceptBad
841,16,18279.42,3,918.0200000000002,swap,acceptBad
842,16,16661.379999999997,3,918.0200000000002,swap,improve
843,16,16539.700000000004,3,918.0200000000002,move,improve
844,16,15906.200000000008,3,918.0200000000002,swap,improve
845,16,15448.200000000006,3,918.0200000000002,move,improve
846,16,15645.040000000006,3,918.0200000000002,swap,acceptBad
847,16,15304.240000000005,3,918.0200000000002,move,improve
848,16,15304.240000000005,3,918.0200000000002,2opt,improve
849,16,15304.240000000005,3,918.0200000000002,2opt,notBad
850,16,15310.120000000006,3,918.0200000000002,swap,acceptBad
851,16,15291.600000000006,3,918.0200000000002,swap,improve
852,16,15592.400000000003,3,918.0200000000002,2opt,acceptBad
853,15,13786.740000000002,3,918.0200000000002,2opt,improve
854,15,13853.84,3,918.0200000000002,swap,acceptBad
855,15,12913.56,3,918.0200000000002,move,improve
856,15,12563.959999999997,3,918.0200000000002,2opt,improve
857,15,12390.719999999998,3,918.0200000000002,swap,improve
858,15,12118.0,3,918.0200000000002,2opt,improve
859,15,12167.720000000001,3,918.0200000000002,swap,acceptBad
860,15,12806.960000000003,3,918.0200000000002,2opt,acceptBad
861,15,12167.720000000003,3,918.0200000000002,move,improve
862,14,10210.960000000001,3,918.0200000000002,move,improve
863,14,10210.960000000001,3,918.0200000000002,move,improve
864,14,10193.880000000001,3,918.0200000000002,swap,improve
865,14,10937.3,3,918.0200000000002,2opt,acceptBad
866,14,10959.740000000003,3,918.0200000000002,swap,acceptBad
867,14,10965.74,3,918.0200000000002,2opt,acceptBad
868,14,10954.239999999996,3,918.0200000000002,2opt,improve
869,14,10384.379999999997,3,918.0200000000002,move,improve
870,14,10305.48,3,918.0200000000002,move,improve
871,14,9784.54,3,918.0200000000002,move,improve
872,14,9784.54,3,918.0200000000002,2opt,notBad
873,14,9775.420000000002,3,918.0200000000002,move,improve
874,14,11946.820000000002,3,918.0200000000002,2opt,acceptBad
875,14,11943.960000000003,3,918.0200000000002,2opt,improve
876,14,11650.220000000003,3,918.0200000000002,move,improve
877,14,11597.320000000003,3,918.0200000000002,2opt,improve
878,13,8452.32,3,918.0200000000002,move,improve
879,13,8536.520000000002,3,918.0200000000002,2opt,acceptBad
880,13,8538.72,3,918.0200000000002,swap,acceptBad
881,13,8638.08,3,918.0200000000002,swap,acceptBad
882,13,8644.4,3,918.0200000000002,2opt,acceptBad
883,14,9915.22,3,918.0200000000002,2opt,acceptBad
884,14,10017.180000000002,3,918.0200000000002,2opt,acceptBad
885,14,11010.400000000003,3,918.0200000000002,swap,acceptBad
886,14,11016.320000000002,3,918.0200000000002,2opt,acceptBad
887,14,11016.360000000006,3,918.0200000000002,2opt,acceptBad
888,14,12821.60000000001,3,918.0200000000002,swap,acceptBad
889,14,12324.380000000008,3,918.0200000000002,swap,improve
890,14,14091.220000000003,3,918.0200000000002,swap,acceptBad
891,14,13563.800000000007,3,918.0200000000002,move,improve
892,14,13551.160000000007,3,918.0200000000002,2opt,improve
893,14,12693.740000000003,3,918.0200000000002,move,improve
894,14,12694.540000000003,3,918.0200000000002,swap,acceptBad
895,14,12693.86,3,918.0200000000002,2opt,improve
896,14,12693.86,3,918.0200000000002,swap,improve
897,14,11979.300000000001,3,918.0200000000002,swap,improve
898,15,12804.320000000005,3,918.0200000000002,2opt,acceptBad
899,15,12804.100000000004,3,918.0200000000002,2opt,improve
900,15,12642.640000000003,3,918.0200000000002,swap,improve
901,15,11931.200000000003,3,918.0200000000002,move,improve
902,15,11937.2,3,918.0200000000002,2opt,acceptBad
903,15,17037.660000000003,3,918.0200000000002,swap,acceptBad
904,15,16909.680000000004,3,918.0200000000002,2opt,improve
905,15,13804.180000000004,3,918.0200000000002,move,improve
906,15,13798.520000000004,3,918.0200000000002,move,improve
907,15,13434.4,3,918.0200000000002,move,improve
908,15,12907.240000000002,3,918.0200000000002,move,improve
909,15,12523.5,3,918.0200000000002,move,improve
910,15,12005.239999999996,3,918.0200000000002,move,improve
911,15,12230.159999999998,3,918.0200000000002,swap,acceptBad
912,15,12116.079999999996,3,918.0200000000002,move,improve
913,15,10735.46,3,918.0200000000002,move,improve
914,15,15678.98,3,918.0200000000002,2opt,acceptBad
915,14,10216.000000000002,3,918.0200000000002,move,improve
916,14,9833.860000000004,3,918.0200000000002,move,improve
917,14,11338.540000000003,3,918.0200000000002,swap,acceptBad
918,14,13680.380000000003,3,918.0200000000002,2opt,acceptBad
919,14,13680.420000000002,3,918.0200000000002,swap,acceptBad
920,14,13452.640000000003,3,918.0200000000002,move,improve
921,14,13267.020000000002,3,918.0200000000002,move,improve
922,14,13384.06,3,918.0200000000002,2opt,acceptBad
923,14,13369.539999999999,3,918.0200000000002,swap,improve
924,14,13156.099999999999,3,918.0200000000002,2opt,improve
925,14,13140.619999999999,3,918.0200000000002,2opt,improve
926,14,13002.579999999998,3,918.0200000000002,swap,improve
927,14,12455.879999999997,3,918.0200000000002,move,improve
928,14,12450.060000000003,3,918.0200000000002,2opt,improve
929,14,12226.06,3,918.0200000000002,2opt,improve
930,14,11668.419999999998,3,918.0200000000002,move,improve
931,14,14347.519999999993,3,918.0200000000002,swap,acceptBad
932,14,14347.519999999993,3,918.0200000000002,2opt,notBad
933,14,14547.16,3,918.0200000000002,swap,acceptBad
934,14,14623.840000000004,3,918.0200000000002,swap,acceptBad
935,14,14875.239999999998,3,918.0200000000002,2opt,acceptBad
936,14,14899.539999999997,3,918.0200000000002,swap,acceptBad
937,14,12830.64,3,918.0200000000002,move,improve
938,14,12560.779999999999,3,918.0200000000002,2opt,improve
939,14,12959.280000000004,3,918.0200000000002,2opt,acceptBad
940,15,14627.54000000001,3,918.0200000000002,2opt,acceptBad
941,15,18325.28000000001,3,918.0200000000002,2opt,acceptBad
942,15,18332.240000000005,3,918.0200000000002,2opt,acceptBad
943,15,18276.040000000005,3,918.0200000000002,swap,improve
944,15,18275.620000000003,3,918.0200000000002,swap,improve
945,15,18272.720000000005,3,918.0200000000002,swap,improve
946,15,18195.56000000001,3,918.0200000000002,2opt,improve
947,15,18909.120000000006,3,918.0200000000002,swap,acceptBad
948,15,18913.420000000013,3,918.0200000000002,2opt,acceptBad
949,15,18931.380000000012,3,918.0200000000002,swap,acceptBad
950,15,18704.380000000012,3,918.0200000000002,swap,improve
951,15,18905.760000000002,3,918.0200000000002,swap,acceptBad
952,15,18978.980000000003,3,918.0200000000002,swap,acceptBad
953,15,18978.82,3,918.0200000000002,2opt,improve
954,15,18971.6,3,918.0200000000002,2opt,improve
955,15,18964.539999999994,3,918.0200000000002,2opt,improve
956,15,19358.240000000005,3,918.0200000000002,2opt,acceptBad
957,15,19358.940000000002,3,918.0200000000002,2opt,acceptBad
958,15,18903.54,3,918.0200000000002,move,improve
959,15,19106.180000000008,3,918.0200000000002,swap,acceptBad
960,15,19102.040000000015,3,918.0200000000002,2opt,improve
961,15,19301.28000000001,3,918.0200000000002,2opt,acceptBad
962,15,19303.98,3,918.0200000000002,2opt,acceptBad
963,15,22277.500000000007,3,918.0200000000002,swap,acceptBad
964,15,22277.480000000007,3,918.0200000000002,2opt,improve
965,15,19488.02,3,918.0200000000002,move,improve
966,15,17187.640000000003,3,918.0200000000002,move,improve
967,15,17187.640000000003,3,918.0200000000002,move,improve
968,15,17187.640000000003,3,918.0200000000002,move,improve
969,15,16896.460000000006,3,918.0200000000002,move,improve
970,15,16894.18,3,918.0200000000002,2opt,improve
971,15,16893.340000000007,3,918.0200000000002,2opt,improve
972,15,17139.440000000002,3,918.0200000000002,swap,acceptBad
973,15,16541.58,3,918.0200000000002,move,improve
974,15,16541.58,3,918.0200000000002,move,improve
975,15,16517.460000000003,3,918.0200000000002,swap,improve
976,15,15929.26,3,918.0200000000002,move,improve
977,15,15925.6,3,918.0200000000002,2opt,improve
978,15,15317.419999999996,3,918.0200000000002,move,improve
979,15,15802.580000000004,3,918.0200000000002,swap,acceptBad
980,15,16766.300000000003,3,918.0200000000002,swap,acceptBad
981,15,16802.88,3,918.0200000000002,swap,acceptBad
982,15,16138.340000000004,3,918.0200000000002,2opt,improve
983,15,15687.800000000005,3,918.0200000000002,move,improve
984,15,16376.719999999998,3,918.0200000000002,2opt,acceptBad
985,15,15818.760000000002,3,918.0200000000002,swap,improve
986,15,15600.140000000003,3,918.0200000000002,move,improve
987,15,15282.620000000003,3,918.0200000000002,2opt,improve
988,15,15069.620000000004,3,918.0200000000002,2opt,improve
989,15,15075.120000000003,3,918.0200000000002,swap,acceptBad
990,15,17355.379999999997,3,918.0200000000002,swap,acceptBad
991,15,17353.94,3,918.0200000000002,swap,improve
992,15,17291.059999999994,3,918.0200000000002,move,improve
993,15,14469.9,3,918.0200000000002,move,improve
994,15,14658.719999999998,3,918.0200000000002,swap,acceptBad
995,15,15852.420000000004,3,918.0200000000002,2opt,acceptBad
996,15,15853.260000000004,3,918.0200000000002,2opt,acceptBad
997,15,15852.260000000004,3,918.0200000000002,2opt,improve
998,15,15859.980000000003,3,918.0200000000002,2opt,acceptBad
999,15,15872.479999999996,3,918.0200000000002,swap,acceptBad
1000,15,18404.72000000001,3,918.0200000000002,2opt,acceptBad
1001,15,18729.719999999998,3,918.0200000000002,2opt,acceptBad
1002,15,16415.660000000003,3,918.0200000000002,move,improve
1003,15,14848.340000000002,3,918.0200000000002,move,improve
1004,15,14857.26,3,918.0200000000002,swap,acceptBad
1005,15,14857.26,3,918.0200000000002,2opt,improve
1006,15,13952.839999999998,3,918.0200000000002,move,improve
1007,15,13963.939999999999,3,918.0200000000002,2opt,acceptBad
1008,15,13963.939999999999,3,918.0200000000002,move,improve
1009,15,13243.299999999997,3,918.0200000000002,move,improve
1010,15,13578.74,3,918.0200000000002,swap,acceptBad
1011,15,13322.920000000004,3,918.0200000000002,move,improve
1012,15,13017.720000000005,3,918.0200000000002,swap,improve
1013,15,12541.720000000008,3,918.0200000000002,move,improve
1014,15,12305.580000000005,3,918.0200000000002,swap,improve
1015,15,12305.580000000005,3,918.0200000000002,2opt,notBad
1016,14,10162.740000000005,3,918.0200000000002,move,improve
1017,14,10232.780000000008,3,918.0200000000002,swap,acceptBad
1018,13,8404.100000000004,3,918.0200000000002,2opt,improve
1019,13,8404.100000000004,3,918.0200000000002,2opt,notBad
1020,13,10621.580000000004,3,918.0200000000002,swap,acceptBad
1021,13,10621.580000000004,3,918.0200000000002,2opt,notBad
1022,13,10621.580000000004,3,918.0200000000002,2opt,notBad
1023,13,11624.26,3,918.0200000000002,swap,acceptBad
1024,13,10761.000000000004,3,918.0200000000002,move,improve
1025,13,9278.900000000001,3,918.0200000000002,move,improve
1026,13,8470.780000000004,3,918.0200000000002,swap,improve
1027,13,8470.780000000004,3,918.0200000000002,move,improve
1028,13,8462.600000000004,3,918.0200000000002,swap,improve
1029,13,8514.74,3,918.0200000000002,2opt,acceptBad
1030,13,8252.759999999997,3,918.0200000000002,move,improve
1031,13,7885.699999999997,3,918.0200000000002,move,improve
1032,13,7854.399999999998,3,918.0200000000002,swap,improve
1033,13,7854.399999999998,3,918.0200000000002,move,improve
1034,13,7618.920000000002,3,918.0200000000002,move,improve
1035,13,7618.920000000002,3,918.0200000000002,move,improve
1036,13,7618.920000000002,3,918.0200000000002,move,improve
1037,13,7627.06,3,918.0200000000002,swap,acceptBad
1038,13,7218.72,3,918.0200000000002,move,improve
1039,13,7237.900000000001,3,918.0200000000002,swap,acceptBad
1040,13,6986.020000000001,3,918.0200000000002,move,improve
1041,13,7965.539999999998,3,918.0200000000002,swap,acceptBad
1042,13,7687.08,3,918.0200000000002,move,improve
1043,13,8691.740000000003,3,918.0200000000002,2opt,acceptBad
1044,13,8910.1,3,918.0200000000002,2opt,acceptBad
1045,13,9231.52,3,918.0200000000002,swap,acceptBad
1046,13,10456.000000000004,3,918.0200000000002,swap,acceptBad
1047,13,10175.140000000001,3,918.0200000000002,move,improve
1048,13,9633.6,3,918.0200000000002,move,improve
1049,13,9258.32,3,918.0200000000002,move,improve
1050,13,8241.460000000001,3,918.0200000000002,move,improve
1051,13,9792.759999999998,3,918.0200000000002,swap,acceptBad
1052,13,9790.159999999998,3,918.0200000000002,swap,improve
1053,13,8092.940000000001,3,918.0200000000002,move,improve
1054,13,8037.660000000002,3,918.0200000000002,swap,improve
1055,13,8040.560000000001,3,918.0200000000002,swap,acceptBad
1056,13,8040.560000000001,3,918.0200000000002,2opt,notBad
1057,13,9179.5,3,918.0200000000002,swap,acceptBad
1058,13,9167.08,3,918.0200000000002,swap,improve
1059,13,9745.279999999999,3,918.0200000000002,swap,acceptBad
1060,13,9250.04,3,918.0200000000002,move,improve
1061,13,9472.800000000003,3,918.0200000000002,2opt,acceptBad
1062,13,9472.800000000003,3,918.0200000000002,move,improve
1063,13,8421.400000000001,3,918.0200000000002,move,improve
1064,13,9935.220000000001,3,918.0200000000002,2opt,acceptBad
1065,13,9786.599999999999,3,918.0200000000002,move,improve
1066,13,9778.84,3,918.0200000000002,swap,improve
1067,13,9783.34,3,918.0200000000002,swap,acceptBad
1068,13,9775.939999999999,3,918.0200000000002,swap,improve
1069,13,9777.960000000003,3,918.0200000000002,2opt,acceptBad
1070,14,10796.640000000003,3,918.0200000000002,2opt,acceptBad
1071,14,10796.640000000003,3,918.0200000000002,move,improve
1072,14,10782.620000000004,3,918.0200000000002,swap,improve
1073,14,10894.680000000006,3,918.0200000000002,swap,acceptBad
1074,14,10885.040000000006,3,918.0200000000002,swap,improve
1075,14,10836.440000000006,3,918.0200000000002,move,improve
1076,14,10834.420000000006,3,918.0200000000002,swap,improve
1077,14,11064.300000000007,3,918.0200000000002,swap,acceptBad
1078,14,14474.560000000003,3,918.0200000000002,swap,acceptBad
1079,14,14401.800000000005,3,918.0200000000002,swap,improve
1080,14,14411.900000000001,3,918.0200000000002,2opt,acceptBad
1081,14,11219.299999999996,3,918.0200000000002,move,improve
1082,14,10961.819999999996,3,918.0200000000002,move,improve
1083,14,10961.819999999996,3,918.0200000000002,move,improve
1084,14,10963.539999999997,3,918.0200000000002,2opt,acceptBad
1085,14,10516.899999999996,3,918.0200000000002,move,improve
1086,14,12345.240000000002,3,918.0200000000002,2opt,acceptBad
1087,14,11265.420000000002,3,918.0200000000002,swap,improve
1088,14,11108.260000000002,3,918.0200000000002,move,improve
1089,14,11059.519999999999,3,918.0200000000002,2opt,improve
1090,13,9975.28,3,918.0200000000002,2opt,improve
1091,13,9595.080000000005,3,918.0200000000002,move,improve
1092,13,9595.080000000005,3,918.0200000000002,move,improve
1093,13,9590.960000000005,3,918.0200000000002,swap,improve
1094,13,9332.500000000002,3,918.0200000000002,2opt,improve
1095,13,9336.62,3,918.0200000000002,swap,acceptBad
1096,13,9244.92,3,918.0200000000002,swap,improve
1097,13,9343.12,3,918.0200000000002,swap,acceptBad
1098,14,11296.200000000004,3,918.0200000000002,2opt,acceptBad
1099,14,11297.620000000004,3,918.0200000000002,2opt,acceptBad
1100,14,10323.12,3,918.0200000000002,move,improve
1101,14,9688.139999999998,3,918.0200000000002,move,improve
1102,14,9651.639999999998,3,918.0200000000002,move,improve
1103,14,9651.639999999998,3,918.0200000000002,move,improve
1104,14,10440.200000000003,3,918.0200000000002,swap,acceptBad
1105,14,9435.180000000002,3,918.0200000000002,move,improve
1106,14,10704.180000000004,3,918.0200000000002,2opt,acceptBad
1107,14,10855.640000000003,3,918.0200000000002,swap,acceptBad
1108,14,9913.440000000006,3,918.0200000000002,move,improve
1109,14,9904.700000000004,3,918.0200000000002,2opt,improve
1110,14,9776.000000000004,3,918.0200000000002,swap,improve
1111,14,9792.020000000004,3,918.0200000000002,2opt,acceptBad
1112,14,9797.200000000004,3,918.0200000000002,2opt,acceptBad
1113,13,8772.299999999997,3,918.0200000000002,2opt,improve
1114,13,8731.279999999999,3,918.0200000000002,swap,improve
1115,13,8729.599999999999,3,918.0200000000002,swap,improve
1116,13,8625.819999999998,3,918.0200000000002,swap,improve
1117,13,8625.819999999998,3,918.0200000000002,move,improve
1118,13,9488.579999999998,3,918.0200000000002,swap,acceptBad
1119,13,9488.579999999998,3,918.0200000000002,move,improve
1120,13,9208.22,3,918.0200000000002,move,improve
1121,13,9186.439999999999,3,918.0200000000002,swap,improve
1122,13,9098.960000000001,3,918.0200000000002,swap,improve
1123,13,8516.88,3,918.0200000000002,move,improve
1124,13,11995.359999999997,3,918.0200000000002,swap,acceptBad
1125,13,12081.759999999998,3,918.0200000000002,2opt,acceptBad
1126,13,12019.239999999996,3,918.0200000000002,2opt,improve
1127,13,13036.039999999995,3,918.0200000000002,2opt,acceptBad
1128,13,14500.999999999998,3,918.0200000000002,swap,acceptBad
1129,13,12833.44,3,918.0200000000002,swap,improve
1130,13,12402.74,3,918.0200000000002,2opt,improve
1131,13,12515.56,3,918.0200000000002,2opt,acceptBad
1132,13,11521.780000000002,3,918.0200000000002,swap,improve
1133,13,11405.280000000002,3,918.0200000000002,swap,improve
1134,13,11399.120000000003,3,918.0200000000002,swap,improve
1135,13,10747.440000000004,3,918.0200000000002,move,improve
1136,13,10471.840000000004,3,918.0200000000002,move,improve
1137,13,10471.840000000004,3,918.0200000000002,2opt,improve
1138,13,10472.180000000002,3,918.0200000000002,2opt,acceptBad
1139,13,10069.720000000001,3,918.0200000000002,move,improve
1140,13,9419.02,3,918.0200000000002,2opt,improve
1141,13,10243.379999999997,3,918.0200000000002,2opt,acceptBad
1142,13,9882.140000000001,3,918.0200000000002,swap,improve
1143,13,9776.14,3,918.0200000000002,move,improve
1144,13,8583.059999999998,3,918.0200000000002,move,improve
1145,13,10043.500000000002,3,918.0200000000002,2opt,acceptBad
1146,13,9927.460000000006,3,918.0200000000002,2opt,improve
1147,13,9706.060000000007,3,918.0200000000002,swap,improve
1148,13,9700.499999999998,3,918.0200000000002,2opt,improve
1149,13,10428.539999999999,3,918.0200000000002,swap,acceptBad
1150,13,8969.159999999998,3,918.0200000000002,move,improve
1151,13,8968.339999999997,3,918.0200000000002,2opt,improve
1152,13,8955.420000000004,3,918.0200000000002,2opt,improve
1153,13,8333.3,3,918.0200000000002,move,improve
1154,13,8330.22,3,918.0200000000002,swap,improve
1155,13,8671.94,3,918.0200000000002,swap,acceptBad
1156,13,8502.22,3,918.0200000000002,move,improve
1157,13,10605.220000000003,3,918.0200000000002,swap,acceptBad
1158,13,10640.500000000002,3,918.0200000000002,swap,acceptBad
1159,13,10865.360000000002,3,918.0200000000002,2opt,acceptBad
1160,13,10865.360000000002,3,918.0200000000002,2opt,improve
1161,13,11288.660000000002,3,918.0200000000002,2opt,acceptBad
1162,13,12010.079999999996,3,918.0200000000002,2opt,acceptBad
1163,13,11589.279999999997,3,918.0200000000002,move,improve
1164,13,11590.499999999998,3,918.0200000000002,2opt,acceptBad
1165,13,11593.059999999998,3,918.0200000000002,2opt,acceptBad
1166,13,11659.019999999999,3,918.0200000000002,2opt,acceptBad
1167,13,11659.019999999999,3,918.0200000000002,move,improve
1168,13,11512.119999999997,3,918.0200000000002,move,improve
1169,13,11460.199999999997,3,918.0200000000002,swap,improve
1170,13,11406.459999999997,3,918.0200000000002,move,improve
1171,13,11464.699999999999,3,918.0200000000002,2opt,acceptBad
1172,13,10816.500000000004,3,918.0200000000002,2opt,improve
1173,13,11060.200000000003,3,918.0200000000002,2opt,acceptBad
1174,13,11060.200000000003,3,918.0200000000002,move,improve
1175,13,11032.380000000001,3,918.0200000000002,swap,improve
1176,13,10218.960000000003,3,918.0200000000002,2opt,improve
1177,13,9801.319999999998,3,918.0200000000002,2opt,improve
1178,13,9960.66,3,918.0200000000002,2opt,acceptBad
1179,13,9899.5,3,918.0200000000002,2opt,improve
1180,13,10279.480000000003,3,918.0200000000002,swap,acceptBad
1181,13,9861.580000000002,3,918.0200000000002,move,improve
1182,13,9394.04,3,918.0200000000002,move,improve
1183,13,9419.060000000003,3,918.0200000000002,2opt,acceptBad
1184,13,9416.560000000003,3,918.0200000000002,move,improve
1185,13,9416.560000000003,3,918.0200000000002,2opt,notBad
1186,13,9415.400000000003,3,918.0200000000002,swap,improve
1187,13,9413.520000000002,3,918.0200000000002,swap,improve
1188,13,10149.960000000003,3,918.0200000000002,swap,acceptBad
1189,13,10054.520000000002,3,918.0200000000002,2opt,improve
1190,13,10055.740000000002,3,918.0200000000002,swap,acceptBad
1191,13,10096.580000000002,3,918.0200000000002,swap,acceptBad
1192,13,9347.559999999998,3,918.0200000000002,move,improve
1193,13,9347.559999999998,3,918.0200000000002,2opt,notBad
1194,13,9347.559999999998,3,918.0200000000002,2opt,notBad
1195,13,9347.559999999998,3,918.0200000000002,2opt,notBad
1196,13,9338.779999999999,3,918.0200000000002,move,improve
1197,13,9438.839999999998,3,918.0200000000002,2opt,acceptBad
1198,13,9133.160000000003,3,918.0200000000002,move,improve
1199,13,9133.160000000003,3,918.0200000000002,move,improve
1200,13,9131.240000000003,3,918.0200000000002,2opt,improve
1201,13,11772.600000000004,3,918.0200000000002,swap,acceptBad
1202,13,12607.440000000008,3,918.0200000000002,swap,acceptBad
1203,13,12618.900000000007,3,918.0200000000002,swap,acceptBad
1204,13,12827.180000000002,3,918.0200000000002,swap,acceptBad
1205,13,11203.760000000002,3,918.0200000000002,move,improve
1206,13,11438.900000000001,3,918.0200000000002,swap,acceptBad
1207,13,11440.699999999999,3,918.0200000000002,2opt,acceptBad
1208,13,11437.179999999998,3,918.0200000000002,swap,improve
1209,13,10448.599999999999,3,918.0200000000002,move,improve
1210,13,9631.42,3,918.0200000000002,move,improve
1211,13,9631.42,3,918.0200000000002,move,improve
1212,13,9631.42,3,918.0200000000002,2opt,notBad
1213,13,9631.42,3,918.0200000000002,move,improve
1214,13,9099.579999999998,3,918.0200000000002,move,improve
1215,13,8833.18,3,918.0200000000002,move,improve
1216,13,8833.18,3,918.0200000000002,2opt,notBad
1217,13,8835.220000000001,3,918.0200000000002,2opt,acceptBad
1218,13,8826.259999999998,3,918.0200000000002,swap,improve
1219,13,8826.259999999998,3,918.0200000000002,move,improve
1220,13,8829.779999999999,3,918.0200000000002,swap,acceptBad
1221,13,8825.5,3,918.0200000000002,2opt,improve
1222,13,9285.059999999998,3,918.0200000000002,swap,acceptBad
1223,13,9295.699999999999,3,918.0200000000002,swap,acceptBad
1224,13,9295.699999999999,3,918.0200000000002,2opt,notBad
1225,13,9300.68,3,918.0200000000002,2opt,acceptBad
1226,13,9325.56,3,918.0200000000002,swap,acceptBad
1227,13,9320.579999999998,3,918.0200000000002,2opt,improve
1228,13,9166.919999999998,3,918.0200000000002,move,improve
1229,13,9176.019999999999,3,918.0200000000002,swap,acceptBad
1230,13,9167.06,3,918.0200000000002,swap,improve
1231,13,8999.3,3,918.0200000000002,swap,improve
1232,13,9010.859999999995,3,918.0200000000002,2opt,acceptBad
1233,13,9010.319999999996,3,918.0200000000002,swap,improve
1234,13,9004.199999999995,3,918.0200000000002,move,improve
1235,13,10223.399999999996,3,918.0200000000002,swap,acceptBad
1236,13,10245.739999999996,3,918.0200000000002,swap,acceptBad
1237,13,10608.98,3,918.0200000000002,swap,acceptBad
1238,13,10529.96,3,918.0200000000002,swap,improve
1239,13,10527.219999999998,3,918.0200000000002,2opt,improve
1240,13,10064.4,3,918.0200000000002,swap,improve
1241,13,9047.180000000002,3,918.0200000000002,move,improve
1242,13,9065.380000000001,3,918.0200000000002,2opt,acceptBad
1243,13,9065.380000000001,3,918.0200000000002,2opt,improve
1244,13,9318.560000000001,3,918.0200000000002,2opt,acceptBad
1245,13,9124.619999999994,3,918.0200000000002,move,improve
1246,13,9124.619999999994,3,918.0200000000002,2opt,improve
1247,13,9124.619999999994,3,918.0200000000002,2opt,notBad
1248,13,8977.599999999997,3,918.0200000000002,move,improve
1249,13,8977.599999999997,3,918.0200000000002,move,improve
1250,13,9604.919999999998,3,918.0200000000002,2opt,acceptBad
1251,13,9604.919999999998,3,918.0200000000002,2opt,improve
1252,13,9398.119999999995,3,918.0200000000002,move,improve
1253,13,9398.119999999995,3,918.0200000000002,2opt,notBad
1254,13,9364.619999999999,3,918.0200000000002,move,improve
1255,13,11140.96,3,918.0200000000002,swap,acceptBad
1256,13,11040.640000000001,3,918.0200000000002,swap,improve
1257,13,11040.640000000001,3,918.0200000000002,2opt,improve
1258,12,8145.759999999998,3,918.0200000000002,move,improve
1259,12,8143.119999999998,3,918.0200000000002,move,improve
1260,12,8134.999999999998,3,918.0200000000002,move,improve
1261,12,8357.12,3,918.0200000000002,swap,acceptBad
1262,12,8189.5999999999985,3,918.0200000000002,move,improve
1263,12,8706.1,3,918.0200000000002,2opt,acceptBad
1264,12,8706.1,3,918.0200000000002,2opt,notBad
1265,12,8470.220000000001,3,918.0200000000002,move,improve
1266,12,8835.4,3,918.0200000000002,swap,acceptBad
1267,12,8819.5,3,918.0200000000002,2opt,improve
1268,12,8823.220000000001,3,918.0200000000002,2opt,acceptBad
1269,12,8811.420000000002,3,918.0200000000002,move,improve
1270,12,8811.420000000002,3,918.0200000000002,2opt,improve
1271,12,9726.340000000002,3,918.0200000000002,swap,acceptBad
1272,12,9184.300000000001,3,918.0200000000002,move,improve
1273,12,9235.28,3,918.0200000000002,swap,acceptBad
1274,11,7459.5599999999995,3,918.0200000000002,move,improve
1275,11,7756.059999999999,3,918.0200000000002,2opt,acceptBad
1276,11,7287.599999999999,3,918.0200000000002,move,improve
1277,11,7373.379999999999,3,918.0200000000002,swap,acceptBad
1278,11,7373.379999999999,3,918.0200000000002,2opt,notBad
1279,11,6629.419999999996,3,918.0200000000002,swap,improve
1280,11,6454.279999999999,3,918.0200000000002,move,improve
1281,11,6456.1,3,918.0200000000002,2opt,acceptBad
1282,11,6454.5199999999995,3,918.0200000000002,swap,improve
1283,11,6630.72,3,918.0200000000002,2opt,acceptBad
1284,11,6630.72,3,918.0200000000002,move,improve
1285,11,6630.72,3,918.0200000000002,2opt,improve
1286,11,6799.919999999999,3,918.0200000000002,swap,acceptBad
1287,11,6800.92,3,918.0200000000002,2opt,acceptBad
1288,11,6278.48,3,918.0200000000002,move,improve
1289,11,6287.04,3,918.0200000000002,swap,acceptBad
1290,11,6287.04,3,918.0200000000002,move,improve
1291,11,6287.04,3,918.0200000000002,2opt,notBad
1292,11,6294.679999999998,3,918.0200000000002,2opt,acceptBad
1293,11,8208.16,3,918.0200000000002,2opt,acceptBad
1294,11,7927.279999999998,3,918.0200000000002,move,improve
1295,11,7927.580000000002,3,918.0200000000002,2opt,acceptBad
1296,11,8394.460000000001,3,918.0200000000002,swap,acceptBad
1297,11,8622.92,3,918.0200000000002,swap,acceptBad
1298,11,6437.040000000001,3,918.0200000000002,move,improve
1299,11,6437.040000000001,3,918.0200000000002,move,improve
1300,11,6615.460000000001,3,918.0200000000002,swap,acceptBad
1301,11,6549.140000000001,3,918.0200000000002,swap,improve
1302,11,6527.100000000001,3,918.0200000000002,swap,improve
1303,11,6063.060000000002,3,918.0200000000002,move,improve
1304,11,6073.700000000002,3,918.0200000000002,swap,acceptBad
1305,11,6073.700000000002,3,918.0200000000002,2opt,notBad
1306,11,5856.780000000002,3,918.0200000000002,move,improve
1307,11,5850.260000000002,3,918.0200000000002,swap,improve
1308,11,5614.640000000001,3,918.0200000000002,move,improve
1309,11,5606.9000000000015,3,918.0200000000002,move,improve
1310,11,5402.160000000003,3,918.0200000000002,move,improve
1311,11,6862.820000000002,3,918.0200000000002,swap,acceptBad
1312,11,8270.079999999998,3,918.0200000000002,2opt,acceptBad
1313,11,8270.079999999998,3,918.0200000000002,2opt,improve
1314,11,8270.079999999998,3,918.0200000000002,swap,notBad
1315,11,8267.539999999997,3,918.0200000000002,move,improve
1316,11,8267.539999999997,3,918.0200000000002,2opt,notBad
1317,12,9543.299999999997,3,918.0200000000002,2opt,acceptBad
1318,12,10369.419999999998,3,918.0200000000002,swap,acceptBad
1319,12,10369.419999999998,3,918.0200000000002,2opt,notBad
1320,12,10359.740000000002,3,918.0200000000002,2opt,improve
1321,12,10359.600000000002,3,918.0200000000002,swap,improve
1322,12,10344.580000000002,3,918.0200000000002,swap,improve
1323,12,9940.100000000004,3,918.0200000000002,2opt,improve
1324,12,9940.040000000005,3,918.0200000000002,swap,improve
1325,12,9890.820000000003,3,918.0200000000002,swap,improve
1326,12,9899.020000000002,3,918.0200000000002,2opt,acceptBad
1327,12,9899.020000000002,3,918.0200000000002,2opt,improve
1328,12,9944.22,3,918.0200000000002,swap,acceptBad
1329,12,10567.98,3,918.0200000000002,swap,acceptBad
1330,12,10173.359999999999,3,918.0200000000002,move,improve
1331,12,9485.82,3,918.0200000000002,move,improve
1332,12,9483.939999999999,3,918.0200000000002,move,improve
1333,12,9483.939999999999,3,918.0200000000002,2opt,improve
1334,12,9118.779999999999,3,918.0200000000002,move,improve
1335,12,9118.779999999999,3,918.0200000000002,move,improve
1336,12,9118.779999999999,3,918.0200000000002,move,improve
1337,12,9114.460000000003,3,918.0200000000002,2opt,improve
1338,12,10048.799999999997,3,918.0200000000002,2opt,acceptBad
1339,12,10048.939999999999,3,918.0200000000002,2opt,acceptBad
1340,12,9690.56,3,918.0200000000002,move,improve
1341,12,9082.160000000002,3,918.0200000000002,move,improve
1342,12,9082.160000000002,3,918.0200000000002,move,improve
1343,11,7531.9400000000005,3,918.0200000000002,2opt,improve
1344,11,7550.860000000001,3,918.0200000000002,swap,acceptBad
1345,11,7089.02,3,918.0200000000002,move,improve
1346,11,8125.460000000002,3,918.0200000000002,swap,acceptBad
1347,11,8125.100000000002,3,918.0200000000002,swap,improve
1348,11,8136.520000000001,3,918.0200000000002,swap,acceptBad
1349,11,8144.000000000001,3,918.0200000000002,2opt,acceptBad
1350,11,8144.000000000001,3,918.0200000000002,2opt,notBad
1351,11,7968.119999999999,3,918.0200000000002,swap,improve
1352,11,7968.119999999999,3,918.0200000000002,move,improve
1353,11,7576.320000000001,3,918.0200000000002,move,improve
1354,11,7241.480000000001,3,918.0200000000002,move,improve
1355,11,7238.100000000002,3,918.0200000000002,2opt,improve
1356,11,7252.200000000002,3,918.0200000000002,swap,acceptBad
1357,11,7252.200000000002,3,918.0200000000002,2opt,improve
1358,11,7404.859999999999,3,918.0200000000002,swap,acceptBad
1359,11,7249.14,3,918.0200000000002,swap,improve
1360,11,7307.180000000002,3,918.0200000000002,swap,acceptBad
1361,11,7188.36,3,918.0200000000002,move,improve
1362,11,7550.679999999999,3,918.0200000000002,2opt,acceptBad
1363,11,7854.560000000001,3,918.0200000000002,swap,acceptBad
1364,11,7622.839999999999,3,918.0200000000002,move,improve
1365,11,7339.26,3,918.0200000000002,move,improve
1366,11,7336.160000000002,3,918.0200000000002,2opt,improve
1367,11,7208.08,3,918.0200000000002,move,improve
1368,11,7208.08,3,918.0200000000002,move,improve
1369,11,7074.5199999999995,3,918.0200000000002,move,improve
1370,11,7116.539999999999,3,918.0200000000002,2opt,acceptBad
1371,11,7045.64,3,918.0200000000002,swap,improve
1372,11,7045.64,3,918.0200000000002,2opt,notBad
1373,11,6771.9,3,918.0200000000002,move,improve
1374,11,6771.9,3,918.0200000000002,move,improve
1375,11,6978.259999999999,3,918.0200000000002,2opt,acceptBad
1376,11,7519.44,3,918.0200000000002,2opt,acceptBad
1377,11,7458.080000000002,3,918.0200000000002,2opt,improve
1378,11,6948.92,3,918.0200000000002,move,improve
1379,11,7145.34,3,918.0200000000002,swap,acceptBad
1380,11,6914.0199999999995,3,918.0200000000002,2opt,improve
1381,11,6683.28,3,918.0200000000002,move,improve
1382,11,6683.28,3,918.0200000000002,2opt,notBad
1383,11,6661.5599999999995,3,918.0200000000002,swap,improve
1384,11,6922.259999999997,3,918.0200000000002,2opt,acceptBad
1385,11,6827.059999999999,3,918.0200000000002,2opt,improve
1386,11,6827.059999999999,3,918.0200000000002,2opt,notBad
1387,11,6820.159999999998,3,918.0200000000002,2opt,improve
1388,11,6127.5999999999985,3,918.0200000000002,move,improve
1389,11,6142.559999999999,3,918.0200000000002,swap,acceptBad
1390,11,6153.939999999999,3,918.0200000000002,2opt,acceptBad
1391,11,5795.479999999998,3,918.0200000000002,2opt,improve
1392,11,5279.379999999997,3,918.0200000000002,move,improve
1393,11,5279.379999999997,3,918.0200000000002,2opt,improve
1394,11,5239.0999999999985,3,918.0200000000002,swap,improve
1395,11,5238.239999999998,3,918.0200000000002,2opt,improve
1396,11,5224.6399999999985,3,918.0200000000002,swap,improve
1397,11,5210.359999999999,3,918.0200000000002,move,improve
1398,11,6413.500000000001,3,918.0200000000002,swap,acceptBad
1399,11,6413.500000000001,3,918.0200000000002,2opt,improve
1400,11,6130.879999999998,3,918.0200000000002,move,improve
1401,11,6284.079999999999,3,918.0200000000002,swap,acceptBad
1402,11,5563.299999999999,3,918.0200000000002,move,improve
1403,11,5554.699999999999,3,918.0200000000002,move,improve
1404,11,5554.699999999999,3,918.0200000000002,2opt,notBad
1405,11,5746.82,3,918.0200000000002,swap,acceptBad
1406,11,7922.88,3,918.0200000000002,swap,acceptBad
1407,11,7922.88,3,918.0200000000002,swap,notBad
1408,11,7255.299999999998,3,918.0200000000002,move,improve
1409,11,7232.06,3,918.0200000000002,move,improve
1410,11,7199.28,3,918.0200000000002,swap,improve
1411,11,7052.96,3,918.0200000000002,move,improve
1412,11,6928.88,3,918.0200000000002,2opt,improve
1413,11,6915.540000000002,3,918.0200000000002,2opt,improve
1414,11,6911.460000000002,3,918.0200000000002,swap,improve
1415,11,7570.44,3,918.0200000000002,2opt,acceptBad
1416,11,7568.98,3,918.0200000000002,2opt,improve
1417,11,7579.54,3,918.0200000000002,swap,acceptBad
1418,11,7679.579999999999,3,918.0200000000002,swap,acceptBad
1419,11,7213.88,3,918.0200000000002,move,improve
1420,11,6572.179999999999,3,918.0200000000002,move,improve
1421,11,6572.179999999999,3,918.0200000000002,move,improve
1422,11,6653.639999999999,3,918.0200000000002,swap,acceptBad
1423,11,6652.099999999999,3,918.0200000000002,swap,improve
1424,11,6652.099999999999,3,918.0200000000002,move,improve
1425,11,6400.999999999998,3,918.0200000000002,move,improve
1426,11,6400.999999999998,3,918.0200000000002,2opt,notBad
1427,11,6400.999999999998,3,918.0200000000002,2opt,notBad
1428,11,6245.159999999998,3,918.0200000000002,move,improve
1429,11,6245.539999999999,3,918.0200000000002,2opt,acceptBad
1430,11,6359.359999999999,3,918.0200000000002,swap,acceptBad
1431,11,6359.359999999999,3,918.0200000000002,2opt,notBad
1432,11,6359.359999999999,3,918.0200000000002,2opt,notBad
1433,11,6365.839999999998,3,918.0200000000002,2opt,acceptBad
1434,11,6365.839999999998,3,918.0200000000002,move,improve
1435,11,6366.759999999998,3,918.0200000000002,swap,acceptBad
1436,11,6366.759999999998,3,918.0200000000002,move,improve
1437,11,6368.119999999999,3,918.0200000000002,swap,acceptBad
1438,11,6200.68,3,918.0200000000002,2opt,improve
1439,11,6236.259999999998,3,918.0200000000002,swap,acceptBad
1440,11,6826.019999999999,3,918.0200000000002,swap,acceptBad
1441,11,6826.019999999999,3,918.0200000000002,2opt,notBad
1442,11,6774.999999999998,3,918.0200000000002,2opt,improve
1443,11,6773.6799999999985,3,918.0200000000002,swap,improve
1444,11,6690.1799999999985,3,918.0200000000002,2opt,improve
1445,11,6794.92,3,918.0200000000002,swap,acceptBad
1446,11,6738.939999999999,3,918.0200000000002,swap,improve
1447,11,6738.939999999999,3,918.0200000000002,move,improve
1448,11,6738.019999999999,3,918.0200000000002,swap,improve
1449,11,6730.419999999999,3,918.0200000000002,move,improve
1450,11,6404.66,3,918.0200000000002,move,improve
1451,11,6404.66,3,918.0200000000002,move,improve
1452,11,6452.839999999999,3,918.0200000000002,swap,acceptBad
1453,11,6449.419999999999,3,918.0200000000002,swap,improve
1454,11,6127.900000000001,3,918.0200000000002,move,improve
1455,11,6127.900000000001,3,918.0200000000002,2opt,notBad
1456,11,6472.280000000002,3,918.0200000000002,swap,acceptBad
1457,11,5784.540000000001,3,918.0200000000002,move,improve
1458,11,5815.860000000001,3,918.0200000000002,2opt,acceptBad
1459,11,5815.860000000001,3,918.0200000000002,2opt,notBad
1460,11,5914.820000000001,3,918.0200000000002,swap,acceptBad
1461,11,5908.400000000001,3,918.0200000000002,swap,improve
1462,11,5614.660000000001,3,918.0200000000002,2opt,improve
1463,11,5469.820000000002,3,918.0200000000002,move,improve
1464,11,5321.520000000001,3,918.0200000000002,move,improve
1465,11,5997.580000000001,3,918.0200000000002,2opt,acceptBad
1466,11,6197.0599999999995,3,918.0200000000002,swap,acceptBad
1467,11,6193.159999999999,3,918.0200000000002,move,improve
1468,11,6193.159999999999,3,918.0200000000002,2opt,notBad
1469,11,6280.839999999999,3,918.0200000000002,swap,acceptBad
1470,11,6280.839999999999,3,918.0200000000002,move,improve
1471,11,6984.6,3,918.0200000000002,2opt,acceptBad
1472,11,8122.320000000002,3,918.0200000000002,swap,acceptBad
1473,11,8123.119999999999,3,918.0200000000002,2opt,acceptBad
1474,11,7636.9,3,918.0200000000002,swap,improve
1475,11,7891.279999999999,3,918.0200000000002,swap,acceptBad
1476,11,7886.280000000001,3,918.0200000000002,2opt,improve
1477,11,7482.480000000003,3,918.0200000000002,move,improve
1478,11,7518.840000000003,3,918.0200000000002,2opt,acceptBad
1479,11,7010.3600000000015,3,918.0200000000002,move,improve
1480,11,6920.72,3,918.0200000000002,move,improve
1481,11,6917.8600000000015,3,918.0200000000002,swap,improve
1482,11,6908.840000000002,3,918.0200000000002,2opt,improve
1483,11,6577.240000000003,3,918.0200000000002,move,improve
1484,11,6331.100000000002,3,918.0200000000002,move,improve
1485,11,6330.84,3,918.0200000000002,swap,improve
1486,11,6330.84,3,918.0200000000002,2opt,notBad
1487,11,7102.82,3,918.0200000000002,swap,acceptBad
1488,11,7102.82,3,918.0200000000002,2opt,notBad
1489,11,7102.82,3,918.0200000000002,2opt,improve
1490,11,7391.259999999999,3,918.0200000000002,2opt,acceptBad
1491,11,7180.100000000002,3,918.0200000000002,move,improve
1492,11,7202.480000000001,3,918.0200000000002,swap,acceptBad
1493,11,7202.620000000002,3,918.0200000000002,swap,acceptBad
1494,11,7147.300000000001,3,918.0200000000002,swap,improve
1495,11,7208.000000000003,3,918.0200000000002,swap,acceptBad
1496,11,7340.600000000003,3,918.0200000000002,swap,acceptBad
1497,11,6437.980000000001,3,918.0200000000002,move,improve
1498,11,6430.240000000002,3,918.0200000000002,swap,improve
1499,11,6360.0999999999985,3,918.0200000000002,move,improve
1500,11,6879.679999999998,3,918.0200000000002,swap,acceptBad
1501,11,6886.119999999997,3,918.0200000000002,swap,acceptBad
1502,11,6885.1399999999985,3,918.0200000000002,2opt,improve
1503,11,6970.839999999997,3,918.0200000000002,swap,acceptBad
1504,11,6347.119999999998,3,918.0200000000002,move,improve
1505,11,6920.979999999998,3,918.0200000000002,2opt,acceptBad
1506,11,6920.979999999998,3,918.0200000000002,move,improve
1507,11,6488.5,3,918.0200000000002,move,improve
1508,11,6429.359999999997,3,918.0200000000002,swap,improve
1509,11,5350.919999999997,3,918.0200000000002,move,improve
1510,11,5338.319999999998,3,918.0200000000002,swap,improve
1511,11,5300.439999999998,3,918.0200000000002,2opt,improve
1512,11,5240.139999999997,3,918.0200000000002,move,improve
1513,11,5238.879999999997,3,918.0200000000002,move,improve
1514,11,5031.519999999998,3,918.0200000000002,move,improve
1515,11,5319.359999999997,3,918.0200000000002,swap,acceptBad
1516,11,4939.379999999998,3,918.0200000000002,move,improve
1517,11,5624.900000000001,3,918.0200000000002,swap,acceptBad
1518,11,5622.3,3,918.0200000000002,swap,improve
1519,11,5421.579999999998,3,918.0200000000002,move,improve
1520,11,5421.579999999998,3,918.0200000000002,move,improve
1521,11,5429.999999999998,3,918.0200000000002,2opt,acceptBad
1522,11,5087.979999999999,3,918.0200000000002,move,improve
1523,11,5087.979999999999,3,918.0200000000002,move,improve
1524,11,5087.979999999999,3,918.0200000000002,2opt,notBad
1525,11,5087.979999999999,3,918.0200000000002,move,improve
1526,10,4577.300000000001,3,918.0200000000002,2opt,improve
1527,10,4577.300000000001,3,918.0200000000002,move,improve
1528,10,4527.680000000001,3,918.0200000000002,move,improve
1529,10,4383.180000000001,3,918.0200000000002,swap,improve
1530,10,4031.82,3,918.0200000000002,move,improve
1531,10,4979.0599999999995,3,918.0200000000002,move,acceptBad
1532,10,4991.66,3,918.0200000000002,swap,acceptBad
1533,10,4990.54,3,918.0200000000002,move,improve
1534,10,4982.46,3,918.0200000000002,swap,improve
1535,10,5069.34,3,918.0200000000002,swap,acceptBad
1536,10,5069.34,3,918.0200000000002,2opt,notBad
1537,10,5069.34,3,918.0200000000002,2opt,notBad
1538,10,5071.78,3,918.0200000000002,2opt,acceptBad
1539,10,5075.860000000001,3,918.0200000000002,2opt,acceptBad
1540,10,5138.44,3,918.0200000000002,2opt,acceptBad
1541,10,5479.72,3,918.0200000000002,swap,acceptBad
1542,10,5481.66,3,918.0200000000002,swap,acceptBad
1543,10,5477.16,3,918.0200000000002,move,improve
1544,10,5472.14,3,918.0200000000002,swap,improve
1545,10,5080.220000000001,3,918.0200000000002,move,improve
1546,10,5080.220000000001,3,918.0200000000002,move,improve
1547,10,5080.220000000001,3,918.0200000000002,2opt,improve
1548,10,5080.220000000001,3,918.0200000000002,move,improve
1549,10,5085.860000000002,3,918.0200000000002,swap,acceptBad
1550,10,5089.360000000002,3,918.0200000000002,swap,acceptBad
1551,10,5085.200000000001,3,918.0200000000002,2opt,improve
1552,10,5081.380000000001,3,918.0200000000002,swap,improve
1553,10,5081.380000000001,3,918.0200000000002,2opt,notBad
1554,10,5087.34,3,918.0200000000002,swap,acceptBad
1555,10,4753.900000000001,3,918.0200000000002,move,improve
1556,10,4756.92,3,918.0200000000002,swap,acceptBad
1557,10,4761.320000000001,3,918.0200000000002,2opt,acceptBad
1558,10,4432.9800000000005,3,918.0200000000002,move,improve
1559,10,4433.240000000001,3,918.0200000000002,swap,acceptBad
1560,10,5383.380000000001,3,918.0200000000002,swap,acceptBad
1561,10,4629.440000000001,3,918.0200000000002,move,improve
1562,10,5082.640000000001,3,918.0200000000002,2opt,acceptBad
1563,10,5082.640000000001,3,918.0200000000002,move,improve
1564,10,5087.76,3,918.0200000000002,2opt,acceptBad
1565,10,4967.22,3,918.0200000000002,2opt,improve
1566,10,4958.140000000002,3,918.0200000000002,move,improve
1567,10,4542.660000000002,3,918.0200000000002,move,improve
1568,10,4542.660000000002,3,918.0200000000002,2opt,notBad
1569,10,4331.620000000001,3,918.0200000000002,move,improve
1570,10,4720.540000000001,3,918.0200000000002,2opt,acceptBad
1571,10,5690.3600000000015,3,918.0200000000002,swap,acceptBad
1572,10,5690.3600000000015,3,918.0200000000002,2opt,improve
1573,10,5690.3600000000015,3,918.0200000000002,move,improve
1574,10,5798.600000000001,3,918.0200000000002,swap,acceptBad
1575,10,5755.900000000001,3,918.0200000000002,2opt,improve
1576,10,5455.020000000001,3,918.0200000000002,2opt,improve
1577,10,5455.020000000001,3,918.0200000000002,2opt,improve
1578,10,5448.760000000001,3,918.0200000000002,swap,improve
1579,10,5588.960000000001,3,918.0200000000002,2opt,acceptBad
1580,10,6057.420000000001,3,918.0200000000002,swap,acceptBad
1581,10,6062.120000000001,3,918.0200000000002,swap,acceptBad
1582,10,5247.640000000002,3,918.0200000000002,move,improve
1583,10,5219.419999999999,3,918.0200000000002,2opt,improve
1584,10,5219.419999999999,3,918.0200000000002,2opt,notBad
1585,10,5227.679999999999,3,918.0200000000002,swap,acceptBad
1586,10,5572.0199999999995,3,918.0200000000002,swap,acceptBad
1587,10,5721.720000000002,3,918.0200000000002,swap,acceptBad
1588,10,5597.8600000000015,3,918.0200000000002,move,improve
1589,10,5409.920000000002,3,918.0200000000002,move,improve
1590,10,5404.120000000002,3,918.0200000000002,swap,improve
1591,10,5095.220000000001,3,918.0200000000002,move,improve
1592,10,4759.36,3,918.0200000000002,move,improve
1593,10,4769.92,3,918.0200000000002,2opt,acceptBad
1594,10,4282.639999999999,3,918.0200000000002,move,improve
1595,10,4801.659999999999,3,918.0200000000002,2opt,acceptBad
1596,10,4808.8600000000015,3,918.0200000000002,2opt,acceptBad
1597,10,4806.740000000002,3,918.0200000000002,move,improve
1598,10,4422.500000000002,3,918.0200000000002,move,improve
1599,10,4422.500000000002,3,918.0200000000002,2opt,notBad
1600,10,4413.560000000001,3,918.0200000000002,swap,improve
1601,10,4413.560000000001,3,918.0200000000002,swap,notBad
1602,10,4413.62,3,918.0200000000002,2opt,acceptBad
1603,10,4669.180000000001,3,918.0200000000002,swap,acceptBad
1604,10,4870.819999999999,3,918.0200000000002,2opt,acceptBad
1605,10,4860.799999999999,3,918.0200000000002,move,improve
1606,10,5532.140000000001,3,918.0200000000002,swap,acceptBad
1607,10,5523.4,3,918.0200000000002,move,improve
1608,10,5523.4,3,918.0200000000002,move,improve
1609,10,6128.639999999999,3,918.0200000000002,swap,acceptBad
1610,10,6132.86,3,918.0200000000002,2opt,acceptBad
1611,10,5826.360000000001,3,918.0200000000002,2opt,improve
1612,10,5958.760000000001,3,918.0200000000002,swap,acceptBad
1613,10,6563.46,3,918.0200000000002,swap,acceptBad
1614,10,6694.24,3,918.0200000000002,swap,acceptBad
1615,10,6694.24,3,918.0200000000002,2opt,notBad
1616,10,5872.779999999999,3,918.0200000000002,move,improve
1617,10,5883.74,3,918.0200000000002,2opt,acceptBad
1618,10,5874.4,3,918.0200000000002,move,improve
1619,10,5740.779999999998,3,918.0200000000002,move,improve
1620,10,5740.779999999998,3,918.0200000000002,swap,notBad
1621,10,5740.779999999998,3,918.0200000000002,move,improve
1622,10,5740.779999999998,3,918.0200000000002,2opt,notBad
1623,10,5514.419999999999,3,918.0200000000002,move,improve
1624,10,5207.359999999998,3,918.0200000000002,move,improve
1625,10,4834.879999999998,3,918.0200000000002,move,improve
1626,10,5064.32,3,918.0200000000002,swap,acceptBad
1627,10,5064.32,3,918.0200000000002,2opt,notBad
1628,10,5072.0599999999995,3,918.0200000000002,swap,acceptBad
1629,10,4441.099999999998,3,918.0200000000002,move,improve
1630,10,4450.48,3,918.0200000000002,2opt,acceptBad
1631,10,4357.159999999999,3,918.0200000000002,swap,improve
1632,10,4473.66,3,918.0200000000002,swap,acceptBad
1633,10,4473.86,3,918.0200000000002,swap,acceptBad
1634,10,4478.099999999999,3,918.0200000000002,2opt,acceptBad
1635,10,5076.899999999998,3,918.0200000000002,swap,acceptBad
1636,10,5075.719999999999,3,918.0200000000002,swap,improve
1637,10,4795.16,3,918.0200000000002,swap,improve
1638,10,4795.16,3,918.0200000000002,swap,notBad
1639,10,4898.0199999999995,3,918.0200000000002,swap,acceptBad
1640,10,4896.9,3,918.0200000000002,swap,improve
1641,10,5232.18,3,918.0200000000002,swap,acceptBad
1642,10,5232.18,3,918.0200000000002,2opt,notBad
1643,10,5234.599999999999,3,918.0200000000002,2opt,acceptBad
1644,10,5209.759999999998,3,918.0200000000002,move,improve
1645,10,5027.7,3,918.0200000000002,move,improve
1646,10,4642.620000000001,3,918.0200000000002,move,improve
1647,10,4633.22,3,918.0200000000002,move,improve
1648,10,4634.139999999999,3,918.0200000000002,swap,acceptBad
1649,10,4634.139999999999,3,918.0200000000002,2opt,notBad
1650,10,4527.639999999999,3,918.0200000000002,move,improve
1651,10,4525.019999999999,3,918.0200000000002,swap,improve
1652,10,4525.019999999999,3,918.0200000000002,move,improve
1653,10,4273.4,3,918.0200000000002,move,improve
1654,10,4276.48,3,918.0200000000002,swap,acceptBad
1655,10,4277.5599999999995,3,918.0200000000002,2opt,acceptBad
1656,10,3982.1800000000007,3,918.0200000000002,move,improve
1657,10,3953.5600000000004,3,918.0200000000002,2opt,improve
1658,10,4257.340000000001,3,918.0200000000002,2opt,acceptBad
1659,10,3966.5200000000004,3,918.0200000000002,move,improve
1660,10,3631.04,3,918.0200000000002,move,improve
1661,10,3965.3399999999997,3,918.0200000000002,swap,acceptBad
1662,10,3965.3399999999997,3,918.0200000000002,swap,notBad
1663,10,3707.159999999999,3,918.0200000000002,move,improve
1664,10,3707.159999999999,3,918.0200000000002,move,improve
1665,10,3696.1400000000003,3,918.0200000000002,2opt,improve
1666,10,4214.360000000001,3,918.0200000000002,swap,acceptBad
1667,10,4211.000000000001,3,918.0200000000002,swap,improve
1668,10,4319.540000000002,3,918.0200000000002,swap,acceptBad
1669,10,4320.840000000002,3,918.0200000000002,swap,acceptBad
1670,10,3964.080000000001,3,918.0200000000002,2opt,improve
1671,10,4112.180000000001,3,918.0200000000002,swap,acceptBad
1672,10,4387.22,3,918.0200000000002,2opt,acceptBad
1673,10,4078.7000000000003,3,918.0200000000002,swap,improve
1674,10,4078.7000000000003,3,918.0200000000002,2opt,notBad
1675,10,3974.56,3,918.0200000000002,move,improve
1676,10,3960.480000000001,3,918.0200000000002,swap,improve
1677,10,3960.480000000001,3,918.0200000000002,swap,notBad
1678,10,3960.480000000001,3,918.0200000000002,2opt,notBad
1679,10,3955.7199999999993,3,918.0200000000002,2opt,improve
1680,10,3957.9199999999996,3,918.0200000000002,swap,acceptBad
1681,10,3957.9199999999996,3,918.0200000000002,2opt,notBad
1682,10,3957.9199999999996,3,918.0200000000002,2opt,notBad
1683,10,3957.9199999999996,3,918.0200000000002,move,improve
1684,10,4008.8599999999988,3,918.0200000000002,swap,acceptBad
1685,10,3814.420000000002,3,918.0200000000002,move,improve
1686,10,3814.420000000002,3,918.0200000000002,2opt,improve
1687,10,3814.420000000002,3,918.0200000000002,2opt,notBad
1688,10,3814.420000000002,3,918.0200000000002,move,improve
1689,10,3811.7400000000016,3,918.0200000000002,swap,improve
1690,10,3856.880000000002,3,918.0200000000002,swap,acceptBad
1691,10,3856.880000000002,3,918.0200000000002,2opt,notBad
1692,10,3850.4000000000015,3,918.0200000000002,swap,improve
1693,10,3745.220000000001,3,918.0200000000002,swap,improve
1694,10,3745.220000000001,3,918.0200000000002,2opt,notBad
1695,10,3513.960000000001,3,918.0200000000002,move,improve
1696,10,3582.4199999999996,3,918.0200000000002,swap,acceptBad
1697,10,3582.4199999999996,3,918.0200000000002,2opt,notBad
1698,10,3527.84,3,918.0200000000002,move,improve
1699,10,3527.84,3,918.0200000000002,move,improve
1700,10,3527.84,3,918.0200000000002,swap,notBad
1701,10,3537.2000000000003,3,918.0200000000002,swap,acceptBad
1702,10,3428.56,3,918.0200000000002,move,improve
1703,10,3438.5800000000004,3,918.0200000000002,swap,acceptBad
1704,10,3590.44,3,918.0200000000002,2opt,acceptBad
1705,10,3590.44,3,918.0200000000002,move,improve
1706,10,3529.0400000000004,3,918.0200000000002,swap,improve
1707,10,3541.82,3,918.0200000000002,2opt,acceptBad
1708,10,3541.82,3,918.0200000000002,2opt,notBad
1709,10,3549.420000000001,3,918.0200000000002,swap,acceptBad
1710,10,3553.7400000000007,3,918.0200000000002,swap,acceptBad
1711,10,3586.8800000000006,3,918.0200000000002,2opt,acceptBad
1712,10,3586.8800000000006,3,918.0200000000002,move,improve
1713,10,3544.0600000000004,3,918.0200000000002,move,improve
1714,10,3351.92,3,918.0200000000002,swap,improve
1715,10,3420.2000000000007,3,918.0200000000002,2opt,acceptBad
1716,10,3425.880000000001,3,918.0200000000002,swap,acceptBad
1717,10,3426.1400000000012,3,918.0200000000002,swap,acceptBad
1718,10,3426.6800000000003,3,918.0200000000002,2opt,acceptBad
1719,10,3422.4200000000005,3,918.0200000000002,2opt,improve
1720,10,3316.960000000001,3,918.0200000000002,move,improve
1721,10,3181.7999999999997,3,918.0200000000002,move,improve
1722,10,3169.18,3,918.0200000000002,move,improve
1723,10,3169.18,3,918.0200000000002,2opt,notBad
1724,10,2943.42,3,918.0200000000002,move,improve
1725,10,2943.42,3,918.0200000000002,move,improve
1726,10,2874.020000000001,3,918.0200000000002,move,improve
1727,10,3617.46,3,918.0200000000002,swap,acceptBad
1728,10,3204.720000000002,3,918.0200000000002,swap,improve
1729,10,3190.3600000000015,3,918.0200000000002,swap,improve
1730,10,3163.580000000001,3,918.0200000000002,swap,improve
1731,10,3163.580000000001,3,918.0200000000002,swap,notBad
1732,10,3163.580000000001,3,918.0200000000002,2opt,notBad
1733,10,3163.540000000001,3,918.0200000000002,2opt,improve
1734,10,2842.5599999999995,3,918.0200000000002,move,improve
1735,10,2842.5599999999995,3,918.0200000000002,2opt,notBad
1736,10,2834.3999999999996,3,918.0200000000002,swap,improve
1737,10,2828.1399999999994,3,918.0200000000002,move,improve
1738,10,2852.2,3,918.0200000000002,swap,acceptBad
1739,10,2857.3399999999997,3,918.0200000000002,2opt,acceptBad
1740,10,3046.4800000000005,3,918.0200000000002,swap,acceptBad
1741,10,3046.4800000000005,3,918.0200000000002,move,improve
1742,10,3032.2000000000007,3,918.0200000000002,swap,improve
1743,10,3032.2000000000007,3,918.0200000000002,move,improve
1744,10,3153.200000000002,3,918.0200000000002,swap,acceptBad
1745,10,3153.200000000002,3,918.0200000000002,2opt,notBad
1746,10,3148.040000000002,3,918.0200000000002,move,improve
1747,10,3148.040000000002,3,918.0200000000002,2opt,notBad
1748,10,3156.4800000000014,3,918.0200000000002,2opt,acceptBad
1749,10,3149.0600000000013,3,918.0200000000002,move,improve
1750,10,3149.0600000000013,3,918.0200000000002,2opt,notBad
1751,10,3154.8400000000015,3,918.0200000000002,2opt,acceptBad
1752,10,3169.1400000000012,3,918.0200000000002,swap,acceptBad
1753,10,3169.5000000000014,3,918.0200000000002,2opt,acceptBad
1754,10,3169.5000000000014,3,918.0200000000002,2opt,notBad
1755,10,3271.56,3,918.0200000000002,2opt,acceptBad
1756,10,3271.56,3,918.0200000000002,swap,notBad
1757,10,3271.56,3,918.0200000000002,2opt,notBad
1758,10,3262.879999999999,3,918.0200000000002,2opt,improve
1759,10,3262.879999999999,3,918.0200000000002,2opt,notBad
1760,10,3262.879999999999,3,918.0200000000002,2opt,notBad
1761,10,3218.220000000002,3,918.0200000000002,swap,improve
1762,10,3083.560000000001,3,918.0200000000002,move,improve
1763,10,3060.6400000000012,3,918.0200000000002,swap,improve
1764,10,3054.1400000000012,3,918.0200000000002,2opt,improve
1765,10,3054.1400000000012,3,918.0200000000002,2opt,notBad
1766,10,2994.7800000000016,3,918.0200000000002,move,improve
1767,10,2994.7800000000016,3,918.0200000000002,2opt,notBad
1768,10,2988.5800000000017,3,918.0200000000002,move,improve
1769,10,2988.5800000000017,3,918.0200000000002,2opt,notBad
1770,10,2988.5800000000017,3,918.0200000000002,2opt,notBad
1771,10,2967.1200000000013,3,918.0200000000002,swap,improve
1772,10,2967.1200000000013,3,918.0200000000002,2opt,notBad
1773,10,2952.7200000000016,3,918.0200000000002,swap,improve
1774,10,2973.7800000000016,3,918.0200000000002,2opt,acceptBad
1775,10,2973.7800000000016,3,918.0200000000002,move,improve
1776,10,3062.640000000002,3,918.0200000000002,swap,acceptBad
1777,10,3062.640000000002,3,918.0200000000002,2opt,notBad
1778,10,3680.96,3,918.0200000000002,swap,acceptBad
1779,10,3455.92,3,918.0200000000002,move,improve
1780,10,3455.92,3,918.0200000000002,2opt,notBad
1781,10,3623.5200000000004,3,918.0200000000002,swap,acceptBad
1782,10,3608.6800000000007,3,918.0200000000002,move,improve
1783,10,3608.6800000000007,3,918.0200000000002,2opt,notBad
1784,10,3599.9000000000005,3,918.0200000000002,move,improve
1785,10,3599.280000000001,3,918.0200000000002,2opt,improve
1786,10,3379.92,3,918.0200000000002,move,improve
1787,10,3187.980000000001,3,918.0200000000002,swap,improve
1788,10,3174.419999999999,3,918.0200000000002,swap,improve
1789,10,3174.419999999999,3,918.0200000000002,swap,notBad
1790,9,2619.4800000000005,3,918.0200000000002,move,improve
1791,9,2764.0999999999995,3,918.0200000000002,2opt,acceptBad
1792,9,2764.0999999999995,3,918.0200000000002,2opt,notBad
1793,9,2767.7,3,918.0200000000002,2opt,acceptBad
1794,9,2767.7,3,918.0200000000002,move,improve
1795,9,3491.5400000000004,3,918.0200000000002,swap,acceptBad
1796,9,3497.86,3,918.0200000000002,swap,acceptBad
1797,9,2952.7400000000007,3,918.0200000000002,move,improve
1798,9,2952.7400000000007,3,918.0200000000002,2opt,notBad
1799,9,3275.24,3,918.0200000000002,2opt,acceptBad
1800,9,3219.22,3,918.0200000000002,swap,improve
1801,9,3219.22,3,918.0200000000002,swap,notBad
1802,9,3219.22,3,918.0200000000002,2opt,improve
1803,9,3455.3999999999996,3,918.0200000000002,swap,acceptBad
1804,9,3455.3999999999996,3,918.0200000000002,2opt,notBad
1805,9,3455.3999999999996,3,918.0200000000002,move,improve
1806,9,2856.6400000000012,3,918.0200000000002,move,improve
1807,9,2839.4600000000005,3,918.0200000000002,swap,improve
1808,9,2986.18,3,918.0200000000002,2opt,acceptBad
1809,9,2983.1800000000003,3,918.0200000000002,swap,improve
1810,9,3004.7400000000007,3,918.0200000000002,2opt,acceptBad
1811,9,3004.7400000000007,3,918.0200000000002,swap,notBad
1812,9,3004.7400000000007,3,918.0200000000002,move,improve
1813,9,3004.7400000000007,3,918.0200000000002,swap,notBad
1814,9,3392.6600000000003,3,918.0200000000002,swap,acceptBad
1815,9,3418.8399999999997,3,918.0200000000002,2opt,acceptBad
1816,9,3418.8399999999997,3,918.0200000000002,2opt,notBad
1817,9,3418.8399999999997,3,918.0200000000002,move,improve
1818,9,3291.3199999999997,3,918.0200000000002,move,improve
1819,9,3224.36,3,918.0200000000002,swap,improve
1820,9,3214.4,3,918.0200000000002,swap,improve
1821,9,3130.079999999999,3,918.0200000000002,move,improve
1822,9,3130.079999999999,3,918.0200000000002,2opt,notBad
1823,9,3130.079999999999,3,918.0200000000002,2opt,notBad
1824,9,3020.92,3,918.0200000000002,2opt,improve
1825,9,3020.92,3,918.0200000000002,move,improve
1826,9,3220.420000000001,3,918.0200000000002,2opt,acceptBad
1827,9,3184.5200000000013,3,918.0200000000002,swap,improve
1828,9,3184.5200000000013,3,918.0200000000002,move,improve
1829,9,3170.540000000001,3,918.0200000000002,swap,improve
1830,9,3055.7600000000007,3,918.0200000000002,move,improve
1831,9,3048.88,3,918.0200000000002,swap,improve
1832,9,3161.120000000001,3,918.0200000000002,swap,acceptBad
1833,9,3094.1200000000003,3,918.0200000000002,move,improve
1834,9,3094.1200000000003,3,918.0200000000002,2opt,improve
1835,9,2969.7000000000003,3,918.0200000000002,move,improve
1836,9,2969.7000000000003,3,918.0200000000002,2opt,improve
1837,9,2969.7000000000003,3,918.0200000000002,2opt,notBad
1838,9,3100.220000000001,3,918.0200000000002,2opt,acceptBad
1839,9,3100.220000000001,3,918.0200000000002,2opt,improve
1840,9,2972.740000000001,3,918.0200000000002,move,improve
1841,9,2810.2199999999993,3,918.0200000000002,move,improve
1842,9,2810.2199999999993,3,918.0200000000002,2opt,notBad
1843,9,2810.2199999999993,3,918.0200000000002,swap,notBad
1844,9,2789.8399999999992,3,918.0200000000002,2opt,improve
1845,9,2786.739999999999,3,918.0200000000002,swap,improve
1846,9,2808.54,3,918.0200000000002,swap,acceptBad
1847,9,2876.9600000000005,3,918.0200000000002,2opt,acceptBad
1848,9,2876.9600000000005,3,918.0200000000002,2opt,notBad
1849,9,2876.9600000000005,3,918.0200000000002,move,improve
1850,9,3006.04,3,918.0200000000002,swap,acceptBad
1851,9,3006.04,3,918.0200000000002,2opt,notBad
1852,9,3309.2,3,918.0200000000002,swap,acceptBad
1853,9,3053.54,3,918.0200000000002,move,improve
1854,9,3052.900000000001,3,918.0200000000002,2opt,improve
1855,9,3053.52,3,918.0200000000002,2opt,acceptBad
1856,9,3064.6800000000007,3,918.0200000000002,2opt,acceptBad
1857,9,3020.3400000000015,3,918.0200000000002,move,improve
1858,9,3020.3400000000015,3,918.0200000000002,2opt,notBad
1859,9,2902.920000000001,3,918.0200000000002,move,improve
1860,9,2899.980000000002,3,918.0200000000002,swap,improve
1861,9,2891.0600000000018,3,918.0200000000002,move,improve
1862,9,2891.0600000000018,3,918.0200000000002,2opt,notBad
1863,9,2847.3600000000015,3,918.0200000000002,swap,improve
1864,9,2847.3600000000015,3,918.0200000000002,move,improve
1865,9,2867.280000000001,3,918.0200000000002,swap,acceptBad
1866,9,2867.280000000001,3,918.0200000000002,2opt,notBad
1867,9,2870.1400000000003,3,918.0200000000002,swap,acceptBad
1868,9,2870.1400000000003,3,918.0200000000002,2opt,notBad
1869,9,2874.4000000000005,3,918.0200000000002,2opt,acceptBad
1870,9,2872.080000000001,3,918.0200000000002,move,improve
1871,9,2872.980000000001,3,918.0200000000002,swap,acceptBad
1872,9,2872.980000000001,3,918.0200000000002,move,improve
1873,9,2845.820000000001,3,918.0200000000002,2opt,improve
1874,9,2685.82,3,918.0200000000002,move,improve
1875,9,2645.12,3,918.0200000000002,move,improve
1876,9,2622.620000000001,3,918.0200000000002,move,improve
1877,9,2622.620000000001,3,918.0200000000002,2opt,notBad
1878,9,2622.620000000001,3,918.0200000000002,2opt,notBad
1879,9,2745.600000000001,3,918.0200000000002,swap,acceptBad
1880,9,2740.080000000001,3,918.0200000000002,2opt,improve
1881,9,2724.000000000001,3,918.0200000000002,swap,improve
1882,9,2693.3800000000006,3,918.0200000000002,move,improve
1883,9,2691.7400000000007,3,918.0200000000002,2opt,improve
1884,9,2691.7400000000007,3,918.0200000000002,2opt,notBad
1885,9,2703.1600000000008,3,918.0200000000002,2opt,acceptBad
1886,9,2701.4200000000005,3,918.0200000000002,move,improve
1887,9,2701.4200000000005,3,918.0200000000002,move,improve
1888,9,2701.4200000000005,3,918.0200000000002,2opt,notBad
1889,9,2710.1400000000003,3,918.0200000000002,swap,acceptBad
1890,9,2648.8000000000006,3,918.0200000000002,move,improve
1891,9,2650.7000000000007,3,918.0200000000002,2opt,acceptBad
1892,9,2901.3800000000006,3,918.0200000000002,swap,acceptBad
1893,9,2901.3800000000006,3,918.0200000000002,swap,notBad
1894,9,2873.76,3,918.0200000000002,swap,improve
1895,9,2808.68,3,918.0200000000002,move,improve
1896,9,2808.68,3,918.0200000000002,move,improve
1897,9,2830.06,3,918.0200000000002,2opt,acceptBad
1898,9,2817.56,3,918.0200000000002,move,improve
1899,9,2808.8199999999997,3,918.0200000000002,2opt,improve
1900,9,2823.44,3,918.0200000000002,swap,acceptBad
1901,9,2822.14,3,918.0200000000002,swap,improve
1902,9,2794.7800000000007,3,918.0200000000002,move,improve
1903,9,2794.7800000000007,3,918.0200000000002,2opt,notBad
1904,9,2794.7800000000007,3,918.0200000000002,2opt,improve
1905,9,2778.88,3,918.0200000000002,swap,improve
1906,9,2778.88,3,918.0200000000002,swap,notBad
1907,9,2762.1200000000003,3,918.0200000000002,swap,improve
1908,9,2762.1200000000003,3,918.0200000000002,move,improve
1909,9,2768.42,3,918.0200000000002,swap,acceptBad
1910,9,2768.42,3,918.0200000000002,move,improve
1911,9,2768.26,3,918.0200000000002,move,improve
1912,9,2999.6199999999994,3,918.0200000000002,2opt,acceptBad
1913,9,3043.1599999999985,3,918.0200000000002,swap,acceptBad
1914,9,3043.1599999999985,3,918.0200000000002,2opt,notBad
1915,9,2724.059999999999,3,918.0200000000002,move,improve
1916,9,2678.0999999999995,3,918.0200000000002,move,improve
1917,9,2823.6599999999994,3,918.0200000000002,swap,acceptBad
1918,9,2823.6599999999994,3,918.0200000000002,move,improve
1919,9,2871.9199999999996,3,918.0200000000002,2opt,acceptBad
1920,9,2871.9199999999996,3,918.0200000000002,2opt,notBad
1921,9,2842.0999999999995,3,918.0200000000002,swap,improve
1922,9,2842.0999999999995,3,918.0200000000002,2opt,notBad
1923,9,2842.0999999999995,3,918.0200000000002,2opt,notBad
1924,9,2842.0999999999995,3,918.0200000000002,2opt,notBad
1925,9,2842.0999999999995,3,918.0200000000002,2opt,notBad
1926,9,3098.5,3,918.0200000000002,swap,acceptBad
1927,9,2734.759999999999,3,918.0200000000002,move,improve
1928,9,2466.7599999999984,3,918.0200000000002,move,improve
1929,9,2480.7599999999984,3,918.0200000000002,swap,acceptBad
1930,9,2363.4399999999987,3,918.0200000000002,move,improve
1931,9,2114.119999999999,3,918.0200000000002,move,improve
1932,9,2114.119999999999,3,918.0200000000002,2opt,notBad
1933,9,2111.16,3,918.0200000000002,swap,improve
1934,9,2228.4,3,918.0200000000002,2opt,acceptBad
1935,9,2228.4,3,918.0200000000002,move,improve
1936,9,2228.4,3,918.0200000000002,2opt,notBad
1937,9,2228.4,3,918.0200000000002,2opt,notBad
1938,9,2228.4,3,918.0200000000002,2opt,notBad
1939,9,2214.7400000000002,3,918.0200000000002,move,improve
1940,9,2502.1600000000003,3,918.0200000000002,swap,acceptBad
1941,9,2493.2000000000003,3,918.0200000000002,move,improve
1942,9,2703.700000000001,3,918.0200000000002,swap,acceptBad
1943,9,2703.700000000001,3,918.0200000000002,swap,notBad
1944,9,2213.08,3,918.0200000000002,2opt,improve
1945,9,2131.62,3,918.0200000000002,move,improve
1946,9,2130.0599999999995,3,918.0200000000002,2opt,improve
1947,9,2044.7600000000002,3,918.0200000000002,move,improve
1948,9,2044.7600000000002,3,918.0200000000002,2opt,notBad
1949,9,2036.0800000000002,3,918.0200000000002,move,improve
1950,9,2036.0800000000002,3,918.0200000000002,swap,notBad
1951,9,2053.3,3,918.0200000000002,swap,acceptBad
1952,9,2064.3799999999997,3,918.0200000000002,swap,acceptBad
1953,9,2042.3200000000002,3,918.0200000000002,move,improve
1954,9,2042.3200000000002,3,918.0200000000002,2opt,notBad
1955,9,2042.3200000000002,3,918.0200000000002,2opt,improve
1956,9,2042.3200000000002,3,918.0200000000002,2opt,improve
1957,9,2042.3200000000002,3,918.0200000000002,move,improve
1958,9,2042.3200000000002,3,918.0200000000002,2opt,notBad
1959,9,2032.3000000000002,3,918.0200000000002,swap,improve
1960,9,1862.2400000000002,3,918.0200000000002,move,improve
1961,9,1867.5999999999995,3,918.0200000000002,swap,acceptBad
1962,9,1867.5999999999995,3,918.0200000000002,move,improve
1963,9,1872.7200000000003,3,918.0200000000002,swap,acceptBad
1964,9,1872.7200000000003,3,918.0200000000002,swap,notBad
1965,9,1890.7800000000002,3,918.0200000000002,2opt,acceptBad
1966,9,2166.7,3,918.0200000000002,swap,acceptBad
1967,9,2166.7,3,918.0200000000002,2opt,notBad
1968,9,1976.4599999999998,3,918.0200000000002,move,improve
1969,9,1898.5000000000002,3,918.0200000000002,2opt,improve
1970,9,1898.5000000000002,3,918.0200000000002,2opt,notBad
1971,9,1898.5000000000002,3,918.0200000000002,move,improve
1972,9,1901.9800000000002,3,918.0200000000002,swap,acceptBad
1973,9,1901.9800000000002,3,918.0200000000002,2opt,improve
1974,9,1896.7400000000005,3,918.0200000000002,2opt,improve
1975,9,1896.7400000000005,3,918.0200000000002,2opt,notBad
1976,9,1897.5600000000004,3,918.0200000000002,2opt,acceptBad
1977,9,1897.5600000000004,3,918.0200000000002,swap,notBad
1978,9,1914.0800000000004,3,918.0200000000002,swap,acceptBad
1979,9,1722.42,3,918.0200000000002,2opt,improve
1980,9,1715.1599999999999,3,918.0200000000002,move,improve
1981,9,1715.1599999999999,3,918.0200000000002,swap,notBad
1982,9,1710.04,3,918.0200000000002,move,improve
1983,9,1716.12,3,918.0200000000002,swap,acceptBad
1984,9,1708.2999999999997,3,918.0200000000002,move,improve
1985,9,1722.06,3,918.0200000000002,swap,acceptBad
1986,9,1722.06,3,918.0200000000002,swap,notBad
1987,9,1923.5999999999997,3,918.0200000000002,swap,acceptBad
1988,9,1929.98,3,918.0200000000002,swap,acceptBad
1989,9,1929.98,3,918.0200000000002,swap,notBad
1990,9,1929.98,3,918.0200000000002,move,improve
1991,9,1934.76,3,918.0200000000002,2opt,acceptBad
1992,9,1934.76,3,918.0200000000002,2opt,notBad
1993,9,1933.1999999999998,3,918.0200000000002,2opt,improve
1994,9,1933.1999999999998,3,918.0200000000002,2opt,notBad
1995,9,1939.3799999999999,3,918.0200000000002,2opt,acceptBad
1996,9,1936.1600000000005,3,918.0200000000002,2opt,improve
1997,9,1950.1600000000005,3,918.0200000000002,swap,acceptBad
1998,9,1950.1600000000005,3,918.0200000000002,2opt,notBad
1999,9,1950.1600000000005,3,918.0200000000002,swap,notBad
2000,9,1936.8600000000006,3,918.0200000000002,move,improve
2001,9,1934.1000000000004,3,918.0200000000002,move,improve
2002,9,1934.1000000000004,3,918.0200000000002,2opt,notBad
2003,9,1932.0600000000004,3,918.0200000000002,swap,improve
2004,9,1932.0600000000004,3,918.0200000000002,2opt,notBad
2005,9,1932.0600000000004,3,918.0200000000002,swap,notBad
2006,9,2034.3600000000006,3,918.0200000000002,swap,acceptBad
2007,9,2032.7200000000003,3,918.0200000000002,2opt,improve
2008,9,2032.7400000000002,3,918.0200000000002,swap,acceptBad
2009,9,2032.7400000000002,3,918.0200000000002,2opt,improve
2010,9,2029.6800000000003,3,918.0200000000002,swap,improve
2011,9,2029.6800000000003,3,918.0200000000002,swap,notBad
2012,9,1983.3999999999996,3,918.0200000000002,swap,improve
2013,9,1980.6999999999998,3,918.0200000000002,swap,improve
2014,9,1979.2399999999998,3,918.0200000000002,swap,improve
2015,9,2200.18,3,918.0200000000002,swap,acceptBad
2016,9,2087.1,3,918.0200000000002,swap,improve
2017,9,2072.5,3,918.0200000000002,move,improve
2018,9,2072.5,3,918.0200000000002,move,improve
2019,9,2072.5,3,918.0200000000002,2opt,notBad
2020,9,2014.9799999999996,3,918.0200000000002,move,improve
2021,9,1912.5599999999995,3,918.0200000000002,swap,improve
2022,9,1915.8599999999994,3,918.0200000000002,2opt,acceptBad
2023,9,1910.3199999999995,3,918.0200000000002,swap,improve
2024,9,1910.3199999999995,3,918.0200000000002,2opt,notBad
2025,9,1867.3999999999996,3,918.0200000000002,swap,improve
2026,9,1867.3999999999996,3,918.0200000000002,swap,notBad
2027,9,1865.1399999999992,3,918.0200000000002,move,improve
2028,9,1865.1399999999992,3,918.0200000000002,2opt,notBad
2029,9,2062.7999999999993,3,918.0200000000002,swap,acceptBad
2030,9,2036.44,3,918.0200000000002,swap,improve
2031,9,2033.2600000000002,3,918.0200000000002,2opt,improve
2032,9,2038.8600000000001,3,918.0200000000002,swap,acceptBad
2033,9,1897.6600000000008,3,918.0200000000002,move,improve
2034,9,1897.6600000000008,3,918.0200000000002,swap,notBad
2035,9,2187.919999999999,3,918.0200000000002,swap,acceptBad
2036,9,2066.859999999999,3,918.0200000000002,swap,improve
2037,9,2065.039999999999,3,918.0200000000002,move,improve
2038,9,2076.879999999999,3,918.0200000000002,swap,acceptBad
2039,9,2067.3999999999987,3,918.0200000000002,move,improve
2040,9,2067.3999999999987,3,918.0200000000002,2opt,notBad
2041,9,2093.6399999999994,3,918.0200000000002,swap,acceptBad
2042,9,1835.8200000000006,3,918.0200000000002,move,improve
2043,9,1835.8200000000006,3,918.0200000000002,move,improve
2044,9,1638.1600000000003,3,918.0200000000002,move,improve
2045,9,1635.2000000000003,3,918.0200000000002,move,improve
2046,9,1631.24,3,918.0200000000002,2opt,improve
2047,9,1631.24,3,918.0200000000002,swap,notBad
2048,9,1631.24,3,918.0200000000002,move,improve
2049,9,1639.060000000001,3,918.0200000000002,swap,acceptBad
2050,9,1627.000000000001,3,918.0200000000002,move,improve
2051,9,1592.1400000000003,3,918.0200000000002,move,improve
2052,9,1592.1400000000003,3,918.0200000000002,move,improve
2053,9,1591.8600000000004,3,918.0200000000002,swap,improve
2054,9,1591.8600000000004,3,918.0200000000002,move,improve
2055,9,1520.1000000000008,3,918.0200000000002,move,improve
2056,9,1520.1000000000008,3,918.0200000000002,swap,notBad
2057,9,1520.1000000000008,3,918.0200000000002,move,improve
2058,9,1520.1000000000008,3,918.0200000000002,move,improve
2059,9,1520.1000000000008,3,918.0200000000002,2opt,notBad
2060,9,1533.0800000000008,3,918.0200000000002,swap,acceptBad
2061,9,1607.880000000001,3,918.0200000000002,2opt,acceptBad
2062,9,1607.880000000001,3,918.0200000000002,move,improve
2063,9,1601.860000000001,3,918.0200000000002,move,improve
2064,9,1601.860000000001,3,918.0200000000002,2opt,improve
2065,9,1624.560000000001,3,918.0200000000002,swap,acceptBad
2066,9,1624.140000000001,3,918.0200000000002,2opt,improve
2067,9,1624.140000000001,3,918.0200000000002,2opt,notBad
2068,9,1624.140000000001,3,918.0200000000002,swap,notBad
2069,9,1624.140000000001,3,918.0200000000002,swap,notBad
2070,8,1408.6200000000006,3,918.0200000000002,move,improve
2071,8,1408.6200000000006,3,918.0200000000002,2opt,notBad
2072,8,1403.5600000000004,3,918.0200000000002,2opt,improve
2073,8,1403.5600000000004,3,918.0200000000002,2opt,notBad
2074,8,1396.6800000000007,3,918.0200000000002,move,improve
2075,8,1417.9600000000007,3,918.0200000000002,swap,acceptBad
2076,8,1402.2600000000007,3,918.0200000000002,swap,improve
2077,8,1408.9800000000007,3,918.0200000000002,swap,acceptBad
2078,8,1412.060000000001,3,918.0200000000002,2opt,acceptBad
2079,8,1409.8800000000006,3,918.0200000000002,move,improve
2080,8,1409.8800000000006,3,918.0200000000002,move,improve
2081,8,1409.8800000000006,3,918.0200000000002,move,improve
2082,8,1409.8800000000006,3,918.0200000000002,2opt,notBad
2083,8,1409.8800000000006,3,918.0200000000002,2opt,notBad
2084,8,1409.8800000000006,3,918.0200000000002,2opt,notBad
2085,8,1409.8800000000006,3,918.0200000000002,swap,notBad
2086,8,1526.4000000000005,3,918.0200000000002,swap,acceptBad
2087,8,1520.4200000000005,3,918.0200000000002,swap,improve
2088,8,1520.4200000000005,3,918.0200000000002,2opt,notBad
2089,8,1520.4200000000005,3,918.0200000000002,2opt,notBad
2090,8,1520.4200000000005,3,918.0200000000002,move,improve
2091,8,1516.5200000000004,3,918.0200000000002,move,improve
2092,8,1516.5200000000004,3,918.0200000000002,move,improve
2093,8,1574.9000000000003,3,918.0200000000002,2opt,acceptBad
2094,8,1574.9000000000003,3,918.0200000000002,2opt,notBad
2095,8,1574.9000000000003,3,918.0200000000002,2opt,notBad
2096,8,1617.7800000000007,3,918.0200000000002,swap,acceptBad
2097,8,1493.6800000000007,3,918.0200000000002,move,improve
2098,8,1493.6800000000007,3,918.0200000000002,2opt,notBad
2099,8,1423.100000000001,3,918.0200000000002,2opt,improve
2100,8,1423.100000000001,3,918.0200000000002,2opt,notBad
2101,8,1385.9200000000008,3,918.0200000000002,swap,improve
2102,8,1385.9200000000008,3,918.0200000000002,2opt,notBad
2103,8,1454.8800000000003,3,918.0200000000002,swap,acceptBad
2104,8,1476.4800000000005,3,918.0200000000002,swap,acceptBad
2105,8,1476.4800000000005,3,918.0200000000002,swap,notBad
2106,8,1476.4800000000005,3,918.0200000000002,2opt,notBad
2107,8,1476.4800000000005,3,918.0200000000002,2opt,notBad
2108,8,1476.4800000000005,3,918.0200000000002,swap,notBad
2109,8,1472.1400000000003,3,918.0200000000002,move,improve
2110,8,1472.1400000000003,3,918.0200000000002,2opt,notBad
2111,8,1535.66,3,918.0200000000002,2opt,acceptBad
2112,8,1536.46,3,918.0200000000002,swap,acceptBad
2113,8,1536.46,3,918.0200000000002,2opt,notBad
2114,8,1632.7400000000002,3,918.0200000000002,swap,acceptBad
2115,8,1633.72,3,918.0200000000002,2opt,acceptBad
2116,8,1653.88,3,918.0200000000002,swap,acceptBad
2117,8,1618.3799999999999,3,918.0200000000002,move,improve
2118,8,1418.2200000000003,3,918.0200000000002,move,improve
2119,8,1418.2200000000003,3,918.0200000000002,2opt,notBad
2120,8,1418.2200000000003,3,918.0200000000002,swap,notBad
2121,8,1422.1800000000003,3,918.0200000000002,2opt,acceptBad
2122,8,1412.8000000000002,3,918.0200000000002,move,improve
2123,8,1412.8000000000002,3,918.0200000000002,move,improve
2124,8,1412.8000000000002,3,918.0200000000002,2opt,notBad
2125,8,1373.6200000000003,3,918.0200000000002,swap,improve
2126,8,1373.6200000000003,3,918.0200000000002,2opt,improve
2127,8,1373.6200000000003,3,918.0200000000002,2opt,improve
2128,8,1363.6800000000005,3,918.0200000000002,move,improve
2129,8,1363.6800000000005,3,918.0200000000002,move,improve
2130,8,1363.6800000000005,3,918.0200000000002,swap,notBad
2131,8,1361.4800000000005,3,918.0200000000002,move,improve
2132,8,1361.4800000000005,3,918.0200000000002,2opt,notBad
2133,8,1610.3400000000006,3,918.0200000000002,swap,acceptBad
2134,8,1610.3400000000006,3,918.0200000000002,move,improve
2135,8,1610.3400000000006,3,918.0200000000002,2opt,notBad
2136,8,1389.4800000000007,3,918.0200000000002,move,improve
2137,8,1462.7000000000016,3,918.0200000000002,swap,acceptBad
2138,8,1462.7000000000016,3,918.0200000000002,2opt,notBad
2139,8,1458.4800000000016,3,918.0200000000002,2opt,improve
2140,8,1458.4800000000016,3,918.0200000000002,move,improve
2141,8,1458.4800000000016,3,918.0200000000002,move,improve
2142,8,1411.900000000001,3,918.0200000000002,move,improve
2143,8,1659.1400000000008,3,918.0200000000002,swap,acceptBad
2144,8,1656.3400000000006,3,918.0200000000002,2opt,improve
2145,8,1676.2000000000007,3,918.0200000000002,2opt,acceptBad
2146,8,1606.3600000000006,3,918.0200000000002,move,improve
2147,8,1606.3600000000006,3,918.0200000000002,2opt,notBad
2148,8,1606.3600000000006,3,918.0200000000002,move,improve
2149,8,1606.3600000000006,3,918.0200000000002,2opt,notBad
2150,8,1606.3600000000006,3,918.0200000000002,2opt,improve
2151,8,1608.3200000000006,3,918.0200000000002,swap,acceptBad
2152,8,1626.1200000000008,3,918.0200000000002,swap,acceptBad
2153,8,1626.1200000000008,3,918.0200000000002,2opt,notBad
2154,8,1623.4600000000012,3,918.0200000000002,2opt,improve
2155,8,1550.2600000000007,3,918.0200000000002,move,improve
2156,8,1575.26,3,918.0200000000002,swap,acceptBad
2157,8,1570.8600000000006,3,918.0200000000002,move,improve
2158,8,1570.1200000000003,3,918.0200000000002,move,improve
2159,8,1562.5000000000005,3,918.0200000000002,swap,improve
2160,8,1537.6200000000006,3,918.0200000000002,move,improve
2161,8,1537.6200000000006,3,918.0200000000002,move,improve
2162,8,1441.3000000000002,3,918.0200000000002,swap,improve
2163,8,1432.5,3,918.0200000000002,move,improve
2164,8,1432.5,3,918.0200000000002,2opt,notBad
2165,8,1387.3800000000003,3,918.0200000000002,swap,improve
2166,8,1419.6200000000003,3,918.0200000000002,swap,acceptBad
2167,8,1430.9000000000003,3,918.0200000000002,2opt,acceptBad
2168,8,1421.98,3,918.0200000000002,swap,improve
2169,8,1420.8200000000002,3,918.0200000000002,2opt,improve
2170,8,1524.08,3,918.0200000000002,swap,acceptBad
2171,8,1524.08,3,918.0200000000002,swap,notBad
2172,8,1524.08,3,918.0200000000002,move,improve
2173,8,1457.7200000000003,3,918.0200000000002,swap,improve
2174,8,1457.7200000000003,3,918.0200000000002,move,improve
2175,8,1632.6999999999998,3,918.0200000000002,swap,acceptBad
2176,8,1629.4600000000005,3,918.0200000000002,swap,improve
2177,8,1653.36,3,918.0200000000002,swap,acceptBad
2178,8,1653.36,3,918.0200000000002,move,improve
2179,8,1754.7200000000003,3,918.0200000000002,2opt,acceptBad
2180,8,1754.7200000000003,3,918.0200000000002,2opt,notBad
2181,8,1761.8400000000013,3,918.0200000000002,2opt,acceptBad
2182,7,1352.6600000000005,3,918.0200000000002,move,improve
2183,7,1353.5800000000004,3,918.0200000000002,swap,acceptBad
2184,7,1321.9,3,918.0200000000002,2opt,improve
2185,7,1321.9,3,918.0200000000002,2opt,notBad
2186,7,1421.2000000000005,3,918.0200000000002,swap,acceptBad
2187,7,1444.62,3,918.0200000000002,swap,acceptBad
2188,7,1436.4199999999998,3,918.0200000000002,move,improve
2189,7,1435.9400000000007,3,918.0200000000002,2opt,improve
2190,7,1431.6400000000006,3,918.0200000000002,2opt,improve
2191,7,1431.6400000000006,3,918.0200000000002,2opt,notBad
2192,7,1431.6400000000006,3,918.0200000000002,2opt,notBad
2193,7,1362.7800000000002,3,918.0200000000002,move,improve
2194,7,1274.7200000000003,3,918.0200000000002,move,improve
2195,7,1274.7200000000003,3,918.0200000000002,2opt,notBad
2196,7,1189.1000000000004,3,918.0200000000002,move,improve
2197,7,1318.6000000000006,3,918.0200000000002,swap,acceptBad
2198,7,1318.6000000000006,3,918.0200000000002,move,improve
2199,7,1189.1000000000004,3,918.0200000000002,move,improve
2200,7,1198.5000000000005,3,918.0200000000002,2opt,acceptBad
2201,7,1169.3400000000004,3,918.0200000000002,move,improve
2202,7,1164.3200000000004,3,918.0200000000002,2opt,improve
2203,7,1159.2200000000005,3,918.0200000000002,move,improve
2204,7,1159.2200000000005,3,918.0200000000002,2opt,improve
2205,7,1147.8400000000006,3,918.0200000000002,move,improve
2206,7,1156.3400000000006,3,918.0200000000002,swap,acceptBad
2207,7,1127.8000000000006,3,918.0200000000002,move,improve
2208,7,1127.8000000000006,3,918.0200000000002,2opt,notBad
2209,7,1153.9200000000005,3,918.0200000000002,2opt,acceptBad
2210,7,1153.9200000000005,3,918.0200000000002,2opt,notBad
2211,7,1153.9200000000005,3,918.0200000000002,2opt,notBad
2212,7,1270.8200000000002,3,918.0200000000002,swap,acceptBad
2213,7,1267.2000000000003,3,918.0200000000002,move,improve
2214,7,1280.3400000000001,3,918.0200000000002,swap,acceptBad
2215,7,1156.94,3,918.0200000000002,move,improve
2216,7,1156.94,3,918.0200000000002,swap,notBad
2217,7,1156.94,3,918.0200000000002,2opt,notBad
2218,7,1137.6800000000003,3,918.0200000000002,move,improve
2219,7,1194.8200000000002,3,918.0200000000002,swap,acceptBad
2220,7,1194.8200000000002,3,918.0200000000002,2opt,notBad
2221,7,1194.8200000000002,3,918.0200000000002,move,improve
2222,7,1268.6400000000003,3,918.0200000000002,swap,acceptBad
2223,6,1051.26,3,918.0200000000002,move,improve
2224,6,1012.6399999999999,3,918.0200000000002,move,improve
2225,6,1012.6399999999999,3,918.0200000000002,swap,notBad
2226,6,1012.6399999999999,3,918.0200000000002,2opt,notBad
2227,6,1005.5999999999999,3,918.0200000000002,swap,improve
2228,6,1005.5999999999999,3,918.0200000000002,2opt,notBad
2229,6,836.0,6,836.0,move,newBest
2230,6,888.2400000000006,6,836.0,2opt,acceptBad
2231,6,900.1400000000006,6,836.0,2opt,acceptBad
2232,6,943.6399999999999,6,836.0,2opt,acceptBad
2233,6,940.9600000000003,6,836.0,swap,improve
2234,6,940.9600000000003,6,836.0,2opt,notBad
2235,6,964.6600000000008,6,836.0,2opt,acceptBad
2236,6,964.6600000000008,6,836.0,move,improve
2237,6,951.5200000000008,6,836.0,move,improve
2238,6,951.5200000000008,6,836.0,2opt,notBad
2239,6,1010.5800000000006,6,836.0,swap,acceptBad
2240,6,1010.5800000000006,6,836.0,2opt,notBad
2241,6,960.0600000000004,6,836.0,move,improve
2242,6,960.0600000000004,6,836.0,2opt,notBad
2243,6,960.0600000000004,6,836.0,2opt,notBad
2244,6,919.9200000000001,6,836.0,move,improve
2245,6,948.3400000000001,6,836.0,2opt,acceptBad
2246,6,948.3400000000001,6,836.0,2opt,notBad
2247,6,948.3400000000001,6,836.0,2opt,notBad
2248,6,948.3400000000001,6,836.0,2opt,notBad
2249,6,896.9200000000005,6,836.0,swap,improve
2250,6,869.7000000000005,6,836.0,move,improve
2251,6,937.4600000000005,6,836.0,2opt,acceptBad
2252,6,977.4000000000003,6,836.0,swap,acceptBad
2253,6,976.9000000000003,6,836.0,swap,improve
2254,6,967.2600000000002,6,836.0,swap,improve
2255,6,973.7200000000003,6,836.0,swap,acceptBad
2256,6,906.1000000000001,6,836.0,move,improve
2257,6,875.0200000000002,6,836.0,move,improve
2258,6,869.7,6,836.0,swap,improve
2259,6,874.8800000000001,6,836.0,swap,acceptBad
2260,6,881.96,6,836.0,2opt,acceptBad
2261,6,960.6400000000001,6,836.0,swap,acceptBad
2262,6,960.6400000000001,6,836.0,swap,notBad
2263,6,959.9800000000002,6,836.0,move,improve
2264,6,959.9800000000002,6,836.0,2opt,notBad
2265,6,959.9800000000002,6,836.0,move,improve
2266,6,959.9800000000002,6,836.0,move,improve
2267,6,996.6000000000001,6,836.0,swap,acceptBad
2268,6,996.6000000000001,6,836.0,2opt,notBad
2269,6,980.8000000000001,6,836.0,move,improve
2270,6,980.8000000000001,6,836.0,2opt,notBad
2271,6,997.6600000000003,6,836.0,swap,acceptBad
2272,6,997.2800000000003,6,836.0,2opt,improve
2273,6,997.2800000000003,6,836.0,move,improve
2274,6,1092.88,6,836.0,swap,acceptBad
2275,6,1092.88,6,836.0,swap,notBad
2276,6,1092.88,6,836.0,2opt,notBad
2277,6,1092.88,6,836.0,2opt,notBad
2278,6,1095.42,6,836.0,2opt,acceptBad
2279,6,1095.42,6,836.0,2opt,notBad
2280,6,1095.42,6,836.0,2opt,improve
2281,6,1097.26,6,836.0,2opt,acceptBad
2282,6,1097.26,6,836.0,2opt,notBad
2283,6,1097.26,6,836.0,move,improve
2284,6,1097.26,6,836.0,swap,notBad
2285,6,1097.26,6,836.0,2opt,notBad
2286,6,1097.26,6,836.0,move,improve
2287,6,1097.26,6,836.0,swap,notBad
2288,6,1094.8600000000001,6,836.0,swap,improve
2289,6,1094.8600000000001,6,836.0,2opt,notBad
2290,6,1091.66,6,836.0,swap,improve
2291,6,1091.66,6,836.0,move,improve
2292,6,1091.66,6,836.0,move,improve
2293,6,1091.66,6,836.0,2opt,notBad
2294,6,867.3000000000001,6,836.0,move,improve
2295,6,867.98,6,836.0,2opt,acceptBad
2296,6,867.98,6,836.0,2opt,notBad
2297,6,867.98,6,836.0,move,improve
2298,6,878.0600000000001,6,836.0,swap,acceptBad
2299,6,881.3000000000001,6,836.0,swap,acceptBad
2300,6,860.16,6,836.0,move,improve
2301,6,850.0599999999995,6,836.0,swap,improve
2302,6,849.6199999999997,6,836.0,swap,improve
2303,6,869.9599999999997,6,836.0,swap,acceptBad
2304,6,869.9599999999997,6,836.0,2opt,notBad
2305,6,872.5399999999997,6,836.0,swap,acceptBad
2306,6,827.5599999999997,6,827.5599999999997,move,newBest
2307,6,861.7199999999996,6,827.5599999999997,swap,acceptBad
2308,6,861.7199999999996,6,827.5599999999997,swap,notBad
2309,6,844.6799999999996,6,827.5599999999997,swap,improve
2310,6,844.6799999999996,6,827.5599999999997,swap,notBad
2311,6,843.4399999999997,6,827.5599999999997,2opt,improve
2312,6,899.2399999999996,6,827.5599999999997,swap,acceptBad
2313,6,899.2399999999996,6,827.5599999999997,move,improve
2314,6,899.2399999999996,6,827.5599999999997,2opt,notBad
2315,6,909.7199999999995,6,827.5599999999997,swap,acceptBad
2316,6,909.7199999999995,6,827.5599999999997,2opt,notBad
2317,6,832.4999999999998,6,827.5599999999997,swap,improve
2318,6,838.0199999999998,6,827.5599999999997,swap,acceptBad
2319,6,933.8999999999999,6,827.5599999999997,swap,acceptBad
2320,6,878.6199999999999,6,827.5599999999997,swap,improve
2321,6,870.4399999999998,6,827.5599999999997,move,improve
2322,6,866.1199999999999,6,827.5599999999997,move,improve
2323,6,864.2999999999998,6,827.5599999999997,2opt,improve
2324,6,877.4200000000002,6,827.5599999999997,swap,acceptBad
2325,6,878.6400000000001,6,827.5599999999997,2opt,acceptBad
2326,6,878.6400000000001,6,827.5599999999997,swap,notBad
2327,6,878.6400000000001,6,827.5599999999997,2opt,notBad
2328,6,878.1000000000001,6,827.5599999999997,move,improve
2329,6,878.1000000000001,6,827.5599999999997,2opt,notBad
2330,6,975.4599999999997,6,827.5599999999997,swap,acceptBad
2331,6,975.4599999999997,6,827.5599999999997,swap,notBad
2332,6,976.7199999999997,6,827.5599999999997,swap,acceptBad
2333,6,891.6000000000001,6,827.5599999999997,move,improve
2334,6,993.3800000000008,6,827.5599999999997,swap,acceptBad
2335,6,993.3800000000008,6,827.5599999999997,2opt,notBad
2336,6,993.3800000000008,6,827.5599999999997,move,improve
2337,6,991.8800000000008,6,827.5599999999997,move,improve
2338,6,960.5800000000004,6,827.5599999999997,move,improve
2339,6,903.4800000000002,6,827.5599999999997,move,improve
2340,6,872.7600000000004,6,827.5599999999997,move,improve
2341,6,872.7600000000004,6,827.5599999999997,2opt,notBad
2342,6,872.7600000000004,6,827.5599999999997,2opt,notBad
2343,6,870.2800000000004,6,827.5599999999997,move,improve
2344,6,870.2800000000004,6,827.5599999999997,2opt,notBad
2345,6,886.5600000000004,6,827.5599999999997,2opt,acceptBad
2346,6,886.5600000000004,6,827.5599999999997,swap,notBad
2347,6,886.5600000000004,6,827.5599999999997,2opt,notBad
2348,6,909.1800000000005,6,827.5599999999997,swap,acceptBad
2349,6,925.3600000000005,6,827.5599999999997,swap,acceptBad
2350,6,925.3600000000005,6,827.5599999999997,move,improve
2351,6,909.1600000000005,6,827.5599999999997,swap,improve
2352,6,915.3400000000004,6,827.5599999999997,2opt,acceptBad
2353,6,915.3400000000004,6,827.5599999999997,2opt,notBad
2354,6,911.0000000000005,6,827.5599999999997,swap,improve
2355,6,910.2800000000004,6,827.5599999999997,swap,improve
2356,6,910.5600000000004,6,827.5599999999997,2opt,acceptBad
2357,6,917.1000000000004,6,827.5599999999997,swap,acceptBad
2358,6,914.4200000000005,6,827.5599999999997,swap,improve
2359,6,914.4200000000005,6,827.5599999999997,2opt,notBad
2360,6,913.0600000000005,6,827.5599999999997,swap,improve
2361,6,913.0600000000005,6,827.5599999999997,2opt,notBad
2362,6,921.0800000000005,6,827.5599999999997,swap,acceptBad
2363,6,917.7000000000005,6,827.5599999999997,swap,improve
2364,6,917.7000000000005,6,827.5599999999997,2opt,notBad
2365,6,923.2200000000005,6,827.5599999999997,2opt,acceptBad
2366,6,879.1400000000003,6,827.5599999999997,move,improve
2367,6,879.1400000000003,6,827.5599999999997,swap,notBad
2368,6,882.3200000000003,6,827.5599999999997,swap,acceptBad
2369,6,873.4600000000003,6,827.5599999999997,swap,improve
2370,6,873.9600000000003,6,827.5599999999997,swap,acceptBad
2371,6,863.4000000000001,6,827.5599999999997,2opt,improve
2372,6,863.4000000000001,6,827.5599999999997,move,improve
2373,6,871.1000000000004,6,827.5599999999997,swap,acceptBad
2374,6,875.0600000000004,6,827.5599999999997,swap,acceptBad
2375,6,846.22,6,827.5599999999997,move,improve
2376,6,838.1200000000001,6,827.5599999999997,move,improve
2377,6,838.1200000000001,6,827.5599999999997,2opt,notBad
2378,6,838.1200000000001,6,827.5599999999997,move,improve
2379,6,828.3199999999999,6,827.5599999999997,move,improve
2380,6,833.28,6,827.5599999999997,swap,acceptBad
2381,6,833.28,6,827.5599999999997,2opt,notBad
2382,6,878.9400000000003,6,827.5599999999997,swap,acceptBad
2383,6,878.9400000000003,6,827.5599999999997,move,improve
2384,6,880.5000000000002,6,827.5599999999997,2opt,acceptBad
2385,6,880.5000000000002,6,827.5599999999997,2opt,notBad
2386,6,871.1800000000003,6,827.5599999999997,move,improve
2387,6,871.1800000000003,6,827.5599999999997,2opt,notBad
2388,6,871.1800000000003,6,827.5599999999997,2opt,notBad
2389,6,871.1800000000003,6,827.5599999999997,2opt,notBad
2390,6,871.7200000000004,6,827.5599999999997,swap,acceptBad
2391,6,871.7200000000004,6,827.5599999999997,2opt,notBad
2392,6,857.3400000000004,6,827.5599999999997,move,improve
2393,6,857.3400000000004,6,827.5599999999997,2opt,notBad
2394,6,877.62,6,827.5599999999997,2opt,acceptBad
2395,6,744.5800000000002,6,744.5800000000002,move,newBest
2396,6,744.0600000000003,6,744.0600000000003,move,newBest
2397,6,744.0600000000003,6,744.0600000000003,2opt,notBad
2398,6,744.0600000000003,6,744.0600000000003,2opt,notBad
2399,6,768.3600000000001,6,744.0600000000003,swap,acceptBad
2400,6,768.3600000000001,6,744.0600000000003,2opt,notBad
2401,6,769.9000000000002,6,744.0600000000003,swap,acceptBad
2402,6,769.8400000000001,6,744.0600000000003,move,improve
2403,6,769.8400000000001,6,744.0600000000003,swap,notBad
2404,6,769.8400000000001,6,744.0600000000003,move,improve
2405,6,758.6600000000003,6,744.0600000000003,swap,improve
2406,6,758.6600000000003,6,744.0600000000003,move,improve
2407,6,758.6600000000003,6,744.0600000000003,move,improve
2408,6,758.6600000000003,6,744.0600000000003,move,improve
2409,6,758.6600000000003,6,744.0600000000003,2opt,notBad
2410,6,758.6600000000003,6,744.0600000000003,move,improve
2411,6,758.6600000000003,6,744.0600000000003,2opt,notBad
2412,6,762.9600000000003,6,744.0600000000003,swap,acceptBad
2413,6,762.9600000000003,6,744.0600000000003,2opt,notBad
2414,6,745.4000000000004,6,744.0600000000003,move,improve
2415,6,760.8400000000001,6,744.0600000000003,swap,acceptBad
2416,6,749.7000000000005,6,744.0600000000003,swap,improve
2417,6,749.7000000000005,6,744.0600000000003,2opt,improve
2418,6,749.7000000000005,6,744.0600000000003,2opt,notBad
2419,6,758.7400000000002,6,744.0600000000003,2opt,acceptBad
2420,6,758.7400000000002,6,744.0600000000003,2opt,notBad
2421,6,752.1200000000003,6,744.0600000000003,2opt,improve
2422,6,793.32,6,744.0600000000003,swap,acceptBad
2423,6,793.32,6,744.0600000000003,2opt,notBad
2424,6,793.32,6,744.0600000000003,2opt,notBad
2425,6,749.8800000000003,6,744.0600000000003,move,improve
2426,6,749.8800000000003,6,744.0600000000003,move,improve
2427,6,751.2400000000005,6,744.0600000000003,2opt,acceptBad
2428,6,757.8400000000004,6,744.0600000000003,2opt,acceptBad
2429,6,757.8400000000004,6,744.0600000000003,2opt,notBad
2430,6,757.8400000000004,6,744.0600000000003,swap,notBad
2431,6,757.8400000000004,6,744.0600000000003,2opt,notBad
2432,6,757.8400000000004,6,744.0600000000003,2opt,notBad
2433,6,757.8400000000004,6,744.0600000000003,move,improve
2434,6,757.8400000000004,6,744.0600000000003,2opt,notBad
2435,6,765.1400000000003,6,744.0600000000003,swap,acceptBad
2436,6,837.9600000000003,6,744.0600000000003,move,acceptBad
2437,6,824.5600000000002,6,744.0600000000003,move,improve
2438,6,824.5600000000002,6,744.0600000000003,2opt,notBad
2439,6,824.5600000000002,6,744.0600000000003,move,improve
2440,6,824.5600000000002,6,744.0600000000003,move,improve
2441,6,810.48,6,744.0600000000003,move,improve
2442,6,807.5800000000002,6,744.0600000000003,2opt,improve
2443,6,804.2800000000001,6,744.0600000000003,move,improve
2444,6,804.2800000000001,6,744.0600000000003,2opt,notBad
2445,6,802.6600000000001,6,744.0600000000003,swap,improve
2446,6,804.2,6,744.0600000000003,swap,acceptBad
2447,6,801.6800000000001,6,744.0600000000003,2opt,improve
2448,6,801.6800000000001,6,744.0600000000003,2opt,notBad
2449,6,796.9200000000001,6,744.0600000000003,move,improve
2450,6,798.24,6,744.0600000000003,2opt,acceptBad
2451,6,803.46,6,744.0600000000003,swap,acceptBad
2452,6,846.32,6,744.0600000000003,swap,acceptBad
2453,6,846.32,6,744.0600000000003,2opt,improve
2454,6,846.3200000000002,6,744.0600000000003,2opt,acceptBad
2455,6,858.6000000000001,6,744.0600000000003,swap,acceptBad
2456,6,858.6000000000001,6,744.0600000000003,2opt,notBad
2457,6,858.6000000000001,6,744.0600000000003,2opt,notBad
2458,6,872.2600000000001,6,744.0600000000003,swap,acceptBad
2459,6,872.2600000000001,6,744.0600000000003,2opt,notBad
2460,6,870.08,6,744.0600000000003,2opt,improve
2461,6,868.94,6,744.0600000000003,move,improve
2462,6,868.94,6,744.0600000000003,move,improve
2463,6,812.0800000000002,6,744.0600000000003,move,improve
2464,6,750.5400000000001,6,744.0600000000003,move,improve
2465,6,750.5400000000001,6,744.0600000000003,move,improve
2466,6,731.6,6,731.6,swap,newBest
2467,6,706.5,6,706.5,swap,newBest
2468,6,729.1599999999999,6,706.5,2opt,acceptBad
2469,6,729.1599999999999,6,706.5,2opt,notBad
2470,6,727.5799999999997,6,706.5,2opt,improve
2471,6,727.5799999999997,6,706.5,2opt,notBad
2472,6,727.5799999999997,6,706.5,2opt,notBad
2473,6,727.5799999999997,6,706.5,2opt,notBad
2474,6,727.5799999999997,6,706.5,move,improve
2475,6,669.92,6,669.92,swap,newBest
2476,6,662.8399999999999,6,662.8399999999999,move,newBest
2477,6,662.8399999999999,6,662.8399999999999,2opt,notBad
2478,6,655.94,6,655.94,swap,newBest
2479,6,655.94,6,655.94,move,improve
2480,6,626.6199999999998,6,626.6199999999998,move,newBest
2481,6,741.1400000000004,6,626.6199999999998,swap,acceptBad
2482,6,741.1400000000004,6,626.6199999999998,move,improve
2483,6,741.3800000000005,6,626.6199999999998,swap,acceptBad
2484,6,756.4000000000005,6,626.6199999999998,swap,acceptBad
2485,6,756.4000000000005,6,626.6199999999998,move,improve
2486,6,746.8600000000005,6,626.6199999999998,move,improve
2487,6,746.8600000000005,6,626.6199999999998,swap,notBad
2488,6,746.8600000000005,6,626.6199999999998,2opt,notBad
2489,6,747.8000000000004,6,626.6199999999998,2opt,acceptBad
2490,6,747.8000000000004,6,626.6199999999998,2opt,notBad
2491,6,744.0200000000001,6,626.6199999999998,swap,improve
2492,6,738.1600000000001,6,626.6199999999998,move,improve
2493,6,755.44,6,626.6199999999998,swap,acceptBad
2494,6,744.5600000000002,6,626.6199999999998,2opt,improve
2495,6,691.1200000000003,6,626.6199999999998,move,improve
2496,6,691.1600000000003,6,626.6199999999998,swap,acceptBad
2497,6,692.2200000000003,6,626.6199999999998,swap,acceptBad
2498,6,692.2200000000003,6,626.6199999999998,move,improve
2499,6,692.2200000000003,6,626.6199999999998,2opt,notBad
2500,6,692.2200000000003,6,626.6199999999998,2opt,improve
2501,6,703.1000000000004,6,626.6199999999998,2opt,acceptBad
2502,6,657.4400000000005,6,626.6199999999998,move,improve
2503,6,657.4400000000005,6,626.6199999999998,2opt,notBad
2504,6,671.5000000000006,6,626.6199999999998,swap,acceptBad
2505,6,671.5000000000006,6,626.6199999999998,2opt,notBad
2506,6,671.5000000000006,6,626.6199999999998,move,improve
2507,6,671.5000000000006,6,626.6199999999998,move,improve
2508,6,671.5000000000006,6,626.6199999999998,swap,notBad
2509,6,671.5000000000006,6,626.6199999999998,2opt,notBad
2510,6,671.5000000000006,6,626.6199999999998,2opt,improve
2511,6,667.0800000000006,6,626.6199999999998,move,improve
2512,6,695.0200000000006,6,626.6199999999998,swap,acceptBad
2513,6,695.0200000000006,6,626.6199999999998,2opt,notBad
2514,6,689.6200000000006,6,626.6199999999998,swap,improve
2515,6,645.4800000000006,6,626.6199999999998,swap,improve
2516,6,645.4800000000006,6,626.6199999999998,2opt,notBad
2517,6,626.2600000000007,6,626.2600000000007,move,newBest
2518,6,626.2600000000007,6,626.2600000000007,2opt,notBad
2519,6,620.8600000000006,6,620.8600000000006,move,newBest
2520,6,614.7199999999998,6,614.7199999999998,move,newBest
2521,6,614.7199999999998,6,614.7199999999998,2opt,improve
2522,6,615.7199999999999,6,614.7199999999998,2opt,acceptBad
2523,6,615.7199999999999,6,614.7199999999998,swap,notBad
2524,6,614.1399999999999,6,614.1399999999999,swap,newBest
2525,6,614.1399999999999,6,614.1399999999999,2opt,improve
2526,6,614.1399999999999,6,614.1399999999999,2opt,improve
2527,6,632.7,6,614.1399999999999,swap,acceptBad
2528,6,632.7,6,614.1399999999999,swap,notBad
2529,6,622.1399999999999,6,614.1399999999999,swap,improve
2530,6,630.4599999999998,6,614.1399999999999,2opt,acceptBad
2531,6,627.4200000000001,6,614.1399999999999,move,improve
2532,6,627.4200000000001,6,614.1399999999999,move,improve
2533,6,627.4200000000001,6,614.1399999999999,2opt,notBad
2534,6,641.6800000000001,6,614.1399999999999,swap,acceptBad
2535,6,641.6800000000001,6,614.1399999999999,2opt,notBad
2536,6,641.6800000000001,6,614.1399999999999,2opt,notBad
2537,6,608.2999999999995,6,608.2999999999995,move,newBest
2538,6,610.7799999999995,6,608.2999999999995,swap,acceptBad
2539,6,720.7399999999993,6,608.2999999999995,move,acceptBad
2540,6,720.7399999999993,6,608.2999999999995,swap,notBad
2541,6,720.7399999999993,6,608.2999999999995,2opt,notBad
2542,6,617.6399999999998,6,608.2999999999995,swap,improve
2543,6,617.6399999999998,6,608.2999999999995,2opt,notBad
2544,6,617.6399999999998,6,608.2999999999995,2opt,notBad
2545,6,620.5599999999997,6,608.2999999999995,2opt,acceptBad
2546,6,620.5599999999997,6,608.2999999999995,move,improve
2547,6,621.3799999999998,6,608.2999999999995,swap,acceptBad
2548,6,619.3399999999998,6,608.2999999999995,swap,improve
2549,6,611.1800000000001,6,608.2999999999995,swap,improve
2550,6,650.6800000000001,6,608.2999999999995,swap,acceptBad
2551,6,648.3600000000001,6,608.2999999999995,2opt,improve
2552,6,648.3600000000001,6,608.2999999999995,2opt,notBad
2553,6,648.3600000000001,6,608.2999999999995,move,improve
2554,6,646.6400000000001,6,608.2999999999995,2opt,improve
2555,6,644.48,6,608.2999999999995,2opt,improve
2556,6,637.94,6,608.2999999999995,move,improve
2557,6,637.94,6,608.2999999999995,2opt,improve
2558,6,637.5600000000001,6,608.2999999999995,swap,improve
2559,6,749.54,6,608.2999999999995,swap,acceptBad
2560,6,743.48,6,608.2999999999995,swap,improve
2561,6,743.48,6,608.2999999999995,2opt,notBad
2562,6,795.3000000000002,6,608.2999999999995,swap,acceptBad
2563,6,795.3000000000002,6,608.2999999999995,2opt,notBad
2564,6,798.0200000000002,6,608.2999999999995,2opt,acceptBad
2565,6,751.2000000000003,6,608.2999999999995,move,improve
2566,6,751.2000000000003,6,608.2999999999995,move,improve
2567,6,791.3399999999997,6,608.2999999999995,swap,acceptBad
2568,6,790.1999999999996,6,608.2999999999995,move,improve
2569,6,693.0199999999996,6,608.2999999999995,swap,improve
2570,6,693.0199999999996,6,608.2999999999995,2opt,notBad
2571,6,693.0199999999996,6,608.2999999999995,2opt,notBad
2572,6,684.1199999999997,6,608.2999999999995,swap,improve
2573,6,684.1199999999997,6,608.2999999999995,2opt,notBad
2574,6,632.1200000000001,6,608.2999999999995,move,improve
2575,6,632.1200000000001,6,608.2999999999995,2opt,notBad
2576,6,632.1200000000001,6,608.2999999999995,move,improve
2577,6,633.8800000000003,6,608.2999999999995,2opt,acceptBad
2578,6,694.6599999999999,6,608.2999999999995,swap,acceptBad
2579,6,694.6599999999999,6,608.2999999999995,2opt,notBad
2580,6,694.6599999999999,6,608.2999999999995,2opt,notBad
2581,6,694.6599999999999,6,608.2999999999995,2opt,notBad
2582,6,694.6599999999999,6,608.2999999999995,swap,notBad
2583,6,731.8199999999997,6,608.2999999999995,swap,acceptBad
2584,6,737.0599999999997,6,608.2999999999995,swap,acceptBad
2585,6,737.0599999999997,6,608.2999999999995,2opt,notBad
2586,6,739.8999999999996,6,608.2999999999995,2opt,acceptBad
2587,6,739.8999999999996,6,608.2999999999995,2opt,notBad
2588,6,688.4199999999997,6,608.2999999999995,move,improve
2589,6,636.7799999999999,6,608.2999999999995,move,improve
2590,6,637.3,6,608.2999999999995,2opt,acceptBad
2591,6,632.26,6,608.2999999999995,move,improve
2592,6,641.3999999999999,6,608.2999999999995,swap,acceptBad
2593,6,612.8999999999996,6,608.2999999999995,swap,improve
2594,6,603.3199999999997,6,603.3199999999997,move,newBest
2595,6,603.3199999999997,6,603.3199999999997,2opt,notBad
2596,6,598.9599999999996,6,598.9599999999996,2opt,newBest
2597,6,591.5199999999995,6,591.5199999999995,swap,newBest
2598,6,591.5199999999995,6,591.5199999999995,swap,notBad
2599,6,591.5199999999995,6,591.5199999999995,swap,notBad
2600,6,587.7599999999995,6,587.7599999999995,2opt,newBest
2601,6,558.8199999999999,6,558.8199999999999,2opt,newBest
2602,6,568.4600000000003,6,558.8199999999999,swap,acceptBad
2603,6,575.2400000000002,6,558.8199999999999,2opt,acceptBad
2604,6,575.2400000000002,6,558.8199999999999,swap,notBad
2605,6,575.2400000000002,6,558.8199999999999,swap,notBad
2606,6,579.3800000000003,6,558.8199999999999,2opt,acceptBad
2607,6,579.3800000000003,6,558.8199999999999,move,improve
2608,6,633.0400000000002,6,558.8199999999999,swap,acceptBad
2609,6,617.6800000000002,6,558.8199999999999,2opt,improve
2610,6,617.6800000000002,6,558.8199999999999,swap,notBad
2611,6,617.6800000000002,6,558.8199999999999,2opt,notBad
2612,6,633.0400000000002,6,558.8199999999999,swap,acceptBad
2613,6,633.0400000000002,6,558.8199999999999,2opt,notBad
2614,6,638.5799999999997,6,558.8199999999999,swap,acceptBad
2615,6,637.2599999999996,6,558.8199999999999,move,improve
2616,6,637.2599999999996,6,558.8199999999999,2opt,notBad
2617,6,637.2599999999996,6,558.8199999999999,2opt,notBad
2618,6,642.0199999999998,6,558.8199999999999,2opt,acceptBad
2619,6,642.0199999999998,6,558.8199999999999,move,improve
2620,6,632.4599999999998,6,558.8199999999999,move,improve
2621,6,638.3199999999997,6,558.8199999999999,swap,acceptBad
2622,6,638.3199999999997,6,558.8199999999999,swap,notBad
2623,6,638.3199999999997,6,558.8199999999999,2opt,notBad
2624,6,638.3199999999997,6,558.8199999999999,2opt,notBad
2625,6,638.3199999999997,6,558.8199999999999,2opt,notBad
2626,6,638.3199999999997,6,558.8199999999999,move,improve
2627,6,638.3199999999997,6,558.8199999999999,move,improve
2628,6,638.3199999999997,6,558.8199999999999,2opt,notBad
2629,6,626.7599999999998,6,558.8199999999999,move,improve
2630,6,620.0599999999997,6,558.8199999999999,move,improve
2631,6,620.0599999999997,6,558.8199999999999,swap,notBad
2632,6,620.0599999999997,6,558.8199999999999,swap,notBad
2633,6,620.0599999999997,6,558.8199999999999,swap,notBad
2634,6,618.0799999999998,6,558.8199999999999,2opt,improve
2635,6,622.4399999999997,6,558.8199999999999,swap,acceptBad
2636,6,622.4399999999997,6,558.8199999999999,2opt,improve
2637,6,622.4399999999997,6,558.8199999999999,2opt,notBad
2638,6,622.4399999999997,6,558.8199999999999,2opt,improve
2639,6,622.4399999999997,6,558.8199999999999,2opt,notBad
2640,6,634.4800000000004,6,558.8199999999999,swap,acceptBad
2641,6,635.4800000000004,6,558.8199999999999,2opt,acceptBad
2642,6,635.4800000000004,6,558.8199999999999,2opt,notBad
2643,6,635.4800000000004,6,558.8199999999999,move,improve
2644,6,617.9200000000003,6,558.8199999999999,move,improve
2645,6,614.6600000000003,6,558.8199999999999,swap,improve
2646,6,614.6600000000003,6,558.8199999999999,move,improve
2647,6,669.5400000000005,6,558.8199999999999,swap,acceptBad
2648,6,670.6400000000004,6,558.8199999999999,2opt,acceptBad
2649,6,663.6800000000005,6,558.8199999999999,2opt,improve
2650,6,663.6800000000005,6,558.8199999999999,2opt,notBad
2651,6,661.5800000000005,6,558.8199999999999,move,improve
2652,6,661.5800000000005,6,558.8199999999999,2opt,improve
2653,6,669.9000000000005,6,558.8199999999999,swap,acceptBad
2654,6,682.2000000000002,6,558.8199999999999,swap,acceptBad
2655,6,674.3000000000002,6,558.8199999999999,swap,improve
2656,6,674.3000000000002,6,558.8199999999999,swap,notBad
2657,6,674.3000000000002,6,558.8199999999999,swap,notBad
2658,6,674.3000000000002,6,558.8199999999999,2opt,notBad
2659,6,674.3000000000002,6,558.8199999999999,move,improve
2660,6,679.0800000000002,6,558.8199999999999,2opt,acceptBad
2661,6,685.8200000000002,6,558.8199999999999,swap,acceptBad
2662,6,685.8200000000002,6,558.8199999999999,swap,notBad
2663,6,685.8200000000002,6,558.8199999999999,move,improve
2664,6,679.8600000000001,6,558.8199999999999,move,improve
2665,6,681.8600000000001,6,558.8199999999999,swap,acceptBad
2666,6,666.1200000000001,6,558.8199999999999,move,improve
2667,6,666.1200000000001,6,558.8199999999999,2opt,notBad
2668,6,666.1200000000001,6,558.8199999999999,move,improve
2669,6,657.7000000000002,6,558.8199999999999,move,improve
2670,6,657.7000000000002,6,558.8199999999999,move,improve
2671,6,655.8600000000001,6,558.8199999999999,move,improve
2672,6,678.5400000000002,6,558.8199999999999,swap,acceptBad
2673,6,678.5400000000002,6,558.8199999999999,2opt,notBad
2674,6,680.4800000000001,6,558.8199999999999,2opt,acceptBad
2675,6,680.4800000000001,6,558.8199999999999,2opt,notBad
2676,6,680.4800000000001,6,558.8199999999999,swap,notBad
2677,6,680.4800000000001,6,558.8199999999999,swap,notBad
2678,6,680.4800000000001,6,558.8199999999999,move,improve
2679,6,680.1000000000001,6,558.8199999999999,swap,improve
2680,6,681.8000000000002,6,558.8199999999999,swap,acceptBad
2681,6,681.8000000000002,6,558.8199999999999,2opt,notBad
2682,6,633.0799999999997,6,558.8199999999999,move,improve
2683,6,633.0799999999997,6,558.8199999999999,2opt,notBad
2684,6,569.4199999999996,6,558.8199999999999,swap,improve
2685,6,569.4199999999996,6,558.8199999999999,move,improve
2686,6,572.6399999999996,6,558.8199999999999,2opt,acceptBad
2687,6,573.0199999999995,6,558.8199999999999,2opt,acceptBad
2688,6,572.6999999999996,6,558.8199999999999,swap,improve
2689,6,572.6999999999996,6,558.8199999999999,2opt,notBad
2690,6,572.6999999999996,6,558.8199999999999,2opt,notBad
2691,6,572.6999999999996,6,558.8199999999999,2opt,notBad
2692,6,572.6999999999996,6,558.8199999999999,swap,notBad
2693,6,570.7399999999996,6,558.8199999999999,swap,improve
2694,6,585.2400000000004,6,558.8199999999999,swap,acceptBad
2695,6,585.2400000000004,6,558.8199999999999,move,improve
2696,6,585.2400000000004,6,558.8199999999999,2opt,notBad
2697,6,580.4000000000003,6,558.8199999999999,2opt,improve
2698,6,580.4000000000003,6,558.8199999999999,move,improve
2699,6,580.4000000000003,6,558.8199999999999,2opt,improve
2700,6,580.5000000000003,6,558.8199999999999,swap,acceptBad
2701,6,580.5000000000003,6,558.8199999999999,move,improve
2702,6,573.5999999999997,6,558.8199999999999,swap,improve
2703,6,573.5999999999997,6,558.8199999999999,move,improve
2704,6,584.0999999999997,6,558.8199999999999,swap,acceptBad
2705,6,584.0999999999997,6,558.8199999999999,move,improve
2706,6,584.0999999999997,6,558.8199999999999,swap,notBad
2707,6,582.5999999999997,6,558.8199999999999,swap,improve
2708,6,568.3399999999997,6,558.8199999999999,swap,improve
2709,6,568.3399999999997,6,558.8199999999999,2opt,notBad
2710,6,568.3399999999997,6,558.8199999999999,move,improve
2711,6,568.5199999999998,6,558.8199999999999,swap,acceptBad
2712,6,568.5199999999998,6,558.8199999999999,swap,notBad
2713,6,572.0199999999998,6,558.8199999999999,swap,acceptBad
2714,6,572.0199999999998,6,558.8199999999999,2opt,notBad
2715,6,572.0199999999998,6,558.8199999999999,2opt,notBad
2716,6,572.2599999999996,6,558.8199999999999,swap,acceptBad
2717,6,565.7999999999998,6,558.8199999999999,move,improve
2718,6,565.7999999999998,6,558.8199999999999,swap,notBad
2719,6,565.7999999999998,6,558.8199999999999,move,improve
2720,6,565.7999999999998,6,558.8199999999999,2opt,notBad
2721,6,565.7999999999998,6,558.8199999999999,2opt,improve
2722,6,565.7999999999998,6,558.8199999999999,2opt,notBad
2723,6,565.7999999999998,6,558.8199999999999,move,improve
2724,6,565.7999999999998,6,558.8199999999999,2opt,notBad
2725,6,566.9399999999998,6,558.8199999999999,2opt,acceptBad
2726,6,566.9399999999998,6,558.8199999999999,2opt,notBad
2727,6,566.9399999999998,6,558.8199999999999,2opt,notBad
2728,6,561.7399999999999,6,558.8199999999999,2opt,improve
2729,6,561.7399999999999,6,558.8199999999999,move,improve
2730,6,561.7399999999999,6,558.8199999999999,2opt,notBad
2731,6,563.5799999999999,6,558.8199999999999,swap,acceptBad
2732,6,560.9599999999998,6,558.8199999999999,move,improve
2733,6,552.3999999999997,6,552.3999999999997,move,newBest
2734,6,551.8599999999998,6,551.8599999999998,move,newBest
2735,6,551.8599999999998,6,551.8599999999998,swap,notBad
2736,6,551.8599999999998,6,551.8599999999998,2opt,notBad
2737,6,548.8999999999999,6,548.8999999999999,2opt,newBest
2738,6,548.8999999999999,6,548.8999999999999,move,improve
2739,6,543.3399999999998,6,543.3399999999998,move,newBest
2740,6,528.72,6,528.72,move,newBest
2741,6,528.3,6,528.3,move,newBest
2742,6,517.1,6,517.1,move,newBest
2743,6,517.1,6,517.1,move,improve
2744,6,570.7599999999996,6,517.1,swap,acceptBad
2745,6,570.7599999999996,6,517.1,swap,notBad
2746,6,570.7599999999996,6,517.1,swap,notBad
2747,6,570.7599999999996,6,517.1,swap,notBad
2748,6,570.7599999999996,6,517.1,swap,notBad
2749,6,514.58,6,514.58,move,newBest
2750,6,509.9599999999999,6,509.9599999999999,move,newBest
2751,6,509.9599999999999,6,509.9599999999999,move,improve
2752,6,531.12,6,509.9599999999999,swap,acceptBad
2753,6,531.12,6,509.9599999999999,2opt,notBad
2754,6,533.8600000000001,6,509.9599999999999,2opt,acceptBad
2755,6,533.8600000000001,6,509.9599999999999,2opt,improve
2756,6,548.0000000000001,6,509.9599999999999,swap,acceptBad
2757,6,524.5999999999998,6,509.9599999999999,move,improve
2758,6,524.5999999999998,6,509.9599999999999,swap,notBad
2759,6,524.5999999999998,6,509.9599999999999,2opt,notBad
2760,6,524.5999999999998,6,509.9599999999999,move,improve
2761,6,525.1799999999998,6,509.9599999999999,swap,acceptBad
2762,6,525.1799999999998,6,509.9599999999999,swap,notBad
2763,6,531.0799999999998,6,509.9599999999999,swap,acceptBad
2764,6,531.0799999999998,6,509.9599999999999,move,improve
2765,6,531.9599999999998,6,509.9599999999999,2opt,acceptBad
2766,6,531.9599999999998,6,509.9599999999999,swap,notBad
2767,6,531.9599999999998,6,509.9599999999999,2opt,notBad
2768,6,536.2599999999998,6,509.9599999999999,swap,acceptBad
2769,6,536.2599999999998,6,509.9599999999999,2opt,notBad
2770,6,536.2599999999998,6,509.9599999999999,2opt,notBad
2771,6,536.2599999999998,6,509.9599999999999,2opt,improve
2772,6,531.7799999999997,6,509.9599999999999,swap,improve
2773,6,531.7799999999997,6,509.9599999999999,2opt,notBad
2774,6,531.7799999999997,6,509.9599999999999,2opt,notBad
2775,6,531.7799999999997,6,509.9599999999999,2opt,notBad
2776,6,531.7799999999997,6,509.9599999999999,move,improve
2777,6,531.7799999999997,6,509.9599999999999,move,improve
2778,6,531.7799999999997,6,509.9599999999999,2opt,notBad
2779,6,531.7199999999998,6,509.9599999999999,move,improve
2780,6,531.7199999999998,6,509.9599999999999,move,improve
2781,6,531.7199999999998,6,509.9599999999999,2opt,notBad
2782,6,521.9599999999998,6,509.9599999999999,move,improve
2783,6,521.9599999999998,6,509.9599999999999,move,improve
2784,6,521.9599999999998,6,509.9599999999999,move,notBad
2785,6,521.9599999999998,6,509.9599999999999,move,improve
2786,6,542.1599999999999,6,509.9599999999999,swap,acceptBad
2787,6,553.1999999999998,6,509.9599999999999,2opt,acceptBad
2788,6,553.1999999999998,6,509.9599999999999,swap,notBad
2789,6,543.3399999999997,6,509.9599999999999,move,improve
2790,6,542.8399999999997,6,509.9599999999999,move,improve
2791,6,619.8600000000004,6,509.9599999999999,swap,acceptBad
2792,6,620.1800000000003,6,509.9599999999999,swap,acceptBad
2793,6,623.7400000000002,6,509.9599999999999,swap,acceptBad
2794,6,623.7400000000002,6,509.9599999999999,swap,notBad
2795,6,623.7400000000002,6,509.9599999999999,move,improve
2796,6,607.2599999999998,6,509.9599999999999,move,improve
2797,6,607.2599999999998,6,509.9599999999999,swap,notBad
2798,6,607.2599999999998,6,509.9599999999999,2opt,notBad
2799,6,601.0599999999997,6,509.9599999999999,move,improve
2800,6,589.2199999999998,6,509.9599999999999,move,improve
2801,6,589.2199999999998,6,509.9599999999999,move,improve
2802,6,607.0399999999997,6,509.9599999999999,swap,acceptBad
2803,6,601.3999999999997,6,509.9599999999999,swap,improve
2804,6,598.0799999999997,6,509.9599999999999,move,improve
2805,6,610.0799999999998,6,509.9599999999999,swap,acceptBad
2806,6,610.0799999999998,6,509.9599999999999,2opt,notBad
2807,6,597.7799999999997,6,509.9599999999999,swap,improve
2808,6,589.8199999999998,6,509.9599999999999,2opt,improve
2809,6,589.8199999999998,6,509.9599999999999,swap,notBad
2810,6,590.2399999999998,6,509.9599999999999,swap,acceptBad
2811,6,581.9999999999999,6,509.9599999999999,move,improve
2812,6,582.9999999999998,6,509.9599999999999,2opt,acceptBad
2813,6,582.9999999999998,6,509.9599999999999,swap,notBad
2814,6,582.9999999999998,6,509.9599999999999,2opt,notBad
2815,6,580.9399999999997,6,509.9599999999999,move,improve
2816,6,580.9399999999997,6,509.9599999999999,2opt,notBad
2817,6,580.9399999999997,6,509.9599999999999,move,improve
2818,6,578.1399999999998,6,509.9599999999999,move,improve
2819,6,578.1399999999998,6,509.9599999999999,2opt,notBad
2820,6,578.1399999999998,6,509.9599999999999,swap,notBad
2821,6,578.1399999999998,6,509.9599999999999,2opt,notBad
2822,6,613.72,6,509.9599999999999,swap,acceptBad
2823,6,564.2799999999999,6,509.9599999999999,move,improve
2824,6,564.2799999999999,6,509.9599999999999,move,improve
2825,6,564.2799999999999,6,509.9599999999999,2opt,notBad
2826,6,564.2799999999999,6,509.9599999999999,2opt,notBad
2827,6,564.2799999999999,6,509.9599999999999,2opt,notBad
2828,6,564.2799999999999,6,509.9599999999999,move,improve
2829,6,564.2799999999999,6,509.9599999999999,2opt,improve
2830,6,564.2799999999999,6,509.9599999999999,swap,notBad
2831,6,564.2799999999999,6,509.9599999999999,move,improve
2832,6,564.2799999999999,6,509.9599999999999,move,improve
2833,6,564.2799999999999,6,509.9599999999999,swap,notBad
2834,6,572.7399999999999,6,509.9599999999999,swap,acceptBad
2835,6,572.7399999999999,6,509.9599999999999,swap,notBad
2836,6,572.7399999999999,6,509.9599999999999,swap,notBad
2837,6,572.7399999999999,6,509.9599999999999,move,improve
2838,6,572.7399999999999,6,509.9599999999999,swap,notBad
2839,6,519.98,6,509.9599999999999,move,improve
2840,6,518.58,6,509.9599999999999,move,improve
2841,6,510.36,6,509.9599999999999,move,improve
2842,6,510.36,6,509.9599999999999,swap,notBad
2843,6,510.36,6,509.9599999999999,move,improve
2844,6,510.36,6,509.9599999999999,swap,notBad
2845,6,510.36,6,509.9599999999999,2opt,notBad
2846,6,515.8399999999998,6,509.9599999999999,swap,acceptBad
2847,6,514.2999999999998,6,509.9599999999999,2opt,improve
2848,6,514.2999999999998,6,509.9599999999999,move,improve
2849,6,514.2999999999998,6,509.9599999999999,move,improve
2850,6,514.2999999999998,6,509.9599999999999,2opt,improve
2851,6,514.2999999999998,6,509.9599999999999,swap,notBad
2852,6,514.2999999999998,6,509.9599999999999,move,improve
2853,6,514.2999999999998,6,509.9599999999999,swap,notBad
2854,6,524.9599999999999,6,509.9599999999999,2opt,acceptBad
2855,6,538.5399999999998,6,509.9599999999999,swap,acceptBad
2856,6,538.5399999999998,6,509.9599999999999,swap,notBad
2857,6,542.5600000000001,6,509.9599999999999,2opt,acceptBad
2858,6,542.5600000000001,6,509.9599999999999,2opt,improve
2859,6,555.8200000000002,6,509.9599999999999,swap,acceptBad
2860,6,555.8200000000002,6,509.9599999999999,move,improve
2861,6,555.8200000000002,6,509.9599999999999,2opt,notBad
2862,6,555.6000000000001,6,509.9599999999999,move,improve
2863,6,556.4200000000001,6,509.9599999999999,swap,acceptBad
2864,6,541.2600000000001,6,509.9599999999999,swap,improve
2865,6,541.2600000000001,6,509.9599999999999,2opt,notBad
2866,6,557.5400000000002,6,509.9599999999999,swap,acceptBad
2867,6,557.3400000000001,6,509.9599999999999,move,improve
2868,6,552.8000000000001,6,509.9599999999999,move,improve
2869,6,533.9199999999997,6,509.9599999999999,move,improve
2870,6,533.9199999999997,6,509.9599999999999,2opt,notBad
2871,6,558.2599999999998,6,509.9599999999999,swap,acceptBad
2872,6,558.2599999999998,6,509.9599999999999,2opt,notBad
2873,6,558.2599999999998,6,509.9599999999999,swap,notBad
2874,6,556.0799999999998,6,509.9599999999999,swap,improve
2875,6,556.0799999999998,6,509.9599999999999,2opt,improve
2876,6,569.2199999999998,6,509.9599999999999,swap,acceptBad
2877,6,569.2199999999998,6,509.9599999999999,move,improve
2878,6,569.2199999999998,6,509.9599999999999,2opt,improve
2879,6,569.2199999999998,6,509.9599999999999,2opt,notBad
2880,6,569.9999999999999,6,509.9599999999999,swap,acceptBad
2881,6,565.5599999999998,6,509.9599999999999,2opt,improve
2882,6,565.5599999999998,6,509.9599999999999,move,improve
2883,6,571.2999999999998,6,509.9599999999999,swap,acceptBad
2884,6,573.5799999999999,6,509.9599999999999,2opt,acceptBad
2885,6,573.5799999999999,6,509.9599999999999,2opt,notBad
2886,6,573.5799999999999,6,509.9599999999999,swap,notBad
2887,6,573.5799999999999,6,509.9599999999999,move,improve
2888,6,573.5799999999999,6,509.9599999999999,2opt,notBad
2889,6,573.5799999999999,6,509.9599999999999,swap,notBad
2890,6,567.8399999999999,6,509.9599999999999,move,improve
2891,6,567.8399999999999,6,509.9599999999999,swap,notBad
2892,6,567.8399999999999,6,509.9599999999999,swap,notBad
2893,6,567.8399999999999,6,509.9599999999999,move,improve
2894,6,567.8399999999999,6,509.9599999999999,swap,notBad
2895,6,570.1599999999999,6,509.9599999999999,swap,acceptBad
2896,6,570.1599999999999,6,509.9599999999999,2opt,notBad
2897,6,570.1599999999999,6,509.9599999999999,move,improve
2898,6,570.1599999999999,6,509.9599999999999,2opt,notBad
2899,6,570.1599999999999,6,509.9599999999999,2opt,notBad
2900,6,570.1599999999999,6,509.9599999999999,swap,notBad
2901,6,570.1599999999999,6,509.9599999999999,move,improve
2902,6,570.1599999999999,6,509.9599999999999,2opt,notBad
2903,6,570.1599999999999,6,509.9599999999999,2opt,notBad
2904,6,570.1599999999999,6,509.9599999999999,swap,notBad
2905,6,570.1599999999999,6,509.9599999999999,2opt,notBad
2906,6,569.0199999999999,6,509.9599999999999,2opt,improve
2907,6,569.0199999999999,6,509.9599999999999,move,improve
2908,6,565.9199999999998,6,509.9599999999999,move,improve
2909,6,557.5199999999998,6,509.9599999999999,move,improve
2910,6,554.9599999999998,6,509.9599999999999,move,improve
2911,6,554.9599999999998,6,509.9599999999999,swap,notBad
2912,6,554.9599999999998,6,509.9599999999999,swap,notBad
2913,6,548.2599999999998,6,509.9599999999999,move,improve
2914,6,548.2599999999998,6,509.9599999999999,2opt,notBad
2915,6,548.2599999999998,6,509.9599999999999,swap,notBad
2916,6,548.2599999999998,6,509.9599999999999,move,improve
2917,6,548.2599999999998,6,509.9599999999999,2opt,notBad
2918,6,548.2599999999998,6,509.9599999999999,swap,notBad
2919,6,546.5599999999998,6,509.9599999999999,move,improve
2920,6,546.5599999999998,6,509.9599999999999,move,improve
2921,6,546.5599999999998,6,509.9599999999999,2opt,notBad
2922,6,546.5599999999998,6,509.9599999999999,2opt,notBad
2923,6,546.5599999999998,6,509.9599999999999,2opt,improve
2924,6,566.0999999999999,6,509.9599999999999,swap,acceptBad
2925,6,566.0999999999999,6,509.9599999999999,move,improve
2926,6,565.4399999999998,6,509.9599999999999,swap,improve
2927,6,565.4399999999998,6,509.9599999999999,swap,notBad
2928,6,573.5399999999998,6,509.9599999999999,2opt,acceptBad
2929,6,573.5399999999998,6,509.9599999999999,2opt,notBad
2930,6,573.5399999999998,6,509.9599999999999,2opt,notBad
2931,6,547.5199999999999,6,509.9599999999999,2opt,improve
2932,6,547.5199999999999,6,509.9599999999999,move,improve
2933,6,540.7399999999998,6,509.9599999999999,swap,improve
2934,6,549.7799999999997,6,509.9599999999999,2opt,acceptBad
2935,6,549.7799999999997,6,509.9599999999999,swap,notBad
2936,6,547.5599999999997,6,509.9599999999999,move,improve
2937,6,548.7799999999997,6,509.9599999999999,swap,acceptBad
2938,6,548.7799999999997,6,509.9599999999999,move,improve
2939,6,548.7799999999997,6,509.9599999999999,swap,notBad
2940,6,541.9599999999998,6,509.9599999999999,move,improve
2941,6,550.3599999999999,6,509.9599999999999,2opt,acceptBad
2942,6,550.3599999999999,6,509.9599999999999,2opt,improve
2943,6,550.3599999999999,6,509.9599999999999,swap,notBad
2944,6,550.3599999999999,6,509.9599999999999,2opt,improve
2945,6,550.3599999999999,6,509.9599999999999,swap,notBad
2946,6,550.3599999999999,6,509.9599999999999,move,improve
2947,6,550.3599999999999,6,509.9599999999999,swap,notBad
2948,6,550.3599999999999,6,509.9599999999999,swap,notBad
2949,6,545.7599999999999,6,509.9599999999999,2opt,improve
2950,6,545.7599999999999,6,509.9599999999999,2opt,notBad
2951,6,545.9599999999999,6,509.9599999999999,swap,acceptBad
2952,6,545.68,6,509.9599999999999,move,improve
2953,6,529.5200000000001,6,509.9599999999999,move,improve
2954,6,529.5200000000001,6,509.9599999999999,2opt,notBad
2955,6,529.5200000000001,6,509.9599999999999,move,improve
2956,6,531.0400000000001,6,509.9599999999999,swap,acceptBad
2957,6,524.2800000000002,6,509.9599999999999,move,improve
2958,6,524.2800000000002,6,509.9599999999999,2opt,notBad
2959,6,530.0000000000001,6,509.9599999999999,swap,acceptBad
2960,6,530.0000000000001,6,509.9599999999999,move,improve
2961,6,530.0000000000001,6,509.9599999999999,move,improve
2962,6,522.6400000000001,6,509.9599999999999,move,improve
2963,6,522.6400000000001,6,509.9599999999999,2opt,improve
2964,6,516.5600000000001,6,509.9599999999999,move,improve
2965,6,516.5600000000001,6,509.9599999999999,swap,notBad
2966,6,516.5600000000001,6,509.9599999999999,swap,notBad
2967,6,513.1000000000001,6,509.9599999999999,move,improve
2968,6,513.1000000000001,6,509.9599999999999,move,improve
2969,6,513.1000000000001,6,509.9599999999999,swap,notBad
2970,6,519.1000000000001,6,509.9599999999999,swap,acceptBad
2971,6,527.6600000000001,6,509.9599999999999,2opt,acceptBad
2972,6,528.5400000000001,6,509.9599999999999,2opt,acceptBad
2973,6,531.0200000000001,6,509.9599999999999,swap,acceptBad
2974,6,531.0200000000001,6,509.9599999999999,swap,notBad
2975,6,531.0200000000001,6,509.9599999999999,2opt,notBad
2976,6,531.0200000000001,6,509.9599999999999,move,improve
2977,6,531.0200000000001,6,509.9599999999999,move,improve
2978,6,531.0200000000001,6,509.9599999999999,move,improve
2979,6,531.0200000000001,6,509.9599999999999,2opt,notBad
2980,6,528.0600000000002,6,509.9599999999999,move,improve
2981,6,528.0600000000002,6,509.9599999999999,swap,notBad
2982,6,528.0600000000002,6,509.9599999999999,move,improve
2983,6,528.0600000000002,6,509.9599999999999,move,improve
2984,6,528.0600000000002,6,509.9599999999999,move,improve
2985,6,523.4800000000002,6,509.9599999999999,move,improve
2986,6,523.4800000000002,6,509.9599999999999,move,improve
2987,6,523.4800000000002,6,509.9599999999999,move,improve
2988,6,522.5200000000002,6,509.9599999999999,swap,improve
2989,6,522.5200000000002,6,509.9599999999999,2opt,notBad
2990,6,522.5200000000002,6,509.9599999999999,move,improve
2991,6,522.5200000000002,6,509.9599999999999,2opt,notBad
2992,6,522.5200000000002,6,509.9599999999999,swap,notBad
2993,6,522.5200000000002,6,509.9599999999999,2opt,notBad
2994,6,523.7000000000003,6,509.9599999999999,2opt,acceptBad
2995,6,523.7000000000003,6,509.9599999999999,swap,notBad
2996,6,523.7000000000003,6,509.9599999999999,2opt,notBad
2997,6,528.8,6,509.9599999999999,2opt,acceptBad
2998,6,526.1600000000001,6,509.9599999999999,swap,improve
2999,6,526.1600000000001,6,509.9599999999999,move,improve
3000,6,526.1600000000001,6,509.9599999999999,2opt,improve
3001,6,522.22,6,509.9599999999999,move,improve
3002,6,522.22,6,509.9599999999999,2opt,notBad
3003,6,522.22,6,509.9599999999999,move,improve
3004,6,522.22,6,509.9599999999999,2opt,notBad
3005,6,522.22,6,509.9599999999999,move,improve
3006,6,519.24,6,509.9599999999999,2opt,improve
3007,6,519.24,6,509.9599999999999,2opt,notBad
3008,6,519.24,6,509.9599999999999,2opt,notBad
3009,6,519.24,6,509.9599999999999,swap,notBad
3010,6,519.24,6,509.9599999999999,move,improve
3011,6,504.54,6,504.54,move,newBest
3012,6,504.54,6,504.54,move,improve
3013,6,504.54,6,504.54,2opt,notBad
3014,6,509.38000000000005,6,504.54,swap,acceptBad
3015,6,509.38000000000005,6,504.54,2opt,notBad
3016,6,509.38000000000005,6,504.54,move,improve
3017,6,509.38000000000005,6,504.54,swap,notBad
3018,6,509.38000000000005,6,504.54,2opt,notBad
3019,6,509.38000000000005,6,504.54,move,improve
3020,6,509.38000000000005,6,504.54,move,improve
3021,6,509.38000000000005,6,504.54,swap,notBad
3022,6,542.1000000000006,6,504.54,move,acceptBad
3023,6,542.1000000000006,6,504.54,swap,notBad
3024,6,542.1000000000006,6,504.54,swap,notBad
3025,6,542.1000000000006,6,504.54,move,improve
3026,6,517.76,6,504.54,move,improve
3027,6,517.76,6,504.54,2opt,notBad
3028,6,517.76,6,504.54,swap,notBad
3029,6,517.76,6,504.54,2opt,notBad
3030,6,517.76,6,504.54,move,improve
3031,6,518.82,6,504.54,2opt,acceptBad
3032,6,518.82,6,504.54,move,improve
3033,6,524.6000000000001,6,504.54,2opt,acceptBad
3034,6,524.6000000000001,6,504.54,swap,notBad
3035,6,524.6000000000001,6,504.54,2opt,notBad
3036,6,528.9800000000001,6,504.54,2opt,acceptBad
3037,6,528.8200000000002,6,504.54,swap,improve
3038,6,528.8200000000002,6,504.54,2opt,improve
3039,6,528.8200000000002,6,504.54,swap,notBad
3040,6,528.8200000000002,6,504.54,swap,notBad
3041,6,528.8200000000002,6,504.54,2opt,notBad
3042,6,528.4000000000001,6,504.54,move,improve
3043,6,527.6000000000001,6,504.54,move,improve
3044,6,527.6000000000001,6,504.54,2opt,notBad
3045,6,520.4000000000008,6,504.54,move,improve
3046,6,519.0000000000008,6,504.54,move,improve
3047,6,519.0000000000008,6,504.54,2opt,notBad
3048,6,519.1600000000008,6,504.54,2opt,acceptBad
3049,6,519.1600000000008,6,504.54,swap,notBad
3050,6,519.1600000000008,6,504.54,move,improve
3051,6,519.1600000000008,6,504.54,swap,notBad
3052,6,519.1600000000008,6,504.54,swap,notBad
3053,6,519.1600000000008,6,504.54,move,improve
3054,6,517.8400000000007,6,504.54,swap,improve
3055,6,517.8400000000007,6,504.54,move,improve
3056,6,517.8400000000007,6,504.54,move,improve
3057,6,515.8800000000008,6,504.54,swap,improve
3058,6,515.8800000000008,6,504.54,2opt,notBad
3059,6,500.36000000000064,6,500.36000000000064,move,newBest
3060,6,515.7000000000006,6,500.36000000000064,swap,acceptBad
3061,6,519.4200000000009,6,500.36000000000064,swap,acceptBad
3062,6,512.3800000000009,6,500.36000000000064,move,improve
3063,6,512.3800000000009,6,500.36000000000064,2opt,notBad
3064,6,512.3800000000009,6,500.36000000000064,move,improve
3065,6,509.8600000000009,6,500.36000000000064,move,improve
3066,6,509.8600000000009,6,500.36000000000064,2opt,notBad
3067,6,506.36000000000087,6,500.36000000000064,2opt,improve
3068,6,506.36000000000087,6,500.36000000000064,move,improve
3069,6,505.48000000000087,6,500.36000000000064,move,improve
3070,6,505.48000000000087,6,500.36000000000064,move,improve
3071,6,521.9000000000008,6,500.36000000000064,swap,acceptBad
3072,6,515.9000000000008,6,500.36000000000064,move,improve
3073,6,515.9000000000008,6,500.36000000000064,move,improve
3074,6,515.9000000000008,6,500.36000000000064,2opt,notBad
3075,6,515.9000000000008,6,500.36000000000064,2opt,improve
3076,6,522.4600000000008,6,500.36000000000064,2opt,acceptBad
3077,6,522.4600000000008,6,500.36000000000064,move,improve
3078,6,512.8600000000009,6,500.36000000000064,move,improve
3079,6,512.2000000000008,6,500.36000000000064,2opt,improve
3080,6,526.5600000000006,6,500.36000000000064,swap,acceptBad
3081,6,526.5600000000006,6,500.36000000000064,2opt,notBad
3082,6,526.5600000000006,6,500.36000000000064,move,improve
3083,6,526.5600000000006,6,500.36000000000064,2opt,notBad
3084,6,532.7800000000007,6,500.36000000000064,2opt,acceptBad
3085,6,532.7800000000007,6,500.36000000000064,2opt,improve
3086,6,520.8200000000007,6,500.36000000000064,swap,improve
3087,6,520.8200000000007,6,500.36000000000064,2opt,notBad
3088,6,520.8200000000007,6,500.36000000000064,2opt,notBad
3089,6,513.2400000000002,6,500.36000000000064,swap,improve
3090,6,513.2400000000002,6,500.36000000000064,2opt,notBad
3091,6,513.2400000000002,6,500.36000000000064,move,improve
3092,6,513.2400000000002,6,500.36000000000064,swap,notBad
3093,6,513.2400000000002,6,500.36000000000064,2opt,notBad
3094,6,511.4000000000001,6,500.36000000000064,move,improve
3095,6,511.4000000000001,6,500.36000000000064,swap,notBad
3096,6,511.4000000000001,6,500.36000000000064,2opt,notBad
3097,6,510.58000000000015,6,500.36000000000064,move,improve
3098,6,510.58000000000015,6,500.36000000000064,2opt,notBad
3099,6,510.58000000000015,6,500.36000000000064,swap,notBad
3100,6,510.58000000000015,6,500.36000000000064,2opt,notBad
3101,6,510.58000000000015,6,500.36000000000064,swap,notBad
3102,6,520.34,6,500.36000000000064,swap,acceptBad
3103,6,520.34,6,500.36000000000064,swap,notBad
3104,6,526.1800000000001,6,500.36000000000064,swap,acceptBad
3105,6,526.1800000000001,6,500.36000000000064,move,improve
3106,6,526.1800000000001,6,500.36000000000064,2opt,notBad
3107,6,526.1800000000001,6,500.36000000000064,2opt,notBad
3108,6,545.5400000000001,6,500.36000000000064,swap,acceptBad
3109,6,540.6800000000001,6,500.36000000000064,swap,improve
3110,6,541.26,6,500.36000000000064,swap,acceptBad
3111,6,541.26,6,500.36000000000064,move,improve
3112,6,541.26,6,500.36000000000064,2opt,notBad
3113,6,541.26,6,500.36000000000064,move,improve
3114,6,541.26,6,500.36000000000064,2opt,notBad
3115,6,541.26,6,500.36000000000064,2opt,notBad
3116,6,540.3000000000001,6,500.36000000000064,swap,improve
3117,6,540.3000000000001,6,500.36000000000064,2opt,notBad
3118,6,540.3000000000001,6,500.36000000000064,2opt,notBad
3119,6,540.3000000000001,6,500.36000000000064,swap,notBad
3120,6,540.3000000000001,6,500.36000000000064,2opt,notBad
3121,6,552.76,6,500.36000000000064,swap,acceptBad
3122,6,550.32,6,500.36000000000064,swap,improve
3123,6,549.2800000000002,6,500.36000000000064,swap,improve
3124,6,560.3400000000008,6,500.36000000000064,swap,acceptBad
3125,6,560.5000000000008,6,500.36000000000064,swap,acceptBad
3126,6,560.5000000000008,6,500.36000000000064,move,improve
3127,6,559.0200000000008,6,500.36000000000064,move,improve
3128,6,568.9200000000008,6,500.36000000000064,swap,acceptBad
3129,6,566.8200000000007,6,500.36000000000064,2opt,improve
3130,6,566.8200000000007,6,500.36000000000064,swap,notBad
3131,6,560.1400000000008,6,500.36000000000064,swap,improve
3132,6,555.9000000000008,6,500.36000000000064,2opt,improve
3133,6,555.9000000000008,6,500.36000000000064,move,improve
3134,6,546.3200000000008,6,500.36000000000064,move,improve
3135,6,546.3200000000008,6,500.36000000000064,2opt,notBad
3136,6,546.3200000000008,6,500.36000000000064,swap,notBad
3137,6,568.4800000000001,6,500.36000000000064,move,acceptBad
3138,6,568.4800000000001,6,500.36000000000064,2opt,notBad
3139,6,568.4800000000001,6,500.36000000000064,2opt,improve
3140,6,559.9800000000001,6,500.36000000000064,swap,improve
3141,6,559.9800000000001,6,500.36000000000064,move,improve
3142,6,559.9800000000001,6,500.36000000000064,2opt,notBad
3143,6,560.0000000000002,6,500.36000000000064,2opt,acceptBad
3144,6,562.2000000000003,6,500.36000000000064,swap,acceptBad
3145,6,562.2000000000003,6,500.36000000000064,swap,notBad
3146,6,540.0400000000009,6,500.36000000000064,move,improve
3147,6,540.0400000000009,6,500.36000000000064,move,improve
3148,6,524.2400000000009,6,500.36000000000064,swap,improve
3149,6,525.4400000000009,6,500.36000000000064,swap,acceptBad
3150,6,525.4400000000009,6,500.36000000000064,swap,notBad
3151,6,525.4400000000009,6,500.36000000000064,2opt,notBad
3152,6,525.0600000000009,6,500.36000000000064,move,improve
3153,6,519.0000000000009,6,500.36000000000064,move,improve
3154,6,516.1000000000008,6,500.36000000000064,2opt,improve
3155,6,538.2600000000002,6,500.36000000000064,move,acceptBad
3156,6,520.4,6,500.36000000000064,swap,improve
3157,6,520.4,6,500.36000000000064,2opt,improve
3158,6,514.54,6,500.36000000000064,move,improve
3159,6,514.54,6,500.36000000000064,swap,notBad
3160,6,526.4199999999997,6,500.36000000000064,swap,acceptBad
3161,6,526.4199999999997,6,500.36000000000064,swap,notBad
3162,6,526.4199999999997,6,500.36000000000064,move,improve
3163,6,526.4199999999997,6,500.36000000000064,move,improve
3164,6,541.1999999999997,6,500.36000000000064,swap,acceptBad
3165,6,541.1999999999997,6,500.36000000000064,2opt,notBad
3166,6,541.1999999999997,6,500.36000000000064,2opt,notBad
3167,6,537.5199999999998,6,500.36000000000064,swap,improve
3168,6,537.5199999999998,6,500.36000000000064,2opt,notBad
3169,6,519.7199999999997,6,500.36000000000064,move,improve
3170,6,519.7199999999997,6,500.36000000000064,move,improve
3171,6,517.3599999999997,6,500.36000000000064,move,improve
3172,6,517.3599999999997,6,500.36000000000064,swap,notBad
3173,6,517.3199999999997,6,500.36000000000064,move,improve
3174,6,517.3199999999997,6,500.36000000000064,2opt,notBad
3175,6,524.3399999999997,6,500.36000000000064,swap,acceptBad
3176,6,524.3399999999997,6,500.36000000000064,2opt,notBad
3177,6,524.3399999999997,6,500.36000000000064,2opt,notBad
3178,6,520.6399999999998,6,500.36000000000064,move,improve
3179,6,525.2999999999997,6,500.36000000000064,swap,acceptBad
3180,6,498.9599999999998,6,498.9599999999998,swap,newBest
3181,6,502.2199999999998,6,498.9599999999998,swap,acceptBad
3182,6,502.2199999999998,6,498.9599999999998,move,improve
3183,6,499.8199999999998,6,498.9599999999998,swap,improve
3184,6,499.8199999999998,6,498.9599999999998,move,improve
3185,6,499.8199999999998,6,498.9599999999998,2opt,notBad
3186,6,508.7599999999999,6,498.9599999999998,swap,acceptBad
3187,6,508.7599999999999,6,498.9599999999998,2opt,notBad
3188,6,505.31999999999994,6,498.9599999999998,swap,improve
3189,6,505.31999999999994,6,498.9599999999998,2opt,notBad
3190,6,505.31999999999994,6,498.9599999999998,2opt,notBad
3191,6,505.31999999999994,6,498.9599999999998,2opt,notBad
3192,6,505.31999999999994,6,498.9599999999998,move,improve
3193,6,505.31999999999994,6,498.9599999999998,2opt,notBad
3194,6,517.8399999999999,6,498.9599999999998,swap,acceptBad
3195,6,518.1999999999999,6,498.9599999999998,swap,acceptBad
3196,6,517.1799999999998,6,498.9599999999998,2opt,improve
3197,6,525.4799999999998,6,498.9599999999998,swap,acceptBad
3198,6,528.3999999999997,6,498.9599999999998,swap,acceptBad
3199,6,528.1999999999998,6,498.9599999999998,move,improve
3200,6,525.54,6,498.9599999999998,2opt,improve
3201,6,525.54,6,498.9599999999998,swap,notBad
3202,6,525.54,6,498.9599999999998,2opt,notBad
3203,6,525.54,6,498.9599999999998,move,improve
3204,6,525.54,6,498.9599999999998,2opt,improve
3205,6,525.54,6,498.9599999999998,move,improve
3206,6,525.54,6,498.9599999999998,swap,notBad
3207,6,525.54,6,498.9599999999998,2opt,notBad
3208,6,522.4999999999999,6,498.9599999999998,move,improve
3209,6,522.4999999999999,6,498.9599999999998,swap,notBad
3210,6,522.4999999999999,6,498.9599999999998,swap,notBad
3211,6,519.2399999999999,6,498.9599999999998,move,improve
3212,6,519.2399999999999,6,498.9599999999998,swap,notBad
3213,6,500.93999999999994,6,498.9599999999998,move,improve
3214,6,501.9599999999999,6,498.9599999999998,move,acceptBad
3215,6,506.2800000000001,6,498.9599999999998,swap,acceptBad
3216,6,502.8800000000001,6,498.9599999999998,move,improve
3217,6,502.8800000000001,6,498.9599999999998,swap,notBad
3218,6,508.5200000000002,6,498.9599999999998,2opt,acceptBad
3219,6,522.6600000000001,6,498.9599999999998,swap,acceptBad
3220,6,522.6600000000001,6,498.9599999999998,swap,notBad
3221,6,522.6600000000001,6,498.9599999999998,2opt,improve
3222,6,521.6000000000001,6,498.9599999999998,swap,improve
3223,6,521.6000000000001,6,498.9599999999998,move,improve
3224,6,513.8600000000002,6,498.9599999999998,move,improve
3225,6,513.8600000000002,6,498.9599999999998,2opt,notBad
3226,6,513.8600000000002,6,498.9599999999998,swap,notBad
3227,6,513.8600000000002,6,498.9599999999998,2opt,notBad
3228,6,512.4200000000002,6,498.9599999999998,2opt,improve
3229,6,519.3600000000001,6,498.9599999999998,swap,acceptBad
3230,6,514.4200000000001,6,498.9599999999998,2opt,improve
3231,6,514.4200000000001,6,498.9599999999998,swap,notBad
3232,6,514.3600000000001,6,498.9599999999998,2opt,improve
3233,6,514.3600000000001,6,498.9599999999998,swap,notBad
3234,6,527.7800000000002,6,498.9599999999998,swap,acceptBad
3235,6,521.1200000000002,6,498.9599999999998,move,improve
3236,6,521.1200000000002,6,498.9599999999998,2opt,improve
3237,6,521.1200000000002,6,498.9599999999998,move,improve
3238,6,521.1200000000002,6,498.9599999999998,swap,notBad
3239,6,521.1200000000002,6,498.9599999999998,move,improve
3240,6,510.36000000000024,6,498.9599999999998,move,improve
3241,6,515.2000000000002,6,498.9599999999998,2opt,acceptBad
3242,6,515.2000000000002,6,498.9599999999998,swap,notBad
3243,6,515.0800000000002,6,498.9599999999998,move,improve
3244,6,515.0800000000002,6,498.9599999999998,move,improve
3245,6,515.0800000000002,6,498.9599999999998,2opt,notBad
3246,6,511.5400000000002,6,498.9599999999998,swap,improve
3247,6,511.5400000000002,6,498.9599999999998,move,improve
3248,6,511.5400000000002,6,498.9599999999998,2opt,notBad
3249,6,511.5400000000002,6,498.9599999999998,move,improve
3250,6,509.7600000000002,6,498.9599999999998,move,improve
3251,6,509.7600000000002,6,498.9599999999998,2opt,notBad
3252,6,511.9800000000003,6,498.9599999999998,2opt,acceptBad
3253,6,511.9800000000003,6,498.9599999999998,2opt,notBad
3254,6,511.9800000000003,6,498.9599999999998,2opt,notBad
3255,6,517.6999999999996,6,498.9599999999998,swap,acceptBad
3256,6,517.6999999999996,6,498.9599999999998,2opt,notBad
3257,6,513.4199999999996,6,498.9599999999998,move,improve
3258,6,513.4199999999996,6,498.9599999999998,swap,notBad
3259,6,513.4199999999996,6,498.9599999999998,2opt,notBad
3260,6,511.99999999999966,6,498.9599999999998,move,improve
3261,6,511.99999999999966,6,498.9599999999998,move,improve
3262,6,511.99999999999966,6,498.9599999999998,move,improve
3263,6,527.8799999999997,6,498.9599999999998,swap,acceptBad
3264,6,521.7399999999997,6,498.9599999999998,move,improve
3265,6,521.7399999999997,6,498.9599999999998,swap,notBad
3266,6,528.6199999999997,6,498.9599999999998,swap,acceptBad
3267,6,528.6199999999997,6,498.9599999999998,2opt,notBad
3268,6,528.6199999999997,6,498.9599999999998,move,improve
3269,6,524.6199999999997,6,498.9599999999998,move,improve
3270,6,524.6199999999997,6,498.9599999999998,2opt,notBad
3271,6,524.6199999999997,6,498.9599999999998,move,improve
3272,6,525.4599999999996,6,498.9599999999998,2opt,acceptBad
3273,6,525.4599999999996,6,498.9599999999998,2opt,notBad
3274,6,518.0399999999996,6,498.9599999999998,swap,improve
3275,6,518.0399999999996,6,498.9599999999998,move,improve
3276,6,518.0399999999996,6,498.9599999999998,move,improve
3277,6,524.3799999999997,6,498.9599999999998,swap,acceptBad
3278,6,523.1799999999995,6,498.9599999999998,2opt,improve
3279,6,524.7399999999996,6,498.9599999999998,2opt,acceptBad
3280,6,524.7399999999996,6,498.9599999999998,2opt,notBad
3281,6,539.7399999999996,6,498.9599999999998,swap,acceptBad
3282,6,539.7399999999996,6,498.9599999999998,2opt,notBad
3283,6,527.6399999999994,6,498.9599999999998,move,improve
3284,6,527.6399999999994,6,498.9599999999998,swap,notBad
3285,6,527.6399999999994,6,498.9599999999998,2opt,notBad
3286,6,527.6399999999994,6,498.9599999999998,2opt,notBad
3287,6,527.6399999999994,6,498.9599999999998,2opt,notBad
3288,6,527.6399999999994,6,498.9599999999998,move,improve
3289,6,527.6399999999994,6,498.9599999999998,move,improve
3290,6,516.1599999999994,6,498.9599999999998,move,improve
3291,6,516.1599999999994,6,498.9599999999998,move,improve
3292,6,516.1599999999994,6,498.9599999999998,2opt,notBad
3293,6,516.1599999999994,6,498.9599999999998,swap,notBad
3294,6,516.1599999999994,6,498.9599999999998,2opt,improve
3295,6,516.1599999999994,6,498.9599999999998,swap,notBad
3296,6,516.1599999999994,6,498.9599999999998,2opt,notBad
3297,6,516.1599999999994,6,498.9599999999998,2opt,improve
3298,6,506.2399999999995,6,498.9599999999998,move,improve
3299,6,506.1999999999995,6,498.9599999999998,move,improve
3300,6,506.1999999999995,6,498.9599999999998,swap,notBad
3301,6,519.6200000000003,6,498.9599999999998,swap,acceptBad
3302,6,519.6200000000003,6,498.9599999999998,swap,notBad
3303,6,519.6200000000003,6,498.9599999999998,2opt,notBad
3304,6,519.6200000000003,6,498.9599999999998,2opt,notBad
3305,6,519.6200000000003,6,498.9599999999998,2opt,notBad
3306,6,518.3399999999995,6,498.9599999999998,swap,improve
3307,6,525.1199999999994,6,498.9599999999998,swap,acceptBad
3308,6,525.1199999999994,6,498.9599999999998,2opt,notBad
3309,6,524.4199999999994,6,498.9599999999998,move,improve
3310,6,524.4399999999995,6,498.9599999999998,2opt,acceptBad
3311,6,524.4399999999995,6,498.9599999999998,2opt,notBad
3312,6,524.4399999999995,6,498.9599999999998,swap,notBad
3313,6,524.4399999999995,6,498.9599999999998,swap,notBad
3314,6,528.1799999999995,6,498.9599999999998,swap,acceptBad
3315,6,528.1799999999995,6,498.9599999999998,2opt,notBad
3316,6,531.7199999999995,6,498.9599999999998,2opt,acceptBad
3317,6,540.6399999999994,6,498.9599999999998,swap,acceptBad
3318,6,540.6399999999994,6,498.9599999999998,move,improve
3319,6,540.6399999999994,6,498.9599999999998,2opt,notBad
3320,6,540.3399999999996,6,498.9599999999998,move,improve
3321,6,525.3399999999996,6,498.9599999999998,2opt,improve
3322,6,525.3399999999996,6,498.9599999999998,2opt,notBad
3323,6,525.3399999999996,6,498.9599999999998,2opt,notBad
3324,6,525.3399999999996,6,498.9599999999998,2opt,improve
3325,6,525.3399999999996,6,498.9599999999998,swap,notBad
3326,6,525.3399999999996,6,498.9599999999998,move,improve
3327,6,525.3399999999996,6,498.9599999999998,swap,notBad
3328,6,530.8999999999995,6,498.9599999999998,swap,acceptBad
3329,6,530.8999999999995,6,498.9599999999998,move,improve
3330,6,531.4599999999996,6,498.9599999999998,2opt,acceptBad
3331,6,529.9599999999996,6,498.9599999999998,move,improve
3332,6,529.9599999999996,6,498.9599999999998,2opt,notBad
3333,6,529.9599999999996,6,498.9599999999998,2opt,improve
3334,6,529.9599999999996,6,498.9599999999998,move,improve
3335,6,529.9599999999996,6,498.9599999999998,2opt,notBad
3336,6,529.3599999999996,6,498.9599999999998,move,improve
3337,6,546.0399999999993,6,498.9599999999998,swap,acceptBad
3338,6,546.0399999999993,6,498.9599999999998,swap,notBad
3339,6,546.0399999999993,6,498.9599999999998,2opt,notBad
3340,6,552.8999999999993,6,498.9599999999998,swap,acceptBad
3341,6,552.8999999999993,6,498.9599999999998,move,improve
3342,6,552.8999999999993,6,498.9599999999998,swap,notBad
3343,6,543.5199999999993,6,498.9599999999998,move,improve
3344,6,543.5199999999993,6,498.9599999999998,2opt,notBad
3345,6,537.9999999999993,6,498.9599999999998,2opt,improve
3346,6,537.9999999999993,6,498.9599999999998,swap,notBad
3347,6,537.9999999999993,6,498.9599999999998,2opt,notBad
3348,6,540.9399999999993,6,498.9599999999998,swap,acceptBad
3349,6,546.6399999999993,6,498.9599999999998,swap,acceptBad
3350,6,534.9799999999993,6,498.9599999999998,move,improve
3351,6,534.9799999999993,6,498.9599999999998,move,improve
3352,6,534.9799999999993,6,498.9599999999998,swap,notBad
3353,6,535.2599999999991,6,498.9599999999998,swap,acceptBad
3354,6,535.2599999999991,6,498.9599999999998,swap,notBad
3355,6,534.9799999999993,6,498.9599999999998,move,improve
3356,6,534.5799999999992,6,498.9599999999998,2opt,improve
3357,6,534.5799999999992,6,498.9599999999998,swap,notBad
3358,6,534.5799999999992,6,498.9599999999998,2opt,notBad
3359,6,534.5799999999992,6,498.9599999999998,move,improve
3360,6,534.5799999999992,6,498.9599999999998,move,improve
3361,6,526.4999999999992,6,498.9599999999998,move,improve
3362,6,526.4999999999992,6,498.9599999999998,swap,notBad
3363,6,526.4999999999992,6,498.9599999999998,2opt,improve
3364,6,525.6999999999991,6,498.9599999999998,move,improve
3365,6,525.6999999999991,6,498.9599999999998,2opt,improve
3366,6,523.2999999999992,6,498.9599999999998,move,improve
3367,6,523.2999999999992,6,498.9599999999998,move,improve
3368,6,523.2999999999992,6,498.9599999999998,2opt,notBad
3369,6,523.2999999999992,6,498.9599999999998,swap,notBad
3370,6,523.2999999999992,6,498.9599999999998,swap,notBad
3371,6,523.2999999999992,6,498.9599999999998,swap,notBad
3372,6,523.2999999999992,6,498.9599999999998,2opt,notBad
3373,6,523.2999999999992,6,498.9599999999998,swap,notBad
3374,6,523.2999999999992,6,498.9599999999998,2opt,notBad
3375,6,523.2999999999992,6,498.9599999999998,2opt,notBad
3376,6,523.2999999999992,6,498.9599999999998,swap,notBad
3377,6,523.0399999999992,6,498.9599999999998,move,improve
3378,6,523.0399999999992,6,498.9599999999998,2opt,notBad
3379,6,523.0399999999992,6,498.9599999999998,2opt,notBad
3380,6,524.2799999999993,6,498.9599999999998,swap,acceptBad
3381,6,524.2799999999993,6,498.9599999999998,move,improve
3382,6,524.2799999999993,6,498.9599999999998,2opt,notBad
3383,6,524.2799999999993,6,498.9599999999998,2opt,notBad
3384,6,524.2799999999993,6,498.9599999999998,2opt,notBad
3385,6,524.1199999999992,6,498.9599999999998,swap,improve
3386,6,521.6799999999993,6,498.9599999999998,move,improve
3387,6,521.6799999999993,6,498.9599999999998,2opt,notBad
3388,6,531.6399999999992,6,498.9599999999998,swap,acceptBad
3389,6,514.1199999999997,6,498.9599999999998,move,improve
3390,6,509.21999999999963,6,498.9599999999998,move,improve
3391,6,509.21999999999963,6,498.9599999999998,swap,notBad
3392,6,509.21999999999963,6,498.9599999999998,swap,notBad
3393,6,509.21999999999963,6,498.9599999999998,move,improve
3394,6,509.21999999999963,6,498.9599999999998,2opt,notBad
3395,6,509.21999999999963,6,498.9599999999998,swap,notBad
3396,6,509.21999999999963,6,498.9599999999998,swap,notBad
3397,6,513.2599999999995,6,498.9599999999998,swap,acceptBad
3398,6,513.2599999999995,6,498.9599999999998,move,improve
3399,6,513.2599999999995,6,498.9599999999998,2opt,notBad
3400,6,513.2599999999995,6,498.9599999999998,move,improve
3401,6,513.2599999999995,6,498.9599999999998,move,improve
3402,6,506.6599999999996,6,498.9599999999998,2opt,improve
3403,6,506.6599999999996,6,498.9599999999998,2opt,improve
3404,6,506.6599999999996,6,498.9599999999998,move,improve
3405,6,506.6599999999996,6,498.9599999999998,move,improve
3406,6,494.4199999999997,6,494.4199999999997,move,newBest
3407,6,494.4199999999997,6,494.4199999999997,2opt,notBad
3408,6,494.4199999999997,6,494.4199999999997,swap,notBad
3409,6,494.4199999999997,6,494.4199999999997,move,improve
3410,6,494.4199999999997,6,494.4199999999997,2opt,notBad
3411,6,506.11999999999966,6,494.4199999999997,swap,acceptBad
3412,6,506.11999999999966,6,494.4199999999997,2opt,notBad
3413,6,506.11999999999966,6,494.4199999999997,swap,notBad
3414,6,506.11999999999966,6,494.4199999999997,swap,notBad
3415,6,506.11999999999966,6,494.4199999999997,2opt,notBad
3416,6,505.77999999999963,6,494.4199999999997,move,improve
3417,6,505.77999999999963,6,494.4199999999997,2opt,improve
3418,6,513.1199999999995,6,494.4199999999997,swap,acceptBad
3419,6,512.9799999999996,6,494.4199999999997,move,improve
3420,6,512.9799999999996,6,494.4199999999997,2opt,notBad
3421,6,510.5399999999996,6,494.4199999999997,move,improve
3422,6,516.4599999999996,6,494.4199999999997,swap,acceptBad
3423,6,521.3399999999996,6,494.4199999999997,swap,acceptBad
3424,6,526.9399999999996,6,494.4199999999997,2opt,acceptBad
3425,6,529.3199999999996,6,494.4199999999997,swap,acceptBad
3426,6,529.3199999999996,6,494.4199999999997,2opt,notBad
3427,6,529.3199999999996,6,494.4199999999997,move,improve
3428,6,526.5999999999996,6,494.4199999999997,move,improve
3429,6,526.5999999999996,6,494.4199999999997,2opt,notBad
3430,6,526.5999999999996,6,494.4199999999997,swap,notBad
3431,6,526.5999999999996,6,494.4199999999997,swap,notBad
3432,6,526.5999999999996,6,494.4199999999997,swap,notBad
3433,6,526.5999999999996,6,494.4199999999997,move,improve
3434,6,526.5999999999996,6,494.4199999999997,move,improve
3435,6,526.5999999999996,6,494.4199999999997,swap,notBad
3436,6,526.5999999999996,6,494.4199999999997,2opt,notBad
3437,6,519.4599999999996,6,494.4199999999997,2opt,improve
3438,6,519.4599999999996,6,494.4199999999997,2opt,notBad
3439,6,519.4599999999996,6,494.4199999999997,2opt,notBad
3440,6,523.1199999999995,6,494.4199999999997,swap,acceptBad
3441,6,523.1199999999995,6,494.4199999999997,move,improve
3442,6,523.1199999999995,6,494.4199999999997,move,improve
3443,6,528.1399999999995,6,494.4199999999997,2opt,acceptBad
3444,6,528.1399999999995,6,494.4199999999997,move,improve
3445,6,528.1399999999995,6,494.4199999999997,move,improve
3446,6,528.1399999999995,6,494.4199999999997,2opt,notBad
3447,6,528.1399999999995,6,494.4199999999997,swap,notBad
3448,6,522.7799999999995,6,494.4199999999997,move,improve
3449,6,522.7799999999995,6,494.4199999999997,move,improve
3450,6,522.7799999999995,6,494.4199999999997,swap,notBad
3451,6,522.7799999999995,6,494.4199999999997,swap,notBad
3452,6,522.7799999999995,6,494.4199999999997,swap,notBad
3453,6,522.7799999999995,6,494.4199999999997,2opt,notBad
3454,6,522.7799999999995,6,494.4199999999997,2opt,notBad
3455,6,522.7799999999995,6,494.4199999999997,2opt,notBad
3456,6,522.7799999999995,6,494.4199999999997,2opt,improve
3457,6,522.7799999999995,6,494.4199999999997,swap,notBad
3458,6,522.7799999999995,6,494.4199999999997,swap,notBad
3459,6,515.4999999999995,6,494.4199999999997,move,improve
3460,6,511.85999999999956,6,494.4199999999997,2opt,improve
3461,6,508.9799999999997,6,494.4199999999997,move,improve
3462,6,508.9799999999997,6,494.4199999999997,swap,notBad
3463,6,498.11999999999966,6,494.4199999999997,move,improve
3464,6,498.11999999999966,6,494.4199999999997,move,improve
3465,6,498.11999999999966,6,494.4199999999997,swap,notBad
3466,6,498.11999999999966,6,494.4199999999997,move,improve
3467,6,498.11999999999966,6,494.4199999999997,move,improve
3468,6,498.11999999999966,6,494.4199999999997,move,improve
3469,6,498.11999999999966,6,494.4199999999997,move,improve
3470,6,498.11999999999966,6,494.4199999999997,2opt,notBad
3471,6,495.11999999999966,6,494.4199999999997,move,improve
3472,6,486.4599999999997,6,486.4599999999997,move,newBest
3473,6,486.4599999999997,6,486.4599999999997,2opt,notBad
3474,6,486.4599999999997,6,486.4599999999997,2opt,notBad
3475,6,486.4599999999997,6,486.4599999999997,move,improve
3476,6,486.4599999999997,6,486.4599999999997,2opt,notBad
3477,6,486.4599999999997,6,486.4599999999997,move,improve
3478,6,484.23999999999967,6,484.23999999999967,move,newBest
3479,6,484.23999999999967,6,484.23999999999967,2opt,notBad
3480,6,483.91999999999973,6,483.91999999999973,move,newBest
3481,6,483.91999999999973,6,483.91999999999973,swap,notBad
3482,6,483.91999999999973,6,483.91999999999973,swap,notBad
3483,6,483.91999999999973,6,483.91999999999973,2opt,notBad
3484,6,483.91999999999973,6,483.91999999999973,2opt,notBad
3485,6,483.91999999999973,6,483.91999999999973,2opt,notBad
3486,6,483.91999999999973,6,483.91999999999973,2opt,notBad
3487,6,483.91999999999973,6,483.91999999999973,move,improve
3488,6,483.91999999999973,6,483.91999999999973,move,improve
3489,6,483.91999999999973,6,483.91999999999973,swap,notBad
3490,6,491.1999999999997,6,483.91999999999973,swap,acceptBad
3491,6,491.1999999999997,6,483.91999999999973,swap,notBad
3492,6,501.23999999999967,6,483.91999999999973,swap,acceptBad
3493,6,501.23999999999967,6,483.91999999999973,move,improve
3494,6,501.23999999999967,6,483.91999999999973,swap,notBad
3495,6,501.23999999999967,6,483.91999999999973,move,improve
3496,6,501.23999999999967,6,483.91999999999973,2opt,notBad
3497,6,501.23999999999967,6,483.91999999999973,move,improve
3498,6,501.23999999999967,6,483.91999999999973,2opt,notBad
3499,6,501.23999999999967,6,483.91999999999973,swap,notBad
3500,6,501.23999999999967,6,483.91999999999973,move,improve
3501,6,501.23999999999967,6,483.91999999999973,swap,notBad
3502,6,501.23999999999967,6,483.91999999999973,2opt,notBad
3503,6,501.23999999999967,6,483.91999999999973,2opt,notBad
3504,6,501.23999999999967,6,483.91999999999973,2opt,notBad
3505,6,501.23999999999967,6,483.91999999999973,2opt,notBad
3506,6,501.23999999999967,6,483.91999999999973,swap,notBad
3507,6,501.23999999999967,6,483.91999999999973,swap,notBad
3508,6,501.23999999999967,6,483.91999999999973,move,improve
3509,6,501.23999999999967,6,483.91999999999973,move,improve
3510,6,501.23999999999967,6,483.91999999999973,swap,notBad
3511,6,491.1999999999997,6,483.91999999999973,move,improve
3512,6,491.1999999999997,6,483.91999999999973,move,improve
3513,6,491.1999999999997,6,483.91999999999973,2opt,improve
3514,6,491.1999999999997,6,483.91999999999973,2opt,notBad
3515,6,491.1999999999997,6,483.91999999999973,swap,notBad
3516,6,496.5399999999996,6,483.91999999999973,swap,acceptBad
3517,6,496.5399999999996,6,483.91999999999973,move,improve
3518,6,496.5399999999996,6,483.91999999999973,2opt,notBad
3519,6,495.73999999999967,6,483.91999999999973,move,improve
3520,6,495.73999999999967,6,483.91999999999973,swap,notBad
3521,6,495.73999999999967,6,483.91999999999973,swap,notBad
3522,6,494.89999999999964,6,483.91999999999973,move,improve
3523,6,494.89999999999964,6,483.91999999999973,2opt,notBad
3524,6,494.89999999999964,6,483.91999999999973,2opt,notBad
3525,6,499.6799999999996,6,483.91999999999973,swap,acceptBad
3526,6,499.6799999999996,6,483.91999999999973,move,improve
3527,6,499.6799999999996,6,483.91999999999973,move,improve
3528,6,509.1799999999996,6,483.91999999999973,swap,acceptBad
3529,6,509.1799999999996,6,483.91999999999973,2opt,improve
3530,6,509.1799999999996,6,483.91999999999973,swap,notBad
3531,6,509.1799999999996,6,483.91999999999973,swap,notBad
3532,6,509.1799999999996,6,483.91999999999973,move,improve
3533,6,509.1799999999996,6,483.91999999999973,2opt,notBad
3534,6,505.0399999999994,6,483.91999999999973,move,improve
3535,6,505.0399999999994,6,483.91999999999973,2opt,notBad
3536,6,526.0399999999994,6,483.91999999999973,swap,acceptBad
3537,6,526.0399999999994,6,483.91999999999973,2opt,notBad
3538,6,526.0399999999994,6,483.91999999999973,move,improve
3539,6,517.7199999999995,6,483.91999999999973,move,improve
3540,6,517.7199999999995,6,483.91999999999973,swap,notBad
3541,6,517.7199999999995,6,483.91999999999973,swap,notBad
3542,6,517.7199999999995,6,483.91999999999973,move,improve
3543,6,517.7199999999995,6,483.91999999999973,2opt,notBad
3544,6,517.7199999999995,6,483.91999999999973,move,improve
3545,6,517.7199999999995,6,483.91999999999973,swap,notBad
3546,6,517.7199999999995,6,483.91999999999973,2opt,notBad
3547,6,517.7199999999995,6,483.91999999999973,2opt,notBad
3548,6,517.7199999999995,6,483.91999999999973,2opt,notBad
3549,6,517.7199999999995,6,483.91999999999973,move,improve
3550,6,517.7199999999995,6,483.91999999999973,2opt,notBad
3551,6,517.7199999999995,6,483.91999999999973,2opt,notBad
3552,6,517.7199999999995,6,483.91999999999973,2opt,notBad
3553,6,517.7199999999995,6,483.91999999999973,2opt,notBad
3554,6,517.7199999999995,6,483.91999999999973,swap,notBad
3555,6,517.7199999999995,6,483.91999999999973,move,improve
3556,6,517.7199999999995,6,483.91999999999973,move,improve
3557,6,517.7199999999995,6,483.91999999999973,move,improve
3558,6,517.7199999999995,6,483.91999999999973,swap,notBad
3559,6,517.7199999999995,6,483.91999999999973,swap,notBad
3560,6,517.7199999999995,6,483.91999999999973,swap,notBad
3561,6,521.8599999999997,6,483.91999999999973,swap,acceptBad
3562,6,529.8999999999996,6,483.91999999999973,swap,acceptBad
3563,6,529.8999999999996,6,483.91999999999973,2opt,notBad
3564,6,529.8999999999996,6,483.91999999999973,move,improve
3565,6,527.2799999999996,6,483.91999999999973,move,improve
3566,6,527.2799999999996,6,483.91999999999973,2opt,notBad
3567,6,527.2799999999996,6,483.91999999999973,swap,notBad
3568,6,527.2799999999996,6,483.91999999999973,2opt,notBad
3569,6,527.2799999999996,6,483.91999999999973,move,improve
3570,6,527.2799999999996,6,483.91999999999973,move,improve
3571,6,524.2399999999996,6,483.91999999999973,move,improve
3572,6,524.2399999999996,6,483.91999999999973,swap,notBad
3573,6,524.2399999999996,6,483.91999999999973,swap,notBad
3574,6,524.2399999999996,6,483.91999999999973,2opt,notBad
3575,6,527.0799999999997,6,483.91999999999973,swap,acceptBad
3576,6,527.0799999999997,6,483.91999999999973,swap,notBad
3577,6,588.2999999999998,6,483.91999999999973,move,acceptBad
3578,6,588.2999999999998,6,483.91999999999973,swap,notBad
3579,6,594.3199999999997,6,483.91999999999973,swap,acceptBad
3580,6,594.7999999999997,6,483.91999999999973,swap,acceptBad
3581,6,594.7999999999997,6,483.91999999999973,2opt,notBad
3582,6,594.7999999999997,6,483.91999999999973,2opt,notBad
3583,6,594.7999999999997,6,483.91999999999973,move,improve
3584,6,594.7999999999997,6,483.91999999999973,swap,notBad
3585,6,596.1799999999998,6,483.91999999999973,2opt,acceptBad
3586,6,596.1799999999998,6,483.91999999999973,move,improve
3587,6,596.1799999999998,6,483.91999999999973,move,improve
3588,6,596.1799999999998,6,483.91999999999973,2opt,notBad
3589,6,596.1799999999998,6,483.91999999999973,move,improve
3590,6,596.1799999999998,6,483.91999999999973,swap,notBad
3591,6,595.3399999999998,6,483.91999999999973,move,improve
3592,6,595.3399999999998,6,483.91999999999973,move,improve
3593,6,595.3399999999998,6,483.91999999999973,move,improve
3594,6,595.3399999999998,6,483.91999999999973,move,improve
3595,6,595.1599999999999,6,483.91999999999973,2opt,improve
3596,6,589.4399999999999,6,483.91999999999973,swap,improve
3597,6,577.38,6,483.91999999999973,move,improve
3598,6,577.38,6,483.91999999999973,swap,notBad
3599,6,577.38,6,483.91999999999973,2opt,notBad
3600,6,577.38,6,483.91999999999973,swap,notBad
3601,6,577.38,6,483.91999999999973,2opt,notBad
3602,6,577.38,6,483.91999999999973,2opt,notBad
3603,6,577.38,6,483.91999999999973,move,improve
3604,6,577.38,6,483.91999999999973,swap,notBad
3605,6,577.38,6,483.91999999999973,move,improve
3606,6,577.38,6,483.91999999999973,swap,notBad
3607,6,577.38,6,483.91999999999973,move,improve
3608,6,577.38,6,483.91999999999973,2opt,notBad
3609,6,577.38,6,483.91999999999973,swap,notBad
3610,6,577.38,6,483.91999999999973,move,improve
3611,6,577.38,6,483.91999999999973,swap,notBad
3612,6,577.38,6,483.91999999999973,swap,notBad
3613,6,577.38,6,483.91999999999973,move,improve
3614,6,577.02,6,483.91999999999973,move,improve
3615,6,576.8799999999999,6,483.91999999999973,move,improve
3616,6,576.8799999999999,6,483.91999999999973,move,improve
3617,6,576.8799999999999,6,483.91999999999973,2opt,notBad
3618,6,584.1599999999996,6,483.91999999999973,move,acceptBad
3619,6,582.7999999999996,6,483.91999999999973,move,improve
3620,6,582.7999999999996,6,483.91999999999973,move,improve
3621,6,582.7999999999996,6,483.91999999999973,2opt,notBad
3622,6,582.7999999999996,6,483.91999999999973,move,improve
3623,6,579.3599999999997,6,483.91999999999973,move,improve
3624,6,579.3599999999997,6,483.91999999999973,move,improve
3625,6,579.3599999999997,6,483.91999999999973,move,improve
3626,6,579.3599999999997,6,483.91999999999973,2opt,notBad
3627,6,579.3599999999997,6,483.91999999999973,move,improve
3628,6,579.3599999999997,6,483.91999999999973,swap,notBad
3629,6,579.3599999999997,6,483.91999999999973,move,improve
3630,6,579.3599999999997,6,483.91999999999973,move,improve
3631,6,579.3599999999997,6,483.91999999999973,swap,notBad
3632,6,579.3599999999997,6,483.91999999999973,2opt,notBad
3633,6,579.3599999999997,6,483.91999999999973,move,improve
3634,6,579.3599999999997,6,483.91999999999973,2opt,improve
3635,6,579.3599999999997,6,483.91999999999973,2opt,notBad
3636,6,579.3599999999997,6,483.91999999999973,2opt,notBad
3637,6,579.3599999999997,6,483.91999999999973,swap,notBad
3638,6,579.3599999999997,6,483.91999999999973,swap,notBad
3639,6,579.3599999999997,6,483.91999999999973,2opt,notBad
3640,6,579.3599999999997,6,483.91999999999973,swap,notBad
3641,6,579.3599999999997,6,483.91999999999973,2opt,notBad
3642,6,579.3599999999997,6,483.91999999999973,2opt,notBad
3643,6,579.3599999999997,6,483.91999999999973,swap,notBad
3644,6,579.3599999999997,6,483.91999999999973,2opt,notBad
3645,6,579.3599999999997,6,483.91999999999973,move,improve
3646,6,579.3599999999997,6,483.91999999999973,swap,notBad
3647,6,589.0799999999997,6,483.91999999999973,swap,acceptBad
3648,6,589.0799999999997,6,483.91999999999973,swap,notBad
3649,6,594.5599999999997,6,483.91999999999973,swap,acceptBad
3650,6,586.3199999999999,6,483.91999999999973,swap,improve
3651,6,586.6599999999999,6,483.91999999999973,swap,acceptBad
3652,6,586.6599999999999,6,483.91999999999973,2opt,notBad
3653,6,563.4400000000003,6,483.91999999999973,move,improve
3654,6,563.4400000000003,6,483.91999999999973,2opt,notBad
3655,6,559.0600000000002,6,483.91999999999973,2opt,improve
3656,6,552.8200000000002,6,483.91999999999973,move,improve
3657,6,552.8200000000002,6,483.91999999999973,swap,notBad
3658,6,552.8200000000002,6,483.91999999999973,move,improve
3659,6,552.8200000000002,6,483.91999999999973,move,improve
3660,6,551.8400000000001,6,483.91999999999973,move,improve
3661,6,551.8400000000001,6,483.91999999999973,move,improve
3662,6,551.8400000000001,6,483.91999999999973,2opt,notBad
3663,6,551.8400000000001,6,483.91999999999973,move,improve
3664,6,551.8400000000001,6,483.91999999999973,move,improve
3665,6,551.8400000000001,6,483.91999999999973,2opt,notBad
3666,6,551.8400000000001,6,483.91999999999973,move,improve
3667,6,551.8400000000001,6,483.91999999999973,swap,notBad
3668,6,551.8400000000001,6,483.91999999999973,move,improve
3669,6,551.8400000000001,6,483.91999999999973,2opt,notBad
3670,6,551.8400000000001,6,483.91999999999973,move,improve
3671,6,551.8400000000001,6,483.91999999999973,move,improve
3672,6,551.7400000000002,6,483.91999999999973,swap,improve
3673,6,551.7400000000002,6,483.91999999999973,move,improve
3674,6,551.7400000000002,6,483.91999999999973,swap,notBad
3675,6,551.7400000000002,6,483.91999999999973,2opt,notBad
3676,6,551.7400000000002,6,483.91999999999973,2opt,notBad
3677,6,551.7400000000002,6,483.91999999999973,move,improve
3678,6,551.7400000000002,6,483.91999999999973,2opt,notBad
3679,6,551.7400000000002,6,483.91999999999973,swap,notBad
3680,6,551.7400000000002,6,483.91999999999973,swap,notBad
3681,6,551.7400000000002,6,483.91999999999973,move,improve
3682,6,551.7400000000002,6,483.91999999999973,2opt,notBad
3683,6,551.7400000000002,6,483.91999999999973,2opt,notBad
3684,6,551.7400000000002,6,483.91999999999973,swap,notBad
3685,6,551.7400000000002,6,483.91999999999973,swap,notBad
3686,6,543.0000000000002,6,483.91999999999973,move,improve
3687,6,543.0000000000002,6,483.91999999999973,swap,notBad
3688,6,537.5400000000002,6,483.91999999999973,swap,improve
3689,6,537.5400000000002,6,483.91999999999973,2opt,improve
3690,6,537.5400000000002,6,483.91999999999973,move,improve
3691,6,537.5400000000002,6,483.91999999999973,2opt,notBad
3692,6,537.5400000000002,6,483.91999999999973,2opt,notBad
3693,6,543.1800000000003,6,483.91999999999973,swap,acceptBad
3694,6,543.1800000000003,6,483.91999999999973,swap,notBad
3695,6,543.1800000000003,6,483.91999999999973,move,improve
3696,6,543.1800000000003,6,483.91999999999973,swap,notBad
3697,6,543.1800000000003,6,483.91999999999973,move,improve
3698,6,543.1800000000003,6,483.91999999999973,move,improve
3699,6,543.1800000000003,6,483.91999999999973,2opt,improve
3700,6,543.1800000000003,6,483.91999999999973,move,improve
3701,6,543.1800000000003,6,483.91999999999973,swap,notBad
3702,6,543.1800000000003,6,483.91999999999973,swap,notBad
3703,6,543.1800000000003,6,483.91999999999973,move,improve
3704,6,543.1800000000003,6,483.91999999999973,2opt,notBad
3705,6,543.1800000000003,6,483.91999999999973,swap,notBad
3706,6,543.1800000000003,6,483.91999999999973,swap,notBad
3707,6,543.1800000000003,6,483.91999999999973,swap,notBad
3708,6,543.1800000000003,6,483.91999999999973,swap,notBad
3709,6,543.1800000000003,6,483.91999999999973,2opt,notBad
3710,6,543.1800000000003,6,483.91999999999973,swap,notBad
3711,6,543.1800000000003,6,483.91999999999973,2opt,notBad
3712,6,543.1800000000003,6,483.91999999999973,move,improve
3713,6,543.1800000000003,6,483.91999999999973,2opt,notBad
3714,6,543.1800000000003,6,483.91999999999973,move,improve
3715,6,550.0200000000002,6,483.91999999999973,swap,acceptBad
3716,6,550.0200000000002,6,483.91999999999973,swap,notBad
3717,6,550.0200000000002,6,483.91999999999973,2opt,notBad
3718,6,550.1,6,483.91999999999973,swap,acceptBad
3719,6,550.1,6,483.91999999999973,2opt,notBad
3720,6,550.1,6,483.91999999999973,move,improve
3721,6,550.1,6,483.91999999999973,swap,notBad
3722,6,550.1,6,483.91999999999973,2opt,notBad
3723,6,550.1,6,483.91999999999973,move,improve
3724,6,550.1,6,483.91999999999973,2opt,notBad
3725,6,545.56,6,483.91999999999973,swap,improve
3726,6,547.78,6,483.91999999999973,swap,acceptBad
3727,6,547.78,6,483.91999999999973,move,improve
3728,6,547.78,6,483.91999999999973,move,improve
3729,6,547.78,6,483.91999999999973,move,improve
3730,6,547.78,6,483.91999999999973,move,improve
3731,6,547.78,6,483.91999999999973,2opt,notBad
3732,6,554.46,6,483.91999999999973,swap,acceptBad
3733,6,554.46,6,483.91999999999973,swap,notBad
3734,6,554.46,6,483.91999999999973,2opt,notBad
3735,6,554.46,6,483.91999999999973,move,improve
3736,6,552.24,6,483.91999999999973,swap,improve
3737,6,552.24,6,483.91999999999973,2opt,notBad
3738,6,552.24,6,483.91999999999973,2opt,notBad
3739,6,540.52,6,483.91999999999973,2opt,improve
3740,6,540.52,6,483.91999999999973,swap,notBad
3741,6,540.52,6,483.91999999999973,move,improve
3742,6,540.46,6,483.91999999999973,2opt,improve
3743,6,540.46,6,483.91999999999973,swap,notBad
3744,6,540.46,6,483.91999999999973,move,improve
3745,6,540.46,6,483.91999999999973,2opt,notBad
3746,6,540.46,6,483.91999999999973,swap,notBad
3747,6,540.46,6,483.91999999999973,swap,notBad
3748,6,540.46,6,483.91999999999973,2opt,notBad
3749,6,540.46,6,483.91999999999973,2opt,notBad
3750,6,540.46,6,483.91999999999973,move,notBad
3751,6,540.46,6,483.91999999999973,swap,notBad
3752,6,532.86,6,483.91999999999973,2opt,improve
3753,6,532.86,6,483.91999999999973,2opt,notBad
3754,6,535.2400000000001,6,483.91999999999973,2opt,acceptBad
3755,6,535.2400000000001,6,483.91999999999973,2opt,notBad
3756,6,535.2400000000001,6,483.91999999999973,move,improve
3757,6,535.2400000000001,6,483.91999999999973,swap,notBad
3758,6,531.7200000000001,6,483.91999999999973,2opt,improve
3759,6,531.7200000000001,6,483.91999999999973,move,improve
3760,6,531.8600000000001,6,483.91999999999973,2opt,acceptBad
3761,6,531.8600000000001,6,483.91999999999973,move,improve
3762,6,531.8600000000001,6,483.91999999999973,move,improve
3763,6,538.0800000000002,6,483.91999999999973,swap,acceptBad
3764,6,538.0800000000002,6,483.91999999999973,move,improve
3765,6,538.0800000000002,6,483.91999999999973,2opt,notBad
3766,6,538.0800000000002,6,483.91999999999973,move,improve
3767,6,538.0800000000002,6,483.91999999999973,2opt,notBad
3768,6,538.0800000000002,6,483.91999999999973,2opt,notBad
3769,6,538.0800000000002,6,483.91999999999973,swap,notBad
3770,6,538.0800000000002,6,483.91999999999973,move,improve
3771,6,537.7,6,483.91999999999973,move,improve
3772,6,537.7,6,483.91999999999973,move,improve
3773,6,537.7,6,483.91999999999973,move,improve
3774,6,533.5800000000002,6,483.91999999999973,move,improve
3775,6,533.5800000000002,6,483.91999999999973,swap,notBad
3776,6,533.5800000000002,6,483.91999999999973,2opt,notBad
3777,6,533.5800000000002,6,483.91999999999973,swap,notBad
3778,6,533.5800000000002,6,483.91999999999973,move,improve
3779,6,532.3600000000001,6,483.91999999999973,swap,improve
3780,6,532.3600000000001,6,483.91999999999973,move,improve
3781,6,532.3600000000001,6,483.91999999999973,2opt,notBad
3782,6,529.46,6,483.91999999999973,move,improve
3783,6,529.46,6,483.91999999999973,swap,notBad
3784,6,529.46,6,483.91999999999973,2opt,improve
3785,6,529.46,6,483.91999999999973,swap,notBad
3786,6,529.46,6,483.91999999999973,2opt,notBad
3787,6,529.46,6,483.91999999999973,swap,notBad
3788,6,529.46,6,483.91999999999973,move,improve
3789,6,529.46,6,483.91999999999973,move,improve
3790,6,523.3999999999999,6,483.91999999999973,move,improve
3791,6,523.3999999999999,6,483.91999999999973,2opt,notBad
3792,6,523.3999999999999,6,483.91999999999973,2opt,notBad
3793,6,523.3999999999999,6,483.91999999999973,2opt,notBad
3794,6,523.3999999999999,6,483.91999999999973,swap,notBad
3795,6,523.3999999999999,6,483.91999999999973,swap,notBad
3796,6,523.3999999999999,6,483.91999999999973,2opt,improve
3797,6,523.3999999999999,6,483.91999999999973,swap,notBad
3798,6,523.3999999999999,6,483.91999999999973,move,improve
3799,6,532.2199999999998,6,483.91999999999973,swap,acceptBad
3800,6,532.4599999999997,6,483.91999999999973,2opt,acceptBad
3801,6,532.4599999999997,6,483.91999999999973,swap,notBad
3802,6,532.4599999999997,6,483.91999999999973,swap,notBad
3803,6,532.4599999999997,6,483.91999999999973,move,improve
3804,6,532.4599999999997,6,483.91999999999973,swap,notBad
3805,6,532.4599999999997,6,483.91999999999973,2opt,notBad
3806,6,532.4599999999997,6,483.91999999999973,swap,notBad
3807,6,532.4599999999997,6,483.91999999999973,2opt,notBad
3808,6,532.4599999999997,6,483.91999999999973,swap,notBad
3809,6,531.7399999999997,6,483.91999999999973,move,improve
3810,6,531.7399999999997,6,483.91999999999973,2opt,notBad
3811,6,486.39999999999975,6,483.91999999999973,swap,improve
3812,6,486.39999999999975,6,483.91999999999973,2opt,notBad
3813,6,486.39999999999975,6,483.91999999999973,move,improve
3814,6,486.39999999999975,6,483.91999999999973,move,improve
3815,6,486.39999999999975,6,483.91999999999973,swap,notBad
3816,6,486.39999999999975,6,483.91999999999973,move,improve
3817,6,486.39999999999975,6,483.91999999999973,move,improve
3818,6,486.39999999999975,6,483.91999999999973,2opt,improve
3819,6,486.39999999999975,6,483.91999999999973,2opt,notBad
3820,6,486.1199999999998,6,483.91999999999973,swap,improve
3821,6,486.1199999999998,6,483.91999999999973,swap,notBad
3822,6,486.1199999999998,6,483.91999999999973,2opt,notBad
3823,6,486.1199999999998,6,483.91999999999973,swap,notBad
3824,6,486.1199999999998,6,483.91999999999973,2opt,notBad
3825,6,495.60000000000036,6,483.91999999999973,swap,acceptBad
3826,6,495.60000000000036,6,483.91999999999973,2opt,notBad
3827,6,495.60000000000036,6,483.91999999999973,swap,notBad
3828,6,495.60000000000036,6,483.91999999999973,2opt,notBad
3829,6,495.60000000000036,6,483.91999999999973,swap,notBad
3830,6,495.60000000000036,6,483.91999999999973,2opt,notBad
3831,6,495.60000000000036,6,483.91999999999973,2opt,notBad
3832,6,495.60000000000036,6,483.91999999999973,swap,notBad
3833,6,497.86000000000035,6,483.91999999999973,swap,acceptBad
3834,6,491.2200000000002,6,483.91999999999973,move,improve
3835,6,491.2200000000002,6,483.91999999999973,2opt,improve
3836,6,491.2200000000002,6,483.91999999999973,2opt,notBad
3837,6,498.3000000000003,6,483.91999999999973,swap,acceptBad
3838,6,495.40000000000026,6,483.91999999999973,move,improve
3839,6,495.40000000000026,6,483.91999999999973,2opt,notBad
3840,6,497.92000000000036,6,483.91999999999973,swap,acceptBad
3841,6,497.92000000000036,6,483.91999999999973,move,improve
3842,6,497.92000000000036,6,483.91999999999973,move,improve
3843,6,497.92000000000036,6,483.91999999999973,2opt,notBad
3844,6,497.92000000000036,6,483.91999999999973,2opt,improve
3845,6,497.92000000000036,6,483.91999999999973,swap,notBad
3846,6,497.92000000000036,6,483.91999999999973,swap,notBad
3847,6,497.92000000000036,6,483.91999999999973,swap,notBad
3848,6,497.92000000000036,6,483.91999999999973,move,improve
3849,6,497.92000000000036,6,483.91999999999973,move,improve
3850,6,497.92000000000036,6,483.91999999999973,swap,notBad
3851,6,497.92000000000036,6,483.91999999999973,swap,notBad
3852,6,493.36000000000075,6,483.91999999999973,move,improve
3853,6,493.36000000000075,6,483.91999999999973,swap,notBad
3854,6,487.50000000000017,6,483.91999999999973,move,improve
3855,6,487.50000000000017,6,483.91999999999973,2opt,notBad
3856,6,486.50000000000017,6,483.91999999999973,move,improve
3857,6,479.53999999999974,6,479.53999999999974,move,newBest
3858,6,479.53999999999974,6,479.53999999999974,swap,notBad
3859,6,479.53999999999974,6,479.53999999999974,swap,notBad
3860,6,479.53999999999974,6,479.53999999999974,move,improve
3861,6,479.53999999999974,6,479.53999999999974,swap,notBad
3862,6,468.95999999999975,6,468.95999999999975,move,newBest
3863,6,468.95999999999975,6,468.95999999999975,swap,notBad
3864,6,468.95999999999975,6,468.95999999999975,swap,notBad
3865,6,468.95999999999975,6,468.95999999999975,swap,notBad
3866,6,468.95999999999975,6,468.95999999999975,move,improve
3867,6,468.95999999999975,6,468.95999999999975,swap,notBad
3868,6,468.95999999999975,6,468.95999999999975,move,improve
3869,6,468.95999999999975,6,468.95999999999975,2opt,notBad
3870,6,468.95999999999975,6,468.95999999999975,move,improve
3871,6,468.95999999999975,6,468.95999999999975,2opt,notBad
3872,6,468.95999999999975,6,468.95999999999975,2opt,notBad
3873,6,468.95999999999975,6,468.95999999999975,2opt,notBad
3874,6,468.95999999999975,6,468.95999999999975,2opt,notBad
3875,6,468.95999999999975,6,468.95999999999975,2opt,notBad
3876,6,468.95999999999975,6,468.95999999999975,2opt,notBad
3877,6,468.95999999999975,6,468.95999999999975,swap,notBad
3878,6,459.93999999999977,6,459.93999999999977,move,newBest
3879,6,459.93999999999977,6,459.93999999999977,move,improve
3880,6,459.93999999999977,6,459.93999999999977,2opt,improve
3881,6,459.93999999999977,6,459.93999999999977,2opt,notBad
3882,6,459.93999999999977,6,459.93999999999977,2opt,notBad
3883,6,459.93999999999977,6,459.93999999999977,2opt,notBad
3884,6,449.52000000000044,6,449.52000000000044,move,newBest
3885,6,449.52000000000044,6,449.52000000000044,swap,notBad
3886,6,449.52000000000044,6,449.52000000000044,swap,notBad
3887,6,449.52000000000044,6,449.52000000000044,swap,notBad
3888,6,449.52000000000044,6,449.52000000000044,2opt,notBad
3889,6,449.52000000000044,6,449.52000000000044,move,improve
3890,6,449.52000000000044,6,449.52000000000044,swap,notBad
3891,6,452.4200000000004,6,449.52000000000044,swap,acceptBad
3892,6,452.4200000000004,6,449.52000000000044,move,improve
3893,6,452.4200000000004,6,449.52000000000044,swap,notBad
3894,6,452.4200000000004,6,449.52000000000044,swap,notBad
3895,6,452.4200000000004,6,449.52000000000044,2opt,notBad
3896,6,449.52000000000044,6,449.52000000000044,swap,improve
3897,6,449.52000000000044,6,449.52000000000044,2opt,notBad
3898,6,448.02000000000044,6,448.02000000000044,move,newBest
3899,6,448.02000000000044,6,448.02000000000044,swap,notBad
3900,6,448.02000000000044,6,448.02000000000044,move,improve
3901,6,448.02000000000044,6,448.02000000000044,move,improve
3902,6,448.02000000000044,6,448.02000000000044,swap,notBad
3903,6,448.02000000000044,6,448.02000000000044,swap,notBad
3904,6,450.52000000000044,6,448.02000000000044,swap,acceptBad
3905,6,450.52000000000044,6,448.02000000000044,swap,notBad
3906,6,450.52000000000044,6,448.02000000000044,swap,notBad
3907,6,450.52000000000044,6,448.02000000000044,2opt,notBad
3908,6,450.52000000000044,6,448.02000000000044,2opt,notBad
3909,6,443.1600000000004,6,443.1600000000004,move,newBest
3910,6,443.1600000000004,6,443.1600000000004,swap,notBad
3911,6,449.50000000000045,6,443.1600000000004,swap,acceptBad
3912,6,459.52000000000044,6,443.1600000000004,swap,acceptBad
3913,6,459.52000000000044,6,443.1600000000004,2opt,notBad
3914,6,459.52000000000044,6,443.1600000000004,2opt,notBad
3915,6,459.52000000000044,6,443.1600000000004,move,improve
3916,6,459.52000000000044,6,443.1600000000004,2opt,notBad
3917,6,459.52000000000044,6,443.1600000000004,swap,notBad
3918,6,459.52000000000044,6,443.1600000000004,move,improve
3919,6,459.52000000000044,6,443.1600000000004,2opt,notBad
3920,6,459.52000000000044,6,443.1600000000004,swap,notBad
3921,6,459.52000000000044,6,443.1600000000004,swap,notBad
3922,6,459.52000000000044,6,443.1600000000004,2opt,improve
3923,6,459.52000000000044,6,443.1600000000004,move,improve
3924,6,459.52000000000044,6,443.1600000000004,move,improve
3925,6,465.5800000000005,6,443.1600000000004,swap,acceptBad
3926,6,465.5800000000005,6,443.1600000000004,2opt,notBad
3927,6,465.5800000000005,6,443.1600000000004,swap,notBad
3928,6,465.5800000000005,6,443.1600000000004,2opt,notBad
3929,6,465.5800000000005,6,443.1600000000004,move,improve
3930,6,465.5800000000005,6,443.1600000000004,move,improve
3931,6,469.04000000000053,6,443.1600000000004,swap,acceptBad
3932,6,469.04000000000053,6,443.1600000000004,swap,notBad
3933,6,469.04000000000053,6,443.1600000000004,2opt,notBad
3934,6,469.04000000000053,6,443.1600000000004,swap,notBad
3935,6,469.04000000000053,6,443.1600000000004,2opt,notBad
3936,6,469.04000000000053,6,443.1600000000004,2opt,notBad
3937,6,469.04000000000053,6,443.1600000000004,swap,notBad
3938,6,460.76000000000045,6,443.1600000000004,move,improve
3939,6,460.76000000000045,6,443.1600000000004,2opt,notBad
3940,6,460.76000000000045,6,443.1600000000004,move,improve
3941,6,458.9400000000005,6,443.1600000000004,move,improve
3942,6,458.9400000000005,6,443.1600000000004,2opt,notBad
3943,6,458.9400000000005,6,443.1600000000004,move,improve
3944,6,458.9400000000005,6,443.1600000000004,swap,notBad
3945,6,458.2400000000006,6,443.1600000000004,2opt,improve
3946,6,458.2400000000006,6,443.1600000000004,swap,notBad
3947,6,453.54000000000053,6,443.1600000000004,move,improve
3948,6,453.4200000000004,6,443.1600000000004,move,improve
3949,6,453.4200000000004,6,443.1600000000004,swap,notBad
3950,6,453.4200000000004,6,443.1600000000004,swap,notBad
3951,6,453.4200000000004,6,443.1600000000004,swap,notBad
3952,6,458.89999999999986,6,443.1600000000004,swap,acceptBad
3953,6,458.89999999999986,6,443.1600000000004,2opt,improve
3954,6,458.89999999999986,6,443.1600000000004,swap,notBad
3955,6,458.89999999999986,6,443.1600000000004,swap,notBad
3956,6,453.4200000000004,6,443.1600000000004,swap,improve
3957,6,453.4200000000004,6,443.1600000000004,2opt,notBad
3958,6,453.4200000000004,6,443.1600000000004,2opt,notBad
3959,6,453.4200000000004,6,443.1600000000004,2opt,notBad
3960,6,453.4200000000004,6,443.1600000000004,2opt,notBad
3961,6,453.4200000000004,6,443.1600000000004,2opt,notBad
3962,6,453.4200000000004,6,443.1600000000004,swap,notBad
3963,6,453.4200000000004,6,443.1600000000004,2opt,notBad
3964,6,453.4200000000004,6,443.1600000000004,2opt,improve
3965,6,453.4200000000004,6,443.1600000000004,2opt,notBad
3966,6,458.9200000000004,6,443.1600000000004,2opt,acceptBad
3967,6,458.9200000000004,6,443.1600000000004,move,improve
3968,6,458.9200000000004,6,443.1600000000004,swap,notBad
3969,6,458.9200000000004,6,443.1600000000004,move,improve
3970,6,458.9200000000004,6,443.1600000000004,swap,notBad
3971,6,458.9200000000004,6,443.1600000000004,move,improve
3972,6,458.9200000000004,6,443.1600000000004,swap,notBad
3973,6,452.4400000000004,6,443.1600000000004,move,improve
3974,6,452.4400000000004,6,443.1600000000004,2opt,notBad
3975,6,452.4400000000004,6,443.1600000000004,swap,notBad
3976,6,452.4400000000004,6,443.1600000000004,move,improve
3977,6,452.4400000000004,6,443.1600000000004,2opt,notBad
3978,6,452.4400000000004,6,443.1600000000004,move,improve
3979,6,452.4400000000004,6,443.1600000000004,2opt,notBad
3980,6,452.4400000000004,6,443.1600000000004,move,improve
3981,6,452.4400000000004,6,443.1600000000004,swap,notBad
3982,6,452.4400000000004,6,443.1600000000004,move,improve
3983,6,455.5600000000005,6,443.1600000000004,swap,acceptBad
3984,6,455.5600000000005,6,443.1600000000004,swap,notBad
3985,6,455.5600000000005,6,443.1600000000004,2opt,notBad
3986,6,455.5600000000005,6,443.1600000000004,2opt,notBad
3987,6,455.5600000000005,6,443.1600000000004,2opt,notBad
3988,6,455.5600000000005,6,443.1600000000004,move,improve
3989,6,455.5600000000005,6,443.1600000000004,swap,notBad
3990,6,448.6800000000005,6,443.1600000000004,swap,improve
3991,6,448.6800000000005,6,443.1600000000004,move,improve
3992,6,448.6800000000005,6,443.1600000000004,2opt,notBad
3993,6,448.6800000000005,6,443.1600000000004,swap,notBad
3994,6,448.6800000000005,6,443.1600000000004,swap,notBad
3995,6,452.76000000000045,6,443.1600000000004,2opt,acceptBad
3996,6,452.76000000000045,6,443.1600000000004,2opt,notBad
3997,6,452.76000000000045,6,443.1600000000004,swap,notBad
3998,6,452.76000000000045,6,443.1600000000004,2opt,notBad
3999,6,452.76000000000045,6,443.1600000000004,2opt,notBad
4000,6,452.4400000000004,6,443.1600000000004,move,improve
4001,6,452.4400000000004,6,443.1600000000004,swap,notBad
4002,6,452.4400000000004,6,443.1600000000004,swap,notBad
4003,6,452.3400000000005,6,443.1600000000004,move,improve
4004,6,452.3400000000005,6,443.1600000000004,swap,notBad
4005,6,452.3400000000005,6,443.1600000000004,move,improve
4006,6,452.3400000000005,6,443.1600000000004,move,improve
4007,6,452.7800000000004,6,443.1600000000004,swap,acceptBad
4008,6,452.64000000000044,6,443.1600000000004,move,improve
4009,6,452.64000000000044,6,443.1600000000004,2opt,notBad
4010,6,452.64000000000044,6,443.1600000000004,move,improve
4011,6,452.64000000000044,6,443.1600000000004,swap,notBad
4012,6,452.64000000000044,6,443.1600000000004,swap,notBad
4013,6,452.64000000000044,6,443.1600000000004,move,improve
4014,6,452.64000000000044,6,443.1600000000004,move,improve
4015,6,452.64000000000044,6,443.1600000000004,move,improve
4016,6,452.64000000000044,6,443.1600000000004,move,improve
4017,6,452.64000000000044,6,443.1600000000004,move,improve
4018,6,452.64000000000044,6,443.1600000000004,2opt,notBad
4019,6,452.64000000000044,6,443.1600000000004,swap,notBad
4020,6,452.64000000000044,6,443.1600000000004,move,improve
4021,6,452.64000000000044,6,443.1600000000004,2opt,notBad
4022,6,452.64000000000044,6,443.1600000000004,move,improve
4023,6,452.64000000000044,6,443.1600000000004,swap,notBad
4024,6,452.64000000000044,6,443.1600000000004,move,improve
4025,6,452.64000000000044,6,443.1600000000004,2opt,notBad
4026,6,452.64000000000044,6,443.1600000000004,move,improve
4027,6,452.64000000000044,6,443.1600000000004,move,improve
4028,6,452.64000000000044,6,443.1600000000004,swap,notBad
4029,6,452.64000000000044,6,443.1600000000004,2opt,notBad
4030,6,452.64000000000044,6,443.1600000000004,move,improve
4031,6,452.64000000000044,6,443.1600000000004,2opt,notBad
4032,6,452.64000000000044,6,443.1600000000004,move,improve
4033,6,452.64000000000044,6,443.1600000000004,swap,notBad
4034,6,452.64000000000044,6,443.1600000000004,2opt,notBad
4035,6,452.64000000000044,6,443.1600000000004,swap,notBad
4036,6,452.64000000000044,6,443.1600000000004,2opt,notBad
4037,6,452.64000000000044,6,443.1600000000004,2opt,notBad
4038,6,452.4400000000004,6,443.1600000000004,move,improve
4039,6,452.4400000000004,6,443.1600000000004,move,improve
4040,6,452.4400000000004,6,443.1600000000004,move,improve
4041,6,455.1000000000005,6,443.1600000000004,swap,acceptBad
4042,6,455.1000000000005,6,443.1600000000004,move,improve
4043,6,455.1000000000005,6,443.1600000000004,2opt,notBad
4044,6,455.1000000000005,6,443.1600000000004,2opt,notBad
4045,6,455.1000000000005,6,443.1600000000004,swap,notBad
4046,6,455.1000000000005,6,443.1600000000004,2opt,notBad
4047,6,455.1000000000005,6,443.1600000000004,swap,notBad
4048,6,455.1000000000005,6,443.1600000000004,2opt,notBad
4049,6,455.1000000000005,6,443.1600000000004,move,improve
4050,6,455.1000000000005,6,443.1600000000004,swap,notBad
4051,6,455.1000000000005,6,443.1600000000004,move,improve
4052,6,455.1000000000005,6,443.1600000000004,2opt,notBad
4053,6,455.1000000000005,6,443.1600000000004,swap,notBad
4054,6,455.1000000000005,6,443.1600000000004,swap,notBad
4055,6,455.1000000000005,6,443.1600000000004,2opt,notBad
4056,6,455.1000000000005,6,443.1600000000004,2opt,notBad
4057,6,455.1000000000005,6,443.1600000000004,swap,notBad
4058,6,455.1000000000005,6,443.1600000000004,2opt,notBad
4059,6,455.1000000000005,6,443.1600000000004,swap,notBad
4060,6,455.1000000000005,6,443.1600000000004,swap,notBad
4061,6,460.0800000000005,6,443.1600000000004,2opt,acceptBad
4062,6,460.0800000000005,6,443.1600000000004,swap,notBad
4063,6,460.0800000000005,6,443.1600000000004,move,improve
4064,6,460.0800000000005,6,443.1600000000004,2opt,notBad
4065,6,460.0800000000005,6,443.1600000000004,move,improve
4066,6,460.0800000000005,6,443.1600000000004,swap,notBad
4067,6,460.0800000000005,6,443.1600000000004,swap,notBad
4068,6,460.0800000000005,6,443.1600000000004,swap,notBad
4069,6,460.0800000000005,6,443.1600000000004,swap,notBad
4070,6,460.0800000000005,6,443.1600000000004,move,improve
4071,6,460.0800000000005,6,443.1600000000004,2opt,notBad
4072,6,460.0800000000005,6,443.1600000000004,move,improve
4073,6,460.0800000000005,6,443.1600000000004,2opt,notBad
4074,6,460.0800000000005,6,443.1600000000004,2opt,notBad
4075,6,460.0800000000005,6,443.1600000000004,move,improve
4076,6,460.0800000000005,6,443.1600000000004,swap,notBad
4077,6,460.0800000000005,6,443.1600000000004,move,improve
4078,6,460.0800000000005,6,443.1600000000004,swap,notBad
4079,6,460.0800000000005,6,443.1600000000004,move,improve
4080,6,460.0800000000005,6,443.1600000000004,2opt,notBad
4081,6,460.2200000000005,6,443.1600000000004,move,acceptBad
4082,6,460.2200000000005,6,443.1600000000004,2opt,notBad
4083,6,460.2200000000005,6,443.1600000000004,move,improve
4084,6,460.2200000000005,6,443.1600000000004,move,improve
4085,6,460.2200000000005,6,443.1600000000004,swap,notBad
4086,6,460.2200000000005,6,443.1600000000004,2opt,notBad
4087,6,460.2200000000005,6,443.1600000000004,2opt,notBad
4088,6,460.2200000000005,6,443.1600000000004,2opt,notBad
4089,6,460.2200000000005,6,443.1600000000004,swap,notBad
4090,6,464.3200000000005,6,443.1600000000004,swap,acceptBad
4091,6,464.3200000000005,6,443.1600000000004,2opt,notBad
4092,6,464.3200000000005,6,443.1600000000004,move,improve
4093,6,464.3200000000005,6,443.1600000000004,move,improve
4094,6,464.3200000000005,6,443.1600000000004,move,improve
4095,6,464.3200000000005,6,443.1600000000004,move,improve
4096,6,464.3200000000005,6,443.1600000000004,2opt,notBad
4097,6,464.3200000000005,6,443.1600000000004,2opt,notBad
4098,6,464.3200000000005,6,443.1600000000004,move,improve
4099,6,464.3200000000005,6,443.1600000000004,2opt,improve
4100,6,464.3200000000005,6,443.1600000000004,move,improve
4101,6,464.3200000000005,6,443.1600000000004,2opt,improve
4102,6,464.3200000000005,6,443.1600000000004,2opt,notBad
4103,6,464.3200000000005,6,443.1600000000004,2opt,notBad
4104,6,461.66000000000054,6,443.1600000000004,move,improve
4105,6,459.7400000000006,6,443.1600000000004,move,improve
4106,6,459.7400000000006,6,443.1600000000004,2opt,notBad
4107,6,459.7400000000006,6,443.1600000000004,swap,notBad
4108,6,459.7400000000006,6,443.1600000000004,move,improve
4109,6,459.7400000000006,6,443.1600000000004,2opt,notBad
4110,6,460.16000000000054,6,443.1600000000004,swap,acceptBad
4111,6,459.7400000000006,6,443.1600000000004,move,improve
4112,6,459.7400000000006,6,443.1600000000004,move,improve
4113,6,458.5800000000005,6,443.1600000000004,move,improve
4114,6,458.5800000000005,6,443.1600000000004,swap,notBad
4115,6,457.02000000000055,6,443.1600000000004,swap,improve
4116,6,457.02000000000055,6,443.1600000000004,2opt,notBad
4117,6,457.02000000000055,6,443.1600000000004,2opt,notBad
4118,6,457.02000000000055,6,443.1600000000004,swap,notBad
4119,6,457.02000000000055,6,443.1600000000004,move,improve
4120,6,457.02000000000055,6,443.1600000000004,move,improve
4121,6,457.02000000000055,6,443.1600000000004,move,improve
4122,6,457.02000000000055,6,443.1600000000004,move,notBad
4123,6,457.02000000000055,6,443.1600000000004,swap,notBad
4124,6,457.02000000000055,6,443.1600000000004,swap,notBad
4125,6,457.02000000000055,6,443.1600000000004,2opt,notBad
4126,6,457.02000000000055,6,443.1600000000004,2opt,notBad
4127,6,457.02000000000055,6,443.1600000000004,swap,notBad
4128,6,457.02000000000055,6,443.1600000000004,2opt,notBad
4129,6,457.02000000000055,6,443.1600000000004,swap,notBad
4130,6,453.9800000000006,6,443.1600000000004,2opt,improve
4131,6,453.9800000000006,6,443.1600000000004,move,improve
4132,6,453.9800000000006,6,443.1600000000004,2opt,notBad
4133,6,453.9800000000006,6,443.1600000000004,move,improve
4134,6,453.9800000000006,6,443.1600000000004,swap,notBad
4135,6,453.9800000000006,6,443.1600000000004,swap,notBad
4136,6,453.9800000000006,6,443.1600000000004,swap,notBad
4137,6,453.9800000000006,6,443.1600000000004,swap,notBad
4138,6,453.9800000000006,6,443.1600000000004,2opt,notBad
4139,6,453.9800000000006,6,443.1600000000004,move,improve
4140,6,453.9800000000006,6,443.1600000000004,swap,notBad
4141,6,453.9800000000006,6,443.1600000000004,move,improve
4142,6,453.9800000000006,6,443.1600000000004,2opt,notBad
4143,6,453.9800000000006,6,443.1600000000004,2opt,notBad
4144,6,453.9800000000006,6,443.1600000000004,move,improve
4145,6,453.9800000000006,6,443.1600000000004,move,improve
4146,6,453.9800000000006,6,443.1600000000004,swap,notBad
4147,6,453.9800000000006,6,443.1600000000004,move,improve
4148,6,453.9800000000006,6,443.1600000000004,move,improve
4149,6,453.9800000000006,6,443.1600000000004,2opt,notBad
4150,6,453.9800000000006,6,443.1600000000004,2opt,notBad
4151,6,453.9800000000006,6,443.1600000000004,swap,notBad
4152,6,453.9800000000006,6,443.1600000000004,swap,notBad
4153,6,453.9800000000006,6,443.1600000000004,move,improve
4154,6,453.88000000000056,6,443.1600000000004,move,improve
4155,6,453.88000000000056,6,443.1600000000004,swap,notBad
4156,6,453.88000000000056,6,443.1600000000004,2opt,notBad
4157,6,453.88000000000056,6,443.1600000000004,2opt,notBad
4158,6,453.88000000000056,6,443.1600000000004,move,improve
4159,6,453.88000000000056,6,443.1600000000004,2opt,notBad
4160,6,453.88000000000056,6,443.1600000000004,move,improve
4161,6,453.88000000000056,6,443.1600000000004,move,improve
4162,6,453.88000000000056,6,443.1600000000004,2opt,notBad
4163,6,453.88000000000056,6,443.1600000000004,swap,notBad
4164,6,453.88000000000056,6,443.1600000000004,swap,notBad
4165,6,453.88000000000056,6,443.1600000000004,move,improve
4166,6,453.88000000000056,6,443.1600000000004,swap,notBad
4167,6,453.88000000000056,6,443.1600000000004,move,improve
4168,6,453.88000000000056,6,443.1600000000004,swap,notBad
4169,6,465.00000000000045,6,443.1600000000004,swap,acceptBad
4170,6,465.00000000000045,6,443.1600000000004,move,improve
4171,6,465.00000000000045,6,443.1600000000004,2opt,notBad
4172,6,465.00000000000045,6,443.1600000000004,2opt,notBad
4173,6,465.00000000000045,6,443.1600000000004,2opt,notBad
4174,6,465.00000000000045,6,443.1600000000004,move,improve
4175,6,465.00000000000045,6,443.1600000000004,2opt,notBad
4176,6,465.00000000000045,6,443.1600000000004,2opt,notBad
4177,6,465.00000000000045,6,443.1600000000004,swap,notBad
4178,6,465.00000000000045,6,443.1600000000004,swap,notBad
4179,6,464.86000000000047,6,443.1600000000004,move,improve
4180,6,464.86000000000047,6,443.1600000000004,swap,notBad
4181,6,464.86000000000047,6,443.1600000000004,2opt,notBad
4182,6,464.86000000000047,6,443.1600000000004,move,improve
4183,6,464.86000000000047,6,443.1600000000004,swap,notBad
4184,6,464.86000000000047,6,443.1600000000004,move,improve
4185,6,464.86000000000047,6,443.1600000000004,move,improve
4186,6,464.86000000000047,6,443.1600000000004,move,improve
4187,6,464.86000000000047,6,443.1600000000004,move,improve
4188,6,464.86000000000047,6,443.1600000000004,move,improve
4189,6,463.62000000000046,6,443.1600000000004,move,improve
4190,6,463.62000000000046,6,443.1600000000004,swap,notBad
4191,6,462.64000000000044,6,443.1600000000004,move,improve
4192,6,462.64000000000044,6,443.1600000000004,2opt,notBad
4193,6,462.64000000000044,6,443.1600000000004,2opt,notBad
4194,6,462.64000000000044,6,443.1600000000004,2opt,notBad
4195,6,462.64000000000044,6,443.1600000000004,swap,notBad
4196,6,462.64000000000044,6,443.1600000000004,swap,notBad
4197,6,462.64000000000044,6,443.1600000000004,2opt,notBad
4198,6,462.64000000000044,6,443.1600000000004,swap,notBad
4199,6,468.46000000000043,6,443.1600000000004,swap,acceptBad
4200,6,468.46000000000043,6,443.1600000000004,move,improve
4201,6,465.1600000000004,6,443.1600000000004,move,improve
4202,6,465.1600000000004,6,443.1600000000004,2opt,notBad
4203,6,465.1600000000004,6,443.1600000000004,2opt,notBad
4204,6,465.1600000000004,6,443.1600000000004,2opt,notBad
4205,6,465.1600000000004,6,443.1600000000004,2opt,notBad
4206,6,465.1600000000004,6,443.1600000000004,2opt,notBad
4207,6,465.1600000000004,6,443.1600000000004,swap,notBad
4208,6,465.1600000000004,6,443.1600000000004,2opt,notBad
4209,6,465.1600000000004,6,443.1600000000004,2opt,notBad
4210,6,465.1600000000004,6,443.1600000000004,2opt,notBad
4211,6,465.1600000000004,6,443.1600000000004,swap,notBad
4212,6,465.1600000000004,6,443.1600000000004,swap,notBad
4213,6,464.8200000000004,6,443.1600000000004,move,improve
4214,6,464.8200000000004,6,443.1600000000004,2opt,notBad
4215,6,464.8200000000004,6,443.1600000000004,2opt,notBad
4216,6,464.8200000000004,6,443.1600000000004,swap,notBad
4217,6,464.8200000000004,6,443.1600000000004,2opt,notBad
4218,6,464.8200000000004,6,443.1600000000004,2opt,improve
4219,6,464.8200000000004,6,443.1600000000004,move,improve
4220,6,464.8200000000004,6,443.1600000000004,2opt,notBad
4221,6,464.8200000000004,6,443.1600000000004,move,improve
4222,6,461.2800000000004,6,443.1600000000004,move,improve
4223,6,461.2800000000004,6,443.1600000000004,2opt,improve
4224,6,461.2800000000004,6,443.1600000000004,swap,notBad
4225,6,461.2800000000004,6,443.1600000000004,move,improve
4226,6,461.2800000000004,6,443.1600000000004,move,improve
4227,6,461.2800000000004,6,443.1600000000004,move,improve
4228,6,461.2800000000004,6,443.1600000000004,swap,notBad
4229,6,461.2800000000004,6,443.1600000000004,move,improve
4230,6,461.2800000000004,6,443.1600000000004,swap,notBad
4231,6,461.2800000000004,6,443.1600000000004,move,improve
4232,6,461.2800000000004,6,443.1600000000004,swap,notBad
4233,6,461.2800000000004,6,443.1600000000004,2opt,improve
4234,6,461.2800000000004,6,443.1600000000004,swap,notBad
4235,6,461.2800000000004,6,443.1600000000004,swap,notBad
4236,6,461.2800000000004,6,443.1600000000004,2opt,notBad
4237,6,461.2800000000004,6,443.1600000000004,swap,notBad
4238,6,461.2800000000004,6,443.1600000000004,swap,notBad
4239,6,461.2800000000004,6,443.1600000000004,2opt,notBad
4240,6,455.4600000000004,6,443.1600000000004,move,improve
4241,6,455.4600000000004,6,443.1600000000004,2opt,notBad
4242,6,455.4600000000004,6,443.1600000000004,move,improve
4243,6,455.4600000000004,6,443.1600000000004,move,improve
4244,6,455.4600000000004,6,443.1600000000004,swap,notBad
4245,6,455.4600000000004,6,443.1600000000004,2opt,improve
4246,6,452.7800000000004,6,443.1600000000004,move,improve
4247,6,452.7800000000004,6,443.1600000000004,move,improve
4248,6,452.7800000000004,6,443.1600000000004,2opt,notBad
4249,6,452.7800000000004,6,443.1600000000004,swap,notBad
4250,6,452.7800000000004,6,443.1600000000004,swap,notBad
4251,6,452.7800000000004,6,443.1600000000004,2opt,notBad
4252,6,452.7800000000004,6,443.1600000000004,2opt,notBad
4253,6,452.7800000000004,6,443.1600000000004,swap,notBad
4254,6,452.7800000000004,6,443.1600000000004,move,improve
4255,6,452.7800000000004,6,443.1600000000004,swap,notBad
4256,6,452.7800000000004,6,443.1600000000004,swap,notBad
4257,6,452.7800000000004,6,443.1600000000004,2opt,improve
4258,6,452.7800000000004,6,443.1600000000004,2opt,improve
4259,6,447.14000000000055,6,443.1600000000004,move,improve
4260,6,447.14000000000055,6,443.1600000000004,swap,notBad
4261,6,447.14000000000055,6,443.1600000000004,2opt,notBad
4262,6,432.51999999999964,6,432.51999999999964,swap,newBest
4263,6,432.51999999999964,6,432.51999999999964,2opt,notBad
4264,6,432.51999999999964,6,432.51999999999964,2opt,notBad
4265,6,432.51999999999964,6,432.51999999999964,2opt,notBad
4266,6,432.51999999999964,6,432.51999999999964,2opt,notBad
4267,6,432.51999999999964,6,432.51999999999964,2opt,notBad
4268,6,432.51999999999964,6,432.51999999999964,move,improve
4269,6,432.51999999999964,6,432.51999999999964,swap,notBad
4270,6,432.51999999999964,6,432.51999999999964,2opt,notBad
4271,6,432.51999999999964,6,432.51999999999964,swap,notBad
4272,6,432.51999999999964,6,432.51999999999964,swap,notBad
4273,6,432.51999999999964,6,432.51999999999964,move,improve
4274,6,432.51999999999964,6,432.51999999999964,swap,notBad
4275,6,427.4599999999997,6,427.4599999999997,swap,newBest
4276,6,427.4599999999997,6,427.4599999999997,swap,notBad
4277,6,427.4599999999997,6,427.4599999999997,swap,notBad
4278,6,427.4599999999997,6,427.4599999999997,move,improve
4279,6,427.4599999999997,6,427.4599999999997,move,improve
4280,6,427.4599999999997,6,427.4599999999997,2opt,notBad
4281,6,427.4599999999997,6,427.4599999999997,move,improve
4282,6,427.4599999999997,6,427.4599999999997,move,improve
4283,6,427.4599999999997,6,427.4599999999997,swap,notBad
4284,6,427.4599999999997,6,427.4599999999997,2opt,notBad
4285,6,428.5999999999997,6,427.4599999999997,2opt,acceptBad
4286,6,428.5999999999997,6,427.4599999999997,swap,notBad
4287,6,428.5999999999997,6,427.4599999999997,2opt,notBad
4288,6,428.5999999999997,6,427.4599999999997,2opt,notBad
4289,6,428.5999999999997,6,427.4599999999997,move,improve
4290,6,428.5999999999997,6,427.4599999999997,swap,notBad
4291,6,428.5999999999997,6,427.4599999999997,swap,notBad
4292,6,428.5999999999997,6,427.4599999999997,move,improve
4293,6,428.5999999999997,6,427.4599999999997,move,improve
4294,6,428.5999999999997,6,427.4599999999997,2opt,notBad
4295,6,428.5999999999997,6,427.4599999999997,2opt,notBad
4296,6,428.5999999999997,6,427.4599999999997,move,improve
4297,6,428.5999999999997,6,427.4599999999997,move,improve
4298,6,428.5999999999997,6,427.4599999999997,swap,notBad
4299,6,428.5999999999997,6,427.4599999999997,move,improve
4300,6,428.5999999999997,6,427.4599999999997,move,improve
4301,6,428.5999999999997,6,427.4599999999997,2opt,notBad
4302,6,428.5999999999997,6,427.4599999999997,move,improve
4303,6,426.5999999999997,6,426.5999999999997,move,newBest
4304,6,426.5999999999997,6,426.5999999999997,2opt,notBad
4305,6,426.5999999999997,6,426.5999999999997,move,improve
4306,6,426.5999999999997,6,426.5999999999997,swap,notBad
4307,6,426.5999999999997,6,426.5999999999997,2opt,notBad
4308,6,426.5999999999997,6,426.5999999999997,swap,notBad
4309,6,426.5999999999997,6,426.5999999999997,swap,notBad
4310,6,426.5999999999997,6,426.5999999999997,swap,notBad
4311,6,426.5999999999997,6,426.5999999999997,move,improve
4312,6,426.5999999999997,6,426.5999999999997,swap,notBad
4313,6,426.5999999999997,6,426.5999999999997,swap,notBad
4314,6,426.5999999999997,6,426.5999999999997,swap,notBad
4315,6,426.5999999999997,6,426.5999999999997,2opt,notBad
4316,6,426.5999999999997,6,426.5999999999997,move,improve
4317,6,426.5999999999997,6,426.5999999999997,2opt,notBad
4318,6,426.5999999999997,6,426.5999999999997,swap,notBad
4319,6,426.5999999999997,6,426.5999999999997,move,improve
4320,6,426.5999999999997,6,426.5999999999997,move,improve
4321,6,426.5999999999997,6,426.5999999999997,move,improve
4322,6,426.5999999999997,6,426.5999999999997,swap,notBad
4323,6,426.5999999999997,6,426.5999999999997,move,improve
4324,6,426.5999999999997,6,426.5999999999997,2opt,improve
4325,6,426.5999999999997,6,426.5999999999997,swap,notBad
4326,6,426.5999999999997,6,426.5999999999997,2opt,notBad
4327,6,426.5999999999997,6,426.5999999999997,swap,notBad
4328,6,426.5999999999997,6,426.5999999999997,move,improve
4329,6,426.5999999999997,6,426.5999999999997,2opt,notBad
4330,6,426.5999999999997,6,426.5999999999997,swap,notBad
4331,6,426.5999999999997,6,426.5999999999997,2opt,improve
4332,6,426.5999999999997,6,426.5999999999997,swap,notBad
4333,6,425.89999999999964,6,425.89999999999964,move,newBest
4334,6,425.89999999999964,6,425.89999999999964,2opt,notBad
4335,6,425.89999999999964,6,425.89999999999964,swap,notBad
4336,6,425.89999999999964,6,425.89999999999964,swap,notBad
4337,6,425.89999999999964,6,425.89999999999964,move,improve
4338,6,425.89999999999964,6,425.89999999999964,swap,notBad
4339,6,425.89999999999964,6,425.89999999999964,swap,notBad
4340,6,425.89999999999964,6,425.89999999999964,swap,notBad
4341,6,425.89999999999964,6,425.89999999999964,2opt,notBad
4342,6,425.89999999999964,6,425.89999999999964,2opt,notBad
4343,6,425.89999999999964,6,425.89999999999964,swap,notBad
4344,6,425.89999999999964,6,425.89999999999964,2opt,notBad
4345,6,425.89999999999964,6,425.89999999999964,swap,notBad
4346,6,425.89999999999964,6,425.89999999999964,swap,notBad
4347,6,425.89999999999964,6,425.89999999999964,2opt,notBad
4348,6,427.59999999999957,6,425.89999999999964,swap,acceptBad
4349,6,427.59999999999957,6,425.89999999999964,move,improve
4350,6,427.59999999999957,6,425.89999999999964,2opt,notBad
4351,6,427.59999999999957,6,425.89999999999964,swap,notBad
4352,6,427.59999999999957,6,425.89999999999964,move,improve
4353,6,427.59999999999957,6,425.89999999999964,move,improve
4354,6,427.59999999999957,6,425.89999999999964,swap,notBad
4355,6,427.59999999999957,6,425.89999999999964,2opt,notBad
4356,6,427.59999999999957,6,425.89999999999964,2opt,notBad
4357,6,427.59999999999957,6,425.89999999999964,2opt,improve
4358,6,427.59999999999957,6,425.89999999999964,2opt,notBad
4359,6,427.59999999999957,6,425.89999999999964,move,improve
4360,6,427.59999999999957,6,425.89999999999964,2opt,notBad
4361,6,426.4799999999997,6,425.89999999999964,move,improve
4362,6,421.8399999999996,6,421.8399999999996,move,newBest
4363,6,421.8399999999996,6,421.8399999999996,move,improve
4364,6,421.8399999999996,6,421.8399999999996,swap,notBad
4365,6,421.8399999999996,6,421.8399999999996,2opt,notBad
4366,6,421.8399999999996,6,421.8399999999996,2opt,notBad
4367,6,421.8399999999996,6,421.8399999999996,swap,notBad
4368,6,421.8399999999996,6,421.8399999999996,move,improve
4369,6,421.8399999999996,6,421.8399999999996,move,improve
4370,6,415.0599999999996,6,415.0599999999996,move,newBest
4371,6,415.0599999999996,6,415.0599999999996,2opt,notBad
4372,6,416.9399999999997,6,415.0599999999996,2opt,acceptBad
4373,6,416.9399999999997,6,415.0599999999996,swap,notBad
4374,6,416.9399999999997,6,415.0599999999996,2opt,notBad
4375,6,416.9399999999997,6,415.0599999999996,swap,notBad
4376,6,416.9399999999997,6,415.0599999999996,swap,notBad
4377,6,416.9399999999997,6,415.0599999999996,swap,notBad
4378,6,416.9399999999997,6,415.0599999999996,move,improve
4379,6,416.9399999999997,6,415.0599999999996,move,improve
4380,6,416.9399999999997,6,415.0599999999996,swap,notBad
4381,6,416.9399999999997,6,415.0599999999996,move,improve
4382,6,416.9399999999997,6,415.0599999999996,2opt,notBad
4383,6,421.5999999999997,6,415.0599999999996,swap,acceptBad
4384,6,421.5999999999997,6,415.0599999999996,2opt,notBad
4385,6,421.5999999999997,6,415.0599999999996,move,improve
4386,6,421.5999999999997,6,415.0599999999996,swap,notBad
4387,6,421.5999999999997,6,415.0599999999996,2opt,notBad
4388,6,421.5999999999997,6,415.0599999999996,2opt,improve
4389,6,421.5999999999997,6,415.0599999999996,swap,notBad
4390,6,421.5999999999997,6,415.0599999999996,2opt,notBad
4391,6,421.5999999999997,6,415.0599999999996,swap,notBad
4392,6,421.5999999999997,6,415.0599999999996,swap,notBad
4393,6,421.5999999999997,6,415.0599999999996,swap,notBad
4394,6,421.5999999999997,6,415.0599999999996,2opt,notBad
4395,6,421.5999999999997,6,415.0599999999996,2opt,notBad
4396,6,421.5999999999997,6,415.0599999999996,swap,notBad
4397,6,421.5999999999997,6,415.0599999999996,swap,notBad
4398,6,421.5999999999997,6,415.0599999999996,swap,notBad
4399,6,421.5999999999997,6,415.0599999999996,2opt,notBad
4400,6,421.5999999999997,6,415.0599999999996,move,improve
4401,6,421.5999999999997,6,415.0599999999996,2opt,notBad
4402,6,421.5999999999997,6,415.0599999999996,swap,notBad
4403,6,421.5999999999997,6,415.0599999999996,2opt,notBad
4404,6,421.5999999999997,6,415.0599999999996,2opt,notBad
4405,6,421.5999999999997,6,415.0599999999996,swap,notBad
4406,6,421.5999999999997,6,415.0599999999996,swap,notBad
4407,6,421.5999999999997,6,415.0599999999996,swap,notBad
4408,6,421.5999999999997,6,415.0599999999996,swap,notBad
4409,6,421.5999999999997,6,415.0599999999996,swap,notBad
4410,6,421.5999999999997,6,415.0599999999996,2opt,notBad
4411,6,421.5999999999997,6,415.0599999999996,2opt,notBad
4412,6,421.5999999999997,6,415.0599999999996,move,improve
4413,6,421.5999999999997,6,415.0599999999996,move,improve
4414,6,422.0399999999996,6,415.0599999999996,swap,acceptBad
4415,6,422.0399999999996,6,415.0599999999996,move,improve
4416,6,422.0399999999996,6,415.0599999999996,swap,notBad
4417,6,422.0399999999996,6,415.0599999999996,move,improve
4418,6,422.0399999999996,6,415.0599999999996,move,improve
4419,6,422.0399999999996,6,415.0599999999996,swap,notBad
4420,6,422.0399999999996,6,415.0599999999996,2opt,notBad
4421,6,422.0399999999996,6,415.0599999999996,move,improve
4422,6,422.0399999999996,6,415.0599999999996,move,improve
4423,6,422.0399999999996,6,415.0599999999996,2opt,notBad
4424,6,426.0799999999997,6,415.0599999999996,swap,acceptBad
4425,6,426.0799999999997,6,415.0599999999996,swap,notBad
4426,6,426.0799999999997,6,415.0599999999996,move,improve
4427,6,426.0799999999997,6,415.0599999999996,move,improve
4428,6,426.0799999999997,6,415.0599999999996,swap,notBad
4429,6,426.0799999999997,6,415.0599999999996,move,improve
4430,6,421.41999999999973,6,415.0599999999996,move,improve
4431,6,421.41999999999973,6,415.0599999999996,move,improve
4432,6,421.41999999999973,6,415.0599999999996,move,improve
4433,6,421.41999999999973,6,415.0599999999996,move,improve
4434,6,421.41999999999973,6,415.0599999999996,2opt,notBad
4435,6,421.41999999999973,6,415.0599999999996,swap,notBad
4436,6,421.41999999999973,6,415.0599999999996,move,improve
4437,6,421.41999999999973,6,415.0599999999996,2opt,notBad
4438,6,421.41999999999973,6,415.0599999999996,move,improve
4439,6,421.41999999999973,6,415.0599999999996,swap,notBad
4440,6,421.41999999999973,6,415.0599999999996,move,improve
4441,6,421.41999999999973,6,415.0599999999996,move,improve
4442,6,421.41999999999973,6,415.0599999999996,2opt,notBad
4443,6,421.41999999999973,6,415.0599999999996,move,improve
4444,6,421.41999999999973,6,415.0599999999996,swap,notBad
4445,6,421.41999999999973,6,415.0599999999996,move,improve
4446,6,421.41999999999973,6,415.0599999999996,move,improve
4447,6,421.41999999999973,6,415.0599999999996,swap,notBad
4448,6,421.41999999999973,6,415.0599999999996,move,improve
4449,6,421.41999999999973,6,415.0599999999996,move,improve
4450,6,421.41999999999973,6,415.0599999999996,2opt,notBad
4451,6,421.41999999999973,6,415.0599999999996,2opt,notBad
4452,6,421.41999999999973,6,415.0599999999996,2opt,notBad
4453,6,421.41999999999973,6,415.0599999999996,move,improve
4454,6,421.41999999999973,6,415.0599999999996,move,improve
4455,6,421.41999999999973,6,415.0599999999996,2opt,notBad
4456,6,421.41999999999973,6,415.0599999999996,move,improve
4457,6,421.41999999999973,6,415.0599999999996,swap,notBad
4458,6,421.41999999999973,6,415.0599999999996,2opt,notBad
4459,6,414.0999999999997,6,414.0999999999997,move,newBest
4460,6,414.0999999999997,6,414.0999999999997,swap,notBad
4461,6,414.0999999999997,6,414.0999999999997,swap,notBad
4462,6,414.0999999999997,6,414.0999999999997,move,improve
4463,6,414.0999999999997,6,414.0999999999997,move,improve
4464,6,414.0999999999997,6,414.0999999999997,2opt,notBad
4465,6,414.0999999999997,6,414.0999999999997,swap,notBad
4466,6,414.0999999999997,6,414.0999999999997,move,improve
4467,6,414.0999999999997,6,414.0999999999997,move,improve
4468,6,414.0999999999997,6,414.0999999999997,2opt,notBad
4469,6,414.0999999999997,6,414.0999999999997,2opt,improve
4470,6,414.0999999999997,6,414.0999999999997,swap,notBad
4471,6,414.0999999999997,6,414.0999999999997,2opt,notBad
4472,6,414.0999999999997,6,414.0999999999997,2opt,notBad
4473,6,414.0999999999997,6,414.0999999999997,swap,notBad
4474,6,414.0999999999997,6,414.0999999999997,swap,notBad
4475,6,414.0999999999997,6,414.0999999999997,swap,notBad
4476,6,414.0999999999997,6,414.0999999999997,move,improve
4477,6,414.0999999999997,6,414.0999999999997,2opt,improve
4478,6,414.0999999999997,6,414.0999999999997,swap,notBad
4479,6,414.0999999999997,6,414.0999999999997,2opt,notBad
4480,6,414.0999999999997,6,414.0999999999997,move,improve
4481,6,414.0999999999997,6,414.0999999999997,2opt,notBad
4482,6,414.0999999999997,6,414.0999999999997,2opt,notBad
4483,6,414.0999999999997,6,414.0999999999997,2opt,notBad
4484,6,414.0999999999997,6,414.0999999999997,move,improve
4485,6,414.0999999999997,6,414.0999999999997,2opt,notBad
4486,6,414.0999999999997,6,414.0999999999997,2opt,notBad
4487,6,414.0999999999997,6,414.0999999999997,2opt,notBad
4488,6,419.87999999999965,6,414.0999999999997,swap,acceptBad
4489,6,419.87999999999965,6,414.0999999999997,swap,notBad
4490,6,419.87999999999965,6,414.0999999999997,2opt,notBad
4491,6,419.87999999999965,6,414.0999999999997,2opt,notBad
4492,6,419.87999999999965,6,414.0999999999997,2opt,notBad
4493,6,419.87999999999965,6,414.0999999999997,2opt,notBad
4494,6,419.87999999999965,6,414.0999999999997,swap,notBad
4495,6,419.87999999999965,6,414.0999999999997,swap,notBad
4496,6,419.87999999999965,6,414.0999999999997,move,improve
4497,6,419.87999999999965,6,414.0999999999997,2opt,notBad
4498,6,419.87999999999965,6,414.0999999999997,2opt,improve
4499,6,419.87999999999965,6,414.0999999999997,move,improve
4500,6,419.87999999999965,6,414.0999999999997,swap,notBad
4501,6,419.87999999999965,6,414.0999999999997,swap,notBad
4502,6,419.87999999999965,6,414.0999999999997,move,improve
4503,6,419.87999999999965,6,414.0999999999997,move,improve
4504,6,419.87999999999965,6,414.0999999999997,2opt,notBad
4505,6,419.87999999999965,6,414.0999999999997,swap,notBad
4506,6,419.87999999999965,6,414.0999999999997,swap,notBad
4507,6,419.87999999999965,6,414.0999999999997,swap,notBad
4508,6,419.87999999999965,6,414.0999999999997,move,improve
4509,6,419.87999999999965,6,414.0999999999997,2opt,notBad
4510,6,419.87999999999965,6,414.0999999999997,2opt,notBad
4511,6,419.87999999999965,6,414.0999999999997,move,improve
4512,6,416.7199999999997,6,414.0999999999997,move,improve
4513,6,416.7199999999997,6,414.0999999999997,2opt,notBad
4514,6,416.7199999999997,6,414.0999999999997,2opt,improve
4515,6,416.7199999999997,6,414.0999999999997,move,improve
4516,6,416.7199999999997,6,414.0999999999997,2opt,notBad
4517,6,416.7199999999997,6,414.0999999999997,2opt,notBad
4518,6,416.7199999999997,6,414.0999999999997,move,improve
4519,6,416.7199999999997,6,414.0999999999997,swap,notBad
4520,6,416.7199999999997,6,414.0999999999997,2opt,notBad
4521,6,416.7199999999997,6,414.0999999999997,move,improve
4522,6,416.7199999999997,6,414.0999999999997,2opt,notBad
4523,6,416.7199999999997,6,414.0999999999997,move,improve
4524,6,416.7199999999997,6,414.0999999999997,move,improve
4525,6,416.7199999999997,6,414.0999999999997,swap,notBad
4526,6,416.7199999999997,6,414.0999999999997,move,improve
4527,6,416.7199999999997,6,414.0999999999997,move,improve
4528,6,416.7199999999997,6,414.0999999999997,2opt,notBad
4529,6,416.7199999999997,6,414.0999999999997,2opt,notBad
4530,6,416.7199999999997,6,414.0999999999997,move,improve
4531,6,416.7199999999997,6,414.0999999999997,2opt,notBad
4532,6,416.7199999999997,6,414.0999999999997,move,improve
4533,6,416.7199999999997,6,414.0999999999997,2opt,improve
4534,6,416.3599999999997,6,414.0999999999997,move,improve
4535,6,416.3599999999997,6,414.0999999999997,move,improve
4536,6,413.0599999999997,6,413.0599999999997,move,newBest
4537,6,413.0599999999997,6,413.0599999999997,2opt,notBad
4538,6,413.0599999999997,6,413.0599999999997,2opt,notBad
4539,6,413.0599999999997,6,413.0599999999997,2opt,notBad
4540,6,413.0599999999997,6,413.0599999999997,move,improve
4541,6,413.0599999999997,6,413.0599999999997,2opt,notBad
4542,6,413.0599999999997,6,413.0599999999997,move,improve
4543,6,413.0599999999997,6,413.0599999999997,move,improve
4544,6,413.0599999999997,6,413.0599999999997,move,improve
4545,6,413.0599999999997,6,413.0599999999997,2opt,notBad
4546,6,413.0599999999997,6,413.0599999999997,swap,notBad
4547,6,413.0599999999997,6,413.0599999999997,2opt,improve
4548,6,413.0599999999997,6,413.0599999999997,2opt,notBad
4549,6,413.0599999999997,6,413.0599999999997,move,improve
4550,6,413.0599999999997,6,413.0599999999997,2opt,notBad
4551,6,413.0599999999997,6,413.0599999999997,swap,notBad
4552,6,413.0599999999997,6,413.0599999999997,move,improve
4553,6,413.0599999999997,6,413.0599999999997,2opt,notBad
4554,6,413.0599999999997,6,413.0599999999997,move,improve
4555,6,415.23999999999967,6,413.0599999999997,swap,acceptBad
4556,6,415.23999999999967,6,413.0599999999997,move,improve
4557,6,417.27999999999963,6,413.0599999999997,swap,acceptBad
4558,6,417.27999999999963,6,413.0599999999997,move,improve
4559,6,417.27999999999963,6,413.0599999999997,swap,notBad
4560,6,417.27999999999963,6,413.0599999999997,move,improve
4561,6,417.27999999999963,6,413.0599999999997,2opt,notBad
4562,6,417.27999999999963,6,413.0599999999997,2opt,notBad
4563,6,417.27999999999963,6,413.0599999999997,move,improve
4564,6,417.27999999999963,6,413.0599999999997,2opt,notBad
4565,6,417.27999999999963,6,413.0599999999997,move,improve
4566,6,417.27999999999963,6,413.0599999999997,move,improve
4567,6,417.27999999999963,6,413.0599999999997,2opt,notBad
4568,6,417.27999999999963,6,413.0599999999997,swap,notBad
4569,6,417.27999999999963,6,413.0599999999997,move,improve
4570,6,417.27999999999963,6,413.0599999999997,move,improve
4571,6,417.27999999999963,6,413.0599999999997,2opt,notBad
4572,6,417.27999999999963,6,413.0599999999997,move,improve
4573,6,417.27999999999963,6,413.0599999999997,move,improve
4574,6,420.0999999999997,6,413.0599999999997,swap,acceptBad
4575,6,420.0999999999997,6,413.0599999999997,move,improve
4576,6,420.0999999999997,6,413.0599999999997,move,improve
4577,6,420.0999999999997,6,413.0599999999997,2opt,notBad
4578,6,420.0999999999997,6,413.0599999999997,swap,notBad
4579,6,420.0999999999997,6,413.0599999999997,2opt,notBad
4580,6,420.0999999999997,6,413.0599999999997,swap,notBad
4581,6,420.0999999999997,6,413.0599999999997,2opt,notBad
4582,6,420.0999999999997,6,413.0599999999997,move,improve
4583,6,420.0999999999997,6,413.0599999999997,swap,notBad
4584,6,420.0999999999997,6,413.0599999999997,move,improve
4585,6,420.0999999999997,6,413.0599999999997,move,improve
4586,6,420.0999999999997,6,413.0599999999997,2opt,notBad
4587,6,420.0999999999997,6,413.0599999999997,2opt,notBad
4588,6,420.0999999999997,6,413.0599999999997,2opt,notBad
4589,6,420.0999999999997,6,413.0599999999997,move,improve
4590,6,420.0999999999997,6,413.0599999999997,move,improve
4591,6,420.0999999999997,6,413.0599999999997,2opt,notBad
4592,6,420.0999999999997,6,413.0599999999997,swap,notBad
4593,6,420.0999999999997,6,413.0599999999997,swap,notBad
4594,6,420.0999999999997,6,413.0599999999997,2opt,notBad
4595,6,420.0999999999997,6,413.0599999999997,swap,notBad
4596,6,420.0999999999997,6,413.0599999999997,2opt,notBad
4597,6,420.0999999999997,6,413.0599999999997,2opt,notBad
4598,6,420.0999999999997,6,413.0599999999997,move,improve
4599,6,420.0999999999997,6,413.0599999999997,2opt,notBad
4600,6,420.0999999999997,6,413.0599999999997,2opt,notBad
4601,6,420.0999999999997,6,413.0599999999997,move,improve
4602,6,420.0999999999997,6,413.0599999999997,move,improve
4603,6,420.0999999999997,6,413.0599999999997,swap,notBad
4604,6,420.0999999999997,6,413.0599999999997,swap,notBad
4605,6,420.0999999999997,6,413.0599999999997,2opt,notBad
4606,6,420.0999999999997,6,413.0599999999997,move,improve
4607,6,420.0999999999997,6,413.0599999999997,swap,notBad
4608,6,420.0999999999997,6,413.0599999999997,2opt,notBad
4609,6,420.0999999999997,6,413.0599999999997,swap,notBad
4610,6,420.0999999999997,6,413.0599999999997,move,improve
4611,6,420.0999999999997,6,413.0599999999997,swap,notBad
4612,6,420.0999999999997,6,413.0599999999997,swap,notBad
4613,6,420.0999999999997,6,413.0599999999997,move,improve
4614,6,420.0999999999997,6,413.0599999999997,move,improve
4615,6,420.0999999999997,6,413.0599999999997,swap,notBad
4616,6,420.0999999999997,6,413.0599999999997,2opt,notBad
4617,6,420.0999999999997,6,413.0599999999997,2opt,notBad
4618,6,420.0999999999997,6,413.0599999999997,2opt,notBad
4619,6,420.0999999999997,6,413.0599999999997,2opt,notBad
4620,6,420.0999999999997,6,413.0599999999997,move,improve
4621,6,420.0999999999997,6,413.0599999999997,2opt,notBad
4622,6,420.0999999999997,6,413.0599999999997,2opt,improve
4623,6,420.0999999999997,6,413.0599999999997,move,improve
4624,6,420.0999999999997,6,413.0599999999997,move,improve
4625,6,420.0999999999997,6,413.0599999999997,move,improve
4626,6,420.0999999999997,6,413.0599999999997,move,improve
4627,6,420.0999999999997,6,413.0599999999997,2opt,notBad
4628,6,420.0999999999997,6,413.0599999999997,2opt,notBad
4629,6,420.0999999999997,6,413.0599999999997,2opt,notBad
4630,6,420.0999999999997,6,413.0599999999997,2opt,notBad
4631,6,420.0999999999997,6,413.0599999999997,move,improve
4632,6,420.0999999999997,6,413.0599999999997,move,improve
4633,6,420.0999999999997,6,413.0599999999997,2opt,notBad
4634,6,420.0999999999997,6,413.0599999999997,2opt,notBad
4635,6,420.0999999999997,6,413.0599999999997,2opt,notBad
4636,6,420.0999999999997,6,413.0599999999997,move,improve
4637,6,420.0999999999997,6,413.0599999999997,2opt,notBad
4638,6,420.0999999999997,6,413.0599999999997,swap,notBad
4639,6,420.0999999999997,6,413.0599999999997,move,improve
4640,6,420.0999999999997,6,413.0599999999997,2opt,notBad
4641,6,420.0999999999997,6,413.0599999999997,swap,notBad
4642,6,420.0999999999997,6,413.0599999999997,2opt,notBad
4643,6,420.0999999999997,6,413.0599999999997,swap,notBad
4644,6,420.0999999999997,6,413.0599999999997,swap,notBad
4645,6,420.0999999999997,6,413.0599999999997,2opt,notBad
4646,6,420.0999999999997,6,413.0599999999997,swap,notBad
4647,6,421.5199999999997,6,413.0599999999997,move,acceptBad
4648,6,421.5199999999997,6,413.0599999999997,2opt,improve
4649,6,421.5199999999997,6,413.0599999999997,swap,notBad
4650,6,421.5199999999997,6,413.0599999999997,swap,notBad
4651,6,421.5199999999997,6,413.0599999999997,move,improve
4652,6,421.5199999999997,6,413.0599999999997,2opt,notBad
4653,6,420.8599999999997,6,413.0599999999997,move,improve
4654,6,420.8599999999997,6,413.0599999999997,swap,notBad
4655,6,420.8599999999997,6,413.0599999999997,swap,notBad
4656,6,420.8599999999997,6,413.0599999999997,2opt,notBad
4657,6,420.8599999999997,6,413.0599999999997,swap,notBad
4658,6,420.8599999999997,6,413.0599999999997,move,improve
4659,6,420.8599999999997,6,413.0599999999997,2opt,notBad
4660,6,420.8599999999997,6,413.0599999999997,move,improve
4661,6,418.67999999999967,6,413.0599999999997,move,improve
4662,6,418.67999999999967,6,413.0599999999997,swap,notBad
4663,6,418.67999999999967,6,413.0599999999997,2opt,notBad
4664,6,418.67999999999967,6,413.0599999999997,2opt,notBad
4665,6,418.67999999999967,6,413.0599999999997,swap,notBad
4666,6,418.67999999999967,6,413.0599999999997,swap,notBad
4667,6,418.67999999999967,6,413.0599999999997,move,improve
4668,6,418.67999999999967,6,413.0599999999997,swap,notBad
4669,6,418.67999999999967,6,413.0599999999997,2opt,improve
4670,6,418.67999999999967,6,413.0599999999997,swap,notBad
4671,6,418.67999999999967,6,413.0599999999997,2opt,notBad
4672,6,418.67999999999967,6,413.0599999999997,2opt,notBad
4673,6,418.67999999999967,6,413.0599999999997,2opt,notBad
4674,6,418.67999999999967,6,413.0599999999997,move,improve
4675,6,418.67999999999967,6,413.0599999999997,move,improve
4676,6,422.4399999999998,6,413.0599999999997,swap,acceptBad
4677,6,418.8199999999998,6,413.0599999999997,move,improve
4678,6,418.8199999999998,6,413.0599999999997,2opt,notBad
4679,6,418.8199999999998,6,413.0599999999997,move,improve
4680,6,418.8199999999998,6,413.0599999999997,move,improve
4681,6,418.8199999999998,6,413.0599999999997,move,improve
4682,6,418.8199999999998,6,413.0599999999997,move,improve
4683,6,418.8199999999998,6,413.0599999999997,move,improve
4684,6,418.8199999999998,6,413.0599999999997,move,improve
4685,6,418.8199999999998,6,413.0599999999997,2opt,notBad
4686,6,418.8199999999998,6,413.0599999999997,2opt,improve
4687,6,418.8199999999998,6,413.0599999999997,move,improve
4688,6,418.8199999999998,6,413.0599999999997,move,improve
4689,6,418.8199999999998,6,413.0599999999997,2opt,notBad
4690,6,418.8199999999998,6,413.0599999999997,swap,notBad
4691,6,418.8199999999998,6,413.0599999999997,2opt,notBad
4692,6,418.8199999999998,6,413.0599999999997,2opt,notBad
4693,6,418.8199999999998,6,413.0599999999997,swap,notBad
4694,6,416.6399999999999,6,413.0599999999997,move,improve
4695,6,416.6399999999999,6,413.0599999999997,swap,notBad
4696,6,416.6399999999999,6,413.0599999999997,2opt,notBad
4697,6,416.6399999999999,6,413.0599999999997,swap,notBad
4698,6,416.6399999999999,6,413.0599999999997,move,improve
4699,6,416.6399999999999,6,413.0599999999997,swap,notBad
4700,6,416.6399999999999,6,413.0599999999997,2opt,notBad
4701,6,416.6399999999999,6,413.0599999999997,2opt,improve
4702,6,416.6399999999999,6,413.0599999999997,swap,notBad
4703,6,416.6399999999999,6,413.0599999999997,2opt,notBad
4704,6,416.6399999999999,6,413.0599999999997,swap,notBad
4705,6,416.6399999999999,6,413.0599999999997,2opt,notBad
4706,6,416.6399999999999,6,413.0599999999997,swap,notBad
4707,6,416.6399999999999,6,413.0599999999997,swap,notBad
4708,6,416.6399999999999,6,413.0599999999997,move,improve
4709,6,416.6399999999999,6,413.0599999999997,2opt,notBad
4710,6,416.6399999999999,6,413.0599999999997,move,improve
4711,6,416.6399999999999,6,413.0599999999997,move,improve
4712,6,411.9799999999999,6,411.9799999999999,move,newBest
4713,6,411.9799999999999,6,411.9799999999999,2opt,notBad
4714,6,411.9799999999999,6,411.9799999999999,2opt,notBad
4715,6,411.9799999999999,6,411.9799999999999,2opt,notBad
4716,6,411.9799999999999,6,411.9799999999999,move,improve
4717,6,411.9799999999999,6,411.9799999999999,swap,notBad
4718,6,411.9799999999999,6,411.9799999999999,2opt,notBad
4719,6,411.9799999999999,6,411.9799999999999,swap,notBad
4720,6,411.9799999999999,6,411.9799999999999,swap,notBad
4721,6,411.9799999999999,6,411.9799999999999,swap,notBad
4722,6,411.9799999999999,6,411.9799999999999,2opt,notBad
4723,6,411.9799999999999,6,411.9799999999999,swap,notBad
4724,6,411.9799999999999,6,411.9799999999999,swap,notBad
4725,6,411.9799999999999,6,411.9799999999999,move,improve
4726,6,411.9799999999999,6,411.9799999999999,2opt,notBad
4727,6,411.9799999999999,6,411.9799999999999,move,improve
4728,6,411.9799999999999,6,411.9799999999999,swap,notBad
4729,6,411.9799999999999,6,411.9799999999999,move,improve
4730,6,411.9799999999999,6,411.9799999999999,swap,notBad
4731,6,411.9799999999999,6,411.9799999999999,swap,notBad
4732,6,411.9799999999999,6,411.9799999999999,swap,notBad
4733,6,411.9799999999999,6,411.9799999999999,swap,notBad
4734,6,411.9799999999999,6,411.9799999999999,2opt,improve
4735,6,411.9799999999999,6,411.9799999999999,swap,notBad
4736,6,411.9799999999999,6,411.9799999999999,move,improve
4737,6,411.9799999999999,6,411.9799999999999,move,improve
4738,6,411.9799999999999,6,411.9799999999999,2opt,notBad
4739,6,411.9799999999999,6,411.9799999999999,2opt,notBad
4740,6,411.9799999999999,6,411.9799999999999,2opt,notBad
4741,6,411.9799999999999,6,411.9799999999999,2opt,notBad
4742,6,411.9799999999999,6,411.9799999999999,2opt,notBad
4743,6,411.9799999999999,6,411.9799999999999,2opt,notBad
4744,6,411.9799999999999,6,411.9799999999999,move,improve
4745,6,411.9799999999999,6,411.9799999999999,swap,notBad
4746,6,411.9799999999999,6,411.9799999999999,2opt,notBad
4747,6,411.9799999999999,6,411.9799999999999,2opt,notBad
4748,6,411.9799999999999,6,411.9799999999999,swap,notBad
4749,6,411.9799999999999,6,411.9799999999999,2opt,notBad
4750,6,411.9799999999999,6,411.9799999999999,swap,notBad
4751,6,411.9799999999999,6,411.9799999999999,swap,notBad
4752,6,411.9799999999999,6,411.9799999999999,move,improve
4753,6,411.9799999999999,6,411.9799999999999,swap,notBad
4754,6,411.9799999999999,6,411.9799999999999,swap,notBad
4755,6,411.9799999999999,6,411.9799999999999,move,improve
4756,6,411.9799999999999,6,411.9799999999999,swap,notBad
4757,6,411.9799999999999,6,411.9799999999999,2opt,notBad
4758,6,411.9799999999999,6,411.9799999999999,move,improve
4759,6,411.9799999999999,6,411.9799999999999,swap,notBad
4760,6,411.9799999999999,6,411.9799999999999,swap,notBad
4761,6,411.9799999999999,6,411.9799999999999,move,improve
4762,6,411.9799999999999,6,411.9799999999999,2opt,notBad
4763,6,411.9799999999999,6,411.9799999999999,move,improve
4764,6,411.9799999999999,6,411.9799999999999,swap,notBad
4765,6,411.9799999999999,6,411.9799999999999,swap,notBad
4766,6,411.9799999999999,6,411.9799999999999,swap,notBad
4767,6,411.9799999999999,6,411.9799999999999,move,improve
4768,6,411.9799999999999,6,411.9799999999999,2opt,notBad
4769,6,411.9799999999999,6,411.9799999999999,move,improve
4770,6,411.9799999999999,6,411.9799999999999,2opt,notBad
4771,6,411.9799999999999,6,411.9799999999999,swap,notBad
4772,6,411.9799999999999,6,411.9799999999999,2opt,improve
4773,6,411.9799999999999,6,411.9799999999999,swap,notBad
4774,6,411.9799999999999,6,411.9799999999999,move,improve
4775,6,411.9799999999999,6,411.9799999999999,move,improve
4776,6,411.9799999999999,6,411.9799999999999,swap,notBad
4777,6,411.9799999999999,6,411.9799999999999,2opt,notBad
4778,6,411.9799999999999,6,411.9799999999999,move,improve
4779,6,411.9799999999999,6,411.9799999999999,2opt,notBad
4780,6,411.9799999999999,6,411.9799999999999,move,improve
4781,6,411.9799999999999,6,411.9799999999999,move,improve
4782,6,411.9799999999999,6,411.9799999999999,2opt,notBad
4783,6,411.9799999999999,6,411.9799999999999,2opt,notBad
4784,6,411.9799999999999,6,411.9799999999999,move,improve
4785,6,411.9799999999999,6,411.9799999999999,move,improve
4786,6,411.9799999999999,6,411.9799999999999,2opt,notBad
4787,6,411.9799999999999,6,411.9799999999999,move,improve
4788,6,411.9799999999999,6,411.9799999999999,move,improve
4789,6,411.9799999999999,6,411.9799999999999,move,improve
4790,6,411.9799999999999,6,411.9799999999999,swap,notBad
4791,6,411.9799999999999,6,411.9799999999999,move,improve
4792,6,411.9799999999999,6,411.9799999999999,2opt,notBad
4793,6,411.9799999999999,6,411.9799999999999,move,improve
4794,6,411.9799999999999,6,411.9799999999999,2opt,notBad
4795,6,411.9799999999999,6,411.9799999999999,move,improve
4796,6,411.9799999999999,6,411.9799999999999,move,improve
4797,6,411.9799999999999,6,411.9799999999999,2opt,notBad
4798,6,411.9799999999999,6,411.9799999999999,swap,notBad
4799,6,411.9799999999999,6,411.9799999999999,move,improve
4800,6,411.9799999999999,6,411.9799999999999,move,improve
4801,6,411.9799999999999,6,411.9799999999999,move,improve
4802,6,411.9799999999999,6,411.9799999999999,move,improve
4803,6,411.9799999999999,6,411.9799999999999,move,improve
4804,6,411.9799999999999,6,411.9799999999999,2opt,improve
4805,6,411.9799999999999,6,411.9799999999999,2opt,notBad
4806,6,411.9799999999999,6,411.9799999999999,move,improve
4807,6,411.9799999999999,6,411.9799999999999,move,improve
4808,6,411.9799999999999,6,411.9799999999999,swap,notBad
4809,6,411.9799999999999,6,411.9799999999999,move,improve
4810,6,411.9799999999999,6,411.9799999999999,swap,notBad
4811,6,411.9799999999999,6,411.9799999999999,move,improve
4812,6,411.9799999999999,6,411.9799999999999,2opt,notBad
4813,6,411.9799999999999,6,411.9799999999999,swap,notBad
4814,6,411.9799999999999,6,411.9799999999999,2opt,notBad
4815,6,411.9799999999999,6,411.9799999999999,2opt,notBad
4816,6,411.9799999999999,6,411.9799999999999,2opt,notBad
4817,6,416.05999999999995,6,411.9799999999999,swap,acceptBad
4818,6,416.05999999999995,6,411.9799999999999,2opt,improve
4819,6,416.05999999999995,6,411.9799999999999,move,improve
4820,6,416.05999999999995,6,411.9799999999999,move,improve
4821,6,416.05999999999995,6,411.9799999999999,move,improve
4822,6,416.05999999999995,6,411.9799999999999,2opt,notBad
4823,6,416.05999999999995,6,411.9799999999999,swap,notBad
4824,6,416.05999999999995,6,411.9799999999999,swap,notBad
4825,6,416.05999999999995,6,411.9799999999999,move,improve
4826,6,416.05999999999995,6,411.9799999999999,2opt,notBad
4827,6,416.05999999999995,6,411.9799999999999,swap,notBad
4828,6,416.05999999999995,6,411.9799999999999,move,improve
4829,6,416.05999999999995,6,411.9799999999999,move,improve
4830,6,416.05999999999995,6,411.9799999999999,move,improve
4831,6,416.05999999999995,6,411.9799999999999,2opt,notBad
4832,6,416.05999999999995,6,411.9799999999999,2opt,notBad
4833,6,416.05999999999995,6,411.9799999999999,move,improve
4834,6,416.05999999999995,6,411.9799999999999,move,improve
4835,6,416.05999999999995,6,411.9799999999999,2opt,notBad
4836,6,416.05999999999995,6,411.9799999999999,2opt,notBad
4837,6,416.05999999999995,6,411.9799999999999,move,improve
4838,6,416.05999999999995,6,411.9799999999999,2opt,notBad
4839,6,416.4799999999999,6,411.9799999999999,swap,acceptBad
4840,6,416.4799999999999,6,411.9799999999999,2opt,notBad
4841,6,416.4799999999999,6,411.9799999999999,2opt,notBad
4842,6,419.15999999999997,6,411.9799999999999,swap,acceptBad
4843,6,416.0999999999999,6,411.9799999999999,move,improve
4844,6,416.0999999999999,6,411.9799999999999,move,improve
4845,6,419.19999999999993,6,411.9799999999999,swap,acceptBad
4846,6,419.19999999999993,6,411.9799999999999,2opt,notBad
4847,6,419.19999999999993,6,411.9799999999999,swap,notBad
4848,6,419.19999999999993,6,411.9799999999999,swap,notBad
4849,6,419.19999999999993,6,411.9799999999999,swap,notBad
4850,6,419.19999999999993,6,411.9799999999999,move,improve
4851,6,419.19999999999993,6,411.9799999999999,move,improve
4852,6,419.19999999999993,6,411.9799999999999,2opt,notBad
4853,6,420.36,6,411.9799999999999,swap,acceptBad
4854,6,420.36,6,411.9799999999999,swap,notBad
4855,6,420.36,6,411.9799999999999,move,improve
4856,6,420.36,6,411.9799999999999,move,improve
4857,6,420.36,6,411.9799999999999,2opt,notBad
4858,6,420.36,6,411.9799999999999,swap,notBad
4859,6,420.36,6,411.9799999999999,move,improve
4860,6,420.36,6,411.9799999999999,swap,notBad
4861,6,420.36,6,411.9799999999999,2opt,improve
4862,6,421.5999999999999,6,411.9799999999999,swap,acceptBad
4863,6,421.5999999999999,6,411.9799999999999,move,improve
4864,6,421.5999999999999,6,411.9799999999999,2opt,notBad
4865,6,421.5999999999999,6,411.9799999999999,2opt,notBad
4866,6,421.5999999999999,6,411.9799999999999,2opt,notBad
4867,6,421.5999999999999,6,411.9799999999999,swap,notBad
4868,6,421.5999999999999,6,411.9799999999999,move,improve
4869,6,421.5999999999999,6,411.9799999999999,swap,notBad
4870,6,421.5999999999999,6,411.9799999999999,swap,notBad
4871,6,421.5999999999999,6,411.9799999999999,2opt,notBad
4872,6,421.02,6,411.9799999999999,move,improve
4873,6,421.02,6,411.9799999999999,2opt,improve
4874,6,421.02,6,411.9799999999999,swap,notBad
4875,6,421.02,6,411.9799999999999,2opt,notBad
4876,6,421.02,6,411.9799999999999,move,improve
4877,6,421.02,6,411.9799999999999,2opt,notBad
4878,6,421.02,6,411.9799999999999,move,improve
4879,6,421.02,6,411.9799999999999,2opt,notBad
4880,6,421.02,6,411.9799999999999,move,improve
4881,6,421.02,6,411.9799999999999,move,improve
4882,6,421.02,6,411.9799999999999,2opt,notBad
4883,6,421.02,6,411.9799999999999,swap,notBad
4884,6,421.02,6,411.9799999999999,2opt,notBad
4885,6,421.02,6,411.9799999999999,2opt,improve
4886,6,421.02,6,411.9799999999999,2opt,improve
4887,6,421.02,6,411.9799999999999,2opt,notBad
4888,6,421.02,6,411.9799999999999,move,improve
4889,6,421.02,6,411.9799999999999,swap,notBad
4890,6,421.02,6,411.9799999999999,swap,notBad
4891,6,421.02,6,411.9799999999999,move,improve
4892,6,421.02,6,411.9799999999999,2opt,notBad
4893,6,421.02,6,411.9799999999999,swap,notBad
4894,6,421.02,6,411.9799999999999,2opt,notBad
4895,6,421.02,6,411.9799999999999,2opt,notBad
4896,6,421.02,6,411.9799999999999,swap,notBad
4897,6,421.02,6,411.9799999999999,2opt,notBad
4898,6,421.02,6,411.9799999999999,2opt,notBad
4899,6,421.02,6,411.9799999999999,move,improve
4900,6,421.02,6,411.9799999999999,2opt,notBad
4901,6,421.02,6,411.9799999999999,move,improve
4902,6,421.02,6,411.9799999999999,swap,notBad
4903,6,421.02,6,411.9799999999999,2opt,notBad
4904,6,421.02,6,411.9799999999999,2opt,notBad
4905,6,421.02,6,411.9799999999999,swap,notBad
4906,6,421.02,6,411.9799999999999,move,improve
4907,6,421.02,6,411.9799999999999,move,improve
4908,6,421.02,6,411.9799999999999,move,improve
4909,6,421.31999999999994,6,411.9799999999999,swap,acceptBad
4910,6,421.31999999999994,6,411.9799999999999,move,improve
4911,6,421.31999999999994,6,411.9799999999999,swap,notBad
4912,6,421.02,6,411.9799999999999,swap,improve
4913,6,421.02,6,411.9799999999999,2opt,notBad
4914,6,421.02,6,411.9799999999999,move,improve
4915,6,421.02,6,411.9799999999999,move,improve
4916,6,420.5999999999999,6,411.9799999999999,swap,improve
4917,6,420.5999999999999,6,411.9799999999999,move,improve
4918,6,420.5999999999999,6,411.9799999999999,swap,notBad
4919,6,420.5999999999999,6,411.9799999999999,swap,notBad
4920,6,420.5999999999999,6,411.9799999999999,swap,notBad
4921,6,420.5999999999999,6,411.9799999999999,swap,notBad
4922,6,420.5999999999999,6,411.9799999999999,swap,notBad
4923,6,420.5999999999999,6,411.9799999999999,2opt,notBad
4924,6,420.5999999999999,6,411.9799999999999,move,improve
4925,6,420.05999999999995,6,411.9799999999999,move,improve
4926,6,420.05999999999995,6,411.9799999999999,2opt,notBad
4927,6,420.05999999999995,6,411.9799999999999,2opt,notBad
4928,6,420.05999999999995,6,411.9799999999999,move,improve
4929,6,420.05999999999995,6,411.9799999999999,swap,notBad
4930,6,420.05999999999995,6,411.9799999999999,2opt,notBad
4931,6,420.05999999999995,6,411.9799999999999,2opt,notBad
4932,6,420.05999999999995,6,411.9799999999999,2opt,notBad
4933,6,420.05999999999995,6,411.9799999999999,move,improve
4934,6,416.91999999999996,6,411.9799999999999,move,improve
4935,6,416.91999999999996,6,411.9799999999999,swap,notBad
4936,6,416.91999999999996,6,411.9799999999999,move,improve
4937,6,416.91999999999996,6,411.9799999999999,2opt,notBad
4938,6,416.91999999999996,6,411.9799999999999,2opt,notBad
4939,6,416.91999999999996,6,411.9799999999999,2opt,notBad
4940,6,416.91999999999996,6,411.9799999999999,2opt,notBad
4941,6,416.91999999999996,6,411.9799999999999,move,improve
4942,6,416.91999999999996,6,411.9799999999999,swap,notBad
4943,6,416.91999999999996,6,411.9799999999999,swap,notBad
4944,6,416.91999999999996,6,411.9799999999999,swap,notBad
4945,6,416.91999999999996,6,411.9799999999999,move,improve
4946,6,416.91999999999996,6,411.9799999999999,move,improve
4947,6,416.91999999999996,6,411.9799999999999,move,improve
4948,6,416.91999999999996,6,411.9799999999999,move,improve
4949,6,416.91999999999996,6,411.9799999999999,swap,notBad
4950,6,416.91999999999996,6,411.9799999999999,move,improve
4951,6,416.91999999999996,6,411.9799999999999,move,improve
4952,6,416.91999999999996,6,411.9799999999999,move,improve
4953,6,416.91999999999996,6,411.9799999999999,move,improve
4954,6,416.91999999999996,6,411.9799999999999,swap,notBad
4955,6,416.91999999999996,6,411.9799999999999,2opt,improve
4956,6,416.91999999999996,6,411.9799999999999,2opt,notBad
4957,6,416.91999999999996,6,411.9799999999999,swap,notBad
4958,6,416.91999999999996,6,411.9799999999999,move,improve
4959,6,415.67999999999995,6,411.9799999999999,swap,improve
4960,6,415.67999999999995,6,411.9799999999999,swap,notBad
4961,6,415.67999999999995,6,411.9799999999999,move,improve
4962,6,415.67999999999995,6,411.9799999999999,2opt,notBad
4963,6,415.67999999999995,6,411.9799999999999,swap,notBad
4964,6,415.67999999999995,6,411.9799999999999,move,improve
4965,6,415.67999999999995,6,411.9799999999999,swap,notBad
4966,6,415.67999999999995,6,411.9799999999999,2opt,notBad
4967,6,415.67999999999995,6,411.9799999999999,swap,notBad
4968,6,415.67999999999995,6,411.9799999999999,2opt,notBad
4969,6,415.67999999999995,6,411.9799999999999,2opt,notBad
4970,6,415.67999999999995,6,411.9799999999999,move,improve
4971,6,415.67999999999995,6,411.9799999999999,2opt,notBad
4972,6,415.67999999999995,6,411.9799999999999,swap,notBad
4973,6,415.67999999999995,6,411.9799999999999,2opt,notBad
4974,6,415.67999999999995,6,411.9799999999999,2opt,notBad
4975,6,415.67999999999995,6,411.9799999999999,2opt,notBad
4976,6,415.67999999999995,6,411.9799999999999,move,improve
4977,6,415.67999999999995,6,411.9799999999999,swap,notBad
4978,6,415.67999999999995,6,411.9799999999999,move,improve
4979,6,415.67999999999995,6,411.9799999999999,swap,notBad
4980,6,415.67999999999995,6,411.9799999999999,swap,notBad
4981,6,414.64,6,411.9799999999999,swap,improve
4982,6,414.64,6,411.9799999999999,swap,notBad
4983,6,414.64,6,411.9799999999999,2opt,notBad
4984,6,414.64,6,411.9799999999999,move,improve
4985,6,414.64,6,411.9799999999999,move,improve
4986,6,414.64,6,411.9799999999999,swap,notBad
4987,6,414.64,6,411.9799999999999,move,improve
4988,6,414.64,6,411.9799999999999,2opt,notBad
4989,6,414.64,6,411.9799999999999,swap,notBad
4990,6,414.64,6,411.9799999999999,swap,notBad
4991,6,414.64,6,411.9799999999999,swap,notBad
4992,6,414.64,6,411.9799999999999,move,improve
4993,6,414.64,6,411.9799999999999,swap,notBad
4994,6,414.64,6,411.9799999999999,2opt,notBad
4995,6,414.64,6,411.9799999999999,swap,notBad
4996,6,414.64,6,411.9799999999999,move,improve
4997,6,414.64,6,411.9799999999999,swap,notBad
4998,6,414.64,6,411.9799999999999,move,improve
4999,6,414.64,6,411.9799999999999,2opt,notBad
5000,6,414.64,6,411.9799999999999,2opt,notBad
5001,6,414.64,6,411.9799999999999,2opt,notBad
5002,6,419.1199999999999,6,411.9799999999999,swap,acceptBad
5003,6,419.1199999999999,6,411.9799999999999,move,improve
5004,6,419.1199999999999,6,411.9799999999999,swap,notBad
5005,6,419.1199999999999,6,411.9799999999999,move,improve
5006,6,419.1199999999999,6,411.9799999999999,move,improve
5007,6,419.1199999999999,6,411.9799999999999,move,improve
5008,6,419.1199999999999,6,411.9799999999999,2opt,notBad
5009,6,419.1199999999999,6,411.9799999999999,2opt,notBad
5010,6,419.1199999999999,6,411.9799999999999,move,improve
5011,6,414.64,6,411.9799999999999,swap,improve
5012,6,414.64,6,411.9799999999999,swap,notBad
5013,6,414.64,6,411.9799999999999,swap,notBad
5014,6,414.64,6,411.9799999999999,swap,notBad
5015,6,414.64,6,411.9799999999999,move,improve
5016,6,414.64,6,411.9799999999999,move,improve
5017,6,414.9599999999999,6,411.9799999999999,swap,acceptBad
5018,6,414.9599999999999,6,411.9799999999999,swap,notBad
5019,6,414.9599999999999,6,411.9799999999999,swap,notBad
5020,6,414.9599999999999,6,411.9799999999999,move,improve
5021,6,414.9599999999999,6,411.9799999999999,swap,notBad
5022,6,414.9599999999999,6,411.9799999999999,move,improve
5023,6,414.64,6,411.9799999999999,move,improve
5024,6,414.64,6,411.9799999999999,swap,notBad
5025,6,414.64,6,411.9799999999999,2opt,notBad
5026,6,414.64,6,411.9799999999999,2opt,notBad
5027,6,414.64,6,411.9799999999999,swap,notBad
5028,6,414.64,6,411.9799999999999,swap,notBad
5029,6,415.05999999999995,6,411.9799999999999,swap,acceptBad
5030,6,415.05999999999995,6,411.9799999999999,move,improve
5031,6,415.05999999999995,6,411.9799999999999,2opt,notBad
5032,6,415.05999999999995,6,411.9799999999999,2opt,notBad
5033,6,415.05999999999995,6,411.9799999999999,2opt,notBad
5034,6,415.05999999999995,6,411.9799999999999,move,improve
5035,6,415.05999999999995,6,411.9799999999999,2opt,notBad
5036,6,415.05999999999995,6,411.9799999999999,2opt,notBad
5037,6,415.05999999999995,6,411.9799999999999,move,improve
5038,6,415.05999999999995,6,411.9799999999999,move,improve
5039,6,415.05999999999995,6,411.9799999999999,move,improve
5040,6,415.05999999999995,6,411.9799999999999,swap,notBad
5041,6,415.05999999999995,6,411.9799999999999,2opt,notBad
5042,6,415.05999999999995,6,411.9799999999999,2opt,notBad
5043,6,415.05999999999995,6,411.9799999999999,swap,notBad
5044,6,414.64,6,411.9799999999999,move,improve
5045,6,414.64,6,411.9799999999999,2opt,notBad
5046,6,414.64,6,411.9799999999999,move,improve
5047,6,414.64,6,411.9799999999999,move,improve
5048,6,414.64,6,411.9799999999999,swap,notBad
5049,6,414.64,6,411.9799999999999,swap,notBad
5050,6,414.64,6,411.9799999999999,2opt,notBad
5051,6,414.64,6,411.9799999999999,swap,notBad
5052,6,414.64,6,411.9799999999999,move,improve
5053,6,414.64,6,411.9799999999999,2opt,notBad
5054,6,414.64,6,411.9799999999999,2opt,notBad
5055,6,414.64,6,411.9799999999999,swap,notBad
5056,6,414.64,6,411.9799999999999,move,improve
5057,6,414.64,6,411.9799999999999,swap,notBad
5058,6,414.64,6,411.9799999999999,swap,notBad
5059,6,414.64,6,411.9799999999999,swap,notBad
5060,6,414.64,6,411.9799999999999,2opt,notBad
5061,6,414.64,6,411.9799999999999,swap,notBad
5062,6,414.64,6,411.9799999999999,swap,notBad
5063,6,414.64,6,411.9799999999999,move,improve
5064,6,414.64,6,411.9799999999999,move,improve
5065,6,414.64,6,411.9799999999999,swap,notBad
5066,6,414.64,6,411.9799999999999,2opt,notBad
5067,6,414.64,6,411.9799999999999,swap,notBad
5068,6,414.64,6,411.9799999999999,2opt,notBad
5069,6,414.64,6,411.9799999999999,swap,notBad
5070,6,414.64,6,411.9799999999999,swap,notBad
5071,6,414.64,6,411.9799999999999,2opt,notBad
5072,6,414.64,6,411.9799999999999,2opt,notBad
5073,6,414.64,6,411.9799999999999,swap,notBad
5074,6,414.64,6,411.9799999999999,move,improve
5075,6,414.64,6,411.9799999999999,2opt,notBad
5076,6,414.64,6,411.9799999999999,2opt,improve
5077,6,414.64,6,411.9799999999999,swap,notBad
5078,6,414.64,6,411.9799999999999,swap,notBad
5079,6,414.64,6,411.9799999999999,move,improve
5080,6,414.64,6,411.9799999999999,2opt,notBad
5081,6,414.64,6,411.9799999999999,2opt,notBad
5082,6,414.64,6,411.9799999999999,2opt,notBad
5083,6,414.64,6,411.9799999999999,2opt,notBad
5084,6,414.64,6,411.9799999999999,swap,notBad
5085,6,414.64,6,411.9799999999999,2opt,notBad
5086,6,414.64,6,411.9799999999999,2opt,notBad
5087,6,414.64,6,411.9799999999999,move,improve
5088,6,414.64,6,411.9799999999999,move,improve
5089,6,414.64,6,411.9799999999999,2opt,notBad
5090,6,414.64,6,411.9799999999999,move,improve
5091,6,414.64,6,411.9799999999999,move,improve
5092,6,414.64,6,411.9799999999999,2opt,notBad
5093,6,414.64,6,411.9799999999999,swap,notBad
5094,6,414.64,6,411.9799999999999,2opt,notBad
5095,6,414.64,6,411.9799999999999,2opt,notBad
5096,6,414.64,6,411.9799999999999,2opt,notBad
5097,6,414.64,6,411.9799999999999,move,improve
5098,6,414.64,6,411.9799999999999,move,improve
5099,6,416.15999999999997,6,411.9799999999999,swap,acceptBad
5100,6,416.15999999999997,6,411.9799999999999,2opt,notBad
5101,6,416.15999999999997,6,411.9799999999999,swap,notBad
5102,6,416.15999999999997,6,411.9799999999999,swap,notBad
5103,6,416.15999999999997,6,411.9799999999999,swap,notBad
5104,6,416.15999999999997,6,411.9799999999999,2opt,notBad
5105,6,416.15999999999997,6,411.9799999999999,move,improve
5106,6,416.15999999999997,6,411.9799999999999,2opt,improve
5107,6,416.15999999999997,6,411.9799999999999,2opt,notBad
5108,6,416.15999999999997,6,411.9799999999999,swap,notBad
5109,6,416.15999999999997,6,411.9799999999999,swap,notBad
5110,6,416.15999999999997,6,411.9799999999999,move,improve
5111,6,416.15999999999997,6,411.9799999999999,move,improve
5112,6,416.15999999999997,6,411.9799999999999,move,improve
5113,6,416.15999999999997,6,411.9799999999999,move,improve
5114,6,416.15999999999997,6,411.9799999999999,move,improve
5115,6,416.15999999999997,6,411.9799999999999,2opt,notBad
5116,6,416.15999999999997,6,411.9799999999999,swap,notBad
5117,6,416.15999999999997,6,411.9799999999999,move,improve
5118,6,416.15999999999997,6,411.9799999999999,move,improve
5119,6,416.15999999999997,6,411.9799999999999,move,improve
5120,6,416.15999999999997,6,411.9799999999999,move,improve
5121,6,416.15999999999997,6,411.9799999999999,2opt,notBad
5122,6,416.15999999999997,6,411.9799999999999,swap,notBad
5123,6,416.15999999999997,6,411.9799999999999,move,improve
5124,6,416.15999999999997,6,411.9799999999999,2opt,improve
5125,6,416.15999999999997,6,411.9799999999999,2opt,notBad
5126,6,416.15999999999997,6,411.9799999999999,move,improve
5127,6,419.2599999999999,6,411.9799999999999,swap,acceptBad
5128,6,419.2599999999999,6,411.9799999999999,move,improve
5129,6,419.2599999999999,6,411.9799999999999,swap,notBad
5130,6,419.2599999999999,6,411.9799999999999,swap,notBad
5131,6,419.2599999999999,6,411.9799999999999,2opt,notBad
5132,6,419.2599999999999,6,411.9799999999999,2opt,notBad
5133,6,425.4799999999999,6,411.9799999999999,swap,acceptBad
5134,6,425.4799999999999,6,411.9799999999999,2opt,notBad
5135,6,425.4799999999999,6,411.9799999999999,swap,notBad
5136,6,425.4799999999999,6,411.9799999999999,move,improve
5137,6,425.4799999999999,6,411.9799999999999,2opt,notBad
5138,6,425.4799999999999,6,411.9799999999999,move,improve
5139,6,425.4799999999999,6,411.9799999999999,move,improve
5140,6,425.4799999999999,6,411.9799999999999,2opt,notBad
5141,6,425.4799999999999,6,411.9799999999999,2opt,notBad
5142,6,425.4799999999999,6,411.9799999999999,move,improve
5143,6,425.4799999999999,6,411.9799999999999,2opt,notBad
5144,6,425.4799999999999,6,411.9799999999999,move,improve
5145,6,425.4799999999999,6,411.9799999999999,move,improve
5146,6,425.4799999999999,6,411.9799999999999,swap,notBad
5147,6,425.4799999999999,6,411.9799999999999,2opt,notBad
5148,6,425.4799999999999,6,411.9799999999999,move,improve
5149,6,425.4799999999999,6,411.9799999999999,2opt,notBad
5150,6,425.4799999999999,6,411.9799999999999,2opt,notBad
5151,6,425.4799999999999,6,411.9799999999999,swap,notBad
5152,6,425.4799999999999,6,411.9799999999999,2opt,notBad
5153,6,425.4799999999999,6,411.9799999999999,swap,notBad
5154,6,425.4799999999999,6,411.9799999999999,move,improve
5155,6,425.4799999999999,6,411.9799999999999,move,improve
5156,6,425.4799999999999,6,411.9799999999999,2opt,notBad
5157,6,425.4799999999999,6,411.9799999999999,2opt,notBad
5158,6,425.4799999999999,6,411.9799999999999,2opt,notBad
5159,6,425.4799999999999,6,411.9799999999999,2opt,notBad
5160,6,425.4799999999999,6,411.9799999999999,swap,notBad
5161,6,425.4799999999999,6,411.9799999999999,swap,notBad
5162,6,425.4799999999999,6,411.9799999999999,move,improve
5163,6,425.4799999999999,6,411.9799999999999,2opt,notBad
5164,6,425.4799999999999,6,411.9799999999999,2opt,notBad
5165,6,425.4799999999999,6,411.9799999999999,swap,notBad
5166,6,425.4799999999999,6,411.9799999999999,swap,notBad
5167,6,423.9599999999999,6,411.9799999999999,move,improve
5168,6,423.9599999999999,6,411.9799999999999,swap,notBad
5169,6,423.9599999999999,6,411.9799999999999,2opt,notBad
5170,6,423.9599999999999,6,411.9799999999999,move,improve
5171,6,423.9599999999999,6,411.9799999999999,swap,notBad
5172,6,423.9599999999999,6,411.9799999999999,2opt,notBad
5173,6,424.9399999999998,6,411.9799999999999,2opt,acceptBad
5174,6,424.9399999999998,6,411.9799999999999,move,improve
5175,6,424.9399999999998,6,411.9799999999999,2opt,notBad
5176,6,424.9399999999998,6,411.9799999999999,move,improve
5177,6,424.9399999999998,6,411.9799999999999,swap,notBad
5178,6,424.9399999999998,6,411.9799999999999,swap,notBad
5179,6,424.9399999999998,6,411.9799999999999,move,improve
5180,6,424.9399999999998,6,411.9799999999999,2opt,notBad
5181,6,424.9399999999998,6,411.9799999999999,swap,notBad
5182,6,424.9399999999998,6,411.9799999999999,swap,notBad
5183,6,424.9399999999998,6,411.9799999999999,move,improve
5184,6,424.9399999999998,6,411.9799999999999,swap,notBad
5185,6,424.9399999999998,6,411.9799999999999,move,improve
5186,6,424.9399999999998,6,411.9799999999999,2opt,notBad
5187,6,424.9399999999998,6,411.9799999999999,2opt,notBad
5188,6,435.52000000000055,6,411.9799999999999,move,acceptBad
5189,6,435.52000000000055,6,411.9799999999999,2opt,improve
5190,6,435.52000000000055,6,411.9799999999999,swap,notBad
5191,6,435.52000000000055,6,411.9799999999999,swap,notBad
5192,6,435.52000000000055,6,411.9799999999999,2opt,notBad
5193,6,440.3400000000006,6,411.9799999999999,swap,acceptBad
5194,6,440.3400000000006,6,411.9799999999999,move,improve
5195,6,440.2000000000006,6,411.9799999999999,2opt,improve
5196,6,440.2000000000006,6,411.9799999999999,swap,notBad
5197,6,440.2000000000006,6,411.9799999999999,2opt,improve
5198,6,440.2000000000006,6,411.9799999999999,2opt,notBad
5199,6,438.0600000000006,6,411.9799999999999,move,improve
5200,6,438.0600000000006,6,411.9799999999999,2opt,notBad
5201,6,438.0600000000006,6,411.9799999999999,move,improve
5202,6,438.0600000000006,6,411.9799999999999,2opt,notBad
5203,6,438.0600000000006,6,411.9799999999999,2opt,notBad
5204,6,438.0600000000006,6,411.9799999999999,2opt,notBad
5205,6,438.0600000000006,6,411.9799999999999,swap,notBad
5206,6,438.0600000000006,6,411.9799999999999,swap,notBad
5207,6,438.0600000000006,6,411.9799999999999,2opt,notBad
5208,6,438.0600000000006,6,411.9799999999999,swap,notBad
5209,6,438.0600000000006,6,411.9799999999999,move,improve
5210,6,438.0600000000006,6,411.9799999999999,swap,notBad
5211,6,438.0600000000006,6,411.9799999999999,2opt,notBad
5212,6,438.0600000000006,6,411.9799999999999,move,improve
5213,6,438.0600000000006,6,411.9799999999999,move,improve
5214,6,438.0600000000006,6,411.9799999999999,move,improve
5215,6,435.6200000000006,6,411.9799999999999,move,improve
5216,6,435.6200000000006,6,411.9799999999999,swap,notBad
5217,6,435.6200000000006,6,411.9799999999999,2opt,notBad
5218,6,435.6200000000006,6,411.9799999999999,swap,notBad
5219,6,435.6200000000006,6,411.9799999999999,swap,notBad
5220,6,435.6200000000006,6,411.9799999999999,2opt,notBad
5221,6,435.6200000000006,6,411.9799999999999,swap,notBad
5222,6,435.6200000000006,6,411.9799999999999,swap,notBad
5223,6,435.6200000000006,6,411.9799999999999,2opt,notBad
5224,6,435.6200000000006,6,411.9799999999999,2opt,notBad
5225,6,435.6200000000006,6,411.9799999999999,2opt,notBad
5226,6,435.6200000000006,6,411.9799999999999,swap,notBad
5227,6,435.6200000000006,6,411.9799999999999,move,improve
5228,6,435.6200000000006,6,411.9799999999999,move,improve
5229,6,435.6200000000006,6,411.9799999999999,swap,notBad
5230,6,435.6200000000006,6,411.9799999999999,move,improve
5231,6,435.6200000000006,6,411.9799999999999,swap,notBad
5232,6,435.6200000000006,6,411.9799999999999,2opt,notBad
5233,6,435.6200000000006,6,411.9799999999999,2opt,notBad
5234,6,435.6200000000006,6,411.9799999999999,swap,notBad
5235,6,435.6200000000006,6,411.9799999999999,swap,notBad
5236,6,435.6200000000006,6,411.9799999999999,2opt,notBad
5237,6,435.6200000000006,6,411.9799999999999,move,improve
5238,6,435.2000000000005,6,411.9799999999999,move,improve
5239,6,435.2000000000005,6,411.9799999999999,move,improve
5240,6,435.2000000000005,6,411.9799999999999,move,improve
5241,6,435.2000000000005,6,411.9799999999999,swap,notBad
5242,6,435.2000000000005,6,411.9799999999999,move,improve
5243,6,435.2000000000005,6,411.9799999999999,move,improve
5244,6,435.2000000000005,6,411.9799999999999,2opt,notBad
5245,6,435.2000000000005,6,411.9799999999999,swap,notBad
5246,6,435.2000000000005,6,411.9799999999999,2opt,notBad
5247,6,435.2000000000005,6,411.9799999999999,swap,notBad
5248,6,435.2000000000005,6,411.9799999999999,swap,notBad
5249,6,435.2000000000005,6,411.9799999999999,move,improve
5250,6,435.2000000000005,6,411.9799999999999,swap,notBad
5251,6,435.2000000000005,6,411.9799999999999,move,improve
5252,6,435.2000000000005,6,411.9799999999999,swap,notBad
5253,6,435.2000000000005,6,411.9799999999999,swap,notBad
5254,6,435.2000000000005,6,411.9799999999999,move,improve
5255,6,435.2000000000005,6,411.9799999999999,move,improve
5256,6,435.2000000000005,6,411.9799999999999,swap,notBad
5257,6,435.2000000000005,6,411.9799999999999,swap,notBad
5258,6,435.2000000000005,6,411.9799999999999,move,improve
5259,6,435.2000000000005,6,411.9799999999999,2opt,notBad
5260,6,435.2000000000005,6,411.9799999999999,swap,notBad
5261,6,435.2000000000005,6,411.9799999999999,move,improve
5262,6,435.2000000000005,6,411.9799999999999,2opt,notBad
5263,6,435.2000000000005,6,411.9799999999999,2opt,notBad
5264,6,435.2000000000005,6,411.9799999999999,swap,notBad
5265,6,435.2000000000005,6,411.9799999999999,move,notBad
5266,6,435.2000000000005,6,411.9799999999999,move,improve
5267,6,435.2000000000005,6,411.9799999999999,move,improve
5268,6,435.2000000000005,6,411.9799999999999,move,improve
5269,6,435.2000000000005,6,411.9799999999999,2opt,notBad
5270,6,435.2000000000005,6,411.9799999999999,2opt,notBad
5271,6,435.2000000000005,6,411.9799999999999,swap,notBad
5272,6,435.2000000000005,6,411.9799999999999,2opt,notBad
5273,6,435.2000000000005,6,411.9799999999999,move,improve
5274,6,435.2000000000005,6,411.9799999999999,2opt,notBad
5275,6,435.2000000000005,6,411.9799999999999,move,improve
5276,6,435.2000000000005,6,411.9799999999999,swap,notBad
5277,6,435.2000000000005,6,411.9799999999999,move,improve
5278,6,435.2000000000005,6,411.9799999999999,2opt,notBad
5279,6,435.2000000000005,6,411.9799999999999,2opt,improve
5280,6,435.2000000000005,6,411.9799999999999,swap,notBad
5281,6,435.2000000000005,6,411.9799999999999,move,improve
5282,6,435.18000000000063,6,411.9799999999999,move,improve
5283,6,435.18000000000063,6,411.9799999999999,move,improve
5284,6,435.18000000000063,6,411.9799999999999,2opt,notBad
5285,6,435.18000000000063,6,411.9799999999999,move,improve
5286,6,435.18000000000063,6,411.9799999999999,move,improve
5287,6,436.4800000000006,6,411.9799999999999,2opt,acceptBad
5288,6,433.7000000000006,6,411.9799999999999,move,improve
5289,6,433.7000000000006,6,411.9799999999999,swap,notBad
5290,6,433.7000000000006,6,411.9799999999999,move,improve
5291,6,433.7000000000006,6,411.9799999999999,move,improve
5292,6,433.7000000000006,6,411.9799999999999,move,improve
5293,6,433.7000000000006,6,411.9799999999999,move,improve
5294,6,433.7000000000006,6,411.9799999999999,swap,notBad
5295,6,430.88000000000056,6,411.9799999999999,move,improve
5296,6,430.88000000000056,6,411.9799999999999,2opt,notBad
5297,6,430.88000000000056,6,411.9799999999999,swap,notBad
5298,6,430.88000000000056,6,411.9799999999999,2opt,notBad
5299,6,430.88000000000056,6,411.9799999999999,2opt,notBad
5300,6,430.88000000000056,6,411.9799999999999,move,improve
5301,6,430.5600000000006,6,411.9799999999999,move,improve
5302,6,430.5600000000006,6,411.9799999999999,move,improve
5303,6,430.5600000000006,6,411.9799999999999,move,improve
5304,6,430.5600000000006,6,411.9799999999999,2opt,notBad
5305,6,430.5600000000006,6,411.9799999999999,swap,notBad
5306,6,424.16000000000054,6,411.9799999999999,move,improve
5307,6,423.28000000000065,6,411.9799999999999,2opt,improve
5308,6,423.28000000000065,6,411.9799999999999,swap,notBad
5309,6,423.28000000000065,6,411.9799999999999,move,improve
5310,6,418.9400000000006,6,411.9799999999999,2opt,improve
5311,6,418.9400000000006,6,411.9799999999999,swap,notBad
5312,6,418.9400000000006,6,411.9799999999999,2opt,notBad
5313,6,417.64000000000055,6,411.9799999999999,move,improve
5314,6,417.64000000000055,6,411.9799999999999,move,improve
5315,6,417.64000000000055,6,411.9799999999999,2opt,notBad
5316,6,417.64000000000055,6,411.9799999999999,2opt,notBad
5317,6,417.64000000000055,6,411.9799999999999,move,improve
5318,6,417.64000000000055,6,411.9799999999999,2opt,notBad
5319,6,417.64000000000055,6,411.9799999999999,move,improve
5320,6,417.64000000000055,6,411.9799999999999,2opt,notBad
5321,6,417.64000000000055,6,411.9799999999999,move,improve
5322,6,417.64000000000055,6,411.9799999999999,2opt,notBad
5323,6,417.64000000000055,6,411.9799999999999,move,improve
5324,6,417.64000000000055,6,411.9799999999999,swap,notBad
5325,6,417.64000000000055,6,411.9799999999999,2opt,notBad
5326,6,417.64000000000055,6,411.9799999999999,move,improve
5327,6,417.64000000000055,6,411.9799999999999,2opt,notBad
5328,6,417.64000000000055,6,411.9799999999999,swap,notBad
5329,6,417.64000000000055,6,411.9799999999999,swap,notBad
5330,6,417.64000000000055,6,411.9799999999999,swap,notBad
5331,6,417.64000000000055,6,411.9799999999999,move,improve
5332,6,417.64000000000055,6,411.9799999999999,swap,notBad
5333,6,417.64000000000055,6,411.9799999999999,2opt,notBad
5334,6,417.64000000000055,6,411.9799999999999,move,improve
5335,6,417.64000000000055,6,411.9799999999999,2opt,notBad
5336,6,417.64000000000055,6,411.9799999999999,move,improve
5337,6,417.64000000000055,6,411.9799999999999,swap,notBad
5338,6,417.64000000000055,6,411.9799999999999,swap,notBad
5339,6,417.64000000000055,6,411.9799999999999,2opt,notBad
5340,6,417.64000000000055,6,411.9799999999999,swap,notBad
5341,6,414.0600000000005,6,411.9799999999999,swap,improve
5342,6,414.0600000000005,6,411.9799999999999,swap,notBad
5343,6,414.0600000000005,6,411.9799999999999,2opt,notBad
5344,6,414.0600000000005,6,411.9799999999999,swap,notBad
5345,6,414.0600000000005,6,411.9799999999999,swap,notBad
5346,6,414.0600000000005,6,411.9799999999999,swap,notBad
5347,6,414.0600000000005,6,411.9799999999999,swap,notBad
5348,6,414.0600000000005,6,411.9799999999999,2opt,notBad
5349,6,414.0600000000005,6,411.9799999999999,move,improve
5350,6,414.0600000000005,6,411.9799999999999,move,improve
5351,6,414.0600000000005,6,411.9799999999999,move,improve
5352,6,414.0600000000005,6,411.9799999999999,swap,notBad
5353,6,414.0600000000005,6,411.9799999999999,swap,notBad
5354,6,414.0600000000005,6,411.9799999999999,move,improve
5355,6,414.0600000000005,6,411.9799999999999,2opt,notBad
5356,6,414.0600000000005,6,411.9799999999999,2opt,notBad
5357,6,414.0600000000005,6,411.9799999999999,2opt,notBad
5358,6,414.0600000000005,6,411.9799999999999,swap,notBad
5359,6,414.0600000000005,6,411.9799999999999,2opt,notBad
5360,6,414.0600000000005,6,411.9799999999999,move,improve
5361,6,414.0600000000005,6,411.9799999999999,swap,notBad
5362,6,414.0600000000005,6,411.9799999999999,swap,notBad
5363,6,414.0600000000005,6,411.9799999999999,2opt,notBad
5364,6,414.0600000000005,6,411.9799999999999,2opt,notBad
5365,6,414.0600000000005,6,411.9799999999999,move,improve
5366,6,414.0600000000005,6,411.9799999999999,2opt,notBad
5367,6,414.0600000000005,6,411.9799999999999,2opt,notBad
5368,6,414.0600000000005,6,411.9799999999999,2opt,notBad
5369,6,414.0600000000005,6,411.9799999999999,move,improve
5370,6,418.68000000000006,6,411.9799999999999,swap,acceptBad
5371,6,418.68000000000006,6,411.9799999999999,2opt,notBad
5372,6,418.68000000000006,6,411.9799999999999,2opt,notBad
5373,6,418.68000000000006,6,411.9799999999999,move,improve
5374,6,420.72,6,411.9799999999999,swap,acceptBad
5375,6,420.72,6,411.9799999999999,move,improve
5376,6,420.72,6,411.9799999999999,move,improve
5377,6,420.72,6,411.9799999999999,swap,notBad
5378,6,420.72,6,411.9799999999999,swap,notBad
5379,6,420.72,6,411.9799999999999,move,improve
5380,6,420.72,6,411.9799999999999,move,improve
5381,6,420.72,6,411.9799999999999,2opt,notBad
5382,6,420.72,6,411.9799999999999,2opt,notBad
5383,6,420.72,6,411.9799999999999,2opt,notBad
5384,6,420.72,6,411.9799999999999,move,improve
5385,6,420.72,6,411.9799999999999,2opt,notBad
5386,6,420.72,6,411.9799999999999,move,improve
5387,6,420.72,6,411.9799999999999,move,improve
5388,6,420.72,6,411.9799999999999,swap,notBad
5389,6,420.72,6,411.9799999999999,2opt,notBad
5390,6,420.72,6,411.9799999999999,swap,notBad
5391,6,420.72,6,411.9799999999999,move,improve
5392,6,416.04000000000053,6,411.9799999999999,move,improve
5393,6,416.04000000000053,6,411.9799999999999,swap,notBad
5394,6,416.04000000000053,6,411.9799999999999,move,improve
5395,6,416.04000000000053,6,411.9799999999999,swap,notBad
5396,6,416.04000000000053,6,411.9799999999999,2opt,notBad
5397,6,416.04000000000053,6,411.9799999999999,move,improve
5398,6,416.04000000000053,6,411.9799999999999,move,improve
5399,6,416.04000000000053,6,411.9799999999999,2opt,notBad
5400,6,416.04000000000053,6,411.9799999999999,move,improve
5401,6,416.04000000000053,6,411.9799999999999,2opt,notBad
5402,6,416.04000000000053,6,411.9799999999999,swap,notBad
5403,6,416.04000000000053,6,411.9799999999999,move,improve
5404,6,416.04000000000053,6,411.9799999999999,swap,notBad
5405,6,416.04000000000053,6,411.9799999999999,move,improve
5406,6,416.04000000000053,6,411.9799999999999,2opt,notBad
5407,6,416.04000000000053,6,411.9799999999999,move,improve
5408,6,416.04000000000053,6,411.9799999999999,swap,notBad
5409,6,416.04000000000053,6,411.9799999999999,2opt,notBad
5410,6,416.04000000000053,6,411.9799999999999,2opt,notBad
5411,6,416.04000000000053,6,411.9799999999999,move,improve
5412,6,416.04000000000053,6,411.9799999999999,move,improve
5413,6,416.04000000000053,6,411.9799999999999,move,improve
5414,6,416.04000000000053,6,411.9799999999999,2opt,improve
5415,6,416.04000000000053,6,411.9799999999999,2opt,notBad
5416,6,416.04000000000053,6,411.9799999999999,swap,notBad
5417,6,405.6199999999999,6,405.6199999999999,move,newBest
5418,6,405.6199999999999,6,405.6199999999999,swap,notBad
5419,6,405.6199999999999,6,405.6199999999999,move,improve
5420,6,405.6199999999999,6,405.6199999999999,swap,notBad
5421,6,405.6199999999999,6,405.6199999999999,move,improve
5422,6,405.6199999999999,6,405.6199999999999,swap,notBad
5423,6,405.6199999999999,6,405.6199999999999,swap,notBad
5424,6,405.6199999999999,6,405.6199999999999,2opt,notBad
5425,6,405.6199999999999,6,405.6199999999999,move,improve
5426,6,405.1600000000002,6,405.1600000000002,move,newBest
5427,6,405.1600000000002,6,405.1600000000002,swap,notBad
5428,6,405.1600000000002,6,405.1600000000002,2opt,notBad
5429,6,405.1600000000002,6,405.1600000000002,move,improve
5430,6,405.1600000000002,6,405.1600000000002,move,improve
5431,6,405.1600000000002,6,405.1600000000002,move,improve
5432,6,405.1600000000002,6,405.1600000000002,2opt,notBad
5433,6,405.1600000000002,6,405.1600000000002,2opt,notBad
5434,6,405.1600000000002,6,405.1600000000002,2opt,notBad
5435,6,405.1600000000002,6,405.1600000000002,swap,notBad
5436,6,405.1600000000002,6,405.1600000000002,2opt,notBad
5437,6,405.1600000000002,6,405.1600000000002,swap,notBad
5438,6,405.1600000000002,6,405.1600000000002,2opt,notBad
5439,6,405.1600000000002,6,405.1600000000002,swap,notBad
5440,6,405.1600000000002,6,405.1600000000002,2opt,notBad
5441,6,405.1600000000002,6,405.1600000000002,swap,notBad
5442,6,405.1600000000002,6,405.1600000000002,swap,notBad
5443,6,405.1600000000002,6,405.1600000000002,swap,notBad
5444,6,405.1600000000002,6,405.1600000000002,2opt,notBad
5445,6,405.1600000000002,6,405.1600000000002,2opt,notBad
5446,6,405.1600000000002,6,405.1600000000002,swap,notBad
5447,6,405.1600000000002,6,405.1600000000002,move,improve
5448,6,405.1600000000002,6,405.1600000000002,move,improve
5449,6,405.1600000000002,6,405.1600000000002,move,improve
5450,6,405.1600000000002,6,405.1600000000002,2opt,improve
5451,6,405.1600000000002,6,405.1600000000002,2opt,notBad
5452,6,405.1600000000002,6,405.1600000000002,move,improve
5453,6,405.1600000000002,6,405.1600000000002,move,improve
5454,6,405.1600000000002,6,405.1600000000002,2opt,notBad
5455,6,405.1600000000002,6,405.1600000000002,2opt,notBad
5456,6,405.1600000000002,6,405.1600000000002,swap,notBad
5457,6,405.1600000000002,6,405.1600000000002,2opt,notBad
5458,6,405.1600000000002,6,405.1600000000002,swap,notBad
5459,6,405.1600000000002,6,405.1600000000002,2opt,notBad
5460,6,405.1600000000002,6,405.1600000000002,move,improve
5461,6,405.1600000000002,6,405.1600000000002,2opt,notBad
5462,6,405.1600000000002,6,405.1600000000002,2opt,notBad
5463,6,405.1600000000002,6,405.1600000000002,2opt,notBad
5464,6,405.1600000000002,6,405.1600000000002,swap,notBad
5465,6,405.1600000000002,6,405.1600000000002,swap,notBad
5466,6,405.1600000000002,6,405.1600000000002,swap,notBad
5467,6,405.1600000000002,6,405.1600000000002,2opt,notBad
5468,6,405.1600000000002,6,405.1600000000002,move,improve
5469,6,405.1600000000002,6,405.1600000000002,move,improve
5470,6,405.1600000000002,6,405.1600000000002,2opt,notBad
5471,6,405.1600000000002,6,405.1600000000002,move,improve
5472,6,405.1600000000002,6,405.1600000000002,2opt,notBad
5473,6,405.1600000000002,6,405.1600000000002,move,improve
5474,6,405.1600000000002,6,405.1600000000002,move,improve
5475,6,405.1600000000002,6,405.1600000000002,2opt,notBad
5476,6,405.1600000000002,6,405.1600000000002,swap,notBad
5477,6,405.1600000000002,6,405.1600000000002,2opt,notBad
5478,6,405.1600000000002,6,405.1600000000002,swap,notBad
5479,6,405.1600000000002,6,405.1600000000002,swap,notBad
5480,6,405.1600000000002,6,405.1600000000002,move,improve
5481,6,405.1600000000002,6,405.1600000000002,2opt,notBad
5482,6,406.32000000000016,6,405.1600000000002,swap,acceptBad
5483,6,406.32000000000016,6,405.1600000000002,move,improve
5484,6,406.32000000000016,6,405.1600000000002,swap,notBad
5485,6,406.32000000000016,6,405.1600000000002,2opt,notBad
5486,6,406.32000000000016,6,405.1600000000002,move,improve
5487,6,406.32000000000016,6,405.1600000000002,move,improve
5488,6,406.32000000000016,6,405.1600000000002,2opt,improve
5489,6,406.32000000000016,6,405.1600000000002,2opt,notBad
5490,6,406.32000000000016,6,405.1600000000002,2opt,improve
5491,6,406.32000000000016,6,405.1600000000002,2opt,notBad
5492,6,406.32000000000016,6,405.1600000000002,swap,notBad
5493,6,406.32000000000016,6,405.1600000000002,swap,notBad
5494,6,406.32000000000016,6,405.1600000000002,move,improve
5495,6,405.1600000000002,6,405.1600000000002,move,improve
5496,6,405.1600000000002,6,405.1600000000002,swap,notBad
5497,6,405.1600000000002,6,405.1600000000002,swap,notBad
5498,6,405.1600000000002,6,405.1600000000002,2opt,notBad
5499,6,405.1600000000002,6,405.1600000000002,move,improve
5500,6,405.1600000000002,6,405.1600000000002,2opt,notBad
5501,6,405.1600000000002,6,405.1600000000002,swap,notBad
5502,6,405.1600000000002,6,405.1600000000002,move,improve
5503,6,405.1600000000002,6,405.1600000000002,2opt,notBad
5504,6,405.1600000000002,6,405.1600000000002,move,improve
5505,6,405.1600000000002,6,405.1600000000002,swap,notBad
5506,6,405.1600000000002,6,405.1600000000002,move,improve
5507,6,405.1600000000002,6,405.1600000000002,move,improve
5508,6,405.1600000000002,6,405.1600000000002,2opt,notBad
5509,6,405.1600000000002,6,405.1600000000002,move,improve
5510,6,405.1600000000002,6,405.1600000000002,move,improve
5511,6,405.1600000000002,6,405.1600000000002,swap,notBad
5512,6,405.1600000000002,6,405.1600000000002,move,improve
5513,6,405.1600000000002,6,405.1600000000002,2opt,notBad
5514,6,405.1600000000002,6,405.1600000000002,move,improve
5515,6,405.1600000000002,6,405.1600000000002,move,improve
5516,6,405.1600000000002,6,405.1600000000002,move,improve
5517,6,405.1600000000002,6,405.1600000000002,2opt,notBad
5518,6,405.1600000000002,6,405.1600000000002,2opt,notBad
5519,6,405.1600000000002,6,405.1600000000002,move,improve
5520,6,406.0200000000002,6,405.1600000000002,swap,acceptBad
5521,6,406.0200000000002,6,405.1600000000002,swap,notBad
5522,6,406.0200000000002,6,405.1600000000002,swap,notBad
5523,6,406.0200000000002,6,405.1600000000002,move,improve
5524,6,406.0200000000002,6,405.1600000000002,swap,notBad
5525,6,406.0200000000002,6,405.1600000000002,move,improve
5526,6,406.0200000000002,6,405.1600000000002,2opt,notBad
5527,6,406.0200000000002,6,405.1600000000002,move,improve
5528,6,406.0200000000002,6,405.1600000000002,swap,notBad
5529,6,402.8599999999999,6,402.8599999999999,swap,newBest
5530,6,402.8599999999999,6,402.8599999999999,swap,notBad
5531,6,401.9999999999999,6,401.9999999999999,move,newBest
5532,6,401.9999999999999,6,401.9999999999999,swap,notBad
5533,6,401.9999999999999,6,401.9999999999999,swap,notBad
5534,6,401.9999999999999,6,401.9999999999999,swap,notBad
5535,6,401.9999999999999,6,401.9999999999999,move,improve
5536,6,401.9999999999999,6,401.9999999999999,swap,notBad
5537,6,401.9999999999999,6,401.9999999999999,2opt,notBad
5538,6,401.9999999999999,6,401.9999999999999,2opt,notBad
5539,6,401.9999999999999,6,401.9999999999999,move,improve
5540,6,401.9999999999999,6,401.9999999999999,2opt,notBad
5541,6,401.9999999999999,6,401.9999999999999,move,improve
5542,6,401.9999999999999,6,401.9999999999999,move,improve
5543,6,401.9999999999999,6,401.9999999999999,2opt,notBad
5544,6,401.9999999999999,6,401.9999999999999,move,improve
5545,6,401.9999999999999,6,401.9999999999999,2opt,notBad
5546,6,401.9999999999999,6,401.9999999999999,move,improve
5547,6,401.9999999999999,6,401.9999999999999,move,improve
5548,6,401.9999999999999,6,401.9999999999999,swap,notBad
5549,6,401.9999999999999,6,401.9999999999999,2opt,notBad
5550,6,401.9999999999999,6,401.9999999999999,swap,notBad
5551,6,401.9999999999999,6,401.9999999999999,2opt,notBad
5552,6,401.9999999999999,6,401.9999999999999,swap,notBad
5553,6,401.9999999999999,6,401.9999999999999,2opt,notBad
5554,6,401.9999999999999,6,401.9999999999999,2opt,notBad
5555,6,401.9999999999999,6,401.9999999999999,move,improve
5556,6,401.9999999999999,6,401.9999999999999,swap,notBad
5557,6,401.9999999999999,6,401.9999999999999,swap,notBad
5558,6,401.9999999999999,6,401.9999999999999,2opt,notBad
5559,6,401.9999999999999,6,401.9999999999999,2opt,notBad
5560,6,401.9999999999999,6,401.9999999999999,swap,notBad
5561,6,401.9999999999999,6,401.9999999999999,2opt,notBad
5562,6,401.9999999999999,6,401.9999999999999,2opt,notBad
5563,6,401.9999999999999,6,401.9999999999999,move,improve
5564,6,401.9999999999999,6,401.9999999999999,2opt,notBad
5565,6,401.9999999999999,6,401.9999999999999,2opt,notBad
5566,6,401.9999999999999,6,401.9999999999999,move,improve
5567,6,401.9999999999999,6,401.9999999999999,2opt,notBad
5568,6,401.9999999999999,6,401.9999999999999,2opt,notBad
5569,6,401.9999999999999,6,401.9999999999999,swap,notBad
5570,6,401.9999999999999,6,401.9999999999999,2opt,notBad
5571,6,401.7399999999999,6,401.7399999999999,move,newBest
5572,6,401.7399999999999,6,401.7399999999999,swap,notBad
5573,6,401.7399999999999,6,401.7399999999999,move,notBad
5574,6,401.7399999999999,6,401.7399999999999,move,improve
5575,6,401.7399999999999,6,401.7399999999999,2opt,notBad
5576,6,401.7399999999999,6,401.7399999999999,2opt,notBad
5577,6,401.7399999999999,6,401.7399999999999,swap,notBad
5578,6,401.7399999999999,6,401.7399999999999,move,improve
5579,6,401.7399999999999,6,401.7399999999999,2opt,notBad
5580,6,401.7399999999999,6,401.7399999999999,2opt,notBad
5581,6,401.7399999999999,6,401.7399999999999,move,improve
5582,6,401.7399999999999,6,401.7399999999999,swap,notBad
5583,6,401.7399999999999,6,401.7399999999999,swap,notBad
5584,6,401.7399999999999,6,401.7399999999999,move,improve
5585,6,401.7399999999999,6,401.7399999999999,2opt,notBad
5586,6,401.7399999999999,6,401.7399999999999,swap,notBad
5587,6,401.7399999999999,6,401.7399999999999,swap,notBad
5588,6,401.7399999999999,6,401.7399999999999,move,improve
5589,6,401.7399999999999,6,401.7399999999999,swap,notBad
5590,6,401.7399999999999,6,401.7399999999999,move,improve
5591,6,401.7399999999999,6,401.7399999999999,move,improve
5592,6,401.7399999999999,6,401.7399999999999,swap,notBad
5593,6,401.7399999999999,6,401.7399999999999,2opt,notBad
5594,6,401.7399999999999,6,401.7399999999999,swap,notBad
5595,6,401.7399999999999,6,401.7399999999999,2opt,notBad
5596,6,401.7399999999999,6,401.7399999999999,2opt,notBad
5597,6,401.7399999999999,6,401.7399999999999,move,improve
5598,6,401.7399999999999,6,401.7399999999999,2opt,notBad
5599,6,401.7399999999999,6,401.7399999999999,swap,notBad
5600,6,401.7399999999999,6,401.7399999999999,swap,notBad
5601,6,403.91999999999996,6,401.7399999999999,swap,acceptBad
5602,6,403.91999999999996,6,401.7399999999999,move,improve
5603,6,403.91999999999996,6,401.7399999999999,move,improve
5604,6,403.91999999999996,6,401.7399999999999,swap,notBad
5605,6,403.91999999999996,6,401.7399999999999,move,improve
5606,6,403.91999999999996,6,401.7399999999999,move,improve
5607,6,403.91999999999996,6,401.7399999999999,move,improve
5608,6,403.91999999999996,6,401.7399999999999,swap,notBad
5609,6,403.91999999999996,6,401.7399999999999,move,improve
5610,6,403.91999999999996,6,401.7399999999999,move,improve
5611,6,403.91999999999996,6,401.7399999999999,2opt,notBad
5612,6,403.91999999999996,6,401.7399999999999,2opt,notBad
5613,6,403.91999999999996,6,401.7399999999999,move,improve
5614,6,403.91999999999996,6,401.7399999999999,swap,notBad
5615,6,403.91999999999996,6,401.7399999999999,swap,notBad
5616,6,403.91999999999996,6,401.7399999999999,move,improve
5617,6,403.91999999999996,6,401.7399999999999,2opt,notBad
5618,6,403.91999999999996,6,401.7399999999999,swap,notBad
5619,6,403.91999999999996,6,401.7399999999999,2opt,notBad
5620,6,403.91999999999996,6,401.7399999999999,swap,notBad
5621,6,403.91999999999996,6,401.7399999999999,2opt,notBad
5622,6,403.91999999999996,6,401.7399999999999,2opt,notBad
5623,6,403.91999999999996,6,401.7399999999999,swap,notBad
5624,6,403.91999999999996,6,401.7399999999999,2opt,notBad
5625,6,403.91999999999996,6,401.7399999999999,move,improve
5626,6,403.91999999999996,6,401.7399999999999,2opt,notBad
5627,6,403.91999999999996,6,401.7399999999999,2opt,notBad
5628,6,403.91999999999996,6,401.7399999999999,swap,notBad
5629,6,403.91999999999996,6,401.7399999999999,2opt,notBad
5630,6,403.91999999999996,6,401.7399999999999,swap,notBad
5631,6,403.91999999999996,6,401.7399999999999,swap,notBad
5632,6,403.91999999999996,6,401.7399999999999,2opt,notBad
5633,6,403.91999999999996,6,401.7399999999999,2opt,notBad
5634,6,407.08000000000027,6,401.7399999999999,swap,acceptBad
5635,6,407.08000000000027,6,401.7399999999999,2opt,notBad
5636,6,407.08000000000027,6,401.7399999999999,swap,notBad
5637,6,407.08000000000027,6,401.7399999999999,move,improve
5638,6,407.08000000000027,6,401.7399999999999,2opt,notBad
5639,6,407.08000000000027,6,401.7399999999999,2opt,notBad
5640,6,407.08000000000027,6,401.7399999999999,swap,notBad
5641,6,407.08000000000027,6,401.7399999999999,move,improve
5642,6,407.08000000000027,6,401.7399999999999,move,improve
5643,6,407.08000000000027,6,401.7399999999999,swap,notBad
5644,6,407.08000000000027,6,401.7399999999999,swap,notBad
5645,6,407.08000000000027,6,401.7399999999999,2opt,notBad
5646,6,407.08000000000027,6,401.7399999999999,2opt,improve
5647,6,407.08000000000027,6,401.7399999999999,swap,notBad
5648,6,407.08000000000027,6,401.7399999999999,swap,notBad
5649,6,407.08000000000027,6,401.7399999999999,move,improve
5650,6,407.08000000000027,6,401.7399999999999,2opt,notBad
5651,6,407.08000000000027,6,401.7399999999999,move,improve
5652,6,404.9000000000002,6,401.7399999999999,move,improve
5653,6,404.9000000000002,6,401.7399999999999,2opt,notBad
5654,6,404.9000000000002,6,401.7399999999999,move,improve
5655,6,404.9000000000002,6,401.7399999999999,move,improve
5656,6,404.9000000000002,6,401.7399999999999,swap,notBad
5657,6,404.9000000000002,6,401.7399999999999,swap,notBad
5658,6,404.9000000000002,6,401.7399999999999,move,improve
5659,6,404.9000000000002,6,401.7399999999999,move,improve
5660,6,404.9000000000002,6,401.7399999999999,swap,notBad
5661,6,404.9000000000002,6,401.7399999999999,swap,notBad
5662,6,404.9000000000002,6,401.7399999999999,move,improve
5663,6,404.9000000000002,6,401.7399999999999,move,improve
5664,6,404.9000000000002,6,401.7399999999999,swap,notBad
5665,6,404.9000000000002,6,401.7399999999999,swap,notBad
5666,6,404.9000000000002,6,401.7399999999999,2opt,notBad
5667,6,404.9000000000002,6,401.7399999999999,move,improve
5668,6,404.9000000000002,6,401.7399999999999,swap,notBad
5669,6,404.9000000000002,6,401.7399999999999,swap,notBad
5670,6,404.9000000000002,6,401.7399999999999,swap,notBad
5671,6,404.9000000000002,6,401.7399999999999,move,improve
5672,6,404.9000000000002,6,401.7399999999999,2opt,notBad
5673,6,404.9000000000002,6,401.7399999999999,swap,notBad
5674,6,404.9000000000002,6,401.7399999999999,move,improve
5675,6,406.4200000000002,6,401.7399999999999,swap,acceptBad
5676,6,406.4200000000002,6,401.7399999999999,move,improve
5677,6,406.4200000000002,6,401.7399999999999,2opt,notBad
5678,6,406.4200000000002,6,401.7399999999999,swap,notBad
5679,6,406.4200000000002,6,401.7399999999999,move,improve
5680,6,406.4200000000002,6,401.7399999999999,swap,notBad
5681,6,406.4200000000002,6,401.7399999999999,2opt,notBad
5682,6,406.4200000000002,6,401.7399999999999,2opt,notBad
5683,6,406.4200000000002,6,401.7399999999999,swap,notBad
5684,6,406.4200000000002,6,401.7399999999999,2opt,notBad
5685,6,406.4200000000002,6,401.7399999999999,swap,notBad
5686,6,406.4200000000002,6,401.7399999999999,swap,notBad
5687,6,406.4200000000002,6,401.7399999999999,2opt,notBad
5688,6,406.4200000000002,6,401.7399999999999,swap,notBad
5689,6,406.4200000000002,6,401.7399999999999,move,improve
5690,6,406.4200000000002,6,401.7399999999999,2opt,notBad
5691,6,406.4200000000002,6,401.7399999999999,2opt,notBad
5692,6,406.4200000000002,6,401.7399999999999,move,improve
5693,6,406.4200000000002,6,401.7399999999999,2opt,notBad
5694,6,406.4200000000002,6,401.7399999999999,swap,notBad
5695,6,406.4200000000002,6,401.7399999999999,2opt,notBad
5696,6,406.4200000000002,6,401.7399999999999,2opt,improve
5697,6,406.4200000000002,6,401.7399999999999,2opt,notBad
5698,6,406.4200000000002,6,401.7399999999999,move,improve
5699,6,406.4200000000002,6,401.7399999999999,swap,notBad
5700,6,406.4200000000002,6,401.7399999999999,2opt,notBad
5701,6,406.4200000000002,6,401.7399999999999,swap,notBad
5702,6,406.4200000000002,6,401.7399999999999,move,improve
5703,6,406.4200000000002,6,401.7399999999999,swap,notBad
5704,6,406.4200000000002,6,401.7399999999999,move,improve
5705,6,406.4200000000002,6,401.7399999999999,swap,notBad
5706,6,406.4200000000002,6,401.7399999999999,move,improve
5707,6,406.4200000000002,6,401.7399999999999,swap,notBad
5708,6,406.4200000000002,6,401.7399999999999,move,improve
5709,6,406.4200000000002,6,401.7399999999999,swap,notBad
5710,6,406.4200000000002,6,401.7399999999999,swap,notBad
5711,6,406.4200000000002,6,401.7399999999999,2opt,notBad
5712,6,406.4200000000002,6,401.7399999999999,move,improve
5713,6,406.4200000000002,6,401.7399999999999,swap,notBad
5714,6,406.4200000000002,6,401.7399999999999,swap,notBad
5715,6,404.9000000000002,6,401.7399999999999,move,improve
5716,6,404.9000000000002,6,401.7399999999999,move,improve
5717,6,404.9000000000002,6,401.7399999999999,2opt,notBad
5718,6,404.9000000000002,6,401.7399999999999,2opt,notBad
5719,6,404.9000000000002,6,401.7399999999999,move,improve
5720,6,404.9000000000002,6,401.7399999999999,swap,notBad
5721,6,404.9000000000002,6,401.7399999999999,2opt,notBad
5722,6,404.9000000000002,6,401.7399999999999,2opt,notBad
5723,6,404.9000000000002,6,401.7399999999999,2opt,notBad
5724,6,404.9000000000002,6,401.7399999999999,move,improve
5725,6,404.9000000000002,6,401.7399999999999,swap,notBad
5726,6,404.9000000000002,6,401.7399999999999,swap,notBad
5727,6,404.9000000000002,6,401.7399999999999,swap,notBad
5728,6,404.9000000000002,6,401.7399999999999,swap,notBad
5729,6,404.9000000000002,6,401.7399999999999,2opt,improve
5730,6,404.9000000000002,6,401.7399999999999,swap,notBad
5731,6,404.9000000000002,6,401.7399999999999,move,improve
5732,6,404.9000000000002,6,401.7399999999999,move,improve
5733,6,404.9000000000002,6,401.7399999999999,2opt,notBad
5734,6,404.9000000000002,6,401.7399999999999,2opt,notBad
5735,6,404.9000000000002,6,401.7399999999999,move,improve
5736,6,404.9000000000002,6,401.7399999999999,2opt,notBad
5737,6,406.76000000000033,6,401.7399999999999,2opt,acceptBad
5738,6,406.76000000000033,6,401.7399999999999,2opt,notBad
5739,6,406.76000000000033,6,401.7399999999999,swap,notBad
5740,6,406.76000000000033,6,401.7399999999999,move,improve
5741,6,406.76000000000033,6,401.7399999999999,move,improve
5742,6,406.76000000000033,6,401.7399999999999,2opt,notBad
5743,6,406.76000000000033,6,401.7399999999999,move,improve
5744,6,406.76000000000033,6,401.7399999999999,swap,notBad
5745,6,406.76000000000033,6,401.7399999999999,move,improve
5746,6,406.76000000000033,6,401.7399999999999,2opt,notBad
5747,6,406.76000000000033,6,401.7399999999999,move,improve
5748,6,406.76000000000033,6,401.7399999999999,2opt,notBad
5749,6,406.2800000000004,6,401.7399999999999,2opt,improve
5750,6,406.2800000000004,6,401.7399999999999,2opt,notBad
5751,6,406.2800000000004,6,401.7399999999999,2opt,notBad
5752,6,406.2800000000004,6,401.7399999999999,swap,notBad
5753,6,406.2800000000004,6,401.7399999999999,swap,notBad
5754,6,406.2800000000004,6,401.7399999999999,swap,notBad
5755,6,406.2800000000004,6,401.7399999999999,move,improve
5756,6,406.2800000000004,6,401.7399999999999,2opt,notBad
5757,6,406.2800000000004,6,401.7399999999999,move,improve
5758,6,404.98000000000036,6,401.7399999999999,move,improve
5759,6,404.98000000000036,6,401.7399999999999,move,improve
5760,6,404.98000000000036,6,401.7399999999999,swap,notBad
5761,6,404.98000000000036,6,401.7399999999999,2opt,improve
5762,6,404.98000000000036,6,401.7399999999999,swap,notBad
5763,6,404.98000000000036,6,401.7399999999999,move,improve
5764,6,404.98000000000036,6,401.7399999999999,swap,notBad
5765,6,404.98000000000036,6,401.7399999999999,swap,notBad
5766,6,404.98000000000036,6,401.7399999999999,swap,notBad
5767,6,404.98000000000036,6,401.7399999999999,2opt,notBad
5768,6,404.98000000000036,6,401.7399999999999,2opt,notBad
5769,6,404.98000000000036,6,401.7399999999999,move,improve
5770,6,404.98000000000036,6,401.7399999999999,swap,notBad
5771,6,404.98000000000036,6,401.7399999999999,2opt,notBad
5772,6,404.98000000000036,6,401.7399999999999,swap,notBad
5773,6,404.98000000000036,6,401.7399999999999,2opt,notBad
5774,6,404.98000000000036,6,401.7399999999999,2opt,notBad
5775,6,404.98000000000036,6,401.7399999999999,swap,notBad
5776,6,404.98000000000036,6,401.7399999999999,swap,notBad
5777,6,404.98000000000036,6,401.7399999999999,swap,notBad
5778,6,404.98000000000036,6,401.7399999999999,2opt,notBad
5779,6,404.98000000000036,6,401.7399999999999,2opt,notBad
5780,6,404.98000000000036,6,401.7399999999999,swap,notBad
5781,6,404.98000000000036,6,401.7399999999999,move,improve
5782,6,404.98000000000036,6,401.7399999999999,move,improve
5783,6,404.98000000000036,6,401.7399999999999,swap,notBad
5784,6,404.98000000000036,6,401.7399999999999,swap,notBad
5785,6,404.98000000000036,6,401.7399999999999,swap,notBad
5786,6,404.98000000000036,6,401.7399999999999,move,improve
5787,6,407.76000000000045,6,401.7399999999999,swap,acceptBad
5788,6,407.76000000000045,6,401.7399999999999,move,improve
5789,6,407.76000000000045,6,401.7399999999999,2opt,notBad
5790,6,407.76000000000045,6,401.7399999999999,2opt,notBad
5791,6,407.76000000000045,6,401.7399999999999,swap,notBad
5792,6,407.76000000000045,6,401.7399999999999,2opt,notBad
5793,6,407.76000000000045,6,401.7399999999999,2opt,notBad
5794,6,407.76000000000045,6,401.7399999999999,move,improve
5795,6,407.76000000000045,6,401.7399999999999,2opt,notBad
5796,6,407.76000000000045,6,401.7399999999999,move,improve
5797,6,407.76000000000045,6,401.7399999999999,2opt,notBad
5798,6,407.76000000000045,6,401.7399999999999,2opt,notBad
5799,6,407.76000000000045,6,401.7399999999999,2opt,notBad
5800,6,409.8000000000004,6,401.7399999999999,swap,acceptBad
5801,6,409.8000000000004,6,401.7399999999999,swap,notBad
5802,6,409.8000000000004,6,401.7399999999999,swap,notBad
5803,6,409.8000000000004,6,401.7399999999999,2opt,improve
5804,6,409.8000000000004,6,401.7399999999999,swap,notBad
5805,6,409.8000000000004,6,401.7399999999999,move,improve
5806,6,409.8000000000004,6,401.7399999999999,2opt,notBad
5807,6,409.8000000000004,6,401.7399999999999,swap,notBad
5808,6,409.8000000000004,6,401.7399999999999,move,improve
5809,6,409.8000000000004,6,401.7399999999999,move,improve
5810,6,409.8000000000004,6,401.7399999999999,move,improve
5811,6,409.8000000000004,6,401.7399999999999,2opt,notBad
5812,6,409.8000000000004,6,401.7399999999999,2opt,notBad
5813,6,409.8000000000004,6,401.7399999999999,2opt,notBad
5814,6,409.8000000000004,6,401.7399999999999,2opt,notBad
5815,6,409.8000000000004,6,401.7399999999999,2opt,notBad
5816,6,409.8000000000004,6,401.7399999999999,swap,notBad
5817,6,409.8000000000004,6,401.7399999999999,swap,notBad
5818,6,409.8000000000004,6,401.7399999999999,move,improve
5819,6,409.8000000000004,6,401.7399999999999,move,improve
5820,6,409.8000000000004,6,401.7399999999999,move,improve
5821,6,409.8000000000004,6,401.7399999999999,swap,notBad
5822,6,409.8000000000004,6,401.7399999999999,move,improve
5823,6,409.8000000000004,6,401.7399999999999,move,improve
5824,6,409.8000000000004,6,401.7399999999999,2opt,notBad
5825,6,409.8000000000004,6,401.7399999999999,2opt,notBad
5826,6,409.8000000000004,6,401.7399999999999,swap,notBad
5827,6,409.8000000000004,6,401.7399999999999,move,improve
5828,6,409.8000000000004,6,401.7399999999999,swap,notBad
5829,6,409.8000000000004,6,401.7399999999999,2opt,notBad
5830,6,409.8000000000004,6,401.7399999999999,swap,notBad
5831,6,409.8000000000004,6,401.7399999999999,2opt,notBad
5832,6,409.8000000000004,6,401.7399999999999,move,improve
5833,6,409.8000000000004,6,401.7399999999999,move,improve
5834,6,409.8000000000004,6,401.7399999999999,swap,notBad
5835,6,409.8000000000004,6,401.7399999999999,2opt,notBad
5836,6,409.8000000000004,6,401.7399999999999,swap,notBad
5837,6,409.8000000000004,6,401.7399999999999,move,improve
5838,6,409.8000000000004,6,401.7399999999999,2opt,notBad
5839,6,409.8000000000004,6,401.7399999999999,swap,notBad
5840,6,409.8000000000004,6,401.7399999999999,2opt,improve
5841,6,409.8000000000004,6,401.7399999999999,swap,notBad
5842,6,409.8000000000004,6,401.7399999999999,2opt,notBad
5843,6,409.8000000000004,6,401.7399999999999,2opt,notBad
5844,6,409.8000000000004,6,401.7399999999999,move,improve
5845,6,409.8000000000004,6,401.7399999999999,move,improve
5846,6,409.8000000000004,6,401.7399999999999,swap,notBad
5847,6,409.8000000000004,6,401.7399999999999,swap,notBad
5848,6,409.8000000000004,6,401.7399999999999,2opt,notBad
5849,6,409.8000000000004,6,401.7399999999999,2opt,notBad
5850,6,409.8000000000004,6,401.7399999999999,move,improve
5851,6,409.8000000000004,6,401.7399999999999,swap,notBad
5852,6,409.8000000000004,6,401.7399999999999,2opt,notBad
5853,6,409.8000000000004,6,401.7399999999999,2opt,notBad
5854,6,409.8000000000004,6,401.7399999999999,swap,notBad
5855,6,409.8000000000004,6,401.7399999999999,move,improve
5856,6,409.8000000000004,6,401.7399999999999,move,improve
5857,6,409.8000000000004,6,401.7399999999999,swap,notBad
5858,6,409.8000000000004,6,401.7399999999999,2opt,notBad
5859,6,409.8000000000004,6,401.7399999999999,2opt,notBad
5860,6,409.8000000000004,6,401.7399999999999,2opt,notBad
5861,6,409.8000000000004,6,401.7399999999999,move,improve
5862,6,409.8000000000004,6,401.7399999999999,move,improve
5863,6,409.8000000000004,6,401.7399999999999,move,improve
5864,6,409.8000000000004,6,401.7399999999999,2opt,notBad
5865,6,409.8000000000004,6,401.7399999999999,swap,notBad
5866,6,409.8000000000004,6,401.7399999999999,move,improve
5867,6,409.8000000000004,6,401.7399999999999,move,improve
5868,6,409.8000000000004,6,401.7399999999999,swap,notBad
5869,6,409.8000000000004,6,401.7399999999999,move,improve
5870,6,409.8000000000004,6,401.7399999999999,move,improve
5871,6,409.8000000000004,6,401.7399999999999,move,improve
5872,6,406.3200000000003,6,401.7399999999999,swap,improve
5873,6,406.3200000000003,6,401.7399999999999,swap,notBad
5874,6,406.3200000000003,6,401.7399999999999,swap,notBad
5875,6,406.3200000000003,6,401.7399999999999,swap,notBad
5876,6,406.3200000000003,6,401.7399999999999,2opt,notBad
5877,6,406.3200000000003,6,401.7399999999999,move,improve
5878,6,406.3200000000003,6,401.7399999999999,2opt,notBad
5879,6,406.3200000000003,6,401.7399999999999,swap,notBad
5880,6,406.3200000000003,6,401.7399999999999,move,improve
5881,6,406.3200000000003,6,401.7399999999999,2opt,notBad
5882,6,416.3000000000002,6,401.7399999999999,move,acceptBad
5883,6,416.3000000000002,6,401.7399999999999,2opt,notBad
5884,6,416.3000000000002,6,401.7399999999999,2opt,notBad
5885,6,416.3000000000002,6,401.7399999999999,2opt,notBad
5886,6,416.3000000000002,6,401.7399999999999,2opt,notBad
5887,6,416.3000000000002,6,401.7399999999999,move,improve
5888,6,407.97999999999985,6,401.7399999999999,move,improve
5889,6,407.97999999999985,6,401.7399999999999,move,improve
5890,6,407.97999999999985,6,401.7399999999999,swap,notBad
5891,6,407.97999999999985,6,401.7399999999999,swap,notBad
5892,6,407.97999999999985,6,401.7399999999999,move,improve
5893,6,407.97999999999985,6,401.7399999999999,2opt,notBad
5894,6,407.97999999999985,6,401.7399999999999,move,improve
5895,6,406.0599999999999,6,401.7399999999999,move,improve
5896,6,406.0599999999999,6,401.7399999999999,2opt,notBad
5897,6,406.0599999999999,6,401.7399999999999,2opt,improve
5898,6,406.0599999999999,6,401.7399999999999,2opt,notBad
5899,6,406.0599999999999,6,401.7399999999999,2opt,improve
5900,6,406.3799999999998,6,401.7399999999999,swap,acceptBad
5901,6,406.3799999999998,6,401.7399999999999,2opt,notBad
5902,6,406.3799999999998,6,401.7399999999999,swap,notBad
5903,6,406.3799999999998,6,401.7399999999999,2opt,notBad
5904,6,406.3799999999998,6,401.7399999999999,swap,notBad
5905,6,406.3799999999998,6,401.7399999999999,move,improve
5906,6,406.3799999999998,6,401.7399999999999,move,improve
5907,6,406.3799999999998,6,401.7399999999999,2opt,notBad
5908,6,406.3799999999998,6,401.7399999999999,swap,notBad
5909,6,406.3799999999998,6,401.7399999999999,swap,notBad
5910,6,406.3799999999998,6,401.7399999999999,2opt,notBad
5911,6,406.3799999999998,6,401.7399999999999,2opt,notBad
5912,6,406.3799999999998,6,401.7399999999999,2opt,notBad
5913,6,406.3799999999998,6,401.7399999999999,swap,notBad
5914,6,406.3799999999998,6,401.7399999999999,swap,notBad
5915,6,406.3799999999998,6,401.7399999999999,swap,notBad
5916,6,406.3799999999998,6,401.7399999999999,2opt,improve
5917,6,406.3799999999998,6,401.7399999999999,2opt,notBad
5918,6,406.3799999999998,6,401.7399999999999,move,improve
5919,6,410.06000000000074,6,401.7399999999999,move,acceptBad
5920,6,410.06000000000074,6,401.7399999999999,move,improve
5921,6,410.06000000000074,6,401.7399999999999,swap,notBad
5922,6,410.06000000000074,6,401.7399999999999,2opt,notBad
5923,6,409.7400000000008,6,401.7399999999999,move,improve
5924,6,409.7400000000008,6,401.7399999999999,swap,notBad
5925,6,409.7400000000008,6,401.7399999999999,2opt,notBad
5926,6,409.7400000000008,6,401.7399999999999,move,improve
5927,6,409.7400000000008,6,401.7399999999999,swap,notBad
5928,6,412.42000000000075,6,401.7399999999999,swap,acceptBad
5929,6,412.42000000000075,6,401.7399999999999,swap,notBad
5930,6,412.42000000000075,6,401.7399999999999,2opt,notBad
5931,6,412.42000000000075,6,401.7399999999999,2opt,notBad
5932,6,411.56000000000074,6,401.7399999999999,move,improve
5933,6,411.56000000000074,6,401.7399999999999,swap,notBad
5934,6,411.30000000000075,6,401.7399999999999,move,improve
5935,6,411.30000000000075,6,401.7399999999999,move,improve
5936,6,411.30000000000075,6,401.7399999999999,2opt,notBad
5937,6,411.30000000000075,6,401.7399999999999,swap,notBad
5938,6,411.30000000000075,6,401.7399999999999,move,improve
5939,6,411.30000000000075,6,401.7399999999999,2opt,improve
5940,6,410.12000000000046,6,401.7399999999999,move,improve
5941,6,410.12000000000046,6,401.7399999999999,swap,notBad
5942,6,410.12000000000046,6,401.7399999999999,swap,notBad
5943,6,410.12000000000046,6,401.7399999999999,swap,notBad
5944,6,410.12000000000046,6,401.7399999999999,2opt,notBad
5945,6,410.12000000000046,6,401.7399999999999,2opt,notBad
5946,6,410.12000000000046,6,401.7399999999999,2opt,notBad
5947,6,410.12000000000046,6,401.7399999999999,2opt,notBad
5948,6,410.12000000000046,6,401.7399999999999,2opt,notBad
5949,6,410.12000000000046,6,401.7399999999999,2opt,notBad
5950,6,410.12000000000046,6,401.7399999999999,move,improve
5951,6,410.12000000000046,6,401.7399999999999,swap,notBad
5952,6,419.2199999999997,6,401.7399999999999,move,acceptBad
5953,6,419.2199999999997,6,401.7399999999999,2opt,notBad
5954,6,419.2199999999997,6,401.7399999999999,2opt,notBad
5955,6,410.12000000000046,6,401.7399999999999,move,improve
5956,6,410.12000000000046,6,401.7399999999999,swap,notBad
5957,6,410.12000000000046,6,401.7399999999999,move,improve
5958,6,410.12000000000046,6,401.7399999999999,swap,notBad
5959,6,410.12000000000046,6,401.7399999999999,2opt,notBad
5960,6,410.12000000000046,6,401.7399999999999,swap,notBad
5961,6,410.12000000000046,6,401.7399999999999,swap,notBad
5962,6,410.12000000000046,6,401.7399999999999,2opt,notBad
5963,6,410.12000000000046,6,401.7399999999999,swap,notBad
5964,6,410.12000000000046,6,401.7399999999999,swap,notBad
5965,6,410.12000000000046,6,401.7399999999999,2opt,notBad
5966,6,410.12000000000046,6,401.7399999999999,2opt,notBad
5967,6,411.30000000000075,6,401.7399999999999,swap,acceptBad
5968,6,411.30000000000075,6,401.7399999999999,swap,notBad
5969,6,411.30000000000075,6,401.7399999999999,swap,notBad
5970,6,411.30000000000075,6,401.7399999999999,swap,notBad
5971,6,411.30000000000075,6,401.7399999999999,2opt,notBad
5972,6,411.30000000000075,6,401.7399999999999,swap,notBad
5973,6,411.30000000000075,6,401.7399999999999,swap,notBad
5974,6,411.30000000000075,6,401.7399999999999,swap,notBad
5975,6,411.30000000000075,6,401.7399999999999,2opt,notBad
5976,6,411.30000000000075,6,401.7399999999999,move,improve
5977,6,411.30000000000075,6,401.7399999999999,2opt,notBad
5978,6,411.30000000000075,6,401.7399999999999,2opt,notBad
5979,6,411.30000000000075,6,401.7399999999999,2opt,notBad
5980,6,411.30000000000075,6,401.7399999999999,move,improve
5981,6,412.82000000000073,6,401.7399999999999,swap,acceptBad
5982,6,412.82000000000073,6,401.7399999999999,swap,notBad
5983,6,412.82000000000073,6,401.7399999999999,2opt,notBad
5984,6,412.82000000000073,6,401.7399999999999,swap,notBad
5985,6,412.82000000000073,6,401.7399999999999,move,improve
5986,6,412.82000000000073,6,401.7399999999999,move,improve
5987,6,412.82000000000073,6,401.7399999999999,move,improve
5988,6,412.82000000000073,6,401.7399999999999,2opt,notBad
5989,6,412.82000000000073,6,401.7399999999999,move,improve
5990,6,412.82000000000073,6,401.7399999999999,move,improve
5991,6,412.82000000000073,6,401.7399999999999,move,improve
5992,6,412.82000000000073,6,401.7399999999999,swap,notBad
5993,6,412.82000000000073,6,401.7399999999999,swap,notBad
5994,6,412.82000000000073,6,401.7399999999999,2opt,notBad
5995,6,412.82000000000073,6,401.7399999999999,move,improve
5996,6,412.82000000000073,6,401.7399999999999,swap,notBad
5997,6,412.82000000000073,6,401.7399999999999,move,improve
5998,6,412.82000000000073,6,401.7399999999999,swap,notBad
5999,6,412.82000000000073,6,401.7399999999999,swap,notBad
6000,6,412.82000000000073,6,401.7399999999999,2opt,notBad
6001,6,412.82000000000073,6,401.7399999999999,move,improve
6002,6,412.82000000000073,6,401.7399999999999,move,improve
6003,6,412.82000000000073,6,401.7399999999999,move,improve
6004,6,411.30000000000075,6,401.7399999999999,move,improve
6005,6,411.30000000000075,6,401.7399999999999,move,improve
6006,6,411.30000000000075,6,401.7399999999999,move,improve
6007,6,411.30000000000075,6,401.7399999999999,2opt,notBad
6008,6,411.30000000000075,6,401.7399999999999,move,improve
6009,6,411.30000000000075,6,401.7399999999999,move,improve
6010,6,411.30000000000075,6,401.7399999999999,2opt,notBad
6011,6,411.30000000000075,6,401.7399999999999,move,improve
6012,6,411.30000000000075,6,401.7399999999999,2opt,notBad
6013,6,411.30000000000075,6,401.7399999999999,2opt,notBad
6014,6,411.30000000000075,6,401.7399999999999,move,improve
6015,6,411.30000000000075,6,401.7399999999999,2opt,notBad
6016,6,411.30000000000075,6,401.7399999999999,2opt,notBad
6017,6,411.30000000000075,6,401.7399999999999,2opt,notBad
6018,6,411.30000000000075,6,401.7399999999999,move,improve
6019,6,411.30000000000075,6,401.7399999999999,move,improve
6020,6,411.30000000000075,6,401.7399999999999,move,improve
6021,6,411.30000000000075,6,401.7399999999999,swap,notBad
6022,6,411.30000000000075,6,401.7399999999999,move,improve
6023,6,411.30000000000075,6,401.7399999999999,2opt,notBad
6024,6,411.30000000000075,6,401.7399999999999,2opt,notBad
6025,6,411.30000000000075,6,401.7399999999999,swap,notBad
6026,6,411.30000000000075,6,401.7399999999999,move,improve
6027,6,411.30000000000075,6,401.7399999999999,move,improve
6028,6,411.30000000000075,6,401.7399999999999,move,improve
6029,6,411.30000000000075,6,401.7399999999999,swap,notBad
6030,6,411.30000000000075,6,401.7399999999999,swap,notBad
6031,6,411.30000000000075,6,401.7399999999999,swap,notBad
6032,6,411.30000000000075,6,401.7399999999999,2opt,notBad
6033,6,411.30000000000075,6,401.7399999999999,swap,notBad
6034,6,411.30000000000075,6,401.7399999999999,2opt,notBad
6035,6,411.30000000000075,6,401.7399999999999,swap,notBad
6036,6,411.30000000000075,6,401.7399999999999,move,improve
6037,6,411.30000000000075,6,401.7399999999999,swap,notBad
6038,6,411.30000000000075,6,401.7399999999999,move,improve
6039,6,411.30000000000075,6,401.7399999999999,move,improve
6040,6,411.30000000000075,6,401.7399999999999,2opt,notBad
6041,6,411.30000000000075,6,401.7399999999999,swap,notBad
6042,6,411.30000000000075,6,401.7399999999999,move,improve
6043,6,411.30000000000075,6,401.7399999999999,move,improve
6044,6,411.30000000000075,6,401.7399999999999,2opt,notBad
6045,6,411.30000000000075,6,401.7399999999999,swap,notBad
6046,6,411.30000000000075,6,401.7399999999999,move,improve
6047,6,411.30000000000075,6,401.7399999999999,move,improve
6048,6,411.30000000000075,6,401.7399999999999,2opt,notBad
6049,6,411.30000000000075,6,401.7399999999999,move,improve
6050,6,411.30000000000075,6,401.7399999999999,move,improve
6051,6,411.30000000000075,6,401.7399999999999,move,improve
6052,6,411.30000000000075,6,401.7399999999999,swap,notBad
6053,6,411.30000000000075,6,401.7399999999999,2opt,notBad
6054,6,411.30000000000075,6,401.7399999999999,2opt,notBad
6055,6,411.30000000000075,6,401.7399999999999,2opt,notBad
6056,6,411.30000000000075,6,401.7399999999999,2opt,notBad
6057,6,411.30000000000075,6,401.7399999999999,swap,notBad
6058,6,411.30000000000075,6,401.7399999999999,swap,notBad
6059,6,411.30000000000075,6,401.7399999999999,move,improve
6060,6,411.30000000000075,6,401.7399999999999,2opt,notBad
6061,6,411.30000000000075,6,401.7399999999999,2opt,notBad
6062,6,411.30000000000075,6,401.7399999999999,2opt,notBad
6063,6,411.30000000000075,6,401.7399999999999,swap,notBad
6064,6,411.30000000000075,6,401.7399999999999,swap,notBad
6065,6,411.30000000000075,6,401.7399999999999,swap,notBad
6066,6,411.30000000000075,6,401.7399999999999,2opt,notBad
6067,6,411.30000000000075,6,401.7399999999999,2opt,notBad
6068,6,411.08000000000044,6,401.7399999999999,move,improve
6069,6,411.08000000000044,6,401.7399999999999,swap,notBad
6070,6,411.08000000000044,6,401.7399999999999,2opt,improve
6071,6,411.08000000000044,6,401.7399999999999,move,improve
6072,6,411.08000000000044,6,401.7399999999999,swap,notBad
6073,6,411.08000000000044,6,401.7399999999999,swap,notBad
6074,6,411.08000000000044,6,401.7399999999999,move,improve
6075,6,411.08000000000044,6,401.7399999999999,swap,notBad
6076,6,411.08000000000044,6,401.7399999999999,swap,notBad
6077,6,411.08000000000044,6,401.7399999999999,swap,notBad
6078,6,411.08000000000044,6,401.7399999999999,2opt,notBad
6079,6,411.08000000000044,6,401.7399999999999,2opt,notBad
6080,6,411.08000000000044,6,401.7399999999999,move,improve
6081,6,411.08000000000044,6,401.7399999999999,move,improve
6082,6,411.08000000000044,6,401.7399999999999,move,notBad
6083,6,411.08000000000044,6,401.7399999999999,swap,notBad
6084,6,411.08000000000044,6,401.7399999999999,swap,notBad
6085,6,411.08000000000044,6,401.7399999999999,move,notBad
6086,6,411.08000000000044,6,401.7399999999999,swap,notBad
6087,6,411.08000000000044,6,401.7399999999999,swap,notBad
6088,6,411.08000000000044,6,401.7399999999999,move,improve
6089,6,411.08000000000044,6,401.7399999999999,move,improve
6090,6,411.08000000000044,6,401.7399999999999,move,improve
6091,6,411.08000000000044,6,401.7399999999999,swap,notBad
6092,6,411.08000000000044,6,401.7399999999999,move,improve
6093,6,411.08000000000044,6,401.7399999999999,2opt,notBad
6094,6,411.08000000000044,6,401.7399999999999,move,improve
6095,6,411.08000000000044,6,401.7399999999999,move,improve
6096,6,411.08000000000044,6,401.7399999999999,move,improve
6097,6,411.08000000000044,6,401.7399999999999,move,notBad
6098,6,411.08000000000044,6,401.7399999999999,move,improve
6099,6,411.08000000000044,6,401.7399999999999,swap,notBad
6100,6,409.9800000000005,6,401.7399999999999,move,improve
6101,6,409.9800000000005,6,401.7399999999999,2opt,notBad
6102,6,409.9800000000005,6,401.7399999999999,swap,notBad
6103,6,409.9800000000005,6,401.7399999999999,move,improve
6104,6,409.9800000000005,6,401.7399999999999,2opt,notBad
6105,6,409.9800000000005,6,401.7399999999999,move,improve
6106,6,409.9800000000005,6,401.7399999999999,move,improve
6107,6,409.9800000000005,6,401.7399999999999,move,improve
6108,6,409.9800000000005,6,401.7399999999999,2opt,improve
6109,6,409.9800000000005,6,401.7399999999999,2opt,notBad
6110,6,409.9800000000005,6,401.7399999999999,2opt,notBad
6111,6,410.8400000000004,6,401.7399999999999,swap,acceptBad
6112,6,410.8400000000004,6,401.7399999999999,swap,notBad
6113,6,410.8400000000004,6,401.7399999999999,swap,notBad
6114,6,410.8400000000004,6,401.7399999999999,swap,notBad
6115,6,410.8400000000004,6,401.7399999999999,move,improve
6116,6,410.8400000000004,6,401.7399999999999,move,improve
6117,6,410.8400000000004,6,401.7399999999999,move,improve
6118,6,409.9800000000005,6,401.7399999999999,move,improve
6119,6,409.9800000000005,6,401.7399999999999,2opt,notBad
6120,6,409.9800000000005,6,401.7399999999999,2opt,notBad
6121,6,409.9800000000005,6,401.7399999999999,swap,notBad
6122,6,409.9800000000005,6,401.7399999999999,2opt,notBad
6123,6,409.9800000000005,6,401.7399999999999,2opt,notBad
6124,6,409.9800000000005,6,401.7399999999999,2opt,notBad
6125,6,409.9800000000005,6,401.7399999999999,2opt,notBad
6126,6,409.9800000000005,6,401.7399999999999,swap,notBad
6127,6,409.9800000000005,6,401.7399999999999,swap,notBad
6128,6,409.9800000000005,6,401.7399999999999,swap,notBad
6129,6,409.9800000000005,6,401.7399999999999,swap,notBad
6130,6,409.9800000000005,6,401.7399999999999,move,improve
6131,6,409.9800000000005,6,401.7399999999999,move,improve
6132,6,409.9800000000005,6,401.7399999999999,2opt,notBad
6133,6,409.9800000000005,6,401.7399999999999,move,improve
6134,6,409.9800000000005,6,401.7399999999999,2opt,notBad
6135,6,409.9800000000005,6,401.7399999999999,move,improve
6136,6,409.9800000000005,6,401.7399999999999,swap,notBad
6137,6,409.9800000000005,6,401.7399999999999,move,improve
6138,6,409.9800000000005,6,401.7399999999999,2opt,notBad
6139,6,409.9800000000005,6,401.7399999999999,2opt,notBad
6140,6,409.9800000000005,6,401.7399999999999,move,improve
6141,6,409.9800000000005,6,401.7399999999999,swap,notBad
6142,6,409.9800000000005,6,401.7399999999999,move,improve
6143,6,409.9800000000005,6,401.7399999999999,2opt,notBad
6144,6,409.9800000000005,6,401.7399999999999,2opt,notBad
6145,6,409.9800000000005,6,401.7399999999999,move,improve
6146,6,409.9800000000005,6,401.7399999999999,2opt,improve
6147,6,409.9800000000005,6,401.7399999999999,2opt,notBad
6148,6,409.9800000000005,6,401.7399999999999,swap,notBad
6149,6,409.9800000000005,6,401.7399999999999,swap,notBad
6150,6,409.9800000000005,6,401.7399999999999,2opt,notBad
6151,6,409.9800000000005,6,401.7399999999999,move,improve
6152,6,409.9800000000005,6,401.7399999999999,move,improve
6153,6,409.9800000000005,6,401.7399999999999,move,improve
6154,6,409.9800000000005,6,401.7399999999999,swap,notBad
6155,6,409.9800000000005,6,401.7399999999999,2opt,notBad
6156,6,409.9800000000005,6,401.7399999999999,move,improve
6157,6,409.9800000000005,6,401.7399999999999,swap,notBad
6158,6,409.9800000000005,6,401.7399999999999,swap,notBad
6159,6,409.9800000000005,6,401.7399999999999,2opt,notBad
6160,6,409.9800000000005,6,401.7399999999999,swap,notBad
6161,6,409.9800000000005,6,401.7399999999999,swap,notBad
6162,6,409.9800000000005,6,401.7399999999999,2opt,notBad
6163,6,409.9800000000005,6,401.7399999999999,2opt,notBad
6164,6,409.9800000000005,6,401.7399999999999,2opt,notBad
6165,6,409.9800000000005,6,401.7399999999999,swap,notBad
6166,6,409.9800000000005,6,401.7399999999999,swap,notBad
6167,6,409.9800000000005,6,401.7399999999999,2opt,notBad
6168,6,409.9800000000005,6,401.7399999999999,move,improve
6169,6,409.9800000000005,6,401.7399999999999,move,improve
6170,6,409.9800000000005,6,401.7399999999999,move,improve
6171,6,409.9800000000005,6,401.7399999999999,2opt,improve
6172,6,409.9800000000005,6,401.7399999999999,swap,notBad
6173,6,409.9800000000005,6,401.7399999999999,move,improve
6174,6,409.9800000000005,6,401.7399999999999,swap,notBad
6175,6,409.9800000000005,6,401.7399999999999,move,improve
6176,6,409.9800000000005,6,401.7399999999999,move,improve
6177,6,409.9800000000005,6,401.7399999999999,swap,notBad
6178,6,409.9800000000005,6,401.7399999999999,move,improve
6179,6,409.9800000000005,6,401.7399999999999,2opt,notBad
6180,6,409.9800000000005,6,401.7399999999999,move,improve
6181,6,409.9800000000005,6,401.7399999999999,2opt,notBad
6182,6,409.9800000000005,6,401.7399999999999,2opt,notBad
6183,6,409.9800000000005,6,401.7399999999999,swap,notBad
6184,6,409.9800000000005,6,401.7399999999999,2opt,notBad
6185,6,409.9800000000005,6,401.7399999999999,move,improve
6186,6,409.9800000000005,6,401.7399999999999,swap,notBad
6187,6,409.9800000000005,6,401.7399999999999,move,improve
6188,6,409.9800000000005,6,401.7399999999999,swap,notBad
6189,6,409.9800000000005,6,401.7399999999999,move,improve
6190,6,409.9800000000005,6,401.7399999999999,move,improve
6191,6,409.9800000000005,6,401.7399999999999,swap,notBad
6192,6,409.9800000000005,6,401.7399999999999,swap,notBad
6193,6,409.9800000000005,6,401.7399999999999,2opt,notBad
6194,6,409.9800000000005,6,401.7399999999999,swap,notBad
6195,6,409.9800000000005,6,401.7399999999999,swap,notBad
6196,6,409.9800000000005,6,401.7399999999999,2opt,notBad
6197,6,409.9800000000005,6,401.7399999999999,swap,notBad
6198,6,409.9800000000005,6,401.7399999999999,2opt,notBad
6199,6,409.9800000000005,6,401.7399999999999,2opt,notBad
6200,6,409.9800000000005,6,401.7399999999999,swap,notBad
6201,6,409.9800000000005,6,401.7399999999999,move,improve
6202,6,409.9800000000005,6,401.7399999999999,move,improve
6203,6,409.9800000000005,6,401.7399999999999,2opt,notBad
6204,6,409.9800000000005,6,401.7399999999999,swap,notBad
6205,6,409.9800000000005,6,401.7399999999999,2opt,notBad
6206,6,409.9800000000005,6,401.7399999999999,2opt,notBad
6207,6,409.9800000000005,6,401.7399999999999,move,improve
6208,6,409.9800000000005,6,401.7399999999999,2opt,notBad
6209,6,409.9800000000005,6,401.7399999999999,swap,notBad
6210,6,409.9800000000005,6,401.7399999999999,swap,notBad
6211,6,409.9800000000005,6,401.7399999999999,swap,notBad
6212,6,410.8400000000004,6,401.7399999999999,swap,acceptBad
6213,6,410.8400000000004,6,401.7399999999999,move,improve
6214,6,410.8400000000004,6,401.7399999999999,2opt,notBad
6215,6,410.8400000000004,6,401.7399999999999,move,improve
6216,6,410.8400000000004,6,401.7399999999999,swap,notBad
6217,6,410.8400000000004,6,401.7399999999999,2opt,improve
6218,6,410.8400000000004,6,401.7399999999999,swap,notBad
6219,6,410.8400000000004,6,401.7399999999999,swap,notBad
6220,6,410.8400000000004,6,401.7399999999999,2opt,notBad
6221,6,410.8400000000004,6,401.7399999999999,2opt,notBad
6222,6,410.8400000000004,6,401.7399999999999,move,improve
6223,6,410.8400000000004,6,401.7399999999999,2opt,notBad
6224,6,410.8400000000004,6,401.7399999999999,move,improve
6225,6,410.8400000000004,6,401.7399999999999,swap,notBad
6226,6,410.8400000000004,6,401.7399999999999,2opt,notBad
6227,6,410.8400000000004,6,401.7399999999999,2opt,notBad
6228,6,410.8400000000004,6,401.7399999999999,move,improve
6229,6,410.8400000000004,6,401.7399999999999,swap,notBad
6230,6,410.8400000000004,6,401.7399999999999,move,improve
6231,6,410.8400000000004,6,401.7399999999999,swap,notBad
6232,6,410.8400000000004,6,401.7399999999999,swap,notBad
6233,6,410.8400000000004,6,401.7399999999999,2opt,notBad
6234,6,410.8400000000004,6,401.7399999999999,swap,notBad
6235,6,410.8400000000004,6,401.7399999999999,move,improve
6236,6,410.8400000000004,6,401.7399999999999,2opt,notBad
6237,6,410.8400000000004,6,401.7399999999999,2opt,notBad
6238,6,410.8400000000004,6,401.7399999999999,2opt,notBad
6239,6,410.8400000000004,6,401.7399999999999,2opt,notBad
6240,6,410.8400000000004,6,401.7399999999999,2opt,notBad
6241,6,409.98000000000013,6,401.7399999999999,move,improve
6242,6,409.98000000000013,6,401.7399999999999,swap,notBad
6243,6,409.98000000000013,6,401.7399999999999,swap,notBad
6244,6,409.98000000000013,6,401.7399999999999,move,improve
6245,6,409.98000000000013,6,401.7399999999999,2opt,notBad
6246,6,409.98000000000013,6,401.7399999999999,2opt,notBad
6247,6,409.98000000000013,6,401.7399999999999,2opt,notBad
6248,6,409.98000000000013,6,401.7399999999999,2opt,notBad
6249,6,409.98000000000013,6,401.7399999999999,2opt,notBad
6250,6,409.98000000000013,6,401.7399999999999,move,improve
6251,6,409.98000000000013,6,401.7399999999999,move,improve
6252,6,409.98000000000013,6,401.7399999999999,2opt,improve
6253,6,409.98000000000013,6,401.7399999999999,move,improve
6254,6,409.9800000000001,6,401.7399999999999,move,improve
6255,6,409.9800000000001,6,401.7399999999999,2opt,notBad
6256,6,409.9800000000001,6,401.7399999999999,2opt,notBad
6257,6,409.9800000000001,6,401.7399999999999,2opt,notBad
6258,6,409.9800000000001,6,401.7399999999999,move,improve
6259,6,409.9800000000001,6,401.7399999999999,swap,notBad
6260,6,409.9800000000001,6,401.7399999999999,swap,notBad
6261,6,409.9800000000001,6,401.7399999999999,swap,notBad
6262,6,409.9800000000001,6,401.7399999999999,2opt,notBad
6263,6,409.9800000000001,6,401.7399999999999,move,improve
6264,6,409.9800000000001,6,401.7399999999999,2opt,notBad
6265,6,409.9800000000001,6,401.7399999999999,move,improve
6266,6,409.9800000000001,6,401.7399999999999,move,improve
6267,6,409.9800000000001,6,401.7399999999999,swap,notBad
6268,6,410.74,6,401.7399999999999,2opt,acceptBad
6269,6,410.74,6,401.7399999999999,move,improve
6270,6,410.74,6,401.7399999999999,2opt,notBad
6271,6,410.74,6,401.7399999999999,2opt,notBad
6272,6,410.74,6,401.7399999999999,2opt,notBad
6273,6,410.74,6,401.7399999999999,swap,notBad
6274,6,410.74,6,401.7399999999999,move,improve
6275,6,410.74,6,401.7399999999999,swap,notBad
6276,6,410.74,6,401.7399999999999,swap,notBad
6277,6,410.74,6,401.7399999999999,swap,notBad
6278,6,410.74,6,401.7399999999999,2opt,notBad
6279,6,410.74,6,401.7399999999999,swap,notBad
6280,6,410.74,6,401.7399999999999,2opt,notBad
6281,6,410.74,6,401.7399999999999,2opt,notBad
6282,6,410.74,6,401.7399999999999,2opt,notBad
6283,6,410.74,6,401.7399999999999,swap,notBad
6284,6,410.74,6,401.7399999999999,move,improve
6285,6,410.74,6,401.7399999999999,2opt,notBad
6286,6,410.74,6,401.7399999999999,move,improve
6287,6,410.74,6,401.7399999999999,2opt,notBad
6288,6,410.74,6,401.7399999999999,2opt,improve
6289,6,410.74,6,401.7399999999999,swap,notBad
6290,6,410.74,6,401.7399999999999,move,improve
6291,6,410.74,6,401.7399999999999,2opt,notBad
6292,6,410.74,6,401.7399999999999,2opt,notBad
6293,6,410.74,6,401.7399999999999,swap,notBad
6294,6,410.74,6,401.7399999999999,swap,notBad
6295,6,410.74,6,401.7399999999999,move,improve
6296,6,410.74,6,401.7399999999999,swap,notBad
6297,6,410.74,6,401.7399999999999,move,improve
6298,6,410.74,6,401.7399999999999,2opt,notBad
6299,6,410.74,6,401.7399999999999,swap,notBad
6300,6,410.74,6,401.7399999999999,2opt,improve
6301,6,410.74,6,401.7399999999999,2opt,notBad
6302,6,410.74,6,401.7399999999999,2opt,notBad
6303,6,410.74,6,401.7399999999999,2opt,improve
6304,6,410.74,6,401.7399999999999,swap,notBad
6305,6,410.74,6,401.7399999999999,2opt,notBad
6306,6,410.74,6,401.7399999999999,swap,notBad
6307,6,410.74,6,401.7399999999999,move,improve
6308,6,410.74,6,401.7399999999999,swap,notBad
6309,6,410.74,6,401.7399999999999,move,improve
6310,6,410.74,6,401.7399999999999,2opt,notBad
6311,6,410.74,6,401.7399999999999,swap,notBad
6312,6,410.74,6,401.7399999999999,swap,notBad
6313,6,410.74,6,401.7399999999999,2opt,notBad
6314,6,410.74,6,401.7399999999999,2opt,notBad
6315,6,410.74,6,401.7399999999999,2opt,notBad
6316,6,410.74,6,401.7399999999999,swap,notBad
6317,6,410.74,6,401.7399999999999,swap,notBad
6318,6,410.74,6,401.7399999999999,move,improve
6319,6,410.74,6,401.7399999999999,move,improve
6320,6,410.74,6,401.7399999999999,swap,notBad
6321,6,410.74,6,401.7399999999999,move,improve
6322,6,410.74,6,401.7399999999999,2opt,notBad
6323,6,410.74,6,401.7399999999999,2opt,notBad
6324,6,410.74,6,401.7399999999999,move,improve
6325,6,410.74,6,401.7399999999999,2opt,notBad
6326,6,410.74,6,401.7399999999999,2opt,notBad
6327,6,410.74,6,401.7399999999999,move,improve
6328,6,410.74,6,401.7399999999999,move,improve
6329,6,410.74,6,401.7399999999999,swap,notBad
6330,6,410.74,6,401.7399999999999,move,improve
6331,6,410.74,6,401.7399999999999,2opt,notBad
6332,6,410.74,6,401.7399999999999,move,improve
6333,6,410.74,6,401.7399999999999,move,notBad
6334,6,410.74,6,401.7399999999999,2opt,improve
6335,6,410.74,6,401.7399999999999,2opt,notBad
6336,6,410.74,6,401.7399999999999,swap,notBad
6337,6,410.74,6,401.7399999999999,2opt,notBad
6338,6,410.74,6,401.7399999999999,swap,notBad
6339,6,410.74,6,401.7399999999999,swap,notBad
6340,6,409.88,6,401.7399999999999,move,improve
6341,6,409.88,6,401.7399999999999,move,improve
6342,6,409.88,6,401.7399999999999,swap,notBad
6343,6,409.88,6,401.7399999999999,swap,notBad
6344,6,409.88,6,401.7399999999999,move,improve
6345,6,409.88,6,401.7399999999999,2opt,notBad
6346,6,409.88,6,401.7399999999999,swap,notBad
6347,6,409.88,6,401.7399999999999,move,improve
6348,6,409.88,6,401.7399999999999,swap,notBad
6349,6,409.88,6,401.7399999999999,2opt,notBad
6350,6,409.88,6,401.7399999999999,move,improve
6351,6,409.88,6,401.7399999999999,swap,notBad
6352,6,409.88,6,401.7399999999999,swap,notBad
6353,6,409.88,6,401.7399999999999,swap,notBad
6354,6,409.88,6,401.7399999999999,2opt,notBad
6355,6,409.88,6,401.7399999999999,2opt,notBad
6356,6,409.88,6,401.7399999999999,move,improve
6357,6,409.88,6,401.7399999999999,swap,notBad
6358,6,409.88,6,401.7399999999999,swap,notBad
6359,6,412.05999999999995,6,401.7399999999999,swap,acceptBad
6360,6,412.05999999999995,6,401.7399999999999,move,improve
6361,6,409.88,6,401.7399999999999,move,improve
6362,6,409.4,6,401.7399999999999,2opt,improve
6363,6,409.4,6,401.7399999999999,swap,notBad
6364,6,408.09999999999997,6,401.7399999999999,move,improve
6365,6,408.09999999999997,6,401.7399999999999,move,improve
6366,6,408.09999999999997,6,401.7399999999999,move,improve
6367,6,408.09999999999997,6,401.7399999999999,2opt,notBad
6368,6,408.09999999999997,6,401.7399999999999,2opt,notBad
6369,6,408.09999999999997,6,401.7399999999999,move,improve
6370,6,408.09999999999997,6,401.7399999999999,move,improve
6371,6,408.09999999999997,6,401.7399999999999,2opt,notBad
6372,6,408.09999999999997,6,401.7399999999999,2opt,notBad
6373,6,408.09999999999997,6,401.7399999999999,2opt,notBad
6374,6,408.09999999999997,6,401.7399999999999,move,improve
6375,6,408.09999999999997,6,401.7399999999999,move,improve
6376,6,408.09999999999997,6,401.7399999999999,2opt,notBad
6377,6,408.09999999999997,6,401.7399999999999,swap,notBad
6378,6,408.09999999999997,6,401.7399999999999,swap,notBad
6379,6,408.09999999999997,6,401.7399999999999,swap,notBad
6380,6,408.09999999999997,6,401.7399999999999,swap,notBad
6381,6,408.09999999999997,6,401.7399999999999,swap,notBad
6382,6,408.09999999999997,6,401.7399999999999,2opt,notBad
6383,6,408.09999999999997,6,401.7399999999999,swap,notBad
6384,6,408.09999999999997,6,401.7399999999999,2opt,notBad
6385,6,408.09999999999997,6,401.7399999999999,move,improve
6386,6,408.09999999999997,6,401.7399999999999,swap,notBad
6387,6,408.09999999999997,6,401.7399999999999,swap,notBad
6388,6,408.09999999999997,6,401.7399999999999,2opt,notBad
6389,6,408.09999999999997,6,401.7399999999999,move,improve
6390,6,408.09999999999997,6,401.7399999999999,move,improve
6391,6,408.09999999999997,6,401.7399999999999,move,improve
6392,6,408.09999999999997,6,401.7399999999999,move,improve
6393,6,408.09999999999997,6,401.7399999999999,swap,notBad
6394,6,408.09999999999997,6,401.7399999999999,2opt,notBad
6395,6,408.09999999999997,6,401.7399999999999,move,improve
6396,6,408.09999999999997,6,401.7399999999999,move,improve
6397,6,407.34000000000003,6,401.7399999999999,move,improve
6398,6,407.34000000000003,6,401.7399999999999,swap,notBad
6399,6,407.34000000000003,6,401.7399999999999,2opt,notBad
6400,6,407.34000000000003,6,401.7399999999999,swap,notBad
6401,6,407.34000000000003,6,401.7399999999999,move,improve
6402,6,407.34000000000003,6,401.7399999999999,move,improve
6403,6,407.34000000000003,6,401.7399999999999,move,improve
6404,6,407.34000000000003,6,401.7399999999999,swap,notBad
6405,6,407.34000000000003,6,401.7399999999999,swap,notBad
6406,6,407.34000000000003,6,401.7399999999999,move,improve
6407,6,407.34000000000003,6,401.7399999999999,swap,notBad
6408,6,407.34000000000003,6,401.7399999999999,swap,notBad
6409,6,407.34000000000003,6,401.7399999999999,swap,notBad
6410,6,407.34000000000003,6,401.7399999999999,swap,notBad
6411,6,407.34000000000003,6,401.7399999999999,move,improve
6412,6,407.34000000000003,6,401.7399999999999,swap,notBad
6413,6,407.34000000000003,6,401.7399999999999,2opt,notBad
6414,6,407.34000000000003,6,401.7399999999999,move,improve
6415,6,407.34000000000003,6,401.7399999999999,swap,notBad
6416,6,407.34000000000003,6,401.7399999999999,swap,notBad
6417,6,407.34000000000003,6,401.7399999999999,2opt,notBad
6418,6,407.34000000000003,6,401.7399999999999,swap,notBad
6419,6,407.34000000000003,6,401.7399999999999,2opt,notBad
6420,6,407.34000000000003,6,401.7399999999999,swap,notBad
6421,6,407.34000000000003,6,401.7399999999999,swap,notBad
6422,6,407.34000000000003,6,401.7399999999999,swap,notBad
6423,6,407.34000000000003,6,401.7399999999999,swap,notBad
6424,6,407.34000000000003,6,401.7399999999999,move,improve
6425,6,407.34000000000003,6,401.7399999999999,move,improve
6426,6,407.34000000000003,6,401.7399999999999,2opt,notBad
6427,6,407.34000000000003,6,401.7399999999999,swap,notBad
6428,6,407.34000000000003,6,401.7399999999999,move,improve
6429,6,407.34000000000003,6,401.7399999999999,swap,notBad
6430,6,407.34000000000003,6,401.7399999999999,2opt,notBad
6431,6,407.34000000000003,6,401.7399999999999,2opt,notBad
6432,6,407.34000000000003,6,401.7399999999999,move,improve
6433,6,407.34000000000003,6,401.7399999999999,swap,notBad
6434,6,407.34000000000003,6,401.7399999999999,move,improve
6435,6,407.34000000000003,6,401.7399999999999,2opt,notBad
6436,6,410.84,6,401.7399999999999,swap,acceptBad
6437,6,410.84,6,401.7399999999999,swap,notBad
6438,6,410.84,6,401.7399999999999,swap,notBad
6439,6,410.84,6,401.7399999999999,swap,notBad
6440,6,410.84,6,401.7399999999999,2opt,notBad
6441,6,410.84,6,401.7399999999999,swap,notBad
6442,6,410.84,6,401.7399999999999,move,improve
6443,6,410.84,6,401.7399999999999,swap,notBad
6444,6,410.84,6,401.7399999999999,2opt,notBad
6445,6,410.84,6,401.7399999999999,2opt,improve
6446,6,410.84,6,401.7399999999999,2opt,notBad
6447,6,410.84,6,401.7399999999999,2opt,notBad
6448,6,410.84,6,401.7399999999999,swap,notBad
6449,6,410.84,6,401.7399999999999,2opt,notBad
6450,6,410.84,6,401.7399999999999,swap,notBad
6451,6,410.84,6,401.7399999999999,2opt,notBad
6452,6,410.84,6,401.7399999999999,move,improve
6453,6,410.84,6,401.7399999999999,2opt,notBad
6454,6,410.84,6,401.7399999999999,2opt,notBad
6455,6,410.84,6,401.7399999999999,swap,notBad
6456,6,410.84,6,401.7399999999999,2opt,notBad
6457,6,410.84,6,401.7399999999999,2opt,notBad
6458,6,410.84,6,401.7399999999999,2opt,notBad
6459,6,410.84,6,401.7399999999999,move,improve
6460,6,410.84,6,401.7399999999999,swap,notBad
6461,6,410.84,6,401.7399999999999,move,improve
6462,6,410.84,6,401.7399999999999,2opt,notBad
6463,6,410.84,6,401.7399999999999,swap,notBad
6464,6,410.84,6,401.7399999999999,swap,notBad
6465,6,410.84,6,401.7399999999999,move,improve
6466,6,410.84,6,401.7399999999999,move,improve
6467,6,410.84,6,401.7399999999999,swap,notBad
6468,6,410.84,6,401.7399999999999,2opt,notBad
6469,6,410.84,6,401.7399999999999,swap,notBad
6470,6,410.84,6,401.7399999999999,swap,notBad
6471,6,410.84,6,401.7399999999999,2opt,notBad
6472,6,410.84,6,401.7399999999999,swap,notBad
6473,6,410.84,6,401.7399999999999,move,improve
6474,6,410.84,6,401.7399999999999,2opt,notBad
6475,6,410.84,6,401.7399999999999,2opt,improve
6476,6,410.84,6,401.7399999999999,swap,notBad
6477,6,410.84,6,401.7399999999999,2opt,notBad
6478,6,411.7000000000003,6,401.7399999999999,move,acceptBad
6479,6,411.7000000000003,6,401.7399999999999,swap,notBad
6480,6,411.7000000000003,6,401.7399999999999,2opt,notBad
6481,6,411.7000000000003,6,401.7399999999999,swap,notBad
6482,6,411.7000000000003,6,401.7399999999999,move,improve
6483,6,411.7000000000003,6,401.7399999999999,2opt,notBad
6484,6,411.7000000000003,6,401.7399999999999,swap,notBad
6485,6,411.7000000000003,6,401.7399999999999,move,improve
6486,6,411.7000000000003,6,401.7399999999999,swap,notBad
6487,6,411.7000000000003,6,401.7399999999999,2opt,notBad
6488,6,411.7000000000003,6,401.7399999999999,move,improve
6489,6,411.7000000000003,6,401.7399999999999,swap,notBad
6490,6,411.7000000000003,6,401.7399999999999,move,improve
6491,6,411.7000000000003,6,401.7399999999999,2opt,notBad
6492,6,411.62000000000035,6,401.7399999999999,move,improve
6493,6,411.62000000000035,6,401.7399999999999,move,improve
6494,6,411.62000000000035,6,401.7399999999999,2opt,notBad
6495,6,411.62000000000035,6,401.7399999999999,swap,notBad
6496,6,411.62000000000035,6,401.7399999999999,move,improve
6497,6,411.62000000000035,6,401.7399999999999,swap,notBad
6498,6,411.62000000000035,6,401.7399999999999,move,improve
6499,6,411.62000000000035,6,401.7399999999999,move,improve
6500,6,411.62000000000035,6,401.7399999999999,swap,notBad
6501,6,411.62000000000035,6,401.7399999999999,move,improve
6502,6,411.62000000000035,6,401.7399999999999,move,improve
6503,6,411.62000000000035,6,401.7399999999999,swap,notBad
6504,6,411.9400000000003,6,401.7399999999999,swap,acceptBad
6505,6,411.9400000000003,6,401.7399999999999,2opt,notBad
6506,6,411.9400000000003,6,401.7399999999999,move,improve
6507,6,411.9400000000003,6,401.7399999999999,move,improve
6508,6,411.9400000000003,6,401.7399999999999,move,improve
6509,6,411.9400000000003,6,401.7399999999999,2opt,notBad
6510,6,411.9400000000003,6,401.7399999999999,swap,notBad
6511,6,411.9400000000003,6,401.7399999999999,move,improve
6512,6,411.9400000000003,6,401.7399999999999,move,improve
6513,6,411.9400000000003,6,401.7399999999999,move,improve
6514,6,411.9400000000003,6,401.7399999999999,move,improve
6515,6,411.9400000000003,6,401.7399999999999,swap,notBad
6516,6,411.9400000000003,6,401.7399999999999,2opt,notBad
6517,6,411.9400000000003,6,401.7399999999999,2opt,notBad
6518,6,411.9400000000003,6,401.7399999999999,2opt,notBad
6519,6,411.9400000000003,6,401.7399999999999,move,improve
6520,6,411.9400000000003,6,401.7399999999999,swap,notBad
6521,6,411.9400000000003,6,401.7399999999999,move,improve
6522,6,411.9400000000003,6,401.7399999999999,2opt,improve
6523,6,411.9400000000003,6,401.7399999999999,swap,notBad
6524,6,411.9400000000003,6,401.7399999999999,move,improve
6525,6,411.9400000000003,6,401.7399999999999,move,improve
6526,6,411.9400000000003,6,401.7399999999999,swap,notBad
6527,6,411.9400000000003,6,401.7399999999999,2opt,notBad
6528,6,411.9400000000003,6,401.7399999999999,move,improve
6529,6,411.9400000000003,6,401.7399999999999,move,improve
6530,6,411.9400000000003,6,401.7399999999999,move,improve
6531,6,411.9400000000003,6,401.7399999999999,2opt,notBad
6532,6,411.9400000000003,6,401.7399999999999,swap,notBad
6533,6,411.9400000000003,6,401.7399999999999,move,improve
6534,6,411.9400000000003,6,401.7399999999999,2opt,notBad
6535,6,411.9400000000003,6,401.7399999999999,move,improve
6536,6,411.9400000000003,6,401.7399999999999,swap,notBad
6537,6,411.9400000000003,6,401.7399999999999,move,improve
6538,6,411.9400000000003,6,401.7399999999999,swap,notBad
6539,6,411.9400000000003,6,401.7399999999999,2opt,notBad
6540,6,411.9400000000003,6,401.7399999999999,move,improve
6541,6,411.9400000000003,6,401.7399999999999,swap,notBad
6542,6,411.9400000000003,6,401.7399999999999,move,improve
6543,6,411.9400000000003,6,401.7399999999999,2opt,notBad
6544,6,411.9400000000003,6,401.7399999999999,2opt,notBad
6545,6,411.9400000000003,6,401.7399999999999,swap,notBad
6546,6,411.9400000000003,6,401.7399999999999,move,improve
6547,6,411.9400000000003,6,401.7399999999999,swap,notBad
6548,6,411.9400000000003,6,401.7399999999999,2opt,improve
6549,6,411.9400000000003,6,401.7399999999999,swap,notBad
6550,6,411.9400000000003,6,401.7399999999999,swap,notBad
6551,6,411.9400000000003,6,401.7399999999999,move,improve
6552,6,411.9400000000003,6,401.7399999999999,swap,notBad
6553,6,411.9400000000003,6,401.7399999999999,swap,notBad
6554,6,411.9400000000003,6,401.7399999999999,2opt,notBad
6555,6,411.9400000000003,6,401.7399999999999,2opt,notBad
6556,6,411.9400000000003,6,401.7399999999999,2opt,improve
6557,6,411.9400000000003,6,401.7399999999999,swap,notBad
6558,6,411.9400000000003,6,401.7399999999999,move,improve
6559,6,411.9400000000003,6,401.7399999999999,2opt,notBad
6560,6,411.9400000000003,6,401.7399999999999,move,improve
6561,6,411.9400000000003,6,401.7399999999999,swap,notBad
6562,6,411.9400000000003,6,401.7399999999999,swap,notBad
6563,6,411.9400000000003,6,401.7399999999999,swap,notBad
6564,6,411.9400000000003,6,401.7399999999999,2opt,notBad
6565,6,411.9400000000003,6,401.7399999999999,2opt,notBad
6566,6,411.9400000000003,6,401.7399999999999,swap,notBad
6567,6,411.9400000000003,6,401.7399999999999,swap,notBad
6568,6,411.9400000000003,6,401.7399999999999,2opt,notBad
6569,6,411.9400000000003,6,401.7399999999999,2opt,notBad
6570,6,411.9400000000003,6,401.7399999999999,move,improve
6571,6,411.9400000000003,6,401.7399999999999,2opt,notBad
6572,6,411.9400000000003,6,401.7399999999999,swap,notBad
6573,6,411.9400000000003,6,401.7399999999999,2opt,notBad
6574,6,411.08,6,401.7399999999999,move,improve
6575,6,411.08,6,401.7399999999999,move,improve
6576,6,411.08,6,401.7399999999999,swap,notBad
6577,6,411.08,6,401.7399999999999,swap,notBad
6578,6,411.08,6,401.7399999999999,2opt,notBad
6579,6,411.08,6,401.7399999999999,swap,notBad
6580,6,411.08,6,401.7399999999999,2opt,notBad
6581,6,411.08,6,401.7399999999999,2opt,notBad
6582,6,411.08,6,401.7399999999999,2opt,notBad
6583,6,411.08,6,401.7399999999999,2opt,notBad
6584,6,411.08,6,401.7399999999999,swap,notBad
6585,6,411.08,6,401.7399999999999,2opt,notBad
6586,6,411.08,6,401.7399999999999,move,improve
6587,6,411.08,6,401.7399999999999,move,improve
6588,6,411.08,6,401.7399999999999,move,improve
6589,6,411.08,6,401.7399999999999,swap,notBad
6590,6,411.08,6,401.7399999999999,2opt,notBad
6591,6,411.08,6,401.7399999999999,2opt,notBad
6592,6,411.08,6,401.7399999999999,swap,notBad
6593,6,411.08,6,401.7399999999999,move,improve
6594,6,411.08,6,401.7399999999999,swap,notBad
6595,6,411.08,6,401.7399999999999,move,improve
6596,6,411.08,6,401.7399999999999,2opt,notBad
6597,6,411.08,6,401.7399999999999,swap,notBad
6598,6,411.08,6,401.7399999999999,2opt,notBad
6599,6,411.08,6,401.7399999999999,swap,notBad
6600,6,411.08,6,401.7399999999999,move,improve
6601,6,412.38,6,401.7399999999999,swap,acceptBad
6602,6,412.38,6,401.7399999999999,swap,notBad
6603,6,412.38,6,401.7399999999999,move,improve
6604,6,412.38,6,401.7399999999999,move,improve
6605,6,412.38,6,401.7399999999999,move,improve
6606,6,412.38,6,401.7399999999999,move,improve
6607,6,412.38,6,401.7399999999999,swap,notBad
6608,6,412.38,6,401.7399999999999,2opt,notBad
6609,6,412.38,6,401.7399999999999,move,improve
6610,6,412.38,6,401.7399999999999,move,improve
6611,6,412.38,6,401.7399999999999,move,improve
6612,6,412.38,6,401.7399999999999,swap,notBad
6613,6,412.38,6,401.7399999999999,move,improve
6614,6,412.38,6,401.7399999999999,move,improve
6615,6,412.38,6,401.7399999999999,2opt,notBad
6616,6,412.38,6,401.7399999999999,2opt,notBad
6617,6,412.38,6,401.7399999999999,swap,notBad
6618,6,412.38,6,401.7399999999999,move,improve
6619,6,412.38,6,401.7399999999999,2opt,notBad
6620,6,412.38,6,401.7399999999999,2opt,notBad
6621,6,412.38,6,401.7399999999999,move,improve
6622,6,412.38,6,401.7399999999999,swap,notBad
6623,6,412.38,6,401.7399999999999,move,improve
6624,6,412.38,6,401.7399999999999,move,improve
6625,6,412.38,6,401.7399999999999,swap,notBad
6626,6,412.38,6,401.7399999999999,2opt,notBad
6627,6,413.24000000000024,6,401.7399999999999,move,acceptBad
6628,6,413.24000000000024,6,401.7399999999999,move,improve
6629,6,413.24000000000024,6,401.7399999999999,swap,notBad
6630,6,413.24000000000024,6,401.7399999999999,swap,notBad
6631,6,413.24000000000024,6,401.7399999999999,swap,notBad
6632,6,413.24000000000024,6,401.7399999999999,swap,notBad
6633,6,413.24000000000024,6,401.7399999999999,2opt,notBad
6634,6,413.24000000000024,6,401.7399999999999,swap,notBad
6635,6,413.24000000000024,6,401.7399999999999,2opt,notBad
6636,6,413.24000000000024,6,401.7399999999999,move,improve
6637,6,413.24000000000024,6,401.7399999999999,2opt,notBad
6638,6,413.24000000000024,6,401.7399999999999,2opt,notBad
6639,6,413.24000000000024,6,401.7399999999999,swap,notBad
6640,6,413.24000000000024,6,401.7399999999999,swap,notBad
6641,6,413.24000000000024,6,401.7399999999999,2opt,notBad
6642,6,413.24000000000024,6,401.7399999999999,swap,notBad
6643,6,413.24000000000024,6,401.7399999999999,swap,notBad
6644,6,413.24000000000024,6,401.7399999999999,2opt,notBad
6645,6,411.9400000000003,6,401.7399999999999,move,improve
6646,6,411.9400000000003,6,401.7399999999999,swap,notBad
6647,6,411.9400000000003,6,401.7399999999999,swap,notBad
6648,6,411.9400000000003,6,401.7399999999999,move,improve
6649,6,411.9400000000003,6,401.7399999999999,2opt,notBad
6650,6,411.9400000000003,6,401.7399999999999,2opt,notBad
6651,6,411.9400000000003,6,401.7399999999999,move,improve
6652,6,411.9400000000003,6,401.7399999999999,2opt,notBad
6653,6,411.9400000000003,6,401.7399999999999,swap,notBad
6654,6,411.9400000000003,6,401.7399999999999,2opt,notBad
6655,6,411.9400000000003,6,401.7399999999999,swap,notBad
6656,6,411.9400000000003,6,401.7399999999999,swap,notBad
6657,6,411.9400000000003,6,401.7399999999999,swap,notBad
6658,6,411.9400000000003,6,401.7399999999999,move,improve
6659,6,411.9400000000003,6,401.7399999999999,swap,notBad
6660,6,411.9400000000003,6,401.7399999999999,swap,notBad
6661,6,411.9400000000003,6,401.7399999999999,move,improve
6662,6,411.9400000000003,6,401.7399999999999,move,improve
6663,6,411.9400000000003,6,401.7399999999999,swap,notBad
6664,6,411.9400000000003,6,401.7399999999999,move,improve
6665,6,411.9400000000003,6,401.7399999999999,2opt,notBad
6666,6,411.9400000000003,6,401.7399999999999,2opt,notBad
6667,6,411.08,6,401.7399999999999,move,improve
6668,6,411.08,6,401.7399999999999,swap,notBad
6669,6,411.08,6,401.7399999999999,2opt,notBad
6670,6,411.08,6,401.7399999999999,swap,notBad
6671,6,412.38,6,401.7399999999999,swap,acceptBad
6672,6,412.38,6,401.7399999999999,swap,notBad
6673,6,412.38,6,401.7399999999999,2opt,notBad
6674,6,412.38,6,401.7399999999999,2opt,notBad
6675,6,412.38,6,401.7399999999999,swap,notBad
6676,6,412.38,6,401.7399999999999,move,improve
6677,6,412.38,6,401.7399999999999,swap,notBad
6678,6,412.38,6,401.7399999999999,2opt,notBad
6679,6,412.38,6,401.7399999999999,move,improve
6680,6,412.38,6,401.7399999999999,swap,notBad
6681,6,412.38,6,401.7399999999999,move,improve
6682,6,412.38,6,401.7399999999999,move,improve
6683,6,412.38,6,401.7399999999999,move,improve
6684,6,412.38,6,401.7399999999999,swap,notBad
6685,6,412.38,6,401.7399999999999,swap,notBad
6686,6,412.38,6,401.7399999999999,swap,notBad
6687,6,412.38,6,401.7399999999999,move,improve
6688,6,412.38,6,401.7399999999999,swap,notBad
6689,6,412.38,6,401.7399999999999,swap,notBad
6690,6,412.38,6,401.7399999999999,swap,notBad
6691,6,412.38,6,401.7399999999999,swap,notBad
6692,6,412.38,6,401.7399999999999,swap,notBad
6693,6,412.38,6,401.7399999999999,swap,notBad
6694,6,412.38,6,401.7399999999999,2opt,notBad
6695,6,412.38,6,401.7399999999999,swap,notBad
6696,6,412.38,6,401.7399999999999,2opt,notBad
6697,6,412.38,6,401.7399999999999,2opt,improve
6698,6,412.38,6,401.7399999999999,swap,notBad
6699,6,412.38,6,401.7399999999999,move,improve
6700,6,412.38,6,401.7399999999999,move,improve
6701,6,412.38,6,401.7399999999999,swap,notBad
6702,6,412.38,6,401.7399999999999,swap,notBad
6703,6,412.38,6,401.7399999999999,2opt,notBad
6704,6,412.38,6,401.7399999999999,2opt,notBad
6705,6,412.38,6,401.7399999999999,swap,notBad
6706,6,412.38,6,401.7399999999999,2opt,notBad
6707,6,412.38,6,401.7399999999999,swap,notBad
6708,6,412.38,6,401.7399999999999,2opt,notBad
6709,6,411.96000000000004,6,401.7399999999999,move,improve
6710,6,411.96000000000004,6,401.7399999999999,2opt,improve
6711,6,411.96000000000004,6,401.7399999999999,2opt,notBad
6712,6,411.96000000000004,6,401.7399999999999,move,improve
6713,6,411.96000000000004,6,401.7399999999999,2opt,improve
6714,6,411.96000000000004,6,401.7399999999999,2opt,improve
6715,6,411.96000000000004,6,401.7399999999999,2opt,notBad
6716,6,411.96000000000004,6,401.7399999999999,2opt,improve
6717,6,411.96000000000004,6,401.7399999999999,swap,notBad
6718,6,411.96000000000004,6,401.7399999999999,2opt,notBad
6719,6,411.96000000000004,6,401.7399999999999,move,improve
6720,6,411.96000000000004,6,401.7399999999999,2opt,improve
6721,6,411.96000000000004,6,401.7399999999999,2opt,improve
6722,6,411.96000000000004,6,401.7399999999999,swap,notBad
6723,6,411.96000000000004,6,401.7399999999999,2opt,notBad
6724,6,411.96000000000004,6,401.7399999999999,swap,notBad
6725,6,411.96000000000004,6,401.7399999999999,move,improve
6726,6,411.96000000000004,6,401.7399999999999,swap,notBad
6727,6,410.66,6,401.7399999999999,move,improve
6728,6,410.66,6,401.7399999999999,swap,notBad
6729,6,410.66,6,401.7399999999999,move,improve
6730,6,410.66,6,401.7399999999999,move,improve
6731,6,410.66,6,401.7399999999999,move,improve
6732,6,410.66,6,401.7399999999999,2opt,notBad
6733,6,411.5200000000003,6,401.7399999999999,move,acceptBad
6734,6,411.5200000000003,6,401.7399999999999,2opt,notBad
6735,6,411.5200000000003,6,401.7399999999999,2opt,notBad
6736,6,411.5200000000003,6,401.7399999999999,move,improve
6737,6,411.5200000000003,6,401.7399999999999,swap,notBad
6738,6,411.5200000000003,6,401.7399999999999,2opt,notBad
6739,6,411.5200000000003,6,401.7399999999999,2opt,improve
6740,6,411.5200000000003,6,401.7399999999999,swap,notBad
6741,6,411.5200000000003,6,401.7399999999999,2opt,notBad
6742,6,412.8200000000003,6,401.7399999999999,swap,acceptBad
6743,6,413.7800000000002,6,401.7399999999999,swap,acceptBad
6744,6,413.7800000000002,6,401.7399999999999,2opt,notBad
6745,6,413.7800000000002,6,401.7399999999999,swap,notBad
6746,6,413.7800000000002,6,401.7399999999999,move,improve
6747,6,413.7800000000002,6,401.7399999999999,swap,notBad
6748,6,413.7800000000002,6,401.7399999999999,2opt,notBad
6749,6,413.7800000000002,6,401.7399999999999,swap,notBad
6750,6,413.7800000000002,6,401.7399999999999,move,improve
6751,6,412.6400000000003,6,401.7399999999999,move,improve
6752,6,412.6400000000003,6,401.7399999999999,2opt,notBad
6753,6,412.6400000000003,6,401.7399999999999,move,improve
6754,6,412.6400000000003,6,401.7399999999999,move,improve
6755,6,412.6400000000003,6,401.7399999999999,swap,notBad
6756,6,412.6400000000003,6,401.7399999999999,swap,notBad
6757,6,412.6400000000003,6,401.7399999999999,move,improve
6758,6,412.6400000000003,6,401.7399999999999,move,improve
6759,6,412.6400000000003,6,401.7399999999999,move,improve
6760,6,412.6400000000003,6,401.7399999999999,move,improve
6761,6,412.6400000000003,6,401.7399999999999,2opt,notBad
6762,6,412.6400000000003,6,401.7399999999999,2opt,notBad
6763,6,412.6400000000003,6,401.7399999999999,swap,notBad
6764,6,412.6400000000003,6,401.7399999999999,move,improve
6765,6,412.6400000000003,6,401.7399999999999,2opt,improve
6766,6,412.6400000000003,6,401.7399999999999,move,improve
6767,6,412.6400000000003,6,401.7399999999999,2opt,notBad
6768,6,412.6400000000003,6,401.7399999999999,2opt,notBad
6769,6,412.6400000000003,6,401.7399999999999,swap,notBad
6770,6,412.6400000000003,6,401.7399999999999,swap,notBad
6771,6,414.8200000000004,6,401.7399999999999,swap,acceptBad
6772,6,414.8200000000004,6,401.7399999999999,move,improve
6773,6,414.8200000000004,6,401.7399999999999,2opt,notBad
6774,6,414.8200000000004,6,401.7399999999999,move,improve
6775,6,414.8200000000004,6,401.7399999999999,2opt,notBad
6776,6,414.8200000000004,6,401.7399999999999,2opt,notBad
6777,6,414.8200000000004,6,401.7399999999999,move,improve
6778,6,414.8200000000004,6,401.7399999999999,swap,notBad
6779,6,414.8200000000004,6,401.7399999999999,move,improve
6780,6,414.8200000000004,6,401.7399999999999,2opt,notBad
6781,6,414.8200000000004,6,401.7399999999999,2opt,notBad
6782,6,414.8200000000004,6,401.7399999999999,swap,notBad
6783,6,414.8200000000004,6,401.7399999999999,2opt,notBad
6784,6,414.8200000000004,6,401.7399999999999,swap,notBad
6785,6,414.8200000000004,6,401.7399999999999,swap,notBad
6786,6,414.8200000000004,6,401.7399999999999,swap,notBad
6787,6,414.8200000000004,6,401.7399999999999,2opt,notBad
6788,6,414.8200000000004,6,401.7399999999999,move,improve
6789,6,415.3200000000004,6,401.7399999999999,swap,acceptBad
6790,6,415.3200000000004,6,401.7399999999999,swap,notBad
6791,6,415.3200000000004,6,401.7399999999999,2opt,notBad
6792,6,415.3200000000004,6,401.7399999999999,swap,notBad
6793,6,415.3200000000004,6,401.7399999999999,swap,notBad
6794,6,415.3200000000004,6,401.7399999999999,2opt,notBad
6795,6,415.3200000000004,6,401.7399999999999,2opt,notBad
6796,6,415.3200000000004,6,401.7399999999999,move,improve
6797,6,415.3200000000004,6,401.7399999999999,2opt,notBad
6798,6,415.3200000000004,6,401.7399999999999,2opt,notBad
6799,6,415.3200000000004,6,401.7399999999999,2opt,notBad
6800,6,415.3200000000004,6,401.7399999999999,2opt,notBad
6801,6,415.3200000000004,6,401.7399999999999,2opt,notBad
6802,6,415.3200000000004,6,401.7399999999999,swap,notBad
6803,6,415.3200000000004,6,401.7399999999999,swap,notBad
6804,6,415.3200000000004,6,401.7399999999999,move,improve
6805,6,415.3200000000004,6,401.7399999999999,swap,notBad
6806,6,415.3200000000004,6,401.7399999999999,move,improve
6807,6,415.3200000000004,6,401.7399999999999,swap,notBad
6808,6,415.3200000000004,6,401.7399999999999,move,improve
6809,6,415.3200000000004,6,401.7399999999999,swap,notBad
6810,6,415.3200000000004,6,401.7399999999999,2opt,improve
6811,6,415.3200000000004,6,401.7399999999999,move,improve
6812,6,415.3200000000004,6,401.7399999999999,move,improve
6813,6,415.3200000000004,6,401.7399999999999,2opt,notBad
6814,6,411.84000000000015,6,401.7399999999999,swap,improve
6815,6,411.84000000000015,6,401.7399999999999,move,improve
6816,6,411.84000000000015,6,401.7399999999999,2opt,improve
6817,6,411.84000000000015,6,401.7399999999999,2opt,notBad
6818,6,411.84000000000015,6,401.7399999999999,swap,notBad
6819,6,411.84000000000015,6,401.7399999999999,2opt,notBad
6820,6,411.84000000000015,6,401.7399999999999,swap,notBad
6821,6,411.84000000000015,6,401.7399999999999,move,improve
6822,6,411.84000000000015,6,401.7399999999999,2opt,notBad
6823,6,411.84000000000015,6,401.7399999999999,swap,notBad
6824,6,411.84000000000015,6,401.7399999999999,move,improve
6825,6,409.1600000000002,6,401.7399999999999,move,improve
6826,6,409.1600000000002,6,401.7399999999999,2opt,notBad
6827,6,409.1600000000002,6,401.7399999999999,move,improve
6828,6,409.1600000000002,6,401.7399999999999,2opt,notBad
6829,6,409.1600000000002,6,401.7399999999999,2opt,notBad
6830,6,409.1600000000002,6,401.7399999999999,move,improve
6831,6,409.1600000000002,6,401.7399999999999,swap,notBad
6832,6,409.1600000000002,6,401.7399999999999,2opt,notBad
6833,6,409.1600000000002,6,401.7399999999999,swap,notBad
6834,6,409.1600000000002,6,401.7399999999999,2opt,improve
6835,6,409.1600000000002,6,401.7399999999999,swap,notBad
6836,6,409.1600000000002,6,401.7399999999999,swap,notBad
6837,6,409.1600000000002,6,401.7399999999999,2opt,notBad
6838,6,408.93999999999966,6,401.7399999999999,move,improve
6839,6,408.93999999999966,6,401.7399999999999,2opt,improve
6840,6,408.93999999999966,6,401.7399999999999,move,improve
6841,6,408.93999999999966,6,401.7399999999999,swap,notBad
6842,6,408.93999999999966,6,401.7399999999999,2opt,notBad
6843,6,408.93999999999966,6,401.7399999999999,move,improve
6844,6,408.93999999999966,6,401.7399999999999,move,improve
6845,6,408.93999999999966,6,401.7399999999999,swap,notBad
6846,6,408.93999999999966,6,401.7399999999999,move,improve
6847,6,408.93999999999966,6,401.7399999999999,move,improve
6848,6,408.93999999999966,6,401.7399999999999,2opt,notBad
6849,6,408.5999999999996,6,401.7399999999999,move,improve
6850,6,408.5999999999996,6,401.7399999999999,2opt,notBad
6851,6,408.5999999999996,6,401.7399999999999,move,improve
6852,6,408.5999999999996,6,401.7399999999999,move,improve
6853,6,408.5999999999996,6,401.7399999999999,2opt,improve
6854,6,408.5999999999996,6,401.7399999999999,2opt,notBad
6855,6,408.5999999999996,6,401.7399999999999,2opt,notBad
6856,6,408.5999999999996,6,401.7399999999999,move,improve
6857,6,408.5999999999996,6,401.7399999999999,swap,notBad
6858,6,408.5999999999996,6,401.7399999999999,swap,notBad
6859,6,408.5999999999996,6,401.7399999999999,move,improve
6860,6,408.5999999999996,6,401.7399999999999,move,improve
6861,6,408.5999999999996,6,401.7399999999999,swap,notBad
6862,6,408.5999999999996,6,401.7399999999999,move,improve
6863,6,408.5999999999996,6,401.7399999999999,2opt,notBad
6864,6,408.5999999999996,6,401.7399999999999,2opt,notBad
6865,6,408.5999999999996,6,401.7399999999999,2opt,improve
6866,6,408.5999999999996,6,401.7399999999999,swap,notBad
6867,6,408.5999999999996,6,401.7399999999999,swap,notBad
6868,6,408.5999999999996,6,401.7399999999999,2opt,notBad
6869,6,408.5999999999996,6,401.7399999999999,swap,notBad
6870,6,408.5999999999996,6,401.7399999999999,move,improve
6871,6,410.77999999999963,6,401.7399999999999,swap,acceptBad
6872,6,410.77999999999963,6,401.7399999999999,move,improve
6873,6,410.77999999999963,6,401.7399999999999,2opt,notBad
6874,6,410.77999999999963,6,401.7399999999999,swap,notBad
6875,6,410.77999999999963,6,401.7399999999999,move,improve
6876,6,410.77999999999963,6,401.7399999999999,move,improve
6877,6,410.77999999999963,6,401.7399999999999,2opt,notBad
6878,6,410.77999999999963,6,401.7399999999999,2opt,notBad
6879,6,410.77999999999963,6,401.7399999999999,swap,notBad
6880,6,410.77999999999963,6,401.7399999999999,move,improve
6881,6,411.0000000000001,6,401.7399999999999,move,acceptBad
6882,6,411.0000000000001,6,401.7399999999999,swap,notBad
6883,6,411.0000000000001,6,401.7399999999999,2opt,notBad
6884,6,411.0000000000001,6,401.7399999999999,swap,notBad
6885,6,411.0000000000001,6,401.7399999999999,move,improve
6886,6,410.77999999999963,6,401.7399999999999,move,improve
6887,6,410.77999999999963,6,401.7399999999999,2opt,notBad
6888,6,410.77999999999963,6,401.7399999999999,2opt,notBad
6889,6,410.77999999999963,6,401.7399999999999,move,improve
6890,6,410.77999999999963,6,401.7399999999999,2opt,notBad
6891,6,410.77999999999963,6,401.7399999999999,2opt,notBad
6892,6,410.77999999999963,6,401.7399999999999,2opt,notBad
6893,6,410.77999999999963,6,401.7399999999999,swap,notBad
6894,6,410.77999999999963,6,401.7399999999999,2opt,notBad
6895,6,410.77999999999963,6,401.7399999999999,swap,notBad
6896,6,410.77999999999963,6,401.7399999999999,2opt,notBad
6897,6,410.77999999999963,6,401.7399999999999,move,improve
6898,6,410.77999999999963,6,401.7399999999999,2opt,notBad
6899,6,410.77999999999963,6,401.7399999999999,2opt,notBad
6900,6,410.77999999999963,6,401.7399999999999,2opt,notBad
6901,6,411.0000000000001,6,401.7399999999999,move,acceptBad
6902,6,411.0000000000001,6,401.7399999999999,swap,notBad
6903,6,411.0000000000001,6,401.7399999999999,swap,notBad
6904,6,411.0000000000001,6,401.7399999999999,move,improve
6905,6,411.0000000000001,6,401.7399999999999,swap,notBad
6906,6,411.0000000000001,6,401.7399999999999,swap,notBad
6907,6,411.0000000000001,6,401.7399999999999,2opt,improve
6908,6,411.0000000000001,6,401.7399999999999,2opt,notBad
6909,6,411.0000000000001,6,401.7399999999999,swap,notBad
6910,6,408.82000000000016,6,401.7399999999999,move,improve
6911,6,408.82000000000016,6,401.7399999999999,move,improve
6912,6,408.82000000000016,6,401.7399999999999,swap,notBad
6913,6,408.82000000000016,6,401.7399999999999,2opt,notBad
6914,6,408.82000000000016,6,401.7399999999999,2opt,notBad
6915,6,408.82000000000016,6,401.7399999999999,move,improve
6916,6,408.82000000000016,6,401.7399999999999,2opt,notBad
6917,6,408.82000000000016,6,401.7399999999999,2opt,notBad
6918,6,408.82000000000016,6,401.7399999999999,swap,notBad
6919,6,408.82000000000016,6,401.7399999999999,move,improve
6920,6,408.82000000000016,6,401.7399999999999,move,improve
6921,6,408.82000000000016,6,401.7399999999999,2opt,notBad
6922,6,408.82000000000016,6,401.7399999999999,swap,notBad
6923,6,408.82000000000016,6,401.7399999999999,swap,notBad
6924,6,408.82000000000016,6,401.7399999999999,swap,notBad
6925,6,408.82000000000016,6,401.7399999999999,2opt,notBad
6926,6,408.82000000000016,6,401.7399999999999,move,improve
6927,6,408.5999999999996,6,401.7399999999999,swap,improve
6928,6,408.5999999999996,6,401.7399999999999,swap,notBad
6929,6,408.5999999999996,6,401.7399999999999,swap,notBad
6930,6,408.5999999999996,6,401.7399999999999,swap,notBad
6931,6,408.5999999999996,6,401.7399999999999,move,improve
6932,6,408.5999999999996,6,401.7399999999999,move,improve
6933,6,408.5999999999996,6,401.7399999999999,swap,notBad
6934,6,408.5999999999996,6,401.7399999999999,swap,notBad
6935,6,408.5999999999996,6,401.7399999999999,swap,notBad
6936,6,408.5999999999996,6,401.7399999999999,2opt,notBad
6937,6,408.5999999999996,6,401.7399999999999,move,improve
6938,6,408.5999999999996,6,401.7399999999999,swap,notBad
6939,6,408.5999999999996,6,401.7399999999999,swap,notBad
6940,6,408.5999999999996,6,401.7399999999999,2opt,notBad
6941,6,408.5999999999996,6,401.7399999999999,2opt,notBad
6942,6,408.5999999999996,6,401.7399999999999,swap,notBad
6943,6,408.5999999999996,6,401.7399999999999,move,improve
6944,6,408.5999999999996,6,401.7399999999999,2opt,notBad
6945,6,408.5999999999996,6,401.7399999999999,2opt,notBad
6946,6,408.5999999999996,6,401.7399999999999,2opt,notBad
6947,6,408.5999999999996,6,401.7399999999999,2opt,notBad
6948,6,408.5999999999996,6,401.7399999999999,swap,notBad
6949,6,408.5999999999996,6,401.7399999999999,move,improve
6950,6,408.5999999999996,6,401.7399999999999,2opt,notBad
6951,6,408.5999999999996,6,401.7399999999999,2opt,notBad
6952,6,408.5999999999996,6,401.7399999999999,move,improve
6953,6,408.5999999999996,6,401.7399999999999,2opt,notBad
6954,6,408.5999999999996,6,401.7399999999999,swap,notBad
6955,6,408.5999999999996,6,401.7399999999999,swap,notBad
6956,6,408.5999999999996,6,401.7399999999999,2opt,notBad
6957,6,408.5999999999996,6,401.7399999999999,2opt,notBad
6958,6,408.5999999999996,6,401.7399999999999,2opt,notBad
6959,6,408.5999999999996,6,401.7399999999999,swap,notBad
6960,6,408.5999999999996,6,401.7399999999999,2opt,notBad
6961,6,408.5999999999996,6,401.7399999999999,move,improve
6962,6,408.5999999999996,6,401.7399999999999,swap,notBad
6963,6,408.5999999999996,6,401.7399999999999,swap,notBad
6964,6,408.5999999999996,6,401.7399999999999,move,improve
6965,6,408.5999999999996,6,401.7399999999999,2opt,notBad
6966,6,408.5999999999996,6,401.7399999999999,move,improve
6967,6,408.5999999999996,6,401.7399999999999,move,improve
6968,6,408.5999999999996,6,401.7399999999999,2opt,notBad
6969,6,408.5999999999996,6,401.7399999999999,swap,notBad
6970,6,408.5999999999996,6,401.7399999999999,swap,notBad
6971,6,408.5999999999996,6,401.7399999999999,2opt,notBad
6972,6,408.5999999999996,6,401.7399999999999,move,improve
6973,6,408.5999999999996,6,401.7399999999999,2opt,notBad
6974,6,408.5999999999996,6,401.7399999999999,swap,notBad
6975,6,408.5999999999996,6,401.7399999999999,swap,notBad
6976,6,408.5999999999996,6,401.7399999999999,swap,notBad
6977,6,408.5999999999996,6,401.7399999999999,2opt,notBad
6978,6,408.5999999999996,6,401.7399999999999,move,improve
6979,6,408.5999999999996,6,401.7399999999999,2opt,notBad
6980,6,408.5999999999996,6,401.7399999999999,swap,notBad
6981,6,408.5999999999996,6,401.7399999999999,2opt,improve
6982,6,408.5999999999996,6,401.7399999999999,2opt,notBad
6983,6,408.5999999999996,6,401.7399999999999,2opt,notBad
6984,6,408.5999999999996,6,401.7399999999999,swap,notBad
6985,6,408.5999999999996,6,401.7399999999999,move,improve
6986,6,408.82000000000016,6,401.7399999999999,move,acceptBad
6987,6,408.82000000000016,6,401.7399999999999,2opt,notBad
6988,6,408.82000000000016,6,401.7399999999999,move,improve
6989,6,407.5200000000001,6,401.7399999999999,move,improve
6990,6,407.5200000000001,6,401.7399999999999,2opt,notBad
6991,6,407.5200000000001,6,401.7399999999999,2opt,notBad
6992,6,407.5200000000001,6,401.7399999999999,move,improve
6993,6,407.5200000000001,6,401.7399999999999,swap,notBad
6994,6,407.5200000000001,6,401.7399999999999,swap,notBad
6995,6,407.5200000000001,6,401.7399999999999,move,improve
6996,6,407.5200000000001,6,401.7399999999999,2opt,notBad
6997,6,407.5200000000001,6,401.7399999999999,2opt,improve
6998,6,407.5200000000001,6,401.7399999999999,swap,notBad
6999,6,407.5200000000001,6,401.7399999999999,2opt,notBad
7000,6,407.5200000000001,6,401.7399999999999,move,improve
7001,6,407.5200000000001,6,401.7399999999999,2opt,notBad
7002,6,407.5200000000001,6,401.7399999999999,2opt,notBad
7003,6,407.5200000000001,6,401.7399999999999,swap,notBad
7004,6,407.5200000000001,6,401.7399999999999,move,improve
7005,6,407.5200000000001,6,401.7399999999999,swap,notBad
7006,6,407.5200000000001,6,401.7399999999999,move,improve
7007,6,407.5200000000001,6,401.7399999999999,2opt,notBad
7008,6,407.5200000000001,6,401.7399999999999,2opt,notBad
7009,6,407.5200000000001,6,401.7399999999999,2opt,notBad
7010,6,407.5200000000001,6,401.7399999999999,2opt,notBad
7011,6,407.5200000000001,6,401.7399999999999,2opt,notBad
7012,6,407.5200000000001,6,401.7399999999999,move,improve
7013,6,407.5200000000001,6,401.7399999999999,swap,notBad
7014,6,407.5200000000001,6,401.7399999999999,2opt,improve
7015,6,407.5200000000001,6,401.7399999999999,swap,notBad
7016,6,407.5200000000001,6,401.7399999999999,2opt,improve
7017,6,407.5200000000001,6,401.7399999999999,2opt,notBad
7018,6,407.5200000000001,6,401.7399999999999,swap,notBad
7019,6,407.5200000000001,6,401.7399999999999,swap,notBad
7020,6,407.5200000000001,6,401.7399999999999,move,improve
7021,6,407.5200000000001,6,401.7399999999999,swap,notBad
7022,6,407.5200000000001,6,401.7399999999999,swap,notBad
7023,6,407.5200000000001,6,401.7399999999999,move,improve
7024,6,407.5200000000001,6,401.7399999999999,move,improve
7025,6,407.5200000000001,6,401.7399999999999,swap,notBad
7026,6,407.5200000000001,6,401.7399999999999,move,improve
7027,6,407.5200000000001,6,401.7399999999999,swap,notBad
7028,6,408.82000000000016,6,401.7399999999999,swap,acceptBad
7029,6,408.82000000000016,6,401.7399999999999,swap,notBad
7030,6,408.82000000000016,6,401.7399999999999,2opt,improve
7031,6,408.82000000000016,6,401.7399999999999,move,improve
7032,6,408.82000000000016,6,401.7399999999999,swap,notBad
7033,6,408.82000000000016,6,401.7399999999999,2opt,notBad
7034,6,408.82000000000016,6,401.7399999999999,move,improve
7035,6,408.82000000000016,6,401.7399999999999,move,improve
7036,6,408.82000000000016,6,401.7399999999999,swap,notBad
7037,6,408.82000000000016,6,401.7399999999999,2opt,notBad
7038,6,408.82000000000016,6,401.7399999999999,move,improve
7039,6,408.82000000000016,6,401.7399999999999,2opt,notBad
7040,6,408.82000000000016,6,401.7399999999999,move,improve
7041,6,408.82000000000016,6,401.7399999999999,swap,notBad
7042,6,408.82000000000016,6,401.7399999999999,move,improve
7043,6,408.82000000000016,6,401.7399999999999,swap,notBad
7044,6,408.82000000000016,6,401.7399999999999,2opt,notBad
7045,6,408.82000000000016,6,401.7399999999999,move,improve
7046,6,408.82000000000016,6,401.7399999999999,2opt,notBad
7047,6,408.82000000000016,6,401.7399999999999,move,improve
7048,6,408.82000000000016,6,401.7399999999999,2opt,notBad
7049,6,408.82000000000016,6,401.7399999999999,move,improve
7050,6,408.82000000000016,6,401.7399999999999,swap,notBad
7051,6,408.82000000000016,6,401.7399999999999,move,improve
7052,6,408.82000000000016,6,401.7399999999999,move,improve
7053,6,408.82000000000016,6,401.7399999999999,move,improve
7054,6,408.82000000000016,6,401.7399999999999,swap,notBad
7055,6,408.82000000000016,6,401.7399999999999,2opt,notBad
7056,6,408.82000000000016,6,401.7399999999999,2opt,notBad
7057,6,408.82000000000016,6,401.7399999999999,swap,notBad
7058,6,408.82000000000016,6,401.7399999999999,move,improve
7059,6,408.82000000000016,6,401.7399999999999,2opt,improve
7060,6,408.5999999999996,6,401.7399999999999,swap,improve
7061,6,408.5999999999996,6,401.7399999999999,move,improve
7062,6,408.5999999999996,6,401.7399999999999,2opt,notBad
7063,6,408.5999999999996,6,401.7399999999999,move,improve
7064,6,408.5999999999996,6,401.7399999999999,2opt,notBad
7065,6,408.5999999999996,6,401.7399999999999,swap,notBad
7066,6,408.5999999999996,6,401.7399999999999,move,improve
7067,6,408.5999999999996,6,401.7399999999999,swap,notBad
7068,6,408.5999999999996,6,401.7399999999999,swap,notBad
7069,6,408.5999999999996,6,401.7399999999999,move,improve
7070,6,408.5999999999996,6,401.7399999999999,swap,notBad
7071,6,408.5999999999996,6,401.7399999999999,move,improve
7072,6,408.5999999999996,6,401.7399999999999,swap,notBad
7073,6,408.5999999999996,6,401.7399999999999,move,improve
7074,6,408.5999999999996,6,401.7399999999999,2opt,notBad
7075,6,408.5999999999996,6,401.7399999999999,swap,notBad
7076,6,408.5999999999996,6,401.7399999999999,move,improve
7077,6,408.5999999999996,6,401.7399999999999,swap,notBad
7078,6,408.5999999999996,6,401.7399999999999,2opt,notBad
7079,6,408.5999999999996,6,401.7399999999999,move,improve
7080,6,408.5999999999996,6,401.7399999999999,move,improve
7081,6,408.5999999999996,6,401.7399999999999,2opt,notBad
7082,6,408.5999999999996,6,401.7399999999999,2opt,notBad
7083,6,408.5999999999996,6,401.7399999999999,swap,notBad
7084,6,408.5999999999996,6,401.7399999999999,2opt,notBad
7085,6,408.5999999999996,6,401.7399999999999,move,improve
7086,6,410.1799999999996,6,401.7399999999999,swap,acceptBad
7087,6,410.1799999999996,6,401.7399999999999,2opt,notBad
7088,6,410.1799999999996,6,401.7399999999999,2opt,notBad
7089,6,410.1799999999996,6,401.7399999999999,swap,notBad
7090,6,409.1599999999996,6,401.7399999999999,move,improve
7091,6,409.1599999999996,6,401.7399999999999,swap,notBad
7092,6,409.1599999999996,6,401.7399999999999,move,improve
7093,6,409.1599999999996,6,401.7399999999999,swap,notBad
7094,6,409.1599999999996,6,401.7399999999999,move,improve
7095,6,409.1599999999996,6,401.7399999999999,move,improve
7096,6,409.1599999999996,6,401.7399999999999,2opt,notBad
7097,6,409.1599999999996,6,401.7399999999999,move,improve
7098,6,409.1599999999996,6,401.7399999999999,2opt,notBad
7099,6,409.1599999999996,6,401.7399999999999,move,improve
7100,6,409.1599999999996,6,401.7399999999999,move,improve
7101,6,409.1599999999996,6,401.7399999999999,swap,notBad
7102,6,409.1599999999996,6,401.7399999999999,swap,notBad
7103,6,407.8599999999996,6,401.7399999999999,move,improve
7104,6,407.8599999999996,6,401.7399999999999,swap,notBad
7105,6,407.8599999999996,6,401.7399999999999,move,improve
7106,6,407.8599999999996,6,401.7399999999999,swap,notBad
7107,6,407.8599999999996,6,401.7399999999999,2opt,notBad
7108,6,407.8599999999996,6,401.7399999999999,2opt,notBad
7109,6,407.8599999999996,6,401.7399999999999,move,improve
7110,6,407.8599999999996,6,401.7399999999999,swap,notBad
7111,6,407.8599999999996,6,401.7399999999999,2opt,notBad
7112,6,407.8599999999996,6,401.7399999999999,move,improve
7113,6,407.8599999999996,6,401.7399999999999,move,improve
7114,6,407.8599999999996,6,401.7399999999999,2opt,notBad
7115,6,407.8599999999996,6,401.7399999999999,2opt,notBad
7116,6,407.8599999999996,6,401.7399999999999,2opt,notBad
7117,6,407.8599999999996,6,401.7399999999999,swap,notBad
7118,6,407.8599999999996,6,401.7399999999999,swap,notBad
7119,6,407.8599999999996,6,401.7399999999999,swap,notBad
7120,6,407.8599999999996,6,401.7399999999999,2opt,notBad
7121,6,407.8599999999996,6,401.7399999999999,move,improve
7122,6,407.8599999999996,6,401.7399999999999,move,improve
7123,6,407.8599999999996,6,401.7399999999999,swap,notBad
7124,6,407.8599999999996,6,401.7399999999999,swap,notBad
7125,6,407.8599999999996,6,401.7399999999999,2opt,notBad
7126,6,407.8599999999996,6,401.7399999999999,2opt,notBad
7127,6,407.8599999999996,6,401.7399999999999,move,improve
7128,6,407.8599999999996,6,401.7399999999999,swap,notBad
7129,6,407.8599999999996,6,401.7399999999999,swap,notBad
7130,6,407.8599999999996,6,401.7399999999999,swap,notBad
7131,6,407.8599999999996,6,401.7399999999999,swap,notBad
7132,6,407.8599999999996,6,401.7399999999999,move,improve
7133,6,407.8599999999996,6,401.7399999999999,2opt,notBad
7134,6,407.8599999999996,6,401.7399999999999,swap,notBad
7135,6,407.8599999999996,6,401.7399999999999,2opt,improve
7136,6,407.8599999999996,6,401.7399999999999,2opt,notBad
7137,6,407.8599999999996,6,401.7399999999999,move,improve
7138,6,407.8599999999996,6,401.7399999999999,swap,notBad
7139,6,407.8599999999996,6,401.7399999999999,move,improve
7140,6,407.8599999999996,6,401.7399999999999,2opt,notBad
7141,6,407.8599999999996,6,401.7399999999999,swap,notBad
7142,6,407.8599999999996,6,401.7399999999999,swap,notBad
7143,6,407.8599999999996,6,401.7399999999999,move,improve
7144,6,407.8599999999996,6,401.7399999999999,move,improve
7145,6,407.8599999999996,6,401.7399999999999,2opt,notBad
7146,6,407.8599999999996,6,401.7399999999999,move,improve
7147,6,407.8599999999996,6,401.7399999999999,swap,notBad
7148,6,407.8599999999996,6,401.7399999999999,swap,notBad
7149,6,407.8599999999996,6,401.7399999999999,move,improve
7150,6,407.8599999999996,6,401.7399999999999,move,improve
7151,6,407.8599999999996,6,401.7399999999999,swap,notBad
7152,6,407.8599999999996,6,401.7399999999999,swap,notBad
7153,6,407.8599999999996,6,401.7399999999999,2opt,notBad
7154,6,407.8599999999996,6,401.7399999999999,2opt,notBad
7155,6,407.8599999999996,6,401.7399999999999,swap,notBad
7156,6,407.8599999999996,6,401.7399999999999,move,improve
7157,6,407.8599999999996,6,401.7399999999999,2opt,notBad
7158,6,407.8599999999996,6,401.7399999999999,move,improve
7159,6,407.8599999999996,6,401.7399999999999,swap,notBad
7160,6,407.8599999999996,6,401.7399999999999,2opt,notBad
7161,6,407.8599999999996,6,401.7399999999999,2opt,notBad
7162,6,407.8599999999996,6,401.7399999999999,move,improve
7163,6,407.8599999999996,6,401.7399999999999,move,improve
7164,6,407.8599999999996,6,401.7399999999999,2opt,notBad
7165,6,407.8599999999996,6,401.7399999999999,2opt,notBad
7166,6,407.8599999999996,6,401.7399999999999,swap,notBad
7167,6,408.08000000000015,6,401.7399999999999,swap,acceptBad
7168,6,408.08000000000015,6,401.7399999999999,move,improve
7169,6,408.08000000000015,6,401.7399999999999,swap,notBad
7170,6,408.08000000000015,6,401.7399999999999,2opt,notBad
7171,6,408.08000000000015,6,401.7399999999999,2opt,notBad
7172,6,408.08000000000015,6,401.7399999999999,swap,notBad
7173,6,408.08000000000015,6,401.7399999999999,swap,notBad
7174,6,408.08000000000015,6,401.7399999999999,swap,notBad
7175,6,408.08000000000015,6,401.7399999999999,swap,notBad
7176,6,408.08000000000015,6,401.7399999999999,2opt,notBad
7177,6,408.08000000000015,6,401.7399999999999,2opt,notBad
7178,6,408.08000000000015,6,401.7399999999999,swap,notBad
7179,6,408.08000000000015,6,401.7399999999999,swap,notBad
7180,6,408.08000000000015,6,401.7399999999999,move,improve
7181,6,408.08000000000015,6,401.7399999999999,swap,notBad
7182,6,408.08000000000015,6,401.7399999999999,2opt,notBad
7183,6,408.08000000000015,6,401.7399999999999,2opt,notBad
7184,6,408.08000000000015,6,401.7399999999999,swap,notBad
7185,6,408.08000000000015,6,401.7399999999999,swap,notBad
7186,6,408.08000000000015,6,401.7399999999999,2opt,notBad
7187,6,408.08000000000015,6,401.7399999999999,swap,notBad
7188,6,408.08000000000015,6,401.7399999999999,2opt,notBad
7189,6,408.08000000000015,6,401.7399999999999,swap,notBad
7190,6,408.08000000000015,6,401.7399999999999,2opt,notBad
7191,6,410.2600000000002,6,401.7399999999999,swap,acceptBad
7192,6,410.2600000000002,6,401.7399999999999,2opt,notBad
7193,6,410.2600000000002,6,401.7399999999999,swap,notBad
7194,6,410.2600000000002,6,401.7399999999999,move,improve
7195,6,410.2600000000002,6,401.7399999999999,swap,notBad
7196,6,410.2600000000002,6,401.7399999999999,move,improve
7197,6,410.2600000000002,6,401.7399999999999,move,improve
7198,6,410.2600000000002,6,401.7399999999999,swap,notBad
7199,6,410.2600000000002,6,401.7399999999999,2opt,notBad
7200,6,410.2600000000002,6,401.7399999999999,2opt,notBad
7201,6,410.2600000000002,6,401.7399999999999,swap,notBad
7202,6,410.2600000000002,6,401.7399999999999,swap,notBad
7203,6,410.2600000000002,6,401.7399999999999,swap,notBad
7204,6,410.2600000000002,6,401.7399999999999,2opt,improve
7205,6,410.2600000000002,6,401.7399999999999,2opt,notBad
7206,6,410.2600000000002,6,401.7399999999999,2opt,notBad
7207,6,410.2600000000002,6,401.7399999999999,move,improve
7208,6,410.2600000000002,6,401.7399999999999,swap,notBad
7209,6,410.2600000000002,6,401.7399999999999,swap,notBad
7210,6,410.2600000000002,6,401.7399999999999,swap,notBad
7211,6,410.2600000000002,6,401.7399999999999,move,improve
7212,6,410.2600000000002,6,401.7399999999999,move,improve
7213,6,410.2600000000002,6,401.7399999999999,2opt,notBad
7214,6,410.2600000000002,6,401.7399999999999,2opt,notBad
7215,6,410.2600000000002,6,401.7399999999999,swap,notBad
7216,6,410.2600000000002,6,401.7399999999999,swap,notBad
7217,6,410.2600000000002,6,401.7399999999999,2opt,notBad
7218,6,410.2600000000002,6,401.7399999999999,swap,notBad
7219,6,410.2600000000002,6,401.7399999999999,swap,notBad
7220,6,410.2600000000002,6,401.7399999999999,swap,notBad
7221,6,410.2600000000002,6,401.7399999999999,2opt,notBad
7222,6,410.2600000000002,6,401.7399999999999,swap,notBad
7223,6,408.08000000000015,6,401.7399999999999,move,improve
7224,6,408.08000000000015,6,401.7399999999999,2opt,notBad
7225,6,408.08000000000015,6,401.7399999999999,move,improve
7226,6,408.08000000000015,6,401.7399999999999,move,improve
7227,6,407.6200000000001,6,401.7399999999999,move,improve
7228,6,407.6200000000001,6,401.7399999999999,2opt,notBad
7229,6,407.6200000000001,6,401.7399999999999,move,improve
7230,6,407.6200000000001,6,401.7399999999999,2opt,notBad
7231,6,407.6200000000001,6,401.7399999999999,2opt,notBad
7232,6,407.6200000000001,6,401.7399999999999,swap,notBad
7233,6,407.6200000000001,6,401.7399999999999,move,improve
7234,6,407.6200000000001,6,401.7399999999999,swap,notBad
7235,6,407.6200000000001,6,401.7399999999999,move,improve
7236,6,407.6200000000001,6,401.7399999999999,swap,notBad
7237,6,407.6200000000001,6,401.7399999999999,2opt,notBad
7238,6,407.6200000000001,6,401.7399999999999,move,improve
7239,6,407.6200000000001,6,401.7399999999999,swap,notBad
7240,6,407.6200000000001,6,401.7399999999999,move,improve
7241,6,407.6200000000001,6,401.7399999999999,swap,notBad
7242,6,407.6200000000001,6,401.7399999999999,move,improve
7243,6,407.6200000000001,6,401.7399999999999,2opt,notBad
7244,6,407.6200000000001,6,401.7399999999999,2opt,improve
7245,6,407.6200000000001,6,401.7399999999999,2opt,notBad
7246,6,407.6200000000001,6,401.7399999999999,move,improve
7247,6,407.6200000000001,6,401.7399999999999,2opt,notBad
7248,6,407.6200000000001,6,401.7399999999999,move,improve
7249,6,407.6200000000001,6,401.7399999999999,move,improve
7250,6,407.6200000000001,6,401.7399999999999,swap,notBad
7251,6,407.6200000000001,6,401.7399999999999,swap,notBad
7252,6,408.9200000000002,6,401.7399999999999,swap,acceptBad
7253,6,408.9200000000002,6,401.7399999999999,swap,notBad
7254,6,408.9200000000002,6,401.7399999999999,move,improve
7255,6,408.9200000000002,6,401.7399999999999,swap,notBad
7256,6,408.9200000000002,6,401.7399999999999,2opt,notBad
7257,6,408.9200000000002,6,401.7399999999999,move,improve
7258,6,408.9200000000002,6,401.7399999999999,2opt,improve
7259,6,408.9200000000002,6,401.7399999999999,2opt,notBad
7260,6,408.9200000000002,6,401.7399999999999,move,improve
7261,6,408.9200000000002,6,401.7399999999999,swap,notBad
7262,6,408.9200000000002,6,401.7399999999999,2opt,notBad
7263,6,408.9200000000002,6,401.7399999999999,swap,notBad
7264,6,408.9200000000002,6,401.7399999999999,2opt,notBad
7265,6,408.9200000000002,6,401.7399999999999,2opt,notBad
7266,6,408.9200000000002,6,401.7399999999999,swap,notBad
7267,6,408.9200000000002,6,401.7399999999999,2opt,notBad
7268,6,408.9200000000002,6,401.7399999999999,2opt,notBad
7269,6,408.9200000000002,6,401.7399999999999,2opt,notBad
7270,6,408.9200000000002,6,401.7399999999999,swap,notBad
7271,6,408.9200000000002,6,401.7399999999999,swap,notBad
7272,6,408.9200000000002,6,401.7399999999999,2opt,notBad
7273,6,408.9200000000002,6,401.7399999999999,swap,notBad
7274,6,408.9200000000002,6,401.7399999999999,move,improve
7275,6,408.9200000000002,6,401.7399999999999,2opt,improve
7276,6,408.9200000000002,6,401.7399999999999,2opt,notBad
7277,6,408.9200000000002,6,401.7399999999999,move,improve
7278,6,408.9200000000002,6,401.7399999999999,move,improve
7279,6,408.9200000000002,6,401.7399999999999,2opt,notBad
7280,6,408.9200000000002,6,401.7399999999999,move,improve
7281,6,408.9200000000002,6,401.7399999999999,swap,notBad
7282,6,408.9200000000002,6,401.7399999999999,2opt,notBad
7283,6,408.9200000000002,6,401.7399999999999,2opt,notBad
7284,6,408.69999999999965,6,401.7399999999999,move,improve
7285,6,408.69999999999965,6,401.7399999999999,2opt,notBad
7286,6,408.69999999999965,6,401.7399999999999,2opt,notBad
7287,6,408.69999999999965,6,401.7399999999999,move,improve
7288,6,408.69999999999965,6,401.7399999999999,2opt,notBad
7289,6,408.31999999999965,6,401.7399999999999,move,improve
7290,6,408.31999999999965,6,401.7399999999999,move,improve
7291,6,408.31999999999965,6,401.7399999999999,2opt,notBad
7292,6,408.31999999999965,6,401.7399999999999,2opt,improve
7293,6,408.31999999999965,6,401.7399999999999,2opt,notBad
7294,6,407.01999999999964,6,401.7399999999999,move,improve
7295,6,407.01999999999964,6,401.7399999999999,move,improve
7296,6,407.01999999999964,6,401.7399999999999,swap,notBad
7297,6,407.01999999999964,6,401.7399999999999,move,improve
7298,6,407.01999999999964,6,401.7399999999999,swap,notBad
7299,6,407.01999999999964,6,401.7399999999999,swap,notBad
7300,6,407.01999999999964,6,401.7399999999999,swap,notBad
7301,6,407.01999999999964,6,401.7399999999999,swap,notBad
7302,6,407.01999999999964,6,401.7399999999999,swap,notBad
7303,6,407.01999999999964,6,401.7399999999999,swap,notBad
7304,6,407.01999999999964,6,401.7399999999999,2opt,notBad
7305,6,407.01999999999964,6,401.7399999999999,swap,notBad
7306,6,407.01999999999964,6,401.7399999999999,move,improve
7307,6,407.01999999999964,6,401.7399999999999,swap,notBad
7308,6,407.01999999999964,6,401.7399999999999,2opt,notBad
7309,6,407.01999999999964,6,401.7399999999999,2opt,notBad
7310,6,407.01999999999964,6,401.7399999999999,move,improve
7311,6,407.01999999999964,6,401.7399999999999,swap,notBad
7312,6,407.01999999999964,6,401.7399999999999,move,improve
7313,6,407.01999999999964,6,401.7399999999999,2opt,notBad
7314,6,407.01999999999964,6,401.7399999999999,move,improve
7315,6,407.01999999999964,6,401.7399999999999,2opt,notBad
7316,6,407.01999999999964,6,401.7399999999999,move,improve
7317,6,407.01999999999964,6,401.7399999999999,move,improve
7318,6,407.01999999999964,6,401.7399999999999,2opt,improve
7319,6,407.01999999999964,6,401.7399999999999,2opt,notBad
7320,6,407.01999999999964,6,401.7399999999999,2opt,notBad
7321,6,407.01999999999964,6,401.7399999999999,move,improve
7322,6,407.01999999999964,6,401.7399999999999,swap,notBad
7323,6,407.01999999999964,6,401.7399999999999,swap,notBad
7324,6,407.01999999999964,6,401.7399999999999,swap,notBad
7325,6,407.01999999999964,6,401.7399999999999,2opt,notBad
7326,6,407.01999999999964,6,401.7399999999999,2opt,notBad
7327,6,407.01999999999964,6,401.7399999999999,2opt,notBad
7328,6,407.01999999999964,6,401.7399999999999,2opt,notBad
7329,6,407.01999999999964,6,401.7399999999999,swap,notBad
7330,6,406.07999999999964,6,401.7399999999999,move,improve
7331,6,406.07999999999964,6,401.7399999999999,swap,notBad
7332,6,406.07999999999964,6,401.7399999999999,swap,notBad
7333,6,406.07999999999964,6,401.7399999999999,move,improve
7334,6,406.07999999999964,6,401.7399999999999,swap,notBad
7335,6,406.07999999999964,6,401.7399999999999,move,improve
7336,6,406.07999999999964,6,401.7399999999999,2opt,improve
7337,6,406.07999999999964,6,401.7399999999999,swap,notBad
7338,6,406.07999999999964,6,401.7399999999999,move,improve
7339,6,406.07999999999964,6,401.7399999999999,move,improve
7340,6,406.07999999999964,6,401.7399999999999,move,improve
7341,6,406.07999999999964,6,401.7399999999999,move,improve
7342,6,406.07999999999964,6,401.7399999999999,swap,notBad
7343,6,406.07999999999964,6,401.7399999999999,swap,notBad
7344,6,406.07999999999964,6,401.7399999999999,2opt,notBad
7345,6,406.07999999999964,6,401.7399999999999,2opt,improve
7346,6,406.07999999999964,6,401.7399999999999,move,improve
7347,6,406.07999999999964,6,401.7399999999999,swap,notBad
7348,6,406.07999999999964,6,401.7399999999999,swap,notBad
7349,6,406.07999999999964,6,401.7399999999999,2opt,notBad
7350,6,406.07999999999964,6,401.7399999999999,2opt,notBad
7351,6,406.07999999999964,6,401.7399999999999,2opt,notBad
7352,6,406.07999999999964,6,401.7399999999999,move,improve
7353,6,406.07999999999964,6,401.7399999999999,swap,notBad
7354,6,406.07999999999964,6,401.7399999999999,2opt,improve
7355,6,406.07999999999964,6,401.7399999999999,move,improve
7356,6,406.07999999999964,6,401.7399999999999,2opt,notBad
7357,6,406.07999999999964,6,401.7399999999999,swap,notBad
7358,6,406.07999999999964,6,401.7399999999999,2opt,notBad
7359,6,406.07999999999964,6,401.7399999999999,swap,notBad
7360,6,406.07999999999964,6,401.7399999999999,2opt,improve
7361,6,406.07999999999964,6,401.7399999999999,swap,notBad
7362,6,406.07999999999964,6,401.7399999999999,2opt,notBad
7363,6,406.07999999999964,6,401.7399999999999,swap,notBad
7364,6,406.07999999999964,6,401.7399999999999,2opt,notBad
7365,6,406.07999999999964,6,401.7399999999999,move,improve
7366,6,406.07999999999964,6,401.7399999999999,2opt,notBad
7367,6,406.07999999999964,6,401.7399999999999,move,improve
7368,6,406.07999999999964,6,401.7399999999999,2opt,notBad
7369,6,406.07999999999964,6,401.7399999999999,2opt,notBad
7370,6,406.07999999999964,6,401.7399999999999,2opt,notBad
7371,6,406.07999999999964,6,401.7399999999999,swap,notBad
7372,6,406.07999999999964,6,401.7399999999999,move,improve
7373,6,406.07999999999964,6,401.7399999999999,swap,notBad
7374,6,406.07999999999964,6,401.7399999999999,2opt,notBad
7375,6,406.07999999999964,6,401.7399999999999,2opt,notBad
7376,6,406.07999999999964,6,401.7399999999999,move,improve
7377,6,406.07999999999964,6,401.7399999999999,move,improve
7378,6,406.07999999999964,6,401.7399999999999,move,improve
7379,6,406.07999999999964,6,401.7399999999999,2opt,notBad
7380,6,406.07999999999964,6,401.7399999999999,swap,notBad
7381,6,406.07999999999964,6,401.7399999999999,move,improve
7382,6,406.07999999999964,6,401.7399999999999,move,improve
7383,6,406.07999999999964,6,401.7399999999999,move,improve
7384,6,406.9399999999996,6,401.7399999999999,swap,acceptBad
7385,6,406.9399999999996,6,401.7399999999999,swap,notBad
7386,6,406.9399999999996,6,401.7399999999999,2opt,improve
7387,6,406.9399999999996,6,401.7399999999999,swap,notBad
7388,6,406.9399999999996,6,401.7399999999999,2opt,notBad
7389,6,406.9399999999996,6,401.7399999999999,move,improve
7390,6,406.9399999999996,6,401.7399999999999,move,improve
7391,6,406.9399999999996,6,401.7399999999999,2opt,notBad
7392,6,406.9399999999996,6,401.7399999999999,2opt,notBad
7393,6,406.9399999999996,6,401.7399999999999,2opt,notBad
7394,6,406.9399999999996,6,401.7399999999999,move,improve
7395,6,406.9399999999996,6,401.7399999999999,2opt,notBad
7396,6,406.9399999999996,6,401.7399999999999,swap,notBad
7397,6,406.9399999999996,6,401.7399999999999,swap,notBad
7398,6,406.9399999999996,6,401.7399999999999,swap,notBad
7399,6,406.9399999999996,6,401.7399999999999,2opt,notBad
7400,6,406.9399999999996,6,401.7399999999999,swap,notBad
7401,6,406.9399999999996,6,401.7399999999999,move,improve
7402,6,406.9399999999996,6,401.7399999999999,swap,notBad
7403,6,406.9399999999996,6,401.7399999999999,2opt,notBad
7404,6,406.9399999999996,6,401.7399999999999,move,improve
7405,6,406.9399999999996,6,401.7399999999999,move,improve
7406,6,406.9399999999996,6,401.7399999999999,move,improve
7407,6,406.9399999999996,6,401.7399999999999,swap,notBad
7408,6,406.9399999999996,6,401.7399999999999,move,improve
7409,6,406.9399999999996,6,401.7399999999999,swap,notBad
7410,6,406.9399999999996,6,401.7399999999999,move,improve
7411,6,406.9399999999996,6,401.7399999999999,2opt,notBad
7412,6,406.9399999999996,6,401.7399999999999,move,improve
7413,6,406.9399999999996,6,401.7399999999999,swap,notBad
7414,6,406.9399999999996,6,401.7399999999999,move,improve
7415,6,406.9399999999996,6,401.7399999999999,swap,notBad
7416,6,406.9399999999996,6,401.7399999999999,move,improve
7417,6,406.9399999999996,6,401.7399999999999,2opt,notBad
7418,6,406.9399999999996,6,401.7399999999999,move,improve
7419,6,406.9399999999996,6,401.7399999999999,swap,notBad
7420,6,406.9399999999996,6,401.7399999999999,move,improve
7421,6,406.9399999999996,6,401.7399999999999,2opt,notBad
7422,6,406.9399999999996,6,401.7399999999999,2opt,notBad
7423,6,406.9399999999996,6,401.7399999999999,swap,notBad
7424,6,406.9399999999996,6,401.7399999999999,swap,notBad
7425,6,406.9399999999996,6,401.7399999999999,move,improve
7426,6,406.9399999999996,6,401.7399999999999,swap,notBad
7427,6,406.9399999999996,6,401.7399999999999,2opt,notBad
7428,6,406.9399999999996,6,401.7399999999999,move,improve
7429,6,406.9399999999996,6,401.7399999999999,2opt,notBad
7430,6,406.9399999999996,6,401.7399999999999,2opt,improve
7431,6,406.9399999999996,6,401.7399999999999,move,improve
7432,6,406.9399999999996,6,401.7399999999999,swap,notBad
7433,6,406.9399999999996,6,401.7399999999999,move,improve
7434,6,406.9399999999996,6,401.7399999999999,2opt,notBad
7435,6,406.9399999999996,6,401.7399999999999,2opt,notBad
7436,6,406.9399999999996,6,401.7399999999999,move,improve
7437,6,406.9399999999996,6,401.7399999999999,2opt,notBad
7438,6,406.9399999999996,6,401.7399999999999,swap,notBad
7439,6,406.9399999999996,6,401.7399999999999,swap,notBad
7440,6,406.9399999999996,6,401.7399999999999,swap,notBad
7441,6,406.9399999999996,6,401.7399999999999,swap,notBad
7442,6,406.9399999999996,6,401.7399999999999,2opt,notBad
7443,6,406.9399999999996,6,401.7399999999999,2opt,notBad
7444,6,406.07999999999964,6,401.7399999999999,move,improve
7445,6,406.07999999999964,6,401.7399999999999,swap,notBad
7446,6,406.07999999999964,6,401.7399999999999,2opt,notBad
7447,6,406.07999999999964,6,401.7399999999999,2opt,notBad
7448,6,406.07999999999964,6,401.7399999999999,2opt,notBad
7449,6,406.07999999999964,6,401.7399999999999,move,improve
7450,6,406.07999999999964,6,401.7399999999999,move,improve
7451,6,406.07999999999964,6,401.7399999999999,2opt,notBad
7452,6,406.07999999999964,6,401.7399999999999,move,improve
7453,6,406.07999999999964,6,401.7399999999999,swap,notBad
7454,6,406.07999999999964,6,401.7399999999999,move,improve
7455,6,406.07999999999964,6,401.7399999999999,swap,notBad
7456,6,406.07999999999964,6,401.7399999999999,2opt,notBad
7457,6,406.07999999999964,6,401.7399999999999,move,improve
7458,6,406.07999999999964,6,401.7399999999999,swap,notBad
7459,6,406.07999999999964,6,401.7399999999999,swap,notBad
7460,6,406.07999999999964,6,401.7399999999999,2opt,notBad
7461,6,406.07999999999964,6,401.7399999999999,move,improve
7462,6,406.07999999999964,6,401.7399999999999,move,improve
7463,6,406.07999999999964,6,401.7399999999999,2opt,notBad
7464,6,406.07999999999964,6,401.7399999999999,move,improve
7465,6,406.07999999999964,6,401.7399999999999,move,improve
7466,6,406.07999999999964,6,401.7399999999999,move,improve
7467,6,406.07999999999964,6,401.7399999999999,2opt,notBad
7468,6,404.31999999999965,6,401.7399999999999,move,improve
7469,6,404.31999999999965,6,401.7399999999999,move,improve
7470,6,404.31999999999965,6,401.7399999999999,move,improve
7471,6,404.31999999999965,6,401.7399999999999,2opt,notBad
7472,6,404.31999999999965,6,401.7399999999999,swap,notBad
7473,6,404.31999999999965,6,401.7399999999999,swap,notBad
7474,6,404.31999999999965,6,401.7399999999999,2opt,notBad
7475,6,404.31999999999965,6,401.7399999999999,2opt,notBad
7476,6,404.31999999999965,6,401.7399999999999,move,improve
7477,6,404.31999999999965,6,401.7399999999999,move,improve
7478,6,404.31999999999965,6,401.7399999999999,2opt,notBad
7479,6,404.31999999999965,6,401.7399999999999,move,improve
7480,6,404.31999999999965,6,401.7399999999999,move,improve
7481,6,404.31999999999965,6,401.7399999999999,move,improve
7482,6,404.31999999999965,6,401.7399999999999,swap,notBad
7483,6,404.31999999999965,6,401.7399999999999,2opt,notBad
7484,6,404.31999999999965,6,401.7399999999999,swap,notBad
7485,6,404.31999999999965,6,401.7399999999999,2opt,notBad
7486,6,404.31999999999965,6,401.7399999999999,move,improve
7487,6,404.31999999999965,6,401.7399999999999,2opt,notBad
7488,6,404.31999999999965,6,401.7399999999999,2opt,notBad
7489,6,404.31999999999965,6,401.7399999999999,swap,notBad
7490,6,404.31999999999965,6,401.7399999999999,2opt,notBad
7491,6,404.31999999999965,6,401.7399999999999,move,improve
7492,6,404.31999999999965,6,401.7399999999999,2opt,notBad
7493,6,404.31999999999965,6,401.7399999999999,2opt,notBad
7494,6,404.31999999999965,6,401.7399999999999,swap,notBad
7495,6,404.31999999999965,6,401.7399999999999,2opt,notBad
7496,6,404.31999999999965,6,401.7399999999999,swap,notBad
7497,6,404.31999999999965,6,401.7399999999999,move,improve
7498,6,404.31999999999965,6,401.7399999999999,move,improve
7499,6,404.31999999999965,6,401.7399999999999,swap,notBad
7500,6,404.31999999999965,6,401.7399999999999,2opt,notBad
7501,6,404.31999999999965,6,401.7399999999999,2opt,notBad
7502,6,404.31999999999965,6,401.7399999999999,move,improve
7503,6,404.31999999999965,6,401.7399999999999,2opt,notBad
7504,6,404.31999999999965,6,401.7399999999999,move,improve
7505,6,404.31999999999965,6,401.7399999999999,move,improve
7506,6,404.31999999999965,6,401.7399999999999,2opt,notBad
7507,6,404.31999999999965,6,401.7399999999999,swap,notBad
7508,6,404.31999999999965,6,401.7399999999999,swap,notBad
7509,6,404.31999999999965,6,401.7399999999999,2opt,notBad
7510,6,404.31999999999965,6,401.7399999999999,2opt,notBad
7511,6,404.31999999999965,6,401.7399999999999,swap,notBad
7512,6,404.31999999999965,6,401.7399999999999,swap,notBad
7513,6,404.31999999999965,6,401.7399999999999,2opt,notBad
7514,6,404.31999999999965,6,401.7399999999999,2opt,notBad
7515,6,404.31999999999965,6,401.7399999999999,move,improve
7516,6,404.31999999999965,6,401.7399999999999,swap,notBad
7517,6,404.31999999999965,6,401.7399999999999,move,improve
7518,6,404.31999999999965,6,401.7399999999999,move,improve
7519,6,404.31999999999965,6,401.7399999999999,2opt,notBad
7520,6,404.31999999999965,6,401.7399999999999,2opt,notBad
7521,6,404.31999999999965,6,401.7399999999999,move,improve
7522,6,404.31999999999965,6,401.7399999999999,swap,notBad
7523,6,404.31999999999965,6,401.7399999999999,swap,notBad
7524,6,404.31999999999965,6,401.7399999999999,swap,notBad
7525,6,404.31999999999965,6,401.7399999999999,move,improve
7526,6,404.31999999999965,6,401.7399999999999,move,improve
7527,6,404.31999999999965,6,401.7399999999999,swap,notBad
7528,6,404.31999999999965,6,401.7399999999999,2opt,notBad
7529,6,404.31999999999965,6,401.7399999999999,swap,notBad
7530,6,404.31999999999965,6,401.7399999999999,2opt,notBad
7531,6,404.31999999999965,6,401.7399999999999,2opt,notBad
7532,6,404.31999999999965,6,401.7399999999999,swap,notBad
7533,6,404.31999999999965,6,401.7399999999999,2opt,notBad
7534,6,404.31999999999965,6,401.7399999999999,2opt,improve
7535,6,404.31999999999965,6,401.7399999999999,swap,notBad
7536,6,404.31999999999965,6,401.7399999999999,2opt,notBad
7537,6,404.31999999999965,6,401.7399999999999,2opt,notBad
7538,6,404.31999999999965,6,401.7399999999999,swap,notBad
7539,6,404.31999999999965,6,401.7399999999999,move,improve
7540,6,404.31999999999965,6,401.7399999999999,move,improve
7541,6,404.31999999999965,6,401.7399999999999,move,improve
7542,6,404.31999999999965,6,401.7399999999999,2opt,notBad
7543,6,404.31999999999965,6,401.7399999999999,move,improve
7544,6,404.31999999999965,6,401.7399999999999,move,improve
7545,6,404.31999999999965,6,401.7399999999999,swap,notBad
7546,6,404.31999999999965,6,401.7399999999999,2opt,notBad
7547,6,404.31999999999965,6,401.7399999999999,move,improve
7548,6,404.31999999999965,6,401.7399999999999,2opt,notBad
7549,6,404.31999999999965,6,401.7399999999999,2opt,notBad
7550,6,404.31999999999965,6,401.7399999999999,2opt,notBad
7551,6,404.31999999999965,6,401.7399999999999,swap,notBad
7552,6,404.31999999999965,6,401.7399999999999,move,improve
7553,6,404.31999999999965,6,401.7399999999999,2opt,improve
7554,6,404.31999999999965,6,401.7399999999999,move,improve
7555,6,404.31999999999965,6,401.7399999999999,2opt,notBad
7556,6,404.31999999999965,6,401.7399999999999,move,improve
7557,6,404.31999999999965,6,401.7399999999999,swap,notBad
7558,6,404.31999999999965,6,401.7399999999999,swap,notBad
7559,6,404.31999999999965,6,401.7399999999999,2opt,notBad
7560,6,404.31999999999965,6,401.7399999999999,move,improve
7561,6,404.31999999999965,6,401.7399999999999,move,improve
7562,6,404.31999999999965,6,401.7399999999999,2opt,improve
7563,6,404.31999999999965,6,401.7399999999999,move,improve
7564,6,404.31999999999965,6,401.7399999999999,swap,notBad
7565,6,404.31999999999965,6,401.7399999999999,2opt,notBad
7566,6,404.31999999999965,6,401.7399999999999,swap,notBad
7567,6,404.31999999999965,6,401.7399999999999,move,improve
7568,6,404.31999999999965,6,401.7399999999999,swap,notBad
7569,6,404.31999999999965,6,401.7399999999999,swap,notBad
7570,6,404.31999999999965,6,401.7399999999999,move,improve
7571,6,404.31999999999965,6,401.7399999999999,2opt,notBad
7572,6,404.5400000000002,6,401.7399999999999,swap,acceptBad
7573,6,404.5400000000002,6,401.7399999999999,swap,notBad
7574,6,404.5400000000002,6,401.7399999999999,2opt,notBad
7575,6,404.5400000000002,6,401.7399999999999,2opt,notBad
7576,6,404.5400000000002,6,401.7399999999999,swap,notBad
7577,6,404.5400000000002,6,401.7399999999999,swap,notBad
7578,6,404.5400000000002,6,401.7399999999999,2opt,notBad
7579,6,404.5400000000002,6,401.7399999999999,swap,notBad
7580,6,404.5400000000002,6,401.7399999999999,2opt,notBad
7581,6,404.5400000000002,6,401.7399999999999,move,improve
7582,6,404.5400000000002,6,401.7399999999999,move,improve
7583,6,404.5400000000002,6,401.7399999999999,2opt,notBad
7584,6,404.5400000000002,6,401.7399999999999,move,improve
7585,6,404.5400000000002,6,401.7399999999999,move,improve
7586,6,404.5400000000002,6,401.7399999999999,move,improve
7587,6,404.5400000000002,6,401.7399999999999,move,improve
7588,6,404.5400000000002,6,401.7399999999999,swap,notBad
7589,6,404.5400000000002,6,401.7399999999999,swap,notBad
7590,6,404.5400000000002,6,401.7399999999999,move,improve
7591,6,404.5400000000002,6,401.7399999999999,2opt,notBad
7592,6,404.5400000000002,6,401.7399999999999,move,improve
7593,6,404.5400000000002,6,401.7399999999999,swap,notBad
7594,6,404.5400000000002,6,401.7399999999999,2opt,notBad
7595,6,404.5400000000002,6,401.7399999999999,2opt,notBad
7596,6,404.5400000000002,6,401.7399999999999,swap,notBad
7597,6,404.5400000000002,6,401.7399999999999,swap,notBad
7598,6,404.5400000000002,6,401.7399999999999,move,improve
7599,6,404.5400000000002,6,401.7399999999999,move,improve
7600,6,404.5400000000002,6,401.7399999999999,2opt,notBad
7601,6,404.5400000000002,6,401.7399999999999,move,improve
7602,6,404.5400000000002,6,401.7399999999999,2opt,notBad
7603,6,404.5400000000002,6,401.7399999999999,swap,notBad
7604,6,404.5400000000002,6,401.7399999999999,move,improve
7605,6,404.5400000000002,6,401.7399999999999,move,improve
7606,6,404.5400000000002,6,401.7399999999999,2opt,notBad
7607,6,404.5400000000002,6,401.7399999999999,move,improve
7608,6,404.5400000000002,6,401.7399999999999,2opt,notBad
7609,6,404.5400000000002,6,401.7399999999999,swap,notBad
7610,6,404.5400000000002,6,401.7399999999999,move,improve
7611,6,404.5400000000002,6,401.7399999999999,move,improve
7612,6,404.5400000000002,6,401.7399999999999,swap,notBad
7613,6,404.5400000000002,6,401.7399999999999,move,improve
7614,6,404.5400000000002,6,401.7399999999999,move,improve
7615,6,404.5400000000002,6,401.7399999999999,swap,notBad
7616,6,404.5400000000002,6,401.7399999999999,swap,notBad
7617,6,404.5400000000002,6,401.7399999999999,2opt,notBad
7618,6,404.5400000000002,6,401.7399999999999,move,improve
7619,6,404.5400000000002,6,401.7399999999999,2opt,notBad
7620,6,404.5400000000002,6,401.7399999999999,2opt,notBad
7621,6,404.5400000000002,6,401.7399999999999,swap,notBad
7622,6,404.5400000000002,6,401.7399999999999,2opt,notBad
7623,6,404.5400000000002,6,401.7399999999999,swap,notBad
7624,6,404.5400000000002,6,401.7399999999999,swap,notBad
7625,6,404.5400000000002,6,401.7399999999999,2opt,notBad
7626,6,404.5400000000002,6,401.7399999999999,2opt,notBad
7627,6,404.5400000000002,6,401.7399999999999,move,improve
7628,6,404.5400000000002,6,401.7399999999999,swap,notBad
7629,6,404.5400000000002,6,401.7399999999999,2opt,notBad
7630,6,404.5400000000002,6,401.7399999999999,2opt,notBad
7631,6,404.5400000000002,6,401.7399999999999,2opt,notBad
7632,6,404.5400000000002,6,401.7399999999999,swap,notBad
7633,6,404.5400000000002,6,401.7399999999999,2opt,notBad
7634,6,404.5400000000002,6,401.7399999999999,2opt,notBad
7635,6,404.5400000000002,6,401.7399999999999,2opt,notBad
7636,6,404.5400000000002,6,401.7399999999999,2opt,notBad
7637,6,404.5400000000002,6,401.7399999999999,move,improve
7638,6,404.5400000000002,6,401.7399999999999,swap,notBad
7639,6,404.5400000000002,6,401.7399999999999,move,improve
7640,6,404.5400000000002,6,401.7399999999999,2opt,improve
7641,6,404.5400000000002,6,401.7399999999999,2opt,notBad
7642,6,404.5400000000002,6,401.7399999999999,2opt,notBad
7643,6,404.5400000000002,6,401.7399999999999,swap,notBad
7644,6,404.5400000000002,6,401.7399999999999,move,improve
7645,6,404.5400000000002,6,401.7399999999999,move,improve
7646,6,404.5400000000002,6,401.7399999999999,swap,notBad
7647,6,404.5400000000002,6,401.7399999999999,move,improve
7648,6,404.5400000000002,6,401.7399999999999,move,improve
7649,6,405.68000000000006,6,401.7399999999999,swap,acceptBad
7650,6,405.68000000000006,6,401.7399999999999,swap,notBad
7651,6,405.68000000000006,6,401.7399999999999,move,improve
7652,6,405.68000000000006,6,401.7399999999999,2opt,notBad
7653,6,405.68000000000006,6,401.7399999999999,move,improve
7654,6,405.68000000000006,6,401.7399999999999,swap,notBad
7655,6,405.68000000000006,6,401.7399999999999,move,improve
7656,6,405.68000000000006,6,401.7399999999999,move,improve
7657,6,405.68000000000006,6,401.7399999999999,swap,notBad
7658,6,405.68000000000006,6,401.7399999999999,move,improve
7659,6,404.72000000000014,6,401.7399999999999,move,improve
7660,6,404.72000000000014,6,401.7399999999999,swap,notBad
7661,6,404.72000000000014,6,401.7399999999999,swap,notBad
7662,6,404.72000000000014,6,401.7399999999999,swap,notBad
7663,6,404.72000000000014,6,401.7399999999999,2opt,notBad
7664,6,404.72000000000014,6,401.7399999999999,2opt,notBad
7665,6,404.72000000000014,6,401.7399999999999,move,improve
7666,6,404.72000000000014,6,401.7399999999999,move,improve
7667,6,404.72000000000014,6,401.7399999999999,2opt,notBad
7668,6,404.72000000000014,6,401.7399999999999,2opt,improve
7669,6,404.72000000000014,6,401.7399999999999,swap,notBad
7670,6,404.72000000000014,6,401.7399999999999,2opt,notBad
7671,6,404.72000000000014,6,401.7399999999999,move,improve
7672,6,404.72000000000014,6,401.7399999999999,2opt,notBad
7673,6,404.72000000000014,6,401.7399999999999,swap,notBad
7674,6,404.72000000000014,6,401.7399999999999,2opt,notBad
7675,6,404.72000000000014,6,401.7399999999999,2opt,notBad
7676,6,404.0199999999997,6,401.7399999999999,move,improve
7677,6,404.0199999999997,6,401.7399999999999,move,improve
7678,6,404.0199999999997,6,401.7399999999999,swap,notBad
7679,6,404.0199999999997,6,401.7399999999999,move,improve
7680,6,404.0199999999997,6,401.7399999999999,2opt,notBad
7681,6,404.0199999999997,6,401.7399999999999,move,improve
7682,6,404.0199999999997,6,401.7399999999999,2opt,notBad
7683,6,404.0199999999997,6,401.7399999999999,2opt,notBad
7684,6,404.0199999999997,6,401.7399999999999,2opt,notBad
7685,6,404.0199999999997,6,401.7399999999999,move,improve
7686,6,404.0199999999997,6,401.7399999999999,2opt,notBad
7687,6,404.0199999999997,6,401.7399999999999,2opt,notBad
7688,6,404.0199999999997,6,401.7399999999999,swap,notBad
7689,6,404.0199999999997,6,401.7399999999999,swap,notBad
7690,6,404.0199999999997,6,401.7399999999999,move,improve
7691,6,404.0199999999997,6,401.7399999999999,move,improve
7692,6,404.0199999999997,6,401.7399999999999,2opt,notBad
7693,6,404.0199999999997,6,401.7399999999999,move,improve
7694,6,404.0199999999997,6,401.7399999999999,swap,notBad
7695,6,404.0199999999997,6,401.7399999999999,2opt,notBad
7696,6,404.0199999999997,6,401.7399999999999,move,improve
7697,6,404.0199999999997,6,401.7399999999999,2opt,notBad
7698,6,404.0199999999997,6,401.7399999999999,swap,notBad
7699,6,404.0199999999997,6,401.7399999999999,swap,notBad
7700,6,404.0199999999997,6,401.7399999999999,2opt,improve
7701,6,404.0199999999997,6,401.7399999999999,move,improve
7702,6,404.0199999999997,6,401.7399999999999,2opt,notBad
7703,6,404.0199999999997,6,401.7399999999999,move,improve
7704,6,404.0199999999997,6,401.7399999999999,swap,notBad
7705,6,404.0199999999997,6,401.7399999999999,swap,notBad
7706,6,404.0199999999997,6,401.7399999999999,2opt,notBad
7707,6,404.0199999999997,6,401.7399999999999,swap,notBad
7708,6,404.0199999999997,6,401.7399999999999,swap,notBad
7709,6,404.0199999999997,6,401.7399999999999,2opt,improve
7710,6,404.0199999999997,6,401.7399999999999,swap,notBad
7711,6,404.0199999999997,6,401.7399999999999,2opt,notBad
7712,6,404.0199999999997,6,401.7399999999999,2opt,improve
7713,6,404.0199999999997,6,401.7399999999999,2opt,notBad
7714,6,404.0199999999997,6,401.7399999999999,2opt,notBad
7715,6,404.0199999999997,6,401.7399999999999,2opt,notBad
7716,6,404.0199999999997,6,401.7399999999999,swap,notBad
7717,6,404.0199999999997,6,401.7399999999999,swap,notBad
7718,6,404.0199999999997,6,401.7399999999999,move,improve
7719,6,404.0199999999997,6,401.7399999999999,swap,notBad
7720,6,404.0199999999997,6,401.7399999999999,swap,notBad
7721,6,404.0199999999997,6,401.7399999999999,move,improve
7722,6,404.0199999999997,6,401.7399999999999,swap,notBad
7723,6,404.0199999999997,6,401.7399999999999,2opt,notBad
7724,6,404.0199999999997,6,401.7399999999999,move,improve
7725,6,404.0199999999997,6,401.7399999999999,2opt,notBad
7726,6,404.0199999999997,6,401.7399999999999,swap,notBad
7727,6,404.0199999999997,6,401.7399999999999,swap,notBad
7728,6,404.0199999999997,6,401.7399999999999,move,improve
7729,6,404.0199999999997,6,401.7399999999999,2opt,notBad
7730,6,404.0199999999997,6,401.7399999999999,swap,notBad
7731,6,404.0199999999997,6,401.7399999999999,move,improve
7732,6,404.0199999999997,6,401.7399999999999,swap,notBad
7733,6,404.0199999999997,6,401.7399999999999,swap,notBad
7734,6,404.0199999999997,6,401.7399999999999,2opt,notBad
7735,6,404.0199999999997,6,401.7399999999999,2opt,notBad
7736,6,404.0199999999997,6,401.7399999999999,2opt,notBad
7737,6,404.0199999999997,6,401.7399999999999,2opt,notBad
7738,6,404.0199999999997,6,401.7399999999999,2opt,notBad
7739,6,404.0199999999997,6,401.7399999999999,move,improve
7740,6,404.0199999999997,6,401.7399999999999,swap,notBad
7741,6,404.0199999999997,6,401.7399999999999,swap,notBad
7742,6,404.0199999999997,6,401.7399999999999,move,improve
7743,6,404.0199999999997,6,401.7399999999999,move,improve
7744,6,404.0199999999997,6,401.7399999999999,2opt,notBad
7745,6,404.0199999999997,6,401.7399999999999,move,improve
7746,6,404.0199999999997,6,401.7399999999999,2opt,notBad
7747,6,404.0199999999997,6,401.7399999999999,move,improve
7748,6,404.0199999999997,6,401.7399999999999,2opt,notBad
7749,6,404.0199999999997,6,401.7399999999999,swap,notBad
7750,6,404.0199999999997,6,401.7399999999999,swap,notBad
7751,6,404.0199999999997,6,401.7399999999999,move,improve
7752,6,404.0199999999997,6,401.7399999999999,move,improve
7753,6,404.0199999999997,6,401.7399999999999,swap,notBad
7754,6,404.0199999999997,6,401.7399999999999,2opt,notBad
7755,6,404.0199999999997,6,401.7399999999999,move,improve
7756,6,404.0199999999997,6,401.7399999999999,move,improve
7757,6,404.0199999999997,6,401.7399999999999,move,improve
7758,6,404.0199999999997,6,401.7399999999999,move,improve
7759,6,404.0199999999997,6,401.7399999999999,swap,notBad
7760,6,404.0199999999997,6,401.7399999999999,move,improve
7761,6,404.0199999999997,6,401.7399999999999,2opt,improve
7762,6,404.0199999999997,6,401.7399999999999,move,improve
7763,6,404.0199999999997,6,401.7399999999999,move,improve
7764,6,404.0199999999997,6,401.7399999999999,2opt,notBad
7765,6,404.0199999999997,6,401.7399999999999,move,improve
7766,6,404.0199999999997,6,401.7399999999999,2opt,notBad
7767,6,404.0199999999997,6,401.7399999999999,move,improve
7768,6,404.0199999999997,6,401.7399999999999,swap,notBad
7769,6,404.0199999999997,6,401.7399999999999,move,improve
7770,6,404.0199999999997,6,401.7399999999999,2opt,notBad
7771,6,404.0199999999997,6,401.7399999999999,2opt,notBad
7772,6,404.0199999999997,6,401.7399999999999,swap,notBad
7773,6,404.0199999999997,6,401.7399999999999,2opt,notBad
7774,6,404.0199999999997,6,401.7399999999999,2opt,notBad
7775,6,404.0199999999997,6,401.7399999999999,2opt,notBad
7776,6,404.0199999999997,6,401.7399999999999,swap,notBad
7777,6,404.0199999999997,6,401.7399999999999,move,improve
7778,6,404.0199999999997,6,401.7399999999999,swap,notBad
7779,6,404.0199999999997,6,401.7399999999999,swap,notBad
7780,6,404.0199999999997,6,401.7399999999999,move,improve
7781,6,404.0199999999997,6,401.7399999999999,move,improve
7782,6,404.0199999999997,6,401.7399999999999,2opt,notBad
7783,6,404.0199999999997,6,401.7399999999999,move,improve
7784,6,404.0199999999997,6,401.7399999999999,move,improve
7785,6,404.0199999999997,6,401.7399999999999,move,improve
7786,6,404.0199999999997,6,401.7399999999999,swap,notBad
7787,6,404.0199999999997,6,401.7399999999999,2opt,notBad
7788,6,404.0199999999997,6,401.7399999999999,swap,notBad
7789,6,404.0199999999997,6,401.7399999999999,2opt,improve
7790,6,404.0199999999997,6,401.7399999999999,move,improve
7791,6,404.0199999999997,6,401.7399999999999,move,improve
7792,6,404.0199999999997,6,401.7399999999999,move,improve
7793,6,404.0199999999997,6,401.7399999999999,2opt,notBad
7794,6,404.0199999999997,6,401.7399999999999,swap,notBad
7795,6,404.0199999999997,6,401.7399999999999,swap,notBad
7796,6,406.79999999999967,6,401.7399999999999,swap,acceptBad
7797,6,406.79999999999967,6,401.7399999999999,swap,notBad
7798,6,406.79999999999967,6,401.7399999999999,2opt,notBad
7799,6,406.79999999999967,6,401.7399999999999,2opt,notBad
7800,6,406.79999999999967,6,401.7399999999999,move,improve
7801,6,406.79999999999967,6,401.7399999999999,2opt,notBad
7802,6,406.79999999999967,6,401.7399999999999,2opt,notBad
7803,6,406.79999999999967,6,401.7399999999999,2opt,notBad
7804,6,406.79999999999967,6,401.7399999999999,move,improve
7805,6,406.79999999999967,6,401.7399999999999,swap,notBad
7806,6,406.79999999999967,6,401.7399999999999,move,improve
7807,6,406.79999999999967,6,401.7399999999999,swap,notBad
7808,6,406.79999999999967,6,401.7399999999999,move,improve
7809,6,406.79999999999967,6,401.7399999999999,move,improve
7810,6,406.79999999999967,6,401.7399999999999,move,improve
7811,6,406.79999999999967,6,401.7399999999999,swap,notBad
7812,6,406.79999999999967,6,401.7399999999999,swap,notBad
7813,6,406.79999999999967,6,401.7399999999999,swap,notBad
7814,6,406.79999999999967,6,401.7399999999999,2opt,notBad
7815,6,406.79999999999967,6,401.7399999999999,move,improve
7816,6,406.79999999999967,6,401.7399999999999,move,improve
7817,6,406.79999999999967,6,401.7399999999999,2opt,notBad
7818,6,406.79999999999967,6,401.7399999999999,move,improve
7819,6,406.79999999999967,6,401.7399999999999,2opt,notBad
7820,6,406.79999999999967,6,401.7399999999999,move,improve
7821,6,406.79999999999967,6,401.7399999999999,move,improve
7822,6,406.79999999999967,6,401.7399999999999,move,improve
7823,6,406.79999999999967,6,401.7399999999999,move,improve
7824,6,406.79999999999967,6,401.7399999999999,2opt,notBad
7825,6,406.79999999999967,6,401.7399999999999,move,improve
7826,6,406.79999999999967,6,401.7399999999999,2opt,notBad
7827,6,406.79999999999967,6,401.7399999999999,move,improve
7828,6,406.79999999999967,6,401.7399999999999,swap,notBad
7829,6,406.79999999999967,6,401.7399999999999,move,improve
7830,6,406.79999999999967,6,401.7399999999999,2opt,notBad
7831,6,406.79999999999967,6,401.7399999999999,move,improve
7832,6,406.79999999999967,6,401.7399999999999,2opt,improve
7833,6,406.79999999999967,6,401.7399999999999,swap,notBad
7834,6,406.79999999999967,6,401.7399999999999,move,improve
7835,6,406.79999999999967,6,401.7399999999999,move,improve
7836,6,406.79999999999967,6,401.7399999999999,swap,notBad
7837,6,406.79999999999967,6,401.7399999999999,2opt,notBad
7838,6,406.79999999999967,6,401.7399999999999,move,improve
7839,6,406.79999999999967,6,401.7399999999999,2opt,notBad
7840,6,406.79999999999967,6,401.7399999999999,2opt,notBad
7841,6,406.79999999999967,6,401.7399999999999,swap,notBad
7842,6,406.79999999999967,6,401.7399999999999,swap,notBad
7843,6,406.79999999999967,6,401.7399999999999,swap,notBad
7844,6,406.79999999999967,6,401.7399999999999,2opt,notBad
7845,6,406.79999999999967,6,401.7399999999999,swap,notBad
7846,6,406.79999999999967,6,401.7399999999999,swap,notBad
7847,6,406.79999999999967,6,401.7399999999999,2opt,notBad
7848,6,406.79999999999967,6,401.7399999999999,move,improve
7849,6,406.79999999999967,6,401.7399999999999,swap,notBad
7850,6,406.79999999999967,6,401.7399999999999,swap,notBad
7851,6,406.79999999999967,6,401.7399999999999,2opt,notBad
7852,6,406.79999999999967,6,401.7399999999999,2opt,notBad
7853,6,406.79999999999967,6,401.7399999999999,move,improve
7854,6,406.79999999999967,6,401.7399999999999,swap,notBad
7855,6,406.79999999999967,6,401.7399999999999,2opt,notBad
7856,6,406.79999999999967,6,401.7399999999999,swap,notBad
7857,6,406.79999999999967,6,401.7399999999999,move,improve
7858,6,406.79999999999967,6,401.7399999999999,2opt,notBad
7859,6,406.79999999999967,6,401.7399999999999,move,improve
7860,6,406.79999999999967,6,401.7399999999999,2opt,notBad
7861,6,406.79999999999967,6,401.7399999999999,swap,notBad
7862,6,406.79999999999967,6,401.7399999999999,move,improve
7863,6,406.79999999999967,6,401.7399999999999,2opt,notBad
7864,6,406.79999999999967,6,401.7399999999999,2opt,notBad
7865,6,407.5000000000001,6,401.7399999999999,move,acceptBad
7866,6,407.8800000000001,6,401.7399999999999,swap,acceptBad
7867,6,407.8800000000001,6,401.7399999999999,move,improve
7868,6,407.8800000000001,6,401.7399999999999,2opt,notBad
7869,6,407.8800000000001,6,401.7399999999999,swap,notBad
7870,6,407.8800000000001,6,401.7399999999999,swap,notBad
7871,6,407.8800000000001,6,401.7399999999999,2opt,notBad
7872,6,407.8800000000001,6,401.7399999999999,move,improve
7873,6,407.8800000000001,6,401.7399999999999,move,improve
7874,6,407.8800000000001,6,401.7399999999999,swap,notBad
7875,6,407.8800000000001,6,401.7399999999999,2opt,notBad
7876,6,407.8800000000001,6,401.7399999999999,2opt,notBad
7877,6,407.8800000000001,6,401.7399999999999,2opt,notBad
7878,6,407.8800000000001,6,401.7399999999999,swap,notBad
7879,6,407.8800000000001,6,401.7399999999999,swap,notBad
7880,6,407.8800000000001,6,401.7399999999999,swap,notBad
7881,6,407.8800000000001,6,401.7399999999999,2opt,notBad
7882,6,407.8800000000001,6,401.7399999999999,swap,notBad
7883,6,409.18000000000006,6,401.7399999999999,swap,acceptBad
7884,6,409.18000000000006,6,401.7399999999999,move,improve
7885,6,409.18000000000006,6,401.7399999999999,move,improve
7886,6,409.18000000000006,6,401.7399999999999,2opt,notBad
7887,6,409.18000000000006,6,401.7399999999999,2opt,improve
7888,6,409.18000000000006,6,401.7399999999999,move,improve
7889,6,409.18000000000006,6,401.7399999999999,swap,notBad
7890,6,409.18000000000006,6,401.7399999999999,swap,notBad
7891,6,409.18000000000006,6,401.7399999999999,move,improve
7892,6,409.18000000000006,6,401.7399999999999,move,improve
7893,6,409.18000000000006,6,401.7399999999999,2opt,notBad
7894,6,409.18000000000006,6,401.7399999999999,swap,notBad
7895,6,409.18000000000006,6,401.7399999999999,swap,notBad
7896,6,409.18000000000006,6,401.7399999999999,move,improve
7897,6,409.18000000000006,6,401.7399999999999,2opt,notBad
7898,6,409.18000000000006,6,401.7399999999999,2opt,notBad
7899,6,409.18000000000006,6,401.7399999999999,swap,notBad
7900,6,409.18000000000006,6,401.7399999999999,swap,notBad
7901,6,409.18000000000006,6,401.7399999999999,2opt,notBad
7902,6,409.18000000000006,6,401.7399999999999,swap,notBad
7903,6,409.18000000000006,6,401.7399999999999,swap,notBad
7904,6,409.18000000000006,6,401.7399999999999,2opt,notBad
7905,6,409.18000000000006,6,401.7399999999999,2opt,notBad
7906,6,409.18000000000006,6,401.7399999999999,move,improve
7907,6,409.18000000000006,6,401.7399999999999,move,improve
7908,6,409.18000000000006,6,401.7399999999999,swap,notBad
7909,6,409.18000000000006,6,401.7399999999999,move,improve
7910,6,409.18000000000006,6,401.7399999999999,move,improve
7911,6,409.18000000000006,6,401.7399999999999,2opt,notBad
7912,6,409.18000000000006,6,401.7399999999999,2opt,notBad
7913,6,409.18000000000006,6,401.7399999999999,2opt,notBad
7914,6,409.18000000000006,6,401.7399999999999,swap,notBad
7915,6,409.18000000000006,6,401.7399999999999,2opt,notBad
7916,6,409.18000000000006,6,401.7399999999999,move,improve
7917,6,409.18000000000006,6,401.7399999999999,move,improve
7918,6,409.18000000000006,6,401.7399999999999,move,improve
7919,6,409.18000000000006,6,401.7399999999999,move,improve
7920,6,409.18000000000006,6,401.7399999999999,swap,notBad
7921,6,409.18000000000006,6,401.7399999999999,swap,notBad
7922,6,408.80000000000007,6,401.7399999999999,move,improve
7923,6,408.80000000000007,6,401.7399999999999,2opt,notBad
7924,6,408.80000000000007,6,401.7399999999999,move,improve
7925,6,408.80000000000007,6,401.7399999999999,2opt,notBad
7926,6,408.80000000000007,6,401.7399999999999,move,improve
7927,6,408.80000000000007,6,401.7399999999999,move,improve
7928,6,408.80000000000007,6,401.7399999999999,move,improve
7929,6,408.80000000000007,6,401.7399999999999,move,improve
7930,6,408.80000000000007,6,401.7399999999999,2opt,notBad
7931,6,408.80000000000007,6,401.7399999999999,move,improve
7932,6,408.80000000000007,6,401.7399999999999,swap,notBad
7933,6,408.80000000000007,6,401.7399999999999,swap,notBad
7934,6,408.80000000000007,6,401.7399999999999,2opt,notBad
7935,6,408.80000000000007,6,401.7399999999999,move,improve
7936,6,408.80000000000007,6,401.7399999999999,swap,notBad
7937,6,408.80000000000007,6,401.7399999999999,move,improve
7938,6,408.80000000000007,6,401.7399999999999,swap,notBad
7939,6,408.80000000000007,6,401.7399999999999,swap,notBad
7940,6,408.80000000000007,6,401.7399999999999,2opt,notBad
7941,6,408.80000000000007,6,401.7399999999999,move,improve
7942,6,408.80000000000007,6,401.7399999999999,2opt,notBad
7943,6,408.80000000000007,6,401.7399999999999,2opt,notBad
7944,6,408.80000000000007,6,401.7399999999999,swap,notBad
7945,6,408.80000000000007,6,401.7399999999999,2opt,notBad
7946,6,408.80000000000007,6,401.7399999999999,move,improve
7947,6,408.80000000000007,6,401.7399999999999,2opt,notBad
7948,6,408.80000000000007,6,401.7399999999999,swap,notBad
7949,6,408.80000000000007,6,401.7399999999999,swap,notBad
7950,6,408.80000000000007,6,401.7399999999999,swap,notBad
7951,6,408.80000000000007,6,401.7399999999999,2opt,notBad
7952,6,408.80000000000007,6,401.7399999999999,2opt,notBad
7953,6,408.80000000000007,6,401.7399999999999,2opt,notBad
7954,6,408.80000000000007,6,401.7399999999999,move,improve
7955,6,408.80000000000007,6,401.7399999999999,swap,notBad
7956,6,408.80000000000007,6,401.7399999999999,move,improve
7957,6,408.80000000000007,6,401.7399999999999,2opt,improve
7958,6,408.80000000000007,6,401.7399999999999,swap,notBad
7959,6,408.80000000000007,6,401.7399999999999,2opt,notBad
7960,6,408.80000000000007,6,401.7399999999999,move,improve
7961,6,408.80000000000007,6,401.7399999999999,2opt,notBad
7962,6,408.80000000000007,6,401.7399999999999,2opt,notBad
7963,6,408.80000000000007,6,401.7399999999999,2opt,notBad
7964,6,408.80000000000007,6,401.7399999999999,move,improve
7965,6,408.80000000000007,6,401.7399999999999,2opt,notBad
7966,6,408.80000000000007,6,401.7399999999999,move,improve
7967,6,408.80000000000007,6,401.7399999999999,swap,notBad
7968,6,408.80000000000007,6,401.7399999999999,move,improve
7969,6,408.80000000000007,6,401.7399999999999,swap,notBad
7970,6,408.80000000000007,6,401.7399999999999,swap,notBad
7971,6,408.80000000000007,6,401.7399999999999,2opt,notBad
7972,6,408.80000000000007,6,401.7399999999999,2opt,improve
7973,6,408.80000000000007,6,401.7399999999999,move,improve
7974,6,408.80000000000007,6,401.7399999999999,2opt,notBad
7975,6,408.80000000000007,6,401.7399999999999,2opt,notBad
7976,6,408.80000000000007,6,401.7399999999999,2opt,notBad
7977,6,408.80000000000007,6,401.7399999999999,2opt,notBad
7978,6,408.80000000000007,6,401.7399999999999,swap,notBad
7979,6,405.58000000000015,6,401.7399999999999,move,improve
7980,6,405.58000000000015,6,401.7399999999999,2opt,notBad
7981,6,405.58000000000015,6,401.7399999999999,2opt,notBad
7982,6,405.58000000000015,6,401.7399999999999,move,improve
7983,6,405.58000000000015,6,401.7399999999999,move,improve
7984,6,405.58000000000015,6,401.7399999999999,swap,notBad
7985,6,405.58000000000015,6,401.7399999999999,2opt,notBad
7986,6,405.58000000000015,6,401.7399999999999,2opt,improve
7987,6,405.58000000000015,6,401.7399999999999,2opt,notBad
7988,6,405.58000000000015,6,401.7399999999999,2opt,notBad
7989,6,405.58000000000015,6,401.7399999999999,swap,notBad
7990,6,405.58000000000015,6,401.7399999999999,move,improve
7991,6,405.58000000000015,6,401.7399999999999,2opt,notBad
7992,6,405.58000000000015,6,401.7399999999999,2opt,notBad
7993,6,405.58000000000015,6,401.7399999999999,2opt,notBad
7994,6,405.58000000000015,6,401.7399999999999,swap,notBad
7995,6,405.58000000000015,6,401.7399999999999,swap,notBad
7996,6,405.58000000000015,6,401.7399999999999,move,improve
7997,6,405.58000000000015,6,401.7399999999999,2opt,notBad
7998,6,405.58000000000015,6,401.7399999999999,move,improve
7999,6,405.58000000000015,6,401.7399999999999,swap,notBad
8000,6,405.58000000000015,6,401.7399999999999,2opt,notBad
8001,6,405.58000000000015,6,401.7399999999999,2opt,notBad
8002,6,405.58000000000015,6,401.7399999999999,swap,notBad
8003,6,405.58000000000015,6,401.7399999999999,move,improve
8004,6,405.58000000000015,6,401.7399999999999,move,improve
8005,6,405.58000000000015,6,401.7399999999999,2opt,notBad
8006,6,405.58000000000015,6,401.7399999999999,2opt,notBad
8007,6,405.58000000000015,6,401.7399999999999,swap,notBad
8008,6,405.58000000000015,6,401.7399999999999,swap,notBad
8009,6,405.58000000000015,6,401.7399999999999,2opt,notBad
8010,6,405.58000000000015,6,401.7399999999999,move,improve
8011,6,405.58000000000015,6,401.7399999999999,swap,notBad
8012,6,405.58000000000015,6,401.7399999999999,swap,notBad
8013,6,408.27999999999975,6,401.7399999999999,swap,acceptBad
8014,6,408.27999999999975,6,401.7399999999999,swap,notBad
8015,6,408.27999999999975,6,401.7399999999999,swap,notBad
8016,6,408.27999999999975,6,401.7399999999999,2opt,notBad
8017,6,408.27999999999975,6,401.7399999999999,move,improve
8018,6,408.27999999999975,6,401.7399999999999,2opt,notBad
8019,6,408.27999999999975,6,401.7399999999999,swap,notBad
8020,6,408.27999999999975,6,401.7399999999999,2opt,notBad
8021,6,408.27999999999975,6,401.7399999999999,swap,notBad
8022,6,408.27999999999975,6,401.7399999999999,2opt,notBad
8023,6,408.27999999999975,6,401.7399999999999,swap,notBad
8024,6,408.27999999999975,6,401.7399999999999,swap,notBad
8025,6,408.27999999999975,6,401.7399999999999,swap,notBad
8026,6,408.27999999999975,6,401.7399999999999,move,improve
8027,6,408.27999999999975,6,401.7399999999999,2opt,notBad
8028,6,408.27999999999975,6,401.7399999999999,swap,notBad
8029,6,408.27999999999975,6,401.7399999999999,2opt,notBad
8030,6,408.27999999999975,6,401.7399999999999,swap,notBad
8031,6,408.27999999999975,6,401.7399999999999,swap,notBad
8032,6,408.27999999999975,6,401.7399999999999,2opt,notBad
8033,6,408.27999999999975,6,401.7399999999999,move,improve
8034,6,408.27999999999975,6,401.7399999999999,2opt,improve
8035,6,408.27999999999975,6,401.7399999999999,swap,notBad
8036,6,408.27999999999975,6,401.7399999999999,2opt,notBad
8037,6,408.27999999999975,6,401.7399999999999,2opt,notBad
8038,6,408.27999999999975,6,401.7399999999999,2opt,notBad
8039,6,408.27999999999975,6,401.7399999999999,move,improve
8040,6,408.27999999999975,6,401.7399999999999,swap,notBad
8041,6,408.27999999999975,6,401.7399999999999,2opt,notBad
8042,6,408.27999999999975,6,401.7399999999999,swap,notBad
8043,6,408.27999999999975,6,401.7399999999999,swap,notBad
8044,6,408.27999999999975,6,401.7399999999999,swap,notBad
8045,6,408.27999999999975,6,401.7399999999999,2opt,notBad
8046,6,408.27999999999975,6,401.7399999999999,swap,notBad
8047,6,408.27999999999975,6,401.7399999999999,move,improve
8048,6,408.27999999999975,6,401.7399999999999,swap,notBad
8049,6,408.27999999999975,6,401.7399999999999,2opt,notBad
8050,6,408.27999999999975,6,401.7399999999999,move,improve
8051,6,408.27999999999975,6,401.7399999999999,move,improve
8052,6,408.27999999999975,6,401.7399999999999,move,improve
8053,6,408.27999999999975,6,401.7399999999999,swap,notBad
8054,6,408.27999999999975,6,401.7399999999999,swap,notBad
8055,6,408.27999999999975,6,401.7399999999999,2opt,notBad
8056,6,408.27999999999975,6,401.7399999999999,2opt,notBad
8057,6,408.27999999999975,6,401.7399999999999,move,improve
8058,6,408.27999999999975,6,401.7399999999999,move,improve
8059,6,408.27999999999975,6,401.7399999999999,move,improve
8060,6,408.27999999999975,6,401.7399999999999,move,improve
8061,6,408.27999999999975,6,401.7399999999999,swap,notBad
8062,6,408.27999999999975,6,401.7399999999999,2opt,notBad
8063,6,408.27999999999975,6,401.7399999999999,swap,notBad
8064,6,408.27999999999975,6,401.7399999999999,swap,notBad
8065,6,408.27999999999975,6,401.7399999999999,swap,notBad
8066,6,408.27999999999975,6,401.7399999999999,2opt,notBad
8067,6,408.27999999999975,6,401.7399999999999,move,improve
8068,6,408.27999999999975,6,401.7399999999999,move,improve
8069,6,408.27999999999975,6,401.7399999999999,move,improve
8070,6,408.27999999999975,6,401.7399999999999,move,improve
8071,6,408.27999999999975,6,401.7399999999999,2opt,notBad
8072,6,408.27999999999975,6,401.7399999999999,2opt,notBad
8073,6,408.27999999999975,6,401.7399999999999,2opt,notBad
8074,6,408.27999999999975,6,401.7399999999999,2opt,notBad
8075,6,408.27999999999975,6,401.7399999999999,swap,notBad
8076,6,408.27999999999975,6,401.7399999999999,swap,notBad
8077,6,408.27999999999975,6,401.7399999999999,swap,notBad
8078,6,408.27999999999975,6,401.7399999999999,2opt,notBad
8079,6,408.27999999999975,6,401.7399999999999,move,improve
8080,6,408.27999999999975,6,401.7399999999999,move,improve
8081,6,408.27999999999975,6,401.7399999999999,2opt,notBad
8082,6,408.27999999999975,6,401.7399999999999,2opt,notBad
8083,6,408.27999999999975,6,401.7399999999999,move,improve
8084,6,408.27999999999975,6,401.7399999999999,2opt,notBad
8085,6,408.27999999999975,6,401.7399999999999,2opt,notBad
8086,6,408.27999999999975,6,401.7399999999999,move,improve
8087,6,408.27999999999975,6,401.7399999999999,2opt,notBad
8088,6,408.27999999999975,6,401.7399999999999,2opt,notBad
8089,6,408.27999999999975,6,401.7399999999999,move,improve
8090,6,408.27999999999975,6,401.7399999999999,swap,notBad
8091,6,408.27999999999975,6,401.7399999999999,2opt,notBad
8092,6,408.27999999999975,6,401.7399999999999,move,improve
8093,6,408.27999999999975,6,401.7399999999999,move,improve
8094,6,408.27999999999975,6,401.7399999999999,2opt,notBad
8095,6,408.27999999999975,6,401.7399999999999,move,improve
8096,6,408.27999999999975,6,401.7399999999999,move,improve
8097,6,408.27999999999975,6,401.7399999999999,move,improve
8098,6,408.27999999999975,6,401.7399999999999,swap,notBad
8099,6,408.27999999999975,6,401.7399999999999,2opt,notBad
8100,6,408.27999999999975,6,401.7399999999999,move,improve
8101,6,408.27999999999975,6,401.7399999999999,2opt,notBad
8102,6,408.27999999999975,6,401.7399999999999,swap,notBad
8103,6,408.27999999999975,6,401.7399999999999,2opt,notBad
8104,6,408.27999999999975,6,401.7399999999999,2opt,notBad
8105,6,408.27999999999975,6,401.7399999999999,swap,notBad
8106,6,408.27999999999975,6,401.7399999999999,swap,notBad
8107,6,408.27999999999975,6,401.7399999999999,swap,notBad
8108,6,408.27999999999975,6,401.7399999999999,2opt,notBad
8109,6,407.41999999999973,6,401.7399999999999,move,improve
8110,6,407.41999999999973,6,401.7399999999999,swap,notBad
8111,6,407.41999999999973,6,401.7399999999999,swap,notBad
8112,6,407.41999999999973,6,401.7399999999999,swap,notBad
8113,6,407.41999999999973,6,401.7399999999999,swap,notBad
8114,6,407.41999999999973,6,401.7399999999999,move,improve
8115,6,407.41999999999973,6,401.7399999999999,2opt,notBad
8116,6,407.41999999999973,6,401.7399999999999,swap,notBad
8117,6,407.41999999999973,6,401.7399999999999,move,improve
8118,6,407.41999999999973,6,401.7399999999999,2opt,notBad
8119,6,407.41999999999973,6,401.7399999999999,2opt,notBad
8120,6,407.41999999999973,6,401.7399999999999,move,improve
8121,6,407.41999999999973,6,401.7399999999999,2opt,notBad
8122,6,407.41999999999973,6,401.7399999999999,move,improve
8123,6,407.41999999999973,6,401.7399999999999,move,improve
8124,6,407.41999999999973,6,401.7399999999999,2opt,improve
8125,6,407.41999999999973,6,401.7399999999999,2opt,notBad
8126,6,407.41999999999973,6,401.7399999999999,swap,notBad
8127,6,407.41999999999973,6,401.7399999999999,move,improve
8128,6,407.41999999999973,6,401.7399999999999,swap,notBad
8129,6,407.41999999999973,6,401.7399999999999,swap,notBad
8130,6,407.41999999999973,6,401.7399999999999,2opt,notBad
8131,6,407.41999999999973,6,401.7399999999999,swap,notBad
8132,6,407.41999999999973,6,401.7399999999999,2opt,notBad
8133,6,407.41999999999973,6,401.7399999999999,swap,notBad
8134,6,407.41999999999973,6,401.7399999999999,swap,notBad
8135,6,407.41999999999973,6,401.7399999999999,2opt,notBad
8136,6,407.41999999999973,6,401.7399999999999,swap,notBad
8137,6,407.41999999999973,6,401.7399999999999,2opt,notBad
8138,6,407.41999999999973,6,401.7399999999999,2opt,notBad
8139,6,407.41999999999973,6,401.7399999999999,swap,notBad
8140,6,407.41999999999973,6,401.7399999999999,move,improve
8141,6,407.41999999999973,6,401.7399999999999,2opt,notBad
8142,6,407.41999999999973,6,401.7399999999999,move,improve
8143,6,407.41999999999973,6,401.7399999999999,2opt,notBad
8144,6,408.27999999999975,6,401.7399999999999,swap,acceptBad
8145,6,408.27999999999975,6,401.7399999999999,2opt,notBad
8146,6,408.27999999999975,6,401.7399999999999,swap,notBad
8147,6,408.27999999999975,6,401.7399999999999,2opt,notBad
8148,6,408.27999999999975,6,401.7399999999999,2opt,notBad
8149,6,408.27999999999975,6,401.7399999999999,move,improve
8150,6,408.27999999999975,6,401.7399999999999,move,improve
8151,6,408.27999999999975,6,401.7399999999999,swap,notBad
8152,6,408.27999999999975,6,401.7399999999999,2opt,notBad
8153,6,408.27999999999975,6,401.7399999999999,move,improve
8154,6,408.27999999999975,6,401.7399999999999,2opt,notBad
8155,6,408.27999999999975,6,401.7399999999999,2opt,notBad
8156,6,408.27999999999975,6,401.7399999999999,2opt,notBad
8157,6,408.27999999999975,6,401.7399999999999,move,improve
8158,6,408.27999999999975,6,401.7399999999999,move,improve
8159,6,408.27999999999975,6,401.7399999999999,swap,notBad
8160,6,408.27999999999975,6,401.7399999999999,move,improve
8161,6,408.27999999999975,6,401.7399999999999,move,improve
8162,6,408.27999999999975,6,401.7399999999999,swap,notBad
8163,6,408.27999999999975,6,401.7399999999999,swap,notBad
8164,6,408.27999999999975,6,401.7399999999999,swap,notBad
8165,6,408.27999999999975,6,401.7399999999999,2opt,improve
8166,6,408.86,6,401.7399999999999,swap,acceptBad
8167,6,408.86,6,401.7399999999999,2opt,notBad
8168,6,408.86,6,401.7399999999999,move,improve
8169,6,408.86,6,401.7399999999999,2opt,notBad
8170,6,408.27999999999975,6,401.7399999999999,move,improve
8171,6,408.27999999999975,6,401.7399999999999,swap,notBad
8172,6,408.27999999999975,6,401.7399999999999,move,notBad
8173,6,408.27999999999975,6,401.7399999999999,2opt,notBad
8174,6,408.27999999999975,6,401.7399999999999,move,improve
8175,6,408.27999999999975,6,401.7399999999999,swap,notBad
8176,6,408.27999999999975,6,401.7399999999999,2opt,notBad
8177,6,408.27999999999975,6,401.7399999999999,2opt,notBad
8178,6,408.27999999999975,6,401.7399999999999,2opt,notBad
8179,6,408.27999999999975,6,401.7399999999999,move,improve
8180,6,408.27999999999975,6,401.7399999999999,swap,notBad
8181,6,408.27999999999975,6,401.7399999999999,2opt,notBad
8182,6,408.27999999999975,6,401.7399999999999,swap,notBad
8183,6,408.27999999999975,6,401.7399999999999,swap,notBad
8184,6,408.27999999999975,6,401.7399999999999,swap,notBad
8185,6,408.27999999999975,6,401.7399999999999,swap,notBad
8186,6,408.5999999999998,6,401.7399999999999,swap,acceptBad
8187,6,408.5999999999998,6,401.7399999999999,move,improve
8188,6,408.5999999999998,6,401.7399999999999,move,improve
8189,6,408.5999999999998,6,401.7399999999999,2opt,notBad
8190,6,408.5999999999998,6,401.7399999999999,2opt,notBad
8191,6,408.5999999999998,6,401.7399999999999,2opt,notBad
8192,6,408.5999999999998,6,401.7399999999999,move,improve
8193,6,408.5999999999998,6,401.7399999999999,move,improve
8194,6,408.5999999999998,6,401.7399999999999,move,improve
8195,6,408.5999999999998,6,401.7399999999999,move,improve
8196,6,408.5999999999998,6,401.7399999999999,swap,notBad
8197,6,408.27999999999975,6,401.7399999999999,move,improve
8198,6,408.27999999999975,6,401.7399999999999,move,improve
8199,6,408.27999999999975,6,401.7399999999999,move,improve
8200,6,407.41999999999973,6,401.7399999999999,move,improve
8201,6,407.41999999999973,6,401.7399999999999,2opt,notBad
8202,6,407.41999999999973,6,401.7399999999999,move,improve
8203,6,407.41999999999973,6,401.7399999999999,2opt,notBad
8204,6,407.41999999999973,6,401.7399999999999,2opt,notBad
8205,6,407.41999999999973,6,401.7399999999999,swap,notBad
8206,6,407.41999999999973,6,401.7399999999999,swap,notBad
8207,6,407.41999999999973,6,401.7399999999999,2opt,notBad
8208,6,407.41999999999973,6,401.7399999999999,swap,notBad
8209,6,407.41999999999973,6,401.7399999999999,swap,notBad
8210,6,407.41999999999973,6,401.7399999999999,2opt,notBad
8211,6,407.41999999999973,6,401.7399999999999,2opt,notBad
8212,6,407.41999999999973,6,401.7399999999999,2opt,notBad
8213,6,407.41999999999973,6,401.7399999999999,move,improve
8214,6,407.41999999999973,6,401.7399999999999,move,improve
8215,6,407.41999999999973,6,401.7399999999999,2opt,notBad
8216,6,407.41999999999973,6,401.7399999999999,2opt,notBad
8217,6,407.41999999999973,6,401.7399999999999,swap,notBad
8218,6,407.41999999999973,6,401.7399999999999,2opt,notBad
8219,6,407.41999999999973,6,401.7399999999999,move,improve
8220,6,407.41999999999973,6,401.7399999999999,move,improve
8221,6,407.41999999999973,6,401.7399999999999,swap,notBad
8222,6,407.41999999999973,6,401.7399999999999,2opt,notBad
8223,6,407.41999999999973,6,401.7399999999999,2opt,notBad
8224,6,407.41999999999973,6,401.7399999999999,swap,notBad
8225,6,407.41999999999973,6,401.7399999999999,2opt,notBad
8226,6,407.41999999999973,6,401.7399999999999,2opt,notBad
8227,6,407.41999999999973,6,401.7399999999999,swap,notBad
8228,6,407.41999999999973,6,401.7399999999999,2opt,improve
8229,6,407.41999999999973,6,401.7399999999999,move,improve
8230,6,407.41999999999973,6,401.7399999999999,move,improve
8231,6,407.41999999999973,6,401.7399999999999,swap,notBad
8232,6,407.41999999999973,6,401.7399999999999,move,improve
8233,6,407.41999999999973,6,401.7399999999999,move,improve
8234,6,407.41999999999973,6,401.7399999999999,2opt,notBad
8235,6,407.41999999999973,6,401.7399999999999,swap,notBad
8236,6,407.41999999999973,6,401.7399999999999,swap,notBad
8237,6,407.41999999999973,6,401.7399999999999,swap,notBad
8238,6,407.41999999999973,6,401.7399999999999,swap,notBad
8239,6,407.41999999999973,6,401.7399999999999,swap,notBad
8240,6,407.41999999999973,6,401.7399999999999,2opt,notBad
8241,6,407.41999999999973,6,401.7399999999999,swap,notBad
8242,6,407.41999999999973,6,401.7399999999999,2opt,notBad
8243,6,407.41999999999973,6,401.7399999999999,2opt,notBad
8244,6,407.41999999999973,6,401.7399999999999,swap,notBad
8245,6,407.41999999999973,6,401.7399999999999,swap,notBad
8246,6,407.41999999999973,6,401.7399999999999,swap,notBad
8247,6,407.41999999999973,6,401.7399999999999,2opt,notBad
8248,6,407.41999999999973,6,401.7399999999999,move,improve
8249,6,407.41999999999973,6,401.7399999999999,2opt,notBad
8250,6,407.41999999999973,6,401.7399999999999,swap,notBad
8251,6,407.41999999999973,6,401.7399999999999,2opt,notBad
8252,6,407.41999999999973,6,401.7399999999999,2opt,notBad
8253,6,407.41999999999973,6,401.7399999999999,swap,notBad
8254,6,407.41999999999973,6,401.7399999999999,2opt,notBad
8255,6,407.41999999999973,6,401.7399999999999,swap,notBad
8256,6,407.41999999999973,6,401.7399999999999,move,notBad
8257,6,407.41999999999973,6,401.7399999999999,swap,notBad
8258,6,407.41999999999973,6,401.7399999999999,move,improve
8259,6,407.41999999999973,6,401.7399999999999,move,improve
8260,6,407.41999999999973,6,401.7399999999999,move,improve
8261,6,407.41999999999973,6,401.7399999999999,move,improve
8262,6,407.41999999999973,6,401.7399999999999,2opt,notBad
8263,6,407.41999999999973,6,401.7399999999999,2opt,improve
8264,6,407.41999999999973,6,401.7399999999999,2opt,notBad
8265,6,407.41999999999973,6,401.7399999999999,move,improve
8266,6,407.41999999999973,6,401.7399999999999,2opt,improve
8267,6,407.41999999999973,6,401.7399999999999,swap,notBad
8268,6,407.41999999999973,6,401.7399999999999,swap,notBad
8269,6,407.41999999999973,6,401.7399999999999,move,improve
8270,6,407.41999999999973,6,401.7399999999999,swap,notBad
8271,6,407.41999999999973,6,401.7399999999999,swap,notBad
8272,6,407.41999999999973,6,401.7399999999999,2opt,notBad
8273,6,407.41999999999973,6,401.7399999999999,2opt,notBad
8274,6,407.41999999999973,6,401.7399999999999,2opt,notBad
8275,6,407.41999999999973,6,401.7399999999999,move,improve
8276,6,407.41999999999973,6,401.7399999999999,swap,notBad
8277,6,407.41999999999973,6,401.7399999999999,2opt,improve
8278,6,407.41999999999973,6,401.7399999999999,2opt,notBad
8279,6,407.41999999999973,6,401.7399999999999,swap,notBad
8280,6,407.41999999999973,6,401.7399999999999,swap,notBad
8281,6,407.41999999999973,6,401.7399999999999,2opt,notBad
8282,6,407.41999999999973,6,401.7399999999999,swap,notBad
8283,6,407.41999999999973,6,401.7399999999999,swap,notBad
8284,6,407.41999999999973,6,401.7399999999999,move,improve
8285,6,407.41999999999973,6,401.7399999999999,move,improve
8286,6,407.41999999999973,6,401.7399999999999,2opt,notBad
8287,6,407.41999999999973,6,401.7399999999999,swap,notBad
8288,6,407.41999999999973,6,401.7399999999999,move,improve
8289,6,407.41999999999973,6,401.7399999999999,move,improve
8290,6,407.41999999999973,6,401.7399999999999,move,improve
8291,6,407.41999999999973,6,401.7399999999999,swap,notBad
8292,6,407.41999999999973,6,401.7399999999999,move,improve
8293,6,407.41999999999973,6,401.7399999999999,2opt,notBad
8294,6,407.41999999999973,6,401.7399999999999,swap,notBad
8295,6,407.41999999999973,6,401.7399999999999,2opt,notBad
8296,6,407.41999999999973,6,401.7399999999999,move,improve
8297,6,407.41999999999973,6,401.7399999999999,2opt,improve
8298,6,407.41999999999973,6,401.7399999999999,swap,notBad
8299,6,407.41999999999973,6,401.7399999999999,2opt,notBad
8300,6,407.41999999999973,6,401.7399999999999,move,improve
8301,6,407.41999999999973,6,401.7399999999999,2opt,improve
8302,6,407.41999999999973,6,401.7399999999999,move,improve
8303,6,407.41999999999973,6,401.7399999999999,swap,notBad
8304,6,407.41999999999973,6,401.7399999999999,swap,notBad
8305,6,407.41999999999973,6,401.7399999999999,swap,notBad
8306,6,407.41999999999973,6,401.7399999999999,swap,notBad
8307,6,407.41999999999973,6,401.7399999999999,move,improve
8308,6,407.41999999999973,6,401.7399999999999,swap,notBad
8309,6,407.41999999999973,6,401.7399999999999,2opt,notBad
8310,6,407.41999999999973,6,401.7399999999999,swap,notBad
8311,6,407.41999999999973,6,401.7399999999999,2opt,notBad
8312,6,407.41999999999973,6,401.7399999999999,2opt,notBad
8313,6,407.41999999999973,6,401.7399999999999,move,improve
8314,6,407.41999999999973,6,401.7399999999999,move,improve
8315,6,407.41999999999973,6,401.7399999999999,swap,notBad
8316,6,407.41999999999973,6,401.7399999999999,2opt,notBad
8317,6,407.41999999999973,6,401.7399999999999,move,improve
8318,6,407.41999999999973,6,401.7399999999999,move,improve
8319,6,407.41999999999973,6,401.7399999999999,move,improve
8320,6,407.41999999999973,6,401.7399999999999,swap,notBad
8321,6,407.41999999999973,6,401.7399999999999,move,improve
8322,6,407.41999999999973,6,401.7399999999999,move,improve
8323,6,407.41999999999973,6,401.7399999999999,swap,notBad
8324,6,407.41999999999973,6,401.7399999999999,move,improve
8325,6,407.41999999999973,6,401.7399999999999,move,improve
8326,6,407.41999999999973,6,401.7399999999999,2opt,notBad
8327,6,407.41999999999973,6,401.7399999999999,2opt,notBad
8328,6,407.41999999999973,6,401.7399999999999,move,improve
8329,6,407.41999999999973,6,401.7399999999999,2opt,notBad
8330,6,407.41999999999973,6,401.7399999999999,move,improve
8331,6,407.41999999999973,6,401.7399999999999,2opt,notBad
8332,6,407.41999999999973,6,401.7399999999999,2opt,notBad
8333,6,407.41999999999973,6,401.7399999999999,move,improve
8334,6,407.41999999999973,6,401.7399999999999,swap,notBad
8335,6,407.41999999999973,6,401.7399999999999,swap,notBad
8336,6,407.41999999999973,6,401.7399999999999,swap,notBad
8337,6,407.41999999999973,6,401.7399999999999,move,improve
8338,6,407.41999999999973,6,401.7399999999999,move,improve
8339,6,407.41999999999973,6,401.7399999999999,move,improve
8340,6,407.41999999999973,6,401.7399999999999,2opt,improve
8341,6,407.41999999999973,6,401.7399999999999,2opt,notBad
8342,6,407.41999999999973,6,401.7399999999999,swap,notBad
8343,6,407.41999999999973,6,401.7399999999999,swap,notBad
8344,6,407.41999999999973,6,401.7399999999999,swap,notBad
8345,6,407.41999999999973,6,401.7399999999999,move,improve
8346,6,407.41999999999973,6,401.7399999999999,move,improve
8347,6,407.41999999999973,6,401.7399999999999,swap,notBad
8348,6,407.41999999999973,6,401.7399999999999,2opt,notBad
8349,6,407.41999999999973,6,401.7399999999999,2opt,notBad
8350,6,407.41999999999973,6,401.7399999999999,swap,notBad
8351,6,407.41999999999973,6,401.7399999999999,2opt,improve
8352,6,407.41999999999973,6,401.7399999999999,move,improve
8353,6,407.41999999999973,6,401.7399999999999,move,improve
8354,6,407.41999999999973,6,401.7399999999999,2opt,notBad
8355,6,407.41999999999973,6,401.7399999999999,move,improve
8356,6,407.41999999999973,6,401.7399999999999,2opt,notBad
8357,6,407.41999999999973,6,401.7399999999999,swap,notBad
8358,6,407.41999999999973,6,401.7399999999999,move,improve
8359,6,407.41999999999973,6,401.7399999999999,move,improve
8360,6,407.41999999999973,6,401.7399999999999,move,improve
8361,6,407.41999999999973,6,401.7399999999999,swap,notBad
8362,6,407.41999999999973,6,401.7399999999999,2opt,notBad
8363,6,407.41999999999973,6,401.7399999999999,move,improve
8364,6,407.41999999999973,6,401.7399999999999,move,improve
8365,6,407.41999999999973,6,401.7399999999999,2opt,notBad
8366,6,407.41999999999973,6,401.7399999999999,swap,notBad
8367,6,407.41999999999973,6,401.7399999999999,swap,notBad
8368,6,407.41999999999973,6,401.7399999999999,move,improve
8369,6,407.41999999999973,6,401.7399999999999,2opt,notBad
8370,6,407.41999999999973,6,401.7399999999999,swap,notBad
8371,6,407.41999999999973,6,401.7399999999999,move,improve
8372,6,407.41999999999973,6,401.7399999999999,swap,notBad
8373,6,407.41999999999973,6,401.7399999999999,swap,notBad
8374,6,407.41999999999973,6,401.7399999999999,2opt,notBad
8375,6,407.41999999999973,6,401.7399999999999,swap,notBad
8376,6,407.41999999999973,6,401.7399999999999,move,improve
8377,6,407.41999999999973,6,401.7399999999999,2opt,notBad
8378,6,407.41999999999973,6,401.7399999999999,2opt,notBad
8379,6,407.41999999999973,6,401.7399999999999,2opt,improve
8380,6,407.41999999999973,6,401.7399999999999,2opt,notBad
8381,6,407.41999999999973,6,401.7399999999999,swap,notBad
8382,6,407.41999999999973,6,401.7399999999999,move,improve
8383,6,407.41999999999973,6,401.7399999999999,swap,notBad
8384,6,407.41999999999973,6,401.7399999999999,move,improve
8385,6,407.41999999999973,6,401.7399999999999,2opt,improve
8386,6,407.41999999999973,6,401.7399999999999,swap,notBad
8387,6,407.41999999999973,6,401.7399999999999,swap,notBad
8388,6,407.41999999999973,6,401.7399999999999,move,improve
8389,6,407.41999999999973,6,401.7399999999999,2opt,notBad
8390,6,407.41999999999973,6,401.7399999999999,2opt,notBad
8391,6,407.41999999999973,6,401.7399999999999,2opt,notBad
8392,6,407.41999999999973,6,401.7399999999999,2opt,notBad
8393,6,407.41999999999973,6,401.7399999999999,2opt,notBad
8394,6,408.27999999999975,6,401.7399999999999,swap,acceptBad
8395,6,408.27999999999975,6,401.7399999999999,move,improve
8396,6,408.27999999999975,6,401.7399999999999,swap,notBad
8397,6,408.27999999999975,6,401.7399999999999,2opt,improve
8398,6,408.27999999999975,6,401.7399999999999,swap,notBad
8399,6,408.27999999999975,6,401.7399999999999,swap,notBad
8400,6,408.27999999999975,6,401.7399999999999,move,improve
8401,6,408.27999999999975,6,401.7399999999999,swap,notBad
8402,6,408.27999999999975,6,401.7399999999999,2opt,notBad
8403,6,408.27999999999975,6,401.7399999999999,2opt,notBad
8404,6,408.27999999999975,6,401.7399999999999,swap,notBad
8405,6,408.27999999999975,6,401.7399999999999,swap,notBad
8406,6,408.27999999999975,6,401.7399999999999,swap,notBad
8407,6,408.27999999999975,6,401.7399999999999,2opt,notBad
8408,6,408.27999999999975,6,401.7399999999999,move,improve
8409,6,408.27999999999975,6,401.7399999999999,move,improve
8410,6,408.27999999999975,6,401.7399999999999,2opt,notBad
8411,6,408.27999999999975,6,401.7399999999999,2opt,notBad
8412,6,408.27999999999975,6,401.7399999999999,move,improve
8413,6,408.27999999999975,6,401.7399999999999,swap,notBad
8414,6,408.27999999999975,6,401.7399999999999,move,improve
8415,6,408.27999999999975,6,401.7399999999999,swap,notBad
8416,6,408.27999999999975,6,401.7399999999999,swap,notBad
8417,6,408.27999999999975,6,401.7399999999999,2opt,notBad
8418,6,408.27999999999975,6,401.7399999999999,move,improve
8419,6,408.27999999999975,6,401.7399999999999,swap,notBad
8420,6,408.27999999999975,6,401.7399999999999,move,improve
8421,6,408.27999999999975,6,401.7399999999999,move,improve
8422,6,408.27999999999975,6,401.7399999999999,2opt,notBad
8423,6,408.27999999999975,6,401.7399999999999,2opt,notBad
8424,6,408.27999999999975,6,401.7399999999999,move,improve
8425,6,408.27999999999975,6,401.7399999999999,swap,notBad
8426,6,408.27999999999975,6,401.7399999999999,swap,notBad
8427,6,408.27999999999975,6,401.7399999999999,move,improve
8428,6,408.27999999999975,6,401.7399999999999,move,improve
8429,6,408.27999999999975,6,401.7399999999999,2opt,notBad
8430,6,408.27999999999975,6,401.7399999999999,2opt,notBad
8431,6,408.27999999999975,6,401.7399999999999,2opt,notBad
8432,6,408.27999999999975,6,401.7399999999999,move,improve
8433,6,408.27999999999975,6,401.7399999999999,move,improve
8434,6,408.27999999999975,6,401.7399999999999,2opt,notBad
8435,6,408.27999999999975,6,401.7399999999999,swap,notBad
8436,6,408.27999999999975,6,401.7399999999999,swap,notBad
8437,6,408.27999999999975,6,401.7399999999999,2opt,notBad
8438,6,408.27999999999975,6,401.7399999999999,move,improve
8439,6,408.27999999999975,6,401.7399999999999,move,improve
8440,6,408.27999999999975,6,401.7399999999999,swap,notBad
8441,6,408.27999999999975,6,401.7399999999999,move,improve
8442,6,408.27999999999975,6,401.7399999999999,move,improve
8443,6,408.27999999999975,6,401.7399999999999,move,improve
8444,6,408.27999999999975,6,401.7399999999999,move,improve
8445,6,408.27999999999975,6,401.7399999999999,2opt,notBad
8446,6,408.27999999999975,6,401.7399999999999,2opt,notBad
8447,6,408.27999999999975,6,401.7399999999999,swap,notBad
8448,6,408.27999999999975,6,401.7399999999999,2opt,improve
8449,6,408.27999999999975,6,401.7399999999999,2opt,notBad
8450,6,408.27999999999975,6,401.7399999999999,swap,notBad
8451,6,408.27999999999975,6,401.7399999999999,2opt,notBad
8452,6,408.27999999999975,6,401.7399999999999,swap,notBad
8453,6,408.27999999999975,6,401.7399999999999,2opt,notBad
8454,6,408.27999999999975,6,401.7399999999999,swap,notBad
8455,6,408.27999999999975,6,401.7399999999999,2opt,notBad
8456,6,409.63999999999976,6,401.7399999999999,swap,acceptBad
8457,6,409.63999999999976,6,401.7399999999999,2opt,notBad
8458,6,409.63999999999976,6,401.7399999999999,move,improve
8459,6,409.63999999999976,6,401.7399999999999,move,improve
8460,6,409.63999999999976,6,401.7399999999999,swap,notBad
8461,6,409.63999999999976,6,401.7399999999999,2opt,notBad
8462,6,409.63999999999976,6,401.7399999999999,move,improve
8463,6,409.63999999999976,6,401.7399999999999,2opt,notBad
8464,6,409.63999999999976,6,401.7399999999999,swap,notBad
8465,6,409.63999999999976,6,401.7399999999999,2opt,notBad
8466,6,409.63999999999976,6,401.7399999999999,2opt,notBad
8467,6,409.63999999999976,6,401.7399999999999,2opt,notBad
8468,6,409.63999999999976,6,401.7399999999999,swap,notBad
8469,6,409.63999999999976,6,401.7399999999999,swap,notBad
8470,6,409.63999999999976,6,401.7399999999999,2opt,notBad
8471,6,409.63999999999976,6,401.7399999999999,move,improve
8472,6,409.63999999999976,6,401.7399999999999,swap,notBad
8473,6,409.63999999999976,6,401.7399999999999,move,improve
8474,6,409.63999999999976,6,401.7399999999999,move,improve
8475,6,409.63999999999976,6,401.7399999999999,swap,notBad
8476,6,409.63999999999976,6,401.7399999999999,move,notBad
8477,6,409.63999999999976,6,401.7399999999999,swap,notBad
8478,6,409.63999999999976,6,401.7399999999999,move,improve
8479,6,409.63999999999976,6,401.7399999999999,move,improve
8480,6,409.63999999999976,6,401.7399999999999,move,improve
8481,6,409.63999999999976,6,401.7399999999999,move,improve
8482,6,409.63999999999976,6,401.7399999999999,swap,notBad
8483,6,409.63999999999976,6,401.7399999999999,2opt,improve
8484,6,409.63999999999976,6,401.7399999999999,move,improve
8485,6,409.63999999999976,6,401.7399999999999,move,improve
8486,6,409.63999999999976,6,401.7399999999999,2opt,notBad
8487,6,409.63999999999976,6,401.7399999999999,swap,notBad
8488,6,409.63999999999976,6,401.7399999999999,2opt,notBad
8489,6,409.63999999999976,6,401.7399999999999,2opt,notBad
8490,6,409.63999999999976,6,401.7399999999999,move,improve
8491,6,409.63999999999976,6,401.7399999999999,swap,notBad
8492,6,409.63999999999976,6,401.7399999999999,swap,notBad
8493,6,409.63999999999976,6,401.7399999999999,2opt,notBad
8494,6,409.63999999999976,6,401.7399999999999,swap,notBad
8495,6,409.63999999999976,6,401.7399999999999,swap,notBad
8496,6,409.63999999999976,6,401.7399999999999,swap,notBad
8497,6,409.63999999999976,6,401.7399999999999,2opt,notBad
8498,6,409.63999999999976,6,401.7399999999999,swap,notBad
8499,6,409.63999999999976,6,401.7399999999999,move,improve
8500,6,409.63999999999976,6,401.7399999999999,swap,notBad
8501,6,409.63999999999976,6,401.7399999999999,move,improve
8502,6,409.63999999999976,6,401.7399999999999,swap,notBad
8503,6,409.63999999999976,6,401.7399999999999,move,improve
8504,6,409.63999999999976,6,401.7399999999999,move,improve
8505,6,409.63999999999976,6,401.7399999999999,2opt,notBad
8506,6,409.63999999999976,6,401.7399999999999,swap,notBad
8507,6,408.27999999999975,6,401.7399999999999,move,improve
8508,6,408.27999999999975,6,401.7399999999999,move,improve
8509,6,408.27999999999975,6,401.7399999999999,2opt,notBad
8510,6,408.27999999999975,6,401.7399999999999,2opt,notBad
8511,6,408.27999999999975,6,401.7399999999999,move,notBad
8512,6,408.27999999999975,6,401.7399999999999,move,improve
8513,6,408.27999999999975,6,401.7399999999999,swap,notBad
8514,6,408.27999999999975,6,401.7399999999999,move,improve
8515,6,408.27999999999975,6,401.7399999999999,move,improve
8516,6,408.27999999999975,6,401.7399999999999,move,improve
8517,6,408.27999999999975,6,401.7399999999999,swap,notBad
8518,6,408.27999999999975,6,401.7399999999999,2opt,improve
8519,6,408.27999999999975,6,401.7399999999999,swap,notBad
8520,6,408.27999999999975,6,401.7399999999999,2opt,notBad
8521,6,408.27999999999975,6,401.7399999999999,move,improve
8522,6,408.27999999999975,6,401.7399999999999,swap,notBad
8523,6,408.27999999999975,6,401.7399999999999,move,improve
8524,6,408.27999999999975,6,401.7399999999999,2opt,notBad
8525,6,408.27999999999975,6,401.7399999999999,2opt,notBad
8526,6,408.27999999999975,6,401.7399999999999,2opt,notBad
8527,6,408.27999999999975,6,401.7399999999999,2opt,notBad
8528,6,408.27999999999975,6,401.7399999999999,move,improve
8529,6,408.27999999999975,6,401.7399999999999,move,improve
8530,6,408.27999999999975,6,401.7399999999999,move,improve
8531,6,408.27999999999975,6,401.7399999999999,2opt,notBad
8532,6,408.27999999999975,6,401.7399999999999,swap,notBad
8533,6,407.41999999999973,6,401.7399999999999,move,improve
8534,6,407.41999999999973,6,401.7399999999999,move,improve
8535,6,407.41999999999973,6,401.7399999999999,2opt,notBad
8536,6,407.41999999999973,6,401.7399999999999,swap,notBad
8537,6,407.41999999999973,6,401.7399999999999,move,improve
8538,6,407.41999999999973,6,401.7399999999999,move,improve
8539,6,407.41999999999973,6,401.7399999999999,2opt,notBad
8540,6,407.41999999999973,6,401.7399999999999,move,improve
8541,6,407.41999999999973,6,401.7399999999999,2opt,notBad
8542,6,407.41999999999973,6,401.7399999999999,move,improve
8543,6,407.41999999999973,6,401.7399999999999,swap,notBad
8544,6,407.41999999999973,6,401.7399999999999,2opt,notBad
8545,6,407.41999999999973,6,401.7399999999999,move,improve
8546,6,407.41999999999973,6,401.7399999999999,swap,notBad
8547,6,407.41999999999973,6,401.7399999999999,swap,notBad
8548,6,407.41999999999973,6,401.7399999999999,2opt,notBad
8549,6,407.41999999999973,6,401.7399999999999,move,improve
8550,6,407.41999999999973,6,401.7399999999999,2opt,notBad
8551,6,407.41999999999973,6,401.7399999999999,2opt,notBad
8552,6,407.41999999999973,6,401.7399999999999,move,improve
8553,6,407.41999999999973,6,401.7399999999999,swap,notBad
8554,6,407.41999999999973,6,401.7399999999999,2opt,notBad
8555,6,407.41999999999973,6,401.7399999999999,move,improve
8556,6,407.41999999999973,6,401.7399999999999,move,improve
8557,6,407.41999999999973,6,401.7399999999999,2opt,notBad
8558,6,408.0,6,401.7399999999999,swap,acceptBad
8559,6,408.0,6,401.7399999999999,swap,notBad
8560,6,408.0,6,401.7399999999999,2opt,notBad
8561,6,408.0,6,401.7399999999999,swap,notBad
8562,6,408.0,6,401.7399999999999,2opt,notBad
8563,6,408.0,6,401.7399999999999,2opt,notBad
8564,6,408.0,6,401.7399999999999,move,improve
8565,6,408.0,6,401.7399999999999,swap,notBad
8566,6,408.0,6,401.7399999999999,swap,notBad
8567,6,407.41999999999973,6,401.7399999999999,move,improve
8568,6,407.41999999999973,6,401.7399999999999,swap,notBad
8569,6,407.41999999999973,6,401.7399999999999,move,improve
8570,6,407.41999999999973,6,401.7399999999999,2opt,notBad
8571,6,407.41999999999973,6,401.7399999999999,swap,notBad
8572,6,407.41999999999973,6,401.7399999999999,move,improve
8573,6,407.41999999999973,6,401.7399999999999,2opt,notBad
8574,6,407.41999999999973,6,401.7399999999999,swap,notBad
8575,6,407.41999999999973,6,401.7399999999999,2opt,notBad
8576,6,407.41999999999973,6,401.7399999999999,swap,notBad
8577,6,407.41999999999973,6,401.7399999999999,swap,notBad
8578,6,407.41999999999973,6,401.7399999999999,2opt,notBad
8579,6,407.41999999999973,6,401.7399999999999,move,improve
8580,6,407.41999999999973,6,401.7399999999999,swap,notBad
8581,6,407.41999999999973,6,401.7399999999999,2opt,notBad
8582,6,407.41999999999973,6,401.7399999999999,move,improve
8583,6,407.41999999999973,6,401.7399999999999,move,improve
8584,6,407.41999999999973,6,401.7399999999999,move,improve
8585,6,407.41999999999973,6,401.7399999999999,move,improve
8586,6,407.41999999999973,6,401.7399999999999,2opt,notBad
8587,6,407.41999999999973,6,401.7399999999999,swap,notBad
8588,6,407.41999999999973,6,401.7399999999999,2opt,improve
8589,6,408.77999999999975,6,401.7399999999999,swap,acceptBad
8590,6,408.77999999999975,6,401.7399999999999,swap,notBad
8591,6,408.77999999999975,6,401.7399999999999,2opt,notBad
8592,6,408.77999999999975,6,401.7399999999999,move,improve
8593,6,408.77999999999975,6,401.7399999999999,swap,notBad
8594,6,408.77999999999975,6,401.7399999999999,2opt,notBad
8595,6,408.77999999999975,6,401.7399999999999,swap,notBad
8596,6,408.77999999999975,6,401.7399999999999,swap,notBad
8597,6,408.77999999999975,6,401.7399999999999,2opt,notBad
8598,6,408.77999999999975,6,401.7399999999999,swap,notBad
8599,6,408.77999999999975,6,401.7399999999999,move,improve
8600,6,408.77999999999975,6,401.7399999999999,2opt,notBad
8601,6,408.77999999999975,6,401.7399999999999,2opt,notBad
8602,6,408.77999999999975,6,401.7399999999999,move,improve
8603,6,408.77999999999975,6,401.7399999999999,move,improve
8604,6,408.77999999999975,6,401.7399999999999,swap,notBad
8605,6,408.77999999999975,6,401.7399999999999,2opt,notBad
8606,6,408.77999999999975,6,401.7399999999999,swap,notBad
8607,6,408.77999999999975,6,401.7399999999999,swap,notBad
8608,6,408.77999999999975,6,401.7399999999999,2opt,notBad
8609,6,408.77999999999975,6,401.7399999999999,2opt,notBad
8610,6,408.77999999999975,6,401.7399999999999,swap,notBad
8611,6,408.77999999999975,6,401.7399999999999,move,improve
8612,6,408.77999999999975,6,401.7399999999999,2opt,notBad
8613,6,408.77999999999975,6,401.7399999999999,swap,notBad
8614,6,408.77999999999975,6,401.7399999999999,2opt,notBad
8615,6,408.77999999999975,6,401.7399999999999,swap,notBad
8616,6,408.77999999999975,6,401.7399999999999,swap,notBad
8617,6,408.77999999999975,6,401.7399999999999,move,improve
8618,6,408.77999999999975,6,401.7399999999999,swap,notBad
8619,6,408.77999999999975,6,401.7399999999999,move,improve
8620,6,408.77999999999975,6,401.7399999999999,swap,notBad
8621,6,408.77999999999975,6,401.7399999999999,2opt,notBad
8622,6,408.77999999999975,6,401.7399999999999,move,improve
8623,6,408.77999999999975,6,401.7399999999999,move,improve
8624,6,408.77999999999975,6,401.7399999999999,move,improve
8625,6,408.77999999999975,6,401.7399999999999,swap,notBad
8626,6,408.77999999999975,6,401.7399999999999,swap,notBad
8627,6,408.77999999999975,6,401.7399999999999,swap,notBad
8628,6,408.77999999999975,6,401.7399999999999,2opt,notBad
8629,6,408.77999999999975,6,401.7399999999999,swap,notBad
8630,6,408.77999999999975,6,401.7399999999999,2opt,improve
8631,6,408.77999999999975,6,401.7399999999999,move,improve
8632,6,408.77999999999975,6,401.7399999999999,2opt,notBad
8633,6,408.77999999999975,6,401.7399999999999,2opt,notBad
8634,6,408.77999999999975,6,401.7399999999999,swap,notBad
8635,6,408.77999999999975,6,401.7399999999999,swap,notBad
8636,6,408.77999999999975,6,401.7399999999999,swap,notBad
8637,6,408.77999999999975,6,401.7399999999999,2opt,notBad
8638,6,408.77999999999975,6,401.7399999999999,move,improve
8639,6,408.77999999999975,6,401.7399999999999,swap,notBad
8640,6,408.77999999999975,6,401.7399999999999,move,improve
8641,6,408.77999999999975,6,401.7399999999999,2opt,notBad
8642,6,408.77999999999975,6,401.7399999999999,swap,notBad
8643,6,408.77999999999975,6,401.7399999999999,swap,notBad
8644,6,408.77999999999975,6,401.7399999999999,2opt,notBad
8645,6,408.77999999999975,6,401.7399999999999,2opt,notBad
8646,6,408.77999999999975,6,401.7399999999999,swap,notBad
8647,6,408.77999999999975,6,401.7399999999999,swap,notBad
8648,6,408.77999999999975,6,401.7399999999999,move,improve
8649,6,408.77999999999975,6,401.7399999999999,2opt,notBad
8650,6,408.77999999999975,6,401.7399999999999,swap,notBad
8651,6,408.77999999999975,6,401.7399999999999,move,improve
8652,6,408.77999999999975,6,401.7399999999999,swap,notBad
8653,6,408.77999999999975,6,401.7399999999999,2opt,notBad
8654,6,408.77999999999975,6,401.7399999999999,swap,notBad
8655,6,408.77999999999975,6,401.7399999999999,2opt,notBad
8656,6,408.77999999999975,6,401.7399999999999,swap,notBad
8657,6,408.77999999999975,6,401.7399999999999,swap,notBad
8658,6,408.77999999999975,6,401.7399999999999,2opt,notBad
8659,6,408.77999999999975,6,401.7399999999999,swap,notBad
8660,6,408.77999999999975,6,401.7399999999999,move,improve
8661,6,408.77999999999975,6,401.7399999999999,move,improve
8662,6,408.77999999999975,6,401.7399999999999,2opt,notBad
8663,6,408.77999999999975,6,401.7399999999999,2opt,notBad
8664,6,408.77999999999975,6,401.7399999999999,swap,notBad
8665,6,408.77999999999975,6,401.7399999999999,move,improve
8666,6,408.77999999999975,6,401.7399999999999,swap,notBad
8667,6,408.77999999999975,6,401.7399999999999,2opt,improve
8668,6,408.77999999999975,6,401.7399999999999,2opt,notBad
8669,6,408.77999999999975,6,401.7399999999999,swap,notBad
8670,6,408.77999999999975,6,401.7399999999999,swap,notBad
8671,6,408.77999999999975,6,401.7399999999999,swap,notBad
8672,6,408.77999999999975,6,401.7399999999999,2opt,notBad
8673,6,408.77999999999975,6,401.7399999999999,move,improve
8674,6,408.77999999999975,6,401.7399999999999,swap,notBad
8675,6,408.77999999999975,6,401.7399999999999,2opt,notBad
8676,6,408.77999999999975,6,401.7399999999999,swap,notBad
8677,6,408.77999999999975,6,401.7399999999999,2opt,notBad
8678,6,408.77999999999975,6,401.7399999999999,2opt,notBad
8679,6,408.77999999999975,6,401.7399999999999,swap,notBad
8680,6,408.77999999999975,6,401.7399999999999,swap,notBad
8681,6,408.77999999999975,6,401.7399999999999,2opt,notBad
8682,6,408.77999999999975,6,401.7399999999999,2opt,notBad
8683,6,408.77999999999975,6,401.7399999999999,swap,notBad
8684,6,408.77999999999975,6,401.7399999999999,2opt,notBad
8685,6,408.77999999999975,6,401.7399999999999,move,improve
8686,6,408.77999999999975,6,401.7399999999999,move,improve
8687,6,408.77999999999975,6,401.7399999999999,swap,notBad
8688,6,408.77999999999975,6,401.7399999999999,move,improve
8689,6,408.77999999999975,6,401.7399999999999,move,improve
8690,6,408.77999999999975,6,401.7399999999999,2opt,notBad
8691,6,408.77999999999975,6,401.7399999999999,move,improve
8692,6,408.77999999999975,6,401.7399999999999,2opt,notBad
8693,6,408.77999999999975,6,401.7399999999999,2opt,notBad
8694,6,408.77999999999975,6,401.7399999999999,2opt,improve
8695,6,408.77999999999975,6,401.7399999999999,2opt,notBad
8696,6,408.3199999999997,6,401.7399999999999,move,improve
8697,6,408.3199999999997,6,401.7399999999999,move,improve
8698,6,408.3199999999997,6,401.7399999999999,2opt,notBad
8699,6,408.3199999999997,6,401.7399999999999,swap,notBad
8700,6,408.3199999999997,6,401.7399999999999,2opt,notBad
8701,6,408.3199999999997,6,401.7399999999999,2opt,notBad
8702,6,408.3199999999997,6,401.7399999999999,move,improve
8703,6,408.3199999999997,6,401.7399999999999,move,improve
8704,6,408.3199999999997,6,401.7399999999999,swap,notBad
8705,6,408.3199999999997,6,401.7399999999999,swap,notBad
8706,6,408.3199999999997,6,401.7399999999999,swap,notBad
8707,6,408.3199999999997,6,401.7399999999999,move,improve
8708,6,408.3199999999997,6,401.7399999999999,2opt,notBad
8709,6,408.3199999999997,6,401.7399999999999,move,improve
8710,6,408.3199999999997,6,401.7399999999999,swap,notBad
8711,6,408.3199999999997,6,401.7399999999999,2opt,notBad
8712,6,408.3199999999997,6,401.7399999999999,2opt,notBad
8713,6,408.3199999999997,6,401.7399999999999,2opt,notBad
8714,6,408.3199999999997,6,401.7399999999999,2opt,improve
8715,6,408.3199999999997,6,401.7399999999999,2opt,notBad
8716,6,408.3199999999997,6,401.7399999999999,swap,notBad
8717,6,408.3199999999997,6,401.7399999999999,2opt,notBad
8718,6,408.3199999999997,6,401.7399999999999,2opt,notBad
8719,6,408.3199999999997,6,401.7399999999999,2opt,notBad
8720,6,408.3199999999997,6,401.7399999999999,2opt,notBad
8721,6,408.3199999999997,6,401.7399999999999,move,improve
8722,6,408.3199999999997,6,401.7399999999999,swap,notBad
8723,6,408.3199999999997,6,401.7399999999999,move,improve
8724,6,408.3199999999997,6,401.7399999999999,swap,notBad
8725,6,408.3199999999997,6,401.7399999999999,2opt,notBad
8726,6,408.3199999999997,6,401.7399999999999,swap,notBad
8727,6,408.3199999999997,6,401.7399999999999,2opt,notBad
8728,6,408.3199999999997,6,401.7399999999999,swap,notBad
8729,6,408.3199999999997,6,401.7399999999999,swap,notBad
8730,6,408.3199999999997,6,401.7399999999999,swap,notBad
8731,6,408.0999999999998,6,401.7399999999999,move,improve
8732,6,408.0999999999998,6,401.7399999999999,2opt,notBad
8733,6,408.0999999999998,6,401.7399999999999,2opt,notBad
8734,6,408.0999999999998,6,401.7399999999999,2opt,notBad
8735,6,408.0999999999998,6,401.7399999999999,swap,notBad
8736,6,408.0999999999998,6,401.7399999999999,swap,notBad
8737,6,408.0999999999998,6,401.7399999999999,move,improve
8738,6,408.0999999999998,6,401.7399999999999,2opt,notBad
8739,6,408.0999999999998,6,401.7399999999999,move,improve
8740,6,408.0999999999998,6,401.7399999999999,swap,notBad
8741,6,408.0999999999998,6,401.7399999999999,move,improve
8742,6,408.0999999999998,6,401.7399999999999,move,improve
8743,6,408.0999999999998,6,401.7399999999999,2opt,notBad
8744,6,408.0999999999998,6,401.7399999999999,2opt,notBad
8745,6,408.0999999999998,6,401.7399999999999,swap,notBad
8746,6,408.0999999999998,6,401.7399999999999,move,improve
8747,6,408.0999999999998,6,401.7399999999999,move,improve
8748,6,408.0999999999998,6,401.7399999999999,move,improve
8749,6,408.0999999999998,6,401.7399999999999,move,improve
8750,6,408.0999999999998,6,401.7399999999999,swap,notBad
8751,6,408.0999999999998,6,401.7399999999999,swap,notBad
8752,6,408.0999999999998,6,401.7399999999999,swap,notBad
8753,6,408.0999999999998,6,401.7399999999999,move,improve
8754,6,408.0999999999998,6,401.7399999999999,move,improve
8755,6,408.0999999999998,6,401.7399999999999,swap,notBad
8756,6,408.0999999999998,6,401.7399999999999,2opt,notBad
8757,6,408.0999999999998,6,401.7399999999999,2opt,notBad
8758,6,408.0999999999998,6,401.7399999999999,2opt,notBad
8759,6,408.0999999999998,6,401.7399999999999,move,improve
8760,6,408.0999999999998,6,401.7399999999999,move,improve
8761,6,408.0999999999998,6,401.7399999999999,swap,notBad
8762,6,408.0999999999998,6,401.7399999999999,swap,notBad
8763,6,408.0999999999998,6,401.7399999999999,swap,notBad
8764,6,408.0999999999998,6,401.7399999999999,swap,notBad
8765,6,408.0999999999998,6,401.7399999999999,move,notBad
8766,6,408.0999999999998,6,401.7399999999999,move,improve
8767,6,408.0999999999998,6,401.7399999999999,move,improve
8768,6,408.0999999999998,6,401.7399999999999,2opt,notBad
8769,6,408.0999999999998,6,401.7399999999999,2opt,notBad
8770,6,408.0999999999998,6,401.7399999999999,move,improve
8771,6,408.0999999999998,6,401.7399999999999,swap,notBad
8772,6,408.0999999999998,6,401.7399999999999,2opt,improve
8773,6,408.0999999999998,6,401.7399999999999,2opt,improve
8774,6,408.0999999999998,6,401.7399999999999,2opt,notBad
8775,6,408.0999999999998,6,401.7399999999999,swap,notBad
8776,6,408.0999999999998,6,401.7399999999999,2opt,notBad
8777,6,408.0999999999998,6,401.7399999999999,swap,notBad
8778,6,408.0999999999998,6,401.7399999999999,2opt,notBad
8779,6,408.0999999999998,6,401.7399999999999,move,improve
8780,6,408.0999999999998,6,401.7399999999999,2opt,notBad
8781,6,408.0999999999998,6,401.7399999999999,swap,notBad
8782,6,408.0999999999998,6,401.7399999999999,2opt,notBad
8783,6,408.0999999999998,6,401.7399999999999,2opt,notBad
8784,6,408.0999999999998,6,401.7399999999999,move,improve
8785,6,408.0999999999998,6,401.7399999999999,2opt,notBad
8786,6,408.0999999999998,6,401.7399999999999,2opt,notBad
8787,6,408.0999999999998,6,401.7399999999999,swap,notBad
8788,6,408.0999999999998,6,401.7399999999999,move,improve
8789,6,408.0999999999998,6,401.7399999999999,2opt,improve
8790,6,408.0999999999998,6,401.7399999999999,move,notBad
8791,6,408.0999999999998,6,401.7399999999999,move,improve
8792,6,408.0999999999998,6,401.7399999999999,move,improve
8793,6,408.0999999999998,6,401.7399999999999,move,improve
8794,6,408.0999999999998,6,401.7399999999999,2opt,improve
8795,6,408.0999999999998,6,401.7399999999999,2opt,notBad
8796,6,408.0999999999998,6,401.7399999999999,move,improve
8797,6,408.0999999999998,6,401.7399999999999,2opt,notBad
8798,6,408.0999999999998,6,401.7399999999999,swap,notBad
8799,6,408.0999999999998,6,401.7399999999999,move,improve
8800,6,408.0999999999998,6,401.7399999999999,move,improve
8801,6,408.0999999999998,6,401.7399999999999,move,improve
8802,6,408.0999999999998,6,401.7399999999999,2opt,notBad
8803,6,408.0999999999998,6,401.7399999999999,2opt,notBad
8804,6,408.0999999999998,6,401.7399999999999,2opt,notBad
8805,6,408.0999999999998,6,401.7399999999999,move,improve
8806,6,408.0999999999998,6,401.7399999999999,move,improve
8807,6,408.0999999999998,6,401.7399999999999,swap,notBad
8808,6,408.0999999999998,6,401.7399999999999,2opt,notBad
8809,6,408.0999999999998,6,401.7399999999999,2opt,notBad
8810,6,408.0999999999998,6,401.7399999999999,move,improve
8811,6,408.0999999999998,6,401.7399999999999,swap,notBad
8812,6,408.0999999999998,6,401.7399999999999,swap,notBad
8813,6,408.0999999999998,6,401.7399999999999,move,improve
8814,6,408.0999999999998,6,401.7399999999999,swap,notBad
8815,6,408.0999999999998,6,401.7399999999999,move,improve
8816,6,408.0999999999998,6,401.7399999999999,move,improve
8817,6,408.0999999999998,6,401.7399999999999,move,improve
8818,6,408.0999999999998,6,401.7399999999999,2opt,notBad
8819,6,408.0999999999998,6,401.7399999999999,move,improve
8820,6,408.0999999999998,6,401.7399999999999,2opt,notBad
8821,6,408.0999999999998,6,401.7399999999999,swap,notBad
8822,6,408.0999999999998,6,401.7399999999999,2opt,notBad
8823,6,408.0999999999998,6,401.7399999999999,move,improve
8824,6,408.0999999999998,6,401.7399999999999,2opt,notBad
8825,6,408.0999999999998,6,401.7399999999999,2opt,notBad
8826,6,408.0999999999998,6,401.7399999999999,swap,notBad
8827,6,408.0999999999998,6,401.7399999999999,2opt,notBad
8828,6,408.0999999999998,6,401.7399999999999,swap,notBad
8829,6,408.0999999999998,6,401.7399999999999,2opt,notBad
8830,6,408.0999999999998,6,401.7399999999999,2opt,notBad
8831,6,408.0999999999998,6,401.7399999999999,move,improve
8832,6,405.4000000000001,6,401.7399999999999,swap,improve
8833,6,405.4000000000001,6,401.7399999999999,2opt,improve
8834,6,405.4000000000001,6,401.7399999999999,move,improve
8835,6,405.4000000000001,6,401.7399999999999,2opt,notBad
8836,6,405.4000000000001,6,401.7399999999999,swap,notBad
8837,6,405.4000000000001,6,401.7399999999999,swap,notBad
8838,6,405.4000000000001,6,401.7399999999999,2opt,notBad
8839,6,405.4000000000001,6,401.7399999999999,2opt,notBad
8840,6,405.4000000000001,6,401.7399999999999,2opt,improve
8841,6,405.4000000000001,6,401.7399999999999,swap,notBad
8842,6,405.4000000000001,6,401.7399999999999,move,improve
8843,6,405.4000000000001,6,401.7399999999999,swap,notBad
8844,6,405.4000000000001,6,401.7399999999999,2opt,notBad
8845,6,405.4000000000001,6,401.7399999999999,move,improve
8846,6,405.4000000000001,6,401.7399999999999,2opt,notBad
8847,6,405.4000000000001,6,401.7399999999999,move,improve
8848,6,405.4000000000001,6,401.7399999999999,2opt,notBad
8849,6,405.4000000000001,6,401.7399999999999,move,improve
8850,6,405.4000000000001,6,401.7399999999999,swap,notBad
8851,6,405.4000000000001,6,401.7399999999999,swap,notBad
8852,6,405.4000000000001,6,401.7399999999999,swap,notBad
8853,6,405.4000000000001,6,401.7399999999999,swap,notBad
8854,6,405.4000000000001,6,401.7399999999999,swap,notBad
8855,6,405.4000000000001,6,401.7399999999999,move,improve
8856,6,405.4000000000001,6,401.7399999999999,swap,notBad
8857,6,405.4000000000001,6,401.7399999999999,2opt,notBad
8858,6,405.4000000000001,6,401.7399999999999,swap,notBad
8859,6,405.4000000000001,6,401.7399999999999,swap,notBad
8860,6,405.4000000000001,6,401.7399999999999,2opt,notBad
8861,6,405.4000000000001,6,401.7399999999999,move,improve
8862,6,405.4000000000001,6,401.7399999999999,move,improve
8863,6,405.4000000000001,6,401.7399999999999,move,improve
8864,6,405.4000000000001,6,401.7399999999999,move,improve
8865,6,405.4000000000001,6,401.7399999999999,2opt,notBad
8866,6,405.4000000000001,6,401.7399999999999,2opt,notBad
8867,6,405.4000000000001,6,401.7399999999999,2opt,notBad
8868,6,405.4000000000001,6,401.7399999999999,swap,notBad
8869,6,405.4000000000001,6,401.7399999999999,2opt,notBad
8870,6,405.4000000000001,6,401.7399999999999,move,improve
8871,6,405.4000000000001,6,401.7399999999999,2opt,notBad
8872,6,405.4000000000001,6,401.7399999999999,move,improve
8873,6,405.4000000000001,6,401.7399999999999,2opt,notBad
8874,6,405.4000000000001,6,401.7399999999999,2opt,notBad
8875,6,405.4000000000001,6,401.7399999999999,move,improve
8876,6,405.4000000000001,6,401.7399999999999,2opt,notBad
8877,6,405.4000000000001,6,401.7399999999999,swap,notBad
8878,6,405.4000000000001,6,401.7399999999999,2opt,notBad
8879,6,405.4000000000001,6,401.7399999999999,2opt,notBad
8880,6,405.4000000000001,6,401.7399999999999,swap,notBad
8881,6,405.4000000000001,6,401.7399999999999,swap,notBad
8882,6,405.4000000000001,6,401.7399999999999,swap,notBad
8883,6,405.4000000000001,6,401.7399999999999,move,improve
8884,6,405.4000000000001,6,401.7399999999999,move,improve
8885,6,405.4000000000001,6,401.7399999999999,2opt,notBad
8886,6,405.4000000000001,6,401.7399999999999,move,improve
8887,6,405.4000000000001,6,401.7399999999999,2opt,notBad
8888,6,405.4000000000001,6,401.7399999999999,move,improve
8889,6,405.4000000000001,6,401.7399999999999,2opt,notBad
8890,6,405.4000000000001,6,401.7399999999999,move,improve
8891,6,405.4000000000001,6,401.7399999999999,swap,notBad
8892,6,405.4000000000001,6,401.7399999999999,2opt,notBad
8893,6,405.4000000000001,6,401.7399999999999,swap,notBad
8894,6,405.4000000000001,6,401.7399999999999,2opt,notBad
8895,6,405.4000000000001,6,401.7399999999999,swap,notBad
8896,6,405.4000000000001,6,401.7399999999999,move,improve
8897,6,405.4000000000001,6,401.7399999999999,move,improve
8898,6,405.4000000000001,6,401.7399999999999,2opt,improve
8899,6,405.4000000000001,6,401.7399999999999,move,improve
8900,6,405.4000000000001,6,401.7399999999999,move,improve
8901,6,405.4000000000001,6,401.7399999999999,2opt,notBad
8902,6,404.6999999999997,6,401.7399999999999,move,improve
8903,6,404.6999999999997,6,401.7399999999999,move,improve
8904,6,404.6999999999997,6,401.7399999999999,2opt,improve
8905,6,404.6999999999997,6,401.7399999999999,swap,notBad
8906,6,404.6999999999997,6,401.7399999999999,swap,notBad
8907,6,404.6999999999997,6,401.7399999999999,2opt,notBad
8908,6,405.3599999999997,6,401.7399999999999,swap,acceptBad
8909,6,405.3599999999997,6,401.7399999999999,2opt,notBad
8910,6,405.3599999999997,6,401.7399999999999,2opt,notBad
8911,6,405.3599999999997,6,401.7399999999999,swap,notBad
8912,6,405.3599999999997,6,401.7399999999999,move,improve
8913,6,405.3599999999997,6,401.7399999999999,swap,notBad
8914,6,405.3599999999997,6,401.7399999999999,2opt,notBad
8915,6,405.3599999999997,6,401.7399999999999,2opt,notBad
8916,6,405.3599999999997,6,401.7399999999999,2opt,notBad
8917,6,405.3599999999997,6,401.7399999999999,swap,notBad
8918,6,405.3599999999997,6,401.7399999999999,swap,notBad
8919,6,405.3599999999997,6,401.7399999999999,2opt,notBad
8920,6,405.3599999999997,6,401.7399999999999,move,improve
8921,6,405.3599999999997,6,401.7399999999999,move,improve
8922,6,405.3599999999997,6,401.7399999999999,2opt,notBad
8923,6,405.3599999999997,6,401.7399999999999,2opt,notBad
8924,6,405.3599999999997,6,401.7399999999999,2opt,notBad
8925,6,405.3599999999997,6,401.7399999999999,2opt,notBad
8926,6,405.3599999999997,6,401.7399999999999,swap,notBad
8927,6,405.3599999999997,6,401.7399999999999,2opt,notBad
8928,6,405.3599999999997,6,401.7399999999999,swap,notBad
8929,6,405.3599999999997,6,401.7399999999999,move,improve
8930,6,405.3599999999997,6,401.7399999999999,swap,notBad
8931,6,405.3599999999997,6,401.7399999999999,swap,notBad
8932,6,405.3599999999997,6,401.7399999999999,move,improve
8933,6,405.3599999999997,6,401.7399999999999,swap,notBad
8934,6,405.3599999999997,6,401.7399999999999,2opt,improve
8935,6,405.3599999999997,6,401.7399999999999,move,improve
8936,6,405.3599999999997,6,401.7399999999999,2opt,notBad
8937,6,405.3599999999997,6,401.7399999999999,move,improve
8938,6,405.3599999999997,6,401.7399999999999,swap,notBad
8939,6,405.3599999999997,6,401.7399999999999,2opt,notBad
8940,6,405.3599999999997,6,401.7399999999999,move,improve
8941,6,405.3599999999997,6,401.7399999999999,swap,notBad
8942,6,405.3599999999997,6,401.7399999999999,swap,notBad
8943,6,405.3599999999997,6,401.7399999999999,move,improve
8944,6,405.3599999999997,6,401.7399999999999,move,improve
8945,6,405.3599999999997,6,401.7399999999999,move,improve
8946,6,405.3599999999997,6,401.7399999999999,swap,notBad
8947,6,405.3599999999997,6,401.7399999999999,2opt,notBad
8948,6,405.3599999999997,6,401.7399999999999,2opt,notBad
8949,6,405.3599999999997,6,401.7399999999999,move,improve
8950,6,405.3599999999997,6,401.7399999999999,swap,notBad
8951,6,405.3599999999997,6,401.7399999999999,move,improve
8952,6,405.3599999999997,6,401.7399999999999,2opt,notBad
8953,6,405.3599999999997,6,401.7399999999999,move,improve
8954,6,405.3599999999997,6,401.7399999999999,swap,notBad
8955,6,405.3599999999997,6,401.7399999999999,move,improve
8956,6,405.3599999999997,6,401.7399999999999,2opt,notBad
8957,6,405.3599999999997,6,401.7399999999999,move,improve
8958,6,405.3599999999997,6,401.7399999999999,move,improve
8959,6,405.3599999999997,6,401.7399999999999,swap,notBad
8960,6,405.3599999999997,6,401.7399999999999,swap,notBad
8961,6,405.3599999999997,6,401.7399999999999,2opt,improve
8962,6,405.3599999999997,6,401.7399999999999,2opt,notBad
8963,6,405.3599999999997,6,401.7399999999999,move,improve
8964,6,405.3599999999997,6,401.7399999999999,swap,notBad
8965,6,405.3599999999997,6,401.7399999999999,swap,notBad
8966,6,405.3599999999997,6,401.7399999999999,move,improve
8967,6,406.6599999999997,6,401.7399999999999,swap,acceptBad
8968,6,406.6599999999997,6,401.7399999999999,swap,notBad
8969,6,406.6599999999997,6,401.7399999999999,move,improve
8970,6,406.6599999999997,6,401.7399999999999,swap,notBad
8971,6,406.6599999999997,6,401.7399999999999,2opt,notBad
8972,6,406.6599999999997,6,401.7399999999999,2opt,notBad
8973,6,406.6599999999997,6,401.7399999999999,2opt,notBad
8974,6,406.6599999999997,6,401.7399999999999,2opt,notBad
8975,6,406.6599999999997,6,401.7399999999999,2opt,notBad
8976,6,406.6599999999997,6,401.7399999999999,move,improve
8977,6,406.6599999999997,6,401.7399999999999,2opt,notBad
8978,6,406.6599999999997,6,401.7399999999999,move,improve
8979,6,406.6599999999997,6,401.7399999999999,move,improve
8980,6,406.6599999999997,6,401.7399999999999,swap,notBad
8981,6,406.6599999999997,6,401.7399999999999,swap,notBad
8982,6,406.6599999999997,6,401.7399999999999,2opt,notBad
8983,6,406.6599999999997,6,401.7399999999999,2opt,notBad
8984,6,406.6599999999997,6,401.7399999999999,move,improve
8985,6,406.6599999999997,6,401.7399999999999,2opt,notBad
8986,6,406.6599999999997,6,401.7399999999999,move,improve
8987,6,406.6599999999997,6,401.7399999999999,swap,notBad
8988,6,406.6599999999997,6,401.7399999999999,move,improve
8989,6,406.6599999999997,6,401.7399999999999,swap,notBad
8990,6,406.6599999999997,6,401.7399999999999,swap,notBad
8991,6,406.6599999999997,6,401.7399999999999,2opt,notBad
8992,6,406.6599999999997,6,401.7399999999999,2opt,notBad
8993,6,406.6599999999997,6,401.7399999999999,swap,notBad
8994,6,406.6599999999997,6,401.7399999999999,swap,notBad
8995,6,406.6599999999997,6,401.7399999999999,swap,notBad
8996,6,406.6599999999997,6,401.7399999999999,move,improve
8997,6,406.6599999999997,6,401.7399999999999,swap,notBad
8998,6,406.6599999999997,6,401.7399999999999,move,improve
8999,6,406.6599999999997,6,401.7399999999999,swap,notBad
9000,6,406.6599999999997,6,401.7399999999999,2opt,notBad
9001,6,406.6599999999997,6,401.7399999999999,move,improve
9002,6,406.6599999999997,6,401.7399999999999,2opt,improve
9003,6,406.6599999999997,6,401.7399999999999,2opt,notBad
9004,6,406.6599999999997,6,401.7399999999999,move,improve
9005,6,406.6599999999997,6,401.7399999999999,swap,notBad
9006,6,406.6599999999997,6,401.7399999999999,move,improve
9007,6,406.6599999999997,6,401.7399999999999,2opt,notBad
9008,6,406.6599999999997,6,401.7399999999999,move,improve
9009,6,406.6599999999997,6,401.7399999999999,move,improve
9010,6,406.6599999999997,6,401.7399999999999,2opt,improve
9011,6,406.6599999999997,6,401.7399999999999,swap,notBad
9012,6,406.6599999999997,6,401.7399999999999,swap,notBad
9013,6,406.6599999999997,6,401.7399999999999,2opt,notBad
9014,6,406.6599999999997,6,401.7399999999999,move,improve
9015,6,406.6599999999997,6,401.7399999999999,swap,notBad
9016,6,406.6599999999997,6,401.7399999999999,2opt,notBad
9017,6,406.6599999999997,6,401.7399999999999,swap,notBad
9018,6,406.6599999999997,6,401.7399999999999,2opt,improve
9019,6,406.6599999999997,6,401.7399999999999,swap,notBad
9020,6,406.6599999999997,6,401.7399999999999,move,improve
9021,6,406.6599999999997,6,401.7399999999999,2opt,notBad
9022,6,406.6599999999997,6,401.7399999999999,2opt,notBad
9023,6,406.6599999999997,6,401.7399999999999,swap,notBad
9024,6,406.6599999999997,6,401.7399999999999,swap,notBad
9025,6,405.3599999999997,6,401.7399999999999,move,improve
9026,6,405.3599999999997,6,401.7399999999999,2opt,notBad
9027,6,405.3599999999997,6,401.7399999999999,move,improve
9028,6,405.3599999999997,6,401.7399999999999,move,improve
9029,6,405.3599999999997,6,401.7399999999999,2opt,notBad
9030,6,405.3599999999997,6,401.7399999999999,2opt,notBad
9031,6,405.3599999999997,6,401.7399999999999,2opt,notBad
9032,6,405.3599999999997,6,401.7399999999999,2opt,notBad
9033,6,405.3599999999997,6,401.7399999999999,2opt,notBad
9034,6,405.3599999999997,6,401.7399999999999,move,improve
9035,6,405.3599999999997,6,401.7399999999999,2opt,improve
9036,6,405.3599999999997,6,401.7399999999999,swap,notBad
9037,6,405.3599999999997,6,401.7399999999999,swap,notBad
9038,6,405.3599999999997,6,401.7399999999999,swap,notBad
9039,6,405.3599999999997,6,401.7399999999999,swap,notBad
9040,6,405.3599999999997,6,401.7399999999999,2opt,notBad
9041,6,405.3599999999997,6,401.7399999999999,2opt,notBad
9042,6,405.3599999999997,6,401.7399999999999,2opt,notBad
9043,6,405.3599999999997,6,401.7399999999999,swap,notBad
9044,6,405.3599999999997,6,401.7399999999999,2opt,notBad
9045,6,405.3599999999997,6,401.7399999999999,2opt,notBad
9046,6,405.3599999999997,6,401.7399999999999,swap,notBad
9047,6,405.3599999999997,6,401.7399999999999,swap,notBad
9048,6,405.3599999999997,6,401.7399999999999,move,improve
9049,6,405.3599999999997,6,401.7399999999999,2opt,notBad
9050,6,405.3599999999997,6,401.7399999999999,swap,notBad
9051,6,405.3599999999997,6,401.7399999999999,move,improve
9052,6,405.3599999999997,6,401.7399999999999,2opt,notBad
9053,6,405.3599999999997,6,401.7399999999999,swap,notBad
9054,6,405.3599999999997,6,401.7399999999999,move,improve
9055,6,405.3599999999997,6,401.7399999999999,swap,notBad
9056,6,405.3599999999997,6,401.7399999999999,2opt,notBad
9057,6,405.3599999999997,6,401.7399999999999,swap,notBad
9058,6,405.3599999999997,6,401.7399999999999,move,improve
9059,6,405.3599999999997,6,401.7399999999999,2opt,notBad
9060,6,405.3599999999997,6,401.7399999999999,swap,notBad
9061,6,405.3599999999997,6,401.7399999999999,move,improve
9062,6,405.3599999999997,6,401.7399999999999,2opt,notBad
9063,6,405.3599999999997,6,401.7399999999999,2opt,notBad
9064,6,405.3599999999997,6,401.7399999999999,swap,notBad
9065,6,405.3599999999997,6,401.7399999999999,move,improve
9066,6,405.3599999999997,6,401.7399999999999,2opt,notBad
9067,6,405.3599999999997,6,401.7399999999999,swap,notBad
9068,6,405.3599999999997,6,401.7399999999999,2opt,improve
9069,6,405.3599999999997,6,401.7399999999999,2opt,notBad
9070,6,406.0600000000002,6,401.7399999999999,swap,acceptBad
9071,6,406.0600000000002,6,401.7399999999999,swap,notBad
9072,6,406.0600000000002,6,401.7399999999999,swap,notBad
9073,6,406.0600000000002,6,401.7399999999999,swap,notBad
9074,6,406.0600000000002,6,401.7399999999999,2opt,notBad
9075,6,406.0600000000002,6,401.7399999999999,swap,notBad
9076,6,406.0600000000002,6,401.7399999999999,swap,notBad
9077,6,406.0600000000002,6,401.7399999999999,swap,notBad
9078,6,406.0600000000002,6,401.7399999999999,swap,notBad
9079,6,406.0600000000002,6,401.7399999999999,swap,notBad
9080,6,406.0600000000002,6,401.7399999999999,move,improve
9081,6,406.0600000000002,6,401.7399999999999,move,improve
9082,6,406.0600000000002,6,401.7399999999999,2opt,notBad
9083,6,406.0600000000002,6,401.7399999999999,move,improve
9084,6,406.0600000000002,6,401.7399999999999,swap,notBad
9085,6,406.0600000000002,6,401.7399999999999,2opt,notBad
9086,6,406.0600000000002,6,401.7399999999999,swap,notBad
9087,6,406.0600000000002,6,401.7399999999999,move,improve
9088,6,406.0600000000002,6,401.7399999999999,2opt,notBad
9089,6,406.0600000000002,6,401.7399999999999,move,improve
9090,6,406.0600000000002,6,401.7399999999999,2opt,notBad
9091,6,406.0600000000002,6,401.7399999999999,swap,notBad
9092,6,406.0600000000002,6,401.7399999999999,2opt,notBad
9093,6,406.0600000000002,6,401.7399999999999,move,improve
9094,6,406.0600000000002,6,401.7399999999999,swap,notBad
9095,6,406.0600000000002,6,401.7399999999999,2opt,notBad
9096,6,406.0600000000002,6,401.7399999999999,move,improve
9097,6,405.3599999999997,6,401.7399999999999,move,improve
9098,6,405.3599999999997,6,401.7399999999999,swap,notBad
9099,6,405.3599999999997,6,401.7399999999999,2opt,notBad
9100,6,405.3599999999997,6,401.7399999999999,2opt,notBad
9101,6,405.3599999999997,6,401.7399999999999,swap,notBad
9102,6,405.3599999999997,6,401.7399999999999,move,improve
9103,6,405.3599999999997,6,401.7399999999999,swap,notBad
9104,6,405.3599999999997,6,401.7399999999999,2opt,notBad
9105,6,405.3599999999997,6,401.7399999999999,swap,notBad
9106,6,405.3599999999997,6,401.7399999999999,move,improve
9107,6,405.3599999999997,6,401.7399999999999,swap,notBad
9108,6,405.3599999999997,6,401.7399999999999,swap,notBad
9109,6,405.3599999999997,6,401.7399999999999,swap,notBad
9110,6,405.3599999999997,6,401.7399999999999,move,improve
9111,6,405.3599999999997,6,401.7399999999999,2opt,improve
9112,6,405.3599999999997,6,401.7399999999999,move,improve
9113,6,405.3599999999997,6,401.7399999999999,swap,notBad
9114,6,405.3599999999997,6,401.7399999999999,move,improve
9115,6,405.3599999999997,6,401.7399999999999,2opt,notBad
9116,6,405.3599999999997,6,401.7399999999999,2opt,notBad
9117,6,405.3599999999997,6,401.7399999999999,swap,notBad
9118,6,405.3599999999997,6,401.7399999999999,swap,notBad
9119,6,405.3599999999997,6,401.7399999999999,2opt,notBad
9120,6,405.3599999999997,6,401.7399999999999,swap,notBad
9121,6,405.3599999999997,6,401.7399999999999,move,improve
9122,6,405.3599999999997,6,401.7399999999999,swap,notBad
9123,6,405.3599999999997,6,401.7399999999999,move,improve
9124,6,405.3599999999997,6,401.7399999999999,move,improve
9125,6,405.3599999999997,6,401.7399999999999,swap,notBad
9126,6,405.3599999999997,6,401.7399999999999,2opt,notBad
9127,6,405.3599999999997,6,401.7399999999999,move,improve
9128,6,405.3599999999997,6,401.7399999999999,2opt,notBad
9129,6,405.3599999999997,6,401.7399999999999,swap,notBad
9130,6,405.3599999999997,6,401.7399999999999,2opt,notBad
9131,6,405.3599999999997,6,401.7399999999999,swap,notBad
9132,6,405.3599999999997,6,401.7399999999999,swap,notBad
9133,6,405.3599999999997,6,401.7399999999999,move,improve
9134,6,405.3599999999997,6,401.7399999999999,2opt,notBad
9135,6,405.3599999999997,6,401.7399999999999,move,improve
9136,6,405.3599999999997,6,401.7399999999999,swap,notBad
9137,6,405.3599999999997,6,401.7399999999999,move,improve
9138,6,405.3599999999997,6,401.7399999999999,2opt,notBad
9139,6,405.3599999999997,6,401.7399999999999,swap,notBad
9140,6,405.3599999999997,6,401.7399999999999,move,improve
9141,6,405.3599999999997,6,401.7399999999999,move,improve
9142,6,405.3599999999997,6,401.7399999999999,move,improve
9143,6,405.3599999999997,6,401.7399999999999,swap,notBad
9144,6,405.3599999999997,6,401.7399999999999,2opt,notBad
9145,6,405.3599999999997,6,401.7399999999999,swap,notBad
9146,6,405.3599999999997,6,401.7399999999999,swap,notBad
9147,6,405.3599999999997,6,401.7399999999999,move,improve
9148,6,405.3599999999997,6,401.7399999999999,move,improve
9149,6,405.3599999999997,6,401.7399999999999,move,improve
9150,6,405.3599999999997,6,401.7399999999999,swap,notBad
9151,6,405.3599999999997,6,401.7399999999999,swap,notBad
9152,6,405.3599999999997,6,401.7399999999999,swap,notBad
9153,6,405.3599999999997,6,401.7399999999999,swap,notBad
9154,6,405.3599999999997,6,401.7399999999999,swap,notBad
9155,6,405.3599999999997,6,401.7399999999999,2opt,notBad
9156,6,405.3599999999997,6,401.7399999999999,swap,notBad
9157,6,405.3599999999997,6,401.7399999999999,move,improve
9158,6,405.3599999999997,6,401.7399999999999,move,improve
9159,6,405.3599999999997,6,401.7399999999999,move,improve
9160,6,405.3599999999997,6,401.7399999999999,move,improve
9161,6,405.3599999999997,6,401.7399999999999,swap,notBad
9162,6,405.3599999999997,6,401.7399999999999,swap,notBad
9163,6,405.3599999999997,6,401.7399999999999,swap,notBad
9164,6,405.3599999999997,6,401.7399999999999,swap,notBad
9165,6,405.3599999999997,6,401.7399999999999,swap,notBad
9166,6,405.3599999999997,6,401.7399999999999,2opt,notBad
9167,6,405.3599999999997,6,401.7399999999999,2opt,notBad
9168,6,405.3599999999997,6,401.7399999999999,move,improve
9169,6,405.3599999999997,6,401.7399999999999,move,improve
9170,6,405.3599999999997,6,401.7399999999999,move,improve
9171,6,405.3599999999997,6,401.7399999999999,2opt,notBad
9172,6,405.3599999999997,6,401.7399999999999,move,improve
9173,6,405.3599999999997,6,401.7399999999999,2opt,notBad
9174,6,405.3599999999997,6,401.7399999999999,move,improve
9175,6,405.3599999999997,6,401.7399999999999,swap,notBad
9176,6,405.3599999999997,6,401.7399999999999,move,improve
9177,6,405.3599999999997,6,401.7399999999999,2opt,notBad
9178,6,405.3599999999997,6,401.7399999999999,move,improve
9179,6,405.3599999999997,6,401.7399999999999,move,improve
9180,6,405.3599999999997,6,401.7399999999999,move,improve
9181,6,405.3599999999997,6,401.7399999999999,move,improve
9182,6,405.3599999999997,6,401.7399999999999,move,improve
9183,6,405.3599999999997,6,401.7399999999999,2opt,notBad
9184,6,405.3599999999997,6,401.7399999999999,2opt,improve
9185,6,405.3599999999997,6,401.7399999999999,swap,notBad
9186,6,405.3599999999997,6,401.7399999999999,move,improve
9187,6,405.3599999999997,6,401.7399999999999,move,improve
9188,6,405.3599999999997,6,401.7399999999999,move,improve
9189,6,405.3599999999997,6,401.7399999999999,2opt,notBad
9190,6,405.3599999999997,6,401.7399999999999,2opt,notBad
9191,6,405.3599999999997,6,401.7399999999999,swap,notBad
9192,6,405.3599999999997,6,401.7399999999999,2opt,notBad
9193,6,405.3599999999997,6,401.7399999999999,move,improve
9194,6,405.3599999999997,6,401.7399999999999,2opt,improve
9195,6,405.3599999999997,6,401.7399999999999,move,improve
9196,6,405.3599999999997,6,401.7399999999999,swap,notBad
9197,6,405.3599999999997,6,401.7399999999999,2opt,notBad
9198,6,405.3599999999997,6,401.7399999999999,swap,notBad
9199,6,405.3599999999997,6,401.7399999999999,2opt,notBad
9200,6,405.3599999999997,6,401.7399999999999,swap,notBad
9201,6,405.3599999999997,6,401.7399999999999,swap,notBad
9202,6,405.3599999999997,6,401.7399999999999,move,improve
9203,6,405.3599999999997,6,401.7399999999999,move,improve
9204,6,405.3599999999997,6,401.7399999999999,2opt,notBad
9205,6,405.3599999999997,6,401.7399999999999,move,improve
9206,6,405.3599999999997,6,401.7399999999999,swap,notBad
9207,6,405.3599999999997,6,401.7399999999999,swap,notBad
9208,6,405.3599999999997,6,401.7399999999999,move,improve
9209,6,405.3599999999997,6,401.7399999999999,2opt,notBad
9210,6,405.3599999999997,6,401.7399999999999,move,improve
9211,6,405.3599999999997,6,401.7399999999999,move,improve
9212,6,405.3599999999997,6,401.7399999999999,2opt,notBad
9213,6,405.3599999999997,6,401.7399999999999,move,improve
9214,6,405.3599999999997,6,401.7399999999999,move,improve
9215,6,405.3599999999997,6,401.7399999999999,swap,notBad
9216,6,405.3599999999997,6,401.7399999999999,move,improve
9217,6,405.3599999999997,6,401.7399999999999,swap,notBad
9218,6,405.3599999999997,6,401.7399999999999,2opt,notBad
9219,6,405.3599999999997,6,401.7399999999999,swap,notBad
9220,6,405.3599999999997,6,401.7399999999999,move,improve
9221,6,405.3599999999997,6,401.7399999999999,swap,notBad
9222,6,405.3599999999997,6,401.7399999999999,swap,notBad
9223,6,405.3599999999997,6,401.7399999999999,2opt,notBad
9224,6,405.3599999999997,6,401.7399999999999,swap,notBad
9225,6,405.3599999999997,6,401.7399999999999,move,improve
9226,6,405.3599999999997,6,401.7399999999999,swap,notBad
9227,6,405.3599999999997,6,401.7399999999999,move,improve
9228,6,405.3599999999997,6,401.7399999999999,2opt,notBad
9229,6,405.3599999999997,6,401.7399999999999,2opt,notBad
9230,6,405.3599999999997,6,401.7399999999999,move,improve
9231,6,405.3599999999997,6,401.7399999999999,2opt,notBad
9232,6,405.3599999999997,6,401.7399999999999,2opt,notBad
9233,6,405.3599999999997,6,401.7399999999999,swap,notBad
9234,6,405.3599999999997,6,401.7399999999999,2opt,notBad
9235,6,405.3599999999997,6,401.7399999999999,move,improve
9236,6,405.3599999999997,6,401.7399999999999,move,improve
9237,6,405.3599999999997,6,401.7399999999999,move,improve
9238,6,405.3599999999997,6,401.7399999999999,swap,notBad
9239,6,405.3599999999997,6,401.7399999999999,2opt,notBad
9240,6,405.3599999999997,6,401.7399999999999,swap,notBad
9241,6,405.3599999999997,6,401.7399999999999,move,improve
9242,6,405.3599999999997,6,401.7399999999999,swap,notBad
9243,6,405.3599999999997,6,401.7399999999999,swap,notBad
9244,6,405.3599999999997,6,401.7399999999999,swap,notBad
9245,6,405.3599999999997,6,401.7399999999999,2opt,notBad
9246,6,405.3599999999997,6,401.7399999999999,move,improve
9247,6,405.3599999999997,6,401.7399999999999,2opt,notBad
9248,6,405.3599999999997,6,401.7399999999999,2opt,notBad
9249,6,405.3599999999997,6,401.7399999999999,2opt,notBad
9250,6,405.3599999999997,6,401.7399999999999,swap,notBad
9251,6,405.67999999999967,6,401.7399999999999,swap,acceptBad
9252,6,405.67999999999967,6,401.7399999999999,move,improve
9253,6,405.67999999999967,6,401.7399999999999,swap,notBad
9254,6,405.67999999999967,6,401.7399999999999,move,improve
9255,6,405.67999999999967,6,401.7399999999999,2opt,notBad
9256,6,405.67999999999967,6,401.7399999999999,move,improve
9257,6,405.67999999999967,6,401.7399999999999,swap,notBad
9258,6,405.67999999999967,6,401.7399999999999,move,improve
9259,6,405.67999999999967,6,401.7399999999999,swap,notBad
9260,6,405.67999999999967,6,401.7399999999999,2opt,notBad
9261,6,405.67999999999967,6,401.7399999999999,2opt,notBad
9262,6,405.67999999999967,6,401.7399999999999,swap,notBad
9263,6,405.67999999999967,6,401.7399999999999,swap,notBad
9264,6,405.67999999999967,6,401.7399999999999,2opt,notBad
9265,6,405.67999999999967,6,401.7399999999999,2opt,notBad
9266,6,405.67999999999967,6,401.7399999999999,swap,notBad
9267,6,405.67999999999967,6,401.7399999999999,move,improve
9268,6,405.67999999999967,6,401.7399999999999,2opt,notBad
9269,6,405.67999999999967,6,401.7399999999999,swap,notBad
9270,6,405.67999999999967,6,401.7399999999999,swap,notBad
9271,6,405.67999999999967,6,401.7399999999999,2opt,notBad
9272,6,405.67999999999967,6,401.7399999999999,2opt,notBad
9273,6,405.67999999999967,6,401.7399999999999,swap,notBad
9274,6,405.67999999999967,6,401.7399999999999,swap,notBad
9275,6,405.67999999999967,6,401.7399999999999,2opt,improve
9276,6,405.67999999999967,6,401.7399999999999,swap,notBad
9277,6,405.67999999999967,6,401.7399999999999,swap,notBad
9278,6,405.67999999999967,6,401.7399999999999,move,improve
9279,6,405.67999999999967,6,401.7399999999999,move,improve
9280,6,405.67999999999967,6,401.7399999999999,move,improve
9281,6,405.67999999999967,6,401.7399999999999,swap,notBad
9282,6,405.67999999999967,6,401.7399999999999,swap,notBad
9283,6,405.67999999999967,6,401.7399999999999,swap,notBad
9284,6,405.67999999999967,6,401.7399999999999,2opt,notBad
9285,6,405.67999999999967,6,401.7399999999999,move,improve
9286,6,405.67999999999967,6,401.7399999999999,2opt,notBad
9287,6,405.67999999999967,6,401.7399999999999,2opt,notBad
9288,6,405.67999999999967,6,401.7399999999999,move,improve
9289,6,405.67999999999967,6,401.7399999999999,move,improve
9290,6,405.67999999999967,6,401.7399999999999,move,improve
9291,6,405.3599999999997,6,401.7399999999999,move,improve
9292,6,405.3599999999997,6,401.7399999999999,swap,notBad
9293,6,405.3599999999997,6,401.7399999999999,swap,notBad
9294,6,405.3599999999997,6,401.7399999999999,move,improve
9295,6,405.3599999999997,6,401.7399999999999,swap,notBad
9296,6,405.3599999999997,6,401.7399999999999,swap,notBad
9297,6,405.3599999999997,6,401.7399999999999,move,improve
9298,6,405.3599999999997,6,401.7399999999999,2opt,notBad
9299,6,405.3599999999997,6,401.7399999999999,swap,notBad
9300,6,405.3599999999997,6,401.7399999999999,move,improve
9301,6,405.3599999999997,6,401.7399999999999,move,improve
9302,6,405.3599999999997,6,401.7399999999999,2opt,notBad
9303,6,405.3599999999997,6,401.7399999999999,move,improve
9304,6,405.3599999999997,6,401.7399999999999,swap,notBad
9305,6,405.3599999999997,6,401.7399999999999,move,improve
9306,6,405.3599999999997,6,401.7399999999999,2opt,notBad
9307,6,405.3599999999997,6,401.7399999999999,2opt,notBad
9308,6,405.3599999999997,6,401.7399999999999,move,improve
9309,6,405.3599999999997,6,401.7399999999999,2opt,notBad
9310,6,405.3599999999997,6,401.7399999999999,move,improve
9311,6,405.3599999999997,6,401.7399999999999,swap,notBad
9312,6,405.3599999999997,6,401.7399999999999,move,improve
9313,6,405.3599999999997,6,401.7399999999999,move,improve
9314,6,405.3599999999997,6,401.7399999999999,move,improve
9315,6,404.0199999999997,6,401.7399999999999,move,improve
9316,6,404.0199999999997,6,401.7399999999999,2opt,notBad
9317,6,404.0199999999997,6,401.7399999999999,2opt,notBad
9318,6,404.0199999999997,6,401.7399999999999,2opt,notBad
9319,6,404.0199999999997,6,401.7399999999999,swap,notBad
9320,6,404.0199999999997,6,401.7399999999999,swap,notBad
9321,6,404.0199999999997,6,401.7399999999999,2opt,notBad
9322,6,404.0199999999997,6,401.7399999999999,2opt,notBad
9323,6,404.0199999999997,6,401.7399999999999,swap,notBad
9324,6,404.0199999999997,6,401.7399999999999,move,improve
9325,6,404.0199999999997,6,401.7399999999999,2opt,notBad
9326,6,404.0199999999997,6,401.7399999999999,swap,notBad
9327,6,404.0199999999997,6,401.7399999999999,move,improve
9328,6,404.0199999999997,6,401.7399999999999,swap,notBad
9329,6,404.0199999999997,6,401.7399999999999,2opt,notBad
9330,6,404.0199999999997,6,401.7399999999999,move,improve
9331,6,404.0199999999997,6,401.7399999999999,swap,notBad
9332,6,404.0199999999997,6,401.7399999999999,swap,notBad
9333,6,404.0199999999997,6,401.7399999999999,move,improve
9334,6,404.0199999999997,6,401.7399999999999,2opt,notBad
9335,6,404.0199999999997,6,401.7399999999999,move,improve
9336,6,404.0199999999997,6,401.7399999999999,move,improve
9337,6,404.0199999999997,6,401.7399999999999,2opt,notBad
9338,6,404.0199999999997,6,401.7399999999999,move,improve
9339,6,404.0199999999997,6,401.7399999999999,swap,notBad
9340,6,404.0199999999997,6,401.7399999999999,swap,notBad
9341,6,404.0199999999997,6,401.7399999999999,2opt,notBad
9342,6,404.0199999999997,6,401.7399999999999,2opt,notBad
9343,6,404.0199999999997,6,401.7399999999999,2opt,notBad
9344,6,404.0199999999997,6,401.7399999999999,swap,notBad
9345,6,404.0199999999997,6,401.7399999999999,swap,notBad
9346,6,404.0199999999997,6,401.7399999999999,2opt,notBad
9347,6,404.0199999999997,6,401.7399999999999,swap,notBad
9348,6,404.0199999999997,6,401.7399999999999,2opt,notBad
9349,6,404.0199999999997,6,401.7399999999999,2opt,notBad
9350,6,404.0199999999997,6,401.7399999999999,swap,notBad
9351,6,404.0199999999997,6,401.7399999999999,2opt,notBad
9352,6,404.0199999999997,6,401.7399999999999,2opt,improve
9353,6,404.0199999999997,6,401.7399999999999,move,improve
9354,6,404.0199999999997,6,401.7399999999999,move,improve
9355,6,404.0199999999997,6,401.7399999999999,swap,notBad
9356,6,404.0199999999997,6,401.7399999999999,move,improve
9357,6,404.0199999999997,6,401.7399999999999,swap,notBad
9358,6,404.0199999999997,6,401.7399999999999,move,improve
9359,6,404.0199999999997,6,401.7399999999999,swap,notBad
9360,6,404.0199999999997,6,401.7399999999999,move,improve
9361,6,404.0199999999997,6,401.7399999999999,move,improve
9362,6,404.0199999999997,6,401.7399999999999,move,improve
9363,6,404.0199999999997,6,401.7399999999999,swap,notBad
9364,6,404.0199999999997,6,401.7399999999999,2opt,notBad
9365,6,404.0199999999997,6,401.7399999999999,2opt,notBad
9366,6,404.0199999999997,6,401.7399999999999,swap,notBad
9367,6,404.0199999999997,6,401.7399999999999,move,improve
9368,6,404.0199999999997,6,401.7399999999999,2opt,notBad
9369,6,404.0199999999997,6,401.7399999999999,move,improve
9370,6,404.0199999999997,6,401.7399999999999,move,improve
9371,6,404.0199999999997,6,401.7399999999999,move,improve
9372,6,404.0199999999997,6,401.7399999999999,swap,notBad
9373,6,404.0199999999997,6,401.7399999999999,move,improve
9374,6,404.0199999999997,6,401.7399999999999,move,improve
9375,6,404.0199999999997,6,401.7399999999999,swap,notBad
9376,6,404.0199999999997,6,401.7399999999999,move,improve
9377,6,404.0199999999997,6,401.7399999999999,2opt,notBad
9378,6,404.0199999999997,6,401.7399999999999,2opt,notBad
9379,6,404.0199999999997,6,401.7399999999999,move,improve
9380,6,404.0199999999997,6,401.7399999999999,move,improve
9381,6,404.0199999999997,6,401.7399999999999,2opt,notBad
9382,6,404.0199999999997,6,401.7399999999999,swap,notBad
9383,6,404.0199999999997,6,401.7399999999999,2opt,notBad
9384,6,404.0199999999997,6,401.7399999999999,2opt,notBad
9385,6,404.0199999999997,6,401.7399999999999,swap,notBad
9386,6,404.0199999999997,6,401.7399999999999,swap,notBad
9387,6,404.0199999999997,6,401.7399999999999,move,improve
9388,6,404.0199999999997,6,401.7399999999999,swap,notBad
9389,6,404.0199999999997,6,401.7399999999999,2opt,notBad
9390,6,404.0199999999997,6,401.7399999999999,2opt,notBad
9391,6,404.0199999999997,6,401.7399999999999,move,improve
9392,6,404.0199999999997,6,401.7399999999999,move,improve
9393,6,404.0199999999997,6,401.7399999999999,swap,notBad
9394,6,404.0199999999997,6,401.7399999999999,swap,notBad
9395,6,404.0199999999997,6,401.7399999999999,swap,notBad
9396,6,404.0199999999997,6,401.7399999999999,2opt,notBad
9397,6,404.0199999999997,6,401.7399999999999,move,improve
9398,6,404.0199999999997,6,401.7399999999999,move,improve
9399,6,404.0199999999997,6,401.7399999999999,move,improve
9400,6,404.0199999999997,6,401.7399999999999,swap,notBad
9401,6,404.0199999999997,6,401.7399999999999,move,improve
9402,6,404.0199999999997,6,401.7399999999999,swap,notBad
9403,6,404.0199999999997,6,401.7399999999999,2opt,notBad
9404,6,404.0199999999997,6,401.7399999999999,move,improve
9405,6,404.0199999999997,6,401.7399999999999,swap,notBad
9406,6,404.0199999999997,6,401.7399999999999,swap,notBad
9407,6,404.0199999999997,6,401.7399999999999,move,improve
9408,6,404.0199999999997,6,401.7399999999999,move,improve
9409,6,404.0199999999997,6,401.7399999999999,swap,notBad
9410,6,404.0199999999997,6,401.7399999999999,move,improve
9411,6,404.0199999999997,6,401.7399999999999,2opt,notBad
9412,6,404.0199999999997,6,401.7399999999999,swap,notBad
9413,6,404.0199999999997,6,401.7399999999999,swap,notBad
9414,6,404.0199999999997,6,401.7399999999999,2opt,notBad
9415,6,404.0199999999997,6,401.7399999999999,2opt,notBad
9416,6,404.0199999999997,6,401.7399999999999,2opt,notBad
9417,6,404.0199999999997,6,401.7399999999999,swap,notBad
9418,6,404.0199999999997,6,401.7399999999999,swap,notBad
9419,6,404.0199999999997,6,401.7399999999999,swap,notBad
9420,6,404.0199999999997,6,401.7399999999999,move,improve
9421,6,404.0199999999997,6,401.7399999999999,2opt,notBad
9422,6,404.0199999999997,6,401.7399999999999,move,improve
9423,6,404.0199999999997,6,401.7399999999999,2opt,notBad
9424,6,404.0199999999997,6,401.7399999999999,2opt,notBad
9425,6,404.0199999999997,6,401.7399999999999,2opt,notBad
9426,6,404.0199999999997,6,401.7399999999999,move,improve
9427,6,404.0199999999997,6,401.7399999999999,swap,notBad
9428,6,404.0199999999997,6,401.7399999999999,2opt,notBad
9429,6,404.0199999999997,6,401.7399999999999,2opt,notBad
9430,6,404.0199999999997,6,401.7399999999999,swap,notBad
9431,6,404.0199999999997,6,401.7399999999999,move,improve
9432,6,404.0199999999997,6,401.7399999999999,move,improve
9433,6,404.0199999999997,6,401.7399999999999,2opt,notBad
9434,6,404.0199999999997,6,401.7399999999999,move,improve
9435,6,404.0199999999997,6,401.7399999999999,move,improve
9436,6,404.0199999999997,6,401.7399999999999,2opt,notBad
9437,6,404.0199999999997,6,401.7399999999999,move,improve
9438,6,404.0199999999997,6,401.7399999999999,move,improve
9439,6,404.0199999999997,6,401.7399999999999,swap,notBad
9440,6,404.0199999999997,6,401.7399999999999,swap,notBad
9441,6,404.0199999999997,6,401.7399999999999,swap,notBad
9442,6,404.0199999999997,6,401.7399999999999,move,improve
9443,6,404.0199999999997,6,401.7399999999999,move,improve
9444,6,404.0199999999997,6,401.7399999999999,2opt,improve
9445,6,404.0199999999997,6,401.7399999999999,2opt,notBad
9446,6,404.0199999999997,6,401.7399999999999,move,improve
9447,6,404.0199999999997,6,401.7399999999999,2opt,notBad
9448,6,404.0199999999997,6,401.7399999999999,move,improve
9449,6,404.0199999999997,6,401.7399999999999,move,improve
9450,6,404.0199999999997,6,401.7399999999999,swap,notBad
9451,6,404.0199999999997,6,401.7399999999999,swap,notBad
9452,6,404.0199999999997,6,401.7399999999999,2opt,notBad
9453,6,404.0199999999997,6,401.7399999999999,move,improve
9454,6,404.0199999999997,6,401.7399999999999,move,improve
9455,6,404.0199999999997,6,401.7399999999999,2opt,improve
9456,6,404.0199999999997,6,401.7399999999999,2opt,notBad
9457,6,404.0199999999997,6,401.7399999999999,swap,notBad
9458,6,404.0199999999997,6,401.7399999999999,swap,notBad
9459,6,404.0199999999997,6,401.7399999999999,2opt,notBad
9460,6,404.0199999999997,6,401.7399999999999,swap,notBad
9461,6,404.0199999999997,6,401.7399999999999,2opt,notBad
9462,6,404.0199999999997,6,401.7399999999999,move,improve
9463,6,404.0199999999997,6,401.7399999999999,swap,notBad
9464,6,404.0199999999997,6,401.7399999999999,move,improve
9465,6,404.0199999999997,6,401.7399999999999,move,improve
9466,6,404.0199999999997,6,401.7399999999999,2opt,improve
9467,6,404.0199999999997,6,401.7399999999999,move,improve
9468,6,404.0199999999997,6,401.7399999999999,2opt,notBad
9469,6,404.0199999999997,6,401.7399999999999,swap,notBad
9470,6,404.0199999999997,6,401.7399999999999,move,improve
9471,6,404.0199999999997,6,401.7399999999999,move,improve
9472,6,404.0199999999997,6,401.7399999999999,move,improve
9473,6,404.0199999999997,6,401.7399999999999,move,improve
9474,6,404.0199999999997,6,401.7399999999999,2opt,notBad
9475,6,404.0199999999997,6,401.7399999999999,move,improve
9476,6,404.0199999999997,6,401.7399999999999,swap,notBad
9477,6,404.0199999999997,6,401.7399999999999,2opt,notBad
9478,6,404.0199999999997,6,401.7399999999999,2opt,notBad
9479,6,404.0199999999997,6,401.7399999999999,2opt,notBad
9480,6,404.0199999999997,6,401.7399999999999,swap,notBad
9481,6,404.0199999999997,6,401.7399999999999,2opt,notBad
9482,6,404.0199999999997,6,401.7399999999999,swap,notBad
9483,6,404.0199999999997,6,401.7399999999999,2opt,notBad
9484,6,404.0199999999997,6,401.7399999999999,move,improve
9485,6,404.0199999999997,6,401.7399999999999,move,improve
9486,6,404.0199999999997,6,401.7399999999999,swap,notBad
9487,6,404.0199999999997,6,401.7399999999999,2opt,notBad
9488,6,404.0199999999997,6,401.7399999999999,2opt,notBad
9489,6,404.0199999999997,6,401.7399999999999,swap,notBad
9490,6,404.0199999999997,6,401.7399999999999,2opt,notBad
9491,6,404.0199999999997,6,401.7399999999999,move,improve
9492,6,404.0199999999997,6,401.7399999999999,2opt,notBad
9493,6,404.0199999999997,6,401.7399999999999,swap,notBad
9494,6,404.0199999999997,6,401.7399999999999,swap,notBad
9495,6,404.0199999999997,6,401.7399999999999,swap,notBad
9496,6,404.0199999999997,6,401.7399999999999,swap,notBad
9497,6,404.0199999999997,6,401.7399999999999,swap,notBad
9498,6,404.0199999999997,6,401.7399999999999,move,improve
9499,6,404.0199999999997,6,401.7399999999999,2opt,notBad
9500,6,404.0199999999997,6,401.7399999999999,2opt,notBad
9501,6,404.0199999999997,6,401.7399999999999,swap,notBad
9502,6,404.0199999999997,6,401.7399999999999,move,improve
9503,6,404.0199999999997,6,401.7399999999999,move,improve
9504,6,404.0199999999997,6,401.7399999999999,2opt,notBad
9505,6,404.0199999999997,6,401.7399999999999,swap,notBad
9506,6,404.0199999999997,6,401.7399999999999,move,improve
9507,6,404.0199999999997,6,401.7399999999999,move,improve
9508,6,404.0199999999997,6,401.7399999999999,2opt,notBad
9509,6,404.0199999999997,6,401.7399999999999,move,improve
9510,6,404.0199999999997,6,401.7399999999999,swap,notBad
9511,6,404.0199999999997,6,401.7399999999999,swap,notBad
9512,6,404.0199999999997,6,401.7399999999999,2opt,notBad
9513,6,404.0199999999997,6,401.7399999999999,2opt,improve
9514,6,404.0199999999997,6,401.7399999999999,2opt,improve
9515,6,404.0199999999997,6,401.7399999999999,move,improve
9516,6,404.0199999999997,6,401.7399999999999,2opt,notBad
9517,6,404.0199999999997,6,401.7399999999999,swap,notBad
9518,6,404.0199999999997,6,401.7399999999999,move,improve
9519,6,404.0199999999997,6,401.7399999999999,move,improve
9520,6,404.0199999999997,6,401.7399999999999,swap,notBad
9521,6,404.0199999999997,6,401.7399999999999,move,improve
9522,6,404.0199999999997,6,401.7399999999999,2opt,notBad
9523,6,404.0199999999997,6,401.7399999999999,2opt,notBad
9524,6,404.0199999999997,6,401.7399999999999,swap,notBad
9525,6,404.8799999999997,6,401.7399999999999,swap,acceptBad
9526,6,404.8799999999997,6,401.7399999999999,move,improve
9527,6,404.8799999999997,6,401.7399999999999,swap,notBad
9528,6,404.8799999999997,6,401.7399999999999,swap,notBad
9529,6,404.8799999999997,6,401.7399999999999,2opt,notBad
9530,6,404.8799999999997,6,401.7399999999999,2opt,improve
9531,6,404.8799999999997,6,401.7399999999999,2opt,notBad
9532,6,404.8799999999997,6,401.7399999999999,2opt,notBad
9533,6,404.8799999999997,6,401.7399999999999,2opt,notBad
9534,6,404.0199999999997,6,401.7399999999999,move,improve
9535,6,404.0199999999997,6,401.7399999999999,2opt,notBad
9536,6,404.0199999999997,6,401.7399999999999,swap,notBad
9537,6,404.0199999999997,6,401.7399999999999,move,improve
9538,6,404.0199999999997,6,401.7399999999999,2opt,notBad
9539,6,404.0199999999997,6,401.7399999999999,move,improve
9540,6,404.0199999999997,6,401.7399999999999,2opt,notBad
9541,6,404.0199999999997,6,401.7399999999999,swap,notBad
9542,6,404.0199999999997,6,401.7399999999999,2opt,notBad
9543,6,404.0199999999997,6,401.7399999999999,move,improve
9544,6,404.0199999999997,6,401.7399999999999,move,improve
9545,6,404.0199999999997,6,401.7399999999999,swap,notBad
9546,6,404.0199999999997,6,401.7399999999999,2opt,notBad
9547,6,404.0199999999997,6,401.7399999999999,2opt,notBad
9548,6,404.0199999999997,6,401.7399999999999,2opt,notBad
9549,6,404.0199999999997,6,401.7399999999999,move,improve
9550,6,404.0199999999997,6,401.7399999999999,move,improve
9551,6,404.0199999999997,6,401.7399999999999,2opt,notBad
9552,6,404.0199999999997,6,401.7399999999999,swap,notBad
9553,6,404.0199999999997,6,401.7399999999999,swap,notBad
9554,6,404.0199999999997,6,401.7399999999999,move,improve
9555,6,404.0199999999997,6,401.7399999999999,2opt,notBad
9556,6,404.0199999999997,6,401.7399999999999,swap,notBad
9557,6,404.0199999999997,6,401.7399999999999,move,improve
9558,6,404.0199999999997,6,401.7399999999999,swap,notBad
9559,6,404.0199999999997,6,401.7399999999999,2opt,notBad
9560,6,404.0199999999997,6,401.7399999999999,move,improve
9561,6,404.0199999999997,6,401.7399999999999,move,improve
9562,6,404.0199999999997,6,401.7399999999999,move,improve
9563,6,404.0199999999997,6,401.7399999999999,swap,notBad
9564,6,404.0199999999997,6,401.7399999999999,move,improve
9565,6,404.0199999999997,6,401.7399999999999,2opt,improve
9566,6,404.0199999999997,6,401.7399999999999,2opt,notBad
9567,6,404.0199999999997,6,401.7399999999999,swap,notBad
9568,6,404.0199999999997,6,401.7399999999999,move,improve
9569,6,404.0199999999997,6,401.7399999999999,move,improve
9570,6,404.0199999999997,6,401.7399999999999,swap,notBad
9571,6,404.0199999999997,6,401.7399999999999,move,improve
9572,6,404.0199999999997,6,401.7399999999999,2opt,notBad
9573,6,404.0199999999997,6,401.7399999999999,2opt,notBad
9574,6,404.0199999999997,6,401.7399999999999,swap,notBad
9575,6,404.0199999999997,6,401.7399999999999,2opt,notBad
9576,6,404.0199999999997,6,401.7399999999999,swap,notBad
9577,6,404.0199999999997,6,401.7399999999999,move,improve
9578,6,404.0199999999997,6,401.7399999999999,2opt,improve
9579,6,404.0199999999997,6,401.7399999999999,move,improve
9580,6,404.0199999999997,6,401.7399999999999,move,improve
9581,6,404.0199999999997,6,401.7399999999999,2opt,notBad
9582,6,404.0199999999997,6,401.7399999999999,swap,notBad
9583,6,404.0199999999997,6,401.7399999999999,swap,notBad
9584,6,404.0199999999997,6,401.7399999999999,swap,notBad
9585,6,404.0199999999997,6,401.7399999999999,move,improve
9586,6,404.0199999999997,6,401.7399999999999,2opt,notBad
9587,6,404.0199999999997,6,401.7399999999999,2opt,notBad
9588,6,404.0199999999997,6,401.7399999999999,swap,notBad
9589,6,404.0199999999997,6,401.7399999999999,move,improve
9590,6,404.0199999999997,6,401.7399999999999,swap,notBad
9591,6,404.0199999999997,6,401.7399999999999,swap,notBad
9592,6,404.0199999999997,6,401.7399999999999,swap,notBad
9593,6,404.0199999999997,6,401.7399999999999,swap,notBad
9594,6,404.0199999999997,6,401.7399999999999,swap,notBad
9595,6,404.0199999999997,6,401.7399999999999,2opt,notBad
9596,6,404.0199999999997,6,401.7399999999999,2opt,notBad
9597,6,404.0199999999997,6,401.7399999999999,2opt,notBad
9598,6,404.0199999999997,6,401.7399999999999,swap,notBad
9599,6,404.0199999999997,6,401.7399999999999,move,improve
9600,6,404.0199999999997,6,401.7399999999999,swap,notBad
9601,6,404.0199999999997,6,401.7399999999999,2opt,notBad
9602,6,404.0199999999997,6,401.7399999999999,2opt,notBad
9603,6,404.0199999999997,6,401.7399999999999,swap,notBad
9604,6,404.0199999999997,6,401.7399999999999,2opt,notBad
9605,6,404.0199999999997,6,401.7399999999999,move,improve
9606,6,404.0199999999997,6,401.7399999999999,2opt,notBad
9607,6,404.0199999999997,6,401.7399999999999,2opt,notBad
9608,6,404.0199999999997,6,401.7399999999999,move,improve
9609,6,404.0199999999997,6,401.7399999999999,2opt,notBad
9610,6,404.0199999999997,6,401.7399999999999,swap,notBad
9611,6,404.0199999999997,6,401.7399999999999,swap,notBad
9612,6,404.0199999999997,6,401.7399999999999,2opt,notBad
9613,6,404.0199999999997,6,401.7399999999999,swap,notBad
9614,6,404.0199999999997,6,401.7399999999999,2opt,notBad
9615,6,404.0199999999997,6,401.7399999999999,move,improve
9616,6,404.0199999999997,6,401.7399999999999,swap,notBad
9617,6,404.0199999999997,6,401.7399999999999,move,improve
9618,6,404.0199999999997,6,401.7399999999999,move,improve
9619,6,404.0199999999997,6,401.7399999999999,2opt,notBad
9620,6,404.0199999999997,6,401.7399999999999,move,improve
9621,6,404.0199999999997,6,401.7399999999999,2opt,notBad
9622,6,404.0199999999997,6,401.7399999999999,move,improve
9623,6,404.0199999999997,6,401.7399999999999,move,improve
9624,6,404.0199999999997,6,401.7399999999999,2opt,notBad
9625,6,404.0199999999997,6,401.7399999999999,2opt,notBad
9626,6,404.0199999999997,6,401.7399999999999,swap,notBad
9627,6,404.0199999999997,6,401.7399999999999,swap,notBad
9628,6,404.0199999999997,6,401.7399999999999,move,improve
9629,6,404.0199999999997,6,401.7399999999999,swap,notBad
9630,6,404.0199999999997,6,401.7399999999999,swap,notBad
9631,6,404.0199999999997,6,401.7399999999999,swap,notBad
9632,6,404.0199999999997,6,401.7399999999999,move,improve
9633,6,404.0199999999997,6,401.7399999999999,2opt,notBad
9634,6,404.0199999999997,6,401.7399999999999,move,improve
9635,6,404.0199999999997,6,401.7399999999999,swap,notBad
9636,6,404.0199999999997,6,401.7399999999999,swap,notBad
9637,6,404.0199999999997,6,401.7399999999999,move,improve
9638,6,404.0199999999997,6,401.7399999999999,swap,notBad
9639,6,404.0199999999997,6,401.7399999999999,move,improve
9640,6,404.0199999999997,6,401.7399999999999,2opt,notBad
9641,6,404.0199999999997,6,401.7399999999999,2opt,notBad
9642,6,404.0199999999997,6,401.7399999999999,swap,notBad
9643,6,404.0199999999997,6,401.7399999999999,swap,notBad
9644,6,404.0199999999997,6,401.7399999999999,2opt,notBad
9645,6,404.0199999999997,6,401.7399999999999,move,improve
9646,6,404.0199999999997,6,401.7399999999999,move,improve
9647,6,404.0199999999997,6,401.7399999999999,move,improve
9648,6,404.0199999999997,6,401.7399999999999,2opt,notBad
9649,6,404.0199999999997,6,401.7399999999999,move,improve
9650,6,404.0199999999997,6,401.7399999999999,swap,notBad
9651,6,404.0199999999997,6,401.7399999999999,2opt,notBad
9652,6,404.0199999999997,6,401.7399999999999,swap,notBad
9653,6,404.0199999999997,6,401.7399999999999,swap,notBad
9654,6,404.0199999999997,6,401.7399999999999,move,improve
9655,6,404.0199999999997,6,401.7399999999999,move,improve
9656,6,404.0199999999997,6,401.7399999999999,2opt,notBad
9657,6,404.0199999999997,6,401.7399999999999,move,improve
9658,6,404.0199999999997,6,401.7399999999999,2opt,notBad
9659,6,404.0199999999997,6,401.7399999999999,move,improve
9660,6,404.0199999999997,6,401.7399999999999,swap,notBad
9661,6,404.0199999999997,6,401.7399999999999,2opt,notBad
9662,6,404.0199999999997,6,401.7399999999999,move,improve
9663,6,404.0199999999997,6,401.7399999999999,swap,notBad
9664,6,404.0199999999997,6,401.7399999999999,swap,notBad
9665,6,404.0199999999997,6,401.7399999999999,move,improve
9666,6,404.0199999999997,6,401.7399999999999,2opt,notBad
9667,6,404.0199999999997,6,401.7399999999999,move,improve
9668,6,404.0199999999997,6,401.7399999999999,2opt,notBad
9669,6,404.0199999999997,6,401.7399999999999,move,improve
9670,6,404.0199999999997,6,401.7399999999999,2opt,notBad
9671,6,404.0199999999997,6,401.7399999999999,2opt,notBad
9672,6,404.0199999999997,6,401.7399999999999,2opt,notBad
9673,6,404.0199999999997,6,401.7399999999999,swap,notBad
9674,6,404.0199999999997,6,401.7399999999999,2opt,notBad
9675,6,404.0199999999997,6,401.7399999999999,swap,notBad
9676,6,404.0199999999997,6,401.7399999999999,swap,notBad
9677,6,404.0199999999997,6,401.7399999999999,swap,notBad
9678,6,404.0199999999997,6,401.7399999999999,2opt,notBad
9679,6,404.0199999999997,6,401.7399999999999,swap,notBad
9680,6,404.0199999999997,6,401.7399999999999,swap,notBad
9681,6,404.0199999999997,6,401.7399999999999,swap,notBad
9682,6,404.0199999999997,6,401.7399999999999,swap,notBad
9683,6,404.0199999999997,6,401.7399999999999,move,improve
9684,6,404.0199999999997,6,401.7399999999999,move,improve
9685,6,404.0199999999997,6,401.7399999999999,2opt,notBad
9686,6,404.0199999999997,6,401.7399999999999,swap,notBad
9687,6,404.0199999999997,6,401.7399999999999,swap,notBad
9688,6,404.0199999999997,6,401.7399999999999,move,improve
9689,6,404.0199999999997,6,401.7399999999999,swap,notBad
9690,6,404.0199999999997,6,401.7399999999999,2opt,notBad
9691,6,404.0199999999997,6,401.7399999999999,2opt,notBad
9692,6,404.0199999999997,6,401.7399999999999,swap,notBad
9693,6,404.0199999999997,6,401.7399999999999,swap,notBad
9694,6,404.0199999999997,6,401.7399999999999,move,improve
9695,6,404.0199999999997,6,401.7399999999999,swap,notBad
9696,6,404.0199999999997,6,401.7399999999999,2opt,notBad
9697,6,404.0199999999997,6,401.7399999999999,2opt,notBad
9698,6,404.0199999999997,6,401.7399999999999,swap,notBad
9699,6,404.0199999999997,6,401.7399999999999,2opt,notBad
9700,6,404.0199999999997,6,401.7399999999999,move,improve
9701,6,404.0199999999997,6,401.7399999999999,move,improve
9702,6,404.0199999999997,6,401.7399999999999,swap,notBad
9703,6,404.0199999999997,6,401.7399999999999,swap,notBad
9704,6,404.0199999999997,6,401.7399999999999,move,improve
9705,6,404.0199999999997,6,401.7399999999999,move,improve
9706,6,404.0199999999997,6,401.7399999999999,move,improve
9707,6,404.0199999999997,6,401.7399999999999,swap,notBad
9708,6,404.0199999999997,6,401.7399999999999,2opt,notBad
9709,6,404.0199999999997,6,401.7399999999999,move,improve
9710,6,404.0199999999997,6,401.7399999999999,move,improve
9711,6,404.0199999999997,6,401.7399999999999,2opt,notBad
9712,6,404.0199999999997,6,401.7399999999999,move,improve
9713,6,404.0199999999997,6,401.7399999999999,2opt,notBad
9714,6,404.0199999999997,6,401.7399999999999,2opt,notBad
9715,6,404.0199999999997,6,401.7399999999999,swap,notBad
9716,6,404.0199999999997,6,401.7399999999999,move,improve
9717,6,404.0199999999997,6,401.7399999999999,move,improve
9718,6,404.0199999999997,6,401.7399999999999,swap,notBad
9719,6,404.0199999999997,6,401.7399999999999,swap,notBad
9720,6,404.0199999999997,6,401.7399999999999,move,improve
9721,6,404.0199999999997,6,401.7399999999999,swap,notBad
9722,6,404.0199999999997,6,401.7399999999999,swap,notBad
9723,6,404.0199999999997,6,401.7399999999999,swap,notBad
9724,6,404.0199999999997,6,401.7399999999999,swap,notBad
9725,6,404.0199999999997,6,401.7399999999999,swap,notBad
9726,6,404.0199999999997,6,401.7399999999999,2opt,notBad
9727,6,404.0199999999997,6,401.7399999999999,move,improve
9728,6,404.0199999999997,6,401.7399999999999,2opt,improve
9729,6,404.0199999999997,6,401.7399999999999,swap,notBad
9730,6,404.0199999999997,6,401.7399999999999,2opt,notBad
9731,6,404.0199999999997,6,401.7399999999999,move,improve
9732,6,404.0199999999997,6,401.7399999999999,swap,notBad
9733,6,404.0199999999997,6,401.7399999999999,swap,notBad
9734,6,404.0199999999997,6,401.7399999999999,swap,notBad
9735,6,404.0199999999997,6,401.7399999999999,swap,notBad
9736,6,404.0199999999997,6,401.7399999999999,swap,notBad
9737,6,404.0199999999997,6,401.7399999999999,move,improve
9738,6,404.0199999999997,6,401.7399999999999,2opt,notBad
9739,6,404.0199999999997,6,401.7399999999999,2opt,notBad
9740,6,404.0199999999997,6,401.7399999999999,move,improve
9741,6,404.0199999999997,6,401.7399999999999,move,improve
9742,6,404.0199999999997,6,401.7399999999999,move,improve
9743,6,404.0199999999997,6,401.7399999999999,move,improve
9744,6,404.0199999999997,6,401.7399999999999,move,improve
9745,6,404.0199999999997,6,401.7399999999999,swap,notBad
9746,6,404.0199999999997,6,401.7399999999999,swap,notBad
9747,6,404.0199999999997,6,401.7399999999999,2opt,notBad
9748,6,404.0199999999997,6,401.7399999999999,move,improve
9749,6,404.0199999999997,6,401.7399999999999,move,improve
9750,6,404.0199999999997,6,401.7399999999999,move,improve
9751,6,404.0199999999997,6,401.7399999999999,move,improve
9752,6,404.0199999999997,6,401.7399999999999,2opt,notBad
9753,6,404.0199999999997,6,401.7399999999999,2opt,notBad
9754,6,404.0199999999997,6,401.7399999999999,move,improve
9755,6,404.0199999999997,6,401.7399999999999,2opt,notBad
9756,6,404.0199999999997,6,401.7399999999999,swap,notBad
9757,6,404.0199999999997,6,401.7399999999999,swap,notBad
9758,6,404.0199999999997,6,401.7399999999999,swap,notBad
9759,6,404.0199999999997,6,401.7399999999999,2opt,notBad
9760,6,404.0199999999997,6,401.7399999999999,2opt,notBad
9761,6,404.0199999999997,6,401.7399999999999,2opt,notBad
9762,6,404.0199999999997,6,401.7399999999999,move,improve
9763,6,404.0199999999997,6,401.7399999999999,move,improve
9764,6,404.0199999999997,6,401.7399999999999,move,improve
9765,6,404.0199999999997,6,401.7399999999999,move,improve
9766,6,404.0199999999997,6,401.7399999999999,2opt,notBad
9767,6,404.0199999999997,6,401.7399999999999,2opt,notBad
9768,6,404.0199999999997,6,401.7399999999999,move,improve
9769,6,404.0199999999997,6,401.7399999999999,2opt,improve
9770,6,404.0199999999997,6,401.7399999999999,move,improve
9771,6,404.0199999999997,6,401.7399999999999,swap,notBad
9772,6,404.0199999999997,6,401.7399999999999,2opt,notBad
9773,6,404.0199999999997,6,401.7399999999999,swap,notBad
9774,6,404.0199999999997,6,401.7399999999999,move,improve
9775,6,404.0199999999997,6,401.7399999999999,2opt,notBad
9776,6,404.0199999999997,6,401.7399999999999,2opt,notBad
9777,6,404.0199999999997,6,401.7399999999999,2opt,notBad
9778,6,404.0199999999997,6,401.7399999999999,move,improve
9779,6,404.0199999999997,6,401.7399999999999,2opt,notBad
9780,6,404.0199999999997,6,401.7399999999999,move,improve
9781,6,404.0199999999997,6,401.7399999999999,move,improve
9782,6,404.0199999999997,6,401.7399999999999,2opt,notBad
9783,6,404.0199999999997,6,401.7399999999999,swap,notBad
9784,6,404.0199999999997,6,401.7399999999999,2opt,notBad
9785,6,404.0199999999997,6,401.7399999999999,swap,notBad
9786,6,404.0199999999997,6,401.7399999999999,move,improve
9787,6,404.0199999999997,6,401.7399999999999,2opt,notBad
9788,6,404.0199999999997,6,401.7399999999999,move,improve
9789,6,404.0199999999997,6,401.7399999999999,2opt,notBad
9790,6,404.0199999999997,6,401.7399999999999,swap,notBad
9791,6,404.0199999999997,6,401.7399999999999,move,improve
9792,6,404.0199999999997,6,401.7399999999999,swap,notBad
9793,6,404.0199999999997,6,401.7399999999999,2opt,notBad
9794,6,404.0199999999997,6,401.7399999999999,2opt,notBad
9795,6,404.0199999999997,6,401.7399999999999,2opt,improve
9796,6,404.0199999999997,6,401.7399999999999,swap,notBad
9797,6,404.0199999999997,6,401.7399999999999,2opt,notBad
9798,6,404.0199999999997,6,401.7399999999999,move,improve
9799,6,404.0199999999997,6,401.7399999999999,swap,notBad
9800,6,404.0199999999997,6,401.7399999999999,swap,notBad
9801,6,404.0199999999997,6,401.7399999999999,move,improve
9802,6,404.0199999999997,6,401.7399999999999,2opt,notBad
9803,6,404.0199999999997,6,401.7399999999999,move,improve
9804,6,404.0199999999997,6,401.7399999999999,swap,notBad
9805,6,404.0199999999997,6,401.7399999999999,swap,notBad
9806,6,404.0199999999997,6,401.7399999999999,move,improve
9807,6,404.0199999999997,6,401.7399999999999,swap,notBad
9808,6,404.0199999999997,6,401.7399999999999,2opt,notBad
9809,6,404.0199999999997,6,401.7399999999999,swap,notBad
9810,6,404.0199999999997,6,401.7399999999999,move,improve
9811,6,404.0199999999997,6,401.7399999999999,2opt,notBad
9812,6,404.0199999999997,6,401.7399999999999,2opt,notBad
9813,6,404.0199999999997,6,401.7399999999999,move,improve
9814,6,404.0199999999997,6,401.7399999999999,2opt,notBad
9815,6,404.0199999999997,6,401.7399999999999,move,improve
9816,6,404.0199999999997,6,401.7399999999999,swap,notBad
9817,6,404.0199999999997,6,401.7399999999999,swap,notBad
9818,6,404.0199999999997,6,401.7399999999999,2opt,notBad
9819,6,404.0199999999997,6,401.7399999999999,2opt,notBad
9820,6,404.0199999999997,6,401.7399999999999,2opt,notBad
9821,6,404.0199999999997,6,401.7399999999999,2opt,notBad
9822,6,404.0199999999997,6,401.7399999999999,move,improve
9823,6,404.0199999999997,6,401.7399999999999,2opt,notBad
9824,6,404.0199999999997,6,401.7399999999999,swap,notBad
9825,6,404.0199999999997,6,401.7399999999999,swap,notBad
9826,6,404.0199999999997,6,401.7399999999999,swap,notBad
9827,6,404.0199999999997,6,401.7399999999999,move,improve
9828,6,404.0199999999997,6,401.7399999999999,2opt,notBad
9829,6,404.0199999999997,6,401.7399999999999,move,improve
9830,6,404.0199999999997,6,401.7399999999999,move,improve
9831,6,404.0199999999997,6,401.7399999999999,2opt,notBad
9832,6,404.0199999999997,6,401.7399999999999,swap,notBad
9833,6,404.0199999999997,6,401.7399999999999,swap,notBad
9834,6,404.0199999999997,6,401.7399999999999,2opt,notBad
9835,6,404.0199999999997,6,401.7399999999999,move,improve
9836,6,404.0199999999997,6,401.7399999999999,2opt,notBad
9837,6,404.0199999999997,6,401.7399999999999,swap,notBad
9838,6,404.0199999999997,6,401.7399999999999,move,improve
9839,6,404.0199999999997,6,401.7399999999999,2opt,notBad
9840,6,404.0199999999997,6,401.7399999999999,swap,notBad
9841,6,404.0199999999997,6,401.7399999999999,2opt,notBad
9842,6,404.0199999999997,6,401.7399999999999,move,improve
9843,6,404.3399999999997,6,401.7399999999999,swap,acceptBad
9844,6,404.3399999999997,6,401.7399999999999,swap,notBad
9845,6,404.3399999999997,6,401.7399999999999,move,improve
9846,6,404.3399999999997,6,401.7399999999999,move,improve
9847,6,404.3399999999997,6,401.7399999999999,2opt,notBad
9848,6,404.3399999999997,6,401.7399999999999,swap,notBad
9849,6,404.3399999999997,6,401.7399999999999,move,improve
9850,6,404.3399999999997,6,401.7399999999999,2opt,notBad
9851,6,404.3399999999997,6,401.7399999999999,swap,notBad
9852,6,404.3399999999997,6,401.7399999999999,move,improve
9853,6,404.3399999999997,6,401.7399999999999,swap,notBad
9854,6,404.3399999999997,6,401.7399999999999,swap,notBad
9855,6,404.3399999999997,6,401.7399999999999,2opt,notBad
9856,6,404.3399999999997,6,401.7399999999999,2opt,notBad
9857,6,404.3399999999997,6,401.7399999999999,move,improve
9858,6,404.3399999999997,6,401.7399999999999,2opt,notBad
9859,6,404.3399999999997,6,401.7399999999999,swap,notBad
9860,6,404.3399999999997,6,401.7399999999999,move,improve
9861,6,404.3399999999997,6,401.7399999999999,move,improve
9862,6,404.3399999999997,6,401.7399999999999,2opt,notBad
9863,6,404.3399999999997,6,401.7399999999999,move,improve
9864,6,404.3399999999997,6,401.7399999999999,swap,notBad
9865,6,404.3399999999997,6,401.7399999999999,2opt,notBad
9866,6,404.3399999999997,6,401.7399999999999,move,improve
9867,6,404.3399999999997,6,401.7399999999999,move,improve
9868,6,404.0199999999997,6,401.7399999999999,move,improve
9869,6,404.0199999999997,6,401.7399999999999,move,improve
9870,6,404.0199999999997,6,401.7399999999999,move,improve
9871,6,404.0199999999997,6,401.7399999999999,move,improve
9872,6,404.0199999999997,6,401.7399999999999,move,improve
9873,6,404.0199999999997,6,401.7399999999999,2opt,notBad
9874,6,404.0199999999997,6,401.7399999999999,move,improve
9875,6,404.0199999999997,6,401.7399999999999,move,improve
9876,6,404.0199999999997,6,401.7399999999999,move,improve
9877,6,404.0199999999997,6,401.7399999999999,swap,notBad
9878,6,404.0199999999997,6,401.7399999999999,swap,notBad
9879,6,404.0199999999997,6,401.7399999999999,2opt,notBad
9880,6,404.0199999999997,6,401.7399999999999,swap,notBad
9881,6,404.0199999999997,6,401.7399999999999,2opt,notBad
9882,6,404.0199999999997,6,401.7399999999999,move,improve
9883,6,404.0199999999997,6,401.7399999999999,swap,notBad
9884,6,404.0199999999997,6,401.7399999999999,2opt,notBad
9885,6,404.0199999999997,6,401.7399999999999,swap,notBad
9886,6,404.0199999999997,6,401.7399999999999,move,improve
9887,6,404.0199999999997,6,401.7399999999999,2opt,notBad
9888,6,404.0199999999997,6,401.7399999999999,move,improve
9889,6,404.0199999999997,6,401.7399999999999,swap,notBad
9890,6,404.0199999999997,6,401.7399999999999,move,improve
9891,6,404.0199999999997,6,401.7399999999999,2opt,notBad
9892,6,404.0199999999997,6,401.7399999999999,2opt,notBad
9893,6,404.0199999999997,6,401.7399999999999,2opt,notBad
9894,6,404.0199999999997,6,401.7399999999999,move,improve
9895,6,404.0199999999997,6,401.7399999999999,2opt,notBad
9896,6,404.0199999999997,6,401.7399999999999,move,improve
9897,6,404.0199999999997,6,401.7399999999999,move,improve
9898,6,404.0199999999997,6,401.7399999999999,move,improve
9899,6,404.72000000000014,6,401.7399999999999,move,acceptBad
9900,6,404.72000000000014,6,401.7399999999999,move,improve
9901,6,404.72000000000014,6,401.7399999999999,2opt,notBad
9902,6,404.72000000000014,6,401.7399999999999,2opt,notBad
9903,6,404.72000000000014,6,401.7399999999999,2opt,notBad
9904,6,404.72000000000014,6,401.7399999999999,swap,notBad
9905,6,404.72000000000014,6,401.7399999999999,swap,notBad
9906,6,404.72000000000014,6,401.7399999999999,swap,notBad
9907,6,404.72000000000014,6,401.7399999999999,move,improve
9908,6,404.72000000000014,6,401.7399999999999,2opt,notBad
9909,6,404.72000000000014,6,401.7399999999999,move,improve
9910,6,404.72000000000014,6,401.7399999999999,2opt,notBad
9911,6,404.72000000000014,6,401.7399999999999,2opt,improve
9912,6,404.72000000000014,6,401.7399999999999,move,improve
9913,6,404.72000000000014,6,401.7399999999999,2opt,notBad
9914,6,404.72000000000014,6,401.7399999999999,2opt,notBad
9915,6,404.72000000000014,6,401.7399999999999,swap,notBad
9916,6,404.72000000000014,6,401.7399999999999,2opt,notBad
9917,6,404.72000000000014,6,401.7399999999999,move,improve
9918,6,404.72000000000014,6,401.7399999999999,2opt,notBad
9919,6,404.72000000000014,6,401.7399999999999,swap,notBad
9920,6,404.72000000000014,6,401.7399999999999,move,improve
9921,6,404.72000000000014,6,401.7399999999999,move,improve
9922,6,404.72000000000014,6,401.7399999999999,2opt,notBad
9923,6,404.72000000000014,6,401.7399999999999,move,improve
9924,6,404.72000000000014,6,401.7399999999999,2opt,notBad
9925,6,404.72000000000014,6,401.7399999999999,swap,notBad
9926,6,404.72000000000014,6,401.7399999999999,2opt,notBad
9927,6,404.72000000000014,6,401.7399999999999,swap,notBad
9928,6,404.72000000000014,6,401.7399999999999,swap,notBad
9929,6,404.72000000000014,6,401.7399999999999,2opt,notBad
9930,6,404.72000000000014,6,401.7399999999999,swap,notBad
9931,6,404.72000000000014,6,401.7399999999999,2opt,notBad
9932,6,404.72000000000014,6,401.7399999999999,swap,notBad
9933,6,404.72000000000014,6,401.7399999999999,swap,notBad
9934,6,404.72000000000014,6,401.7399999999999,2opt,notBad
9935,6,404.72000000000014,6,401.7399999999999,2opt,notBad
9936,6,404.72000000000014,6,401.7399999999999,move,improve
9937,6,404.72000000000014,6,401.7399999999999,swap,notBad
9938,6,404.72000000000014,6,401.7399999999999,2opt,notBad
9939,6,404.72000000000014,6,401.7399999999999,swap,notBad
9940,6,404.72000000000014,6,401.7399999999999,2opt,notBad
9941,6,404.72000000000014,6,401.7399999999999,2opt,improve
9942,6,404.72000000000014,6,401.7399999999999,2opt,notBad
9943,6,404.72000000000014,6,401.7399999999999,2opt,notBad
9944,6,404.72000000000014,6,401.7399999999999,2opt,notBad
9945,6,404.72000000000014,6,401.7399999999999,2opt,notBad
9946,6,404.72000000000014,6,401.7399999999999,swap,notBad
9947,6,404.72000000000014,6,401.7399999999999,2opt,notBad
9948,6,404.72000000000014,6,401.7399999999999,swap,notBad
9949,6,404.72000000000014,6,401.7399999999999,move,improve
9950,6,404.72000000000014,6,401.7399999999999,swap,notBad
9951,6,404.72000000000014,6,401.7399999999999,2opt,notBad
9952,6,404.72000000000014,6,401.7399999999999,swap,notBad
9953,6,404.72000000000014,6,401.7399999999999,swap,notBad
9954,6,404.72000000000014,6,401.7399999999999,2opt,notBad
9955,6,404.72000000000014,6,401.7399999999999,swap,notBad
9956,6,404.72000000000014,6,401.7399999999999,swap,notBad
9957,6,404.72000000000014,6,401.7399999999999,2opt,notBad
9958,6,404.72000000000014,6,401.7399999999999,2opt,notBad
9959,6,404.72000000000014,6,401.7399999999999,2opt,notBad
9960,6,404.72000000000014,6,401.7399999999999,swap,notBad
9961,6,404.72000000000014,6,401.7399999999999,swap,notBad
9962,6,404.72000000000014,6,401.7399999999999,swap,notBad
9963,6,404.72000000000014,6,401.7399999999999,2opt,notBad
9964,6,404.72000000000014,6,401.7399999999999,2opt,notBad
9965,6,404.72000000000014,6,401.7399999999999,2opt,notBad
9966,6,404.72000000000014,6,401.7399999999999,swap,notBad
9967,6,404.72000000000014,6,401.7399999999999,move,improve
9968,6,404.72000000000014,6,401.7399999999999,swap,notBad
9969,6,404.72000000000014,6,401.7399999999999,move,improve
9970,6,404.72000000000014,6,401.7399999999999,move,improve
9971,6,404.72000000000014,6,401.7399999999999,swap,notBad
9972,6,404.72000000000014,6,401.7399999999999,swap,notBad
9973,6,404.72000000000014,6,401.7399999999999,move,improve
9974,6,404.72000000000014,6,401.7399999999999,move,improve
9975,6,404.72000000000014,6,401.7399999999999,swap,notBad
9976,6,404.72000000000014,6,401.7399999999999,swap,notBad
9977,6,404.72000000000014,6,401.7399999999999,move,improve
9978,6,404.72000000000014,6,401.7399999999999,move,improve
9979,6,404.72000000000014,6,401.7399999999999,2opt,notBad
9980,6,404.72000000000014,6,401.7399999999999,swap,notBad
9981,6,404.72000000000014,6,401.7399999999999,swap,notBad
9982,6,404.72000000000014,6,401.7399999999999,move,improve
9983,6,404.72000000000014,6,401.7399999999999,move,improve
9984,6,404.72000000000014,6,401.7399999999999,swap,notBad
9985,6,404.72000000000014,6,401.7399999999999,2opt,notBad
9986,6,404.72000000000014,6,401.7399999999999,swap,notBad
9987,6,404.72000000000014,6,401.7399999999999,swap,notBad
9988,6,404.72000000000014,6,401.7399999999999,move,improve
9989,6,404.72000000000014,6,401.7399999999999,move,improve
9990,6,404.72000000000014,6,401.7399999999999,swap,notBad
9991,6,404.72000000000014,6,401.7399999999999,swap,notBad
9992,6,404.72000000000014,6,401.7399999999999,swap,notBad
9993,6,404.72000000000014,6,401.7399999999999,swap,notBad
9994,6,404.72000000000014,6,401.7399999999999,2opt,notBad
9995,6,404.72000000000014,6,401.7399999999999,2opt,notBad
9996,6,404.72000000000014,6,401.7399999999999,2opt,notBad
9997,6,404.72000000000014,6,401.7399999999999,swap,notBad
9998,6,404.72000000000014,6,401.7399999999999,swap,notBad
9999,6,404.0199999999997,6,401.7399999999999,swap,improve
10000,6,404.0199999999997,6,401.7399999999999,2opt,notBad
10001,6,404.0199999999997,6,401.7399999999999,move,improve
10002,6,404.0199999999997,6,401.7399999999999,2opt,notBad
10003,6,404.0199999999997,6,401.7399999999999,move,improve
10004,6,404.0199999999997,6,401.7399999999999,2opt,notBad
10005,6,404.0199999999997,6,401.7399999999999,move,improve
10006,6,404.0199999999997,6,401.7399999999999,2opt,notBad
10007,6,404.0199999999997,6,401.7399999999999,move,improve
10008,6,404.0199999999997,6,401.7399999999999,move,improve
10009,6,404.0199999999997,6,401.7399999999999,move,improve
10010,6,404.0199999999997,6,401.7399999999999,move,improve
10011,6,404.0199999999997,6,401.7399999999999,swap,notBad
10012,6,404.0199999999997,6,401.7399999999999,move,improve
10013,6,404.0199999999997,6,401.7399999999999,move,improve
10014,6,404.0199999999997,6,401.7399999999999,2opt,notBad
10015,6,404.0199999999997,6,401.7399999999999,move,improve
10016,6,404.0199999999997,6,401.7399999999999,2opt,improve
10017,6,404.0199999999997,6,401.7399999999999,swap,notBad
10018,6,404.0199999999997,6,401.7399999999999,2opt,improve
10019,6,404.0199999999997,6,401.7399999999999,swap,notBad
10020,6,404.0199999999997,6,401.7399999999999,2opt,improve
10021,6,404.0199999999997,6,401.7399999999999,2opt,notBad
10022,6,404.0199999999997,6,401.7399999999999,move,improve
10023,6,404.0199999999997,6,401.7399999999999,2opt,notBad
10024,6,404.0199999999997,6,401.7399999999999,2opt,improve
10025,6,404.0199999999997,6,401.7399999999999,swap,notBad
10026,6,404.0199999999997,6,401.7399999999999,2opt,notBad
10027,6,404.0199999999997,6,401.7399999999999,move,improve
10028,6,404.0199999999997,6,401.7399999999999,move,improve
10029,6,404.0199999999997,6,401.7399999999999,move,improve
10030,6,404.0199999999997,6,401.7399999999999,move,improve
10031,6,404.0199999999997,6,401.7399999999999,swap,notBad
10032,6,404.0199999999997,6,401.7399999999999,2opt,notBad
10033,6,404.0199999999997,6,401.7399999999999,move,improve
10034,6,404.0199999999997,6,401.7399999999999,move,improve
10035,6,404.0199999999997,6,401.7399999999999,swap,notBad
10036,6,404.0199999999997,6,401.7399999999999,swap,notBad
10037,6,404.0199999999997,6,401.7399999999999,swap,notBad
10038,6,404.0199999999997,6,401.7399999999999,2opt,notBad
10039,6,404.0199999999997,6,401.7399999999999,swap,notBad
10040,6,404.0199999999997,6,401.7399999999999,2opt,notBad
10041,6,404.0199999999997,6,401.7399999999999,move,improve
10042,6,404.0199999999997,6,401.7399999999999,move,improve
10043,6,404.0199999999997,6,401.7399999999999,2opt,notBad
10044,6,404.0199999999997,6,401.7399999999999,move,improve
10045,6,404.0199999999997,6,401.7399999999999,swap,notBad
10046,6,404.0199999999997,6,401.7399999999999,swap,notBad
10047,6,404.0199999999997,6,401.7399999999999,move,improve
10048,6,404.0199999999997,6,401.7399999999999,2opt,notBad
10049,6,404.0199999999997,6,401.7399999999999,2opt,notBad
10050,6,404.0199999999997,6,401.7399999999999,swap,notBad
10051,6,404.0199999999997,6,401.7399999999999,move,improve
10052,6,404.0199999999997,6,401.7399999999999,2opt,notBad
10053,6,404.0199999999997,6,401.7399999999999,2opt,notBad
10054,6,404.0199999999997,6,401.7399999999999,move,improve
10055,6,404.0199999999997,6,401.7399999999999,swap,notBad
10056,6,404.0199999999997,6,401.7399999999999,swap,notBad
10057,6,404.0199999999997,6,401.7399999999999,move,improve
10058,6,404.0199999999997,6,401.7399999999999,swap,notBad
10059,6,404.0199999999997,6,401.7399999999999,2opt,notBad
10060,6,404.0199999999997,6,401.7399999999999,swap,notBad
10061,6,404.0199999999997,6,401.7399999999999,2opt,notBad
10062,6,404.0199999999997,6,401.7399999999999,move,improve
10063,6,404.0199999999997,6,401.7399999999999,2opt,notBad
10064,6,404.0199999999997,6,401.7399999999999,move,improve
10065,6,404.0199999999997,6,401.7399999999999,2opt,notBad
10066,6,404.0199999999997,6,401.7399999999999,move,improve
10067,6,404.0199999999997,6,401.7399999999999,2opt,notBad
10068,6,404.0199999999997,6,401.7399999999999,swap,notBad
10069,6,404.0199999999997,6,401.7399999999999,move,improve
10070,6,404.0199999999997,6,401.7399999999999,move,improve
10071,6,404.0199999999997,6,401.7399999999999,2opt,notBad
10072,6,404.0199999999997,6,401.7399999999999,move,improve
10073,6,404.0199999999997,6,401.7399999999999,move,improve
10074,6,404.0199999999997,6,401.7399999999999,move,improve
10075,6,404.0199999999997,6,401.7399999999999,move,improve
10076,6,404.0199999999997,6,401.7399999999999,move,improve
10077,6,404.0199999999997,6,401.7399999999999,swap,notBad
10078,6,404.0199999999997,6,401.7399999999999,move,improve
10079,6,404.0199999999997,6,401.7399999999999,2opt,notBad
10080,6,404.0199999999997,6,401.7399999999999,swap,notBad
10081,6,404.0199999999997,6,401.7399999999999,2opt,notBad
10082,6,404.0199999999997,6,401.7399999999999,2opt,notBad
10083,6,404.0199999999997,6,401.7399999999999,swap,notBad
10084,6,404.0199999999997,6,401.7399999999999,swap,notBad
10085,6,404.0199999999997,6,401.7399999999999,move,improve
10086,6,404.0199999999997,6,401.7399999999999,move,improve
10087,6,404.0199999999997,6,401.7399999999999,swap,notBad
10088,6,404.0199999999997,6,401.7399999999999,move,improve
10089,6,404.0199999999997,6,401.7399999999999,2opt,notBad
10090,6,404.0199999999997,6,401.7399999999999,move,improve
10091,6,404.0199999999997,6,401.7399999999999,2opt,notBad
10092,6,404.0199999999997,6,401.7399999999999,swap,notBad
10093,6,404.0199999999997,6,401.7399999999999,2opt,notBad
10094,6,404.0199999999997,6,401.7399999999999,swap,notBad
10095,6,404.0199999999997,6,401.7399999999999,move,improve
10096,6,404.0199999999997,6,401.7399999999999,2opt,notBad
10097,6,404.0199999999997,6,401.7399999999999,move,improve
10098,6,404.0199999999997,6,401.7399999999999,move,improve
10099,6,404.0199999999997,6,401.7399999999999,2opt,notBad
10100,6,404.0199999999997,6,401.7399999999999,2opt,notBad
10101,6,404.0199999999997,6,401.7399999999999,move,improve
10102,6,404.0199999999997,6,401.7399999999999,swap,notBad
10103,6,404.0199999999997,6,401.7399999999999,move,improve
10104,6,404.0199999999997,6,401.7399999999999,2opt,notBad
10105,6,404.0199999999997,6,401.7399999999999,swap,notBad
10106,6,404.0199999999997,6,401.7399999999999,swap,notBad
10107,6,404.0199999999997,6,401.7399999999999,move,improve
10108,6,404.0199999999997,6,401.7399999999999,swap,notBad
10109,6,404.0199999999997,6,401.7399999999999,swap,notBad
10110,6,404.0199999999997,6,401.7399999999999,2opt,improve
10111,6,404.0199999999997,6,401.7399999999999,swap,notBad
10112,6,404.0199999999997,6,401.7399999999999,swap,notBad
10113,6,404.0199999999997,6,401.7399999999999,2opt,notBad
10114,6,404.0199999999997,6,401.7399999999999,swap,notBad
10115,6,404.0199999999997,6,401.7399999999999,move,improve
10116,6,404.0199999999997,6,401.7399999999999,2opt,notBad
10117,6,404.0199999999997,6,401.7399999999999,2opt,notBad
10118,6,404.0199999999997,6,401.7399999999999,2opt,notBad
10119,6,404.0199999999997,6,401.7399999999999,move,improve
10120,6,404.0199999999997,6,401.7399999999999,swap,notBad
10121,6,404.0199999999997,6,401.7399999999999,move,improve
10122,6,404.0199999999997,6,401.7399999999999,2opt,notBad
10123,6,404.0199999999997,6,401.7399999999999,move,improve
10124,6,404.0199999999997,6,401.7399999999999,move,improve
10125,6,404.0199999999997,6,401.7399999999999,move,improve
10126,6,404.0199999999997,6,401.7399999999999,move,improve
10127,6,404.0199999999997,6,401.7399999999999,move,improve
10128,6,404.0199999999997,6,401.7399999999999,swap,notBad
10129,6,404.0199999999997,6,401.7399999999999,swap,notBad
10130,6,404.0199999999997,6,401.7399999999999,swap,notBad
10131,6,404.0199999999997,6,401.7399999999999,swap,notBad
10132,6,404.0199999999997,6,401.7399999999999,2opt,notBad
10133,6,404.0199999999997,6,401.7399999999999,move,improve
10134,6,404.0199999999997,6,401.7399999999999,move,improve
10135,6,404.0199999999997,6,401.7399999999999,swap,notBad
10136,6,404.0199999999997,6,401.7399999999999,move,improve
10137,6,404.0199999999997,6,401.7399999999999,2opt,notBad
10138,6,404.0199999999997,6,401.7399999999999,move,improve
10139,6,404.0199999999997,6,401.7399999999999,move,improve
10140,6,404.0199999999997,6,401.7399999999999,2opt,notBad
10141,6,404.0199999999997,6,401.7399999999999,2opt,improve
10142,6,404.0199999999997,6,401.7399999999999,2opt,notBad
10143,6,404.0199999999997,6,401.7399999999999,move,improve
10144,6,404.0199999999997,6,401.7399999999999,2opt,notBad
10145,6,404.0199999999997,6,401.7399999999999,swap,notBad
10146,6,404.0199999999997,6,401.7399999999999,move,improve
10147,6,404.0199999999997,6,401.7399999999999,move,improve
10148,6,404.0199999999997,6,401.7399999999999,move,improve
10149,6,404.0199999999997,6,401.7399999999999,swap,notBad
10150,6,404.0199999999997,6,401.7399999999999,move,improve
10151,6,404.0199999999997,6,401.7399999999999,move,improve
10152,6,404.0199999999997,6,401.7399999999999,2opt,notBad
10153,6,404.0199999999997,6,401.7399999999999,2opt,notBad
10154,6,404.0199999999997,6,401.7399999999999,2opt,notBad
10155,6,404.0199999999997,6,401.7399999999999,swap,notBad
10156,6,404.0199999999997,6,401.7399999999999,2opt,notBad
10157,6,404.0199999999997,6,401.7399999999999,move,improve
10158,6,404.0199999999997,6,401.7399999999999,move,improve
10159,6,404.0199999999997,6,401.7399999999999,move,improve
10160,6,404.0199999999997,6,401.7399999999999,2opt,notBad
10161,6,404.0199999999997,6,401.7399999999999,2opt,notBad
10162,6,404.0199999999997,6,401.7399999999999,2opt,notBad
10163,6,404.0199999999997,6,401.7399999999999,swap,notBad
10164,6,404.0199999999997,6,401.7399999999999,2opt,notBad
10165,6,404.0199999999997,6,401.7399999999999,2opt,notBad
10166,6,404.0199999999997,6,401.7399999999999,move,improve
10167,6,404.0199999999997,6,401.7399999999999,2opt,notBad
10168,6,404.0199999999997,6,401.7399999999999,swap,notBad
10169,6,404.0199999999997,6,401.7399999999999,move,improve
10170,6,404.0199999999997,6,401.7399999999999,2opt,notBad
10171,6,404.0199999999997,6,401.7399999999999,swap,notBad
10172,6,404.0199999999997,6,401.7399999999999,swap,notBad
10173,6,404.0199999999997,6,401.7399999999999,swap,notBad
10174,6,404.0199999999997,6,401.7399999999999,2opt,improve
10175,6,404.0199999999997,6,401.7399999999999,swap,notBad
10176,6,404.0199999999997,6,401.7399999999999,2opt,notBad
10177,6,404.0199999999997,6,401.7399999999999,move,improve
10178,6,404.0199999999997,6,401.7399999999999,move,improve
10179,6,404.0199999999997,6,401.7399999999999,swap,notBad
10180,6,404.0199999999997,6,401.7399999999999,swap,notBad
10181,6,404.0199999999997,6,401.7399999999999,move,improve
10182,6,404.0199999999997,6,401.7399999999999,2opt,notBad
10183,6,404.0199999999997,6,401.7399999999999,swap,notBad
10184,6,404.0199999999997,6,401.7399999999999,2opt,notBad
10185,6,404.0199999999997,6,401.7399999999999,move,improve
10186,6,404.0199999999997,6,401.7399999999999,swap,notBad
10187,6,404.0199999999997,6,401.7399999999999,2opt,notBad
10188,6,405.17999999999967,6,401.7399999999999,swap,acceptBad
10189,6,405.17999999999967,6,401.7399999999999,2opt,notBad
10190,6,405.17999999999967,6,401.7399999999999,2opt,notBad
10191,6,405.17999999999967,6,401.7399999999999,move,improve
10192,6,405.17999999999967,6,401.7399999999999,swap,notBad
10193,6,405.17999999999967,6,401.7399999999999,2opt,notBad
10194,6,405.7199999999997,6,401.7399999999999,swap,acceptBad
10195,6,405.7199999999997,6,401.7399999999999,swap,notBad
10196,6,405.7199999999997,6,401.7399999999999,move,improve
10197,6,405.7199999999997,6,401.7399999999999,2opt,notBad
10198,6,405.7199999999997,6,401.7399999999999,swap,notBad
10199,6,405.7199999999997,6,401.7399999999999,move,improve
10200,6,405.7199999999997,6,401.7399999999999,2opt,improve
10201,6,405.7199999999997,6,401.7399999999999,2opt,notBad
10202,6,405.7199999999997,6,401.7399999999999,2opt,improve
10203,6,405.17999999999967,6,401.7399999999999,swap,improve
10204,6,405.17999999999967,6,401.7399999999999,2opt,notBad
10205,6,405.17999999999967,6,401.7399999999999,swap,notBad
10206,6,405.17999999999967,6,401.7399999999999,move,improve
10207,6,405.17999999999967,6,401.7399999999999,move,improve
10208,6,405.17999999999967,6,401.7399999999999,2opt,notBad
10209,6,405.17999999999967,6,401.7399999999999,2opt,notBad
10210,6,405.17999999999967,6,401.7399999999999,move,improve
10211,6,405.17999999999967,6,401.7399999999999,move,improve
10212,6,405.17999999999967,6,401.7399999999999,2opt,notBad
10213,6,405.17999999999967,6,401.7399999999999,move,improve
10214,6,405.17999999999967,6,401.7399999999999,move,improve
10215,6,405.17999999999967,6,401.7399999999999,2opt,notBad
10216,6,405.17999999999967,6,401.7399999999999,swap,notBad
10217,6,405.17999999999967,6,401.7399999999999,swap,notBad
10218,6,405.17999999999967,6,401.7399999999999,2opt,notBad
10219,6,405.17999999999967,6,401.7399999999999,2opt,notBad
10220,6,405.17999999999967,6,401.7399999999999,2opt,notBad
10221,6,405.17999999999967,6,401.7399999999999,2opt,notBad
10222,6,405.17999999999967,6,401.7399999999999,2opt,notBad
10223,6,405.17999999999967,6,401.7399999999999,2opt,notBad
10224,6,405.17999999999967,6,401.7399999999999,move,improve
10225,6,405.17999999999967,6,401.7399999999999,2opt,improve
10226,6,405.17999999999967,6,401.7399999999999,swap,notBad
10227,6,405.17999999999967,6,401.7399999999999,2opt,notBad
10228,6,405.17999999999967,6,401.7399999999999,2opt,notBad
10229,6,405.17999999999967,6,401.7399999999999,move,improve
10230,6,405.17999999999967,6,401.7399999999999,swap,notBad
10231,6,405.17999999999967,6,401.7399999999999,move,improve
10232,6,405.17999999999967,6,401.7399999999999,2opt,notBad
10233,6,405.17999999999967,6,401.7399999999999,move,improve
10234,6,405.17999999999967,6,401.7399999999999,swap,notBad
10235,6,405.17999999999967,6,401.7399999999999,move,improve
10236,6,405.17999999999967,6,401.7399999999999,2opt,notBad
10237,6,405.17999999999967,6,401.7399999999999,swap,notBad
10238,6,405.17999999999967,6,401.7399999999999,swap,notBad
10239,6,405.17999999999967,6,401.7399999999999,2opt,notBad
10240,6,405.17999999999967,6,401.7399999999999,swap,notBad
10241,6,405.17999999999967,6,401.7399999999999,swap,notBad
10242,6,405.17999999999967,6,401.7399999999999,swap,notBad
10243,6,405.17999999999967,6,401.7399999999999,2opt,notBad
10244,6,405.17999999999967,6,401.7399999999999,move,improve
10245,6,405.17999999999967,6,401.7399999999999,swap,notBad
10246,6,405.17999999999967,6,401.7399999999999,move,improve
10247,6,405.17999999999967,6,401.7399999999999,2opt,notBad
10248,6,405.17999999999967,6,401.7399999999999,2opt,notBad
10249,6,405.17999999999967,6,401.7399999999999,swap,notBad
10250,6,405.17999999999967,6,401.7399999999999,swap,notBad
10251,6,405.17999999999967,6,401.7399999999999,move,improve
10252,6,405.17999999999967,6,401.7399999999999,move,improve
10253,6,405.17999999999967,6,401.7399999999999,swap,notBad
10254,6,405.17999999999967,6,401.7399999999999,move,improve
10255,6,405.17999999999967,6,401.7399999999999,move,improve
10256,6,405.17999999999967,6,401.7399999999999,move,improve
10257,6,405.17999999999967,6,401.7399999999999,move,improve
10258,6,405.17999999999967,6,401.7399999999999,swap,notBad
10259,6,405.17999999999967,6,401.7399999999999,2opt,notBad
10260,6,405.17999999999967,6,401.7399999999999,move,improve
10261,6,405.17999999999967,6,401.7399999999999,swap,notBad
10262,6,405.17999999999967,6,401.7399999999999,swap,notBad
10263,6,405.17999999999967,6,401.7399999999999,swap,notBad
10264,6,405.17999999999967,6,401.7399999999999,2opt,notBad
10265,6,405.8800000000001,6,401.7399999999999,move,acceptBad
10266,6,405.8800000000001,6,401.7399999999999,2opt,notBad
10267,6,405.8800000000001,6,401.7399999999999,swap,notBad
10268,6,405.8800000000001,6,401.7399999999999,2opt,notBad
10269,6,405.8800000000001,6,401.7399999999999,swap,notBad
10270,6,405.8800000000001,6,401.7399999999999,2opt,notBad
10271,6,405.8800000000001,6,401.7399999999999,move,improve
10272,6,405.8800000000001,6,401.7399999999999,swap,notBad
10273,6,405.8800000000001,6,401.7399999999999,move,improve
10274,6,405.8800000000001,6,401.7399999999999,swap,notBad
10275,6,405.8800000000001,6,401.7399999999999,swap,notBad
10276,6,405.8800000000001,6,401.7399999999999,move,improve
10277,6,405.8800000000001,6,401.7399999999999,swap,notBad
10278,6,405.8800000000001,6,401.7399999999999,move,improve
10279,6,405.8800000000001,6,401.7399999999999,swap,notBad
10280,6,405.8800000000001,6,401.7399999999999,move,improve
10281,6,405.8800000000001,6,401.7399999999999,2opt,notBad
10282,6,405.8800000000001,6,401.7399999999999,swap,notBad
10283,6,405.8800000000001,6,401.7399999999999,move,improve
10284,6,405.8800000000001,6,401.7399999999999,2opt,notBad
10285,6,405.8800000000001,6,401.7399999999999,2opt,notBad
10286,6,405.8800000000001,6,401.7399999999999,move,improve
10287,6,405.8800000000001,6,401.7399999999999,2opt,notBad
10288,6,405.8800000000001,6,401.7399999999999,2opt,notBad
10289,6,405.8800000000001,6,401.7399999999999,2opt,notBad
10290,6,405.8800000000001,6,401.7399999999999,2opt,notBad
10291,6,405.8800000000001,6,401.7399999999999,2opt,notBad
10292,6,405.8800000000001,6,401.7399999999999,2opt,notBad
10293,6,405.8800000000001,6,401.7399999999999,swap,notBad
10294,6,405.8800000000001,6,401.7399999999999,swap,notBad
10295,6,405.8800000000001,6,401.7399999999999,2opt,notBad
10296,6,405.8800000000001,6,401.7399999999999,swap,notBad
10297,6,405.8800000000001,6,401.7399999999999,2opt,notBad
10298,6,405.8800000000001,6,401.7399999999999,swap,notBad
10299,6,405.8800000000001,6,401.7399999999999,swap,notBad
10300,6,405.8800000000001,6,401.7399999999999,swap,notBad
10301,6,405.8800000000001,6,401.7399999999999,move,improve
10302,6,405.8800000000001,6,401.7399999999999,move,improve
10303,6,405.8800000000001,6,401.7399999999999,swap,notBad
10304,6,405.8800000000001,6,401.7399999999999,2opt,notBad
10305,6,405.8800000000001,6,401.7399999999999,move,improve
10306,6,405.8800000000001,6,401.7399999999999,2opt,notBad
10307,6,405.8800000000001,6,401.7399999999999,2opt,improve
10308,6,405.8800000000001,6,401.7399999999999,2opt,improve
10309,6,406.4200000000001,6,401.7399999999999,swap,acceptBad
10310,6,406.4200000000001,6,401.7399999999999,move,improve
10311,6,406.4200000000001,6,401.7399999999999,swap,notBad
10312,6,406.4200000000001,6,401.7399999999999,move,improve
10313,6,406.4200000000001,6,401.7399999999999,move,improve
10314,6,406.4200000000001,6,401.7399999999999,2opt,notBad
10315,6,406.4200000000001,6,401.7399999999999,move,improve
10316,6,406.4200000000001,6,401.7399999999999,swap,notBad
10317,6,406.4200000000001,6,401.7399999999999,2opt,notBad
10318,6,406.4200000000001,6,401.7399999999999,move,improve
10319,6,406.4200000000001,6,401.7399999999999,move,improve
10320,6,406.4200000000001,6,401.7399999999999,2opt,notBad
10321,6,406.4200000000001,6,401.7399999999999,move,improve
10322,6,406.4200000000001,6,401.7399999999999,2opt,notBad
10323,6,406.4200000000001,6,401.7399999999999,move,improve
10324,6,406.4200000000001,6,401.7399999999999,2opt,notBad
10325,6,406.4200000000001,6,401.7399999999999,2opt,notBad
10326,6,406.4200000000001,6,401.7399999999999,2opt,notBad
10327,6,406.4200000000001,6,401.7399999999999,swap,notBad
10328,6,406.4200000000001,6,401.7399999999999,move,improve
10329,6,406.4200000000001,6,401.7399999999999,move,improve
10330,6,406.4200000000001,6,401.7399999999999,2opt,improve
10331,6,406.4200000000001,6,401.7399999999999,swap,notBad
10332,6,406.4200000000001,6,401.7399999999999,move,improve
10333,6,406.4200000000001,6,401.7399999999999,2opt,notBad
10334,6,406.4200000000001,6,401.7399999999999,2opt,notBad
10335,6,406.4200000000001,6,401.7399999999999,swap,notBad
10336,6,406.80000000000007,6,401.7399999999999,swap,acceptBad
10337,6,406.80000000000007,6,401.7399999999999,2opt,notBad
10338,6,406.80000000000007,6,401.7399999999999,move,improve
10339,6,406.80000000000007,6,401.7399999999999,2opt,notBad
10340,6,406.80000000000007,6,401.7399999999999,swap,notBad
10341,6,406.80000000000007,6,401.7399999999999,2opt,notBad
10342,6,406.0999999999997,6,401.7399999999999,move,improve
10343,6,406.0999999999997,6,401.7399999999999,2opt,notBad
10344,6,406.0999999999997,6,401.7399999999999,2opt,notBad
10345,6,406.0999999999997,6,401.7399999999999,2opt,notBad
10346,6,406.0999999999997,6,401.7399999999999,move,improve
10347,6,406.0999999999997,6,401.7399999999999,2opt,notBad
10348,6,406.0999999999997,6,401.7399999999999,2opt,notBad
10349,6,406.0999999999997,6,401.7399999999999,2opt,notBad
10350,6,406.0999999999997,6,401.7399999999999,2opt,notBad
10351,6,406.0999999999997,6,401.7399999999999,swap,notBad
10352,6,406.0999999999997,6,401.7399999999999,swap,notBad
10353,6,406.0999999999997,6,401.7399999999999,move,improve
10354,6,406.0999999999997,6,401.7399999999999,move,improve
10355,6,406.0999999999997,6,401.7399999999999,move,improve
10356,6,406.0999999999997,6,401.7399999999999,2opt,notBad
10357,6,406.0999999999997,6,401.7399999999999,2opt,notBad
10358,6,406.0999999999997,6,401.7399999999999,swap,notBad
10359,6,406.0999999999997,6,401.7399999999999,2opt,notBad
10360,6,406.0999999999997,6,401.7399999999999,2opt,notBad
10361,6,406.0999999999997,6,401.7399999999999,2opt,notBad
10362,6,406.0999999999997,6,401.7399999999999,move,improve
10363,6,406.0999999999997,6,401.7399999999999,swap,notBad
10364,6,406.0999999999997,6,401.7399999999999,move,improve
10365,6,406.0999999999997,6,401.7399999999999,swap,notBad
10366,6,406.0999999999997,6,401.7399999999999,2opt,improve
10367,6,406.0999999999997,6,401.7399999999999,2opt,notBad
10368,6,406.0999999999997,6,401.7399999999999,move,improve
10369,6,406.0999999999997,6,401.7399999999999,swap,notBad
10370,6,406.0999999999997,6,401.7399999999999,2opt,notBad
10371,6,406.0999999999997,6,401.7399999999999,2opt,notBad
10372,6,406.0999999999997,6,401.7399999999999,2opt,notBad
10373,6,406.0999999999997,6,401.7399999999999,move,improve
10374,6,406.0999999999997,6,401.7399999999999,2opt,notBad
10375,6,406.0999999999997,6,401.7399999999999,2opt,notBad
10376,6,404.3999999999997,6,401.7399999999999,move,improve
10377,6,404.3999999999997,6,401.7399999999999,move,improve
10378,6,404.3999999999997,6,401.7399999999999,move,improve
10379,6,404.3999999999997,6,401.7399999999999,2opt,notBad
10380,6,404.3999999999997,6,401.7399999999999,swap,notBad
10381,6,404.3999999999997,6,401.7399999999999,2opt,notBad
10382,6,404.3999999999997,6,401.7399999999999,swap,notBad
10383,6,404.3999999999997,6,401.7399999999999,2opt,notBad
10384,6,404.3999999999997,6,401.7399999999999,swap,notBad
10385,6,404.3999999999997,6,401.7399999999999,2opt,notBad
10386,6,404.3999999999997,6,401.7399999999999,swap,notBad
10387,6,404.3999999999997,6,401.7399999999999,move,improve
10388,6,404.3999999999997,6,401.7399999999999,move,improve
10389,6,404.3999999999997,6,401.7399999999999,2opt,notBad
10390,6,404.3999999999997,6,401.7399999999999,move,improve
10391,6,404.3999999999997,6,401.7399999999999,2opt,notBad
10392,6,404.3999999999997,6,401.7399999999999,2opt,notBad
10393,6,404.3999999999997,6,401.7399999999999,2opt,notBad
10394,6,404.3999999999997,6,401.7399999999999,move,improve
10395,6,404.3999999999997,6,401.7399999999999,2opt,notBad
10396,6,404.3999999999997,6,401.7399999999999,2opt,notBad
10397,6,404.3999999999997,6,401.7399999999999,move,improve
10398,6,404.3999999999997,6,401.7399999999999,2opt,improve
10399,6,404.3999999999997,6,401.7399999999999,2opt,notBad
10400,6,404.3999999999997,6,401.7399999999999,2opt,notBad
10401,6,404.3999999999997,6,401.7399999999999,2opt,improve
10402,6,404.3999999999997,6,401.7399999999999,swap,notBad
10403,6,404.3999999999997,6,401.7399999999999,move,improve
10404,6,404.3999999999997,6,401.7399999999999,2opt,notBad
10405,6,404.3999999999997,6,401.7399999999999,move,improve
10406,6,404.3999999999997,6,401.7399999999999,swap,notBad
10407,6,404.3999999999997,6,401.7399999999999,2opt,notBad
10408,6,404.3999999999997,6,401.7399999999999,2opt,notBad
10409,6,404.3999999999997,6,401.7399999999999,move,improve
10410,6,404.3999999999997,6,401.7399999999999,2opt,notBad
10411,6,404.3999999999997,6,401.7399999999999,swap,notBad
10412,6,404.3999999999997,6,401.7399999999999,2opt,notBad
10413,6,404.3999999999997,6,401.7399999999999,swap,notBad
10414,6,404.3999999999997,6,401.7399999999999,2opt,notBad
10415,6,404.3999999999997,6,401.7399999999999,2opt,notBad
10416,6,404.3999999999997,6,401.7399999999999,2opt,notBad
10417,6,404.3999999999997,6,401.7399999999999,swap,notBad
10418,6,404.3999999999997,6,401.7399999999999,swap,notBad
10419,6,404.3999999999997,6,401.7399999999999,move,improve
10420,6,404.3999999999997,6,401.7399999999999,swap,notBad
10421,6,404.3999999999997,6,401.7399999999999,2opt,notBad
10422,6,404.3999999999997,6,401.7399999999999,move,improve
10423,6,404.3999999999997,6,401.7399999999999,2opt,notBad
10424,6,404.3999999999997,6,401.7399999999999,2opt,improve
10425,6,404.3999999999997,6,401.7399999999999,move,improve
10426,6,404.3999999999997,6,401.7399999999999,2opt,notBad
10427,6,404.3999999999997,6,401.7399999999999,move,improve
10428,6,404.3999999999997,6,401.7399999999999,move,improve
10429,6,404.3999999999997,6,401.7399999999999,2opt,notBad
10430,6,404.3999999999997,6,401.7399999999999,2opt,notBad
10431,6,404.3999999999997,6,401.7399999999999,swap,notBad
10432,6,404.3999999999997,6,401.7399999999999,move,improve
10433,6,404.3999999999997,6,401.7399999999999,swap,notBad
10434,6,404.3999999999997,6,401.7399999999999,move,improve
10435,6,404.3999999999997,6,401.7399999999999,move,improve
10436,6,404.3999999999997,6,401.7399999999999,swap,notBad
10437,6,404.3999999999997,6,401.7399999999999,swap,notBad
10438,6,404.3999999999997,6,401.7399999999999,swap,notBad
10439,6,404.3999999999997,6,401.7399999999999,2opt,notBad
10440,6,404.3999999999997,6,401.7399999999999,move,improve
10441,6,404.3999999999997,6,401.7399999999999,move,improve
10442,6,404.3999999999997,6,401.7399999999999,2opt,notBad
10443,6,404.3999999999997,6,401.7399999999999,2opt,notBad
10444,6,404.3999999999997,6,401.7399999999999,swap,notBad
10445,6,404.3999999999997,6,401.7399999999999,2opt,notBad
10446,6,404.3999999999997,6,401.7399999999999,move,improve
10447,6,404.3999999999997,6,401.7399999999999,2opt,notBad
10448,6,404.3999999999997,6,401.7399999999999,2opt,notBad
10449,6,404.3999999999997,6,401.7399999999999,swap,notBad
10450,6,404.3999999999997,6,401.7399999999999,swap,notBad
10451,6,404.3999999999997,6,401.7399999999999,swap,notBad
10452,6,404.3999999999997,6,401.7399999999999,2opt,notBad
10453,6,404.3999999999997,6,401.7399999999999,move,improve
10454,6,404.3999999999997,6,401.7399999999999,move,improve
10455,6,404.3999999999997,6,401.7399999999999,move,improve
10456,6,404.3999999999997,6,401.7399999999999,2opt,notBad
10457,6,404.3999999999997,6,401.7399999999999,move,improve
10458,6,404.3999999999997,6,401.7399999999999,move,improve
10459,6,404.3999999999997,6,401.7399999999999,swap,notBad
10460,6,404.3999999999997,6,401.7399999999999,move,improve
10461,6,404.3999999999997,6,401.7399999999999,swap,notBad
10462,6,404.3999999999997,6,401.7399999999999,move,improve
10463,6,404.3999999999997,6,401.7399999999999,2opt,notBad
10464,6,404.3999999999997,6,401.7399999999999,move,improve
10465,6,404.3999999999997,6,401.7399999999999,2opt,notBad
10466,6,404.3999999999997,6,401.7399999999999,swap,notBad
10467,6,404.3999999999997,6,401.7399999999999,2opt,notBad
10468,6,404.3999999999997,6,401.7399999999999,swap,notBad
10469,6,404.3999999999997,6,401.7399999999999,move,improve
10470,6,404.3999999999997,6,401.7399999999999,swap,notBad
10471,6,404.3999999999997,6,401.7399999999999,move,improve
10472,6,404.3999999999997,6,401.7399999999999,swap,notBad
10473,6,404.3999999999997,6,401.7399999999999,2opt,notBad
10474,6,404.3999999999997,6,401.7399999999999,move,improve
10475,6,404.3999999999997,6,401.7399999999999,move,improve
10476,6,404.3999999999997,6,401.7399999999999,swap,notBad
10477,6,404.3999999999997,6,401.7399999999999,2opt,notBad
10478,6,404.3999999999997,6,401.7399999999999,2opt,notBad
10479,6,404.3999999999997,6,401.7399999999999,swap,notBad
10480,6,404.3999999999997,6,401.7399999999999,swap,notBad
10481,6,404.3999999999997,6,401.7399999999999,2opt,improve
10482,6,404.3999999999997,6,401.7399999999999,swap,notBad
10483,6,404.3999999999997,6,401.7399999999999,move,improve
10484,6,404.3999999999997,6,401.7399999999999,swap,notBad
10485,6,404.3999999999997,6,401.7399999999999,2opt,notBad
10486,6,404.3999999999997,6,401.7399999999999,swap,notBad
10487,6,404.3999999999997,6,401.7399999999999,swap,notBad
10488,6,404.3999999999997,6,401.7399999999999,swap,notBad
10489,6,404.3999999999997,6,401.7399999999999,move,improve
10490,6,404.3999999999997,6,401.7399999999999,move,improve
10491,6,404.3999999999997,6,401.7399999999999,swap,notBad
10492,6,404.3999999999997,6,401.7399999999999,swap,notBad
10493,6,404.3999999999997,6,401.7399999999999,swap,notBad
10494,6,404.3999999999997,6,401.7399999999999,2opt,improve
10495,6,404.3999999999997,6,401.7399999999999,move,improve
10496,6,404.3999999999997,6,401.7399999999999,move,improve
10497,6,404.3999999999997,6,401.7399999999999,swap,notBad
10498,6,404.3999999999997,6,401.7399999999999,swap,notBad
10499,6,404.3999999999997,6,401.7399999999999,2opt,notBad
10500,6,404.3999999999997,6,401.7399999999999,2opt,notBad
10501,6,404.3999999999997,6,401.7399999999999,move,improve
10502,6,404.3999999999997,6,401.7399999999999,move,improve
10503,6,404.3999999999997,6,401.7399999999999,swap,notBad
10504,6,404.3999999999997,6,401.7399999999999,swap,notBad
10505,6,404.3999999999997,6,401.7399999999999,move,improve
10506,6,404.3999999999997,6,401.7399999999999,swap,notBad
10507,6,404.3999999999997,6,401.7399999999999,move,improve
10508,6,404.3999999999997,6,401.7399999999999,move,improve
10509,6,404.3999999999997,6,401.7399999999999,move,improve
10510,6,404.3999999999997,6,401.7399999999999,swap,notBad
10511,6,404.3999999999997,6,401.7399999999999,move,improve
10512,6,404.3999999999997,6,401.7399999999999,swap,notBad
10513,6,404.3999999999997,6,401.7399999999999,2opt,notBad
10514,6,404.3999999999997,6,401.7399999999999,move,improve
10515,6,404.3999999999997,6,401.7399999999999,2opt,notBad
10516,6,404.3999999999997,6,401.7399999999999,swap,notBad
10517,6,404.3999999999997,6,401.7399999999999,move,improve
10518,6,404.3999999999997,6,401.7399999999999,2opt,notBad
10519,6,404.3999999999997,6,401.7399999999999,2opt,notBad
10520,6,404.3999999999997,6,401.7399999999999,2opt,notBad
10521,6,404.3999999999997,6,401.7399999999999,swap,notBad
10522,6,404.3999999999997,6,401.7399999999999,swap,notBad
10523,6,404.3999999999997,6,401.7399999999999,move,improve
10524,6,404.3999999999997,6,401.7399999999999,move,improve
10525,6,404.3999999999997,6,401.7399999999999,2opt,notBad
10526,6,404.3999999999997,6,401.7399999999999,2opt,notBad
10527,6,404.3999999999997,6,401.7399999999999,move,improve
10528,6,404.3999999999997,6,401.7399999999999,swap,notBad
10529,6,404.3999999999997,6,401.7399999999999,swap,notBad
10530,6,404.3999999999997,6,401.7399999999999,move,improve
10531,6,404.3999999999997,6,401.7399999999999,move,improve
10532,6,404.3999999999997,6,401.7399999999999,2opt,notBad
10533,6,404.3999999999997,6,401.7399999999999,swap,notBad
10534,6,404.3999999999997,6,401.7399999999999,move,improve
10535,6,404.3999999999997,6,401.7399999999999,2opt,notBad
10536,6,404.0199999999997,6,401.7399999999999,move,improve
10537,6,404.0199999999997,6,401.7399999999999,swap,notBad
10538,6,404.0199999999997,6,401.7399999999999,move,improve
10539,6,404.0199999999997,6,401.7399999999999,2opt,improve
10540,6,404.0199999999997,6,401.7399999999999,swap,notBad
10541,6,404.0199999999997,6,401.7399999999999,2opt,notBad
10542,6,404.0199999999997,6,401.7399999999999,swap,notBad
10543,6,404.0199999999997,6,401.7399999999999,swap,notBad
10544,6,404.0199999999997,6,401.7399999999999,2opt,notBad
10545,6,404.0199999999997,6,401.7399999999999,move,improve
10546,6,404.0199999999997,6,401.7399999999999,2opt,notBad
10547,6,404.0199999999997,6,401.7399999999999,swap,notBad
10548,6,404.0199999999997,6,401.7399999999999,2opt,notBad
10549,6,404.0199999999997,6,401.7399999999999,swap,notBad
10550,6,404.0199999999997,6,401.7399999999999,swap,notBad
10551,6,404.0199999999997,6,401.7399999999999,2opt,improve
10552,6,404.0199999999997,6,401.7399999999999,move,improve
10553,6,404.0199999999997,6,401.7399999999999,2opt,notBad
10554,6,404.0199999999997,6,401.7399999999999,move,improve
10555,6,404.0199999999997,6,401.7399999999999,2opt,notBad
10556,6,404.0199999999997,6,401.7399999999999,2opt,notBad
10557,6,404.0199999999997,6,401.7399999999999,move,improve
10558,6,404.0199999999997,6,401.7399999999999,2opt,notBad
10559,6,404.0199999999997,6,401.7399999999999,move,improve
10560,6,404.0199999999997,6,401.7399999999999,move,improve
10561,6,404.0199999999997,6,401.7399999999999,2opt,notBad
10562,6,404.0199999999997,6,401.7399999999999,move,improve
10563,6,404.0199999999997,6,401.7399999999999,move,improve
10564,6,404.0199999999997,6,401.7399999999999,move,improve
10565,6,404.0199999999997,6,401.7399999999999,2opt,notBad
10566,6,404.0199999999997,6,401.7399999999999,2opt,improve
10567,6,404.0199999999997,6,401.7399999999999,swap,notBad
10568,6,404.0199999999997,6,401.7399999999999,2opt,improve
10569,6,404.0199999999997,6,401.7399999999999,swap,notBad
10570,6,404.0199999999997,6,401.7399999999999,swap,notBad
10571,6,404.0199999999997,6,401.7399999999999,swap,notBad
10572,6,404.0199999999997,6,401.7399999999999,swap,notBad
10573,6,404.0199999999997,6,401.7399999999999,move,improve
10574,6,404.0199999999997,6,401.7399999999999,move,improve
10575,6,404.0199999999997,6,401.7399999999999,2opt,notBad
10576,6,404.0199999999997,6,401.7399999999999,move,improve
10577,6,404.0199999999997,6,401.7399999999999,2opt,notBad
10578,6,404.0199999999997,6,401.7399999999999,swap,notBad
10579,6,404.0199999999997,6,401.7399999999999,2opt,notBad
10580,6,404.0199999999997,6,401.7399999999999,move,improve
10581,6,404.0199999999997,6,401.7399999999999,2opt,notBad
10582,6,404.0199999999997,6,401.7399999999999,swap,notBad
10583,6,404.0199999999997,6,401.7399999999999,move,improve
10584,6,404.0199999999997,6,401.7399999999999,move,improve
10585,6,404.0199999999997,6,401.7399999999999,move,improve
10586,6,404.0199999999997,6,401.7399999999999,swap,notBad
10587,6,404.0199999999997,6,401.7399999999999,2opt,notBad
10588,6,404.0199999999997,6,401.7399999999999,2opt,notBad
10589,6,404.0199999999997,6,401.7399999999999,move,improve
10590,6,404.0199999999997,6,401.7399999999999,2opt,notBad
10591,6,404.0199999999997,6,401.7399999999999,2opt,notBad
10592,6,404.0199999999997,6,401.7399999999999,swap,notBad
10593,6,404.0199999999997,6,401.7399999999999,move,improve
10594,6,404.0199999999997,6,401.7399999999999,2opt,notBad
10595,6,404.0199999999997,6,401.7399999999999,move,improve
10596,6,404.0199999999997,6,401.7399999999999,move,improve
10597,6,404.0199999999997,6,401.7399999999999,move,improve
10598,6,404.0199999999997,6,401.7399999999999,move,improve
10599,6,404.0199999999997,6,401.7399999999999,2opt,notBad
10600,6,404.0199999999997,6,401.7399999999999,swap,notBad
10601,6,404.0199999999997,6,401.7399999999999,2opt,notBad
10602,6,404.0199999999997,6,401.7399999999999,move,improve
10603,6,404.0199999999997,6,401.7399999999999,swap,notBad
10604,6,404.0199999999997,6,401.7399999999999,2opt,notBad
10605,6,404.0199999999997,6,401.7399999999999,2opt,notBad
10606,6,404.0199999999997,6,401.7399999999999,swap,notBad
10607,6,404.0199999999997,6,401.7399999999999,swap,notBad
10608,6,404.0199999999997,6,401.7399999999999,move,improve
10609,6,404.0199999999997,6,401.7399999999999,swap,notBad
10610,6,404.0199999999997,6,401.7399999999999,2opt,notBad
10611,6,404.0199999999997,6,401.7399999999999,swap,notBad
10612,6,404.0199999999997,6,401.7399999999999,2opt,notBad
10613,6,404.0199999999997,6,401.7399999999999,swap,notBad
10614,6,404.0199999999997,6,401.7399999999999,swap,notBad
10615,6,404.0199999999997,6,401.7399999999999,swap,notBad
10616,6,404.0199999999997,6,401.7399999999999,move,improve
10617,6,404.0199999999997,6,401.7399999999999,move,improve
10618,6,404.0199999999997,6,401.7399999999999,move,improve
10619,6,404.0199999999997,6,401.7399999999999,swap,notBad
10620,6,404.0199999999997,6,401.7399999999999,swap,notBad
10621,6,404.0199999999997,6,401.7399999999999,2opt,notBad
10622,6,404.0199999999997,6,401.7399999999999,2opt,notBad
10623,6,404.0199999999997,6,401.7399999999999,swap,notBad
10624,6,404.0199999999997,6,401.7399999999999,swap,notBad
10625,6,404.0199999999997,6,401.7399999999999,swap,notBad
10626,6,404.0199999999997,6,401.7399999999999,2opt,notBad
10627,6,404.0199999999997,6,401.7399999999999,2opt,notBad
10628,6,404.0199999999997,6,401.7399999999999,2opt,improve
10629,6,404.0199999999997,6,401.7399999999999,2opt,notBad
10630,6,404.0199999999997,6,401.7399999999999,2opt,notBad
10631,6,404.0199999999997,6,401.7399999999999,2opt,notBad
10632,6,404.0199999999997,6,401.7399999999999,2opt,notBad
10633,6,404.0199999999997,6,401.7399999999999,move,improve
10634,6,404.0199999999997,6,401.7399999999999,swap,notBad
10635,6,404.0199999999997,6,401.7399999999999,move,improve
10636,6,404.0199999999997,6,401.7399999999999,move,improve
10637,6,404.0199999999997,6,401.7399999999999,2opt,notBad
10638,6,404.0199999999997,6,401.7399999999999,swap,notBad
10639,6,404.0199999999997,6,401.7399999999999,2opt,notBad
10640,6,404.0199999999997,6,401.7399999999999,move,improve
10641,6,404.0199999999997,6,401.7399999999999,2opt,notBad
10642,6,404.0199999999997,6,401.7399999999999,swap,notBad
10643,6,404.0199999999997,6,401.7399999999999,move,improve
10644,6,404.0199999999997,6,401.7399999999999,2opt,notBad
10645,6,404.0199999999997,6,401.7399999999999,swap,notBad
10646,6,404.0199999999997,6,401.7399999999999,swap,notBad
10647,6,404.0199999999997,6,401.7399999999999,swap,notBad
10648,6,404.0199999999997,6,401.7399999999999,2opt,notBad
10649,6,404.0199999999997,6,401.7399999999999,move,improve
10650,6,404.0199999999997,6,401.7399999999999,2opt,notBad
10651,6,404.0199999999997,6,401.7399999999999,move,improve
10652,6,404.0199999999997,6,401.7399999999999,2opt,notBad
10653,6,404.0199999999997,6,401.7399999999999,2opt,notBad
10654,6,404.0199999999997,6,401.7399999999999,swap,notBad
10655,6,404.0199999999997,6,401.7399999999999,swap,notBad
10656,6,404.0199999999997,6,401.7399999999999,2opt,notBad
10657,6,404.0199999999997,6,401.7399999999999,move,improve
10658,6,404.0199999999997,6,401.7399999999999,2opt,notBad
10659,6,404.0199999999997,6,401.7399999999999,move,improve
10660,6,404.0199999999997,6,401.7399999999999,2opt,notBad
10661,6,404.0199999999997,6,401.7399999999999,2opt,notBad
10662,6,404.0199999999997,6,401.7399999999999,swap,notBad
10663,6,404.0199999999997,6,401.7399999999999,2opt,notBad
10664,6,404.0199999999997,6,401.7399999999999,2opt,notBad
10665,6,404.0199999999997,6,401.7399999999999,move,improve
10666,6,404.0199999999997,6,401.7399999999999,move,improve
10667,6,404.0199999999997,6,401.7399999999999,2opt,notBad
10668,6,404.0199999999997,6,401.7399999999999,2opt,notBad
10669,6,404.0199999999997,6,401.7399999999999,swap,notBad
10670,6,404.0199999999997,6,401.7399999999999,move,improve
10671,6,404.0199999999997,6,401.7399999999999,swap,notBad
10672,6,404.0199999999997,6,401.7399999999999,2opt,notBad
10673,6,404.0199999999997,6,401.7399999999999,2opt,notBad
10674,6,404.0199999999997,6,401.7399999999999,swap,notBad
10675,6,404.0199999999997,6,401.7399999999999,swap,notBad
10676,6,404.0199999999997,6,401.7399999999999,2opt,notBad
10677,6,404.0199999999997,6,401.7399999999999,2opt,improve
10678,6,404.0199999999997,6,401.7399999999999,swap,notBad
10679,6,404.0199999999997,6,401.7399999999999,swap,notBad
10680,6,404.0199999999997,6,401.7399999999999,2opt,improve
10681,6,404.0199999999997,6,401.7399999999999,move,improve
10682,6,404.0199999999997,6,401.7399999999999,swap,notBad
10683,6,404.0199999999997,6,401.7399999999999,move,improve
10684,6,404.0199999999997,6,401.7399999999999,move,improve
10685,6,404.0199999999997,6,401.7399999999999,2opt,notBad
10686,6,404.0199999999997,6,401.7399999999999,2opt,notBad
10687,6,404.0199999999997,6,401.7399999999999,swap,notBad
10688,6,404.0199999999997,6,401.7399999999999,move,improve
10689,6,404.0199999999997,6,401.7399999999999,swap,notBad
10690,6,404.0199999999997,6,401.7399999999999,move,improve
10691,6,404.0199999999997,6,401.7399999999999,move,improve
10692,6,404.0199999999997,6,401.7399999999999,move,improve
10693,6,404.0199999999997,6,401.7399999999999,swap,notBad
10694,6,404.0199999999997,6,401.7399999999999,move,improve
10695,6,404.0199999999997,6,401.7399999999999,move,improve
10696,6,404.0199999999997,6,401.7399999999999,move,improve
10697,6,404.0199999999997,6,401.7399999999999,2opt,notBad
10698,6,404.0199999999997,6,401.7399999999999,2opt,notBad
10699,6,404.0199999999997,6,401.7399999999999,swap,notBad
10700,6,404.0199999999997,6,401.7399999999999,2opt,notBad
10701,6,404.0199999999997,6,401.7399999999999,move,improve
10702,6,404.0199999999997,6,401.7399999999999,move,improve
10703,6,404.0199999999997,6,401.7399999999999,swap,notBad
10704,6,404.0199999999997,6,401.7399999999999,swap,notBad
10705,6,404.0199999999997,6,401.7399999999999,swap,notBad
10706,6,404.0199999999997,6,401.7399999999999,move,improve
10707,6,404.0199999999997,6,401.7399999999999,2opt,notBad
10708,6,404.0199999999997,6,401.7399999999999,swap,notBad
10709,6,404.0199999999997,6,401.7399999999999,move,improve
10710,6,404.0199999999997,6,401.7399999999999,2opt,notBad
10711,6,404.0199999999997,6,401.7399999999999,move,improve
10712,6,404.0199999999997,6,401.7399999999999,swap,notBad
10713,6,404.0199999999997,6,401.7399999999999,2opt,notBad
10714,6,404.0199999999997,6,401.7399999999999,move,improve
10715,6,404.0199999999997,6,401.7399999999999,2opt,notBad
10716,6,404.0199999999997,6,401.7399999999999,2opt,notBad
10717,6,404.0199999999997,6,401.7399999999999,swap,notBad
10718,6,404.0199999999997,6,401.7399999999999,move,improve
10719,6,404.0199999999997,6,401.7399999999999,2opt,notBad
10720,6,404.0199999999997,6,401.7399999999999,2opt,notBad
10721,6,404.0199999999997,6,401.7399999999999,swap,notBad
10722,6,404.0199999999997,6,401.7399999999999,swap,notBad
10723,6,404.0199999999997,6,401.7399999999999,swap,notBad
10724,6,404.0199999999997,6,401.7399999999999,swap,notBad
10725,6,404.0199999999997,6,401.7399999999999,move,improve
10726,6,404.0199999999997,6,401.7399999999999,swap,notBad
10727,6,404.0199999999997,6,401.7399999999999,swap,notBad
10728,6,404.0199999999997,6,401.7399999999999,swap,notBad
10729,6,404.0199999999997,6,401.7399999999999,move,improve
10730,6,404.0199999999997,6,401.7399999999999,move,improve
10731,6,404.0199999999997,6,401.7399999999999,swap,notBad
10732,6,404.0199999999997,6,401.7399999999999,swap,notBad
10733,6,404.0199999999997,6,401.7399999999999,swap,notBad
10734,6,404.0199999999997,6,401.7399999999999,swap,notBad
10735,6,404.0199999999997,6,401.7399999999999,2opt,notBad
10736,6,404.0199999999997,6,401.7399999999999,move,improve
10737,6,404.0199999999997,6,401.7399999999999,2opt,notBad
10738,6,404.0199999999997,6,401.7399999999999,2opt,notBad
10739,6,404.0199999999997,6,401.7399999999999,2opt,notBad
10740,6,404.0199999999997,6,401.7399999999999,swap,notBad
10741,6,404.0199999999997,6,401.7399999999999,move,improve
10742,6,404.0199999999997,6,401.7399999999999,swap,notBad
10743,6,404.0199999999997,6,401.7399999999999,move,improve
10744,6,404.0199999999997,6,401.7399999999999,move,improve
10745,6,404.0199999999997,6,401.7399999999999,swap,notBad
10746,6,404.0199999999997,6,401.7399999999999,move,improve
10747,6,404.0199999999997,6,401.7399999999999,swap,notBad
10748,6,404.0199999999997,6,401.7399999999999,swap,notBad
10749,6,404.0199999999997,6,401.7399999999999,move,improve
10750,6,404.0199999999997,6,401.7399999999999,swap,notBad
10751,6,404.0199999999997,6,401.7399999999999,move,improve
10752,6,404.0199999999997,6,401.7399999999999,move,improve
10753,6,404.0199999999997,6,401.7399999999999,swap,notBad
10754,6,404.0199999999997,6,401.7399999999999,move,improve
10755,6,404.0199999999997,6,401.7399999999999,2opt,notBad
10756,6,404.0199999999997,6,401.7399999999999,2opt,notBad
10757,6,404.0199999999997,6,401.7399999999999,2opt,notBad
10758,6,404.0199999999997,6,401.7399999999999,2opt,notBad
10759,6,404.0199999999997,6,401.7399999999999,swap,notBad
10760,6,404.0199999999997,6,401.7399999999999,swap,notBad
10761,6,404.0199999999997,6,401.7399999999999,move,improve
10762,6,404.0199999999997,6,401.7399999999999,swap,notBad
10763,6,404.0199999999997,6,401.7399999999999,swap,notBad
10764,6,404.0199999999997,6,401.7399999999999,2opt,notBad
10765,6,404.0199999999997,6,401.7399999999999,2opt,notBad
10766,6,404.0199999999997,6,401.7399999999999,move,improve
10767,6,404.0199999999997,6,401.7399999999999,swap,notBad
10768,6,404.0199999999997,6,401.7399999999999,move,improve
10769,6,404.0199999999997,6,401.7399999999999,move,improve
10770,6,404.0199999999997,6,401.7399999999999,move,improve
10771,6,404.0199999999997,6,401.7399999999999,move,improve
10772,6,404.0199999999997,6,401.7399999999999,swap,notBad
10773,6,404.0199999999997,6,401.7399999999999,2opt,notBad
10774,6,404.0199999999997,6,401.7399999999999,swap,notBad
10775,6,404.0199999999997,6,401.7399999999999,2opt,notBad
10776,6,404.0199999999997,6,401.7399999999999,2opt,notBad
10777,6,404.0199999999997,6,401.7399999999999,move,improve
10778,6,404.0199999999997,6,401.7399999999999,2opt,notBad
10779,6,404.0199999999997,6,401.7399999999999,2opt,notBad
10780,6,404.0199999999997,6,401.7399999999999,swap,notBad
10781,6,404.0199999999997,6,401.7399999999999,2opt,notBad
10782,6,404.0199999999997,6,401.7399999999999,swap,notBad
10783,6,404.0199999999997,6,401.7399999999999,swap,notBad
10784,6,404.0199999999997,6,401.7399999999999,move,improve
10785,6,404.0199999999997,6,401.7399999999999,move,improve
10786,6,404.0199999999997,6,401.7399999999999,swap,notBad
10787,6,404.0199999999997,6,401.7399999999999,2opt,notBad
10788,6,404.0199999999997,6,401.7399999999999,2opt,notBad
10789,6,404.0199999999997,6,401.7399999999999,2opt,notBad
10790,6,404.0199999999997,6,401.7399999999999,swap,notBad
10791,6,404.0199999999997,6,401.7399999999999,2opt,notBad
10792,6,404.0199999999997,6,401.7399999999999,move,improve
10793,6,404.0199999999997,6,401.7399999999999,2opt,notBad
10794,6,404.0199999999997,6,401.7399999999999,move,improve
10795,6,404.0199999999997,6,401.7399999999999,2opt,notBad
10796,6,404.0199999999997,6,401.7399999999999,move,improve
10797,6,404.0199999999997,6,401.7399999999999,2opt,notBad
10798,6,404.0199999999997,6,401.7399999999999,2opt,notBad
10799,6,404.0199999999997,6,401.7399999999999,2opt,notBad
10800,6,404.0199999999997,6,401.7399999999999,swap,notBad
10801,6,404.0199999999997,6,401.7399999999999,swap,notBad
10802,6,404.0199999999997,6,401.7399999999999,2opt,notBad
10803,6,404.0199999999997,6,401.7399999999999,move,improve
10804,6,404.0199999999997,6,401.7399999999999,2opt,notBad
10805,6,404.0199999999997,6,401.7399999999999,2opt,notBad
10806,6,404.0199999999997,6,401.7399999999999,swap,notBad
10807,6,404.0199999999997,6,401.7399999999999,2opt,notBad
10808,6,404.0199999999997,6,401.7399999999999,swap,notBad
10809,6,404.0199999999997,6,401.7399999999999,move,improve
10810,6,404.0199999999997,6,401.7399999999999,2opt,notBad
10811,6,404.0199999999997,6,401.7399999999999,swap,notBad
10812,6,404.0199999999997,6,401.7399999999999,move,improve
10813,6,404.0199999999997,6,401.7399999999999,swap,notBad
10814,6,404.0199999999997,6,401.7399999999999,move,improve
10815,6,404.0199999999997,6,401.7399999999999,2opt,notBad
10816,6,404.0199999999997,6,401.7399999999999,2opt,notBad
10817,6,404.0199999999997,6,401.7399999999999,2opt,notBad
10818,6,404.0199999999997,6,401.7399999999999,move,improve
10819,6,404.0199999999997,6,401.7399999999999,2opt,notBad
10820,6,404.0199999999997,6,401.7399999999999,2opt,notBad
10821,6,404.0199999999997,6,401.7399999999999,2opt,notBad
10822,6,404.0199999999997,6,401.7399999999999,swap,notBad
10823,6,404.0199999999997,6,401.7399999999999,2opt,improve
10824,6,404.0199999999997,6,401.7399999999999,2opt,notBad
10825,6,404.0199999999997,6,401.7399999999999,swap,notBad
10826,6,404.0199999999997,6,401.7399999999999,move,improve
10827,6,404.0199999999997,6,401.7399999999999,swap,notBad
10828,6,404.0199999999997,6,401.7399999999999,move,improve
10829,6,404.0199999999997,6,401.7399999999999,swap,notBad
10830,6,404.0199999999997,6,401.7399999999999,2opt,notBad
10831,6,404.0199999999997,6,401.7399999999999,move,improve
10832,6,404.0199999999997,6,401.7399999999999,swap,notBad
10833,6,404.0199999999997,6,401.7399999999999,swap,notBad
10834,6,404.0199999999997,6,401.7399999999999,swap,notBad
10835,6,404.0199999999997,6,401.7399999999999,2opt,notBad
10836,6,404.0199999999997,6,401.7399999999999,2opt,notBad
10837,6,404.0199999999997,6,401.7399999999999,2opt,notBad
10838,6,404.0199999999997,6,401.7399999999999,move,improve
10839,6,404.0199999999997,6,401.7399999999999,2opt,notBad
10840,6,404.0199999999997,6,401.7399999999999,swap,notBad
10841,6,404.0199999999997,6,401.7399999999999,move,improve
10842,6,404.0199999999997,6,401.7399999999999,swap,notBad
10843,6,404.0199999999997,6,401.7399999999999,move,improve
10844,6,404.0199999999997,6,401.7399999999999,move,improve
10845,6,404.0199999999997,6,401.7399999999999,swap,notBad
10846,6,404.0199999999997,6,401.7399999999999,swap,notBad
10847,6,404.0199999999997,6,401.7399999999999,swap,notBad
10848,6,404.8799999999997,6,401.7399999999999,swap,acceptBad
10849,6,404.8799999999997,6,401.7399999999999,swap,notBad
10850,6,404.8799999999997,6,401.7399999999999,2opt,notBad
10851,6,404.8799999999997,6,401.7399999999999,move,improve
10852,6,404.8799999999997,6,401.7399999999999,move,improve
10853,6,404.8799999999997,6,401.7399999999999,2opt,notBad
10854,6,404.8799999999997,6,401.7399999999999,2opt,notBad
10855,6,404.8799999999997,6,401.7399999999999,2opt,notBad
10856,6,404.8799999999997,6,401.7399999999999,2opt,notBad
10857,6,404.8799999999997,6,401.7399999999999,swap,notBad
10858,6,404.8799999999997,6,401.7399999999999,move,improve
10859,6,404.8799999999997,6,401.7399999999999,2opt,notBad
10860,6,404.8799999999997,6,401.7399999999999,swap,notBad
10861,6,404.8799999999997,6,401.7399999999999,2opt,notBad
10862,6,404.8799999999997,6,401.7399999999999,move,improve
10863,6,404.8799999999997,6,401.7399999999999,swap,notBad
10864,6,404.8799999999997,6,401.7399999999999,swap,notBad
10865,6,404.8799999999997,6,401.7399999999999,2opt,notBad
10866,6,404.8799999999997,6,401.7399999999999,move,improve
10867,6,404.8799999999997,6,401.7399999999999,swap,notBad
10868,6,404.8799999999997,6,401.7399999999999,move,improve
10869,6,404.8799999999997,6,401.7399999999999,swap,notBad
10870,6,404.8799999999997,6,401.7399999999999,move,improve
10871,6,404.8799999999997,6,401.7399999999999,move,improve
10872,6,404.8799999999997,6,401.7399999999999,2opt,improve
10873,6,404.8799999999997,6,401.7399999999999,swap,notBad
10874,6,404.8799999999997,6,401.7399999999999,2opt,notBad
10875,6,404.8799999999997,6,401.7399999999999,swap,notBad
10876,6,404.8799999999997,6,401.7399999999999,move,improve
10877,6,404.8799999999997,6,401.7399999999999,2opt,notBad
10878,6,404.8799999999997,6,401.7399999999999,swap,notBad
10879,6,404.8799999999997,6,401.7399999999999,swap,notBad
10880,6,404.8799999999997,6,401.7399999999999,swap,notBad
10881,6,404.8799999999997,6,401.7399999999999,swap,notBad
10882,6,404.8799999999997,6,401.7399999999999,move,improve
10883,6,404.8799999999997,6,401.7399999999999,swap,notBad
10884,6,404.8799999999997,6,401.7399999999999,swap,notBad
10885,6,404.8799999999997,6,401.7399999999999,move,improve
10886,6,404.8799999999997,6,401.7399999999999,swap,notBad
10887,6,404.8799999999997,6,401.7399999999999,2opt,notBad
10888,6,404.8799999999997,6,401.7399999999999,swap,notBad
10889,6,404.8799999999997,6,401.7399999999999,swap,notBad
10890,6,404.8799999999997,6,401.7399999999999,2opt,notBad
10891,6,404.8799999999997,6,401.7399999999999,2opt,notBad
10892,6,404.8799999999997,6,401.7399999999999,2opt,notBad
10893,6,404.8799999999997,6,401.7399999999999,swap,notBad
10894,6,404.8799999999997,6,401.7399999999999,move,improve
10895,6,404.8799999999997,6,401.7399999999999,swap,notBad
10896,6,404.8799999999997,6,401.7399999999999,2opt,improve
10897,6,404.8799999999997,6,401.7399999999999,move,improve
10898,6,404.8799999999997,6,401.7399999999999,swap,notBad
10899,6,404.8799999999997,6,401.7399999999999,swap,notBad
10900,6,404.8799999999997,6,401.7399999999999,2opt,notBad
10901,6,404.8799999999997,6,401.7399999999999,swap,notBad
10902,6,404.8799999999997,6,401.7399999999999,swap,notBad
10903,6,404.8799999999997,6,401.7399999999999,swap,notBad
10904,6,404.8799999999997,6,401.7399999999999,swap,notBad
10905,6,404.8799999999997,6,401.7399999999999,swap,notBad
10906,6,404.8799999999997,6,401.7399999999999,2opt,notBad
10907,6,404.8799999999997,6,401.7399999999999,swap,notBad
10908,6,404.8799999999997,6,401.7399999999999,move,improve
10909,6,404.8799999999997,6,401.7399999999999,move,improve
10910,6,404.8799999999997,6,401.7399999999999,swap,notBad
10911,6,404.8799999999997,6,401.7399999999999,move,improve
10912,6,404.8799999999997,6,401.7399999999999,swap,notBad
10913,6,404.8799999999997,6,401.7399999999999,2opt,notBad
10914,6,404.8799999999997,6,401.7399999999999,2opt,notBad
10915,6,404.8799999999997,6,401.7399999999999,move,improve
10916,6,404.0199999999997,6,401.7399999999999,move,improve
10917,6,404.0199999999997,6,401.7399999999999,swap,notBad
10918,6,404.0199999999997,6,401.7399999999999,2opt,notBad
10919,6,404.0199999999997,6,401.7399999999999,swap,notBad
10920,6,404.0199999999997,6,401.7399999999999,swap,notBad
10921,6,404.0199999999997,6,401.7399999999999,2opt,notBad
10922,6,404.0199999999997,6,401.7399999999999,2opt,notBad
10923,6,404.0199999999997,6,401.7399999999999,swap,notBad
10924,6,404.0199999999997,6,401.7399999999999,swap,notBad
10925,6,404.0199999999997,6,401.7399999999999,swap,notBad
10926,6,404.0199999999997,6,401.7399999999999,swap,notBad
10927,6,404.0199999999997,6,401.7399999999999,swap,notBad
10928,6,404.0199999999997,6,401.7399999999999,swap,notBad
10929,6,404.0199999999997,6,401.7399999999999,2opt,notBad
10930,6,404.0199999999997,6,401.7399999999999,2opt,notBad
10931,6,404.0199999999997,6,401.7399999999999,2opt,notBad
10932,6,404.0199999999997,6,401.7399999999999,move,improve
10933,6,404.0199999999997,6,401.7399999999999,swap,notBad
10934,6,404.0199999999997,6,401.7399999999999,swap,notBad
10935,6,404.0199999999997,6,401.7399999999999,swap,notBad
10936,6,404.0199999999997,6,401.7399999999999,2opt,notBad
10937,6,404.0199999999997,6,401.7399999999999,swap,notBad
10938,6,404.0199999999997,6,401.7399999999999,2opt,notBad
10939,6,404.0199999999997,6,401.7399999999999,2opt,notBad
10940,6,404.0199999999997,6,401.7399999999999,swap,notBad
10941,6,404.0199999999997,6,401.7399999999999,2opt,notBad
10942,6,404.0199999999997,6,401.7399999999999,2opt,notBad
10943,6,404.0199999999997,6,401.7399999999999,swap,notBad
10944,6,404.0199999999997,6,401.7399999999999,move,improve
10945,6,404.0199999999997,6,401.7399999999999,2opt,notBad
10946,6,404.0199999999997,6,401.7399999999999,swap,notBad
10947,6,404.0199999999997,6,401.7399999999999,swap,notBad
10948,6,404.0199999999997,6,401.7399999999999,2opt,notBad
10949,6,404.0199999999997,6,401.7399999999999,swap,notBad
10950,6,404.0199999999997,6,401.7399999999999,2opt,notBad
10951,6,404.0199999999997,6,401.7399999999999,move,improve
10952,6,404.0199999999997,6,401.7399999999999,2opt,notBad
10953,6,404.0199999999997,6,401.7399999999999,swap,notBad
10954,6,404.0199999999997,6,401.7399999999999,move,improve
10955,6,404.3999999999997,6,401.7399999999999,swap,acceptBad
10956,6,404.3999999999997,6,401.7399999999999,move,improve
10957,6,404.3999999999997,6,401.7399999999999,2opt,notBad
10958,6,404.3999999999997,6,401.7399999999999,swap,notBad
10959,6,404.3999999999997,6,401.7399999999999,2opt,improve
10960,6,404.3999999999997,6,401.7399999999999,move,improve
10961,6,404.3999999999997,6,401.7399999999999,swap,notBad
10962,6,404.3999999999997,6,401.7399999999999,move,improve
10963,6,404.3999999999997,6,401.7399999999999,move,improve
10964,6,404.3999999999997,6,401.7399999999999,move,improve
10965,6,404.3999999999997,6,401.7399999999999,move,improve
10966,6,404.3999999999997,6,401.7399999999999,swap,notBad
10967,6,404.3999999999997,6,401.7399999999999,2opt,notBad
10968,6,404.3999999999997,6,401.7399999999999,move,improve
10969,6,404.3999999999997,6,401.7399999999999,2opt,notBad
10970,6,404.3999999999997,6,401.7399999999999,2opt,notBad
10971,6,404.3999999999997,6,401.7399999999999,swap,notBad
10972,6,404.3999999999997,6,401.7399999999999,2opt,notBad
10973,6,404.3999999999997,6,401.7399999999999,2opt,notBad
10974,6,404.3999999999997,6,401.7399999999999,2opt,notBad
10975,6,404.3999999999997,6,401.7399999999999,move,improve
10976,6,404.3999999999997,6,401.7399999999999,move,improve
10977,6,404.3999999999997,6,401.7399999999999,swap,notBad
10978,6,404.3999999999997,6,401.7399999999999,move,improve
10979,6,404.3999999999997,6,401.7399999999999,2opt,notBad
10980,6,404.3999999999997,6,401.7399999999999,2opt,improve
10981,6,404.3999999999997,6,401.7399999999999,move,improve
10982,6,404.3999999999997,6,401.7399999999999,move,improve
10983,6,404.3999999999997,6,401.7399999999999,swap,notBad
10984,6,404.3999999999997,6,401.7399999999999,swap,notBad
10985,6,404.3999999999997,6,401.7399999999999,2opt,notBad
10986,6,404.3999999999997,6,401.7399999999999,2opt,notBad
10987,6,404.3999999999997,6,401.7399999999999,2opt,notBad
10988,6,404.3999999999997,6,401.7399999999999,move,improve
10989,6,404.3999999999997,6,401.7399999999999,2opt,notBad
10990,6,404.3999999999997,6,401.7399999999999,swap,notBad
10991,6,404.3999999999997,6,401.7399999999999,2opt,notBad
10992,6,404.3999999999997,6,401.7399999999999,2opt,improve
10993,6,404.3999999999997,6,401.7399999999999,2opt,notBad
10994,6,404.3999999999997,6,401.7399999999999,move,improve
10995,6,404.3999999999997,6,401.7399999999999,swap,notBad
10996,6,404.3999999999997,6,401.7399999999999,swap,notBad
10997,6,404.3999999999997,6,401.7399999999999,2opt,improve
10998,6,404.3999999999997,6,401.7399999999999,move,improve
10999,6,404.3999999999997,6,401.7399999999999,swap,notBad
11000,6,404.3999999999997,6,401.7399999999999,swap,notBad
11001,6,404.3999999999997,6,401.7399999999999,move,improve
11002,6,404.3999999999997,6,401.7399999999999,swap,notBad
11003,6,404.3999999999997,6,401.7399999999999,move,improve
11004,6,404.3999999999997,6,401.7399999999999,2opt,notBad
11005,6,404.3999999999997,6,401.7399999999999,2opt,improve
11006,6,404.0199999999997,6,401.7399999999999,move,improve
11007,6,404.0199999999997,6,401.7399999999999,move,improve
11008,6,404.0199999999997,6,401.7399999999999,2opt,notBad
11009,6,404.0199999999997,6,401.7399999999999,move,improve
11010,6,404.0199999999997,6,401.7399999999999,move,improve
11011,6,404.0199999999997,6,401.7399999999999,2opt,notBad
11012,6,404.0199999999997,6,401.7399999999999,move,improve
11013,6,404.0199999999997,6,401.7399999999999,swap,notBad
11014,6,404.72000000000014,6,401.7399999999999,move,acceptBad
11015,6,404.72000000000014,6,401.7399999999999,swap,notBad
11016,6,404.72000000000014,6,401.7399999999999,move,improve
11017,6,404.72000000000014,6,401.7399999999999,move,improve
11018,6,404.72000000000014,6,401.7399999999999,move,improve
11019,6,404.72000000000014,6,401.7399999999999,2opt,notBad
11020,6,404.72000000000014,6,401.7399999999999,2opt,improve
11021,6,404.72000000000014,6,401.7399999999999,move,improve
11022,6,404.72000000000014,6,401.7399999999999,2opt,notBad
11023,6,404.72000000000014,6,401.7399999999999,2opt,notBad
11024,6,404.72000000000014,6,401.7399999999999,2opt,notBad
11025,6,404.72000000000014,6,401.7399999999999,2opt,notBad
11026,6,404.72000000000014,6,401.7399999999999,swap,notBad
11027,6,404.72000000000014,6,401.7399999999999,2opt,notBad
11028,6,404.72000000000014,6,401.7399999999999,swap,notBad
11029,6,404.72000000000014,6,401.7399999999999,move,improve
11030,6,404.72000000000014,6,401.7399999999999,move,improve
11031,6,404.72000000000014,6,401.7399999999999,swap,notBad
11032,6,404.72000000000014,6,401.7399999999999,swap,notBad
11033,6,404.72000000000014,6,401.7399999999999,swap,notBad
11034,6,404.72000000000014,6,401.7399999999999,2opt,notBad
11035,6,404.72000000000014,6,401.7399999999999,swap,notBad
11036,6,404.72000000000014,6,401.7399999999999,move,improve
11037,6,404.72000000000014,6,401.7399999999999,2opt,notBad
11038,6,404.72000000000014,6,401.7399999999999,swap,notBad
11039,6,404.72000000000014,6,401.7399999999999,2opt,notBad
11040,6,404.72000000000014,6,401.7399999999999,2opt,notBad
11041,6,404.72000000000014,6,401.7399999999999,swap,notBad
11042,6,404.72000000000014,6,401.7399999999999,move,improve
11043,6,404.72000000000014,6,401.7399999999999,2opt,notBad
11044,6,404.72000000000014,6,401.7399999999999,swap,notBad
11045,6,404.72000000000014,6,401.7399999999999,swap,notBad
11046,6,404.72000000000014,6,401.7399999999999,move,improve
11047,6,404.72000000000014,6,401.7399999999999,2opt,notBad
11048,6,404.72000000000014,6,401.7399999999999,swap,notBad
11049,6,404.72000000000014,6,401.7399999999999,2opt,notBad
11050,6,404.72000000000014,6,401.7399999999999,swap,notBad
11051,6,404.72000000000014,6,401.7399999999999,2opt,notBad
11052,6,404.72000000000014,6,401.7399999999999,move,improve
11053,6,404.72000000000014,6,401.7399999999999,swap,notBad
11054,6,404.0199999999997,6,401.7399999999999,move,improve
11055,6,404.0199999999997,6,401.7399999999999,swap,notBad
11056,6,404.0199999999997,6,401.7399999999999,2opt,notBad
11057,6,404.0199999999997,6,401.7399999999999,move,improve
11058,6,404.0199999999997,6,401.7399999999999,2opt,notBad
11059,6,404.0199999999997,6,401.7399999999999,2opt,notBad
11060,6,404.0199999999997,6,401.7399999999999,move,improve
11061,6,404.0199999999997,6,401.7399999999999,move,improve
11062,6,404.0199999999997,6,401.7399999999999,2opt,notBad
11063,6,404.0199999999997,6,401.7399999999999,2opt,notBad
11064,6,404.0199999999997,6,401.7399999999999,2opt,notBad
11065,6,404.0199999999997,6,401.7399999999999,2opt,notBad
11066,6,404.0199999999997,6,401.7399999999999,move,improve
11067,6,404.0199999999997,6,401.7399999999999,move,improve
11068,6,404.0199999999997,6,401.7399999999999,swap,notBad
11069,6,404.0199999999997,6,401.7399999999999,move,improve
11070,6,404.0199999999997,6,401.7399999999999,swap,notBad
11071,6,404.0199999999997,6,401.7399999999999,swap,notBad
11072,6,404.0199999999997,6,401.7399999999999,move,improve
11073,6,404.0199999999997,6,401.7399999999999,2opt,notBad
11074,6,404.0199999999997,6,401.7399999999999,swap,notBad
11075,6,404.0199999999997,6,401.7399999999999,2opt,notBad
11076,6,404.0199999999997,6,401.7399999999999,move,improve
11077,6,404.0199999999997,6,401.7399999999999,2opt,notBad
11078,6,404.0199999999997,6,401.7399999999999,swap,notBad
11079,6,404.0199999999997,6,401.7399999999999,2opt,notBad
11080,6,404.0199999999997,6,401.7399999999999,move,improve
11081,6,404.0199999999997,6,401.7399999999999,2opt,notBad
11082,6,404.0199999999997,6,401.7399999999999,2opt,notBad
11083,6,404.0199999999997,6,401.7399999999999,2opt,improve
11084,6,404.0199999999997,6,401.7399999999999,swap,notBad
11085,6,404.0199999999997,6,401.7399999999999,move,improve
11086,6,404.0199999999997,6,401.7399999999999,move,improve
11087,6,404.0199999999997,6,401.7399999999999,swap,notBad
11088,6,404.0199999999997,6,401.7399999999999,swap,notBad
11089,6,404.0199999999997,6,401.7399999999999,swap,notBad
11090,6,404.0199999999997,6,401.7399999999999,swap,notBad
11091,6,404.0199999999997,6,401.7399999999999,move,improve
11092,6,404.0199999999997,6,401.7399999999999,swap,notBad
11093,6,404.0199999999997,6,401.7399999999999,swap,notBad
11094,6,404.0199999999997,6,401.7399999999999,move,improve
11095,6,404.0199999999997,6,401.7399999999999,swap,notBad
11096,6,404.0199999999997,6,401.7399999999999,2opt,improve
11097,6,404.72000000000014,6,401.7399999999999,move,acceptBad
11098,6,404.72000000000014,6,401.7399999999999,move,improve
11099,6,404.72000000000014,6,401.7399999999999,2opt,notBad
11100,6,404.72000000000014,6,401.7399999999999,move,improve
11101,6,404.72000000000014,6,401.7399999999999,move,improve
11102,6,404.72000000000014,6,401.7399999999999,move,improve
11103,6,405.58000000000015,6,401.7399999999999,swap,acceptBad
11104,6,405.58000000000015,6,401.7399999999999,2opt,notBad
11105,6,405.58000000000015,6,401.7399999999999,swap,notBad
11106,6,405.58000000000015,6,401.7399999999999,2opt,notBad
11107,6,405.58000000000015,6,401.7399999999999,2opt,notBad
11108,6,405.58000000000015,6,401.7399999999999,2opt,notBad
11109,6,405.58000000000015,6,401.7399999999999,2opt,notBad
11110,6,405.58000000000015,6,401.7399999999999,swap,notBad
11111,6,405.58000000000015,6,401.7399999999999,move,improve
11112,6,405.58000000000015,6,401.7399999999999,swap,notBad
11113,6,405.58000000000015,6,401.7399999999999,2opt,improve
11114,6,405.58000000000015,6,401.7399999999999,move,improve
11115,6,405.58000000000015,6,401.7399999999999,swap,notBad
11116,6,405.58000000000015,6,401.7399999999999,swap,notBad
11117,6,405.58000000000015,6,401.7399999999999,swap,notBad
11118,6,405.58000000000015,6,401.7399999999999,2opt,notBad
11119,6,404.8799999999997,6,401.7399999999999,move,improve
11120,6,404.8799999999997,6,401.7399999999999,2opt,notBad
11121,6,404.8799999999997,6,401.7399999999999,swap,notBad
11122,6,404.8799999999997,6,401.7399999999999,move,improve
11123,6,404.8799999999997,6,401.7399999999999,move,improve
11124,6,404.8799999999997,6,401.7399999999999,move,improve
11125,6,404.8799999999997,6,401.7399999999999,2opt,notBad
11126,6,404.8799999999997,6,401.7399999999999,move,improve
11127,6,404.8799999999997,6,401.7399999999999,swap,notBad
11128,6,404.8799999999997,6,401.7399999999999,move,improve
11129,6,404.8799999999997,6,401.7399999999999,move,improve
11130,6,404.8799999999997,6,401.7399999999999,2opt,notBad
11131,6,404.8799999999997,6,401.7399999999999,swap,notBad
11132,6,404.8799999999997,6,401.7399999999999,move,improve
11133,6,404.8799999999997,6,401.7399999999999,move,improve
11134,6,404.8799999999997,6,401.7399999999999,2opt,improve
11135,6,404.8799999999997,6,401.7399999999999,2opt,notBad
11136,6,404.8799999999997,6,401.7399999999999,2opt,notBad
11137,6,404.8799999999997,6,401.7399999999999,2opt,notBad
11138,6,404.8799999999997,6,401.7399999999999,move,improve
11139,6,404.8799999999997,6,401.7399999999999,move,improve
11140,6,404.8799999999997,6,401.7399999999999,swap,notBad
11141,6,404.8799999999997,6,401.7399999999999,move,improve
11142,6,404.8799999999997,6,401.7399999999999,swap,notBad
11143,6,404.8799999999997,6,401.7399999999999,move,improve
11144,6,404.8799999999997,6,401.7399999999999,swap,notBad
11145,6,404.8799999999997,6,401.7399999999999,2opt,notBad
11146,6,404.8799999999997,6,401.7399999999999,swap,notBad
11147,6,404.8799999999997,6,401.7399999999999,2opt,notBad
11148,6,404.8799999999997,6,401.7399999999999,swap,notBad
11149,6,404.8799999999997,6,401.7399999999999,move,improve
11150,6,404.8799999999997,6,401.7399999999999,move,improve
11151,6,404.8799999999997,6,401.7399999999999,2opt,notBad
11152,6,404.8799999999997,6,401.7399999999999,move,improve
11153,6,404.8799999999997,6,401.7399999999999,move,improve
11154,6,404.8799999999997,6,401.7399999999999,swap,notBad
11155,6,404.8799999999997,6,401.7399999999999,2opt,notBad
11156,6,404.8799999999997,6,401.7399999999999,swap,notBad
11157,6,404.8799999999997,6,401.7399999999999,swap,notBad
11158,6,404.8799999999997,6,401.7399999999999,2opt,notBad
11159,6,404.8799999999997,6,401.7399999999999,move,improve
11160,6,404.8799999999997,6,401.7399999999999,swap,notBad
11161,6,405.58000000000015,6,401.7399999999999,move,acceptBad
11162,6,405.58000000000015,6,401.7399999999999,2opt,notBad
11163,6,405.58000000000015,6,401.7399999999999,move,improve
11164,6,405.58000000000015,6,401.7399999999999,swap,notBad
11165,6,405.58000000000015,6,401.7399999999999,swap,notBad
11166,6,405.58000000000015,6,401.7399999999999,swap,notBad
11167,6,405.58000000000015,6,401.7399999999999,swap,notBad
11168,6,405.58000000000015,6,401.7399999999999,swap,notBad
11169,6,405.58000000000015,6,401.7399999999999,swap,notBad
11170,6,405.58000000000015,6,401.7399999999999,swap,notBad
11171,6,405.58000000000015,6,401.7399999999999,2opt,improve
11172,6,405.58000000000015,6,401.7399999999999,2opt,notBad
11173,6,405.58000000000015,6,401.7399999999999,2opt,notBad
11174,6,405.58000000000015,6,401.7399999999999,swap,notBad
11175,6,405.58000000000015,6,401.7399999999999,swap,notBad
11176,6,405.58000000000015,6,401.7399999999999,swap,notBad
11177,6,404.72000000000014,6,401.7399999999999,move,improve
11178,6,404.72000000000014,6,401.7399999999999,2opt,notBad
11179,6,404.72000000000014,6,401.7399999999999,swap,notBad
11180,6,404.72000000000014,6,401.7399999999999,move,improve
11181,6,404.72000000000014,6,401.7399999999999,move,improve
11182,6,404.72000000000014,6,401.7399999999999,move,improve
11183,6,404.72000000000014,6,401.7399999999999,swap,notBad
11184,6,404.72000000000014,6,401.7399999999999,2opt,notBad
11185,6,404.72000000000014,6,401.7399999999999,2opt,notBad
11186,6,404.72000000000014,6,401.7399999999999,move,improve
11187,6,404.72000000000014,6,401.7399999999999,move,improve
11188,6,404.72000000000014,6,401.7399999999999,2opt,notBad
11189,6,404.72000000000014,6,401.7399999999999,2opt,notBad
11190,6,404.72000000000014,6,401.7399999999999,swap,notBad
11191,6,404.72000000000014,6,401.7399999999999,2opt,notBad
11192,6,404.72000000000014,6,401.7399999999999,move,improve
11193,6,404.72000000000014,6,401.7399999999999,2opt,notBad
11194,6,404.72000000000014,6,401.7399999999999,move,improve
11195,6,404.72000000000014,6,401.7399999999999,swap,notBad
11196,6,404.72000000000014,6,401.7399999999999,swap,notBad
11197,6,404.72000000000014,6,401.7399999999999,2opt,notBad
11198,6,404.72000000000014,6,401.7399999999999,2opt,improve
11199,6,404.0199999999997,6,401.7399999999999,move,improve
11200,6,404.0199999999997,6,401.7399999999999,move,improve
11201,6,404.0199999999997,6,401.7399999999999,2opt,notBad
11202,6,404.0199999999997,6,401.7399999999999,2opt,notBad
11203,6,404.0199999999997,6,401.7399999999999,move,improve
11204,6,404.0199999999997,6,401.7399999999999,swap,notBad
11205,6,404.0199999999997,6,401.7399999999999,swap,notBad
11206,6,404.0199999999997,6,401.7399999999999,move,improve
11207,6,404.0199999999997,6,401.7399999999999,swap,notBad
11208,6,404.0199999999997,6,401.7399999999999,2opt,notBad
11209,6,404.0199999999997,6,401.7399999999999,2opt,notBad
11210,6,404.0199999999997,6,401.7399999999999,move,improve
11211,6,404.0199999999997,6,401.7399999999999,move,improve
11212,6,404.0199999999997,6,401.7399999999999,swap,notBad
11213,6,404.0199999999997,6,401.7399999999999,swap,notBad
11214,6,404.0199999999997,6,401.7399999999999,move,improve
11215,6,404.0199999999997,6,401.7399999999999,swap,notBad
11216,6,404.0199999999997,6,401.7399999999999,move,improve
11217,6,404.0199999999997,6,401.7399999999999,2opt,notBad
11218,6,404.0199999999997,6,401.7399999999999,move,improve
11219,6,404.0199999999997,6,401.7399999999999,swap,notBad
11220,6,404.3399999999997,6,401.7399999999999,swap,acceptBad
11221,6,404.3399999999997,6,401.7399999999999,swap,notBad
11222,6,404.3399999999997,6,401.7399999999999,swap,notBad
11223,6,404.3399999999997,6,401.7399999999999,2opt,improve
11224,6,404.3399999999997,6,401.7399999999999,2opt,notBad
11225,6,404.3399999999997,6,401.7399999999999,2opt,notBad
11226,6,404.3399999999997,6,401.7399999999999,2opt,notBad
11227,6,404.3399999999997,6,401.7399999999999,2opt,notBad
11228,6,404.3399999999997,6,401.7399999999999,2opt,notBad
11229,6,404.3399999999997,6,401.7399999999999,2opt,notBad
11230,6,404.3399999999997,6,401.7399999999999,2opt,notBad
11231,6,404.3399999999997,6,401.7399999999999,2opt,notBad
11232,6,404.3399999999997,6,401.7399999999999,move,improve
11233,6,404.3399999999997,6,401.7399999999999,swap,notBad
11234,6,404.3399999999997,6,401.7399999999999,move,improve
11235,6,404.3399999999997,6,401.7399999999999,2opt,notBad
11236,6,404.3399999999997,6,401.7399999999999,move,improve
11237,6,404.3399999999997,6,401.7399999999999,move,improve
11238,6,404.3399999999997,6,401.7399999999999,move,improve
11239,6,404.3399999999997,6,401.7399999999999,2opt,notBad
11240,6,404.3399999999997,6,401.7399999999999,move,improve
11241,6,404.3399999999997,6,401.7399999999999,move,improve
11242,6,404.3399999999997,6,401.7399999999999,swap,notBad
11243,6,404.3399999999997,6,401.7399999999999,2opt,notBad
11244,6,404.3399999999997,6,401.7399999999999,2opt,improve
11245,6,404.3399999999997,6,401.7399999999999,2opt,notBad
11246,6,404.3399999999997,6,401.7399999999999,2opt,notBad
11247,6,404.3399999999997,6,401.7399999999999,move,improve
11248,6,404.3399999999997,6,401.7399999999999,swap,notBad
11249,6,404.3399999999997,6,401.7399999999999,swap,notBad
11250,6,404.3399999999997,6,401.7399999999999,move,improve
11251,6,404.3399999999997,6,401.7399999999999,2opt,notBad
11252,6,404.3399999999997,6,401.7399999999999,move,improve
11253,6,404.3399999999997,6,401.7399999999999,move,improve
11254,6,404.3399999999997,6,401.7399999999999,move,improve
11255,6,404.3399999999997,6,401.7399999999999,2opt,improve
11256,6,404.3399999999997,6,401.7399999999999,2opt,notBad
11257,6,404.3399999999997,6,401.7399999999999,move,improve
11258,6,404.3399999999997,6,401.7399999999999,2opt,notBad
11259,6,404.3399999999997,6,401.7399999999999,swap,notBad
11260,6,404.3399999999997,6,401.7399999999999,swap,notBad
11261,6,404.3399999999997,6,401.7399999999999,swap,notBad
11262,6,404.3399999999997,6,401.7399999999999,swap,notBad
11263,6,404.3399999999997,6,401.7399999999999,swap,notBad
11264,6,404.3399999999997,6,401.7399999999999,2opt,notBad
11265,6,404.3399999999997,6,401.7399999999999,move,improve
11266,6,404.3399999999997,6,401.7399999999999,swap,notBad
11267,6,404.3399999999997,6,401.7399999999999,move,improve
11268,6,404.3399999999997,6,401.7399999999999,swap,notBad
11269,6,404.3399999999997,6,401.7399999999999,move,improve
11270,6,404.3399999999997,6,401.7399999999999,move,improve
11271,6,404.3399999999997,6,401.7399999999999,move,improve
11272,6,404.3399999999997,6,401.7399999999999,move,improve
11273,6,404.0199999999997,6,401.7399999999999,move,improve
11274,6,404.0199999999997,6,401.7399999999999,move,improve
11275,6,404.0199999999997,6,401.7399999999999,swap,notBad
11276,6,404.0199999999997,6,401.7399999999999,swap,notBad
11277,6,404.0199999999997,6,401.7399999999999,move,improve
11278,6,404.0199999999997,6,401.7399999999999,swap,notBad
11279,6,404.0199999999997,6,401.7399999999999,move,improve
11280,6,404.0199999999997,6,401.7399999999999,move,improve
11281,6,404.0199999999997,6,401.7399999999999,2opt,notBad
11282,6,404.0199999999997,6,401.7399999999999,move,improve
11283,6,404.0199999999997,6,401.7399999999999,move,improve
11284,6,404.0199999999997,6,401.7399999999999,swap,notBad
11285,6,404.0199999999997,6,401.7399999999999,move,improve
11286,6,404.0199999999997,6,401.7399999999999,swap,notBad
11287,6,404.0199999999997,6,401.7399999999999,move,improve
11288,6,404.8799999999997,6,401.7399999999999,swap,acceptBad
11289,6,404.8799999999997,6,401.7399999999999,swap,notBad
11290,6,404.8799999999997,6,401.7399999999999,move,improve
11291,6,404.8799999999997,6,401.7399999999999,2opt,improve
11292,6,404.8799999999997,6,401.7399999999999,move,improve
11293,6,404.8799999999997,6,401.7399999999999,swap,notBad
11294,6,404.8799999999997,6,401.7399999999999,swap,notBad
11295,6,404.8799999999997,6,401.7399999999999,swap,notBad
11296,6,404.8799999999997,6,401.7399999999999,swap,notBad
11297,6,404.8799999999997,6,401.7399999999999,2opt,notBad
11298,6,404.8799999999997,6,401.7399999999999,swap,notBad
11299,6,404.8799999999997,6,401.7399999999999,swap,notBad
11300,6,404.8799999999997,6,401.7399999999999,swap,notBad
11301,6,404.8799999999997,6,401.7399999999999,swap,notBad
11302,6,404.8799999999997,6,401.7399999999999,move,improve
11303,6,404.8799999999997,6,401.7399999999999,swap,notBad
11304,6,404.8799999999997,6,401.7399999999999,swap,notBad
11305,6,404.8799999999997,6,401.7399999999999,move,improve
11306,6,404.8799999999997,6,401.7399999999999,move,improve
11307,6,404.8799999999997,6,401.7399999999999,2opt,notBad
11308,6,404.8799999999997,6,401.7399999999999,move,improve
11309,6,404.8799999999997,6,401.7399999999999,2opt,notBad
11310,6,404.0199999999997,6,401.7399999999999,move,improve
11311,6,404.0199999999997,6,401.7399999999999,move,improve
11312,6,404.0199999999997,6,401.7399999999999,move,improve
11313,6,404.0199999999997,6,401.7399999999999,2opt,notBad
11314,6,404.0199999999997,6,401.7399999999999,swap,notBad
11315,6,404.0199999999997,6,401.7399999999999,swap,notBad
11316,6,404.0199999999997,6,401.7399999999999,swap,notBad
11317,6,404.0199999999997,6,401.7399999999999,2opt,notBad
11318,6,404.0199999999997,6,401.7399999999999,swap,notBad
11319,6,404.0199999999997,6,401.7399999999999,swap,notBad
11320,6,404.0199999999997,6,401.7399999999999,move,improve
11321,6,404.0199999999997,6,401.7399999999999,swap,notBad
11322,6,404.0199999999997,6,401.7399999999999,swap,notBad
11323,6,404.0199999999997,6,401.7399999999999,move,improve
11324,6,404.0199999999997,6,401.7399999999999,2opt,notBad
11325,6,404.0199999999997,6,401.7399999999999,move,improve
11326,6,404.0199999999997,6,401.7399999999999,move,improve
11327,6,404.0199999999997,6,401.7399999999999,move,improve
11328,6,404.0199999999997,6,401.7399999999999,move,improve
11329,6,404.0199999999997,6,401.7399999999999,2opt,notBad
11330,6,404.0199999999997,6,401.7399999999999,move,improve
11331,6,404.0199999999997,6,401.7399999999999,2opt,notBad
11332,6,404.0199999999997,6,401.7399999999999,2opt,notBad
11333,6,404.0199999999997,6,401.7399999999999,swap,notBad
11334,6,404.0199999999997,6,401.7399999999999,swap,notBad
11335,6,404.0199999999997,6,401.7399999999999,move,improve
11336,6,404.0199999999997,6,401.7399999999999,move,improve
11337,6,404.0199999999997,6,401.7399999999999,move,improve
11338,6,404.0199999999997,6,401.7399999999999,move,improve
11339,6,404.0199999999997,6,401.7399999999999,swap,notBad
11340,6,404.0199999999997,6,401.7399999999999,2opt,notBad
11341,6,404.0199999999997,6,401.7399999999999,2opt,notBad
11342,6,404.0199999999997,6,401.7399999999999,2opt,notBad
11343,6,404.0199999999997,6,401.7399999999999,2opt,improve
11344,6,404.0199999999997,6,401.7399999999999,swap,notBad
11345,6,404.0199999999997,6,401.7399999999999,2opt,notBad
11346,6,404.0199999999997,6,401.7399999999999,swap,notBad
11347,6,404.0199999999997,6,401.7399999999999,move,improve
11348,6,404.0199999999997,6,401.7399999999999,2opt,notBad
11349,6,404.0199999999997,6,401.7399999999999,2opt,notBad
11350,6,404.0199999999997,6,401.7399999999999,move,improve
11351,6,404.0199999999997,6,401.7399999999999,swap,notBad
11352,6,404.0199999999997,6,401.7399999999999,2opt,improve
11353,6,404.0199999999997,6,401.7399999999999,move,improve
11354,6,404.0199999999997,6,401.7399999999999,swap,notBad
11355,6,404.0199999999997,6,401.7399999999999,move,improve
11356,6,404.0199999999997,6,401.7399999999999,2opt,notBad
11357,6,404.0199999999997,6,401.7399999999999,2opt,notBad
11358,6,404.0199999999997,6,401.7399999999999,swap,notBad
11359,6,404.0199999999997,6,401.7399999999999,swap,notBad
11360,6,404.0199999999997,6,401.7399999999999,2opt,notBad
11361,6,404.0199999999997,6,401.7399999999999,move,improve
11362,6,404.0199999999997,6,401.7399999999999,swap,notBad
11363,6,404.0199999999997,6,401.7399999999999,move,improve
11364,6,404.0199999999997,6,401.7399999999999,move,improve
11365,6,404.0199999999997,6,401.7399999999999,2opt,notBad
11366,6,404.0199999999997,6,401.7399999999999,move,improve
11367,6,404.0199999999997,6,401.7399999999999,2opt,notBad
11368,6,404.0199999999997,6,401.7399999999999,move,improve
11369,6,404.0199999999997,6,401.7399999999999,swap,notBad
11370,6,404.0199999999997,6,401.7399999999999,move,improve
11371,6,404.0199999999997,6,401.7399999999999,move,improve
11372,6,404.0199999999997,6,401.7399999999999,swap,notBad
11373,6,404.0199999999997,6,401.7399999999999,swap,notBad
11374,6,404.0199999999997,6,401.7399999999999,2opt,notBad
11375,6,404.0199999999997,6,401.7399999999999,2opt,notBad
11376,6,404.0199999999997,6,401.7399999999999,2opt,notBad
11377,6,404.0199999999997,6,401.7399999999999,2opt,notBad
11378,6,404.0199999999997,6,401.7399999999999,swap,notBad
11379,6,404.0199999999997,6,401.7399999999999,2opt,notBad
11380,6,404.0199999999997,6,401.7399999999999,2opt,notBad
11381,6,404.0199999999997,6,401.7399999999999,swap,notBad
11382,6,404.0199999999997,6,401.7399999999999,2opt,notBad
11383,6,404.0199999999997,6,401.7399999999999,swap,notBad
11384,6,404.0199999999997,6,401.7399999999999,2opt,notBad
11385,6,404.0199999999997,6,401.7399999999999,swap,notBad
11386,6,404.0199999999997,6,401.7399999999999,2opt,notBad
11387,6,404.0199999999997,6,401.7399999999999,move,improve
11388,6,404.0199999999997,6,401.7399999999999,swap,notBad
11389,6,404.0199999999997,6,401.7399999999999,2opt,notBad
11390,6,404.0199999999997,6,401.7399999999999,2opt,notBad
11391,6,404.0199999999997,6,401.7399999999999,move,improve
11392,6,404.0199999999997,6,401.7399999999999,swap,notBad
11393,6,404.0199999999997,6,401.7399999999999,swap,notBad
11394,6,404.0199999999997,6,401.7399999999999,move,improve
11395,6,404.0199999999997,6,401.7399999999999,move,improve
11396,6,404.0199999999997,6,401.7399999999999,2opt,notBad
11397,6,404.0199999999997,6,401.7399999999999,2opt,improve
11398,6,404.0199999999997,6,401.7399999999999,2opt,notBad
11399,6,404.0199999999997,6,401.7399999999999,2opt,notBad
11400,6,404.0199999999997,6,401.7399999999999,2opt,notBad
11401,6,404.0199999999997,6,401.7399999999999,move,improve
11402,6,404.0199999999997,6,401.7399999999999,2opt,notBad
11403,6,404.0199999999997,6,401.7399999999999,2opt,improve
11404,6,404.0199999999997,6,401.7399999999999,move,improve
11405,6,404.0199999999997,6,401.7399999999999,swap,notBad
11406,6,404.0199999999997,6,401.7399999999999,swap,notBad
11407,6,404.0199999999997,6,401.7399999999999,move,improve
11408,6,404.0199999999997,6,401.7399999999999,swap,notBad
11409,6,404.0199999999997,6,401.7399999999999,swap,notBad
11410,6,404.0199999999997,6,401.7399999999999,2opt,notBad
11411,6,404.0199999999997,6,401.7399999999999,move,improve
11412,6,404.0199999999997,6,401.7399999999999,2opt,notBad
11413,6,404.0199999999997,6,401.7399999999999,swap,notBad
11414,6,404.0199999999997,6,401.7399999999999,move,improve
11415,6,404.0199999999997,6,401.7399999999999,swap,notBad
11416,6,404.0199999999997,6,401.7399999999999,swap,notBad
11417,6,404.0199999999997,6,401.7399999999999,swap,notBad
11418,6,404.0199999999997,6,401.7399999999999,2opt,notBad
11419,6,404.0199999999997,6,401.7399999999999,2opt,notBad
11420,6,404.0199999999997,6,401.7399999999999,move,improve
11421,6,404.0199999999997,6,401.7399999999999,2opt,notBad
11422,6,404.0199999999997,6,401.7399999999999,swap,notBad
11423,6,404.72000000000014,6,401.7399999999999,move,acceptBad
11424,6,404.72000000000014,6,401.7399999999999,swap,notBad
11425,6,404.72000000000014,6,401.7399999999999,move,improve
11426,6,404.72000000000014,6,401.7399999999999,2opt,notBad
11427,6,404.72000000000014,6,401.7399999999999,2opt,notBad
11428,6,404.72000000000014,6,401.7399999999999,swap,notBad
11429,6,404.72000000000014,6,401.7399999999999,move,improve
11430,6,404.72000000000014,6,401.7399999999999,swap,notBad
11431,6,404.72000000000014,6,401.7399999999999,move,improve
11432,6,404.72000000000014,6,401.7399999999999,2opt,notBad
11433,6,404.72000000000014,6,401.7399999999999,2opt,notBad
11434,6,404.72000000000014,6,401.7399999999999,move,improve
11435,6,404.72000000000014,6,401.7399999999999,move,improve
11436,6,404.72000000000014,6,401.7399999999999,swap,notBad
11437,6,404.72000000000014,6,401.7399999999999,2opt,notBad
11438,6,404.72000000000014,6,401.7399999999999,swap,notBad
11439,6,404.72000000000014,6,401.7399999999999,2opt,notBad
11440,6,404.72000000000014,6,401.7399999999999,move,improve
11441,6,404.72000000000014,6,401.7399999999999,2opt,notBad
11442,6,404.72000000000014,6,401.7399999999999,2opt,notBad
11443,6,404.72000000000014,6,401.7399999999999,2opt,notBad
11444,6,404.72000000000014,6,401.7399999999999,move,improve
11445,6,404.72000000000014,6,401.7399999999999,swap,notBad
11446,6,404.72000000000014,6,401.7399999999999,swap,notBad
11447,6,404.72000000000014,6,401.7399999999999,2opt,notBad
11448,6,404.72000000000014,6,401.7399999999999,swap,notBad
11449,6,404.72000000000014,6,401.7399999999999,swap,notBad
11450,6,404.72000000000014,6,401.7399999999999,swap,notBad
11451,6,404.72000000000014,6,401.7399999999999,2opt,notBad
11452,6,404.72000000000014,6,401.7399999999999,swap,notBad
11453,6,404.72000000000014,6,401.7399999999999,swap,notBad
11454,6,404.72000000000014,6,401.7399999999999,swap,notBad
11455,6,404.72000000000014,6,401.7399999999999,swap,notBad
11456,6,404.72000000000014,6,401.7399999999999,swap,notBad
11457,6,404.72000000000014,6,401.7399999999999,2opt,notBad
11458,6,404.72000000000014,6,401.7399999999999,move,improve
11459,6,404.72000000000014,6,401.7399999999999,2opt,notBad
11460,6,404.72000000000014,6,401.7399999999999,move,improve
11461,6,404.72000000000014,6,401.7399999999999,move,improve
11462,6,404.72000000000014,6,401.7399999999999,move,improve
11463,6,404.72000000000014,6,401.7399999999999,move,improve
11464,6,404.72000000000014,6,401.7399999999999,swap,notBad
11465,6,404.72000000000014,6,401.7399999999999,2opt,notBad
11466,6,404.72000000000014,6,401.7399999999999,move,improve
11467,6,404.72000000000014,6,401.7399999999999,2opt,notBad
11468,6,404.72000000000014,6,401.7399999999999,move,improve
11469,6,404.72000000000014,6,401.7399999999999,move,improve
11470,6,404.72000000000014,6,401.7399999999999,2opt,improve
11471,6,404.72000000000014,6,401.7399999999999,2opt,notBad
11472,6,404.72000000000014,6,401.7399999999999,2opt,notBad
11473,6,404.72000000000014,6,401.7399999999999,move,improve
11474,6,404.72000000000014,6,401.7399999999999,swap,notBad
11475,6,404.72000000000014,6,401.7399999999999,swap,notBad
11476,6,404.72000000000014,6,401.7399999999999,swap,notBad
11477,6,404.72000000000014,6,401.7399999999999,move,improve
11478,6,404.72000000000014,6,401.7399999999999,move,improve
11479,6,404.72000000000014,6,401.7399999999999,swap,notBad
11480,6,404.72000000000014,6,401.7399999999999,move,improve
11481,6,404.72000000000014,6,401.7399999999999,swap,notBad
11482,6,404.72000000000014,6,401.7399999999999,2opt,notBad
11483,6,404.72000000000014,6,401.7399999999999,move,improve
11484,6,404.72000000000014,6,401.7399999999999,swap,notBad
11485,6,404.72000000000014,6,401.7399999999999,swap,notBad
11486,6,404.72000000000014,6,401.7399999999999,swap,notBad
11487,6,404.72000000000014,6,401.7399999999999,2opt,notBad
11488,6,404.72000000000014,6,401.7399999999999,swap,notBad
11489,6,404.72000000000014,6,401.7399999999999,swap,notBad
11490,6,404.72000000000014,6,401.7399999999999,swap,notBad
11491,6,404.72000000000014,6,401.7399999999999,swap,notBad
11492,6,404.72000000000014,6,401.7399999999999,move,improve
11493,6,404.72000000000014,6,401.7399999999999,2opt,improve
11494,6,404.72000000000014,6,401.7399999999999,swap,notBad
11495,6,404.72000000000014,6,401.7399999999999,move,improve
11496,6,404.72000000000014,6,401.7399999999999,move,improve
11497,6,404.72000000000014,6,401.7399999999999,move,improve
11498,6,404.72000000000014,6,401.7399999999999,swap,notBad
11499,6,404.72000000000014,6,401.7399999999999,2opt,notBad
11500,6,404.72000000000014,6,401.7399999999999,swap,notBad
11501,6,404.72000000000014,6,401.7399999999999,swap,notBad
11502,6,404.72000000000014,6,401.7399999999999,2opt,notBad
11503,6,404.72000000000014,6,401.7399999999999,move,improve
11504,6,404.72000000000014,6,401.7399999999999,move,improve
11505,6,404.72000000000014,6,401.7399999999999,2opt,notBad
11506,6,404.72000000000014,6,401.7399999999999,2opt,notBad
11507,6,404.72000000000014,6,401.7399999999999,2opt,notBad
11508,6,404.72000000000014,6,401.7399999999999,swap,notBad
11509,6,404.72000000000014,6,401.7399999999999,2opt,notBad
11510,6,404.72000000000014,6,401.7399999999999,swap,notBad
11511,6,404.72000000000014,6,401.7399999999999,move,improve
11512,6,404.72000000000014,6,401.7399999999999,2opt,notBad
11513,6,404.72000000000014,6,401.7399999999999,2opt,notBad
11514,6,404.72000000000014,6,401.7399999999999,move,improve
11515,6,404.72000000000014,6,401.7399999999999,swap,notBad
11516,6,404.72000000000014,6,401.7399999999999,2opt,notBad
11517,6,404.72000000000014,6,401.7399999999999,move,improve
11518,6,404.72000000000014,6,401.7399999999999,swap,notBad
11519,6,404.72000000000014,6,401.7399999999999,swap,notBad
11520,6,404.72000000000014,6,401.7399999999999,swap,notBad
11521,6,404.72000000000014,6,401.7399999999999,move,improve
11522,6,404.72000000000014,6,401.7399999999999,2opt,notBad
11523,6,404.72000000000014,6,401.7399999999999,move,improve
11524,6,404.72000000000014,6,401.7399999999999,2opt,notBad
11525,6,404.72000000000014,6,401.7399999999999,2opt,notBad
11526,6,404.72000000000014,6,401.7399999999999,2opt,notBad
11527,6,404.72000000000014,6,401.7399999999999,move,improve
11528,6,404.72000000000014,6,401.7399999999999,move,improve
11529,6,404.72000000000014,6,401.7399999999999,move,improve
11530,6,404.72000000000014,6,401.7399999999999,swap,notBad
11531,6,404.72000000000014,6,401.7399999999999,swap,notBad
11532,6,404.72000000000014,6,401.7399999999999,move,improve
11533,6,404.72000000000014,6,401.7399999999999,move,improve
11534,6,404.72000000000014,6,401.7399999999999,swap,notBad
11535,6,404.72000000000014,6,401.7399999999999,move,improve
11536,6,404.72000000000014,6,401.7399999999999,2opt,notBad
11537,6,404.72000000000014,6,401.7399999999999,move,improve
11538,6,404.72000000000014,6,401.7399999999999,move,improve
11539,6,404.72000000000014,6,401.7399999999999,move,improve
11540,6,404.72000000000014,6,401.7399999999999,move,improve
11541,6,404.72000000000014,6,401.7399999999999,swap,notBad
11542,6,404.72000000000014,6,401.7399999999999,move,improve
11543,6,404.72000000000014,6,401.7399999999999,swap,notBad
11544,6,404.72000000000014,6,401.7399999999999,move,improve
11545,6,404.72000000000014,6,401.7399999999999,swap,notBad
11546,6,404.72000000000014,6,401.7399999999999,2opt,notBad
11547,6,404.72000000000014,6,401.7399999999999,swap,notBad
11548,6,404.72000000000014,6,401.7399999999999,move,improve
11549,6,404.72000000000014,6,401.7399999999999,move,improve
11550,6,404.72000000000014,6,401.7399999999999,swap,notBad
11551,6,404.72000000000014,6,401.7399999999999,move,improve
11552,6,404.72000000000014,6,401.7399999999999,move,improve
11553,6,404.72000000000014,6,401.7399999999999,2opt,notBad
11554,6,404.72000000000014,6,401.7399999999999,move,improve
11555,6,404.72000000000014,6,401.7399999999999,move,improve
11556,6,404.72000000000014,6,401.7399999999999,swap,notBad
11557,6,404.72000000000014,6,401.7399999999999,move,improve
11558,6,404.72000000000014,6,401.7399999999999,move,improve
11559,6,404.72000000000014,6,401.7399999999999,swap,notBad
11560,6,404.72000000000014,6,401.7399999999999,move,improve
11561,6,404.72000000000014,6,401.7399999999999,move,improve
11562,6,404.72000000000014,6,401.7399999999999,2opt,notBad
11563,6,404.72000000000014,6,401.7399999999999,move,improve
11564,6,404.72000000000014,6,401.7399999999999,2opt,notBad
11565,6,404.72000000000014,6,401.7399999999999,move,improve
11566,6,404.72000000000014,6,401.7399999999999,move,improve
11567,6,404.72000000000014,6,401.7399999999999,2opt,notBad
11568,6,404.72000000000014,6,401.7399999999999,swap,notBad
11569,6,404.72000000000014,6,401.7399999999999,2opt,notBad
11570,6,404.72000000000014,6,401.7399999999999,move,improve
11571,6,404.72000000000014,6,401.7399999999999,move,improve
11572,6,404.72000000000014,6,401.7399999999999,swap,notBad
11573,6,404.72000000000014,6,401.7399999999999,swap,notBad
11574,6,404.72000000000014,6,401.7399999999999,swap,notBad
11575,6,404.72000000000014,6,401.7399999999999,2opt,notBad
11576,6,404.72000000000014,6,401.7399999999999,move,improve
11577,6,404.72000000000014,6,401.7399999999999,2opt,notBad
11578,6,404.72000000000014,6,401.7399999999999,swap,notBad
11579,6,404.72000000000014,6,401.7399999999999,move,improve
11580,6,404.72000000000014,6,401.7399999999999,2opt,improve
11581,6,404.72000000000014,6,401.7399999999999,swap,notBad
11582,6,404.72000000000014,6,401.7399999999999,swap,notBad
11583,6,404.72000000000014,6,401.7399999999999,swap,notBad
11584,6,404.72000000000014,6,401.7399999999999,move,improve
11585,6,404.72000000000014,6,401.7399999999999,2opt,notBad
11586,6,404.72000000000014,6,401.7399999999999,swap,notBad
11587,6,404.72000000000014,6,401.7399999999999,move,improve
11588,6,404.72000000000014,6,401.7399999999999,swap,notBad
11589,6,404.72000000000014,6,401.7399999999999,2opt,notBad
11590,6,404.72000000000014,6,401.7399999999999,swap,notBad
11591,6,404.72000000000014,6,401.7399999999999,move,improve
11592,6,404.72000000000014,6,401.7399999999999,move,improve
11593,6,404.72000000000014,6,401.7399999999999,2opt,notBad
11594,6,404.72000000000014,6,401.7399999999999,move,improve
11595,6,404.72000000000014,6,401.7399999999999,swap,notBad
11596,6,404.72000000000014,6,401.7399999999999,swap,notBad
11597,6,404.72000000000014,6,401.7399999999999,move,improve
11598,6,404.72000000000014,6,401.7399999999999,move,improve
11599,6,404.72000000000014,6,401.7399999999999,swap,notBad
11600,6,404.72000000000014,6,401.7399999999999,move,improve
11601,6,404.72000000000014,6,401.7399999999999,2opt,notBad
11602,6,404.72000000000014,6,401.7399999999999,swap,notBad
11603,6,404.72000000000014,6,401.7399999999999,2opt,notBad
11604,6,404.72000000000014,6,401.7399999999999,move,improve
11605,6,404.72000000000014,6,401.7399999999999,2opt,notBad
11606,6,404.72000000000014,6,401.7399999999999,2opt,notBad
11607,6,404.72000000000014,6,401.7399999999999,move,improve
11608,6,404.72000000000014,6,401.7399999999999,2opt,notBad
11609,6,404.72000000000014,6,401.7399999999999,swap,notBad
11610,6,404.72000000000014,6,401.7399999999999,move,improve
11611,6,404.72000000000014,6,401.7399999999999,move,improve
11612,6,404.72000000000014,6,401.7399999999999,2opt,notBad
11613,6,404.72000000000014,6,401.7399999999999,swap,notBad
11614,6,404.72000000000014,6,401.7399999999999,2opt,notBad
11615,6,404.72000000000014,6,401.7399999999999,2opt,notBad
11616,6,404.72000000000014,6,401.7399999999999,swap,notBad
11617,6,404.72000000000014,6,401.7399999999999,2opt,notBad
11618,6,404.72000000000014,6,401.7399999999999,move,improve
11619,6,404.72000000000014,6,401.7399999999999,2opt,notBad
11620,6,404.72000000000014,6,401.7399999999999,swap,notBad
11621,6,404.72000000000014,6,401.7399999999999,2opt,notBad
11622,6,404.72000000000014,6,401.7399999999999,swap,notBad
11623,6,404.72000000000014,6,401.7399999999999,swap,notBad
11624,6,404.72000000000014,6,401.7399999999999,swap,notBad
11625,6,404.72000000000014,6,401.7399999999999,2opt,notBad
11626,6,404.72000000000014,6,401.7399999999999,move,improve
11627,6,404.72000000000014,6,401.7399999999999,swap,notBad
11628,6,404.72000000000014,6,401.7399999999999,2opt,improve
11629,6,404.72000000000014,6,401.7399999999999,swap,notBad
11630,6,404.72000000000014,6,401.7399999999999,move,improve
11631,6,404.72000000000014,6,401.7399999999999,2opt,notBad
11632,6,404.72000000000014,6,401.7399999999999,swap,notBad
11633,6,404.72000000000014,6,401.7399999999999,swap,notBad
11634,6,404.72000000000014,6,401.7399999999999,swap,notBad
11635,6,404.72000000000014,6,401.7399999999999,swap,notBad
11636,6,404.72000000000014,6,401.7399999999999,2opt,notBad
11637,6,404.72000000000014,6,401.7399999999999,2opt,notBad
11638,6,404.72000000000014,6,401.7399999999999,swap,notBad
11639,6,404.72000000000014,6,401.7399999999999,move,improve
11640,6,404.72000000000014,6,401.7399999999999,2opt,notBad
11641,6,404.72000000000014,6,401.7399999999999,2opt,notBad
11642,6,404.72000000000014,6,401.7399999999999,2opt,notBad
11643,6,404.72000000000014,6,401.7399999999999,2opt,notBad
11644,6,404.72000000000014,6,401.7399999999999,move,improve
11645,6,404.72000000000014,6,401.7399999999999,swap,notBad
11646,6,404.72000000000014,6,401.7399999999999,2opt,notBad
11647,6,404.72000000000014,6,401.7399999999999,swap,notBad
11648,6,404.72000000000014,6,401.7399999999999,move,improve
11649,6,404.72000000000014,6,401.7399999999999,swap,notBad
11650,6,404.72000000000014,6,401.7399999999999,swap,notBad
11651,6,404.72000000000014,6,401.7399999999999,swap,notBad
11652,6,404.72000000000014,6,401.7399999999999,2opt,notBad
11653,6,404.72000000000014,6,401.7399999999999,swap,notBad
11654,6,404.72000000000014,6,401.7399999999999,2opt,notBad
11655,6,404.72000000000014,6,401.7399999999999,move,improve
11656,6,404.72000000000014,6,401.7399999999999,2opt,notBad
11657,6,404.72000000000014,6,401.7399999999999,swap,notBad
11658,6,404.72000000000014,6,401.7399999999999,move,improve
11659,6,404.72000000000014,6,401.7399999999999,swap,notBad
11660,6,404.72000000000014,6,401.7399999999999,swap,notBad
11661,6,404.72000000000014,6,401.7399999999999,move,improve
11662,6,404.72000000000014,6,401.7399999999999,swap,notBad
11663,6,404.72000000000014,6,401.7399999999999,move,improve
11664,6,404.72000000000014,6,401.7399999999999,move,improve
11665,6,404.72000000000014,6,401.7399999999999,move,improve
11666,6,404.72000000000014,6,401.7399999999999,2opt,notBad
11667,6,404.72000000000014,6,401.7399999999999,move,improve
11668,6,404.72000000000014,6,401.7399999999999,swap,notBad
11669,6,404.72000000000014,6,401.7399999999999,swap,notBad
11670,6,404.72000000000014,6,401.7399999999999,2opt,notBad
11671,6,404.72000000000014,6,401.7399999999999,swap,notBad
11672,6,404.72000000000014,6,401.7399999999999,2opt,notBad
11673,6,404.72000000000014,6,401.7399999999999,2opt,improve
11674,6,404.72000000000014,6,401.7399999999999,2opt,improve
11675,6,404.72000000000014,6,401.7399999999999,2opt,notBad
11676,6,404.0199999999997,6,401.7399999999999,move,improve
11677,6,404.0199999999997,6,401.7399999999999,swap,notBad
11678,6,404.0199999999997,6,401.7399999999999,move,improve
11679,6,404.0199999999997,6,401.7399999999999,2opt,notBad
11680,6,404.0199999999997,6,401.7399999999999,2opt,notBad
11681,6,404.0199999999997,6,401.7399999999999,swap,notBad
11682,6,404.0199999999997,6,401.7399999999999,move,improve
11683,6,404.0199999999997,6,401.7399999999999,2opt,notBad
11684,6,404.0199999999997,6,401.7399999999999,2opt,notBad
11685,6,404.0199999999997,6,401.7399999999999,2opt,notBad
11686,6,404.0199999999997,6,401.7399999999999,move,improve
11687,6,404.0199999999997,6,401.7399999999999,move,improve
11688,6,404.0199999999997,6,401.7399999999999,swap,notBad
11689,6,404.0199999999997,6,401.7399999999999,swap,notBad
11690,6,404.0199999999997,6,401.7399999999999,swap,notBad
11691,6,404.0199999999997,6,401.7399999999999,swap,notBad
11692,6,404.0199999999997,6,401.7399999999999,2opt,notBad
11693,6,404.0199999999997,6,401.7399999999999,swap,notBad
11694,6,404.0199999999997,6,401.7399999999999,2opt,notBad
11695,6,404.0199999999997,6,401.7399999999999,2opt,improve
11696,6,404.0199999999997,6,401.7399999999999,swap,notBad
11697,6,404.0199999999997,6,401.7399999999999,swap,notBad
11698,6,404.0199999999997,6,401.7399999999999,move,improve
11699,6,404.0199999999997,6,401.7399999999999,move,improve
11700,6,404.0199999999997,6,401.7399999999999,move,improve
11701,6,404.0199999999997,6,401.7399999999999,move,improve
11702,6,404.0199999999997,6,401.7399999999999,2opt,notBad
11703,6,404.0199999999997,6,401.7399999999999,swap,notBad
11704,6,404.0199999999997,6,401.7399999999999,swap,notBad
11705,6,404.0199999999997,6,401.7399999999999,2opt,notBad
11706,6,404.0199999999997,6,401.7399999999999,move,improve
11707,6,404.0199999999997,6,401.7399999999999,swap,notBad
11708,6,404.0199999999997,6,401.7399999999999,swap,notBad
11709,6,404.0199999999997,6,401.7399999999999,move,improve
11710,6,404.0199999999997,6,401.7399999999999,move,improve
11711,6,404.0199999999997,6,401.7399999999999,2opt,notBad
11712,6,404.0199999999997,6,401.7399999999999,swap,notBad
11713,6,404.0199999999997,6,401.7399999999999,swap,notBad
11714,6,404.0199999999997,6,401.7399999999999,2opt,notBad
11715,6,404.0199999999997,6,401.7399999999999,swap,notBad
11716,6,404.0199999999997,6,401.7399999999999,swap,notBad
11717,6,404.0199999999997,6,401.7399999999999,swap,notBad
11718,6,404.0199999999997,6,401.7399999999999,swap,notBad
11719,6,404.0199999999997,6,401.7399999999999,move,improve
11720,6,404.0199999999997,6,401.7399999999999,2opt,notBad
11721,6,404.0199999999997,6,401.7399999999999,move,improve
11722,6,404.0199999999997,6,401.7399999999999,2opt,notBad
11723,6,404.0199999999997,6,401.7399999999999,2opt,notBad
11724,6,404.0199999999997,6,401.7399999999999,2opt,notBad
11725,6,404.0199999999997,6,401.7399999999999,swap,notBad
11726,6,404.0199999999997,6,401.7399999999999,swap,notBad
11727,6,404.0199999999997,6,401.7399999999999,2opt,notBad
11728,6,404.0199999999997,6,401.7399999999999,2opt,notBad
11729,6,404.0199999999997,6,401.7399999999999,2opt,notBad
11730,6,404.0199999999997,6,401.7399999999999,swap,notBad
11731,6,404.0199999999997,6,401.7399999999999,move,improve
11732,6,404.0199999999997,6,401.7399999999999,swap,notBad
11733,6,404.0199999999997,6,401.7399999999999,move,improve
11734,6,404.0199999999997,6,401.7399999999999,swap,notBad
11735,6,404.0199999999997,6,401.7399999999999,2opt,notBad
11736,6,404.0199999999997,6,401.7399999999999,swap,notBad
11737,6,404.3999999999997,6,401.7399999999999,swap,acceptBad
11738,6,404.3999999999997,6,401.7399999999999,swap,notBad
11739,6,404.3999999999997,6,401.7399999999999,2opt,notBad
11740,6,404.3999999999997,6,401.7399999999999,2opt,notBad
11741,6,404.3999999999997,6,401.7399999999999,swap,notBad
11742,6,404.3999999999997,6,401.7399999999999,2opt,notBad
11743,6,404.3999999999997,6,401.7399999999999,2opt,notBad
11744,6,404.3999999999997,6,401.7399999999999,2opt,notBad
11745,6,404.3999999999997,6,401.7399999999999,swap,notBad
11746,6,404.3999999999997,6,401.7399999999999,swap,notBad
11747,6,404.3999999999997,6,401.7399999999999,swap,notBad
11748,6,404.0199999999997,6,401.7399999999999,move,improve
11749,6,404.0199999999997,6,401.7399999999999,2opt,notBad
11750,6,404.0199999999997,6,401.7399999999999,2opt,notBad
11751,6,404.0199999999997,6,401.7399999999999,swap,notBad
11752,6,404.0199999999997,6,401.7399999999999,2opt,notBad
11753,6,404.0199999999997,6,401.7399999999999,move,improve
11754,6,404.0199999999997,6,401.7399999999999,2opt,notBad
11755,6,404.0199999999997,6,401.7399999999999,move,improve
11756,6,404.0199999999997,6,401.7399999999999,2opt,notBad
11757,6,404.0199999999997,6,401.7399999999999,2opt,notBad
11758,6,404.0199999999997,6,401.7399999999999,move,improve
11759,6,404.0199999999997,6,401.7399999999999,2opt,notBad
11760,6,404.0199999999997,6,401.7399999999999,swap,notBad
11761,6,404.0199999999997,6,401.7399999999999,2opt,notBad
11762,6,404.0199999999997,6,401.7399999999999,move,improve
11763,6,404.0199999999997,6,401.7399999999999,swap,notBad
11764,6,404.0199999999997,6,401.7399999999999,swap,notBad
11765,6,404.0199999999997,6,401.7399999999999,move,improve
11766,6,404.0199999999997,6,401.7399999999999,swap,notBad
11767,6,404.0199999999997,6,401.7399999999999,2opt,notBad
11768,6,404.0199999999997,6,401.7399999999999,swap,notBad
11769,6,404.0199999999997,6,401.7399999999999,2opt,notBad
11770,6,404.0199999999997,6,401.7399999999999,swap,notBad
11771,6,404.0199999999997,6,401.7399999999999,swap,notBad
11772,6,404.0199999999997,6,401.7399999999999,2opt,notBad
11773,6,404.0199999999997,6,401.7399999999999,move,improve
11774,6,404.0199999999997,6,401.7399999999999,swap,notBad
11775,6,404.3399999999997,6,401.7399999999999,swap,acceptBad
11776,6,404.3399999999997,6,401.7399999999999,swap,notBad
11777,6,404.3399999999997,6,401.7399999999999,swap,notBad
11778,6,404.3399999999997,6,401.7399999999999,2opt,notBad
11779,6,404.3399999999997,6,401.7399999999999,2opt,improve
11780,6,404.3399999999997,6,401.7399999999999,swap,notBad
11781,6,404.3399999999997,6,401.7399999999999,2opt,notBad
11782,6,404.3399999999997,6,401.7399999999999,2opt,notBad
11783,6,404.3399999999997,6,401.7399999999999,move,improve
11784,6,404.3399999999997,6,401.7399999999999,2opt,notBad
11785,6,404.3399999999997,6,401.7399999999999,swap,notBad
11786,6,404.3399999999997,6,401.7399999999999,swap,notBad
11787,6,404.3399999999997,6,401.7399999999999,swap,notBad
11788,6,404.3399999999997,6,401.7399999999999,move,improve
11789,6,404.3399999999997,6,401.7399999999999,2opt,notBad
11790,6,404.3399999999997,6,401.7399999999999,swap,notBad
11791,6,404.3399999999997,6,401.7399999999999,move,improve
11792,6,404.3399999999997,6,401.7399999999999,swap,notBad
11793,6,404.3399999999997,6,401.7399999999999,swap,notBad
11794,6,404.3399999999997,6,401.7399999999999,move,improve
11795,6,404.3399999999997,6,401.7399999999999,move,improve
11796,6,404.3399999999997,6,401.7399999999999,swap,notBad
11797,6,404.3399999999997,6,401.7399999999999,2opt,improve
11798,6,404.3399999999997,6,401.7399999999999,swap,notBad
11799,6,404.3399999999997,6,401.7399999999999,2opt,notBad
11800,6,404.3399999999997,6,401.7399999999999,swap,notBad
11801,6,404.3399999999997,6,401.7399999999999,swap,notBad
11802,6,404.3399999999997,6,401.7399999999999,move,improve
11803,6,404.3399999999997,6,401.7399999999999,2opt,notBad
11804,6,404.3399999999997,6,401.7399999999999,swap,notBad
11805,6,404.3399999999997,6,401.7399999999999,swap,notBad
11806,6,404.3399999999997,6,401.7399999999999,2opt,notBad
11807,6,404.3399999999997,6,401.7399999999999,swap,notBad
11808,6,404.3399999999997,6,401.7399999999999,swap,notBad
11809,6,404.3399999999997,6,401.7399999999999,swap,notBad
11810,6,404.3399999999997,6,401.7399999999999,move,improve
11811,6,404.3399999999997,6,401.7399999999999,move,improve
11812,6,404.3399999999997,6,401.7399999999999,2opt,notBad
11813,6,404.3399999999997,6,401.7399999999999,2opt,notBad
11814,6,404.3399999999997,6,401.7399999999999,2opt,notBad
11815,6,404.3399999999997,6,401.7399999999999,2opt,notBad
11816,6,404.3399999999997,6,401.7399999999999,move,improve
11817,6,404.3399999999997,6,401.7399999999999,swap,notBad
11818,6,404.3399999999997,6,401.7399999999999,2opt,notBad
11819,6,404.3399999999997,6,401.7399999999999,2opt,notBad
11820,6,404.0199999999997,6,401.7399999999999,move,improve
11821,6,404.0199999999997,6,401.7399999999999,swap,notBad
11822,6,404.0199999999997,6,401.7399999999999,2opt,notBad
11823,6,404.0199999999997,6,401.7399999999999,2opt,notBad
11824,6,404.0199999999997,6,401.7399999999999,2opt,notBad
11825,6,404.0199999999997,6,401.7399999999999,move,improve
11826,6,404.0199999999997,6,401.7399999999999,swap,notBad
11827,6,404.0199999999997,6,401.7399999999999,2opt,notBad
11828,6,404.0199999999997,6,401.7399999999999,move,improve
11829,6,404.0199999999997,6,401.7399999999999,swap,notBad
11830,6,404.0199999999997,6,401.7399999999999,swap,notBad
11831,6,404.0199999999997,6,401.7399999999999,2opt,notBad
11832,6,404.0199999999997,6,401.7399999999999,swap,notBad
11833,6,404.0199999999997,6,401.7399999999999,swap,notBad
11834,6,404.0199999999997,6,401.7399999999999,swap,notBad
11835,6,404.0199999999997,6,401.7399999999999,move,improve
11836,6,404.0199999999997,6,401.7399999999999,2opt,notBad
11837,6,404.0199999999997,6,401.7399999999999,move,improve
11838,6,404.0199999999997,6,401.7399999999999,swap,notBad
11839,6,404.0199999999997,6,401.7399999999999,swap,notBad
11840,6,404.0199999999997,6,401.7399999999999,swap,notBad
11841,6,404.0199999999997,6,401.7399999999999,move,improve
11842,6,404.0199999999997,6,401.7399999999999,swap,notBad
11843,6,404.0199999999997,6,401.7399999999999,swap,notBad
11844,6,404.0199999999997,6,401.7399999999999,2opt,notBad
11845,6,404.72000000000014,6,401.7399999999999,move,acceptBad
11846,6,404.72000000000014,6,401.7399999999999,move,improve
11847,6,404.72000000000014,6,401.7399999999999,move,improve
11848,6,404.72000000000014,6,401.7399999999999,move,improve
11849,6,404.72000000000014,6,401.7399999999999,move,improve
11850,6,404.72000000000014,6,401.7399999999999,swap,notBad
11851,6,404.72000000000014,6,401.7399999999999,swap,notBad
11852,6,404.72000000000014,6,401.7399999999999,move,improve
11853,6,404.72000000000014,6,401.7399999999999,2opt,notBad
11854,6,404.72000000000014,6,401.7399999999999,2opt,notBad
11855,6,404.72000000000014,6,401.7399999999999,2opt,notBad
11856,6,404.72000000000014,6,401.7399999999999,2opt,notBad
11857,6,404.72000000000014,6,401.7399999999999,move,improve
11858,6,404.72000000000014,6,401.7399999999999,move,improve
11859,6,404.72000000000014,6,401.7399999999999,2opt,notBad
11860,6,404.72000000000014,6,401.7399999999999,swap,notBad
11861,6,404.72000000000014,6,401.7399999999999,2opt,notBad
11862,6,404.72000000000014,6,401.7399999999999,swap,notBad
11863,6,404.72000000000014,6,401.7399999999999,swap,notBad
11864,6,404.72000000000014,6,401.7399999999999,2opt,notBad
11865,6,404.72000000000014,6,401.7399999999999,swap,notBad
11866,6,404.72000000000014,6,401.7399999999999,swap,notBad
11867,6,404.72000000000014,6,401.7399999999999,2opt,notBad
11868,6,404.72000000000014,6,401.7399999999999,swap,notBad
11869,6,404.72000000000014,6,401.7399999999999,move,improve
11870,6,404.72000000000014,6,401.7399999999999,move,improve
11871,6,404.72000000000014,6,401.7399999999999,swap,notBad
11872,6,404.72000000000014,6,401.7399999999999,swap,notBad
11873,6,404.72000000000014,6,401.7399999999999,2opt,notBad
11874,6,404.72000000000014,6,401.7399999999999,swap,notBad
11875,6,404.72000000000014,6,401.7399999999999,move,improve
11876,6,404.72000000000014,6,401.7399999999999,2opt,notBad
11877,6,404.72000000000014,6,401.7399999999999,2opt,notBad
11878,6,404.72000000000014,6,401.7399999999999,move,improve
11879,6,404.72000000000014,6,401.7399999999999,move,improve
11880,6,404.72000000000014,6,401.7399999999999,2opt,notBad
11881,6,404.72000000000014,6,401.7399999999999,move,improve
11882,6,404.72000000000014,6,401.7399999999999,swap,notBad
11883,6,404.72000000000014,6,401.7399999999999,2opt,notBad
11884,6,404.72000000000014,6,401.7399999999999,swap,notBad
11885,6,404.72000000000014,6,401.7399999999999,swap,notBad
11886,6,404.72000000000014,6,401.7399999999999,2opt,notBad
11887,6,404.72000000000014,6,401.7399999999999,move,improve
11888,6,404.72000000000014,6,401.7399999999999,2opt,notBad
11889,6,404.72000000000014,6,401.7399999999999,swap,notBad
11890,6,404.72000000000014,6,401.7399999999999,2opt,notBad
11891,6,404.72000000000014,6,401.7399999999999,2opt,improve
11892,6,404.72000000000014,6,401.7399999999999,move,improve
11893,6,404.72000000000014,6,401.7399999999999,swap,notBad
11894,6,404.72000000000014,6,401.7399999999999,move,improve
11895,6,404.72000000000014,6,401.7399999999999,move,improve
11896,6,404.72000000000014,6,401.7399999999999,2opt,notBad
11897,6,404.72000000000014,6,401.7399999999999,move,improve
11898,6,404.72000000000014,6,401.7399999999999,move,improve
11899,6,404.72000000000014,6,401.7399999999999,2opt,notBad
11900,6,404.72000000000014,6,401.7399999999999,move,improve
11901,6,404.72000000000014,6,401.7399999999999,2opt,notBad
11902,6,404.72000000000014,6,401.7399999999999,swap,notBad
11903,6,404.72000000000014,6,401.7399999999999,2opt,notBad
11904,6,404.72000000000014,6,401.7399999999999,move,improve
11905,6,404.72000000000014,6,401.7399999999999,move,improve
11906,6,404.72000000000014,6,401.7399999999999,swap,notBad
11907,6,404.72000000000014,6,401.7399999999999,move,improve
11908,6,404.72000000000014,6,401.7399999999999,2opt,notBad
11909,6,404.72000000000014,6,401.7399999999999,swap,notBad
11910,6,404.72000000000014,6,401.7399999999999,swap,notBad
11911,6,404.72000000000014,6,401.7399999999999,swap,notBad
11912,6,404.72000000000014,6,401.7399999999999,move,improve
11913,6,404.72000000000014,6,401.7399999999999,move,improve
11914,6,404.72000000000014,6,401.7399999999999,move,improve
11915,6,404.72000000000014,6,401.7399999999999,move,improve
11916,6,404.72000000000014,6,401.7399999999999,2opt,notBad
11917,6,404.72000000000014,6,401.7399999999999,2opt,improve
11918,6,404.72000000000014,6,401.7399999999999,swap,notBad
11919,6,404.72000000000014,6,401.7399999999999,move,improve
11920,6,404.72000000000014,6,401.7399999999999,move,improve
11921,6,404.72000000000014,6,401.7399999999999,move,improve
11922,6,404.72000000000014,6,401.7399999999999,move,improve
11923,6,404.72000000000014,6,401.7399999999999,2opt,notBad
11924,6,404.72000000000014,6,401.7399999999999,2opt,notBad
11925,6,404.72000000000014,6,401.7399999999999,2opt,notBad
11926,6,404.72000000000014,6,401.7399999999999,2opt,notBad
11927,6,404.72000000000014,6,401.7399999999999,2opt,notBad
11928,6,404.72000000000014,6,401.7399999999999,swap,notBad
11929,6,404.72000000000014,6,401.7399999999999,move,improve
11930,6,404.72000000000014,6,401.7399999999999,swap,notBad
11931,6,404.72000000000014,6,401.7399999999999,move,improve
11932,6,404.72000000000014,6,401.7399999999999,move,improve
11933,6,404.72000000000014,6,401.7399999999999,2opt,notBad
11934,6,404.72000000000014,6,401.7399999999999,2opt,notBad
11935,6,404.72000000000014,6,401.7399999999999,2opt,notBad
11936,6,404.72000000000014,6,401.7399999999999,swap,notBad
11937,6,404.72000000000014,6,401.7399999999999,2opt,notBad
11938,6,404.72000000000014,6,401.7399999999999,swap,notBad
11939,6,404.72000000000014,6,401.7399999999999,move,improve
11940,6,404.72000000000014,6,401.7399999999999,move,improve
11941,6,404.72000000000014,6,401.7399999999999,move,improve
11942,6,404.72000000000014,6,401.7399999999999,swap,notBad
11943,6,404.72000000000014,6,401.7399999999999,move,improve
11944,6,404.72000000000014,6,401.7399999999999,swap,notBad
11945,6,404.72000000000014,6,401.7399999999999,2opt,notBad
11946,6,404.72000000000014,6,401.7399999999999,swap,notBad
11947,6,404.72000000000014,6,401.7399999999999,move,improve
11948,6,404.72000000000014,6,401.7399999999999,swap,notBad
11949,6,404.72000000000014,6,401.7399999999999,swap,notBad
11950,6,404.72000000000014,6,401.7399999999999,swap,notBad
11951,6,404.72000000000014,6,401.7399999999999,2opt,notBad
11952,6,404.72000000000014,6,401.7399999999999,swap,notBad
11953,6,404.72000000000014,6,401.7399999999999,2opt,notBad
11954,6,404.72000000000014,6,401.7399999999999,move,improve
11955,6,404.72000000000014,6,401.7399999999999,swap,notBad
11956,6,404.72000000000014,6,401.7399999999999,2opt,notBad
11957,6,404.72000000000014,6,401.7399999999999,2opt,notBad
11958,6,404.72000000000014,6,401.7399999999999,2opt,notBad
11959,6,404.72000000000014,6,401.7399999999999,swap,notBad
11960,6,404.72000000000014,6,401.7399999999999,2opt,notBad
11961,6,404.72000000000014,6,401.7399999999999,swap,notBad
11962,6,404.72000000000014,6,401.7399999999999,swap,notBad
11963,6,404.72000000000014,6,401.7399999999999,move,improve
11964,6,404.72000000000014,6,401.7399999999999,move,improve
11965,6,404.72000000000014,6,401.7399999999999,move,improve
11966,6,404.72000000000014,6,401.7399999999999,2opt,notBad
11967,6,404.72000000000014,6,401.7399999999999,move,improve
11968,6,404.72000000000014,6,401.7399999999999,swap,notBad
11969,6,404.72000000000014,6,401.7399999999999,swap,notBad
11970,6,404.72000000000014,6,401.7399999999999,move,improve
11971,6,404.72000000000014,6,401.7399999999999,2opt,notBad
11972,6,404.72000000000014,6,401.7399999999999,move,improve
11973,6,404.72000000000014,6,401.7399999999999,swap,notBad
11974,6,404.72000000000014,6,401.7399999999999,swap,notBad
11975,6,404.72000000000014,6,401.7399999999999,swap,notBad
11976,6,404.72000000000014,6,401.7399999999999,2opt,notBad
11977,6,404.72000000000014,6,401.7399999999999,swap,notBad
11978,6,404.72000000000014,6,401.7399999999999,2opt,notBad
11979,6,404.72000000000014,6,401.7399999999999,move,improve
11980,6,404.72000000000014,6,401.7399999999999,swap,notBad
11981,6,404.72000000000014,6,401.7399999999999,swap,notBad
11982,6,404.72000000000014,6,401.7399999999999,move,improve
11983,6,404.72000000000014,6,401.7399999999999,move,improve
11984,6,404.72000000000014,6,401.7399999999999,2opt,notBad
11985,6,404.72000000000014,6,401.7399999999999,move,improve
11986,6,404.72000000000014,6,401.7399999999999,2opt,notBad
11987,6,404.72000000000014,6,401.7399999999999,swap,notBad
11988,6,404.72000000000014,6,401.7399999999999,2opt,notBad
11989,6,404.72000000000014,6,401.7399999999999,move,improve
11990,6,404.72000000000014,6,401.7399999999999,swap,notBad
11991,6,404.72000000000014,6,401.7399999999999,swap,notBad
11992,6,404.72000000000014,6,401.7399999999999,swap,notBad
11993,6,404.72000000000014,6,401.7399999999999,swap,notBad
11994,6,404.72000000000014,6,401.7399999999999,move,improve
11995,6,404.72000000000014,6,401.7399999999999,move,improve
11996,6,404.72000000000014,6,401.7399999999999,swap,notBad
11997,6,404.72000000000014,6,401.7399999999999,swap,notBad
11998,6,404.72000000000014,6,401.7399999999999,swap,notBad
11999,6,404.72000000000014,6,401.7399999999999,swap,notBad
12000,6,404.72000000000014,6,401.7399999999999,2opt,notBad
12001,6,404.72000000000014,6,401.7399999999999,swap,notBad
12002,6,404.72000000000014,6,401.7399999999999,swap,notBad
12003,6,404.72000000000014,6,401.7399999999999,move,improve
12004,6,404.72000000000014,6,401.7399999999999,swap,notBad
12005,6,404.72000000000014,6,401.7399999999999,move,improve
12006,6,404.72000000000014,6,401.7399999999999,move,improve
12007,6,404.72000000000014,6,401.7399999999999,2opt,notBad
12008,6,404.72000000000014,6,401.7399999999999,move,improve
12009,6,404.72000000000014,6,401.7399999999999,move,improve
12010,6,404.72000000000014,6,401.7399999999999,swap,notBad
12011,6,404.72000000000014,6,401.7399999999999,swap,notBad
12012,6,404.72000000000014,6,401.7399999999999,move,improve
12013,6,404.72000000000014,6,401.7399999999999,2opt,notBad
12014,6,404.72000000000014,6,401.7399999999999,2opt,notBad
12015,6,404.72000000000014,6,401.7399999999999,move,improve
12016,6,404.72000000000014,6,401.7399999999999,2opt,notBad
12017,6,404.72000000000014,6,401.7399999999999,2opt,notBad
12018,6,404.72000000000014,6,401.7399999999999,move,improve
12019,6,404.72000000000014,6,401.7399999999999,swap,notBad
12020,6,404.72000000000014,6,401.7399999999999,move,improve
12021,6,404.72000000000014,6,401.7399999999999,swap,notBad
12022,6,404.72000000000014,6,401.7399999999999,swap,notBad
12023,6,404.72000000000014,6,401.7399999999999,2opt,improve
12024,6,404.72000000000014,6,401.7399999999999,2opt,notBad
12025,6,404.72000000000014,6,401.7399999999999,2opt,notBad
12026,6,404.72000000000014,6,401.7399999999999,swap,notBad
12027,6,404.72000000000014,6,401.7399999999999,move,improve
12028,6,404.72000000000014,6,401.7399999999999,2opt,notBad
12029,6,404.72000000000014,6,401.7399999999999,move,improve
12030,6,404.72000000000014,6,401.7399999999999,2opt,notBad
12031,6,404.72000000000014,6,401.7399999999999,2opt,notBad
12032,6,404.72000000000014,6,401.7399999999999,move,improve
12033,6,404.72000000000014,6,401.7399999999999,2opt,notBad
12034,6,404.72000000000014,6,401.7399999999999,2opt,notBad
12035,6,404.72000000000014,6,401.7399999999999,move,improve
12036,6,404.72000000000014,6,401.7399999999999,2opt,notBad
12037,6,404.72000000000014,6,401.7399999999999,move,improve
12038,6,404.72000000000014,6,401.7399999999999,swap,notBad
12039,6,404.72000000000014,6,401.7399999999999,move,improve
12040,6,404.72000000000014,6,401.7399999999999,swap,notBad
12041,6,404.72000000000014,6,401.7399999999999,2opt,notBad
12042,6,404.72000000000014,6,401.7399999999999,2opt,notBad
12043,6,404.72000000000014,6,401.7399999999999,swap,notBad
12044,6,404.72000000000014,6,401.7399999999999,move,improve
12045,6,404.72000000000014,6,401.7399999999999,move,improve
12046,6,404.0199999999997,6,401.7399999999999,move,improve
12047,6,404.0199999999997,6,401.7399999999999,swap,notBad
12048,6,404.0199999999997,6,401.7399999999999,swap,notBad
12049,6,404.0199999999997,6,401.7399999999999,swap,notBad
12050,6,404.0199999999997,6,401.7399999999999,swap,notBad
12051,6,404.0199999999997,6,401.7399999999999,swap,notBad
12052,6,404.0199999999997,6,401.7399999999999,2opt,notBad
12053,6,404.0199999999997,6,401.7399999999999,swap,notBad
12054,6,404.0199999999997,6,401.7399999999999,2opt,notBad
12055,6,404.0199999999997,6,401.7399999999999,swap,notBad
12056,6,404.0199999999997,6,401.7399999999999,move,improve
12057,6,404.0199999999997,6,401.7399999999999,move,improve
12058,6,404.0199999999997,6,401.7399999999999,2opt,notBad
12059,6,404.0199999999997,6,401.7399999999999,swap,notBad
12060,6,404.0199999999997,6,401.7399999999999,swap,notBad
12061,6,404.0199999999997,6,401.7399999999999,move,improve
12062,6,404.0199999999997,6,401.7399999999999,move,improve
12063,6,404.0199999999997,6,401.7399999999999,2opt,notBad
12064,6,404.0199999999997,6,401.7399999999999,move,improve
12065,6,404.0199999999997,6,401.7399999999999,2opt,notBad
12066,6,404.72000000000014,6,401.7399999999999,move,acceptBad
12067,6,404.72000000000014,6,401.7399999999999,move,improve
12068,6,404.72000000000014,6,401.7399999999999,swap,notBad
12069,6,404.72000000000014,6,401.7399999999999,move,improve
12070,6,404.72000000000014,6,401.7399999999999,2opt,notBad
12071,6,404.72000000000014,6,401.7399999999999,swap,notBad
12072,6,404.72000000000014,6,401.7399999999999,2opt,notBad
12073,6,404.72000000000014,6,401.7399999999999,swap,notBad
12074,6,404.72000000000014,6,401.7399999999999,2opt,notBad
12075,6,404.72000000000014,6,401.7399999999999,swap,notBad
12076,6,404.72000000000014,6,401.7399999999999,swap,notBad
12077,6,404.72000000000014,6,401.7399999999999,2opt,notBad
12078,6,404.72000000000014,6,401.7399999999999,swap,notBad
12079,6,404.72000000000014,6,401.7399999999999,move,improve
12080,6,404.72000000000014,6,401.7399999999999,swap,notBad
12081,6,404.72000000000014,6,401.7399999999999,move,improve
12082,6,404.72000000000014,6,401.7399999999999,swap,notBad
12083,6,404.72000000000014,6,401.7399999999999,swap,notBad
12084,6,404.72000000000014,6,401.7399999999999,move,improve
12085,6,404.72000000000014,6,401.7399999999999,swap,notBad
12086,6,404.72000000000014,6,401.7399999999999,move,improve
12087,6,404.72000000000014,6,401.7399999999999,swap,notBad
12088,6,404.72000000000014,6,401.7399999999999,2opt,improve
12089,6,404.72000000000014,6,401.7399999999999,2opt,notBad
12090,6,404.72000000000014,6,401.7399999999999,2opt,notBad
12091,6,404.72000000000014,6,401.7399999999999,swap,notBad
12092,6,404.72000000000014,6,401.7399999999999,2opt,notBad
12093,6,404.72000000000014,6,401.7399999999999,2opt,notBad
12094,6,404.72000000000014,6,401.7399999999999,2opt,notBad
12095,6,404.72000000000014,6,401.7399999999999,move,improve
12096,6,404.72000000000014,6,401.7399999999999,2opt,notBad
12097,6,404.72000000000014,6,401.7399999999999,2opt,notBad
12098,6,404.72000000000014,6,401.7399999999999,swap,notBad
12099,6,404.72000000000014,6,401.7399999999999,move,improve
12100,6,404.72000000000014,6,401.7399999999999,2opt,notBad
12101,6,404.72000000000014,6,401.7399999999999,2opt,notBad
12102,6,404.72000000000014,6,401.7399999999999,swap,notBad
12103,6,404.72000000000014,6,401.7399999999999,move,improve
12104,6,404.72000000000014,6,401.7399999999999,swap,notBad
12105,6,404.72000000000014,6,401.7399999999999,2opt,notBad
12106,6,404.72000000000014,6,401.7399999999999,2opt,notBad
12107,6,404.72000000000014,6,401.7399999999999,swap,notBad
12108,6,404.72000000000014,6,401.7399999999999,2opt,notBad
12109,6,404.72000000000014,6,401.7399999999999,move,improve
12110,6,404.72000000000014,6,401.7399999999999,swap,notBad
12111,6,404.72000000000014,6,401.7399999999999,2opt,notBad
12112,6,404.72000000000014,6,401.7399999999999,2opt,notBad
12113,6,404.72000000000014,6,401.7399999999999,move,improve
12114,6,404.72000000000014,6,401.7399999999999,move,improve
12115,6,404.72000000000014,6,401.7399999999999,2opt,notBad
12116,6,404.72000000000014,6,401.7399999999999,move,improve
12117,6,404.72000000000014,6,401.7399999999999,2opt,improve
12118,6,404.72000000000014,6,401.7399999999999,move,improve
12119,6,404.72000000000014,6,401.7399999999999,2opt,notBad
12120,6,404.72000000000014,6,401.7399999999999,move,improve
12121,6,404.72000000000014,6,401.7399999999999,move,improve
12122,6,404.72000000000014,6,401.7399999999999,move,improve
12123,6,404.72000000000014,6,401.7399999999999,swap,notBad
12124,6,404.72000000000014,6,401.7399999999999,move,improve
12125,6,404.72000000000014,6,401.7399999999999,move,improve
12126,6,404.72000000000014,6,401.7399999999999,2opt,notBad
12127,6,404.72000000000014,6,401.7399999999999,2opt,notBad
12128,6,404.72000000000014,6,401.7399999999999,2opt,notBad
12129,6,404.0199999999997,6,401.7399999999999,move,improve
12130,6,404.0199999999997,6,401.7399999999999,2opt,improve
12131,6,404.0199999999997,6,401.7399999999999,move,improve
12132,6,404.0199999999997,6,401.7399999999999,swap,notBad
12133,6,404.0199999999997,6,401.7399999999999,move,improve
12134,6,404.0199999999997,6,401.7399999999999,move,improve
12135,6,404.0199999999997,6,401.7399999999999,move,improve
12136,6,404.0199999999997,6,401.7399999999999,2opt,notBad
12137,6,404.0199999999997,6,401.7399999999999,2opt,notBad
12138,6,404.0199999999997,6,401.7399999999999,2opt,notBad
12139,6,404.0199999999997,6,401.7399999999999,move,improve
12140,6,404.0199999999997,6,401.7399999999999,swap,notBad
12141,6,404.0199999999997,6,401.7399999999999,swap,notBad
12142,6,404.0199999999997,6,401.7399999999999,move,improve
12143,6,404.0199999999997,6,401.7399999999999,swap,notBad
12144,6,404.0199999999997,6,401.7399999999999,2opt,notBad
12145,6,404.0199999999997,6,401.7399999999999,move,improve
12146,6,404.0199999999997,6,401.7399999999999,move,improve
12147,6,404.0199999999997,6,401.7399999999999,swap,notBad
12148,6,404.0199999999997,6,401.7399999999999,swap,notBad
12149,6,404.0199999999997,6,401.7399999999999,move,improve
12150,6,404.0199999999997,6,401.7399999999999,2opt,notBad
12151,6,404.0199999999997,6,401.7399999999999,swap,notBad
12152,6,404.0199999999997,6,401.7399999999999,swap,notBad
12153,6,404.0199999999997,6,401.7399999999999,move,improve
12154,6,404.0199999999997,6,401.7399999999999,2opt,notBad
12155,6,404.0199999999997,6,401.7399999999999,2opt,notBad
12156,6,404.0199999999997,6,401.7399999999999,2opt,notBad
12157,6,404.0199999999997,6,401.7399999999999,move,improve
12158,6,404.0199999999997,6,401.7399999999999,2opt,notBad
12159,6,404.0199999999997,6,401.7399999999999,2opt,notBad
12160,6,404.0199999999997,6,401.7399999999999,swap,notBad
12161,6,404.0199999999997,6,401.7399999999999,move,improve
12162,6,404.0199999999997,6,401.7399999999999,move,improve
12163,6,404.0199999999997,6,401.7399999999999,swap,notBad
12164,6,404.0199999999997,6,401.7399999999999,move,improve
12165,6,404.0199999999997,6,401.7399999999999,2opt,notBad
12166,6,404.0199999999997,6,401.7399999999999,move,improve
12167,6,404.0199999999997,6,401.7399999999999,move,improve
12168,6,404.0199999999997,6,401.7399999999999,2opt,notBad
12169,6,404.0199999999997,6,401.7399999999999,2opt,notBad
12170,6,404.0199999999997,6,401.7399999999999,2opt,notBad
12171,6,404.0199999999997,6,401.7399999999999,2opt,notBad
12172,6,404.0199999999997,6,401.7399999999999,move,improve
12173,6,404.0199999999997,6,401.7399999999999,swap,notBad
12174,6,404.0199999999997,6,401.7399999999999,2opt,notBad
12175,6,404.0199999999997,6,401.7399999999999,move,improve
12176,6,404.0199999999997,6,401.7399999999999,swap,notBad
12177,6,404.0199999999997,6,401.7399999999999,2opt,improve
12178,6,404.0199999999997,6,401.7399999999999,move,improve
12179,6,404.0199999999997,6,401.7399999999999,2opt,notBad
12180,6,404.0199999999997,6,401.7399999999999,move,improve
12181,6,404.0199999999997,6,401.7399999999999,move,improve
12182,6,404.0199999999997,6,401.7399999999999,move,improve
12183,6,404.0199999999997,6,401.7399999999999,swap,notBad
12184,6,404.0199999999997,6,401.7399999999999,swap,notBad
12185,6,404.0199999999997,6,401.7399999999999,move,improve
12186,6,404.0199999999997,6,401.7399999999999,swap,notBad
12187,6,404.0199999999997,6,401.7399999999999,swap,notBad
12188,6,404.0199999999997,6,401.7399999999999,move,improve
12189,6,404.0199999999997,6,401.7399999999999,swap,notBad
12190,6,404.0199999999997,6,401.7399999999999,swap,notBad
12191,6,404.0199999999997,6,401.7399999999999,move,improve
12192,6,404.0199999999997,6,401.7399999999999,2opt,notBad
12193,6,404.0199999999997,6,401.7399999999999,2opt,notBad
12194,6,404.0199999999997,6,401.7399999999999,move,improve
12195,6,404.0199999999997,6,401.7399999999999,swap,notBad
12196,6,404.0199999999997,6,401.7399999999999,move,improve
12197,6,404.0199999999997,6,401.7399999999999,swap,notBad
12198,6,404.0199999999997,6,401.7399999999999,swap,notBad
12199,6,404.0199999999997,6,401.7399999999999,2opt,notBad
12200,6,404.0199999999997,6,401.7399999999999,swap,notBad
12201,6,404.0199999999997,6,401.7399999999999,move,improve
12202,6,404.0199999999997,6,401.7399999999999,2opt,notBad
12203,6,404.0199999999997,6,401.7399999999999,swap,notBad
12204,6,404.0199999999997,6,401.7399999999999,move,improve
12205,6,404.0199999999997,6,401.7399999999999,swap,notBad
12206,6,404.0199999999997,6,401.7399999999999,move,improve
12207,6,404.0199999999997,6,401.7399999999999,move,improve
12208,6,404.0199999999997,6,401.7399999999999,2opt,notBad
12209,6,404.0199999999997,6,401.7399999999999,2opt,notBad
12210,6,404.0199999999997,6,401.7399999999999,move,improve
12211,6,404.0199999999997,6,401.7399999999999,move,improve
12212,6,404.0199999999997,6,401.7399999999999,2opt,notBad
12213,6,404.0199999999997,6,401.7399999999999,2opt,notBad
12214,6,404.0199999999997,6,401.7399999999999,move,improve
12215,6,404.0199999999997,6,401.7399999999999,swap,notBad
12216,6,404.0199999999997,6,401.7399999999999,swap,notBad
12217,6,404.0199999999997,6,401.7399999999999,swap,notBad
12218,6,404.0199999999997,6,401.7399999999999,2opt,notBad
12219,6,404.0199999999997,6,401.7399999999999,move,improve
12220,6,404.0199999999997,6,401.7399999999999,swap,notBad
12221,6,404.0199999999997,6,401.7399999999999,move,improve
12222,6,404.0199999999997,6,401.7399999999999,swap,notBad
12223,6,404.0199999999997,6,401.7399999999999,swap,notBad
12224,6,404.0199999999997,6,401.7399999999999,move,improve
12225,6,404.0199999999997,6,401.7399999999999,2opt,notBad
12226,6,404.0199999999997,6,401.7399999999999,2opt,notBad
12227,6,404.0199999999997,6,401.7399999999999,swap,notBad
12228,6,404.0199999999997,6,401.7399999999999,swap,notBad
12229,6,404.0199999999997,6,401.7399999999999,swap,notBad
12230,6,404.0199999999997,6,401.7399999999999,2opt,notBad
12231,6,404.0199999999997,6,401.7399999999999,move,improve
12232,6,404.0199999999997,6,401.7399999999999,2opt,notBad
12233,6,404.0199999999997,6,401.7399999999999,2opt,notBad
12234,6,404.0199999999997,6,401.7399999999999,move,improve
12235,6,404.0199999999997,6,401.7399999999999,2opt,notBad
12236,6,404.0199999999997,6,401.7399999999999,2opt,notBad
12237,6,404.0199999999997,6,401.7399999999999,2opt,notBad
12238,6,404.0199999999997,6,401.7399999999999,swap,notBad
12239,6,404.0199999999997,6,401.7399999999999,swap,notBad
12240,6,404.0199999999997,6,401.7399999999999,2opt,notBad
12241,6,404.0199999999997,6,401.7399999999999,swap,notBad
12242,6,404.0199999999997,6,401.7399999999999,2opt,notBad
12243,6,404.0199999999997,6,401.7399999999999,move,improve
12244,6,404.0199999999997,6,401.7399999999999,2opt,improve
12245,6,404.0199999999997,6,401.7399999999999,2opt,notBad
12246,6,404.0199999999997,6,401.7399999999999,move,improve
12247,6,404.0199999999997,6,401.7399999999999,2opt,notBad
12248,6,404.0199999999997,6,401.7399999999999,swap,notBad
12249,6,404.0199999999997,6,401.7399999999999,swap,notBad
12250,6,404.0199999999997,6,401.7399999999999,move,improve
12251,6,404.0199999999997,6,401.7399999999999,2opt,notBad
12252,6,404.0199999999997,6,401.7399999999999,move,improve
12253,6,404.0199999999997,6,401.7399999999999,move,improve
12254,6,404.0199999999997,6,401.7399999999999,move,improve
12255,6,404.0199999999997,6,401.7399999999999,2opt,notBad
12256,6,404.0199999999997,6,401.7399999999999,swap,notBad
12257,6,404.0199999999997,6,401.7399999999999,2opt,notBad
12258,6,404.0199999999997,6,401.7399999999999,2opt,notBad
12259,6,404.0199999999997,6,401.7399999999999,move,improve
12260,6,404.0199999999997,6,401.7399999999999,move,improve
12261,6,404.0199999999997,6,401.7399999999999,swap,notBad
12262,6,404.0199999999997,6,401.7399999999999,move,improve
12263,6,404.0199999999997,6,401.7399999999999,swap,notBad
12264,6,404.0199999999997,6,401.7399999999999,2opt,notBad
12265,6,404.0199999999997,6,401.7399999999999,swap,notBad
12266,6,404.0199999999997,6,401.7399999999999,move,improve
12267,6,404.0199999999997,6,401.7399999999999,2opt,notBad
12268,6,404.0199999999997,6,401.7399999999999,move,improve
12269,6,404.0199999999997,6,401.7399999999999,2opt,notBad
12270,6,404.0199999999997,6,401.7399999999999,2opt,notBad
12271,6,404.0199999999997,6,401.7399999999999,2opt,notBad
12272,6,404.0199999999997,6,401.7399999999999,swap,notBad
12273,6,404.0199999999997,6,401.7399999999999,move,improve
12274,6,404.0199999999997,6,401.7399999999999,move,improve
12275,6,404.0199999999997,6,401.7399999999999,move,improve
12276,6,404.0199999999997,6,401.7399999999999,2opt,notBad
12277,6,404.0199999999997,6,401.7399999999999,swap,notBad
12278,6,404.0199999999997,6,401.7399999999999,swap,notBad
12279,6,404.0199999999997,6,401.7399999999999,move,improve
12280,6,404.0199999999997,6,401.7399999999999,swap,notBad
12281,6,404.0199999999997,6,401.7399999999999,2opt,notBad
12282,6,404.0199999999997,6,401.7399999999999,move,improve
12283,6,404.0199999999997,6,401.7399999999999,2opt,notBad
12284,6,404.0199999999997,6,401.7399999999999,2opt,notBad
12285,6,404.0199999999997,6,401.7399999999999,move,improve
12286,6,404.0199999999997,6,401.7399999999999,2opt,notBad
12287,6,404.0199999999997,6,401.7399999999999,2opt,notBad
12288,6,404.0199999999997,6,401.7399999999999,swap,notBad
12289,6,404.0199999999997,6,401.7399999999999,move,improve
12290,6,404.0199999999997,6,401.7399999999999,swap,notBad
12291,6,404.0199999999997,6,401.7399999999999,move,improve
12292,6,404.0199999999997,6,401.7399999999999,move,improve
12293,6,404.0199999999997,6,401.7399999999999,2opt,notBad
12294,6,404.0199999999997,6,401.7399999999999,2opt,notBad
12295,6,404.0199999999997,6,401.7399999999999,2opt,notBad
12296,6,404.0199999999997,6,401.7399999999999,swap,notBad
12297,6,404.0199999999997,6,401.7399999999999,move,improve
12298,6,404.0199999999997,6,401.7399999999999,2opt,notBad
12299,6,404.0199999999997,6,401.7399999999999,2opt,notBad
12300,6,404.0199999999997,6,401.7399999999999,swap,notBad
12301,6,404.0199999999997,6,401.7399999999999,2opt,improve
12302,6,404.0199999999997,6,401.7399999999999,2opt,notBad
12303,6,404.0199999999997,6,401.7399999999999,swap,notBad
12304,6,404.0199999999997,6,401.7399999999999,move,improve
12305,6,404.0199999999997,6,401.7399999999999,swap,notBad
12306,6,404.0199999999997,6,401.7399999999999,swap,notBad
12307,6,404.0199999999997,6,401.7399999999999,2opt,improve
12308,6,404.0199999999997,6,401.7399999999999,swap,notBad
12309,6,404.0199999999997,6,401.7399999999999,2opt,improve
12310,6,404.0199999999997,6,401.7399999999999,2opt,notBad
12311,6,404.0199999999997,6,401.7399999999999,move,improve
12312,6,404.0199999999997,6,401.7399999999999,swap,notBad
12313,6,404.0199999999997,6,401.7399999999999,2opt,notBad
12314,6,404.0199999999997,6,401.7399999999999,2opt,notBad
12315,6,404.0199999999997,6,401.7399999999999,2opt,notBad
12316,6,404.0199999999997,6,401.7399999999999,swap,notBad
12317,6,404.0199999999997,6,401.7399999999999,2opt,notBad
12318,6,404.0199999999997,6,401.7399999999999,2opt,notBad
12319,6,404.0199999999997,6,401.7399999999999,move,improve
12320,6,404.0199999999997,6,401.7399999999999,swap,notBad
12321,6,404.0199999999997,6,401.7399999999999,swap,notBad
12322,6,404.0199999999997,6,401.7399999999999,2opt,notBad
12323,6,404.0199999999997,6,401.7399999999999,swap,notBad
12324,6,404.0199999999997,6,401.7399999999999,move,improve
12325,6,404.0199999999997,6,401.7399999999999,2opt,notBad
12326,6,404.0199999999997,6,401.7399999999999,2opt,notBad
12327,6,404.0199999999997,6,401.7399999999999,2opt,notBad
12328,6,404.0199999999997,6,401.7399999999999,swap,notBad
12329,6,404.0199999999997,6,401.7399999999999,swap,notBad
12330,6,404.0199999999997,6,401.7399999999999,2opt,notBad
12331,6,404.0199999999997,6,401.7399999999999,move,improve
12332,6,404.0199999999997,6,401.7399999999999,move,improve
12333,6,404.0199999999997,6,401.7399999999999,swap,notBad
12334,6,404.0199999999997,6,401.7399999999999,move,improve
12335,6,404.0199999999997,6,401.7399999999999,2opt,notBad
12336,6,404.0199999999997,6,401.7399999999999,swap,notBad
12337,6,404.0199999999997,6,401.7399999999999,2opt,notBad
12338,6,404.0199999999997,6,401.7399999999999,2opt,notBad
12339,6,404.0199999999997,6,401.7399999999999,2opt,improve
12340,6,404.0199999999997,6,401.7399999999999,move,improve
12341,6,404.72000000000014,6,401.7399999999999,move,acceptBad
12342,6,404.72000000000014,6,401.7399999999999,2opt,notBad
12343,6,404.72000000000014,6,401.7399999999999,2opt,notBad
12344,6,404.72000000000014,6,401.7399999999999,swap,notBad
12345,6,404.72000000000014,6,401.7399999999999,2opt,notBad
12346,6,404.72000000000014,6,401.7399999999999,2opt,notBad
12347,6,404.72000000000014,6,401.7399999999999,move,improve
12348,6,404.72000000000014,6,401.7399999999999,swap,notBad
12349,6,404.72000000000014,6,401.7399999999999,swap,notBad
12350,6,404.72000000000014,6,401.7399999999999,swap,notBad
12351,6,404.72000000000014,6,401.7399999999999,move,improve
12352,6,404.72000000000014,6,401.7399999999999,move,improve
12353,6,404.72000000000014,6,401.7399999999999,swap,notBad
12354,6,404.72000000000014,6,401.7399999999999,swap,notBad
12355,6,404.72000000000014,6,401.7399999999999,move,improve
12356,6,404.72000000000014,6,401.7399999999999,swap,notBad
12357,6,404.72000000000014,6,401.7399999999999,2opt,notBad
12358,6,404.72000000000014,6,401.7399999999999,2opt,notBad
12359,6,404.72000000000014,6,401.7399999999999,swap,notBad
12360,6,404.72000000000014,6,401.7399999999999,swap,notBad
12361,6,404.72000000000014,6,401.7399999999999,2opt,notBad
12362,6,404.72000000000014,6,401.7399999999999,swap,notBad
12363,6,404.72000000000014,6,401.7399999999999,2opt,notBad
12364,6,404.72000000000014,6,401.7399999999999,move,improve
12365,6,404.72000000000014,6,401.7399999999999,move,improve
12366,6,404.72000000000014,6,401.7399999999999,2opt,notBad
12367,6,404.72000000000014,6,401.7399999999999,2opt,notBad
12368,6,404.72000000000014,6,401.7399999999999,move,improve
12369,6,404.72000000000014,6,401.7399999999999,2opt,notBad
12370,6,404.72000000000014,6,401.7399999999999,2opt,notBad
12371,6,404.72000000000014,6,401.7399999999999,2opt,notBad
12372,6,404.72000000000014,6,401.7399999999999,move,improve
12373,6,404.72000000000014,6,401.7399999999999,swap,notBad
12374,6,404.72000000000014,6,401.7399999999999,move,improve
12375,6,404.72000000000014,6,401.7399999999999,swap,notBad
12376,6,404.72000000000014,6,401.7399999999999,move,improve
12377,6,404.0199999999997,6,401.7399999999999,move,improve
12378,6,404.0199999999997,6,401.7399999999999,move,improve
12379,6,404.0199999999997,6,401.7399999999999,move,improve
12380,6,404.0199999999997,6,401.7399999999999,move,improve
12381,6,404.0199999999997,6,401.7399999999999,swap,notBad
12382,6,404.0199999999997,6,401.7399999999999,move,improve
12383,6,404.0199999999997,6,401.7399999999999,move,improve
12384,6,404.0199999999997,6,401.7399999999999,2opt,notBad
12385,6,404.0199999999997,6,401.7399999999999,move,improve
12386,6,404.0199999999997,6,401.7399999999999,2opt,notBad
12387,6,404.0199999999997,6,401.7399999999999,swap,notBad
12388,6,404.0199999999997,6,401.7399999999999,move,improve
12389,6,404.0199999999997,6,401.7399999999999,2opt,notBad
12390,6,404.0199999999997,6,401.7399999999999,move,improve
12391,6,404.0199999999997,6,401.7399999999999,2opt,notBad
12392,6,404.0199999999997,6,401.7399999999999,2opt,notBad
12393,6,404.0199999999997,6,401.7399999999999,swap,notBad
12394,6,404.0199999999997,6,401.7399999999999,swap,notBad
12395,6,404.0199999999997,6,401.7399999999999,swap,notBad
12396,6,404.0199999999997,6,401.7399999999999,2opt,notBad
12397,6,404.0199999999997,6,401.7399999999999,swap,notBad
12398,6,404.0199999999997,6,401.7399999999999,move,improve
12399,6,404.0199999999997,6,401.7399999999999,swap,notBad
12400,6,404.0199999999997,6,401.7399999999999,2opt,notBad
12401,6,404.0199999999997,6,401.7399999999999,move,improve
12402,6,404.0199999999997,6,401.7399999999999,move,improve
12403,6,404.0199999999997,6,401.7399999999999,swap,notBad
12404,6,404.0199999999997,6,401.7399999999999,2opt,notBad
12405,6,404.0199999999997,6,401.7399999999999,swap,notBad
12406,6,404.0199999999997,6,401.7399999999999,swap,notBad
12407,6,404.0199999999997,6,401.7399999999999,move,improve
12408,6,404.0199999999997,6,401.7399999999999,swap,notBad
12409,6,404.0199999999997,6,401.7399999999999,swap,notBad
12410,6,404.0199999999997,6,401.7399999999999,swap,notBad
12411,6,404.0199999999997,6,401.7399999999999,move,improve
12412,6,404.0199999999997,6,401.7399999999999,move,improve
12413,6,404.0199999999997,6,401.7399999999999,swap,notBad
12414,6,404.0199999999997,6,401.7399999999999,move,improve
12415,6,404.0199999999997,6,401.7399999999999,swap,notBad
12416,6,404.0199999999997,6,401.7399999999999,move,improve
12417,6,404.0199999999997,6,401.7399999999999,2opt,notBad
12418,6,404.0199999999997,6,401.7399999999999,move,improve
12419,6,404.0199999999997,6,401.7399999999999,2opt,notBad
12420,6,404.0199999999997,6,401.7399999999999,swap,notBad
12421,6,404.0199999999997,6,401.7399999999999,move,improve
12422,6,404.0199999999997,6,401.7399999999999,2opt,improve
12423,6,404.0199999999997,6,401.7399999999999,2opt,notBad
12424,6,404.0199999999997,6,401.7399999999999,2opt,notBad
12425,6,404.0199999999997,6,401.7399999999999,2opt,notBad
12426,6,404.0199999999997,6,401.7399999999999,2opt,notBad
12427,6,404.0199999999997,6,401.7399999999999,swap,notBad
12428,6,404.0199999999997,6,401.7399999999999,2opt,notBad
12429,6,404.0199999999997,6,401.7399999999999,move,improve
12430,6,404.0199999999997,6,401.7399999999999,move,improve
12431,6,404.0199999999997,6,401.7399999999999,move,improve
12432,6,404.0199999999997,6,401.7399999999999,2opt,improve
12433,6,404.0199999999997,6,401.7399999999999,2opt,notBad
12434,6,404.0199999999997,6,401.7399999999999,swap,notBad
12435,6,404.0199999999997,6,401.7399999999999,swap,notBad
12436,6,404.0199999999997,6,401.7399999999999,swap,notBad
12437,6,404.0199999999997,6,401.7399999999999,2opt,notBad
12438,6,404.0199999999997,6,401.7399999999999,2opt,notBad
12439,6,404.0199999999997,6,401.7399999999999,swap,notBad
12440,6,404.0199999999997,6,401.7399999999999,move,improve
12441,6,404.0199999999997,6,401.7399999999999,2opt,notBad
12442,6,404.0199999999997,6,401.7399999999999,swap,notBad
12443,6,404.0199999999997,6,401.7399999999999,swap,notBad
12444,6,404.0199999999997,6,401.7399999999999,move,improve
12445,6,404.0199999999997,6,401.7399999999999,move,improve
12446,6,404.0199999999997,6,401.7399999999999,2opt,notBad
12447,6,404.0199999999997,6,401.7399999999999,2opt,notBad
12448,6,404.0199999999997,6,401.7399999999999,swap,notBad
12449,6,404.0199999999997,6,401.7399999999999,move,improve
12450,6,404.0199999999997,6,401.7399999999999,2opt,notBad
12451,6,404.0199999999997,6,401.7399999999999,move,improve
12452,6,404.0199999999997,6,401.7399999999999,move,improve
12453,6,404.0199999999997,6,401.7399999999999,2opt,notBad
12454,6,404.0199999999997,6,401.7399999999999,move,improve
12455,6,404.0199999999997,6,401.7399999999999,move,improve
12456,6,404.0199999999997,6,401.7399999999999,swap,notBad
12457,6,404.0199999999997,6,401.7399999999999,swap,notBad
12458,6,404.0199999999997,6,401.7399999999999,move,improve
12459,6,404.0199999999997,6,401.7399999999999,move,improve
12460,6,404.0199999999997,6,401.7399999999999,swap,notBad
12461,6,404.0199999999997,6,401.7399999999999,swap,notBad
12462,6,404.0199999999997,6,401.7399999999999,2opt,improve
12463,6,404.0199999999997,6,401.7399999999999,swap,notBad
12464,6,404.0199999999997,6,401.7399999999999,swap,notBad
12465,6,404.0199999999997,6,401.7399999999999,swap,notBad
12466,6,404.0199999999997,6,401.7399999999999,move,improve
12467,6,404.0199999999997,6,401.7399999999999,2opt,notBad
12468,6,404.0199999999997,6,401.7399999999999,swap,notBad
12469,6,404.0199999999997,6,401.7399999999999,swap,notBad
12470,6,404.0199999999997,6,401.7399999999999,swap,notBad
12471,6,404.0199999999997,6,401.7399999999999,move,improve
12472,6,404.0199999999997,6,401.7399999999999,2opt,notBad
12473,6,404.0199999999997,6,401.7399999999999,2opt,improve
12474,6,404.0199999999997,6,401.7399999999999,2opt,notBad
12475,6,404.0199999999997,6,401.7399999999999,swap,notBad
12476,6,404.0199999999997,6,401.7399999999999,swap,notBad
12477,6,404.0199999999997,6,401.7399999999999,2opt,notBad
12478,6,404.0199999999997,6,401.7399999999999,move,improve
12479,6,404.0199999999997,6,401.7399999999999,move,improve
12480,6,404.0199999999997,6,401.7399999999999,swap,notBad
12481,6,404.0199999999997,6,401.7399999999999,move,improve
12482,6,404.0199999999997,6,401.7399999999999,swap,notBad
12483,6,404.0199999999997,6,401.7399999999999,move,improve
12484,6,404.0199999999997,6,401.7399999999999,move,improve
12485,6,404.0199999999997,6,401.7399999999999,2opt,notBad
12486,6,404.0199999999997,6,401.7399999999999,move,improve
12487,6,404.0199999999997,6,401.7399999999999,move,improve
12488,6,404.0199999999997,6,401.7399999999999,move,improve
12489,6,404.0199999999997,6,401.7399999999999,swap,notBad
12490,6,404.0199999999997,6,401.7399999999999,swap,notBad
12491,6,404.0199999999997,6,401.7399999999999,swap,notBad
12492,6,404.0199999999997,6,401.7399999999999,move,improve
12493,6,404.0199999999997,6,401.7399999999999,move,improve
12494,6,404.0199999999997,6,401.7399999999999,swap,notBad
12495,6,404.0199999999997,6,401.7399999999999,move,improve
12496,6,404.0199999999997,6,401.7399999999999,move,improve
12497,6,404.0199999999997,6,401.7399999999999,2opt,notBad
12498,6,404.0199999999997,6,401.7399999999999,move,improve
12499,6,404.0199999999997,6,401.7399999999999,move,improve
12500,6,404.0199999999997,6,401.7399999999999,2opt,notBad
12501,6,404.0199999999997,6,401.7399999999999,swap,notBad
12502,6,404.0199999999997,6,401.7399999999999,2opt,notBad
12503,6,404.0199999999997,6,401.7399999999999,2opt,notBad
12504,6,404.0199999999997,6,401.7399999999999,move,improve
12505,6,404.0199999999997,6,401.7399999999999,2opt,notBad
12506,6,404.0199999999997,6,401.7399999999999,2opt,notBad
12507,6,404.0199999999997,6,401.7399999999999,move,improve
12508,6,404.0199999999997,6,401.7399999999999,2opt,notBad
12509,6,404.0199999999997,6,401.7399999999999,swap,notBad
12510,6,404.0199999999997,6,401.7399999999999,swap,notBad
12511,6,404.0199999999997,6,401.7399999999999,move,improve
12512,6,404.0199999999997,6,401.7399999999999,swap,notBad
12513,6,404.0199999999997,6,401.7399999999999,swap,notBad
12514,6,404.0199999999997,6,401.7399999999999,swap,notBad
12515,6,404.0199999999997,6,401.7399999999999,2opt,notBad
12516,6,404.0199999999997,6,401.7399999999999,swap,notBad
12517,6,404.0199999999997,6,401.7399999999999,swap,notBad
12518,6,404.0199999999997,6,401.7399999999999,2opt,notBad
12519,6,404.0199999999997,6,401.7399999999999,move,improve
12520,6,404.0199999999997,6,401.7399999999999,move,improve
12521,6,404.0199999999997,6,401.7399999999999,move,improve
12522,6,404.0199999999997,6,401.7399999999999,swap,notBad
12523,6,404.0199999999997,6,401.7399999999999,swap,notBad
12524,6,404.0199999999997,6,401.7399999999999,2opt,notBad
12525,6,404.0199999999997,6,401.7399999999999,swap,notBad
12526,6,404.0199999999997,6,401.7399999999999,2opt,notBad
12527,6,404.0199999999997,6,401.7399999999999,move,improve
12528,6,404.0199999999997,6,401.7399999999999,move,improve
12529,6,404.0199999999997,6,401.7399999999999,2opt,notBad
12530,6,404.0199999999997,6,401.7399999999999,move,improve
12531,6,404.0199999999997,6,401.7399999999999,move,improve
12532,6,404.0199999999997,6,401.7399999999999,move,improve
12533,6,404.0199999999997,6,401.7399999999999,move,improve
12534,6,404.0199999999997,6,401.7399999999999,swap,notBad
12535,6,404.0199999999997,6,401.7399999999999,move,improve
12536,6,404.0199999999997,6,401.7399999999999,move,improve
12537,6,404.0199999999997,6,401.7399999999999,swap,notBad
12538,6,404.0199999999997,6,401.7399999999999,2opt,notBad
12539,6,404.0199999999997,6,401.7399999999999,swap,notBad
12540,6,404.0199999999997,6,401.7399999999999,swap,notBad
12541,6,404.0199999999997,6,401.7399999999999,2opt,notBad
12542,6,404.0199999999997,6,401.7399999999999,move,improve
12543,6,404.0199999999997,6,401.7399999999999,2opt,notBad
12544,6,404.0199999999997,6,401.7399999999999,2opt,notBad
12545,6,404.0199999999997,6,401.7399999999999,2opt,notBad
12546,6,404.0199999999997,6,401.7399999999999,swap,notBad
12547,6,404.0199999999997,6,401.7399999999999,swap,notBad
12548,6,404.0199999999997,6,401.7399999999999,move,improve
12549,6,404.0199999999997,6,401.7399999999999,swap,notBad
12550,6,404.0199999999997,6,401.7399999999999,move,improve
12551,6,404.0199999999997,6,401.7399999999999,swap,notBad
12552,6,404.0199999999997,6,401.7399999999999,2opt,notBad
12553,6,404.0199999999997,6,401.7399999999999,swap,notBad
12554,6,404.0199999999997,6,401.7399999999999,move,improve
12555,6,404.0199999999997,6,401.7399999999999,2opt,notBad
12556,6,404.0199999999997,6,401.7399999999999,move,improve
12557,6,404.0199999999997,6,401.7399999999999,swap,notBad
12558,6,404.0199999999997,6,401.7399999999999,swap,notBad
12559,6,404.0199999999997,6,401.7399999999999,move,improve
12560,6,404.0199999999997,6,401.7399999999999,swap,notBad
12561,6,404.0199999999997,6,401.7399999999999,2opt,notBad
12562,6,404.0199999999997,6,401.7399999999999,move,improve
12563,6,404.0199999999997,6,401.7399999999999,2opt,notBad
12564,6,404.0199999999997,6,401.7399999999999,2opt,notBad
12565,6,404.0199999999997,6,401.7399999999999,2opt,notBad
12566,6,404.0199999999997,6,401.7399999999999,swap,notBad
12567,6,404.0199999999997,6,401.7399999999999,move,improve
12568,6,404.0199999999997,6,401.7399999999999,swap,notBad
12569,6,404.0199999999997,6,401.7399999999999,swap,notBad
12570,6,404.0199999999997,6,401.7399999999999,2opt,notBad
12571,6,404.0199999999997,6,401.7399999999999,move,improve
12572,6,404.0199999999997,6,401.7399999999999,swap,notBad
12573,6,404.0199999999997,6,401.7399999999999,2opt,notBad
12574,6,404.0199999999997,6,401.7399999999999,swap,notBad
12575,6,404.0199999999997,6,401.7399999999999,move,improve
12576,6,404.0199999999997,6,401.7399999999999,2opt,notBad
12577,6,404.0199999999997,6,401.7399999999999,swap,notBad
12578,6,404.0199999999997,6,401.7399999999999,2opt,notBad
12579,6,404.0199999999997,6,401.7399999999999,swap,notBad
12580,6,404.0199999999997,6,401.7399999999999,2opt,improve
12581,6,404.0199999999997,6,401.7399999999999,2opt,notBad
12582,6,404.0199999999997,6,401.7399999999999,2opt,improve
12583,6,404.0199999999997,6,401.7399999999999,2opt,notBad
12584,6,404.0199999999997,6,401.7399999999999,2opt,notBad
12585,6,404.0199999999997,6,401.7399999999999,2opt,notBad
12586,6,404.0199999999997,6,401.7399999999999,move,improve
12587,6,404.0199999999997,6,401.7399999999999,move,improve
12588,6,404.0199999999997,6,401.7399999999999,move,improve
12589,6,404.0199999999997,6,401.7399999999999,2opt,notBad
12590,6,404.0199999999997,6,401.7399999999999,move,improve
12591,6,404.0199999999997,6,401.7399999999999,2opt,improve
12592,6,404.0199999999997,6,401.7399999999999,2opt,notBad
12593,6,404.0199999999997,6,401.7399999999999,move,improve
12594,6,404.0199999999997,6,401.7399999999999,swap,notBad
12595,6,404.0199999999997,6,401.7399999999999,move,improve
12596,6,404.0199999999997,6,401.7399999999999,move,improve
12597,6,404.0199999999997,6,401.7399999999999,swap,notBad
12598,6,404.0199999999997,6,401.7399999999999,2opt,notBad
12599,6,404.0199999999997,6,401.7399999999999,move,improve
12600,6,404.0199999999997,6,401.7399999999999,2opt,notBad
12601,6,404.0199999999997,6,401.7399999999999,move,improve
12602,6,404.0199999999997,6,401.7399999999999,swap,notBad
12603,6,404.0199999999997,6,401.7399999999999,move,improve
12604,6,404.0199999999997,6,401.7399999999999,move,improve
12605,6,404.0199999999997,6,401.7399999999999,2opt,notBad
12606,6,404.0199999999997,6,401.7399999999999,move,improve
12607,6,404.0199999999997,6,401.7399999999999,swap,notBad
12608,6,404.0199999999997,6,401.7399999999999,swap,notBad
12609,6,404.0199999999997,6,401.7399999999999,move,improve
12610,6,404.0199999999997,6,401.7399999999999,swap,notBad
12611,6,404.0199999999997,6,401.7399999999999,2opt,notBad
12612,6,404.0199999999997,6,401.7399999999999,move,improve
12613,6,404.0199999999997,6,401.7399999999999,move,improve
12614,6,404.0199999999997,6,401.7399999999999,2opt,notBad
12615,6,404.0199999999997,6,401.7399999999999,2opt,notBad
12616,6,404.0199999999997,6,401.7399999999999,swap,notBad
12617,6,404.0199999999997,6,401.7399999999999,swap,notBad
12618,6,404.0199999999997,6,401.7399999999999,move,improve
12619,6,404.0199999999997,6,401.7399999999999,2opt,notBad
12620,6,404.0199999999997,6,401.7399999999999,move,improve
12621,6,404.0199999999997,6,401.7399999999999,move,improve
12622,6,404.0199999999997,6,401.7399999999999,move,improve
12623,6,404.0199999999997,6,401.7399999999999,move,improve
12624,6,404.0199999999997,6,401.7399999999999,move,improve
12625,6,404.0199999999997,6,401.7399999999999,swap,notBad
12626,6,404.72000000000014,6,401.7399999999999,move,acceptBad
12627,6,404.72000000000014,6,401.7399999999999,2opt,improve
12628,6,404.72000000000014,6,401.7399999999999,swap,notBad
12629,6,404.72000000000014,6,401.7399999999999,2opt,notBad
12630,6,404.72000000000014,6,401.7399999999999,move,improve
12631,6,404.72000000000014,6,401.7399999999999,move,improve
12632,6,404.72000000000014,6,401.7399999999999,2opt,notBad
12633,6,404.72000000000014,6,401.7399999999999,move,improve
12634,6,404.72000000000014,6,401.7399999999999,2opt,notBad
12635,6,404.72000000000014,6,401.7399999999999,swap,notBad
12636,6,404.72000000000014,6,401.7399999999999,2opt,notBad
12637,6,404.72000000000014,6,401.7399999999999,move,improve
12638,6,404.72000000000014,6,401.7399999999999,swap,notBad
12639,6,404.72000000000014,6,401.7399999999999,2opt,notBad
12640,6,404.72000000000014,6,401.7399999999999,swap,notBad
12641,6,404.72000000000014,6,401.7399999999999,move,improve
12642,6,404.72000000000014,6,401.7399999999999,swap,notBad
12643,6,404.72000000000014,6,401.7399999999999,move,improve
12644,6,404.72000000000014,6,401.7399999999999,move,improve
12645,6,404.72000000000014,6,401.7399999999999,move,improve
12646,6,404.72000000000014,6,401.7399999999999,move,improve
12647,6,404.72000000000014,6,401.7399999999999,2opt,notBad
12648,6,404.72000000000014,6,401.7399999999999,swap,notBad
12649,6,404.72000000000014,6,401.7399999999999,move,improve
12650,6,404.72000000000014,6,401.7399999999999,2opt,notBad
12651,6,404.72000000000014,6,401.7399999999999,2opt,notBad
12652,6,404.72000000000014,6,401.7399999999999,2opt,notBad
12653,6,404.72000000000014,6,401.7399999999999,swap,notBad
12654,6,404.72000000000014,6,401.7399999999999,swap,notBad
12655,6,404.72000000000014,6,401.7399999999999,move,improve
12656,6,404.72000000000014,6,401.7399999999999,move,improve
12657,6,404.72000000000014,6,401.7399999999999,move,improve
12658,6,404.72000000000014,6,401.7399999999999,swap,notBad
12659,6,404.72000000000014,6,401.7399999999999,swap,notBad
12660,6,404.72000000000014,6,401.7399999999999,2opt,notBad
12661,6,404.72000000000014,6,401.7399999999999,swap,notBad
12662,6,404.72000000000014,6,401.7399999999999,move,improve
12663,6,404.72000000000014,6,401.7399999999999,2opt,notBad
12664,6,404.72000000000014,6,401.7399999999999,move,improve
12665,6,404.72000000000014,6,401.7399999999999,move,improve
12666,6,404.72000000000014,6,401.7399999999999,swap,notBad
12667,6,404.72000000000014,6,401.7399999999999,swap,notBad
12668,6,404.72000000000014,6,401.7399999999999,move,improve
12669,6,404.72000000000014,6,401.7399999999999,2opt,notBad
12670,6,404.72000000000014,6,401.7399999999999,swap,notBad
12671,6,404.72000000000014,6,401.7399999999999,move,improve
12672,6,404.72000000000014,6,401.7399999999999,move,improve
12673,6,404.72000000000014,6,401.7399999999999,swap,notBad
12674,6,404.72000000000014,6,401.7399999999999,2opt,notBad
12675,6,404.72000000000014,6,401.7399999999999,move,improve
12676,6,404.72000000000014,6,401.7399999999999,move,improve
12677,6,404.72000000000014,6,401.7399999999999,2opt,improve
12678,6,404.72000000000014,6,401.7399999999999,swap,notBad
12679,6,404.72000000000014,6,401.7399999999999,swap,notBad
12680,6,404.72000000000014,6,401.7399999999999,2opt,notBad
12681,6,404.72000000000014,6,401.7399999999999,move,improve
12682,6,404.72000000000014,6,401.7399999999999,move,improve
12683,6,404.72000000000014,6,401.7399999999999,move,improve
12684,6,404.72000000000014,6,401.7399999999999,2opt,notBad
12685,6,404.0199999999997,6,401.7399999999999,move,improve
12686,6,404.0199999999997,6,401.7399999999999,2opt,notBad
12687,6,404.0199999999997,6,401.7399999999999,move,improve
12688,6,404.0199999999997,6,401.7399999999999,2opt,notBad
12689,6,404.0199999999997,6,401.7399999999999,2opt,notBad
12690,6,404.0199999999997,6,401.7399999999999,2opt,notBad
12691,6,404.0199999999997,6,401.7399999999999,move,improve
12692,6,404.0199999999997,6,401.7399999999999,swap,notBad
12693,6,404.0199999999997,6,401.7399999999999,swap,notBad
12694,6,404.0199999999997,6,401.7399999999999,2opt,improve
12695,6,404.0199999999997,6,401.7399999999999,swap,notBad
12696,6,404.0199999999997,6,401.7399999999999,move,improve
12697,6,404.0199999999997,6,401.7399999999999,2opt,notBad
12698,6,404.0199999999997,6,401.7399999999999,swap,notBad
12699,6,404.0199999999997,6,401.7399999999999,swap,notBad
12700,6,404.0199999999997,6,401.7399999999999,2opt,improve
12701,6,404.0199999999997,6,401.7399999999999,2opt,notBad
12702,6,404.0199999999997,6,401.7399999999999,swap,notBad
12703,6,404.0199999999997,6,401.7399999999999,move,improve
12704,6,404.0199999999997,6,401.7399999999999,swap,notBad
12705,6,404.0199999999997,6,401.7399999999999,swap,notBad
12706,6,404.0199999999997,6,401.7399999999999,swap,notBad
12707,6,404.0199999999997,6,401.7399999999999,2opt,notBad
12708,6,404.0199999999997,6,401.7399999999999,2opt,notBad
12709,6,404.0199999999997,6,401.7399999999999,move,improve
12710,6,404.0199999999997,6,401.7399999999999,move,improve
12711,6,404.0199999999997,6,401.7399999999999,swap,notBad
12712,6,404.0199999999997,6,401.7399999999999,move,improve
12713,6,404.0199999999997,6,401.7399999999999,swap,notBad
12714,6,404.0199999999997,6,401.7399999999999,2opt,notBad
12715,6,404.0199999999997,6,401.7399999999999,move,improve
12716,6,404.0199999999997,6,401.7399999999999,2opt,notBad
12717,6,404.0199999999997,6,401.7399999999999,swap,notBad
12718,6,404.0199999999997,6,401.7399999999999,2opt,notBad
12719,6,404.0199999999997,6,401.7399999999999,move,improve
12720,6,404.0199999999997,6,401.7399999999999,2opt,notBad
12721,6,404.0199999999997,6,401.7399999999999,2opt,notBad
12722,6,404.0199999999997,6,401.7399999999999,swap,notBad
12723,6,404.0199999999997,6,401.7399999999999,move,improve
12724,6,404.0199999999997,6,401.7399999999999,move,improve
12725,6,404.0199999999997,6,401.7399999999999,2opt,notBad
12726,6,404.0199999999997,6,401.7399999999999,2opt,notBad
12727,6,404.0199999999997,6,401.7399999999999,move,improve
12728,6,404.0199999999997,6,401.7399999999999,2opt,notBad
12729,6,404.0199999999997,6,401.7399999999999,swap,notBad
12730,6,404.0199999999997,6,401.7399999999999,2opt,notBad
12731,6,404.0199999999997,6,401.7399999999999,swap,notBad
12732,6,404.0199999999997,6,401.7399999999999,swap,notBad
12733,6,404.0199999999997,6,401.7399999999999,swap,notBad
12734,6,404.0199999999997,6,401.7399999999999,move,improve
12735,6,404.0199999999997,6,401.7399999999999,swap,notBad
12736,6,404.0199999999997,6,401.7399999999999,swap,notBad
12737,6,404.0199999999997,6,401.7399999999999,swap,notBad
12738,6,404.0199999999997,6,401.7399999999999,2opt,notBad
12739,6,404.0199999999997,6,401.7399999999999,swap,notBad
12740,6,404.0199999999997,6,401.7399999999999,swap,notBad
12741,6,404.0199999999997,6,401.7399999999999,2opt,notBad
12742,6,404.0199999999997,6,401.7399999999999,swap,notBad
12743,6,404.0199999999997,6,401.7399999999999,swap,notBad
12744,6,404.0199999999997,6,401.7399999999999,move,improve
12745,6,404.0199999999997,6,401.7399999999999,move,improve
12746,6,404.0199999999997,6,401.7399999999999,move,improve
12747,6,404.0199999999997,6,401.7399999999999,move,improve
12748,6,404.0199999999997,6,401.7399999999999,move,improve
12749,6,404.0199999999997,6,401.7399999999999,swap,notBad
12750,6,404.0199999999997,6,401.7399999999999,2opt,notBad
12751,6,404.0199999999997,6,401.7399999999999,2opt,notBad
12752,6,404.0199999999997,6,401.7399999999999,move,improve
12753,6,404.0199999999997,6,401.7399999999999,swap,notBad
12754,6,404.0199999999997,6,401.7399999999999,swap,notBad
12755,6,404.0199999999997,6,401.7399999999999,swap,notBad
12756,6,404.0199999999997,6,401.7399999999999,2opt,notBad
12757,6,404.0199999999997,6,401.7399999999999,move,improve
12758,6,404.0199999999997,6,401.7399999999999,2opt,notBad
12759,6,404.0199999999997,6,401.7399999999999,2opt,notBad
12760,6,404.0199999999997,6,401.7399999999999,move,improve
12761,6,404.0199999999997,6,401.7399999999999,move,improve
12762,6,404.0199999999997,6,401.7399999999999,swap,notBad
12763,6,404.0199999999997,6,401.7399999999999,move,improve
12764,6,404.0199999999997,6,401.7399999999999,2opt,notBad
12765,6,404.0199999999997,6,401.7399999999999,swap,notBad
12766,6,404.0199999999997,6,401.7399999999999,2opt,notBad
12767,6,404.0199999999997,6,401.7399999999999,swap,notBad
12768,6,404.0199999999997,6,401.7399999999999,2opt,notBad
12769,6,404.0199999999997,6,401.7399999999999,2opt,improve
12770,6,404.0199999999997,6,401.7399999999999,2opt,improve
12771,6,404.0199999999997,6,401.7399999999999,move,improve
12772,6,404.0199999999997,6,401.7399999999999,swap,notBad
12773,6,404.0199999999997,6,401.7399999999999,swap,notBad
12774,6,404.0199999999997,6,401.7399999999999,2opt,notBad
12775,6,404.0199999999997,6,401.7399999999999,2opt,notBad
12776,6,404.0199999999997,6,401.7399999999999,2opt,notBad
12777,6,404.0199999999997,6,401.7399999999999,swap,notBad
12778,6,404.0199999999997,6,401.7399999999999,2opt,notBad
12779,6,404.0199999999997,6,401.7399999999999,move,improve
12780,6,404.0199999999997,6,401.7399999999999,swap,notBad
12781,6,404.0199999999997,6,401.7399999999999,move,improve
12782,6,404.0199999999997,6,401.7399999999999,move,improve
12783,6,404.0199999999997,6,401.7399999999999,2opt,notBad
12784,6,404.0199999999997,6,401.7399999999999,move,improve
12785,6,404.0199999999997,6,401.7399999999999,swap,notBad
12786,6,404.0199999999997,6,401.7399999999999,move,improve
12787,6,404.0199999999997,6,401.7399999999999,move,improve
12788,6,404.0199999999997,6,401.7399999999999,swap,notBad
12789,6,404.0199999999997,6,401.7399999999999,swap,notBad
12790,6,404.0199999999997,6,401.7399999999999,swap,notBad
12791,6,404.0199999999997,6,401.7399999999999,move,improve
12792,6,404.0199999999997,6,401.7399999999999,move,improve
12793,6,404.0199999999997,6,401.7399999999999,2opt,notBad
12794,6,404.0199999999997,6,401.7399999999999,2opt,notBad
12795,6,404.0199999999997,6,401.7399999999999,swap,notBad
12796,6,404.0199999999997,6,401.7399999999999,2opt,notBad
12797,6,404.0199999999997,6,401.7399999999999,swap,notBad
12798,6,404.0199999999997,6,401.7399999999999,move,improve
12799,6,404.0199999999997,6,401.7399999999999,swap,notBad
12800,6,404.0199999999997,6,401.7399999999999,2opt,improve
12801,6,404.0199999999997,6,401.7399999999999,swap,notBad
12802,6,404.0199999999997,6,401.7399999999999,swap,notBad
12803,6,404.0199999999997,6,401.7399999999999,move,improve
12804,6,404.0199999999997,6,401.7399999999999,2opt,notBad
12805,6,404.0199999999997,6,401.7399999999999,swap,notBad
12806,6,404.0199999999997,6,401.7399999999999,move,improve
12807,6,404.0199999999997,6,401.7399999999999,move,improve
12808,6,404.0199999999997,6,401.7399999999999,swap,notBad
12809,6,404.0199999999997,6,401.7399999999999,swap,notBad
12810,6,404.0199999999997,6,401.7399999999999,swap,notBad
12811,6,404.0199999999997,6,401.7399999999999,2opt,notBad
12812,6,404.0199999999997,6,401.7399999999999,move,improve
12813,6,404.0199999999997,6,401.7399999999999,move,improve
12814,6,404.0199999999997,6,401.7399999999999,swap,notBad
12815,6,404.0199999999997,6,401.7399999999999,2opt,notBad
12816,6,404.0199999999997,6,401.7399999999999,swap,notBad
12817,6,404.0199999999997,6,401.7399999999999,swap,notBad
12818,6,404.0199999999997,6,401.7399999999999,2opt,notBad
12819,6,404.0199999999997,6,401.7399999999999,move,improve
12820,6,404.0199999999997,6,401.7399999999999,move,improve
12821,6,404.0199999999997,6,401.7399999999999,2opt,notBad
12822,6,404.0199999999997,6,401.7399999999999,move,improve
12823,6,404.0199999999997,6,401.7399999999999,swap,notBad
12824,6,404.0199999999997,6,401.7399999999999,move,improve
12825,6,404.0199999999997,6,401.7399999999999,2opt,notBad
12826,6,404.0199999999997,6,401.7399999999999,swap,notBad
12827,6,404.0199999999997,6,401.7399999999999,move,improve
12828,6,404.0199999999997,6,401.7399999999999,swap,notBad
12829,6,404.0199999999997,6,401.7399999999999,2opt,notBad
12830,6,404.0199999999997,6,401.7399999999999,swap,notBad
12831,6,404.0199999999997,6,401.7399999999999,2opt,notBad
12832,6,404.0199999999997,6,401.7399999999999,swap,notBad
12833,6,404.0199999999997,6,401.7399999999999,swap,notBad
12834,6,404.0199999999997,6,401.7399999999999,move,improve
12835,6,404.0199999999997,6,401.7399999999999,move,improve
12836,6,404.0199999999997,6,401.7399999999999,2opt,notBad
12837,6,404.0199999999997,6,401.7399999999999,2opt,notBad
12838,6,404.0199999999997,6,401.7399999999999,move,improve
12839,6,404.0199999999997,6,401.7399999999999,2opt,notBad
12840,6,404.0199999999997,6,401.7399999999999,move,improve
12841,6,404.0199999999997,6,401.7399999999999,swap,notBad
12842,6,404.0199999999997,6,401.7399999999999,2opt,notBad
12843,6,404.0199999999997,6,401.7399999999999,2opt,notBad
12844,6,404.0199999999997,6,401.7399999999999,2opt,notBad
12845,6,404.0199999999997,6,401.7399999999999,swap,notBad
12846,6,404.0199999999997,6,401.7399999999999,swap,notBad
12847,6,404.0199999999997,6,401.7399999999999,move,improve
12848,6,404.0199999999997,6,401.7399999999999,swap,notBad
12849,6,404.0199999999997,6,401.7399999999999,swap,notBad
12850,6,404.0199999999997,6,401.7399999999999,swap,notBad
12851,6,404.0199999999997,6,401.7399999999999,swap,notBad
12852,6,404.0199999999997,6,401.7399999999999,swap,notBad
12853,6,404.0199999999997,6,401.7399999999999,swap,notBad
12854,6,404.0199999999997,6,401.7399999999999,swap,notBad
12855,6,404.0199999999997,6,401.7399999999999,2opt,notBad
12856,6,404.0199999999997,6,401.7399999999999,swap,notBad
12857,6,404.0199999999997,6,401.7399999999999,2opt,notBad
12858,6,404.0199999999997,6,401.7399999999999,swap,notBad
12859,6,404.0199999999997,6,401.7399999999999,move,improve
12860,6,404.0199999999997,6,401.7399999999999,swap,notBad
12861,6,404.0199999999997,6,401.7399999999999,2opt,notBad
12862,6,404.0199999999997,6,401.7399999999999,move,improve
12863,6,404.0199999999997,6,401.7399999999999,2opt,notBad
12864,6,404.0199999999997,6,401.7399999999999,2opt,improve
12865,6,404.0199999999997,6,401.7399999999999,swap,notBad
12866,6,404.0199999999997,6,401.7399999999999,swap,notBad
12867,6,404.0199999999997,6,401.7399999999999,move,improve
12868,6,404.0199999999997,6,401.7399999999999,2opt,notBad
12869,6,404.0199999999997,6,401.7399999999999,move,improve
12870,6,404.0199999999997,6,401.7399999999999,swap,notBad
12871,6,404.0199999999997,6,401.7399999999999,2opt,notBad
12872,6,404.0199999999997,6,401.7399999999999,move,improve
12873,6,404.0199999999997,6,401.7399999999999,move,improve
12874,6,404.0199999999997,6,401.7399999999999,2opt,notBad
12875,6,404.0199999999997,6,401.7399999999999,swap,notBad
12876,6,404.0199999999997,6,401.7399999999999,swap,notBad
12877,6,404.0199999999997,6,401.7399999999999,move,improve
12878,6,404.0199999999997,6,401.7399999999999,move,improve
12879,6,404.0199999999997,6,401.7399999999999,swap,notBad
12880,6,404.0199999999997,6,401.7399999999999,2opt,notBad
12881,6,404.0199999999997,6,401.7399999999999,swap,notBad
12882,6,404.0199999999997,6,401.7399999999999,move,improve
12883,6,404.0199999999997,6,401.7399999999999,2opt,notBad
12884,6,404.0199999999997,6,401.7399999999999,2opt,notBad
12885,6,404.0199999999997,6,401.7399999999999,swap,notBad
12886,6,404.0199999999997,6,401.7399999999999,swap,notBad
12887,6,404.0199999999997,6,401.7399999999999,move,improve
12888,6,404.0199999999997,6,401.7399999999999,swap,notBad
12889,6,404.0199999999997,6,401.7399999999999,swap,notBad
12890,6,404.0199999999997,6,401.7399999999999,2opt,notBad
12891,6,404.0199999999997,6,401.7399999999999,move,improve
12892,6,404.0199999999997,6,401.7399999999999,2opt,notBad
12893,6,404.0199999999997,6,401.7399999999999,2opt,notBad
12894,6,404.0199999999997,6,401.7399999999999,swap,notBad
12895,6,404.0199999999997,6,401.7399999999999,2opt,notBad
12896,6,404.0199999999997,6,401.7399999999999,2opt,notBad
12897,6,404.0199999999997,6,401.7399999999999,swap,notBad
12898,6,404.0199999999997,6,401.7399999999999,swap,notBad
12899,6,404.0199999999997,6,401.7399999999999,move,improve
12900,6,404.0199999999997,6,401.7399999999999,swap,notBad
12901,6,404.0199999999997,6,401.7399999999999,2opt,notBad
12902,6,404.0199999999997,6,401.7399999999999,move,improve
12903,6,404.0199999999997,6,401.7399999999999,swap,notBad
12904,6,404.0199999999997,6,401.7399999999999,swap,notBad
12905,6,404.0199999999997,6,401.7399999999999,2opt,notBad
12906,6,404.0199999999997,6,401.7399999999999,move,improve
12907,6,404.0199999999997,6,401.7399999999999,move,improve
12908,6,404.0199999999997,6,401.7399999999999,2opt,notBad
12909,6,404.0199999999997,6,401.7399999999999,move,improve
12910,6,404.0199999999997,6,401.7399999999999,swap,notBad
12911,6,404.0199999999997,6,401.7399999999999,swap,notBad
12912,6,404.0199999999997,6,401.7399999999999,move,improve
12913,6,404.0199999999997,6,401.7399999999999,swap,notBad
12914,6,404.0199999999997,6,401.7399999999999,move,improve
12915,6,404.0199999999997,6,401.7399999999999,move,improve
12916,6,404.0199999999997,6,401.7399999999999,move,improve
12917,6,404.0199999999997,6,401.7399999999999,2opt,notBad
12918,6,404.0199999999997,6,401.7399999999999,2opt,improve
12919,6,404.0199999999997,6,401.7399999999999,move,improve
12920,6,404.0199999999997,6,401.7399999999999,swap,notBad
12921,6,404.0199999999997,6,401.7399999999999,swap,notBad
12922,6,404.0199999999997,6,401.7399999999999,swap,notBad
12923,6,404.0199999999997,6,401.7399999999999,move,improve
12924,6,404.0199999999997,6,401.7399999999999,swap,notBad
12925,6,404.0199999999997,6,401.7399999999999,swap,notBad
12926,6,404.0199999999997,6,401.7399999999999,swap,notBad
12927,6,404.0199999999997,6,401.7399999999999,move,improve
12928,6,404.0199999999997,6,401.7399999999999,swap,notBad
12929,6,404.0199999999997,6,401.7399999999999,swap,notBad
12930,6,404.0199999999997,6,401.7399999999999,2opt,notBad
12931,6,404.0199999999997,6,401.7399999999999,swap,notBad
12932,6,404.0199999999997,6,401.7399999999999,move,improve
12933,6,404.0199999999997,6,401.7399999999999,swap,notBad
12934,6,404.0199999999997,6,401.7399999999999,swap,notBad
12935,6,404.0199999999997,6,401.7399999999999,move,improve
12936,6,404.0199999999997,6,401.7399999999999,2opt,notBad
12937,6,404.0199999999997,6,401.7399999999999,2opt,notBad
12938,6,404.0199999999997,6,401.7399999999999,move,improve
12939,6,404.0199999999997,6,401.7399999999999,swap,notBad
12940,6,404.0199999999997,6,401.7399999999999,2opt,notBad
12941,6,404.0199999999997,6,401.7399999999999,swap,notBad
12942,6,404.0199999999997,6,401.7399999999999,move,improve
12943,6,404.0199999999997,6,401.7399999999999,2opt,notBad
12944,6,404.0199999999997,6,401.7399999999999,swap,notBad
12945,6,404.0199999999997,6,401.7399999999999,2opt,improve
12946,6,404.0199999999997,6,401.7399999999999,swap,notBad
12947,6,404.0199999999997,6,401.7399999999999,swap,notBad
12948,6,404.0199999999997,6,401.7399999999999,move,improve
12949,6,404.0199999999997,6,401.7399999999999,2opt,notBad
12950,6,404.0199999999997,6,401.7399999999999,2opt,notBad
12951,6,404.0199999999997,6,401.7399999999999,2opt,notBad
12952,6,404.0199999999997,6,401.7399999999999,2opt,improve
12953,6,404.0199999999997,6,401.7399999999999,move,improve
12954,6,404.0199999999997,6,401.7399999999999,move,improve
12955,6,404.0199999999997,6,401.7399999999999,swap,notBad
12956,6,404.0199999999997,6,401.7399999999999,move,improve
12957,6,404.0199999999997,6,401.7399999999999,2opt,notBad
12958,6,404.0199999999997,6,401.7399999999999,swap,notBad
12959,6,404.0199999999997,6,401.7399999999999,swap,notBad
12960,6,404.0199999999997,6,401.7399999999999,2opt,notBad
12961,6,404.0199999999997,6,401.7399999999999,2opt,notBad
12962,6,404.0199999999997,6,401.7399999999999,move,improve
12963,6,404.0199999999997,6,401.7399999999999,move,improve
12964,6,404.0199999999997,6,401.7399999999999,2opt,notBad
12965,6,404.0199999999997,6,401.7399999999999,swap,notBad
12966,6,404.0199999999997,6,401.7399999999999,move,improve
12967,6,404.0199999999997,6,401.7399999999999,swap,notBad
12968,6,404.0199999999997,6,401.7399999999999,move,improve
12969,6,404.0199999999997,6,401.7399999999999,swap,notBad
12970,6,404.0199999999997,6,401.7399999999999,move,improve
12971,6,404.0199999999997,6,401.7399999999999,move,improve
12972,6,404.0199999999997,6,401.7399999999999,swap,notBad
12973,6,404.0199999999997,6,401.7399999999999,2opt,notBad
12974,6,404.0199999999997,6,401.7399999999999,swap,notBad
12975,6,404.0199999999997,6,401.7399999999999,move,improve
12976,6,404.0199999999997,6,401.7399999999999,move,improve
12977,6,404.0199999999997,6,401.7399999999999,swap,notBad
12978,6,404.0199999999997,6,401.7399999999999,swap,notBad
12979,6,404.0199999999997,6,401.7399999999999,2opt,notBad
12980,6,404.0199999999997,6,401.7399999999999,2opt,improve
12981,6,404.0199999999997,6,401.7399999999999,move,improve
12982,6,404.0199999999997,6,401.7399999999999,swap,notBad
12983,6,404.0199999999997,6,401.7399999999999,move,improve
12984,6,404.0199999999997,6,401.7399999999999,2opt,notBad
12985,6,404.0199999999997,6,401.7399999999999,2opt,notBad
12986,6,404.0199999999997,6,401.7399999999999,swap,notBad
12987,6,404.0199999999997,6,401.7399999999999,swap,notBad
12988,6,404.0199999999997,6,401.7399999999999,2opt,notBad
12989,6,404.0199999999997,6,401.7399999999999,move,improve
12990,6,404.0199999999997,6,401.7399999999999,swap,notBad
12991,6,404.0199999999997,6,401.7399999999999,2opt,notBad
12992,6,404.0199999999997,6,401.7399999999999,move,improve
12993,6,404.0199999999997,6,401.7399999999999,move,improve
12994,6,404.0199999999997,6,401.7399999999999,move,improve
12995,6,404.0199999999997,6,401.7399999999999,move,improve
12996,6,404.0199999999997,6,401.7399999999999,move,improve
12997,6,404.0199999999997,6,401.7399999999999,2opt,improve
12998,6,404.0199999999997,6,401.7399999999999,swap,notBad
12999,6,404.0199999999997,6,401.7399999999999,swap,notBad
13000,6,404.0199999999997,6,401.7399999999999,swap,notBad
13001,6,404.0199999999997,6,401.7399999999999,swap,notBad
13002,6,404.0199999999997,6,401.7399999999999,move,improve
13003,6,404.0199999999997,6,401.7399999999999,2opt,notBad
13004,6,404.0199999999997,6,401.7399999999999,2opt,notBad
13005,6,404.0199999999997,6,401.7399999999999,move,improve
13006,6,404.0199999999997,6,401.7399999999999,2opt,notBad
13007,6,404.0199999999997,6,401.7399999999999,move,improve
13008,6,404.0199999999997,6,401.7399999999999,swap,notBad
13009,6,404.0199999999997,6,401.7399999999999,swap,notBad
13010,6,404.0199999999997,6,401.7399999999999,move,improve
13011,6,404.0199999999997,6,401.7399999999999,swap,notBad
13012,6,404.0199999999997,6,401.7399999999999,move,improve
13013,6,404.0199999999997,6,401.7399999999999,move,improve
13014,6,404.0199999999997,6,401.7399999999999,swap,notBad
13015,6,404.0199999999997,6,401.7399999999999,swap,notBad
13016,6,404.0199999999997,6,401.7399999999999,move,improve
13017,6,404.0199999999997,6,401.7399999999999,move,improve
13018,6,404.0199999999997,6,401.7399999999999,2opt,notBad
13019,6,404.0199999999997,6,401.7399999999999,move,improve
13020,6,404.0199999999997,6,401.7399999999999,move,improve
13021,6,404.0199999999997,6,401.7399999999999,move,improve
13022,6,404.0199999999997,6,401.7399999999999,swap,notBad
13023,6,404.0199999999997,6,401.7399999999999,swap,notBad
13024,6,404.0199999999997,6,401.7399999999999,2opt,notBad
13025,6,404.0199999999997,6,401.7399999999999,move,improve
13026,6,404.0199999999997,6,401.7399999999999,2opt,improve
13027,6,404.0199999999997,6,401.7399999999999,swap,notBad
13028,6,404.0199999999997,6,401.7399999999999,swap,notBad
13029,6,404.0199999999997,6,401.7399999999999,move,improve
13030,6,404.0199999999997,6,401.7399999999999,move,improve
13031,6,404.0199999999997,6,401.7399999999999,2opt,notBad
13032,6,404.0199999999997,6,401.7399999999999,move,improve
13033,6,404.0199999999997,6,401.7399999999999,2opt,notBad
13034,6,404.0199999999997,6,401.7399999999999,2opt,notBad
13035,6,404.0199999999997,6,401.7399999999999,move,improve
13036,6,404.0199999999997,6,401.7399999999999,move,improve
13037,6,404.0199999999997,6,401.7399999999999,move,improve
13038,6,404.0199999999997,6,401.7399999999999,move,improve
13039,6,404.0199999999997,6,401.7399999999999,2opt,notBad
13040,6,404.0199999999997,6,401.7399999999999,move,improve
13041,6,404.0199999999997,6,401.7399999999999,move,improve
13042,6,404.0199999999997,6,401.7399999999999,move,improve
13043,6,404.0199999999997,6,401.7399999999999,move,improve
13044,6,404.0199999999997,6,401.7399999999999,2opt,notBad
13045,6,404.0199999999997,6,401.7399999999999,2opt,notBad
13046,6,404.0199999999997,6,401.7399999999999,swap,notBad
13047,6,404.0199999999997,6,401.7399999999999,swap,notBad
13048,6,404.0199999999997,6,401.7399999999999,2opt,notBad
13049,6,404.0199999999997,6,401.7399999999999,2opt,notBad
13050,6,404.0199999999997,6,401.7399999999999,2opt,notBad
13051,6,404.0199999999997,6,401.7399999999999,move,improve
13052,6,404.0199999999997,6,401.7399999999999,2opt,notBad
13053,6,404.0199999999997,6,401.7399999999999,2opt,notBad
13054,6,404.0199999999997,6,401.7399999999999,swap,notBad
13055,6,404.0199999999997,6,401.7399999999999,move,improve
13056,6,404.0199999999997,6,401.7399999999999,2opt,notBad
13057,6,404.0199999999997,6,401.7399999999999,2opt,notBad
13058,6,404.0199999999997,6,401.7399999999999,swap,notBad
13059,6,404.0199999999997,6,401.7399999999999,2opt,notBad
13060,6,404.0199999999997,6,401.7399999999999,2opt,improve
13061,6,404.0199999999997,6,401.7399999999999,2opt,notBad
13062,6,404.0199999999997,6,401.7399999999999,2opt,notBad
13063,6,404.0199999999997,6,401.7399999999999,move,improve
13064,6,404.0199999999997,6,401.7399999999999,2opt,notBad
13065,6,404.0199999999997,6,401.7399999999999,2opt,notBad
13066,6,404.0199999999997,6,401.7399999999999,swap,notBad
13067,6,404.0199999999997,6,401.7399999999999,swap,notBad
13068,6,404.0199999999997,6,401.7399999999999,2opt,notBad
13069,6,404.0199999999997,6,401.7399999999999,move,improve
13070,6,404.0199999999997,6,401.7399999999999,move,improve
13071,6,404.0199999999997,6,401.7399999999999,move,improve
13072,6,404.0199999999997,6,401.7399999999999,2opt,notBad
13073,6,404.0199999999997,6,401.7399999999999,2opt,notBad
13074,6,404.0199999999997,6,401.7399999999999,2opt,notBad
13075,6,404.0199999999997,6,401.7399999999999,swap,notBad
13076,6,404.0199999999997,6,401.7399999999999,2opt,notBad
13077,6,404.0199999999997,6,401.7399999999999,move,improve
13078,6,404.0199999999997,6,401.7399999999999,2opt,notBad
13079,6,404.0199999999997,6,401.7399999999999,move,improve
13080,6,404.0199999999997,6,401.7399999999999,swap,notBad
13081,6,404.0199999999997,6,401.7399999999999,2opt,notBad
13082,6,404.0199999999997,6,401.7399999999999,swap,notBad
13083,6,404.0199999999997,6,401.7399999999999,move,improve
13084,6,404.0199999999997,6,401.7399999999999,2opt,notBad
13085,6,404.0199999999997,6,401.7399999999999,2opt,notBad
13086,6,404.0199999999997,6,401.7399999999999,swap,notBad
13087,6,404.0199999999997,6,401.7399999999999,swap,notBad
13088,6,404.0199999999997,6,401.7399999999999,move,improve
13089,6,404.0199999999997,6,401.7399999999999,swap,notBad
13090,6,404.0199999999997,6,401.7399999999999,swap,notBad
13091,6,404.0199999999997,6,401.7399999999999,2opt,notBad
13092,6,404.0199999999997,6,401.7399999999999,swap,notBad
13093,6,404.0199999999997,6,401.7399999999999,move,improve
13094,6,404.0199999999997,6,401.7399999999999,move,improve
13095,6,404.0199999999997,6,401.7399999999999,move,improve
13096,6,404.0199999999997,6,401.7399999999999,move,improve
13097,6,404.0199999999997,6,401.7399999999999,move,improve
13098,6,404.0199999999997,6,401.7399999999999,swap,notBad
13099,6,404.0199999999997,6,401.7399999999999,swap,notBad
13100,6,404.0199999999997,6,401.7399999999999,move,improve
13101,6,404.0199999999997,6,401.7399999999999,2opt,improve
13102,6,404.0199999999997,6,401.7399999999999,2opt,notBad
13103,6,404.0199999999997,6,401.7399999999999,move,improve
13104,6,404.0199999999997,6,401.7399999999999,swap,notBad
13105,6,404.0199999999997,6,401.7399999999999,2opt,notBad
13106,6,404.0199999999997,6,401.7399999999999,swap,notBad
13107,6,404.0199999999997,6,401.7399999999999,move,improve
13108,6,404.0199999999997,6,401.7399999999999,swap,notBad
13109,6,404.0199999999997,6,401.7399999999999,swap,notBad
13110,6,404.0199999999997,6,401.7399999999999,move,improve
13111,6,404.0199999999997,6,401.7399999999999,swap,notBad
13112,6,404.0199999999997,6,401.7399999999999,swap,notBad
13113,6,404.0199999999997,6,401.7399999999999,swap,notBad
13114,6,404.0199999999997,6,401.7399999999999,2opt,notBad
13115,6,404.0199999999997,6,401.7399999999999,2opt,improve
13116,6,404.0199999999997,6,401.7399999999999,2opt,notBad
13117,6,404.0199999999997,6,401.7399999999999,move,improve
13118,6,404.0199999999997,6,401.7399999999999,2opt,notBad
13119,6,404.0199999999997,6,401.7399999999999,move,improve
13120,6,404.0199999999997,6,401.7399999999999,2opt,notBad
13121,6,404.0199999999997,6,401.7399999999999,2opt,notBad
13122,6,404.0199999999997,6,401.7399999999999,swap,notBad
13123,6,404.0199999999997,6,401.7399999999999,move,improve
13124,6,404.0199999999997,6,401.7399999999999,swap,notBad
13125,6,404.0199999999997,6,401.7399999999999,2opt,notBad
13126,6,404.0199999999997,6,401.7399999999999,swap,notBad
13127,6,404.0199999999997,6,401.7399999999999,swap,notBad
13128,6,404.0199999999997,6,401.7399999999999,2opt,notBad
13129,6,404.0199999999997,6,401.7399999999999,swap,notBad
13130,6,404.0199999999997,6,401.7399999999999,swap,notBad
13131,6,404.0199999999997,6,401.7399999999999,swap,notBad
13132,6,404.0199999999997,6,401.7399999999999,move,improve
13133,6,404.72000000000014,6,401.7399999999999,move,acceptBad
13134,6,404.72000000000014,6,401.7399999999999,swap,notBad
13135,6,404.72000000000014,6,401.7399999999999,2opt,notBad
13136,6,404.72000000000014,6,401.7399999999999,swap,notBad
13137,6,404.72000000000014,6,401.7399999999999,2opt,notBad
13138,6,404.72000000000014,6,401.7399999999999,swap,notBad
13139,6,404.72000000000014,6,401.7399999999999,move,improve
13140,6,404.72000000000014,6,401.7399999999999,move,improve
13141,6,404.72000000000014,6,401.7399999999999,swap,notBad
13142,6,404.72000000000014,6,401.7399999999999,move,improve
13143,6,404.72000000000014,6,401.7399999999999,swap,notBad
13144,6,404.72000000000014,6,401.7399999999999,2opt,notBad
13145,6,404.72000000000014,6,401.7399999999999,move,improve
13146,6,404.72000000000014,6,401.7399999999999,swap,notBad
13147,6,404.72000000000014,6,401.7399999999999,swap,notBad
13148,6,404.72000000000014,6,401.7399999999999,swap,notBad
13149,6,404.72000000000014,6,401.7399999999999,2opt,notBad
13150,6,404.72000000000014,6,401.7399999999999,2opt,notBad
13151,6,404.72000000000014,6,401.7399999999999,2opt,notBad
13152,6,404.72000000000014,6,401.7399999999999,move,improve
13153,6,404.72000000000014,6,401.7399999999999,move,improve
13154,6,404.72000000000014,6,401.7399999999999,2opt,notBad
13155,6,404.72000000000014,6,401.7399999999999,2opt,improve
13156,6,404.72000000000014,6,401.7399999999999,swap,notBad
13157,6,404.72000000000014,6,401.7399999999999,move,improve
13158,6,404.72000000000014,6,401.7399999999999,move,improve
13159,6,404.72000000000014,6,401.7399999999999,swap,notBad
13160,6,404.72000000000014,6,401.7399999999999,2opt,notBad
13161,6,404.72000000000014,6,401.7399999999999,swap,notBad
13162,6,404.72000000000014,6,401.7399999999999,swap,notBad
13163,6,404.72000000000014,6,401.7399999999999,2opt,notBad
13164,6,404.72000000000014,6,401.7399999999999,swap,notBad
13165,6,404.72000000000014,6,401.7399999999999,2opt,notBad
13166,6,404.72000000000014,6,401.7399999999999,move,improve
13167,6,404.72000000000014,6,401.7399999999999,swap,notBad
13168,6,404.72000000000014,6,401.7399999999999,move,improve
13169,6,404.72000000000014,6,401.7399999999999,2opt,notBad
13170,6,404.72000000000014,6,401.7399999999999,swap,notBad
13171,6,404.72000000000014,6,401.7399999999999,move,improve
13172,6,404.72000000000014,6,401.7399999999999,move,improve
13173,6,404.72000000000014,6,401.7399999999999,swap,notBad
13174,6,404.72000000000014,6,401.7399999999999,move,improve
13175,6,404.72000000000014,6,401.7399999999999,2opt,notBad
13176,6,404.72000000000014,6,401.7399999999999,swap,notBad
13177,6,404.72000000000014,6,401.7399999999999,move,improve
13178,6,404.72000000000014,6,401.7399999999999,swap,notBad
13179,6,404.72000000000014,6,401.7399999999999,swap,notBad
13180,6,404.72000000000014,6,401.7399999999999,swap,notBad
13181,6,404.72000000000014,6,401.7399999999999,2opt,improve
13182,6,404.72000000000014,6,401.7399999999999,2opt,notBad
13183,6,404.72000000000014,6,401.7399999999999,move,improve
13184,6,404.72000000000014,6,401.7399999999999,move,improve
13185,6,404.72000000000014,6,401.7399999999999,move,improve
13186,6,404.72000000000014,6,401.7399999999999,2opt,notBad
13187,6,404.72000000000014,6,401.7399999999999,2opt,notBad
13188,6,404.72000000000014,6,401.7399999999999,swap,notBad
13189,6,404.72000000000014,6,401.7399999999999,2opt,notBad
13190,6,404.72000000000014,6,401.7399999999999,swap,notBad
13191,6,404.72000000000014,6,401.7399999999999,move,improve
13192,6,404.72000000000014,6,401.7399999999999,move,improve
13193,6,404.72000000000014,6,401.7399999999999,swap,notBad
13194,6,404.72000000000014,6,401.7399999999999,2opt,notBad
13195,6,404.72000000000014,6,401.7399999999999,swap,notBad
13196,6,404.72000000000014,6,401.7399999999999,move,improve
13197,6,404.72000000000014,6,401.7399999999999,move,improve
13198,6,404.72000000000014,6,401.7399999999999,swap,notBad
13199,6,404.72000000000014,6,401.7399999999999,2opt,notBad
13200,6,404.72000000000014,6,401.7399999999999,swap,notBad
13201,6,404.72000000000014,6,401.7399999999999,move,improve
13202,6,404.72000000000014,6,401.7399999999999,swap,notBad
13203,6,404.72000000000014,6,401.7399999999999,2opt,notBad
13204,6,404.72000000000014,6,401.7399999999999,move,improve
13205,6,404.72000000000014,6,401.7399999999999,move,improve
13206,6,404.72000000000014,6,401.7399999999999,move,improve
13207,6,404.72000000000014,6,401.7399999999999,swap,notBad
13208,6,404.72000000000014,6,401.7399999999999,swap,notBad
13209,6,404.72000000000014,6,401.7399999999999,swap,notBad
13210,6,404.72000000000014,6,401.7399999999999,move,improve
13211,6,404.72000000000014,6,401.7399999999999,swap,notBad
13212,6,404.72000000000014,6,401.7399999999999,2opt,notBad
13213,6,404.72000000000014,6,401.7399999999999,swap,notBad
13214,6,404.72000000000014,6,401.7399999999999,move,improve
13215,6,404.72000000000014,6,401.7399999999999,swap,notBad
13216,6,404.72000000000014,6,401.7399999999999,2opt,notBad
13217,6,404.72000000000014,6,401.7399999999999,2opt,notBad
13218,6,404.72000000000014,6,401.7399999999999,swap,notBad
13219,6,404.72000000000014,6,401.7399999999999,2opt,notBad
13220,6,404.72000000000014,6,401.7399999999999,move,improve
13221,6,404.72000000000014,6,401.7399999999999,2opt,notBad
13222,6,404.72000000000014,6,401.7399999999999,swap,notBad
13223,6,404.72000000000014,6,401.7399999999999,swap,notBad
13224,6,404.72000000000014,6,401.7399999999999,swap,notBad
13225,6,404.72000000000014,6,401.7399999999999,move,improve
13226,6,404.72000000000014,6,401.7399999999999,swap,notBad
13227,6,404.72000000000014,6,401.7399999999999,2opt,notBad
13228,6,404.72000000000014,6,401.7399999999999,2opt,notBad
13229,6,404.72000000000014,6,401.7399999999999,move,improve
13230,6,404.72000000000014,6,401.7399999999999,swap,notBad
13231,6,404.72000000000014,6,401.7399999999999,2opt,improve
13232,6,404.72000000000014,6,401.7399999999999,move,improve
13233,6,404.72000000000014,6,401.7399999999999,move,improve
13234,6,404.72000000000014,6,401.7399999999999,swap,notBad
13235,6,404.72000000000014,6,401.7399999999999,swap,notBad
13236,6,404.72000000000014,6,401.7399999999999,move,improve
13237,6,404.72000000000014,6,401.7399999999999,2opt,notBad
13238,6,404.72000000000014,6,401.7399999999999,move,improve
13239,6,404.72000000000014,6,401.7399999999999,move,improve
13240,6,404.72000000000014,6,401.7399999999999,swap,notBad
13241,6,404.72000000000014,6,401.7399999999999,move,improve
13242,6,404.72000000000014,6,401.7399999999999,2opt,notBad
13243,6,404.72000000000014,6,401.7399999999999,swap,notBad
13244,6,404.72000000000014,6,401.7399999999999,2opt,notBad
13245,6,404.72000000000014,6,401.7399999999999,swap,notBad
13246,6,404.0199999999997,6,401.7399999999999,move,improve
13247,6,404.0199999999997,6,401.7399999999999,move,improve
13248,6,404.0199999999997,6,401.7399999999999,swap,notBad
13249,6,404.0199999999997,6,401.7399999999999,move,improve
13250,6,404.0199999999997,6,401.7399999999999,move,improve
13251,6,404.0199999999997,6,401.7399999999999,2opt,improve
13252,6,404.0199999999997,6,401.7399999999999,move,improve
13253,6,404.0199999999997,6,401.7399999999999,move,improve
13254,6,404.0199999999997,6,401.7399999999999,swap,notBad
13255,6,404.0199999999997,6,401.7399999999999,2opt,notBad
13256,6,404.0199999999997,6,401.7399999999999,move,improve
13257,6,404.0199999999997,6,401.7399999999999,swap,notBad
13258,6,404.0199999999997,6,401.7399999999999,swap,notBad
13259,6,404.0199999999997,6,401.7399999999999,move,improve
13260,6,404.0199999999997,6,401.7399999999999,2opt,notBad
13261,6,404.0199999999997,6,401.7399999999999,swap,notBad
13262,6,404.0199999999997,6,401.7399999999999,2opt,notBad
13263,6,404.0199999999997,6,401.7399999999999,swap,notBad
13264,6,404.0199999999997,6,401.7399999999999,move,improve
13265,6,404.0199999999997,6,401.7399999999999,swap,notBad
13266,6,404.0199999999997,6,401.7399999999999,2opt,notBad
13267,6,404.0199999999997,6,401.7399999999999,move,improve
13268,6,404.0199999999997,6,401.7399999999999,2opt,notBad
13269,6,404.0199999999997,6,401.7399999999999,move,improve
13270,6,404.0199999999997,6,401.7399999999999,2opt,notBad
13271,6,404.0199999999997,6,401.7399999999999,swap,notBad
13272,6,404.0199999999997,6,401.7399999999999,2opt,notBad
13273,6,404.0199999999997,6,401.7399999999999,swap,notBad
13274,6,404.0199999999997,6,401.7399999999999,2opt,notBad
13275,6,404.0199999999997,6,401.7399999999999,swap,notBad
13276,6,404.0199999999997,6,401.7399999999999,swap,notBad
13277,6,404.0199999999997,6,401.7399999999999,swap,notBad
13278,6,404.0199999999997,6,401.7399999999999,move,improve
13279,6,404.0199999999997,6,401.7399999999999,swap,notBad
13280,6,404.0199999999997,6,401.7399999999999,move,improve
13281,6,404.0199999999997,6,401.7399999999999,move,improve
13282,6,404.0199999999997,6,401.7399999999999,swap,notBad
13283,6,404.0199999999997,6,401.7399999999999,move,improve
13284,6,404.0199999999997,6,401.7399999999999,2opt,notBad
13285,6,404.0199999999997,6,401.7399999999999,move,improve
13286,6,404.0199999999997,6,401.7399999999999,swap,notBad
13287,6,404.0199999999997,6,401.7399999999999,move,improve
13288,6,404.0199999999997,6,401.7399999999999,move,improve
13289,6,404.0199999999997,6,401.7399999999999,2opt,notBad
13290,6,404.0199999999997,6,401.7399999999999,2opt,notBad
13291,6,404.0199999999997,6,401.7399999999999,move,improve
13292,6,404.0199999999997,6,401.7399999999999,move,improve
13293,6,404.0199999999997,6,401.7399999999999,2opt,notBad
13294,6,404.0199999999997,6,401.7399999999999,swap,notBad
13295,6,404.0199999999997,6,401.7399999999999,swap,notBad
13296,6,404.0199999999997,6,401.7399999999999,move,improve
13297,6,404.0199999999997,6,401.7399999999999,2opt,notBad
13298,6,404.0199999999997,6,401.7399999999999,2opt,notBad
13299,6,404.0199999999997,6,401.7399999999999,move,improve
13300,6,404.0199999999997,6,401.7399999999999,move,improve
13301,6,404.0199999999997,6,401.7399999999999,swap,notBad
13302,6,404.0199999999997,6,401.7399999999999,2opt,notBad
13303,6,404.0199999999997,6,401.7399999999999,2opt,notBad
13304,6,404.0199999999997,6,401.7399999999999,move,improve
13305,6,404.0199999999997,6,401.7399999999999,move,improve
13306,6,404.0199999999997,6,401.7399999999999,2opt,improve
13307,6,404.0199999999997,6,401.7399999999999,move,improve
13308,6,404.0199999999997,6,401.7399999999999,swap,notBad
13309,6,404.0199999999997,6,401.7399999999999,move,improve
13310,6,404.0199999999997,6,401.7399999999999,swap,notBad
13311,6,404.0199999999997,6,401.7399999999999,2opt,improve
13312,6,404.0199999999997,6,401.7399999999999,swap,notBad
13313,6,404.0199999999997,6,401.7399999999999,swap,notBad
13314,6,404.0199999999997,6,401.7399999999999,swap,notBad
13315,6,404.0199999999997,6,401.7399999999999,2opt,notBad
13316,6,404.0199999999997,6,401.7399999999999,move,improve
13317,6,404.0199999999997,6,401.7399999999999,swap,notBad
13318,6,404.0199999999997,6,401.7399999999999,2opt,notBad
13319,6,404.0199999999997,6,401.7399999999999,2opt,notBad
13320,6,404.0199999999997,6,401.7399999999999,2opt,notBad
13321,6,404.0199999999997,6,401.7399999999999,2opt,notBad
13322,6,404.0199999999997,6,401.7399999999999,swap,notBad
13323,6,404.0199999999997,6,401.7399999999999,swap,notBad
13324,6,404.0199999999997,6,401.7399999999999,swap,notBad
13325,6,404.0199999999997,6,401.7399999999999,swap,notBad
13326,6,404.0199999999997,6,401.7399999999999,swap,notBad
13327,6,404.0199999999997,6,401.7399999999999,2opt,notBad
13328,6,404.0199999999997,6,401.7399999999999,swap,notBad
13329,6,404.0199999999997,6,401.7399999999999,move,improve
13330,6,404.0199999999997,6,401.7399999999999,swap,notBad
13331,6,404.0199999999997,6,401.7399999999999,2opt,notBad
13332,6,404.0199999999997,6,401.7399999999999,swap,notBad
13333,6,404.0199999999997,6,401.7399999999999,2opt,notBad
13334,6,404.0199999999997,6,401.7399999999999,move,improve
13335,6,404.0199999999997,6,401.7399999999999,swap,notBad
13336,6,404.0199999999997,6,401.7399999999999,swap,notBad
13337,6,404.0199999999997,6,401.7399999999999,2opt,notBad
13338,6,404.0199999999997,6,401.7399999999999,2opt,notBad
13339,6,404.0199999999997,6,401.7399999999999,swap,notBad
13340,6,404.0199999999997,6,401.7399999999999,2opt,notBad
13341,6,404.0199999999997,6,401.7399999999999,move,improve
13342,6,404.0199999999997,6,401.7399999999999,swap,notBad
13343,6,404.0199999999997,6,401.7399999999999,swap,notBad
13344,6,404.0199999999997,6,401.7399999999999,2opt,notBad
13345,6,404.0199999999997,6,401.7399999999999,move,improve
13346,6,404.0199999999997,6,401.7399999999999,move,improve
13347,6,404.0199999999997,6,401.7399999999999,2opt,notBad
13348,6,404.0199999999997,6,401.7399999999999,2opt,notBad
13349,6,404.0199999999997,6,401.7399999999999,2opt,notBad
13350,6,404.0199999999997,6,401.7399999999999,move,improve
13351,6,404.0199999999997,6,401.7399999999999,move,improve
13352,6,404.0199999999997,6,401.7399999999999,swap,notBad
13353,6,404.0199999999997,6,401.7399999999999,move,improve
13354,6,404.0199999999997,6,401.7399999999999,2opt,notBad
13355,6,404.0199999999997,6,401.7399999999999,2opt,notBad
13356,6,404.0199999999997,6,401.7399999999999,move,improve
13357,6,404.0199999999997,6,401.7399999999999,move,improve
13358,6,404.0199999999997,6,401.7399999999999,swap,notBad
13359,6,404.0199999999997,6,401.7399999999999,swap,notBad
13360,6,404.0199999999997,6,401.7399999999999,swap,notBad
13361,6,404.0199999999997,6,401.7399999999999,swap,notBad
13362,6,404.0199999999997,6,401.7399999999999,2opt,notBad
13363,6,404.0199999999997,6,401.7399999999999,swap,notBad
13364,6,404.0199999999997,6,401.7399999999999,2opt,notBad
13365,6,404.0199999999997,6,401.7399999999999,swap,notBad
13366,6,404.0199999999997,6,401.7399999999999,2opt,improve
13367,6,404.0199999999997,6,401.7399999999999,swap,notBad
13368,6,404.0199999999997,6,401.7399999999999,2opt,notBad
13369,6,404.0199999999997,6,401.7399999999999,move,improve
13370,6,404.0199999999997,6,401.7399999999999,2opt,notBad
13371,6,404.0199999999997,6,401.7399999999999,swap,notBad
13372,6,404.0199999999997,6,401.7399999999999,move,improve
13373,6,404.0199999999997,6,401.7399999999999,2opt,notBad
13374,6,404.0199999999997,6,401.7399999999999,2opt,notBad
13375,6,404.0199999999997,6,401.7399999999999,2opt,notBad
13376,6,404.0199999999997,6,401.7399999999999,swap,notBad
13377,6,404.0199999999997,6,401.7399999999999,move,improve
13378,6,404.0199999999997,6,401.7399999999999,move,improve
13379,6,404.0199999999997,6,401.7399999999999,2opt,notBad
13380,6,404.0199999999997,6,401.7399999999999,swap,notBad
13381,6,404.0199999999997,6,401.7399999999999,2opt,notBad
13382,6,404.0199999999997,6,401.7399999999999,swap,notBad
13383,6,404.0199999999997,6,401.7399999999999,move,improve
13384,6,404.0199999999997,6,401.7399999999999,move,improve
13385,6,404.0199999999997,6,401.7399999999999,swap,notBad
13386,6,404.0199999999997,6,401.7399999999999,swap,notBad
13387,6,404.0199999999997,6,401.7399999999999,move,improve
13388,6,404.0199999999997,6,401.7399999999999,swap,notBad
13389,6,404.0199999999997,6,401.7399999999999,move,improve
13390,6,404.0199999999997,6,401.7399999999999,swap,notBad
13391,6,404.0199999999997,6,401.7399999999999,2opt,notBad
13392,6,404.0199999999997,6,401.7399999999999,swap,notBad
13393,6,404.0199999999997,6,401.7399999999999,2opt,notBad
13394,6,404.0199999999997,6,401.7399999999999,swap,notBad
13395,6,404.0199999999997,6,401.7399999999999,swap,notBad
13396,6,404.0199999999997,6,401.7399999999999,move,improve
13397,6,404.0199999999997,6,401.7399999999999,swap,notBad
13398,6,404.0199999999997,6,401.7399999999999,move,improve
13399,6,404.0199999999997,6,401.7399999999999,move,improve
13400,6,404.0199999999997,6,401.7399999999999,swap,notBad
13401,6,404.0199999999997,6,401.7399999999999,swap,notBad
13402,6,404.0199999999997,6,401.7399999999999,2opt,notBad
13403,6,404.0199999999997,6,401.7399999999999,swap,notBad
13404,6,404.0199999999997,6,401.7399999999999,2opt,notBad
13405,6,404.0199999999997,6,401.7399999999999,move,improve
13406,6,404.0199999999997,6,401.7399999999999,swap,notBad
13407,6,404.0199999999997,6,401.7399999999999,2opt,notBad
13408,6,404.0199999999997,6,401.7399999999999,swap,notBad
13409,6,404.0199999999997,6,401.7399999999999,2opt,notBad
13410,6,404.0199999999997,6,401.7399999999999,swap,notBad
13411,6,404.0199999999997,6,401.7399999999999,swap,notBad
13412,6,404.0199999999997,6,401.7399999999999,swap,notBad
13413,6,404.0199999999997,6,401.7399999999999,move,improve
13414,6,404.0199999999997,6,401.7399999999999,2opt,notBad
13415,6,404.0199999999997,6,401.7399999999999,swap,notBad
13416,6,404.0199999999997,6,401.7399999999999,swap,notBad
13417,6,404.0199999999997,6,401.7399999999999,2opt,notBad
13418,6,404.0199999999997,6,401.7399999999999,2opt,notBad
13419,6,404.0199999999997,6,401.7399999999999,swap,notBad
13420,6,404.0199999999997,6,401.7399999999999,2opt,notBad
13421,6,404.0199999999997,6,401.7399999999999,2opt,notBad
13422,6,404.0199999999997,6,401.7399999999999,move,improve
13423,6,404.0199999999997,6,401.7399999999999,2opt,notBad
13424,6,404.0199999999997,6,401.7399999999999,move,improve
13425,6,404.0199999999997,6,401.7399999999999,2opt,improve
13426,6,404.0199999999997,6,401.7399999999999,2opt,notBad
13427,6,404.0199999999997,6,401.7399999999999,swap,notBad
13428,6,404.0199999999997,6,401.7399999999999,move,improve
13429,6,404.0199999999997,6,401.7399999999999,swap,notBad
13430,6,404.0199999999997,6,401.7399999999999,2opt,improve
13431,6,404.0199999999997,6,401.7399999999999,2opt,notBad
13432,6,404.0199999999997,6,401.7399999999999,swap,notBad
13433,6,404.0199999999997,6,401.7399999999999,move,improve
13434,6,404.0199999999997,6,401.7399999999999,swap,notBad
13435,6,404.0199999999997,6,401.7399999999999,move,improve
13436,6,404.0199999999997,6,401.7399999999999,swap,notBad
13437,6,404.0199999999997,6,401.7399999999999,2opt,notBad
13438,6,404.0199999999997,6,401.7399999999999,2opt,notBad
13439,6,404.0199999999997,6,401.7399999999999,swap,notBad
13440,6,404.0199999999997,6,401.7399999999999,2opt,notBad
13441,6,404.0199999999997,6,401.7399999999999,swap,notBad
13442,6,404.0199999999997,6,401.7399999999999,swap,notBad
13443,6,404.0199999999997,6,401.7399999999999,2opt,notBad
13444,6,404.0199999999997,6,401.7399999999999,move,improve
13445,6,404.0199999999997,6,401.7399999999999,move,improve
13446,6,404.0199999999997,6,401.7399999999999,move,improve
13447,6,404.0199999999997,6,401.7399999999999,2opt,notBad
13448,6,404.0199999999997,6,401.7399999999999,2opt,notBad
13449,6,404.0199999999997,6,401.7399999999999,2opt,improve
13450,6,404.0199999999997,6,401.7399999999999,move,improve
13451,6,404.0199999999997,6,401.7399999999999,2opt,notBad
13452,6,404.0199999999997,6,401.7399999999999,swap,notBad
13453,6,404.0199999999997,6,401.7399999999999,move,improve
13454,6,404.0199999999997,6,401.7399999999999,2opt,notBad
13455,6,404.0199999999997,6,401.7399999999999,swap,notBad
13456,6,404.0199999999997,6,401.7399999999999,move,improve
13457,6,404.0199999999997,6,401.7399999999999,2opt,notBad
13458,6,404.0199999999997,6,401.7399999999999,swap,notBad
13459,6,404.0199999999997,6,401.7399999999999,2opt,notBad
13460,6,404.0199999999997,6,401.7399999999999,2opt,notBad
13461,6,404.0199999999997,6,401.7399999999999,move,improve
13462,6,404.0199999999997,6,401.7399999999999,2opt,notBad
13463,6,404.0199999999997,6,401.7399999999999,2opt,notBad
13464,6,404.0199999999997,6,401.7399999999999,swap,notBad
13465,6,404.0199999999997,6,401.7399999999999,2opt,notBad
13466,6,404.0199999999997,6,401.7399999999999,2opt,improve
13467,6,404.0199999999997,6,401.7399999999999,swap,notBad
13468,6,404.0199999999997,6,401.7399999999999,swap,notBad
13469,6,404.0199999999997,6,401.7399999999999,move,improve
13470,6,404.0199999999997,6,401.7399999999999,2opt,notBad
13471,6,404.0199999999997,6,401.7399999999999,2opt,notBad
13472,6,404.0199999999997,6,401.7399999999999,swap,notBad
13473,6,404.0199999999997,6,401.7399999999999,2opt,notBad
13474,6,404.0199999999997,6,401.7399999999999,swap,notBad
13475,6,404.0199999999997,6,401.7399999999999,swap,notBad
13476,6,404.0199999999997,6,401.7399999999999,move,improve
13477,6,404.0199999999997,6,401.7399999999999,move,improve
13478,6,404.0199999999997,6,401.7399999999999,swap,notBad
13479,6,404.0199999999997,6,401.7399999999999,move,improve
13480,6,404.0199999999997,6,401.7399999999999,move,improve
13481,6,404.0199999999997,6,401.7399999999999,swap,notBad
13482,6,404.0199999999997,6,401.7399999999999,move,improve
13483,6,404.0199999999997,6,401.7399999999999,swap,notBad
13484,6,404.0199999999997,6,401.7399999999999,2opt,notBad
13485,6,404.0199999999997,6,401.7399999999999,swap,notBad
13486,6,404.0199999999997,6,401.7399999999999,2opt,improve
13487,6,404.0199999999997,6,401.7399999999999,move,improve
13488,6,404.0199999999997,6,401.7399999999999,2opt,notBad
13489,6,404.0199999999997,6,401.7399999999999,swap,notBad
13490,6,404.0199999999997,6,401.7399999999999,swap,notBad
13491,6,404.0199999999997,6,401.7399999999999,swap,notBad
13492,6,404.0199999999997,6,401.7399999999999,2opt,notBad
13493,6,404.0199999999997,6,401.7399999999999,move,improve
13494,6,404.0199999999997,6,401.7399999999999,swap,notBad
13495,6,404.0199999999997,6,401.7399999999999,move,improve
13496,6,404.0199999999997,6,401.7399999999999,move,improve
13497,6,404.0199999999997,6,401.7399999999999,2opt,notBad
13498,6,404.0199999999997,6,401.7399999999999,move,improve
13499,6,404.0199999999997,6,401.7399999999999,swap,notBad
13500,6,404.0199999999997,6,401.7399999999999,swap,notBad
13501,6,404.0199999999997,6,401.7399999999999,move,improve
13502,6,404.0199999999997,6,401.7399999999999,2opt,notBad
13503,6,404.0199999999997,6,401.7399999999999,swap,notBad
13504,6,404.0199999999997,6,401.7399999999999,2opt,notBad
13505,6,404.0199999999997,6,401.7399999999999,2opt,notBad
13506,6,404.0199999999997,6,401.7399999999999,2opt,notBad
13507,6,404.0199999999997,6,401.7399999999999,move,improve
13508,6,404.0199999999997,6,401.7399999999999,move,improve
13509,6,404.0199999999997,6,401.7399999999999,2opt,notBad
13510,6,404.0199999999997,6,401.7399999999999,2opt,notBad
13511,6,404.0199999999997,6,401.7399999999999,swap,notBad
13512,6,404.0199999999997,6,401.7399999999999,swap,notBad
13513,6,404.0199999999997,6,401.7399999999999,swap,notBad
13514,6,404.0199999999997,6,401.7399999999999,swap,notBad
13515,6,404.0199999999997,6,401.7399999999999,move,improve
13516,6,404.0199999999997,6,401.7399999999999,move,improve
13517,6,404.0199999999997,6,401.7399999999999,swap,notBad
13518,6,404.0199999999997,6,401.7399999999999,move,improve
13519,6,404.0199999999997,6,401.7399999999999,2opt,notBad
13520,6,404.0199999999997,6,401.7399999999999,move,improve
13521,6,404.0199999999997,6,401.7399999999999,swap,notBad
13522,6,404.0199999999997,6,401.7399999999999,2opt,notBad
13523,6,404.0199999999997,6,401.7399999999999,swap,notBad
13524,6,404.0199999999997,6,401.7399999999999,move,improve
13525,6,404.0199999999997,6,401.7399999999999,2opt,notBad
13526,6,404.0199999999997,6,401.7399999999999,swap,notBad
13527,6,404.0199999999997,6,401.7399999999999,swap,notBad
13528,6,404.0199999999997,6,401.7399999999999,swap,notBad
13529,6,404.0199999999997,6,401.7399999999999,move,improve
13530,6,404.0199999999997,6,401.7399999999999,swap,notBad
13531,6,404.0199999999997,6,401.7399999999999,move,improve
13532,6,404.0199999999997,6,401.7399999999999,move,improve
13533,6,404.0199999999997,6,401.7399999999999,2opt,notBad
13534,6,404.0199999999997,6,401.7399999999999,2opt,notBad
13535,6,404.0199999999997,6,401.7399999999999,swap,notBad
13536,6,404.0199999999997,6,401.7399999999999,swap,notBad
13537,6,404.0199999999997,6,401.7399999999999,2opt,notBad
13538,6,404.0199999999997,6,401.7399999999999,swap,notBad
13539,6,404.0199999999997,6,401.7399999999999,swap,notBad
13540,6,404.0199999999997,6,401.7399999999999,2opt,notBad
13541,6,404.0199999999997,6,401.7399999999999,2opt,notBad
13542,6,404.0199999999997,6,401.7399999999999,2opt,improve
13543,6,404.0199999999997,6,401.7399999999999,move,improve
13544,6,404.0199999999997,6,401.7399999999999,swap,notBad
13545,6,404.0199999999997,6,401.7399999999999,2opt,notBad
13546,6,404.0199999999997,6,401.7399999999999,move,improve
13547,6,404.0199999999997,6,401.7399999999999,move,improve
13548,6,404.0199999999997,6,401.7399999999999,move,improve
13549,6,404.0199999999997,6,401.7399999999999,swap,notBad
13550,6,404.0199999999997,6,401.7399999999999,swap,notBad
13551,6,404.0199999999997,6,401.7399999999999,2opt,notBad
13552,6,404.0199999999997,6,401.7399999999999,move,improve
13553,6,404.0199999999997,6,401.7399999999999,swap,notBad
13554,6,404.0199999999997,6,401.7399999999999,2opt,notBad
13555,6,404.0199999999997,6,401.7399999999999,swap,notBad
13556,6,404.0199999999997,6,401.7399999999999,move,improve
13557,6,404.0199999999997,6,401.7399999999999,move,improve
13558,6,404.0199999999997,6,401.7399999999999,move,improve
13559,6,404.0199999999997,6,401.7399999999999,2opt,notBad
13560,6,404.0199999999997,6,401.7399999999999,2opt,notBad
13561,6,404.0199999999997,6,401.7399999999999,2opt,notBad
13562,6,404.0199999999997,6,401.7399999999999,move,improve
13563,6,404.0199999999997,6,401.7399999999999,2opt,notBad
13564,6,404.0199999999997,6,401.7399999999999,move,improve
13565,6,404.0199999999997,6,401.7399999999999,move,improve
13566,6,404.0199999999997,6,401.7399999999999,swap,notBad
13567,6,404.0199999999997,6,401.7399999999999,2opt,notBad
13568,6,404.0199999999997,6,401.7399999999999,swap,notBad
13569,6,404.0199999999997,6,401.7399999999999,2opt,notBad
13570,6,404.0199999999997,6,401.7399999999999,move,improve
13571,6,404.0199999999997,6,401.7399999999999,2opt,notBad
13572,6,404.0199999999997,6,401.7399999999999,2opt,notBad
13573,6,404.0199999999997,6,401.7399999999999,move,improve
13574,6,404.0199999999997,6,401.7399999999999,2opt,notBad
13575,6,404.0199999999997,6,401.7399999999999,move,improve
13576,6,404.0199999999997,6,401.7399999999999,swap,notBad
13577,6,404.0199999999997,6,401.7399999999999,move,improve
13578,6,404.0199999999997,6,401.7399999999999,swap,notBad
13579,6,404.0199999999997,6,401.7399999999999,2opt,notBad
13580,6,404.0199999999997,6,401.7399999999999,2opt,improve
13581,6,404.0199999999997,6,401.7399999999999,swap,notBad
13582,6,404.0199999999997,6,401.7399999999999,move,improve
13583,6,404.0199999999997,6,401.7399999999999,swap,notBad
13584,6,404.0199999999997,6,401.7399999999999,swap,notBad
13585,6,404.0199999999997,6,401.7399999999999,2opt,notBad
13586,6,404.0199999999997,6,401.7399999999999,move,improve
13587,6,404.0199999999997,6,401.7399999999999,2opt,notBad
13588,6,404.0199999999997,6,401.7399999999999,2opt,notBad
13589,6,404.0199999999997,6,401.7399999999999,move,improve
13590,6,404.0199999999997,6,401.7399999999999,2opt,notBad
13591,6,404.0199999999997,6,401.7399999999999,swap,notBad
13592,6,404.0199999999997,6,401.7399999999999,swap,notBad
13593,6,404.0199999999997,6,401.7399999999999,move,improve
13594,6,404.0199999999997,6,401.7399999999999,move,improve
13595,6,404.0199999999997,6,401.7399999999999,swap,notBad
13596,6,404.0199999999997,6,401.7399999999999,2opt,notBad
13597,6,404.0199999999997,6,401.7399999999999,2opt,notBad
13598,6,404.0199999999997,6,401.7399999999999,swap,notBad
13599,6,404.0199999999997,6,401.7399999999999,swap,notBad
13600,6,404.0199999999997,6,401.7399999999999,2opt,improve
13601,6,404.0199999999997,6,401.7399999999999,2opt,notBad
13602,6,404.0199999999997,6,401.7399999999999,swap,notBad
13603,6,404.0199999999997,6,401.7399999999999,move,improve
13604,6,404.0199999999997,6,401.7399999999999,swap,notBad
13605,6,404.0199999999997,6,401.7399999999999,move,improve
13606,6,404.0199999999997,6,401.7399999999999,2opt,notBad
13607,6,404.0199999999997,6,401.7399999999999,move,improve
13608,6,404.0199999999997,6,401.7399999999999,swap,notBad
13609,6,404.0199999999997,6,401.7399999999999,move,improve
13610,6,404.0199999999997,6,401.7399999999999,swap,notBad
13611,6,404.0199999999997,6,401.7399999999999,move,improve
13612,6,404.0199999999997,6,401.7399999999999,2opt,notBad
13613,6,404.0199999999997,6,401.7399999999999,2opt,improve
13614,6,404.0199999999997,6,401.7399999999999,swap,notBad
13615,6,404.0199999999997,6,401.7399999999999,move,improve
13616,6,404.0199999999997,6,401.7399999999999,move,improve
13617,6,404.0199999999997,6,401.7399999999999,move,improve
13618,6,404.0199999999997,6,401.7399999999999,2opt,notBad
13619,6,404.0199999999997,6,401.7399999999999,swap,notBad
13620,6,404.0199999999997,6,401.7399999999999,move,improve
13621,6,404.0199999999997,6,401.7399999999999,move,improve
13622,6,404.0199999999997,6,401.7399999999999,2opt,improve
13623,6,404.0199999999997,6,401.7399999999999,move,improve
13624,6,404.0199999999997,6,401.7399999999999,2opt,notBad
13625,6,404.0199999999997,6,401.7399999999999,2opt,improve
13626,6,404.0199999999997,6,401.7399999999999,swap,notBad
13627,6,404.0199999999997,6,401.7399999999999,swap,notBad
13628,6,404.0199999999997,6,401.7399999999999,move,improve
13629,6,404.0199999999997,6,401.7399999999999,swap,notBad
13630,6,404.0199999999997,6,401.7399999999999,2opt,notBad
13631,6,404.0199999999997,6,401.7399999999999,2opt,notBad
13632,6,404.0199999999997,6,401.7399999999999,2opt,notBad
13633,6,404.0199999999997,6,401.7399999999999,swap,notBad
13634,6,404.0199999999997,6,401.7399999999999,2opt,notBad
13635,6,404.0199999999997,6,401.7399999999999,swap,notBad
13636,6,404.72000000000014,6,401.7399999999999,move,acceptBad
13637,6,404.72000000000014,6,401.7399999999999,swap,notBad
13638,6,404.72000000000014,6,401.7399999999999,2opt,notBad
13639,6,404.72000000000014,6,401.7399999999999,2opt,improve
13640,6,404.72000000000014,6,401.7399999999999,2opt,notBad
13641,6,404.72000000000014,6,401.7399999999999,swap,notBad
13642,6,404.72000000000014,6,401.7399999999999,swap,notBad
13643,6,404.72000000000014,6,401.7399999999999,swap,notBad
13644,6,404.72000000000014,6,401.7399999999999,2opt,notBad
13645,6,404.72000000000014,6,401.7399999999999,swap,notBad
13646,6,404.72000000000014,6,401.7399999999999,swap,notBad
13647,6,404.72000000000014,6,401.7399999999999,2opt,notBad
13648,6,404.0199999999997,6,401.7399999999999,move,improve
13649,6,404.0199999999997,6,401.7399999999999,2opt,improve
13650,6,404.0199999999997,6,401.7399999999999,move,improve
13651,6,404.0199999999997,6,401.7399999999999,2opt,notBad
13652,6,404.0199999999997,6,401.7399999999999,2opt,notBad
13653,6,404.0199999999997,6,401.7399999999999,2opt,notBad
13654,6,404.0199999999997,6,401.7399999999999,move,improve
13655,6,404.0199999999997,6,401.7399999999999,move,improve
13656,6,404.3999999999997,6,401.7399999999999,swap,acceptBad
13657,6,404.3999999999997,6,401.7399999999999,swap,notBad
13658,6,404.3999999999997,6,401.7399999999999,swap,notBad
13659,6,404.3999999999997,6,401.7399999999999,2opt,notBad
13660,6,404.3999999999997,6,401.7399999999999,move,improve
13661,6,404.3999999999997,6,401.7399999999999,swap,notBad
13662,6,404.3999999999997,6,401.7399999999999,2opt,notBad
13663,6,404.3999999999997,6,401.7399999999999,2opt,notBad
13664,6,404.3999999999997,6,401.7399999999999,swap,notBad
13665,6,404.3999999999997,6,401.7399999999999,swap,notBad
13666,6,404.3999999999997,6,401.7399999999999,move,improve
13667,6,404.3999999999997,6,401.7399999999999,2opt,notBad
13668,6,404.3999999999997,6,401.7399999999999,2opt,notBad
13669,6,404.3999999999997,6,401.7399999999999,move,improve
13670,6,404.3999999999997,6,401.7399999999999,move,improve
13671,6,404.3999999999997,6,401.7399999999999,move,improve
13672,6,404.3999999999997,6,401.7399999999999,move,improve
13673,6,404.3999999999997,6,401.7399999999999,move,improve
13674,6,404.3999999999997,6,401.7399999999999,2opt,notBad
13675,6,404.3999999999997,6,401.7399999999999,2opt,notBad
13676,6,404.3999999999997,6,401.7399999999999,swap,notBad
13677,6,404.3999999999997,6,401.7399999999999,2opt,notBad
13678,6,404.3999999999997,6,401.7399999999999,move,improve
13679,6,404.3999999999997,6,401.7399999999999,swap,notBad
13680,6,404.3999999999997,6,401.7399999999999,2opt,notBad
13681,6,404.3999999999997,6,401.7399999999999,swap,notBad
13682,6,404.3999999999997,6,401.7399999999999,move,improve
13683,6,404.3999999999997,6,401.7399999999999,2opt,notBad
13684,6,404.3999999999997,6,401.7399999999999,swap,notBad
13685,6,404.3999999999997,6,401.7399999999999,2opt,notBad
13686,6,404.3999999999997,6,401.7399999999999,swap,notBad
13687,6,404.3999999999997,6,401.7399999999999,move,improve
13688,6,404.3999999999997,6,401.7399999999999,move,improve
13689,6,404.3999999999997,6,401.7399999999999,swap,notBad
13690,6,404.3999999999997,6,401.7399999999999,2opt,notBad
13691,6,404.3999999999997,6,401.7399999999999,move,improve
13692,6,404.3999999999997,6,401.7399999999999,2opt,notBad
13693,6,404.3999999999997,6,401.7399999999999,move,improve
13694,6,404.3999999999997,6,401.7399999999999,move,improve
13695,6,404.3999999999997,6,401.7399999999999,move,improve
13696,6,404.3999999999997,6,401.7399999999999,move,improve
13697,6,404.3999999999997,6,401.7399999999999,swap,notBad
13698,6,404.3999999999997,6,401.7399999999999,2opt,notBad
13699,6,404.3999999999997,6,401.7399999999999,2opt,notBad
13700,6,404.3999999999997,6,401.7399999999999,2opt,notBad
13701,6,404.3999999999997,6,401.7399999999999,2opt,notBad
13702,6,404.3999999999997,6,401.7399999999999,swap,notBad
13703,6,404.3999999999997,6,401.7399999999999,2opt,notBad
13704,6,404.3999999999997,6,401.7399999999999,swap,notBad
13705,6,404.3999999999997,6,401.7399999999999,swap,notBad
13706,6,404.3999999999997,6,401.7399999999999,swap,notBad
13707,6,404.3999999999997,6,401.7399999999999,2opt,notBad
13708,6,404.3999999999997,6,401.7399999999999,swap,notBad
13709,6,404.3999999999997,6,401.7399999999999,swap,notBad
13710,6,404.3999999999997,6,401.7399999999999,swap,notBad
13711,6,404.3999999999997,6,401.7399999999999,2opt,notBad
13712,6,404.3999999999997,6,401.7399999999999,swap,notBad
13713,6,404.0199999999997,6,401.7399999999999,move,improve
13714,6,404.0199999999997,6,401.7399999999999,2opt,notBad
13715,6,404.0199999999997,6,401.7399999999999,2opt,notBad
13716,6,404.0199999999997,6,401.7399999999999,swap,notBad
13717,6,404.0199999999997,6,401.7399999999999,move,improve
13718,6,404.0199999999997,6,401.7399999999999,move,improve
13719,6,404.0199999999997,6,401.7399999999999,2opt,notBad
13720,6,404.0199999999997,6,401.7399999999999,swap,notBad
13721,6,404.0199999999997,6,401.7399999999999,move,improve
13722,6,404.0199999999997,6,401.7399999999999,move,improve
13723,6,404.0199999999997,6,401.7399999999999,2opt,notBad
13724,6,404.0199999999997,6,401.7399999999999,swap,notBad
13725,6,404.0199999999997,6,401.7399999999999,2opt,notBad
13726,6,404.0199999999997,6,401.7399999999999,2opt,notBad
13727,6,404.0199999999997,6,401.7399999999999,swap,notBad
13728,6,404.72000000000014,6,401.7399999999999,move,acceptBad
13729,6,404.72000000000014,6,401.7399999999999,swap,notBad
13730,6,404.72000000000014,6,401.7399999999999,swap,notBad
13731,6,404.72000000000014,6,401.7399999999999,swap,notBad
13732,6,404.72000000000014,6,401.7399999999999,2opt,notBad
13733,6,404.72000000000014,6,401.7399999999999,swap,notBad
13734,6,404.72000000000014,6,401.7399999999999,move,improve
13735,6,404.72000000000014,6,401.7399999999999,swap,notBad
13736,6,404.72000000000014,6,401.7399999999999,swap,notBad
13737,6,404.72000000000014,6,401.7399999999999,swap,notBad
13738,6,404.72000000000014,6,401.7399999999999,move,improve
13739,6,404.72000000000014,6,401.7399999999999,swap,notBad
13740,6,404.72000000000014,6,401.7399999999999,2opt,notBad
13741,6,404.72000000000014,6,401.7399999999999,move,improve
13742,6,404.72000000000014,6,401.7399999999999,2opt,notBad
13743,6,404.72000000000014,6,401.7399999999999,swap,notBad
13744,6,404.72000000000014,6,401.7399999999999,2opt,notBad
13745,6,404.72000000000014,6,401.7399999999999,swap,notBad
13746,6,404.72000000000014,6,401.7399999999999,swap,notBad
13747,6,404.72000000000014,6,401.7399999999999,swap,notBad
13748,6,404.72000000000014,6,401.7399999999999,move,improve
13749,6,404.72000000000014,6,401.7399999999999,2opt,notBad
13750,6,404.72000000000014,6,401.7399999999999,move,improve
13751,6,404.72000000000014,6,401.7399999999999,move,improve
13752,6,404.72000000000014,6,401.7399999999999,2opt,notBad
13753,6,404.72000000000014,6,401.7399999999999,2opt,notBad
13754,6,404.72000000000014,6,401.7399999999999,move,improve
13755,6,404.72000000000014,6,401.7399999999999,swap,notBad
13756,6,404.72000000000014,6,401.7399999999999,swap,notBad
13757,6,404.72000000000014,6,401.7399999999999,swap,notBad
13758,6,404.72000000000014,6,401.7399999999999,move,improve
13759,6,404.72000000000014,6,401.7399999999999,move,improve
13760,6,404.72000000000014,6,401.7399999999999,move,improve
13761,6,404.72000000000014,6,401.7399999999999,swap,notBad
13762,6,404.72000000000014,6,401.7399999999999,move,improve
13763,6,404.72000000000014,6,401.7399999999999,2opt,notBad
13764,6,404.72000000000014,6,401.7399999999999,2opt,notBad
13765,6,404.72000000000014,6,401.7399999999999,2opt,notBad
13766,6,404.72000000000014,6,401.7399999999999,move,improve
13767,6,404.72000000000014,6,401.7399999999999,2opt,notBad
13768,6,404.72000000000014,6,401.7399999999999,swap,notBad
13769,6,404.72000000000014,6,401.7399999999999,2opt,notBad
13770,6,404.72000000000014,6,401.7399999999999,move,improve
13771,6,404.72000000000014,6,401.7399999999999,2opt,notBad
13772,6,404.72000000000014,6,401.7399999999999,move,improve
13773,6,404.72000000000014,6,401.7399999999999,2opt,notBad
13774,6,404.72000000000014,6,401.7399999999999,swap,notBad
13775,6,404.72000000000014,6,401.7399999999999,2opt,notBad
13776,6,404.72000000000014,6,401.7399999999999,move,improve
13777,6,404.72000000000014,6,401.7399999999999,move,improve
13778,6,404.72000000000014,6,401.7399999999999,move,improve
13779,6,404.0199999999997,6,401.7399999999999,move,improve
13780,6,404.0199999999997,6,401.7399999999999,swap,notBad
13781,6,404.0199999999997,6,401.7399999999999,move,improve
13782,6,404.0199999999997,6,401.7399999999999,swap,notBad
13783,6,404.0199999999997,6,401.7399999999999,move,improve
13784,6,404.0199999999997,6,401.7399999999999,2opt,notBad
13785,6,404.0199999999997,6,401.7399999999999,swap,notBad
13786,6,404.0199999999997,6,401.7399999999999,2opt,notBad
13787,6,404.0199999999997,6,401.7399999999999,swap,notBad
13788,6,404.0199999999997,6,401.7399999999999,move,improve
13789,6,404.0199999999997,6,401.7399999999999,2opt,notBad
13790,6,404.0199999999997,6,401.7399999999999,swap,notBad
13791,6,404.0199999999997,6,401.7399999999999,swap,notBad
13792,6,404.0199999999997,6,401.7399999999999,2opt,notBad
13793,6,404.0199999999997,6,401.7399999999999,move,improve
13794,6,404.0199999999997,6,401.7399999999999,2opt,notBad
13795,6,404.0199999999997,6,401.7399999999999,swap,notBad
13796,6,404.0199999999997,6,401.7399999999999,2opt,notBad
13797,6,404.0199999999997,6,401.7399999999999,swap,notBad
13798,6,404.0199999999997,6,401.7399999999999,move,improve
13799,6,404.0199999999997,6,401.7399999999999,2opt,notBad
13800,6,404.0199999999997,6,401.7399999999999,move,improve
13801,6,404.0199999999997,6,401.7399999999999,swap,notBad
13802,6,404.0199999999997,6,401.7399999999999,move,improve
13803,6,404.0199999999997,6,401.7399999999999,swap,notBad
13804,6,404.0199999999997,6,401.7399999999999,swap,notBad
13805,6,404.0199999999997,6,401.7399999999999,move,improve
13806,6,404.0199999999997,6,401.7399999999999,move,improve
13807,6,404.0199999999997,6,401.7399999999999,2opt,notBad
13808,6,404.0199999999997,6,401.7399999999999,move,improve
13809,6,404.0199999999997,6,401.7399999999999,2opt,notBad
13810,6,404.0199999999997,6,401.7399999999999,move,improve
13811,6,404.0199999999997,6,401.7399999999999,2opt,notBad
13812,6,404.0199999999997,6,401.7399999999999,swap,notBad
13813,6,404.0199999999997,6,401.7399999999999,swap,notBad
13814,6,404.0199999999997,6,401.7399999999999,swap,notBad
13815,6,404.0199999999997,6,401.7399999999999,2opt,notBad
13816,6,404.0199999999997,6,401.7399999999999,2opt,notBad
13817,6,404.0199999999997,6,401.7399999999999,swap,notBad
13818,6,404.0199999999997,6,401.7399999999999,swap,notBad
13819,6,404.0199999999997,6,401.7399999999999,move,improve
13820,6,404.0199999999997,6,401.7399999999999,2opt,notBad
13821,6,404.0199999999997,6,401.7399999999999,2opt,improve
13822,6,404.0199999999997,6,401.7399999999999,swap,notBad
13823,6,404.0199999999997,6,401.7399999999999,2opt,improve
13824,6,404.0199999999997,6,401.7399999999999,swap,notBad
13825,6,404.0199999999997,6,401.7399999999999,2opt,notBad
13826,6,404.0199999999997,6,401.7399999999999,swap,notBad
13827,6,404.0199999999997,6,401.7399999999999,move,improve
13828,6,404.0199999999997,6,401.7399999999999,2opt,notBad
13829,6,404.0199999999997,6,401.7399999999999,swap,notBad
13830,6,404.0199999999997,6,401.7399999999999,move,improve
13831,6,404.0199999999997,6,401.7399999999999,move,improve
13832,6,404.0199999999997,6,401.7399999999999,move,improve
13833,6,404.0199999999997,6,401.7399999999999,2opt,notBad
13834,6,404.0199999999997,6,401.7399999999999,2opt,notBad
13835,6,404.0199999999997,6,401.7399999999999,2opt,notBad
13836,6,404.0199999999997,6,401.7399999999999,swap,notBad
13837,6,404.72000000000014,6,401.7399999999999,move,acceptBad
13838,6,404.72000000000014,6,401.7399999999999,swap,notBad
13839,6,404.72000000000014,6,401.7399999999999,move,improve
13840,6,404.72000000000014,6,401.7399999999999,swap,notBad
13841,6,404.72000000000014,6,401.7399999999999,2opt,notBad
13842,6,404.72000000000014,6,401.7399999999999,2opt,notBad
13843,6,404.72000000000014,6,401.7399999999999,swap,notBad
13844,6,404.72000000000014,6,401.7399999999999,move,improve
13845,6,404.72000000000014,6,401.7399999999999,2opt,improve
13846,6,404.72000000000014,6,401.7399999999999,swap,notBad
13847,6,404.72000000000014,6,401.7399999999999,swap,notBad
13848,6,404.72000000000014,6,401.7399999999999,swap,notBad
13849,6,404.72000000000014,6,401.7399999999999,2opt,notBad
13850,6,404.72000000000014,6,401.7399999999999,swap,notBad
13851,6,404.72000000000014,6,401.7399999999999,swap,notBad
13852,6,404.72000000000014,6,401.7399999999999,move,improve
13853,6,404.72000000000014,6,401.7399999999999,swap,notBad
13854,6,404.72000000000014,6,401.7399999999999,2opt,notBad
13855,6,404.72000000000014,6,401.7399999999999,move,improve
13856,6,404.72000000000014,6,401.7399999999999,2opt,notBad
13857,6,404.72000000000014,6,401.7399999999999,move,improve
13858,6,404.72000000000014,6,401.7399999999999,swap,notBad
13859,6,404.72000000000014,6,401.7399999999999,swap,notBad
13860,6,404.72000000000014,6,401.7399999999999,2opt,notBad
13861,6,404.72000000000014,6,401.7399999999999,swap,notBad
13862,6,404.72000000000014,6,401.7399999999999,2opt,notBad
13863,6,404.72000000000014,6,401.7399999999999,move,improve
13864,6,404.72000000000014,6,401.7399999999999,2opt,notBad
13865,6,404.72000000000014,6,401.7399999999999,move,improve
13866,6,404.72000000000014,6,401.7399999999999,swap,notBad
13867,6,404.72000000000014,6,401.7399999999999,2opt,notBad
13868,6,404.72000000000014,6,401.7399999999999,move,improve
13869,6,404.72000000000014,6,401.7399999999999,swap,notBad
13870,6,404.72000000000014,6,401.7399999999999,move,improve
13871,6,404.72000000000014,6,401.7399999999999,move,improve
13872,6,404.72000000000014,6,401.7399999999999,swap,notBad
13873,6,404.72000000000014,6,401.7399999999999,swap,notBad
13874,6,404.72000000000014,6,401.7399999999999,2opt,notBad
13875,6,404.72000000000014,6,401.7399999999999,2opt,notBad
13876,6,404.72000000000014,6,401.7399999999999,swap,notBad
13877,6,404.72000000000014,6,401.7399999999999,move,improve
13878,6,404.72000000000014,6,401.7399999999999,swap,notBad
13879,6,404.72000000000014,6,401.7399999999999,swap,notBad
13880,6,404.72000000000014,6,401.7399999999999,swap,notBad
13881,6,404.72000000000014,6,401.7399999999999,2opt,notBad
13882,6,404.72000000000014,6,401.7399999999999,move,improve
13883,6,404.72000000000014,6,401.7399999999999,move,improve
13884,6,404.72000000000014,6,401.7399999999999,2opt,notBad
13885,6,404.72000000000014,6,401.7399999999999,2opt,notBad
13886,6,404.72000000000014,6,401.7399999999999,2opt,notBad
13887,6,404.72000000000014,6,401.7399999999999,swap,notBad
13888,6,404.72000000000014,6,401.7399999999999,move,improve
13889,6,404.72000000000014,6,401.7399999999999,swap,notBad
13890,6,404.72000000000014,6,401.7399999999999,swap,notBad
13891,6,404.72000000000014,6,401.7399999999999,2opt,notBad
13892,6,404.72000000000014,6,401.7399999999999,2opt,notBad
13893,6,404.72000000000014,6,401.7399999999999,move,improve
13894,6,404.72000000000014,6,401.7399999999999,move,improve
13895,6,404.72000000000014,6,401.7399999999999,swap,notBad
13896,6,404.72000000000014,6,401.7399999999999,move,improve
13897,6,404.72000000000014,6,401.7399999999999,2opt,notBad
13898,6,404.72000000000014,6,401.7399999999999,move,improve
13899,6,404.72000000000014,6,401.7399999999999,swap,notBad
13900,6,404.72000000000014,6,401.7399999999999,move,improve
13901,6,404.72000000000014,6,401.7399999999999,swap,notBad
13902,6,404.72000000000014,6,401.7399999999999,move,improve
13903,6,404.72000000000014,6,401.7399999999999,swap,notBad
13904,6,404.72000000000014,6,401.7399999999999,swap,notBad
13905,6,404.72000000000014,6,401.7399999999999,2opt,notBad
13906,6,404.72000000000014,6,401.7399999999999,2opt,notBad
13907,6,404.72000000000014,6,401.7399999999999,2opt,improve
13908,6,404.72000000000014,6,401.7399999999999,move,improve
13909,6,404.72000000000014,6,401.7399999999999,2opt,notBad
13910,6,404.72000000000014,6,401.7399999999999,swap,notBad
13911,6,404.72000000000014,6,401.7399999999999,swap,notBad
13912,6,404.72000000000014,6,401.7399999999999,move,improve
13913,6,404.72000000000014,6,401.7399999999999,2opt,notBad
13914,6,404.72000000000014,6,401.7399999999999,move,improve
13915,6,404.72000000000014,6,401.7399999999999,2opt,notBad
13916,6,404.72000000000014,6,401.7399999999999,2opt,notBad
13917,6,404.72000000000014,6,401.7399999999999,move,improve
13918,6,404.72000000000014,6,401.7399999999999,move,improve
13919,6,404.72000000000014,6,401.7399999999999,swap,notBad
13920,6,404.72000000000014,6,401.7399999999999,swap,notBad
13921,6,404.72000000000014,6,401.7399999999999,swap,notBad
13922,6,404.72000000000014,6,401.7399999999999,move,improve
13923,6,404.72000000000014,6,401.7399999999999,move,improve
13924,6,404.72000000000014,6,401.7399999999999,swap,notBad
13925,6,404.72000000000014,6,401.7399999999999,swap,notBad
13926,6,404.72000000000014,6,401.7399999999999,2opt,notBad
13927,6,404.72000000000014,6,401.7399999999999,swap,notBad
13928,6,404.72000000000014,6,401.7399999999999,2opt,notBad
13929,6,404.72000000000014,6,401.7399999999999,move,improve
13930,6,404.72000000000014,6,401.7399999999999,swap,notBad
13931,6,404.72000000000014,6,401.7399999999999,2opt,notBad
13932,6,404.72000000000014,6,401.7399999999999,2opt,notBad
13933,6,404.72000000000014,6,401.7399999999999,2opt,notBad
13934,6,404.72000000000014,6,401.7399999999999,move,improve
13935,6,404.72000000000014,6,401.7399999999999,move,improve
13936,6,404.72000000000014,6,401.7399999999999,move,improve
13937,6,404.72000000000014,6,401.7399999999999,2opt,notBad
13938,6,404.72000000000014,6,401.7399999999999,move,improve
13939,6,404.72000000000014,6,401.7399999999999,move,improve
13940,6,404.72000000000014,6,401.7399999999999,2opt,notBad
13941,6,404.72000000000014,6,401.7399999999999,swap,notBad
13942,6,404.72000000000014,6,401.7399999999999,swap,notBad
13943,6,404.72000000000014,6,401.7399999999999,swap,notBad
13944,6,404.72000000000014,6,401.7399999999999,swap,notBad
13945,6,404.72000000000014,6,401.7399999999999,2opt,notBad
13946,6,404.72000000000014,6,401.7399999999999,move,improve
13947,6,404.72000000000014,6,401.7399999999999,move,improve
13948,6,404.72000000000014,6,401.7399999999999,2opt,notBad
13949,6,404.72000000000014,6,401.7399999999999,move,improve
13950,6,404.72000000000014,6,401.7399999999999,swap,notBad
13951,6,404.72000000000014,6,401.7399999999999,2opt,notBad
13952,6,404.72000000000014,6,401.7399999999999,swap,notBad
13953,6,404.72000000000014,6,401.7399999999999,move,improve
13954,6,404.72000000000014,6,401.7399999999999,move,improve
13955,6,404.72000000000014,6,401.7399999999999,swap,notBad
13956,6,404.72000000000014,6,401.7399999999999,move,improve
13957,6,404.72000000000014,6,401.7399999999999,2opt,notBad
13958,6,404.72000000000014,6,401.7399999999999,2opt,notBad
13959,6,404.72000000000014,6,401.7399999999999,2opt,notBad
13960,6,404.72000000000014,6,401.7399999999999,2opt,notBad
13961,6,404.72000000000014,6,401.7399999999999,move,improve
13962,6,404.72000000000014,6,401.7399999999999,move,improve
13963,6,404.72000000000014,6,401.7399999999999,2opt,notBad
13964,6,404.72000000000014,6,401.7399999999999,2opt,notBad
13965,6,404.72000000000014,6,401.7399999999999,move,improve
13966,6,404.72000000000014,6,401.7399999999999,2opt,notBad
13967,6,404.72000000000014,6,401.7399999999999,2opt,notBad
13968,6,404.72000000000014,6,401.7399999999999,move,improve
13969,6,404.72000000000014,6,401.7399999999999,2opt,notBad
13970,6,404.72000000000014,6,401.7399999999999,swap,notBad
13971,6,404.72000000000014,6,401.7399999999999,2opt,notBad
13972,6,404.72000000000014,6,401.7399999999999,move,improve
13973,6,404.72000000000014,6,401.7399999999999,swap,notBad
13974,6,404.72000000000014,6,401.7399999999999,swap,notBad
13975,6,404.72000000000014,6,401.7399999999999,swap,notBad
13976,6,404.72000000000014,6,401.7399999999999,move,improve
13977,6,404.72000000000014,6,401.7399999999999,swap,notBad
13978,6,404.72000000000014,6,401.7399999999999,swap,notBad
13979,6,404.72000000000014,6,401.7399999999999,move,improve
13980,6,404.72000000000014,6,401.7399999999999,2opt,notBad
13981,6,404.72000000000014,6,401.7399999999999,swap,notBad
13982,6,404.72000000000014,6,401.7399999999999,2opt,notBad
13983,6,404.72000000000014,6,401.7399999999999,2opt,notBad
13984,6,404.72000000000014,6,401.7399999999999,swap,notBad
13985,6,404.72000000000014,6,401.7399999999999,move,improve
13986,6,404.72000000000014,6,401.7399999999999,swap,notBad
13987,6,404.72000000000014,6,401.7399999999999,2opt,notBad
13988,6,404.72000000000014,6,401.7399999999999,move,improve
13989,6,404.72000000000014,6,401.7399999999999,swap,notBad
13990,6,404.72000000000014,6,401.7399999999999,2opt,notBad
13991,6,404.72000000000014,6,401.7399999999999,swap,notBad
13992,6,404.72000000000014,6,401.7399999999999,2opt,notBad
13993,6,404.72000000000014,6,401.7399999999999,move,improve
13994,6,404.72000000000014,6,401.7399999999999,swap,notBad
13995,6,404.72000000000014,6,401.7399999999999,2opt,notBad
13996,6,404.72000000000014,6,401.7399999999999,2opt,notBad
13997,6,404.72000000000014,6,401.7399999999999,2opt,notBad
13998,6,404.72000000000014,6,401.7399999999999,move,improve
13999,6,404.72000000000014,6,401.7399999999999,swap,notBad
14000,6,404.72000000000014,6,401.7399999999999,move,improve
14001,6,404.72000000000014,6,401.7399999999999,move,improve
14002,6,404.72000000000014,6,401.7399999999999,move,improve
14003,6,404.72000000000014,6,401.7399999999999,2opt,notBad
14004,6,404.72000000000014,6,401.7399999999999,swap,notBad
14005,6,404.72000000000014,6,401.7399999999999,2opt,notBad
14006,6,404.72000000000014,6,401.7399999999999,swap,notBad
14007,6,404.72000000000014,6,401.7399999999999,2opt,notBad
14008,6,404.72000000000014,6,401.7399999999999,2opt,notBad
14009,6,404.72000000000014,6,401.7399999999999,move,improve
14010,6,404.72000000000014,6,401.7399999999999,move,improve
14011,6,404.72000000000014,6,401.7399999999999,move,improve
14012,6,404.72000000000014,6,401.7399999999999,2opt,notBad
14013,6,404.72000000000014,6,401.7399999999999,swap,notBad
14014,6,404.72000000000014,6,401.7399999999999,move,improve
14015,6,404.72000000000014,6,401.7399999999999,move,improve
14016,6,404.72000000000014,6,401.7399999999999,2opt,notBad
14017,6,404.72000000000014,6,401.7399999999999,swap,notBad
14018,6,404.72000000000014,6,401.7399999999999,2opt,notBad
14019,6,404.72000000000014,6,401.7399999999999,move,improve
14020,6,404.72000000000014,6,401.7399999999999,2opt,notBad
14021,6,404.72000000000014,6,401.7399999999999,move,improve
14022,6,404.72000000000014,6,401.7399999999999,move,improve
14023,6,404.72000000000014,6,401.7399999999999,2opt,notBad
14024,6,404.72000000000014,6,401.7399999999999,move,improve
14025,6,404.72000000000014,6,401.7399999999999,2opt,notBad
14026,6,404.72000000000014,6,401.7399999999999,swap,notBad
14027,6,404.72000000000014,6,401.7399999999999,swap,notBad
14028,6,404.72000000000014,6,401.7399999999999,2opt,notBad
14029,6,404.72000000000014,6,401.7399999999999,2opt,notBad
14030,6,404.72000000000014,6,401.7399999999999,move,improve
14031,6,404.72000000000014,6,401.7399999999999,2opt,notBad
14032,6,404.72000000000014,6,401.7399999999999,swap,notBad
14033,6,404.72000000000014,6,401.7399999999999,2opt,notBad
14034,6,404.72000000000014,6,401.7399999999999,2opt,notBad
14035,6,404.72000000000014,6,401.7399999999999,2opt,improve
14036,6,404.72000000000014,6,401.7399999999999,move,improve
14037,6,404.72000000000014,6,401.7399999999999,move,improve
14038,6,404.72000000000014,6,401.7399999999999,move,improve
14039,6,404.72000000000014,6,401.7399999999999,swap,notBad
14040,6,404.72000000000014,6,401.7399999999999,swap,notBad
14041,6,404.72000000000014,6,401.7399999999999,swap,notBad
14042,6,404.72000000000014,6,401.7399999999999,swap,notBad
14043,6,404.72000000000014,6,401.7399999999999,2opt,notBad
14044,6,404.72000000000014,6,401.7399999999999,2opt,notBad
14045,6,404.72000000000014,6,401.7399999999999,2opt,notBad
14046,6,404.72000000000014,6,401.7399999999999,move,improve
14047,6,404.72000000000014,6,401.7399999999999,move,improve
14048,6,404.72000000000014,6,401.7399999999999,swap,notBad
14049,6,404.72000000000014,6,401.7399999999999,swap,notBad
14050,6,404.72000000000014,6,401.7399999999999,move,improve
14051,6,404.72000000000014,6,401.7399999999999,2opt,notBad
14052,6,404.72000000000014,6,401.7399999999999,swap,notBad
14053,6,404.72000000000014,6,401.7399999999999,swap,notBad
14054,6,404.72000000000014,6,401.7399999999999,2opt,notBad
14055,6,404.72000000000014,6,401.7399999999999,move,improve
14056,6,404.72000000000014,6,401.7399999999999,move,improve
14057,6,404.72000000000014,6,401.7399999999999,swap,notBad
14058,6,404.72000000000014,6,401.7399999999999,move,improve
14059,6,404.72000000000014,6,401.7399999999999,swap,notBad
14060,6,404.72000000000014,6,401.7399999999999,2opt,notBad
14061,6,404.72000000000014,6,401.7399999999999,swap,notBad
14062,6,404.72000000000014,6,401.7399999999999,move,improve
14063,6,404.72000000000014,6,401.7399999999999,swap,notBad
14064,6,404.72000000000014,6,401.7399999999999,move,improve
14065,6,404.72000000000014,6,401.7399999999999,swap,notBad
14066,6,404.72000000000014,6,401.7399999999999,move,improve
14067,6,404.72000000000014,6,401.7399999999999,move,improve
14068,6,404.72000000000014,6,401.7399999999999,2opt,notBad
14069,6,404.72000000000014,6,401.7399999999999,2opt,improve
14070,6,404.72000000000014,6,401.7399999999999,swap,notBad
14071,6,404.72000000000014,6,401.7399999999999,2opt,notBad
14072,6,404.72000000000014,6,401.7399999999999,swap,notBad
14073,6,404.72000000000014,6,401.7399999999999,swap,notBad
14074,6,404.72000000000014,6,401.7399999999999,swap,notBad
14075,6,404.72000000000014,6,401.7399999999999,swap,notBad
14076,6,404.72000000000014,6,401.7399999999999,2opt,improve
14077,6,404.72000000000014,6,401.7399999999999,move,improve
14078,6,404.72000000000014,6,401.7399999999999,move,improve
14079,6,404.72000000000014,6,401.7399999999999,2opt,notBad
14080,6,404.72000000000014,6,401.7399999999999,2opt,notBad
14081,6,404.72000000000014,6,401.7399999999999,2opt,improve
14082,6,404.72000000000014,6,401.7399999999999,2opt,notBad
14083,6,404.72000000000014,6,401.7399999999999,2opt,notBad
14084,6,404.72000000000014,6,401.7399999999999,move,improve
14085,6,404.72000000000014,6,401.7399999999999,swap,notBad
14086,6,404.72000000000014,6,401.7399999999999,2opt,notBad
14087,6,404.72000000000014,6,401.7399999999999,swap,notBad
14088,6,404.72000000000014,6,401.7399999999999,swap,notBad
14089,6,404.72000000000014,6,401.7399999999999,move,improve
14090,6,404.72000000000014,6,401.7399999999999,swap,notBad
14091,6,404.72000000000014,6,401.7399999999999,move,improve
14092,6,404.72000000000014,6,401.7399999999999,2opt,notBad
14093,6,404.72000000000014,6,401.7399999999999,2opt,notBad
14094,6,404.72000000000014,6,401.7399999999999,2opt,notBad
14095,6,404.72000000000014,6,401.7399999999999,swap,notBad
14096,6,404.72000000000014,6,401.7399999999999,move,improve
14097,6,404.72000000000014,6,401.7399999999999,swap,notBad
14098,6,404.72000000000014,6,401.7399999999999,swap,notBad
14099,6,404.72000000000014,6,401.7399999999999,2opt,notBad
14100,6,404.72000000000014,6,401.7399999999999,move,improve
14101,6,404.72000000000014,6,401.7399999999999,move,improve
14102,6,404.72000000000014,6,401.7399999999999,2opt,notBad
14103,6,404.72000000000014,6,401.7399999999999,2opt,notBad
14104,6,404.72000000000014,6,401.7399999999999,swap,notBad
14105,6,404.72000000000014,6,401.7399999999999,swap,notBad
14106,6,404.72000000000014,6,401.7399999999999,move,improve
14107,6,404.72000000000014,6,401.7399999999999,swap,notBad
14108,6,404.72000000000014,6,401.7399999999999,swap,notBad
14109,6,404.72000000000014,6,401.7399999999999,swap,notBad
14110,6,404.72000000000014,6,401.7399999999999,move,improve
14111,6,404.72000000000014,6,401.7399999999999,move,improve
14112,6,404.72000000000014,6,401.7399999999999,swap,notBad
14113,6,404.72000000000014,6,401.7399999999999,2opt,notBad
14114,6,404.72000000000014,6,401.7399999999999,move,improve
14115,6,404.72000000000014,6,401.7399999999999,swap,notBad
14116,6,404.72000000000014,6,401.7399999999999,move,improve
14117,6,404.72000000000014,6,401.7399999999999,swap,notBad
14118,6,404.72000000000014,6,401.7399999999999,move,improve
14119,6,404.72000000000014,6,401.7399999999999,move,improve
14120,6,404.72000000000014,6,401.7399999999999,move,improve
14121,6,404.72000000000014,6,401.7399999999999,move,improve
14122,6,404.72000000000014,6,401.7399999999999,swap,notBad
14123,6,404.72000000000014,6,401.7399999999999,swap,notBad
14124,6,404.72000000000014,6,401.7399999999999,swap,notBad
14125,6,404.72000000000014,6,401.7399999999999,swap,notBad
14126,6,404.72000000000014,6,401.7399999999999,move,improve
14127,6,404.72000000000014,6,401.7399999999999,2opt,notBad
14128,6,404.72000000000014,6,401.7399999999999,move,improve
14129,6,404.72000000000014,6,401.7399999999999,swap,notBad
14130,6,404.72000000000014,6,401.7399999999999,swap,notBad
14131,6,404.72000000000014,6,401.7399999999999,move,improve
14132,6,404.72000000000014,6,401.7399999999999,2opt,notBad
14133,6,404.72000000000014,6,401.7399999999999,move,improve
14134,6,404.72000000000014,6,401.7399999999999,2opt,notBad
14135,6,404.72000000000014,6,401.7399999999999,move,improve
14136,6,404.72000000000014,6,401.7399999999999,move,improve
14137,6,404.72000000000014,6,401.7399999999999,swap,notBad
14138,6,404.72000000000014,6,401.7399999999999,move,improve
14139,6,404.72000000000014,6,401.7399999999999,swap,notBad
14140,6,404.72000000000014,6,401.7399999999999,2opt,notBad
14141,6,404.72000000000014,6,401.7399999999999,swap,notBad
14142,6,404.72000000000014,6,401.7399999999999,move,improve
14143,6,404.72000000000014,6,401.7399999999999,move,improve
14144,6,404.72000000000014,6,401.7399999999999,swap,notBad
14145,6,404.72000000000014,6,401.7399999999999,2opt,notBad
14146,6,404.72000000000014,6,401.7399999999999,swap,notBad
14147,6,404.72000000000014,6,401.7399999999999,2opt,notBad
14148,6,404.72000000000014,6,401.7399999999999,2opt,improve
14149,6,404.72000000000014,6,401.7399999999999,swap,notBad
14150,6,404.72000000000014,6,401.7399999999999,swap,notBad
14151,6,404.72000000000014,6,401.7399999999999,swap,notBad
14152,6,404.72000000000014,6,401.7399999999999,move,improve
14153,6,404.72000000000014,6,401.7399999999999,swap,notBad
14154,6,404.72000000000014,6,401.7399999999999,move,improve
14155,6,404.72000000000014,6,401.7399999999999,move,improve
14156,6,404.72000000000014,6,401.7399999999999,2opt,notBad
14157,6,404.72000000000014,6,401.7399999999999,move,improve
14158,6,404.72000000000014,6,401.7399999999999,2opt,notBad
14159,6,404.72000000000014,6,401.7399999999999,2opt,notBad
14160,6,404.72000000000014,6,401.7399999999999,move,improve
14161,6,404.72000000000014,6,401.7399999999999,move,improve
14162,6,404.72000000000014,6,401.7399999999999,move,improve
14163,6,404.72000000000014,6,401.7399999999999,move,improve
14164,6,404.72000000000014,6,401.7399999999999,2opt,notBad
14165,6,404.72000000000014,6,401.7399999999999,move,improve
14166,6,404.72000000000014,6,401.7399999999999,swap,notBad
14167,6,404.72000000000014,6,401.7399999999999,move,improve
14168,6,404.72000000000014,6,401.7399999999999,2opt,notBad
14169,6,404.72000000000014,6,401.7399999999999,move,improve
14170,6,404.72000000000014,6,401.7399999999999,2opt,notBad
14171,6,404.72000000000014,6,401.7399999999999,2opt,notBad
14172,6,404.72000000000014,6,401.7399999999999,move,improve
14173,6,404.72000000000014,6,401.7399999999999,swap,notBad
14174,6,404.72000000000014,6,401.7399999999999,swap,notBad
14175,6,404.72000000000014,6,401.7399999999999,swap,notBad
14176,6,404.72000000000014,6,401.7399999999999,move,improve
14177,6,404.72000000000014,6,401.7399999999999,2opt,notBad
14178,6,404.0199999999997,6,401.7399999999999,swap,improve
14179,6,404.0199999999997,6,401.7399999999999,move,improve
14180,6,404.0199999999997,6,401.7399999999999,move,improve
14181,6,404.0199999999997,6,401.7399999999999,2opt,notBad
14182,6,404.0199999999997,6,401.7399999999999,swap,notBad
14183,6,404.0199999999997,6,401.7399999999999,move,improve
14184,6,404.0199999999997,6,401.7399999999999,move,notBad
14185,6,404.0199999999997,6,401.7399999999999,move,improve
14186,6,404.0199999999997,6,401.7399999999999,swap,notBad
14187,6,404.0199999999997,6,401.7399999999999,swap,notBad
14188,6,404.0199999999997,6,401.7399999999999,2opt,notBad
14189,6,404.0199999999997,6,401.7399999999999,swap,notBad
14190,6,404.0199999999997,6,401.7399999999999,2opt,notBad
14191,6,404.0199999999997,6,401.7399999999999,swap,notBad
14192,6,404.0199999999997,6,401.7399999999999,move,improve
14193,6,404.0199999999997,6,401.7399999999999,2opt,notBad
14194,6,404.0199999999997,6,401.7399999999999,2opt,notBad
14195,6,404.0199999999997,6,401.7399999999999,swap,notBad
14196,6,404.0199999999997,6,401.7399999999999,swap,notBad
14197,6,404.0199999999997,6,401.7399999999999,swap,notBad
14198,6,404.0199999999997,6,401.7399999999999,2opt,notBad
14199,6,404.0199999999997,6,401.7399999999999,move,improve
14200,6,404.0199999999997,6,401.7399999999999,swap,notBad
14201,6,404.0199999999997,6,401.7399999999999,swap,notBad
14202,6,404.0199999999997,6,401.7399999999999,2opt,notBad
14203,6,404.0199999999997,6,401.7399999999999,swap,notBad
14204,6,404.0199999999997,6,401.7399999999999,swap,notBad
14205,6,404.0199999999997,6,401.7399999999999,move,improve
14206,6,404.0199999999997,6,401.7399999999999,swap,notBad
14207,6,404.0199999999997,6,401.7399999999999,swap,notBad
14208,6,404.0199999999997,6,401.7399999999999,move,improve
14209,6,404.0199999999997,6,401.7399999999999,move,improve
14210,6,404.0199999999997,6,401.7399999999999,swap,notBad
14211,6,404.0199999999997,6,401.7399999999999,move,improve
14212,6,404.0199999999997,6,401.7399999999999,swap,notBad
14213,6,404.0199999999997,6,401.7399999999999,swap,notBad
14214,6,404.0199999999997,6,401.7399999999999,swap,notBad
14215,6,404.0199999999997,6,401.7399999999999,swap,notBad
14216,6,404.0199999999997,6,401.7399999999999,swap,notBad
14217,6,404.0199999999997,6,401.7399999999999,swap,notBad
14218,6,404.0199999999997,6,401.7399999999999,2opt,notBad
14219,6,404.0199999999997,6,401.7399999999999,move,improve
14220,6,404.0199999999997,6,401.7399999999999,move,improve
14221,6,404.0199999999997,6,401.7399999999999,2opt,notBad
14222,6,404.0199999999997,6,401.7399999999999,swap,notBad
14223,6,404.0199999999997,6,401.7399999999999,swap,notBad
14224,6,404.0199999999997,6,401.7399999999999,swap,notBad
14225,6,404.0199999999997,6,401.7399999999999,2opt,notBad
14226,6,404.0199999999997,6,401.7399999999999,swap,notBad
14227,6,404.0199999999997,6,401.7399999999999,swap,notBad
14228,6,404.0199999999997,6,401.7399999999999,swap,notBad
14229,6,404.0199999999997,6,401.7399999999999,swap,notBad
14230,6,404.0199999999997,6,401.7399999999999,move,improve
14231,6,404.0199999999997,6,401.7399999999999,2opt,notBad
14232,6,404.0199999999997,6,401.7399999999999,move,improve
14233,6,404.0199999999997,6,401.7399999999999,2opt,notBad
14234,6,404.0199999999997,6,401.7399999999999,swap,notBad
14235,6,404.0199999999997,6,401.7399999999999,2opt,notBad
14236,6,404.0199999999997,6,401.7399999999999,2opt,notBad
14237,6,404.0199999999997,6,401.7399999999999,swap,notBad
14238,6,404.0199999999997,6,401.7399999999999,swap,notBad
14239,6,404.0199999999997,6,401.7399999999999,2opt,notBad
14240,6,404.0199999999997,6,401.7399999999999,move,improve
14241,6,404.0199999999997,6,401.7399999999999,move,improve
14242,6,404.0199999999997,6,401.7399999999999,move,improve
14243,6,404.0199999999997,6,401.7399999999999,swap,notBad
14244,6,404.0199999999997,6,401.7399999999999,2opt,notBad
14245,6,404.0199999999997,6,401.7399999999999,swap,notBad
14246,6,404.0199999999997,6,401.7399999999999,2opt,notBad
14247,6,404.0199999999997,6,401.7399999999999,move,improve
14248,6,404.0199999999997,6,401.7399999999999,move,improve
14249,6,404.0199999999997,6,401.7399999999999,2opt,improve
14250,6,404.0199999999997,6,401.7399999999999,2opt,improve
14251,6,404.0199999999997,6,401.7399999999999,2opt,improve
14252,6,404.0199999999997,6,401.7399999999999,swap,notBad
14253,6,404.0199999999997,6,401.7399999999999,move,improve
14254,6,404.0199999999997,6,401.7399999999999,2opt,notBad
14255,6,404.0199999999997,6,401.7399999999999,swap,notBad
14256,6,404.0199999999997,6,401.7399999999999,swap,notBad
14257,6,404.0199999999997,6,401.7399999999999,swap,notBad
14258,6,404.0199999999997,6,401.7399999999999,2opt,notBad
14259,6,404.0199999999997,6,401.7399999999999,swap,notBad
14260,6,404.0199999999997,6,401.7399999999999,move,improve
14261,6,404.0199999999997,6,401.7399999999999,swap,notBad
14262,6,404.0199999999997,6,401.7399999999999,move,improve
14263,6,404.0199999999997,6,401.7399999999999,swap,notBad
14264,6,404.0199999999997,6,401.7399999999999,2opt,notBad
14265,6,404.0199999999997,6,401.7399999999999,swap,notBad
14266,6,404.0199999999997,6,401.7399999999999,move,improve
14267,6,404.0199999999997,6,401.7399999999999,swap,notBad
14268,6,404.0199999999997,6,401.7399999999999,swap,notBad
14269,6,404.0199999999997,6,401.7399999999999,swap,notBad
14270,6,404.0199999999997,6,401.7399999999999,swap,notBad
14271,6,404.0199999999997,6,401.7399999999999,2opt,notBad
14272,6,404.0199999999997,6,401.7399999999999,2opt,notBad
14273,6,404.0199999999997,6,401.7399999999999,swap,notBad
14274,6,404.0199999999997,6,401.7399999999999,move,improve
14275,6,404.0199999999997,6,401.7399999999999,swap,notBad
14276,6,404.0199999999997,6,401.7399999999999,swap,notBad
14277,6,404.0199999999997,6,401.7399999999999,swap,notBad
14278,6,404.0199999999997,6,401.7399999999999,move,improve
14279,6,404.0199999999997,6,401.7399999999999,2opt,notBad
14280,6,404.0199999999997,6,401.7399999999999,move,improve
14281,6,404.0199999999997,6,401.7399999999999,swap,notBad
14282,6,404.0199999999997,6,401.7399999999999,swap,notBad
14283,6,404.0199999999997,6,401.7399999999999,swap,notBad
14284,6,404.0199999999997,6,401.7399999999999,move,improve
14285,6,404.0199999999997,6,401.7399999999999,swap,notBad
14286,6,404.0199999999997,6,401.7399999999999,move,improve
14287,6,404.0199999999997,6,401.7399999999999,2opt,notBad
14288,6,404.0199999999997,6,401.7399999999999,swap,notBad
14289,6,404.0199999999997,6,401.7399999999999,move,improve
14290,6,404.0199999999997,6,401.7399999999999,move,improve
14291,6,404.0199999999997,6,401.7399999999999,move,improve
14292,6,404.0199999999997,6,401.7399999999999,move,improve
14293,6,404.0199999999997,6,401.7399999999999,move,improve
14294,6,404.0199999999997,6,401.7399999999999,swap,notBad
14295,6,404.0199999999997,6,401.7399999999999,2opt,notBad
14296,6,404.0199999999997,6,401.7399999999999,move,improve
14297,6,404.0199999999997,6,401.7399999999999,move,improve
14298,6,404.0199999999997,6,401.7399999999999,move,improve
14299,6,404.0199999999997,6,401.7399999999999,swap,notBad
14300,6,404.0199999999997,6,401.7399999999999,move,improve
14301,6,404.0199999999997,6,401.7399999999999,swap,notBad
14302,6,404.0199999999997,6,401.7399999999999,move,improve
14303,6,404.0199999999997,6,401.7399999999999,2opt,notBad
14304,6,404.0199999999997,6,401.7399999999999,swap,notBad
14305,6,404.0199999999997,6,401.7399999999999,move,improve
14306,6,404.0199999999997,6,401.7399999999999,swap,notBad
14307,6,404.0199999999997,6,401.7399999999999,move,improve
14308,6,404.0199999999997,6,401.7399999999999,move,improve
14309,6,404.0199999999997,6,401.7399999999999,2opt,notBad
14310,6,404.0199999999997,6,401.7399999999999,swap,notBad
14311,6,404.0199999999997,6,401.7399999999999,swap,notBad
14312,6,404.0199999999997,6,401.7399999999999,move,improve
14313,6,404.0199999999997,6,401.7399999999999,2opt,notBad
14314,6,404.0199999999997,6,401.7399999999999,swap,notBad
14315,6,404.0199999999997,6,401.7399999999999,swap,notBad
14316,6,404.0199999999997,6,401.7399999999999,2opt,notBad
14317,6,404.0199999999997,6,401.7399999999999,swap,notBad
14318,6,404.0199999999997,6,401.7399999999999,move,improve
14319,6,404.0199999999997,6,401.7399999999999,move,improve
14320,6,404.0199999999997,6,401.7399999999999,2opt,notBad
14321,6,404.0199999999997,6,401.7399999999999,swap,notBad
14322,6,404.0199999999997,6,401.7399999999999,2opt,improve
14323,6,404.0199999999997,6,401.7399999999999,move,improve
14324,6,404.0199999999997,6,401.7399999999999,move,improve
14325,6,404.0199999999997,6,401.7399999999999,move,improve
14326,6,404.0199999999997,6,401.7399999999999,2opt,notBad
14327,6,404.0199999999997,6,401.7399999999999,move,improve
14328,6,404.0199999999997,6,401.7399999999999,move,improve
14329,6,404.0199999999997,6,401.7399999999999,swap,notBad
14330,6,404.0199999999997,6,401.7399999999999,move,improve
14331,6,404.0199999999997,6,401.7399999999999,swap,notBad
14332,6,404.0199999999997,6,401.7399999999999,swap,notBad
14333,6,404.0199999999997,6,401.7399999999999,2opt,notBad
14334,6,404.0199999999997,6,401.7399999999999,2opt,notBad
14335,6,404.0199999999997,6,401.7399999999999,move,improve
14336,6,404.0199999999997,6,401.7399999999999,move,improve
14337,6,404.0199999999997,6,401.7399999999999,move,improve
14338,6,404.0199999999997,6,401.7399999999999,2opt,notBad
14339,6,404.0199999999997,6,401.7399999999999,swap,notBad
14340,6,404.0199999999997,6,401.7399999999999,move,improve
14341,6,404.0199999999997,6,401.7399999999999,swap,notBad
14342,6,404.0199999999997,6,401.7399999999999,move,improve
14343,6,404.0199999999997,6,401.7399999999999,2opt,notBad
14344,6,404.0199999999997,6,401.7399999999999,swap,notBad
14345,6,404.0199999999997,6,401.7399999999999,2opt,notBad
14346,6,404.0199999999997,6,401.7399999999999,move,improve
14347,6,404.0199999999997,6,401.7399999999999,move,improve
14348,6,404.0199999999997,6,401.7399999999999,move,improve
14349,6,404.0199999999997,6,401.7399999999999,2opt,notBad
14350,6,404.0199999999997,6,401.7399999999999,2opt,notBad
14351,6,404.0199999999997,6,401.7399999999999,swap,notBad
14352,6,404.0199999999997,6,401.7399999999999,2opt,notBad
14353,6,404.0199999999997,6,401.7399999999999,2opt,notBad
14354,6,404.0199999999997,6,401.7399999999999,2opt,notBad
14355,6,404.0199999999997,6,401.7399999999999,move,improve
14356,6,404.0199999999997,6,401.7399999999999,swap,notBad
14357,6,404.0199999999997,6,401.7399999999999,move,improve
14358,6,404.0199999999997,6,401.7399999999999,move,improve
14359,6,404.0199999999997,6,401.7399999999999,2opt,notBad
14360,6,404.0199999999997,6,401.7399999999999,2opt,notBad
14361,6,404.0199999999997,6,401.7399999999999,move,improve
14362,6,404.0199999999997,6,401.7399999999999,swap,notBad
14363,6,404.0199999999997,6,401.7399999999999,move,improve
14364,6,404.0199999999997,6,401.7399999999999,swap,notBad
14365,6,404.0199999999997,6,401.7399999999999,swap,notBad
14366,6,404.0199999999997,6,401.7399999999999,2opt,notBad
14367,6,404.0199999999997,6,401.7399999999999,move,improve
14368,6,404.0199999999997,6,401.7399999999999,2opt,notBad
14369,6,404.0199999999997,6,401.7399999999999,2opt,notBad
14370,6,404.0199999999997,6,401.7399999999999,swap,notBad
14371,6,404.0199999999997,6,401.7399999999999,2opt,notBad
14372,6,404.0199999999997,6,401.7399999999999,swap,notBad
14373,6,404.0199999999997,6,401.7399999999999,swap,notBad
14374,6,404.0199999999997,6,401.7399999999999,2opt,notBad
14375,6,404.0199999999997,6,401.7399999999999,2opt,notBad
14376,6,404.0199999999997,6,401.7399999999999,swap,notBad
14377,6,404.0199999999997,6,401.7399999999999,move,improve
14378,6,404.0199999999997,6,401.7399999999999,2opt,notBad
14379,6,404.0199999999997,6,401.7399999999999,swap,notBad
14380,6,404.0199999999997,6,401.7399999999999,2opt,notBad
14381,6,404.0199999999997,6,401.7399999999999,swap,notBad
14382,6,404.0199999999997,6,401.7399999999999,2opt,notBad
14383,6,404.0199999999997,6,401.7399999999999,move,improve
14384,6,404.0199999999997,6,401.7399999999999,2opt,notBad
14385,6,404.0199999999997,6,401.7399999999999,move,improve
14386,6,404.0199999999997,6,401.7399999999999,2opt,notBad
14387,6,404.0199999999997,6,401.7399999999999,swap,notBad
14388,6,404.0199999999997,6,401.7399999999999,move,improve
14389,6,404.0199999999997,6,401.7399999999999,swap,notBad
14390,6,404.0199999999997,6,401.7399999999999,swap,notBad
14391,6,404.0199999999997,6,401.7399999999999,2opt,notBad
14392,6,404.0199999999997,6,401.7399999999999,swap,notBad
14393,6,404.0199999999997,6,401.7399999999999,2opt,notBad
14394,6,404.0199999999997,6,401.7399999999999,2opt,notBad
14395,6,404.0199999999997,6,401.7399999999999,swap,notBad
14396,6,404.0199999999997,6,401.7399999999999,swap,notBad
14397,6,404.0199999999997,6,401.7399999999999,2opt,notBad
14398,6,404.0199999999997,6,401.7399999999999,move,improve
14399,6,404.0199999999997,6,401.7399999999999,swap,notBad
14400,6,404.0199999999997,6,401.7399999999999,2opt,notBad
14401,6,404.0199999999997,6,401.7399999999999,swap,notBad
14402,6,404.0199999999997,6,401.7399999999999,2opt,notBad
14403,6,404.0199999999997,6,401.7399999999999,move,improve
14404,6,404.0199999999997,6,401.7399999999999,move,improve
14405,6,404.0199999999997,6,401.7399999999999,move,improve
14406,6,404.0199999999997,6,401.7399999999999,2opt,notBad
14407,6,404.0199999999997,6,401.7399999999999,swap,notBad
14408,6,404.0199999999997,6,401.7399999999999,swap,notBad
14409,6,404.0199999999997,6,401.7399999999999,swap,notBad
14410,6,404.0199999999997,6,401.7399999999999,swap,notBad
14411,6,404.0199999999997,6,401.7399999999999,swap,notBad
14412,6,404.0199999999997,6,401.7399999999999,swap,notBad
14413,6,404.0199999999997,6,401.7399999999999,swap,notBad
14414,6,404.0199999999997,6,401.7399999999999,move,improve
14415,6,404.0199999999997,6,401.7399999999999,move,improve
14416,6,404.0199999999997,6,401.7399999999999,2opt,notBad
14417,6,404.0199999999997,6,401.7399999999999,swap,notBad
14418,6,404.0199999999997,6,401.7399999999999,move,improve
14419,6,404.0199999999997,6,401.7399999999999,2opt,notBad
14420,6,404.0199999999997,6,401.7399999999999,2opt,notBad
14421,6,404.0199999999997,6,401.7399999999999,swap,notBad
14422,6,404.0199999999997,6,401.7399999999999,2opt,notBad
14423,6,404.0199999999997,6,401.7399999999999,2opt,notBad
14424,6,404.0199999999997,6,401.7399999999999,swap,notBad
14425,6,404.0199999999997,6,401.7399999999999,2opt,notBad
14426,6,404.0199999999997,6,401.7399999999999,move,improve
14427,6,404.0199999999997,6,401.7399999999999,2opt,notBad
14428,6,404.0199999999997,6,401.7399999999999,swap,notBad
14429,6,404.0199999999997,6,401.7399999999999,2opt,notBad
14430,6,404.0199999999997,6,401.7399999999999,swap,notBad
14431,6,404.0199999999997,6,401.7399999999999,2opt,notBad
14432,6,404.0199999999997,6,401.7399999999999,swap,notBad
14433,6,404.0199999999997,6,401.7399999999999,2opt,notBad
14434,6,404.0199999999997,6,401.7399999999999,2opt,notBad
14435,6,404.0199999999997,6,401.7399999999999,swap,notBad
14436,6,404.0199999999997,6,401.7399999999999,move,improve
14437,6,404.0199999999997,6,401.7399999999999,move,improve
14438,6,404.0199999999997,6,401.7399999999999,2opt,notBad
14439,6,404.0199999999997,6,401.7399999999999,move,improve
14440,6,404.0199999999997,6,401.7399999999999,move,improve
14441,6,404.0199999999997,6,401.7399999999999,move,improve
14442,6,404.0199999999997,6,401.7399999999999,swap,notBad
14443,6,404.0199999999997,6,401.7399999999999,move,improve
14444,6,404.0199999999997,6,401.7399999999999,swap,notBad
14445,6,404.0199999999997,6,401.7399999999999,move,improve
14446,6,404.0199999999997,6,401.7399999999999,swap,notBad
14447,6,404.0199999999997,6,401.7399999999999,move,improve
14448,6,404.0199999999997,6,401.7399999999999,move,improve
14449,6,404.0199999999997,6,401.7399999999999,swap,notBad
14450,6,404.0199999999997,6,401.7399999999999,swap,notBad
14451,6,404.0199999999997,6,401.7399999999999,move,improve
14452,6,404.0199999999997,6,401.7399999999999,move,improve
14453,6,404.0199999999997,6,401.7399999999999,move,improve
14454,6,404.0199999999997,6,401.7399999999999,2opt,notBad
14455,6,404.0199999999997,6,401.7399999999999,swap,notBad
14456,6,404.0199999999997,6,401.7399999999999,move,improve
14457,6,404.0199999999997,6,401.7399999999999,2opt,notBad
14458,6,404.0199999999997,6,401.7399999999999,move,improve
14459,6,404.0199999999997,6,401.7399999999999,swap,notBad
14460,6,404.0199999999997,6,401.7399999999999,swap,notBad
14461,6,404.0199999999997,6,401.7399999999999,2opt,notBad
14462,6,404.0199999999997,6,401.7399999999999,swap,notBad
14463,6,404.0199999999997,6,401.7399999999999,swap,notBad
14464,6,404.0199999999997,6,401.7399999999999,swap,notBad
14465,6,404.0199999999997,6,401.7399999999999,2opt,notBad
14466,6,404.0199999999997,6,401.7399999999999,swap,notBad
14467,6,404.0199999999997,6,401.7399999999999,move,improve
14468,6,404.0199999999997,6,401.7399999999999,move,improve
14469,6,404.0199999999997,6,401.7399999999999,move,improve
14470,6,404.0199999999997,6,401.7399999999999,2opt,notBad
14471,6,404.0199999999997,6,401.7399999999999,swap,notBad
14472,6,404.0199999999997,6,401.7399999999999,swap,notBad
14473,6,404.0199999999997,6,401.7399999999999,swap,notBad
14474,6,404.0199999999997,6,401.7399999999999,move,improve
14475,6,404.0199999999997,6,401.7399999999999,swap,notBad
14476,6,404.0199999999997,6,401.7399999999999,2opt,notBad
14477,6,404.0199999999997,6,401.7399999999999,move,improve
14478,6,404.0199999999997,6,401.7399999999999,2opt,notBad
14479,6,404.0199999999997,6,401.7399999999999,move,improve
14480,6,404.0199999999997,6,401.7399999999999,move,improve
14481,6,404.0199999999997,6,401.7399999999999,move,improve
14482,6,404.0199999999997,6,401.7399999999999,2opt,notBad
14483,6,404.0199999999997,6,401.7399999999999,swap,notBad
14484,6,404.0199999999997,6,401.7399999999999,2opt,notBad
14485,6,404.0199999999997,6,401.7399999999999,move,improve
14486,6,404.0199999999997,6,401.7399999999999,swap,notBad
14487,6,404.0199999999997,6,401.7399999999999,2opt,notBad
14488,6,404.0199999999997,6,401.7399999999999,move,improve
14489,6,404.0199999999997,6,401.7399999999999,move,improve
14490,6,404.0199999999997,6,401.7399999999999,move,improve
14491,6,404.0199999999997,6,401.7399999999999,move,improve
14492,6,404.0199999999997,6,401.7399999999999,swap,notBad
14493,6,404.0199999999997,6,401.7399999999999,swap,notBad
14494,6,404.0199999999997,6,401.7399999999999,2opt,notBad
14495,6,404.0199999999997,6,401.7399999999999,2opt,notBad
14496,6,404.0199999999997,6,401.7399999999999,2opt,notBad
14497,6,404.0199999999997,6,401.7399999999999,2opt,improve
14498,6,404.0199999999997,6,401.7399999999999,move,improve
14499,6,404.0199999999997,6,401.7399999999999,swap,notBad
14500,6,404.0199999999997,6,401.7399999999999,move,improve
14501,6,404.0199999999997,6,401.7399999999999,2opt,notBad
14502,6,404.0199999999997,6,401.7399999999999,swap,notBad
14503,6,404.0199999999997,6,401.7399999999999,2opt,notBad
14504,6,404.0199999999997,6,401.7399999999999,move,improve
14505,6,404.0199999999997,6,401.7399999999999,swap,notBad
14506,6,404.0199999999997,6,401.7399999999999,swap,notBad
14507,6,404.0199999999997,6,401.7399999999999,move,improve
14508,6,404.0199999999997,6,401.7399999999999,2opt,notBad
14509,6,404.0199999999997,6,401.7399999999999,swap,notBad
14510,6,404.0199999999997,6,401.7399999999999,swap,notBad
14511,6,404.0199999999997,6,401.7399999999999,move,improve
14512,6,404.0199999999997,6,401.7399999999999,move,improve
14513,6,404.0199999999997,6,401.7399999999999,2opt,improve
14514,6,404.0199999999997,6,401.7399999999999,2opt,notBad
14515,6,404.0199999999997,6,401.7399999999999,move,improve
14516,6,404.0199999999997,6,401.7399999999999,swap,notBad
14517,6,404.0199999999997,6,401.7399999999999,2opt,notBad
14518,6,404.0199999999997,6,401.7399999999999,2opt,notBad
14519,6,404.0199999999997,6,401.7399999999999,2opt,notBad
14520,6,404.0199999999997,6,401.7399999999999,2opt,notBad
14521,6,404.0199999999997,6,401.7399999999999,2opt,improve
14522,6,404.0199999999997,6,401.7399999999999,move,improve
14523,6,404.0199999999997,6,401.7399999999999,move,improve
14524,6,404.0199999999997,6,401.7399999999999,2opt,notBad
14525,6,404.0199999999997,6,401.7399999999999,swap,notBad
14526,6,404.0199999999997,6,401.7399999999999,move,improve
14527,6,404.0199999999997,6,401.7399999999999,move,improve
14528,6,404.0199999999997,6,401.7399999999999,move,improve
14529,6,404.0199999999997,6,401.7399999999999,2opt,notBad
14530,6,404.0199999999997,6,401.7399999999999,swap,notBad
14531,6,404.0199999999997,6,401.7399999999999,swap,notBad
14532,6,404.0199999999997,6,401.7399999999999,2opt,notBad
14533,6,404.0199999999997,6,401.7399999999999,move,improve
14534,6,404.0199999999997,6,401.7399999999999,2opt,notBad
14535,6,404.0199999999997,6,401.7399999999999,2opt,improve
14536,6,404.0199999999997,6,401.7399999999999,swap,notBad
14537,6,404.0199999999997,6,401.7399999999999,swap,notBad
14538,6,404.0199999999997,6,401.7399999999999,swap,notBad
14539,6,404.0199999999997,6,401.7399999999999,move,improve
14540,6,404.0199999999997,6,401.7399999999999,2opt,notBad
14541,6,404.0199999999997,6,401.7399999999999,move,improve
14542,6,404.0199999999997,6,401.7399999999999,move,improve
14543,6,404.0199999999997,6,401.7399999999999,2opt,notBad
14544,6,404.0199999999997,6,401.7399999999999,2opt,notBad
14545,6,404.0199999999997,6,401.7399999999999,2opt,notBad
14546,6,404.0199999999997,6,401.7399999999999,swap,notBad
14547,6,404.0199999999997,6,401.7399999999999,move,notBad
14548,6,404.0199999999997,6,401.7399999999999,move,improve
14549,6,404.0199999999997,6,401.7399999999999,move,improve
14550,6,404.0199999999997,6,401.7399999999999,move,improve
14551,6,404.0199999999997,6,401.7399999999999,move,improve
14552,6,404.0199999999997,6,401.7399999999999,swap,notBad
14553,6,404.0199999999997,6,401.7399999999999,move,improve
14554,6,404.0199999999997,6,401.7399999999999,2opt,notBad
14555,6,404.72000000000014,6,401.7399999999999,move,acceptBad
14556,6,404.72000000000014,6,401.7399999999999,swap,notBad
14557,6,404.72000000000014,6,401.7399999999999,move,improve
14558,6,404.72000000000014,6,401.7399999999999,move,improve
14559,6,404.72000000000014,6,401.7399999999999,swap,notBad
14560,6,404.72000000000014,6,401.7399999999999,2opt,notBad
14561,6,404.72000000000014,6,401.7399999999999,swap,notBad
14562,6,404.72000000000014,6,401.7399999999999,move,improve
14563,6,404.72000000000014,6,401.7399999999999,2opt,notBad
14564,6,404.72000000000014,6,401.7399999999999,swap,notBad
14565,6,404.72000000000014,6,401.7399999999999,swap,notBad
14566,6,404.72000000000014,6,401.7399999999999,2opt,notBad
14567,6,404.72000000000014,6,401.7399999999999,move,improve
14568,6,404.72000000000014,6,401.7399999999999,move,improve
14569,6,404.72000000000014,6,401.7399999999999,swap,notBad
14570,6,404.72000000000014,6,401.7399999999999,swap,notBad
14571,6,404.72000000000014,6,401.7399999999999,move,improve
14572,6,404.72000000000014,6,401.7399999999999,move,improve
14573,6,404.72000000000014,6,401.7399999999999,move,improve
14574,6,404.72000000000014,6,401.7399999999999,swap,notBad
14575,6,404.72000000000014,6,401.7399999999999,swap,notBad
14576,6,404.72000000000014,6,401.7399999999999,move,improve
14577,6,404.72000000000014,6,401.7399999999999,swap,notBad
14578,6,404.72000000000014,6,401.7399999999999,swap,notBad
14579,6,404.72000000000014,6,401.7399999999999,swap,notBad
14580,6,404.72000000000014,6,401.7399999999999,move,improve
14581,6,404.72000000000014,6,401.7399999999999,2opt,notBad
14582,6,404.72000000000014,6,401.7399999999999,swap,notBad
14583,6,404.72000000000014,6,401.7399999999999,2opt,notBad
14584,6,404.72000000000014,6,401.7399999999999,2opt,notBad
14585,6,404.72000000000014,6,401.7399999999999,move,improve
14586,6,404.72000000000014,6,401.7399999999999,swap,notBad
14587,6,404.72000000000014,6,401.7399999999999,swap,notBad
14588,6,404.72000000000014,6,401.7399999999999,move,improve
14589,6,404.72000000000014,6,401.7399999999999,2opt,notBad
14590,6,404.72000000000014,6,401.7399999999999,move,improve
14591,6,404.72000000000014,6,401.7399999999999,2opt,notBad
14592,6,404.72000000000014,6,401.7399999999999,move,improve
14593,6,404.72000000000014,6,401.7399999999999,swap,notBad
14594,6,404.72000000000014,6,401.7399999999999,move,improve
14595,6,404.72000000000014,6,401.7399999999999,swap,notBad
14596,6,404.72000000000014,6,401.7399999999999,move,improve
14597,6,404.72000000000014,6,401.7399999999999,move,improve
14598,6,404.72000000000014,6,401.7399999999999,swap,notBad
14599,6,404.72000000000014,6,401.7399999999999,swap,notBad
14600,6,404.72000000000014,6,401.7399999999999,swap,notBad
14601,6,404.72000000000014,6,401.7399999999999,swap,notBad
14602,6,404.72000000000014,6,401.7399999999999,2opt,notBad
14603,6,404.72000000000014,6,401.7399999999999,move,improve
14604,6,404.72000000000014,6,401.7399999999999,2opt,notBad
14605,6,404.72000000000014,6,401.7399999999999,2opt,notBad
14606,6,404.72000000000014,6,401.7399999999999,move,improve
14607,6,404.72000000000014,6,401.7399999999999,move,improve
14608,6,404.72000000000014,6,401.7399999999999,2opt,notBad
14609,6,404.72000000000014,6,401.7399999999999,move,improve
14610,6,404.72000000000014,6,401.7399999999999,2opt,notBad
14611,6,404.72000000000014,6,401.7399999999999,swap,notBad
14612,6,404.72000000000014,6,401.7399999999999,2opt,notBad
14613,6,404.72000000000014,6,401.7399999999999,move,improve
14614,6,404.72000000000014,6,401.7399999999999,move,improve
14615,6,404.72000000000014,6,401.7399999999999,2opt,notBad
14616,6,404.72000000000014,6,401.7399999999999,2opt,notBad
14617,6,404.72000000000014,6,401.7399999999999,move,improve
14618,6,404.72000000000014,6,401.7399999999999,2opt,notBad
14619,6,404.72000000000014,6,401.7399999999999,2opt,notBad
14620,6,404.72000000000014,6,401.7399999999999,2opt,notBad
14621,6,404.72000000000014,6,401.7399999999999,2opt,improve
14622,6,404.72000000000014,6,401.7399999999999,2opt,notBad
14623,6,404.72000000000014,6,401.7399999999999,2opt,notBad
14624,6,404.72000000000014,6,401.7399999999999,2opt,improve
14625,6,404.72000000000014,6,401.7399999999999,move,improve
14626,6,404.72000000000014,6,401.7399999999999,move,improve
14627,6,404.72000000000014,6,401.7399999999999,2opt,notBad
14628,6,404.72000000000014,6,401.7399999999999,swap,notBad
14629,6,404.72000000000014,6,401.7399999999999,swap,notBad
14630,6,404.72000000000014,6,401.7399999999999,swap,notBad
14631,6,404.72000000000014,6,401.7399999999999,move,improve
14632,6,404.72000000000014,6,401.7399999999999,swap,notBad
14633,6,404.72000000000014,6,401.7399999999999,2opt,improve
14634,6,404.72000000000014,6,401.7399999999999,move,improve
14635,6,404.72000000000014,6,401.7399999999999,2opt,notBad
14636,6,404.72000000000014,6,401.7399999999999,2opt,notBad
14637,6,404.72000000000014,6,401.7399999999999,2opt,notBad
14638,6,404.72000000000014,6,401.7399999999999,swap,notBad
14639,6,404.72000000000014,6,401.7399999999999,move,improve
14640,6,404.72000000000014,6,401.7399999999999,move,improve
14641,6,404.72000000000014,6,401.7399999999999,move,improve
14642,6,404.72000000000014,6,401.7399999999999,2opt,notBad
14643,6,404.72000000000014,6,401.7399999999999,swap,notBad
14644,6,404.72000000000014,6,401.7399999999999,move,improve
14645,6,404.72000000000014,6,401.7399999999999,move,improve
14646,6,404.72000000000014,6,401.7399999999999,move,improve
14647,6,404.72000000000014,6,401.7399999999999,swap,notBad
14648,6,404.72000000000014,6,401.7399999999999,2opt,notBad
14649,6,404.72000000000014,6,401.7399999999999,2opt,notBad
14650,6,404.72000000000014,6,401.7399999999999,move,improve
14651,6,404.72000000000014,6,401.7399999999999,swap,notBad
14652,6,404.72000000000014,6,401.7399999999999,move,improve
14653,6,404.72000000000014,6,401.7399999999999,move,improve
14654,6,404.72000000000014,6,401.7399999999999,move,improve
14655,6,404.72000000000014,6,401.7399999999999,2opt,notBad
14656,6,404.72000000000014,6,401.7399999999999,move,improve
14657,6,404.72000000000014,6,401.7399999999999,swap,notBad
14658,6,404.72000000000014,6,401.7399999999999,move,improve
14659,6,404.72000000000014,6,401.7399999999999,2opt,notBad
14660,6,404.72000000000014,6,401.7399999999999,2opt,notBad
14661,6,404.72000000000014,6,401.7399999999999,2opt,notBad
14662,6,404.72000000000014,6,401.7399999999999,2opt,notBad
14663,6,404.72000000000014,6,401.7399999999999,swap,notBad
14664,6,404.72000000000014,6,401.7399999999999,move,improve
14665,6,404.72000000000014,6,401.7399999999999,move,improve
14666,6,404.72000000000014,6,401.7399999999999,swap,notBad
14667,6,404.72000000000014,6,401.7399999999999,move,improve
14668,6,404.72000000000014,6,401.7399999999999,2opt,notBad
14669,6,404.72000000000014,6,401.7399999999999,move,improve
14670,6,404.72000000000014,6,401.7399999999999,2opt,notBad
14671,6,404.72000000000014,6,401.7399999999999,move,improve
14672,6,404.72000000000014,6,401.7399999999999,2opt,notBad
14673,6,404.72000000000014,6,401.7399999999999,move,improve
14674,6,404.72000000000014,6,401.7399999999999,move,improve
14675,6,404.72000000000014,6,401.7399999999999,swap,notBad
14676,6,404.72000000000014,6,401.7399999999999,2opt,notBad
14677,6,404.72000000000014,6,401.7399999999999,2opt,notBad
14678,6,404.72000000000014,6,401.7399999999999,2opt,notBad
14679,6,404.72000000000014,6,401.7399999999999,2opt,notBad
14680,6,404.72000000000014,6,401.7399999999999,2opt,notBad
14681,6,404.72000000000014,6,401.7399999999999,swap,notBad
14682,6,404.72000000000014,6,401.7399999999999,2opt,notBad
14683,6,404.72000000000014,6,401.7399999999999,move,improve
14684,6,404.72000000000014,6,401.7399999999999,move,improve
14685,6,404.72000000000014,6,401.7399999999999,2opt,notBad
14686,6,404.72000000000014,6,401.7399999999999,2opt,notBad
14687,6,404.72000000000014,6,401.7399999999999,swap,notBad
14688,6,404.72000000000014,6,401.7399999999999,move,improve
14689,6,404.72000000000014,6,401.7399999999999,move,improve
14690,6,404.72000000000014,6,401.7399999999999,move,improve
14691,6,404.72000000000014,6,401.7399999999999,2opt,notBad
14692,6,404.72000000000014,6,401.7399999999999,2opt,notBad
14693,6,404.72000000000014,6,401.7399999999999,2opt,notBad
14694,6,404.72000000000014,6,401.7399999999999,move,improve
14695,6,404.72000000000014,6,401.7399999999999,move,improve
14696,6,404.72000000000014,6,401.7399999999999,2opt,notBad
14697,6,404.72000000000014,6,401.7399999999999,2opt,notBad
14698,6,404.72000000000014,6,401.7399999999999,move,improve
14699,6,404.72000000000014,6,401.7399999999999,2opt,notBad
14700,6,404.72000000000014,6,401.7399999999999,swap,notBad
14701,6,404.72000000000014,6,401.7399999999999,move,improve
14702,6,404.72000000000014,6,401.7399999999999,swap,notBad
14703,6,404.72000000000014,6,401.7399999999999,swap,notBad
14704,6,404.72000000000014,6,401.7399999999999,swap,notBad
14705,6,404.72000000000014,6,401.7399999999999,move,improve
14706,6,404.72000000000014,6,401.7399999999999,2opt,notBad
14707,6,404.72000000000014,6,401.7399999999999,2opt,notBad
14708,6,404.72000000000014,6,401.7399999999999,move,improve
14709,6,404.72000000000014,6,401.7399999999999,move,improve
14710,6,404.72000000000014,6,401.7399999999999,2opt,improve
14711,6,404.72000000000014,6,401.7399999999999,swap,notBad
14712,6,404.72000000000014,6,401.7399999999999,swap,notBad
14713,6,404.72000000000014,6,401.7399999999999,swap,notBad
14714,6,404.72000000000014,6,401.7399999999999,move,improve
14715,6,404.72000000000014,6,401.7399999999999,move,improve
14716,6,404.72000000000014,6,401.7399999999999,move,improve
14717,6,404.72000000000014,6,401.7399999999999,swap,notBad
14718,6,404.72000000000014,6,401.7399999999999,2opt,notBad
14719,6,404.72000000000014,6,401.7399999999999,swap,notBad
14720,6,404.72000000000014,6,401.7399999999999,2opt,notBad
14721,6,404.72000000000014,6,401.7399999999999,2opt,notBad
14722,6,404.72000000000014,6,401.7399999999999,2opt,notBad
14723,6,404.72000000000014,6,401.7399999999999,move,improve
14724,6,404.72000000000014,6,401.7399999999999,swap,notBad
14725,6,404.72000000000014,6,401.7399999999999,swap,notBad
14726,6,404.72000000000014,6,401.7399999999999,move,improve
14727,6,404.72000000000014,6,401.7399999999999,2opt,notBad
14728,6,404.72000000000014,6,401.7399999999999,move,improve
14729,6,404.72000000000014,6,401.7399999999999,swap,notBad
14730,6,404.72000000000014,6,401.7399999999999,swap,notBad
14731,6,404.72000000000014,6,401.7399999999999,swap,notBad
14732,6,404.72000000000014,6,401.7399999999999,move,improve
14733,6,404.72000000000014,6,401.7399999999999,swap,notBad
14734,6,404.72000000000014,6,401.7399999999999,swap,notBad
14735,6,404.72000000000014,6,401.7399999999999,2opt,notBad
14736,6,404.72000000000014,6,401.7399999999999,move,improve
14737,6,404.72000000000014,6,401.7399999999999,2opt,notBad
14738,6,404.72000000000014,6,401.7399999999999,2opt,notBad
14739,6,404.72000000000014,6,401.7399999999999,swap,notBad
14740,6,404.72000000000014,6,401.7399999999999,2opt,notBad
14741,6,404.72000000000014,6,401.7399999999999,move,improve
14742,6,404.72000000000014,6,401.7399999999999,move,improve
14743,6,404.72000000000014,6,401.7399999999999,2opt,improve
14744,6,404.72000000000014,6,401.7399999999999,2opt,notBad
14745,6,404.72000000000014,6,401.7399999999999,swap,notBad
14746,6,404.72000000000014,6,401.7399999999999,swap,notBad
14747,6,404.72000000000014,6,401.7399999999999,move,improve
14748,6,404.72000000000014,6,401.7399999999999,2opt,notBad
14749,6,404.72000000000014,6,401.7399999999999,2opt,notBad
14750,6,404.72000000000014,6,401.7399999999999,move,improve
14751,6,404.72000000000014,6,401.7399999999999,swap,notBad
14752,6,404.72000000000014,6,401.7399999999999,2opt,notBad
14753,6,404.72000000000014,6,401.7399999999999,2opt,notBad
14754,6,404.72000000000014,6,401.7399999999999,swap,notBad
14755,6,404.72000000000014,6,401.7399999999999,move,improve
14756,6,404.72000000000014,6,401.7399999999999,swap,notBad
14757,6,404.72000000000014,6,401.7399999999999,2opt,notBad
14758,6,404.72000000000014,6,401.7399999999999,swap,notBad
14759,6,404.72000000000014,6,401.7399999999999,2opt,notBad
14760,6,404.72000000000014,6,401.7399999999999,move,improve
14761,6,404.72000000000014,6,401.7399999999999,2opt,notBad
14762,6,404.72000000000014,6,401.7399999999999,swap,notBad
14763,6,404.72000000000014,6,401.7399999999999,swap,notBad
14764,6,404.72000000000014,6,401.7399999999999,swap,notBad
14765,6,404.72000000000014,6,401.7399999999999,2opt,notBad
14766,6,404.72000000000014,6,401.7399999999999,move,improve
14767,6,404.72000000000014,6,401.7399999999999,move,improve
14768,6,404.72000000000014,6,401.7399999999999,move,improve
14769,6,404.72000000000014,6,401.7399999999999,swap,notBad
14770,6,404.72000000000014,6,401.7399999999999,move,improve
14771,6,404.72000000000014,6,401.7399999999999,move,improve
14772,6,404.72000000000014,6,401.7399999999999,move,improve
14773,6,404.72000000000014,6,401.7399999999999,2opt,notBad
14774,6,404.72000000000014,6,401.7399999999999,2opt,notBad
14775,6,404.72000000000014,6,401.7399999999999,move,improve
14776,6,404.72000000000014,6,401.7399999999999,swap,notBad
14777,6,404.72000000000014,6,401.7399999999999,2opt,notBad
14778,6,404.72000000000014,6,401.7399999999999,swap,notBad
14779,6,404.72000000000014,6,401.7399999999999,move,improve
14780,6,404.72000000000014,6,401.7399999999999,2opt,notBad
14781,6,404.72000000000014,6,401.7399999999999,swap,notBad
14782,6,404.72000000000014,6,401.7399999999999,2opt,notBad
14783,6,404.72000000000014,6,401.7399999999999,2opt,notBad
14784,6,404.72000000000014,6,401.7399999999999,move,improve
14785,6,404.72000000000014,6,401.7399999999999,2opt,notBad
14786,6,404.72000000000014,6,401.7399999999999,move,improve
14787,6,404.72000000000014,6,401.7399999999999,2opt,notBad
14788,6,404.72000000000014,6,401.7399999999999,swap,notBad
14789,6,404.72000000000014,6,401.7399999999999,2opt,notBad
14790,6,404.72000000000014,6,401.7399999999999,2opt,notBad
14791,6,404.72000000000014,6,401.7399999999999,move,improve
14792,6,404.72000000000014,6,401.7399999999999,2opt,notBad
14793,6,404.72000000000014,6,401.7399999999999,move,improve
14794,6,404.72000000000014,6,401.7399999999999,move,improve
14795,6,404.72000000000014,6,401.7399999999999,swap,notBad
14796,6,404.72000000000014,6,401.7399999999999,move,improve
14797,6,404.72000000000014,6,401.7399999999999,2opt,notBad
14798,6,404.72000000000014,6,401.7399999999999,2opt,notBad
14799,6,404.72000000000014,6,401.7399999999999,swap,notBad
14800,6,404.72000000000014,6,401.7399999999999,2opt,notBad
14801,6,404.72000000000014,6,401.7399999999999,move,improve
14802,6,404.72000000000014,6,401.7399999999999,swap,notBad
14803,6,404.72000000000014,6,401.7399999999999,2opt,notBad
14804,6,404.72000000000014,6,401.7399999999999,2opt,notBad
14805,6,404.72000000000014,6,401.7399999999999,move,improve
14806,6,404.72000000000014,6,401.7399999999999,2opt,notBad
14807,6,404.72000000000014,6,401.7399999999999,move,improve
14808,6,404.72000000000014,6,401.7399999999999,swap,notBad
14809,6,404.72000000000014,6,401.7399999999999,2opt,notBad
14810,6,404.72000000000014,6,401.7399999999999,swap,notBad
14811,6,404.72000000000014,6,401.7399999999999,move,improve
14812,6,404.72000000000014,6,401.7399999999999,move,improve
14813,6,404.72000000000014,6,401.7399999999999,move,improve
14814,6,404.72000000000014,6,401.7399999999999,2opt,notBad
14815,6,404.72000000000014,6,401.7399999999999,swap,notBad
14816,6,404.72000000000014,6,401.7399999999999,2opt,notBad
14817,6,404.72000000000014,6,401.7399999999999,move,improve
14818,6,404.72000000000014,6,401.7399999999999,move,improve
14819,6,404.72000000000014,6,401.7399999999999,swap,notBad
14820,6,404.72000000000014,6,401.7399999999999,swap,notBad
14821,6,404.72000000000014,6,401.7399999999999,2opt,notBad
14822,6,404.72000000000014,6,401.7399999999999,swap,notBad
14823,6,404.72000000000014,6,401.7399999999999,move,improve
14824,6,404.72000000000014,6,401.7399999999999,2opt,notBad
14825,6,404.72000000000014,6,401.7399999999999,move,improve
14826,6,404.72000000000014,6,401.7399999999999,swap,notBad
14827,6,404.72000000000014,6,401.7399999999999,swap,notBad
14828,6,404.72000000000014,6,401.7399999999999,swap,notBad
14829,6,404.72000000000014,6,401.7399999999999,2opt,notBad
14830,6,404.72000000000014,6,401.7399999999999,2opt,notBad
14831,6,404.72000000000014,6,401.7399999999999,swap,notBad
14832,6,404.72000000000014,6,401.7399999999999,swap,notBad
14833,6,404.72000000000014,6,401.7399999999999,move,improve
14834,6,404.72000000000014,6,401.7399999999999,2opt,notBad
14835,6,404.72000000000014,6,401.7399999999999,swap,notBad
14836,6,404.72000000000014,6,401.7399999999999,move,improve
14837,6,404.72000000000014,6,401.7399999999999,swap,notBad
14838,6,404.72000000000014,6,401.7399999999999,move,improve
14839,6,404.72000000000014,6,401.7399999999999,2opt,notBad
14840,6,404.72000000000014,6,401.7399999999999,move,improve
14841,6,404.72000000000014,6,401.7399999999999,move,improve
14842,6,404.72000000000014,6,401.7399999999999,swap,notBad
14843,6,404.72000000000014,6,401.7399999999999,swap,notBad
14844,6,404.72000000000014,6,401.7399999999999,swap,notBad
14845,6,404.72000000000014,6,401.7399999999999,swap,notBad
14846,6,404.72000000000014,6,401.7399999999999,2opt,notBad
14847,6,404.72000000000014,6,401.7399999999999,2opt,improve
14848,6,404.72000000000014,6,401.7399999999999,move,improve
14849,6,404.72000000000014,6,401.7399999999999,2opt,notBad
14850,6,404.72000000000014,6,401.7399999999999,2opt,notBad
14851,6,404.72000000000014,6,401.7399999999999,2opt,notBad
14852,6,404.72000000000014,6,401.7399999999999,swap,notBad
14853,6,404.72000000000014,6,401.7399999999999,move,improve
14854,6,404.72000000000014,6,401.7399999999999,swap,notBad
14855,6,404.72000000000014,6,401.7399999999999,swap,notBad
14856,6,404.72000000000014,6,401.7399999999999,move,improve
14857,6,404.72000000000014,6,401.7399999999999,move,improve
14858,6,404.72000000000014,6,401.7399999999999,swap,notBad
14859,6,404.72000000000014,6,401.7399999999999,move,improve
14860,6,404.72000000000014,6,401.7399999999999,2opt,notBad
14861,6,404.72000000000014,6,401.7399999999999,swap,notBad
14862,6,404.72000000000014,6,401.7399999999999,swap,notBad
14863,6,404.72000000000014,6,401.7399999999999,2opt,notBad
14864,6,404.72000000000014,6,401.7399999999999,2opt,notBad
14865,6,404.72000000000014,6,401.7399999999999,move,improve
14866,6,404.72000000000014,6,401.7399999999999,2opt,notBad
14867,6,404.72000000000014,6,401.7399999999999,move,improve
14868,6,404.72000000000014,6,401.7399999999999,2opt,improve
14869,6,404.72000000000014,6,401.7399999999999,move,improve
14870,6,404.72000000000014,6,401.7399999999999,2opt,notBad
14871,6,404.72000000000014,6,401.7399999999999,2opt,notBad
14872,6,404.72000000000014,6,401.7399999999999,swap,notBad
14873,6,404.72000000000014,6,401.7399999999999,move,improve
14874,6,404.72000000000014,6,401.7399999999999,swap,notBad
14875,6,404.72000000000014,6,401.7399999999999,swap,notBad
14876,6,404.72000000000014,6,401.7399999999999,swap,notBad
14877,6,404.72000000000014,6,401.7399999999999,2opt,notBad
14878,6,404.72000000000014,6,401.7399999999999,move,improve
14879,6,404.72000000000014,6,401.7399999999999,move,improve
14880,6,404.72000000000014,6,401.7399999999999,swap,notBad
14881,6,404.72000000000014,6,401.7399999999999,swap,notBad
14882,6,404.72000000000014,6,401.7399999999999,move,improve
14883,6,404.72000000000014,6,401.7399999999999,swap,notBad
14884,6,404.72000000000014,6,401.7399999999999,move,improve
14885,6,404.72000000000014,6,401.7399999999999,2opt,notBad
14886,6,404.72000000000014,6,401.7399999999999,move,improve
14887,6,404.72000000000014,6,401.7399999999999,2opt,notBad
14888,6,404.72000000000014,6,401.7399999999999,swap,notBad
14889,6,404.72000000000014,6,401.7399999999999,move,improve
14890,6,404.72000000000014,6,401.7399999999999,move,improve
14891,6,404.72000000000014,6,401.7399999999999,swap,notBad
14892,6,404.72000000000014,6,401.7399999999999,swap,notBad
14893,6,404.72000000000014,6,401.7399999999999,2opt,notBad
14894,6,404.72000000000014,6,401.7399999999999,2opt,notBad
14895,6,404.72000000000014,6,401.7399999999999,2opt,notBad
14896,6,404.72000000000014,6,401.7399999999999,swap,notBad
14897,6,404.72000000000014,6,401.7399999999999,move,improve
14898,6,404.72000000000014,6,401.7399999999999,move,improve
14899,6,404.0199999999997,6,401.7399999999999,move,improve
14900,6,404.0199999999997,6,401.7399999999999,2opt,notBad
14901,6,404.0199999999997,6,401.7399999999999,swap,notBad
14902,6,404.0199999999997,6,401.7399999999999,swap,notBad
14903,6,404.0199999999997,6,401.7399999999999,move,improve
14904,6,404.0199999999997,6,401.7399999999999,move,improve
14905,6,404.0199999999997,6,401.7399999999999,2opt,notBad
14906,6,404.0199999999997,6,401.7399999999999,swap,notBad
14907,6,404.0199999999997,6,401.7399999999999,move,improve
14908,6,404.0199999999997,6,401.7399999999999,move,improve
14909,6,404.0199999999997,6,401.7399999999999,move,improve
14910,6,404.0199999999997,6,401.7399999999999,swap,notBad
14911,6,404.0199999999997,6,401.7399999999999,swap,notBad
14912,6,404.0199999999997,6,401.7399999999999,move,improve
14913,6,404.0199999999997,6,401.7399999999999,move,improve
14914,6,404.0199999999997,6,401.7399999999999,move,improve
14915,6,404.0199999999997,6,401.7399999999999,move,improve
14916,6,404.0199999999997,6,401.7399999999999,swap,notBad
14917,6,404.0199999999997,6,401.7399999999999,swap,notBad
14918,6,404.0199999999997,6,401.7399999999999,move,improve
14919,6,404.0199999999997,6,401.7399999999999,swap,notBad
14920,6,404.0199999999997,6,401.7399999999999,2opt,notBad
14921,6,404.0199999999997,6,401.7399999999999,move,improve
14922,6,404.0199999999997,6,401.7399999999999,move,improve
14923,6,404.0199999999997,6,401.7399999999999,move,improve
14924,6,404.0199999999997,6,401.7399999999999,move,improve
14925,6,404.0199999999997,6,401.7399999999999,2opt,notBad
14926,6,404.0199999999997,6,401.7399999999999,swap,notBad
14927,6,404.0199999999997,6,401.7399999999999,move,improve
14928,6,404.0199999999997,6,401.7399999999999,swap,notBad
14929,6,404.0199999999997,6,401.7399999999999,swap,notBad
14930,6,404.0199999999997,6,401.7399999999999,move,improve
14931,6,404.0199999999997,6,401.7399999999999,2opt,notBad
14932,6,404.0199999999997,6,401.7399999999999,2opt,notBad
14933,6,404.0199999999997,6,401.7399999999999,swap,notBad
14934,6,404.0199999999997,6,401.7399999999999,swap,notBad
14935,6,404.0199999999997,6,401.7399999999999,swap,notBad
14936,6,404.0199999999997,6,401.7399999999999,move,improve
14937,6,404.0199999999997,6,401.7399999999999,move,improve
14938,6,404.0199999999997,6,401.7399999999999,2opt,notBad
14939,6,404.0199999999997,6,401.7399999999999,move,improve
14940,6,404.0199999999997,6,401.7399999999999,swap,notBad
14941,6,404.0199999999997,6,401.7399999999999,2opt,notBad
14942,6,404.0199999999997,6,401.7399999999999,2opt,improve
14943,6,404.0199999999997,6,401.7399999999999,2opt,notBad
14944,6,404.0199999999997,6,401.7399999999999,move,improve
14945,6,404.0199999999997,6,401.7399999999999,move,improve
14946,6,404.0199999999997,6,401.7399999999999,move,improve
14947,6,404.0199999999997,6,401.7399999999999,swap,notBad
14948,6,404.0199999999997,6,401.7399999999999,swap,notBad
14949,6,404.0199999999997,6,401.7399999999999,2opt,notBad
14950,6,404.0199999999997,6,401.7399999999999,move,improve
14951,6,404.0199999999997,6,401.7399999999999,move,improve
14952,6,404.0199999999997,6,401.7399999999999,2opt,notBad
14953,6,404.0199999999997,6,401.7399999999999,swap,notBad
14954,6,404.0199999999997,6,401.7399999999999,2opt,notBad
14955,6,404.0199999999997,6,401.7399999999999,2opt,improve
14956,6,404.0199999999997,6,401.7399999999999,2opt,notBad
14957,6,404.0199999999997,6,401.7399999999999,2opt,notBad
14958,6,404.0199999999997,6,401.7399999999999,move,improve
14959,6,404.0199999999997,6,401.7399999999999,move,improve
14960,6,404.0199999999997,6,401.7399999999999,2opt,notBad
14961,6,404.72000000000014,6,401.7399999999999,move,acceptBad
14962,6,404.72000000000014,6,401.7399999999999,move,improve
14963,6,404.72000000000014,6,401.7399999999999,2opt,notBad
14964,6,404.72000000000014,6,401.7399999999999,swap,notBad
14965,6,404.72000000000014,6,401.7399999999999,swap,notBad
14966,6,404.72000000000014,6,401.7399999999999,2opt,notBad
14967,6,404.72000000000014,6,401.7399999999999,swap,notBad
14968,6,404.72000000000014,6,401.7399999999999,swap,notBad
14969,6,404.72000000000014,6,401.7399999999999,swap,notBad
14970,6,404.72000000000014,6,401.7399999999999,2opt,notBad
14971,6,404.72000000000014,6,401.7399999999999,swap,notBad
14972,6,404.72000000000014,6,401.7399999999999,swap,notBad
14973,6,404.72000000000014,6,401.7399999999999,2opt,notBad
14974,6,404.72000000000014,6,401.7399999999999,2opt,notBad
14975,6,404.72000000000014,6,401.7399999999999,move,improve
14976,6,404.72000000000014,6,401.7399999999999,move,improve
14977,6,404.72000000000014,6,401.7399999999999,move,improve
14978,6,404.72000000000014,6,401.7399999999999,2opt,notBad
14979,6,404.72000000000014,6,401.7399999999999,move,improve
14980,6,404.72000000000014,6,401.7399999999999,2opt,notBad
14981,6,404.72000000000014,6,401.7399999999999,2opt,improve
14982,6,404.72000000000014,6,401.7399999999999,swap,notBad
14983,6,404.72000000000014,6,401.7399999999999,move,improve
14984,6,404.72000000000014,6,401.7399999999999,move,improve
14985,6,404.72000000000014,6,401.7399999999999,2opt,notBad
14986,6,404.72000000000014,6,401.7399999999999,move,improve
14987,6,404.72000000000014,6,401.7399999999999,move,improve
14988,6,404.72000000000014,6,401.7399999999999,2opt,notBad
14989,6,404.72000000000014,6,401.7399999999999,2opt,notBad
14990,6,404.72000000000014,6,401.7399999999999,swap,notBad
14991,6,404.72000000000014,6,401.7399999999999,2opt,improve
14992,6,404.72000000000014,6,401.7399999999999,move,improve
14993,6,404.72000000000014,6,401.7399999999999,2opt,notBad
14994,6,404.72000000000014,6,401.7399999999999,swap,notBad
14995,6,404.72000000000014,6,401.7399999999999,move,improve
14996,6,404.72000000000014,6,401.7399999999999,2opt,notBad
14997,6,404.72000000000014,6,401.7399999999999,swap,notBad
14998,6,404.72000000000014,6,401.7399999999999,move,improve
14999,6,404.72000000000014,6,401.7399999999999,swap,notBad
15000,6,404.72000000000014,6,401.7399999999999,move,improve
15001,6,404.72000000000014,6,401.7399999999999,move,improve
15002,6,404.72000000000014,6,401.7399999999999,move,improve
15003,6,404.72000000000014,6,401.7399999999999,move,improve
15004,6,404.72000000000014,6,401.7399999999999,2opt,notBad
15005,6,404.72000000000014,6,401.7399999999999,2opt,notBad
15006,6,404.72000000000014,6,401.7399999999999,move,improve
15007,6,404.72000000000014,6,401.7399999999999,move,improve
15008,6,404.72000000000014,6,401.7399999999999,move,improve
15009,6,404.72000000000014,6,401.7399999999999,2opt,notBad
15010,6,404.72000000000014,6,401.7399999999999,move,improve
15011,6,404.72000000000014,6,401.7399999999999,move,improve
15012,6,404.72000000000014,6,401.7399999999999,swap,notBad
15013,6,404.72000000000014,6,401.7399999999999,2opt,notBad
15014,6,404.72000000000014,6,401.7399999999999,swap,notBad
15015,6,404.72000000000014,6,401.7399999999999,move,improve
15016,6,404.72000000000014,6,401.7399999999999,2opt,notBad
15017,6,404.72000000000014,6,401.7399999999999,swap,notBad
15018,6,404.72000000000014,6,401.7399999999999,move,improve
15019,6,404.72000000000014,6,401.7399999999999,move,improve
15020,6,404.72000000000014,6,401.7399999999999,move,improve
15021,6,404.0199999999997,6,401.7399999999999,move,improve
15022,6,404.0199999999997,6,401.7399999999999,2opt,notBad
15023,6,404.0199999999997,6,401.7399999999999,2opt,notBad
15024,6,404.0199999999997,6,401.7399999999999,move,improve
15025,6,404.0199999999997,6,401.7399999999999,move,improve
15026,6,404.0199999999997,6,401.7399999999999,swap,notBad
15027,6,404.0199999999997,6,401.7399999999999,move,improve
15028,6,404.0199999999997,6,401.7399999999999,swap,notBad
15029,6,404.72000000000014,6,401.7399999999999,move,acceptBad
15030,6,404.72000000000014,6,401.7399999999999,swap,notBad
15031,6,404.72000000000014,6,401.7399999999999,2opt,notBad
15032,6,404.72000000000014,6,401.7399999999999,move,improve
15033,6,404.72000000000014,6,401.7399999999999,swap,notBad
15034,6,404.72000000000014,6,401.7399999999999,move,improve
15035,6,404.72000000000014,6,401.7399999999999,move,improve
15036,6,404.72000000000014,6,401.7399999999999,move,improve
15037,6,404.72000000000014,6,401.7399999999999,2opt,notBad
15038,6,404.72000000000014,6,401.7399999999999,swap,notBad
15039,6,404.72000000000014,6,401.7399999999999,swap,notBad
15040,6,404.72000000000014,6,401.7399999999999,move,improve
15041,6,404.72000000000014,6,401.7399999999999,swap,notBad
15042,6,404.72000000000014,6,401.7399999999999,2opt,improve
15043,6,404.72000000000014,6,401.7399999999999,2opt,improve
15044,6,404.72000000000014,6,401.7399999999999,move,improve
15045,6,404.72000000000014,6,401.7399999999999,move,improve
15046,6,404.72000000000014,6,401.7399999999999,move,improve
15047,6,404.72000000000014,6,401.7399999999999,swap,notBad
15048,6,404.72000000000014,6,401.7399999999999,2opt,notBad
15049,6,404.72000000000014,6,401.7399999999999,move,improve
15050,6,404.72000000000014,6,401.7399999999999,2opt,notBad
15051,6,404.72000000000014,6,401.7399999999999,swap,notBad
15052,6,404.72000000000014,6,401.7399999999999,swap,notBad
15053,6,404.72000000000014,6,401.7399999999999,move,improve
15054,6,404.72000000000014,6,401.7399999999999,2opt,notBad
15055,6,404.72000000000014,6,401.7399999999999,swap,notBad
15056,6,404.72000000000014,6,401.7399999999999,2opt,notBad
15057,6,404.72000000000014,6,401.7399999999999,2opt,notBad
15058,6,404.72000000000014,6,401.7399999999999,move,improve
15059,6,404.72000000000014,6,401.7399999999999,swap,notBad
15060,6,404.72000000000014,6,401.7399999999999,move,improve
15061,6,404.72000000000014,6,401.7399999999999,move,improve
15062,6,404.72000000000014,6,401.7399999999999,move,improve
15063,6,404.72000000000014,6,401.7399999999999,2opt,notBad
15064,6,404.72000000000014,6,401.7399999999999,swap,notBad
15065,6,404.72000000000014,6,401.7399999999999,move,improve
15066,6,404.72000000000014,6,401.7399999999999,2opt,notBad
15067,6,404.72000000000014,6,401.7399999999999,swap,notBad
15068,6,404.72000000000014,6,401.7399999999999,move,improve
15069,6,404.72000000000014,6,401.7399999999999,move,improve
15070,6,404.72000000000014,6,401.7399999999999,swap,notBad
15071,6,404.72000000000014,6,401.7399999999999,swap,notBad
15072,6,404.72000000000014,6,401.7399999999999,swap,notBad
15073,6,404.72000000000014,6,401.7399999999999,swap,notBad
15074,6,404.72000000000014,6,401.7399999999999,2opt,notBad
15075,6,404.72000000000014,6,401.7399999999999,2opt,notBad
15076,6,404.72000000000014,6,401.7399999999999,swap,notBad
15077,6,404.72000000000014,6,401.7399999999999,2opt,notBad
15078,6,404.72000000000014,6,401.7399999999999,move,improve
15079,6,404.72000000000014,6,401.7399999999999,2opt,notBad
15080,6,404.72000000000014,6,401.7399999999999,move,improve
15081,6,404.72000000000014,6,401.7399999999999,move,improve
15082,6,404.72000000000014,6,401.7399999999999,move,improve
15083,6,404.72000000000014,6,401.7399999999999,move,improve
15084,6,404.72000000000014,6,401.7399999999999,swap,notBad
15085,6,404.72000000000014,6,401.7399999999999,2opt,notBad
15086,6,404.72000000000014,6,401.7399999999999,2opt,notBad
15087,6,404.72000000000014,6,401.7399999999999,swap,notBad
15088,6,404.72000000000014,6,401.7399999999999,swap,notBad
15089,6,404.72000000000014,6,401.7399999999999,swap,notBad
15090,6,404.72000000000014,6,401.7399999999999,2opt,notBad
15091,6,404.72000000000014,6,401.7399999999999,2opt,notBad
15092,6,404.72000000000014,6,401.7399999999999,2opt,notBad
15093,6,404.72000000000014,6,401.7399999999999,swap,notBad
15094,6,404.72000000000014,6,401.7399999999999,move,improve
15095,6,404.72000000000014,6,401.7399999999999,2opt,notBad
15096,6,404.72000000000014,6,401.7399999999999,move,improve
15097,6,404.72000000000014,6,401.7399999999999,swap,notBad
15098,6,404.72000000000014,6,401.7399999999999,move,improve
15099,6,404.72000000000014,6,401.7399999999999,2opt,notBad
15100,6,404.72000000000014,6,401.7399999999999,move,improve
15101,6,404.72000000000014,6,401.7399999999999,move,improve
15102,6,404.72000000000014,6,401.7399999999999,move,improve
15103,6,404.72000000000014,6,401.7399999999999,2opt,notBad
15104,6,404.72000000000014,6,401.7399999999999,move,improve
15105,6,404.72000000000014,6,401.7399999999999,2opt,notBad
15106,6,404.72000000000014,6,401.7399999999999,2opt,notBad
15107,6,404.72000000000014,6,401.7399999999999,2opt,notBad
15108,6,404.72000000000014,6,401.7399999999999,2opt,notBad
15109,6,404.72000000000014,6,401.7399999999999,move,improve
15110,6,404.72000000000014,6,401.7399999999999,swap,notBad
15111,6,404.72000000000014,6,401.7399999999999,swap,notBad
15112,6,404.72000000000014,6,401.7399999999999,move,improve
15113,6,404.72000000000014,6,401.7399999999999,move,improve
15114,6,404.72000000000014,6,401.7399999999999,move,improve
15115,6,404.72000000000014,6,401.7399999999999,2opt,improve
15116,6,404.0199999999997,6,401.7399999999999,move,improve
15117,6,404.0199999999997,6,401.7399999999999,swap,notBad
15118,6,404.0199999999997,6,401.7399999999999,move,improve
15119,6,404.0199999999997,6,401.7399999999999,2opt,notBad
15120,6,404.0199999999997,6,401.7399999999999,swap,notBad
15121,6,404.0199999999997,6,401.7399999999999,2opt,notBad
15122,6,404.0199999999997,6,401.7399999999999,2opt,notBad
15123,6,404.0199999999997,6,401.7399999999999,move,improve
15124,6,404.0199999999997,6,401.7399999999999,2opt,notBad
15125,6,404.0199999999997,6,401.7399999999999,move,improve
15126,6,404.0199999999997,6,401.7399999999999,swap,notBad
15127,6,404.0199999999997,6,401.7399999999999,swap,notBad
15128,6,404.0199999999997,6,401.7399999999999,move,improve
15129,6,404.0199999999997,6,401.7399999999999,swap,notBad
15130,6,404.0199999999997,6,401.7399999999999,swap,notBad
15131,6,404.0199999999997,6,401.7399999999999,2opt,notBad
15132,6,404.0199999999997,6,401.7399999999999,2opt,notBad
15133,6,404.0199999999997,6,401.7399999999999,2opt,notBad
15134,6,404.0199999999997,6,401.7399999999999,2opt,notBad
15135,6,404.0199999999997,6,401.7399999999999,swap,notBad
15136,6,404.0199999999997,6,401.7399999999999,swap,notBad
15137,6,404.0199999999997,6,401.7399999999999,move,improve
15138,6,404.0199999999997,6,401.7399999999999,2opt,notBad
15139,6,404.0199999999997,6,401.7399999999999,swap,notBad
15140,6,404.0199999999997,6,401.7399999999999,swap,notBad
15141,6,404.0199999999997,6,401.7399999999999,2opt,notBad
15142,6,404.0199999999997,6,401.7399999999999,2opt,notBad
15143,6,404.0199999999997,6,401.7399999999999,2opt,notBad
15144,6,404.0199999999997,6,401.7399999999999,move,improve
15145,6,404.0199999999997,6,401.7399999999999,move,improve
15146,6,404.0199999999997,6,401.7399999999999,swap,notBad
15147,6,404.0199999999997,6,401.7399999999999,move,improve
15148,6,404.0199999999997,6,401.7399999999999,swap,notBad
15149,6,404.0199999999997,6,401.7399999999999,2opt,improve
15150,6,404.0199999999997,6,401.7399999999999,2opt,notBad
15151,6,404.0199999999997,6,401.7399999999999,2opt,notBad
15152,6,404.0199999999997,6,401.7399999999999,swap,notBad
15153,6,404.0199999999997,6,401.7399999999999,swap,notBad
15154,6,404.0199999999997,6,401.7399999999999,2opt,notBad
15155,6,404.0199999999997,6,401.7399999999999,move,improve
15156,6,404.0199999999997,6,401.7399999999999,2opt,notBad
15157,6,404.0199999999997,6,401.7399999999999,2opt,notBad
15158,6,404.0199999999997,6,401.7399999999999,move,improve
15159,6,404.0199999999997,6,401.7399999999999,move,improve
15160,6,404.0199999999997,6,401.7399999999999,2opt,notBad
15161,6,404.0199999999997,6,401.7399999999999,swap,notBad
15162,6,404.0199999999997,6,401.7399999999999,move,improve
15163,6,404.0199999999997,6,401.7399999999999,swap,notBad
15164,6,404.0199999999997,6,401.7399999999999,swap,notBad
15165,6,404.0199999999997,6,401.7399999999999,2opt,notBad
15166,6,404.0199999999997,6,401.7399999999999,2opt,notBad
15167,6,404.0199999999997,6,401.7399999999999,move,improve
15168,6,404.0199999999997,6,401.7399999999999,2opt,notBad
15169,6,404.0199999999997,6,401.7399999999999,2opt,improve
15170,6,404.0199999999997,6,401.7399999999999,move,improve
15171,6,404.0199999999997,6,401.7399999999999,swap,notBad
15172,6,404.0199999999997,6,401.7399999999999,swap,notBad
15173,6,404.0199999999997,6,401.7399999999999,2opt,notBad
15174,6,404.0199999999997,6,401.7399999999999,swap,notBad
15175,6,404.0199999999997,6,401.7399999999999,2opt,notBad
15176,6,404.0199999999997,6,401.7399999999999,move,improve
15177,6,404.0199999999997,6,401.7399999999999,swap,notBad
15178,6,404.0199999999997,6,401.7399999999999,2opt,improve
15179,6,404.0199999999997,6,401.7399999999999,swap,notBad
15180,6,404.0199999999997,6,401.7399999999999,swap,notBad
15181,6,404.0199999999997,6,401.7399999999999,2opt,notBad
15182,6,404.0199999999997,6,401.7399999999999,swap,notBad
15183,6,404.0199999999997,6,401.7399999999999,swap,notBad
15184,6,404.0199999999997,6,401.7399999999999,swap,notBad
15185,6,404.0199999999997,6,401.7399999999999,move,improve
15186,6,404.0199999999997,6,401.7399999999999,move,improve
15187,6,404.0199999999997,6,401.7399999999999,2opt,notBad
15188,6,404.0199999999997,6,401.7399999999999,move,improve
15189,6,404.0199999999997,6,401.7399999999999,2opt,notBad
15190,6,404.0199999999997,6,401.7399999999999,swap,notBad
15191,6,404.0199999999997,6,401.7399999999999,move,improve
15192,6,404.0199999999997,6,401.7399999999999,move,improve
15193,6,404.0199999999997,6,401.7399999999999,swap,notBad
15194,6,404.0199999999997,6,401.7399999999999,2opt,notBad
15195,6,404.0199999999997,6,401.7399999999999,swap,notBad
15196,6,404.0199999999997,6,401.7399999999999,move,improve
15197,6,404.0199999999997,6,401.7399999999999,swap,notBad
15198,6,404.0199999999997,6,401.7399999999999,move,improve
15199,6,404.0199999999997,6,401.7399999999999,2opt,notBad
15200,6,404.0199999999997,6,401.7399999999999,2opt,notBad
15201,6,404.0199999999997,6,401.7399999999999,swap,notBad
15202,6,404.0199999999997,6,401.7399999999999,swap,notBad
15203,6,404.0199999999997,6,401.7399999999999,2opt,notBad
15204,6,404.0199999999997,6,401.7399999999999,swap,notBad
15205,6,404.0199999999997,6,401.7399999999999,swap,notBad
15206,6,404.0199999999997,6,401.7399999999999,move,improve
15207,6,404.0199999999997,6,401.7399999999999,2opt,notBad
15208,6,404.0199999999997,6,401.7399999999999,move,improve
15209,6,404.0199999999997,6,401.7399999999999,swap,notBad
15210,6,404.0199999999997,6,401.7399999999999,2opt,notBad
15211,6,404.0199999999997,6,401.7399999999999,move,improve
15212,6,404.0199999999997,6,401.7399999999999,swap,notBad
15213,6,404.0199999999997,6,401.7399999999999,swap,notBad
15214,6,404.0199999999997,6,401.7399999999999,swap,notBad
15215,6,404.0199999999997,6,401.7399999999999,2opt,notBad
15216,6,404.0199999999997,6,401.7399999999999,2opt,notBad
15217,6,404.0199999999997,6,401.7399999999999,swap,notBad
15218,6,404.0199999999997,6,401.7399999999999,2opt,notBad
15219,6,404.0199999999997,6,401.7399999999999,move,improve
15220,6,404.0199999999997,6,401.7399999999999,2opt,improve
15221,6,404.0199999999997,6,401.7399999999999,swap,notBad
15222,6,404.0199999999997,6,401.7399999999999,swap,notBad
15223,6,404.0199999999997,6,401.7399999999999,swap,notBad
15224,6,404.0199999999997,6,401.7399999999999,move,improve
15225,6,404.0199999999997,6,401.7399999999999,swap,notBad
15226,6,404.0199999999997,6,401.7399999999999,move,improve
15227,6,404.0199999999997,6,401.7399999999999,move,improve
15228,6,404.0199999999997,6,401.7399999999999,swap,notBad
15229,6,404.0199999999997,6,401.7399999999999,2opt,notBad
15230,6,404.0199999999997,6,401.7399999999999,move,improve
15231,6,404.0199999999997,6,401.7399999999999,move,improve
15232,6,404.0199999999997,6,401.7399999999999,move,improve
15233,6,404.0199999999997,6,401.7399999999999,2opt,improve
15234,6,404.0199999999997,6,401.7399999999999,move,improve
15235,6,404.0199999999997,6,401.7399999999999,move,improve
15236,6,404.0199999999997,6,401.7399999999999,swap,notBad
15237,6,404.0199999999997,6,401.7399999999999,move,improve
15238,6,404.0199999999997,6,401.7399999999999,move,improve
15239,6,404.0199999999997,6,401.7399999999999,2opt,notBad
15240,6,404.0199999999997,6,401.7399999999999,2opt,notBad
15241,6,404.0199999999997,6,401.7399999999999,move,improve
15242,6,404.0199999999997,6,401.7399999999999,move,improve
15243,6,404.0199999999997,6,401.7399999999999,move,improve
15244,6,404.0199999999997,6,401.7399999999999,swap,notBad
15245,6,404.0199999999997,6,401.7399999999999,move,improve
15246,6,404.0199999999997,6,401.7399999999999,2opt,notBad
15247,6,404.0199999999997,6,401.7399999999999,2opt,notBad
15248,6,404.0199999999997,6,401.7399999999999,move,improve
15249,6,404.0199999999997,6,401.7399999999999,2opt,notBad
15250,6,404.0199999999997,6,401.7399999999999,move,improve
15251,6,404.0199999999997,6,401.7399999999999,2opt,notBad
15252,6,404.0199999999997,6,401.7399999999999,move,improve
15253,6,404.0199999999997,6,401.7399999999999,move,improve
15254,6,404.0199999999997,6,401.7399999999999,2opt,notBad
15255,6,404.0199999999997,6,401.7399999999999,move,improve
15256,6,404.0199999999997,6,401.7399999999999,2opt,notBad
15257,6,404.0199999999997,6,401.7399999999999,2opt,notBad
15258,6,404.0199999999997,6,401.7399999999999,move,improve
15259,6,404.0199999999997,6,401.7399999999999,move,improve
15260,6,404.0199999999997,6,401.7399999999999,2opt,notBad
15261,6,404.0199999999997,6,401.7399999999999,swap,notBad
15262,6,404.0199999999997,6,401.7399999999999,2opt,notBad
15263,6,404.0199999999997,6,401.7399999999999,swap,notBad
15264,6,404.0199999999997,6,401.7399999999999,2opt,notBad
15265,6,404.0199999999997,6,401.7399999999999,2opt,notBad
15266,6,404.0199999999997,6,401.7399999999999,2opt,notBad
15267,6,404.0199999999997,6,401.7399999999999,2opt,notBad
15268,6,404.0199999999997,6,401.7399999999999,move,improve
15269,6,404.0199999999997,6,401.7399999999999,move,improve
15270,6,404.0199999999997,6,401.7399999999999,2opt,notBad
15271,6,404.0199999999997,6,401.7399999999999,swap,notBad
15272,6,404.0199999999997,6,401.7399999999999,swap,notBad
15273,6,404.0199999999997,6,401.7399999999999,move,improve
15274,6,404.0199999999997,6,401.7399999999999,move,improve
15275,6,404.0199999999997,6,401.7399999999999,2opt,notBad
15276,6,404.0199999999997,6,401.7399999999999,swap,notBad
15277,6,404.0199999999997,6,401.7399999999999,2opt,notBad
15278,6,404.0199999999997,6,401.7399999999999,move,improve
15279,6,404.0199999999997,6,401.7399999999999,2opt,notBad
15280,6,404.0199999999997,6,401.7399999999999,swap,notBad
15281,6,404.0199999999997,6,401.7399999999999,swap,notBad
15282,6,404.0199999999997,6,401.7399999999999,move,improve
15283,6,404.0199999999997,6,401.7399999999999,2opt,notBad
15284,6,404.0199999999997,6,401.7399999999999,2opt,notBad
15285,6,404.0199999999997,6,401.7399999999999,2opt,notBad
15286,6,404.0199999999997,6,401.7399999999999,swap,notBad
15287,6,404.0199999999997,6,401.7399999999999,2opt,notBad
15288,6,404.0199999999997,6,401.7399999999999,2opt,notBad
15289,6,404.0199999999997,6,401.7399999999999,2opt,notBad
15290,6,404.0199999999997,6,401.7399999999999,2opt,notBad
15291,6,404.0199999999997,6,401.7399999999999,swap,notBad
15292,6,404.0199999999997,6,401.7399999999999,2opt,notBad
15293,6,404.0199999999997,6,401.7399999999999,2opt,notBad
15294,6,404.0199999999997,6,401.7399999999999,move,improve
15295,6,404.0199999999997,6,401.7399999999999,move,improve
15296,6,404.0199999999997,6,401.7399999999999,move,improve
15297,6,404.0199999999997,6,401.7399999999999,swap,notBad
15298,6,404.0199999999997,6,401.7399999999999,move,improve
15299,6,404.0199999999997,6,401.7399999999999,2opt,notBad
15300,6,404.0199999999997,6,401.7399999999999,2opt,notBad
15301,6,404.0199999999997,6,401.7399999999999,move,improve
15302,6,404.0199999999997,6,401.7399999999999,swap,notBad
15303,6,404.0199999999997,6,401.7399999999999,move,improve
15304,6,404.0199999999997,6,401.7399999999999,swap,notBad
15305,6,404.0199999999997,6,401.7399999999999,swap,notBad
15306,6,404.0199999999997,6,401.7399999999999,move,improve
15307,6,404.0199999999997,6,401.7399999999999,move,improve
15308,6,404.0199999999997,6,401.7399999999999,swap,notBad
15309,6,404.0199999999997,6,401.7399999999999,2opt,notBad
15310,6,404.0199999999997,6,401.7399999999999,2opt,notBad
15311,6,404.0199999999997,6,401.7399999999999,swap,notBad
15312,6,404.0199999999997,6,401.7399999999999,move,improve
15313,6,404.0199999999997,6,401.7399999999999,move,improve
15314,6,404.0199999999997,6,401.7399999999999,move,improve
15315,6,404.0199999999997,6,401.7399999999999,2opt,notBad
15316,6,404.0199999999997,6,401.7399999999999,swap,notBad
15317,6,404.0199999999997,6,401.7399999999999,2opt,notBad
15318,6,404.0199999999997,6,401.7399999999999,move,improve
15319,6,404.0199999999997,6,401.7399999999999,2opt,notBad
15320,6,404.0199999999997,6,401.7399999999999,move,improve
15321,6,404.0199999999997,6,401.7399999999999,2opt,notBad
15322,6,404.0199999999997,6,401.7399999999999,swap,notBad
15323,6,404.0199999999997,6,401.7399999999999,swap,notBad
15324,6,404.0199999999997,6,401.7399999999999,swap,notBad
15325,6,404.0199999999997,6,401.7399999999999,move,improve
15326,6,404.0199999999997,6,401.7399999999999,2opt,notBad
15327,6,404.0199999999997,6,401.7399999999999,swap,notBad
15328,6,404.0199999999997,6,401.7399999999999,2opt,notBad
15329,6,404.0199999999997,6,401.7399999999999,swap,notBad
15330,6,404.0199999999997,6,401.7399999999999,swap,notBad
15331,6,404.0199999999997,6,401.7399999999999,move,improve
15332,6,404.0199999999997,6,401.7399999999999,swap,notBad
15333,6,404.0199999999997,6,401.7399999999999,move,improve
15334,6,404.0199999999997,6,401.7399999999999,move,improve
15335,6,404.0199999999997,6,401.7399999999999,swap,notBad
15336,6,404.0199999999997,6,401.7399999999999,swap,notBad
15337,6,404.0199999999997,6,401.7399999999999,swap,notBad
15338,6,404.0199999999997,6,401.7399999999999,move,improve
15339,6,404.0199999999997,6,401.7399999999999,swap,notBad
15340,6,404.0199999999997,6,401.7399999999999,swap,notBad
15341,6,404.0199999999997,6,401.7399999999999,swap,notBad
15342,6,404.0199999999997,6,401.7399999999999,move,improve
15343,6,404.0199999999997,6,401.7399999999999,swap,notBad
15344,6,404.0199999999997,6,401.7399999999999,swap,notBad
15345,6,404.0199999999997,6,401.7399999999999,2opt,notBad
15346,6,404.0199999999997,6,401.7399999999999,move,improve
15347,6,404.0199999999997,6,401.7399999999999,move,improve
15348,6,404.0199999999997,6,401.7399999999999,move,improve
15349,6,404.0199999999997,6,401.7399999999999,2opt,notBad
15350,6,404.0199999999997,6,401.7399999999999,2opt,notBad
15351,6,404.0199999999997,6,401.7399999999999,2opt,notBad
15352,6,404.0199999999997,6,401.7399999999999,2opt,notBad
15353,6,404.0199999999997,6,401.7399999999999,move,improve
15354,6,404.0199999999997,6,401.7399999999999,swap,notBad
15355,6,404.0199999999997,6,401.7399999999999,swap,notBad
15356,6,404.0199999999997,6,401.7399999999999,2opt,notBad
15357,6,404.0199999999997,6,401.7399999999999,2opt,notBad
15358,6,404.0199999999997,6,401.7399999999999,swap,notBad
15359,6,404.0199999999997,6,401.7399999999999,swap,notBad
15360,6,404.0199999999997,6,401.7399999999999,2opt,notBad
15361,6,404.0199999999997,6,401.7399999999999,2opt,improve
15362,6,404.0199999999997,6,401.7399999999999,move,improve
15363,6,404.0199999999997,6,401.7399999999999,2opt,notBad
15364,6,404.0199999999997,6,401.7399999999999,2opt,notBad
15365,6,404.0199999999997,6,401.7399999999999,swap,notBad
15366,6,404.0199999999997,6,401.7399999999999,swap,notBad
15367,6,404.0199999999997,6,401.7399999999999,2opt,notBad
15368,6,404.0199999999997,6,401.7399999999999,swap,notBad
15369,6,404.0199999999997,6,401.7399999999999,2opt,notBad
15370,6,404.0199999999997,6,401.7399999999999,2opt,notBad
15371,6,404.0199999999997,6,401.7399999999999,swap,notBad
15372,6,404.0199999999997,6,401.7399999999999,swap,notBad
15373,6,404.0199999999997,6,401.7399999999999,swap,notBad
15374,6,404.0199999999997,6,401.7399999999999,2opt,notBad
15375,6,404.0199999999997,6,401.7399999999999,2opt,notBad
15376,6,404.0199999999997,6,401.7399999999999,swap,notBad
15377,6,404.0199999999997,6,401.7399999999999,2opt,notBad
15378,6,404.0199999999997,6,401.7399999999999,2opt,notBad
15379,6,404.0199999999997,6,401.7399999999999,swap,notBad
15380,6,404.0199999999997,6,401.7399999999999,swap,notBad
15381,6,404.0199999999997,6,401.7399999999999,2opt,notBad
15382,6,404.0199999999997,6,401.7399999999999,2opt,notBad
15383,6,404.0199999999997,6,401.7399999999999,move,improve
15384,6,404.0199999999997,6,401.7399999999999,move,improve
15385,6,404.0199999999997,6,401.7399999999999,2opt,notBad
15386,6,404.0199999999997,6,401.7399999999999,move,improve
15387,6,404.0199999999997,6,401.7399999999999,swap,notBad
15388,6,404.0199999999997,6,401.7399999999999,swap,notBad
15389,6,404.0199999999997,6,401.7399999999999,swap,notBad
15390,6,404.0199999999997,6,401.7399999999999,2opt,notBad
15391,6,404.0199999999997,6,401.7399999999999,swap,notBad
15392,6,404.0199999999997,6,401.7399999999999,move,improve
15393,6,404.0199999999997,6,401.7399999999999,2opt,notBad
15394,6,404.0199999999997,6,401.7399999999999,2opt,notBad
15395,6,404.0199999999997,6,401.7399999999999,2opt,notBad
15396,6,404.0199999999997,6,401.7399999999999,swap,notBad
15397,6,404.0199999999997,6,401.7399999999999,2opt,notBad
15398,6,404.0199999999997,6,401.7399999999999,swap,notBad
15399,6,404.0199999999997,6,401.7399999999999,swap,notBad
15400,6,404.0199999999997,6,401.7399999999999,2opt,notBad
15401,6,404.0199999999997,6,401.7399999999999,2opt,notBad
15402,6,404.0199999999997,6,401.7399999999999,move,improve
15403,6,404.0199999999997,6,401.7399999999999,2opt,notBad
15404,6,404.0199999999997,6,401.7399999999999,swap,notBad
15405,6,404.0199999999997,6,401.7399999999999,2opt,notBad
15406,6,404.0199999999997,6,401.7399999999999,2opt,notBad
15407,6,404.0199999999997,6,401.7399999999999,2opt,notBad
15408,6,404.0199999999997,6,401.7399999999999,2opt,notBad
15409,6,404.0199999999997,6,401.7399999999999,move,improve
15410,6,404.0199999999997,6,401.7399999999999,move,improve
15411,6,404.0199999999997,6,401.7399999999999,2opt,notBad
15412,6,404.0199999999997,6,401.7399999999999,move,improve
15413,6,404.0199999999997,6,401.7399999999999,swap,notBad
15414,6,404.0199999999997,6,401.7399999999999,swap,notBad
15415,6,404.0199999999997,6,401.7399999999999,2opt,improve
15416,6,404.0199999999997,6,401.7399999999999,swap,notBad
15417,6,404.0199999999997,6,401.7399999999999,swap,notBad
15418,6,404.0199999999997,6,401.7399999999999,swap,notBad
15419,6,404.0199999999997,6,401.7399999999999,2opt,notBad
15420,6,404.0199999999997,6,401.7399999999999,move,improve
15421,6,404.0199999999997,6,401.7399999999999,2opt,notBad
15422,6,404.0199999999997,6,401.7399999999999,swap,notBad
15423,6,404.0199999999997,6,401.7399999999999,2opt,notBad
15424,6,404.0199999999997,6,401.7399999999999,move,improve
15425,6,404.0199999999997,6,401.7399999999999,swap,notBad
15426,6,404.0199999999997,6,401.7399999999999,swap,notBad
15427,6,404.0199999999997,6,401.7399999999999,2opt,notBad
15428,6,404.0199999999997,6,401.7399999999999,2opt,notBad
15429,6,404.0199999999997,6,401.7399999999999,swap,notBad
15430,6,404.0199999999997,6,401.7399999999999,swap,notBad
15431,6,404.0199999999997,6,401.7399999999999,move,improve
15432,6,404.0199999999997,6,401.7399999999999,swap,notBad
15433,6,404.0199999999997,6,401.7399999999999,swap,notBad
15434,6,404.0199999999997,6,401.7399999999999,2opt,notBad
15435,6,404.0199999999997,6,401.7399999999999,2opt,improve
15436,6,404.0199999999997,6,401.7399999999999,swap,notBad
15437,6,404.0199999999997,6,401.7399999999999,swap,notBad
15438,6,404.0199999999997,6,401.7399999999999,2opt,improve
15439,6,404.0199999999997,6,401.7399999999999,2opt,notBad
15440,6,404.0199999999997,6,401.7399999999999,move,improve
15441,6,404.0199999999997,6,401.7399999999999,swap,notBad
15442,6,404.0199999999997,6,401.7399999999999,2opt,notBad
15443,6,404.0199999999997,6,401.7399999999999,swap,notBad
15444,6,404.0199999999997,6,401.7399999999999,move,improve
15445,6,404.0199999999997,6,401.7399999999999,move,improve
15446,6,404.0199999999997,6,401.7399999999999,move,improve
15447,6,404.0199999999997,6,401.7399999999999,move,improve
15448,6,404.0199999999997,6,401.7399999999999,swap,notBad
15449,6,404.0199999999997,6,401.7399999999999,2opt,improve
15450,6,404.0199999999997,6,401.7399999999999,move,improve
15451,6,404.0199999999997,6,401.7399999999999,2opt,notBad
15452,6,404.0199999999997,6,401.7399999999999,move,improve
15453,6,404.0199999999997,6,401.7399999999999,2opt,notBad
15454,6,404.0199999999997,6,401.7399999999999,2opt,notBad
15455,6,404.0199999999997,6,401.7399999999999,swap,notBad
15456,6,404.0199999999997,6,401.7399999999999,move,improve
15457,6,404.0199999999997,6,401.7399999999999,swap,notBad
15458,6,404.0199999999997,6,401.7399999999999,2opt,improve
15459,6,404.0199999999997,6,401.7399999999999,swap,notBad
15460,6,404.0199999999997,6,401.7399999999999,2opt,notBad
15461,6,404.0199999999997,6,401.7399999999999,2opt,notBad
15462,6,404.0199999999997,6,401.7399999999999,move,improve
15463,6,404.0199999999997,6,401.7399999999999,swap,notBad
15464,6,404.0199999999997,6,401.7399999999999,move,improve
15465,6,404.0199999999997,6,401.7399999999999,swap,notBad
15466,6,404.0199999999997,6,401.7399999999999,move,improve
15467,6,404.0199999999997,6,401.7399999999999,swap,notBad
15468,6,404.0199999999997,6,401.7399999999999,swap,notBad
15469,6,404.0199999999997,6,401.7399999999999,swap,notBad
15470,6,404.0199999999997,6,401.7399999999999,move,improve
15471,6,404.0199999999997,6,401.7399999999999,move,improve
15472,6,404.0199999999997,6,401.7399999999999,2opt,notBad
15473,6,404.0199999999997,6,401.7399999999999,swap,notBad
15474,6,404.0199999999997,6,401.7399999999999,swap,notBad
15475,6,404.0199999999997,6,401.7399999999999,swap,notBad
15476,6,404.0199999999997,6,401.7399999999999,2opt,notBad
15477,6,404.0199999999997,6,401.7399999999999,swap,notBad
15478,6,404.0199999999997,6,401.7399999999999,swap,notBad
15479,6,404.0199999999997,6,401.7399999999999,swap,notBad
15480,6,404.0199999999997,6,401.7399999999999,move,improve
15481,6,404.0199999999997,6,401.7399999999999,swap,notBad
15482,6,404.0199999999997,6,401.7399999999999,move,improve
15483,6,404.0199999999997,6,401.7399999999999,2opt,notBad
15484,6,404.0199999999997,6,401.7399999999999,move,improve
15485,6,404.0199999999997,6,401.7399999999999,2opt,notBad
15486,6,404.0199999999997,6,401.7399999999999,move,improve
15487,6,404.0199999999997,6,401.7399999999999,2opt,improve
15488,6,404.0199999999997,6,401.7399999999999,move,improve
15489,6,404.0199999999997,6,401.7399999999999,move,improve
15490,6,404.0199999999997,6,401.7399999999999,move,improve
15491,6,404.0199999999997,6,401.7399999999999,2opt,notBad
15492,6,404.0199999999997,6,401.7399999999999,swap,notBad
15493,6,404.0199999999997,6,401.7399999999999,move,improve
15494,6,404.0199999999997,6,401.7399999999999,move,improve
15495,6,404.0199999999997,6,401.7399999999999,swap,notBad
15496,6,404.0199999999997,6,401.7399999999999,2opt,notBad
15497,6,404.0199999999997,6,401.7399999999999,swap,notBad
15498,6,404.0199999999997,6,401.7399999999999,move,improve
15499,6,404.0199999999997,6,401.7399999999999,move,improve
15500,6,404.0199999999997,6,401.7399999999999,move,improve
15501,6,404.0199999999997,6,401.7399999999999,swap,notBad
15502,6,404.0199999999997,6,401.7399999999999,move,improve
15503,6,404.0199999999997,6,401.7399999999999,move,improve
15504,6,404.0199999999997,6,401.7399999999999,2opt,notBad
15505,6,404.0199999999997,6,401.7399999999999,swap,notBad
15506,6,404.0199999999997,6,401.7399999999999,move,improve
15507,6,404.0199999999997,6,401.7399999999999,2opt,notBad
15508,6,404.0199999999997,6,401.7399999999999,2opt,notBad
15509,6,404.0199999999997,6,401.7399999999999,swap,notBad
15510,6,404.0199999999997,6,401.7399999999999,swap,notBad
15511,6,404.0199999999997,6,401.7399999999999,2opt,notBad
15512,6,404.0199999999997,6,401.7399999999999,move,improve
15513,6,404.0199999999997,6,401.7399999999999,swap,notBad
15514,6,404.0199999999997,6,401.7399999999999,swap,notBad
15515,6,404.0199999999997,6,401.7399999999999,swap,notBad
15516,6,404.0199999999997,6,401.7399999999999,swap,notBad
15517,6,404.0199999999997,6,401.7399999999999,move,improve
15518,6,404.0199999999997,6,401.7399999999999,swap,notBad
15519,6,404.0199999999997,6,401.7399999999999,move,improve
15520,6,404.0199999999997,6,401.7399999999999,2opt,notBad
15521,6,404.0199999999997,6,401.7399999999999,move,improve
15522,6,404.0199999999997,6,401.7399999999999,2opt,notBad
15523,6,404.0199999999997,6,401.7399999999999,move,improve
15524,6,404.0199999999997,6,401.7399999999999,swap,notBad
15525,6,404.0199999999997,6,401.7399999999999,2opt,notBad
15526,6,404.0199999999997,6,401.7399999999999,2opt,improve
15527,6,404.0199999999997,6,401.7399999999999,swap,notBad
15528,6,404.0199999999997,6,401.7399999999999,2opt,notBad
15529,6,404.0199999999997,6,401.7399999999999,move,improve
15530,6,404.0199999999997,6,401.7399999999999,swap,notBad
15531,6,404.0199999999997,6,401.7399999999999,2opt,notBad
15532,6,404.0199999999997,6,401.7399999999999,move,improve
15533,6,404.0199999999997,6,401.7399999999999,swap,notBad
15534,6,404.0199999999997,6,401.7399999999999,swap,notBad
15535,6,404.0199999999997,6,401.7399999999999,2opt,notBad
15536,6,404.0199999999997,6,401.7399999999999,swap,notBad
15537,6,404.0199999999997,6,401.7399999999999,2opt,notBad
15538,6,404.0199999999997,6,401.7399999999999,move,improve
15539,6,404.0199999999997,6,401.7399999999999,2opt,notBad
15540,6,404.0199999999997,6,401.7399999999999,move,improve
15541,6,404.0199999999997,6,401.7399999999999,2opt,notBad
15542,6,404.0199999999997,6,401.7399999999999,swap,notBad
15543,6,404.0199999999997,6,401.7399999999999,move,improve
15544,6,404.0199999999997,6,401.7399999999999,move,improve
15545,6,404.0199999999997,6,401.7399999999999,move,improve
15546,6,404.0199999999997,6,401.7399999999999,2opt,notBad
15547,6,404.0199999999997,6,401.7399999999999,2opt,notBad
15548,6,404.0199999999997,6,401.7399999999999,move,improve
15549,6,404.0199999999997,6,401.7399999999999,2opt,notBad
15550,6,404.0199999999997,6,401.7399999999999,move,improve
15551,6,404.0199999999997,6,401.7399999999999,2opt,notBad
15552,6,404.0199999999997,6,401.7399999999999,swap,notBad
15553,6,404.0199999999997,6,401.7399999999999,2opt,notBad
15554,6,404.0199999999997,6,401.7399999999999,swap,notBad
15555,6,404.0199999999997,6,401.7399999999999,swap,notBad
15556,6,404.0199999999997,6,401.7399999999999,2opt,improve
15557,6,404.0199999999997,6,401.7399999999999,swap,notBad
15558,6,404.0199999999997,6,401.7399999999999,move,improve
15559,6,404.0199999999997,6,401.7399999999999,move,improve
15560,6,404.0199999999997,6,401.7399999999999,move,improve
15561,6,404.0199999999997,6,401.7399999999999,move,improve
15562,6,404.0199999999997,6,401.7399999999999,2opt,notBad
15563,6,404.0199999999997,6,401.7399999999999,move,improve
15564,6,404.0199999999997,6,401.7399999999999,move,improve
15565,6,404.0199999999997,6,401.7399999999999,swap,notBad
15566,6,404.0199999999997,6,401.7399999999999,swap,notBad
15567,6,404.0199999999997,6,401.7399999999999,swap,notBad
15568,6,404.0199999999997,6,401.7399999999999,swap,notBad
15569,6,404.0199999999997,6,401.7399999999999,swap,notBad
15570,6,404.0199999999997,6,401.7399999999999,swap,notBad
15571,6,404.0199999999997,6,401.7399999999999,swap,notBad
15572,6,404.0199999999997,6,401.7399999999999,2opt,notBad
15573,6,404.0199999999997,6,401.7399999999999,move,improve
15574,6,404.0199999999997,6,401.7399999999999,move,improve
15575,6,404.0199999999997,6,401.7399999999999,move,improve
15576,6,404.0199999999997,6,401.7399999999999,swap,notBad
15577,6,404.0199999999997,6,401.7399999999999,2opt,notBad
15578,6,404.0199999999997,6,401.7399999999999,2opt,notBad
15579,6,404.0199999999997,6,401.7399999999999,2opt,notBad
15580,6,404.0199999999997,6,401.7399999999999,2opt,notBad
15581,6,404.0199999999997,6,401.7399999999999,move,improve
15582,6,404.0199999999997,6,401.7399999999999,swap,notBad
15583,6,404.0199999999997,6,401.7399999999999,swap,notBad
15584,6,404.0199999999997,6,401.7399999999999,move,improve
15585,6,404.0199999999997,6,401.7399999999999,2opt,notBad
15586,6,404.0199999999997,6,401.7399999999999,move,improve
15587,6,404.0199999999997,6,401.7399999999999,move,improve
15588,6,404.0199999999997,6,401.7399999999999,move,improve
15589,6,404.0199999999997,6,401.7399999999999,move,improve
15590,6,404.0199999999997,6,401.7399999999999,2opt,notBad
15591,6,404.0199999999997,6,401.7399999999999,move,improve
15592,6,404.0199999999997,6,401.7399999999999,swap,notBad
15593,6,404.0199999999997,6,401.7399999999999,2opt,notBad
15594,6,404.0199999999997,6,401.7399999999999,move,improve
15595,6,404.0199999999997,6,401.7399999999999,2opt,notBad
15596,6,404.0199999999997,6,401.7399999999999,swap,notBad
15597,6,404.0199999999997,6,401.7399999999999,swap,notBad
15598,6,404.0199999999997,6,401.7399999999999,2opt,improve
15599,6,404.0199999999997,6,401.7399999999999,2opt,notBad
15600,6,404.0199999999997,6,401.7399999999999,swap,notBad
15601,6,404.0199999999997,6,401.7399999999999,2opt,notBad
15602,6,404.0199999999997,6,401.7399999999999,swap,notBad
15603,6,404.0199999999997,6,401.7399999999999,2opt,notBad
15604,6,404.0199999999997,6,401.7399999999999,move,improve
15605,6,404.0199999999997,6,401.7399999999999,swap,notBad
15606,6,404.0199999999997,6,401.7399999999999,swap,notBad
15607,6,404.0199999999997,6,401.7399999999999,2opt,notBad
15608,6,404.0199999999997,6,401.7399999999999,move,improve
15609,6,404.0199999999997,6,401.7399999999999,swap,notBad
15610,6,404.0199999999997,6,401.7399999999999,swap,notBad
15611,6,404.0199999999997,6,401.7399999999999,move,improve
15612,6,404.0199999999997,6,401.7399999999999,swap,notBad
15613,6,404.0199999999997,6,401.7399999999999,move,improve
15614,6,404.0199999999997,6,401.7399999999999,move,improve
15615,6,404.0199999999997,6,401.7399999999999,2opt,notBad
15616,6,404.0199999999997,6,401.7399999999999,move,improve
15617,6,404.0199999999997,6,401.7399999999999,2opt,notBad
15618,6,404.0199999999997,6,401.7399999999999,swap,notBad
15619,6,404.0199999999997,6,401.7399999999999,2opt,notBad
15620,6,404.0199999999997,6,401.7399999999999,2opt,notBad
15621,6,404.0199999999997,6,401.7399999999999,2opt,notBad
15622,6,404.0199999999997,6,401.7399999999999,swap,notBad
15623,6,404.0199999999997,6,401.7399999999999,swap,notBad
15624,6,404.0199999999997,6,401.7399999999999,swap,notBad
15625,6,404.0199999999997,6,401.7399999999999,swap,notBad
15626,6,404.0199999999997,6,401.7399999999999,2opt,notBad
15627,6,404.0199999999997,6,401.7399999999999,2opt,notBad
15628,6,404.0199999999997,6,401.7399999999999,2opt,notBad
15629,6,404.0199999999997,6,401.7399999999999,move,improve
15630,6,404.0199999999997,6,401.7399999999999,move,improve
15631,6,404.0199999999997,6,401.7399999999999,2opt,notBad
15632,6,404.0199999999997,6,401.7399999999999,2opt,notBad
15633,6,404.0199999999997,6,401.7399999999999,move,improve
15634,6,404.0199999999997,6,401.7399999999999,move,improve
15635,6,404.0199999999997,6,401.7399999999999,2opt,notBad
15636,6,404.0199999999997,6,401.7399999999999,2opt,notBad
15637,6,404.0199999999997,6,401.7399999999999,2opt,improve
15638,6,404.0199999999997,6,401.7399999999999,move,improve
15639,6,404.0199999999997,6,401.7399999999999,swap,notBad
15640,6,404.0199999999997,6,401.7399999999999,move,improve
15641,6,404.0199999999997,6,401.7399999999999,swap,notBad
15642,6,404.0199999999997,6,401.7399999999999,swap,notBad
15643,6,404.0199999999997,6,401.7399999999999,2opt,notBad
15644,6,404.0199999999997,6,401.7399999999999,swap,notBad
15645,6,404.0199999999997,6,401.7399999999999,swap,notBad
15646,6,404.0199999999997,6,401.7399999999999,swap,notBad
15647,6,404.0199999999997,6,401.7399999999999,swap,notBad
15648,6,404.0199999999997,6,401.7399999999999,2opt,notBad
15649,6,404.0199999999997,6,401.7399999999999,move,improve
15650,6,404.0199999999997,6,401.7399999999999,2opt,notBad
15651,6,404.0199999999997,6,401.7399999999999,move,improve
15652,6,404.0199999999997,6,401.7399999999999,swap,notBad
15653,6,404.0199999999997,6,401.7399999999999,move,improve
15654,6,404.0199999999997,6,401.7399999999999,swap,notBad
15655,6,404.0199999999997,6,401.7399999999999,move,improve
15656,6,404.0199999999997,6,401.7399999999999,move,improve
15657,6,404.0199999999997,6,401.7399999999999,move,improve
15658,6,404.0199999999997,6,401.7399999999999,2opt,notBad
15659,6,404.0199999999997,6,401.7399999999999,swap,notBad
15660,6,404.0199999999997,6,401.7399999999999,move,improve
15661,6,404.0199999999997,6,401.7399999999999,move,improve
15662,6,404.0199999999997,6,401.7399999999999,2opt,notBad
15663,6,404.0199999999997,6,401.7399999999999,move,improve
15664,6,404.0199999999997,6,401.7399999999999,move,improve
15665,6,404.0199999999997,6,401.7399999999999,swap,notBad
15666,6,404.0199999999997,6,401.7399999999999,swap,notBad
15667,6,404.0199999999997,6,401.7399999999999,move,improve
15668,6,404.0199999999997,6,401.7399999999999,move,improve
15669,6,404.0199999999997,6,401.7399999999999,2opt,notBad
15670,6,404.0199999999997,6,401.7399999999999,swap,notBad
15671,6,404.0199999999997,6,401.7399999999999,move,improve
15672,6,404.0199999999997,6,401.7399999999999,swap,notBad
15673,6,404.0199999999997,6,401.7399999999999,move,improve
15674,6,404.0199999999997,6,401.7399999999999,2opt,notBad
15675,6,404.0199999999997,6,401.7399999999999,2opt,notBad
15676,6,404.0199999999997,6,401.7399999999999,swap,notBad
15677,6,404.0199999999997,6,401.7399999999999,2opt,notBad
15678,6,404.0199999999997,6,401.7399999999999,2opt,notBad
15679,6,404.0199999999997,6,401.7399999999999,2opt,notBad
15680,6,404.0199999999997,6,401.7399999999999,swap,notBad
15681,6,404.0199999999997,6,401.7399999999999,move,improve
15682,6,404.0199999999997,6,401.7399999999999,move,improve
15683,6,404.0199999999997,6,401.7399999999999,swap,notBad
15684,6,404.0199999999997,6,401.7399999999999,move,improve
15685,6,404.0199999999997,6,401.7399999999999,2opt,notBad
15686,6,404.0199999999997,6,401.7399999999999,move,improve
15687,6,404.0199999999997,6,401.7399999999999,2opt,improve
15688,6,404.0199999999997,6,401.7399999999999,move,improve
15689,6,404.0199999999997,6,401.7399999999999,move,improve
15690,6,404.0199999999997,6,401.7399999999999,2opt,notBad
15691,6,404.0199999999997,6,401.7399999999999,swap,notBad
15692,6,404.0199999999997,6,401.7399999999999,swap,notBad
15693,6,404.0199999999997,6,401.7399999999999,swap,notBad
15694,6,404.0199999999997,6,401.7399999999999,move,improve
15695,6,404.0199999999997,6,401.7399999999999,move,improve
15696,6,404.0199999999997,6,401.7399999999999,move,improve
15697,6,404.0199999999997,6,401.7399999999999,2opt,notBad
15698,6,404.0199999999997,6,401.7399999999999,2opt,notBad
15699,6,404.0199999999997,6,401.7399999999999,swap,notBad
15700,6,404.0199999999997,6,401.7399999999999,move,improve
15701,6,404.0199999999997,6,401.7399999999999,move,improve
15702,6,404.0199999999997,6,401.7399999999999,move,improve
15703,6,404.0199999999997,6,401.7399999999999,swap,notBad
15704,6,404.0199999999997,6,401.7399999999999,move,improve
15705,6,404.0199999999997,6,401.7399999999999,swap,notBad
15706,6,404.0199999999997,6,401.7399999999999,swap,notBad
15707,6,404.0199999999997,6,401.7399999999999,move,improve
15708,6,404.0199999999997,6,401.7399999999999,2opt,notBad
15709,6,404.0199999999997,6,401.7399999999999,2opt,notBad
15710,6,404.0199999999997,6,401.7399999999999,2opt,notBad
15711,6,404.0199999999997,6,401.7399999999999,move,improve
15712,6,404.0199999999997,6,401.7399999999999,move,improve
15713,6,404.0199999999997,6,401.7399999999999,swap,notBad
15714,6,404.0199999999997,6,401.7399999999999,swap,notBad
15715,6,404.0199999999997,6,401.7399999999999,move,improve
15716,6,404.0199999999997,6,401.7399999999999,move,improve
15717,6,404.0199999999997,6,401.7399999999999,swap,notBad
15718,6,404.0199999999997,6,401.7399999999999,move,improve
15719,6,404.0199999999997,6,401.7399999999999,swap,notBad
15720,6,404.0199999999997,6,401.7399999999999,2opt,notBad
15721,6,404.0199999999997,6,401.7399999999999,move,improve
15722,6,404.0199999999997,6,401.7399999999999,2opt,notBad
15723,6,404.0199999999997,6,401.7399999999999,swap,notBad
15724,6,404.0199999999997,6,401.7399999999999,2opt,notBad
15725,6,404.0199999999997,6,401.7399999999999,2opt,notBad
15726,6,404.0199999999997,6,401.7399999999999,swap,notBad
15727,6,404.0199999999997,6,401.7399999999999,swap,notBad
15728,6,404.0199999999997,6,401.7399999999999,2opt,notBad
15729,6,404.0199999999997,6,401.7399999999999,2opt,notBad
15730,6,404.0199999999997,6,401.7399999999999,move,improve
15731,6,404.0199999999997,6,401.7399999999999,2opt,notBad
15732,6,404.0199999999997,6,401.7399999999999,move,improve
15733,6,404.0199999999997,6,401.7399999999999,2opt,notBad
15734,6,404.0199999999997,6,401.7399999999999,2opt,notBad
15735,6,404.0199999999997,6,401.7399999999999,move,improve
15736,6,404.0199999999997,6,401.7399999999999,2opt,notBad
15737,6,404.0199999999997,6,401.7399999999999,swap,notBad
15738,6,404.0199999999997,6,401.7399999999999,2opt,notBad
15739,6,404.0199999999997,6,401.7399999999999,swap,notBad
15740,6,404.0199999999997,6,401.7399999999999,2opt,notBad
15741,6,404.0199999999997,6,401.7399999999999,swap,notBad
15742,6,404.0199999999997,6,401.7399999999999,move,improve
15743,6,404.0199999999997,6,401.7399999999999,swap,notBad
15744,6,404.0199999999997,6,401.7399999999999,move,improve
15745,6,404.0199999999997,6,401.7399999999999,swap,notBad
15746,6,404.0199999999997,6,401.7399999999999,move,notBad
15747,6,404.0199999999997,6,401.7399999999999,2opt,notBad
15748,6,404.0199999999997,6,401.7399999999999,2opt,notBad
15749,6,404.0199999999997,6,401.7399999999999,move,improve
15750,6,404.0199999999997,6,401.7399999999999,swap,notBad
15751,6,404.0199999999997,6,401.7399999999999,2opt,notBad
15752,6,404.0199999999997,6,401.7399999999999,move,improve
15753,6,404.0199999999997,6,401.7399999999999,swap,notBad
15754,6,404.0199999999997,6,401.7399999999999,move,improve
15755,6,404.0199999999997,6,401.7399999999999,swap,notBad
15756,6,404.0199999999997,6,401.7399999999999,2opt,notBad
15757,6,404.0199999999997,6,401.7399999999999,swap,notBad
15758,6,404.0199999999997,6,401.7399999999999,move,improve
15759,6,404.0199999999997,6,401.7399999999999,2opt,notBad
15760,6,404.0199999999997,6,401.7399999999999,2opt,notBad
15761,6,404.0199999999997,6,401.7399999999999,swap,notBad
15762,6,404.0199999999997,6,401.7399999999999,swap,notBad
15763,6,404.0199999999997,6,401.7399999999999,swap,notBad
15764,6,404.0199999999997,6,401.7399999999999,2opt,notBad
15765,6,404.0199999999997,6,401.7399999999999,swap,notBad
15766,6,404.0199999999997,6,401.7399999999999,2opt,notBad
15767,6,404.0199999999997,6,401.7399999999999,swap,notBad
15768,6,404.0199999999997,6,401.7399999999999,move,improve
15769,6,404.0199999999997,6,401.7399999999999,swap,notBad
15770,6,404.0199999999997,6,401.7399999999999,swap,notBad
15771,6,404.0199999999997,6,401.7399999999999,move,improve
15772,6,404.0199999999997,6,401.7399999999999,swap,notBad
15773,6,404.0199999999997,6,401.7399999999999,swap,notBad
15774,6,404.0199999999997,6,401.7399999999999,move,improve
15775,6,404.0199999999997,6,401.7399999999999,move,improve
15776,6,404.0199999999997,6,401.7399999999999,swap,notBad
15777,6,404.0199999999997,6,401.7399999999999,move,improve
15778,6,404.0199999999997,6,401.7399999999999,swap,notBad
15779,6,404.0199999999997,6,401.7399999999999,2opt,notBad
15780,6,404.0199999999997,6,401.7399999999999,swap,notBad
15781,6,404.0199999999997,6,401.7399999999999,swap,notBad
15782,6,404.0199999999997,6,401.7399999999999,swap,notBad
15783,6,404.0199999999997,6,401.7399999999999,swap,notBad
15784,6,404.0199999999997,6,401.7399999999999,2opt,notBad
15785,6,404.0199999999997,6,401.7399999999999,2opt,improve
15786,6,404.0199999999997,6,401.7399999999999,move,improve
15787,6,404.0199999999997,6,401.7399999999999,move,improve
15788,6,404.0199999999997,6,401.7399999999999,swap,notBad
15789,6,404.0199999999997,6,401.7399999999999,2opt,improve
15790,6,404.0199999999997,6,401.7399999999999,swap,notBad
15791,6,404.0199999999997,6,401.7399999999999,2opt,notBad
15792,6,404.0199999999997,6,401.7399999999999,move,improve
15793,6,404.0199999999997,6,401.7399999999999,swap,notBad
15794,6,404.0199999999997,6,401.7399999999999,2opt,notBad
15795,6,404.0199999999997,6,401.7399999999999,2opt,notBad
15796,6,404.0199999999997,6,401.7399999999999,swap,notBad
15797,6,404.0199999999997,6,401.7399999999999,move,improve
15798,6,404.0199999999997,6,401.7399999999999,swap,notBad
15799,6,404.0199999999997,6,401.7399999999999,swap,notBad
15800,6,404.0199999999997,6,401.7399999999999,move,improve
15801,6,404.0199999999997,6,401.7399999999999,move,improve
15802,6,404.0199999999997,6,401.7399999999999,move,improve
15803,6,404.0199999999997,6,401.7399999999999,move,improve
15804,6,404.0199999999997,6,401.7399999999999,move,improve
15805,6,404.0199999999997,6,401.7399999999999,swap,notBad
15806,6,404.0199999999997,6,401.7399999999999,2opt,notBad
15807,6,404.0199999999997,6,401.7399999999999,2opt,notBad
15808,6,404.0199999999997,6,401.7399999999999,swap,notBad
15809,6,404.0199999999997,6,401.7399999999999,2opt,notBad
15810,6,404.0199999999997,6,401.7399999999999,move,improve
15811,6,404.0199999999997,6,401.7399999999999,move,improve
15812,6,404.0199999999997,6,401.7399999999999,2opt,notBad
15813,6,404.0199999999997,6,401.7399999999999,2opt,notBad
15814,6,404.0199999999997,6,401.7399999999999,swap,notBad
15815,6,404.0199999999997,6,401.7399999999999,2opt,notBad
15816,6,404.0199999999997,6,401.7399999999999,move,improve
15817,6,404.0199999999997,6,401.7399999999999,swap,notBad
15818,6,404.0199999999997,6,401.7399999999999,move,improve
15819,6,404.0199999999997,6,401.7399999999999,2opt,notBad
15820,6,404.0199999999997,6,401.7399999999999,swap,notBad
15821,6,404.0199999999997,6,401.7399999999999,swap,notBad
15822,6,404.0199999999997,6,401.7399999999999,move,improve
15823,6,404.0199999999997,6,401.7399999999999,move,improve
15824,6,404.0199999999997,6,401.7399999999999,move,improve
15825,6,404.0199999999997,6,401.7399999999999,2opt,notBad
15826,6,404.0199999999997,6,401.7399999999999,2opt,notBad
15827,6,404.0199999999997,6,401.7399999999999,move,improve
15828,6,404.0199999999997,6,401.7399999999999,2opt,notBad
15829,6,404.0199999999997,6,401.7399999999999,swap,notBad
15830,6,404.0199999999997,6,401.7399999999999,swap,notBad
15831,6,404.0199999999997,6,401.7399999999999,move,improve
15832,6,404.0199999999997,6,401.7399999999999,swap,notBad
15833,6,404.0199999999997,6,401.7399999999999,2opt,notBad
15834,6,404.0199999999997,6,401.7399999999999,move,improve
15835,6,404.0199999999997,6,401.7399999999999,swap,notBad
15836,6,404.0199999999997,6,401.7399999999999,2opt,notBad
15837,6,404.0199999999997,6,401.7399999999999,2opt,notBad
15838,6,404.0199999999997,6,401.7399999999999,2opt,improve
15839,6,404.0199999999997,6,401.7399999999999,swap,notBad
15840,6,404.0199999999997,6,401.7399999999999,2opt,notBad
15841,6,404.0199999999997,6,401.7399999999999,2opt,notBad
15842,6,404.0199999999997,6,401.7399999999999,2opt,notBad
15843,6,404.0199999999997,6,401.7399999999999,move,improve
15844,6,404.0199999999997,6,401.7399999999999,move,improve
15845,6,404.0199999999997,6,401.7399999999999,move,improve
15846,6,404.0199999999997,6,401.7399999999999,2opt,notBad
15847,6,404.0199999999997,6,401.7399999999999,move,improve
15848,6,404.0199999999997,6,401.7399999999999,2opt,notBad
15849,6,404.0199999999997,6,401.7399999999999,2opt,notBad
15850,6,404.0199999999997,6,401.7399999999999,2opt,notBad
15851,6,404.0199999999997,6,401.7399999999999,move,improve
15852,6,404.0199999999997,6,401.7399999999999,move,improve
15853,6,404.0199999999997,6,401.7399999999999,swap,notBad
15854,6,404.0199999999997,6,401.7399999999999,2opt,notBad
15855,6,404.0199999999997,6,401.7399999999999,swap,notBad
15856,6,404.0199999999997,6,401.7399999999999,swap,notBad
15857,6,404.0199999999997,6,401.7399999999999,swap,notBad
15858,6,404.0199999999997,6,401.7399999999999,move,improve
15859,6,404.0199999999997,6,401.7399999999999,swap,notBad
15860,6,404.0199999999997,6,401.7399999999999,swap,notBad
15861,6,404.0199999999997,6,401.7399999999999,2opt,notBad
15862,6,404.0199999999997,6,401.7399999999999,move,improve
15863,6,404.0199999999997,6,401.7399999999999,2opt,notBad
15864,6,404.0199999999997,6,401.7399999999999,move,improve
15865,6,404.0199999999997,6,401.7399999999999,move,improve
15866,6,404.0199999999997,6,401.7399999999999,swap,notBad
15867,6,404.0199999999997,6,401.7399999999999,move,improve
15868,6,404.0199999999997,6,401.7399999999999,move,improve
15869,6,404.0199999999997,6,401.7399999999999,move,improve
15870,6,404.0199999999997,6,401.7399999999999,2opt,notBad
15871,6,404.0199999999997,6,401.7399999999999,move,improve
15872,6,404.0199999999997,6,401.7399999999999,2opt,notBad
15873,6,404.0199999999997,6,401.7399999999999,move,improve
15874,6,404.0199999999997,6,401.7399999999999,move,improve
15875,6,404.0199999999997,6,401.7399999999999,move,improve
15876,6,404.0199999999997,6,401.7399999999999,2opt,notBad
15877,6,404.0199999999997,6,401.7399999999999,move,improve
15878,6,404.0199999999997,6,401.7399999999999,2opt,notBad
15879,6,404.0199999999997,6,401.7399999999999,move,improve
15880,6,404.0199999999997,6,401.7399999999999,2opt,notBad
15881,6,404.0199999999997,6,401.7399999999999,2opt,notBad
15882,6,404.0199999999997,6,401.7399999999999,move,improve
15883,6,404.0199999999997,6,401.7399999999999,2opt,notBad
15884,6,404.0199999999997,6,401.7399999999999,move,improve
15885,6,404.0199999999997,6,401.7399999999999,2opt,notBad
15886,6,404.0199999999997,6,401.7399999999999,2opt,notBad
15887,6,404.0199999999997,6,401.7399999999999,swap,notBad
15888,6,404.0199999999997,6,401.7399999999999,2opt,notBad
15889,6,404.0199999999997,6,401.7399999999999,2opt,notBad
15890,6,404.0199999999997,6,401.7399999999999,move,improve
15891,6,404.0199999999997,6,401.7399999999999,swap,notBad
15892,6,404.0199999999997,6,401.7399999999999,2opt,notBad
15893,6,404.0199999999997,6,401.7399999999999,swap,notBad
15894,6,404.0199999999997,6,401.7399999999999,swap,notBad
15895,6,404.0199999999997,6,401.7399999999999,move,improve
15896,6,404.72000000000014,6,401.7399999999999,move,acceptBad
15897,6,404.72000000000014,6,401.7399999999999,move,improve
15898,6,404.72000000000014,6,401.7399999999999,2opt,notBad
15899,6,404.72000000000014,6,401.7399999999999,move,improve
15900,6,404.72000000000014,6,401.7399999999999,2opt,notBad
15901,6,404.72000000000014,6,401.7399999999999,2opt,notBad
15902,6,404.72000000000014,6,401.7399999999999,2opt,notBad
15903,6,404.72000000000014,6,401.7399999999999,2opt,notBad
15904,6,404.72000000000014,6,401.7399999999999,move,improve
15905,6,404.72000000000014,6,401.7399999999999,2opt,notBad
15906,6,404.72000000000014,6,401.7399999999999,swap,notBad
15907,6,404.72000000000014,6,401.7399999999999,2opt,notBad
15908,6,404.72000000000014,6,401.7399999999999,2opt,notBad
15909,6,404.72000000000014,6,401.7399999999999,swap,notBad
15910,6,404.72000000000014,6,401.7399999999999,swap,notBad
15911,6,404.72000000000014,6,401.7399999999999,move,improve
15912,6,404.72000000000014,6,401.7399999999999,swap,notBad
15913,6,404.72000000000014,6,401.7399999999999,move,improve
15914,6,404.72000000000014,6,401.7399999999999,2opt,notBad
15915,6,404.72000000000014,6,401.7399999999999,move,improve
15916,6,404.72000000000014,6,401.7399999999999,move,improve
15917,6,404.72000000000014,6,401.7399999999999,move,improve
15918,6,404.72000000000014,6,401.7399999999999,swap,notBad
15919,6,404.72000000000014,6,401.7399999999999,move,improve
15920,6,404.72000000000014,6,401.7399999999999,move,improve
15921,6,404.72000000000014,6,401.7399999999999,2opt,notBad
15922,6,404.72000000000014,6,401.7399999999999,move,improve
15923,6,404.72000000000014,6,401.7399999999999,move,improve
15924,6,404.72000000000014,6,401.7399999999999,2opt,notBad
15925,6,404.72000000000014,6,401.7399999999999,2opt,notBad
15926,6,404.72000000000014,6,401.7399999999999,2opt,notBad
15927,6,404.72000000000014,6,401.7399999999999,swap,notBad
15928,6,404.72000000000014,6,401.7399999999999,swap,notBad
15929,6,404.72000000000014,6,401.7399999999999,swap,notBad
15930,6,404.72000000000014,6,401.7399999999999,2opt,notBad
15931,6,404.72000000000014,6,401.7399999999999,2opt,notBad
15932,6,404.72000000000014,6,401.7399999999999,2opt,improve
15933,6,404.72000000000014,6,401.7399999999999,2opt,notBad
15934,6,404.72000000000014,6,401.7399999999999,2opt,notBad
15935,6,404.72000000000014,6,401.7399999999999,move,improve
15936,6,404.72000000000014,6,401.7399999999999,swap,notBad
15937,6,404.72000000000014,6,401.7399999999999,swap,notBad
15938,6,404.72000000000014,6,401.7399999999999,2opt,notBad
15939,6,404.72000000000014,6,401.7399999999999,2opt,notBad
15940,6,404.72000000000014,6,401.7399999999999,move,improve
15941,6,404.72000000000014,6,401.7399999999999,move,improve
15942,6,404.72000000000014,6,401.7399999999999,move,improve
15943,6,404.72000000000014,6,401.7399999999999,2opt,improve
15944,6,404.72000000000014,6,401.7399999999999,move,improve
15945,6,404.72000000000014,6,401.7399999999999,move,improve
15946,6,404.72000000000014,6,401.7399999999999,move,improve
15947,6,404.72000000000014,6,401.7399999999999,move,improve
15948,6,404.72000000000014,6,401.7399999999999,swap,notBad
15949,6,404.72000000000014,6,401.7399999999999,2opt,notBad
15950,6,404.72000000000014,6,401.7399999999999,2opt,notBad
15951,6,404.72000000000014,6,401.7399999999999,move,improve
15952,6,404.72000000000014,6,401.7399999999999,move,improve
15953,6,404.72000000000014,6,401.7399999999999,swap,notBad
15954,6,404.72000000000014,6,401.7399999999999,swap,notBad
15955,6,404.72000000000014,6,401.7399999999999,swap,notBad
15956,6,404.72000000000014,6,401.7399999999999,swap,notBad
15957,6,404.72000000000014,6,401.7399999999999,swap,notBad
15958,6,404.72000000000014,6,401.7399999999999,move,improve
15959,6,404.72000000000014,6,401.7399999999999,move,improve
15960,6,404.72000000000014,6,401.7399999999999,swap,notBad
15961,6,404.72000000000014,6,401.7399999999999,move,improve
15962,6,404.72000000000014,6,401.7399999999999,swap,notBad
15963,6,404.72000000000014,6,401.7399999999999,move,improve
15964,6,404.72000000000014,6,401.7399999999999,2opt,notBad
15965,6,404.72000000000014,6,401.7399999999999,swap,notBad
15966,6,404.72000000000014,6,401.7399999999999,move,improve
15967,6,404.72000000000014,6,401.7399999999999,move,improve
15968,6,404.72000000000014,6,401.7399999999999,move,improve
15969,6,404.72000000000014,6,401.7399999999999,swap,notBad
15970,6,404.72000000000014,6,401.7399999999999,2opt,improve
15971,6,404.72000000000014,6,401.7399999999999,2opt,notBad
15972,6,404.72000000000014,6,401.7399999999999,swap,notBad
15973,6,404.72000000000014,6,401.7399999999999,swap,notBad
15974,6,404.72000000000014,6,401.7399999999999,move,improve
15975,6,404.72000000000014,6,401.7399999999999,2opt,notBad
15976,6,404.72000000000014,6,401.7399999999999,2opt,notBad
15977,6,404.72000000000014,6,401.7399999999999,2opt,notBad
15978,6,404.72000000000014,6,401.7399999999999,move,improve
15979,6,404.72000000000014,6,401.7399999999999,2opt,notBad
15980,6,404.72000000000014,6,401.7399999999999,swap,notBad
15981,6,404.72000000000014,6,401.7399999999999,move,improve
15982,6,404.72000000000014,6,401.7399999999999,swap,notBad
15983,6,404.72000000000014,6,401.7399999999999,swap,notBad
15984,6,404.72000000000014,6,401.7399999999999,2opt,notBad
15985,6,404.72000000000014,6,401.7399999999999,2opt,notBad
15986,6,404.72000000000014,6,401.7399999999999,2opt,notBad
15987,6,404.72000000000014,6,401.7399999999999,move,improve
15988,6,404.72000000000014,6,401.7399999999999,swap,notBad
15989,6,404.72000000000014,6,401.7399999999999,move,improve
15990,6,404.72000000000014,6,401.7399999999999,swap,notBad
15991,6,404.72000000000014,6,401.7399999999999,2opt,notBad
15992,6,404.72000000000014,6,401.7399999999999,move,improve
15993,6,404.72000000000014,6,401.7399999999999,swap,notBad
15994,6,404.72000000000014,6,401.7399999999999,move,improve
15995,6,404.72000000000014,6,401.7399999999999,move,improve
15996,6,404.72000000000014,6,401.7399999999999,2opt,notBad
15997,6,404.72000000000014,6,401.7399999999999,move,improve
15998,6,404.72000000000014,6,401.7399999999999,2opt,notBad
15999,6,404.72000000000014,6,401.7399999999999,move,improve
16000,6,404.72000000000014,6,401.7399999999999,move,improve
16001,6,404.72000000000014,6,401.7399999999999,move,improve
16002,6,404.72000000000014,6,401.7399999999999,2opt,notBad
16003,6,404.72000000000014,6,401.7399999999999,2opt,notBad
16004,6,404.72000000000014,6,401.7399999999999,swap,notBad
16005,6,404.72000000000014,6,401.7399999999999,move,improve
16006,6,404.72000000000014,6,401.7399999999999,swap,notBad
16007,6,404.72000000000014,6,401.7399999999999,move,improve
16008,6,404.72000000000014,6,401.7399999999999,2opt,improve
16009,6,404.0199999999997,6,401.7399999999999,move,improve
16010,6,404.0199999999997,6,401.7399999999999,move,improve
16011,6,404.0199999999997,6,401.7399999999999,2opt,notBad
16012,6,404.0199999999997,6,401.7399999999999,move,improve
16013,6,404.0199999999997,6,401.7399999999999,move,improve
16014,6,404.0199999999997,6,401.7399999999999,swap,notBad
16015,6,404.0199999999997,6,401.7399999999999,swap,notBad
16016,6,404.0199999999997,6,401.7399999999999,swap,notBad
16017,6,404.0199999999997,6,401.7399999999999,swap,notBad
16018,6,404.0199999999997,6,401.7399999999999,2opt,notBad
16019,6,404.0199999999997,6,401.7399999999999,swap,notBad
16020,6,404.0199999999997,6,401.7399999999999,move,improve
16021,6,404.0199999999997,6,401.7399999999999,move,improve
16022,6,404.0199999999997,6,401.7399999999999,2opt,notBad
16023,6,404.0199999999997,6,401.7399999999999,2opt,notBad
16024,6,404.0199999999997,6,401.7399999999999,move,improve
16025,6,404.0199999999997,6,401.7399999999999,swap,notBad
16026,6,404.0199999999997,6,401.7399999999999,move,improve
16027,6,404.0199999999997,6,401.7399999999999,2opt,notBad
16028,6,404.0199999999997,6,401.7399999999999,swap,notBad
16029,6,404.0199999999997,6,401.7399999999999,move,improve
16030,6,404.0199999999997,6,401.7399999999999,move,improve
16031,6,404.0199999999997,6,401.7399999999999,2opt,notBad
16032,6,404.0199999999997,6,401.7399999999999,move,improve
16033,6,404.0199999999997,6,401.7399999999999,swap,notBad
16034,6,404.0199999999997,6,401.7399999999999,2opt,notBad
16035,6,404.0199999999997,6,401.7399999999999,swap,notBad
16036,6,404.0199999999997,6,401.7399999999999,move,improve
16037,6,404.0199999999997,6,401.7399999999999,2opt,notBad
16038,6,404.0199999999997,6,401.7399999999999,swap,notBad
16039,6,404.0199999999997,6,401.7399999999999,2opt,notBad
16040,6,404.0199999999997,6,401.7399999999999,2opt,notBad
16041,6,404.0199999999997,6,401.7399999999999,swap,notBad
16042,6,404.0199999999997,6,401.7399999999999,swap,notBad
16043,6,404.0199999999997,6,401.7399999999999,2opt,notBad
16044,6,404.0199999999997,6,401.7399999999999,swap,notBad
16045,6,404.0199999999997,6,401.7399999999999,swap,notBad
16046,6,404.0199999999997,6,401.7399999999999,2opt,notBad
16047,6,404.0199999999997,6,401.7399999999999,swap,notBad
16048,6,404.0199999999997,6,401.7399999999999,2opt,notBad
16049,6,404.0199999999997,6,401.7399999999999,2opt,notBad
16050,6,404.0199999999997,6,401.7399999999999,move,improve
16051,6,404.0199999999997,6,401.7399999999999,2opt,notBad
16052,6,404.0199999999997,6,401.7399999999999,2opt,notBad
16053,6,404.0199999999997,6,401.7399999999999,2opt,improve
16054,6,404.0199999999997,6,401.7399999999999,swap,notBad
16055,6,404.0199999999997,6,401.7399999999999,move,improve
16056,6,404.0199999999997,6,401.7399999999999,swap,notBad
16057,6,404.0199999999997,6,401.7399999999999,swap,notBad
16058,6,404.0199999999997,6,401.7399999999999,2opt,notBad
16059,6,404.0199999999997,6,401.7399999999999,move,improve
16060,6,404.0199999999997,6,401.7399999999999,swap,notBad
16061,6,404.0199999999997,6,401.7399999999999,swap,notBad
16062,6,404.0199999999997,6,401.7399999999999,2opt,notBad
16063,6,404.0199999999997,6,401.7399999999999,move,improve
16064,6,404.0199999999997,6,401.7399999999999,swap,notBad
16065,6,404.0199999999997,6,401.7399999999999,swap,notBad
16066,6,404.0199999999997,6,401.7399999999999,move,improve
16067,6,404.0199999999997,6,401.7399999999999,2opt,notBad
16068,6,404.0199999999997,6,401.7399999999999,move,improve
16069,6,404.0199999999997,6,401.7399999999999,2opt,notBad
16070,6,404.0199999999997,6,401.7399999999999,swap,notBad
16071,6,404.0199999999997,6,401.7399999999999,move,improve
16072,6,404.0199999999997,6,401.7399999999999,move,improve
16073,6,404.0199999999997,6,401.7399999999999,move,improve
16074,6,404.0199999999997,6,401.7399999999999,swap,notBad
16075,6,404.0199999999997,6,401.7399999999999,move,improve
16076,6,404.0199999999997,6,401.7399999999999,2opt,notBad
16077,6,404.0199999999997,6,401.7399999999999,2opt,notBad
16078,6,404.0199999999997,6,401.7399999999999,swap,notBad
16079,6,404.0199999999997,6,401.7399999999999,2opt,notBad
16080,6,404.0199999999997,6,401.7399999999999,move,improve
16081,6,404.0199999999997,6,401.7399999999999,2opt,improve
16082,6,404.0199999999997,6,401.7399999999999,swap,notBad
16083,6,404.0199999999997,6,401.7399999999999,move,improve
16084,6,404.0199999999997,6,401.7399999999999,swap,notBad
16085,6,404.0199999999997,6,401.7399999999999,2opt,notBad
16086,6,404.0199999999997,6,401.7399999999999,2opt,notBad
16087,6,404.0199999999997,6,401.7399999999999,swap,notBad
16088,6,404.0199999999997,6,401.7399999999999,move,improve
16089,6,404.0199999999997,6,401.7399999999999,swap,notBad
16090,6,404.0199999999997,6,401.7399999999999,move,improve
16091,6,404.0199999999997,6,401.7399999999999,swap,notBad
16092,6,404.0199999999997,6,401.7399999999999,2opt,notBad
16093,6,404.0199999999997,6,401.7399999999999,swap,notBad
16094,6,404.0199999999997,6,401.7399999999999,swap,notBad
16095,6,404.0199999999997,6,401.7399999999999,swap,notBad
16096,6,404.0199999999997,6,401.7399999999999,2opt,notBad
16097,6,404.0199999999997,6,401.7399999999999,move,improve
16098,6,404.0199999999997,6,401.7399999999999,move,improve
16099,6,404.0199999999997,6,401.7399999999999,move,improve
16100,6,404.0199999999997,6,401.7399999999999,move,improve
16101,6,404.0199999999997,6,401.7399999999999,move,improve
16102,6,404.0199999999997,6,401.7399999999999,swap,notBad
16103,6,404.0199999999997,6,401.7399999999999,2opt,notBad
16104,6,404.0199999999997,6,401.7399999999999,move,improve
16105,6,404.0199999999997,6,401.7399999999999,2opt,notBad
16106,6,404.0199999999997,6,401.7399999999999,move,improve
16107,6,404.0199999999997,6,401.7399999999999,swap,notBad
16108,6,404.0199999999997,6,401.7399999999999,move,improve
16109,6,404.0199999999997,6,401.7399999999999,2opt,notBad
16110,6,404.0199999999997,6,401.7399999999999,move,improve
16111,6,404.0199999999997,6,401.7399999999999,swap,notBad
16112,6,404.0199999999997,6,401.7399999999999,2opt,improve
16113,6,404.0199999999997,6,401.7399999999999,swap,notBad
16114,6,404.0199999999997,6,401.7399999999999,2opt,improve
16115,6,404.0199999999997,6,401.7399999999999,2opt,notBad
16116,6,404.0199999999997,6,401.7399999999999,2opt,notBad
16117,6,404.0199999999997,6,401.7399999999999,swap,notBad
16118,6,404.0199999999997,6,401.7399999999999,move,improve
16119,6,404.0199999999997,6,401.7399999999999,move,improve
16120,6,404.0199999999997,6,401.7399999999999,2opt,notBad
16121,6,404.0199999999997,6,401.7399999999999,move,improve
16122,6,404.0199999999997,6,401.7399999999999,swap,notBad
16123,6,404.0199999999997,6,401.7399999999999,2opt,notBad
16124,6,404.0199999999997,6,401.7399999999999,move,improve
16125,6,404.0199999999997,6,401.7399999999999,swap,notBad
16126,6,404.0199999999997,6,401.7399999999999,2opt,notBad
16127,6,404.0199999999997,6,401.7399999999999,move,improve
16128,6,404.0199999999997,6,401.7399999999999,move,improve
16129,6,404.0199999999997,6,401.7399999999999,move,improve
16130,6,404.0199999999997,6,401.7399999999999,2opt,notBad
16131,6,404.0199999999997,6,401.7399999999999,move,improve
16132,6,404.0199999999997,6,401.7399999999999,2opt,notBad
16133,6,404.0199999999997,6,401.7399999999999,move,improve
16134,6,404.0199999999997,6,401.7399999999999,swap,notBad
16135,6,404.0199999999997,6,401.7399999999999,move,improve
16136,6,404.0199999999997,6,401.7399999999999,2opt,notBad
16137,6,404.0199999999997,6,401.7399999999999,2opt,notBad
16138,6,404.0199999999997,6,401.7399999999999,move,improve
16139,6,404.0199999999997,6,401.7399999999999,move,improve
16140,6,404.0199999999997,6,401.7399999999999,swap,notBad
16141,6,404.0199999999997,6,401.7399999999999,move,improve
16142,6,404.0199999999997,6,401.7399999999999,move,improve
16143,6,404.0199999999997,6,401.7399999999999,2opt,notBad
16144,6,404.0199999999997,6,401.7399999999999,swap,notBad
16145,6,404.0199999999997,6,401.7399999999999,swap,notBad
16146,6,404.0199999999997,6,401.7399999999999,2opt,notBad
16147,6,404.0199999999997,6,401.7399999999999,2opt,improve
16148,6,404.0199999999997,6,401.7399999999999,move,improve
16149,6,404.0199999999997,6,401.7399999999999,move,improve
16150,6,404.0199999999997,6,401.7399999999999,swap,notBad
16151,6,404.0199999999997,6,401.7399999999999,2opt,notBad
16152,6,404.0199999999997,6,401.7399999999999,2opt,notBad
16153,6,404.0199999999997,6,401.7399999999999,2opt,notBad
16154,6,404.0199999999997,6,401.7399999999999,swap,notBad
16155,6,404.0199999999997,6,401.7399999999999,swap,notBad
16156,6,404.0199999999997,6,401.7399999999999,swap,notBad
16157,6,404.0199999999997,6,401.7399999999999,swap,notBad
16158,6,404.0199999999997,6,401.7399999999999,swap,notBad
16159,6,404.0199999999997,6,401.7399999999999,swap,notBad
16160,6,404.0199999999997,6,401.7399999999999,2opt,notBad
16161,6,404.0199999999997,6,401.7399999999999,swap,notBad
16162,6,404.0199999999997,6,401.7399999999999,move,improve
16163,6,404.0199999999997,6,401.7399999999999,move,improve
16164,6,404.0199999999997,6,401.7399999999999,move,improve
16165,6,404.0199999999997,6,401.7399999999999,2opt,notBad
16166,6,404.0199999999997,6,401.7399999999999,swap,notBad
16167,6,404.0199999999997,6,401.7399999999999,swap,notBad
16168,6,404.0199999999997,6,401.7399999999999,2opt,notBad
16169,6,404.0199999999997,6,401.7399999999999,swap,notBad
16170,6,404.0199999999997,6,401.7399999999999,2opt,notBad
16171,6,404.0199999999997,6,401.7399999999999,2opt,notBad
16172,6,404.0199999999997,6,401.7399999999999,2opt,notBad
16173,6,404.0199999999997,6,401.7399999999999,swap,notBad
16174,6,404.0199999999997,6,401.7399999999999,2opt,notBad
16175,6,404.0199999999997,6,401.7399999999999,2opt,notBad
16176,6,404.0199999999997,6,401.7399999999999,move,improve
16177,6,404.0199999999997,6,401.7399999999999,2opt,improve
16178,6,404.0199999999997,6,401.7399999999999,2opt,notBad
16179,6,404.0199999999997,6,401.7399999999999,2opt,notBad
16180,6,404.0199999999997,6,401.7399999999999,move,improve
16181,6,404.0199999999997,6,401.7399999999999,swap,notBad
16182,6,404.0199999999997,6,401.7399999999999,swap,notBad
16183,6,404.0199999999997,6,401.7399999999999,swap,notBad
16184,6,404.0199999999997,6,401.7399999999999,2opt,notBad
16185,6,404.72000000000014,6,401.7399999999999,move,acceptBad
16186,6,404.72000000000014,6,401.7399999999999,2opt,notBad
16187,6,404.72000000000014,6,401.7399999999999,2opt,notBad
16188,6,404.72000000000014,6,401.7399999999999,swap,notBad
16189,6,404.72000000000014,6,401.7399999999999,2opt,notBad
16190,6,404.72000000000014,6,401.7399999999999,move,improve
16191,6,404.72000000000014,6,401.7399999999999,swap,notBad
16192,6,404.72000000000014,6,401.7399999999999,swap,notBad
16193,6,404.72000000000014,6,401.7399999999999,move,improve
16194,6,404.72000000000014,6,401.7399999999999,move,improve
16195,6,404.72000000000014,6,401.7399999999999,move,improve
16196,6,404.72000000000014,6,401.7399999999999,2opt,notBad
16197,6,404.72000000000014,6,401.7399999999999,move,improve
16198,6,404.72000000000014,6,401.7399999999999,move,improve
16199,6,404.72000000000014,6,401.7399999999999,2opt,notBad
16200,6,404.72000000000014,6,401.7399999999999,swap,notBad
16201,6,404.72000000000014,6,401.7399999999999,swap,notBad
16202,6,404.72000000000014,6,401.7399999999999,move,improve
16203,6,404.72000000000014,6,401.7399999999999,move,improve
16204,6,404.72000000000014,6,401.7399999999999,2opt,notBad
16205,6,404.72000000000014,6,401.7399999999999,move,improve
16206,6,404.72000000000014,6,401.7399999999999,swap,notBad
16207,6,404.72000000000014,6,401.7399999999999,swap,notBad
16208,6,404.72000000000014,6,401.7399999999999,2opt,notBad
16209,6,404.72000000000014,6,401.7399999999999,swap,notBad
16210,6,404.72000000000014,6,401.7399999999999,2opt,notBad
16211,6,404.72000000000014,6,401.7399999999999,swap,notBad
16212,6,404.72000000000014,6,401.7399999999999,move,improve
16213,6,404.72000000000014,6,401.7399999999999,2opt,notBad
16214,6,404.72000000000014,6,401.7399999999999,swap,notBad
16215,6,404.72000000000014,6,401.7399999999999,move,improve
16216,6,404.72000000000014,6,401.7399999999999,move,improve
16217,6,404.72000000000014,6,401.7399999999999,2opt,notBad
16218,6,404.72000000000014,6,401.7399999999999,2opt,notBad
16219,6,404.72000000000014,6,401.7399999999999,2opt,notBad
16220,6,404.72000000000014,6,401.7399999999999,2opt,notBad
16221,6,404.72000000000014,6,401.7399999999999,2opt,notBad
16222,6,404.72000000000014,6,401.7399999999999,2opt,notBad
16223,6,404.72000000000014,6,401.7399999999999,2opt,notBad
16224,6,404.72000000000014,6,401.7399999999999,move,improve
16225,6,404.72000000000014,6,401.7399999999999,swap,notBad
16226,6,404.72000000000014,6,401.7399999999999,swap,notBad
16227,6,404.72000000000014,6,401.7399999999999,swap,notBad
16228,6,404.72000000000014,6,401.7399999999999,move,improve
16229,6,404.72000000000014,6,401.7399999999999,move,improve
16230,6,404.72000000000014,6,401.7399999999999,swap,notBad
16231,6,404.72000000000014,6,401.7399999999999,move,improve
16232,6,404.72000000000014,6,401.7399999999999,swap,notBad
16233,6,404.72000000000014,6,401.7399999999999,move,improve
16234,6,404.72000000000014,6,401.7399999999999,2opt,notBad
16235,6,404.0199999999997,6,401.7399999999999,move,improve
16236,6,404.0199999999997,6,401.7399999999999,move,improve
16237,6,404.0199999999997,6,401.7399999999999,move,improve
16238,6,404.0199999999997,6,401.7399999999999,swap,notBad
16239,6,404.0199999999997,6,401.7399999999999,move,improve
16240,6,404.0199999999997,6,401.7399999999999,2opt,notBad
16241,6,404.0199999999997,6,401.7399999999999,2opt,notBad
16242,6,404.0199999999997,6,401.7399999999999,swap,notBad
16243,6,404.0199999999997,6,401.7399999999999,2opt,notBad
16244,6,404.0199999999997,6,401.7399999999999,move,improve
16245,6,404.0199999999997,6,401.7399999999999,move,improve
16246,6,404.0199999999997,6,401.7399999999999,move,improve
16247,6,404.0199999999997,6,401.7399999999999,swap,notBad
16248,6,404.0199999999997,6,401.7399999999999,swap,notBad
16249,6,404.0199999999997,6,401.7399999999999,2opt,notBad
16250,6,404.0199999999997,6,401.7399999999999,move,improve
16251,6,404.0199999999997,6,401.7399999999999,swap,notBad
16252,6,404.0199999999997,6,401.7399999999999,2opt,notBad
16253,6,404.0199999999997,6,401.7399999999999,2opt,notBad
16254,6,404.0199999999997,6,401.7399999999999,swap,notBad
16255,6,404.0199999999997,6,401.7399999999999,swap,notBad
16256,6,404.0199999999997,6,401.7399999999999,move,improve
16257,6,404.0199999999997,6,401.7399999999999,swap,notBad
16258,6,404.0199999999997,6,401.7399999999999,move,improve
16259,6,404.0199999999997,6,401.7399999999999,swap,notBad
16260,6,404.0199999999997,6,401.7399999999999,2opt,improve
16261,6,404.0199999999997,6,401.7399999999999,move,improve
16262,6,404.0199999999997,6,401.7399999999999,swap,notBad
16263,6,404.0199999999997,6,401.7399999999999,2opt,improve
16264,6,404.0199999999997,6,401.7399999999999,2opt,notBad
16265,6,404.0199999999997,6,401.7399999999999,2opt,notBad
16266,6,404.0199999999997,6,401.7399999999999,2opt,notBad
16267,6,404.0199999999997,6,401.7399999999999,2opt,notBad
16268,6,404.0199999999997,6,401.7399999999999,move,improve
16269,6,404.0199999999997,6,401.7399999999999,move,improve
16270,6,404.0199999999997,6,401.7399999999999,2opt,notBad
16271,6,404.0199999999997,6,401.7399999999999,2opt,notBad
16272,6,404.0199999999997,6,401.7399999999999,2opt,notBad
16273,6,404.0199999999997,6,401.7399999999999,swap,notBad
16274,6,404.0199999999997,6,401.7399999999999,move,improve
16275,6,404.0199999999997,6,401.7399999999999,2opt,notBad
16276,6,404.0199999999997,6,401.7399999999999,2opt,notBad
16277,6,404.0199999999997,6,401.7399999999999,swap,notBad
16278,6,404.0199999999997,6,401.7399999999999,move,improve
16279,6,404.0199999999997,6,401.7399999999999,move,improve
16280,6,404.0199999999997,6,401.7399999999999,move,improve
16281,6,404.0199999999997,6,401.7399999999999,swap,notBad
16282,6,404.0199999999997,6,401.7399999999999,swap,notBad
16283,6,404.0199999999997,6,401.7399999999999,swap,notBad
16284,6,404.0199999999997,6,401.7399999999999,2opt,improve
16285,6,404.0199999999997,6,401.7399999999999,swap,notBad
16286,6,404.0199999999997,6,401.7399999999999,2opt,improve
16287,6,404.0199999999997,6,401.7399999999999,move,improve
16288,6,404.0199999999997,6,401.7399999999999,move,improve
16289,6,404.0199999999997,6,401.7399999999999,2opt,notBad
16290,6,404.0199999999997,6,401.7399999999999,move,improve
16291,6,404.0199999999997,6,401.7399999999999,swap,notBad
16292,6,404.0199999999997,6,401.7399999999999,2opt,improve
16293,6,404.0199999999997,6,401.7399999999999,move,improve
16294,6,404.0199999999997,6,401.7399999999999,move,improve
16295,6,404.0199999999997,6,401.7399999999999,move,improve
16296,6,404.0199999999997,6,401.7399999999999,move,improve
16297,6,404.0199999999997,6,401.7399999999999,move,improve
16298,6,404.0199999999997,6,401.7399999999999,2opt,notBad
16299,6,404.0199999999997,6,401.7399999999999,swap,notBad
16300,6,404.0199999999997,6,401.7399999999999,move,improve
16301,6,404.0199999999997,6,401.7399999999999,2opt,notBad
16302,6,404.0199999999997,6,401.7399999999999,swap,notBad
16303,6,404.0199999999997,6,401.7399999999999,swap,notBad
16304,6,404.0199999999997,6,401.7399999999999,move,improve
16305,6,404.0199999999997,6,401.7399999999999,move,improve
16306,6,404.0199999999997,6,401.7399999999999,2opt,notBad
16307,6,404.0199999999997,6,401.7399999999999,move,improve
16308,6,404.0199999999997,6,401.7399999999999,2opt,notBad
16309,6,404.0199999999997,6,401.7399999999999,move,improve
16310,6,404.0199999999997,6,401.7399999999999,move,improve
16311,6,404.0199999999997,6,401.7399999999999,2opt,notBad
16312,6,404.0199999999997,6,401.7399999999999,move,improve
16313,6,404.0199999999997,6,401.7399999999999,2opt,improve
16314,6,404.0199999999997,6,401.7399999999999,2opt,notBad
16315,6,404.0199999999997,6,401.7399999999999,2opt,notBad
16316,6,404.0199999999997,6,401.7399999999999,swap,notBad
16317,6,404.0199999999997,6,401.7399999999999,move,improve
16318,6,404.0199999999997,6,401.7399999999999,2opt,notBad
16319,6,404.0199999999997,6,401.7399999999999,move,improve
16320,6,404.0199999999997,6,401.7399999999999,move,improve
16321,6,404.0199999999997,6,401.7399999999999,move,improve
16322,6,404.0199999999997,6,401.7399999999999,2opt,notBad
16323,6,404.0199999999997,6,401.7399999999999,move,improve
16324,6,404.0199999999997,6,401.7399999999999,2opt,notBad
16325,6,404.0199999999997,6,401.7399999999999,move,improve
16326,6,404.0199999999997,6,401.7399999999999,2opt,notBad
16327,6,404.0199999999997,6,401.7399999999999,2opt,notBad
16328,6,404.0199999999997,6,401.7399999999999,move,improve
16329,6,404.0199999999997,6,401.7399999999999,swap,notBad
16330,6,404.0199999999997,6,401.7399999999999,swap,notBad
16331,6,404.0199999999997,6,401.7399999999999,swap,notBad
16332,6,404.0199999999997,6,401.7399999999999,swap,notBad
16333,6,404.0199999999997,6,401.7399999999999,move,improve
16334,6,404.0199999999997,6,401.7399999999999,2opt,notBad
16335,6,404.0199999999997,6,401.7399999999999,move,improve
16336,6,404.0199999999997,6,401.7399999999999,2opt,notBad
16337,6,404.0199999999997,6,401.7399999999999,swap,notBad
16338,6,404.0199999999997,6,401.7399999999999,swap,notBad
16339,6,404.0199999999997,6,401.7399999999999,swap,notBad
16340,6,404.0199999999997,6,401.7399999999999,swap,notBad
16341,6,404.0199999999997,6,401.7399999999999,2opt,notBad
16342,6,404.0199999999997,6,401.7399999999999,swap,notBad
16343,6,404.0199999999997,6,401.7399999999999,2opt,notBad
16344,6,404.0199999999997,6,401.7399999999999,2opt,notBad
16345,6,404.0199999999997,6,401.7399999999999,2opt,notBad
16346,6,404.0199999999997,6,401.7399999999999,2opt,notBad
16347,6,404.0199999999997,6,401.7399999999999,swap,notBad
16348,6,404.0199999999997,6,401.7399999999999,move,improve
16349,6,404.0199999999997,6,401.7399999999999,swap,notBad
16350,6,404.0199999999997,6,401.7399999999999,move,improve
16351,6,404.0199999999997,6,401.7399999999999,swap,notBad
16352,6,404.0199999999997,6,401.7399999999999,swap,notBad
16353,6,404.0199999999997,6,401.7399999999999,move,improve
16354,6,404.0199999999997,6,401.7399999999999,2opt,notBad
16355,6,404.0199999999997,6,401.7399999999999,2opt,notBad
16356,6,404.0199999999997,6,401.7399999999999,2opt,notBad
16357,6,404.0199999999997,6,401.7399999999999,2opt,improve
16358,6,404.0199999999997,6,401.7399999999999,2opt,notBad
16359,6,404.0199999999997,6,401.7399999999999,2opt,notBad
16360,6,404.0199999999997,6,401.7399999999999,move,improve
16361,6,404.0199999999997,6,401.7399999999999,move,improve
16362,6,404.0199999999997,6,401.7399999999999,move,improve
16363,6,404.0199999999997,6,401.7399999999999,swap,notBad
16364,6,404.0199999999997,6,401.7399999999999,2opt,notBad
16365,6,404.0199999999997,6,401.7399999999999,swap,notBad
16366,6,404.0199999999997,6,401.7399999999999,2opt,notBad
16367,6,404.0199999999997,6,401.7399999999999,2opt,notBad
16368,6,404.0199999999997,6,401.7399999999999,2opt,notBad
16369,6,404.0199999999997,6,401.7399999999999,2opt,notBad
16370,6,404.0199999999997,6,401.7399999999999,move,improve
16371,6,404.0199999999997,6,401.7399999999999,move,improve
16372,6,404.0199999999997,6,401.7399999999999,move,improve
16373,6,404.0199999999997,6,401.7399999999999,move,improve
16374,6,404.0199999999997,6,401.7399999999999,2opt,notBad
16375,6,404.0199999999997,6,401.7399999999999,swap,notBad
16376,6,404.0199999999997,6,401.7399999999999,move,improve
16377,6,404.0199999999997,6,401.7399999999999,2opt,improve
16378,6,404.0199999999997,6,401.7399999999999,move,improve
16379,6,404.0199999999997,6,401.7399999999999,move,improve
16380,6,404.0199999999997,6,401.7399999999999,swap,notBad
16381,6,404.0199999999997,6,401.7399999999999,swap,notBad
16382,6,404.0199999999997,6,401.7399999999999,swap,notBad
16383,6,404.0199999999997,6,401.7399999999999,move,improve
16384,6,404.0199999999997,6,401.7399999999999,move,improve
16385,6,404.0199999999997,6,401.7399999999999,2opt,notBad
16386,6,404.0199999999997,6,401.7399999999999,2opt,notBad
16387,6,404.0199999999997,6,401.7399999999999,move,improve
16388,6,404.0199999999997,6,401.7399999999999,swap,notBad
16389,6,404.0199999999997,6,401.7399999999999,2opt,notBad
16390,6,404.0199999999997,6,401.7399999999999,2opt,notBad
16391,6,404.0199999999997,6,401.7399999999999,swap,notBad
16392,6,404.0199999999997,6,401.7399999999999,move,improve
16393,6,404.0199999999997,6,401.7399999999999,swap,notBad
16394,6,404.0199999999997,6,401.7399999999999,2opt,notBad
16395,6,404.0199999999997,6,401.7399999999999,swap,notBad
16396,6,404.0199999999997,6,401.7399999999999,swap,notBad
16397,6,404.0199999999997,6,401.7399999999999,2opt,notBad
16398,6,404.0199999999997,6,401.7399999999999,swap,notBad
16399,6,404.0199999999997,6,401.7399999999999,swap,notBad
16400,6,404.0199999999997,6,401.7399999999999,swap,notBad
16401,6,404.0199999999997,6,401.7399999999999,2opt,notBad
16402,6,404.0199999999997,6,401.7399999999999,move,improve
16403,6,404.0199999999997,6,401.7399999999999,swap,notBad
16404,6,404.0199999999997,6,401.7399999999999,2opt,improve
16405,6,404.0199999999997,6,401.7399999999999,2opt,improve
16406,6,404.0199999999997,6,401.7399999999999,move,improve
16407,6,404.0199999999997,6,401.7399999999999,swap,notBad
16408,6,404.0199999999997,6,401.7399999999999,2opt,notBad
16409,6,404.0199999999997,6,401.7399999999999,move,improve
16410,6,404.0199999999997,6,401.7399999999999,swap,notBad
16411,6,404.0199999999997,6,401.7399999999999,2opt,notBad
16412,6,404.0199999999997,6,401.7399999999999,move,improve
16413,6,404.0199999999997,6,401.7399999999999,2opt,notBad
16414,6,404.0199999999997,6,401.7399999999999,move,improve
16415,6,404.0199999999997,6,401.7399999999999,swap,notBad
16416,6,404.0199999999997,6,401.7399999999999,2opt,notBad
16417,6,404.0199999999997,6,401.7399999999999,2opt,notBad
16418,6,404.0199999999997,6,401.7399999999999,swap,notBad
16419,6,404.0199999999997,6,401.7399999999999,2opt,notBad
16420,6,404.0199999999997,6,401.7399999999999,2opt,notBad
16421,6,404.0199999999997,6,401.7399999999999,2opt,notBad
16422,6,404.0199999999997,6,401.7399999999999,move,improve
16423,6,404.0199999999997,6,401.7399999999999,swap,notBad
16424,6,404.0199999999997,6,401.7399999999999,swap,notBad
16425,6,404.0199999999997,6,401.7399999999999,2opt,notBad
16426,6,404.0199999999997,6,401.7399999999999,swap,notBad
16427,6,404.0199999999997,6,401.7399999999999,swap,notBad
16428,6,404.0199999999997,6,401.7399999999999,move,improve
16429,6,404.0199999999997,6,401.7399999999999,swap,notBad
16430,6,404.0199999999997,6,401.7399999999999,2opt,notBad
16431,6,404.0199999999997,6,401.7399999999999,swap,notBad
16432,6,404.0199999999997,6,401.7399999999999,2opt,notBad
16433,6,404.0199999999997,6,401.7399999999999,swap,notBad
16434,6,404.0199999999997,6,401.7399999999999,move,improve
16435,6,404.0199999999997,6,401.7399999999999,swap,notBad
16436,6,404.0199999999997,6,401.7399999999999,2opt,notBad
16437,6,404.0199999999997,6,401.7399999999999,2opt,notBad
16438,6,404.0199999999997,6,401.7399999999999,2opt,improve
16439,6,404.0199999999997,6,401.7399999999999,swap,notBad
16440,6,404.0199999999997,6,401.7399999999999,swap,notBad
16441,6,404.0199999999997,6,401.7399999999999,move,improve
16442,6,404.0199999999997,6,401.7399999999999,swap,notBad
16443,6,404.0199999999997,6,401.7399999999999,swap,notBad
16444,6,404.0199999999997,6,401.7399999999999,swap,notBad
16445,6,404.0199999999997,6,401.7399999999999,swap,notBad
16446,6,404.0199999999997,6,401.7399999999999,2opt,notBad
16447,6,404.0199999999997,6,401.7399999999999,move,improve
16448,6,404.0199999999997,6,401.7399999999999,swap,notBad
16449,6,404.0199999999997,6,401.7399999999999,2opt,notBad
16450,6,404.0199999999997,6,401.7399999999999,move,improve
16451,6,404.0199999999997,6,401.7399999999999,swap,notBad
16452,6,404.0199999999997,6,401.7399999999999,move,improve
16453,6,404.0199999999997,6,401.7399999999999,swap,notBad
16454,6,404.0199999999997,6,401.7399999999999,2opt,notBad
16455,6,404.0199999999997,6,401.7399999999999,swap,notBad
16456,6,404.0199999999997,6,401.7399999999999,move,improve
16457,6,404.0199999999997,6,401.7399999999999,swap,notBad
16458,6,404.0199999999997,6,401.7399999999999,swap,notBad
16459,6,404.0199999999997,6,401.7399999999999,move,improve
16460,6,404.0199999999997,6,401.7399999999999,swap,notBad
16461,6,404.0199999999997,6,401.7399999999999,move,improve
16462,6,404.0199999999997,6,401.7399999999999,move,improve
16463,6,404.0199999999997,6,401.7399999999999,move,improve
16464,6,404.0199999999997,6,401.7399999999999,move,improve
16465,6,404.0199999999997,6,401.7399999999999,move,improve
16466,6,404.0199999999997,6,401.7399999999999,move,improve
16467,6,404.0199999999997,6,401.7399999999999,move,improve
16468,6,404.0199999999997,6,401.7399999999999,swap,notBad
16469,6,404.0199999999997,6,401.7399999999999,2opt,improve
16470,6,404.0199999999997,6,401.7399999999999,2opt,notBad
16471,6,404.0199999999997,6,401.7399999999999,swap,notBad
16472,6,404.0199999999997,6,401.7399999999999,swap,notBad
16473,6,404.0199999999997,6,401.7399999999999,move,improve
16474,6,404.0199999999997,6,401.7399999999999,2opt,notBad
16475,6,404.0199999999997,6,401.7399999999999,2opt,notBad
16476,6,404.0199999999997,6,401.7399999999999,2opt,notBad
16477,6,404.0199999999997,6,401.7399999999999,move,improve
16478,6,404.0199999999997,6,401.7399999999999,swap,notBad
16479,6,404.0199999999997,6,401.7399999999999,2opt,notBad
16480,6,404.0199999999997,6,401.7399999999999,swap,notBad
16481,6,404.0199999999997,6,401.7399999999999,2opt,notBad
16482,6,404.0199999999997,6,401.7399999999999,move,improve
16483,6,404.0199999999997,6,401.7399999999999,2opt,notBad
16484,6,404.0199999999997,6,401.7399999999999,2opt,notBad
16485,6,404.0199999999997,6,401.7399999999999,2opt,improve
16486,6,404.0199999999997,6,401.7399999999999,2opt,notBad
16487,6,404.0199999999997,6,401.7399999999999,move,improve
16488,6,404.0199999999997,6,401.7399999999999,2opt,notBad
16489,6,404.0199999999997,6,401.7399999999999,swap,notBad
16490,6,404.0199999999997,6,401.7399999999999,swap,notBad
16491,6,404.0199999999997,6,401.7399999999999,2opt,notBad
16492,6,404.0199999999997,6,401.7399999999999,2opt,notBad
16493,6,404.0199999999997,6,401.7399999999999,2opt,notBad
16494,6,404.0199999999997,6,401.7399999999999,swap,notBad
16495,6,404.0199999999997,6,401.7399999999999,move,improve
16496,6,404.0199999999997,6,401.7399999999999,swap,notBad
16497,6,404.0199999999997,6,401.7399999999999,move,improve
16498,6,404.0199999999997,6,401.7399999999999,swap,notBad
16499,6,404.0199999999997,6,401.7399999999999,2opt,notBad
16500,6,404.0199999999997,6,401.7399999999999,2opt,notBad
16501,6,404.0199999999997,6,401.7399999999999,2opt,notBad
16502,6,404.0199999999997,6,401.7399999999999,2opt,notBad
16503,6,404.0199999999997,6,401.7399999999999,2opt,notBad
16504,6,404.0199999999997,6,401.7399999999999,2opt,notBad
16505,6,404.0199999999997,6,401.7399999999999,2opt,notBad
16506,6,404.0199999999997,6,401.7399999999999,move,improve
16507,6,404.0199999999997,6,401.7399999999999,move,improve
16508,6,404.0199999999997,6,401.7399999999999,move,improve
16509,6,404.0199999999997,6,401.7399999999999,swap,notBad
16510,6,404.0199999999997,6,401.7399999999999,move,improve
16511,6,404.0199999999997,6,401.7399999999999,swap,notBad
16512,6,404.0199999999997,6,401.7399999999999,2opt,notBad
16513,6,404.0199999999997,6,401.7399999999999,2opt,notBad
16514,6,404.0199999999997,6,401.7399999999999,2opt,notBad
16515,6,404.0199999999997,6,401.7399999999999,2opt,notBad
16516,6,404.0199999999997,6,401.7399999999999,swap,notBad
16517,6,404.0199999999997,6,401.7399999999999,2opt,notBad
16518,6,404.0199999999997,6,401.7399999999999,2opt,improve
16519,6,404.0199999999997,6,401.7399999999999,move,improve
16520,6,404.0199999999997,6,401.7399999999999,move,improve
16521,6,404.0199999999997,6,401.7399999999999,2opt,notBad
16522,6,404.0199999999997,6,401.7399999999999,2opt,notBad
16523,6,404.0199999999997,6,401.7399999999999,swap,notBad
16524,6,404.0199999999997,6,401.7399999999999,move,improve
16525,6,404.0199999999997,6,401.7399999999999,swap,notBad
16526,6,404.0199999999997,6,401.7399999999999,2opt,notBad
16527,6,404.0199999999997,6,401.7399999999999,move,improve
16528,6,404.0199999999997,6,401.7399999999999,move,improve
16529,6,404.0199999999997,6,401.7399999999999,2opt,notBad
16530,6,404.0199999999997,6,401.7399999999999,2opt,notBad
16531,6,404.0199999999997,6,401.7399999999999,move,improve
16532,6,404.0199999999997,6,401.7399999999999,swap,notBad
16533,6,404.0199999999997,6,401.7399999999999,swap,notBad
16534,6,404.0199999999997,6,401.7399999999999,move,improve
16535,6,404.0199999999997,6,401.7399999999999,move,improve
16536,6,404.0199999999997,6,401.7399999999999,move,improve
16537,6,404.0199999999997,6,401.7399999999999,2opt,notBad
16538,6,404.0199999999997,6,401.7399999999999,move,improve
16539,6,404.0199999999997,6,401.7399999999999,move,improve
16540,6,404.0199999999997,6,401.7399999999999,move,improve
16541,6,404.0199999999997,6,401.7399999999999,move,improve
16542,6,404.0199999999997,6,401.7399999999999,2opt,notBad
16543,6,404.0199999999997,6,401.7399999999999,swap,notBad
16544,6,404.0199999999997,6,401.7399999999999,swap,notBad
16545,6,404.0199999999997,6,401.7399999999999,swap,notBad
16546,6,404.0199999999997,6,401.7399999999999,2opt,notBad
16547,6,404.0199999999997,6,401.7399999999999,swap,notBad
16548,6,404.0199999999997,6,401.7399999999999,swap,notBad
16549,6,404.0199999999997,6,401.7399999999999,swap,notBad
16550,6,404.0199999999997,6,401.7399999999999,2opt,notBad
16551,6,404.0199999999997,6,401.7399999999999,swap,notBad
16552,6,404.0199999999997,6,401.7399999999999,2opt,notBad
16553,6,404.0199999999997,6,401.7399999999999,2opt,notBad
16554,6,404.0199999999997,6,401.7399999999999,2opt,improve
16555,6,404.0199999999997,6,401.7399999999999,move,improve
16556,6,404.0199999999997,6,401.7399999999999,move,improve
16557,6,404.0199999999997,6,401.7399999999999,swap,notBad
16558,6,404.0199999999997,6,401.7399999999999,swap,notBad
16559,6,404.0199999999997,6,401.7399999999999,2opt,notBad
16560,6,404.0199999999997,6,401.7399999999999,move,improve
16561,6,404.0199999999997,6,401.7399999999999,move,improve
16562,6,404.0199999999997,6,401.7399999999999,2opt,notBad
16563,6,404.0199999999997,6,401.7399999999999,2opt,notBad
16564,6,404.0199999999997,6,401.7399999999999,2opt,notBad
16565,6,404.0199999999997,6,401.7399999999999,2opt,notBad
16566,6,404.0199999999997,6,401.7399999999999,2opt,notBad
16567,6,404.0199999999997,6,401.7399999999999,move,improve
16568,6,404.0199999999997,6,401.7399999999999,move,improve
16569,6,404.0199999999997,6,401.7399999999999,2opt,notBad
16570,6,404.0199999999997,6,401.7399999999999,move,improve
16571,6,404.0199999999997,6,401.7399999999999,swap,notBad
16572,6,404.0199999999997,6,401.7399999999999,2opt,notBad
16573,6,404.0199999999997,6,401.7399999999999,2opt,notBad
16574,6,404.0199999999997,6,401.7399999999999,2opt,notBad
16575,6,404.0199999999997,6,401.7399999999999,2opt,notBad
16576,6,404.0199999999997,6,401.7399999999999,swap,notBad
16577,6,404.0199999999997,6,401.7399999999999,move,improve
16578,6,404.0199999999997,6,401.7399999999999,2opt,notBad
16579,6,404.0199999999997,6,401.7399999999999,swap,notBad
16580,6,404.0199999999997,6,401.7399999999999,move,improve
16581,6,404.0199999999997,6,401.7399999999999,2opt,notBad
16582,6,404.0199999999997,6,401.7399999999999,swap,notBad
16583,6,404.0199999999997,6,401.7399999999999,move,improve
16584,6,404.0199999999997,6,401.7399999999999,swap,notBad
16585,6,404.0199999999997,6,401.7399999999999,swap,notBad
16586,6,404.0199999999997,6,401.7399999999999,2opt,notBad
16587,6,404.0199999999997,6,401.7399999999999,2opt,notBad
16588,6,404.0199999999997,6,401.7399999999999,2opt,notBad
16589,6,404.0199999999997,6,401.7399999999999,2opt,notBad
16590,6,404.0199999999997,6,401.7399999999999,move,improve
16591,6,404.0199999999997,6,401.7399999999999,2opt,notBad
16592,6,404.0199999999997,6,401.7399999999999,move,improve
16593,6,404.0199999999997,6,401.7399999999999,2opt,notBad
16594,6,404.0199999999997,6,401.7399999999999,2opt,notBad
16595,6,404.0199999999997,6,401.7399999999999,move,improve
16596,6,404.0199999999997,6,401.7399999999999,swap,notBad
16597,6,404.0199999999997,6,401.7399999999999,swap,notBad
16598,6,404.0199999999997,6,401.7399999999999,move,improve
16599,6,404.0199999999997,6,401.7399999999999,move,improve
16600,6,404.0199999999997,6,401.7399999999999,move,improve
16601,6,404.0199999999997,6,401.7399999999999,move,improve
16602,6,404.0199999999997,6,401.7399999999999,2opt,notBad
16603,6,404.0199999999997,6,401.7399999999999,move,improve
16604,6,404.0199999999997,6,401.7399999999999,2opt,notBad
16605,6,404.0199999999997,6,401.7399999999999,move,improve
16606,6,404.0199999999997,6,401.7399999999999,move,improve
16607,6,404.0199999999997,6,401.7399999999999,swap,notBad
16608,6,404.0199999999997,6,401.7399999999999,swap,notBad
16609,6,404.0199999999997,6,401.7399999999999,swap,notBad
16610,6,404.0199999999997,6,401.7399999999999,move,improve
16611,6,404.0199999999997,6,401.7399999999999,2opt,notBad
16612,6,404.0199999999997,6,401.7399999999999,swap,notBad
16613,6,404.0199999999997,6,401.7399999999999,2opt,notBad
16614,6,404.0199999999997,6,401.7399999999999,move,improve
16615,6,404.0199999999997,6,401.7399999999999,swap,notBad
16616,6,404.0199999999997,6,401.7399999999999,swap,notBad
16617,6,404.0199999999997,6,401.7399999999999,move,improve
16618,6,404.0199999999997,6,401.7399999999999,swap,notBad
16619,6,404.0199999999997,6,401.7399999999999,move,improve
16620,6,404.0199999999997,6,401.7399999999999,2opt,notBad
16621,6,404.0199999999997,6,401.7399999999999,swap,notBad
16622,6,404.0199999999997,6,401.7399999999999,swap,notBad
16623,6,404.0199999999997,6,401.7399999999999,swap,notBad
16624,6,404.0199999999997,6,401.7399999999999,swap,notBad
16625,6,404.0199999999997,6,401.7399999999999,move,improve
16626,6,404.0199999999997,6,401.7399999999999,swap,notBad
16627,6,404.0199999999997,6,401.7399999999999,move,improve
16628,6,404.0199999999997,6,401.7399999999999,swap,notBad
16629,6,404.0199999999997,6,401.7399999999999,swap,notBad
16630,6,404.0199999999997,6,401.7399999999999,move,improve
16631,6,404.0199999999997,6,401.7399999999999,2opt,notBad
16632,6,404.0199999999997,6,401.7399999999999,2opt,improve
16633,6,404.0199999999997,6,401.7399999999999,move,improve
16634,6,404.0199999999997,6,401.7399999999999,move,improve
16635,6,404.0199999999997,6,401.7399999999999,swap,notBad
16636,6,404.0199999999997,6,401.7399999999999,swap,notBad
16637,6,404.0199999999997,6,401.7399999999999,move,improve
16638,6,404.0199999999997,6,401.7399999999999,2opt,notBad
16639,6,404.0199999999997,6,401.7399999999999,move,improve
16640,6,404.0199999999997,6,401.7399999999999,swap,notBad
16641,6,404.0199999999997,6,401.7399999999999,move,improve
16642,6,404.0199999999997,6,401.7399999999999,2opt,notBad
16643,6,404.0199999999997,6,401.7399999999999,swap,notBad
16644,6,404.0199999999997,6,401.7399999999999,swap,notBad
16645,6,404.0199999999997,6,401.7399999999999,swap,notBad
16646,6,404.0199999999997,6,401.7399999999999,move,improve
16647,6,404.0199999999997,6,401.7399999999999,move,improve
16648,6,404.0199999999997,6,401.7399999999999,2opt,notBad
16649,6,404.0199999999997,6,401.7399999999999,move,improve
16650,6,404.0199999999997,6,401.7399999999999,move,improve
16651,6,404.0199999999997,6,401.7399999999999,2opt,notBad
16652,6,404.0199999999997,6,401.7399999999999,swap,notBad
16653,6,404.0199999999997,6,401.7399999999999,move,notBad
16654,6,404.0199999999997,6,401.7399999999999,move,improve
16655,6,404.0199999999997,6,401.7399999999999,move,improve
16656,6,404.0199999999997,6,401.7399999999999,move,improve
16657,6,404.0199999999997,6,401.7399999999999,swap,notBad
16658,6,404.0199999999997,6,401.7399999999999,move,improve
16659,6,404.0199999999997,6,401.7399999999999,move,improve
16660,6,404.0199999999997,6,401.7399999999999,2opt,notBad
16661,6,404.0199999999997,6,401.7399999999999,move,improve
16662,6,404.0199999999997,6,401.7399999999999,2opt,notBad
16663,6,404.0199999999997,6,401.7399999999999,swap,notBad
16664,6,404.0199999999997,6,401.7399999999999,2opt,notBad
16665,6,404.0199999999997,6,401.7399999999999,2opt,notBad
16666,6,404.0199999999997,6,401.7399999999999,move,improve
16667,6,404.0199999999997,6,401.7399999999999,2opt,notBad
16668,6,404.0199999999997,6,401.7399999999999,swap,notBad
16669,6,404.0199999999997,6,401.7399999999999,2opt,notBad
16670,6,404.0199999999997,6,401.7399999999999,move,improve
16671,6,404.0199999999997,6,401.7399999999999,move,improve
16672,6,404.0199999999997,6,401.7399999999999,move,improve
16673,6,404.0199999999997,6,401.7399999999999,2opt,notBad
16674,6,404.0199999999997,6,401.7399999999999,2opt,notBad
16675,6,404.0199999999997,6,401.7399999999999,move,improve
16676,6,404.0199999999997,6,401.7399999999999,2opt,notBad
16677,6,404.0199999999997,6,401.7399999999999,move,notBad
16678,6,404.0199999999997,6,401.7399999999999,2opt,notBad
16679,6,404.0199999999997,6,401.7399999999999,swap,notBad
16680,6,404.0199999999997,6,401.7399999999999,move,improve
16681,6,404.0199999999997,6,401.7399999999999,move,improve
16682,6,404.0199999999997,6,401.7399999999999,2opt,notBad
16683,6,404.0199999999997,6,401.7399999999999,2opt,notBad
16684,6,404.0199999999997,6,401.7399999999999,swap,notBad
16685,6,404.0199999999997,6,401.7399999999999,swap,notBad
16686,6,404.0199999999997,6,401.7399999999999,move,improve
16687,6,404.0199999999997,6,401.7399999999999,move,improve
16688,6,404.0199999999997,6,401.7399999999999,move,improve
16689,6,404.0199999999997,6,401.7399999999999,2opt,improve
16690,6,404.0199999999997,6,401.7399999999999,swap,notBad
16691,6,404.0199999999997,6,401.7399999999999,move,improve
16692,6,404.0199999999997,6,401.7399999999999,swap,notBad
16693,6,404.0199999999997,6,401.7399999999999,2opt,notBad
16694,6,404.0199999999997,6,401.7399999999999,2opt,notBad
16695,6,404.0199999999997,6,401.7399999999999,swap,notBad
16696,6,404.0199999999997,6,401.7399999999999,swap,notBad
16697,6,404.0199999999997,6,401.7399999999999,swap,notBad
16698,6,404.0199999999997,6,401.7399999999999,move,improve
16699,6,404.0199999999997,6,401.7399999999999,swap,notBad
16700,6,404.0199999999997,6,401.7399999999999,move,improve
16701,6,404.0199999999997,6,401.7399999999999,move,improve
16702,6,404.0199999999997,6,401.7399999999999,2opt,notBad
16703,6,404.0199999999997,6,401.7399999999999,2opt,notBad
16704,6,404.0199999999997,6,401.7399999999999,swap,notBad
16705,6,404.0199999999997,6,401.7399999999999,move,improve
16706,6,404.0199999999997,6,401.7399999999999,swap,notBad
16707,6,404.0199999999997,6,401.7399999999999,2opt,notBad
16708,6,404.0199999999997,6,401.7399999999999,swap,notBad
16709,6,404.0199999999997,6,401.7399999999999,move,improve
16710,6,404.0199999999997,6,401.7399999999999,2opt,notBad
16711,6,404.0199999999997,6,401.7399999999999,move,improve
16712,6,404.0199999999997,6,401.7399999999999,move,improve
16713,6,404.0199999999997,6,401.7399999999999,swap,notBad
16714,6,404.0199999999997,6,401.7399999999999,move,improve
16715,6,404.0199999999997,6,401.7399999999999,2opt,notBad
16716,6,404.0199999999997,6,401.7399999999999,2opt,notBad
16717,6,404.0199999999997,6,401.7399999999999,swap,notBad
16718,6,404.0199999999997,6,401.7399999999999,2opt,notBad
16719,6,404.0199999999997,6,401.7399999999999,2opt,improve
16720,6,404.0199999999997,6,401.7399999999999,move,improve
16721,6,404.0199999999997,6,401.7399999999999,swap,notBad
16722,6,404.0199999999997,6,401.7399999999999,2opt,notBad
16723,6,404.0199999999997,6,401.7399999999999,move,improve
16724,6,404.0199999999997,6,401.7399999999999,swap,notBad
16725,6,404.0199999999997,6,401.7399999999999,swap,notBad
16726,6,404.0199999999997,6,401.7399999999999,2opt,notBad
16727,6,404.0199999999997,6,401.7399999999999,swap,notBad
16728,6,404.0199999999997,6,401.7399999999999,move,improve
16729,6,404.0199999999997,6,401.7399999999999,move,notBad
16730,6,404.0199999999997,6,401.7399999999999,swap,notBad
16731,6,404.0199999999997,6,401.7399999999999,move,improve
16732,6,404.0199999999997,6,401.7399999999999,move,improve
16733,6,404.0199999999997,6,401.7399999999999,move,improve
16734,6,404.0199999999997,6,401.7399999999999,swap,notBad
16735,6,404.0199999999997,6,401.7399999999999,swap,notBad
16736,6,404.0199999999997,6,401.7399999999999,move,improve
16737,6,404.0199999999997,6,401.7399999999999,swap,notBad
16738,6,404.0199999999997,6,401.7399999999999,move,improve
16739,6,404.0199999999997,6,401.7399999999999,swap,notBad
16740,6,404.0199999999997,6,401.7399999999999,swap,notBad
16741,6,404.0199999999997,6,401.7399999999999,2opt,notBad
16742,6,404.0199999999997,6,401.7399999999999,move,improve
16743,6,404.0199999999997,6,401.7399999999999,swap,notBad
16744,6,404.0199999999997,6,401.7399999999999,swap,notBad
16745,6,404.0199999999997,6,401.7399999999999,2opt,notBad
16746,6,404.0199999999997,6,401.7399999999999,swap,notBad
16747,6,404.0199999999997,6,401.7399999999999,move,improve
16748,6,404.0199999999997,6,401.7399999999999,2opt,notBad
16749,6,404.0199999999997,6,401.7399999999999,swap,notBad
16750,6,404.0199999999997,6,401.7399999999999,2opt,notBad
16751,6,404.0199999999997,6,401.7399999999999,move,improve
16752,6,404.0199999999997,6,401.7399999999999,2opt,improve
16753,6,404.0199999999997,6,401.7399999999999,move,improve
16754,6,404.0199999999997,6,401.7399999999999,move,improve
16755,6,404.0199999999997,6,401.7399999999999,swap,notBad
16756,6,404.0199999999997,6,401.7399999999999,2opt,notBad
16757,6,404.0199999999997,6,401.7399999999999,2opt,notBad
16758,6,404.0199999999997,6,401.7399999999999,2opt,notBad
16759,6,404.0199999999997,6,401.7399999999999,move,improve
16760,6,404.0199999999997,6,401.7399999999999,swap,notBad
16761,6,404.0199999999997,6,401.7399999999999,2opt,notBad
16762,6,404.0199999999997,6,401.7399999999999,swap,notBad
16763,6,404.0199999999997,6,401.7399999999999,move,improve
16764,6,404.0199999999997,6,401.7399999999999,2opt,notBad
16765,6,404.0199999999997,6,401.7399999999999,swap,notBad
16766,6,404.0199999999997,6,401.7399999999999,2opt,notBad
16767,6,404.0199999999997,6,401.7399999999999,swap,notBad
16768,6,404.0199999999997,6,401.7399999999999,2opt,notBad
16769,6,404.0199999999997,6,401.7399999999999,swap,notBad
16770,6,404.0199999999997,6,401.7399999999999,move,notBad
16771,6,404.0199999999997,6,401.7399999999999,move,improve
16772,6,404.0199999999997,6,401.7399999999999,move,improve
16773,6,404.0199999999997,6,401.7399999999999,2opt,notBad
16774,6,404.0199999999997,6,401.7399999999999,swap,notBad
16775,6,404.0199999999997,6,401.7399999999999,2opt,notBad
16776,6,404.0199999999997,6,401.7399999999999,swap,notBad
16777,6,404.0199999999997,6,401.7399999999999,swap,notBad
16778,6,404.0199999999997,6,401.7399999999999,swap,notBad
16779,6,404.0199999999997,6,401.7399999999999,2opt,notBad
16780,6,404.0199999999997,6,401.7399999999999,swap,notBad
16781,6,404.0199999999997,6,401.7399999999999,move,improve
16782,6,404.0199999999997,6,401.7399999999999,2opt,notBad
16783,6,404.0199999999997,6,401.7399999999999,2opt,notBad
16784,6,404.0199999999997,6,401.7399999999999,swap,notBad
16785,6,404.0199999999997,6,401.7399999999999,2opt,notBad
16786,6,404.0199999999997,6,401.7399999999999,2opt,notBad
16787,6,404.0199999999997,6,401.7399999999999,move,improve
16788,6,404.0199999999997,6,401.7399999999999,swap,notBad
16789,6,404.0199999999997,6,401.7399999999999,move,improve
16790,6,404.0199999999997,6,401.7399999999999,2opt,notBad
16791,6,404.0199999999997,6,401.7399999999999,move,improve
16792,6,404.0199999999997,6,401.7399999999999,2opt,notBad
16793,6,404.0199999999997,6,401.7399999999999,2opt,notBad
16794,6,404.0199999999997,6,401.7399999999999,move,improve
16795,6,404.0199999999997,6,401.7399999999999,swap,notBad
16796,6,404.0199999999997,6,401.7399999999999,swap,notBad
16797,6,404.0199999999997,6,401.7399999999999,swap,notBad
16798,6,404.0199999999997,6,401.7399999999999,move,improve
16799,6,404.0199999999997,6,401.7399999999999,2opt,notBad
16800,6,404.0199999999997,6,401.7399999999999,2opt,improve
16801,6,404.0199999999997,6,401.7399999999999,swap,notBad
16802,6,404.0199999999997,6,401.7399999999999,move,improve
16803,6,404.0199999999997,6,401.7399999999999,move,improve
16804,6,404.0199999999997,6,401.7399999999999,2opt,notBad
16805,6,404.0199999999997,6,401.7399999999999,swap,notBad
16806,6,404.0199999999997,6,401.7399999999999,2opt,notBad
16807,6,404.0199999999997,6,401.7399999999999,move,improve
16808,6,404.0199999999997,6,401.7399999999999,move,improve
16809,6,404.0199999999997,6,401.7399999999999,2opt,notBad
16810,6,404.0199999999997,6,401.7399999999999,move,improve
16811,6,404.0199999999997,6,401.7399999999999,2opt,notBad
16812,6,404.0199999999997,6,401.7399999999999,2opt,notBad
16813,6,404.0199999999997,6,401.7399999999999,2opt,notBad
16814,6,404.0199999999997,6,401.7399999999999,2opt,notBad
16815,6,404.0199999999997,6,401.7399999999999,2opt,improve
16816,6,404.0199999999997,6,401.7399999999999,move,improve
16817,6,404.0199999999997,6,401.7399999999999,swap,notBad
16818,6,404.0199999999997,6,401.7399999999999,2opt,notBad
16819,6,404.0199999999997,6,401.7399999999999,move,improve
16820,6,404.0199999999997,6,401.7399999999999,2opt,notBad
16821,6,404.0199999999997,6,401.7399999999999,swap,notBad
16822,6,404.0199999999997,6,401.7399999999999,swap,notBad
16823,6,404.0199999999997,6,401.7399999999999,move,improve
16824,6,404.0199999999997,6,401.7399999999999,swap,notBad
16825,6,404.0199999999997,6,401.7399999999999,swap,notBad
16826,6,404.0199999999997,6,401.7399999999999,move,improve
16827,6,404.0199999999997,6,401.7399999999999,move,improve
16828,6,404.0199999999997,6,401.7399999999999,move,improve
16829,6,404.0199999999997,6,401.7399999999999,move,improve
16830,6,404.0199999999997,6,401.7399999999999,swap,notBad
16831,6,404.0199999999997,6,401.7399999999999,move,improve
16832,6,404.0199999999997,6,401.7399999999999,2opt,notBad
16833,6,404.0199999999997,6,401.7399999999999,swap,notBad
16834,6,404.0199999999997,6,401.7399999999999,move,improve
16835,6,404.0199999999997,6,401.7399999999999,swap,notBad
16836,6,404.0199999999997,6,401.7399999999999,swap,notBad
16837,6,404.0199999999997,6,401.7399999999999,2opt,notBad
16838,6,404.0199999999997,6,401.7399999999999,swap,notBad
16839,6,404.0199999999997,6,401.7399999999999,move,improve
16840,6,404.0199999999997,6,401.7399999999999,2opt,notBad
16841,6,404.0199999999997,6,401.7399999999999,move,improve
16842,6,404.0199999999997,6,401.7399999999999,swap,notBad
16843,6,404.0199999999997,6,401.7399999999999,move,improve
16844,6,404.0199999999997,6,401.7399999999999,move,improve
16845,6,404.0199999999997,6,401.7399999999999,move,improve
16846,6,404.0199999999997,6,401.7399999999999,move,improve
16847,6,404.0199999999997,6,401.7399999999999,swap,notBad
16848,6,404.0199999999997,6,401.7399999999999,move,improve
16849,6,404.0199999999997,6,401.7399999999999,swap,notBad
16850,6,404.0199999999997,6,401.7399999999999,swap,notBad
16851,6,404.0199999999997,6,401.7399999999999,move,improve
16852,6,404.0199999999997,6,401.7399999999999,move,improve
16853,6,404.0199999999997,6,401.7399999999999,move,improve
16854,6,404.0199999999997,6,401.7399999999999,2opt,notBad
16855,6,404.0199999999997,6,401.7399999999999,move,improve
16856,6,404.0199999999997,6,401.7399999999999,swap,notBad
16857,6,404.0199999999997,6,401.7399999999999,2opt,improve
16858,6,404.0199999999997,6,401.7399999999999,2opt,notBad
16859,6,404.0199999999997,6,401.7399999999999,2opt,notBad
16860,6,404.0199999999997,6,401.7399999999999,move,improve
16861,6,404.0199999999997,6,401.7399999999999,move,improve
16862,6,404.0199999999997,6,401.7399999999999,move,improve
16863,6,404.0199999999997,6,401.7399999999999,swap,notBad
16864,6,404.0199999999997,6,401.7399999999999,swap,notBad
16865,6,404.0199999999997,6,401.7399999999999,swap,notBad
16866,6,404.0199999999997,6,401.7399999999999,swap,notBad
16867,6,404.0199999999997,6,401.7399999999999,move,improve
16868,6,404.0199999999997,6,401.7399999999999,move,improve
16869,6,404.0199999999997,6,401.7399999999999,swap,notBad
16870,6,404.0199999999997,6,401.7399999999999,swap,notBad
16871,6,404.0199999999997,6,401.7399999999999,swap,notBad
16872,6,404.0199999999997,6,401.7399999999999,move,improve
16873,6,404.0199999999997,6,401.7399999999999,swap,notBad
16874,6,404.0199999999997,6,401.7399999999999,move,improve
16875,6,404.0199999999997,6,401.7399999999999,move,improve
16876,6,404.0199999999997,6,401.7399999999999,swap,notBad
16877,6,404.0199999999997,6,401.7399999999999,2opt,notBad
16878,6,404.0199999999997,6,401.7399999999999,2opt,notBad
16879,6,404.0199999999997,6,401.7399999999999,2opt,notBad
16880,6,404.0199999999997,6,401.7399999999999,2opt,improve
16881,6,404.0199999999997,6,401.7399999999999,2opt,notBad
16882,6,404.0199999999997,6,401.7399999999999,swap,notBad
16883,6,404.0199999999997,6,401.7399999999999,swap,notBad
16884,6,404.0199999999997,6,401.7399999999999,move,improve
16885,6,404.0199999999997,6,401.7399999999999,2opt,notBad
16886,6,404.0199999999997,6,401.7399999999999,swap,notBad
16887,6,404.0199999999997,6,401.7399999999999,2opt,notBad
16888,6,404.0199999999997,6,401.7399999999999,swap,notBad
16889,6,404.0199999999997,6,401.7399999999999,swap,notBad
16890,6,404.0199999999997,6,401.7399999999999,swap,notBad
16891,6,404.0199999999997,6,401.7399999999999,swap,notBad
16892,6,404.0199999999997,6,401.7399999999999,swap,notBad
16893,6,404.0199999999997,6,401.7399999999999,2opt,notBad
16894,6,404.0199999999997,6,401.7399999999999,move,improve
16895,6,404.0199999999997,6,401.7399999999999,swap,notBad
16896,6,404.0199999999997,6,401.7399999999999,move,improve
16897,6,404.0199999999997,6,401.7399999999999,move,improve
16898,6,404.0199999999997,6,401.7399999999999,2opt,notBad
16899,6,404.0199999999997,6,401.7399999999999,2opt,notBad
16900,6,404.0199999999997,6,401.7399999999999,swap,notBad
16901,6,404.0199999999997,6,401.7399999999999,swap,notBad
16902,6,404.0199999999997,6,401.7399999999999,move,improve
16903,6,404.0199999999997,6,401.7399999999999,2opt,notBad
16904,6,404.0199999999997,6,401.7399999999999,2opt,notBad
16905,6,404.0199999999997,6,401.7399999999999,move,improve
16906,6,404.0199999999997,6,401.7399999999999,swap,notBad
16907,6,404.0199999999997,6,401.7399999999999,move,improve
16908,6,404.0199999999997,6,401.7399999999999,swap,notBad
16909,6,404.0199999999997,6,401.7399999999999,move,improve
16910,6,404.0199999999997,6,401.7399999999999,swap,notBad
16911,6,404.0199999999997,6,401.7399999999999,move,improve
16912,6,404.0199999999997,6,401.7399999999999,move,improve
16913,6,404.0199999999997,6,401.7399999999999,2opt,notBad
16914,6,404.0199999999997,6,401.7399999999999,swap,notBad
16915,6,404.0199999999997,6,401.7399999999999,swap,notBad
16916,6,404.0199999999997,6,401.7399999999999,move,improve
16917,6,404.0199999999997,6,401.7399999999999,move,improve
16918,6,404.0199999999997,6,401.7399999999999,move,improve
16919,6,404.0199999999997,6,401.7399999999999,move,notBad
16920,6,404.0199999999997,6,401.7399999999999,2opt,notBad
16921,6,404.0199999999997,6,401.7399999999999,move,improve
16922,6,404.0199999999997,6,401.7399999999999,swap,notBad
16923,6,404.0199999999997,6,401.7399999999999,swap,notBad
16924,6,404.0199999999997,6,401.7399999999999,swap,notBad
16925,6,404.0199999999997,6,401.7399999999999,move,improve
16926,6,404.0199999999997,6,401.7399999999999,move,improve
16927,6,404.0199999999997,6,401.7399999999999,move,improve
16928,6,404.0199999999997,6,401.7399999999999,swap,notBad
16929,6,404.0199999999997,6,401.7399999999999,2opt,notBad
16930,6,404.0199999999997,6,401.7399999999999,2opt,notBad
16931,6,404.0199999999997,6,401.7399999999999,move,improve
16932,6,404.0199999999997,6,401.7399999999999,2opt,notBad
16933,6,404.0199999999997,6,401.7399999999999,2opt,improve
16934,6,404.0199999999997,6,401.7399999999999,move,improve
16935,6,404.0199999999997,6,401.7399999999999,move,improve
16936,6,404.0199999999997,6,401.7399999999999,swap,notBad
16937,6,404.0199999999997,6,401.7399999999999,swap,notBad
16938,6,404.0199999999997,6,401.7399999999999,2opt,notBad
16939,6,404.0199999999997,6,401.7399999999999,move,improve
16940,6,404.0199999999997,6,401.7399999999999,swap,notBad
16941,6,404.0199999999997,6,401.7399999999999,swap,notBad
16942,6,404.0199999999997,6,401.7399999999999,swap,notBad
16943,6,404.0199999999997,6,401.7399999999999,move,improve
16944,6,404.0199999999997,6,401.7399999999999,swap,notBad
16945,6,404.0199999999997,6,401.7399999999999,move,improve
16946,6,404.0199999999997,6,401.7399999999999,2opt,notBad
16947,6,404.0199999999997,6,401.7399999999999,swap,notBad
16948,6,404.0199999999997,6,401.7399999999999,swap,notBad
16949,6,404.0199999999997,6,401.7399999999999,2opt,notBad
16950,6,404.0199999999997,6,401.7399999999999,2opt,notBad
16951,6,404.0199999999997,6,401.7399999999999,move,improve
16952,6,404.0199999999997,6,401.7399999999999,swap,notBad
16953,6,404.0199999999997,6,401.7399999999999,2opt,notBad
16954,6,404.0199999999997,6,401.7399999999999,2opt,notBad
16955,6,404.0199999999997,6,401.7399999999999,swap,notBad
16956,6,404.0199999999997,6,401.7399999999999,2opt,notBad
16957,6,404.0199999999997,6,401.7399999999999,move,improve
16958,6,404.0199999999997,6,401.7399999999999,move,improve
16959,6,404.0199999999997,6,401.7399999999999,swap,notBad
16960,6,404.0199999999997,6,401.7399999999999,swap,notBad
16961,6,404.0199999999997,6,401.7399999999999,2opt,notBad
16962,6,404.0199999999997,6,401.7399999999999,swap,notBad
16963,6,404.0199999999997,6,401.7399999999999,2opt,improve
16964,6,404.0199999999997,6,401.7399999999999,2opt,notBad
16965,6,404.0199999999997,6,401.7399999999999,2opt,notBad
16966,6,404.0199999999997,6,401.7399999999999,swap,notBad
16967,6,404.0199999999997,6,401.7399999999999,2opt,notBad
16968,6,404.0199999999997,6,401.7399999999999,2opt,notBad
16969,6,404.0199999999997,6,401.7399999999999,2opt,notBad
16970,6,404.0199999999997,6,401.7399999999999,move,improve
16971,6,404.0199999999997,6,401.7399999999999,move,improve
16972,6,404.0199999999997,6,401.7399999999999,move,improve
16973,6,404.0199999999997,6,401.7399999999999,move,improve
16974,6,404.0199999999997,6,401.7399999999999,2opt,notBad
16975,6,404.0199999999997,6,401.7399999999999,move,improve
16976,6,404.0199999999997,6,401.7399999999999,2opt,notBad
16977,6,404.0199999999997,6,401.7399999999999,move,improve
16978,6,404.0199999999997,6,401.7399999999999,move,improve
16979,6,404.0199999999997,6,401.7399999999999,swap,notBad
16980,6,404.0199999999997,6,401.7399999999999,2opt,notBad
16981,6,404.0199999999997,6,401.7399999999999,swap,notBad
16982,6,404.0199999999997,6,401.7399999999999,swap,notBad
16983,6,404.0199999999997,6,401.7399999999999,move,improve
16984,6,404.0199999999997,6,401.7399999999999,swap,notBad
16985,6,404.0199999999997,6,401.7399999999999,swap,notBad
16986,6,404.0199999999997,6,401.7399999999999,swap,notBad
16987,6,404.0199999999997,6,401.7399999999999,move,improve
16988,6,404.0199999999997,6,401.7399999999999,move,improve
16989,6,404.0199999999997,6,401.7399999999999,move,improve
16990,6,404.0199999999997,6,401.7399999999999,2opt,notBad
16991,6,404.0199999999997,6,401.7399999999999,swap,notBad
16992,6,404.0199999999997,6,401.7399999999999,move,improve
16993,6,404.0199999999997,6,401.7399999999999,2opt,notBad
16994,6,404.0199999999997,6,401.7399999999999,swap,notBad
16995,6,404.0199999999997,6,401.7399999999999,swap,notBad
16996,6,404.0199999999997,6,401.7399999999999,move,improve
16997,6,404.0199999999997,6,401.7399999999999,2opt,notBad
16998,6,404.0199999999997,6,401.7399999999999,move,improve
16999,6,404.0199999999997,6,401.7399999999999,2opt,notBad
17000,6,404.0199999999997,6,401.7399999999999,swap,notBad
17001,6,404.0199999999997,6,401.7399999999999,2opt,notBad
17002,6,404.0199999999997,6,401.7399999999999,2opt,notBad
17003,6,404.0199999999997,6,401.7399999999999,swap,notBad
17004,6,404.0199999999997,6,401.7399999999999,swap,notBad
17005,6,404.0199999999997,6,401.7399999999999,move,improve
17006,6,404.0199999999997,6,401.7399999999999,move,improve
17007,6,404.0199999999997,6,401.7399999999999,2opt,notBad
17008,6,404.72000000000014,6,401.7399999999999,move,acceptBad
17009,6,404.72000000000014,6,401.7399999999999,move,improve
17010,6,404.72000000000014,6,401.7399999999999,move,improve
17011,6,404.72000000000014,6,401.7399999999999,swap,notBad
17012,6,404.72000000000014,6,401.7399999999999,2opt,improve
17013,6,404.72000000000014,6,401.7399999999999,2opt,notBad
17014,6,404.72000000000014,6,401.7399999999999,swap,notBad
17015,6,404.0199999999997,6,401.7399999999999,move,improve
17016,6,404.0199999999997,6,401.7399999999999,2opt,notBad
17017,6,404.0199999999997,6,401.7399999999999,move,improve
17018,6,404.0199999999997,6,401.7399999999999,2opt,notBad
17019,6,404.0199999999997,6,401.7399999999999,move,improve
17020,6,404.0199999999997,6,401.7399999999999,2opt,notBad
17021,6,404.0199999999997,6,401.7399999999999,swap,notBad
17022,6,404.0199999999997,6,401.7399999999999,swap,notBad
17023,6,404.0199999999997,6,401.7399999999999,2opt,notBad
17024,6,404.0199999999997,6,401.7399999999999,swap,notBad
17025,6,404.0199999999997,6,401.7399999999999,move,improve
17026,6,404.0199999999997,6,401.7399999999999,2opt,notBad
17027,6,404.0199999999997,6,401.7399999999999,swap,notBad
17028,6,404.0199999999997,6,401.7399999999999,move,improve
17029,6,404.0199999999997,6,401.7399999999999,swap,notBad
17030,6,404.0199999999997,6,401.7399999999999,2opt,notBad
17031,6,404.0199999999997,6,401.7399999999999,move,improve
17032,6,404.0199999999997,6,401.7399999999999,move,improve
17033,6,404.0199999999997,6,401.7399999999999,2opt,notBad
17034,6,404.0199999999997,6,401.7399999999999,move,improve
17035,6,404.0199999999997,6,401.7399999999999,move,improve
17036,6,404.0199999999997,6,401.7399999999999,2opt,notBad
17037,6,404.0199999999997,6,401.7399999999999,swap,notBad
17038,6,404.0199999999997,6,401.7399999999999,move,improve
17039,6,404.0199999999997,6,401.7399999999999,swap,notBad
17040,6,404.0199999999997,6,401.7399999999999,swap,notBad
17041,6,404.0199999999997,6,401.7399999999999,swap,notBad
17042,6,404.0199999999997,6,401.7399999999999,move,improve
17043,6,404.0199999999997,6,401.7399999999999,2opt,notBad
17044,6,404.0199999999997,6,401.7399999999999,swap,notBad
17045,6,404.0199999999997,6,401.7399999999999,move,improve
17046,6,404.0199999999997,6,401.7399999999999,2opt,notBad
17047,6,404.0199999999997,6,401.7399999999999,swap,notBad
17048,6,404.0199999999997,6,401.7399999999999,move,improve
17049,6,404.0199999999997,6,401.7399999999999,move,improve
17050,6,404.0199999999997,6,401.7399999999999,2opt,notBad
17051,6,404.0199999999997,6,401.7399999999999,2opt,notBad
17052,6,404.0199999999997,6,401.7399999999999,move,improve
17053,6,404.0199999999997,6,401.7399999999999,2opt,notBad
17054,6,404.0199999999997,6,401.7399999999999,swap,notBad
17055,6,404.0199999999997,6,401.7399999999999,2opt,notBad
17056,6,404.0199999999997,6,401.7399999999999,swap,notBad
17057,6,404.0199999999997,6,401.7399999999999,2opt,notBad
17058,6,404.0199999999997,6,401.7399999999999,move,improve
17059,6,404.0199999999997,6,401.7399999999999,2opt,notBad
17060,6,404.0199999999997,6,401.7399999999999,2opt,notBad
17061,6,404.0199999999997,6,401.7399999999999,swap,notBad
17062,6,404.0199999999997,6,401.7399999999999,swap,notBad
17063,6,404.0199999999997,6,401.7399999999999,2opt,notBad
17064,6,404.0199999999997,6,401.7399999999999,move,improve
17065,6,404.0199999999997,6,401.7399999999999,2opt,notBad
17066,6,404.0199999999997,6,401.7399999999999,move,improve
17067,6,404.0199999999997,6,401.7399999999999,move,improve
17068,6,404.0199999999997,6,401.7399999999999,swap,notBad
17069,6,404.0199999999997,6,401.7399999999999,swap,notBad
17070,6,404.0199999999997,6,401.7399999999999,swap,notBad
17071,6,404.0199999999997,6,401.7399999999999,move,improve
17072,6,404.0199999999997,6,401.7399999999999,swap,notBad
17073,6,404.0199999999997,6,401.7399999999999,2opt,notBad
17074,6,404.0199999999997,6,401.7399999999999,2opt,notBad
17075,6,404.0199999999997,6,401.7399999999999,move,improve
17076,6,404.0199999999997,6,401.7399999999999,swap,notBad
17077,6,404.0199999999997,6,401.7399999999999,2opt,notBad
17078,6,404.0199999999997,6,401.7399999999999,2opt,notBad
17079,6,404.0199999999997,6,401.7399999999999,move,improve
17080,6,404.0199999999997,6,401.7399999999999,2opt,notBad
17081,6,404.0199999999997,6,401.7399999999999,2opt,notBad
17082,6,404.0199999999997,6,401.7399999999999,2opt,notBad
17083,6,404.0199999999997,6,401.7399999999999,swap,notBad
17084,6,404.0199999999997,6,401.7399999999999,swap,notBad
17085,6,404.0199999999997,6,401.7399999999999,2opt,notBad
17086,6,404.0199999999997,6,401.7399999999999,2opt,notBad
17087,6,404.0199999999997,6,401.7399999999999,move,improve
17088,6,404.0199999999997,6,401.7399999999999,2opt,notBad
17089,6,404.0199999999997,6,401.7399999999999,move,improve
17090,6,404.0199999999997,6,401.7399999999999,2opt,notBad
17091,6,404.0199999999997,6,401.7399999999999,move,improve
17092,6,404.0199999999997,6,401.7399999999999,swap,notBad
17093,6,404.0199999999997,6,401.7399999999999,swap,notBad
17094,6,404.0199999999997,6,401.7399999999999,2opt,notBad
17095,6,404.0199999999997,6,401.7399999999999,move,improve
17096,6,404.0199999999997,6,401.7399999999999,move,improve
17097,6,404.0199999999997,6,401.7399999999999,2opt,notBad
17098,6,404.0199999999997,6,401.7399999999999,move,improve
17099,6,404.0199999999997,6,401.7399999999999,swap,notBad
17100,6,404.0199999999997,6,401.7399999999999,swap,notBad
17101,6,404.0199999999997,6,401.7399999999999,move,improve
17102,6,404.0199999999997,6,401.7399999999999,move,improve
17103,6,404.0199999999997,6,401.7399999999999,move,improve
17104,6,404.0199999999997,6,401.7399999999999,move,improve
17105,6,404.0199999999997,6,401.7399999999999,swap,notBad
17106,6,404.0199999999997,6,401.7399999999999,swap,notBad
17107,6,404.0199999999997,6,401.7399999999999,swap,notBad
17108,6,404.0199999999997,6,401.7399999999999,swap,notBad
17109,6,404.0199999999997,6,401.7399999999999,move,improve
17110,6,404.0199999999997,6,401.7399999999999,2opt,notBad
17111,6,404.0199999999997,6,401.7399999999999,2opt,notBad
17112,6,404.0199999999997,6,401.7399999999999,2opt,notBad
17113,6,404.0199999999997,6,401.7399999999999,move,improve
17114,6,404.0199999999997,6,401.7399999999999,swap,notBad
17115,6,404.0199999999997,6,401.7399999999999,move,improve
17116,6,404.0199999999997,6,401.7399999999999,move,improve
17117,6,404.0199999999997,6,401.7399999999999,2opt,notBad
17118,6,404.0199999999997,6,401.7399999999999,swap,notBad
17119,6,404.0199999999997,6,401.7399999999999,swap,notBad
17120,6,404.0199999999997,6,401.7399999999999,move,improve
17121,6,404.0199999999997,6,401.7399999999999,move,improve
17122,6,404.0199999999997,6,401.7399999999999,swap,notBad
17123,6,404.0199999999997,6,401.7399999999999,swap,notBad
17124,6,404.0199999999997,6,401.7399999999999,2opt,improve
17125,6,404.0199999999997,6,401.7399999999999,move,improve
17126,6,404.0199999999997,6,401.7399999999999,2opt,notBad
17127,6,404.0199999999997,6,401.7399999999999,move,improve
17128,6,404.0199999999997,6,401.7399999999999,move,improve
17129,6,404.0199999999997,6,401.7399999999999,move,improve
17130,6,404.0199999999997,6,401.7399999999999,2opt,notBad
17131,6,404.0199999999997,6,401.7399999999999,2opt,notBad
17132,6,404.0199999999997,6,401.7399999999999,swap,notBad
17133,6,404.0199999999997,6,401.7399999999999,move,improve
17134,6,404.0199999999997,6,401.7399999999999,2opt,improve
17135,6,404.0199999999997,6,401.7399999999999,2opt,notBad
17136,6,404.0199999999997,6,401.7399999999999,swap,notBad
17137,6,404.0199999999997,6,401.7399999999999,swap,notBad
17138,6,404.0199999999997,6,401.7399999999999,2opt,notBad
17139,6,404.0199999999997,6,401.7399999999999,move,improve
17140,6,404.0199999999997,6,401.7399999999999,2opt,notBad
17141,6,404.0199999999997,6,401.7399999999999,swap,notBad
17142,6,404.0199999999997,6,401.7399999999999,swap,notBad
17143,6,404.0199999999997,6,401.7399999999999,swap,notBad
17144,6,404.0199999999997,6,401.7399999999999,move,improve
17145,6,404.0199999999997,6,401.7399999999999,swap,notBad
17146,6,404.0199999999997,6,401.7399999999999,2opt,improve
17147,6,404.0199999999997,6,401.7399999999999,2opt,improve
17148,6,404.0199999999997,6,401.7399999999999,move,improve
17149,6,404.0199999999997,6,401.7399999999999,2opt,notBad
17150,6,404.0199999999997,6,401.7399999999999,swap,notBad
17151,6,404.0199999999997,6,401.7399999999999,move,improve
17152,6,404.0199999999997,6,401.7399999999999,move,improve
17153,6,404.0199999999997,6,401.7399999999999,move,improve
17154,6,404.0199999999997,6,401.7399999999999,move,improve
17155,6,404.0199999999997,6,401.7399999999999,move,improve
17156,6,404.0199999999997,6,401.7399999999999,2opt,notBad
17157,6,404.0199999999997,6,401.7399999999999,move,improve
17158,6,404.0199999999997,6,401.7399999999999,swap,notBad
17159,6,404.0199999999997,6,401.7399999999999,2opt,notBad
17160,6,404.0199999999997,6,401.7399999999999,move,improve
17161,6,404.0199999999997,6,401.7399999999999,swap,notBad
17162,6,404.0199999999997,6,401.7399999999999,move,improve
17163,6,404.0199999999997,6,401.7399999999999,2opt,notBad
17164,6,404.0199999999997,6,401.7399999999999,swap,notBad
17165,6,404.0199999999997,6,401.7399999999999,swap,notBad
17166,6,404.0199999999997,6,401.7399999999999,move,improve
17167,6,404.0199999999997,6,401.7399999999999,2opt,notBad
17168,6,404.0199999999997,6,401.7399999999999,move,improve
17169,6,404.0199999999997,6,401.7399999999999,move,improve
17170,6,404.0199999999997,6,401.7399999999999,2opt,improve
17171,6,404.0199999999997,6,401.7399999999999,move,improve
17172,6,404.0199999999997,6,401.7399999999999,2opt,notBad
17173,6,404.0199999999997,6,401.7399999999999,swap,notBad
17174,6,404.0199999999997,6,401.7399999999999,move,improve
17175,6,404.0199999999997,6,401.7399999999999,swap,notBad
17176,6,404.0199999999997,6,401.7399999999999,2opt,notBad
17177,6,404.0199999999997,6,401.7399999999999,swap,notBad
17178,6,404.0199999999997,6,401.7399999999999,2opt,notBad
17179,6,404.0199999999997,6,401.7399999999999,2opt,notBad
17180,6,404.0199999999997,6,401.7399999999999,swap,notBad
17181,6,404.0199999999997,6,401.7399999999999,2opt,notBad
17182,6,404.0199999999997,6,401.7399999999999,2opt,notBad
17183,6,404.0199999999997,6,401.7399999999999,swap,notBad
17184,6,404.0199999999997,6,401.7399999999999,move,improve
17185,6,404.0199999999997,6,401.7399999999999,move,improve
17186,6,404.0199999999997,6,401.7399999999999,move,improve
17187,6,404.0199999999997,6,401.7399999999999,swap,notBad
17188,6,404.0199999999997,6,401.7399999999999,2opt,notBad
17189,6,404.0199999999997,6,401.7399999999999,swap,notBad
17190,6,404.0199999999997,6,401.7399999999999,2opt,notBad
17191,6,404.0199999999997,6,401.7399999999999,2opt,notBad
17192,6,404.0199999999997,6,401.7399999999999,2opt,notBad
17193,6,404.0199999999997,6,401.7399999999999,2opt,notBad
17194,6,404.0199999999997,6,401.7399999999999,2opt,notBad
17195,6,404.0199999999997,6,401.7399999999999,2opt,notBad
17196,6,404.0199999999997,6,401.7399999999999,swap,notBad
17197,6,404.0199999999997,6,401.7399999999999,2opt,notBad
17198,6,404.0199999999997,6,401.7399999999999,move,improve
17199,6,404.0199999999997,6,401.7399999999999,2opt,notBad
17200,6,404.0199999999997,6,401.7399999999999,move,improve
17201,6,404.0199999999997,6,401.7399999999999,2opt,improve
17202,6,404.0199999999997,6,401.7399999999999,2opt,notBad
17203,6,404.0199999999997,6,401.7399999999999,2opt,notBad
17204,6,404.0199999999997,6,401.7399999999999,2opt,notBad
17205,6,404.0199999999997,6,401.7399999999999,2opt,notBad
17206,6,404.0199999999997,6,401.7399999999999,swap,notBad
17207,6,404.0199999999997,6,401.7399999999999,move,improve
17208,6,404.0199999999997,6,401.7399999999999,move,improve
17209,6,404.0199999999997,6,401.7399999999999,2opt,notBad
17210,6,404.0199999999997,6,401.7399999999999,swap,notBad
17211,6,404.0199999999997,6,401.7399999999999,move,improve
17212,6,404.0199999999997,6,401.7399999999999,move,improve
17213,6,404.0199999999997,6,401.7399999999999,2opt,notBad
17214,6,404.0199999999997,6,401.7399999999999,2opt,notBad
17215,6,404.0199999999997,6,401.7399999999999,2opt,notBad
17216,6,404.0199999999997,6,401.7399999999999,swap,notBad
17217,6,404.0199999999997,6,401.7399999999999,move,improve
17218,6,404.0199999999997,6,401.7399999999999,swap,notBad
17219,6,404.0199999999997,6,401.7399999999999,2opt,notBad
17220,6,404.0199999999997,6,401.7399999999999,2opt,notBad
17221,6,404.0199999999997,6,401.7399999999999,swap,notBad
17222,6,404.0199999999997,6,401.7399999999999,2opt,notBad
17223,6,404.0199999999997,6,401.7399999999999,2opt,notBad
17224,6,404.0199999999997,6,401.7399999999999,swap,notBad
17225,6,404.0199999999997,6,401.7399999999999,2opt,notBad
17226,6,404.0199999999997,6,401.7399999999999,move,notBad
17227,6,404.0199999999997,6,401.7399999999999,2opt,notBad
17228,6,404.0199999999997,6,401.7399999999999,swap,notBad
17229,6,404.0199999999997,6,401.7399999999999,swap,notBad
17230,6,404.0199999999997,6,401.7399999999999,swap,notBad
17231,6,404.0199999999997,6,401.7399999999999,2opt,notBad
17232,6,404.0199999999997,6,401.7399999999999,move,improve
17233,6,404.0199999999997,6,401.7399999999999,move,improve
17234,6,404.0199999999997,6,401.7399999999999,move,improve
17235,6,404.0199999999997,6,401.7399999999999,swap,notBad
17236,6,404.0199999999997,6,401.7399999999999,swap,notBad
17237,6,404.0199999999997,6,401.7399999999999,swap,notBad
17238,6,404.0199999999997,6,401.7399999999999,2opt,notBad
17239,6,404.0199999999997,6,401.7399999999999,swap,notBad
17240,6,404.0199999999997,6,401.7399999999999,2opt,notBad
17241,6,404.0199999999997,6,401.7399999999999,move,improve
17242,6,404.0199999999997,6,401.7399999999999,move,improve
17243,6,404.0199999999997,6,401.7399999999999,2opt,notBad
17244,6,404.0199999999997,6,401.7399999999999,move,improve
17245,6,404.0199999999997,6,401.7399999999999,move,improve
17246,6,404.0199999999997,6,401.7399999999999,2opt,notBad
17247,6,404.0199999999997,6,401.7399999999999,swap,notBad
17248,6,404.0199999999997,6,401.7399999999999,move,improve
17249,6,404.0199999999997,6,401.7399999999999,2opt,notBad
17250,6,404.0199999999997,6,401.7399999999999,move,improve
17251,6,404.0199999999997,6,401.7399999999999,move,improve
17252,6,404.0199999999997,6,401.7399999999999,swap,notBad
17253,6,404.0199999999997,6,401.7399999999999,swap,notBad
17254,6,404.0199999999997,6,401.7399999999999,move,improve
17255,6,404.0199999999997,6,401.7399999999999,2opt,notBad
17256,6,404.0199999999997,6,401.7399999999999,swap,notBad
17257,6,404.0199999999997,6,401.7399999999999,swap,notBad
17258,6,404.0199999999997,6,401.7399999999999,move,improve
17259,6,404.0199999999997,6,401.7399999999999,swap,notBad
17260,6,404.0199999999997,6,401.7399999999999,move,improve
17261,6,404.0199999999997,6,401.7399999999999,swap,notBad
17262,6,404.0199999999997,6,401.7399999999999,2opt,notBad
17263,6,404.0199999999997,6,401.7399999999999,2opt,notBad
17264,6,404.0199999999997,6,401.7399999999999,swap,notBad
17265,6,404.0199999999997,6,401.7399999999999,swap,notBad
17266,6,404.0199999999997,6,401.7399999999999,swap,notBad
17267,6,404.0199999999997,6,401.7399999999999,swap,notBad
17268,6,404.0199999999997,6,401.7399999999999,move,improve
17269,6,404.0199999999997,6,401.7399999999999,swap,notBad
17270,6,404.0199999999997,6,401.7399999999999,swap,notBad
17271,6,404.0199999999997,6,401.7399999999999,move,improve
17272,6,404.0199999999997,6,401.7399999999999,2opt,notBad
17273,6,404.0199999999997,6,401.7399999999999,swap,notBad
17274,6,404.0199999999997,6,401.7399999999999,2opt,notBad
17275,6,404.0199999999997,6,401.7399999999999,swap,notBad
17276,6,404.0199999999997,6,401.7399999999999,move,improve
17277,6,404.0199999999997,6,401.7399999999999,move,improve
17278,6,404.0199999999997,6,401.7399999999999,move,improve
17279,6,404.0199999999997,6,401.7399999999999,move,improve
17280,6,404.0199999999997,6,401.7399999999999,swap,notBad
17281,6,404.0199999999997,6,401.7399999999999,2opt,notBad
17282,6,404.0199999999997,6,401.7399999999999,move,improve
17283,6,404.0199999999997,6,401.7399999999999,move,improve
17284,6,404.0199999999997,6,401.7399999999999,2opt,notBad
17285,6,404.0199999999997,6,401.7399999999999,move,improve
17286,6,404.0199999999997,6,401.7399999999999,2opt,notBad
17287,6,404.0199999999997,6,401.7399999999999,2opt,notBad
17288,6,404.0199999999997,6,401.7399999999999,2opt,notBad
17289,6,404.0199999999997,6,401.7399999999999,swap,notBad
17290,6,404.0199999999997,6,401.7399999999999,move,improve
17291,6,404.0199999999997,6,401.7399999999999,move,improve
17292,6,404.0199999999997,6,401.7399999999999,swap,notBad
17293,6,404.0199999999997,6,401.7399999999999,swap,notBad
17294,6,404.0199999999997,6,401.7399999999999,swap,notBad
17295,6,404.0199999999997,6,401.7399999999999,2opt,notBad
17296,6,404.0199999999997,6,401.7399999999999,move,improve
17297,6,404.0199999999997,6,401.7399999999999,swap,notBad
17298,6,404.0199999999997,6,401.7399999999999,move,improve
17299,6,404.0199999999997,6,401.7399999999999,move,improve
17300,6,404.0199999999997,6,401.7399999999999,2opt,notBad
17301,6,404.0199999999997,6,401.7399999999999,move,improve
17302,6,404.0199999999997,6,401.7399999999999,swap,notBad
17303,6,404.0199999999997,6,401.7399999999999,2opt,improve
17304,6,404.0199999999997,6,401.7399999999999,2opt,notBad
17305,6,404.0199999999997,6,401.7399999999999,move,improve
17306,6,404.0199999999997,6,401.7399999999999,move,improve
17307,6,404.0199999999997,6,401.7399999999999,swap,notBad
17308,6,404.0199999999997,6,401.7399999999999,move,improve
17309,6,404.0199999999997,6,401.7399999999999,move,improve
17310,6,404.0199999999997,6,401.7399999999999,2opt,notBad
17311,6,404.0199999999997,6,401.7399999999999,swap,notBad
17312,6,404.0199999999997,6,401.7399999999999,swap,notBad
17313,6,404.0199999999997,6,401.7399999999999,move,improve
17314,6,404.0199999999997,6,401.7399999999999,swap,notBad
17315,6,404.0199999999997,6,401.7399999999999,swap,notBad
17316,6,404.0199999999997,6,401.7399999999999,2opt,notBad
17317,6,404.0199999999997,6,401.7399999999999,2opt,notBad
17318,6,404.0199999999997,6,401.7399999999999,move,improve
17319,6,404.0199999999997,6,401.7399999999999,move,improve
17320,6,404.0199999999997,6,401.7399999999999,2opt,notBad
17321,6,404.0199999999997,6,401.7399999999999,move,improve
17322,6,404.0199999999997,6,401.7399999999999,swap,notBad
17323,6,404.0199999999997,6,401.7399999999999,move,improve
17324,6,404.0199999999997,6,401.7399999999999,2opt,notBad
17325,6,404.0199999999997,6,401.7399999999999,2opt,notBad
17326,6,404.0199999999997,6,401.7399999999999,2opt,notBad
17327,6,404.0199999999997,6,401.7399999999999,2opt,notBad
17328,6,404.0199999999997,6,401.7399999999999,2opt,notBad
17329,6,404.0199999999997,6,401.7399999999999,2opt,notBad
17330,6,404.0199999999997,6,401.7399999999999,move,improve
17331,6,404.0199999999997,6,401.7399999999999,move,improve
17332,6,404.0199999999997,6,401.7399999999999,2opt,notBad
17333,6,404.0199999999997,6,401.7399999999999,move,improve
17334,6,404.0199999999997,6,401.7399999999999,move,improve
17335,6,404.0199999999997,6,401.7399999999999,move,improve
17336,6,404.0199999999997,6,401.7399999999999,move,improve
17337,6,404.0199999999997,6,401.7399999999999,swap,notBad
17338,6,404.0199999999997,6,401.7399999999999,2opt,notBad
17339,6,404.0199999999997,6,401.7399999999999,2opt,notBad
17340,6,404.0199999999997,6,401.7399999999999,swap,notBad
17341,6,404.0199999999997,6,401.7399999999999,move,improve
17342,6,404.0199999999997,6,401.7399999999999,swap,notBad
17343,6,404.0199999999997,6,401.7399999999999,swap,notBad
17344,6,404.0199999999997,6,401.7399999999999,swap,notBad
17345,6,404.0199999999997,6,401.7399999999999,2opt,notBad
17346,6,404.0199999999997,6,401.7399999999999,swap,notBad
17347,6,404.0199999999997,6,401.7399999999999,swap,notBad
17348,6,404.0199999999997,6,401.7399999999999,swap,notBad
17349,6,404.0199999999997,6,401.7399999999999,swap,notBad
17350,6,404.0199999999997,6,401.7399999999999,move,improve
17351,6,404.0199999999997,6,401.7399999999999,move,improve
17352,6,404.0199999999997,6,401.7399999999999,2opt,notBad
17353,6,404.0199999999997,6,401.7399999999999,move,improve
17354,6,404.0199999999997,6,401.7399999999999,swap,notBad
17355,6,404.0199999999997,6,401.7399999999999,move,improve
17356,6,404.0199999999997,6,401.7399999999999,move,improve
17357,6,404.0199999999997,6,401.7399999999999,move,improve
17358,6,404.0199999999997,6,401.7399999999999,swap,notBad
17359,6,404.0199999999997,6,401.7399999999999,move,improve
17360,6,404.0199999999997,6,401.7399999999999,move,improve
17361,6,404.0199999999997,6,401.7399999999999,move,improve
17362,6,404.0199999999997,6,401.7399999999999,swap,notBad
17363,6,404.0199999999997,6,401.7399999999999,move,improve
17364,6,404.0199999999997,6,401.7399999999999,swap,notBad
17365,6,404.0199999999997,6,401.7399999999999,2opt,notBad
17366,6,404.0199999999997,6,401.7399999999999,swap,notBad
17367,6,404.0199999999997,6,401.7399999999999,2opt,notBad
17368,6,404.0199999999997,6,401.7399999999999,2opt,notBad
17369,6,404.0199999999997,6,401.7399999999999,2opt,notBad
17370,6,404.0199999999997,6,401.7399999999999,2opt,improve
17371,6,404.0199999999997,6,401.7399999999999,move,improve
17372,6,404.0199999999997,6,401.7399999999999,swap,notBad
17373,6,404.0199999999997,6,401.7399999999999,swap,notBad
17374,6,404.0199999999997,6,401.7399999999999,swap,notBad
17375,6,404.0199999999997,6,401.7399999999999,move,improve
17376,6,404.0199999999997,6,401.7399999999999,2opt,notBad
17377,6,404.0199999999997,6,401.7399999999999,swap,notBad
17378,6,404.0199999999997,6,401.7399999999999,move,improve
17379,6,404.0199999999997,6,401.7399999999999,move,improve
17380,6,404.0199999999997,6,401.7399999999999,swap,notBad
17381,6,404.0199999999997,6,401.7399999999999,move,improve
17382,6,404.0199999999997,6,401.7399999999999,2opt,notBad
17383,6,404.0199999999997,6,401.7399999999999,move,improve
17384,6,404.0199999999997,6,401.7399999999999,2opt,notBad
17385,6,404.0199999999997,6,401.7399999999999,2opt,notBad
17386,6,404.0199999999997,6,401.7399999999999,2opt,notBad
17387,6,404.0199999999997,6,401.7399999999999,2opt,notBad
17388,6,404.0199999999997,6,401.7399999999999,move,improve
17389,6,404.0199999999997,6,401.7399999999999,move,improve
17390,6,404.0199999999997,6,401.7399999999999,swap,notBad
17391,6,404.0199999999997,6,401.7399999999999,swap,notBad
17392,6,404.0199999999997,6,401.7399999999999,swap,notBad
17393,6,404.0199999999997,6,401.7399999999999,2opt,notBad
17394,6,404.0199999999997,6,401.7399999999999,swap,notBad
17395,6,404.0199999999997,6,401.7399999999999,move,improve
17396,6,404.0199999999997,6,401.7399999999999,move,improve
17397,6,404.0199999999997,6,401.7399999999999,move,improve
17398,6,404.0199999999997,6,401.7399999999999,2opt,notBad
17399,6,404.0199999999997,6,401.7399999999999,swap,notBad
17400,6,404.0199999999997,6,401.7399999999999,move,improve
17401,6,404.0199999999997,6,401.7399999999999,2opt,notBad
17402,6,404.0199999999997,6,401.7399999999999,2opt,notBad
17403,6,404.0199999999997,6,401.7399999999999,2opt,notBad
17404,6,404.0199999999997,6,401.7399999999999,swap,notBad
17405,6,404.0199999999997,6,401.7399999999999,2opt,notBad
17406,6,404.0199999999997,6,401.7399999999999,move,improve
17407,6,404.0199999999997,6,401.7399999999999,move,improve
17408,6,404.0199999999997,6,401.7399999999999,2opt,notBad
17409,6,404.0199999999997,6,401.7399999999999,2opt,notBad
17410,6,404.0199999999997,6,401.7399999999999,move,improve
17411,6,404.0199999999997,6,401.7399999999999,move,improve
17412,6,404.0199999999997,6,401.7399999999999,2opt,notBad
17413,6,404.0199999999997,6,401.7399999999999,move,improve
17414,6,404.0199999999997,6,401.7399999999999,move,improve
17415,6,404.0199999999997,6,401.7399999999999,2opt,notBad
17416,6,404.0199999999997,6,401.7399999999999,move,improve
17417,6,404.0199999999997,6,401.7399999999999,2opt,notBad
17418,6,404.0199999999997,6,401.7399999999999,2opt,notBad
17419,6,404.0199999999997,6,401.7399999999999,2opt,notBad
17420,6,404.0199999999997,6,401.7399999999999,swap,notBad
17421,6,404.0199999999997,6,401.7399999999999,move,improve
17422,6,404.0199999999997,6,401.7399999999999,swap,notBad
17423,6,404.0199999999997,6,401.7399999999999,swap,notBad
17424,6,404.0199999999997,6,401.7399999999999,move,improve
17425,6,404.0199999999997,6,401.7399999999999,swap,notBad
17426,6,404.0199999999997,6,401.7399999999999,2opt,notBad
17427,6,404.0199999999997,6,401.7399999999999,swap,notBad
17428,6,404.0199999999997,6,401.7399999999999,2opt,notBad
17429,6,404.0199999999997,6,401.7399999999999,move,improve
17430,6,404.0199999999997,6,401.7399999999999,swap,notBad
17431,6,404.0199999999997,6,401.7399999999999,swap,notBad
17432,6,404.0199999999997,6,401.7399999999999,swap,notBad
17433,6,404.0199999999997,6,401.7399999999999,2opt,improve
17434,6,404.0199999999997,6,401.7399999999999,swap,notBad
17435,6,404.0199999999997,6,401.7399999999999,swap,notBad
17436,6,404.0199999999997,6,401.7399999999999,swap,notBad
17437,6,404.0199999999997,6,401.7399999999999,2opt,notBad
17438,6,404.0199999999997,6,401.7399999999999,swap,notBad
17439,6,404.0199999999997,6,401.7399999999999,swap,notBad
17440,6,404.0199999999997,6,401.7399999999999,move,improve
17441,6,404.0199999999997,6,401.7399999999999,move,improve
17442,6,404.0199999999997,6,401.7399999999999,2opt,notBad
17443,6,404.0199999999997,6,401.7399999999999,2opt,notBad
17444,6,404.0199999999997,6,401.7399999999999,move,improve
17445,6,404.0199999999997,6,401.7399999999999,swap,notBad
17446,6,404.0199999999997,6,401.7399999999999,swap,notBad
17447,6,404.0199999999997,6,401.7399999999999,move,improve
17448,6,404.0199999999997,6,401.7399999999999,2opt,notBad
17449,6,404.0199999999997,6,401.7399999999999,move,improve
17450,6,404.0199999999997,6,401.7399999999999,move,improve
17451,6,404.0199999999997,6,401.7399999999999,swap,notBad
17452,6,404.0199999999997,6,401.7399999999999,swap,notBad
17453,6,404.0199999999997,6,401.7399999999999,move,improve
17454,6,404.0199999999997,6,401.7399999999999,2opt,notBad
17455,6,404.0199999999997,6,401.7399999999999,move,improve
17456,6,404.0199999999997,6,401.7399999999999,swap,notBad
17457,6,404.0199999999997,6,401.7399999999999,move,improve
17458,6,404.0199999999997,6,401.7399999999999,2opt,notBad
17459,6,404.0199999999997,6,401.7399999999999,move,improve
17460,6,404.0199999999997,6,401.7399999999999,2opt,notBad
17461,6,404.0199999999997,6,401.7399999999999,2opt,notBad
17462,6,404.0199999999997,6,401.7399999999999,swap,notBad
17463,6,404.0199999999997,6,401.7399999999999,move,improve
17464,6,404.0199999999997,6,401.7399999999999,2opt,improve
17465,6,404.0199999999997,6,401.7399999999999,swap,notBad
17466,6,404.0199999999997,6,401.7399999999999,swap,notBad
17467,6,404.0199999999997,6,401.7399999999999,move,improve
17468,6,404.0199999999997,6,401.7399999999999,2opt,notBad
17469,6,404.0199999999997,6,401.7399999999999,2opt,notBad
17470,6,404.0199999999997,6,401.7399999999999,swap,notBad
17471,6,404.0199999999997,6,401.7399999999999,move,improve
17472,6,404.0199999999997,6,401.7399999999999,move,improve
17473,6,404.0199999999997,6,401.7399999999999,swap,notBad
17474,6,404.0199999999997,6,401.7399999999999,move,improve
17475,6,404.0199999999997,6,401.7399999999999,2opt,notBad
17476,6,404.0199999999997,6,401.7399999999999,2opt,notBad
17477,6,404.0199999999997,6,401.7399999999999,move,improve
17478,6,404.0199999999997,6,401.7399999999999,2opt,notBad
17479,6,404.0199999999997,6,401.7399999999999,2opt,notBad
17480,6,404.0199999999997,6,401.7399999999999,2opt,notBad
17481,6,404.0199999999997,6,401.7399999999999,move,improve
17482,6,404.0199999999997,6,401.7399999999999,2opt,notBad
17483,6,404.0199999999997,6,401.7399999999999,move,improve
17484,6,404.0199999999997,6,401.7399999999999,move,improve
17485,6,404.0199999999997,6,401.7399999999999,2opt,notBad
17486,6,404.0199999999997,6,401.7399999999999,2opt,notBad
17487,6,404.0199999999997,6,401.7399999999999,swap,notBad
17488,6,404.0199999999997,6,401.7399999999999,move,notBad
17489,6,404.0199999999997,6,401.7399999999999,2opt,notBad
17490,6,404.0199999999997,6,401.7399999999999,swap,notBad
17491,6,404.0199999999997,6,401.7399999999999,move,improve
17492,6,404.0199999999997,6,401.7399999999999,swap,notBad
17493,6,404.0199999999997,6,401.7399999999999,swap,notBad
17494,6,404.0199999999997,6,401.7399999999999,2opt,notBad
17495,6,404.0199999999997,6,401.7399999999999,move,improve
17496,6,404.0199999999997,6,401.7399999999999,swap,notBad
17497,6,404.0199999999997,6,401.7399999999999,2opt,notBad
17498,6,404.0199999999997,6,401.7399999999999,2opt,notBad
17499,6,404.0199999999997,6,401.7399999999999,swap,notBad
17500,6,404.0199999999997,6,401.7399999999999,2opt,notBad
17501,6,404.0199999999997,6,401.7399999999999,2opt,notBad
17502,6,404.0199999999997,6,401.7399999999999,swap,notBad
17503,6,404.0199999999997,6,401.7399999999999,swap,notBad
17504,6,404.0199999999997,6,401.7399999999999,swap,notBad
17505,6,404.0199999999997,6,401.7399999999999,move,improve
17506,6,404.0199999999997,6,401.7399999999999,swap,notBad
17507,6,404.0199999999997,6,401.7399999999999,2opt,notBad
17508,6,404.0199999999997,6,401.7399999999999,2opt,notBad
17509,6,404.0199999999997,6,401.7399999999999,swap,notBad
17510,6,404.0199999999997,6,401.7399999999999,move,improve
17511,6,404.0199999999997,6,401.7399999999999,2opt,notBad
17512,6,404.0199999999997,6,401.7399999999999,move,improve
17513,6,404.0199999999997,6,401.7399999999999,move,improve
17514,6,404.0199999999997,6,401.7399999999999,move,improve
17515,6,404.0199999999997,6,401.7399999999999,move,improve
17516,6,404.0199999999997,6,401.7399999999999,swap,notBad
17517,6,404.0199999999997,6,401.7399999999999,swap,notBad
17518,6,404.0199999999997,6,401.7399999999999,move,improve
17519,6,404.0199999999997,6,401.7399999999999,2opt,notBad
17520,6,404.0199999999997,6,401.7399999999999,move,improve
17521,6,404.0199999999997,6,401.7399999999999,2opt,notBad
17522,6,404.0199999999997,6,401.7399999999999,swap,notBad
17523,6,404.0199999999997,6,401.7399999999999,swap,notBad
17524,6,404.0199999999997,6,401.7399999999999,move,improve
17525,6,404.0199999999997,6,401.7399999999999,swap,notBad
17526,6,404.0199999999997,6,401.7399999999999,move,improve
17527,6,404.0199999999997,6,401.7399999999999,move,improve
17528,6,404.0199999999997,6,401.7399999999999,swap,notBad
17529,6,404.0199999999997,6,401.7399999999999,2opt,notBad
17530,6,404.0199999999997,6,401.7399999999999,2opt,notBad
17531,6,404.0199999999997,6,401.7399999999999,2opt,notBad
17532,6,404.0199999999997,6,401.7399999999999,move,improve
17533,6,404.0199999999997,6,401.7399999999999,move,improve
17534,6,404.0199999999997,6,401.7399999999999,swap,notBad
17535,6,404.0199999999997,6,401.7399999999999,move,notBad
17536,6,404.0199999999997,6,401.7399999999999,2opt,notBad
17537,6,404.0199999999997,6,401.7399999999999,2opt,notBad
17538,6,404.0199999999997,6,401.7399999999999,2opt,notBad
17539,6,404.0199999999997,6,401.7399999999999,move,improve
17540,6,404.0199999999997,6,401.7399999999999,move,improve
17541,6,404.0199999999997,6,401.7399999999999,swap,notBad
17542,6,404.0199999999997,6,401.7399999999999,move,improve
17543,6,404.0199999999997,6,401.7399999999999,move,improve
17544,6,404.0199999999997,6,401.7399999999999,2opt,notBad
17545,6,404.0199999999997,6,401.7399999999999,swap,notBad
17546,6,404.0199999999997,6,401.7399999999999,swap,notBad
17547,6,404.0199999999997,6,401.7399999999999,2opt,notBad
17548,6,404.0199999999997,6,401.7399999999999,2opt,notBad
17549,6,404.0199999999997,6,401.7399999999999,2opt,notBad
17550,6,404.0199999999997,6,401.7399999999999,move,improve
17551,6,404.0199999999997,6,401.7399999999999,swap,notBad
17552,6,404.0199999999997,6,401.7399999999999,swap,notBad
17553,6,404.0199999999997,6,401.7399999999999,swap,notBad
17554,6,404.0199999999997,6,401.7399999999999,move,improve
17555,6,404.0199999999997,6,401.7399999999999,2opt,notBad
17556,6,404.0199999999997,6,401.7399999999999,swap,notBad
17557,6,404.0199999999997,6,401.7399999999999,move,improve
17558,6,404.0199999999997,6,401.7399999999999,swap,notBad
17559,6,404.0199999999997,6,401.7399999999999,swap,notBad
17560,6,404.0199999999997,6,401.7399999999999,move,improve
17561,6,404.0199999999997,6,401.7399999999999,swap,notBad
17562,6,404.0199999999997,6,401.7399999999999,swap,notBad
17563,6,404.0199999999997,6,401.7399999999999,swap,notBad
17564,6,404.0199999999997,6,401.7399999999999,move,improve
17565,6,404.0199999999997,6,401.7399999999999,2opt,notBad
17566,6,404.0199999999997,6,401.7399999999999,move,improve
17567,6,404.0199999999997,6,401.7399999999999,2opt,notBad
17568,6,404.0199999999997,6,401.7399999999999,move,notBad
17569,6,404.0199999999997,6,401.7399999999999,2opt,notBad
17570,6,404.0199999999997,6,401.7399999999999,2opt,improve
17571,6,404.0199999999997,6,401.7399999999999,swap,notBad
17572,6,404.0199999999997,6,401.7399999999999,swap,notBad
17573,6,404.0199999999997,6,401.7399999999999,swap,notBad
17574,6,404.0199999999997,6,401.7399999999999,2opt,improve
17575,6,404.0199999999997,6,401.7399999999999,move,improve
17576,6,404.0199999999997,6,401.7399999999999,move,improve
17577,6,404.0199999999997,6,401.7399999999999,swap,notBad
17578,6,404.0199999999997,6,401.7399999999999,2opt,notBad
17579,6,404.0199999999997,6,401.7399999999999,move,improve
17580,6,404.0199999999997,6,401.7399999999999,move,improve
17581,6,404.0199999999997,6,401.7399999999999,2opt,notBad
17582,6,404.0199999999997,6,401.7399999999999,move,improve
17583,6,404.0199999999997,6,401.7399999999999,move,improve
17584,6,404.0199999999997,6,401.7399999999999,2opt,notBad
17585,6,404.0199999999997,6,401.7399999999999,move,improve
17586,6,404.0199999999997,6,401.7399999999999,swap,notBad
17587,6,404.0199999999997,6,401.7399999999999,swap,notBad
17588,6,404.0199999999997,6,401.7399999999999,move,improve
17589,6,404.0199999999997,6,401.7399999999999,2opt,notBad
17590,6,404.0199999999997,6,401.7399999999999,swap,notBad
17591,6,404.0199999999997,6,401.7399999999999,2opt,notBad
17592,6,404.0199999999997,6,401.7399999999999,swap,notBad
17593,6,404.0199999999997,6,401.7399999999999,swap,notBad
17594,6,404.0199999999997,6,401.7399999999999,move,improve
17595,6,404.0199999999997,6,401.7399999999999,move,improve
17596,6,404.0199999999997,6,401.7399999999999,swap,notBad
17597,6,404.0199999999997,6,401.7399999999999,move,improve
17598,6,404.0199999999997,6,401.7399999999999,swap,notBad
17599,6,404.0199999999997,6,401.7399999999999,2opt,notBad
17600,6,404.0199999999997,6,401.7399999999999,2opt,notBad
17601,6,404.0199999999997,6,401.7399999999999,move,improve
17602,6,404.0199999999997,6,401.7399999999999,swap,notBad
17603,6,404.0199999999997,6,401.7399999999999,2opt,notBad
17604,6,404.0199999999997,6,401.7399999999999,swap,notBad
17605,6,404.0199999999997,6,401.7399999999999,move,improve
17606,6,404.0199999999997,6,401.7399999999999,move,improve
17607,6,404.0199999999997,6,401.7399999999999,swap,notBad
17608,6,404.0199999999997,6,401.7399999999999,swap,notBad
17609,6,404.0199999999997,6,401.7399999999999,move,improve
17610,6,404.0199999999997,6,401.7399999999999,swap,notBad
17611,6,404.0199999999997,6,401.7399999999999,2opt,notBad
17612,6,404.0199999999997,6,401.7399999999999,swap,notBad
17613,6,404.0199999999997,6,401.7399999999999,swap,notBad
17614,6,404.0199999999997,6,401.7399999999999,2opt,notBad
17615,6,404.0199999999997,6,401.7399999999999,swap,notBad
17616,6,404.0199999999997,6,401.7399999999999,2opt,notBad
17617,6,404.0199999999997,6,401.7399999999999,2opt,notBad
17618,6,404.0199999999997,6,401.7399999999999,2opt,notBad
17619,6,404.0199999999997,6,401.7399999999999,move,improve
17620,6,404.0199999999997,6,401.7399999999999,2opt,notBad
17621,6,404.0199999999997,6,401.7399999999999,move,improve
17622,6,404.0199999999997,6,401.7399999999999,swap,notBad
17623,6,404.0199999999997,6,401.7399999999999,swap,notBad
17624,6,404.0199999999997,6,401.7399999999999,2opt,notBad
17625,6,404.0199999999997,6,401.7399999999999,move,improve
17626,6,404.0199999999997,6,401.7399999999999,2opt,notBad
17627,6,404.0199999999997,6,401.7399999999999,swap,notBad
17628,6,404.0199999999997,6,401.7399999999999,move,improve
17629,6,404.0199999999997,6,401.7399999999999,2opt,notBad
17630,6,404.0199999999997,6,401.7399999999999,2opt,notBad
17631,6,404.0199999999997,6,401.7399999999999,swap,notBad
17632,6,404.0199999999997,6,401.7399999999999,swap,notBad
17633,6,404.0199999999997,6,401.7399999999999,move,improve
17634,6,404.0199999999997,6,401.7399999999999,swap,notBad
17635,6,404.0199999999997,6,401.7399999999999,move,improve
17636,6,404.0199999999997,6,401.7399999999999,swap,notBad
17637,6,404.0199999999997,6,401.7399999999999,swap,notBad
17638,6,404.0199999999997,6,401.7399999999999,swap,notBad
17639,6,404.0199999999997,6,401.7399999999999,swap,notBad
17640,6,404.0199999999997,6,401.7399999999999,2opt,notBad
17641,6,404.0199999999997,6,401.7399999999999,2opt,notBad
17642,6,404.0199999999997,6,401.7399999999999,move,improve
17643,6,404.0199999999997,6,401.7399999999999,move,improve
17644,6,404.0199999999997,6,401.7399999999999,move,improve
17645,6,404.0199999999997,6,401.7399999999999,swap,notBad
17646,6,404.0199999999997,6,401.7399999999999,move,improve
17647,6,404.0199999999997,6,401.7399999999999,swap,notBad
17648,6,404.0199999999997,6,401.7399999999999,2opt,notBad
17649,6,404.0199999999997,6,401.7399999999999,2opt,notBad
17650,6,404.0199999999997,6,401.7399999999999,move,improve
17651,6,404.0199999999997,6,401.7399999999999,move,improve
17652,6,404.0199999999997,6,401.7399999999999,swap,notBad
17653,6,404.0199999999997,6,401.7399999999999,swap,notBad
17654,6,404.0199999999997,6,401.7399999999999,2opt,notBad
17655,6,404.0199999999997,6,401.7399999999999,2opt,notBad
17656,6,404.0199999999997,6,401.7399999999999,move,improve
17657,6,404.0199999999997,6,401.7399999999999,move,improve
17658,6,404.0199999999997,6,401.7399999999999,move,improve
17659,6,404.0199999999997,6,401.7399999999999,move,improve
17660,6,404.0199999999997,6,401.7399999999999,move,improve
17661,6,404.0199999999997,6,401.7399999999999,swap,notBad
17662,6,404.0199999999997,6,401.7399999999999,2opt,notBad
17663,6,404.0199999999997,6,401.7399999999999,2opt,notBad
17664,6,404.0199999999997,6,401.7399999999999,2opt,notBad
17665,6,404.0199999999997,6,401.7399999999999,move,improve
17666,6,404.0199999999997,6,401.7399999999999,swap,notBad
17667,6,404.0199999999997,6,401.7399999999999,move,improve
17668,6,404.0199999999997,6,401.7399999999999,2opt,improve
17669,6,404.0199999999997,6,401.7399999999999,2opt,notBad
17670,6,404.0199999999997,6,401.7399999999999,2opt,notBad
17671,6,404.0199999999997,6,401.7399999999999,2opt,notBad
17672,6,404.0199999999997,6,401.7399999999999,2opt,notBad
17673,6,404.0199999999997,6,401.7399999999999,swap,notBad
17674,6,404.0199999999997,6,401.7399999999999,move,improve
17675,6,404.0199999999997,6,401.7399999999999,2opt,notBad
17676,6,404.0199999999997,6,401.7399999999999,2opt,notBad
17677,6,404.0199999999997,6,401.7399999999999,swap,notBad
17678,6,404.0199999999997,6,401.7399999999999,move,improve
17679,6,404.0199999999997,6,401.7399999999999,swap,notBad
17680,6,404.0199999999997,6,401.7399999999999,2opt,notBad
17681,6,404.0199999999997,6,401.7399999999999,2opt,notBad
17682,6,404.0199999999997,6,401.7399999999999,move,improve
17683,6,404.0199999999997,6,401.7399999999999,move,improve
17684,6,404.0199999999997,6,401.7399999999999,swap,notBad
17685,6,404.0199999999997,6,401.7399999999999,move,notBad
17686,6,404.0199999999997,6,401.7399999999999,move,improve
17687,6,404.0199999999997,6,401.7399999999999,swap,notBad
17688,6,404.0199999999997,6,401.7399999999999,2opt,notBad
17689,6,404.0199999999997,6,401.7399999999999,move,improve
17690,6,404.0199999999997,6,401.7399999999999,swap,notBad
17691,6,404.0199999999997,6,401.7399999999999,2opt,notBad
17692,6,404.0199999999997,6,401.7399999999999,move,improve
17693,6,404.0199999999997,6,401.7399999999999,swap,notBad
17694,6,404.0199999999997,6,401.7399999999999,move,improve
17695,6,404.0199999999997,6,401.7399999999999,swap,notBad
17696,6,404.0199999999997,6,401.7399999999999,2opt,notBad
17697,6,404.0199999999997,6,401.7399999999999,move,improve
17698,6,404.0199999999997,6,401.7399999999999,2opt,improve
17699,6,404.0199999999997,6,401.7399999999999,swap,notBad
17700,6,404.0199999999997,6,401.7399999999999,move,improve
17701,6,404.0199999999997,6,401.7399999999999,move,improve
17702,6,404.0199999999997,6,401.7399999999999,move,improve
17703,6,404.0199999999997,6,401.7399999999999,move,improve
17704,6,404.0199999999997,6,401.7399999999999,move,improve
17705,6,404.0199999999997,6,401.7399999999999,2opt,notBad
17706,6,404.0199999999997,6,401.7399999999999,swap,notBad
17707,6,404.0199999999997,6,401.7399999999999,2opt,notBad
17708,6,404.0199999999997,6,401.7399999999999,move,improve
17709,6,404.0199999999997,6,401.7399999999999,swap,notBad
17710,6,404.0199999999997,6,401.7399999999999,2opt,notBad
17711,6,404.0199999999997,6,401.7399999999999,swap,notBad
17712,6,404.0199999999997,6,401.7399999999999,move,improve
17713,6,404.0199999999997,6,401.7399999999999,swap,notBad
17714,6,404.0199999999997,6,401.7399999999999,2opt,notBad
17715,6,404.0199999999997,6,401.7399999999999,move,improve
17716,6,404.0199999999997,6,401.7399999999999,move,improve
17717,6,404.0199999999997,6,401.7399999999999,2opt,notBad
17718,6,404.0199999999997,6,401.7399999999999,2opt,notBad
17719,6,404.0199999999997,6,401.7399999999999,swap,notBad
17720,6,404.0199999999997,6,401.7399999999999,swap,notBad
17721,6,404.0199999999997,6,401.7399999999999,swap,notBad
17722,6,404.0199999999997,6,401.7399999999999,swap,notBad
17723,6,404.0199999999997,6,401.7399999999999,move,improve
17724,6,404.0199999999997,6,401.7399999999999,2opt,notBad
17725,6,404.0199999999997,6,401.7399999999999,2opt,notBad
17726,6,404.0199999999997,6,401.7399999999999,swap,notBad
17727,6,404.0199999999997,6,401.7399999999999,2opt,notBad
17728,6,404.0199999999997,6,401.7399999999999,move,improve
17729,6,404.0199999999997,6,401.7399999999999,move,notBad
17730,6,404.0199999999997,6,401.7399999999999,swap,notBad
17731,6,404.0199999999997,6,401.7399999999999,swap,notBad
17732,6,404.0199999999997,6,401.7399999999999,swap,notBad
17733,6,404.0199999999997,6,401.7399999999999,swap,notBad
17734,6,404.0199999999997,6,401.7399999999999,move,improve
17735,6,404.0199999999997,6,401.7399999999999,move,improve
17736,6,404.0199999999997,6,401.7399999999999,swap,notBad
17737,6,404.0199999999997,6,401.7399999999999,2opt,notBad
17738,6,404.0199999999997,6,401.7399999999999,2opt,notBad
17739,6,404.0199999999997,6,401.7399999999999,move,improve
17740,6,404.0199999999997,6,401.7399999999999,2opt,notBad
17741,6,404.0199999999997,6,401.7399999999999,swap,notBad
17742,6,404.0199999999997,6,401.7399999999999,swap,notBad
17743,6,404.0199999999997,6,401.7399999999999,move,improve
17744,6,404.0199999999997,6,401.7399999999999,swap,notBad
17745,6,404.0199999999997,6,401.7399999999999,2opt,notBad
17746,6,404.0199999999997,6,401.7399999999999,2opt,notBad
17747,6,404.0199999999997,6,401.7399999999999,move,improve
17748,6,404.0199999999997,6,401.7399999999999,2opt,notBad
17749,6,404.0199999999997,6,401.7399999999999,swap,notBad
17750,6,404.0199999999997,6,401.7399999999999,swap,notBad
17751,6,404.0199999999997,6,401.7399999999999,2opt,notBad
17752,6,404.0199999999997,6,401.7399999999999,swap,notBad
17753,6,404.0199999999997,6,401.7399999999999,2opt,improve
17754,6,404.0199999999997,6,401.7399999999999,swap,notBad
17755,6,404.0199999999997,6,401.7399999999999,move,improve
17756,6,404.0199999999997,6,401.7399999999999,2opt,notBad
17757,6,404.0199999999997,6,401.7399999999999,move,improve
17758,6,404.0199999999997,6,401.7399999999999,2opt,notBad
17759,6,404.0199999999997,6,401.7399999999999,move,improve
17760,6,404.0199999999997,6,401.7399999999999,2opt,notBad
17761,6,404.0199999999997,6,401.7399999999999,swap,notBad
17762,6,404.0199999999997,6,401.7399999999999,swap,notBad
17763,6,404.0199999999997,6,401.7399999999999,swap,notBad
17764,6,404.0199999999997,6,401.7399999999999,move,improve
17765,6,404.0199999999997,6,401.7399999999999,2opt,improve
17766,6,404.0199999999997,6,401.7399999999999,2opt,notBad
17767,6,404.0199999999997,6,401.7399999999999,2opt,notBad
17768,6,404.0199999999997,6,401.7399999999999,2opt,notBad
17769,6,404.0199999999997,6,401.7399999999999,2opt,notBad
17770,6,404.0199999999997,6,401.7399999999999,2opt,notBad
17771,6,404.0199999999997,6,401.7399999999999,2opt,notBad
17772,6,404.0199999999997,6,401.7399999999999,swap,notBad
17773,6,404.0199999999997,6,401.7399999999999,2opt,notBad
17774,6,404.0199999999997,6,401.7399999999999,move,improve
17775,6,404.0199999999997,6,401.7399999999999,2opt,notBad
17776,6,404.0199999999997,6,401.7399999999999,move,improve
17777,6,404.0199999999997,6,401.7399999999999,swap,notBad
17778,6,404.0199999999997,6,401.7399999999999,2opt,notBad
17779,6,404.0199999999997,6,401.7399999999999,move,improve
17780,6,404.0199999999997,6,401.7399999999999,2opt,notBad
17781,6,404.0199999999997,6,401.7399999999999,2opt,notBad
17782,6,404.0199999999997,6,401.7399999999999,2opt,notBad
17783,6,404.0199999999997,6,401.7399999999999,swap,notBad
17784,6,404.0199999999997,6,401.7399999999999,swap,notBad
17785,6,404.0199999999997,6,401.7399999999999,move,improve
17786,6,404.0199999999997,6,401.7399999999999,2opt,notBad
17787,6,404.0199999999997,6,401.7399999999999,move,improve
17788,6,404.0199999999997,6,401.7399999999999,2opt,notBad
17789,6,404.0199999999997,6,401.7399999999999,move,improve
17790,6,404.0199999999997,6,401.7399999999999,swap,notBad
17791,6,404.0199999999997,6,401.7399999999999,2opt,notBad
17792,6,404.0199999999997,6,401.7399999999999,swap,notBad
17793,6,404.0199999999997,6,401.7399999999999,swap,notBad
17794,6,404.0199999999997,6,401.7399999999999,swap,notBad
17795,6,404.0199999999997,6,401.7399999999999,swap,notBad
17796,6,404.0199999999997,6,401.7399999999999,move,improve
17797,6,404.72000000000014,6,401.7399999999999,move,acceptBad
17798,6,404.72000000000014,6,401.7399999999999,move,improve
17799,6,404.72000000000014,6,401.7399999999999,2opt,notBad
17800,6,404.72000000000014,6,401.7399999999999,swap,notBad
17801,6,404.72000000000014,6,401.7399999999999,swap,notBad
17802,6,404.72000000000014,6,401.7399999999999,swap,notBad
17803,6,404.72000000000014,6,401.7399999999999,move,improve
17804,6,404.72000000000014,6,401.7399999999999,2opt,notBad
17805,6,404.72000000000014,6,401.7399999999999,swap,notBad
17806,6,404.72000000000014,6,401.7399999999999,move,improve
17807,6,404.72000000000014,6,401.7399999999999,2opt,notBad
17808,6,404.72000000000014,6,401.7399999999999,swap,notBad
17809,6,404.72000000000014,6,401.7399999999999,swap,notBad
17810,6,404.72000000000014,6,401.7399999999999,move,improve
17811,6,404.72000000000014,6,401.7399999999999,2opt,notBad
17812,6,404.72000000000014,6,401.7399999999999,move,improve
17813,6,404.72000000000014,6,401.7399999999999,2opt,notBad
17814,6,404.72000000000014,6,401.7399999999999,2opt,notBad
17815,6,404.72000000000014,6,401.7399999999999,2opt,notBad
17816,6,404.72000000000014,6,401.7399999999999,swap,notBad
17817,6,404.72000000000014,6,401.7399999999999,2opt,notBad
17818,6,404.72000000000014,6,401.7399999999999,2opt,improve
17819,6,404.72000000000014,6,401.7399999999999,move,improve
17820,6,404.72000000000014,6,401.7399999999999,2opt,notBad
17821,6,404.72000000000014,6,401.7399999999999,2opt,notBad
17822,6,404.72000000000014,6,401.7399999999999,move,improve
17823,6,404.72000000000014,6,401.7399999999999,move,improve
17824,6,404.72000000000014,6,401.7399999999999,move,improve
17825,6,404.72000000000014,6,401.7399999999999,swap,notBad
17826,6,404.72000000000014,6,401.7399999999999,2opt,notBad
17827,6,404.72000000000014,6,401.7399999999999,2opt,notBad
17828,6,404.72000000000014,6,401.7399999999999,swap,notBad
17829,6,404.72000000000014,6,401.7399999999999,swap,notBad
17830,6,404.72000000000014,6,401.7399999999999,move,improve
17831,6,404.72000000000014,6,401.7399999999999,move,improve
17832,6,404.72000000000014,6,401.7399999999999,swap,notBad
17833,6,404.72000000000014,6,401.7399999999999,swap,notBad
17834,6,404.72000000000014,6,401.7399999999999,swap,notBad
17835,6,404.72000000000014,6,401.7399999999999,2opt,notBad
17836,6,404.72000000000014,6,401.7399999999999,move,improve
17837,6,404.72000000000014,6,401.7399999999999,swap,notBad
17838,6,404.72000000000014,6,401.7399999999999,swap,notBad
17839,6,404.72000000000014,6,401.7399999999999,move,improve
17840,6,404.72000000000014,6,401.7399999999999,move,improve
17841,6,404.72000000000014,6,401.7399999999999,swap,notBad
17842,6,404.72000000000014,6,401.7399999999999,2opt,notBad
17843,6,404.72000000000014,6,401.7399999999999,swap,notBad
17844,6,404.72000000000014,6,401.7399999999999,2opt,notBad
17845,6,404.72000000000014,6,401.7399999999999,move,improve
17846,6,404.72000000000014,6,401.7399999999999,2opt,notBad
17847,6,404.72000000000014,6,401.7399999999999,move,improve
17848,6,404.72000000000014,6,401.7399999999999,2opt,notBad
17849,6,404.72000000000014,6,401.7399999999999,2opt,notBad
17850,6,404.72000000000014,6,401.7399999999999,2opt,improve
17851,6,404.72000000000014,6,401.7399999999999,2opt,notBad
17852,6,404.72000000000014,6,401.7399999999999,move,improve
17853,6,404.72000000000014,6,401.7399999999999,2opt,notBad
17854,6,404.72000000000014,6,401.7399999999999,swap,notBad
17855,6,404.72000000000014,6,401.7399999999999,2opt,notBad
17856,6,404.72000000000014,6,401.7399999999999,move,improve
17857,6,404.72000000000014,6,401.7399999999999,swap,notBad
17858,6,404.72000000000014,6,401.7399999999999,2opt,notBad
17859,6,404.72000000000014,6,401.7399999999999,move,improve
17860,6,404.72000000000014,6,401.7399999999999,swap,notBad
17861,6,404.72000000000014,6,401.7399999999999,2opt,notBad
17862,6,404.72000000000014,6,401.7399999999999,swap,notBad
17863,6,404.72000000000014,6,401.7399999999999,2opt,notBad
17864,6,404.72000000000014,6,401.7399999999999,2opt,notBad
17865,6,404.72000000000014,6,401.7399999999999,move,improve
17866,6,404.72000000000014,6,401.7399999999999,2opt,notBad
17867,6,404.72000000000014,6,401.7399999999999,2opt,notBad
17868,6,404.72000000000014,6,401.7399999999999,2opt,notBad
17869,6,404.72000000000014,6,401.7399999999999,swap,notBad
17870,6,404.72000000000014,6,401.7399999999999,2opt,notBad
17871,6,404.72000000000014,6,401.7399999999999,swap,notBad
17872,6,404.72000000000014,6,401.7399999999999,move,improve
17873,6,404.72000000000014,6,401.7399999999999,move,improve
17874,6,404.72000000000014,6,401.7399999999999,move,improve
17875,6,404.72000000000014,6,401.7399999999999,move,improve
17876,6,404.72000000000014,6,401.7399999999999,swap,notBad
17877,6,404.72000000000014,6,401.7399999999999,2opt,notBad
17878,6,404.72000000000014,6,401.7399999999999,swap,notBad
17879,6,404.72000000000014,6,401.7399999999999,swap,notBad
17880,6,404.72000000000014,6,401.7399999999999,move,improve
17881,6,404.72000000000014,6,401.7399999999999,move,improve
17882,6,404.72000000000014,6,401.7399999999999,2opt,notBad
17883,6,404.72000000000014,6,401.7399999999999,move,improve
17884,6,404.72000000000014,6,401.7399999999999,move,improve
17885,6,404.72000000000014,6,401.7399999999999,swap,notBad
17886,6,404.72000000000014,6,401.7399999999999,swap,notBad
17887,6,404.72000000000014,6,401.7399999999999,2opt,notBad
17888,6,404.72000000000014,6,401.7399999999999,swap,notBad
17889,6,404.72000000000014,6,401.7399999999999,move,improve
17890,6,404.72000000000014,6,401.7399999999999,move,improve
17891,6,404.72000000000014,6,401.7399999999999,move,improve
17892,6,404.72000000000014,6,401.7399999999999,2opt,notBad
17893,6,404.72000000000014,6,401.7399999999999,move,improve
17894,6,404.72000000000014,6,401.7399999999999,swap,notBad
17895,6,404.72000000000014,6,401.7399999999999,swap,notBad
17896,6,404.72000000000014,6,401.7399999999999,swap,notBad
17897,6,404.72000000000014,6,401.7399999999999,move,improve
17898,6,404.72000000000014,6,401.7399999999999,swap,notBad
17899,6,404.72000000000014,6,401.7399999999999,2opt,improve
17900,6,404.72000000000014,6,401.7399999999999,swap,notBad
17901,6,404.72000000000014,6,401.7399999999999,swap,notBad
17902,6,404.72000000000014,6,401.7399999999999,move,improve
17903,6,404.72000000000014,6,401.7399999999999,move,improve
17904,6,404.72000000000014,6,401.7399999999999,2opt,notBad
17905,6,404.72000000000014,6,401.7399999999999,move,improve
17906,6,404.72000000000014,6,401.7399999999999,move,improve
17907,6,404.72000000000014,6,401.7399999999999,swap,notBad
17908,6,404.72000000000014,6,401.7399999999999,move,improve
17909,6,404.72000000000014,6,401.7399999999999,swap,notBad
17910,6,404.72000000000014,6,401.7399999999999,swap,notBad
17911,6,404.72000000000014,6,401.7399999999999,swap,notBad
17912,6,404.72000000000014,6,401.7399999999999,2opt,notBad
17913,6,404.72000000000014,6,401.7399999999999,2opt,notBad
17914,6,404.72000000000014,6,401.7399999999999,swap,notBad
17915,6,404.72000000000014,6,401.7399999999999,move,improve
17916,6,404.72000000000014,6,401.7399999999999,2opt,notBad
17917,6,404.72000000000014,6,401.7399999999999,move,improve
17918,6,404.72000000000014,6,401.7399999999999,move,improve
17919,6,404.72000000000014,6,401.7399999999999,move,improve
17920,6,404.72000000000014,6,401.7399999999999,move,improve
17921,6,404.72000000000014,6,401.7399999999999,2opt,notBad
17922,6,404.72000000000014,6,401.7399999999999,swap,notBad
17923,6,404.72000000000014,6,401.7399999999999,2opt,notBad
17924,6,404.72000000000014,6,401.7399999999999,move,improve
17925,6,404.72000000000014,6,401.7399999999999,swap,notBad
17926,6,404.72000000000014,6,401.7399999999999,2opt,notBad
17927,6,404.72000000000014,6,401.7399999999999,move,improve
17928,6,404.72000000000014,6,401.7399999999999,move,improve
17929,6,404.72000000000014,6,401.7399999999999,swap,notBad
17930,6,404.72000000000014,6,401.7399999999999,move,improve
17931,6,404.72000000000014,6,401.7399999999999,2opt,notBad
17932,6,404.72000000000014,6,401.7399999999999,move,improve
17933,6,404.72000000000014,6,401.7399999999999,2opt,notBad
17934,6,404.72000000000014,6,401.7399999999999,2opt,improve
17935,6,404.72000000000014,6,401.7399999999999,2opt,notBad
17936,6,404.72000000000014,6,401.7399999999999,2opt,notBad
17937,6,404.72000000000014,6,401.7399999999999,2opt,notBad
17938,6,404.72000000000014,6,401.7399999999999,swap,notBad
17939,6,404.72000000000014,6,401.7399999999999,swap,notBad
17940,6,404.72000000000014,6,401.7399999999999,swap,notBad
17941,6,404.72000000000014,6,401.7399999999999,move,improve
17942,6,404.72000000000014,6,401.7399999999999,swap,notBad
17943,6,404.72000000000014,6,401.7399999999999,move,improve
17944,6,404.72000000000014,6,401.7399999999999,swap,notBad
17945,6,404.72000000000014,6,401.7399999999999,swap,notBad
17946,6,404.72000000000014,6,401.7399999999999,move,improve
17947,6,404.72000000000014,6,401.7399999999999,2opt,notBad
17948,6,404.72000000000014,6,401.7399999999999,swap,notBad
17949,6,404.72000000000014,6,401.7399999999999,move,improve
17950,6,404.72000000000014,6,401.7399999999999,2opt,improve
17951,6,404.72000000000014,6,401.7399999999999,swap,notBad
17952,6,404.72000000000014,6,401.7399999999999,move,improve
17953,6,404.72000000000014,6,401.7399999999999,move,improve
17954,6,404.72000000000014,6,401.7399999999999,move,improve
17955,6,404.72000000000014,6,401.7399999999999,move,improve
17956,6,404.72000000000014,6,401.7399999999999,2opt,notBad
17957,6,404.72000000000014,6,401.7399999999999,swap,notBad
17958,6,404.72000000000014,6,401.7399999999999,swap,notBad
17959,6,404.72000000000014,6,401.7399999999999,swap,notBad
17960,6,404.72000000000014,6,401.7399999999999,2opt,improve
17961,6,404.72000000000014,6,401.7399999999999,2opt,notBad
17962,6,404.72000000000014,6,401.7399999999999,2opt,notBad
17963,6,404.72000000000014,6,401.7399999999999,move,improve
17964,6,404.72000000000014,6,401.7399999999999,2opt,notBad
17965,6,404.72000000000014,6,401.7399999999999,move,improve
17966,6,404.72000000000014,6,401.7399999999999,2opt,notBad
17967,6,404.72000000000014,6,401.7399999999999,2opt,notBad
17968,6,404.72000000000014,6,401.7399999999999,2opt,notBad
17969,6,404.72000000000014,6,401.7399999999999,move,improve
17970,6,404.72000000000014,6,401.7399999999999,2opt,notBad
17971,6,404.72000000000014,6,401.7399999999999,move,improve
17972,6,404.72000000000014,6,401.7399999999999,move,improve
17973,6,404.72000000000014,6,401.7399999999999,2opt,notBad
17974,6,404.72000000000014,6,401.7399999999999,move,improve
17975,6,404.72000000000014,6,401.7399999999999,move,improve
17976,6,404.72000000000014,6,401.7399999999999,swap,notBad
17977,6,404.72000000000014,6,401.7399999999999,move,improve
17978,6,404.72000000000014,6,401.7399999999999,2opt,notBad
17979,6,404.72000000000014,6,401.7399999999999,2opt,notBad
17980,6,404.72000000000014,6,401.7399999999999,swap,notBad
17981,6,404.72000000000014,6,401.7399999999999,move,improve
17982,6,404.72000000000014,6,401.7399999999999,2opt,notBad
17983,6,404.72000000000014,6,401.7399999999999,2opt,improve
17984,6,404.72000000000014,6,401.7399999999999,2opt,notBad
17985,6,404.72000000000014,6,401.7399999999999,swap,notBad
17986,6,404.72000000000014,6,401.7399999999999,move,improve
17987,6,404.72000000000014,6,401.7399999999999,swap,notBad
17988,6,404.72000000000014,6,401.7399999999999,move,improve
17989,6,404.72000000000014,6,401.7399999999999,move,improve
17990,6,404.72000000000014,6,401.7399999999999,2opt,notBad
17991,6,404.72000000000014,6,401.7399999999999,2opt,notBad
17992,6,404.72000000000014,6,401.7399999999999,move,improve
17993,6,404.72000000000014,6,401.7399999999999,2opt,notBad
17994,6,404.72000000000014,6,401.7399999999999,2opt,notBad
17995,6,404.72000000000014,6,401.7399999999999,swap,notBad
17996,6,404.72000000000014,6,401.7399999999999,swap,notBad
17997,6,404.72000000000014,6,401.7399999999999,2opt,notBad
17998,6,404.72000000000014,6,401.7399999999999,move,improve
17999,6,404.72000000000014,6,401.7399999999999,swap,notBad
18000,6,404.72000000000014,6,401.7399999999999,swap,notBad
18001,6,404.72000000000014,6,401.7399999999999,move,improve
18002,6,404.72000000000014,6,401.7399999999999,2opt,notBad
18003,6,404.72000000000014,6,401.7399999999999,swap,notBad
18004,6,404.72000000000014,6,401.7399999999999,swap,notBad
18005,6,404.72000000000014,6,401.7399999999999,swap,notBad
18006,6,404.72000000000014,6,401.7399999999999,2opt,notBad
18007,6,404.72000000000014,6,401.7399999999999,2opt,notBad
18008,6,404.72000000000014,6,401.7399999999999,swap,notBad
18009,6,404.72000000000014,6,401.7399999999999,2opt,improve
18010,6,404.72000000000014,6,401.7399999999999,swap,notBad
18011,6,404.72000000000014,6,401.7399999999999,2opt,notBad
18012,6,404.72000000000014,6,401.7399999999999,2opt,notBad
18013,6,404.72000000000014,6,401.7399999999999,2opt,notBad
18014,6,404.72000000000014,6,401.7399999999999,swap,notBad
18015,6,404.72000000000014,6,401.7399999999999,move,improve
18016,6,404.72000000000014,6,401.7399999999999,2opt,notBad
18017,6,404.72000000000014,6,401.7399999999999,swap,notBad
18018,6,404.72000000000014,6,401.7399999999999,move,improve
18019,6,404.72000000000014,6,401.7399999999999,move,improve
18020,6,404.72000000000014,6,401.7399999999999,move,improve
18021,6,404.72000000000014,6,401.7399999999999,2opt,notBad
18022,6,404.72000000000014,6,401.7399999999999,2opt,notBad
18023,6,404.72000000000014,6,401.7399999999999,move,improve
18024,6,404.72000000000014,6,401.7399999999999,2opt,improve
18025,6,404.72000000000014,6,401.7399999999999,move,improve
18026,6,404.72000000000014,6,401.7399999999999,2opt,notBad
18027,6,404.72000000000014,6,401.7399999999999,2opt,notBad
18028,6,404.72000000000014,6,401.7399999999999,swap,notBad
18029,6,404.72000000000014,6,401.7399999999999,move,improve
18030,6,404.72000000000014,6,401.7399999999999,move,improve
18031,6,404.72000000000014,6,401.7399999999999,2opt,notBad
18032,6,404.72000000000014,6,401.7399999999999,swap,notBad
18033,6,404.72000000000014,6,401.7399999999999,swap,notBad
18034,6,404.72000000000014,6,401.7399999999999,move,improve
18035,6,404.72000000000014,6,401.7399999999999,move,improve
18036,6,404.72000000000014,6,401.7399999999999,move,improve
18037,6,404.72000000000014,6,401.7399999999999,swap,notBad
18038,6,404.72000000000014,6,401.7399999999999,move,improve
18039,6,404.72000000000014,6,401.7399999999999,move,improve
18040,6,404.72000000000014,6,401.7399999999999,2opt,notBad
18041,6,404.72000000000014,6,401.7399999999999,2opt,notBad
18042,6,404.0199999999997,6,401.7399999999999,move,improve
18043,6,404.0199999999997,6,401.7399999999999,move,improve
18044,6,404.0199999999997,6,401.7399999999999,move,improve
18045,6,404.0199999999997,6,401.7399999999999,move,improve
18046,6,404.0199999999997,6,401.7399999999999,swap,notBad
18047,6,404.0199999999997,6,401.7399999999999,move,improve
18048,6,404.0199999999997,6,401.7399999999999,swap,notBad
18049,6,404.0199999999997,6,401.7399999999999,2opt,notBad
18050,6,404.0199999999997,6,401.7399999999999,swap,notBad
18051,6,404.0199999999997,6,401.7399999999999,2opt,notBad
18052,6,404.0199999999997,6,401.7399999999999,move,improve
18053,6,404.0199999999997,6,401.7399999999999,swap,notBad
18054,6,404.0199999999997,6,401.7399999999999,move,improve
18055,6,404.0199999999997,6,401.7399999999999,swap,notBad
18056,6,404.0199999999997,6,401.7399999999999,swap,notBad
18057,6,404.0199999999997,6,401.7399999999999,move,improve
18058,6,404.0199999999997,6,401.7399999999999,2opt,notBad
18059,6,404.0199999999997,6,401.7399999999999,2opt,notBad
18060,6,404.0199999999997,6,401.7399999999999,2opt,notBad
18061,6,404.0199999999997,6,401.7399999999999,move,improve
18062,6,404.0199999999997,6,401.7399999999999,move,improve
18063,6,404.0199999999997,6,401.7399999999999,move,improve
18064,6,404.0199999999997,6,401.7399999999999,2opt,notBad
18065,6,404.0199999999997,6,401.7399999999999,move,improve
18066,6,404.0199999999997,6,401.7399999999999,2opt,notBad
18067,6,404.0199999999997,6,401.7399999999999,2opt,notBad
18068,6,404.0199999999997,6,401.7399999999999,move,improve
18069,6,404.0199999999997,6,401.7399999999999,swap,notBad
18070,6,404.0199999999997,6,401.7399999999999,move,improve
18071,6,404.0199999999997,6,401.7399999999999,2opt,improve
18072,6,404.0199999999997,6,401.7399999999999,2opt,notBad
18073,6,404.0199999999997,6,401.7399999999999,move,improve
18074,6,404.0199999999997,6,401.7399999999999,2opt,notBad
18075,6,404.0199999999997,6,401.7399999999999,2opt,notBad
18076,6,404.0199999999997,6,401.7399999999999,swap,notBad
18077,6,404.0199999999997,6,401.7399999999999,2opt,notBad
18078,6,404.0199999999997,6,401.7399999999999,swap,notBad
18079,6,404.0199999999997,6,401.7399999999999,swap,notBad
18080,6,404.0199999999997,6,401.7399999999999,2opt,notBad
18081,6,404.0199999999997,6,401.7399999999999,swap,notBad
18082,6,404.0199999999997,6,401.7399999999999,swap,notBad
18083,6,404.0199999999997,6,401.7399999999999,move,improve
18084,6,404.0199999999997,6,401.7399999999999,move,improve
18085,6,404.0199999999997,6,401.7399999999999,swap,notBad
18086,6,404.0199999999997,6,401.7399999999999,move,improve
18087,6,404.0199999999997,6,401.7399999999999,2opt,notBad
18088,6,404.0199999999997,6,401.7399999999999,move,improve
18089,6,404.0199999999997,6,401.7399999999999,move,improve
18090,6,404.0199999999997,6,401.7399999999999,2opt,notBad
18091,6,404.0199999999997,6,401.7399999999999,2opt,notBad
18092,6,404.0199999999997,6,401.7399999999999,swap,notBad
18093,6,404.0199999999997,6,401.7399999999999,2opt,notBad
18094,6,404.0199999999997,6,401.7399999999999,2opt,improve
18095,6,404.0199999999997,6,401.7399999999999,swap,notBad
18096,6,404.0199999999997,6,401.7399999999999,2opt,notBad
18097,6,404.0199999999997,6,401.7399999999999,2opt,notBad
18098,6,404.0199999999997,6,401.7399999999999,move,improve
18099,6,404.0199999999997,6,401.7399999999999,swap,notBad
18100,6,404.0199999999997,6,401.7399999999999,2opt,notBad
18101,6,404.0199999999997,6,401.7399999999999,swap,notBad
18102,6,404.0199999999997,6,401.7399999999999,move,improve
18103,6,404.0199999999997,6,401.7399999999999,swap,notBad
18104,6,404.0199999999997,6,401.7399999999999,move,improve
18105,6,404.0199999999997,6,401.7399999999999,2opt,notBad
18106,6,404.0199999999997,6,401.7399999999999,2opt,notBad
18107,6,404.0199999999997,6,401.7399999999999,swap,notBad
18108,6,404.0199999999997,6,401.7399999999999,2opt,notBad
18109,6,404.0199999999997,6,401.7399999999999,swap,notBad
18110,6,404.0199999999997,6,401.7399999999999,2opt,notBad
18111,6,404.0199999999997,6,401.7399999999999,swap,notBad
18112,6,404.0199999999997,6,401.7399999999999,2opt,notBad
18113,6,404.0199999999997,6,401.7399999999999,2opt,notBad
18114,6,404.0199999999997,6,401.7399999999999,swap,notBad
18115,6,404.0199999999997,6,401.7399999999999,move,improve
18116,6,404.0199999999997,6,401.7399999999999,swap,notBad
18117,6,404.0199999999997,6,401.7399999999999,swap,notBad
18118,6,404.0199999999997,6,401.7399999999999,2opt,notBad
18119,6,404.0199999999997,6,401.7399999999999,swap,notBad
18120,6,404.0199999999997,6,401.7399999999999,swap,notBad
18121,6,404.0199999999997,6,401.7399999999999,move,improve
18122,6,404.0199999999997,6,401.7399999999999,swap,notBad
18123,6,404.0199999999997,6,401.7399999999999,2opt,notBad
18124,6,404.0199999999997,6,401.7399999999999,2opt,notBad
18125,6,404.0199999999997,6,401.7399999999999,swap,notBad
18126,6,404.0199999999997,6,401.7399999999999,swap,notBad
18127,6,404.0199999999997,6,401.7399999999999,move,improve
18128,6,404.0199999999997,6,401.7399999999999,swap,notBad
18129,6,404.0199999999997,6,401.7399999999999,2opt,notBad
18130,6,404.0199999999997,6,401.7399999999999,swap,notBad
18131,6,404.0199999999997,6,401.7399999999999,swap,notBad
18132,6,404.0199999999997,6,401.7399999999999,move,improve
18133,6,404.0199999999997,6,401.7399999999999,2opt,notBad
18134,6,404.0199999999997,6,401.7399999999999,2opt,notBad
18135,6,404.0199999999997,6,401.7399999999999,2opt,notBad
18136,6,404.0199999999997,6,401.7399999999999,2opt,notBad
18137,6,404.0199999999997,6,401.7399999999999,2opt,notBad
18138,6,404.0199999999997,6,401.7399999999999,move,improve
18139,6,404.0199999999997,6,401.7399999999999,2opt,notBad
18140,6,404.0199999999997,6,401.7399999999999,2opt,notBad
18141,6,404.0199999999997,6,401.7399999999999,move,improve
18142,6,404.0199999999997,6,401.7399999999999,move,improve
18143,6,404.0199999999997,6,401.7399999999999,swap,notBad
18144,6,404.0199999999997,6,401.7399999999999,2opt,notBad
18145,6,404.0199999999997,6,401.7399999999999,2opt,notBad
18146,6,404.0199999999997,6,401.7399999999999,2opt,notBad
18147,6,404.0199999999997,6,401.7399999999999,swap,notBad
18148,6,404.0199999999997,6,401.7399999999999,2opt,notBad
18149,6,404.0199999999997,6,401.7399999999999,2opt,notBad
18150,6,404.0199999999997,6,401.7399999999999,2opt,notBad
18151,6,404.0199999999997,6,401.7399999999999,2opt,improve
18152,6,404.0199999999997,6,401.7399999999999,2opt,notBad
18153,6,404.0199999999997,6,401.7399999999999,2opt,notBad
18154,6,404.0199999999997,6,401.7399999999999,2opt,notBad
18155,6,404.0199999999997,6,401.7399999999999,2opt,notBad
18156,6,404.0199999999997,6,401.7399999999999,2opt,notBad
18157,6,404.0199999999997,6,401.7399999999999,move,improve
18158,6,404.0199999999997,6,401.7399999999999,2opt,notBad
18159,6,404.0199999999997,6,401.7399999999999,swap,notBad
18160,6,404.0199999999997,6,401.7399999999999,2opt,notBad
18161,6,404.0199999999997,6,401.7399999999999,move,improve
18162,6,404.0199999999997,6,401.7399999999999,2opt,notBad
18163,6,404.0199999999997,6,401.7399999999999,2opt,notBad
18164,6,404.0199999999997,6,401.7399999999999,move,improve
18165,6,404.0199999999997,6,401.7399999999999,swap,notBad
18166,6,404.0199999999997,6,401.7399999999999,swap,notBad
18167,6,404.0199999999997,6,401.7399999999999,move,improve
18168,6,404.0199999999997,6,401.7399999999999,swap,notBad
18169,6,404.0199999999997,6,401.7399999999999,2opt,notBad
18170,6,404.0199999999997,6,401.7399999999999,swap,notBad
18171,6,404.0199999999997,6,401.7399999999999,2opt,notBad
18172,6,404.0199999999997,6,401.7399999999999,swap,notBad
18173,6,404.0199999999997,6,401.7399999999999,move,improve
18174,6,404.0199999999997,6,401.7399999999999,swap,notBad
18175,6,404.0199999999997,6,401.7399999999999,swap,notBad
18176,6,404.0199999999997,6,401.7399999999999,move,improve
18177,6,404.0199999999997,6,401.7399999999999,move,improve
18178,6,404.0199999999997,6,401.7399999999999,move,improve
18179,6,404.0199999999997,6,401.7399999999999,swap,notBad
18180,6,404.0199999999997,6,401.7399999999999,move,improve
18181,6,404.0199999999997,6,401.7399999999999,move,improve
18182,6,404.0199999999997,6,401.7399999999999,swap,notBad
18183,6,404.0199999999997,6,401.7399999999999,swap,notBad
18184,6,404.0199999999997,6,401.7399999999999,move,improve
18185,6,404.0199999999997,6,401.7399999999999,swap,notBad
18186,6,404.0199999999997,6,401.7399999999999,move,improve
18187,6,404.0199999999997,6,401.7399999999999,move,improve
18188,6,404.0199999999997,6,401.7399999999999,swap,notBad
18189,6,404.0199999999997,6,401.7399999999999,move,improve
18190,6,404.0199999999997,6,401.7399999999999,move,improve
18191,6,404.0199999999997,6,401.7399999999999,swap,notBad
18192,6,404.0199999999997,6,401.7399999999999,swap,notBad
18193,6,404.0199999999997,6,401.7399999999999,move,improve
18194,6,404.0199999999997,6,401.7399999999999,move,improve
18195,6,404.0199999999997,6,401.7399999999999,swap,notBad
18196,6,404.0199999999997,6,401.7399999999999,2opt,notBad
18197,6,404.0199999999997,6,401.7399999999999,swap,notBad
18198,6,404.0199999999997,6,401.7399999999999,swap,notBad
18199,6,404.0199999999997,6,401.7399999999999,swap,notBad
18200,6,404.0199999999997,6,401.7399999999999,move,improve
18201,6,404.0199999999997,6,401.7399999999999,move,improve
18202,6,404.0199999999997,6,401.7399999999999,swap,notBad
18203,6,404.0199999999997,6,401.7399999999999,move,improve
18204,6,404.0199999999997,6,401.7399999999999,move,improve
18205,6,404.0199999999997,6,401.7399999999999,move,improve
18206,6,404.0199999999997,6,401.7399999999999,move,improve
18207,6,404.0199999999997,6,401.7399999999999,swap,notBad
18208,6,404.0199999999997,6,401.7399999999999,move,improve
18209,6,404.0199999999997,6,401.7399999999999,move,improve
18210,6,404.0199999999997,6,401.7399999999999,swap,notBad
18211,6,404.0199999999997,6,401.7399999999999,move,improve
18212,6,404.0199999999997,6,401.7399999999999,swap,notBad
18213,6,404.0199999999997,6,401.7399999999999,swap,notBad
18214,6,404.0199999999997,6,401.7399999999999,2opt,notBad
18215,6,404.0199999999997,6,401.7399999999999,swap,notBad
18216,6,404.0199999999997,6,401.7399999999999,move,improve
18217,6,404.0199999999997,6,401.7399999999999,swap,notBad
18218,6,404.0199999999997,6,401.7399999999999,2opt,notBad
18219,6,404.0199999999997,6,401.7399999999999,2opt,notBad
18220,6,404.0199999999997,6,401.7399999999999,move,notBad
18221,6,404.0199999999997,6,401.7399999999999,2opt,notBad
18222,6,404.0199999999997,6,401.7399999999999,2opt,notBad
18223,6,404.0199999999997,6,401.7399999999999,swap,notBad
18224,6,404.0199999999997,6,401.7399999999999,2opt,notBad
18225,6,404.0199999999997,6,401.7399999999999,swap,notBad
18226,6,404.0199999999997,6,401.7399999999999,swap,notBad
18227,6,404.0199999999997,6,401.7399999999999,swap,notBad
18228,6,404.0199999999997,6,401.7399999999999,swap,notBad
18229,6,404.0199999999997,6,401.7399999999999,2opt,notBad
18230,6,404.0199999999997,6,401.7399999999999,2opt,notBad
18231,6,404.0199999999997,6,401.7399999999999,2opt,notBad
18232,6,404.0199999999997,6,401.7399999999999,2opt,notBad
18233,6,404.0199999999997,6,401.7399999999999,move,improve
18234,6,404.0199999999997,6,401.7399999999999,move,improve
18235,6,404.0199999999997,6,401.7399999999999,move,improve
18236,6,404.0199999999997,6,401.7399999999999,swap,notBad
18237,6,404.0199999999997,6,401.7399999999999,move,improve
18238,6,404.0199999999997,6,401.7399999999999,swap,notBad
18239,6,404.0199999999997,6,401.7399999999999,swap,notBad
18240,6,404.0199999999997,6,401.7399999999999,swap,notBad
18241,6,404.0199999999997,6,401.7399999999999,2opt,notBad
18242,6,404.0199999999997,6,401.7399999999999,move,improve
18243,6,404.0199999999997,6,401.7399999999999,2opt,notBad
18244,6,404.0199999999997,6,401.7399999999999,move,improve
18245,6,404.0199999999997,6,401.7399999999999,2opt,notBad
18246,6,404.0199999999997,6,401.7399999999999,move,improve
18247,6,404.0199999999997,6,401.7399999999999,swap,notBad
18248,6,404.0199999999997,6,401.7399999999999,move,improve
18249,6,404.0199999999997,6,401.7399999999999,swap,notBad
18250,6,404.0199999999997,6,401.7399999999999,swap,notBad
18251,6,404.0199999999997,6,401.7399999999999,swap,notBad
18252,6,404.0199999999997,6,401.7399999999999,move,improve
18253,6,404.0199999999997,6,401.7399999999999,swap,notBad
18254,6,404.0199999999997,6,401.7399999999999,move,improve
18255,6,404.0199999999997,6,401.7399999999999,move,improve
18256,6,404.0199999999997,6,401.7399999999999,swap,notBad
18257,6,404.0199999999997,6,401.7399999999999,2opt,notBad
18258,6,404.0199999999997,6,401.7399999999999,move,improve
18259,6,404.0199999999997,6,401.7399999999999,swap,notBad
18260,6,404.0199999999997,6,401.7399999999999,2opt,notBad
18261,6,404.0199999999997,6,401.7399999999999,move,improve
18262,6,404.0199999999997,6,401.7399999999999,move,improve
18263,6,404.0199999999997,6,401.7399999999999,2opt,notBad
18264,6,404.0199999999997,6,401.7399999999999,move,improve
18265,6,404.0199999999997,6,401.7399999999999,move,improve
18266,6,404.0199999999997,6,401.7399999999999,move,improve
18267,6,404.0199999999997,6,401.7399999999999,move,improve
18268,6,404.0199999999997,6,401.7399999999999,2opt,notBad
18269,6,404.0199999999997,6,401.7399999999999,2opt,notBad
18270,6,404.0199999999997,6,401.7399999999999,swap,notBad
18271,6,404.0199999999997,6,401.7399999999999,move,improve
18272,6,404.0199999999997,6,401.7399999999999,swap,notBad
18273,6,404.0199999999997,6,401.7399999999999,move,improve
18274,6,404.0199999999997,6,401.7399999999999,move,improve
18275,6,404.0199999999997,6,401.7399999999999,2opt,notBad
18276,6,404.0199999999997,6,401.7399999999999,2opt,notBad
18277,6,404.0199999999997,6,401.7399999999999,2opt,notBad
18278,6,404.72000000000014,6,401.7399999999999,move,acceptBad
18279,6,404.72000000000014,6,401.7399999999999,2opt,notBad
18280,6,404.72000000000014,6,401.7399999999999,move,improve
18281,6,404.72000000000014,6,401.7399999999999,move,improve
18282,6,404.72000000000014,6,401.7399999999999,swap,notBad
18283,6,404.72000000000014,6,401.7399999999999,2opt,notBad
18284,6,404.72000000000014,6,401.7399999999999,2opt,notBad
18285,6,404.72000000000014,6,401.7399999999999,move,improve
18286,6,404.72000000000014,6,401.7399999999999,swap,notBad
18287,6,404.72000000000014,6,401.7399999999999,2opt,notBad
18288,6,404.72000000000014,6,401.7399999999999,move,improve
18289,6,404.72000000000014,6,401.7399999999999,2opt,notBad
18290,6,404.72000000000014,6,401.7399999999999,swap,notBad
18291,6,404.72000000000014,6,401.7399999999999,swap,notBad
18292,6,404.72000000000014,6,401.7399999999999,move,improve
18293,6,404.72000000000014,6,401.7399999999999,2opt,notBad
18294,6,404.72000000000014,6,401.7399999999999,2opt,notBad
18295,6,404.72000000000014,6,401.7399999999999,swap,notBad
18296,6,404.72000000000014,6,401.7399999999999,move,improve
18297,6,404.72000000000014,6,401.7399999999999,move,improve
18298,6,404.72000000000014,6,401.7399999999999,swap,notBad
18299,6,404.72000000000014,6,401.7399999999999,2opt,notBad
18300,6,404.72000000000014,6,401.7399999999999,swap,notBad
18301,6,404.72000000000014,6,401.7399999999999,swap,notBad
18302,6,404.72000000000014,6,401.7399999999999,swap,notBad
18303,6,404.72000000000014,6,401.7399999999999,move,improve
18304,6,404.72000000000014,6,401.7399999999999,move,improve
18305,6,404.72000000000014,6,401.7399999999999,move,improve
18306,6,404.72000000000014,6,401.7399999999999,swap,notBad
18307,6,404.72000000000014,6,401.7399999999999,2opt,notBad
18308,6,404.72000000000014,6,401.7399999999999,swap,notBad
18309,6,404.72000000000014,6,401.7399999999999,move,improve
18310,6,404.72000000000014,6,401.7399999999999,swap,notBad
18311,6,404.72000000000014,6,401.7399999999999,2opt,notBad
18312,6,404.72000000000014,6,401.7399999999999,2opt,notBad
18313,6,404.72000000000014,6,401.7399999999999,2opt,notBad
18314,6,404.72000000000014,6,401.7399999999999,swap,notBad
18315,6,404.72000000000014,6,401.7399999999999,move,improve
18316,6,404.72000000000014,6,401.7399999999999,move,improve
18317,6,404.72000000000014,6,401.7399999999999,swap,notBad
18318,6,404.72000000000014,6,401.7399999999999,swap,notBad
18319,6,404.72000000000014,6,401.7399999999999,2opt,notBad
18320,6,404.72000000000014,6,401.7399999999999,swap,notBad
18321,6,404.72000000000014,6,401.7399999999999,2opt,notBad
18322,6,404.72000000000014,6,401.7399999999999,swap,notBad
18323,6,404.72000000000014,6,401.7399999999999,2opt,notBad
18324,6,404.72000000000014,6,401.7399999999999,2opt,notBad
18325,6,404.72000000000014,6,401.7399999999999,swap,notBad
18326,6,404.72000000000014,6,401.7399999999999,2opt,notBad
18327,6,404.72000000000014,6,401.7399999999999,2opt,notBad
18328,6,404.72000000000014,6,401.7399999999999,2opt,improve
18329,6,404.72000000000014,6,401.7399999999999,swap,notBad
18330,6,404.72000000000014,6,401.7399999999999,move,improve
18331,6,404.72000000000014,6,401.7399999999999,swap,notBad
18332,6,404.72000000000014,6,401.7399999999999,move,improve
18333,6,404.72000000000014,6,401.7399999999999,2opt,notBad
18334,6,404.72000000000014,6,401.7399999999999,swap,notBad
18335,6,404.72000000000014,6,401.7399999999999,2opt,notBad
18336,6,404.72000000000014,6,401.7399999999999,2opt,notBad
18337,6,404.72000000000014,6,401.7399999999999,swap,notBad
18338,6,404.72000000000014,6,401.7399999999999,2opt,notBad
18339,6,404.72000000000014,6,401.7399999999999,swap,notBad
18340,6,404.72000000000014,6,401.7399999999999,2opt,notBad
18341,6,404.72000000000014,6,401.7399999999999,2opt,notBad
18342,6,404.72000000000014,6,401.7399999999999,2opt,notBad
18343,6,404.72000000000014,6,401.7399999999999,move,improve
18344,6,404.72000000000014,6,401.7399999999999,swap,notBad
18345,6,404.72000000000014,6,401.7399999999999,2opt,notBad
18346,6,404.72000000000014,6,401.7399999999999,move,improve
18347,6,404.72000000000014,6,401.7399999999999,move,improve
18348,6,404.72000000000014,6,401.7399999999999,2opt,notBad
18349,6,404.72000000000014,6,401.7399999999999,swap,notBad
18350,6,404.72000000000014,6,401.7399999999999,2opt,notBad
18351,6,404.72000000000014,6,401.7399999999999,move,improve
18352,6,404.72000000000014,6,401.7399999999999,2opt,notBad
18353,6,404.72000000000014,6,401.7399999999999,2opt,notBad
18354,6,404.72000000000014,6,401.7399999999999,2opt,notBad
18355,6,404.72000000000014,6,401.7399999999999,2opt,notBad
18356,6,404.72000000000014,6,401.7399999999999,move,improve
18357,6,404.72000000000014,6,401.7399999999999,move,improve
18358,6,404.72000000000014,6,401.7399999999999,2opt,notBad
18359,6,404.72000000000014,6,401.7399999999999,2opt,improve
18360,6,404.72000000000014,6,401.7399999999999,swap,notBad
18361,6,404.72000000000014,6,401.7399999999999,2opt,notBad
18362,6,404.72000000000014,6,401.7399999999999,2opt,notBad
18363,6,404.72000000000014,6,401.7399999999999,move,improve
18364,6,404.72000000000014,6,401.7399999999999,move,improve
18365,6,404.72000000000014,6,401.7399999999999,2opt,notBad
18366,6,404.72000000000014,6,401.7399999999999,swap,notBad
18367,6,404.72000000000014,6,401.7399999999999,swap,notBad
18368,6,404.72000000000014,6,401.7399999999999,2opt,notBad
18369,6,404.72000000000014,6,401.7399999999999,swap,notBad
18370,6,404.72000000000014,6,401.7399999999999,swap,notBad
18371,6,404.72000000000014,6,401.7399999999999,2opt,notBad
18372,6,404.72000000000014,6,401.7399999999999,swap,notBad
18373,6,404.72000000000014,6,401.7399999999999,move,improve
18374,6,404.72000000000014,6,401.7399999999999,move,improve
18375,6,404.72000000000014,6,401.7399999999999,swap,notBad
18376,6,404.72000000000014,6,401.7399999999999,swap,notBad
18377,6,404.72000000000014,6,401.7399999999999,move,improve
18378,6,404.72000000000014,6,401.7399999999999,move,improve
18379,6,404.72000000000014,6,401.7399999999999,swap,notBad
18380,6,404.72000000000014,6,401.7399999999999,2opt,improve
18381,6,404.72000000000014,6,401.7399999999999,move,improve
18382,6,404.72000000000014,6,401.7399999999999,swap,notBad
18383,6,404.72000000000014,6,401.7399999999999,swap,notBad
18384,6,404.72000000000014,6,401.7399999999999,move,improve
18385,6,404.72000000000014,6,401.7399999999999,move,improve
18386,6,404.72000000000014,6,401.7399999999999,swap,notBad
18387,6,404.72000000000014,6,401.7399999999999,2opt,notBad
18388,6,404.72000000000014,6,401.7399999999999,move,improve
18389,6,404.72000000000014,6,401.7399999999999,2opt,notBad
18390,6,404.72000000000014,6,401.7399999999999,move,improve
18391,6,404.72000000000014,6,401.7399999999999,2opt,notBad
18392,6,404.72000000000014,6,401.7399999999999,2opt,notBad
18393,6,404.72000000000014,6,401.7399999999999,swap,notBad
18394,6,404.72000000000014,6,401.7399999999999,2opt,notBad
18395,6,404.72000000000014,6,401.7399999999999,2opt,improve
18396,6,404.72000000000014,6,401.7399999999999,2opt,improve
18397,6,404.72000000000014,6,401.7399999999999,2opt,notBad
18398,6,404.72000000000014,6,401.7399999999999,move,improve
18399,6,404.72000000000014,6,401.7399999999999,2opt,notBad
18400,6,404.72000000000014,6,401.7399999999999,2opt,notBad
18401,6,404.0199999999997,6,401.7399999999999,move,improve
18402,6,404.0199999999997,6,401.7399999999999,swap,notBad
18403,6,404.0199999999997,6,401.7399999999999,move,improve
18404,6,404.0199999999997,6,401.7399999999999,swap,notBad
18405,6,404.0199999999997,6,401.7399999999999,2opt,notBad
18406,6,404.0199999999997,6,401.7399999999999,2opt,notBad
18407,6,404.0199999999997,6,401.7399999999999,2opt,notBad
18408,6,404.0199999999997,6,401.7399999999999,2opt,notBad
18409,6,404.0199999999997,6,401.7399999999999,move,improve
18410,6,404.0199999999997,6,401.7399999999999,move,improve
18411,6,404.0199999999997,6,401.7399999999999,2opt,notBad
18412,6,404.0199999999997,6,401.7399999999999,move,improve
18413,6,404.0199999999997,6,401.7399999999999,2opt,notBad
18414,6,404.0199999999997,6,401.7399999999999,2opt,notBad
18415,6,404.0199999999997,6,401.7399999999999,move,improve
18416,6,404.0199999999997,6,401.7399999999999,2opt,notBad
18417,6,404.0199999999997,6,401.7399999999999,swap,notBad
18418,6,404.0199999999997,6,401.7399999999999,2opt,notBad
18419,6,404.0199999999997,6,401.7399999999999,2opt,notBad
18420,6,404.0199999999997,6,401.7399999999999,swap,notBad
18421,6,404.0199999999997,6,401.7399999999999,swap,notBad
18422,6,404.0199999999997,6,401.7399999999999,move,improve
18423,6,404.0199999999997,6,401.7399999999999,move,improve
18424,6,404.0199999999997,6,401.7399999999999,move,improve
18425,6,404.0199999999997,6,401.7399999999999,swap,notBad
18426,6,404.0199999999997,6,401.7399999999999,move,improve
18427,6,404.0199999999997,6,401.7399999999999,move,improve
18428,6,404.0199999999997,6,401.7399999999999,2opt,notBad
18429,6,404.0199999999997,6,401.7399999999999,move,improve
18430,6,404.0199999999997,6,401.7399999999999,move,improve
18431,6,404.0199999999997,6,401.7399999999999,2opt,notBad
18432,6,404.0199999999997,6,401.7399999999999,2opt,notBad
18433,6,404.0199999999997,6,401.7399999999999,move,improve
18434,6,404.0199999999997,6,401.7399999999999,2opt,notBad
18435,6,404.0199999999997,6,401.7399999999999,move,improve
18436,6,404.0199999999997,6,401.7399999999999,move,improve
18437,6,404.0199999999997,6,401.7399999999999,swap,notBad
18438,6,404.0199999999997,6,401.7399999999999,swap,notBad
18439,6,404.0199999999997,6,401.7399999999999,move,improve
18440,6,404.0199999999997,6,401.7399999999999,swap,notBad
18441,6,404.0199999999997,6,401.7399999999999,2opt,notBad
18442,6,404.0199999999997,6,401.7399999999999,move,improve
18443,6,404.0199999999997,6,401.7399999999999,2opt,notBad
18444,6,404.0199999999997,6,401.7399999999999,move,improve
18445,6,404.0199999999997,6,401.7399999999999,2opt,notBad
18446,6,404.0199999999997,6,401.7399999999999,move,notBad
18447,6,404.0199999999997,6,401.7399999999999,move,improve
18448,6,404.0199999999997,6,401.7399999999999,2opt,notBad
18449,6,404.0199999999997,6,401.7399999999999,2opt,notBad
18450,6,404.0199999999997,6,401.7399999999999,2opt,notBad
18451,6,404.0199999999997,6,401.7399999999999,2opt,notBad
18452,6,404.0199999999997,6,401.7399999999999,2opt,notBad
18453,6,404.0199999999997,6,401.7399999999999,move,improve
18454,6,404.0199999999997,6,401.7399999999999,2opt,notBad
18455,6,404.0199999999997,6,401.7399999999999,2opt,notBad
18456,6,404.0199999999997,6,401.7399999999999,swap,notBad
18457,6,404.0199999999997,6,401.7399999999999,swap,notBad
18458,6,404.0199999999997,6,401.7399999999999,2opt,notBad
18459,6,404.0199999999997,6,401.7399999999999,swap,notBad
18460,6,404.0199999999997,6,401.7399999999999,swap,notBad
18461,6,404.0199999999997,6,401.7399999999999,swap,notBad
18462,6,404.0199999999997,6,401.7399999999999,swap,notBad
18463,6,404.0199999999997,6,401.7399999999999,move,notBad
18464,6,404.0199999999997,6,401.7399999999999,swap,notBad
18465,6,404.0199999999997,6,401.7399999999999,swap,notBad
18466,6,404.0199999999997,6,401.7399999999999,swap,notBad
18467,6,404.0199999999997,6,401.7399999999999,swap,notBad
18468,6,404.0199999999997,6,401.7399999999999,2opt,notBad
18469,6,404.0199999999997,6,401.7399999999999,move,improve
18470,6,404.0199999999997,6,401.7399999999999,swap,notBad
18471,6,404.0199999999997,6,401.7399999999999,move,improve
18472,6,404.0199999999997,6,401.7399999999999,2opt,notBad
18473,6,404.0199999999997,6,401.7399999999999,move,improve
18474,6,404.0199999999997,6,401.7399999999999,swap,notBad
18475,6,404.0199999999997,6,401.7399999999999,swap,notBad
18476,6,404.0199999999997,6,401.7399999999999,2opt,notBad
18477,6,404.0199999999997,6,401.7399999999999,swap,notBad
18478,6,404.0199999999997,6,401.7399999999999,2opt,notBad
18479,6,404.0199999999997,6,401.7399999999999,2opt,notBad
18480,6,404.0199999999997,6,401.7399999999999,move,improve
18481,6,404.0199999999997,6,401.7399999999999,swap,notBad
18482,6,404.0199999999997,6,401.7399999999999,2opt,notBad
18483,6,404.0199999999997,6,401.7399999999999,move,improve
18484,6,404.0199999999997,6,401.7399999999999,2opt,notBad
18485,6,404.0199999999997,6,401.7399999999999,move,improve
18486,6,404.0199999999997,6,401.7399999999999,move,improve
18487,6,404.0199999999997,6,401.7399999999999,2opt,notBad
18488,6,404.0199999999997,6,401.7399999999999,2opt,notBad
18489,6,404.0199999999997,6,401.7399999999999,2opt,notBad
18490,6,404.0199999999997,6,401.7399999999999,move,improve
18491,6,404.0199999999997,6,401.7399999999999,2opt,notBad
18492,6,404.0199999999997,6,401.7399999999999,2opt,notBad
18493,6,404.0199999999997,6,401.7399999999999,2opt,notBad
18494,6,404.0199999999997,6,401.7399999999999,swap,notBad
18495,6,404.0199999999997,6,401.7399999999999,swap,notBad
18496,6,404.0199999999997,6,401.7399999999999,move,improve
18497,6,404.0199999999997,6,401.7399999999999,swap,notBad
18498,6,404.0199999999997,6,401.7399999999999,swap,notBad
18499,6,404.0199999999997,6,401.7399999999999,swap,notBad
18500,6,404.0199999999997,6,401.7399999999999,swap,notBad
18501,6,404.0199999999997,6,401.7399999999999,2opt,notBad
18502,6,404.0199999999997,6,401.7399999999999,swap,notBad
18503,6,404.0199999999997,6,401.7399999999999,2opt,notBad
18504,6,404.0199999999997,6,401.7399999999999,move,improve
18505,6,404.0199999999997,6,401.7399999999999,move,improve
18506,6,404.0199999999997,6,401.7399999999999,2opt,notBad
18507,6,404.0199999999997,6,401.7399999999999,2opt,notBad
18508,6,404.0199999999997,6,401.7399999999999,swap,notBad
18509,6,404.0199999999997,6,401.7399999999999,2opt,improve
18510,6,404.0199999999997,6,401.7399999999999,swap,notBad
18511,6,404.0199999999997,6,401.7399999999999,swap,notBad
18512,6,404.0199999999997,6,401.7399999999999,swap,notBad
18513,6,404.0199999999997,6,401.7399999999999,swap,notBad
18514,6,404.0199999999997,6,401.7399999999999,2opt,notBad
18515,6,404.0199999999997,6,401.7399999999999,swap,notBad
18516,6,404.0199999999997,6,401.7399999999999,swap,notBad
18517,6,404.0199999999997,6,401.7399999999999,swap,notBad
18518,6,404.0199999999997,6,401.7399999999999,2opt,notBad
18519,6,404.0199999999997,6,401.7399999999999,swap,notBad
18520,6,404.0199999999997,6,401.7399999999999,2opt,notBad
18521,6,404.0199999999997,6,401.7399999999999,2opt,notBad
18522,6,404.0199999999997,6,401.7399999999999,swap,notBad
18523,6,404.0199999999997,6,401.7399999999999,swap,notBad
18524,6,404.0199999999997,6,401.7399999999999,swap,notBad
18525,6,404.0199999999997,6,401.7399999999999,swap,notBad
18526,6,404.0199999999997,6,401.7399999999999,move,improve
18527,6,404.0199999999997,6,401.7399999999999,2opt,notBad
18528,6,404.0199999999997,6,401.7399999999999,swap,notBad
18529,6,404.0199999999997,6,401.7399999999999,2opt,notBad
18530,6,404.0199999999997,6,401.7399999999999,2opt,notBad
18531,6,404.0199999999997,6,401.7399999999999,move,improve
18532,6,404.0199999999997,6,401.7399999999999,move,improve
18533,6,404.0199999999997,6,401.7399999999999,swap,notBad
18534,6,404.0199999999997,6,401.7399999999999,swap,notBad
18535,6,404.0199999999997,6,401.7399999999999,2opt,notBad
18536,6,404.0199999999997,6,401.7399999999999,move,improve
18537,6,404.0199999999997,6,401.7399999999999,2opt,notBad
18538,6,404.0199999999997,6,401.7399999999999,move,improve
18539,6,404.0199999999997,6,401.7399999999999,swap,notBad
18540,6,404.0199999999997,6,401.7399999999999,2opt,improve
18541,6,404.0199999999997,6,401.7399999999999,move,improve
18542,6,404.0199999999997,6,401.7399999999999,2opt,notBad
18543,6,404.0199999999997,6,401.7399999999999,2opt,notBad
18544,6,404.0199999999997,6,401.7399999999999,move,improve
18545,6,404.0199999999997,6,401.7399999999999,swap,notBad
18546,6,404.0199999999997,6,401.7399999999999,2opt,improve
18547,6,404.0199999999997,6,401.7399999999999,2opt,improve
18548,6,404.0199999999997,6,401.7399999999999,move,improve
18549,6,404.0199999999997,6,401.7399999999999,swap,notBad
18550,6,404.0199999999997,6,401.7399999999999,swap,notBad
18551,6,404.0199999999997,6,401.7399999999999,2opt,notBad
18552,6,404.0199999999997,6,401.7399999999999,swap,notBad
18553,6,404.0199999999997,6,401.7399999999999,2opt,notBad
18554,6,404.0199999999997,6,401.7399999999999,move,improve
18555,6,404.0199999999997,6,401.7399999999999,swap,notBad
18556,6,404.0199999999997,6,401.7399999999999,swap,notBad
18557,6,404.0199999999997,6,401.7399999999999,swap,notBad
18558,6,404.0199999999997,6,401.7399999999999,move,improve
18559,6,404.0199999999997,6,401.7399999999999,2opt,notBad
18560,6,404.0199999999997,6,401.7399999999999,2opt,notBad
18561,6,404.0199999999997,6,401.7399999999999,swap,notBad
18562,6,404.0199999999997,6,401.7399999999999,move,improve
18563,6,404.0199999999997,6,401.7399999999999,move,improve
18564,6,404.0199999999997,6,401.7399999999999,2opt,notBad
18565,6,404.0199999999997,6,401.7399999999999,swap,notBad
18566,6,404.0199999999997,6,401.7399999999999,move,improve
18567,6,404.0199999999997,6,401.7399999999999,move,improve
18568,6,404.0199999999997,6,401.7399999999999,move,improve
18569,6,404.0199999999997,6,401.7399999999999,swap,notBad
18570,6,404.0199999999997,6,401.7399999999999,move,improve
18571,6,404.0199999999997,6,401.7399999999999,swap,notBad
18572,6,404.0199999999997,6,401.7399999999999,2opt,notBad
18573,6,404.0199999999997,6,401.7399999999999,swap,notBad
18574,6,404.0199999999997,6,401.7399999999999,swap,notBad
18575,6,404.0199999999997,6,401.7399999999999,swap,notBad
18576,6,404.0199999999997,6,401.7399999999999,move,improve
18577,6,404.0199999999997,6,401.7399999999999,swap,notBad
18578,6,404.0199999999997,6,401.7399999999999,move,improve
18579,6,404.0199999999997,6,401.7399999999999,swap,notBad
18580,6,404.0199999999997,6,401.7399999999999,move,improve
18581,6,404.0199999999997,6,401.7399999999999,swap,notBad
18582,6,404.0199999999997,6,401.7399999999999,move,improve
18583,6,404.0199999999997,6,401.7399999999999,2opt,notBad
18584,6,404.0199999999997,6,401.7399999999999,move,improve
18585,6,404.0199999999997,6,401.7399999999999,swap,notBad
18586,6,404.0199999999997,6,401.7399999999999,move,improve
18587,6,404.0199999999997,6,401.7399999999999,2opt,notBad
18588,6,404.0199999999997,6,401.7399999999999,2opt,notBad
18589,6,404.0199999999997,6,401.7399999999999,move,improve
18590,6,404.0199999999997,6,401.7399999999999,swap,notBad
18591,6,404.0199999999997,6,401.7399999999999,2opt,notBad
18592,6,404.0199999999997,6,401.7399999999999,swap,notBad
18593,6,404.0199999999997,6,401.7399999999999,move,improve
18594,6,404.0199999999997,6,401.7399999999999,swap,notBad
18595,6,404.0199999999997,6,401.7399999999999,2opt,notBad
18596,6,404.0199999999997,6,401.7399999999999,swap,notBad
18597,6,404.0199999999997,6,401.7399999999999,swap,notBad
18598,6,404.0199999999997,6,401.7399999999999,2opt,notBad
18599,6,404.72000000000014,6,401.7399999999999,move,acceptBad
18600,6,404.72000000000014,6,401.7399999999999,2opt,notBad
18601,6,404.72000000000014,6,401.7399999999999,move,improve
18602,6,404.72000000000014,6,401.7399999999999,swap,notBad
18603,6,404.72000000000014,6,401.7399999999999,swap,notBad
18604,6,404.72000000000014,6,401.7399999999999,2opt,notBad
18605,6,404.72000000000014,6,401.7399999999999,swap,notBad
18606,6,404.72000000000014,6,401.7399999999999,2opt,notBad
18607,6,404.72000000000014,6,401.7399999999999,swap,notBad
18608,6,404.72000000000014,6,401.7399999999999,move,improve
18609,6,404.72000000000014,6,401.7399999999999,2opt,notBad
18610,6,404.72000000000014,6,401.7399999999999,swap,notBad
18611,6,404.72000000000014,6,401.7399999999999,2opt,notBad
18612,6,404.72000000000014,6,401.7399999999999,2opt,notBad
18613,6,404.72000000000014,6,401.7399999999999,2opt,notBad
18614,6,404.72000000000014,6,401.7399999999999,2opt,notBad
18615,6,404.72000000000014,6,401.7399999999999,2opt,notBad
18616,6,404.72000000000014,6,401.7399999999999,2opt,notBad
18617,6,404.72000000000014,6,401.7399999999999,2opt,notBad
18618,6,404.72000000000014,6,401.7399999999999,move,improve
18619,6,404.72000000000014,6,401.7399999999999,2opt,notBad
18620,6,404.72000000000014,6,401.7399999999999,move,improve
18621,6,404.72000000000014,6,401.7399999999999,2opt,notBad
18622,6,404.72000000000014,6,401.7399999999999,2opt,notBad
18623,6,404.72000000000014,6,401.7399999999999,2opt,notBad
18624,6,404.72000000000014,6,401.7399999999999,move,improve
18625,6,404.72000000000014,6,401.7399999999999,2opt,notBad
18626,6,404.72000000000014,6,401.7399999999999,move,improve
18627,6,404.72000000000014,6,401.7399999999999,swap,notBad
18628,6,404.72000000000014,6,401.7399999999999,move,improve
18629,6,404.72000000000014,6,401.7399999999999,move,improve
18630,6,404.72000000000014,6,401.7399999999999,swap,notBad
18631,6,404.72000000000014,6,401.7399999999999,2opt,notBad
18632,6,404.72000000000014,6,401.7399999999999,swap,notBad
18633,6,404.72000000000014,6,401.7399999999999,move,improve
18634,6,404.72000000000014,6,401.7399999999999,swap,notBad
18635,6,404.72000000000014,6,401.7399999999999,2opt,notBad
18636,6,404.72000000000014,6,401.7399999999999,move,improve
18637,6,404.72000000000014,6,401.7399999999999,swap,notBad
18638,6,404.72000000000014,6,401.7399999999999,move,improve
18639,6,404.72000000000014,6,401.7399999999999,move,improve
18640,6,404.72000000000014,6,401.7399999999999,move,improve
18641,6,404.72000000000014,6,401.7399999999999,2opt,notBad
18642,6,404.72000000000014,6,401.7399999999999,2opt,notBad
18643,6,404.72000000000014,6,401.7399999999999,move,improve
18644,6,404.72000000000014,6,401.7399999999999,swap,notBad
18645,6,404.72000000000014,6,401.7399999999999,2opt,improve
18646,6,404.72000000000014,6,401.7399999999999,move,improve
18647,6,404.72000000000014,6,401.7399999999999,swap,notBad
18648,6,404.72000000000014,6,401.7399999999999,swap,notBad
18649,6,404.72000000000014,6,401.7399999999999,2opt,notBad
18650,6,404.72000000000014,6,401.7399999999999,move,improve
18651,6,404.72000000000014,6,401.7399999999999,swap,notBad
18652,6,404.72000000000014,6,401.7399999999999,2opt,notBad
18653,6,404.72000000000014,6,401.7399999999999,2opt,notBad
18654,6,404.72000000000014,6,401.7399999999999,swap,notBad
18655,6,404.72000000000014,6,401.7399999999999,swap,notBad
18656,6,404.72000000000014,6,401.7399999999999,swap,notBad
18657,6,404.72000000000014,6,401.7399999999999,2opt,notBad
18658,6,404.72000000000014,6,401.7399999999999,swap,notBad
18659,6,404.72000000000014,6,401.7399999999999,2opt,improve
18660,6,404.72000000000014,6,401.7399999999999,2opt,notBad
18661,6,404.72000000000014,6,401.7399999999999,2opt,notBad
18662,6,404.72000000000014,6,401.7399999999999,2opt,notBad
18663,6,404.72000000000014,6,401.7399999999999,swap,notBad
18664,6,404.72000000000014,6,401.7399999999999,move,improve
18665,6,404.72000000000014,6,401.7399999999999,move,improve
18666,6,404.72000000000014,6,401.7399999999999,2opt,notBad
18667,6,404.72000000000014,6,401.7399999999999,2opt,notBad
18668,6,404.72000000000014,6,401.7399999999999,swap,notBad
18669,6,404.72000000000014,6,401.7399999999999,swap,notBad
18670,6,404.72000000000014,6,401.7399999999999,swap,notBad
18671,6,404.72000000000014,6,401.7399999999999,move,improve
18672,6,404.72000000000014,6,401.7399999999999,swap,notBad
18673,6,404.72000000000014,6,401.7399999999999,2opt,improve
18674,6,404.72000000000014,6,401.7399999999999,2opt,notBad
18675,6,404.72000000000014,6,401.7399999999999,move,improve
18676,6,404.72000000000014,6,401.7399999999999,swap,notBad
18677,6,404.72000000000014,6,401.7399999999999,2opt,notBad
18678,6,404.72000000000014,6,401.7399999999999,swap,notBad
18679,6,404.72000000000014,6,401.7399999999999,move,improve
18680,6,404.0199999999997,6,401.7399999999999,swap,improve
18681,6,404.0199999999997,6,401.7399999999999,2opt,notBad
18682,6,404.0199999999997,6,401.7399999999999,move,improve
18683,6,404.0199999999997,6,401.7399999999999,2opt,notBad
18684,6,404.0199999999997,6,401.7399999999999,2opt,notBad
18685,6,404.0199999999997,6,401.7399999999999,move,improve
18686,6,404.0199999999997,6,401.7399999999999,swap,notBad
18687,6,404.0199999999997,6,401.7399999999999,move,improve
18688,6,404.0199999999997,6,401.7399999999999,move,improve
18689,6,404.0199999999997,6,401.7399999999999,swap,notBad
18690,6,404.0199999999997,6,401.7399999999999,2opt,notBad
18691,6,404.0199999999997,6,401.7399999999999,move,improve
18692,6,404.0199999999997,6,401.7399999999999,2opt,improve
18693,6,404.0199999999997,6,401.7399999999999,swap,notBad
18694,6,404.0199999999997,6,401.7399999999999,swap,notBad
18695,6,404.0199999999997,6,401.7399999999999,swap,notBad
18696,6,404.0199999999997,6,401.7399999999999,move,improve
18697,6,404.0199999999997,6,401.7399999999999,2opt,improve
18698,6,404.0199999999997,6,401.7399999999999,2opt,notBad
18699,6,404.0199999999997,6,401.7399999999999,move,improve
18700,6,404.0199999999997,6,401.7399999999999,swap,notBad
18701,6,404.0199999999997,6,401.7399999999999,move,improve
18702,6,404.0199999999997,6,401.7399999999999,move,improve
18703,6,404.0199999999997,6,401.7399999999999,move,improve
18704,6,404.0199999999997,6,401.7399999999999,2opt,notBad
18705,6,404.0199999999997,6,401.7399999999999,swap,notBad
18706,6,404.0199999999997,6,401.7399999999999,move,improve
18707,6,404.0199999999997,6,401.7399999999999,move,improve
18708,6,404.0199999999997,6,401.7399999999999,2opt,notBad
18709,6,404.0199999999997,6,401.7399999999999,move,improve
18710,6,404.0199999999997,6,401.7399999999999,2opt,notBad
18711,6,404.0199999999997,6,401.7399999999999,2opt,notBad
18712,6,404.0199999999997,6,401.7399999999999,move,improve
18713,6,404.0199999999997,6,401.7399999999999,swap,notBad
18714,6,404.0199999999997,6,401.7399999999999,move,improve
18715,6,404.0199999999997,6,401.7399999999999,swap,notBad
18716,6,404.0199999999997,6,401.7399999999999,2opt,notBad
18717,6,404.0199999999997,6,401.7399999999999,move,improve
18718,6,404.0199999999997,6,401.7399999999999,2opt,notBad
18719,6,404.0199999999997,6,401.7399999999999,swap,notBad
18720,6,404.0199999999997,6,401.7399999999999,swap,notBad
18721,6,404.0199999999997,6,401.7399999999999,2opt,notBad
18722,6,404.0199999999997,6,401.7399999999999,swap,notBad
18723,6,404.0199999999997,6,401.7399999999999,swap,notBad
18724,6,404.0199999999997,6,401.7399999999999,2opt,notBad
18725,6,404.0199999999997,6,401.7399999999999,swap,notBad
18726,6,404.0199999999997,6,401.7399999999999,2opt,notBad
18727,6,404.0199999999997,6,401.7399999999999,swap,notBad
18728,6,404.0199999999997,6,401.7399999999999,move,improve
18729,6,404.0199999999997,6,401.7399999999999,move,improve
18730,6,404.0199999999997,6,401.7399999999999,move,improve
18731,6,404.0199999999997,6,401.7399999999999,2opt,notBad
18732,6,404.0199999999997,6,401.7399999999999,swap,notBad
18733,6,404.0199999999997,6,401.7399999999999,2opt,notBad
18734,6,404.0199999999997,6,401.7399999999999,2opt,notBad
18735,6,404.0199999999997,6,401.7399999999999,2opt,notBad
18736,6,404.0199999999997,6,401.7399999999999,2opt,notBad
18737,6,404.0199999999997,6,401.7399999999999,move,improve
18738,6,404.0199999999997,6,401.7399999999999,move,improve
18739,6,404.0199999999997,6,401.7399999999999,2opt,notBad
18740,6,404.0199999999997,6,401.7399999999999,swap,notBad
18741,6,404.0199999999997,6,401.7399999999999,swap,notBad
18742,6,404.0199999999997,6,401.7399999999999,2opt,notBad
18743,6,404.0199999999997,6,401.7399999999999,2opt,notBad
18744,6,404.0199999999997,6,401.7399999999999,move,improve
18745,6,404.0199999999997,6,401.7399999999999,swap,notBad
18746,6,404.0199999999997,6,401.7399999999999,2opt,improve
18747,6,404.0199999999997,6,401.7399999999999,swap,notBad
18748,6,404.0199999999997,6,401.7399999999999,swap,notBad
18749,6,404.0199999999997,6,401.7399999999999,2opt,notBad
18750,6,404.0199999999997,6,401.7399999999999,move,improve
18751,6,404.0199999999997,6,401.7399999999999,swap,notBad
18752,6,404.0199999999997,6,401.7399999999999,move,improve
18753,6,404.0199999999997,6,401.7399999999999,swap,notBad
18754,6,404.0199999999997,6,401.7399999999999,swap,notBad
18755,6,404.0199999999997,6,401.7399999999999,2opt,notBad
18756,6,404.0199999999997,6,401.7399999999999,swap,notBad
18757,6,404.0199999999997,6,401.7399999999999,move,improve
18758,6,404.0199999999997,6,401.7399999999999,move,improve
18759,6,404.0199999999997,6,401.7399999999999,2opt,notBad
18760,6,404.0199999999997,6,401.7399999999999,swap,notBad
18761,6,404.0199999999997,6,401.7399999999999,swap,notBad
18762,6,404.0199999999997,6,401.7399999999999,swap,notBad
18763,6,404.0199999999997,6,401.7399999999999,move,improve
18764,6,404.0199999999997,6,401.7399999999999,move,improve
18765,6,404.0199999999997,6,401.7399999999999,2opt,improve
18766,6,404.0199999999997,6,401.7399999999999,swap,notBad
18767,6,404.0199999999997,6,401.7399999999999,move,improve
18768,6,404.0199999999997,6,401.7399999999999,move,improve
18769,6,404.0199999999997,6,401.7399999999999,2opt,notBad
18770,6,404.0199999999997,6,401.7399999999999,swap,notBad
18771,6,404.0199999999997,6,401.7399999999999,swap,notBad
18772,6,404.0199999999997,6,401.7399999999999,2opt,notBad
18773,6,404.0199999999997,6,401.7399999999999,swap,notBad
18774,6,404.0199999999997,6,401.7399999999999,move,improve
18775,6,404.0199999999997,6,401.7399999999999,swap,notBad
18776,6,404.0199999999997,6,401.7399999999999,swap,notBad
18777,6,404.0199999999997,6,401.7399999999999,swap,notBad
18778,6,404.0199999999997,6,401.7399999999999,move,improve
18779,6,404.0199999999997,6,401.7399999999999,2opt,improve
18780,6,404.0199999999997,6,401.7399999999999,swap,notBad
18781,6,404.0199999999997,6,401.7399999999999,move,improve
18782,6,404.0199999999997,6,401.7399999999999,move,improve
18783,6,404.0199999999997,6,401.7399999999999,2opt,improve
18784,6,404.0199999999997,6,401.7399999999999,2opt,notBad
18785,6,404.0199999999997,6,401.7399999999999,2opt,notBad
18786,6,404.0199999999997,6,401.7399999999999,move,improve
18787,6,404.0199999999997,6,401.7399999999999,2opt,notBad
18788,6,404.0199999999997,6,401.7399999999999,2opt,notBad
18789,6,404.0199999999997,6,401.7399999999999,2opt,notBad
18790,6,404.0199999999997,6,401.7399999999999,move,improve
18791,6,404.0199999999997,6,401.7399999999999,swap,notBad
18792,6,404.0199999999997,6,401.7399999999999,2opt,notBad
18793,6,404.0199999999997,6,401.7399999999999,swap,notBad
18794,6,404.0199999999997,6,401.7399999999999,swap,notBad
18795,6,404.0199999999997,6,401.7399999999999,swap,notBad
18796,6,404.0199999999997,6,401.7399999999999,move,improve
18797,6,404.0199999999997,6,401.7399999999999,2opt,notBad
18798,6,404.0199999999997,6,401.7399999999999,2opt,notBad
18799,6,404.0199999999997,6,401.7399999999999,swap,notBad
18800,6,404.0199999999997,6,401.7399999999999,swap,notBad
18801,6,404.0199999999997,6,401.7399999999999,2opt,notBad
18802,6,404.0199999999997,6,401.7399999999999,swap,notBad
18803,6,404.0199999999997,6,401.7399999999999,2opt,notBad
18804,6,404.0199999999997,6,401.7399999999999,2opt,notBad
18805,6,404.0199999999997,6,401.7399999999999,2opt,notBad
18806,6,404.0199999999997,6,401.7399999999999,swap,notBad
18807,6,404.0199999999997,6,401.7399999999999,2opt,notBad
18808,6,404.0199999999997,6,401.7399999999999,swap,notBad
18809,6,404.0199999999997,6,401.7399999999999,swap,notBad
18810,6,404.0199999999997,6,401.7399999999999,move,improve
18811,6,404.0199999999997,6,401.7399999999999,2opt,notBad
18812,6,404.0199999999997,6,401.7399999999999,2opt,notBad
18813,6,404.0199999999997,6,401.7399999999999,swap,notBad
18814,6,404.0199999999997,6,401.7399999999999,2opt,notBad
18815,6,404.0199999999997,6,401.7399999999999,swap,notBad
18816,6,404.0199999999997,6,401.7399999999999,swap,notBad
18817,6,404.0199999999997,6,401.7399999999999,swap,notBad
18818,6,404.0199999999997,6,401.7399999999999,move,improve
18819,6,404.0199999999997,6,401.7399999999999,move,improve
18820,6,404.0199999999997,6,401.7399999999999,move,improve
18821,6,404.0199999999997,6,401.7399999999999,swap,notBad
18822,6,404.0199999999997,6,401.7399999999999,move,improve
18823,6,404.0199999999997,6,401.7399999999999,move,improve
18824,6,404.0199999999997,6,401.7399999999999,swap,notBad
18825,6,404.0199999999997,6,401.7399999999999,move,improve
18826,6,404.0199999999997,6,401.7399999999999,2opt,notBad
18827,6,404.0199999999997,6,401.7399999999999,swap,notBad
18828,6,404.0199999999997,6,401.7399999999999,move,improve
18829,6,404.0199999999997,6,401.7399999999999,2opt,notBad
18830,6,404.0199999999997,6,401.7399999999999,2opt,notBad
18831,6,404.0199999999997,6,401.7399999999999,swap,notBad
18832,6,404.0199999999997,6,401.7399999999999,move,improve
18833,6,404.0199999999997,6,401.7399999999999,swap,notBad
18834,6,404.0199999999997,6,401.7399999999999,2opt,notBad
18835,6,404.0199999999997,6,401.7399999999999,swap,notBad
18836,6,404.0199999999997,6,401.7399999999999,swap,notBad
18837,6,404.0199999999997,6,401.7399999999999,swap,notBad
18838,6,404.0199999999997,6,401.7399999999999,2opt,notBad
18839,6,404.0199999999997,6,401.7399999999999,swap,notBad
18840,6,404.0199999999997,6,401.7399999999999,2opt,notBad
18841,6,404.0199999999997,6,401.7399999999999,2opt,notBad
18842,6,404.0199999999997,6,401.7399999999999,2opt,notBad
18843,6,404.0199999999997,6,401.7399999999999,swap,notBad
18844,6,404.0199999999997,6,401.7399999999999,swap,notBad
18845,6,404.0199999999997,6,401.7399999999999,2opt,notBad
18846,6,404.0199999999997,6,401.7399999999999,move,improve
18847,6,404.0199999999997,6,401.7399999999999,move,improve
18848,6,404.0199999999997,6,401.7399999999999,swap,notBad
18849,6,404.0199999999997,6,401.7399999999999,2opt,notBad
18850,6,404.0199999999997,6,401.7399999999999,2opt,notBad
18851,6,404.0199999999997,6,401.7399999999999,swap,notBad
18852,6,404.0199999999997,6,401.7399999999999,2opt,notBad
18853,6,404.0199999999997,6,401.7399999999999,2opt,notBad
18854,6,404.0199999999997,6,401.7399999999999,swap,notBad
18855,6,404.0199999999997,6,401.7399999999999,move,improve
18856,6,404.0199999999997,6,401.7399999999999,swap,notBad
18857,6,404.0199999999997,6,401.7399999999999,2opt,notBad
18858,6,404.0199999999997,6,401.7399999999999,move,improve
18859,6,404.0199999999997,6,401.7399999999999,2opt,notBad
18860,6,404.0199999999997,6,401.7399999999999,swap,notBad
18861,6,404.0199999999997,6,401.7399999999999,move,improve
18862,6,404.0199999999997,6,401.7399999999999,2opt,notBad
18863,6,404.0199999999997,6,401.7399999999999,swap,notBad
18864,6,404.0199999999997,6,401.7399999999999,2opt,notBad
18865,6,404.0199999999997,6,401.7399999999999,move,improve
18866,6,404.0199999999997,6,401.7399999999999,move,improve
18867,6,404.0199999999997,6,401.7399999999999,move,improve
18868,6,404.0199999999997,6,401.7399999999999,move,improve
18869,6,404.0199999999997,6,401.7399999999999,2opt,notBad
18870,6,404.0199999999997,6,401.7399999999999,swap,notBad
18871,6,404.0199999999997,6,401.7399999999999,2opt,notBad
18872,6,404.0199999999997,6,401.7399999999999,2opt,improve
18873,6,404.0199999999997,6,401.7399999999999,swap,notBad
18874,6,404.0199999999997,6,401.7399999999999,2opt,notBad
18875,6,404.0199999999997,6,401.7399999999999,move,improve
18876,6,404.0199999999997,6,401.7399999999999,move,improve
18877,6,404.0199999999997,6,401.7399999999999,move,improve
18878,6,404.0199999999997,6,401.7399999999999,swap,notBad
18879,6,404.0199999999997,6,401.7399999999999,2opt,notBad
18880,6,404.0199999999997,6,401.7399999999999,move,improve
18881,6,404.0199999999997,6,401.7399999999999,move,improve
18882,6,404.0199999999997,6,401.7399999999999,swap,notBad
18883,6,404.0199999999997,6,401.7399999999999,2opt,notBad
18884,6,404.0199999999997,6,401.7399999999999,2opt,notBad
18885,6,404.0199999999997,6,401.7399999999999,swap,notBad
18886,6,404.0199999999997,6,401.7399999999999,swap,notBad
18887,6,404.0199999999997,6,401.7399999999999,swap,notBad
18888,6,404.0199999999997,6,401.7399999999999,move,improve
18889,6,404.0199999999997,6,401.7399999999999,swap,notBad
18890,6,404.0199999999997,6,401.7399999999999,swap,notBad
18891,6,404.0199999999997,6,401.7399999999999,2opt,notBad
18892,6,404.0199999999997,6,401.7399999999999,swap,notBad
18893,6,404.0199999999997,6,401.7399999999999,2opt,notBad
18894,6,404.0199999999997,6,401.7399999999999,swap,notBad
18895,6,404.0199999999997,6,401.7399999999999,move,improve
18896,6,404.0199999999997,6,401.7399999999999,2opt,notBad
18897,6,404.0199999999997,6,401.7399999999999,move,improve
18898,6,404.0199999999997,6,401.7399999999999,2opt,notBad
18899,6,404.0199999999997,6,401.7399999999999,2opt,notBad
18900,6,404.0199999999997,6,401.7399999999999,swap,notBad
18901,6,404.0199999999997,6,401.7399999999999,move,improve
18902,6,404.0199999999997,6,401.7399999999999,move,notBad
18903,6,404.0199999999997,6,401.7399999999999,2opt,notBad
18904,6,404.0199999999997,6,401.7399999999999,move,improve
18905,6,404.0199999999997,6,401.7399999999999,2opt,notBad
18906,6,404.0199999999997,6,401.7399999999999,swap,notBad
18907,6,404.0199999999997,6,401.7399999999999,swap,notBad
18908,6,404.0199999999997,6,401.7399999999999,swap,notBad
18909,6,404.0199999999997,6,401.7399999999999,swap,notBad
18910,6,404.0199999999997,6,401.7399999999999,move,improve
18911,6,404.0199999999997,6,401.7399999999999,swap,notBad
18912,6,404.0199999999997,6,401.7399999999999,swap,notBad
18913,6,404.0199999999997,6,401.7399999999999,swap,notBad
18914,6,404.0199999999997,6,401.7399999999999,2opt,notBad
18915,6,404.0199999999997,6,401.7399999999999,move,improve
18916,6,404.0199999999997,6,401.7399999999999,2opt,notBad
18917,6,404.0199999999997,6,401.7399999999999,swap,notBad
18918,6,404.0199999999997,6,401.7399999999999,2opt,notBad
18919,6,404.0199999999997,6,401.7399999999999,move,improve
18920,6,404.0199999999997,6,401.7399999999999,2opt,notBad
18921,6,404.0199999999997,6,401.7399999999999,move,improve
18922,6,404.0199999999997,6,401.7399999999999,swap,notBad
18923,6,404.0199999999997,6,401.7399999999999,2opt,notBad
18924,6,404.0199999999997,6,401.7399999999999,2opt,notBad
18925,6,404.0199999999997,6,401.7399999999999,move,improve
18926,6,404.0199999999997,6,401.7399999999999,swap,notBad
18927,6,404.0199999999997,6,401.7399999999999,move,improve
18928,6,404.0199999999997,6,401.7399999999999,move,improve
18929,6,404.0199999999997,6,401.7399999999999,2opt,notBad
18930,6,404.0199999999997,6,401.7399999999999,swap,notBad
18931,6,404.0199999999997,6,401.7399999999999,move,improve
18932,6,404.0199999999997,6,401.7399999999999,2opt,notBad
18933,6,404.0199999999997,6,401.7399999999999,move,improve
18934,6,404.0199999999997,6,401.7399999999999,swap,notBad
18935,6,404.0199999999997,6,401.7399999999999,move,improve
18936,6,404.0199999999997,6,401.7399999999999,swap,notBad
18937,6,404.0199999999997,6,401.7399999999999,move,improve
18938,6,404.0199999999997,6,401.7399999999999,2opt,notBad
18939,6,404.0199999999997,6,401.7399999999999,swap,notBad
18940,6,404.0199999999997,6,401.7399999999999,swap,notBad
18941,6,404.0199999999997,6,401.7399999999999,move,improve
18942,6,404.0199999999997,6,401.7399999999999,swap,notBad
18943,6,404.0199999999997,6,401.7399999999999,2opt,notBad
18944,6,404.0199999999997,6,401.7399999999999,move,improve
18945,6,404.0199999999997,6,401.7399999999999,swap,notBad
18946,6,404.0199999999997,6,401.7399999999999,2opt,notBad
18947,6,404.0199999999997,6,401.7399999999999,swap,notBad
18948,6,404.0199999999997,6,401.7399999999999,swap,notBad
18949,6,404.0199999999997,6,401.7399999999999,move,improve
18950,6,404.0199999999997,6,401.7399999999999,2opt,notBad
18951,6,404.0199999999997,6,401.7399999999999,move,improve
18952,6,404.0199999999997,6,401.7399999999999,move,improve
18953,6,404.0199999999997,6,401.7399999999999,swap,notBad
18954,6,404.0199999999997,6,401.7399999999999,swap,notBad
18955,6,404.0199999999997,6,401.7399999999999,swap,notBad
18956,6,404.0199999999997,6,401.7399999999999,move,improve
18957,6,404.0199999999997,6,401.7399999999999,swap,notBad
18958,6,404.0199999999997,6,401.7399999999999,swap,notBad
18959,6,404.0199999999997,6,401.7399999999999,swap,notBad
18960,6,404.0199999999997,6,401.7399999999999,2opt,notBad
18961,6,404.0199999999997,6,401.7399999999999,swap,notBad
18962,6,404.0199999999997,6,401.7399999999999,move,improve
18963,6,404.0199999999997,6,401.7399999999999,swap,notBad
18964,6,404.0199999999997,6,401.7399999999999,move,improve
18965,6,404.0199999999997,6,401.7399999999999,move,improve
18966,6,404.0199999999997,6,401.7399999999999,2opt,notBad
18967,6,404.0199999999997,6,401.7399999999999,move,improve
18968,6,404.0199999999997,6,401.7399999999999,move,improve
18969,6,404.0199999999997,6,401.7399999999999,swap,notBad
18970,6,404.0199999999997,6,401.7399999999999,swap,notBad
18971,6,404.0199999999997,6,401.7399999999999,swap,notBad
18972,6,404.0199999999997,6,401.7399999999999,swap,notBad
18973,6,404.0199999999997,6,401.7399999999999,move,improve
18974,6,404.0199999999997,6,401.7399999999999,2opt,improve
18975,6,404.0199999999997,6,401.7399999999999,move,improve
18976,6,404.0199999999997,6,401.7399999999999,2opt,notBad
18977,6,404.0199999999997,6,401.7399999999999,2opt,notBad
18978,6,404.0199999999997,6,401.7399999999999,swap,notBad
18979,6,404.0199999999997,6,401.7399999999999,move,improve
18980,6,404.0199999999997,6,401.7399999999999,swap,notBad
18981,6,404.0199999999997,6,401.7399999999999,swap,notBad
18982,6,404.0199999999997,6,401.7399999999999,move,improve
18983,6,404.0199999999997,6,401.7399999999999,swap,notBad
18984,6,404.0199999999997,6,401.7399999999999,move,improve
18985,6,404.0199999999997,6,401.7399999999999,2opt,notBad
18986,6,404.0199999999997,6,401.7399999999999,2opt,notBad
18987,6,404.0199999999997,6,401.7399999999999,2opt,improve
18988,6,404.0199999999997,6,401.7399999999999,swap,notBad
18989,6,404.0199999999997,6,401.7399999999999,2opt,notBad
18990,6,404.0199999999997,6,401.7399999999999,2opt,notBad
18991,6,404.0199999999997,6,401.7399999999999,2opt,notBad
18992,6,404.0199999999997,6,401.7399999999999,swap,notBad
18993,6,404.0199999999997,6,401.7399999999999,swap,notBad
18994,6,404.0199999999997,6,401.7399999999999,2opt,notBad
18995,6,404.0199999999997,6,401.7399999999999,swap,notBad
18996,6,404.0199999999997,6,401.7399999999999,move,improve
18997,6,404.0199999999997,6,401.7399999999999,move,improve
18998,6,404.0199999999997,6,401.7399999999999,2opt,notBad
18999,6,404.0199999999997,6,401.7399999999999,swap,notBad
19000,6,404.0199999999997,6,401.7399999999999,move,improve
19001,6,404.0199999999997,6,401.7399999999999,swap,notBad
19002,6,404.0199999999997,6,401.7399999999999,move,improve
19003,6,404.0199999999997,6,401.7399999999999,move,improve
19004,6,404.0199999999997,6,401.7399999999999,move,improve
19005,6,404.0199999999997,6,401.7399999999999,2opt,notBad
19006,6,404.0199999999997,6,401.7399999999999,2opt,notBad
19007,6,404.0199999999997,6,401.7399999999999,2opt,notBad
19008,6,404.0199999999997,6,401.7399999999999,2opt,notBad
19009,6,404.0199999999997,6,401.7399999999999,2opt,notBad
19010,6,404.0199999999997,6,401.7399999999999,2opt,notBad
19011,6,404.0199999999997,6,401.7399999999999,swap,notBad
19012,6,404.0199999999997,6,401.7399999999999,move,improve
19013,6,404.0199999999997,6,401.7399999999999,swap,notBad
19014,6,404.0199999999997,6,401.7399999999999,move,improve
19015,6,404.0199999999997,6,401.7399999999999,move,improve
19016,6,404.0199999999997,6,401.7399999999999,move,improve
19017,6,404.0199999999997,6,401.7399999999999,swap,notBad
19018,6,404.0199999999997,6,401.7399999999999,swap,notBad
19019,6,404.0199999999997,6,401.7399999999999,2opt,improve
19020,6,404.0199999999997,6,401.7399999999999,swap,notBad
19021,6,404.0199999999997,6,401.7399999999999,move,improve
19022,6,404.0199999999997,6,401.7399999999999,swap,notBad
19023,6,404.0199999999997,6,401.7399999999999,move,improve
19024,6,404.0199999999997,6,401.7399999999999,swap,notBad
19025,6,404.0199999999997,6,401.7399999999999,move,improve
19026,6,404.0199999999997,6,401.7399999999999,move,notBad
19027,6,404.0199999999997,6,401.7399999999999,swap,notBad
19028,6,404.0199999999997,6,401.7399999999999,move,improve
19029,6,404.0199999999997,6,401.7399999999999,swap,notBad
19030,6,404.0199999999997,6,401.7399999999999,move,improve
19031,6,404.0199999999997,6,401.7399999999999,2opt,notBad
19032,6,404.0199999999997,6,401.7399999999999,move,improve
19033,6,404.0199999999997,6,401.7399999999999,swap,notBad
19034,6,404.0199999999997,6,401.7399999999999,move,improve
19035,6,404.0199999999997,6,401.7399999999999,swap,notBad
19036,6,404.0199999999997,6,401.7399999999999,2opt,notBad
19037,6,404.0199999999997,6,401.7399999999999,move,improve
19038,6,404.0199999999997,6,401.7399999999999,swap,notBad
19039,6,404.0199999999997,6,401.7399999999999,swap,notBad
19040,6,404.0199999999997,6,401.7399999999999,2opt,notBad
19041,6,404.0199999999997,6,401.7399999999999,swap,notBad
19042,6,404.0199999999997,6,401.7399999999999,2opt,notBad
19043,6,404.0199999999997,6,401.7399999999999,swap,notBad
19044,6,404.0199999999997,6,401.7399999999999,move,improve
19045,6,404.0199999999997,6,401.7399999999999,swap,notBad
19046,6,404.0199999999997,6,401.7399999999999,2opt,notBad
19047,6,404.0199999999997,6,401.7399999999999,2opt,notBad
19048,6,404.0199999999997,6,401.7399999999999,move,improve
19049,6,404.0199999999997,6,401.7399999999999,2opt,notBad
19050,6,404.0199999999997,6,401.7399999999999,2opt,notBad
19051,6,404.0199999999997,6,401.7399999999999,2opt,notBad
19052,6,404.0199999999997,6,401.7399999999999,2opt,notBad
19053,6,404.0199999999997,6,401.7399999999999,2opt,notBad
19054,6,404.0199999999997,6,401.7399999999999,swap,notBad
19055,6,404.0199999999997,6,401.7399999999999,swap,notBad
19056,6,404.0199999999997,6,401.7399999999999,swap,notBad
19057,6,404.0199999999997,6,401.7399999999999,move,improve
19058,6,404.0199999999997,6,401.7399999999999,swap,notBad
19059,6,404.0199999999997,6,401.7399999999999,swap,notBad
19060,6,404.0199999999997,6,401.7399999999999,move,improve
19061,6,404.0199999999997,6,401.7399999999999,2opt,notBad
19062,6,404.0199999999997,6,401.7399999999999,2opt,notBad
19063,6,404.0199999999997,6,401.7399999999999,swap,notBad
19064,6,404.0199999999997,6,401.7399999999999,move,improve
19065,6,404.0199999999997,6,401.7399999999999,swap,notBad
19066,6,404.0199999999997,6,401.7399999999999,2opt,notBad
19067,6,404.0199999999997,6,401.7399999999999,2opt,notBad
19068,6,404.0199999999997,6,401.7399999999999,swap,notBad
19069,6,404.0199999999997,6,401.7399999999999,move,improve
19070,6,404.0199999999997,6,401.7399999999999,swap,notBad
19071,6,404.0199999999997,6,401.7399999999999,2opt,notBad
19072,6,404.0199999999997,6,401.7399999999999,swap,notBad
19073,6,404.0199999999997,6,401.7399999999999,swap,notBad
19074,6,404.0199999999997,6,401.7399999999999,move,improve
19075,6,404.0199999999997,6,401.7399999999999,swap,notBad
19076,6,404.0199999999997,6,401.7399999999999,swap,notBad
19077,6,404.0199999999997,6,401.7399999999999,move,improve
19078,6,404.0199999999997,6,401.7399999999999,2opt,notBad
19079,6,404.0199999999997,6,401.7399999999999,2opt,notBad
19080,6,404.0199999999997,6,401.7399999999999,move,improve
19081,6,404.0199999999997,6,401.7399999999999,2opt,notBad
19082,6,404.0199999999997,6,401.7399999999999,2opt,notBad
19083,6,404.0199999999997,6,401.7399999999999,move,improve
19084,6,404.0199999999997,6,401.7399999999999,swap,notBad
19085,6,404.0199999999997,6,401.7399999999999,2opt,notBad
19086,6,404.0199999999997,6,401.7399999999999,swap,notBad
19087,6,404.0199999999997,6,401.7399999999999,2opt,notBad
19088,6,404.0199999999997,6,401.7399999999999,2opt,notBad
19089,6,404.0199999999997,6,401.7399999999999,move,improve
19090,6,404.0199999999997,6,401.7399999999999,2opt,notBad
19091,6,404.0199999999997,6,401.7399999999999,move,improve
19092,6,404.0199999999997,6,401.7399999999999,swap,notBad
19093,6,404.0199999999997,6,401.7399999999999,2opt,improve
19094,6,404.0199999999997,6,401.7399999999999,swap,notBad
19095,6,404.0199999999997,6,401.7399999999999,move,improve
19096,6,404.0199999999997,6,401.7399999999999,swap,notBad
19097,6,404.0199999999997,6,401.7399999999999,swap,notBad
19098,6,404.0199999999997,6,401.7399999999999,move,improve
19099,6,404.0199999999997,6,401.7399999999999,2opt,notBad
19100,6,404.0199999999997,6,401.7399999999999,2opt,notBad
19101,6,404.0199999999997,6,401.7399999999999,2opt,notBad
19102,6,404.0199999999997,6,401.7399999999999,2opt,notBad
19103,6,404.0199999999997,6,401.7399999999999,swap,notBad
19104,6,404.0199999999997,6,401.7399999999999,swap,notBad
19105,6,404.0199999999997,6,401.7399999999999,swap,notBad
19106,6,404.0199999999997,6,401.7399999999999,swap,notBad
19107,6,404.0199999999997,6,401.7399999999999,move,improve
19108,6,404.0199999999997,6,401.7399999999999,2opt,notBad
19109,6,404.0199999999997,6,401.7399999999999,2opt,notBad
19110,6,404.0199999999997,6,401.7399999999999,move,improve
19111,6,404.0199999999997,6,401.7399999999999,2opt,notBad
19112,6,404.0199999999997,6,401.7399999999999,move,improve
19113,6,404.0199999999997,6,401.7399999999999,swap,notBad
19114,6,404.0199999999997,6,401.7399999999999,move,improve
19115,6,404.0199999999997,6,401.7399999999999,2opt,notBad
19116,6,404.0199999999997,6,401.7399999999999,swap,notBad
19117,6,404.0199999999997,6,401.7399999999999,2opt,notBad
19118,6,404.0199999999997,6,401.7399999999999,move,improve
19119,6,404.0199999999997,6,401.7399999999999,swap,notBad
19120,6,404.0199999999997,6,401.7399999999999,swap,notBad
19121,6,404.0199999999997,6,401.7399999999999,swap,notBad
19122,6,404.0199999999997,6,401.7399999999999,swap,notBad
19123,6,404.0199999999997,6,401.7399999999999,swap,notBad
19124,6,404.0199999999997,6,401.7399999999999,2opt,notBad
19125,6,404.0199999999997,6,401.7399999999999,2opt,notBad
19126,6,404.0199999999997,6,401.7399999999999,2opt,notBad
19127,6,404.0199999999997,6,401.7399999999999,swap,notBad
19128,6,404.0199999999997,6,401.7399999999999,swap,notBad
19129,6,404.0199999999997,6,401.7399999999999,swap,notBad
19130,6,404.0199999999997,6,401.7399999999999,2opt,improve
19131,6,404.0199999999997,6,401.7399999999999,move,improve
19132,6,404.0199999999997,6,401.7399999999999,move,improve
19133,6,404.0199999999997,6,401.7399999999999,swap,notBad
19134,6,404.0199999999997,6,401.7399999999999,2opt,notBad
19135,6,404.0199999999997,6,401.7399999999999,swap,notBad
19136,6,404.0199999999997,6,401.7399999999999,move,notBad
19137,6,404.0199999999997,6,401.7399999999999,2opt,notBad
19138,6,404.0199999999997,6,401.7399999999999,2opt,notBad
19139,6,404.0199999999997,6,401.7399999999999,2opt,notBad
19140,6,404.0199999999997,6,401.7399999999999,move,improve
19141,6,404.0199999999997,6,401.7399999999999,swap,notBad
19142,6,404.0199999999997,6,401.7399999999999,swap,notBad
19143,6,404.0199999999997,6,401.7399999999999,2opt,notBad
19144,6,404.0199999999997,6,401.7399999999999,swap,notBad
19145,6,404.0199999999997,6,401.7399999999999,move,improve
19146,6,404.0199999999997,6,401.7399999999999,swap,notBad
19147,6,404.0199999999997,6,401.7399999999999,swap,notBad
19148,6,404.0199999999997,6,401.7399999999999,2opt,notBad
19149,6,404.0199999999997,6,401.7399999999999,2opt,notBad
19150,6,404.0199999999997,6,401.7399999999999,swap,notBad
19151,6,404.0199999999997,6,401.7399999999999,2opt,notBad
19152,6,404.0199999999997,6,401.7399999999999,2opt,notBad
19153,6,404.0199999999997,6,401.7399999999999,2opt,improve
19154,6,404.0199999999997,6,401.7399999999999,move,improve
19155,6,404.0199999999997,6,401.7399999999999,move,improve
19156,6,404.0199999999997,6,401.7399999999999,move,improve
19157,6,404.0199999999997,6,401.7399999999999,move,improve
19158,6,404.0199999999997,6,401.7399999999999,2opt,improve
19159,6,404.0199999999997,6,401.7399999999999,2opt,notBad
19160,6,404.0199999999997,6,401.7399999999999,2opt,notBad
19161,6,404.0199999999997,6,401.7399999999999,move,improve
19162,6,404.0199999999997,6,401.7399999999999,2opt,notBad
19163,6,404.0199999999997,6,401.7399999999999,move,improve
19164,6,404.0199999999997,6,401.7399999999999,swap,notBad
19165,6,404.0199999999997,6,401.7399999999999,move,improve
19166,6,404.0199999999997,6,401.7399999999999,2opt,notBad
19167,6,404.0199999999997,6,401.7399999999999,move,improve
19168,6,404.0199999999997,6,401.7399999999999,2opt,notBad
19169,6,404.0199999999997,6,401.7399999999999,swap,notBad
19170,6,404.0199999999997,6,401.7399999999999,move,improve
19171,6,404.0199999999997,6,401.7399999999999,swap,notBad
19172,6,404.0199999999997,6,401.7399999999999,2opt,notBad
19173,6,404.0199999999997,6,401.7399999999999,2opt,notBad
19174,6,404.0199999999997,6,401.7399999999999,move,improve
19175,6,404.0199999999997,6,401.7399999999999,2opt,notBad
19176,6,404.0199999999997,6,401.7399999999999,move,improve
19177,6,404.0199999999997,6,401.7399999999999,move,improve
19178,6,404.0199999999997,6,401.7399999999999,move,improve
19179,6,404.0199999999997,6,401.7399999999999,2opt,notBad
19180,6,404.0199999999997,6,401.7399999999999,move,improve
19181,6,404.0199999999997,6,401.7399999999999,move,improve
19182,6,404.0199999999997,6,401.7399999999999,move,improve
19183,6,404.0199999999997,6,401.7399999999999,2opt,notBad
19184,6,404.0199999999997,6,401.7399999999999,move,improve
19185,6,404.0199999999997,6,401.7399999999999,swap,notBad
19186,6,404.0199999999997,6,401.7399999999999,move,improve
19187,6,404.0199999999997,6,401.7399999999999,2opt,improve
19188,6,404.0199999999997,6,401.7399999999999,swap,notBad
19189,6,404.0199999999997,6,401.7399999999999,swap,notBad
19190,6,404.0199999999997,6,401.7399999999999,2opt,notBad
19191,6,404.0199999999997,6,401.7399999999999,2opt,notBad
19192,6,404.0199999999997,6,401.7399999999999,2opt,notBad
19193,6,404.0199999999997,6,401.7399999999999,move,improve
19194,6,404.0199999999997,6,401.7399999999999,swap,notBad
19195,6,404.0199999999997,6,401.7399999999999,2opt,notBad
19196,6,404.0199999999997,6,401.7399999999999,swap,notBad
19197,6,404.0199999999997,6,401.7399999999999,2opt,notBad
19198,6,404.0199999999997,6,401.7399999999999,move,improve
19199,6,404.0199999999997,6,401.7399999999999,move,improve
19200,6,404.0199999999997,6,401.7399999999999,move,improve
19201,6,404.0199999999997,6,401.7399999999999,move,improve
19202,6,404.0199999999997,6,401.7399999999999,swap,notBad
19203,6,404.0199999999997,6,401.7399999999999,move,improve
19204,6,404.0199999999997,6,401.7399999999999,2opt,notBad
19205,6,404.0199999999997,6,401.7399999999999,move,improve
19206,6,404.0199999999997,6,401.7399999999999,2opt,notBad
19207,6,404.0199999999997,6,401.7399999999999,move,improve
19208,6,404.0199999999997,6,401.7399999999999,move,improve
19209,6,404.0199999999997,6,401.7399999999999,move,improve
19210,6,404.0199999999997,6,401.7399999999999,swap,notBad
19211,6,404.0199999999997,6,401.7399999999999,move,improve
19212,6,404.0199999999997,6,401.7399999999999,2opt,notBad
19213,6,404.0199999999997,6,401.7399999999999,swap,notBad
19214,6,404.0199999999997,6,401.7399999999999,swap,notBad
19215,6,404.0199999999997,6,401.7399999999999,swap,notBad
19216,6,404.0199999999997,6,401.7399999999999,swap,notBad
19217,6,404.0199999999997,6,401.7399999999999,move,improve
19218,6,404.0199999999997,6,401.7399999999999,2opt,notBad
19219,6,404.0199999999997,6,401.7399999999999,2opt,notBad
19220,6,404.0199999999997,6,401.7399999999999,move,improve
19221,6,404.0199999999997,6,401.7399999999999,move,improve
19222,6,404.0199999999997,6,401.7399999999999,2opt,notBad
19223,6,404.0199999999997,6,401.7399999999999,2opt,notBad
19224,6,404.0199999999997,6,401.7399999999999,swap,notBad
19225,6,404.0199999999997,6,401.7399999999999,2opt,notBad
19226,6,404.0199999999997,6,401.7399999999999,move,improve
19227,6,404.0199999999997,6,401.7399999999999,move,improve
19228,6,404.0199999999997,6,401.7399999999999,2opt,notBad
19229,6,404.0199999999997,6,401.7399999999999,move,improve
19230,6,404.0199999999997,6,401.7399999999999,2opt,notBad
19231,6,404.0199999999997,6,401.7399999999999,2opt,notBad
19232,6,404.0199999999997,6,401.7399999999999,swap,notBad
19233,6,404.0199999999997,6,401.7399999999999,move,improve
19234,6,404.0199999999997,6,401.7399999999999,swap,notBad
19235,6,404.0199999999997,6,401.7399999999999,swap,notBad
19236,6,404.0199999999997,6,401.7399999999999,swap,notBad
19237,6,404.0199999999997,6,401.7399999999999,swap,notBad
19238,6,404.0199999999997,6,401.7399999999999,swap,notBad
19239,6,404.0199999999997,6,401.7399999999999,2opt,notBad
19240,6,404.0199999999997,6,401.7399999999999,swap,notBad
19241,6,404.0199999999997,6,401.7399999999999,move,improve
19242,6,404.0199999999997,6,401.7399999999999,move,improve
19243,6,404.0199999999997,6,401.7399999999999,swap,notBad
19244,6,404.0199999999997,6,401.7399999999999,move,improve
19245,6,404.0199999999997,6,401.7399999999999,move,improve
19246,6,404.0199999999997,6,401.7399999999999,move,improve
19247,6,404.0199999999997,6,401.7399999999999,swap,notBad
19248,6,404.0199999999997,6,401.7399999999999,swap,notBad
19249,6,404.0199999999997,6,401.7399999999999,2opt,notBad
19250,6,404.0199999999997,6,401.7399999999999,swap,notBad
19251,6,404.0199999999997,6,401.7399999999999,swap,notBad
19252,6,404.0199999999997,6,401.7399999999999,swap,notBad
19253,6,404.0199999999997,6,401.7399999999999,2opt,notBad
19254,6,404.0199999999997,6,401.7399999999999,2opt,notBad
19255,6,404.0199999999997,6,401.7399999999999,move,improve
19256,6,404.0199999999997,6,401.7399999999999,swap,notBad
19257,6,404.0199999999997,6,401.7399999999999,2opt,notBad
19258,6,404.0199999999997,6,401.7399999999999,move,improve
19259,6,404.0199999999997,6,401.7399999999999,swap,notBad
19260,6,404.0199999999997,6,401.7399999999999,move,improve
19261,6,404.0199999999997,6,401.7399999999999,2opt,improve
19262,6,404.0199999999997,6,401.7399999999999,2opt,notBad
19263,6,404.0199999999997,6,401.7399999999999,swap,notBad
19264,6,404.0199999999997,6,401.7399999999999,swap,notBad
19265,6,404.0199999999997,6,401.7399999999999,swap,notBad
19266,6,404.0199999999997,6,401.7399999999999,2opt,notBad
19267,6,404.0199999999997,6,401.7399999999999,2opt,notBad
19268,6,404.0199999999997,6,401.7399999999999,2opt,notBad
19269,6,404.0199999999997,6,401.7399999999999,2opt,notBad
19270,6,404.0199999999997,6,401.7399999999999,swap,notBad
19271,6,404.0199999999997,6,401.7399999999999,swap,notBad
19272,6,404.0199999999997,6,401.7399999999999,swap,notBad
19273,6,404.0199999999997,6,401.7399999999999,2opt,notBad
19274,6,404.0199999999997,6,401.7399999999999,move,improve
19275,6,404.0199999999997,6,401.7399999999999,2opt,improve
19276,6,404.0199999999997,6,401.7399999999999,move,improve
19277,6,404.0199999999997,6,401.7399999999999,swap,notBad
19278,6,404.0199999999997,6,401.7399999999999,2opt,notBad
19279,6,404.0199999999997,6,401.7399999999999,move,improve
19280,6,404.0199999999997,6,401.7399999999999,move,improve
19281,6,404.0199999999997,6,401.7399999999999,2opt,notBad
19282,6,404.0199999999997,6,401.7399999999999,move,improve
19283,6,404.0199999999997,6,401.7399999999999,move,improve
19284,6,404.0199999999997,6,401.7399999999999,move,improve
19285,6,404.0199999999997,6,401.7399999999999,swap,notBad
19286,6,404.0199999999997,6,401.7399999999999,move,improve
19287,6,404.0199999999997,6,401.7399999999999,move,improve
19288,6,404.0199999999997,6,401.7399999999999,2opt,notBad
19289,6,404.0199999999997,6,401.7399999999999,2opt,notBad
19290,6,404.0199999999997,6,401.7399999999999,move,improve
19291,6,404.0199999999997,6,401.7399999999999,move,improve
19292,6,404.0199999999997,6,401.7399999999999,2opt,notBad
19293,6,404.0199999999997,6,401.7399999999999,swap,notBad
19294,6,404.0199999999997,6,401.7399999999999,swap,notBad
19295,6,404.0199999999997,6,401.7399999999999,2opt,notBad
19296,6,404.0199999999997,6,401.7399999999999,2opt,notBad
19297,6,404.0199999999997,6,401.7399999999999,swap,notBad
19298,6,404.0199999999997,6,401.7399999999999,swap,notBad
19299,6,404.0199999999997,6,401.7399999999999,swap,notBad
19300,6,404.0199999999997,6,401.7399999999999,2opt,notBad
19301,6,404.0199999999997,6,401.7399999999999,2opt,notBad
19302,6,404.0199999999997,6,401.7399999999999,swap,notBad
19303,6,404.0199999999997,6,401.7399999999999,2opt,notBad
19304,6,404.0199999999997,6,401.7399999999999,2opt,notBad
19305,6,404.0199999999997,6,401.7399999999999,2opt,notBad
19306,6,404.0199999999997,6,401.7399999999999,2opt,notBad
19307,6,404.0199999999997,6,401.7399999999999,2opt,improve
19308,6,404.0199999999997,6,401.7399999999999,2opt,improve
19309,6,404.0199999999997,6,401.7399999999999,move,improve
19310,6,404.0199999999997,6,401.7399999999999,swap,notBad
19311,6,404.0199999999997,6,401.7399999999999,2opt,notBad
19312,6,404.0199999999997,6,401.7399999999999,2opt,notBad
19313,6,404.0199999999997,6,401.7399999999999,2opt,notBad
19314,6,404.0199999999997,6,401.7399999999999,move,improve
19315,6,404.0199999999997,6,401.7399999999999,swap,notBad
19316,6,404.0199999999997,6,401.7399999999999,move,improve
19317,6,404.0199999999997,6,401.7399999999999,move,improve
19318,6,404.0199999999997,6,401.7399999999999,swap,notBad
19319,6,404.0199999999997,6,401.7399999999999,move,improve
19320,6,404.0199999999997,6,401.7399999999999,2opt,notBad
19321,6,404.0199999999997,6,401.7399999999999,move,improve
19322,6,404.0199999999997,6,401.7399999999999,2opt,improve
19323,6,404.0199999999997,6,401.7399999999999,2opt,notBad
19324,6,404.0199999999997,6,401.7399999999999,swap,notBad
19325,6,404.0199999999997,6,401.7399999999999,move,improve
19326,6,404.0199999999997,6,401.7399999999999,2opt,improve
19327,6,404.0199999999997,6,401.7399999999999,2opt,notBad
19328,6,404.0199999999997,6,401.7399999999999,move,improve
19329,6,404.0199999999997,6,401.7399999999999,move,improve
19330,6,404.0199999999997,6,401.7399999999999,swap,notBad
19331,6,404.0199999999997,6,401.7399999999999,2opt,notBad
19332,6,404.0199999999997,6,401.7399999999999,2opt,notBad
19333,6,404.0199999999997,6,401.7399999999999,2opt,notBad
19334,6,404.0199999999997,6,401.7399999999999,swap,notBad
19335,6,404.0199999999997,6,401.7399999999999,2opt,notBad
19336,6,404.0199999999997,6,401.7399999999999,move,improve
19337,6,404.0199999999997,6,401.7399999999999,2opt,notBad
19338,6,404.0199999999997,6,401.7399999999999,swap,notBad
19339,6,404.0199999999997,6,401.7399999999999,swap,notBad
19340,6,404.0199999999997,6,401.7399999999999,move,improve
19341,6,404.0199999999997,6,401.7399999999999,swap,notBad
19342,6,404.0199999999997,6,401.7399999999999,swap,notBad
19343,6,404.0199999999997,6,401.7399999999999,2opt,notBad
19344,6,404.0199999999997,6,401.7399999999999,2opt,notBad
19345,6,404.0199999999997,6,401.7399999999999,swap,notBad
19346,6,404.0199999999997,6,401.7399999999999,2opt,notBad
19347,6,404.0199999999997,6,401.7399999999999,move,improve
19348,6,404.0199999999997,6,401.7399999999999,swap,notBad
19349,6,404.0199999999997,6,401.7399999999999,move,improve
19350,6,404.0199999999997,6,401.7399999999999,move,improve
19351,6,404.0199999999997,6,401.7399999999999,swap,notBad
19352,6,404.0199999999997,6,401.7399999999999,swap,notBad
19353,6,404.0199999999997,6,401.7399999999999,2opt,notBad
19354,6,404.0199999999997,6,401.7399999999999,move,improve
19355,6,404.0199999999997,6,401.7399999999999,move,improve
19356,6,404.0199999999997,6,401.7399999999999,2opt,notBad
19357,6,404.0199999999997,6,401.7399999999999,swap,notBad
19358,6,404.0199999999997,6,401.7399999999999,swap,notBad
19359,6,404.0199999999997,6,401.7399999999999,swap,notBad
19360,6,404.0199999999997,6,401.7399999999999,2opt,notBad
19361,6,404.0199999999997,6,401.7399999999999,swap,notBad
19362,6,404.0199999999997,6,401.7399999999999,move,improve
19363,6,404.0199999999997,6,401.7399999999999,swap,notBad
19364,6,404.0199999999997,6,401.7399999999999,move,improve
19365,6,404.0199999999997,6,401.7399999999999,move,improve
19366,6,404.0199999999997,6,401.7399999999999,2opt,notBad
19367,6,404.0199999999997,6,401.7399999999999,move,improve
19368,6,404.0199999999997,6,401.7399999999999,move,improve
19369,6,404.0199999999997,6,401.7399999999999,2opt,notBad
19370,6,404.0199999999997,6,401.7399999999999,2opt,notBad
19371,6,404.0199999999997,6,401.7399999999999,2opt,notBad
19372,6,404.0199999999997,6,401.7399999999999,2opt,notBad
19373,6,404.0199999999997,6,401.7399999999999,2opt,notBad
19374,6,404.0199999999997,6,401.7399999999999,swap,notBad
19375,6,404.0199999999997,6,401.7399999999999,swap,notBad
19376,6,404.0199999999997,6,401.7399999999999,move,improve
19377,6,404.0199999999997,6,401.7399999999999,move,improve
19378,6,404.0199999999997,6,401.7399999999999,2opt,notBad
19379,6,404.0199999999997,6,401.7399999999999,swap,notBad
19380,6,404.0199999999997,6,401.7399999999999,move,improve
19381,6,404.0199999999997,6,401.7399999999999,swap,notBad
19382,6,404.0199999999997,6,401.7399999999999,2opt,improve
19383,6,404.0199999999997,6,401.7399999999999,move,improve
19384,6,404.0199999999997,6,401.7399999999999,swap,notBad
19385,6,404.0199999999997,6,401.7399999999999,move,improve
19386,6,404.0199999999997,6,401.7399999999999,swap,notBad
19387,6,404.0199999999997,6,401.7399999999999,move,improve
19388,6,404.0199999999997,6,401.7399999999999,swap,notBad
19389,6,404.0199999999997,6,401.7399999999999,move,improve
19390,6,404.0199999999997,6,401.7399999999999,move,improve
19391,6,404.0199999999997,6,401.7399999999999,move,improve
19392,6,404.0199999999997,6,401.7399999999999,swap,notBad
19393,6,404.0199999999997,6,401.7399999999999,move,improve
19394,6,404.0199999999997,6,401.7399999999999,swap,notBad
19395,6,404.0199999999997,6,401.7399999999999,2opt,notBad
19396,6,404.0199999999997,6,401.7399999999999,move,improve
19397,6,404.0199999999997,6,401.7399999999999,swap,notBad
19398,6,404.0199999999997,6,401.7399999999999,move,improve
19399,6,404.0199999999997,6,401.7399999999999,2opt,improve
19400,6,404.0199999999997,6,401.7399999999999,2opt,notBad
19401,6,404.0199999999997,6,401.7399999999999,move,improve
19402,6,404.0199999999997,6,401.7399999999999,swap,notBad
19403,6,404.0199999999997,6,401.7399999999999,swap,notBad
19404,6,404.0199999999997,6,401.7399999999999,move,improve
19405,6,404.0199999999997,6,401.7399999999999,2opt,notBad
19406,6,404.0199999999997,6,401.7399999999999,move,improve
19407,6,404.0199999999997,6,401.7399999999999,2opt,notBad
19408,6,404.0199999999997,6,401.7399999999999,move,improve
19409,6,404.0199999999997,6,401.7399999999999,swap,notBad
19410,6,404.0199999999997,6,401.7399999999999,swap,notBad
19411,6,404.0199999999997,6,401.7399999999999,2opt,notBad
19412,6,404.0199999999997,6,401.7399999999999,swap,notBad
19413,6,404.0199999999997,6,401.7399999999999,swap,notBad
19414,6,404.0199999999997,6,401.7399999999999,swap,notBad
19415,6,404.0199999999997,6,401.7399999999999,move,improve
19416,6,404.0199999999997,6,401.7399999999999,move,improve
19417,6,404.0199999999997,6,401.7399999999999,2opt,notBad
19418,6,404.0199999999997,6,401.7399999999999,swap,notBad
19419,6,404.0199999999997,6,401.7399999999999,move,improve
19420,6,404.0199999999997,6,401.7399999999999,move,improve
19421,6,404.0199999999997,6,401.7399999999999,move,improve
19422,6,404.0199999999997,6,401.7399999999999,swap,notBad
19423,6,404.0199999999997,6,401.7399999999999,move,improve
19424,6,404.0199999999997,6,401.7399999999999,2opt,notBad
19425,6,404.0199999999997,6,401.7399999999999,2opt,notBad
19426,6,404.0199999999997,6,401.7399999999999,2opt,notBad
19427,6,404.0199999999997,6,401.7399999999999,move,improve
19428,6,404.0199999999997,6,401.7399999999999,move,improve
19429,6,404.0199999999997,6,401.7399999999999,2opt,notBad
19430,6,404.0199999999997,6,401.7399999999999,move,improve
19431,6,404.0199999999997,6,401.7399999999999,2opt,notBad
19432,6,404.0199999999997,6,401.7399999999999,swap,notBad
19433,6,404.0199999999997,6,401.7399999999999,swap,notBad
19434,6,404.0199999999997,6,401.7399999999999,swap,notBad
19435,6,404.0199999999997,6,401.7399999999999,move,improve
19436,6,404.0199999999997,6,401.7399999999999,2opt,notBad
19437,6,404.0199999999997,6,401.7399999999999,2opt,notBad
19438,6,404.0199999999997,6,401.7399999999999,swap,notBad
19439,6,404.0199999999997,6,401.7399999999999,swap,notBad
19440,6,404.0199999999997,6,401.7399999999999,swap,notBad
19441,6,404.0199999999997,6,401.7399999999999,move,improve
19442,6,404.0199999999997,6,401.7399999999999,move,improve
19443,6,404.0199999999997,6,401.7399999999999,swap,notBad
19444,6,404.0199999999997,6,401.7399999999999,swap,notBad
19445,6,404.0199999999997,6,401.7399999999999,2opt,notBad
19446,6,404.0199999999997,6,401.7399999999999,move,improve
19447,6,404.0199999999997,6,401.7399999999999,2opt,notBad
19448,6,404.0199999999997,6,401.7399999999999,swap,notBad
19449,6,404.0199999999997,6,401.7399999999999,2opt,notBad
19450,6,404.0199999999997,6,401.7399999999999,swap,notBad
19451,6,404.0199999999997,6,401.7399999999999,move,notBad
19452,6,404.0199999999997,6,401.7399999999999,move,improve
19453,6,404.0199999999997,6,401.7399999999999,move,improve
19454,6,404.0199999999997,6,401.7399999999999,move,improve
19455,6,404.0199999999997,6,401.7399999999999,2opt,notBad
19456,6,404.0199999999997,6,401.7399999999999,2opt,notBad
19457,6,404.0199999999997,6,401.7399999999999,move,improve
19458,6,404.0199999999997,6,401.7399999999999,2opt,notBad
19459,6,404.0199999999997,6,401.7399999999999,swap,notBad
19460,6,404.0199999999997,6,401.7399999999999,2opt,notBad
19461,6,404.0199999999997,6,401.7399999999999,2opt,notBad
19462,6,404.0199999999997,6,401.7399999999999,swap,notBad
19463,6,404.0199999999997,6,401.7399999999999,move,improve
19464,6,404.0199999999997,6,401.7399999999999,swap,notBad
19465,6,404.0199999999997,6,401.7399999999999,2opt,notBad
19466,6,404.0199999999997,6,401.7399999999999,swap,notBad
19467,6,404.0199999999997,6,401.7399999999999,move,improve
19468,6,404.0199999999997,6,401.7399999999999,swap,notBad
19469,6,404.0199999999997,6,401.7399999999999,swap,notBad
19470,6,404.0199999999997,6,401.7399999999999,move,improve
19471,6,404.0199999999997,6,401.7399999999999,swap,notBad
19472,6,404.0199999999997,6,401.7399999999999,swap,notBad
19473,6,404.0199999999997,6,401.7399999999999,move,improve
19474,6,404.0199999999997,6,401.7399999999999,move,improve
19475,6,404.0199999999997,6,401.7399999999999,swap,notBad
19476,6,404.0199999999997,6,401.7399999999999,2opt,notBad
19477,6,404.0199999999997,6,401.7399999999999,swap,notBad
19478,6,404.0199999999997,6,401.7399999999999,move,improve
19479,6,404.0199999999997,6,401.7399999999999,2opt,notBad
19480,6,404.0199999999997,6,401.7399999999999,move,improve
19481,6,404.0199999999997,6,401.7399999999999,2opt,notBad
19482,6,404.0199999999997,6,401.7399999999999,2opt,notBad
19483,6,404.0199999999997,6,401.7399999999999,swap,notBad
19484,6,404.0199999999997,6,401.7399999999999,move,improve
19485,6,404.0199999999997,6,401.7399999999999,swap,notBad
19486,6,404.0199999999997,6,401.7399999999999,2opt,notBad
19487,6,404.0199999999997,6,401.7399999999999,move,improve
19488,6,404.0199999999997,6,401.7399999999999,2opt,notBad
19489,6,404.0199999999997,6,401.7399999999999,2opt,notBad
19490,6,404.0199999999997,6,401.7399999999999,swap,notBad
19491,6,404.0199999999997,6,401.7399999999999,swap,notBad
19492,6,404.0199999999997,6,401.7399999999999,swap,notBad
19493,6,404.0199999999997,6,401.7399999999999,2opt,notBad
19494,6,404.0199999999997,6,401.7399999999999,move,improve
19495,6,404.0199999999997,6,401.7399999999999,move,improve
19496,6,404.0199999999997,6,401.7399999999999,2opt,notBad
19497,6,404.0199999999997,6,401.7399999999999,move,improve
19498,6,404.0199999999997,6,401.7399999999999,2opt,notBad
19499,6,404.0199999999997,6,401.7399999999999,move,improve
19500,6,404.0199999999997,6,401.7399999999999,swap,notBad
19501,6,404.0199999999997,6,401.7399999999999,swap,notBad
19502,6,404.0199999999997,6,401.7399999999999,move,improve
19503,6,404.0199999999997,6,401.7399999999999,2opt,notBad
19504,6,404.0199999999997,6,401.7399999999999,swap,notBad
19505,6,404.0199999999997,6,401.7399999999999,move,improve
19506,6,404.0199999999997,6,401.7399999999999,2opt,notBad
19507,6,404.0199999999997,6,401.7399999999999,move,improve
19508,6,404.0199999999997,6,401.7399999999999,move,improve
19509,6,404.0199999999997,6,401.7399999999999,2opt,notBad
19510,6,404.0199999999997,6,401.7399999999999,swap,notBad
19511,6,404.0199999999997,6,401.7399999999999,move,improve
19512,6,404.0199999999997,6,401.7399999999999,2opt,notBad
19513,6,404.0199999999997,6,401.7399999999999,swap,notBad
19514,6,404.0199999999997,6,401.7399999999999,swap,notBad
19515,6,404.0199999999997,6,401.7399999999999,swap,notBad
19516,6,404.0199999999997,6,401.7399999999999,2opt,notBad
19517,6,404.0199999999997,6,401.7399999999999,swap,notBad
19518,6,404.0199999999997,6,401.7399999999999,swap,notBad
19519,6,404.0199999999997,6,401.7399999999999,swap,notBad
19520,6,404.0199999999997,6,401.7399999999999,swap,notBad
19521,6,404.0199999999997,6,401.7399999999999,move,improve
19522,6,404.0199999999997,6,401.7399999999999,move,improve
19523,6,404.0199999999997,6,401.7399999999999,move,improve
19524,6,404.0199999999997,6,401.7399999999999,swap,notBad
19525,6,404.0199999999997,6,401.7399999999999,move,improve
19526,6,404.0199999999997,6,401.7399999999999,2opt,notBad
19527,6,404.0199999999997,6,401.7399999999999,move,improve
19528,6,404.0199999999997,6,401.7399999999999,2opt,notBad
19529,6,404.0199999999997,6,401.7399999999999,2opt,notBad
19530,6,404.0199999999997,6,401.7399999999999,2opt,notBad
19531,6,404.0199999999997,6,401.7399999999999,move,improve
19532,6,404.0199999999997,6,401.7399999999999,move,improve
19533,6,404.0199999999997,6,401.7399999999999,2opt,notBad
19534,6,404.0199999999997,6,401.7399999999999,2opt,notBad
19535,6,404.0199999999997,6,401.7399999999999,2opt,notBad
19536,6,404.0199999999997,6,401.7399999999999,2opt,notBad
19537,6,404.0199999999997,6,401.7399999999999,2opt,notBad
19538,6,404.0199999999997,6,401.7399999999999,2opt,notBad
19539,6,404.0199999999997,6,401.7399999999999,move,improve
19540,6,404.0199999999997,6,401.7399999999999,2opt,notBad
19541,6,404.0199999999997,6,401.7399999999999,2opt,notBad
19542,6,404.0199999999997,6,401.7399999999999,move,improve
19543,6,404.0199999999997,6,401.7399999999999,swap,notBad
19544,6,404.0199999999997,6,401.7399999999999,move,improve
19545,6,404.0199999999997,6,401.7399999999999,2opt,improve
19546,6,404.0199999999997,6,401.7399999999999,move,improve
19547,6,404.0199999999997,6,401.7399999999999,move,improve
19548,6,404.0199999999997,6,401.7399999999999,swap,notBad
19549,6,404.0199999999997,6,401.7399999999999,swap,notBad
19550,6,404.0199999999997,6,401.7399999999999,2opt,notBad
19551,6,404.0199999999997,6,401.7399999999999,move,improve
19552,6,404.0199999999997,6,401.7399999999999,2opt,notBad
19553,6,404.0199999999997,6,401.7399999999999,swap,notBad
19554,6,404.0199999999997,6,401.7399999999999,move,improve
19555,6,404.0199999999997,6,401.7399999999999,move,improve
19556,6,404.0199999999997,6,401.7399999999999,2opt,notBad
19557,6,404.0199999999997,6,401.7399999999999,move,improve
19558,6,404.0199999999997,6,401.7399999999999,2opt,notBad
19559,6,404.0199999999997,6,401.7399999999999,move,improve
19560,6,404.0199999999997,6,401.7399999999999,move,improve
19561,6,404.0199999999997,6,401.7399999999999,move,improve
19562,6,404.0199999999997,6,401.7399999999999,swap,notBad
19563,6,404.0199999999997,6,401.7399999999999,swap,notBad
19564,6,404.0199999999997,6,401.7399999999999,2opt,notBad
19565,6,404.0199999999997,6,401.7399999999999,move,improve
19566,6,404.0199999999997,6,401.7399999999999,swap,notBad
19567,6,404.0199999999997,6,401.7399999999999,swap,notBad
19568,6,404.0199999999997,6,401.7399999999999,2opt,notBad
19569,6,404.0199999999997,6,401.7399999999999,swap,notBad
19570,6,404.0199999999997,6,401.7399999999999,swap,notBad
19571,6,404.0199999999997,6,401.7399999999999,swap,notBad
19572,6,404.0199999999997,6,401.7399999999999,swap,notBad
19573,6,404.0199999999997,6,401.7399999999999,swap,notBad
19574,6,404.0199999999997,6,401.7399999999999,move,improve
19575,6,404.0199999999997,6,401.7399999999999,move,improve
19576,6,404.0199999999997,6,401.7399999999999,move,improve
19577,6,404.0199999999997,6,401.7399999999999,move,improve
19578,6,404.0199999999997,6,401.7399999999999,swap,notBad
19579,6,404.0199999999997,6,401.7399999999999,move,improve
19580,6,404.0199999999997,6,401.7399999999999,move,improve
19581,6,404.0199999999997,6,401.7399999999999,2opt,notBad
19582,6,404.0199999999997,6,401.7399999999999,2opt,improve
19583,6,404.0199999999997,6,401.7399999999999,move,improve
19584,6,404.0199999999997,6,401.7399999999999,2opt,notBad
19585,6,404.0199999999997,6,401.7399999999999,swap,notBad
19586,6,404.0199999999997,6,401.7399999999999,swap,notBad
19587,6,404.0199999999997,6,401.7399999999999,swap,notBad
19588,6,404.0199999999997,6,401.7399999999999,swap,notBad
19589,6,404.0199999999997,6,401.7399999999999,move,improve
19590,6,404.0199999999997,6,401.7399999999999,swap,notBad
19591,6,404.0199999999997,6,401.7399999999999,2opt,notBad
19592,6,404.0199999999997,6,401.7399999999999,swap,notBad
19593,6,404.0199999999997,6,401.7399999999999,swap,notBad
19594,6,404.0199999999997,6,401.7399999999999,move,improve
19595,6,404.0199999999997,6,401.7399999999999,move,improve
19596,6,404.0199999999997,6,401.7399999999999,move,improve
19597,6,404.0199999999997,6,401.7399999999999,2opt,notBad
19598,6,404.0199999999997,6,401.7399999999999,swap,notBad
