i,vehi,obj,vehiBest,objBest,loFunc,note
1,17,2277.5500000000015,17,2277.5500000000015,swap,newBest
2,17,2323.350000000001,17,2277.5500000000015,swap,acceptBad
3,17,2323.350000000001,17,2277.5500000000015,2opt,improve
4,17,2323.350000000001,17,2277.5500000000015,2opt,improve
5,17,2233.4500000000007,17,2233.4500000000007,swap,newBest
6,17,2387.3500000000004,17,2233.4500000000007,swap,acceptBad
7,17,2449.15,17,2233.4500000000007,swap,acceptBad
8,17,2600.15,17,2233.4500000000007,2opt,acceptBad
9,18,3719.35,17,2233.4500000000007,2opt,acceptBad
10,18,3719.35,17,2233.4500000000007,move,improve
11,18,3875.8499999999995,17,2233.4500000000007,swap,acceptBad
12,18,3398.5000000000005,17,2233.4500000000007,move,improve
13,18,3269.3,17,2233.4500000000007,move,improve
14,18,3126.7999999999993,17,2233.4500000000007,move,improve
15,18,3102.999999999999,17,2233.4500000000007,swap,improve
16,18,3120.0000000000005,17,2233.4500000000007,2opt,acceptBad
17,18,2949.1000000000004,17,2233.4500000000007,move,improve
18,18,2836.1500000000005,17,2233.4500000000007,move,improve
19,19,4076.8000000000006,17,2233.4500000000007,2opt,acceptBad
20,19,4106.500000000001,17,2233.4500000000007,swap,acceptBad
21,20,4744.750000000002,17,2233.4500000000007,2opt,acceptBad
22,20,4802.200000000002,17,2233.4500000000007,swap,acceptBad
23,21,5464.950000000001,17,2233.4500000000007,2opt,acceptBad
24,21,5794.550000000002,17,2233.4500000000007,swap,acceptBad
25,21,5519.350000000001,17,2233.4500000000007,2opt,improve
26,21,5198.700000000003,17,2233.4500000000007,swap,improve
27,21,5073.050000000001,17,2233.4500000000007,swap,improve
28,21,4957.700000000001,17,2233.4500000000007,swap,improve
29,21,4957.700000000001,17,2233.4500000000007,2opt,improve
30,21,4819.300000000001,17,2233.4500000000007,2opt,improve
31,21,4929.6500000000015,17,2233.4500000000007,swap,acceptBad
32,21,4901.65,17,2233.4500000000007,swap,improve
33,21,5099.199999999999,17,2233.4500000000007,2opt,acceptBad
34,21,4892.3,17,2233.4500000000007,move,improve
35,22,5097.899999999999,17,2233.4500000000007,2opt,acceptBad
36,22,5097.899999999999,17,2233.4500000000007,move,improve
37,23,5943.949999999999,17,2233.4500000000007,2opt,acceptBad
38,23,5676.300000000001,17,2233.4500000000007,move,improve
39,23,5463.75,17,2233.4500000000007,swap,improve
40,23,5592.1,17,2233.4500000000007,swap,acceptBad
41,23,5401.6500000000015,17,2233.4500000000007,swap,improve
42,23,5519.000000000001,17,2233.4500000000007,swap,acceptBad
43,23,5530.950000000001,17,2233.4500000000007,swap,acceptBad
44,23,5177.250000000002,17,2233.4500000000007,move,improve
45,23,5177.250000000002,17,2233.4500000000007,move,improve
46,23,4873.75,17,2233.4500000000007,swap,improve
47,23,4873.75,17,2233.4500000000007,2opt,improve
48,23,4785.7,17,2233.4500000000007,move,improve
49,23,4618.650000000001,17,2233.4500000000007,2opt,improve
50,23,4450.35,17,2233.4500000000007,swap,improve
51,23,4496.049999999999,17,2233.4500000000007,swap,acceptBad
52,23,4698.6500000000015,17,2233.4500000000007,swap,acceptBad
53,23,4503.000000000001,17,2233.4500000000007,move,improve
54,23,4469.4000000000015,17,2233.4500000000007,2opt,improve
55,23,4488.350000000001,17,2233.4500000000007,2opt,acceptBad
56,23,4488.350000000001,17,2233.4500000000007,move,improve
57,23,4488.350000000001,17,2233.4500000000007,move,improve
58,23,4409.75,17,2233.4500000000007,2opt,improve
59,23,4424.1,17,2233.4500000000007,swap,acceptBad
60,23,4424.1,17,2233.4500000000007,move,improve
61,23,4401.4,17,2233.4500000000007,move,improve
62,24,5522.750000000002,17,2233.4500000000007,2opt,acceptBad
63,24,5510.050000000001,17,2233.4500000000007,move,improve
64,24,5524.050000000001,17,2233.4500000000007,2opt,acceptBad
65,24,5627.850000000001,17,2233.4500000000007,2opt,acceptBad
66,24,5421.850000000001,17,2233.4500000000007,move,improve
67,24,5421.850000000001,17,2233.4500000000007,move,improve
68,24,5421.850000000001,17,2233.4500000000007,move,improve
69,24,5387.350000000001,17,2233.4500000000007,swap,improve
70,24,5437.6500000000015,17,2233.4500000000007,swap,acceptBad
71,24,4825.000000000002,17,2233.4500000000007,move,improve
72,24,4818.700000000002,17,2233.4500000000007,move,improve
73,24,5062.55,17,2233.4500000000007,swap,acceptBad
74,24,4779.8,17,2233.4500000000007,move,improve
75,24,4685.9,17,2233.4500000000007,move,improve
76,25,6121.700000000001,17,2233.4500000000007,2opt,acceptBad
77,25,5983.799999999999,17,2233.4500000000007,swap,improve
78,25,5696.350000000002,17,2233.4500000000007,swap,improve
79,25,5832.700000000003,17,2233.4500000000007,swap,acceptBad
80,25,6278.5999999999985,17,2233.4500000000007,2opt,acceptBad
81,25,6318.549999999998,17,2233.4500000000007,2opt,acceptBad
82,26,7727.249999999997,17,2233.4500000000007,2opt,acceptBad
83,26,8058.249999999995,17,2233.4500000000007,2opt,acceptBad
84,26,7930.649999999998,17,2233.4500000000007,2opt,improve
85,26,7919.799999999998,17,2233.4500000000007,swap,improve
86,26,7765.950000000002,17,2233.4500000000007,2opt,improve
87,26,6850.300000000002,17,2233.4500000000007,move,improve
88,26,6690.15,17,2233.4500000000007,2opt,improve
89,26,5941.749999999999,17,2233.4500000000007,move,improve
90,26,6131.449999999998,17,2233.4500000000007,swap,acceptBad
91,26,6131.449999999998,17,2233.4500000000007,move,improve
92,26,5839.049999999998,17,2233.4500000000007,move,improve
93,26,5725.25,17,2233.4500000000007,move,improve
94,26,6490.950000000002,17,2233.4500000000007,swap,acceptBad
95,26,6285.35,17,2233.4500000000007,swap,improve
96,26,6862.900000000004,17,2233.4500000000007,2opt,acceptBad
97,26,6862.900000000004,17,2233.4500000000007,2opt,improve
98,26,6328.350000000003,17,2233.4500000000007,move,improve
99,26,6273.800000000002,17,2233.4500000000007,swap,improve
100,26,6340.000000000004,17,2233.4500000000007,2opt,acceptBad
101,26,6363.6,17,2233.4500000000007,2opt,acceptBad
102,26,6136.450000000001,17,2233.4500000000007,move,improve
103,26,6035.350000000002,17,2233.4500000000007,2opt,improve
104,26,6010.85,17,2233.4500000000007,swap,improve
105,26,5931.200000000003,17,2233.4500000000007,swap,improve
106,26,5931.200000000003,17,2233.4500000000007,move,improve
107,26,5630.700000000002,17,2233.4500000000007,2opt,improve
108,26,6041.4500000000035,17,2233.4500000000007,2opt,acceptBad
109,26,5672.550000000004,17,2233.4500000000007,move,improve
110,26,5649.400000000005,17,2233.4500000000007,swap,improve
111,26,5639.900000000006,17,2233.4500000000007,swap,improve
112,26,5536.700000000004,17,2233.4500000000007,move,improve
113,27,6650.100000000006,17,2233.4500000000007,2opt,acceptBad
114,27,6277.550000000004,17,2233.4500000000007,move,improve
115,27,6223.500000000002,17,2233.4500000000007,swap,improve
116,27,6029.9500000000035,17,2233.4500000000007,move,improve
117,28,7310.949999999999,17,2233.4500000000007,2opt,acceptBad
118,28,7317.999999999997,17,2233.4500000000007,swap,acceptBad
119,28,7123.299999999999,17,2233.4500000000007,2opt,improve
120,28,7593.0999999999985,17,2233.4500000000007,2opt,acceptBad
121,28,7600.050000000001,17,2233.4500000000007,2opt,acceptBad
122,28,7735.55,17,2233.4500000000007,swap,acceptBad
123,28,7419.849999999997,17,2233.4500000000007,move,improve
124,28,7552.049999999996,17,2233.4500000000007,swap,acceptBad
125,29,8537.899999999998,17,2233.4500000000007,2opt,acceptBad
126,29,7722.799999999996,17,2233.4500000000007,move,improve
127,29,7666.749999999997,17,2233.4500000000007,swap,improve
128,29,7715.249999999995,17,2233.4500000000007,swap,acceptBad
129,29,7911.599999999996,17,2233.4500000000007,swap,acceptBad
130,29,8046.699999999994,17,2233.4500000000007,2opt,acceptBad
131,29,8036.9999999999945,17,2233.4500000000007,2opt,improve
132,29,7557.449999999995,17,2233.4500000000007,move,improve
133,29,7525.099999999998,17,2233.4500000000007,2opt,improve
134,29,7900.649999999998,17,2233.4500000000007,2opt,acceptBad
135,29,7500.400000000001,17,2233.4500000000007,move,improve
136,29,7999.45,17,2233.4500000000007,swap,acceptBad
137,29,8119.950000000001,17,2233.4500000000007,swap,acceptBad
138,29,7382.9,17,2233.4500000000007,swap,improve
139,29,7465.350000000002,17,2233.4500000000007,swap,acceptBad
140,29,7086.9,17,2233.4500000000007,move,improve
141,29,7074.900000000002,17,2233.4500000000007,2opt,improve
142,29,6943.899999999999,17,2233.4500000000007,swap,improve
143,29,6591.199999999997,17,2233.4500000000007,move,improve
144,29,6782.6500000000015,17,2233.4500000000007,2opt,acceptBad
145,29,6823.000000000002,17,2233.4500000000007,swap,acceptBad
146,29,6823.000000000002,17,2233.4500000000007,move,improve
147,29,6823.000000000002,17,2233.4500000000007,move,improve
148,29,6667.350000000001,17,2233.4500000000007,move,improve
149,29,6667.350000000001,17,2233.4500000000007,move,improve
150,29,6303.800000000002,17,2233.4500000000007,move,improve
151,29,6303.800000000002,17,2233.4500000000007,move,improve
152,29,6065.199999999999,17,2233.4500000000007,move,improve
153,29,5867.85,17,2233.4500000000007,2opt,improve
154,29,5824.100000000002,17,2233.4500000000007,2opt,improve
155,29,5860.100000000001,17,2233.4500000000007,2opt,acceptBad
156,29,5858.1,17,2233.4500000000007,move,improve
157,29,5858.1,17,2233.4500000000007,move,improve
158,29,5856.6,17,2233.4500000000007,move,improve
159,29,6308.800000000004,17,2233.4500000000007,2opt,acceptBad
160,29,6840.450000000005,17,2233.4500000000007,swap,acceptBad
161,29,6853.4000000000015,17,2233.4500000000007,2opt,acceptBad
162,29,6784.650000000002,17,2233.4500000000007,2opt,improve
163,29,7864.2,17,2233.4500000000007,swap,acceptBad
164,29,8053.399999999999,17,2233.4500000000007,2opt,acceptBad
165,29,7685.45,17,2233.4500000000007,move,improve
166,30,8835.049999999996,17,2233.4500000000007,2opt,acceptBad
167,30,7876.549999999993,17,2233.4500000000007,move,improve
168,30,7492.699999999995,17,2233.4500000000007,2opt,improve
169,30,7441.699999999997,17,2233.4500000000007,move,improve
170,29,6178.6500000000015,17,2233.4500000000007,move,improve
171,29,6178.6500000000015,17,2233.4500000000007,move,improve
172,29,5966.049999999999,17,2233.4500000000007,2opt,improve
173,29,6097.8499999999985,17,2233.4500000000007,swap,acceptBad
174,29,5980.35,17,2233.4500000000007,move,improve
175,29,5962.6,17,2233.4500000000007,move,improve
176,29,5654.65,17,2233.4500000000007,move,improve
177,29,6250.5999999999985,17,2233.4500000000007,swap,acceptBad
178,29,6531.149999999998,17,2233.4500000000007,swap,acceptBad
179,29,6204.799999999998,17,2233.4500000000007,swap,improve
180,29,6839.200000000001,17,2233.4500000000007,swap,acceptBad
181,29,6711.050000000001,17,2233.4500000000007,move,improve
182,29,6824.250000000003,17,2233.4500000000007,swap,acceptBad
183,29,6151.899999999998,17,2233.4500000000007,move,improve
184,29,6448.749999999996,17,2233.4500000000007,swap,acceptBad
185,29,6513.899999999998,17,2233.4500000000007,2opt,acceptBad
186,29,6499.049999999996,17,2233.4500000000007,swap,improve
187,30,7461.599999999994,17,2233.4500000000007,2opt,acceptBad
188,30,7572.549999999996,17,2233.4500000000007,2opt,acceptBad
189,30,7417.049999999996,17,2233.4500000000007,move,improve
190,30,7416.599999999996,17,2233.4500000000007,swap,improve
191,30,7416.599999999996,17,2233.4500000000007,2opt,improve
192,30,7416.599999999996,17,2233.4500000000007,2opt,improve
193,30,7726.649999999998,17,2233.4500000000007,swap,acceptBad
194,30,7726.649999999998,17,2233.4500000000007,2opt,improve
195,30,7752.349999999997,17,2233.4500000000007,swap,acceptBad
196,30,8667.89999999999,17,2233.4500000000007,2opt,acceptBad
197,30,8482.49999999999,17,2233.4500000000007,swap,improve
198,30,8250.74999999999,17,2233.4500000000007,move,improve
199,30,8532.49999999999,17,2233.4500000000007,2opt,acceptBad
200,30,8688.999999999989,17,2233.4500000000007,2opt,acceptBad
201,30,8696.299999999987,17,2233.4500000000007,2opt,acceptBad
202,30,8924.09999999999,17,2233.4500000000007,2opt,acceptBad
203,30,8630.049999999992,17,2233.4500000000007,swap,improve
204,30,8630.049999999992,17,2233.4500000000007,move,improve
205,30,8630.049999999992,17,2233.4500000000007,2opt,improve
206,30,9224.199999999992,17,2233.4500000000007,2opt,acceptBad
207,30,9049.14999999999,17,2233.4500000000007,2opt,improve
208,30,8253.49999999999,17,2233.4500000000007,move,improve
209,30,7832.849999999995,17,2233.4500000000007,2opt,improve
210,30,8330.149999999998,17,2233.4500000000007,2opt,acceptBad
211,30,8362.249999999996,17,2233.4500000000007,swap,acceptBad
212,30,8330.149999999998,17,2233.4500000000007,move,improve
213,30,8118.549999999997,17,2233.4500000000007,move,improve
214,30,8045.299999999997,17,2233.4500000000007,move,improve
215,30,8104.450000000003,17,2233.4500000000007,2opt,acceptBad
216,30,8021.35,17,2233.4500000000007,2opt,improve
217,30,8021.35,17,2233.4500000000007,move,improve
218,30,7739.200000000001,17,2233.4500000000007,move,improve
219,30,7319.5499999999965,17,2233.4500000000007,move,improve
220,30,7307.449999999996,17,2233.4500000000007,move,improve
221,30,7307.449999999996,17,2233.4500000000007,2opt,improve
222,30,7586.199999999997,17,2233.4500000000007,2opt,acceptBad
223,30,7725.499999999996,17,2233.4500000000007,2opt,acceptBad
224,30,8053.799999999997,17,2233.4500000000007,2opt,acceptBad
225,30,7449.7999999999965,17,2233.4500000000007,move,improve
226,30,7125.949999999998,17,2233.4500000000007,swap,improve
227,30,7125.949999999998,17,2233.4500000000007,move,improve
228,30,7136.799999999998,17,2233.4500000000007,swap,acceptBad
229,30,7479.449999999996,17,2233.4500000000007,swap,acceptBad
230,30,7755.199999999995,17,2233.4500000000007,swap,acceptBad
231,30,7779.799999999997,17,2233.4500000000007,2opt,acceptBad
232,30,8041.249999999998,17,2233.4500000000007,2opt,acceptBad
233,30,7489.049999999999,17,2233.4500000000007,move,improve
234,30,7514.499999999998,17,2233.4500000000007,swap,acceptBad
235,30,7514.499999999998,17,2233.4500000000007,move,improve
236,30,7063.800000000001,17,2233.4500000000007,move,improve
237,30,7063.800000000001,17,2233.4500000000007,move,improve
238,30,7693.950000000004,17,2233.4500000000007,2opt,acceptBad
239,30,7530.000000000003,17,2233.4500000000007,move,improve
240,30,7840.65,17,2233.4500000000007,2opt,acceptBad
241,30,7992.050000000004,17,2233.4500000000007,2opt,acceptBad
242,30,8473.550000000001,17,2233.4500000000007,2opt,acceptBad
243,30,8699.600000000004,17,2233.4500000000007,swap,acceptBad
244,30,9013.400000000003,17,2233.4500000000007,2opt,acceptBad
245,30,8455.450000000004,17,2233.4500000000007,move,improve
246,30,7965.4000000000015,17,2233.4500000000007,move,improve
247,30,7611.699999999999,17,2233.4500000000007,2opt,improve
248,30,7491.6,17,2233.4500000000007,2opt,improve
249,30,7446.799999999999,17,2233.4500000000007,2opt,improve
250,30,7136.750000000002,17,2233.4500000000007,move,improve
251,30,7017.000000000005,17,2233.4500000000007,move,improve
252,30,6789.150000000007,17,2233.4500000000007,move,improve
253,30,6771.450000000013,17,2233.4500000000007,2opt,improve
254,30,6718.95000000001,17,2233.4500000000007,move,improve
255,30,6842.350000000008,17,2233.4500000000007,swap,acceptBad
256,30,6466.450000000003,17,2233.4500000000007,2opt,improve
257,30,6466.450000000003,17,2233.4500000000007,2opt,improve
258,30,6609.000000000003,17,2233.4500000000007,swap,acceptBad
259,30,6802.050000000001,17,2233.4500000000007,swap,acceptBad
260,30,6717.25,17,2233.4500000000007,2opt,improve
261,30,7061.550000000002,17,2233.4500000000007,2opt,acceptBad
262,30,6956.750000000004,17,2233.4500000000007,2opt,improve
263,30,7325.350000000002,17,2233.4500000000007,2opt,acceptBad
264,30,6947.85,17,2233.4500000000007,swap,improve
265,30,6636.6500000000015,17,2233.4500000000007,2opt,improve
266,30,6385.750000000001,17,2233.4500000000007,move,improve
267,30,6484.750000000002,17,2233.4500000000007,2opt,acceptBad
268,30,6349.650000000001,17,2233.4500000000007,2opt,improve
269,30,6349.650000000001,17,2233.4500000000007,2opt,improve
270,30,6349.650000000001,17,2233.4500000000007,move,improve
271,30,6306.4,17,2233.4500000000007,swap,improve
272,30,6330.299999999999,17,2233.4500000000007,swap,acceptBad
273,30,6295.300000000001,17,2233.4500000000007,2opt,improve
274,30,6205.000000000002,17,2233.4500000000007,move,improve
275,30,6576.199999999999,17,2233.4500000000007,swap,acceptBad
276,30,6240.9000000000015,17,2233.4500000000007,move,improve
277,30,6492.699999999999,17,2233.4500000000007,2opt,acceptBad
278,30,6670.9,17,2233.4500000000007,swap,acceptBad
279,30,6783.699999999999,17,2233.4500000000007,2opt,acceptBad
280,30,6783.699999999999,17,2233.4500000000007,move,improve
281,30,6489.999999999999,17,2233.4500000000007,move,improve
282,30,6628.399999999995,17,2233.4500000000007,swap,acceptBad
283,30,6537.349999999997,17,2233.4500000000007,move,improve
284,30,6537.349999999997,17,2233.4500000000007,move,improve
285,30,6487.5,17,2233.4500000000007,swap,improve
286,30,6271.550000000001,17,2233.4500000000007,move,improve
287,30,6267.200000000002,17,2233.4500000000007,move,improve
288,31,7495.25,17,2233.4500000000007,2opt,acceptBad
289,31,7606.9,17,2233.4500000000007,swap,acceptBad
290,31,7479.7,17,2233.4500000000007,move,improve
291,31,7535.399999999999,17,2233.4500000000007,2opt,acceptBad
292,31,7493.150000000007,17,2233.4500000000007,2opt,improve
293,31,7214.700000000006,17,2233.4500000000007,move,improve
294,31,6993.4000000000015,17,2233.4500000000007,swap,improve
295,31,6904.950000000003,17,2233.4500000000007,move,improve
296,31,6910.9,17,2233.4500000000007,2opt,acceptBad
297,31,7134.5,17,2233.4500000000007,swap,acceptBad
298,31,7221.049999999999,17,2233.4500000000007,swap,acceptBad
299,31,7151.749999999999,17,2233.4500000000007,move,improve
300,31,7094.6,17,2233.4500000000007,swap,improve
301,31,7148.400000000001,17,2233.4500000000007,swap,acceptBad
302,31,7188.650000000001,17,2233.4500000000007,swap,acceptBad
303,31,7769.2000000000035,17,2233.4500000000007,2opt,acceptBad
304,31,7769.2000000000035,17,2233.4500000000007,2opt,improve
305,31,7612.100000000006,17,2233.4500000000007,move,improve
306,31,7189.250000000006,17,2233.4500000000007,move,improve
307,31,6951.400000000003,17,2233.4500000000007,move,improve
308,31,6912.650000000005,17,2233.4500000000007,move,improve
309,31,6898.700000000004,17,2233.4500000000007,2opt,improve
310,31,6898.700000000004,17,2233.4500000000007,2opt,improve
311,31,7126.550000000006,17,2233.4500000000007,swap,acceptBad
312,31,7228.2500000000055,17,2233.4500000000007,swap,acceptBad
313,31,7069.500000000004,17,2233.4500000000007,move,improve
314,31,7206.300000000003,17,2233.4500000000007,2opt,acceptBad
315,31,6941.300000000003,17,2233.4500000000007,move,improve
316,31,6788.200000000003,17,2233.4500000000007,2opt,improve
317,31,7237.4000000000015,17,2233.4500000000007,swap,acceptBad
318,31,7237.4000000000015,17,2233.4500000000007,move,improve
319,31,6960.700000000001,17,2233.4500000000007,move,improve
320,31,7554.250000000002,17,2233.4500000000007,move,acceptBad
321,31,7711.250000000002,17,2233.4500000000007,2opt,acceptBad
322,31,7593.850000000004,17,2233.4500000000007,2opt,improve
323,31,7486.350000000002,17,2233.4500000000007,move,improve
324,31,7600.700000000003,17,2233.4500000000007,swap,acceptBad
325,31,7340.450000000003,17,2233.4500000000007,move,improve
326,31,7340.450000000003,17,2233.4500000000007,move,improve
327,31,7301.500000000004,17,2233.4500000000007,2opt,improve
328,31,7301.500000000004,17,2233.4500000000007,move,improve
329,31,7146.500000000003,17,2233.4500000000007,swap,improve
330,31,6625.300000000001,17,2233.4500000000007,2opt,improve
331,31,6539.600000000002,17,2233.4500000000007,swap,improve
332,31,6539.600000000002,17,2233.4500000000007,move,improve
333,31,6618.4000000000015,17,2233.4500000000007,2opt,acceptBad
334,31,6648.650000000001,17,2233.4500000000007,swap,acceptBad
335,31,6648.650000000001,17,2233.4500000000007,2opt,improve
336,31,6630.000000000002,17,2233.4500000000007,2opt,improve
337,31,6734.499999999998,17,2233.4500000000007,swap,acceptBad
338,31,7059.399999999998,17,2233.4500000000007,swap,acceptBad
339,31,6738.9000000000015,17,2233.4500000000007,move,improve
340,31,6769.950000000004,17,2233.4500000000007,2opt,acceptBad
341,31,6348.950000000003,17,2233.4500000000007,swap,improve
342,31,6102.55,17,2233.4500000000007,move,improve
343,31,6102.55,17,2233.4500000000007,move,improve
344,31,6228.950000000001,17,2233.4500000000007,swap,acceptBad
345,31,6228.950000000001,17,2233.4500000000007,move,improve
346,32,8270.449999999999,17,2233.4500000000007,2opt,acceptBad
347,32,8506.3,17,2233.4500000000007,swap,acceptBad
348,32,8583.199999999993,17,2233.4500000000007,swap,acceptBad
349,32,8583.199999999993,17,2233.4500000000007,move,improve
350,32,8825.900000000001,17,2233.4500000000007,2opt,acceptBad
351,32,7999.249999999998,17,2233.4500000000007,move,improve
352,32,8000.149999999996,17,2233.4500000000007,2opt,acceptBad
353,32,7114.149999999996,17,2233.4500000000007,move,improve
354,32,7359.799999999999,17,2233.4500000000007,swap,acceptBad
355,32,7713.200000000001,17,2233.4500000000007,swap,acceptBad
356,32,8383.949999999999,17,2233.4500000000007,swap,acceptBad
357,32,8573.249999999996,17,2233.4500000000007,swap,acceptBad
358,32,8820.349999999997,17,2233.4500000000007,2opt,acceptBad
359,32,8324.79999999999,17,2233.4500000000007,2opt,improve
360,32,8327.7,17,2233.4500000000007,2opt,acceptBad
361,32,9262.049999999996,17,2233.4500000000007,2opt,acceptBad
362,32,10091.899999999998,17,2233.4500000000007,2opt,acceptBad
363,32,10486.299999999997,17,2233.4500000000007,2opt,acceptBad
364,32,10300.199999999993,17,2233.4500000000007,swap,improve
365,32,10111.699999999992,17,2233.4500000000007,2opt,improve
366,32,10215.799999999992,17,2233.4500000000007,swap,acceptBad
367,32,9384.249999999996,17,2233.4500000000007,move,improve
368,32,9901.799999999996,17,2233.4500000000007,swap,acceptBad
369,32,10036.449999999997,17,2233.4500000000007,2opt,acceptBad
370,32,10432.599999999995,17,2233.4500000000007,2opt,acceptBad
371,32,10497.849999999997,17,2233.4500000000007,swap,acceptBad
372,32,10407.949999999997,17,2233.4500000000007,move,improve
373,32,10407.949999999997,17,2233.4500000000007,move,improve
374,32,10029.649999999998,17,2233.4500000000007,move,improve
375,32,10681.050000000003,17,2233.4500000000007,2opt,acceptBad
376,32,10429.949999999993,17,2233.4500000000007,2opt,improve
377,32,10318.849999999999,17,2233.4500000000007,2opt,improve
378,32,10318.849999999999,17,2233.4500000000007,move,improve
379,32,10068.850000000002,17,2233.4500000000007,2opt,improve
380,32,9458.35,17,2233.4500000000007,swap,improve
381,32,9233.25,17,2233.4500000000007,swap,improve
382,32,9855.049999999997,17,2233.4500000000007,2opt,acceptBad
383,32,8868.45,17,2233.4500000000007,move,improve
384,32,8806.65,17,2233.4500000000007,2opt,improve
385,32,8648.8,17,2233.4500000000007,swap,improve
386,32,8628.5,17,2233.4500000000007,swap,improve
387,32,8632.099999999995,17,2233.4500000000007,2opt,acceptBad
388,32,8646.649999999998,17,2233.4500000000007,2opt,acceptBad
389,32,8662.949999999997,17,2233.4500000000007,2opt,acceptBad
390,32,8652.699999999997,17,2233.4500000000007,move,improve
391,32,8497.5,17,2233.4500000000007,move,improve
392,32,8724.449999999999,17,2233.4500000000007,swap,acceptBad
393,32,8293.35,17,2233.4500000000007,move,improve
394,32,8289.849999999997,17,2233.4500000000007,swap,improve
395,32,8485.049999999996,17,2233.4500000000007,swap,acceptBad
396,32,8272.949999999997,17,2233.4500000000007,move,improve
397,32,8184.549999999997,17,2233.4500000000007,move,improve
398,32,8029.549999999999,17,2233.4500000000007,move,improve
399,32,7782.75,17,2233.4500000000007,2opt,improve
400,32,7465.500000000002,17,2233.4500000000007,move,improve
401,32,7754.399999999998,17,2233.4500000000007,swap,acceptBad
402,32,7510.749999999998,17,2233.4500000000007,move,improve
403,32,7182.350000000002,17,2233.4500000000007,move,improve
404,32,7079.050000000001,17,2233.4500000000007,move,improve
405,32,6839.6500000000015,17,2233.4500000000007,move,improve
406,32,6839.6500000000015,17,2233.4500000000007,move,improve
407,32,6940.7499999999945,17,2233.4500000000007,2opt,acceptBad
408,32,6836.699999999997,17,2233.4500000000007,swap,improve
409,32,6790.349999999996,17,2233.4500000000007,move,improve
410,32,6785.849999999996,17,2233.4500000000007,move,improve
411,32,6516.749999999998,17,2233.4500000000007,2opt,improve
412,33,8666.249999999995,17,2233.4500000000007,2opt,acceptBad
413,33,8219.449999999995,17,2233.4500000000007,move,improve
414,33,8510.849999999997,17,2233.4500000000007,swap,acceptBad
415,33,9471.45,17,2233.4500000000007,2opt,acceptBad
416,33,9171.149999999998,17,2233.4500000000007,2opt,improve
417,33,8206.549999999997,17,2233.4500000000007,move,improve
418,33,7694.050000000003,17,2233.4500000000007,move,improve
419,33,7994.450000000001,17,2233.4500000000007,swap,acceptBad
420,33,7994.450000000001,17,2233.4500000000007,move,improve
421,33,7701.750000000002,17,2233.4500000000007,move,improve
422,33,7916.8499999999985,17,2233.4500000000007,2opt,acceptBad
423,33,7597.0,17,2233.4500000000007,move,improve
424,33,7904.1,17,2233.4500000000007,swap,acceptBad
425,33,8182.4,17,2233.4500000000007,2opt,acceptBad
426,33,8464.850000000002,17,2233.4500000000007,2opt,acceptBad
427,33,8103.300000000004,17,2233.4500000000007,2opt,improve
428,33,7694.550000000004,17,2233.4500000000007,move,improve
429,33,8136.650000000005,17,2233.4500000000007,2opt,acceptBad
430,33,8136.650000000005,17,2233.4500000000007,move,improve
431,33,8010.600000000004,17,2233.4500000000007,swap,improve
432,33,7961.900000000003,17,2233.4500000000007,swap,improve
433,33,8455.700000000003,17,2233.4500000000007,swap,acceptBad
434,33,8200.700000000003,17,2233.4500000000007,move,improve
435,33,8200.700000000003,17,2233.4500000000007,move,improve
436,33,8274.550000000003,17,2233.4500000000007,swap,acceptBad
437,33,8222.050000000007,17,2233.4500000000007,move,improve
438,33,7527.250000000002,17,2233.4500000000007,move,improve
439,33,7527.250000000002,17,2233.4500000000007,move,improve
440,33,7301.9000000000015,17,2233.4500000000007,move,improve
441,33,7474.700000000003,17,2233.4500000000007,swap,acceptBad
442,33,6897.150000000003,17,2233.4500000000007,move,improve
443,33,7682.7500000000055,17,2233.4500000000007,swap,acceptBad
444,33,7309.250000000002,17,2233.4500000000007,move,improve
445,33,7138.450000000003,17,2233.4500000000007,move,improve
446,33,6945.150000000005,17,2233.4500000000007,move,improve
447,33,7271.900000000006,17,2233.4500000000007,2opt,acceptBad
448,33,7271.900000000006,17,2233.4500000000007,move,improve
449,33,7037.850000000002,17,2233.4500000000007,move,improve
450,33,6855.350000000001,17,2233.4500000000007,swap,improve
451,33,7010.499999999999,17,2233.4500000000007,2opt,acceptBad
452,33,7724.149999999998,17,2233.4500000000007,swap,acceptBad
453,33,7319.65,17,2233.4500000000007,move,improve
454,33,7319.65,17,2233.4500000000007,move,improve
455,34,9899.55,17,2233.4500000000007,2opt,acceptBad
456,34,10834.999999999996,17,2233.4500000000007,swap,acceptBad
457,34,10889.3,17,2233.4500000000007,swap,acceptBad
458,34,11252.850000000002,17,2233.4500000000007,2opt,acceptBad
459,34,11252.850000000002,17,2233.4500000000007,2opt,improve
460,34,10125.15,17,2233.4500000000007,move,improve
461,34,10125.15,17,2233.4500000000007,move,improve
462,34,9879.349999999997,17,2233.4500000000007,2opt,improve
463,34,10120.999999999996,17,2233.4500000000007,swap,acceptBad
464,34,11108.749999999996,17,2233.4500000000007,swap,acceptBad
465,34,10072.149999999994,17,2233.4500000000007,move,improve
466,34,10722.749999999993,17,2233.4500000000007,swap,acceptBad
467,34,11118.249999999993,17,2233.4500000000007,swap,acceptBad
468,34,10244.049999999988,17,2233.4500000000007,move,improve
469,34,9916.799999999996,17,2233.4500000000007,move,improve
470,34,10667.94999999999,17,2233.4500000000007,2opt,acceptBad
471,34,11070.349999999991,17,2233.4500000000007,2opt,acceptBad
472,34,11723.249999999989,17,2233.4500000000007,2opt,acceptBad
473,34,11696.849999999997,17,2233.4500000000007,2opt,improve
474,34,11858.050000000001,17,2233.4500000000007,2opt,acceptBad
475,34,10935.95,17,2233.4500000000007,move,improve
476,34,11171.800000000001,17,2233.4500000000007,2opt,acceptBad
477,34,10989.800000000003,17,2233.4500000000007,move,improve
478,34,10800.399999999992,17,2233.4500000000007,2opt,improve
479,34,10800.399999999992,17,2233.4500000000007,move,improve
480,34,9965.399999999994,17,2233.4500000000007,move,improve
481,34,10134.749999999993,17,2233.4500000000007,swap,acceptBad
482,34,9805.799999999992,17,2233.4500000000007,move,improve
483,34,9737.599999999997,17,2233.4500000000007,2opt,improve
484,34,10361.699999999997,17,2233.4500000000007,2opt,acceptBad
485,34,10464.899999999994,17,2233.4500000000007,2opt,acceptBad
486,34,10351.199999999997,17,2233.4500000000007,2opt,improve
487,34,10404.499999999998,17,2233.4500000000007,swap,acceptBad
488,34,10608.199999999995,17,2233.4500000000007,swap,acceptBad
489,34,9997.349999999997,17,2233.4500000000007,move,improve
490,34,9274.999999999998,17,2233.4500000000007,move,improve
491,34,9308.199999999997,17,2233.4500000000007,swap,acceptBad
492,34,9227.299999999997,17,2233.4500000000007,2opt,improve
493,34,8991.349999999995,17,2233.4500000000007,swap,improve
494,34,8982.899999999992,17,2233.4500000000007,2opt,improve
495,34,8982.899999999992,17,2233.4500000000007,move,improve
496,34,9499.949999999997,17,2233.4500000000007,swap,acceptBad
497,34,9246.649999999998,17,2233.4500000000007,move,improve
498,34,9367.199999999997,17,2233.4500000000007,2opt,acceptBad
499,34,9283.499999999993,17,2233.4500000000007,swap,improve
500,34,9088.899999999998,17,2233.4500000000007,2opt,improve
501,34,9145.499999999993,17,2233.4500000000007,swap,acceptBad
502,34,9145.499999999993,17,2233.4500000000007,move,improve
503,34,9171.449999999992,17,2233.4500000000007,swap,acceptBad
504,35,10125.749999999993,17,2233.4500000000007,2opt,acceptBad
505,35,10179.899999999996,17,2233.4500000000007,swap,acceptBad
506,35,10186.949999999995,17,2233.4500000000007,swap,acceptBad
507,35,10166.249999999996,17,2233.4500000000007,move,improve
508,35,9989.449999999997,17,2233.4500000000007,swap,improve
509,35,10037.749999999996,17,2233.4500000000007,swap,acceptBad
510,35,10034.649999999994,17,2233.4500000000007,swap,improve
511,35,10000.799999999996,17,2233.4500000000007,swap,improve
512,35,10254.099999999997,17,2233.4500000000007,swap,acceptBad
513,35,10202.099999999997,17,2233.4500000000007,swap,improve
514,35,9766.349999999999,17,2233.4500000000007,move,improve
515,35,10505.899999999996,17,2233.4500000000007,swap,acceptBad
516,35,10582.799999999997,17,2233.4500000000007,swap,acceptBad
517,35,10031.250000000002,17,2233.4500000000007,move,improve
518,35,9738.900000000001,17,2233.4500000000007,2opt,improve
519,35,9713.95,17,2233.4500000000007,2opt,improve
520,35,9639.899999999996,17,2233.4500000000007,swap,improve
521,35,9078.599999999999,17,2233.4500000000007,move,improve
522,35,9400.849999999999,17,2233.4500000000007,swap,acceptBad
523,35,9363.85,17,2233.4500000000007,2opt,improve
524,35,9951.35,17,2233.4500000000007,swap,acceptBad
525,35,10264.750000000002,17,2233.4500000000007,swap,acceptBad
526,35,10231.750000000002,17,2233.4500000000007,swap,improve
527,36,12120.350000000008,17,2233.4500000000007,2opt,acceptBad
528,36,11810.250000000011,17,2233.4500000000007,2opt,improve
529,36,11878.450000000008,17,2233.4500000000007,2opt,acceptBad
530,36,10593.449999999997,17,2233.4500000000007,move,improve
531,36,10651.949999999995,17,2233.4500000000007,swap,acceptBad
532,36,10626.249999999995,17,2233.4500000000007,2opt,improve
533,36,10570.149999999994,17,2233.4500000000007,move,improve
534,36,10626.249999999995,17,2233.4500000000007,swap,acceptBad
535,36,10846.149999999998,17,2233.4500000000007,2opt,acceptBad
536,36,10654.399999999998,17,2233.4500000000007,move,improve
537,36,10252.399999999998,17,2233.4500000000007,move,improve
538,36,10478.249999999995,17,2233.4500000000007,2opt,acceptBad
539,36,10384.149999999992,17,2233.4500000000007,2opt,improve
540,36,10384.149999999992,17,2233.4500000000007,move,improve
541,36,10395.999999999993,17,2233.4500000000007,swap,acceptBad
542,36,10395.999999999993,17,2233.4500000000007,move,improve
543,36,10370.299999999994,17,2233.4500000000007,move,improve
544,36,11041.2,17,2233.4500000000007,swap,acceptBad
545,36,10931.7,17,2233.4500000000007,2opt,improve
546,36,10936.700000000008,17,2233.4500000000007,2opt,acceptBad
547,36,11011.649999999998,17,2233.4500000000007,swap,acceptBad
548,36,10638.549999999994,17,2233.4500000000007,swap,improve
549,36,10480.999999999995,17,2233.4500000000007,swap,improve
550,36,10055.699999999999,17,2233.4500000000007,swap,improve
551,36,9971.499999999996,17,2233.4500000000007,move,improve
552,36,12134.049999999996,17,2233.4500000000007,2opt,acceptBad
553,36,11564.649999999994,17,2233.4500000000007,swap,improve
554,36,12360.099999999999,17,2233.4500000000007,swap,acceptBad
555,36,12268.249999999996,17,2233.4500000000007,move,improve
556,36,12030.349999999995,17,2233.4500000000007,move,improve
557,36,11044.949999999993,17,2233.4500000000007,move,improve
558,36,10796.949999999993,17,2233.4500000000007,move,improve
559,36,10796.949999999993,17,2233.4500000000007,move,improve
560,36,10915.549999999994,17,2233.4500000000007,2opt,acceptBad
561,36,10580.399999999996,17,2233.4500000000007,move,improve
562,36,10947.699999999995,17,2233.4500000000007,swap,acceptBad
563,36,10947.699999999995,17,2233.4500000000007,move,improve
564,36,10907.599999999995,17,2233.4500000000007,swap,improve
565,36,11521.299999999992,17,2233.4500000000007,2opt,acceptBad
566,37,13024.800000000003,17,2233.4500000000007,2opt,acceptBad
567,37,12485.149999999996,17,2233.4500000000007,move,improve
568,37,13577.850000000002,17,2233.4500000000007,2opt,acceptBad
569,37,13552.250000000002,17,2233.4500000000007,swap,improve
570,37,12714.799999999996,17,2233.4500000000007,move,improve
571,37,12835.450000000012,17,2233.4500000000007,2opt,acceptBad
572,37,12960.950000000013,17,2233.4500000000007,swap,acceptBad
573,37,13526.000000000011,17,2233.4500000000007,2opt,acceptBad
574,37,13679.90000000001,17,2233.4500000000007,2opt,acceptBad
575,37,14901.100000000013,17,2233.4500000000007,swap,acceptBad
576,37,15704.050000000025,17,2233.4500000000007,swap,acceptBad
577,37,15907.800000000017,17,2233.4500000000007,2opt,acceptBad
578,37,14777.50000000001,17,2233.4500000000007,move,improve
579,37,13987.850000000006,17,2233.4500000000007,move,improve
580,37,13021.700000000012,17,2233.4500000000007,swap,improve
581,37,12784.450000000008,17,2233.4500000000007,swap,improve
582,37,13028.849999999999,17,2233.4500000000007,2opt,acceptBad
583,37,12990.75,17,2233.4500000000007,2opt,improve
584,37,12428.449999999999,17,2233.4500000000007,swap,improve
585,37,12430.850000000004,17,2233.4500000000007,2opt,acceptBad
586,37,12738.300000000001,17,2233.4500000000007,2opt,acceptBad
587,37,12961.7,17,2233.4500000000007,swap,acceptBad
588,37,13355.449999999997,17,2233.4500000000007,swap,acceptBad
589,37,13555.150000000001,17,2233.4500000000007,swap,acceptBad
590,37,14133.400000000001,17,2233.4500000000007,swap,acceptBad
591,37,13860.10000000001,17,2233.4500000000007,swap,improve
592,37,14153.300000000014,17,2233.4500000000007,swap,acceptBad
593,37,14580.150000000016,17,2233.4500000000007,2opt,acceptBad
594,37,14745.199999999999,17,2233.4500000000007,2opt,acceptBad
595,37,14000.249999999993,17,2233.4500000000007,2opt,improve
596,37,12978.849999999995,17,2233.4500000000007,move,improve
597,37,13033.550000000005,17,2233.4500000000007,2opt,acceptBad
598,37,13022.150000000009,17,2233.4500000000007,move,improve
599,37,13348.950000000006,17,2233.4500000000007,swap,acceptBad
600,37,13710.149999999998,17,2233.4500000000007,swap,acceptBad
601,37,13681.450000000004,17,2233.4500000000007,swap,improve
602,37,13584.500000000007,17,2233.4500000000007,2opt,improve
603,37,13647.100000000004,17,2233.4500000000007,swap,acceptBad
604,37,13647.100000000004,17,2233.4500000000007,move,improve
605,37,13713.500000000011,17,2233.4500000000007,swap,acceptBad
606,37,13377.300000000007,17,2233.4500000000007,2opt,improve
607,37,13642.00000000001,17,2233.4500000000007,swap,acceptBad
608,37,13598.65000000001,17,2233.4500000000007,swap,improve
609,37,13569.150000000007,17,2233.4500000000007,swap,improve
610,37,13569.600000000015,17,2233.4500000000007,2opt,acceptBad
611,37,13510.600000000017,17,2233.4500000000007,2opt,improve
612,37,13502.150000000012,17,2233.4500000000007,swap,improve
613,37,12824.550000000014,17,2233.4500000000007,move,improve
614,37,12422.150000000012,17,2233.4500000000007,swap,improve
615,37,11943.65000000002,17,2233.4500000000007,move,improve
616,37,12294.00000000002,17,2233.4500000000007,2opt,acceptBad
617,37,11944.60000000002,17,2233.4500000000007,move,improve
618,37,11566.500000000013,17,2233.4500000000007,swap,improve
619,37,11414.099999999995,17,2233.4500000000007,2opt,improve
620,37,11380.3,17,2233.4500000000007,move,improve
621,37,12422.000000000013,17,2233.4500000000007,2opt,acceptBad
622,37,11802.899999999998,17,2233.4500000000007,2opt,improve
623,37,12280.499999999998,17,2233.4500000000007,swap,acceptBad
624,37,12453.299999999994,17,2233.4500000000007,swap,acceptBad
625,37,13885.499999999993,17,2233.4500000000007,2opt,acceptBad
626,37,13444.3,17,2233.4500000000007,move,improve
627,37,13444.3,17,2233.4500000000007,2opt,improve
628,37,13271.349999999999,17,2233.4500000000007,move,improve
629,37,12383.4,17,2233.4500000000007,move,improve
630,37,13324.949999999999,17,2233.4500000000007,2opt,acceptBad
631,37,13302.500000000004,17,2233.4500000000007,swap,improve
632,37,13831.850000000006,17,2233.4500000000007,2opt,acceptBad
633,37,13797.600000000004,17,2233.4500000000007,swap,improve
634,37,14585.05,17,2233.4500000000007,swap,acceptBad
635,37,13826.100000000006,17,2233.4500000000007,2opt,improve
636,37,13370.800000000005,17,2233.4500000000007,move,improve
637,37,12843.699999999999,17,2233.4500000000007,move,improve
638,37,12616.250000000002,17,2233.4500000000007,move,improve
639,37,12752.350000000002,17,2233.4500000000007,swap,acceptBad
640,37,13063.850000000002,17,2233.4500000000007,swap,acceptBad
641,37,13312.099999999999,17,2233.4500000000007,2opt,acceptBad
642,37,13734.95,17,2233.4500000000007,2opt,acceptBad
643,37,13262.7,17,2233.4500000000007,swap,improve
644,37,13096.699999999999,17,2233.4500000000007,swap,improve
645,37,13311.049999999992,17,2233.4500000000007,swap,acceptBad
646,37,13859.74999999999,17,2233.4500000000007,2opt,acceptBad
647,37,14251.949999999995,17,2233.4500000000007,2opt,acceptBad
648,37,14361.350000000006,17,2233.4500000000007,2opt,acceptBad
649,37,15011.75,17,2233.4500000000007,2opt,acceptBad
650,37,14787.750000000005,17,2233.4500000000007,swap,improve
651,37,14644.150000000005,17,2233.4500000000007,swap,improve
652,37,14578.849999999995,17,2233.4500000000007,2opt,improve
653,37,14578.799999999992,17,2233.4500000000007,2opt,improve
654,37,14734.099999999986,17,2233.4500000000007,2opt,acceptBad
655,37,15281.999999999984,17,2233.4500000000007,2opt,acceptBad
656,37,15960.049999999988,17,2233.4500000000007,2opt,acceptBad
657,37,14984.84999999999,17,2233.4500000000007,move,improve
658,37,14386.649999999992,17,2233.4500000000007,move,improve
659,37,13875.299999999994,17,2233.4500000000007,move,improve
660,37,13514.999999999987,17,2233.4500000000007,move,improve
661,38,13645.999999999985,17,2233.4500000000007,2opt,acceptBad
662,38,13091.84999999998,17,2233.4500000000007,move,improve
663,38,13083.649999999976,17,2233.4500000000007,swap,improve
664,38,13059.949999999977,17,2233.4500000000007,2opt,improve
665,38,13059.949999999977,17,2233.4500000000007,move,improve
666,38,12187.79999999998,17,2233.4500000000007,move,improve
667,38,12140.399999999981,17,2233.4500000000007,swap,improve
668,38,11909.249999999989,17,2233.4500000000007,move,improve
669,38,12300.749999999989,17,2233.4500000000007,swap,acceptBad
670,38,11859.999999999995,17,2233.4500000000007,move,improve
671,38,12037.499999999989,17,2233.4500000000007,2opt,acceptBad
672,38,13654.45,17,2233.4500000000007,2opt,acceptBad
673,38,13654.45,17,2233.4500000000007,2opt,improve
674,38,14534.400000000001,17,2233.4500000000007,2opt,acceptBad
675,38,13865.100000000004,17,2233.4500000000007,2opt,improve
676,38,13219.3,17,2233.4500000000007,move,improve
677,38,13211.650000000005,17,2233.4500000000007,2opt,improve
678,38,13211.650000000005,17,2233.4500000000007,move,improve
679,38,13308.550000000008,17,2233.4500000000007,swap,acceptBad
680,38,13460.850000000013,17,2233.4500000000007,2opt,acceptBad
681,38,13450.150000000009,17,2233.4500000000007,swap,improve
682,38,13450.150000000009,17,2233.4500000000007,2opt,improve
683,38,13160.650000000012,17,2233.4500000000007,move,improve
684,38,12444.5,17,2233.4500000000007,move,improve
685,38,12265.849999999999,17,2233.4500000000007,swap,improve
686,38,12258.649999999998,17,2233.4500000000007,swap,improve
687,38,11765.000000000002,17,2233.4500000000007,move,improve
688,38,12201.499999999996,17,2233.4500000000007,swap,acceptBad
689,38,12201.499999999996,17,2233.4500000000007,move,improve
690,38,11816.3,17,2233.4500000000007,move,improve
691,38,12818.349999999991,17,2233.4500000000007,2opt,acceptBad
692,38,11956.349999999999,17,2233.4500000000007,move,improve
693,38,11996.549999999996,17,2233.4500000000007,swap,acceptBad
694,38,12006.449999999993,17,2233.4500000000007,2opt,acceptBad
695,38,12006.150000000005,17,2233.4500000000007,move,improve
696,38,12452.350000000002,17,2233.4500000000007,swap,acceptBad
697,38,12922.500000000005,17,2233.4500000000007,swap,acceptBad
698,38,12922.500000000005,17,2233.4500000000007,move,improve
699,38,12795.400000000005,17,2233.4500000000007,move,improve
700,38,13101.70000000001,17,2233.4500000000007,2opt,acceptBad
701,38,13101.70000000001,17,2233.4500000000007,move,improve
702,38,13097.600000000004,17,2233.4500000000007,move,improve
703,38,13104.3,17,2233.4500000000007,2opt,acceptBad
704,38,13720.200000000003,17,2233.4500000000007,swap,acceptBad
705,37,13855.100000000002,17,2233.4500000000007,2opt,acceptBad
706,37,13407.149999999992,17,2233.4500000000007,swap,improve
707,37,12935.049999999988,17,2233.4500000000007,move,improve
708,37,13173.400000000001,17,2233.4500000000007,2opt,acceptBad
709,37,13499.750000000005,17,2233.4500000000007,swap,acceptBad
710,37,12653.900000000001,17,2233.4500000000007,move,improve
711,37,12659.350000000004,17,2233.4500000000007,swap,acceptBad
712,37,13870.200000000004,17,2233.4500000000007,swap,acceptBad
713,37,12757.099999999997,17,2233.4500000000007,move,improve
714,37,12597.05,17,2233.4500000000007,2opt,improve
715,37,12597.05,17,2233.4500000000007,move,improve
716,37,12478.399999999994,17,2233.4500000000007,2opt,improve
717,37,11415.64999999999,17,2233.4500000000007,move,improve
718,37,11073.399999999992,17,2233.4500000000007,2opt,improve
719,37,10144.999999999993,17,2233.4500000000007,move,improve
720,37,11074.349999999999,17,2233.4500000000007,2opt,acceptBad
721,37,11282.899999999994,17,2233.4500000000007,2opt,acceptBad
722,37,11529.849999999997,17,2233.4500000000007,swap,acceptBad
723,37,11481.099999999999,17,2233.4500000000007,2opt,improve
724,37,11475.599999999999,17,2233.4500000000007,swap,improve
725,37,11311.949999999997,17,2233.4500000000007,2opt,improve
726,37,11569.05000000001,17,2233.4500000000007,2opt,acceptBad
727,37,12092.700000000017,17,2233.4500000000007,2opt,acceptBad
728,37,12015.600000000006,17,2233.4500000000007,swap,improve
729,37,11777.95000000001,17,2233.4500000000007,move,improve
730,37,12267.050000000007,17,2233.4500000000007,2opt,acceptBad
731,37,12863.100000000011,17,2233.4500000000007,2opt,acceptBad
732,37,13060.900000000012,17,2233.4500000000007,swap,acceptBad
733,37,12551.50000000001,17,2233.4500000000007,move,improve
734,37,12496.950000000004,17,2233.4500000000007,swap,improve
735,37,12745.799999999997,17,2233.4500000000007,2opt,acceptBad
736,37,13855.699999999997,17,2233.4500000000007,swap,acceptBad
737,37,14194.199999999993,17,2233.4500000000007,swap,acceptBad
738,37,14262.449999999993,17,2233.4500000000007,swap,acceptBad
739,37,13929.949999999988,17,2233.4500000000007,move,improve
740,37,13737.149999999987,17,2233.4500000000007,swap,improve
741,37,13601.999999999987,17,2233.4500000000007,2opt,improve
742,37,13879.399999999983,17,2233.4500000000007,2opt,acceptBad
743,37,13700.749999999982,17,2233.4500000000007,move,improve
744,37,13417.549999999988,17,2233.4500000000007,swap,improve
745,37,13778.549999999988,17,2233.4500000000007,swap,acceptBad
746,37,13228.549999999992,17,2233.4500000000007,move,improve
747,37,13228.549999999992,17,2233.4500000000007,move,improve
748,37,13100.749999999996,17,2233.4500000000007,move,improve
749,37,13435.2,17,2233.4500000000007,2opt,acceptBad
750,36,13192.400000000005,17,2233.4500000000007,2opt,improve
751,36,13274.300000000005,17,2233.4500000000007,swap,acceptBad
752,36,13026.100000000002,17,2233.4500000000007,move,improve
753,36,11758.800000000005,17,2233.4500000000007,move,improve
754,36,11947.000000000015,17,2233.4500000000007,2opt,acceptBad
755,36,12574.650000000009,17,2233.4500000000007,2opt,acceptBad
756,36,12430.15,17,2233.4500000000007,2opt,improve
757,36,12035.349999999997,17,2233.4500000000007,2opt,improve
758,36,12035.349999999997,17,2233.4500000000007,move,improve
759,36,13573.999999999998,17,2233.4500000000007,2opt,acceptBad
760,36,13478.900000000001,17,2233.4500000000007,swap,improve
761,36,14121.400000000003,17,2233.4500000000007,2opt,acceptBad
762,36,14136.95,17,2233.4500000000007,swap,acceptBad
763,36,13996.949999999997,17,2233.4500000000007,2opt,improve
764,36,13591.299999999992,17,2233.4500000000007,move,improve
765,36,13804.849999999993,17,2233.4500000000007,swap,acceptBad
766,36,14271.899999999992,17,2233.4500000000007,2opt,acceptBad
767,37,15472.399999999989,17,2233.4500000000007,2opt,acceptBad
768,37,15320.799999999988,17,2233.4500000000007,move,improve
769,37,15320.799999999988,17,2233.4500000000007,2opt,improve
770,37,14364.899999999994,17,2233.4500000000007,move,improve
771,37,14394.249999999996,17,2233.4500000000007,2opt,acceptBad
772,37,14912.149999999987,17,2233.4500000000007,2opt,acceptBad
773,37,14888.199999999988,17,2233.4500000000007,swap,improve
774,37,14065.399999999985,17,2233.4500000000007,move,improve
775,37,13515.799999999987,17,2233.4500000000007,move,improve
776,37,12960.749999999996,17,2233.4500000000007,2opt,improve
777,37,12960.749999999996,17,2233.4500000000007,move,improve
778,37,12942.949999999993,17,2233.4500000000007,move,improve
779,37,12504.349999999999,17,2233.4500000000007,2opt,improve
780,37,12431.200000000003,17,2233.4500000000007,move,improve
781,37,12446.8,17,2233.4500000000007,2opt,acceptBad
782,37,11963.799999999988,17,2233.4500000000007,move,improve
783,37,11178.650000000003,17,2233.4500000000007,move,improve
784,37,10562.600000000004,17,2233.4500000000007,move,improve
785,37,10121.949999999999,17,2233.4500000000007,move,improve
786,37,9855.049999999994,17,2233.4500000000007,swap,improve
787,37,9217.499999999993,17,2233.4500000000007,move,improve
788,37,8935.19999999999,17,2233.4500000000007,move,improve
789,37,8935.19999999999,17,2233.4500000000007,move,improve
790,37,9188.79999999999,17,2233.4500000000007,swap,acceptBad
791,37,9188.79999999999,17,2233.4500000000007,move,improve
792,37,9188.79999999999,17,2233.4500000000007,move,improve
793,37,9207.549999999988,17,2233.4500000000007,2opt,acceptBad
794,37,9908.949999999992,17,2233.4500000000007,swap,acceptBad
795,37,9888.599999999991,17,2233.4500000000007,swap,improve
796,37,9386.799999999994,17,2233.4500000000007,move,improve
797,37,9359.549999999992,17,2233.4500000000007,move,improve
798,37,9359.549999999992,17,2233.4500000000007,move,improve
799,37,9551.249999999993,17,2233.4500000000007,move,acceptBad
800,37,10259.94999999999,17,2233.4500000000007,2opt,acceptBad
801,37,10247.699999999992,17,2233.4500000000007,swap,improve
802,37,9914.14999999999,17,2233.4500000000007,move,improve
803,37,8921.449999999992,17,2233.4500000000007,2opt,improve
804,37,8987.49999999999,17,2233.4500000000007,swap,acceptBad
805,37,8987.49999999999,17,2233.4500000000007,2opt,improve
806,37,8989.299999999994,17,2233.4500000000007,swap,acceptBad
807,37,9129.799999999992,17,2233.4500000000007,2opt,acceptBad
808,37,8664.449999999995,17,2233.4500000000007,2opt,improve
809,37,8664.449999999995,17,2233.4500000000007,2opt,improve
810,37,8664.449999999995,17,2233.4500000000007,move,improve
811,37,8664.449999999995,17,2233.4500000000007,move,improve
812,37,9059.599999999995,17,2233.4500000000007,2opt,acceptBad
813,37,9147.3,17,2233.4500000000007,swap,acceptBad
814,37,8685.1,17,2233.4500000000007,move,improve
815,37,10584.499999999998,17,2233.4500000000007,2opt,acceptBad
816,37,10583.599999999986,17,2233.4500000000007,2opt,improve
817,37,9527.599999999988,17,2233.4500000000007,move,improve
818,37,9200.499999999989,17,2233.4500000000007,move,improve
819,37,8973.249999999995,17,2233.4500000000007,2opt,improve
820,37,8369.749999999993,17,2233.4500000000007,move,improve
821,37,8602.099999999993,17,2233.4500000000007,swap,acceptBad
822,37,8602.099999999993,17,2233.4500000000007,move,improve
823,37,8161.049999999993,17,2233.4500000000007,move,improve
824,37,8156.049999999995,17,2233.4500000000007,2opt,improve
825,37,8222.399999999992,17,2233.4500000000007,2opt,acceptBad
826,37,8371.849999999995,17,2233.4500000000007,swap,acceptBad
827,37,8745.39999999999,17,2233.4500000000007,swap,acceptBad
828,37,8310.749999999995,17,2233.4500000000007,move,improve
829,37,9760.95,17,2233.4500000000007,2opt,acceptBad
830,37,9890.0,17,2233.4500000000007,swap,acceptBad
831,37,9787.100000000004,17,2233.4500000000007,swap,improve
832,37,9813.149999999994,17,2233.4500000000007,2opt,acceptBad
833,37,8364.749999999996,17,2233.4500000000007,move,improve
834,37,9121.949999999999,17,2233.4500000000007,swap,acceptBad
835,37,8082.199999999999,17,2233.4500000000007,move,improve
836,37,8060.249999999996,17,2233.4500000000007,move,improve
837,37,8531.999999999996,17,2233.4500000000007,2opt,acceptBad
838,37,8513.049999999997,17,2233.4500000000007,move,improve
839,37,9893.299999999994,17,2233.4500000000007,2opt,acceptBad
840,37,10480.24999999999,17,2233.4500000000007,swap,acceptBad
841,37,9398.149999999994,17,2233.4500000000007,move,improve
842,37,8788.149999999998,17,2233.4500000000007,move,improve
843,37,9089.099999999999,17,2233.4500000000007,2opt,acceptBad
844,37,8823.95,17,2233.4500000000007,move,improve
845,37,8516.2,17,2233.4500000000007,move,improve
846,37,9179.000000000002,17,2233.4500000000007,2opt,acceptBad
847,37,10422.350000000006,17,2233.4500000000007,swap,acceptBad
848,37,10422.350000000006,17,2233.4500000000007,move,improve
849,37,10343.450000000008,17,2233.4500000000007,swap,improve
850,37,11174.699999999997,17,2233.4500000000007,2opt,acceptBad
851,37,11165.85,17,2233.4500000000007,swap,improve
852,37,10458.050000000003,17,2233.4500000000007,move,improve
853,37,9974.250000000004,17,2233.4500000000007,move,improve
854,37,9973.55,17,2233.4500000000007,swap,improve
855,37,9973.55,17,2233.4500000000007,move,improve
856,37,10176.150000000001,17,2233.4500000000007,swap,acceptBad
857,37,10141.1,17,2233.4500000000007,swap,improve
858,37,9397.300000000001,17,2233.4500000000007,move,improve
859,37,9432.85,17,2233.4500000000007,swap,acceptBad
860,37,9432.85,17,2233.4500000000007,move,improve
861,37,9680.799999999997,17,2233.4500000000007,swap,acceptBad
862,37,9395.8,17,2233.4500000000007,move,improve
863,37,9395.8,17,2233.4500000000007,move,improve
864,37,9771.35,17,2233.4500000000007,swap,acceptBad
865,37,10453.050000000001,17,2233.4500000000007,2opt,acceptBad
866,37,10453.050000000001,17,2233.4500000000007,move,improve
867,37,10967.799999999992,17,2233.4500000000007,2opt,acceptBad
868,37,11242.149999999994,17,2233.4500000000007,swap,acceptBad
869,37,11125.750000000004,17,2233.4500000000007,2opt,improve
870,37,11388.150000000007,17,2233.4500000000007,2opt,acceptBad
871,37,11377.700000000006,17,2233.4500000000007,swap,improve
872,37,11465.700000000004,17,2233.4500000000007,swap,acceptBad
873,37,11465.700000000004,17,2233.4500000000007,2opt,improve
874,37,11437.900000000009,17,2233.4500000000007,swap,improve
875,37,12407.60000000001,17,2233.4500000000007,swap,acceptBad
876,37,12713.450000000013,17,2233.4500000000007,swap,acceptBad
877,37,12388.150000000016,17,2233.4500000000007,move,improve
878,37,12547.900000000012,17,2233.4500000000007,swap,acceptBad
879,37,12334.950000000008,17,2233.4500000000007,2opt,improve
880,37,11787.450000000006,17,2233.4500000000007,move,improve
881,37,12607.350000000006,17,2233.4500000000007,2opt,acceptBad
882,37,12448.5,17,2233.4500000000007,2opt,improve
883,37,12241.349999999995,17,2233.4500000000007,2opt,improve
884,37,12603.05,17,2233.4500000000007,swap,acceptBad
885,37,12214.000000000004,17,2233.4500000000007,2opt,improve
886,37,11267.250000000005,17,2233.4500000000007,move,improve
887,37,10704.100000000004,17,2233.4500000000007,move,improve
888,37,11892.200000000008,17,2233.4500000000007,2opt,acceptBad
889,37,12510.050000000007,17,2233.4500000000007,swap,acceptBad
890,37,12003.500000000011,17,2233.4500000000007,move,improve
891,37,12184.550000000016,17,2233.4500000000007,2opt,acceptBad
892,37,12184.550000000016,17,2233.4500000000007,move,improve
893,37,12036.200000000012,17,2233.4500000000007,2opt,improve
894,37,11786.800000000025,17,2233.4500000000007,2opt,improve
895,37,11648.95000000002,17,2233.4500000000007,swap,improve
896,37,11648.95000000002,17,2233.4500000000007,move,improve
897,37,11585.500000000015,17,2233.4500000000007,move,improve
898,37,11576.10000000002,17,2233.4500000000007,2opt,improve
899,37,12268.30000000003,17,2233.4500000000007,2opt,acceptBad
900,37,12183.250000000007,17,2233.4500000000007,2opt,improve
901,37,12347.800000000005,17,2233.4500000000007,swap,acceptBad
902,37,12601.900000000001,17,2233.4500000000007,2opt,acceptBad
903,37,12633.449999999997,17,2233.4500000000007,2opt,acceptBad
904,37,12633.449999999997,17,2233.4500000000007,move,improve
905,37,11513.549999999996,17,2233.4500000000007,move,improve
906,37,11406.599999999997,17,2233.4500000000007,move,improve
907,37,11406.599999999997,17,2233.4500000000007,2opt,improve
908,37,11406.599999999997,17,2233.4500000000007,move,improve
909,37,11446.299999999996,17,2233.4500000000007,2opt,acceptBad
910,37,11533.599999999999,17,2233.4500000000007,2opt,acceptBad
911,37,10909.6,17,2233.4500000000007,move,improve
912,37,10514.900000000001,17,2233.4500000000007,move,improve
913,37,10541.400000000001,17,2233.4500000000007,2opt,acceptBad
914,37,11622.699999999999,17,2233.4500000000007,2opt,acceptBad
915,37,11406.900000000001,17,2233.4500000000007,2opt,improve
916,37,10493.500000000004,17,2233.4500000000007,move,improve
917,37,9671.100000000006,17,2233.4500000000007,move,improve
918,37,9626.95000000001,17,2233.4500000000007,swap,improve
919,37,9624.850000000004,17,2233.4500000000007,2opt,improve
920,38,10819.050000000001,17,2233.4500000000007,2opt,acceptBad
921,38,11674.20000000001,17,2233.4500000000007,2opt,acceptBad
922,38,12709.300000000007,17,2233.4500000000007,swap,acceptBad
923,38,13009.700000000008,17,2233.4500000000007,2opt,acceptBad
924,38,12097.750000000007,17,2233.4500000000007,move,improve
925,38,12498.800000000007,17,2233.4500000000007,swap,acceptBad
926,38,12410.700000000008,17,2233.4500000000007,move,improve
927,38,12474.400000000014,17,2233.4500000000007,swap,acceptBad
928,38,12122.099999999999,17,2233.4500000000007,move,improve
929,38,12122.099999999999,17,2233.4500000000007,move,improve
930,38,11154.0,17,2233.4500000000007,move,improve
931,38,11711.750000000004,17,2233.4500000000007,swap,acceptBad
932,38,11584.350000000002,17,2233.4500000000007,move,improve
933,38,11875.450000000006,17,2233.4500000000007,2opt,acceptBad
934,38,11768.950000000012,17,2233.4500000000007,2opt,improve
935,38,11938.750000000007,17,2233.4500000000007,2opt,acceptBad
936,38,11675.000000000005,17,2233.4500000000007,swap,improve
937,38,11253.000000000004,17,2233.4500000000007,move,improve
938,38,11312.200000000004,17,2233.4500000000007,2opt,acceptBad
939,38,11312.200000000004,17,2233.4500000000007,move,improve
940,38,11069.700000000003,17,2233.4500000000007,swap,improve
941,38,11069.700000000003,17,2233.4500000000007,2opt,improve
942,38,10455.75,17,2233.4500000000007,swap,improve
943,38,10455.75,17,2233.4500000000007,move,improve
944,38,10494.9,17,2233.4500000000007,swap,acceptBad
945,38,11074.050000000005,17,2233.4500000000007,2opt,acceptBad
946,38,11074.050000000005,17,2233.4500000000007,2opt,improve
947,38,10855.2,17,2233.4500000000007,move,improve
948,38,10863.900000000005,17,2233.4500000000007,2opt,acceptBad
949,38,11078.8,17,2233.4500000000007,swap,acceptBad
950,38,11491.800000000003,17,2233.4500000000007,2opt,acceptBad
951,38,10884.850000000002,17,2233.4500000000007,move,improve
952,38,10474.650000000005,17,2233.4500000000007,move,improve
953,38,10474.650000000005,17,2233.4500000000007,move,improve
954,38,11103.149999999998,17,2233.4500000000007,swap,acceptBad
955,38,11220.050000000003,17,2233.4500000000007,2opt,acceptBad
956,38,10388.450000000008,17,2233.4500000000007,move,improve
957,38,10518.850000000008,17,2233.4500000000007,swap,acceptBad
958,38,10518.850000000008,17,2233.4500000000007,move,improve
959,38,9963.150000000001,17,2233.4500000000007,move,improve
960,38,9932.850000000002,17,2233.4500000000007,swap,improve
961,38,9865.299999999997,17,2233.4500000000007,swap,improve
962,38,9941.4,17,2233.4500000000007,swap,acceptBad
963,37,9179.8,17,2233.4500000000007,move,improve
964,37,9238.1,17,2233.4500000000007,swap,acceptBad
965,37,9319.899999999998,17,2233.4500000000007,swap,acceptBad
966,37,9576.549999999996,17,2233.4500000000007,swap,acceptBad
967,37,9178.999999999996,17,2233.4500000000007,move,improve
968,37,9468.799999999997,17,2233.4500000000007,swap,acceptBad
969,37,9932.249999999993,17,2233.4500000000007,2opt,acceptBad
970,37,9932.249999999993,17,2233.4500000000007,move,improve
971,37,10388.599999999995,17,2233.4500000000007,swap,acceptBad
972,37,9983.149999999996,17,2233.4500000000007,swap,improve
973,37,9557.7,17,2233.4500000000007,move,improve
974,37,9504.299999999994,17,2233.4500000000007,swap,improve
975,37,9286.199999999993,17,2233.4500000000007,2opt,improve
976,37,9286.199999999993,17,2233.4500000000007,move,improve
977,37,9115.899999999998,17,2233.4500000000007,move,improve
978,37,8926.099999999995,17,2233.4500000000007,2opt,improve
979,37,10964.549999999996,17,2233.4500000000007,2opt,acceptBad
980,37,9412.249999999996,17,2233.4500000000007,move,improve
981,37,8939.8,17,2233.4500000000007,move,improve
982,37,9131.549999999996,17,2233.4500000000007,2opt,acceptBad
983,37,9857.499999999995,17,2233.4500000000007,swap,acceptBad
984,37,9857.499999999995,17,2233.4500000000007,move,improve
985,37,10114.699999999993,17,2233.4500000000007,swap,acceptBad
986,37,10894.949999999986,17,2233.4500000000007,swap,acceptBad
987,37,10129.149999999992,17,2233.4500000000007,move,improve
988,37,10661.449999999993,17,2233.4500000000007,swap,acceptBad
989,37,9908.5,17,2233.4500000000007,move,improve
990,37,9908.5,17,2233.4500000000007,move,improve
991,37,10015.650000000001,17,2233.4500000000007,swap,acceptBad
992,37,9545.849999999999,17,2233.4500000000007,move,improve
993,37,10603.350000000002,17,2233.4500000000007,2opt,acceptBad
994,37,10603.350000000002,17,2233.4500000000007,move,improve
995,37,10499.25,17,2233.4500000000007,move,improve
996,37,9712.55,17,2233.4500000000007,move,improve
997,37,9799.05,17,2233.4500000000007,2opt,acceptBad
998,37,9730.599999999999,17,2233.4500000000007,move,improve
999,37,10084.05,17,2233.4500000000007,swap,acceptBad
1000,37,10117.599999999999,17,2233.4500000000007,swap,acceptBad
1001,37,9411.899999999994,17,2233.4500000000007,move,improve
1002,37,9678.399999999994,17,2233.4500000000007,2opt,acceptBad
1003,37,9678.399999999994,17,2233.4500000000007,move,improve
1004,37,9226.699999999995,17,2233.4500000000007,move,improve
1005,37,9624.949999999997,17,2233.4500000000007,2opt,acceptBad
1006,37,9452.600000000002,17,2233.4500000000007,2opt,improve
1007,37,9516.349999999995,17,2233.4500000000007,swap,acceptBad
1008,37,9516.349999999995,17,2233.4500000000007,2opt,notBad
1009,37,9516.349999999995,17,2233.4500000000007,move,improve
1010,37,9881.399999999994,17,2233.4500000000007,2opt,acceptBad
1011,36,8809.049999999996,17,2233.4500000000007,move,improve
1012,36,8653.349999999999,17,2233.4500000000007,move,improve
1013,36,8653.349999999999,17,2233.4500000000007,move,improve
1014,35,8269.499999999996,17,2233.4500000000007,2opt,improve
1015,35,8134.199999999996,17,2233.4500000000007,move,improve
1016,35,8134.199999999996,17,2233.4500000000007,2opt,improve
1017,35,8134.199999999996,17,2233.4500000000007,move,improve
1018,35,7959.749999999997,17,2233.4500000000007,move,improve
1019,35,7822.649999999998,17,2233.4500000000007,swap,improve
1020,35,7900.450000000005,17,2233.4500000000007,2opt,acceptBad
1021,35,7619.250000000002,17,2233.4500000000007,swap,improve
1022,35,7334.449999999999,17,2233.4500000000007,swap,improve
1023,35,7436.150000000003,17,2233.4500000000007,2opt,acceptBad
1024,35,7407.800000000004,17,2233.4500000000007,move,improve
1025,35,8056.849999999997,17,2233.4500000000007,2opt,acceptBad
1026,35,7648.149999999996,17,2233.4500000000007,move,improve
1027,35,7340.300000000003,17,2233.4500000000007,2opt,improve
1028,35,7706.15,17,2233.4500000000007,swap,acceptBad
1029,35,7656.750000000002,17,2233.4500000000007,2opt,improve
1030,35,8108.050000000003,17,2233.4500000000007,2opt,acceptBad
1031,35,8108.050000000003,17,2233.4500000000007,move,improve
1032,35,7851.400000000003,17,2233.4500000000007,move,improve
1033,35,8222.550000000003,17,2233.4500000000007,swap,acceptBad
1034,35,8932.75,17,2233.4500000000007,2opt,acceptBad
1035,35,9910.600000000002,17,2233.4500000000007,2opt,acceptBad
1036,35,9644.7,17,2233.4500000000007,move,improve
1037,35,9536.199999999999,17,2233.4500000000007,move,improve
1038,35,8785.45,17,2233.4500000000007,move,improve
1039,35,8481.200000000003,17,2233.4500000000007,swap,improve
1040,35,8248.600000000002,17,2233.4500000000007,move,improve
1041,35,8227.8,17,2233.4500000000007,swap,improve
1042,35,7997.3499999999985,17,2233.4500000000007,move,improve
1043,35,9026.599999999997,17,2233.4500000000007,swap,acceptBad
1044,35,9004.0,17,2233.4500000000007,swap,improve
1045,35,8505.249999999993,17,2233.4500000000007,2opt,improve
1046,35,9062.249999999995,17,2233.4500000000007,2opt,acceptBad
1047,35,9726.4,17,2233.4500000000007,2opt,acceptBad
1048,35,9978.70000000001,17,2233.4500000000007,2opt,acceptBad
1049,35,9521.55000000001,17,2233.4500000000007,move,improve
1050,35,9286.600000000008,17,2233.4500000000007,move,improve
1051,35,9427.150000000009,17,2233.4500000000007,swap,acceptBad
1052,35,8974.500000000007,17,2233.4500000000007,move,improve
1053,35,9115.750000000004,17,2233.4500000000007,2opt,acceptBad
1054,35,9058.550000000005,17,2233.4500000000007,move,improve
1055,35,9675.000000000004,17,2233.4500000000007,2opt,acceptBad
1056,35,9468.200000000006,17,2233.4500000000007,2opt,improve
1057,35,9240.50000000001,17,2233.4500000000007,swap,improve
1058,35,9585.80000000001,17,2233.4500000000007,swap,acceptBad
1059,35,9763.950000000006,17,2233.4500000000007,2opt,acceptBad
1060,35,9908.000000000007,17,2233.4500000000007,2opt,acceptBad
1061,35,10279.850000000008,17,2233.4500000000007,swap,acceptBad
1062,35,10350.65000000001,17,2233.4500000000007,2opt,acceptBad
1063,35,10361.85000000001,17,2233.4500000000007,swap,acceptBad
1064,35,9855.350000000008,17,2233.4500000000007,move,improve
1065,35,10004.150000000009,17,2233.4500000000007,swap,acceptBad
1066,35,10004.150000000009,17,2233.4500000000007,move,improve
1067,35,9571.600000000008,17,2233.4500000000007,move,improve
1068,35,9715.150000000012,17,2233.4500000000007,swap,acceptBad
1069,35,9567.950000000012,17,2233.4500000000007,swap,improve
1070,35,9567.950000000012,17,2233.4500000000007,move,improve
1071,35,9502.800000000005,17,2233.4500000000007,2opt,improve
1072,35,9502.800000000005,17,2233.4500000000007,2opt,improve
1073,35,9502.800000000005,17,2233.4500000000007,2opt,notBad
1074,35,9502.800000000005,17,2233.4500000000007,move,improve
1075,35,9033.500000000002,17,2233.4500000000007,move,improve
1076,35,9098.900000000001,17,2233.4500000000007,swap,acceptBad
1077,35,9966.550000000001,17,2233.4500000000007,2opt,acceptBad
1078,35,9901.8,17,2233.4500000000007,2opt,improve
1079,35,9901.8,17,2233.4500000000007,2opt,improve
1080,35,9512.049999999996,17,2233.4500000000007,move,improve
1081,35,10148.849999999997,17,2233.4500000000007,swap,acceptBad
1082,35,10148.849999999997,17,2233.4500000000007,2opt,notBad
1083,35,10148.849999999997,17,2233.4500000000007,move,improve
1084,35,9971.449999999997,17,2233.4500000000007,2opt,improve
1085,35,9934.449999999995,17,2233.4500000000007,move,improve
1086,35,10089.249999999989,17,2233.4500000000007,swap,acceptBad
1087,35,9361.599999999995,17,2233.4500000000007,move,improve
1088,35,9895.399999999996,17,2233.4500000000007,swap,acceptBad
1089,35,9895.399999999996,17,2233.4500000000007,move,improve
1090,35,9569.199999999995,17,2233.4500000000007,swap,improve
1091,35,9761.249999999989,17,2233.4500000000007,swap,acceptBad
1092,35,9617.54999999999,17,2233.4500000000007,swap,improve
1093,35,9487.999999999995,17,2233.4500000000007,2opt,improve
1094,35,9907.199999999992,17,2233.4500000000007,swap,acceptBad
1095,35,9907.199999999992,17,2233.4500000000007,move,improve
1096,35,9613.049999999992,17,2233.4500000000007,move,improve
1097,35,10000.499999999993,17,2233.4500000000007,swap,acceptBad
1098,35,10000.499999999993,17,2233.4500000000007,2opt,notBad
1099,35,10017.699999999997,17,2233.4500000000007,2opt,acceptBad
1100,35,9286.149999999994,17,2233.4500000000007,move,improve
1101,35,8765.899999999994,17,2233.4500000000007,swap,improve
1102,35,8635.249999999993,17,2233.4500000000007,swap,improve
1103,35,8919.699999999993,17,2233.4500000000007,swap,acceptBad
1104,35,9205.949999999997,17,2233.4500000000007,swap,acceptBad
1105,35,9460.449999999997,17,2233.4500000000007,swap,acceptBad
1106,35,10048.0,17,2233.4500000000007,swap,acceptBad
1107,35,10028.599999999999,17,2233.4500000000007,2opt,improve
1108,35,10428.6,17,2233.4500000000007,swap,acceptBad
1109,35,10344.6,17,2233.4500000000007,move,improve
1110,35,10115.349999999997,17,2233.4500000000007,move,improve
1111,35,10013.800000000003,17,2233.4500000000007,swap,improve
1112,35,9910.0,17,2233.4500000000007,2opt,improve
1113,35,9930.100000000006,17,2233.4500000000007,2opt,acceptBad
1114,35,11107.250000000004,17,2233.4500000000007,swap,acceptBad
1115,35,11078.100000000002,17,2233.4500000000007,move,improve
1116,35,11669.5,17,2233.4500000000007,2opt,acceptBad
1117,35,11082.1,17,2233.4500000000007,move,improve
1118,35,10964.300000000005,17,2233.4500000000007,swap,improve
1119,35,10934.900000000005,17,2233.4500000000007,swap,improve
1120,35,11319.250000000011,17,2233.4500000000007,swap,acceptBad
1121,35,11086.700000000004,17,2233.4500000000007,2opt,improve
1122,35,11086.700000000004,17,2233.4500000000007,move,improve
1123,35,11277.550000000005,17,2233.4500000000007,swap,acceptBad
1124,35,11140.300000000003,17,2233.4500000000007,swap,improve
1125,35,10679.1,17,2233.4500000000007,move,improve
1126,35,10692.549999999997,17,2233.4500000000007,swap,acceptBad
1127,35,10798.0,17,2233.4500000000007,swap,acceptBad
1128,35,10727.8,17,2233.4500000000007,swap,improve
1129,35,11610.550000000001,17,2233.4500000000007,swap,acceptBad
1130,35,10470.449999999999,17,2233.4500000000007,move,improve
1131,36,11467.699999999995,17,2233.4500000000007,2opt,acceptBad
1132,36,10981.349999999993,17,2233.4500000000007,move,improve
1133,36,10610.349999999995,17,2233.4500000000007,move,improve
1134,36,10585.049999999996,17,2233.4500000000007,2opt,improve
1135,36,10103.949999999997,17,2233.4500000000007,move,improve
1136,36,10093.349999999999,17,2233.4500000000007,swap,improve
1137,36,9984.15,17,2233.4500000000007,move,improve
1138,36,9801.95,17,2233.4500000000007,move,improve
1139,36,10341.150000000001,17,2233.4500000000007,2opt,acceptBad
1140,36,10048.65,17,2233.4500000000007,2opt,improve
1141,36,10086.550000000001,17,2233.4500000000007,swap,acceptBad
1142,36,10211.850000000004,17,2233.4500000000007,swap,acceptBad
1143,36,11399.349999999995,17,2233.4500000000007,2opt,acceptBad
1144,36,11399.349999999995,17,2233.4500000000007,2opt,notBad
1145,36,10716.949999999997,17,2233.4500000000007,move,improve
1146,36,10713.54999999999,17,2233.4500000000007,2opt,improve
1147,36,10619.549999999992,17,2233.4500000000007,move,improve
1148,36,10323.899999999992,17,2233.4500000000007,swap,improve
1149,36,11273.899999999994,17,2233.4500000000007,swap,acceptBad
1150,36,11293.749999999996,17,2233.4500000000007,swap,acceptBad
1151,36,11083.249999999995,17,2233.4500000000007,move,improve
1152,36,11003.549999999996,17,2233.4500000000007,2opt,improve
1153,36,10916.349999999999,17,2233.4500000000007,2opt,improve
1154,36,10960.100000000002,17,2233.4500000000007,2opt,acceptBad
1155,36,10368.100000000002,17,2233.4500000000007,swap,improve
1156,36,10574.800000000005,17,2233.4500000000007,swap,acceptBad
1157,36,10388.25,17,2233.4500000000007,move,improve
1158,36,11341.25,17,2233.4500000000007,2opt,acceptBad
1159,36,10508.55,17,2233.4500000000007,move,improve
1160,36,10629.849999999995,17,2233.4500000000007,swap,acceptBad
1161,36,10085.499999999998,17,2233.4500000000007,move,improve
1162,36,10085.499999999998,17,2233.4500000000007,2opt,improve
1163,36,10130.55,17,2233.4500000000007,2opt,acceptBad
1164,36,10130.55,17,2233.4500000000007,move,improve
1165,36,10420.949999999999,17,2233.4500000000007,swap,acceptBad
1166,36,10943.699999999997,17,2233.4500000000007,swap,acceptBad
1167,36,10943.699999999997,17,2233.4500000000007,move,improve
1168,36,11285.399999999989,17,2233.4500000000007,2opt,acceptBad
1169,36,11222.649999999985,17,2233.4500000000007,swap,improve
1170,36,11647.799999999992,17,2233.4500000000007,swap,acceptBad
1171,36,11421.750000000002,17,2233.4500000000007,2opt,improve
1172,36,11421.750000000002,17,2233.4500000000007,2opt,improve
1173,36,10987.850000000002,17,2233.4500000000007,move,improve
1174,36,10178.7,17,2233.4500000000007,move,improve
1175,36,10017.199999999999,17,2233.4500000000007,swap,improve
1176,36,10013.3,17,2233.4500000000007,swap,improve
1177,36,10013.3,17,2233.4500000000007,move,improve
1178,36,10013.3,17,2233.4500000000007,move,improve
1179,36,10349.699999999999,17,2233.4500000000007,swap,acceptBad
1180,36,10005.4,17,2233.4500000000007,move,improve
1181,36,10101.699999999999,17,2233.4500000000007,swap,acceptBad
1182,36,9932.7,17,2233.4500000000007,move,improve
1183,36,10164.600000000002,17,2233.4500000000007,swap,acceptBad
1184,36,10164.600000000002,17,2233.4500000000007,move,improve
1185,36,10320.25,17,2233.4500000000007,swap,acceptBad
1186,36,10877.05,17,2233.4500000000007,2opt,acceptBad
1187,36,11071.899999999998,17,2233.4500000000007,2opt,acceptBad
1188,36,11049.499999999996,17,2233.4500000000007,swap,improve
1189,36,11397.099999999999,17,2233.4500000000007,swap,acceptBad
1190,36,11237.449999999997,17,2233.4500000000007,swap,improve
1191,36,11127.25,17,2233.4500000000007,2opt,improve
1192,36,11127.25,17,2233.4500000000007,move,improve
1193,36,10833.649999999994,17,2233.4500000000007,move,improve
1194,36,9840.150000000001,17,2233.4500000000007,move,improve
1195,36,9322.2,17,2233.4500000000007,move,improve
1196,36,10208.600000000002,17,2233.4500000000007,swap,acceptBad
1197,36,10642.850000000002,17,2233.4500000000007,2opt,acceptBad
1198,36,10644.650000000009,17,2233.4500000000007,swap,acceptBad
1199,36,10530.850000000017,17,2233.4500000000007,2opt,improve
1200,36,10523.200000000012,17,2233.4500000000007,swap,improve
1201,36,10470.900000000003,17,2233.4500000000007,swap,improve
1202,36,10651.000000000011,17,2233.4500000000007,swap,acceptBad
1203,36,9536.30000000001,17,2233.4500000000007,move,improve
1204,36,9536.30000000001,17,2233.4500000000007,2opt,notBad
1205,36,9607.900000000005,17,2233.4500000000007,swap,acceptBad
1206,36,9831.300000000005,17,2233.4500000000007,2opt,acceptBad
1207,36,10189.4,17,2233.4500000000007,swap,acceptBad
1208,36,10352.149999999998,17,2233.4500000000007,swap,acceptBad
1209,36,10645.550000000003,17,2233.4500000000007,2opt,acceptBad
1210,36,10999.650000000001,17,2233.4500000000007,swap,acceptBad
1211,36,10999.650000000001,17,2233.4500000000007,2opt,notBad
1212,36,11702.999999999996,17,2233.4500000000007,2opt,acceptBad
1213,36,11276.449999999999,17,2233.4500000000007,move,improve
1214,36,11131.649999999998,17,2233.4500000000007,swap,improve
1215,36,11078.449999999995,17,2233.4500000000007,swap,improve
1216,36,11022.849999999999,17,2233.4500000000007,swap,improve
1217,36,10928.349999999999,17,2233.4500000000007,move,improve
1218,36,11255.550000000008,17,2233.4500000000007,2opt,acceptBad
1219,36,11148.200000000008,17,2233.4500000000007,move,improve
1220,36,10726.0,17,2233.4500000000007,move,improve
1221,36,11236.0,17,2233.4500000000007,swap,acceptBad
1222,36,11216.90000000001,17,2233.4500000000007,2opt,improve
1223,36,11216.90000000001,17,2233.4500000000007,move,improve
1224,36,11216.90000000001,17,2233.4500000000007,move,improve
1225,36,11219.900000000009,17,2233.4500000000007,swap,acceptBad
1226,36,11219.900000000009,17,2233.4500000000007,2opt,notBad
1227,36,10926.400000000009,17,2233.4500000000007,swap,improve
1228,36,11565.30000000001,17,2233.4500000000007,2opt,acceptBad
1229,36,11791.200000000015,17,2233.4500000000007,2opt,acceptBad
1230,36,12119.20000000001,17,2233.4500000000007,2opt,acceptBad
1231,36,12083.150000000012,17,2233.4500000000007,swap,improve
1232,36,12083.150000000012,17,2233.4500000000007,move,improve
1233,36,12038.450000000012,17,2233.4500000000007,swap,improve
1234,36,12000.000000000007,17,2233.4500000000007,swap,improve
1235,36,11818.800000000003,17,2233.4500000000007,2opt,improve
1236,36,11614.700000000006,17,2233.4500000000007,swap,improve
1237,36,11471.600000000006,17,2233.4500000000007,swap,improve
1238,36,11613.100000000006,17,2233.4500000000007,swap,acceptBad
1239,36,11435.10000000001,17,2233.4500000000007,2opt,improve
1240,36,11191.20000000001,17,2233.4500000000007,swap,improve
1241,36,11191.20000000001,17,2233.4500000000007,move,improve
1242,36,11822.700000000006,17,2233.4500000000007,swap,acceptBad
1243,36,12018.900000000005,17,2233.4500000000007,swap,acceptBad
1244,36,12018.900000000005,17,2233.4500000000007,2opt,notBad
1245,36,12175.450000000004,17,2233.4500000000007,2opt,acceptBad
1246,36,11220.350000000002,17,2233.4500000000007,move,improve
1247,36,11398.150000000001,17,2233.4500000000007,swap,acceptBad
1248,36,11291.450000000004,17,2233.4500000000007,2opt,improve
1249,36,11291.450000000004,17,2233.4500000000007,2opt,improve
1250,36,12212.65,17,2233.4500000000007,swap,acceptBad
1251,36,11266.050000000005,17,2233.4500000000007,2opt,improve
1252,36,11019.150000000005,17,2233.4500000000007,2opt,improve
1253,36,10995.250000000007,17,2233.4500000000007,2opt,improve
1254,36,10874.550000000007,17,2233.4500000000007,move,improve
1255,36,10874.550000000007,17,2233.4500000000007,move,improve
1256,36,10273.5,17,2233.4500000000007,move,improve
1257,36,10273.5,17,2233.4500000000007,move,improve
1258,36,10302.250000000002,17,2233.4500000000007,swap,acceptBad
1259,36,10551.250000000005,17,2233.4500000000007,2opt,acceptBad
1260,36,10338.700000000004,17,2233.4500000000007,move,improve
1261,36,9586.100000000004,17,2233.4500000000007,move,improve
1262,36,9420.850000000006,17,2233.4500000000007,swap,improve
1263,36,9420.850000000006,17,2233.4500000000007,move,improve
1264,36,9420.850000000006,17,2233.4500000000007,move,improve
1265,36,9304.150000000003,17,2233.4500000000007,move,improve
1266,36,9397.15,17,2233.4500000000007,2opt,acceptBad
1267,36,9890.399999999996,17,2233.4500000000007,swap,acceptBad
1268,36,9454.399999999998,17,2233.4500000000007,move,improve
1269,36,9676.499999999998,17,2233.4500000000007,2opt,acceptBad
1270,36,9841.2,17,2233.4500000000007,2opt,acceptBad
1271,36,9946.6,17,2233.4500000000007,2opt,acceptBad
1272,36,9946.6,17,2233.4500000000007,move,improve
1273,36,9946.6,17,2233.4500000000007,move,improve
1274,36,10294.949999999999,17,2233.4500000000007,2opt,acceptBad
1275,36,10211.349999999999,17,2233.4500000000007,move,improve
1276,36,10241.250000000002,17,2233.4500000000007,2opt,acceptBad
1277,36,10032.05,17,2233.4500000000007,2opt,improve
1278,36,9486.249999999998,17,2233.4500000000007,move,improve
1279,36,9467.65,17,2233.4500000000007,2opt,improve
1280,36,9152.75,17,2233.4500000000007,move,improve
1281,36,8686.949999999999,17,2233.4500000000007,move,improve
1282,36,9065.449999999999,17,2233.4500000000007,2opt,acceptBad
1283,36,8776.099999999999,17,2233.4500000000007,move,improve
1284,36,8604.199999999997,17,2233.4500000000007,2opt,improve
1285,36,8227.099999999995,17,2233.4500000000007,2opt,improve
1286,36,9043.399999999996,17,2233.4500000000007,swap,acceptBad
1287,36,8725.699999999993,17,2233.4500000000007,swap,improve
1288,37,9852.499999999993,17,2233.4500000000007,2opt,acceptBad
1289,37,10149.699999999997,17,2233.4500000000007,swap,acceptBad
1290,37,10379.0,17,2233.4500000000007,swap,acceptBad
1291,37,11342.550000000001,17,2233.4500000000007,swap,acceptBad
1292,37,11393.5,17,2233.4500000000007,swap,acceptBad
1293,37,11124.449999999997,17,2233.4500000000007,move,improve
1294,37,10613.649999999996,17,2233.4500000000007,move,improve
1295,37,11040.89999999999,17,2233.4500000000007,swap,acceptBad
1296,37,10722.899999999992,17,2233.4500000000007,swap,improve
1297,37,11377.549999999992,17,2233.4500000000007,swap,acceptBad
1298,37,11716.799999999996,17,2233.4500000000007,2opt,acceptBad
1299,37,12336.899999999994,17,2233.4500000000007,swap,acceptBad
1300,37,11982.649999999996,17,2233.4500000000007,2opt,improve
1301,37,10617.599999999997,17,2233.4500000000007,swap,improve
1302,37,10767.799999999996,17,2233.4500000000007,swap,acceptBad
1303,37,10333.899999999998,17,2233.4500000000007,swap,improve
1304,37,10411.999999999998,17,2233.4500000000007,swap,acceptBad
1305,37,10411.999999999998,17,2233.4500000000007,2opt,improve
1306,36,9414.849999999997,17,2233.4500000000007,move,improve
1307,36,9414.849999999997,17,2233.4500000000007,2opt,notBad
1308,36,9526.599999999997,17,2233.4500000000007,2opt,acceptBad
1309,36,9180.699999999997,17,2233.4500000000007,move,improve
1310,35,8558.549999999996,17,2233.4500000000007,move,improve
1311,35,8558.549999999996,17,2233.4500000000007,2opt,notBad
1312,35,8558.549999999996,17,2233.4500000000007,2opt,notBad
1313,35,8252.599999999995,17,2233.4500000000007,move,improve
1314,35,7857.899999999995,17,2233.4500000000007,swap,improve
1315,35,8972.749999999996,17,2233.4500000000007,swap,acceptBad
1316,35,8904.249999999993,17,2233.4500000000007,swap,improve
1317,35,7709.849999999995,17,2233.4500000000007,move,improve
1318,35,7409.399999999997,17,2233.4500000000007,2opt,improve
1319,35,7042.349999999996,17,2233.4500000000007,move,improve
1320,35,7571.299999999997,17,2233.4500000000007,swap,acceptBad
1321,35,7569.249999999998,17,2233.4500000000007,move,improve
1322,35,7777.599999999997,17,2233.4500000000007,2opt,acceptBad
1323,35,7777.599999999997,17,2233.4500000000007,move,improve
1324,35,7777.599999999997,17,2233.4500000000007,move,improve
1325,35,7733.0999999999985,17,2233.4500000000007,2opt,improve
1326,35,7876.950000000003,17,2233.4500000000007,2opt,acceptBad
1327,35,8190.700000000001,17,2233.4500000000007,2opt,acceptBad
1328,35,8148.099999999997,17,2233.4500000000007,2opt,improve
1329,35,8148.099999999997,17,2233.4500000000007,move,improve
1330,35,8148.099999999997,17,2233.4500000000007,2opt,notBad
1331,35,8248.649999999996,17,2233.4500000000007,swap,acceptBad
1332,35,8296.099999999993,17,2233.4500000000007,swap,acceptBad
1333,35,7961.199999999997,17,2233.4500000000007,move,improve
1334,35,7783.749999999998,17,2233.4500000000007,move,improve
1335,35,7973.449999999997,17,2233.4500000000007,swap,acceptBad
1336,35,7973.449999999997,17,2233.4500000000007,move,improve
1337,35,7973.449999999997,17,2233.4500000000007,move,improve
1338,35,8101.2499999999945,17,2233.4500000000007,swap,acceptBad
1339,35,7765.999999999998,17,2233.4500000000007,move,improve
1340,35,7963.1,17,2233.4500000000007,2opt,acceptBad
1341,35,7963.1,17,2233.4500000000007,move,improve
1342,35,7963.1,17,2233.4500000000007,2opt,notBad
1343,35,7786.0999999999985,17,2233.4500000000007,move,improve
1344,35,7786.0999999999985,17,2233.4500000000007,2opt,notBad
1345,35,7315.949999999996,17,2233.4500000000007,move,improve
1346,35,7278.199999999999,17,2233.4500000000007,2opt,improve
1347,35,7064.600000000004,17,2233.4500000000007,move,improve
1348,35,7019.450000000004,17,2233.4500000000007,swap,improve
1349,35,6969.649999999998,17,2233.4500000000007,2opt,improve
1350,35,7234.799999999999,17,2233.4500000000007,swap,acceptBad
1351,35,8568.650000000001,17,2233.4500000000007,swap,acceptBad
1352,35,8518.6,17,2233.4500000000007,move,improve
1353,35,8518.6,17,2233.4500000000007,2opt,notBad
1354,35,9336.699999999995,17,2233.4500000000007,swap,acceptBad
1355,35,9136.65,17,2233.4500000000007,move,improve
1356,35,9361.500000000002,17,2233.4500000000007,swap,acceptBad
1357,35,8944.050000000003,17,2233.4500000000007,move,improve
1358,35,8423.049999999996,17,2233.4500000000007,move,improve
1359,35,8549.05,17,2233.4500000000007,2opt,acceptBad
1360,35,8549.05,17,2233.4500000000007,move,improve
1361,35,8043.549999999999,17,2233.4500000000007,move,improve
1362,35,8043.549999999999,17,2233.4500000000007,2opt,improve
1363,35,8043.549999999999,17,2233.4500000000007,move,improve
1364,35,7834.1,17,2233.4500000000007,2opt,improve
1365,35,7674.250000000004,17,2233.4500000000007,2opt,improve
1366,35,7674.250000000004,17,2233.4500000000007,2opt,notBad
1367,35,7641.650000000003,17,2233.4500000000007,move,improve
1368,35,7641.650000000003,17,2233.4500000000007,2opt,notBad
1369,35,8142.849999999995,17,2233.4500000000007,2opt,acceptBad
1370,35,7763.299999999997,17,2233.4500000000007,move,improve
1371,35,7476.999999999998,17,2233.4500000000007,move,improve
1372,35,7563.049999999997,17,2233.4500000000007,swap,acceptBad
1373,35,7971.699999999994,17,2233.4500000000007,swap,acceptBad
1374,35,8023.649999999994,17,2233.4500000000007,swap,acceptBad
1375,35,8023.649999999994,17,2233.4500000000007,move,improve
1376,35,7989.649999999994,17,2233.4500000000007,move,improve
1377,35,7789.799999999996,17,2233.4500000000007,swap,improve
1378,35,7695.599999999997,17,2233.4500000000007,move,improve
1379,35,7695.599999999997,17,2233.4500000000007,2opt,notBad
1380,35,8134.400000000001,17,2233.4500000000007,swap,acceptBad
1381,35,8404.999999999998,17,2233.4500000000007,swap,acceptBad
1382,35,8366.449999999999,17,2233.4500000000007,move,improve
1383,35,8537.549999999996,17,2233.4500000000007,2opt,acceptBad
1384,35,8451.249999999996,17,2233.4500000000007,move,improve
1385,35,8451.249999999996,17,2233.4500000000007,2opt,notBad
1386,35,8324.699999999997,17,2233.4500000000007,move,improve
1387,35,8533.7,17,2233.4500000000007,swap,acceptBad
1388,35,9198.450000000004,17,2233.4500000000007,2opt,acceptBad
1389,35,9198.450000000004,17,2233.4500000000007,move,improve
1390,35,9330.700000000004,17,2233.4500000000007,swap,acceptBad
1391,35,9317.950000000006,17,2233.4500000000007,move,improve
1392,35,9317.950000000006,17,2233.4500000000007,2opt,notBad
1393,35,9198.750000000011,17,2233.4500000000007,swap,improve
1394,35,9746.500000000015,17,2233.4500000000007,swap,acceptBad
1395,35,10052.900000000012,17,2233.4500000000007,swap,acceptBad
1396,35,10052.900000000012,17,2233.4500000000007,move,improve
1397,35,10068.750000000016,17,2233.4500000000007,swap,acceptBad
1398,35,10225.350000000011,17,2233.4500000000007,swap,acceptBad
1399,35,10225.350000000011,17,2233.4500000000007,2opt,notBad
1400,35,10738.35000000001,17,2233.4500000000007,2opt,acceptBad
1401,35,10550.950000000008,17,2233.4500000000007,swap,improve
1402,35,10313.050000000012,17,2233.4500000000007,move,improve
1403,35,10313.050000000012,17,2233.4500000000007,2opt,notBad
1404,35,10074.100000000006,17,2233.4500000000007,move,improve
1405,35,9988.200000000003,17,2233.4500000000007,swap,improve
1406,35,9847.6,17,2233.4500000000007,move,improve
1407,35,10148.15,17,2233.4500000000007,2opt,acceptBad
1408,35,10148.15,17,2233.4500000000007,move,improve
1409,35,9714.549999999992,17,2233.4500000000007,2opt,improve
1410,35,9617.099999999991,17,2233.4500000000007,move,improve
1411,35,9121.94999999999,17,2233.4500000000007,move,improve
1412,35,9354.149999999989,17,2233.4500000000007,swap,acceptBad
1413,35,9588.699999999993,17,2233.4500000000007,swap,acceptBad
1414,35,9588.699999999993,17,2233.4500000000007,2opt,notBad
1415,35,9681.599999999999,17,2233.4500000000007,2opt,acceptBad
1416,35,10247.149999999998,17,2233.4500000000007,swap,acceptBad
1417,35,10518.099999999999,17,2233.4500000000007,swap,acceptBad
1418,35,10806.3,17,2233.4500000000007,swap,acceptBad
1419,35,10362.450000000004,17,2233.4500000000007,move,improve
1420,35,9904.600000000006,17,2233.4500000000007,move,improve
1421,35,9904.600000000006,17,2233.4500000000007,2opt,notBad
1422,35,9904.600000000006,17,2233.4500000000007,move,improve
1423,35,9727.949999999997,17,2233.4500000000007,2opt,improve
1424,35,10333.25,17,2233.4500000000007,2opt,acceptBad
1425,35,9932.05,17,2233.4500000000007,move,improve
1426,35,9842.050000000001,17,2233.4500000000007,swap,improve
1427,35,9842.050000000001,17,2233.4500000000007,2opt,improve
1428,35,9842.050000000001,17,2233.4500000000007,2opt,notBad
1429,35,9842.050000000001,17,2233.4500000000007,move,improve
1430,35,9766.45,17,2233.4500000000007,2opt,improve
1431,35,10093.000000000002,17,2233.4500000000007,2opt,acceptBad
1432,35,10279.45,17,2233.4500000000007,swap,acceptBad
1433,35,9975.450000000004,17,2233.4500000000007,2opt,improve
1434,35,9975.450000000004,17,2233.4500000000007,2opt,notBad
1435,35,9972.85000000001,17,2233.4500000000007,swap,improve
1436,35,9972.85000000001,17,2233.4500000000007,move,improve
1437,35,9399.150000000009,17,2233.4500000000007,move,improve
1438,35,9399.150000000009,17,2233.4500000000007,move,improve
1439,35,9342.800000000005,17,2233.4500000000007,move,improve
1440,35,9638.7,17,2233.4500000000007,2opt,acceptBad
1441,35,9512.550000000001,17,2233.4500000000007,move,improve
1442,35,9512.550000000001,17,2233.4500000000007,move,improve
1443,35,9457.449999999995,17,2233.4500000000007,2opt,improve
1444,35,9073.449999999999,17,2233.4500000000007,move,improve
1445,35,9880.949999999999,17,2233.4500000000007,2opt,acceptBad
1446,35,9880.949999999999,17,2233.4500000000007,2opt,notBad
1447,35,10350.599999999997,17,2233.4500000000007,swap,acceptBad
1448,35,10350.599999999997,17,2233.4500000000007,move,improve
1449,35,10350.599999999997,17,2233.4500000000007,move,improve
1450,35,10171.499999999996,17,2233.4500000000007,2opt,improve
1451,35,10171.499999999996,17,2233.4500000000007,2opt,notBad
1452,35,10112.549999999996,17,2233.4500000000007,2opt,improve
1453,35,10112.549999999996,17,2233.4500000000007,move,improve
1454,35,10508.899999999996,17,2233.4500000000007,2opt,acceptBad
1455,35,10569.149999999998,17,2233.4500000000007,2opt,acceptBad
1456,35,10381.55,17,2233.4500000000007,swap,improve
1457,35,9354.550000000003,17,2233.4500000000007,move,improve
1458,35,9458.600000000006,17,2233.4500000000007,swap,acceptBad
1459,35,9270.850000000015,17,2233.4500000000007,move,improve
1460,35,9112.300000000014,17,2233.4500000000007,move,improve
1461,35,9113.400000000014,17,2233.4500000000007,2opt,acceptBad
1462,35,9051.000000000011,17,2233.4500000000007,move,improve
1463,35,8982.400000000007,17,2233.4500000000007,swap,improve
1464,35,10505.200000000008,17,2233.4500000000007,swap,acceptBad
1465,35,9658.60000000001,17,2233.4500000000007,move,improve
1466,35,9626.80000000001,17,2233.4500000000007,move,improve
1467,35,9426.600000000015,17,2233.4500000000007,swap,improve
1468,35,9426.600000000015,17,2233.4500000000007,2opt,improve
1469,35,9392.450000000015,17,2233.4500000000007,move,improve
1470,35,9354.450000000012,17,2233.4500000000007,swap,improve
1471,35,9294.95000000001,17,2233.4500000000007,swap,improve
1472,35,9294.95000000001,17,2233.4500000000007,2opt,notBad
1473,35,9021.700000000006,17,2233.4500000000007,move,improve
1474,35,9021.700000000006,17,2233.4500000000007,2opt,notBad
1475,35,8756.000000000007,17,2233.4500000000007,move,improve
1476,35,8833.100000000006,17,2233.4500000000007,swap,acceptBad
1477,35,8833.100000000006,17,2233.4500000000007,move,improve
1478,35,8886.150000000005,17,2233.4500000000007,swap,acceptBad
1479,35,8886.150000000005,17,2233.4500000000007,move,improve
1480,35,8886.150000000005,17,2233.4500000000007,2opt,notBad
1481,35,9104.100000000008,17,2233.4500000000007,swap,acceptBad
1482,35,9104.100000000008,17,2233.4500000000007,move,improve
1483,35,9104.100000000008,17,2233.4500000000007,move,improve
1484,35,9107.550000000007,17,2233.4500000000007,2opt,acceptBad
1485,35,9728.350000000004,17,2233.4500000000007,swap,acceptBad
1486,35,9436.850000000006,17,2233.4500000000007,swap,improve
1487,35,9892.250000000007,17,2233.4500000000007,swap,acceptBad
1488,35,10319.80000000001,17,2233.4500000000007,swap,acceptBad
1489,35,10191.700000000012,17,2233.4500000000007,2opt,improve
1490,35,10386.300000000008,17,2233.4500000000007,swap,acceptBad
1491,35,11077.200000000013,17,2233.4500000000007,swap,acceptBad
1492,35,12359.950000000004,17,2233.4500000000007,swap,acceptBad
1493,35,12066.750000000013,17,2233.4500000000007,2opt,improve
1494,35,11784.450000000012,17,2233.4500000000007,move,improve
1495,35,11373.600000000011,17,2233.4500000000007,swap,improve
1496,35,11469.900000000009,17,2233.4500000000007,2opt,acceptBad
1497,35,11472.250000000011,17,2233.4500000000007,swap,acceptBad
1498,35,11399.300000000012,17,2233.4500000000007,swap,improve
1499,35,11809.100000000008,17,2233.4500000000007,swap,acceptBad
1500,35,11963.200000000008,17,2233.4500000000007,swap,acceptBad
1501,35,11399.30000000001,17,2233.4500000000007,move,improve
1502,35,11569.8,17,2233.4500000000007,2opt,acceptBad
1503,35,11111.900000000001,17,2233.4500000000007,swap,improve
1504,35,11150.849999999999,17,2233.4500000000007,2opt,acceptBad
1505,35,11138.05000000001,17,2233.4500000000007,2opt,improve
1506,35,10804.450000000013,17,2233.4500000000007,move,improve
1507,35,11065.95000000001,17,2233.4500000000007,2opt,acceptBad
1508,35,11074.550000000005,17,2233.4500000000007,swap,acceptBad
1509,35,11074.550000000005,17,2233.4500000000007,2opt,notBad
1510,35,10928.650000000005,17,2233.4500000000007,2opt,improve
1511,35,10928.650000000005,17,2233.4500000000007,2opt,notBad
1512,35,10928.650000000005,17,2233.4500000000007,move,improve
1513,35,10698.750000000004,17,2233.4500000000007,2opt,improve
1514,35,10698.750000000004,17,2233.4500000000007,2opt,notBad
1515,35,10648.500000000011,17,2233.4500000000007,swap,improve
1516,35,10208.150000000009,17,2233.4500000000007,swap,improve
1517,35,10301.950000000012,17,2233.4500000000007,swap,acceptBad
1518,35,10248.500000000011,17,2233.4500000000007,swap,improve
1519,35,9987.10000000001,17,2233.4500000000007,move,improve
1520,35,10572.200000000006,17,2233.4500000000007,swap,acceptBad
1521,35,10572.200000000006,17,2233.4500000000007,2opt,notBad
1522,35,10502.150000000012,17,2233.4500000000007,2opt,improve
1523,35,10461.35000000001,17,2233.4500000000007,move,improve
1524,35,10461.35000000001,17,2233.4500000000007,move,improve
1525,35,10461.35000000001,17,2233.4500000000007,2opt,notBad
1526,35,10434.850000000011,17,2233.4500000000007,swap,improve
1527,35,10416.850000000011,17,2233.4500000000007,move,improve
1528,35,10492.450000000008,17,2233.4500000000007,swap,acceptBad
1529,35,11005.850000000006,17,2233.4500000000007,2opt,acceptBad
1530,35,10804.55000000001,17,2233.4500000000007,move,improve
1531,35,10804.55000000001,17,2233.4500000000007,2opt,notBad
1532,35,10533.700000000008,17,2233.4500000000007,move,improve
1533,35,10390.70000000001,17,2233.4500000000007,2opt,improve
1534,35,10505.700000000008,17,2233.4500000000007,2opt,acceptBad
1535,35,10505.700000000008,17,2233.4500000000007,move,improve
1536,35,9653.200000000006,17,2233.4500000000007,move,improve
1537,35,9653.200000000006,17,2233.4500000000007,move,improve
1538,35,8804.500000000007,17,2233.4500000000007,move,improve
1539,35,8797.600000000004,17,2233.4500000000007,move,improve
1540,35,9120.550000000003,17,2233.4500000000007,swap,acceptBad
1541,35,9230.000000000002,17,2233.4500000000007,swap,acceptBad
1542,35,9586.7,17,2233.4500000000007,2opt,acceptBad
1543,35,9171.200000000003,17,2233.4500000000007,move,improve
1544,35,9252.899999999998,17,2233.4500000000007,swap,acceptBad
1545,35,9202.899999999994,17,2233.4500000000007,swap,improve
1546,35,9202.899999999994,17,2233.4500000000007,move,improve
1547,35,9171.049999999997,17,2233.4500000000007,2opt,improve
1548,35,9171.049999999997,17,2233.4500000000007,move,improve
1549,35,9153.149999999998,17,2233.4500000000007,swap,improve
1550,35,9626.2,17,2233.4500000000007,swap,acceptBad
1551,35,9711.95,17,2233.4500000000007,2opt,acceptBad
1552,35,9711.95,17,2233.4500000000007,move,improve
1553,35,9711.95,17,2233.4500000000007,move,improve
1554,35,9711.95,17,2233.4500000000007,2opt,notBad
1555,35,9532.000000000002,17,2233.4500000000007,move,improve
1556,35,9826.049999999997,17,2233.4500000000007,swap,acceptBad
1557,35,9912.149999999998,17,2233.4500000000007,swap,acceptBad
1558,35,9912.149999999998,17,2233.4500000000007,2opt,improve
1559,35,9912.149999999998,17,2233.4500000000007,move,improve
1560,35,9912.149999999998,17,2233.4500000000007,2opt,notBad
1561,35,9912.149999999998,17,2233.4500000000007,move,improve
1562,35,9920.2,17,2233.4500000000007,2opt,acceptBad
1563,35,10180.550000000001,17,2233.4500000000007,swap,acceptBad
1564,35,10180.550000000001,17,2233.4500000000007,2opt,notBad
1565,35,10183.2,17,2233.4500000000007,2opt,acceptBad
1566,35,10219.6,17,2233.4500000000007,2opt,acceptBad
1567,35,10219.099999999999,17,2233.4500000000007,move,improve
1568,35,10219.099999999999,17,2233.4500000000007,move,improve
1569,35,10219.099999999999,17,2233.4500000000007,2opt,notBad
1570,35,10336.450000000003,17,2233.4500000000007,swap,acceptBad
1571,35,10375.750000000004,17,2233.4500000000007,swap,acceptBad
1572,35,10271.950000000004,17,2233.4500000000007,2opt,improve
1573,35,9971.300000000001,17,2233.4500000000007,move,improve
1574,35,9881.050000000003,17,2233.4500000000007,move,improve
1575,35,10234.949999999999,17,2233.4500000000007,2opt,acceptBad
1576,35,10234.949999999999,17,2233.4500000000007,2opt,notBad
1577,35,8973.999999999998,17,2233.4500000000007,move,improve
1578,35,8951.899999999998,17,2233.4500000000007,2opt,improve
1579,35,9119.8,17,2233.4500000000007,swap,acceptBad
1580,35,9131.55,17,2233.4500000000007,2opt,acceptBad
1581,35,9085.0,17,2233.4500000000007,swap,improve
1582,35,8945.250000000002,17,2233.4500000000007,move,improve
1583,35,8497.099999999999,17,2233.4500000000007,move,improve
1584,35,8431.849999999997,17,2233.4500000000007,swap,improve
1585,35,8455.499999999996,17,2233.4500000000007,swap,acceptBad
1586,35,8455.499999999996,17,2233.4500000000007,2opt,notBad
1587,35,8422.449999999995,17,2233.4500000000007,swap,improve
1588,35,8389.25,17,2233.4500000000007,swap,improve
1589,35,8389.25,17,2233.4500000000007,move,improve
1590,35,8123.300000000001,17,2233.4500000000007,move,improve
1591,35,8123.300000000001,17,2233.4500000000007,move,improve
1592,35,8006.550000000003,17,2233.4500000000007,move,improve
1593,35,8006.550000000003,17,2233.4500000000007,2opt,notBad
1594,35,8641.0,17,2233.4500000000007,swap,acceptBad
1595,35,8429.350000000004,17,2233.4500000000007,swap,improve
1596,35,8031.100000000004,17,2233.4500000000007,move,improve
1597,35,8026.400000000002,17,2233.4500000000007,swap,improve
1598,35,8001.550000000003,17,2233.4500000000007,swap,improve
1599,35,8846.550000000001,17,2233.4500000000007,swap,acceptBad
1600,35,9143.449999999997,17,2233.4500000000007,swap,acceptBad
1601,35,8905.500000000002,17,2233.4500000000007,move,improve
1602,35,8320.200000000004,17,2233.4500000000007,move,improve
1603,35,8882.250000000002,17,2233.4500000000007,swap,acceptBad
1604,35,8894.000000000004,17,2233.4500000000007,2opt,acceptBad
1605,35,8894.000000000004,17,2233.4500000000007,move,improve
1606,35,8562.95,17,2233.4500000000007,swap,improve
1607,35,8591.399999999998,17,2233.4500000000007,swap,acceptBad
1608,35,8483.299999999996,17,2233.4500000000007,swap,improve
1609,35,8483.299999999996,17,2233.4500000000007,move,improve
1610,35,8480.649999999998,17,2233.4500000000007,2opt,improve
1611,35,8325.199999999995,17,2233.4500000000007,swap,improve
1612,35,8325.199999999995,17,2233.4500000000007,move,improve
1613,35,8778.299999999996,17,2233.4500000000007,swap,acceptBad
1614,35,8829.5,17,2233.4500000000007,2opt,acceptBad
1615,35,8829.5,17,2233.4500000000007,move,improve
1616,35,8969.549999999997,17,2233.4500000000007,2opt,acceptBad
1617,35,8969.549999999997,17,2233.4500000000007,move,improve
1618,35,9033.499999999998,17,2233.4500000000007,2opt,acceptBad
1619,35,8703.8,17,2233.4500000000007,move,improve
1620,35,8703.8,17,2233.4500000000007,2opt,notBad
1621,35,9895.999999999996,17,2233.4500000000007,swap,acceptBad
1622,35,9895.999999999996,17,2233.4500000000007,2opt,notBad
1623,35,8722.999999999998,17,2233.4500000000007,swap,improve
1624,35,8516.749999999998,17,2233.4500000000007,move,improve
1625,35,8132.899999999999,17,2233.4500000000007,move,improve
1626,35,8196.0,17,2233.4500000000007,2opt,acceptBad
1627,35,8472.000000000004,17,2233.4500000000007,2opt,acceptBad
1628,35,8471.700000000004,17,2233.4500000000007,move,improve
1629,35,8471.700000000004,17,2233.4500000000007,2opt,notBad
1630,35,8513.950000000004,17,2233.4500000000007,swap,acceptBad
1631,35,8513.950000000004,17,2233.4500000000007,move,improve
1632,35,7871.300000000005,17,2233.4500000000007,move,improve
1633,35,8174.650000000002,17,2233.4500000000007,swap,acceptBad
1634,35,8134.950000000001,17,2233.4500000000007,swap,improve
1635,35,8341.650000000001,17,2233.4500000000007,swap,acceptBad
1636,35,8341.650000000001,17,2233.4500000000007,move,improve
1637,35,8206.750000000004,17,2233.4500000000007,move,improve
1638,35,8456.850000000002,17,2233.4500000000007,swap,acceptBad
1639,35,8506.25,17,2233.4500000000007,swap,acceptBad
1640,35,8086.15,17,2233.4500000000007,swap,improve
1641,35,7922.400000000001,17,2233.4500000000007,swap,improve
1642,35,7922.400000000001,17,2233.4500000000007,2opt,notBad
1643,35,7888.000000000002,17,2233.4500000000007,swap,improve
1644,35,7902.799999999997,17,2233.4500000000007,2opt,acceptBad
1645,35,7966.849999999999,17,2233.4500000000007,swap,acceptBad
1646,35,7966.849999999999,17,2233.4500000000007,2opt,notBad
1647,35,7966.849999999999,17,2233.4500000000007,2opt,notBad
1648,35,8009.199999999999,17,2233.4500000000007,swap,acceptBad
1649,35,8419.0,17,2233.4500000000007,swap,acceptBad
1650,35,8655.799999999997,17,2233.4500000000007,2opt,acceptBad
1651,35,8658.049999999997,17,2233.4500000000007,swap,acceptBad
1652,35,8969.25,17,2233.4500000000007,swap,acceptBad
1653,35,9331.599999999999,17,2233.4500000000007,swap,acceptBad
1654,35,9328.499999999998,17,2233.4500000000007,2opt,improve
1655,35,10041.999999999998,17,2233.4500000000007,swap,acceptBad
1656,35,9957.149999999998,17,2233.4500000000007,2opt,improve
1657,35,9957.149999999998,17,2233.4500000000007,move,improve
1658,35,9718.699999999997,17,2233.4500000000007,2opt,improve
1659,35,8964.849999999999,17,2233.4500000000007,move,improve
1660,35,9922.549999999992,17,2233.4500000000007,swap,acceptBad
1661,35,9922.549999999992,17,2233.4500000000007,2opt,improve
1662,35,10185.549999999992,17,2233.4500000000007,swap,acceptBad
1663,35,10185.549999999992,17,2233.4500000000007,2opt,notBad
1664,35,9494.849999999995,17,2233.4500000000007,move,improve
1665,35,10153.499999999998,17,2233.4500000000007,swap,acceptBad
1666,35,9716.150000000001,17,2233.4500000000007,move,improve
1667,35,9716.150000000001,17,2233.4500000000007,2opt,notBad
1668,35,9492.899999999996,17,2233.4500000000007,2opt,improve
1669,35,9200.95,17,2233.4500000000007,swap,improve
1670,35,9245.799999999997,17,2233.4500000000007,swap,acceptBad
1671,35,9245.799999999997,17,2233.4500000000007,move,improve
1672,35,9207.8,17,2233.4500000000007,swap,improve
1673,35,9207.8,17,2233.4500000000007,2opt,notBad
1674,35,8750.750000000004,17,2233.4500000000007,move,improve
1675,35,8613.050000000003,17,2233.4500000000007,2opt,improve
1676,35,8613.050000000003,17,2233.4500000000007,2opt,notBad
1677,35,8900.300000000003,17,2233.4500000000007,2opt,acceptBad
1678,35,8444.350000000006,17,2233.4500000000007,move,improve
1679,35,8444.350000000006,17,2233.4500000000007,2opt,notBad
1680,35,8444.600000000004,17,2233.4500000000007,swap,acceptBad
1681,35,8444.600000000004,17,2233.4500000000007,move,improve
1682,35,8412.849999999999,17,2233.4500000000007,swap,improve
1683,35,7844.450000000003,17,2233.4500000000007,2opt,improve
1684,35,7661.1500000000015,17,2233.4500000000007,move,improve
1685,35,7699.200000000003,17,2233.4500000000007,2opt,acceptBad
1686,35,7699.200000000003,17,2233.4500000000007,move,improve
1687,35,7699.200000000003,17,2233.4500000000007,2opt,improve
1688,35,7628.100000000002,17,2233.4500000000007,move,improve
1689,35,7956.200000000001,17,2233.4500000000007,2opt,acceptBad
1690,35,7956.200000000001,17,2233.4500000000007,move,improve
1691,35,7888.799999999999,17,2233.4500000000007,swap,improve
1692,35,7888.799999999999,17,2233.4500000000007,move,improve
1693,35,7888.799999999999,17,2233.4500000000007,2opt,notBad
1694,35,8055.100000000004,17,2233.4500000000007,2opt,acceptBad
1695,35,8055.100000000004,17,2233.4500000000007,2opt,notBad
1696,35,8047.300000000005,17,2233.4500000000007,move,improve
1697,35,7881.1500000000015,17,2233.4500000000007,swap,improve
1698,35,7645.9000000000015,17,2233.4500000000007,swap,improve
1699,35,7666.599999999999,17,2233.4500000000007,2opt,acceptBad
1700,35,7290.949999999999,17,2233.4500000000007,move,improve
1701,35,7241.35,17,2233.4500000000007,swap,improve
1702,35,6964.5,17,2233.4500000000007,move,improve
1703,35,6737.250000000002,17,2233.4500000000007,move,improve
1704,35,6737.250000000002,17,2233.4500000000007,move,improve
1705,35,6737.250000000002,17,2233.4500000000007,move,improve
1706,35,6737.250000000002,17,2233.4500000000007,2opt,notBad
1707,35,6737.250000000002,17,2233.4500000000007,2opt,notBad
1708,35,7095.699999999999,17,2233.4500000000007,swap,acceptBad
1709,35,7095.699999999999,17,2233.4500000000007,move,improve
1710,35,7095.699999999999,17,2233.4500000000007,2opt,notBad
1711,35,7095.699999999999,17,2233.4500000000007,2opt,notBad
1712,35,7095.699999999999,17,2233.4500000000007,2opt,notBad
1713,35,7567.300000000001,17,2233.4500000000007,swap,acceptBad
1714,35,7561.9,17,2233.4500000000007,move,improve
1715,35,7561.9,17,2233.4500000000007,2opt,notBad
1716,35,7561.9,17,2233.4500000000007,move,improve
1717,35,7516.55,17,2233.4500000000007,swap,improve
1718,35,8010.000000000006,17,2233.4500000000007,swap,acceptBad
1719,35,8010.000000000006,17,2233.4500000000007,2opt,notBad
1720,35,8198.100000000002,17,2233.4500000000007,2opt,acceptBad
1721,35,8198.100000000002,17,2233.4500000000007,move,improve
1722,35,8334.600000000011,17,2233.4500000000007,2opt,acceptBad
1723,35,8364.700000000012,17,2233.4500000000007,swap,acceptBad
1724,35,8364.700000000012,17,2233.4500000000007,move,improve
1725,35,8843.40000000001,17,2233.4500000000007,swap,acceptBad
1726,35,8359.150000000009,17,2233.4500000000007,move,improve
1727,35,7897.000000000016,17,2233.4500000000007,move,improve
1728,35,7919.500000000015,17,2233.4500000000007,swap,acceptBad
1729,35,7997.250000000011,17,2233.4500000000007,2opt,acceptBad
1730,35,7997.250000000011,17,2233.4500000000007,2opt,notBad
1731,35,7997.250000000011,17,2233.4500000000007,2opt,notBad
1732,35,7968.500000000014,17,2233.4500000000007,move,improve
1733,35,7946.8500000000095,17,2233.4500000000007,move,improve
1734,35,7906.950000000011,17,2233.4500000000007,2opt,improve
1735,35,7906.950000000011,17,2233.4500000000007,2opt,notBad
1736,35,8515.300000000012,17,2233.4500000000007,swap,acceptBad
1737,35,8553.900000000009,17,2233.4500000000007,2opt,acceptBad
1738,35,8846.200000000012,17,2233.4500000000007,2opt,acceptBad
1739,35,8662.200000000008,17,2233.4500000000007,move,improve
1740,35,8662.200000000008,17,2233.4500000000007,2opt,notBad
1741,35,8814.750000000013,17,2233.4500000000007,2opt,acceptBad
1742,35,9073.950000000012,17,2233.4500000000007,swap,acceptBad
1743,35,8998.800000000014,17,2233.4500000000007,swap,improve
1744,35,8998.800000000014,17,2233.4500000000007,swap,notBad
1745,35,8878.650000000014,17,2233.4500000000007,move,improve
1746,35,9048.750000000013,17,2233.4500000000007,2opt,acceptBad
1747,35,9465.700000000012,17,2233.4500000000007,swap,acceptBad
1748,35,9510.200000000012,17,2233.4500000000007,swap,acceptBad
1749,35,8659.100000000006,17,2233.4500000000007,swap,improve
1750,35,8569.800000000003,17,2233.4500000000007,move,improve
1751,35,8569.800000000003,17,2233.4500000000007,swap,notBad
1752,35,8662.650000000001,17,2233.4500000000007,2opt,acceptBad
1753,35,8662.650000000001,17,2233.4500000000007,move,improve
1754,35,8560.800000000005,17,2233.4500000000007,move,improve
1755,35,8533.550000000001,17,2233.4500000000007,swap,improve
1756,35,8533.550000000001,17,2233.4500000000007,2opt,notBad
1757,35,8533.550000000001,17,2233.4500000000007,move,improve
1758,35,8568.350000000002,17,2233.4500000000007,2opt,acceptBad
1759,35,8638.100000000002,17,2233.4500000000007,swap,acceptBad
1760,35,8638.100000000002,17,2233.4500000000007,move,improve
1761,35,8599.000000000004,17,2233.4500000000007,swap,improve
1762,35,9057.600000000002,17,2233.4500000000007,swap,acceptBad
1763,35,9057.600000000002,17,2233.4500000000007,2opt,notBad
1764,35,9057.600000000002,17,2233.4500000000007,2opt,notBad
1765,35,9195.849999999991,17,2233.4500000000007,2opt,acceptBad
1766,35,9195.849999999991,17,2233.4500000000007,2opt,notBad
1767,35,8897.149999999989,17,2233.4500000000007,2opt,improve
1768,35,8897.149999999989,17,2233.4500000000007,2opt,notBad
1769,35,8602.699999999984,17,2233.4500000000007,move,improve
1770,35,7905.649999999989,17,2233.4500000000007,move,improve
1771,35,7905.649999999989,17,2233.4500000000007,move,improve
1772,35,7905.649999999989,17,2233.4500000000007,2opt,notBad
1773,35,7718.349999999988,17,2233.4500000000007,2opt,improve
1774,35,7576.449999999987,17,2233.4500000000007,move,improve
1775,35,7576.449999999987,17,2233.4500000000007,2opt,notBad
1776,35,7586.649999999991,17,2233.4500000000007,swap,acceptBad
1777,35,8062.249999999988,17,2233.4500000000007,swap,acceptBad
1778,35,8268.249999999989,17,2233.4500000000007,swap,acceptBad
1779,35,8025.0499999999865,17,2233.4500000000007,move,improve
1780,35,8133.349999999986,17,2233.4500000000007,swap,acceptBad
1781,35,7848.599999999989,17,2233.4500000000007,2opt,improve
1782,35,8021.099999999989,17,2233.4500000000007,swap,acceptBad
1783,35,8021.099999999989,17,2233.4500000000007,move,improve
1784,35,8021.099999999989,17,2233.4500000000007,2opt,improve
1785,35,8127.19999999999,17,2233.4500000000007,2opt,acceptBad
1786,35,8127.19999999999,17,2233.4500000000007,2opt,improve
1787,35,8530.69999999999,17,2233.4500000000007,swap,acceptBad
1788,35,8530.69999999999,17,2233.4500000000007,2opt,notBad
1789,35,8428.199999999992,17,2233.4500000000007,move,improve
1790,35,8306.799999999994,17,2233.4500000000007,2opt,improve
1791,35,8281.149999999996,17,2233.4500000000007,swap,improve
1792,35,8543.349999999997,17,2233.4500000000007,2opt,acceptBad
1793,35,8543.349999999997,17,2233.4500000000007,swap,notBad
1794,35,8397.699999999995,17,2233.4500000000007,move,improve
1795,35,8397.699999999995,17,2233.4500000000007,move,improve
1796,35,8397.699999999995,17,2233.4500000000007,move,improve
1797,35,8397.699999999995,17,2233.4500000000007,2opt,notBad
1798,35,8397.699999999995,17,2233.4500000000007,move,improve
1799,35,7935.949999999995,17,2233.4500000000007,move,improve
1800,35,7941.849999999998,17,2233.4500000000007,swap,acceptBad
1801,35,7941.849999999998,17,2233.4500000000007,2opt,notBad
1802,35,7941.849999999998,17,2233.4500000000007,2opt,notBad
1803,35,8614.050000000001,17,2233.4500000000007,swap,acceptBad
1804,35,8083.049999999997,17,2233.4500000000007,move,improve
1805,35,7862.4000000000015,17,2233.4500000000007,move,improve
1806,35,7941.700000000003,17,2233.4500000000007,swap,acceptBad
1807,35,7707.1,17,2233.4500000000007,move,improve
1808,35,7508.700000000001,17,2233.4500000000007,move,improve
1809,35,7697.700000000004,17,2233.4500000000007,swap,acceptBad
1810,35,7697.700000000004,17,2233.4500000000007,swap,notBad
1811,35,7697.700000000004,17,2233.4500000000007,move,improve
1812,35,7723.650000000007,17,2233.4500000000007,2opt,acceptBad
1813,35,7723.650000000007,17,2233.4500000000007,2opt,notBad
1814,35,7723.650000000007,17,2233.4500000000007,move,improve
1815,35,7723.650000000007,17,2233.4500000000007,move,improve
1816,35,7723.650000000007,17,2233.4500000000007,2opt,notBad
1817,35,7673.250000000005,17,2233.4500000000007,2opt,improve
1818,35,7673.250000000005,17,2233.4500000000007,2opt,notBad
1819,35,7532.050000000005,17,2233.4500000000007,move,improve
1820,35,6370.950000000001,17,2233.4500000000007,move,improve
1821,35,6865.700000000004,17,2233.4500000000007,swap,acceptBad
1822,35,6865.700000000004,17,2233.4500000000007,move,improve
1823,35,6824.850000000002,17,2233.4500000000007,2opt,improve
1824,35,6307.950000000001,17,2233.4500000000007,move,improve
1825,35,6463.3499999999985,17,2233.4500000000007,2opt,acceptBad
1826,35,6227.800000000001,17,2233.4500000000007,2opt,improve
1827,35,6088.550000000001,17,2233.4500000000007,move,improve
1828,35,6088.550000000001,17,2233.4500000000007,move,improve
1829,35,6088.550000000001,17,2233.4500000000007,2opt,notBad
1830,35,6088.550000000001,17,2233.4500000000007,move,improve
1831,35,6088.550000000001,17,2233.4500000000007,move,improve
1832,35,6088.550000000001,17,2233.4500000000007,2opt,notBad
1833,35,6088.550000000001,17,2233.4500000000007,swap,notBad
1834,35,6088.550000000001,17,2233.4500000000007,move,improve
1835,35,6043.1500000000015,17,2233.4500000000007,2opt,improve
1836,35,6338.650000000003,17,2233.4500000000007,2opt,acceptBad
1837,35,6338.650000000003,17,2233.4500000000007,move,improve
1838,35,6809.850000000002,17,2233.4500000000007,swap,acceptBad
1839,35,6950.200000000006,17,2233.4500000000007,swap,acceptBad
1840,35,6950.200000000006,17,2233.4500000000007,swap,notBad
1841,35,7041.350000000008,17,2233.4500000000007,swap,acceptBad
1842,35,7418.600000000003,17,2233.4500000000007,swap,acceptBad
1843,35,7418.600000000003,17,2233.4500000000007,move,improve
1844,35,7418.600000000003,17,2233.4500000000007,2opt,notBad
1845,35,7038.050000000006,17,2233.4500000000007,move,improve
1846,35,7038.050000000006,17,2233.4500000000007,swap,notBad
1847,35,7038.050000000006,17,2233.4500000000007,move,improve
1848,35,6959.350000000006,17,2233.4500000000007,move,improve
1849,35,6990.0,17,2233.4500000000007,2opt,acceptBad
1850,35,6938.4,17,2233.4500000000007,move,improve
1851,35,6572.5,17,2233.4500000000007,move,improve
1852,35,6572.5,17,2233.4500000000007,move,improve
1853,35,6697.299999999999,17,2233.4500000000007,2opt,acceptBad
1854,35,7216.0999999999985,17,2233.4500000000007,swap,acceptBad
1855,35,7216.0999999999985,17,2233.4500000000007,move,improve
1856,35,7216.0999999999985,17,2233.4500000000007,2opt,notBad
1857,35,7304.15,17,2233.4500000000007,2opt,acceptBad
1858,35,7771.500000000001,17,2233.4500000000007,swap,acceptBad
1859,35,7771.500000000001,17,2233.4500000000007,move,improve
1860,35,7771.500000000001,17,2233.4500000000007,2opt,notBad
1861,35,7689.750000000002,17,2233.4500000000007,swap,improve
1862,35,7689.750000000002,17,2233.4500000000007,2opt,notBad
1863,35,7354.450000000003,17,2233.4500000000007,move,improve
1864,35,7979.85,17,2233.4500000000007,swap,acceptBad
1865,35,7979.85,17,2233.4500000000007,move,improve
1866,35,7979.85,17,2233.4500000000007,2opt,notBad
1867,35,8430.550000000001,17,2233.4500000000007,swap,acceptBad
1868,35,8430.550000000001,17,2233.4500000000007,2opt,notBad
1869,35,8515.899999999998,17,2233.4500000000007,swap,acceptBad
1870,35,8515.899999999998,17,2233.4500000000007,2opt,improve
1871,35,8515.899999999998,17,2233.4500000000007,2opt,notBad
1872,35,8603.850000000002,17,2233.4500000000007,2opt,acceptBad
1873,35,8520.6,17,2233.4500000000007,swap,improve
1874,35,8444.549999999997,17,2233.4500000000007,swap,improve
1875,35,8065.349999999998,17,2233.4500000000007,move,improve
1876,35,8065.349999999998,17,2233.4500000000007,move,improve
1877,35,7967.65,17,2233.4500000000007,swap,improve
1878,35,7729.600000000002,17,2233.4500000000007,move,improve
1879,35,8097.299999999998,17,2233.4500000000007,swap,acceptBad
1880,35,8056.45,17,2233.4500000000007,swap,improve
1881,35,8056.45,17,2233.4500000000007,move,improve
1882,35,8056.45,17,2233.4500000000007,2opt,notBad
1883,35,8056.45,17,2233.4500000000007,2opt,notBad
1884,35,8056.45,17,2233.4500000000007,2opt,notBad
1885,35,7376.899999999999,17,2233.4500000000007,2opt,improve
1886,35,7158.649999999999,17,2233.4500000000007,move,improve
1887,35,7158.649999999999,17,2233.4500000000007,move,improve
1888,35,7208.599999999999,17,2233.4500000000007,2opt,acceptBad
1889,35,7208.599999999999,17,2233.4500000000007,move,improve
1890,35,7251.299999999996,17,2233.4500000000007,swap,acceptBad
1891,35,7382.099999999997,17,2233.4500000000007,swap,acceptBad
1892,35,7382.099999999997,17,2233.4500000000007,move,improve
1893,35,7548.699999999994,17,2233.4500000000007,swap,acceptBad
1894,35,6976.200000000001,17,2233.4500000000007,move,improve
1895,35,6726.099999999998,17,2233.4500000000007,2opt,improve
1896,35,6456.699999999997,17,2233.4500000000007,move,improve
1897,35,6456.699999999997,17,2233.4500000000007,move,improve
1898,35,6721.999999999998,17,2233.4500000000007,swap,acceptBad
1899,35,6721.999999999998,17,2233.4500000000007,2opt,improve
1900,35,6625.399999999999,17,2233.4500000000007,swap,improve
1901,35,6507.5999999999985,17,2233.4500000000007,swap,improve
1902,35,6271.799999999999,17,2233.4500000000007,2opt,improve
1903,35,6282.5999999999985,17,2233.4500000000007,2opt,acceptBad
1904,35,6282.5999999999985,17,2233.4500000000007,move,improve
1905,35,6304.249999999997,17,2233.4500000000007,swap,acceptBad
1906,35,6304.249999999997,17,2233.4500000000007,move,improve
1907,35,6293.449999999999,17,2233.4500000000007,2opt,improve
1908,35,6293.449999999999,17,2233.4500000000007,swap,notBad
1909,35,6286.5999999999985,17,2233.4500000000007,move,improve
1910,35,6285.75,17,2233.4500000000007,swap,improve
1911,35,6285.75,17,2233.4500000000007,move,improve
1912,35,6278.5999999999985,17,2233.4500000000007,swap,improve
1913,35,6462.299999999998,17,2233.4500000000007,swap,acceptBad
1914,35,6462.299999999998,17,2233.4500000000007,2opt,notBad
1915,35,6391.8499999999985,17,2233.4500000000007,2opt,improve
1916,35,6513.149999999998,17,2233.4500000000007,2opt,acceptBad
1917,35,6513.149999999998,17,2233.4500000000007,2opt,notBad
1918,35,6513.149999999998,17,2233.4500000000007,move,improve
1919,35,6416.299999999996,17,2233.4500000000007,move,improve
1920,35,6269.549999999997,17,2233.4500000000007,move,improve
1921,35,6269.549999999997,17,2233.4500000000007,2opt,notBad
1922,35,6210.899999999999,17,2233.4500000000007,swap,improve
1923,35,6210.899999999999,17,2233.4500000000007,move,improve
1924,35,6072.049999999998,17,2233.4500000000007,move,improve
1925,35,6041.899999999998,17,2233.4500000000007,move,improve
1926,35,6041.899999999998,17,2233.4500000000007,2opt,notBad
1927,35,6041.899999999998,17,2233.4500000000007,move,improve
1928,35,6101.2999999999965,17,2233.4500000000007,2opt,acceptBad
1929,35,6076.949999999998,17,2233.4500000000007,move,improve
1930,35,6076.949999999998,17,2233.4500000000007,move,improve
1931,35,6076.949999999998,17,2233.4500000000007,2opt,notBad
1932,35,6157.149999999998,17,2233.4500000000007,2opt,acceptBad
1933,35,6350.0499999999965,17,2233.4500000000007,2opt,acceptBad
1934,35,6350.0499999999965,17,2233.4500000000007,swap,notBad
1935,35,6184.699999999997,17,2233.4500000000007,swap,improve
1936,35,6184.699999999997,17,2233.4500000000007,move,improve
1937,35,6184.699999999997,17,2233.4500000000007,move,improve
1938,35,6184.699999999997,17,2233.4500000000007,2opt,notBad
1939,35,6170.399999999996,17,2233.4500000000007,swap,improve
1940,35,6089.849999999997,17,2233.4500000000007,move,improve
1941,35,6089.849999999997,17,2233.4500000000007,swap,notBad
1942,35,5719.249999999998,17,2233.4500000000007,move,improve
1943,35,5719.249999999998,17,2233.4500000000007,move,improve
1944,35,5712.249999999998,17,2233.4500000000007,move,improve
1945,35,5712.249999999998,17,2233.4500000000007,swap,notBad
1946,35,5712.249999999998,17,2233.4500000000007,move,improve
1947,35,5712.249999999998,17,2233.4500000000007,2opt,notBad
1948,35,5605.949999999998,17,2233.4500000000007,move,improve
1949,35,5605.949999999998,17,2233.4500000000007,2opt,notBad
1950,35,5700.7999999999965,17,2233.4500000000007,swap,acceptBad
1951,35,5700.7999999999965,17,2233.4500000000007,move,improve
1952,35,5700.7999999999965,17,2233.4500000000007,swap,notBad
1953,35,5700.7999999999965,17,2233.4500000000007,move,improve
1954,35,5695.449999999997,17,2233.4500000000007,2opt,improve
1955,35,5640.199999999997,17,2233.4500000000007,move,improve
1956,35,5640.199999999997,17,2233.4500000000007,2opt,notBad
1957,35,5758.749999999996,17,2233.4500000000007,swap,acceptBad
1958,35,5758.749999999996,17,2233.4500000000007,swap,notBad
1959,35,5850.149999999998,17,2233.4500000000007,2opt,acceptBad
1960,35,6425.949999999997,17,2233.4500000000007,swap,acceptBad
1961,35,6481.1,17,2233.4500000000007,2opt,acceptBad
1962,35,6481.1,17,2233.4500000000007,move,improve
1963,35,6481.1,17,2233.4500000000007,move,improve
1964,35,6481.1,17,2233.4500000000007,move,improve
1965,35,6104.8499999999985,17,2233.4500000000007,2opt,improve
1966,35,6104.8499999999985,17,2233.4500000000007,move,improve
1967,35,6104.8499999999985,17,2233.4500000000007,move,improve
1968,35,6104.8499999999985,17,2233.4500000000007,move,improve
1969,35,6187.999999999997,17,2233.4500000000007,2opt,acceptBad
1970,35,6187.999999999997,17,2233.4500000000007,swap,notBad
1971,35,6187.999999999997,17,2233.4500000000007,move,improve
1972,35,6187.999999999997,17,2233.4500000000007,2opt,notBad
1973,35,6187.999999999997,17,2233.4500000000007,2opt,notBad
1974,35,6187.999999999997,17,2233.4500000000007,swap,notBad
1975,35,6214.049999999997,17,2233.4500000000007,swap,acceptBad
1976,35,6112.099999999997,17,2233.4500000000007,swap,improve
1977,35,6112.099999999997,17,2233.4500000000007,swap,notBad
1978,35,6125.049999999997,17,2233.4500000000007,swap,acceptBad
1979,35,6307.549999999997,17,2233.4500000000007,swap,acceptBad
1980,35,6307.549999999997,17,2233.4500000000007,2opt,notBad
1981,35,6307.549999999997,17,2233.4500000000007,move,improve
1982,35,6307.549999999997,17,2233.4500000000007,move,improve
1983,35,6307.549999999997,17,2233.4500000000007,move,improve
1984,35,6294.949999999998,17,2233.4500000000007,swap,improve
1985,35,6294.949999999998,17,2233.4500000000007,2opt,notBad
1986,35,6356.299999999997,17,2233.4500000000007,swap,acceptBad
1987,35,6257.699999999996,17,2233.4500000000007,swap,improve
1988,35,6257.699999999996,17,2233.4500000000007,move,improve
1989,35,6257.699999999996,17,2233.4500000000007,2opt,notBad
1990,35,6477.749999999996,17,2233.4500000000007,2opt,acceptBad
1991,35,6485.699999999997,17,2233.4500000000007,swap,acceptBad
1992,35,6663.149999999994,17,2233.4500000000007,swap,acceptBad
1993,35,6876.099999999995,17,2233.4500000000007,swap,acceptBad
1994,35,6876.099999999995,17,2233.4500000000007,move,improve
1995,35,6876.099999999995,17,2233.4500000000007,move,improve
1996,35,6876.099999999995,17,2233.4500000000007,2opt,notBad
1997,35,6876.099999999995,17,2233.4500000000007,2opt,notBad
1998,35,6876.099999999995,17,2233.4500000000007,move,improve
1999,35,6886.749999999995,17,2233.4500000000007,swap,acceptBad
2000,35,6886.749999999995,17,2233.4500000000007,2opt,notBad
2001,35,6886.749999999995,17,2233.4500000000007,2opt,improve
2002,35,7134.899999999996,17,2233.4500000000007,swap,acceptBad
2003,35,7122.649999999996,17,2233.4500000000007,move,improve
2004,35,7053.549999999999,17,2233.4500000000007,swap,improve
2005,35,7053.549999999999,17,2233.4500000000007,2opt,notBad
2006,35,7051.299999999999,17,2233.4500000000007,swap,improve
2007,35,7051.299999999999,17,2233.4500000000007,2opt,notBad
2008,35,6952.799999999998,17,2233.4500000000007,2opt,improve
2009,35,6952.799999999998,17,2233.4500000000007,2opt,notBad
2010,35,6952.799999999998,17,2233.4500000000007,move,improve
2011,35,7040.199999999998,17,2233.4500000000007,swap,acceptBad
2012,35,7402.499999999996,17,2233.4500000000007,swap,acceptBad
2013,35,7402.499999999996,17,2233.4500000000007,2opt,notBad
2014,35,7402.499999999996,17,2233.4500000000007,2opt,notBad
2015,35,7402.499999999996,17,2233.4500000000007,2opt,notBad
2016,35,7402.499999999996,17,2233.4500000000007,swap,notBad
2017,35,7402.499999999996,17,2233.4500000000007,move,improve
2018,35,7492.949999999997,17,2233.4500000000007,swap,acceptBad
2019,35,7485.999999999993,17,2233.4500000000007,move,improve
2020,35,7280.649999999997,17,2233.4500000000007,2opt,improve
2021,35,7093.100000000001,17,2233.4500000000007,move,improve
2022,35,7093.100000000001,17,2233.4500000000007,2opt,notBad
2023,35,6957.999999999999,17,2233.4500000000007,2opt,improve
2024,35,7045.949999999997,17,2233.4500000000007,swap,acceptBad
2025,35,7147.499999999997,17,2233.4500000000007,2opt,acceptBad
2026,35,7314.8,17,2233.4500000000007,swap,acceptBad
2027,35,7246.349999999991,17,2233.4500000000007,2opt,improve
2028,35,7113.699999999992,17,2233.4500000000007,move,improve
2029,35,6978.199999999993,17,2233.4500000000007,2opt,improve
2030,35,6963.049999999992,17,2233.4500000000007,swap,improve
2031,35,6963.049999999992,17,2233.4500000000007,move,improve
2032,35,6963.049999999992,17,2233.4500000000007,move,improve
2033,35,6963.049999999992,17,2233.4500000000007,swap,notBad
2034,35,6963.049999999992,17,2233.4500000000007,2opt,notBad
2035,35,6998.549999999992,17,2233.4500000000007,swap,acceptBad
2036,35,6998.549999999992,17,2233.4500000000007,2opt,notBad
2037,35,6998.549999999992,17,2233.4500000000007,move,improve
2038,35,6998.549999999992,17,2233.4500000000007,move,improve
2039,35,7025.25,17,2233.4500000000007,2opt,acceptBad
2040,35,7025.25,17,2233.4500000000007,2opt,notBad
2041,35,7025.25,17,2233.4500000000007,move,improve
2042,35,7210.249999999998,17,2233.4500000000007,swap,acceptBad
2043,35,7210.249999999998,17,2233.4500000000007,2opt,notBad
2044,34,6698.349999999997,17,2233.4500000000007,move,improve
2045,34,6831.949999999999,17,2233.4500000000007,2opt,acceptBad
2046,34,6831.949999999999,17,2233.4500000000007,swap,notBad
2047,34,6734.3499999999985,17,2233.4500000000007,move,improve
2048,34,6727.549999999997,17,2233.4500000000007,swap,improve
2049,34,6625.85,17,2233.4500000000007,swap,improve
2050,34,6625.85,17,2233.4500000000007,move,improve
2051,34,7117.250000000001,17,2233.4500000000007,swap,acceptBad
2052,34,7284.749999999998,17,2233.4500000000007,swap,acceptBad
2053,34,7284.749999999998,17,2233.4500000000007,move,improve
2054,34,7284.749999999998,17,2233.4500000000007,move,improve
2055,34,7148.350000000006,17,2233.4500000000007,swap,improve
2056,34,7163.350000000006,17,2233.4500000000007,swap,acceptBad
2057,34,7205.050000000001,17,2233.4500000000007,swap,acceptBad
2058,34,7205.050000000001,17,2233.4500000000007,2opt,notBad
2059,34,7194.200000000003,17,2233.4500000000007,move,improve
2060,34,7174.150000000003,17,2233.4500000000007,swap,improve
2061,33,6456.3,17,2233.4500000000007,move,improve
2062,33,6456.3,17,2233.4500000000007,move,improve
2063,33,6729.400000000002,17,2233.4500000000007,swap,acceptBad
2064,33,6326.149999999998,17,2233.4500000000007,move,improve
2065,33,6190.349999999998,17,2233.4500000000007,swap,improve
2066,33,6136.549999999997,17,2233.4500000000007,move,improve
2067,33,6442.099999999998,17,2233.4500000000007,swap,acceptBad
2068,33,6477.799999999996,17,2233.4500000000007,swap,acceptBad
2069,33,6477.799999999996,17,2233.4500000000007,swap,notBad
2070,33,6477.799999999996,17,2233.4500000000007,2opt,improve
2071,33,6268.549999999994,17,2233.4500000000007,swap,improve
2072,33,5878.799999999996,17,2233.4500000000007,swap,improve
2073,33,5878.799999999996,17,2233.4500000000007,2opt,notBad
2074,33,5845.199999999997,17,2233.4500000000007,swap,improve
2075,33,6355.699999999999,17,2233.4500000000007,swap,acceptBad
2076,33,6355.699999999999,17,2233.4500000000007,move,improve
2077,33,6355.699999999999,17,2233.4500000000007,move,improve
2078,33,6355.699999999999,17,2233.4500000000007,2opt,notBad
2079,33,6355.699999999999,17,2233.4500000000007,2opt,notBad
2080,33,6355.699999999999,17,2233.4500000000007,2opt,notBad
2081,33,6416.6,17,2233.4500000000007,swap,acceptBad
2082,33,6418.1500000000015,17,2233.4500000000007,2opt,acceptBad
2083,33,6130.25,17,2233.4500000000007,2opt,improve
2084,33,6150.449999999998,17,2233.4500000000007,2opt,acceptBad
2085,33,6150.449999999998,17,2233.4500000000007,move,improve
2086,33,6150.449999999998,17,2233.4500000000007,2opt,improve
2087,33,6187.399999999998,17,2233.4500000000007,swap,acceptBad
2088,33,6255.299999999997,17,2233.4500000000007,swap,acceptBad
2089,33,6255.299999999997,17,2233.4500000000007,swap,notBad
2090,33,6283.599999999997,17,2233.4500000000007,swap,acceptBad
2091,33,6283.599999999997,17,2233.4500000000007,move,improve
2092,33,6283.599999999997,17,2233.4500000000007,2opt,notBad
2093,33,6135.999999999996,17,2233.4500000000007,move,improve
2094,33,6135.999999999996,17,2233.4500000000007,move,improve
2095,33,6135.999999999996,17,2233.4500000000007,2opt,notBad
2096,33,6265.7999999999965,17,2233.4500000000007,swap,acceptBad
2097,33,6282.949999999996,17,2233.4500000000007,2opt,acceptBad
2098,33,6282.949999999996,17,2233.4500000000007,move,improve
2099,33,6272.299999999997,17,2233.4500000000007,swap,improve
2100,33,6272.299999999997,17,2233.4500000000007,move,improve
2101,33,6272.299999999997,17,2233.4500000000007,move,improve
2102,33,6272.299999999997,17,2233.4500000000007,move,improve
2103,33,6266.049999999997,17,2233.4500000000007,2opt,improve
2104,33,6410.249999999998,17,2233.4500000000007,swap,acceptBad
2105,33,6410.249999999998,17,2233.4500000000007,move,improve
2106,33,6410.249999999998,17,2233.4500000000007,move,improve
2107,33,6455.699999999999,17,2233.4500000000007,swap,acceptBad
2108,33,6390.1,17,2233.4500000000007,swap,improve
2109,33,6390.1,17,2233.4500000000007,move,improve
2110,33,6390.1,17,2233.4500000000007,move,improve
2111,33,6390.1,17,2233.4500000000007,move,improve
2112,33,6390.1,17,2233.4500000000007,2opt,notBad
2113,33,6390.1,17,2233.4500000000007,swap,notBad
2114,33,6404.2,17,2233.4500000000007,2opt,acceptBad
2115,33,6404.2,17,2233.4500000000007,2opt,notBad
2116,33,6494.999999999999,17,2233.4500000000007,swap,acceptBad
2117,33,6494.999999999999,17,2233.4500000000007,move,improve
2118,33,6494.999999999999,17,2233.4500000000007,2opt,notBad
2119,33,6370.4,17,2233.4500000000007,move,improve
2120,33,6442.749999999998,17,2233.4500000000007,2opt,acceptBad
2121,33,6442.749999999998,17,2233.4500000000007,2opt,notBad
2122,33,6407.449999999999,17,2233.4500000000007,move,improve
2123,33,6463.5999999999985,17,2233.4500000000007,swap,acceptBad
2124,33,6241.749999999998,17,2233.4500000000007,move,improve
2125,33,6367.649999999998,17,2233.4500000000007,swap,acceptBad
2126,33,6367.649999999998,17,2233.4500000000007,2opt,notBad
2127,33,6367.649999999998,17,2233.4500000000007,2opt,improve
2128,33,6314.999999999998,17,2233.4500000000007,move,improve
2129,33,6470.6500000000015,17,2233.4500000000007,swap,acceptBad
2130,33,6741.600000000001,17,2233.4500000000007,swap,acceptBad
2131,33,6877.6,17,2233.4500000000007,swap,acceptBad
2132,33,6877.6,17,2233.4500000000007,move,improve
2133,33,6656.150000000001,17,2233.4500000000007,move,improve
2134,33,6656.150000000001,17,2233.4500000000007,move,improve
2135,33,6630.250000000002,17,2233.4500000000007,swap,improve
2136,33,6630.250000000002,17,2233.4500000000007,swap,notBad
2137,33,6630.250000000002,17,2233.4500000000007,2opt,notBad
2138,33,6630.250000000002,17,2233.4500000000007,2opt,notBad
2139,33,6630.250000000002,17,2233.4500000000007,2opt,notBad
2140,33,6630.250000000002,17,2233.4500000000007,move,improve
2141,33,6513.899999999999,17,2233.4500000000007,move,improve
2142,33,6513.899999999999,17,2233.4500000000007,2opt,notBad
2143,33,6665.950000000001,17,2233.4500000000007,swap,acceptBad
2144,33,6441.85,17,2233.4500000000007,swap,improve
2145,33,6441.85,17,2233.4500000000007,move,improve
2146,33,6441.85,17,2233.4500000000007,move,improve
2147,33,6441.85,17,2233.4500000000007,2opt,notBad
2148,33,6441.85,17,2233.4500000000007,2opt,improve
2149,33,6441.85,17,2233.4500000000007,2opt,notBad
2150,33,6441.85,17,2233.4500000000007,move,improve
2151,33,6344.199999999997,17,2233.4500000000007,swap,improve
2152,33,6762.500000000002,17,2233.4500000000007,swap,acceptBad
2153,33,6762.500000000002,17,2233.4500000000007,move,improve
2154,33,7051.950000000001,17,2233.4500000000007,swap,acceptBad
2155,33,7051.950000000001,17,2233.4500000000007,2opt,notBad
2156,33,7047.549999999999,17,2233.4500000000007,move,improve
2157,33,7047.549999999999,17,2233.4500000000007,move,improve
2158,33,6862.199999999999,17,2233.4500000000007,2opt,improve
2159,33,6862.199999999999,17,2233.4500000000007,move,improve
2160,33,6862.199999999999,17,2233.4500000000007,swap,notBad
2161,33,6862.199999999999,17,2233.4500000000007,2opt,notBad
2162,33,6862.199999999999,17,2233.4500000000007,swap,notBad
2163,33,6862.199999999999,17,2233.4500000000007,swap,notBad
2164,33,6949.149999999996,17,2233.4500000000007,swap,acceptBad
2165,33,6949.149999999996,17,2233.4500000000007,move,improve
2166,33,6949.149999999996,17,2233.4500000000007,2opt,notBad
2167,33,6949.149999999996,17,2233.4500000000007,move,improve
2168,33,6949.149999999996,17,2233.4500000000007,2opt,notBad
2169,33,6949.149999999996,17,2233.4500000000007,move,improve
2170,33,6848.7499999999945,17,2233.4500000000007,swap,improve
2171,33,6813.099999999995,17,2233.4500000000007,2opt,improve
2172,33,6813.099999999995,17,2233.4500000000007,swap,notBad
2173,33,6634.750000000004,17,2233.4500000000007,2opt,improve
2174,33,6704.350000000005,17,2233.4500000000007,swap,acceptBad
2175,33,6587.100000000003,17,2233.4500000000007,swap,improve
2176,33,6587.100000000003,17,2233.4500000000007,swap,notBad
2177,33,6760.000000000004,17,2233.4500000000007,swap,acceptBad
2178,33,6710.600000000002,17,2233.4500000000007,swap,improve
2179,33,6716.200000000003,17,2233.4500000000007,swap,acceptBad
2180,33,6735.500000000002,17,2233.4500000000007,swap,acceptBad
2181,33,6735.500000000002,17,2233.4500000000007,2opt,notBad
2182,33,6735.500000000002,17,2233.4500000000007,move,improve
2183,33,6735.500000000002,17,2233.4500000000007,2opt,notBad
2184,33,6735.500000000002,17,2233.4500000000007,2opt,notBad
2185,33,6742.5,17,2233.4500000000007,swap,acceptBad
2186,33,6742.5,17,2233.4500000000007,2opt,notBad
2187,33,6401.949999999997,17,2233.4500000000007,swap,improve
2188,33,6154.349999999998,17,2233.4500000000007,move,improve
2189,33,6154.349999999998,17,2233.4500000000007,2opt,notBad
2190,33,6154.349999999998,17,2233.4500000000007,2opt,notBad
2191,33,6046.949999999998,17,2233.4500000000007,swap,improve
2192,33,6129.799999999999,17,2233.4500000000007,swap,acceptBad
2193,33,6336.650000000001,17,2233.4500000000007,swap,acceptBad
2194,33,6336.650000000001,17,2233.4500000000007,2opt,notBad
2195,33,6323.05,17,2233.4500000000007,swap,improve
2196,33,6275.05,17,2233.4500000000007,move,improve
2197,33,6057.999999999998,17,2233.4500000000007,move,improve
2198,33,6057.999999999998,17,2233.4500000000007,2opt,notBad
2199,33,6057.999999999998,17,2233.4500000000007,2opt,notBad
2200,33,5810.65,17,2233.4500000000007,move,improve
2201,33,5810.65,17,2233.4500000000007,move,improve
2202,33,5596.55,17,2233.4500000000007,move,improve
2203,33,5596.55,17,2233.4500000000007,2opt,notBad
2204,33,5596.55,17,2233.4500000000007,swap,notBad
2205,33,5609.6,17,2233.4500000000007,swap,acceptBad
2206,33,5419.2,17,2233.4500000000007,move,improve
2207,33,5419.2,17,2233.4500000000007,move,improve
2208,33,5419.2,17,2233.4500000000007,move,improve
2209,33,5419.2,17,2233.4500000000007,2opt,notBad
2210,33,5503.35,17,2233.4500000000007,swap,acceptBad
2211,33,5503.35,17,2233.4500000000007,swap,notBad
2212,33,5503.35,17,2233.4500000000007,swap,notBad
2213,33,5519.850000000001,17,2233.4500000000007,swap,acceptBad
2214,33,5519.850000000001,17,2233.4500000000007,swap,notBad
2215,33,5519.850000000001,17,2233.4500000000007,2opt,notBad
2216,33,5519.850000000001,17,2233.4500000000007,2opt,notBad
2217,33,5519.850000000001,17,2233.4500000000007,2opt,notBad
2218,33,5519.850000000001,17,2233.4500000000007,move,improve
2219,33,5519.850000000001,17,2233.4500000000007,2opt,notBad
2220,33,5519.850000000001,17,2233.4500000000007,2opt,notBad
2221,33,5519.850000000001,17,2233.4500000000007,move,improve
2222,33,5236.200000000001,17,2233.4500000000007,move,improve
2223,33,5236.200000000001,17,2233.4500000000007,2opt,notBad
2224,33,5236.200000000001,17,2233.4500000000007,2opt,notBad
2225,33,5236.200000000001,17,2233.4500000000007,2opt,notBad
2226,33,5236.200000000001,17,2233.4500000000007,2opt,notBad
2227,33,5236.200000000001,17,2233.4500000000007,2opt,notBad
2228,33,5421.950000000001,17,2233.4500000000007,swap,acceptBad
2229,33,5421.950000000001,17,2233.4500000000007,move,improve
2230,33,5421.950000000001,17,2233.4500000000007,move,improve
2231,33,5421.950000000001,17,2233.4500000000007,move,improve
2232,33,5421.950000000001,17,2233.4500000000007,swap,notBad
2233,33,5375.800000000001,17,2233.4500000000007,move,improve
2234,33,5366.350000000001,17,2233.4500000000007,swap,improve
2235,33,5366.350000000001,17,2233.4500000000007,swap,notBad
2236,33,5318.1500000000015,17,2233.4500000000007,swap,improve
2237,33,5289.000000000002,17,2233.4500000000007,swap,improve
2238,33,5208.050000000002,17,2233.4500000000007,swap,improve
2239,33,5208.050000000002,17,2233.4500000000007,move,improve
2240,33,5208.050000000002,17,2233.4500000000007,2opt,notBad
2241,33,5208.050000000002,17,2233.4500000000007,2opt,notBad
2242,33,5208.050000000002,17,2233.4500000000007,move,improve
2243,33,5208.050000000002,17,2233.4500000000007,2opt,notBad
2244,33,5108.85,17,2233.4500000000007,swap,improve
2245,33,5108.85,17,2233.4500000000007,swap,notBad
2246,33,5108.85,17,2233.4500000000007,move,improve
2247,33,5108.85,17,2233.4500000000007,2opt,notBad
2248,33,5064.3,17,2233.4500000000007,swap,improve
2249,33,5294.449999999999,17,2233.4500000000007,swap,acceptBad
2250,33,5294.449999999999,17,2233.4500000000007,swap,notBad
2251,33,5294.449999999999,17,2233.4500000000007,2opt,notBad
2252,33,4819.949999999999,17,2233.4500000000007,move,improve
2253,33,4690.899999999999,17,2233.4500000000007,swap,improve
2254,33,4692.149999999998,17,2233.4500000000007,2opt,acceptBad
2255,33,4692.149999999998,17,2233.4500000000007,swap,notBad
2256,33,4692.149999999998,17,2233.4500000000007,move,improve
2257,33,4476.599999999998,17,2233.4500000000007,move,improve
2258,33,4476.599999999998,17,2233.4500000000007,swap,notBad
2259,33,4539.549999999999,17,2233.4500000000007,swap,acceptBad
2260,33,4739.95,17,2233.4500000000007,swap,acceptBad
2261,33,4739.95,17,2233.4500000000007,swap,notBad
2262,33,4739.95,17,2233.4500000000007,2opt,notBad
2263,33,4716.399999999999,17,2233.4500000000007,2opt,improve
2264,33,4567.949999999998,17,2233.4500000000007,2opt,improve
2265,33,4567.949999999998,17,2233.4500000000007,swap,notBad
2266,33,4521.849999999997,17,2233.4500000000007,move,improve
2267,33,4521.849999999997,17,2233.4500000000007,2opt,notBad
2268,33,4745.049999999994,17,2233.4500000000007,swap,acceptBad
2269,33,4745.049999999994,17,2233.4500000000007,2opt,notBad
2270,33,4745.049999999994,17,2233.4500000000007,2opt,notBad
2271,33,4745.049999999994,17,2233.4500000000007,move,improve
2272,33,4745.049999999994,17,2233.4500000000007,move,improve
2273,33,4745.049999999994,17,2233.4500000000007,swap,notBad
2274,33,4789.7999999999965,17,2233.4500000000007,swap,acceptBad
2275,33,4595.999999999998,17,2233.4500000000007,move,improve
2276,33,4595.999999999998,17,2233.4500000000007,2opt,notBad
2277,33,4595.999999999998,17,2233.4500000000007,move,improve
2278,33,4595.999999999998,17,2233.4500000000007,swap,notBad
2279,33,4752.200000000001,17,2233.4500000000007,swap,acceptBad
2280,33,4512.45,17,2233.4500000000007,move,improve
2281,33,4421.549999999997,17,2233.4500000000007,2opt,improve
2282,33,4421.549999999997,17,2233.4500000000007,2opt,notBad
2283,33,4421.549999999997,17,2233.4500000000007,move,improve
2284,33,4421.549999999997,17,2233.4500000000007,move,improve
2285,33,4187.15,17,2233.4500000000007,swap,improve
2286,33,4187.15,17,2233.4500000000007,2opt,notBad
2287,33,4187.15,17,2233.4500000000007,2opt,notBad
2288,33,4187.15,17,2233.4500000000007,2opt,notBad
2289,33,4263.749999999999,17,2233.4500000000007,swap,acceptBad
2290,33,4263.749999999999,17,2233.4500000000007,move,improve
2291,33,4535.899999999998,17,2233.4500000000007,swap,acceptBad
2292,33,4535.899999999998,17,2233.4500000000007,swap,notBad
2293,33,4535.899999999998,17,2233.4500000000007,move,improve
2294,33,4453.699999999997,17,2233.4500000000007,2opt,improve
2295,33,4680.249999999997,17,2233.4500000000007,swap,acceptBad
2296,33,4680.249999999997,17,2233.4500000000007,swap,notBad
2297,33,4816.349999999996,17,2233.4500000000007,swap,acceptBad
2298,33,4816.349999999996,17,2233.4500000000007,move,improve
2299,33,4816.349999999996,17,2233.4500000000007,move,improve
2300,33,4816.349999999996,17,2233.4500000000007,swap,notBad
2301,33,4816.349999999996,17,2233.4500000000007,swap,notBad
2302,33,5042.849999999996,17,2233.4500000000007,swap,acceptBad
2303,33,4810.9999999999945,17,2233.4500000000007,move,improve
2304,33,4810.9999999999945,17,2233.4500000000007,swap,notBad
2305,33,4810.9999999999945,17,2233.4500000000007,swap,notBad
2306,33,4810.9999999999945,17,2233.4500000000007,swap,notBad
2307,33,4706.899999999992,17,2233.4500000000007,move,improve
2308,33,4759.549999999993,17,2233.4500000000007,swap,acceptBad
2309,33,4759.549999999993,17,2233.4500000000007,2opt,notBad
2310,33,4759.549999999993,17,2233.4500000000007,move,improve
2311,33,4759.549999999993,17,2233.4500000000007,2opt,notBad
2312,33,4735.899999999993,17,2233.4500000000007,swap,improve
2313,33,4735.899999999993,17,2233.4500000000007,move,improve
2314,33,4643.249999999996,17,2233.4500000000007,2opt,improve
2315,33,4643.249999999996,17,2233.4500000000007,move,improve
2316,33,4768.5499999999965,17,2233.4500000000007,swap,acceptBad
2317,33,4979.199999999999,17,2233.4500000000007,swap,acceptBad
2318,33,4979.199999999999,17,2233.4500000000007,2opt,notBad
2319,33,4979.199999999999,17,2233.4500000000007,2opt,notBad
2320,33,4979.199999999999,17,2233.4500000000007,2opt,notBad
2321,33,4693.599999999998,17,2233.4500000000007,2opt,improve
2322,33,4693.599999999998,17,2233.4500000000007,2opt,notBad
2323,33,4693.599999999998,17,2233.4500000000007,2opt,notBad
2324,33,4622.3499999999985,17,2233.4500000000007,move,improve
2325,33,4622.3499999999985,17,2233.4500000000007,swap,notBad
2326,33,4622.3499999999985,17,2233.4500000000007,swap,notBad
2327,33,4578.749999999998,17,2233.4500000000007,move,improve
2328,33,4613.149999999999,17,2233.4500000000007,swap,acceptBad
2329,33,4537.549999999999,17,2233.4500000000007,2opt,improve
2330,33,4537.549999999999,17,2233.4500000000007,swap,notBad
2331,33,4537.549999999999,17,2233.4500000000007,swap,notBad
2332,33,4537.549999999999,17,2233.4500000000007,2opt,notBad
2333,33,4712.3499999999985,17,2233.4500000000007,swap,acceptBad
2334,33,4712.3499999999985,17,2233.4500000000007,swap,notBad
2335,33,4712.3499999999985,17,2233.4500000000007,swap,notBad
2336,33,4712.3499999999985,17,2233.4500000000007,2opt,notBad
2337,33,4548.149999999998,17,2233.4500000000007,swap,improve
2338,33,4536.599999999998,17,2233.4500000000007,move,improve
2339,33,4536.599999999998,17,2233.4500000000007,swap,notBad
2340,33,4602.549999999999,17,2233.4500000000007,swap,acceptBad
2341,33,4602.549999999999,17,2233.4500000000007,2opt,notBad
2342,33,4602.549999999999,17,2233.4500000000007,swap,notBad
2343,33,4602.549999999999,17,2233.4500000000007,swap,notBad
2344,33,4602.549999999999,17,2233.4500000000007,move,improve
2345,33,4602.549999999999,17,2233.4500000000007,swap,notBad
2346,33,4602.549999999999,17,2233.4500000000007,2opt,notBad
2347,33,4602.549999999999,17,2233.4500000000007,swap,notBad
2348,33,4602.549999999999,17,2233.4500000000007,2opt,notBad
2349,33,4602.549999999999,17,2233.4500000000007,2opt,notBad
2350,33,4545.649999999998,17,2233.4500000000007,swap,improve
2351,33,4545.649999999998,17,2233.4500000000007,move,improve
2352,33,4511.25,17,2233.4500000000007,move,improve
2353,33,4426.849999999998,17,2233.4500000000007,move,improve
2354,33,4426.849999999998,17,2233.4500000000007,2opt,notBad
2355,33,4411.899999999997,17,2233.4500000000007,move,improve
2356,33,4411.899999999997,17,2233.4500000000007,move,improve
2357,33,4411.899999999997,17,2233.4500000000007,move,improve
2358,33,4411.899999999997,17,2233.4500000000007,2opt,notBad
2359,33,4411.899999999997,17,2233.4500000000007,2opt,notBad
2360,33,4244.449999999998,17,2233.4500000000007,move,improve
2361,33,4244.449999999998,17,2233.4500000000007,swap,notBad
2362,33,4244.449999999998,17,2233.4500000000007,swap,notBad
2363,33,4244.449999999998,17,2233.4500000000007,move,improve
2364,33,4244.449999999998,17,2233.4500000000007,2opt,notBad
2365,33,4244.449999999998,17,2233.4500000000007,2opt,notBad
2366,33,4279.499999999998,17,2233.4500000000007,swap,acceptBad
2367,33,4279.499999999998,17,2233.4500000000007,2opt,notBad
2368,33,4279.499999999998,17,2233.4500000000007,move,improve
2369,33,4279.499999999998,17,2233.4500000000007,2opt,notBad
2370,33,4279.499999999998,17,2233.4500000000007,2opt,notBad
2371,33,4279.499999999998,17,2233.4500000000007,swap,notBad
2372,33,4279.499999999998,17,2233.4500000000007,swap,notBad
2373,33,4279.499999999998,17,2233.4500000000007,2opt,notBad
2374,33,4279.499999999998,17,2233.4500000000007,2opt,notBad
2375,33,4279.499999999998,17,2233.4500000000007,2opt,improve
2376,33,4279.499999999998,17,2233.4500000000007,swap,notBad
2377,33,4002.45,17,2233.4500000000007,move,improve
2378,33,4002.45,17,2233.4500000000007,move,improve
2379,33,4002.45,17,2233.4500000000007,2opt,notBad
2380,33,4002.45,17,2233.4500000000007,2opt,notBad
2381,33,4002.45,17,2233.4500000000007,2opt,notBad
2382,33,4002.45,17,2233.4500000000007,move,improve
2383,33,4002.45,17,2233.4500000000007,2opt,notBad
2384,33,4002.45,17,2233.4500000000007,move,improve
2385,33,4002.45,17,2233.4500000000007,move,improve
2386,33,4002.45,17,2233.4500000000007,2opt,notBad
2387,33,4002.45,17,2233.4500000000007,swap,notBad
2388,33,4002.45,17,2233.4500000000007,move,improve
2389,33,4002.45,17,2233.4500000000007,swap,notBad
2390,33,4002.45,17,2233.4500000000007,2opt,notBad
2391,33,4002.45,17,2233.4500000000007,2opt,notBad
2392,33,4002.45,17,2233.4500000000007,move,improve
2393,33,4255.85,17,2233.4500000000007,swap,acceptBad
2394,33,4255.85,17,2233.4500000000007,move,improve
2395,33,4168.400000000001,17,2233.4500000000007,move,improve
2396,33,4168.400000000001,17,2233.4500000000007,move,improve
2397,33,4180.1,17,2233.4500000000007,swap,acceptBad
2398,33,4180.1,17,2233.4500000000007,2opt,notBad
2399,33,4180.1,17,2233.4500000000007,2opt,notBad
2400,33,4180.1,17,2233.4500000000007,move,improve
2401,33,4235.450000000001,17,2233.4500000000007,swap,acceptBad
2402,33,4207.000000000001,17,2233.4500000000007,move,improve
2403,33,4164.6500000000015,17,2233.4500000000007,swap,improve
2404,33,4164.6500000000015,17,2233.4500000000007,move,improve
2405,33,4164.6500000000015,17,2233.4500000000007,2opt,improve
2406,33,4164.6500000000015,17,2233.4500000000007,move,improve
2407,33,4164.6500000000015,17,2233.4500000000007,swap,notBad
2408,33,4164.6500000000015,17,2233.4500000000007,swap,notBad
2409,33,4164.6500000000015,17,2233.4500000000007,2opt,notBad
2410,33,4164.6500000000015,17,2233.4500000000007,swap,notBad
2411,33,4152.400000000002,17,2233.4500000000007,move,improve
2412,33,4152.400000000002,17,2233.4500000000007,2opt,notBad
2413,33,4152.400000000002,17,2233.4500000000007,move,improve
2414,33,4152.400000000002,17,2233.4500000000007,move,improve
2415,33,4152.400000000002,17,2233.4500000000007,2opt,notBad
2416,33,4152.400000000002,17,2233.4500000000007,swap,notBad
2417,33,4152.400000000002,17,2233.4500000000007,2opt,improve
2418,33,4152.400000000002,17,2233.4500000000007,2opt,notBad
2419,33,4219.750000000001,17,2233.4500000000007,swap,acceptBad
2420,33,4191.850000000001,17,2233.4500000000007,move,improve
2421,33,4191.850000000001,17,2233.4500000000007,move,improve
2422,33,4189.000000000001,17,2233.4500000000007,swap,improve
2423,33,4189.000000000001,17,2233.4500000000007,swap,notBad
2424,33,4189.000000000001,17,2233.4500000000007,2opt,notBad
2425,33,4189.000000000001,17,2233.4500000000007,swap,notBad
2426,33,3985.3500000000017,17,2233.4500000000007,swap,improve
2427,33,3985.3500000000017,17,2233.4500000000007,2opt,notBad
2428,33,3985.3500000000017,17,2233.4500000000007,move,improve
2429,33,3985.3500000000017,17,2233.4500000000007,swap,notBad
2430,33,3985.3500000000017,17,2233.4500000000007,move,improve
2431,33,3985.3500000000017,17,2233.4500000000007,move,improve
2432,33,3985.3500000000017,17,2233.4500000000007,move,improve
2433,33,3985.3500000000017,17,2233.4500000000007,2opt,notBad
2434,33,3985.3500000000017,17,2233.4500000000007,move,improve
2435,33,3985.3500000000017,17,2233.4500000000007,move,improve
2436,33,3985.3500000000017,17,2233.4500000000007,swap,notBad
2437,33,3985.3500000000017,17,2233.4500000000007,move,improve
2438,33,3985.3500000000017,17,2233.4500000000007,2opt,notBad
2439,33,3985.3500000000017,17,2233.4500000000007,move,improve
2440,33,3934.4500000000016,17,2233.4500000000007,move,improve
2441,33,3934.4500000000016,17,2233.4500000000007,move,improve
2442,33,3934.4500000000016,17,2233.4500000000007,move,improve
2443,33,3934.4500000000016,17,2233.4500000000007,2opt,notBad
2444,33,3884.1000000000017,17,2233.4500000000007,move,improve
2445,33,4002.600000000002,17,2233.4500000000007,swap,acceptBad
2446,33,4002.600000000002,17,2233.4500000000007,move,improve
2447,33,4002.600000000002,17,2233.4500000000007,move,improve
2448,33,4002.600000000002,17,2233.4500000000007,2opt,notBad
2449,33,4002.600000000002,17,2233.4500000000007,swap,notBad
2450,33,3918.100000000002,17,2233.4500000000007,move,improve
2451,33,3944.9500000000016,17,2233.4500000000007,2opt,acceptBad
2452,33,3944.9500000000016,17,2233.4500000000007,2opt,notBad
2453,33,3944.9500000000016,17,2233.4500000000007,swap,notBad
2454,33,3944.9500000000016,17,2233.4500000000007,swap,notBad
2455,33,3944.9500000000016,17,2233.4500000000007,2opt,notBad
2456,33,3944.9500000000016,17,2233.4500000000007,2opt,notBad
2457,33,3944.9500000000016,17,2233.4500000000007,2opt,improve
2458,33,3944.9500000000016,17,2233.4500000000007,2opt,notBad
2459,33,3944.9500000000016,17,2233.4500000000007,move,improve
2460,33,4008.7000000000007,17,2233.4500000000007,swap,acceptBad
2461,33,4008.7000000000007,17,2233.4500000000007,swap,notBad
2462,33,4008.7000000000007,17,2233.4500000000007,2opt,notBad
2463,33,4056.1000000000013,17,2233.4500000000007,swap,acceptBad
2464,33,3961.050000000001,17,2233.4500000000007,swap,improve
2465,33,3945.550000000001,17,2233.4500000000007,swap,improve
2466,33,3945.550000000001,17,2233.4500000000007,2opt,notBad
2467,33,3945.550000000001,17,2233.4500000000007,move,improve
2468,33,3945.550000000001,17,2233.4500000000007,swap,notBad
2469,33,3945.550000000001,17,2233.4500000000007,2opt,notBad
2470,33,3945.550000000001,17,2233.4500000000007,2opt,notBad
2471,33,3999.3999999999996,17,2233.4500000000007,2opt,acceptBad
2472,33,3999.3999999999996,17,2233.4500000000007,2opt,notBad
2473,33,3956.3999999999987,17,2233.4500000000007,move,improve
2474,33,3956.3999999999987,17,2233.4500000000007,2opt,notBad
2475,33,3956.3999999999987,17,2233.4500000000007,2opt,notBad
2476,33,3956.3999999999987,17,2233.4500000000007,2opt,notBad
2477,33,4055.9500000000007,17,2233.4500000000007,swap,acceptBad
2478,33,4095.0,17,2233.4500000000007,swap,acceptBad
2479,33,3982.7999999999993,17,2233.4500000000007,move,improve
2480,33,3982.7999999999993,17,2233.4500000000007,2opt,notBad
2481,33,3982.7999999999993,17,2233.4500000000007,2opt,notBad
2482,33,3982.7999999999993,17,2233.4500000000007,2opt,notBad
2483,33,3822.999999999999,17,2233.4500000000007,move,improve
2484,33,3822.999999999999,17,2233.4500000000007,2opt,notBad
2485,33,3822.999999999999,17,2233.4500000000007,move,improve
2486,33,3822.999999999999,17,2233.4500000000007,move,improve
2487,33,3838.749999999999,17,2233.4500000000007,swap,acceptBad
2488,33,3838.749999999999,17,2233.4500000000007,swap,notBad
2489,33,3838.749999999999,17,2233.4500000000007,move,improve
2490,33,3838.749999999999,17,2233.4500000000007,2opt,notBad
2491,33,3838.749999999999,17,2233.4500000000007,2opt,notBad
2492,33,3838.749999999999,17,2233.4500000000007,move,improve
2493,33,3838.749999999999,17,2233.4500000000007,2opt,notBad
2494,33,3838.749999999999,17,2233.4500000000007,swap,notBad
2495,33,3838.749999999999,17,2233.4500000000007,2opt,notBad
2496,33,3838.749999999999,17,2233.4500000000007,swap,notBad
2497,33,3838.749999999999,17,2233.4500000000007,move,improve
2498,33,3838.749999999999,17,2233.4500000000007,swap,notBad
2499,33,3838.749999999999,17,2233.4500000000007,2opt,notBad
2500,33,3838.749999999999,17,2233.4500000000007,swap,notBad
2501,33,3838.749999999999,17,2233.4500000000007,swap,notBad
2502,33,3838.749999999999,17,2233.4500000000007,move,improve
2503,33,3838.749999999999,17,2233.4500000000007,swap,notBad
2504,33,3838.749999999999,17,2233.4500000000007,swap,notBad
2505,33,3838.749999999999,17,2233.4500000000007,swap,notBad
2506,33,3838.749999999999,17,2233.4500000000007,swap,notBad
2507,33,3838.749999999999,17,2233.4500000000007,move,improve
2508,33,3838.749999999999,17,2233.4500000000007,move,improve
2509,33,3838.749999999999,17,2233.4500000000007,2opt,notBad
2510,33,3838.749999999999,17,2233.4500000000007,move,improve
2511,33,3838.749999999999,17,2233.4500000000007,2opt,notBad
2512,33,3838.749999999999,17,2233.4500000000007,swap,notBad
2513,33,3838.749999999999,17,2233.4500000000007,swap,notBad
2514,33,3838.749999999999,17,2233.4500000000007,2opt,notBad
2515,33,3838.749999999999,17,2233.4500000000007,move,improve
2516,33,3838.749999999999,17,2233.4500000000007,swap,notBad
2517,33,4048.3499999999995,17,2233.4500000000007,swap,acceptBad
2518,33,4088.7,17,2233.4500000000007,swap,acceptBad
2519,33,4189.849999999999,17,2233.4500000000007,swap,acceptBad
2520,33,4189.849999999999,17,2233.4500000000007,swap,notBad
2521,33,4189.849999999999,17,2233.4500000000007,move,improve
2522,33,4189.849999999999,17,2233.4500000000007,2opt,notBad
2523,33,4189.849999999999,17,2233.4500000000007,move,improve
2524,33,4189.849999999999,17,2233.4500000000007,swap,notBad
2525,33,4189.849999999999,17,2233.4500000000007,2opt,notBad
2526,33,4189.849999999999,17,2233.4500000000007,move,improve
2527,33,4189.849999999999,17,2233.4500000000007,2opt,notBad
2528,33,4189.849999999999,17,2233.4500000000007,move,improve
2529,33,4189.849999999999,17,2233.4500000000007,swap,notBad
2530,33,4189.849999999999,17,2233.4500000000007,2opt,notBad
2531,33,4189.849999999999,17,2233.4500000000007,2opt,notBad
2532,33,4189.849999999999,17,2233.4500000000007,2opt,notBad
2533,33,4189.849999999999,17,2233.4500000000007,swap,notBad
2534,33,4189.849999999999,17,2233.4500000000007,swap,notBad
2535,33,4189.849999999999,17,2233.4500000000007,2opt,notBad
2536,33,4189.849999999999,17,2233.4500000000007,2opt,improve
2537,33,4189.849999999999,17,2233.4500000000007,2opt,notBad
2538,33,4189.849999999999,17,2233.4500000000007,swap,notBad
2539,33,4189.849999999999,17,2233.4500000000007,2opt,notBad
2540,33,4189.849999999999,17,2233.4500000000007,swap,notBad
2541,33,4189.849999999999,17,2233.4500000000007,2opt,notBad
2542,33,4189.849999999999,17,2233.4500000000007,swap,notBad
2543,33,4237.899999999998,17,2233.4500000000007,swap,acceptBad
2544,33,4224.599999999999,17,2233.4500000000007,2opt,improve
2545,33,4224.599999999999,17,2233.4500000000007,2opt,notBad
2546,33,4250.699999999999,17,2233.4500000000007,move,acceptBad
2547,33,4250.699999999999,17,2233.4500000000007,swap,notBad
2548,33,4250.699999999999,17,2233.4500000000007,2opt,notBad
2549,33,3985.500000000001,17,2233.4500000000007,move,improve
2550,33,3985.500000000001,17,2233.4500000000007,move,improve
2551,33,3985.500000000001,17,2233.4500000000007,2opt,notBad
2552,33,3986.1500000000005,17,2233.4500000000007,swap,acceptBad
2553,33,3986.1500000000005,17,2233.4500000000007,swap,notBad
2554,33,3986.1500000000005,17,2233.4500000000007,move,improve
2555,33,3986.149999999999,17,2233.4500000000007,swap,improve
2556,33,3986.149999999999,17,2233.4500000000007,2opt,notBad
2557,33,3986.149999999999,17,2233.4500000000007,swap,notBad
2558,33,3986.149999999999,17,2233.4500000000007,swap,notBad
2559,33,3986.149999999999,17,2233.4500000000007,2opt,notBad
2560,33,3986.149999999999,17,2233.4500000000007,move,improve
2561,33,3986.149999999999,17,2233.4500000000007,move,improve
2562,33,3986.149999999999,17,2233.4500000000007,2opt,notBad
2563,33,3986.149999999999,17,2233.4500000000007,2opt,notBad
2564,33,3986.149999999999,17,2233.4500000000007,swap,notBad
2565,33,3935.0499999999993,17,2233.4500000000007,move,improve
2566,33,3908.3499999999995,17,2233.4500000000007,swap,improve
2567,33,3908.3499999999995,17,2233.4500000000007,2opt,improve
2568,33,3908.3499999999995,17,2233.4500000000007,swap,notBad
2569,33,3908.3499999999995,17,2233.4500000000007,move,improve
2570,33,3908.3499999999995,17,2233.4500000000007,move,improve
2571,33,3908.3499999999995,17,2233.4500000000007,2opt,notBad
2572,33,3908.3499999999995,17,2233.4500000000007,move,improve
2573,33,3908.3499999999995,17,2233.4500000000007,2opt,notBad
2574,33,3908.3499999999995,17,2233.4500000000007,move,improve
2575,33,3908.3499999999995,17,2233.4500000000007,swap,notBad
2576,33,3908.3499999999995,17,2233.4500000000007,2opt,notBad
2577,33,3908.3499999999995,17,2233.4500000000007,swap,notBad
2578,33,3908.3499999999995,17,2233.4500000000007,move,improve
2579,33,3908.3499999999995,17,2233.4500000000007,move,improve
2580,33,3908.3499999999995,17,2233.4500000000007,swap,notBad
2581,33,3908.3499999999995,17,2233.4500000000007,move,improve
2582,33,3908.3499999999995,17,2233.4500000000007,move,improve
2583,33,3908.3499999999995,17,2233.4500000000007,swap,notBad
2584,33,3923.499999999999,17,2233.4500000000007,swap,acceptBad
2585,33,3923.499999999999,17,2233.4500000000007,move,improve
2586,33,3923.499999999999,17,2233.4500000000007,swap,notBad
2587,33,4035.3,17,2233.4500000000007,swap,acceptBad
2588,33,4035.3,17,2233.4500000000007,swap,notBad
2589,33,4035.3,17,2233.4500000000007,move,improve
2590,33,4031.1499999999996,17,2233.4500000000007,move,improve
2591,33,4031.1499999999996,17,2233.4500000000007,swap,notBad
2592,33,4031.1499999999996,17,2233.4500000000007,2opt,notBad
2593,33,4031.1499999999996,17,2233.4500000000007,swap,notBad
2594,33,4031.1499999999996,17,2233.4500000000007,2opt,notBad
2595,33,4031.1499999999996,17,2233.4500000000007,swap,notBad
2596,33,4031.1499999999996,17,2233.4500000000007,move,improve
2597,33,4031.1499999999996,17,2233.4500000000007,swap,notBad
2598,33,4031.1499999999996,17,2233.4500000000007,move,improve
2599,33,4116.199999999999,17,2233.4500000000007,swap,acceptBad
2600,33,4116.199999999999,17,2233.4500000000007,swap,notBad
2601,33,4116.199999999999,17,2233.4500000000007,swap,notBad
2602,33,4094.449999999998,17,2233.4500000000007,move,improve
2603,33,4094.449999999998,17,2233.4500000000007,move,improve
2604,33,4100.499999999998,17,2233.4500000000007,swap,acceptBad
2605,33,4100.499999999998,17,2233.4500000000007,move,improve
2606,33,4100.499999999998,17,2233.4500000000007,move,improve
2607,33,4100.499999999998,17,2233.4500000000007,move,improve
2608,33,4100.499999999998,17,2233.4500000000007,2opt,notBad
2609,33,4100.499999999998,17,2233.4500000000007,2opt,notBad
2610,33,4100.499999999998,17,2233.4500000000007,swap,notBad
2611,33,4100.499999999998,17,2233.4500000000007,2opt,notBad
2612,33,4100.499999999998,17,2233.4500000000007,2opt,notBad
2613,33,4074.149999999998,17,2233.4500000000007,move,improve
2614,33,4074.149999999998,17,2233.4500000000007,2opt,notBad
2615,33,4034.649999999998,17,2233.4500000000007,move,improve
2616,33,4034.649999999998,17,2233.4500000000007,2opt,notBad
2617,33,4034.649999999998,17,2233.4500000000007,2opt,notBad
2618,33,4061.4499999999975,17,2233.4500000000007,swap,acceptBad
2619,33,4061.4499999999975,17,2233.4500000000007,swap,notBad
2620,33,4060.2499999999977,17,2233.4500000000007,move,improve
2621,33,4060.2499999999977,17,2233.4500000000007,2opt,notBad
2622,33,4060.2499999999977,17,2233.4500000000007,move,improve
2623,33,4033.449999999998,17,2233.4500000000007,swap,improve
2624,33,4033.449999999998,17,2233.4500000000007,swap,notBad
2625,33,3958.949999999998,17,2233.4500000000007,2opt,improve
2626,33,3958.949999999998,17,2233.4500000000007,swap,notBad
2627,33,4062.149999999998,17,2233.4500000000007,swap,acceptBad
2628,33,4062.149999999998,17,2233.4500000000007,swap,notBad
2629,33,3872.0999999999985,17,2233.4500000000007,move,improve
2630,33,3872.0999999999985,17,2233.4500000000007,swap,notBad
2631,33,3872.0999999999985,17,2233.4500000000007,2opt,notBad
2632,33,3814.1999999999994,17,2233.4500000000007,move,improve
2633,33,3814.1999999999994,17,2233.4500000000007,move,improve
2634,33,3814.1999999999994,17,2233.4500000000007,move,improve
2635,33,3814.1999999999994,17,2233.4500000000007,2opt,notBad
2636,33,3814.1999999999994,17,2233.4500000000007,swap,notBad
2637,33,3814.1999999999994,17,2233.4500000000007,swap,notBad
2638,33,3814.1999999999994,17,2233.4500000000007,2opt,notBad
2639,33,3786.449999999999,17,2233.4500000000007,swap,improve
2640,33,3786.449999999999,17,2233.4500000000007,swap,notBad
2641,33,3786.449999999999,17,2233.4500000000007,2opt,notBad
2642,33,3786.449999999999,17,2233.4500000000007,2opt,notBad
2643,33,3786.449999999999,17,2233.4500000000007,2opt,notBad
2644,33,3786.449999999999,17,2233.4500000000007,move,improve
2645,33,3786.449999999999,17,2233.4500000000007,2opt,notBad
2646,33,3786.449999999999,17,2233.4500000000007,2opt,notBad
2647,33,3786.449999999999,17,2233.4500000000007,2opt,notBad
2648,33,3786.449999999999,17,2233.4500000000007,swap,notBad
2649,33,3786.449999999999,17,2233.4500000000007,swap,notBad
2650,33,3790.249999999999,17,2233.4500000000007,swap,acceptBad
2651,33,3790.249999999999,17,2233.4500000000007,move,improve
2652,33,3790.249999999999,17,2233.4500000000007,move,improve
2653,33,3787.0499999999984,17,2233.4500000000007,move,improve
2654,33,3787.0499999999984,17,2233.4500000000007,swap,notBad
2655,33,3757.1499999999987,17,2233.4500000000007,move,improve
2656,33,3757.1499999999987,17,2233.4500000000007,2opt,notBad
2657,33,3757.1499999999987,17,2233.4500000000007,2opt,notBad
2658,33,3757.1499999999987,17,2233.4500000000007,swap,notBad
2659,33,3757.1499999999987,17,2233.4500000000007,2opt,notBad
2660,33,3757.1499999999987,17,2233.4500000000007,swap,notBad
2661,33,3753.0999999999985,17,2233.4500000000007,move,improve
2662,33,3753.0999999999985,17,2233.4500000000007,2opt,notBad
2663,33,3753.0999999999985,17,2233.4500000000007,2opt,notBad
2664,33,3753.0999999999985,17,2233.4500000000007,2opt,notBad
2665,33,3753.0999999999985,17,2233.4500000000007,2opt,notBad
2666,33,3753.0999999999985,17,2233.4500000000007,2opt,notBad
2667,33,3753.0999999999985,17,2233.4500000000007,move,improve
2668,33,3753.0999999999985,17,2233.4500000000007,swap,notBad
2669,33,3753.0999999999985,17,2233.4500000000007,2opt,notBad
2670,33,3800.1499999999987,17,2233.4500000000007,swap,acceptBad
2671,33,3800.1499999999987,17,2233.4500000000007,swap,notBad
2672,33,3876.149999999999,17,2233.4500000000007,swap,acceptBad
2673,33,3753.599999999999,17,2233.4500000000007,move,improve
2674,33,3753.599999999999,17,2233.4500000000007,2opt,notBad
2675,33,3753.599999999999,17,2233.4500000000007,2opt,notBad
2676,33,3753.599999999999,17,2233.4500000000007,2opt,notBad
2677,33,3753.599999999999,17,2233.4500000000007,move,improve
2678,33,3753.599999999999,17,2233.4500000000007,move,improve
2679,33,3753.599999999999,17,2233.4500000000007,2opt,notBad
2680,32,3635.6499999999996,17,2233.4500000000007,move,improve
2681,32,3654.8500000000004,17,2233.4500000000007,swap,acceptBad
2682,32,3654.8500000000004,17,2233.4500000000007,swap,notBad
2683,32,3654.8500000000004,17,2233.4500000000007,2opt,notBad
2684,32,3654.8500000000004,17,2233.4500000000007,swap,notBad
2685,32,3654.8500000000004,17,2233.4500000000007,move,improve
2686,32,3654.8500000000004,17,2233.4500000000007,2opt,notBad
2687,32,3648.2499999999986,17,2233.4500000000007,2opt,improve
2688,32,3648.2499999999986,17,2233.4500000000007,2opt,notBad
2689,32,3581.2499999999995,17,2233.4500000000007,2opt,improve
2690,32,3581.2499999999995,17,2233.4500000000007,move,improve
2691,32,3581.2499999999995,17,2233.4500000000007,move,improve
2692,32,3581.2499999999995,17,2233.4500000000007,move,improve
2693,32,3581.2499999999995,17,2233.4500000000007,swap,notBad
2694,32,3581.2499999999995,17,2233.4500000000007,swap,notBad
2695,32,3581.2499999999995,17,2233.4500000000007,move,improve
2696,32,3581.2499999999995,17,2233.4500000000007,move,improve
2697,32,3574.25,17,2233.4500000000007,2opt,improve
2698,32,3558.699999999999,17,2233.4500000000007,swap,improve
2699,32,3558.699999999999,17,2233.4500000000007,2opt,notBad
2700,32,3558.699999999999,17,2233.4500000000007,2opt,notBad
2701,32,3558.699999999999,17,2233.4500000000007,2opt,notBad
2702,32,3558.699999999999,17,2233.4500000000007,move,improve
2703,32,3539.999999999998,17,2233.4500000000007,swap,improve
2704,32,3539.999999999998,17,2233.4500000000007,2opt,notBad
2705,32,3539.999999999998,17,2233.4500000000007,2opt,notBad
2706,32,3539.999999999998,17,2233.4500000000007,2opt,notBad
2707,32,3539.999999999998,17,2233.4500000000007,2opt,notBad
2708,32,3539.999999999998,17,2233.4500000000007,2opt,notBad
2709,32,3539.999999999998,17,2233.4500000000007,swap,notBad
2710,32,3535.8499999999985,17,2233.4500000000007,move,improve
2711,32,3535.8499999999985,17,2233.4500000000007,2opt,improve
2712,32,3535.8499999999985,17,2233.4500000000007,move,improve
2713,32,3535.8499999999985,17,2233.4500000000007,2opt,notBad
2714,32,3470.0499999999993,17,2233.4500000000007,swap,improve
2715,32,3470.0499999999993,17,2233.4500000000007,2opt,notBad
2716,32,3470.0499999999993,17,2233.4500000000007,2opt,notBad
2717,32,3470.0499999999993,17,2233.4500000000007,2opt,notBad
2718,32,3470.0499999999993,17,2233.4500000000007,swap,notBad
2719,32,3470.0499999999993,17,2233.4500000000007,2opt,improve
2720,32,3470.0499999999993,17,2233.4500000000007,2opt,notBad
2721,32,3470.0499999999993,17,2233.4500000000007,2opt,notBad
2722,32,3470.0499999999993,17,2233.4500000000007,move,improve
2723,32,3470.0499999999993,17,2233.4500000000007,swap,notBad
2724,32,3470.0499999999993,17,2233.4500000000007,2opt,notBad
2725,32,3470.0499999999993,17,2233.4500000000007,2opt,notBad
2726,32,3470.0499999999993,17,2233.4500000000007,move,improve
2727,32,3470.0499999999993,17,2233.4500000000007,swap,notBad
2728,32,3470.0499999999993,17,2233.4500000000007,swap,notBad
2729,32,3470.0499999999993,17,2233.4500000000007,2opt,notBad
2730,32,3470.0499999999993,17,2233.4500000000007,2opt,notBad
2731,32,3470.0499999999993,17,2233.4500000000007,move,improve
2732,32,3507.0499999999984,17,2233.4500000000007,2opt,acceptBad
2733,32,3507.0499999999984,17,2233.4500000000007,swap,notBad
2734,32,3507.0499999999984,17,2233.4500000000007,move,improve
2735,32,3507.0499999999984,17,2233.4500000000007,move,improve
2736,32,3507.0499999999984,17,2233.4500000000007,2opt,notBad
2737,32,3466.199999999999,17,2233.4500000000007,move,improve
2738,32,3466.199999999999,17,2233.4500000000007,2opt,notBad
2739,32,3466.199999999999,17,2233.4500000000007,move,improve
2740,32,3466.199999999999,17,2233.4500000000007,2opt,notBad
2741,32,3466.199999999999,17,2233.4500000000007,swap,notBad
2742,32,3550.0999999999985,17,2233.4500000000007,swap,acceptBad
2743,32,3550.0999999999985,17,2233.4500000000007,2opt,notBad
2744,32,3550.0999999999985,17,2233.4500000000007,swap,notBad
2745,32,3550.0999999999985,17,2233.4500000000007,2opt,notBad
2746,32,3550.0999999999985,17,2233.4500000000007,2opt,notBad
2747,32,3550.0999999999985,17,2233.4500000000007,move,improve
2748,32,3550.0999999999985,17,2233.4500000000007,swap,notBad
2749,32,3550.0999999999985,17,2233.4500000000007,swap,notBad
2750,32,3550.0999999999985,17,2233.4500000000007,swap,notBad
2751,32,3550.0999999999985,17,2233.4500000000007,move,improve
2752,32,3550.0999999999985,17,2233.4500000000007,swap,notBad
2753,32,3550.0999999999985,17,2233.4500000000007,move,improve
2754,32,3550.0999999999985,17,2233.4500000000007,move,improve
2755,32,3550.0999999999985,17,2233.4500000000007,move,improve
2756,32,3550.0999999999985,17,2233.4500000000007,2opt,notBad
2757,32,3629.1999999999985,17,2233.4500000000007,swap,acceptBad
2758,32,3629.1999999999985,17,2233.4500000000007,move,improve
2759,32,3629.1999999999985,17,2233.4500000000007,move,improve
2760,32,3612.3999999999987,17,2233.4500000000007,swap,improve
2761,32,3602.9999999999986,17,2233.4500000000007,move,improve
2762,32,3602.9999999999986,17,2233.4500000000007,2opt,notBad
2763,32,3602.9999999999986,17,2233.4500000000007,2opt,notBad
2764,32,3595.999999999998,17,2233.4500000000007,swap,improve
2765,32,3595.999999999998,17,2233.4500000000007,2opt,notBad
2766,32,3595.999999999998,17,2233.4500000000007,move,improve
2767,32,3365.699999999999,17,2233.4500000000007,move,improve
2768,32,3365.699999999999,17,2233.4500000000007,move,improve
2769,32,3329.2999999999997,17,2233.4500000000007,2opt,improve
2770,32,3329.2999999999997,17,2233.4500000000007,2opt,notBad
2771,32,3329.2999999999997,17,2233.4500000000007,2opt,notBad
2772,32,3329.2999999999997,17,2233.4500000000007,swap,notBad
2773,32,3329.2999999999997,17,2233.4500000000007,swap,notBad
2774,32,3329.2999999999997,17,2233.4500000000007,move,improve
2775,32,3308.6000000000004,17,2233.4500000000007,swap,improve
2776,32,3308.6000000000004,17,2233.4500000000007,2opt,notBad
2777,32,3384.7999999999993,17,2233.4500000000007,swap,acceptBad
2778,32,3384.7999999999993,17,2233.4500000000007,move,improve
2779,32,3384.7999999999993,17,2233.4500000000007,move,improve
2780,32,3384.7999999999993,17,2233.4500000000007,2opt,notBad
2781,32,3384.7999999999993,17,2233.4500000000007,2opt,notBad
2782,32,3384.7999999999993,17,2233.4500000000007,2opt,notBad
2783,32,3384.7999999999993,17,2233.4500000000007,2opt,notBad
2784,32,3384.7999999999993,17,2233.4500000000007,swap,notBad
2785,32,3384.7999999999993,17,2233.4500000000007,swap,notBad
2786,32,3384.7999999999993,17,2233.4500000000007,2opt,notBad
2787,32,3384.7999999999993,17,2233.4500000000007,2opt,notBad
2788,32,3384.7999999999993,17,2233.4500000000007,2opt,notBad
2789,32,3384.7999999999993,17,2233.4500000000007,2opt,notBad
2790,32,3310.5,17,2233.4500000000007,move,improve
2791,32,3310.5,17,2233.4500000000007,2opt,notBad
2792,32,3310.5,17,2233.4500000000007,swap,notBad
2793,32,3310.5,17,2233.4500000000007,2opt,notBad
2794,32,3310.5,17,2233.4500000000007,move,improve
2795,32,3310.5,17,2233.4500000000007,2opt,notBad
2796,32,3310.5,17,2233.4500000000007,2opt,notBad
2797,32,3310.5,17,2233.4500000000007,swap,notBad
2798,32,3310.5,17,2233.4500000000007,move,improve
2799,32,3438.0999999999985,17,2233.4500000000007,swap,acceptBad
2800,32,3438.0999999999985,17,2233.4500000000007,swap,notBad
2801,32,3438.0999999999985,17,2233.4500000000007,move,improve
2802,32,3438.0999999999985,17,2233.4500000000007,move,improve
2803,32,3438.0999999999985,17,2233.4500000000007,move,improve
2804,32,3438.0999999999985,17,2233.4500000000007,2opt,notBad
2805,32,3438.0999999999985,17,2233.4500000000007,swap,notBad
2806,32,3438.0999999999985,17,2233.4500000000007,move,improve
2807,32,3438.0999999999985,17,2233.4500000000007,2opt,notBad
2808,32,3467.8999999999987,17,2233.4500000000007,swap,acceptBad
2809,32,3482.3999999999996,17,2233.4500000000007,2opt,acceptBad
2810,32,3482.3999999999996,17,2233.4500000000007,2opt,notBad
2811,32,3482.3999999999996,17,2233.4500000000007,swap,notBad
2812,32,3482.3999999999996,17,2233.4500000000007,swap,notBad
2813,32,3482.3999999999996,17,2233.4500000000007,move,improve
2814,32,3482.3999999999996,17,2233.4500000000007,swap,notBad
2815,32,3482.3999999999996,17,2233.4500000000007,swap,notBad
2816,32,3482.3999999999996,17,2233.4500000000007,swap,notBad
2817,32,3482.3999999999996,17,2233.4500000000007,swap,notBad
2818,32,3482.3999999999996,17,2233.4500000000007,move,improve
2819,32,3482.3999999999996,17,2233.4500000000007,move,improve
2820,32,3482.3999999999996,17,2233.4500000000007,swap,notBad
2821,32,3482.3999999999996,17,2233.4500000000007,move,improve
2822,32,3482.3999999999996,17,2233.4500000000007,2opt,notBad
2823,32,3482.3999999999996,17,2233.4500000000007,2opt,notBad
2824,32,3482.3999999999996,17,2233.4500000000007,move,improve
2825,32,3482.3999999999996,17,2233.4500000000007,2opt,notBad
2826,32,3482.3999999999996,17,2233.4500000000007,2opt,notBad
2827,32,3482.3999999999996,17,2233.4500000000007,2opt,notBad
2828,32,3478.8999999999996,17,2233.4500000000007,swap,improve
2829,32,3478.8999999999996,17,2233.4500000000007,2opt,notBad
2830,32,3478.8999999999996,17,2233.4500000000007,2opt,improve
2831,32,3478.8999999999996,17,2233.4500000000007,2opt,notBad
2832,32,3478.8999999999996,17,2233.4500000000007,swap,notBad
2833,32,3478.8999999999996,17,2233.4500000000007,2opt,notBad
2834,32,3469.05,17,2233.4500000000007,move,improve
2835,32,3469.05,17,2233.4500000000007,2opt,improve
2836,32,3469.05,17,2233.4500000000007,swap,notBad
2837,32,3469.05,17,2233.4500000000007,move,improve
2838,32,3469.05,17,2233.4500000000007,2opt,notBad
2839,32,3469.05,17,2233.4500000000007,2opt,notBad
2840,32,3469.05,17,2233.4500000000007,move,improve
2841,32,3469.05,17,2233.4500000000007,swap,notBad
2842,32,3469.05,17,2233.4500000000007,2opt,improve
2843,32,3477.999999999998,17,2233.4500000000007,2opt,acceptBad
2844,32,3477.999999999998,17,2233.4500000000007,2opt,notBad
2845,32,3470.1499999999987,17,2233.4500000000007,move,improve
2846,32,3470.1499999999987,17,2233.4500000000007,2opt,notBad
2847,32,3468.2499999999986,17,2233.4500000000007,swap,improve
2848,32,3468.2499999999986,17,2233.4500000000007,swap,notBad
2849,32,3468.2499999999986,17,2233.4500000000007,swap,notBad
2850,32,3468.2499999999986,17,2233.4500000000007,move,improve
2851,32,3451.0499999999993,17,2233.4500000000007,swap,improve
2852,32,3451.0499999999993,17,2233.4500000000007,move,improve
2853,32,3451.0499999999993,17,2233.4500000000007,2opt,notBad
2854,32,3451.0499999999993,17,2233.4500000000007,2opt,notBad
2855,32,3451.0499999999993,17,2233.4500000000007,2opt,notBad
2856,32,3451.0499999999993,17,2233.4500000000007,move,improve
2857,32,3451.0499999999993,17,2233.4500000000007,move,improve
2858,32,3451.0499999999993,17,2233.4500000000007,swap,notBad
2859,32,3451.0499999999993,17,2233.4500000000007,swap,notBad
2860,32,3427.4,17,2233.4500000000007,2opt,improve
2861,32,3427.4,17,2233.4500000000007,swap,notBad
2862,32,3427.4,17,2233.4500000000007,move,improve
2863,32,3427.4,17,2233.4500000000007,swap,notBad
2864,32,3420.4000000000005,17,2233.4500000000007,swap,improve
2865,32,3420.4000000000005,17,2233.4500000000007,2opt,notBad
2866,32,3420.4000000000005,17,2233.4500000000007,move,improve
2867,32,3374.2499999999995,17,2233.4500000000007,move,improve
2868,32,3379.3499999999995,17,2233.4500000000007,swap,acceptBad
2869,32,3379.3499999999995,17,2233.4500000000007,swap,notBad
2870,32,3379.3499999999995,17,2233.4500000000007,move,improve
2871,32,3379.3499999999995,17,2233.4500000000007,swap,notBad
2872,32,3379.3499999999995,17,2233.4500000000007,move,improve
2873,32,3379.3499999999995,17,2233.4500000000007,swap,notBad
2874,32,3379.3499999999995,17,2233.4500000000007,2opt,notBad
2875,32,3379.3499999999995,17,2233.4500000000007,2opt,notBad
2876,32,3310.4,17,2233.4500000000007,move,improve
2877,32,3310.4,17,2233.4500000000007,swap,notBad
2878,32,3310.4,17,2233.4500000000007,2opt,notBad
2879,32,3310.4,17,2233.4500000000007,swap,notBad
2880,32,3310.4,17,2233.4500000000007,2opt,notBad
2881,32,3310.4,17,2233.4500000000007,2opt,notBad
2882,32,3310.4,17,2233.4500000000007,move,improve
2883,32,3375.2000000000007,17,2233.4500000000007,swap,acceptBad
2884,32,3375.2000000000007,17,2233.4500000000007,swap,notBad
2885,32,3375.2000000000007,17,2233.4500000000007,2opt,notBad
2886,32,3375.2000000000007,17,2233.4500000000007,2opt,notBad
2887,32,3375.2000000000007,17,2233.4500000000007,move,improve
2888,32,3375.2000000000007,17,2233.4500000000007,2opt,notBad
2889,32,3375.2000000000007,17,2233.4500000000007,move,improve
2890,32,3375.2000000000007,17,2233.4500000000007,move,improve
2891,32,3371.850000000001,17,2233.4500000000007,swap,improve
2892,32,3371.850000000001,17,2233.4500000000007,2opt,notBad
2893,32,3371.850000000001,17,2233.4500000000007,move,improve
2894,32,3371.850000000001,17,2233.4500000000007,move,improve
2895,32,3371.850000000001,17,2233.4500000000007,move,improve
2896,32,3371.850000000001,17,2233.4500000000007,2opt,notBad
2897,32,3371.850000000001,17,2233.4500000000007,swap,notBad
2898,32,3371.850000000001,17,2233.4500000000007,move,improve
2899,32,3371.850000000001,17,2233.4500000000007,move,improve
2900,32,3371.850000000001,17,2233.4500000000007,move,improve
2901,32,3371.850000000001,17,2233.4500000000007,2opt,notBad
2902,32,3371.850000000001,17,2233.4500000000007,swap,notBad
2903,32,3353.9000000000005,17,2233.4500000000007,move,improve
2904,32,3353.9000000000005,17,2233.4500000000007,move,improve
2905,32,3353.9000000000005,17,2233.4500000000007,move,improve
2906,32,3353.9000000000005,17,2233.4500000000007,2opt,notBad
2907,32,3363.0,17,2233.4500000000007,2opt,acceptBad
2908,32,3363.0,17,2233.4500000000007,swap,notBad
2909,32,3363.0,17,2233.4500000000007,2opt,notBad
2910,32,3387.3500000000004,17,2233.4500000000007,swap,acceptBad
2911,32,3387.3500000000004,17,2233.4500000000007,move,improve
2912,32,3387.3500000000004,17,2233.4500000000007,move,improve
2913,32,3387.3500000000004,17,2233.4500000000007,2opt,notBad
2914,32,3387.3500000000004,17,2233.4500000000007,2opt,notBad
2915,32,3387.3500000000004,17,2233.4500000000007,move,improve
2916,32,3387.3500000000004,17,2233.4500000000007,2opt,notBad
2917,32,3387.3500000000004,17,2233.4500000000007,swap,notBad
2918,32,3387.3500000000004,17,2233.4500000000007,swap,notBad
2919,32,3387.3500000000004,17,2233.4500000000007,move,improve
2920,32,3387.3500000000004,17,2233.4500000000007,move,improve
2921,32,3387.3500000000004,17,2233.4500000000007,swap,notBad
2922,32,3387.3500000000004,17,2233.4500000000007,2opt,notBad
2923,32,3387.3500000000004,17,2233.4500000000007,move,improve
2924,32,3534.25,17,2233.4500000000007,swap,acceptBad
2925,32,3534.25,17,2233.4500000000007,move,improve
2926,32,3534.25,17,2233.4500000000007,2opt,notBad
2927,32,3534.25,17,2233.4500000000007,2opt,notBad
2928,32,3542.1000000000004,17,2233.4500000000007,2opt,acceptBad
2929,32,3492.7000000000003,17,2233.4500000000007,move,improve
2930,32,3492.7000000000003,17,2233.4500000000007,move,improve
2931,32,3492.7000000000003,17,2233.4500000000007,move,improve
2932,32,3492.7000000000003,17,2233.4500000000007,move,improve
2933,32,3537.3,17,2233.4500000000007,2opt,acceptBad
2934,32,3537.3,17,2233.4500000000007,swap,notBad
2935,32,3537.3,17,2233.4500000000007,move,notBad
2936,32,3537.3,17,2233.4500000000007,move,improve
2937,32,3537.3,17,2233.4500000000007,move,improve
2938,32,3537.3,17,2233.4500000000007,2opt,improve
2939,32,3529.4500000000007,17,2233.4500000000007,move,improve
2940,32,3529.4500000000007,17,2233.4500000000007,move,improve
2941,32,3529.4500000000007,17,2233.4500000000007,swap,notBad
2942,32,3529.4500000000007,17,2233.4500000000007,move,improve
2943,32,3529.4500000000007,17,2233.4500000000007,move,improve
2944,32,3529.4500000000007,17,2233.4500000000007,move,improve
2945,32,3529.4500000000007,17,2233.4500000000007,move,improve
2946,32,3529.4500000000007,17,2233.4500000000007,swap,notBad
2947,32,3529.4500000000007,17,2233.4500000000007,swap,notBad
2948,32,3529.4500000000007,17,2233.4500000000007,move,improve
2949,32,3529.4500000000007,17,2233.4500000000007,move,improve
2950,32,3529.4500000000007,17,2233.4500000000007,move,improve
2951,32,3529.4500000000007,17,2233.4500000000007,2opt,notBad
2952,32,3552.1500000000005,17,2233.4500000000007,swap,acceptBad
2953,32,3552.1500000000005,17,2233.4500000000007,swap,notBad
2954,32,3552.1500000000005,17,2233.4500000000007,2opt,notBad
2955,32,3552.1500000000005,17,2233.4500000000007,swap,notBad
2956,32,3552.1500000000005,17,2233.4500000000007,2opt,notBad
2957,32,3543.800000000001,17,2233.4500000000007,move,improve
2958,32,3543.800000000001,17,2233.4500000000007,move,improve
2959,32,3495.800000000001,17,2233.4500000000007,swap,improve
2960,32,3486.750000000001,17,2233.4500000000007,move,improve
2961,32,3391.8,17,2233.4500000000007,2opt,improve
2962,32,3391.8,17,2233.4500000000007,move,improve
2963,32,3391.8,17,2233.4500000000007,move,improve
2964,32,3391.8,17,2233.4500000000007,2opt,notBad
2965,32,3391.8,17,2233.4500000000007,2opt,notBad
2966,32,3391.8,17,2233.4500000000007,swap,notBad
2967,32,3391.8,17,2233.4500000000007,swap,notBad
2968,32,3391.8,17,2233.4500000000007,move,improve
2969,32,3391.8,17,2233.4500000000007,move,improve
2970,32,3391.8,17,2233.4500000000007,move,improve
2971,32,3391.8,17,2233.4500000000007,swap,notBad
2972,32,3391.8,17,2233.4500000000007,move,improve
2973,32,3432.3,17,2233.4500000000007,2opt,acceptBad
2974,32,3502.0499999999997,17,2233.4500000000007,swap,acceptBad
2975,32,3502.0499999999997,17,2233.4500000000007,move,improve
2976,32,3502.0499999999997,17,2233.4500000000007,swap,notBad
2977,32,3502.0499999999997,17,2233.4500000000007,2opt,notBad
2978,32,3502.0499999999997,17,2233.4500000000007,move,improve
2979,32,3502.0499999999997,17,2233.4500000000007,move,improve
2980,32,3469.3499999999995,17,2233.4500000000007,move,improve
2981,32,3465.1500000000005,17,2233.4500000000007,move,improve
2982,32,3361.7500000000005,17,2233.4500000000007,move,improve
2983,32,3361.7500000000005,17,2233.4500000000007,move,improve
2984,32,3368.3500000000004,17,2233.4500000000007,2opt,acceptBad
2985,32,3368.3500000000004,17,2233.4500000000007,2opt,notBad
2986,32,3368.3500000000004,17,2233.4500000000007,swap,notBad
2987,32,3368.3500000000004,17,2233.4500000000007,move,improve
2988,32,3320.350000000001,17,2233.4500000000007,move,improve
2989,32,3320.350000000001,17,2233.4500000000007,2opt,notBad
2990,32,3320.350000000001,17,2233.4500000000007,2opt,notBad
2991,32,3320.350000000001,17,2233.4500000000007,swap,notBad
2992,32,3320.350000000001,17,2233.4500000000007,move,improve
2993,32,3320.350000000001,17,2233.4500000000007,2opt,notBad
2994,32,3320.350000000001,17,2233.4500000000007,swap,notBad
2995,32,3320.350000000001,17,2233.4500000000007,swap,notBad
2996,32,3320.350000000001,17,2233.4500000000007,2opt,notBad
2997,32,3320.350000000001,17,2233.4500000000007,2opt,notBad
2998,32,3320.350000000001,17,2233.4500000000007,2opt,notBad
2999,32,3320.350000000001,17,2233.4500000000007,2opt,improve
3000,32,3320.350000000001,17,2233.4500000000007,2opt,notBad
3001,32,3320.350000000001,17,2233.4500000000007,swap,notBad
3002,32,3320.350000000001,17,2233.4500000000007,move,improve
3003,32,3320.350000000001,17,2233.4500000000007,swap,notBad
3004,32,3320.350000000001,17,2233.4500000000007,2opt,notBad
3005,32,3320.350000000001,17,2233.4500000000007,swap,notBad
3006,32,3320.350000000001,17,2233.4500000000007,move,improve
3007,32,3320.350000000001,17,2233.4500000000007,2opt,notBad
3008,32,3320.350000000001,17,2233.4500000000007,swap,notBad
3009,32,3320.350000000001,17,2233.4500000000007,move,improve
3010,32,3320.350000000001,17,2233.4500000000007,swap,notBad
3011,32,3320.350000000001,17,2233.4500000000007,move,improve
3012,32,3320.350000000001,17,2233.4500000000007,swap,notBad
3013,32,3320.350000000001,17,2233.4500000000007,move,improve
3014,32,3320.350000000001,17,2233.4500000000007,swap,notBad
3015,32,3320.350000000001,17,2233.4500000000007,2opt,notBad
3016,32,3320.350000000001,17,2233.4500000000007,move,improve
3017,32,3320.350000000001,17,2233.4500000000007,2opt,notBad
3018,32,3320.350000000001,17,2233.4500000000007,swap,notBad
3019,32,3328.049999999999,17,2233.4500000000007,swap,acceptBad
3020,32,3328.049999999999,17,2233.4500000000007,2opt,notBad
3021,32,3328.049999999999,17,2233.4500000000007,swap,notBad
3022,32,3328.049999999999,17,2233.4500000000007,swap,notBad
3023,32,3328.049999999999,17,2233.4500000000007,2opt,notBad
3024,32,3377.999999999999,17,2233.4500000000007,swap,acceptBad
3025,32,3377.999999999999,17,2233.4500000000007,swap,notBad
3026,32,3377.999999999999,17,2233.4500000000007,move,improve
3027,32,3377.999999999999,17,2233.4500000000007,2opt,notBad
3028,32,3311.4499999999994,17,2233.4500000000007,move,improve
3029,32,3311.4499999999994,17,2233.4500000000007,move,improve
3030,32,3311.4499999999994,17,2233.4500000000007,swap,notBad
3031,32,3311.4499999999994,17,2233.4500000000007,swap,notBad
3032,32,3311.4499999999994,17,2233.4500000000007,move,improve
3033,32,3336.0999999999995,17,2233.4500000000007,swap,acceptBad
3034,32,3336.0999999999995,17,2233.4500000000007,2opt,notBad
3035,32,3336.0999999999995,17,2233.4500000000007,2opt,notBad
3036,32,3336.0999999999995,17,2233.4500000000007,2opt,notBad
3037,32,3336.0999999999995,17,2233.4500000000007,2opt,notBad
3038,32,3336.0999999999995,17,2233.4500000000007,move,improve
3039,32,3360.500000000001,17,2233.4500000000007,swap,acceptBad
3040,32,3360.500000000001,17,2233.4500000000007,2opt,notBad
3041,32,3360.500000000001,17,2233.4500000000007,swap,notBad
3042,32,3448.0000000000005,17,2233.4500000000007,swap,acceptBad
3043,32,3448.0000000000005,17,2233.4500000000007,2opt,notBad
3044,32,3448.0000000000005,17,2233.4500000000007,swap,notBad
3045,32,3411.7000000000003,17,2233.4500000000007,swap,improve
3046,32,3411.7000000000003,17,2233.4500000000007,move,improve
3047,32,3411.7000000000003,17,2233.4500000000007,move,improve
3048,32,3411.7000000000003,17,2233.4500000000007,swap,notBad
3049,32,3411.7000000000003,17,2233.4500000000007,2opt,notBad
3050,32,3411.7000000000003,17,2233.4500000000007,swap,notBad
3051,32,3411.7000000000003,17,2233.4500000000007,2opt,notBad
3052,32,3411.7000000000003,17,2233.4500000000007,swap,notBad
3053,32,3360.550000000001,17,2233.4500000000007,swap,improve
3054,32,3360.550000000001,17,2233.4500000000007,swap,notBad
3055,32,3310.2,17,2233.4500000000007,move,improve
3056,32,3310.2,17,2233.4500000000007,move,improve
3057,32,3310.2,17,2233.4500000000007,move,improve
3058,32,3310.2,17,2233.4500000000007,swap,notBad
3059,32,3310.2,17,2233.4500000000007,move,improve
3060,32,3310.2,17,2233.4500000000007,2opt,notBad
3061,32,3310.2,17,2233.4500000000007,swap,notBad
3062,32,3310.2,17,2233.4500000000007,2opt,improve
3063,32,3310.2,17,2233.4500000000007,2opt,notBad
3064,32,3310.2,17,2233.4500000000007,move,improve
3065,32,3310.2,17,2233.4500000000007,2opt,notBad
3066,32,3310.2,17,2233.4500000000007,2opt,notBad
3067,32,3310.2,17,2233.4500000000007,swap,notBad
3068,32,3310.2,17,2233.4500000000007,swap,notBad
3069,32,3310.2,17,2233.4500000000007,2opt,notBad
3070,32,3310.2,17,2233.4500000000007,swap,notBad
3071,32,3310.2,17,2233.4500000000007,2opt,notBad
3072,32,3310.2,17,2233.4500000000007,swap,notBad
3073,32,3310.2,17,2233.4500000000007,move,improve
3074,32,3310.2,17,2233.4500000000007,2opt,notBad
3075,32,3310.2,17,2233.4500000000007,swap,notBad
3076,32,3310.2,17,2233.4500000000007,2opt,notBad
3077,32,3310.2,17,2233.4500000000007,2opt,notBad
3078,32,3310.2,17,2233.4500000000007,swap,notBad
3079,32,3310.2,17,2233.4500000000007,2opt,notBad
3080,32,3310.2,17,2233.4500000000007,move,improve
3081,32,3310.2,17,2233.4500000000007,move,improve
3082,32,3310.2,17,2233.4500000000007,move,improve
3083,31,3226.95,17,2233.4500000000007,move,improve
3084,31,3226.95,17,2233.4500000000007,2opt,notBad
3085,31,3226.95,17,2233.4500000000007,move,improve
3086,31,3232.1500000000005,17,2233.4500000000007,2opt,acceptBad
3087,31,3232.1500000000005,17,2233.4500000000007,2opt,notBad
3088,31,3232.1500000000005,17,2233.4500000000007,swap,notBad
3089,31,3232.1500000000005,17,2233.4500000000007,2opt,notBad
3090,31,3232.1500000000005,17,2233.4500000000007,2opt,notBad
3091,31,3232.1500000000005,17,2233.4500000000007,swap,notBad
3092,31,3232.1500000000005,17,2233.4500000000007,swap,notBad
3093,31,3232.1500000000005,17,2233.4500000000007,2opt,notBad
3094,31,3232.1500000000005,17,2233.4500000000007,move,improve
3095,31,3232.1500000000005,17,2233.4500000000007,swap,notBad
3096,31,3232.1500000000005,17,2233.4500000000007,swap,notBad
3097,31,3232.1500000000005,17,2233.4500000000007,swap,notBad
3098,31,3232.1500000000005,17,2233.4500000000007,swap,notBad
3099,31,3232.1500000000005,17,2233.4500000000007,swap,notBad
3100,31,3232.1500000000005,17,2233.4500000000007,move,improve
3101,31,3232.1500000000005,17,2233.4500000000007,move,improve
3102,31,3232.1500000000005,17,2233.4500000000007,move,improve
3103,31,3232.1500000000005,17,2233.4500000000007,2opt,notBad
3104,31,3232.1500000000005,17,2233.4500000000007,2opt,notBad
3105,31,3232.1500000000005,17,2233.4500000000007,swap,notBad
3106,31,3232.1500000000005,17,2233.4500000000007,move,improve
3107,31,3208.9000000000015,17,2233.4500000000007,move,improve
3108,31,3208.9000000000015,17,2233.4500000000007,2opt,notBad
3109,31,3208.9000000000015,17,2233.4500000000007,swap,notBad
3110,31,3208.9000000000015,17,2233.4500000000007,2opt,notBad
3111,31,3208.9000000000015,17,2233.4500000000007,2opt,notBad
3112,31,3208.9000000000015,17,2233.4500000000007,move,improve
3113,31,3208.9000000000015,17,2233.4500000000007,swap,notBad
3114,31,3208.9000000000015,17,2233.4500000000007,swap,notBad
3115,31,3208.9000000000015,17,2233.4500000000007,2opt,notBad
3116,31,3208.9000000000015,17,2233.4500000000007,move,improve
3117,31,3208.9000000000015,17,2233.4500000000007,swap,notBad
3118,31,3208.9000000000015,17,2233.4500000000007,2opt,notBad
3119,31,3208.9000000000015,17,2233.4500000000007,2opt,notBad
3120,31,3208.9000000000015,17,2233.4500000000007,move,improve
3121,31,3208.9000000000015,17,2233.4500000000007,move,improve
3122,31,3208.9000000000015,17,2233.4500000000007,2opt,notBad
3123,31,3208.9000000000015,17,2233.4500000000007,move,improve
3124,31,3208.9000000000015,17,2233.4500000000007,swap,notBad
3125,31,3208.9000000000015,17,2233.4500000000007,move,improve
3126,31,3208.9000000000015,17,2233.4500000000007,swap,notBad
3127,31,3206.6500000000005,17,2233.4500000000007,swap,improve
3128,31,3190.4000000000005,17,2233.4500000000007,swap,improve
3129,31,3190.4000000000005,17,2233.4500000000007,swap,notBad
3130,31,3190.4000000000005,17,2233.4500000000007,2opt,notBad
3131,31,3190.4000000000005,17,2233.4500000000007,2opt,notBad
3132,31,3190.4000000000005,17,2233.4500000000007,2opt,notBad
3133,31,3190.4000000000005,17,2233.4500000000007,move,improve
3134,31,3190.4000000000005,17,2233.4500000000007,2opt,notBad
3135,31,3190.4000000000005,17,2233.4500000000007,2opt,notBad
3136,31,3299.4000000000005,17,2233.4500000000007,swap,acceptBad
3137,31,3299.4000000000005,17,2233.4500000000007,2opt,notBad
3138,31,3299.4000000000005,17,2233.4500000000007,swap,notBad
3139,31,3299.4000000000005,17,2233.4500000000007,move,improve
3140,31,3299.4000000000005,17,2233.4500000000007,move,improve
3141,31,3299.4000000000005,17,2233.4500000000007,2opt,notBad
3142,31,3299.4000000000005,17,2233.4500000000007,swap,notBad
3143,31,3299.4000000000005,17,2233.4500000000007,move,improve
3144,31,3299.4000000000005,17,2233.4500000000007,move,improve
3145,31,3299.4000000000005,17,2233.4500000000007,swap,notBad
3146,31,3299.4000000000005,17,2233.4500000000007,2opt,improve
3147,31,3299.4000000000005,17,2233.4500000000007,2opt,improve
3148,31,3299.4000000000005,17,2233.4500000000007,2opt,notBad
3149,31,3299.4000000000005,17,2233.4500000000007,move,improve
3150,31,3299.4000000000005,17,2233.4500000000007,move,improve
3151,31,3299.4000000000005,17,2233.4500000000007,2opt,notBad
3152,31,3299.4000000000005,17,2233.4500000000007,move,improve
3153,31,3299.4000000000005,17,2233.4500000000007,2opt,notBad
3154,31,3299.4000000000005,17,2233.4500000000007,move,improve
3155,31,3299.4000000000005,17,2233.4500000000007,swap,notBad
3156,31,3299.4000000000005,17,2233.4500000000007,2opt,notBad
3157,31,3299.4000000000005,17,2233.4500000000007,2opt,notBad
3158,31,3282.95,17,2233.4500000000007,swap,improve
3159,31,3282.95,17,2233.4500000000007,2opt,notBad
3160,31,3282.95,17,2233.4500000000007,2opt,notBad
3161,31,3282.95,17,2233.4500000000007,2opt,notBad
3162,31,3282.95,17,2233.4500000000007,2opt,notBad
3163,31,3282.95,17,2233.4500000000007,move,improve
3164,31,3282.95,17,2233.4500000000007,2opt,notBad
3165,31,3282.95,17,2233.4500000000007,move,improve
3166,31,3282.95,17,2233.4500000000007,swap,notBad
3167,31,3203.2000000000007,17,2233.4500000000007,move,improve
3168,31,3203.2000000000007,17,2233.4500000000007,2opt,notBad
3169,31,3203.2000000000007,17,2233.4500000000007,swap,notBad
3170,31,3203.2000000000007,17,2233.4500000000007,move,improve
3171,31,3203.2000000000007,17,2233.4500000000007,move,improve
3172,31,3203.2000000000007,17,2233.4500000000007,swap,notBad
3173,31,3203.2000000000007,17,2233.4500000000007,swap,notBad
3174,31,3203.2000000000007,17,2233.4500000000007,2opt,notBad
3175,31,3203.2000000000007,17,2233.4500000000007,2opt,notBad
3176,31,3203.2000000000007,17,2233.4500000000007,swap,notBad
3177,31,3203.2000000000007,17,2233.4500000000007,2opt,notBad
3178,31,3203.2000000000007,17,2233.4500000000007,2opt,notBad
3179,31,3203.2000000000007,17,2233.4500000000007,2opt,notBad
3180,31,3203.2000000000007,17,2233.4500000000007,move,improve
3181,31,3178.8,17,2233.4500000000007,move,improve
3182,31,3178.8,17,2233.4500000000007,swap,notBad
3183,31,3178.8,17,2233.4500000000007,swap,notBad
3184,31,3178.8,17,2233.4500000000007,swap,notBad
3185,31,3178.8,17,2233.4500000000007,2opt,notBad
3186,31,3178.8,17,2233.4500000000007,move,improve
3187,31,3178.8,17,2233.4500000000007,2opt,notBad
3188,31,3178.8,17,2233.4500000000007,2opt,notBad
3189,31,3178.8,17,2233.4500000000007,move,improve
3190,31,3178.8,17,2233.4500000000007,swap,notBad
3191,31,3178.8,17,2233.4500000000007,swap,notBad
3192,31,3178.8,17,2233.4500000000007,2opt,notBad
3193,31,3178.8,17,2233.4500000000007,swap,notBad
3194,31,3178.8,17,2233.4500000000007,2opt,notBad
3195,31,3178.8,17,2233.4500000000007,2opt,notBad
3196,31,3178.8,17,2233.4500000000007,2opt,notBad
3197,31,3178.8,17,2233.4500000000007,swap,notBad
3198,31,3178.8,17,2233.4500000000007,2opt,notBad
3199,31,3178.8,17,2233.4500000000007,swap,notBad
3200,31,3178.8,17,2233.4500000000007,move,improve
3201,31,3228.3500000000004,17,2233.4500000000007,swap,acceptBad
3202,31,3228.3500000000004,17,2233.4500000000007,2opt,notBad
3203,31,3228.3500000000004,17,2233.4500000000007,2opt,notBad
3204,31,3228.3500000000004,17,2233.4500000000007,swap,notBad
3205,31,3228.3500000000004,17,2233.4500000000007,move,improve
3206,31,3228.3500000000004,17,2233.4500000000007,2opt,notBad
3207,31,3228.3500000000004,17,2233.4500000000007,swap,notBad
3208,31,3228.3500000000004,17,2233.4500000000007,move,improve
3209,31,3228.3500000000004,17,2233.4500000000007,swap,notBad
3210,31,3228.3500000000004,17,2233.4500000000007,move,improve
3211,31,3216.4000000000005,17,2233.4500000000007,move,improve
3212,31,3216.4000000000005,17,2233.4500000000007,2opt,notBad
3213,31,3216.4000000000005,17,2233.4500000000007,swap,notBad
3214,31,3216.4000000000005,17,2233.4500000000007,2opt,notBad
3215,31,3216.4000000000005,17,2233.4500000000007,2opt,improve
3216,31,3216.4000000000005,17,2233.4500000000007,2opt,notBad
3217,31,3216.4000000000005,17,2233.4500000000007,swap,notBad
3218,31,3196.6500000000005,17,2233.4500000000007,move,improve
3219,31,3196.6500000000005,17,2233.4500000000007,2opt,notBad
3220,31,3196.6500000000005,17,2233.4500000000007,move,improve
3221,31,3126.8500000000013,17,2233.4500000000007,swap,improve
3222,31,3095.300000000002,17,2233.4500000000007,2opt,improve
3223,31,3095.300000000002,17,2233.4500000000007,move,improve
3224,31,3095.300000000002,17,2233.4500000000007,2opt,notBad
3225,31,3095.300000000002,17,2233.4500000000007,2opt,notBad
3226,31,3142.500000000001,17,2233.4500000000007,swap,acceptBad
3227,31,3098.8000000000006,17,2233.4500000000007,move,improve
3228,31,3098.8000000000006,17,2233.4500000000007,move,improve
3229,31,3098.8000000000006,17,2233.4500000000007,swap,notBad
3230,31,3098.8000000000006,17,2233.4500000000007,2opt,notBad
3231,31,3098.8000000000006,17,2233.4500000000007,2opt,improve
3232,31,3098.8000000000006,17,2233.4500000000007,2opt,notBad
3233,31,3106.300000000001,17,2233.4500000000007,swap,acceptBad
3234,31,3106.300000000001,17,2233.4500000000007,2opt,notBad
3235,31,3106.300000000001,17,2233.4500000000007,2opt,notBad
3236,31,3069.9500000000016,17,2233.4500000000007,swap,improve
3237,31,3054.1500000000015,17,2233.4500000000007,move,improve
3238,31,3054.1500000000015,17,2233.4500000000007,2opt,notBad
3239,31,3054.1500000000015,17,2233.4500000000007,move,improve
3240,31,3054.1500000000015,17,2233.4500000000007,swap,notBad
3241,31,3054.1500000000015,17,2233.4500000000007,2opt,improve
3242,31,3054.1500000000015,17,2233.4500000000007,2opt,notBad
3243,31,3054.1500000000015,17,2233.4500000000007,2opt,notBad
3244,31,3054.1500000000015,17,2233.4500000000007,swap,notBad
3245,31,3054.1500000000015,17,2233.4500000000007,swap,notBad
3246,31,3054.1500000000015,17,2233.4500000000007,2opt,notBad
3247,31,3082.000000000001,17,2233.4500000000007,swap,acceptBad
3248,31,3082.000000000001,17,2233.4500000000007,move,improve
3249,31,3082.000000000001,17,2233.4500000000007,2opt,notBad
3250,31,3082.000000000001,17,2233.4500000000007,2opt,notBad
3251,31,3082.000000000001,17,2233.4500000000007,swap,notBad
3252,31,3077.900000000001,17,2233.4500000000007,move,improve
3253,31,3077.900000000001,17,2233.4500000000007,2opt,notBad
3254,31,3077.900000000001,17,2233.4500000000007,move,improve
3255,31,3077.900000000001,17,2233.4500000000007,2opt,notBad
3256,31,3077.900000000001,17,2233.4500000000007,swap,notBad
3257,31,3077.900000000001,17,2233.4500000000007,2opt,notBad
3258,31,3077.900000000001,17,2233.4500000000007,swap,notBad
3259,31,3077.900000000001,17,2233.4500000000007,move,improve
3260,31,3077.900000000001,17,2233.4500000000007,swap,notBad
3261,31,3077.900000000001,17,2233.4500000000007,move,improve
3262,31,3077.900000000001,17,2233.4500000000007,2opt,notBad
3263,31,3077.900000000001,17,2233.4500000000007,2opt,notBad
3264,31,3077.900000000001,17,2233.4500000000007,2opt,notBad
3265,31,3077.900000000001,17,2233.4500000000007,2opt,notBad
3266,31,3077.900000000001,17,2233.4500000000007,move,improve
3267,31,3141.9500000000007,17,2233.4500000000007,swap,acceptBad
3268,31,3141.9500000000007,17,2233.4500000000007,2opt,notBad
3269,31,3141.9500000000007,17,2233.4500000000007,move,improve
3270,31,3141.9500000000007,17,2233.4500000000007,move,improve
3271,31,3141.9500000000007,17,2233.4500000000007,swap,notBad
3272,31,3119.4500000000007,17,2233.4500000000007,swap,improve
3273,31,3119.4500000000007,17,2233.4500000000007,move,improve
3274,31,3119.4500000000007,17,2233.4500000000007,swap,notBad
3275,31,3119.4500000000007,17,2233.4500000000007,move,improve
3276,31,3077.9500000000007,17,2233.4500000000007,swap,improve
3277,31,3077.9500000000007,17,2233.4500000000007,swap,notBad
3278,31,3096.3500000000004,17,2233.4500000000007,swap,acceptBad
3279,31,3096.3500000000004,17,2233.4500000000007,move,improve
3280,31,3096.3500000000004,17,2233.4500000000007,swap,notBad
3281,31,3096.3500000000004,17,2233.4500000000007,move,improve
3282,31,3096.3500000000004,17,2233.4500000000007,swap,notBad
3283,31,3096.3500000000004,17,2233.4500000000007,swap,notBad
3284,31,3096.3500000000004,17,2233.4500000000007,move,improve
3285,31,3096.3500000000004,17,2233.4500000000007,2opt,notBad
3286,31,3096.3500000000004,17,2233.4500000000007,move,improve
3287,31,3096.3500000000004,17,2233.4500000000007,swap,notBad
3288,31,3096.3500000000004,17,2233.4500000000007,move,improve
3289,31,3096.3500000000004,17,2233.4500000000007,2opt,notBad
3290,31,3096.3500000000004,17,2233.4500000000007,move,improve
3291,31,3096.3500000000004,17,2233.4500000000007,swap,notBad
3292,31,3096.3500000000004,17,2233.4500000000007,2opt,notBad
3293,31,3095.9500000000007,17,2233.4500000000007,move,improve
3294,31,3126.3,17,2233.4500000000007,swap,acceptBad
3295,31,3126.3,17,2233.4500000000007,2opt,notBad
3296,31,3126.3,17,2233.4500000000007,swap,notBad
3297,31,3126.3,17,2233.4500000000007,swap,notBad
3298,31,3126.3,17,2233.4500000000007,move,improve
3299,31,3126.3,17,2233.4500000000007,swap,notBad
3300,31,3176.850000000001,17,2233.4500000000007,swap,acceptBad
3301,31,3176.850000000001,17,2233.4500000000007,swap,notBad
3302,31,3114.6000000000013,17,2233.4500000000007,move,improve
3303,31,3114.6000000000013,17,2233.4500000000007,swap,notBad
3304,31,3161.05,17,2233.4500000000007,swap,acceptBad
3305,31,3161.05,17,2233.4500000000007,2opt,notBad
3306,31,3161.05,17,2233.4500000000007,swap,notBad
3307,31,3161.05,17,2233.4500000000007,2opt,notBad
3308,31,3161.05,17,2233.4500000000007,swap,improve
3309,31,3161.05,17,2233.4500000000007,swap,notBad
3310,31,3161.05,17,2233.4500000000007,2opt,notBad
3311,31,3161.05,17,2233.4500000000007,2opt,notBad
3312,31,3161.05,17,2233.4500000000007,2opt,notBad
3313,31,3161.05,17,2233.4500000000007,move,improve
3314,31,3161.05,17,2233.4500000000007,move,improve
3315,31,3161.05,17,2233.4500000000007,2opt,notBad
3316,31,3161.05,17,2233.4500000000007,swap,notBad
3317,31,3161.05,17,2233.4500000000007,move,improve
3318,31,3161.05,17,2233.4500000000007,2opt,improve
3319,31,3161.05,17,2233.4500000000007,move,improve
3320,31,3161.05,17,2233.4500000000007,2opt,notBad
3321,31,3161.05,17,2233.4500000000007,swap,notBad
3322,31,3161.05,17,2233.4500000000007,2opt,notBad
3323,31,3161.05,17,2233.4500000000007,move,improve
3324,31,3161.05,17,2233.4500000000007,swap,notBad
3325,31,3161.05,17,2233.4500000000007,move,improve
3326,31,3161.05,17,2233.4500000000007,move,improve
3327,31,3161.05,17,2233.4500000000007,move,improve
3328,31,3161.05,17,2233.4500000000007,2opt,improve
3329,31,3108.500000000001,17,2233.4500000000007,move,improve
3330,31,3108.500000000001,17,2233.4500000000007,2opt,improve
3331,31,3108.500000000001,17,2233.4500000000007,2opt,notBad
3332,31,3108.500000000001,17,2233.4500000000007,2opt,notBad
3333,31,3108.500000000001,17,2233.4500000000007,2opt,notBad
3334,31,3108.500000000001,17,2233.4500000000007,move,improve
3335,31,3108.500000000001,17,2233.4500000000007,move,improve
3336,31,3108.500000000001,17,2233.4500000000007,2opt,notBad
3337,31,3108.500000000001,17,2233.4500000000007,swap,notBad
3338,31,3103.5,17,2233.4500000000007,swap,improve
3339,31,3215.8,17,2233.4500000000007,swap,acceptBad
3340,31,3218.3500000000004,17,2233.4500000000007,swap,acceptBad
3341,31,3218.3500000000004,17,2233.4500000000007,move,improve
3342,31,3250.8500000000004,17,2233.4500000000007,swap,acceptBad
3343,31,3250.8500000000004,17,2233.4500000000007,move,improve
3344,31,3250.8500000000004,17,2233.4500000000007,move,improve
3345,31,3250.8500000000004,17,2233.4500000000007,swap,notBad
3346,31,3250.8500000000004,17,2233.4500000000007,2opt,improve
3347,31,3253.4500000000007,17,2233.4500000000007,swap,acceptBad
3348,31,3253.4500000000007,17,2233.4500000000007,2opt,notBad
3349,31,3224.0,17,2233.4500000000007,move,improve
3350,31,3224.0,17,2233.4500000000007,2opt,notBad
3351,31,3224.0,17,2233.4500000000007,move,improve
3352,31,3224.0,17,2233.4500000000007,2opt,notBad
3353,31,3224.0,17,2233.4500000000007,move,improve
3354,31,3224.0,17,2233.4500000000007,2opt,notBad
3355,31,3224.0,17,2233.4500000000007,2opt,notBad
3356,31,3224.0,17,2233.4500000000007,swap,notBad
3357,31,3224.0,17,2233.4500000000007,move,improve
3358,31,3224.0,17,2233.4500000000007,2opt,notBad
3359,31,3224.0,17,2233.4500000000007,swap,notBad
3360,31,3224.0,17,2233.4500000000007,2opt,notBad
3361,31,3224.0,17,2233.4500000000007,2opt,notBad
3362,31,3224.0,17,2233.4500000000007,swap,notBad
3363,31,3224.0,17,2233.4500000000007,2opt,notBad
3364,31,3220.95,17,2233.4500000000007,move,improve
3365,31,3220.95,17,2233.4500000000007,move,improve
3366,31,3220.95,17,2233.4500000000007,move,improve
3367,31,3220.95,17,2233.4500000000007,swap,notBad
3368,31,3220.95,17,2233.4500000000007,2opt,notBad
3369,31,3220.95,17,2233.4500000000007,swap,notBad
3370,31,3220.95,17,2233.4500000000007,2opt,notBad
3371,31,3220.95,17,2233.4500000000007,move,improve
3372,31,3220.95,17,2233.4500000000007,move,improve
3373,31,3220.95,17,2233.4500000000007,move,improve
3374,31,3220.95,17,2233.4500000000007,swap,notBad
3375,31,3220.95,17,2233.4500000000007,move,improve
3376,31,3220.95,17,2233.4500000000007,2opt,notBad
3377,31,3220.95,17,2233.4500000000007,move,improve
3378,31,3220.95,17,2233.4500000000007,2opt,notBad
3379,31,3220.95,17,2233.4500000000007,move,improve
3380,31,3220.95,17,2233.4500000000007,2opt,notBad
3381,31,3220.95,17,2233.4500000000007,move,improve
3382,31,3209.7999999999997,17,2233.4500000000007,2opt,improve
3383,31,3209.7999999999997,17,2233.4500000000007,2opt,notBad
3384,31,3209.7999999999997,17,2233.4500000000007,move,improve
3385,31,3163.45,17,2233.4500000000007,swap,improve
3386,31,3163.45,17,2233.4500000000007,2opt,notBad
3387,31,3163.45,17,2233.4500000000007,move,improve
3388,31,3163.45,17,2233.4500000000007,swap,notBad
3389,31,3163.45,17,2233.4500000000007,swap,notBad
3390,31,3163.45,17,2233.4500000000007,move,improve
3391,31,3163.45,17,2233.4500000000007,2opt,notBad
3392,31,3181.7,17,2233.4500000000007,swap,acceptBad
3393,31,3181.7,17,2233.4500000000007,2opt,notBad
3394,31,3181.7,17,2233.4500000000007,2opt,notBad
3395,31,3171.6500000000005,17,2233.4500000000007,move,improve
3396,31,3093.8,17,2233.4500000000007,2opt,improve
3397,31,3093.8,17,2233.4500000000007,swap,notBad
3398,31,3093.8,17,2233.4500000000007,2opt,notBad
3399,31,3093.8,17,2233.4500000000007,2opt,notBad
3400,31,3093.8,17,2233.4500000000007,swap,notBad
3401,31,3093.8,17,2233.4500000000007,2opt,notBad
3402,31,3093.8,17,2233.4500000000007,move,improve
3403,31,3093.8,17,2233.4500000000007,swap,notBad
3404,31,3093.8,17,2233.4500000000007,move,improve
3405,31,3093.8,17,2233.4500000000007,2opt,notBad
3406,31,3093.8,17,2233.4500000000007,2opt,notBad
3407,31,3093.8,17,2233.4500000000007,swap,notBad
3408,31,3093.8,17,2233.4500000000007,2opt,notBad
3409,31,3093.8,17,2233.4500000000007,swap,notBad
3410,31,3093.8,17,2233.4500000000007,2opt,notBad
3411,31,3088.9500000000003,17,2233.4500000000007,move,improve
3412,31,3088.9500000000003,17,2233.4500000000007,2opt,notBad
3413,31,3088.9500000000003,17,2233.4500000000007,move,improve
3414,31,3088.9500000000003,17,2233.4500000000007,move,improve
3415,31,3088.9500000000003,17,2233.4500000000007,move,improve
3416,31,3088.9500000000003,17,2233.4500000000007,2opt,notBad
3417,31,3088.9500000000003,17,2233.4500000000007,2opt,notBad
3418,31,3088.9500000000003,17,2233.4500000000007,swap,notBad
3419,31,3088.9500000000003,17,2233.4500000000007,2opt,notBad
3420,31,3088.9500000000003,17,2233.4500000000007,swap,notBad
3421,31,3088.9500000000003,17,2233.4500000000007,2opt,notBad
3422,31,3088.9500000000003,17,2233.4500000000007,swap,notBad
3423,31,3088.9500000000003,17,2233.4500000000007,swap,notBad
3424,31,3088.9500000000003,17,2233.4500000000007,2opt,notBad
3425,31,3088.9500000000003,17,2233.4500000000007,move,improve
3426,31,3088.9500000000003,17,2233.4500000000007,2opt,notBad
3427,31,3088.9500000000003,17,2233.4500000000007,swap,notBad
3428,31,3088.9500000000003,17,2233.4500000000007,swap,notBad
3429,31,3088.9500000000003,17,2233.4500000000007,2opt,notBad
3430,31,3088.9500000000003,17,2233.4500000000007,move,improve
3431,31,3088.9500000000003,17,2233.4500000000007,2opt,improve
3432,31,3088.9500000000003,17,2233.4500000000007,swap,notBad
3433,31,3088.9500000000003,17,2233.4500000000007,move,improve
3434,31,3088.9500000000003,17,2233.4500000000007,2opt,notBad
3435,31,3088.9500000000003,17,2233.4500000000007,move,improve
3436,31,3088.9500000000003,17,2233.4500000000007,2opt,notBad
3437,31,3088.9500000000003,17,2233.4500000000007,move,improve
3438,31,3088.9500000000003,17,2233.4500000000007,move,improve
3439,31,3088.9500000000003,17,2233.4500000000007,move,improve
3440,31,3088.9500000000003,17,2233.4500000000007,swap,notBad
3441,31,3088.9500000000003,17,2233.4500000000007,2opt,notBad
3442,31,3088.9500000000003,17,2233.4500000000007,move,improve
3443,31,3088.9500000000003,17,2233.4500000000007,2opt,notBad
3444,31,3089.25,17,2233.4500000000007,swap,acceptBad
3445,31,3089.25,17,2233.4500000000007,move,improve
3446,31,3086.7000000000003,17,2233.4500000000007,2opt,improve
3447,31,3086.7000000000003,17,2233.4500000000007,2opt,notBad
3448,31,3086.7000000000003,17,2233.4500000000007,2opt,notBad
3449,31,3086.7000000000003,17,2233.4500000000007,2opt,notBad
3450,31,3086.7000000000003,17,2233.4500000000007,swap,notBad
3451,31,3086.7000000000003,17,2233.4500000000007,move,improve
3452,31,3086.7000000000003,17,2233.4500000000007,2opt,notBad
3453,31,3086.7000000000003,17,2233.4500000000007,move,improve
3454,31,3086.7000000000003,17,2233.4500000000007,move,improve
3455,31,3086.7000000000003,17,2233.4500000000007,2opt,notBad
3456,31,3084.2,17,2233.4500000000007,swap,improve
3457,31,3084.2,17,2233.4500000000007,2opt,notBad
3458,31,3084.2,17,2233.4500000000007,swap,notBad
3459,31,3052.65,17,2233.4500000000007,move,improve
3460,31,3052.65,17,2233.4500000000007,move,improve
3461,31,3052.65,17,2233.4500000000007,swap,notBad
3462,31,3052.65,17,2233.4500000000007,move,improve
3463,31,3052.65,17,2233.4500000000007,swap,notBad
3464,31,3052.65,17,2233.4500000000007,move,improve
3465,31,3052.65,17,2233.4500000000007,move,improve
3466,31,3060.45,17,2233.4500000000007,2opt,acceptBad
3467,31,3060.45,17,2233.4500000000007,2opt,notBad
3468,31,3060.45,17,2233.4500000000007,2opt,notBad
3469,31,3060.45,17,2233.4500000000007,2opt,notBad
3470,31,3060.45,17,2233.4500000000007,move,improve
3471,31,3060.45,17,2233.4500000000007,2opt,notBad
3472,31,3060.45,17,2233.4500000000007,2opt,improve
3473,31,3060.45,17,2233.4500000000007,swap,notBad
3474,31,3060.45,17,2233.4500000000007,2opt,notBad
3475,31,3060.45,17,2233.4500000000007,swap,notBad
3476,31,3060.45,17,2233.4500000000007,2opt,notBad
3477,31,3060.45,17,2233.4500000000007,move,improve
3478,31,3060.45,17,2233.4500000000007,move,improve
3479,31,3060.45,17,2233.4500000000007,2opt,notBad
3480,31,3060.45,17,2233.4500000000007,2opt,notBad
3481,31,3060.45,17,2233.4500000000007,swap,notBad
3482,31,3060.45,17,2233.4500000000007,2opt,notBad
3483,31,3060.45,17,2233.4500000000007,swap,notBad
3484,31,3060.45,17,2233.4500000000007,move,improve
3485,31,3060.45,17,2233.4500000000007,move,improve
3486,31,3060.45,17,2233.4500000000007,2opt,notBad
3487,31,3060.45,17,2233.4500000000007,2opt,notBad
3488,31,3060.45,17,2233.4500000000007,move,improve
3489,31,3060.45,17,2233.4500000000007,2opt,notBad
3490,31,3060.45,17,2233.4500000000007,2opt,notBad
3491,31,3096.149999999999,17,2233.4500000000007,swap,acceptBad
3492,31,3108.1999999999985,17,2233.4500000000007,swap,acceptBad
3493,31,3108.1999999999985,17,2233.4500000000007,move,improve
3494,31,3108.1999999999985,17,2233.4500000000007,move,improve
3495,31,3108.1999999999985,17,2233.4500000000007,2opt,notBad
3496,31,3107.8499999999985,17,2233.4500000000007,move,improve
3497,31,3107.8499999999985,17,2233.4500000000007,move,improve
3498,31,3107.8499999999985,17,2233.4500000000007,2opt,notBad
3499,31,3107.8499999999985,17,2233.4500000000007,2opt,notBad
3500,31,3107.8499999999985,17,2233.4500000000007,move,improve
3501,31,3107.8499999999985,17,2233.4500000000007,2opt,notBad
3502,31,3107.8499999999985,17,2233.4500000000007,swap,notBad
3503,31,3107.8499999999985,17,2233.4500000000007,2opt,notBad
3504,31,3107.8499999999985,17,2233.4500000000007,swap,notBad
3505,31,3107.8499999999985,17,2233.4500000000007,2opt,notBad
3506,31,3107.8499999999985,17,2233.4500000000007,2opt,notBad
3507,31,3107.8499999999985,17,2233.4500000000007,move,improve
3508,31,3107.8499999999985,17,2233.4500000000007,move,improve
3509,31,3107.8499999999985,17,2233.4500000000007,2opt,notBad
3510,31,3107.8499999999985,17,2233.4500000000007,move,improve
3511,31,3107.8499999999985,17,2233.4500000000007,2opt,notBad
3512,31,3087.4999999999986,17,2233.4500000000007,swap,improve
3513,31,3087.4999999999986,17,2233.4500000000007,2opt,improve
3514,31,3087.4999999999986,17,2233.4500000000007,move,improve
3515,31,3087.4999999999986,17,2233.4500000000007,move,improve
3516,31,3087.4999999999986,17,2233.4500000000007,move,improve
3517,31,3087.4999999999986,17,2233.4500000000007,swap,notBad
3518,31,3087.4999999999986,17,2233.4500000000007,swap,notBad
3519,31,3087.4999999999986,17,2233.4500000000007,swap,notBad
3520,31,3087.4999999999986,17,2233.4500000000007,2opt,notBad
3521,31,3087.4999999999986,17,2233.4500000000007,move,improve
3522,31,3158.249999999999,17,2233.4500000000007,swap,acceptBad
3523,31,3158.249999999999,17,2233.4500000000007,move,improve
3524,31,3158.249999999999,17,2233.4500000000007,2opt,notBad
3525,31,3158.249999999999,17,2233.4500000000007,2opt,notBad
3526,31,3158.249999999999,17,2233.4500000000007,2opt,notBad
3527,31,3158.249999999999,17,2233.4500000000007,move,improve
3528,31,3158.249999999999,17,2233.4500000000007,2opt,notBad
3529,31,3158.249999999999,17,2233.4500000000007,swap,notBad
3530,31,3158.249999999999,17,2233.4500000000007,swap,notBad
3531,31,3158.249999999999,17,2233.4500000000007,move,improve
3532,31,3158.249999999999,17,2233.4500000000007,2opt,notBad
3533,31,3158.249999999999,17,2233.4500000000007,2opt,notBad
3534,31,3158.249999999999,17,2233.4500000000007,2opt,notBad
3535,31,3158.249999999999,17,2233.4500000000007,move,improve
3536,31,3158.249999999999,17,2233.4500000000007,move,improve
3537,31,3089.649999999999,17,2233.4500000000007,move,improve
3538,31,3083.2,17,2233.4500000000007,swap,improve
3539,31,3083.2,17,2233.4500000000007,move,improve
3540,31,3083.2,17,2233.4500000000007,swap,notBad
3541,31,3083.2,17,2233.4500000000007,swap,notBad
3542,31,3083.2,17,2233.4500000000007,2opt,notBad
3543,31,3083.2,17,2233.4500000000007,swap,notBad
3544,31,3088.7999999999997,17,2233.4500000000007,swap,acceptBad
3545,31,3133.749999999999,17,2233.4500000000007,swap,acceptBad
3546,31,3133.749999999999,17,2233.4500000000007,swap,notBad
3547,31,3123.5499999999993,17,2233.4500000000007,move,improve
3548,31,3123.5499999999993,17,2233.4500000000007,move,improve
3549,31,3123.5499999999993,17,2233.4500000000007,2opt,notBad
3550,31,3123.5499999999993,17,2233.4500000000007,swap,notBad
3551,31,3123.5499999999993,17,2233.4500000000007,move,improve
3552,31,3123.5499999999993,17,2233.4500000000007,swap,notBad
3553,31,3123.5499999999993,17,2233.4500000000007,2opt,notBad
3554,31,3123.5499999999993,17,2233.4500000000007,swap,notBad
3555,31,3123.5499999999993,17,2233.4500000000007,2opt,notBad
3556,31,3123.5499999999993,17,2233.4500000000007,2opt,notBad
3557,31,3123.5499999999993,17,2233.4500000000007,swap,notBad
3558,31,3123.5499999999993,17,2233.4500000000007,move,improve
3559,31,3123.5499999999993,17,2233.4500000000007,swap,notBad
3560,31,3123.5499999999993,17,2233.4500000000007,2opt,improve
3561,31,3123.5499999999993,17,2233.4500000000007,swap,notBad
3562,31,3123.5499999999993,17,2233.4500000000007,2opt,notBad
3563,31,3123.5499999999993,17,2233.4500000000007,move,improve
3564,31,3123.5499999999993,17,2233.4500000000007,move,improve
3565,31,3123.5499999999993,17,2233.4500000000007,swap,notBad
3566,31,3123.5499999999993,17,2233.4500000000007,2opt,notBad
3567,31,3123.5499999999993,17,2233.4500000000007,move,improve
3568,31,3123.5499999999993,17,2233.4500000000007,2opt,notBad
3569,31,3123.5499999999993,17,2233.4500000000007,2opt,notBad
3570,31,3123.5499999999993,17,2233.4500000000007,move,improve
3571,31,3123.5499999999993,17,2233.4500000000007,2opt,notBad
3572,31,3123.5499999999993,17,2233.4500000000007,move,improve
3573,31,3123.5499999999993,17,2233.4500000000007,move,improve
3574,31,3123.5499999999993,17,2233.4500000000007,move,improve
3575,31,3123.5499999999993,17,2233.4500000000007,2opt,notBad
3576,31,3117.25,17,2233.4500000000007,move,improve
3577,31,3117.25,17,2233.4500000000007,2opt,notBad
3578,31,3117.25,17,2233.4500000000007,2opt,notBad
3579,31,3117.25,17,2233.4500000000007,swap,notBad
3580,31,3117.25,17,2233.4500000000007,swap,notBad
3581,31,3117.25,17,2233.4500000000007,2opt,notBad
3582,31,3117.25,17,2233.4500000000007,2opt,notBad
3583,31,3117.25,17,2233.4500000000007,2opt,notBad
3584,31,3117.25,17,2233.4500000000007,move,improve
3585,31,3117.25,17,2233.4500000000007,swap,notBad
3586,31,3117.25,17,2233.4500000000007,swap,notBad
3587,31,3117.25,17,2233.4500000000007,2opt,notBad
3588,31,3117.25,17,2233.4500000000007,2opt,notBad
3589,31,3117.25,17,2233.4500000000007,swap,notBad
3590,31,3117.25,17,2233.4500000000007,2opt,notBad
3591,31,3117.25,17,2233.4500000000007,2opt,notBad
3592,31,3117.25,17,2233.4500000000007,move,improve
3593,31,3117.25,17,2233.4500000000007,2opt,notBad
3594,31,3117.25,17,2233.4500000000007,move,improve
3595,31,3117.25,17,2233.4500000000007,2opt,notBad
3596,31,3117.25,17,2233.4500000000007,move,improve
3597,31,3117.25,17,2233.4500000000007,swap,notBad
3598,31,3117.25,17,2233.4500000000007,swap,notBad
3599,31,3117.25,17,2233.4500000000007,move,improve
3600,31,3117.25,17,2233.4500000000007,move,improve
3601,31,3117.25,17,2233.4500000000007,2opt,notBad
3602,31,3117.25,17,2233.4500000000007,2opt,notBad
3603,31,3117.25,17,2233.4500000000007,2opt,improve
3604,31,3117.25,17,2233.4500000000007,2opt,notBad
3605,31,3117.25,17,2233.4500000000007,move,improve
3606,31,3117.25,17,2233.4500000000007,2opt,notBad
3607,31,3117.25,17,2233.4500000000007,move,improve
3608,31,3117.25,17,2233.4500000000007,move,improve
3609,31,3117.25,17,2233.4500000000007,move,improve
3610,31,3117.25,17,2233.4500000000007,swap,notBad
3611,31,3117.25,17,2233.4500000000007,swap,notBad
3612,31,3117.25,17,2233.4500000000007,2opt,notBad
3613,31,3117.25,17,2233.4500000000007,2opt,notBad
3614,31,3103.85,17,2233.4500000000007,move,improve
3615,31,3103.85,17,2233.4500000000007,2opt,notBad
3616,31,3103.85,17,2233.4500000000007,swap,notBad
3617,31,3103.85,17,2233.4500000000007,2opt,improve
3618,31,3103.85,17,2233.4500000000007,2opt,notBad
3619,31,3103.85,17,2233.4500000000007,move,improve
3620,31,3142.399999999999,17,2233.4500000000007,swap,acceptBad
3621,31,3142.399999999999,17,2233.4500000000007,2opt,notBad
3622,31,3132.7999999999993,17,2233.4500000000007,2opt,improve
3623,31,3132.7999999999993,17,2233.4500000000007,2opt,notBad
3624,31,3132.7999999999993,17,2233.4500000000007,swap,notBad
3625,31,3132.7999999999993,17,2233.4500000000007,move,improve
3626,31,3132.7999999999993,17,2233.4500000000007,swap,notBad
3627,31,3132.7999999999993,17,2233.4500000000007,2opt,notBad
3628,31,3132.7999999999993,17,2233.4500000000007,move,improve
3629,31,3132.7999999999993,17,2233.4500000000007,move,improve
3630,31,3132.7999999999993,17,2233.4500000000007,move,improve
3631,31,3132.7999999999993,17,2233.4500000000007,swap,notBad
3632,31,3132.7999999999993,17,2233.4500000000007,2opt,notBad
3633,31,3132.7999999999993,17,2233.4500000000007,swap,notBad
3634,31,3132.7999999999993,17,2233.4500000000007,swap,notBad
3635,31,3132.7999999999993,17,2233.4500000000007,move,improve
3636,31,3132.7999999999993,17,2233.4500000000007,swap,notBad
3637,31,2994.7500000000005,17,2233.4500000000007,move,improve
3638,31,2994.7500000000005,17,2233.4500000000007,move,improve
3639,31,2994.7500000000005,17,2233.4500000000007,swap,notBad
3640,31,2994.7500000000005,17,2233.4500000000007,swap,notBad
3641,31,2994.7500000000005,17,2233.4500000000007,2opt,notBad
3642,31,2994.7500000000005,17,2233.4500000000007,move,improve
3643,31,2994.7500000000005,17,2233.4500000000007,move,improve
3644,31,2994.7500000000005,17,2233.4500000000007,2opt,notBad
3645,31,2994.7500000000005,17,2233.4500000000007,move,improve
3646,31,2994.7500000000005,17,2233.4500000000007,swap,notBad
3647,31,2994.7500000000005,17,2233.4500000000007,move,improve
3648,31,2994.7500000000005,17,2233.4500000000007,move,improve
3649,31,2994.7500000000005,17,2233.4500000000007,swap,notBad
3650,31,2994.7500000000005,17,2233.4500000000007,2opt,improve
3651,31,2994.7500000000005,17,2233.4500000000007,2opt,notBad
3652,31,2994.7500000000005,17,2233.4500000000007,swap,notBad
3653,31,2994.7500000000005,17,2233.4500000000007,2opt,improve
3654,31,2994.7500000000005,17,2233.4500000000007,2opt,notBad
3655,31,2994.7500000000005,17,2233.4500000000007,move,improve
3656,31,2994.7500000000005,17,2233.4500000000007,2opt,notBad
3657,31,2946.3999999999996,17,2233.4500000000007,move,improve
3658,31,2946.3999999999996,17,2233.4500000000007,move,improve
3659,31,2946.3999999999996,17,2233.4500000000007,2opt,notBad
3660,31,2946.3999999999996,17,2233.4500000000007,move,improve
3661,31,2946.3999999999996,17,2233.4500000000007,swap,notBad
3662,31,2935.4,17,2233.4500000000007,2opt,improve
3663,31,2935.4,17,2233.4500000000007,2opt,notBad
3664,31,2935.4,17,2233.4500000000007,move,improve
3665,31,2935.4,17,2233.4500000000007,swap,notBad
3666,31,2935.4,17,2233.4500000000007,2opt,notBad
3667,31,2935.4,17,2233.4500000000007,2opt,notBad
3668,31,2935.4,17,2233.4500000000007,move,improve
3669,31,2935.4,17,2233.4500000000007,move,improve
3670,31,2935.4,17,2233.4500000000007,2opt,notBad
3671,31,2934.35,17,2233.4500000000007,move,improve
3672,31,2934.35,17,2233.4500000000007,move,improve
3673,31,2934.35,17,2233.4500000000007,move,improve
3674,31,2934.35,17,2233.4500000000007,move,improve
3675,31,2934.35,17,2233.4500000000007,swap,notBad
3676,31,2934.35,17,2233.4500000000007,swap,notBad
3677,31,2934.35,17,2233.4500000000007,2opt,notBad
3678,31,2934.35,17,2233.4500000000007,swap,notBad
3679,31,2934.35,17,2233.4500000000007,2opt,notBad
3680,31,2917.8,17,2233.4500000000007,2opt,improve
3681,31,2917.8,17,2233.4500000000007,2opt,notBad
3682,31,2917.8,17,2233.4500000000007,2opt,notBad
3683,31,2917.8,17,2233.4500000000007,2opt,improve
3684,31,2875.400000000001,17,2233.4500000000007,swap,improve
3685,31,2875.400000000001,17,2233.4500000000007,move,improve
3686,31,2875.400000000001,17,2233.4500000000007,move,improve
3687,31,2875.400000000001,17,2233.4500000000007,move,improve
3688,31,2875.400000000001,17,2233.4500000000007,swap,notBad
3689,31,2875.400000000001,17,2233.4500000000007,move,improve
3690,31,2875.400000000001,17,2233.4500000000007,2opt,notBad
3691,31,2875.400000000001,17,2233.4500000000007,2opt,notBad
3692,31,2875.400000000001,17,2233.4500000000007,move,improve
3693,31,2875.400000000001,17,2233.4500000000007,move,improve
3694,31,2875.400000000001,17,2233.4500000000007,2opt,improve
3695,31,2875.400000000001,17,2233.4500000000007,2opt,notBad
3696,31,2833.9000000000005,17,2233.4500000000007,swap,improve
3697,31,2833.9000000000005,17,2233.4500000000007,move,improve
3698,31,2884.500000000001,17,2233.4500000000007,swap,acceptBad
3699,31,2884.500000000001,17,2233.4500000000007,2opt,notBad
3700,31,2884.500000000001,17,2233.4500000000007,swap,notBad
3701,31,2884.500000000001,17,2233.4500000000007,2opt,notBad
3702,31,2884.500000000001,17,2233.4500000000007,swap,notBad
3703,31,2884.500000000001,17,2233.4500000000007,2opt,notBad
3704,31,2884.500000000001,17,2233.4500000000007,move,improve
3705,31,2884.500000000001,17,2233.4500000000007,swap,notBad
3706,31,2884.500000000001,17,2233.4500000000007,swap,notBad
3707,31,2884.500000000001,17,2233.4500000000007,2opt,notBad
3708,31,2884.500000000001,17,2233.4500000000007,swap,notBad
3709,31,2884.500000000001,17,2233.4500000000007,move,improve
3710,31,2884.500000000001,17,2233.4500000000007,move,improve
3711,31,2884.500000000001,17,2233.4500000000007,move,improve
3712,31,2884.500000000001,17,2233.4500000000007,2opt,notBad
3713,31,2884.500000000001,17,2233.4500000000007,swap,notBad
3714,31,2884.500000000001,17,2233.4500000000007,2opt,notBad
3715,31,2895.0,17,2233.4500000000007,swap,acceptBad
3716,31,2895.0,17,2233.4500000000007,swap,notBad
3717,31,2895.0,17,2233.4500000000007,swap,notBad
3718,31,2895.0,17,2233.4500000000007,2opt,notBad
3719,31,2895.0,17,2233.4500000000007,move,improve
3720,31,2895.0,17,2233.4500000000007,2opt,notBad
3721,31,2895.0,17,2233.4500000000007,move,improve
3722,31,2895.0,17,2233.4500000000007,swap,notBad
3723,31,2895.0,17,2233.4500000000007,2opt,notBad
3724,31,2895.0,17,2233.4500000000007,2opt,notBad
3725,31,2895.0,17,2233.4500000000007,swap,notBad
3726,31,2895.0,17,2233.4500000000007,move,improve
3727,31,2895.0,17,2233.4500000000007,move,improve
3728,31,2895.0,17,2233.4500000000007,move,improve
3729,31,2895.0,17,2233.4500000000007,swap,notBad
3730,31,2895.0,17,2233.4500000000007,swap,notBad
3731,31,2895.0,17,2233.4500000000007,swap,notBad
3732,31,2895.0,17,2233.4500000000007,move,improve
3733,31,2895.0,17,2233.4500000000007,2opt,notBad
3734,31,2895.0,17,2233.4500000000007,swap,notBad
3735,31,2895.0,17,2233.4500000000007,move,improve
3736,31,2895.0,17,2233.4500000000007,move,improve
3737,31,2895.0,17,2233.4500000000007,swap,notBad
3738,31,2895.0,17,2233.4500000000007,move,improve
3739,31,2851.0999999999995,17,2233.4500000000007,2opt,improve
3740,31,2851.0999999999995,17,2233.4500000000007,2opt,notBad
3741,31,2839.5999999999995,17,2233.4500000000007,2opt,improve
3742,31,2839.5999999999995,17,2233.4500000000007,2opt,notBad
3743,31,2839.5999999999995,17,2233.4500000000007,2opt,notBad
3744,31,2839.5999999999995,17,2233.4500000000007,move,improve
3745,31,2839.5999999999995,17,2233.4500000000007,2opt,notBad
3746,31,2839.5999999999995,17,2233.4500000000007,2opt,notBad
3747,31,2839.5999999999995,17,2233.4500000000007,2opt,notBad
3748,31,2839.5999999999995,17,2233.4500000000007,move,improve
3749,31,2839.5999999999995,17,2233.4500000000007,move,improve
3750,31,2839.5999999999995,17,2233.4500000000007,2opt,notBad
3751,31,2839.5999999999995,17,2233.4500000000007,2opt,notBad
3752,31,2839.5999999999995,17,2233.4500000000007,move,improve
3753,31,2839.5999999999995,17,2233.4500000000007,2opt,notBad
3754,31,2839.5999999999995,17,2233.4500000000007,2opt,notBad
3755,31,2839.5999999999995,17,2233.4500000000007,2opt,notBad
3756,31,2839.5999999999995,17,2233.4500000000007,move,improve
3757,31,2839.5999999999995,17,2233.4500000000007,swap,notBad
3758,31,2839.5999999999995,17,2233.4500000000007,swap,notBad
3759,31,2839.5999999999995,17,2233.4500000000007,swap,notBad
3760,31,2839.5999999999995,17,2233.4500000000007,swap,notBad
3761,31,2839.5999999999995,17,2233.4500000000007,swap,notBad
3762,31,2839.5999999999995,17,2233.4500000000007,move,improve
3763,31,2839.5999999999995,17,2233.4500000000007,move,improve
3764,31,2839.5999999999995,17,2233.4500000000007,swap,notBad
3765,31,2839.5999999999995,17,2233.4500000000007,2opt,notBad
3766,31,2839.5999999999995,17,2233.4500000000007,move,improve
3767,31,2839.5999999999995,17,2233.4500000000007,move,notBad
3768,31,2839.5999999999995,17,2233.4500000000007,2opt,notBad
3769,31,2839.5999999999995,17,2233.4500000000007,2opt,notBad
3770,31,2839.5999999999995,17,2233.4500000000007,2opt,notBad
3771,31,2839.5999999999995,17,2233.4500000000007,swap,notBad
3772,31,2839.5999999999995,17,2233.4500000000007,2opt,notBad
3773,31,2839.5999999999995,17,2233.4500000000007,2opt,notBad
3774,31,2839.5999999999995,17,2233.4500000000007,swap,notBad
3775,31,2839.5999999999995,17,2233.4500000000007,move,improve
3776,31,2839.5999999999995,17,2233.4500000000007,2opt,notBad
3777,31,2839.5999999999995,17,2233.4500000000007,2opt,notBad
3778,31,2839.5999999999995,17,2233.4500000000007,2opt,notBad
3779,31,2839.5999999999995,17,2233.4500000000007,swap,notBad
3780,31,2839.5999999999995,17,2233.4500000000007,2opt,notBad
3781,31,2839.5999999999995,17,2233.4500000000007,swap,notBad
3782,31,2839.5999999999995,17,2233.4500000000007,swap,notBad
3783,31,2839.5999999999995,17,2233.4500000000007,move,improve
3784,31,2839.5999999999995,17,2233.4500000000007,2opt,notBad
3785,31,2839.5999999999995,17,2233.4500000000007,swap,notBad
3786,31,2839.5999999999995,17,2233.4500000000007,move,improve
3787,31,2839.5999999999995,17,2233.4500000000007,move,improve
3788,31,2839.5999999999995,17,2233.4500000000007,swap,notBad
3789,31,2839.5999999999995,17,2233.4500000000007,swap,notBad
3790,31,2839.5999999999995,17,2233.4500000000007,swap,notBad
3791,31,2839.5999999999995,17,2233.4500000000007,move,improve
3792,31,2839.5999999999995,17,2233.4500000000007,move,improve
3793,31,2839.5999999999995,17,2233.4500000000007,2opt,notBad
3794,31,2839.5999999999995,17,2233.4500000000007,move,improve
3795,31,2839.5999999999995,17,2233.4500000000007,move,improve
3796,31,2839.5999999999995,17,2233.4500000000007,swap,notBad
3797,31,2839.5999999999995,17,2233.4500000000007,swap,notBad
3798,31,2839.5999999999995,17,2233.4500000000007,move,improve
3799,31,2839.5999999999995,17,2233.4500000000007,move,improve
3800,31,2839.5999999999995,17,2233.4500000000007,2opt,notBad
3801,31,2839.5999999999995,17,2233.4500000000007,swap,notBad
3802,31,2839.5999999999995,17,2233.4500000000007,move,improve
3803,31,2839.5999999999995,17,2233.4500000000007,2opt,notBad
3804,31,2839.5999999999995,17,2233.4500000000007,2opt,notBad
3805,31,2839.5999999999995,17,2233.4500000000007,move,improve
3806,31,2839.5999999999995,17,2233.4500000000007,2opt,notBad
3807,31,2839.5999999999995,17,2233.4500000000007,2opt,notBad
3808,31,2834.2999999999993,17,2233.4500000000007,move,improve
3809,31,2834.2999999999993,17,2233.4500000000007,move,improve
3810,31,2834.2999999999993,17,2233.4500000000007,2opt,notBad
3811,31,2834.2999999999993,17,2233.4500000000007,swap,notBad
3812,31,2834.2999999999993,17,2233.4500000000007,2opt,improve
3813,31,2820.1499999999996,17,2233.4500000000007,swap,improve
3814,31,2820.1499999999996,17,2233.4500000000007,swap,notBad
3815,31,2820.1499999999996,17,2233.4500000000007,2opt,notBad
3816,31,2820.1499999999996,17,2233.4500000000007,move,improve
3817,31,2820.1499999999996,17,2233.4500000000007,2opt,notBad
3818,31,2820.1499999999996,17,2233.4500000000007,2opt,notBad
3819,31,2820.1499999999996,17,2233.4500000000007,swap,notBad
3820,31,2820.1499999999996,17,2233.4500000000007,move,improve
3821,31,2820.1499999999996,17,2233.4500000000007,move,improve
3822,31,2820.1499999999996,17,2233.4500000000007,move,improve
3823,31,2820.1499999999996,17,2233.4500000000007,swap,notBad
3824,31,2820.1499999999996,17,2233.4500000000007,move,improve
3825,31,2820.1499999999996,17,2233.4500000000007,swap,notBad
3826,31,2820.1499999999996,17,2233.4500000000007,move,improve
3827,31,2794.2999999999993,17,2233.4500000000007,move,improve
3828,31,2794.2999999999993,17,2233.4500000000007,swap,notBad
3829,31,2794.2999999999993,17,2233.4500000000007,move,improve
3830,31,2794.2999999999993,17,2233.4500000000007,move,improve
3831,31,2794.2999999999993,17,2233.4500000000007,2opt,notBad
3832,31,2794.2999999999993,17,2233.4500000000007,move,improve
3833,31,2794.2999999999993,17,2233.4500000000007,2opt,improve
3834,31,2794.2999999999993,17,2233.4500000000007,2opt,notBad
3835,31,2794.2999999999993,17,2233.4500000000007,swap,notBad
3836,31,2794.2999999999993,17,2233.4500000000007,2opt,notBad
3837,31,2794.2999999999993,17,2233.4500000000007,move,improve
3838,31,2794.2999999999993,17,2233.4500000000007,2opt,notBad
3839,31,2756.249999999998,17,2233.4500000000007,swap,improve
3840,31,2756.249999999998,17,2233.4500000000007,move,improve
3841,31,2756.249999999998,17,2233.4500000000007,swap,notBad
3842,31,2756.249999999998,17,2233.4500000000007,swap,notBad
3843,31,2756.249999999998,17,2233.4500000000007,2opt,notBad
3844,31,2756.249999999998,17,2233.4500000000007,2opt,notBad
3845,31,2756.249999999998,17,2233.4500000000007,swap,notBad
3846,31,2756.249999999998,17,2233.4500000000007,swap,notBad
3847,31,2756.249999999998,17,2233.4500000000007,move,improve
3848,31,2756.249999999998,17,2233.4500000000007,move,improve
3849,31,2756.249999999998,17,2233.4500000000007,swap,notBad
3850,31,2756.249999999998,17,2233.4500000000007,2opt,notBad
3851,31,2756.249999999998,17,2233.4500000000007,move,improve
3852,31,2756.249999999998,17,2233.4500000000007,move,improve
3853,31,2756.249999999998,17,2233.4500000000007,move,improve
3854,31,2756.249999999998,17,2233.4500000000007,swap,notBad
3855,31,2756.249999999998,17,2233.4500000000007,swap,notBad
3856,31,2756.249999999998,17,2233.4500000000007,move,improve
3857,31,2756.249999999998,17,2233.4500000000007,2opt,notBad
3858,31,2756.249999999998,17,2233.4500000000007,move,improve
3859,31,2756.249999999998,17,2233.4500000000007,move,improve
3860,31,2756.249999999998,17,2233.4500000000007,2opt,notBad
3861,31,2756.249999999998,17,2233.4500000000007,2opt,notBad
3862,31,2756.249999999998,17,2233.4500000000007,2opt,notBad
3863,31,2756.249999999998,17,2233.4500000000007,2opt,notBad
3864,31,2756.249999999998,17,2233.4500000000007,2opt,notBad
3865,31,2756.249999999998,17,2233.4500000000007,swap,notBad
3866,31,2756.249999999998,17,2233.4500000000007,2opt,notBad
3867,31,2756.249999999998,17,2233.4500000000007,swap,notBad
3868,31,2756.249999999998,17,2233.4500000000007,swap,notBad
3869,31,2756.249999999998,17,2233.4500000000007,swap,notBad
3870,31,2756.249999999998,17,2233.4500000000007,move,improve
3871,31,2756.249999999998,17,2233.4500000000007,swap,notBad
3872,31,2756.249999999998,17,2233.4500000000007,swap,notBad
3873,31,2756.249999999998,17,2233.4500000000007,swap,notBad
3874,31,2756.249999999998,17,2233.4500000000007,2opt,notBad
3875,31,2756.249999999998,17,2233.4500000000007,move,improve
3876,31,2756.249999999998,17,2233.4500000000007,2opt,notBad
3877,31,2756.249999999998,17,2233.4500000000007,move,improve
3878,31,2756.249999999998,17,2233.4500000000007,swap,notBad
3879,31,2756.249999999998,17,2233.4500000000007,move,improve
3880,31,2756.249999999998,17,2233.4500000000007,move,improve
3881,31,2756.249999999998,17,2233.4500000000007,2opt,notBad
3882,31,2756.249999999998,17,2233.4500000000007,move,improve
3883,31,2756.249999999998,17,2233.4500000000007,move,improve
3884,31,2756.249999999998,17,2233.4500000000007,swap,notBad
3885,31,2756.249999999998,17,2233.4500000000007,2opt,notBad
3886,31,2756.249999999998,17,2233.4500000000007,2opt,notBad
3887,31,2756.249999999998,17,2233.4500000000007,swap,notBad
3888,31,2756.249999999998,17,2233.4500000000007,move,improve
3889,31,2756.249999999998,17,2233.4500000000007,2opt,notBad
3890,31,2758.999999999998,17,2233.4500000000007,2opt,acceptBad
3891,31,2758.999999999998,17,2233.4500000000007,swap,notBad
3892,31,2758.999999999998,17,2233.4500000000007,2opt,notBad
3893,31,2758.999999999998,17,2233.4500000000007,2opt,notBad
3894,31,2758.999999999998,17,2233.4500000000007,swap,notBad
3895,31,2758.999999999998,17,2233.4500000000007,swap,notBad
3896,31,2758.999999999998,17,2233.4500000000007,2opt,notBad
3897,31,2758.999999999998,17,2233.4500000000007,move,improve
3898,31,2758.999999999998,17,2233.4500000000007,move,improve
3899,31,2758.999999999998,17,2233.4500000000007,swap,notBad
3900,31,2758.999999999998,17,2233.4500000000007,move,improve
3901,31,2758.999999999998,17,2233.4500000000007,move,improve
3902,31,2742.0500000000006,17,2233.4500000000007,2opt,improve
3903,31,2742.0500000000006,17,2233.4500000000007,swap,notBad
3904,31,2742.0500000000006,17,2233.4500000000007,move,improve
3905,31,2742.0500000000006,17,2233.4500000000007,2opt,notBad
3906,31,2742.0500000000006,17,2233.4500000000007,move,improve
3907,31,2742.0500000000006,17,2233.4500000000007,move,improve
3908,31,2742.0500000000006,17,2233.4500000000007,2opt,notBad
3909,31,2742.0500000000006,17,2233.4500000000007,swap,notBad
3910,31,2784.5000000000005,17,2233.4500000000007,swap,acceptBad
3911,31,2784.5000000000005,17,2233.4500000000007,swap,notBad
3912,31,2784.5000000000005,17,2233.4500000000007,swap,notBad
3913,31,2784.5000000000005,17,2233.4500000000007,move,improve
3914,31,2784.5000000000005,17,2233.4500000000007,2opt,notBad
3915,31,2784.5000000000005,17,2233.4500000000007,2opt,notBad
3916,31,2784.5000000000005,17,2233.4500000000007,2opt,notBad
3917,31,2784.5000000000005,17,2233.4500000000007,2opt,notBad
3918,31,2784.5000000000005,17,2233.4500000000007,move,improve
3919,31,2784.5000000000005,17,2233.4500000000007,2opt,notBad
3920,31,2783.7500000000005,17,2233.4500000000007,move,improve
3921,31,2783.7500000000005,17,2233.4500000000007,move,improve
3922,31,2783.7500000000005,17,2233.4500000000007,swap,notBad
3923,31,2783.7500000000005,17,2233.4500000000007,move,improve
3924,31,2783.7500000000005,17,2233.4500000000007,2opt,notBad
3925,31,2783.7500000000005,17,2233.4500000000007,move,improve
3926,31,2783.7500000000005,17,2233.4500000000007,move,improve
3927,31,2783.7500000000005,17,2233.4500000000007,swap,notBad
3928,31,2783.7500000000005,17,2233.4500000000007,swap,notBad
3929,31,2783.7500000000005,17,2233.4500000000007,2opt,notBad
3930,31,2783.7500000000005,17,2233.4500000000007,2opt,notBad
3931,31,2783.7500000000005,17,2233.4500000000007,move,improve
3932,31,2783.7500000000005,17,2233.4500000000007,move,improve
3933,31,2783.7500000000005,17,2233.4500000000007,swap,notBad
3934,31,2783.7500000000005,17,2233.4500000000007,move,improve
3935,31,2783.7500000000005,17,2233.4500000000007,move,improve
3936,31,2783.7500000000005,17,2233.4500000000007,2opt,notBad
3937,31,2783.7500000000005,17,2233.4500000000007,swap,notBad
3938,31,2783.7500000000005,17,2233.4500000000007,move,improve
3939,31,2783.7500000000005,17,2233.4500000000007,swap,notBad
3940,31,2817.8,17,2233.4500000000007,swap,acceptBad
3941,31,2817.8,17,2233.4500000000007,2opt,notBad
3942,31,2817.8,17,2233.4500000000007,move,improve
3943,31,2817.8,17,2233.4500000000007,2opt,notBad
3944,31,2817.8,17,2233.4500000000007,swap,notBad
3945,31,2817.8,17,2233.4500000000007,2opt,notBad
3946,31,2817.8,17,2233.4500000000007,2opt,notBad
3947,31,2817.8,17,2233.4500000000007,2opt,notBad
3948,31,2817.8,17,2233.4500000000007,move,improve
3949,31,2817.8,17,2233.4500000000007,move,improve
3950,31,2817.8,17,2233.4500000000007,2opt,notBad
3951,31,2817.8,17,2233.4500000000007,2opt,improve
3952,31,2817.8,17,2233.4500000000007,swap,notBad
3953,31,2817.8,17,2233.4500000000007,swap,notBad
3954,31,2817.8,17,2233.4500000000007,move,improve
3955,31,2817.8,17,2233.4500000000007,move,improve
3956,31,2817.8,17,2233.4500000000007,move,improve
3957,31,2817.8,17,2233.4500000000007,move,improve
3958,31,2817.8,17,2233.4500000000007,swap,notBad
3959,31,2817.8,17,2233.4500000000007,2opt,notBad
3960,31,2817.8,17,2233.4500000000007,2opt,notBad
3961,31,2817.8,17,2233.4500000000007,swap,notBad
3962,31,2817.8,17,2233.4500000000007,swap,notBad
3963,31,2817.8,17,2233.4500000000007,move,improve
3964,31,2817.8,17,2233.4500000000007,swap,notBad
3965,31,2817.8,17,2233.4500000000007,move,improve
3966,31,2817.8,17,2233.4500000000007,move,improve
3967,31,2817.8,17,2233.4500000000007,swap,notBad
3968,31,2817.8,17,2233.4500000000007,move,improve
3969,31,2817.8,17,2233.4500000000007,2opt,notBad
3970,31,2907.2000000000007,17,2233.4500000000007,swap,acceptBad
3971,31,2907.2000000000007,17,2233.4500000000007,swap,notBad
3972,31,2907.2000000000007,17,2233.4500000000007,swap,notBad
3973,31,2907.2000000000007,17,2233.4500000000007,move,improve
3974,31,2907.2000000000007,17,2233.4500000000007,swap,notBad
3975,31,2907.2000000000007,17,2233.4500000000007,2opt,notBad
3976,31,2907.2000000000007,17,2233.4500000000007,2opt,notBad
3977,31,2907.2000000000007,17,2233.4500000000007,2opt,notBad
3978,31,2907.2000000000007,17,2233.4500000000007,2opt,notBad
3979,31,2907.2000000000007,17,2233.4500000000007,swap,notBad
3980,31,2907.2000000000007,17,2233.4500000000007,swap,notBad
3981,31,2914.9000000000005,17,2233.4500000000007,swap,acceptBad
3982,31,2914.9000000000005,17,2233.4500000000007,move,improve
3983,31,2914.9000000000005,17,2233.4500000000007,swap,notBad
3984,31,2914.9000000000005,17,2233.4500000000007,swap,notBad
3985,31,2914.9000000000005,17,2233.4500000000007,swap,notBad
3986,31,2914.9000000000005,17,2233.4500000000007,swap,notBad
3987,31,2914.9000000000005,17,2233.4500000000007,2opt,notBad
3988,31,2914.9000000000005,17,2233.4500000000007,move,improve
3989,31,2914.9000000000005,17,2233.4500000000007,2opt,notBad
3990,31,2914.9000000000005,17,2233.4500000000007,move,improve
3991,31,2914.9000000000005,17,2233.4500000000007,move,improve
3992,31,2914.9000000000005,17,2233.4500000000007,2opt,notBad
3993,31,2911.4000000000005,17,2233.4500000000007,2opt,improve
3994,31,2911.4000000000005,17,2233.4500000000007,2opt,notBad
3995,31,2911.4000000000005,17,2233.4500000000007,move,improve
3996,31,2911.4000000000005,17,2233.4500000000007,2opt,notBad
3997,31,2911.4000000000005,17,2233.4500000000007,move,improve
3998,31,2911.4000000000005,17,2233.4500000000007,move,improve
3999,31,2911.4000000000005,17,2233.4500000000007,2opt,notBad
4000,31,2911.4000000000005,17,2233.4500000000007,move,improve
4001,31,2911.4000000000005,17,2233.4500000000007,move,improve
4002,31,2911.4000000000005,17,2233.4500000000007,move,improve
4003,31,2912.6999999999994,17,2233.4500000000007,2opt,acceptBad
4004,31,2912.6999999999994,17,2233.4500000000007,swap,notBad
4005,31,2912.6999999999994,17,2233.4500000000007,2opt,notBad
4006,31,2912.6999999999994,17,2233.4500000000007,move,improve
4007,31,2912.6999999999994,17,2233.4500000000007,swap,notBad
4008,31,2912.6999999999994,17,2233.4500000000007,move,improve
4009,31,2912.6999999999994,17,2233.4500000000007,move,improve
4010,31,2912.6999999999994,17,2233.4500000000007,move,improve
4011,31,2857.9000000000005,17,2233.4500000000007,2opt,improve
4012,31,2857.9000000000005,17,2233.4500000000007,2opt,notBad
4013,31,2857.9000000000005,17,2233.4500000000007,swap,notBad
4014,31,2857.9000000000005,17,2233.4500000000007,move,improve
4015,31,2857.9000000000005,17,2233.4500000000007,2opt,notBad
4016,31,2857.9000000000005,17,2233.4500000000007,move,improve
4017,31,2857.9000000000005,17,2233.4500000000007,move,improve
4018,31,2857.9000000000005,17,2233.4500000000007,2opt,notBad
4019,31,2857.9000000000005,17,2233.4500000000007,move,improve
4020,31,2857.9000000000005,17,2233.4500000000007,move,improve
4021,31,2857.9000000000005,17,2233.4500000000007,2opt,notBad
4022,31,2857.9000000000005,17,2233.4500000000007,swap,notBad
4023,31,2857.9000000000005,17,2233.4500000000007,2opt,improve
4024,31,2857.9000000000005,17,2233.4500000000007,2opt,notBad
4025,31,2857.9000000000005,17,2233.4500000000007,move,improve
4026,31,2857.9000000000005,17,2233.4500000000007,2opt,notBad
4027,31,2857.9000000000005,17,2233.4500000000007,2opt,notBad
4028,31,2857.9000000000005,17,2233.4500000000007,2opt,notBad
4029,31,2857.9000000000005,17,2233.4500000000007,2opt,notBad
4030,31,2857.9000000000005,17,2233.4500000000007,swap,notBad
4031,31,2857.9000000000005,17,2233.4500000000007,2opt,notBad
4032,31,2857.9000000000005,17,2233.4500000000007,2opt,notBad
4033,31,2857.9000000000005,17,2233.4500000000007,swap,notBad
4034,31,2857.9000000000005,17,2233.4500000000007,2opt,notBad
4035,31,2857.9000000000005,17,2233.4500000000007,move,improve
4036,31,2857.9000000000005,17,2233.4500000000007,2opt,notBad
4037,31,2857.9000000000005,17,2233.4500000000007,move,improve
4038,31,2857.9000000000005,17,2233.4500000000007,move,improve
4039,31,2857.9000000000005,17,2233.4500000000007,swap,notBad
4040,31,2857.9000000000005,17,2233.4500000000007,2opt,notBad
4041,31,2857.9000000000005,17,2233.4500000000007,swap,notBad
4042,31,2857.9000000000005,17,2233.4500000000007,swap,notBad
4043,31,2857.9000000000005,17,2233.4500000000007,swap,notBad
4044,31,2857.9000000000005,17,2233.4500000000007,move,improve
4045,31,2857.9000000000005,17,2233.4500000000007,move,improve
4046,31,2857.9000000000005,17,2233.4500000000007,swap,notBad
4047,31,2857.9000000000005,17,2233.4500000000007,move,improve
4048,31,2857.9000000000005,17,2233.4500000000007,2opt,improve
4049,31,2857.9000000000005,17,2233.4500000000007,swap,notBad
4050,31,2857.9000000000005,17,2233.4500000000007,move,improve
4051,31,2857.9000000000005,17,2233.4500000000007,move,improve
4052,31,2857.9000000000005,17,2233.4500000000007,swap,notBad
4053,31,2857.9000000000005,17,2233.4500000000007,2opt,notBad
4054,31,2857.9000000000005,17,2233.4500000000007,move,improve
4055,31,2857.9000000000005,17,2233.4500000000007,2opt,notBad
4056,31,2857.9000000000005,17,2233.4500000000007,move,improve
4057,31,2857.9000000000005,17,2233.4500000000007,swap,notBad
4058,31,2857.9000000000005,17,2233.4500000000007,swap,notBad
4059,31,2857.9000000000005,17,2233.4500000000007,2opt,notBad
4060,31,2857.9000000000005,17,2233.4500000000007,swap,notBad
4061,31,2857.9000000000005,17,2233.4500000000007,2opt,improve
4062,31,2857.9000000000005,17,2233.4500000000007,swap,notBad
4063,31,2857.9000000000005,17,2233.4500000000007,swap,notBad
4064,31,2849.1000000000004,17,2233.4500000000007,move,improve
4065,31,2849.1000000000004,17,2233.4500000000007,2opt,notBad
4066,31,2849.1000000000004,17,2233.4500000000007,swap,notBad
4067,31,2849.1000000000004,17,2233.4500000000007,move,improve
4068,31,2849.1000000000004,17,2233.4500000000007,2opt,notBad
4069,31,2849.1000000000004,17,2233.4500000000007,swap,notBad
4070,31,2849.1000000000004,17,2233.4500000000007,move,improve
4071,31,2900.6,17,2233.4500000000007,swap,acceptBad
4072,31,2900.6,17,2233.4500000000007,2opt,notBad
4073,31,2900.6,17,2233.4500000000007,2opt,notBad
4074,31,2900.6,17,2233.4500000000007,move,improve
4075,31,2900.6,17,2233.4500000000007,move,improve
4076,31,2900.6,17,2233.4500000000007,move,improve
4077,31,2900.6,17,2233.4500000000007,move,improve
4078,31,2900.6,17,2233.4500000000007,swap,notBad
4079,31,2900.6,17,2233.4500000000007,move,improve
4080,31,2900.6,17,2233.4500000000007,swap,notBad
4081,31,2900.6,17,2233.4500000000007,swap,notBad
4082,31,2900.6,17,2233.4500000000007,move,improve
4083,31,2885.7,17,2233.4500000000007,2opt,improve
4084,31,2885.7,17,2233.4500000000007,move,improve
4085,31,2885.7,17,2233.4500000000007,2opt,notBad
4086,31,2885.7,17,2233.4500000000007,move,improve
4087,31,2921.7,17,2233.4500000000007,swap,acceptBad
4088,31,2921.7,17,2233.4500000000007,move,improve
4089,31,2921.7,17,2233.4500000000007,move,improve
4090,31,2921.7,17,2233.4500000000007,swap,notBad
4091,31,2921.7,17,2233.4500000000007,move,improve
4092,31,2921.7,17,2233.4500000000007,move,improve
4093,31,2921.7,17,2233.4500000000007,swap,notBad
4094,31,2921.7,17,2233.4500000000007,swap,notBad
4095,31,2921.7,17,2233.4500000000007,move,improve
4096,31,2921.7,17,2233.4500000000007,2opt,notBad
4097,31,2921.7,17,2233.4500000000007,2opt,notBad
4098,31,2921.7,17,2233.4500000000007,swap,notBad
4099,31,2921.7,17,2233.4500000000007,move,improve
4100,31,2921.7,17,2233.4500000000007,move,improve
4101,31,2921.7,17,2233.4500000000007,swap,notBad
4102,31,2921.7,17,2233.4500000000007,2opt,notBad
4103,31,2921.7,17,2233.4500000000007,move,improve
4104,31,2921.7,17,2233.4500000000007,2opt,notBad
4105,31,2921.7,17,2233.4500000000007,2opt,notBad
4106,31,2921.7,17,2233.4500000000007,move,improve
4107,31,2921.7,17,2233.4500000000007,move,improve
4108,31,2921.7,17,2233.4500000000007,2opt,notBad
4109,31,2921.7,17,2233.4500000000007,move,improve
4110,31,2921.7,17,2233.4500000000007,2opt,notBad
4111,31,2928.7,17,2233.4500000000007,swap,acceptBad
4112,31,2928.7,17,2233.4500000000007,move,improve
4113,31,2928.7,17,2233.4500000000007,2opt,notBad
4114,31,2928.7,17,2233.4500000000007,move,improve
4115,31,2928.7,17,2233.4500000000007,2opt,notBad
4116,31,2928.7,17,2233.4500000000007,2opt,notBad
4117,31,2928.7,17,2233.4500000000007,2opt,notBad
4118,31,2928.7,17,2233.4500000000007,2opt,notBad
4119,31,2928.7,17,2233.4500000000007,swap,notBad
4120,31,2928.7,17,2233.4500000000007,2opt,notBad
4121,31,2928.7,17,2233.4500000000007,swap,notBad
4122,31,2951.1499999999996,17,2233.4500000000007,swap,acceptBad
4123,31,2951.1499999999996,17,2233.4500000000007,move,improve
4124,31,2951.1499999999996,17,2233.4500000000007,move,improve
4125,31,2951.1499999999996,17,2233.4500000000007,move,improve
4126,31,2951.1499999999996,17,2233.4500000000007,move,improve
4127,31,2951.1499999999996,17,2233.4500000000007,2opt,notBad
4128,31,2951.1499999999996,17,2233.4500000000007,move,improve
4129,31,2951.1499999999996,17,2233.4500000000007,move,improve
4130,31,2951.1499999999996,17,2233.4500000000007,2opt,notBad
4131,31,2951.1499999999996,17,2233.4500000000007,swap,notBad
4132,31,2951.1499999999996,17,2233.4500000000007,move,improve
4133,31,2951.1499999999996,17,2233.4500000000007,swap,notBad
4134,31,2951.1499999999996,17,2233.4500000000007,swap,notBad
4135,31,2951.1499999999996,17,2233.4500000000007,swap,notBad
4136,31,2951.1499999999996,17,2233.4500000000007,swap,notBad
4137,31,2951.1499999999996,17,2233.4500000000007,move,improve
4138,31,2951.1499999999996,17,2233.4500000000007,move,improve
4139,31,2951.1499999999996,17,2233.4500000000007,swap,notBad
4140,31,2951.1499999999996,17,2233.4500000000007,2opt,notBad
4141,31,2951.1499999999996,17,2233.4500000000007,2opt,notBad
4142,31,2951.1499999999996,17,2233.4500000000007,swap,notBad
4143,31,2951.1499999999996,17,2233.4500000000007,2opt,notBad
4144,31,2963.45,17,2233.4500000000007,2opt,acceptBad
4145,31,2963.45,17,2233.4500000000007,move,improve
4146,31,2963.45,17,2233.4500000000007,move,improve
4147,31,2948.95,17,2233.4500000000007,2opt,improve
4148,31,2948.95,17,2233.4500000000007,move,improve
4149,31,2929.4999999999995,17,2233.4500000000007,move,improve
4150,31,2929.4999999999995,17,2233.4500000000007,move,improve
4151,31,2929.4999999999995,17,2233.4500000000007,2opt,notBad
4152,31,2929.4999999999995,17,2233.4500000000007,swap,notBad
4153,31,2930.0499999999993,17,2233.4500000000007,swap,acceptBad
4154,31,2930.0499999999993,17,2233.4500000000007,2opt,notBad
4155,31,2929.4999999999995,17,2233.4500000000007,move,improve
4156,31,2929.4999999999995,17,2233.4500000000007,2opt,notBad
4157,31,2929.4999999999995,17,2233.4500000000007,2opt,notBad
4158,31,2929.4999999999995,17,2233.4500000000007,swap,notBad
4159,31,2929.4999999999995,17,2233.4500000000007,move,improve
4160,31,2929.4999999999995,17,2233.4500000000007,2opt,notBad
4161,31,2929.4999999999995,17,2233.4500000000007,move,improve
4162,31,2929.4999999999995,17,2233.4500000000007,move,improve
4163,31,2929.4999999999995,17,2233.4500000000007,move,improve
4164,31,2929.4999999999995,17,2233.4500000000007,swap,notBad
4165,31,2929.4999999999995,17,2233.4500000000007,2opt,notBad
4166,31,2929.4999999999995,17,2233.4500000000007,swap,notBad
4167,31,2929.4999999999995,17,2233.4500000000007,2opt,notBad
4168,31,2882.2499999999995,17,2233.4500000000007,swap,improve
4169,31,2882.2499999999995,17,2233.4500000000007,2opt,notBad
4170,31,2882.2499999999995,17,2233.4500000000007,move,improve
4171,31,2882.2499999999995,17,2233.4500000000007,swap,notBad
4172,31,2882.2499999999995,17,2233.4500000000007,2opt,notBad
4173,31,2882.2499999999995,17,2233.4500000000007,2opt,notBad
4174,31,2882.2499999999995,17,2233.4500000000007,swap,notBad
4175,31,2882.2499999999995,17,2233.4500000000007,move,improve
4176,31,2882.2499999999995,17,2233.4500000000007,2opt,notBad
4177,31,2882.2499999999995,17,2233.4500000000007,2opt,notBad
4178,31,2882.2499999999995,17,2233.4500000000007,2opt,notBad
4179,31,2882.2499999999995,17,2233.4500000000007,2opt,notBad
4180,31,2882.2499999999995,17,2233.4500000000007,move,improve
4181,31,2882.2499999999995,17,2233.4500000000007,2opt,notBad
4182,31,2882.2499999999995,17,2233.4500000000007,move,improve
4183,31,2882.2499999999995,17,2233.4500000000007,2opt,notBad
4184,31,2882.2499999999995,17,2233.4500000000007,2opt,notBad
4185,31,2882.2499999999995,17,2233.4500000000007,move,improve
4186,31,2882.2499999999995,17,2233.4500000000007,2opt,notBad
4187,31,2882.2499999999995,17,2233.4500000000007,move,improve
4188,31,2882.2499999999995,17,2233.4500000000007,move,improve
4189,31,2882.2499999999995,17,2233.4500000000007,2opt,notBad
4190,31,2882.2499999999995,17,2233.4500000000007,move,improve
4191,31,2882.2499999999995,17,2233.4500000000007,move,improve
4192,31,2882.2499999999995,17,2233.4500000000007,2opt,notBad
4193,31,2882.2499999999995,17,2233.4500000000007,swap,notBad
4194,31,2882.2499999999995,17,2233.4500000000007,move,improve
4195,31,2882.2499999999995,17,2233.4500000000007,2opt,notBad
4196,31,2882.2499999999995,17,2233.4500000000007,swap,notBad
4197,31,2882.2499999999995,17,2233.4500000000007,swap,notBad
4198,31,2882.2499999999995,17,2233.4500000000007,2opt,notBad
4199,31,2882.2499999999995,17,2233.4500000000007,2opt,improve
4200,31,2882.2499999999995,17,2233.4500000000007,swap,notBad
4201,31,2882.2499999999995,17,2233.4500000000007,move,improve
4202,31,2882.2499999999995,17,2233.4500000000007,swap,notBad
4203,31,2882.2499999999995,17,2233.4500000000007,swap,notBad
4204,31,2881.25,17,2233.4500000000007,move,improve
4205,31,2881.25,17,2233.4500000000007,2opt,notBad
4206,31,2881.25,17,2233.4500000000007,move,improve
4207,31,2881.25,17,2233.4500000000007,swap,notBad
4208,31,2881.25,17,2233.4500000000007,move,improve
4209,31,2881.25,17,2233.4500000000007,swap,notBad
4210,31,2881.25,17,2233.4500000000007,2opt,notBad
4211,31,2881.25,17,2233.4500000000007,swap,notBad
4212,31,2881.25,17,2233.4500000000007,move,improve
4213,31,2881.25,17,2233.4500000000007,swap,notBad
4214,31,2881.25,17,2233.4500000000007,swap,notBad
4215,31,2881.25,17,2233.4500000000007,move,improve
4216,31,2854.4,17,2233.4500000000007,swap,improve
4217,31,2854.4,17,2233.4500000000007,move,improve
4218,31,2854.4,17,2233.4500000000007,swap,notBad
4219,31,2854.4,17,2233.4500000000007,2opt,notBad
4220,31,2854.4,17,2233.4500000000007,2opt,improve
4221,31,2854.4,17,2233.4500000000007,swap,notBad
4222,31,2854.4,17,2233.4500000000007,2opt,notBad
4223,31,2854.4,17,2233.4500000000007,swap,notBad
4224,31,2854.4,17,2233.4500000000007,2opt,notBad
4225,31,2854.4,17,2233.4500000000007,move,improve
4226,31,2854.4,17,2233.4500000000007,move,improve
4227,31,2854.4,17,2233.4500000000007,move,improve
4228,31,2854.4,17,2233.4500000000007,swap,notBad
4229,31,2854.4,17,2233.4500000000007,swap,notBad
4230,31,2854.4,17,2233.4500000000007,swap,notBad
4231,31,2837.75,17,2233.4500000000007,swap,improve
4232,31,2837.75,17,2233.4500000000007,move,improve
4233,31,2837.75,17,2233.4500000000007,2opt,notBad
4234,31,2837.75,17,2233.4500000000007,2opt,notBad
4235,31,2837.75,17,2233.4500000000007,move,improve
4236,31,2837.75,17,2233.4500000000007,swap,notBad
4237,31,2837.75,17,2233.4500000000007,2opt,notBad
4238,31,2837.75,17,2233.4500000000007,move,improve
4239,31,2837.75,17,2233.4500000000007,swap,notBad
4240,31,2842.8,17,2233.4500000000007,2opt,acceptBad
4241,31,2842.8,17,2233.4500000000007,move,improve
4242,31,2842.8,17,2233.4500000000007,swap,notBad
4243,31,2842.8,17,2233.4500000000007,2opt,notBad
4244,31,2842.8,17,2233.4500000000007,swap,notBad
4245,31,2842.8,17,2233.4500000000007,move,improve
4246,31,2842.8,17,2233.4500000000007,move,improve
4247,31,2842.8,17,2233.4500000000007,swap,notBad
4248,31,2842.8,17,2233.4500000000007,move,improve
4249,31,2842.8,17,2233.4500000000007,2opt,notBad
4250,31,2842.8,17,2233.4500000000007,swap,notBad
4251,31,2842.8,17,2233.4500000000007,move,improve
4252,31,2842.8,17,2233.4500000000007,swap,notBad
4253,31,2842.8,17,2233.4500000000007,2opt,notBad
4254,31,2842.8,17,2233.4500000000007,move,improve
4255,31,2842.8,17,2233.4500000000007,move,improve
4256,31,2842.8,17,2233.4500000000007,swap,notBad
4257,31,2902.2000000000003,17,2233.4500000000007,swap,acceptBad
4258,31,2885.050000000001,17,2233.4500000000007,2opt,improve
4259,31,2885.050000000001,17,2233.4500000000007,2opt,notBad
4260,31,2885.050000000001,17,2233.4500000000007,2opt,notBad
4261,31,2885.050000000001,17,2233.4500000000007,2opt,notBad
4262,31,2885.050000000001,17,2233.4500000000007,2opt,notBad
4263,31,2885.050000000001,17,2233.4500000000007,2opt,notBad
4264,31,2885.050000000001,17,2233.4500000000007,move,improve
4265,31,2885.050000000001,17,2233.4500000000007,move,improve
4266,31,2885.050000000001,17,2233.4500000000007,swap,notBad
4267,31,2885.050000000001,17,2233.4500000000007,move,improve
4268,31,2885.050000000001,17,2233.4500000000007,move,improve
4269,31,2901.850000000001,17,2233.4500000000007,2opt,acceptBad
4270,31,2901.850000000001,17,2233.4500000000007,2opt,notBad
4271,31,2901.850000000001,17,2233.4500000000007,move,improve
4272,31,2901.850000000001,17,2233.4500000000007,swap,notBad
4273,31,2876.600000000001,17,2233.4500000000007,move,improve
4274,31,2876.600000000001,17,2233.4500000000007,2opt,notBad
4275,31,2876.600000000001,17,2233.4500000000007,swap,notBad
4276,31,2876.600000000001,17,2233.4500000000007,swap,notBad
4277,31,2876.600000000001,17,2233.4500000000007,2opt,notBad
4278,31,2876.600000000001,17,2233.4500000000007,swap,notBad
4279,31,2876.600000000001,17,2233.4500000000007,move,improve
4280,31,2876.600000000001,17,2233.4500000000007,move,improve
4281,31,2876.600000000001,17,2233.4500000000007,2opt,notBad
4282,31,2876.600000000001,17,2233.4500000000007,move,improve
4283,31,2876.600000000001,17,2233.4500000000007,swap,notBad
4284,31,2876.600000000001,17,2233.4500000000007,swap,notBad
4285,31,2876.600000000001,17,2233.4500000000007,move,improve
4286,31,2876.600000000001,17,2233.4500000000007,swap,notBad
4287,31,2876.600000000001,17,2233.4500000000007,move,improve
4288,31,2876.600000000001,17,2233.4500000000007,swap,notBad
4289,31,2876.600000000001,17,2233.4500000000007,2opt,notBad
4290,31,2876.600000000001,17,2233.4500000000007,move,improve
4291,31,2876.600000000001,17,2233.4500000000007,move,improve
4292,31,2876.600000000001,17,2233.4500000000007,move,improve
4293,31,2876.600000000001,17,2233.4500000000007,move,improve
4294,31,2876.600000000001,17,2233.4500000000007,2opt,notBad
4295,31,2876.600000000001,17,2233.4500000000007,2opt,notBad
4296,31,2876.600000000001,17,2233.4500000000007,swap,notBad
4297,31,2876.600000000001,17,2233.4500000000007,swap,notBad
4298,31,2876.600000000001,17,2233.4500000000007,2opt,improve
4299,31,2876.600000000001,17,2233.4500000000007,move,improve
4300,31,2876.600000000001,17,2233.4500000000007,2opt,notBad
4301,31,2876.600000000001,17,2233.4500000000007,2opt,notBad
4302,31,2876.600000000001,17,2233.4500000000007,move,improve
4303,31,2876.600000000001,17,2233.4500000000007,swap,notBad
4304,31,2876.600000000001,17,2233.4500000000007,2opt,notBad
4305,31,2876.600000000001,17,2233.4500000000007,move,improve
4306,31,2876.600000000001,17,2233.4500000000007,swap,notBad
4307,31,2876.600000000001,17,2233.4500000000007,swap,notBad
4308,31,2876.600000000001,17,2233.4500000000007,2opt,notBad
4309,31,2904.5000000000014,17,2233.4500000000007,swap,acceptBad
4310,31,2904.5000000000014,17,2233.4500000000007,2opt,notBad
4311,31,2904.5000000000014,17,2233.4500000000007,2opt,notBad
4312,31,2904.5000000000014,17,2233.4500000000007,swap,notBad
4313,31,2904.5000000000014,17,2233.4500000000007,move,improve
4314,31,2904.5000000000014,17,2233.4500000000007,2opt,notBad
4315,31,2904.5000000000014,17,2233.4500000000007,swap,notBad
4316,31,2904.5000000000014,17,2233.4500000000007,2opt,notBad
4317,31,2904.5000000000014,17,2233.4500000000007,move,improve
4318,31,2904.5000000000014,17,2233.4500000000007,move,improve
4319,31,2904.5000000000014,17,2233.4500000000007,swap,notBad
4320,31,2904.5000000000014,17,2233.4500000000007,swap,notBad
4321,31,2904.5000000000014,17,2233.4500000000007,swap,notBad
4322,31,2904.5000000000014,17,2233.4500000000007,move,improve
4323,31,2904.5000000000014,17,2233.4500000000007,2opt,notBad
4324,31,2904.5000000000014,17,2233.4500000000007,swap,notBad
4325,31,2904.5000000000014,17,2233.4500000000007,swap,notBad
4326,31,2904.5000000000014,17,2233.4500000000007,2opt,notBad
4327,31,2920.700000000001,17,2233.4500000000007,swap,acceptBad
4328,31,2920.700000000001,17,2233.4500000000007,move,improve
4329,31,2920.700000000001,17,2233.4500000000007,move,improve
4330,31,2920.700000000001,17,2233.4500000000007,swap,notBad
4331,31,2920.700000000001,17,2233.4500000000007,swap,notBad
4332,31,2920.700000000001,17,2233.4500000000007,move,improve
4333,31,2920.700000000001,17,2233.4500000000007,2opt,notBad
4334,31,2920.700000000001,17,2233.4500000000007,2opt,notBad
4335,31,2920.700000000001,17,2233.4500000000007,2opt,notBad
4336,31,2920.700000000001,17,2233.4500000000007,move,notBad
4337,31,2920.700000000001,17,2233.4500000000007,2opt,notBad
4338,31,2920.700000000001,17,2233.4500000000007,2opt,improve
4339,31,2920.700000000001,17,2233.4500000000007,swap,notBad
4340,31,2920.700000000001,17,2233.4500000000007,move,improve
4341,31,2920.700000000001,17,2233.4500000000007,move,improve
4342,31,2920.700000000001,17,2233.4500000000007,move,improve
4343,31,2920.700000000001,17,2233.4500000000007,swap,notBad
4344,31,2920.700000000001,17,2233.4500000000007,move,improve
4345,31,2920.700000000001,17,2233.4500000000007,move,improve
4346,31,2920.700000000001,17,2233.4500000000007,move,improve
4347,31,2920.700000000001,17,2233.4500000000007,swap,notBad
4348,31,2920.700000000001,17,2233.4500000000007,move,improve
4349,31,2920.700000000001,17,2233.4500000000007,swap,notBad
4350,31,2920.700000000001,17,2233.4500000000007,2opt,notBad
4351,31,2920.700000000001,17,2233.4500000000007,2opt,notBad
4352,31,2920.700000000001,17,2233.4500000000007,swap,notBad
4353,31,2920.700000000001,17,2233.4500000000007,move,improve
4354,31,2920.700000000001,17,2233.4500000000007,2opt,improve
4355,31,2920.700000000001,17,2233.4500000000007,2opt,notBad
4356,31,2920.700000000001,17,2233.4500000000007,move,improve
4357,31,2920.700000000001,17,2233.4500000000007,2opt,notBad
4358,31,2920.700000000001,17,2233.4500000000007,2opt,notBad
4359,31,2920.700000000001,17,2233.4500000000007,move,improve
4360,31,2920.700000000001,17,2233.4500000000007,2opt,notBad
4361,31,2920.700000000001,17,2233.4500000000007,2opt,notBad
4362,31,2920.700000000001,17,2233.4500000000007,swap,notBad
4363,31,2920.700000000001,17,2233.4500000000007,2opt,improve
4364,31,2920.700000000001,17,2233.4500000000007,swap,notBad
4365,31,2920.700000000001,17,2233.4500000000007,2opt,notBad
4366,31,2920.700000000001,17,2233.4500000000007,2opt,notBad
4367,31,2920.700000000001,17,2233.4500000000007,2opt,notBad
4368,31,2920.700000000001,17,2233.4500000000007,move,improve
4369,31,2920.700000000001,17,2233.4500000000007,2opt,notBad
4370,31,2920.700000000001,17,2233.4500000000007,2opt,notBad
4371,31,2920.700000000001,17,2233.4500000000007,2opt,notBad
4372,31,2920.700000000001,17,2233.4500000000007,move,improve
4373,31,2920.700000000001,17,2233.4500000000007,2opt,notBad
4374,31,2920.700000000001,17,2233.4500000000007,move,improve
4375,31,2920.700000000001,17,2233.4500000000007,2opt,notBad
4376,31,2920.700000000001,17,2233.4500000000007,move,improve
4377,31,2920.700000000001,17,2233.4500000000007,swap,notBad
4378,31,2920.700000000001,17,2233.4500000000007,2opt,improve
4379,31,2920.700000000001,17,2233.4500000000007,2opt,notBad
4380,31,2914.3500000000004,17,2233.4500000000007,2opt,improve
4381,31,2914.3500000000004,17,2233.4500000000007,move,improve
4382,31,2914.3500000000004,17,2233.4500000000007,swap,notBad
4383,31,2914.3500000000004,17,2233.4500000000007,swap,notBad
4384,31,2893.1500000000005,17,2233.4500000000007,move,improve
4385,31,2886.2000000000003,17,2233.4500000000007,2opt,improve
4386,31,2886.2000000000003,17,2233.4500000000007,move,improve
4387,31,2886.2000000000003,17,2233.4500000000007,2opt,notBad
4388,31,2886.2000000000003,17,2233.4500000000007,swap,notBad
4389,31,2886.2000000000003,17,2233.4500000000007,swap,notBad
4390,31,2886.2000000000003,17,2233.4500000000007,move,improve
4391,31,2886.2000000000003,17,2233.4500000000007,move,improve
4392,31,2919.3,17,2233.4500000000007,swap,acceptBad
4393,31,2919.3,17,2233.4500000000007,swap,notBad
4394,31,2916.0,17,2233.4500000000007,2opt,improve
4395,31,2916.0,17,2233.4500000000007,2opt,notBad
4396,31,2915.6999999999994,17,2233.4500000000007,move,improve
4397,31,2915.6999999999994,17,2233.4500000000007,swap,notBad
4398,31,2915.6999999999994,17,2233.4500000000007,swap,notBad
4399,31,2915.6999999999994,17,2233.4500000000007,swap,notBad
4400,31,2924.8500000000004,17,2233.4500000000007,2opt,acceptBad
4401,31,2924.8500000000004,17,2233.4500000000007,2opt,notBad
4402,31,2924.8500000000004,17,2233.4500000000007,2opt,notBad
4403,31,2924.8500000000004,17,2233.4500000000007,move,improve
4404,31,2924.8500000000004,17,2233.4500000000007,swap,notBad
4405,31,2924.8500000000004,17,2233.4500000000007,swap,notBad
4406,31,2924.8500000000004,17,2233.4500000000007,move,improve
4407,31,2924.8500000000004,17,2233.4500000000007,2opt,notBad
4408,31,2924.8500000000004,17,2233.4500000000007,2opt,notBad
4409,31,2924.8500000000004,17,2233.4500000000007,swap,notBad
4410,31,2924.8500000000004,17,2233.4500000000007,swap,notBad
4411,31,2924.8500000000004,17,2233.4500000000007,swap,notBad
4412,31,2924.8500000000004,17,2233.4500000000007,swap,notBad
4413,31,2924.8500000000004,17,2233.4500000000007,move,improve
4414,31,2924.8500000000004,17,2233.4500000000007,move,improve
4415,31,2924.8500000000004,17,2233.4500000000007,2opt,notBad
4416,31,2924.8500000000004,17,2233.4500000000007,move,improve
4417,31,2924.8500000000004,17,2233.4500000000007,2opt,notBad
4418,31,2924.8500000000004,17,2233.4500000000007,swap,notBad
4419,31,2924.8500000000004,17,2233.4500000000007,2opt,improve
4420,31,2924.8500000000004,17,2233.4500000000007,2opt,notBad
4421,31,2915.6500000000015,17,2233.4500000000007,2opt,improve
4422,31,2915.6500000000015,17,2233.4500000000007,move,improve
4423,31,2915.6500000000015,17,2233.4500000000007,swap,notBad
4424,31,2915.6500000000015,17,2233.4500000000007,move,improve
4425,31,2915.6500000000015,17,2233.4500000000007,swap,notBad
4426,31,2915.6500000000015,17,2233.4500000000007,move,improve
4427,31,2915.6500000000015,17,2233.4500000000007,2opt,notBad
4428,31,2915.6500000000015,17,2233.4500000000007,swap,notBad
4429,31,2915.6500000000015,17,2233.4500000000007,2opt,notBad
4430,31,2915.6500000000015,17,2233.4500000000007,2opt,notBad
4431,31,2915.6500000000015,17,2233.4500000000007,move,improve
4432,31,2915.6500000000015,17,2233.4500000000007,swap,notBad
4433,31,2915.6500000000015,17,2233.4500000000007,move,improve
4434,31,2915.6500000000015,17,2233.4500000000007,swap,notBad
4435,31,2915.6500000000015,17,2233.4500000000007,2opt,notBad
4436,31,2915.6500000000015,17,2233.4500000000007,swap,notBad
4437,31,2915.6500000000015,17,2233.4500000000007,move,improve
4438,31,2915.6500000000015,17,2233.4500000000007,2opt,notBad
4439,31,2915.6500000000015,17,2233.4500000000007,move,improve
4440,31,2915.6500000000015,17,2233.4500000000007,swap,notBad
4441,31,2915.6500000000015,17,2233.4500000000007,2opt,improve
4442,31,2915.6500000000015,17,2233.4500000000007,swap,notBad
4443,31,2912.2000000000016,17,2233.4500000000007,move,improve
4444,31,2912.2000000000016,17,2233.4500000000007,2opt,notBad
4445,31,2912.2000000000016,17,2233.4500000000007,swap,notBad
4446,31,2912.2000000000016,17,2233.4500000000007,swap,notBad
4447,31,2912.2000000000016,17,2233.4500000000007,swap,notBad
4448,31,2912.2000000000016,17,2233.4500000000007,swap,notBad
4449,31,2912.2000000000016,17,2233.4500000000007,move,improve
4450,31,2912.2000000000016,17,2233.4500000000007,swap,notBad
4451,31,2912.2000000000016,17,2233.4500000000007,swap,notBad
4452,31,2912.2000000000016,17,2233.4500000000007,swap,notBad
4453,31,2912.2000000000016,17,2233.4500000000007,move,improve
4454,31,2912.2000000000016,17,2233.4500000000007,2opt,improve
4455,31,2912.2000000000016,17,2233.4500000000007,swap,notBad
4456,31,2912.2000000000016,17,2233.4500000000007,2opt,notBad
4457,31,2912.2000000000016,17,2233.4500000000007,swap,notBad
4458,31,2912.2000000000016,17,2233.4500000000007,2opt,notBad
4459,31,2912.2000000000016,17,2233.4500000000007,2opt,notBad
4460,31,2912.2000000000016,17,2233.4500000000007,2opt,notBad
4461,31,2912.2000000000016,17,2233.4500000000007,swap,notBad
4462,31,2912.2000000000016,17,2233.4500000000007,move,improve
4463,31,2912.2000000000016,17,2233.4500000000007,2opt,notBad
4464,31,2912.2000000000016,17,2233.4500000000007,swap,notBad
4465,31,2912.2000000000016,17,2233.4500000000007,move,improve
4466,31,2912.2000000000016,17,2233.4500000000007,2opt,notBad
4467,31,2912.2000000000016,17,2233.4500000000007,2opt,notBad
4468,31,2912.2000000000016,17,2233.4500000000007,swap,notBad
4469,31,2912.2000000000016,17,2233.4500000000007,swap,notBad
4470,31,2912.2000000000016,17,2233.4500000000007,2opt,notBad
4471,31,2912.2000000000016,17,2233.4500000000007,swap,notBad
4472,31,2912.2000000000016,17,2233.4500000000007,move,improve
4473,31,2912.2000000000016,17,2233.4500000000007,2opt,notBad
4474,31,2912.2000000000016,17,2233.4500000000007,move,improve
4475,31,2912.2000000000016,17,2233.4500000000007,2opt,notBad
4476,31,2912.2000000000016,17,2233.4500000000007,move,improve
4477,31,2912.2000000000016,17,2233.4500000000007,swap,notBad
4478,31,2912.2000000000016,17,2233.4500000000007,move,improve
4479,31,2912.2000000000016,17,2233.4500000000007,2opt,notBad
4480,31,2912.2000000000016,17,2233.4500000000007,move,improve
4481,31,2912.2000000000016,17,2233.4500000000007,move,improve
4482,31,2912.2000000000016,17,2233.4500000000007,move,improve
4483,31,2900.400000000001,17,2233.4500000000007,swap,improve
4484,31,2900.400000000001,17,2233.4500000000007,2opt,notBad
4485,31,2900.400000000001,17,2233.4500000000007,2opt,notBad
4486,31,2900.400000000001,17,2233.4500000000007,2opt,notBad
4487,31,2900.400000000001,17,2233.4500000000007,swap,notBad
4488,31,2900.400000000001,17,2233.4500000000007,2opt,notBad
4489,31,2900.400000000001,17,2233.4500000000007,2opt,notBad
4490,31,2900.400000000001,17,2233.4500000000007,swap,notBad
4491,31,2900.400000000001,17,2233.4500000000007,swap,notBad
4492,31,2900.400000000001,17,2233.4500000000007,2opt,notBad
4493,31,2900.400000000001,17,2233.4500000000007,2opt,notBad
4494,31,2900.400000000001,17,2233.4500000000007,2opt,notBad
4495,31,2900.400000000001,17,2233.4500000000007,swap,notBad
4496,31,2909.3000000000006,17,2233.4500000000007,swap,acceptBad
4497,31,2909.3000000000006,17,2233.4500000000007,move,improve
4498,31,2909.3000000000006,17,2233.4500000000007,2opt,notBad
4499,31,2909.3000000000006,17,2233.4500000000007,swap,notBad
4500,31,2909.3000000000006,17,2233.4500000000007,swap,notBad
4501,31,2909.3000000000006,17,2233.4500000000007,move,improve
4502,31,2909.3000000000006,17,2233.4500000000007,move,improve
4503,31,2909.3000000000006,17,2233.4500000000007,2opt,notBad
4504,31,2909.3000000000006,17,2233.4500000000007,move,improve
4505,31,2884.0000000000005,17,2233.4500000000007,swap,improve
4506,31,2884.0000000000005,17,2233.4500000000007,move,improve
4507,31,2884.0000000000005,17,2233.4500000000007,move,improve
4508,31,2884.0000000000005,17,2233.4500000000007,move,improve
4509,31,2884.0000000000005,17,2233.4500000000007,2opt,improve
4510,31,2884.0000000000005,17,2233.4500000000007,2opt,notBad
4511,31,2884.0000000000005,17,2233.4500000000007,2opt,notBad
4512,31,2884.0000000000005,17,2233.4500000000007,swap,notBad
4513,31,2884.0000000000005,17,2233.4500000000007,move,improve
4514,31,2884.0000000000005,17,2233.4500000000007,2opt,improve
4515,31,2884.0000000000005,17,2233.4500000000007,2opt,notBad
4516,31,2884.0000000000005,17,2233.4500000000007,move,improve
4517,31,2884.0000000000005,17,2233.4500000000007,2opt,notBad
4518,31,2884.0000000000005,17,2233.4500000000007,2opt,notBad
4519,31,2884.0000000000005,17,2233.4500000000007,2opt,notBad
4520,31,2884.0000000000005,17,2233.4500000000007,move,improve
4521,31,2884.0000000000005,17,2233.4500000000007,swap,notBad
4522,31,2884.0000000000005,17,2233.4500000000007,move,improve
4523,31,2884.0000000000005,17,2233.4500000000007,2opt,improve
4524,31,2801.850000000001,17,2233.4500000000007,move,improve
4525,31,2801.850000000001,17,2233.4500000000007,2opt,notBad
4526,31,2801.850000000001,17,2233.4500000000007,swap,notBad
4527,31,2801.850000000001,17,2233.4500000000007,move,improve
4528,31,2801.850000000001,17,2233.4500000000007,move,improve
4529,31,2899.6000000000013,17,2233.4500000000007,move,acceptBad
4530,31,2899.6000000000013,17,2233.4500000000007,2opt,notBad
4531,31,2899.6000000000013,17,2233.4500000000007,move,improve
4532,31,2899.6000000000013,17,2233.4500000000007,2opt,notBad
4533,31,2899.6000000000013,17,2233.4500000000007,2opt,improve
4534,31,2899.6000000000013,17,2233.4500000000007,2opt,notBad
4535,31,2899.6000000000013,17,2233.4500000000007,move,improve
4536,31,2899.6000000000013,17,2233.4500000000007,2opt,notBad
4537,31,2899.6000000000013,17,2233.4500000000007,swap,notBad
4538,31,2899.6000000000013,17,2233.4500000000007,swap,notBad
4539,31,2899.6000000000013,17,2233.4500000000007,2opt,notBad
4540,31,2899.6000000000013,17,2233.4500000000007,swap,notBad
4541,31,2899.6000000000013,17,2233.4500000000007,2opt,notBad
4542,31,2899.6000000000013,17,2233.4500000000007,swap,notBad
4543,31,2899.6000000000013,17,2233.4500000000007,2opt,notBad
4544,31,2899.6000000000013,17,2233.4500000000007,2opt,notBad
4545,31,2899.6000000000013,17,2233.4500000000007,2opt,notBad
4546,31,2899.6000000000013,17,2233.4500000000007,swap,notBad
4547,31,2899.6000000000013,17,2233.4500000000007,2opt,notBad
4548,31,2829.8500000000013,17,2233.4500000000007,move,improve
4549,31,2829.8500000000013,17,2233.4500000000007,2opt,notBad
4550,31,2829.8500000000013,17,2233.4500000000007,swap,notBad
4551,31,2829.8500000000013,17,2233.4500000000007,swap,notBad
4552,31,2829.8500000000013,17,2233.4500000000007,move,improve
4553,31,2829.8500000000013,17,2233.4500000000007,swap,notBad
4554,31,2829.8500000000013,17,2233.4500000000007,swap,notBad
4555,31,2829.8500000000013,17,2233.4500000000007,swap,notBad
4556,31,2825.5000000000014,17,2233.4500000000007,move,improve
4557,31,2825.5000000000014,17,2233.4500000000007,swap,notBad
4558,31,2825.5000000000014,17,2233.4500000000007,swap,notBad
4559,31,2825.5000000000014,17,2233.4500000000007,move,improve
4560,31,2825.5000000000014,17,2233.4500000000007,swap,notBad
4561,31,2825.5000000000014,17,2233.4500000000007,move,improve
4562,31,2825.5000000000014,17,2233.4500000000007,swap,notBad
4563,31,2825.5000000000014,17,2233.4500000000007,move,improve
4564,31,2825.5000000000014,17,2233.4500000000007,2opt,notBad
4565,31,2825.5000000000014,17,2233.4500000000007,swap,notBad
4566,31,2825.5000000000014,17,2233.4500000000007,move,improve
4567,31,2825.5000000000014,17,2233.4500000000007,swap,notBad
4568,31,2825.5000000000014,17,2233.4500000000007,swap,notBad
4569,31,2825.5000000000014,17,2233.4500000000007,2opt,notBad
4570,31,2825.5000000000014,17,2233.4500000000007,swap,notBad
4571,31,2825.5000000000014,17,2233.4500000000007,move,improve
4572,31,2825.5000000000014,17,2233.4500000000007,swap,notBad
4573,31,2825.5000000000014,17,2233.4500000000007,swap,notBad
4574,31,2825.5000000000014,17,2233.4500000000007,swap,notBad
4575,31,2825.5000000000014,17,2233.4500000000007,move,improve
4576,31,2825.5000000000014,17,2233.4500000000007,2opt,notBad
4577,31,2824.5000000000014,17,2233.4500000000007,move,improve
4578,31,2824.5000000000014,17,2233.4500000000007,move,improve
4579,31,2824.5000000000014,17,2233.4500000000007,swap,notBad
4580,31,2824.5000000000014,17,2233.4500000000007,move,improve
4581,31,2824.5000000000014,17,2233.4500000000007,move,improve
4582,31,2824.5000000000014,17,2233.4500000000007,move,notBad
4583,31,2824.5000000000014,17,2233.4500000000007,move,improve
4584,31,2824.5000000000014,17,2233.4500000000007,swap,notBad
4585,31,2824.5000000000014,17,2233.4500000000007,move,improve
4586,31,2824.5000000000014,17,2233.4500000000007,2opt,notBad
4587,31,2824.5000000000014,17,2233.4500000000007,move,improve
4588,31,2824.5000000000014,17,2233.4500000000007,swap,notBad
4589,31,2824.5000000000014,17,2233.4500000000007,2opt,notBad
4590,31,2824.5000000000014,17,2233.4500000000007,2opt,notBad
4591,31,2824.5000000000014,17,2233.4500000000007,move,improve
4592,31,2824.5000000000014,17,2233.4500000000007,2opt,notBad
4593,31,2824.5000000000014,17,2233.4500000000007,move,improve
4594,31,2824.5000000000014,17,2233.4500000000007,2opt,notBad
4595,31,2824.5000000000014,17,2233.4500000000007,move,improve
4596,31,2824.5000000000014,17,2233.4500000000007,2opt,notBad
4597,31,2824.5000000000014,17,2233.4500000000007,swap,notBad
4598,31,2824.5000000000014,17,2233.4500000000007,swap,notBad
4599,31,2824.5000000000014,17,2233.4500000000007,swap,notBad
4600,31,2824.5000000000014,17,2233.4500000000007,2opt,notBad
4601,31,2824.5000000000014,17,2233.4500000000007,2opt,improve
4602,31,2824.5000000000014,17,2233.4500000000007,move,improve
4603,31,2824.5000000000014,17,2233.4500000000007,swap,notBad
4604,31,2824.5000000000014,17,2233.4500000000007,swap,notBad
4605,31,2824.5000000000014,17,2233.4500000000007,2opt,notBad
4606,31,2824.5000000000014,17,2233.4500000000007,swap,notBad
4607,31,2824.5000000000014,17,2233.4500000000007,swap,notBad
4608,31,2824.5000000000014,17,2233.4500000000007,move,improve
4609,31,2824.5000000000014,17,2233.4500000000007,2opt,notBad
4610,31,2824.5000000000014,17,2233.4500000000007,move,improve
4611,31,2824.5000000000014,17,2233.4500000000007,swap,notBad
4612,31,2824.5000000000014,17,2233.4500000000007,move,improve
4613,31,2824.5000000000014,17,2233.4500000000007,swap,notBad
4614,31,2776.1500000000015,17,2233.4500000000007,move,improve
4615,31,2776.1500000000015,17,2233.4500000000007,swap,notBad
4616,31,2776.1500000000015,17,2233.4500000000007,move,improve
4617,31,2776.1500000000015,17,2233.4500000000007,move,improve
4618,31,2776.1500000000015,17,2233.4500000000007,2opt,notBad
4619,31,2776.1500000000015,17,2233.4500000000007,swap,notBad
4620,31,2776.1500000000015,17,2233.4500000000007,move,improve
4621,31,2776.1500000000015,17,2233.4500000000007,move,improve
4622,31,2776.1500000000015,17,2233.4500000000007,2opt,notBad
4623,31,2776.1500000000015,17,2233.4500000000007,move,improve
4624,31,2776.1500000000015,17,2233.4500000000007,swap,notBad
4625,31,2754.300000000001,17,2233.4500000000007,move,improve
4626,31,2754.300000000001,17,2233.4500000000007,2opt,notBad
4627,31,2754.300000000001,17,2233.4500000000007,move,improve
4628,31,2754.300000000001,17,2233.4500000000007,2opt,notBad
4629,31,2754.300000000001,17,2233.4500000000007,2opt,notBad
4630,31,2754.300000000001,17,2233.4500000000007,move,improve
4631,31,2754.300000000001,17,2233.4500000000007,2opt,notBad
4632,31,2754.300000000001,17,2233.4500000000007,swap,notBad
4633,31,2754.300000000001,17,2233.4500000000007,move,improve
4634,31,2754.300000000001,17,2233.4500000000007,2opt,notBad
4635,31,2754.300000000001,17,2233.4500000000007,move,improve
4636,31,2773.7500000000027,17,2233.4500000000007,2opt,acceptBad
4637,31,2773.7500000000027,17,2233.4500000000007,2opt,notBad
4638,31,2773.7500000000027,17,2233.4500000000007,2opt,notBad
4639,31,2773.7500000000027,17,2233.4500000000007,move,improve
4640,31,2773.7500000000027,17,2233.4500000000007,2opt,notBad
4641,31,2773.7500000000027,17,2233.4500000000007,move,improve
4642,31,2773.7500000000027,17,2233.4500000000007,move,improve
4643,31,2773.7500000000027,17,2233.4500000000007,move,improve
4644,31,2773.7500000000027,17,2233.4500000000007,move,improve
4645,31,2773.7500000000027,17,2233.4500000000007,swap,notBad
4646,31,2773.7500000000027,17,2233.4500000000007,move,improve
4647,31,2773.7500000000027,17,2233.4500000000007,move,improve
4648,31,2773.7500000000027,17,2233.4500000000007,move,improve
4649,31,2773.7500000000027,17,2233.4500000000007,2opt,notBad
4650,31,2773.7500000000027,17,2233.4500000000007,2opt,notBad
4651,31,2826.300000000002,17,2233.4500000000007,swap,acceptBad
4652,31,2826.300000000002,17,2233.4500000000007,swap,notBad
4653,31,2823.7000000000016,17,2233.4500000000007,move,improve
4654,31,2823.7000000000016,17,2233.4500000000007,move,improve
4655,31,2823.7000000000016,17,2233.4500000000007,2opt,notBad
4656,31,2882.250000000002,17,2233.4500000000007,swap,acceptBad
4657,31,2882.250000000002,17,2233.4500000000007,move,improve
4658,31,2882.250000000002,17,2233.4500000000007,2opt,improve
4659,31,2882.250000000002,17,2233.4500000000007,2opt,notBad
4660,31,2882.250000000002,17,2233.4500000000007,move,improve
4661,31,2882.250000000002,17,2233.4500000000007,2opt,notBad
4662,31,2882.250000000002,17,2233.4500000000007,2opt,notBad
4663,31,2882.250000000002,17,2233.4500000000007,swap,notBad
4664,31,2882.250000000002,17,2233.4500000000007,2opt,notBad
4665,31,2882.250000000002,17,2233.4500000000007,2opt,notBad
4666,31,2882.250000000002,17,2233.4500000000007,move,improve
4667,31,2882.250000000002,17,2233.4500000000007,move,improve
4668,31,2882.250000000002,17,2233.4500000000007,2opt,notBad
4669,31,2882.250000000002,17,2233.4500000000007,swap,notBad
4670,31,2882.250000000002,17,2233.4500000000007,move,improve
4671,31,2882.250000000002,17,2233.4500000000007,move,improve
4672,31,2882.250000000002,17,2233.4500000000007,2opt,notBad
4673,31,2882.250000000002,17,2233.4500000000007,move,improve
4674,31,2887.350000000002,17,2233.4500000000007,2opt,acceptBad
4675,31,2887.350000000002,17,2233.4500000000007,2opt,notBad
4676,31,2887.350000000002,17,2233.4500000000007,move,improve
4677,31,2887.350000000002,17,2233.4500000000007,move,improve
4678,31,2887.350000000002,17,2233.4500000000007,2opt,notBad
4679,31,2887.350000000002,17,2233.4500000000007,swap,notBad
4680,31,2887.350000000002,17,2233.4500000000007,2opt,notBad
4681,31,2887.350000000002,17,2233.4500000000007,2opt,notBad
4682,31,2887.350000000002,17,2233.4500000000007,2opt,notBad
4683,31,2887.350000000002,17,2233.4500000000007,2opt,notBad
4684,31,2887.350000000002,17,2233.4500000000007,move,improve
4685,31,2887.350000000002,17,2233.4500000000007,swap,notBad
4686,31,2887.350000000002,17,2233.4500000000007,swap,notBad
4687,31,2887.350000000002,17,2233.4500000000007,2opt,notBad
4688,31,2887.350000000002,17,2233.4500000000007,move,improve
4689,31,2887.350000000002,17,2233.4500000000007,swap,notBad
4690,31,2871.150000000003,17,2233.4500000000007,swap,improve
4691,31,2871.150000000003,17,2233.4500000000007,move,improve
4692,31,2871.150000000003,17,2233.4500000000007,2opt,notBad
4693,31,2871.150000000003,17,2233.4500000000007,2opt,notBad
4694,31,2871.150000000003,17,2233.4500000000007,swap,notBad
4695,31,2871.150000000003,17,2233.4500000000007,2opt,notBad
4696,31,2871.150000000003,17,2233.4500000000007,swap,notBad
4697,31,2871.150000000003,17,2233.4500000000007,2opt,notBad
4698,31,2871.150000000003,17,2233.4500000000007,swap,notBad
4699,31,2871.150000000003,17,2233.4500000000007,swap,notBad
4700,31,2871.150000000003,17,2233.4500000000007,move,improve
4701,31,2871.150000000003,17,2233.4500000000007,swap,notBad
4702,31,2864.300000000003,17,2233.4500000000007,move,improve
4703,31,2864.300000000003,17,2233.4500000000007,move,improve
4704,31,2864.300000000003,17,2233.4500000000007,move,improve
4705,31,2864.300000000003,17,2233.4500000000007,swap,notBad
4706,31,2864.300000000003,17,2233.4500000000007,2opt,improve
4707,31,2864.300000000003,17,2233.4500000000007,move,improve
4708,31,2864.300000000003,17,2233.4500000000007,move,improve
4709,31,2864.300000000003,17,2233.4500000000007,swap,notBad
4710,31,2864.300000000003,17,2233.4500000000007,swap,notBad
4711,31,2864.300000000003,17,2233.4500000000007,2opt,notBad
4712,31,2864.300000000003,17,2233.4500000000007,move,improve
4713,31,2864.300000000003,17,2233.4500000000007,move,improve
4714,31,2864.300000000003,17,2233.4500000000007,move,improve
4715,31,2864.300000000003,17,2233.4500000000007,2opt,improve
4716,31,2864.300000000003,17,2233.4500000000007,2opt,notBad
4717,31,2864.300000000003,17,2233.4500000000007,move,improve
4718,31,2864.300000000003,17,2233.4500000000007,move,improve
4719,31,2864.300000000003,17,2233.4500000000007,2opt,notBad
4720,31,2864.300000000003,17,2233.4500000000007,move,improve
4721,31,2864.300000000003,17,2233.4500000000007,2opt,improve
4722,31,2864.300000000003,17,2233.4500000000007,swap,notBad
4723,31,2864.300000000003,17,2233.4500000000007,2opt,notBad
4724,31,2864.300000000003,17,2233.4500000000007,2opt,notBad
4725,31,2864.300000000003,17,2233.4500000000007,2opt,notBad
4726,31,2864.300000000003,17,2233.4500000000007,swap,notBad
4727,31,2864.300000000003,17,2233.4500000000007,2opt,notBad
4728,31,2864.300000000003,17,2233.4500000000007,move,improve
4729,31,2864.300000000003,17,2233.4500000000007,2opt,notBad
4730,31,2864.300000000003,17,2233.4500000000007,move,improve
4731,31,2864.300000000003,17,2233.4500000000007,swap,notBad
4732,31,2864.300000000003,17,2233.4500000000007,swap,notBad
4733,31,2864.300000000003,17,2233.4500000000007,swap,notBad
4734,31,2864.300000000003,17,2233.4500000000007,2opt,notBad
4735,31,2864.300000000003,17,2233.4500000000007,move,improve
4736,31,2864.300000000003,17,2233.4500000000007,move,improve
4737,31,2864.300000000003,17,2233.4500000000007,move,improve
4738,31,2864.300000000003,17,2233.4500000000007,swap,notBad
4739,31,2864.300000000003,17,2233.4500000000007,swap,notBad
4740,31,2899.6500000000024,17,2233.4500000000007,swap,acceptBad
4741,31,2899.7000000000007,17,2233.4500000000007,2opt,acceptBad
4742,31,2899.7000000000007,17,2233.4500000000007,2opt,notBad
4743,31,2899.7000000000007,17,2233.4500000000007,2opt,notBad
4744,31,2899.7000000000007,17,2233.4500000000007,move,improve
4745,31,2899.7000000000007,17,2233.4500000000007,swap,notBad
4746,31,2899.7000000000007,17,2233.4500000000007,move,improve
4747,31,2899.7000000000007,17,2233.4500000000007,move,improve
4748,31,2899.7000000000007,17,2233.4500000000007,2opt,notBad
4749,31,2899.7000000000007,17,2233.4500000000007,move,improve
4750,31,2899.7000000000007,17,2233.4500000000007,2opt,notBad
4751,31,2899.7000000000007,17,2233.4500000000007,2opt,notBad
4752,31,2899.7000000000007,17,2233.4500000000007,2opt,notBad
4753,31,2899.7000000000007,17,2233.4500000000007,move,improve
4754,31,2899.7000000000007,17,2233.4500000000007,2opt,notBad
4755,31,2899.7000000000007,17,2233.4500000000007,move,improve
4756,31,2899.7000000000007,17,2233.4500000000007,move,improve
4757,31,2899.7000000000007,17,2233.4500000000007,swap,notBad
4758,31,2899.7000000000007,17,2233.4500000000007,move,improve
4759,31,2899.7000000000007,17,2233.4500000000007,2opt,notBad
4760,31,2899.7000000000007,17,2233.4500000000007,2opt,notBad
4761,31,2899.7000000000007,17,2233.4500000000007,move,improve
4762,31,2899.7000000000007,17,2233.4500000000007,2opt,notBad
4763,31,2899.7000000000007,17,2233.4500000000007,swap,notBad
4764,31,2899.7000000000007,17,2233.4500000000007,swap,notBad
4765,31,2899.7000000000007,17,2233.4500000000007,swap,notBad
4766,31,2899.7000000000007,17,2233.4500000000007,2opt,notBad
4767,31,2899.7000000000007,17,2233.4500000000007,2opt,improve
4768,31,2899.7000000000007,17,2233.4500000000007,swap,notBad
4769,31,2899.7000000000007,17,2233.4500000000007,move,improve
4770,31,2899.7000000000007,17,2233.4500000000007,2opt,notBad
4771,31,2899.7000000000007,17,2233.4500000000007,2opt,improve
4772,31,2899.7000000000007,17,2233.4500000000007,2opt,notBad
4773,31,2899.7000000000007,17,2233.4500000000007,move,improve
4774,31,2899.7000000000007,17,2233.4500000000007,2opt,notBad
4775,31,2899.7000000000007,17,2233.4500000000007,move,improve
4776,31,2899.7000000000007,17,2233.4500000000007,2opt,notBad
4777,31,2899.6500000000024,17,2233.4500000000007,2opt,improve
4778,31,2899.6500000000024,17,2233.4500000000007,2opt,notBad
4779,31,2899.6500000000024,17,2233.4500000000007,swap,notBad
4780,31,2899.6500000000024,17,2233.4500000000007,swap,notBad
4781,31,2899.6500000000024,17,2233.4500000000007,swap,notBad
4782,31,2899.6500000000024,17,2233.4500000000007,2opt,notBad
4783,31,2899.6500000000024,17,2233.4500000000007,2opt,notBad
4784,31,2899.6500000000024,17,2233.4500000000007,2opt,notBad
4785,31,2899.6500000000024,17,2233.4500000000007,move,improve
4786,31,2899.6500000000024,17,2233.4500000000007,move,improve
4787,31,2899.6500000000024,17,2233.4500000000007,2opt,notBad
4788,31,2899.6500000000024,17,2233.4500000000007,swap,notBad
4789,31,2899.6500000000024,17,2233.4500000000007,move,improve
4790,31,2899.6500000000024,17,2233.4500000000007,move,improve
4791,31,2899.6500000000024,17,2233.4500000000007,2opt,notBad
4792,31,2899.6500000000024,17,2233.4500000000007,swap,notBad
4793,31,2899.6500000000024,17,2233.4500000000007,move,improve
4794,31,2899.6500000000024,17,2233.4500000000007,move,improve
4795,31,2899.6500000000024,17,2233.4500000000007,move,improve
4796,31,2899.6500000000024,17,2233.4500000000007,2opt,notBad
4797,31,2899.6500000000024,17,2233.4500000000007,swap,notBad
4798,31,2899.6500000000024,17,2233.4500000000007,2opt,notBad
4799,31,2899.6500000000024,17,2233.4500000000007,swap,notBad
4800,31,2899.6500000000024,17,2233.4500000000007,swap,notBad
4801,31,2899.6500000000024,17,2233.4500000000007,2opt,notBad
4802,31,2899.6500000000024,17,2233.4500000000007,swap,notBad
4803,31,2899.6500000000024,17,2233.4500000000007,2opt,notBad
4804,31,2899.6500000000024,17,2233.4500000000007,move,improve
4805,31,2899.6500000000024,17,2233.4500000000007,move,improve
4806,31,2899.6500000000024,17,2233.4500000000007,2opt,notBad
4807,31,2899.6500000000024,17,2233.4500000000007,swap,notBad
4808,31,2899.6500000000024,17,2233.4500000000007,move,improve
4809,31,2899.6500000000024,17,2233.4500000000007,move,improve
4810,31,2899.6500000000024,17,2233.4500000000007,move,improve
4811,31,2899.6500000000024,17,2233.4500000000007,move,improve
4812,31,2899.6500000000024,17,2233.4500000000007,swap,notBad
4813,31,2899.6500000000024,17,2233.4500000000007,swap,notBad
4814,31,2899.6500000000024,17,2233.4500000000007,swap,notBad
4815,31,2899.6500000000024,17,2233.4500000000007,2opt,improve
4816,31,2899.6500000000024,17,2233.4500000000007,2opt,notBad
4817,31,2899.6500000000024,17,2233.4500000000007,move,improve
4818,31,2899.6500000000024,17,2233.4500000000007,2opt,notBad
4819,31,2899.6500000000024,17,2233.4500000000007,swap,notBad
4820,31,2899.6500000000024,17,2233.4500000000007,swap,notBad
4821,31,2899.6500000000024,17,2233.4500000000007,move,improve
4822,31,2899.6500000000024,17,2233.4500000000007,move,improve
4823,31,2899.6500000000024,17,2233.4500000000007,move,improve
4824,31,2899.6500000000024,17,2233.4500000000007,swap,notBad
4825,31,2899.6500000000024,17,2233.4500000000007,swap,notBad
4826,31,2899.6500000000024,17,2233.4500000000007,swap,notBad
4827,31,2899.6500000000024,17,2233.4500000000007,swap,notBad
4828,31,2899.6500000000024,17,2233.4500000000007,swap,notBad
4829,31,2899.6500000000024,17,2233.4500000000007,swap,notBad
4830,31,2899.6500000000024,17,2233.4500000000007,swap,notBad
4831,31,2899.6500000000024,17,2233.4500000000007,2opt,notBad
4832,31,2885.050000000002,17,2233.4500000000007,2opt,improve
4833,31,2885.050000000002,17,2233.4500000000007,2opt,notBad
4834,31,2885.050000000002,17,2233.4500000000007,2opt,notBad
4835,31,2885.050000000002,17,2233.4500000000007,move,improve
4836,31,2885.050000000002,17,2233.4500000000007,2opt,notBad
4837,31,2885.050000000002,17,2233.4500000000007,swap,notBad
4838,31,2861.650000000002,17,2233.4500000000007,move,improve
4839,31,2861.650000000002,17,2233.4500000000007,2opt,notBad
4840,31,2861.650000000002,17,2233.4500000000007,2opt,improve
4841,31,2861.650000000002,17,2233.4500000000007,move,improve
4842,31,2861.650000000002,17,2233.4500000000007,swap,notBad
4843,31,2861.650000000002,17,2233.4500000000007,move,improve
4844,31,2861.650000000002,17,2233.4500000000007,move,improve
4845,31,2861.650000000002,17,2233.4500000000007,move,improve
4846,31,2861.650000000002,17,2233.4500000000007,swap,notBad
4847,31,2861.650000000002,17,2233.4500000000007,2opt,notBad
4848,31,2861.650000000002,17,2233.4500000000007,swap,notBad
4849,31,2846.1000000000017,17,2233.4500000000007,swap,improve
4850,31,2846.1000000000017,17,2233.4500000000007,swap,notBad
4851,31,2846.1000000000017,17,2233.4500000000007,swap,notBad
4852,31,2846.1000000000017,17,2233.4500000000007,swap,notBad
4853,31,2846.1000000000017,17,2233.4500000000007,2opt,notBad
4854,31,2846.1000000000017,17,2233.4500000000007,2opt,notBad
4855,31,2846.1000000000017,17,2233.4500000000007,2opt,notBad
4856,31,2846.1000000000017,17,2233.4500000000007,swap,notBad
4857,31,2846.1000000000017,17,2233.4500000000007,move,improve
4858,31,2846.1000000000017,17,2233.4500000000007,move,improve
4859,31,2846.1000000000017,17,2233.4500000000007,2opt,notBad
4860,31,2846.1000000000017,17,2233.4500000000007,move,improve
4861,31,2846.1000000000017,17,2233.4500000000007,2opt,notBad
4862,31,2846.1000000000017,17,2233.4500000000007,move,improve
4863,31,2846.1000000000017,17,2233.4500000000007,swap,notBad
4864,31,2846.1000000000017,17,2233.4500000000007,move,improve
4865,31,2846.1000000000017,17,2233.4500000000007,move,improve
4866,31,2846.1000000000017,17,2233.4500000000007,swap,notBad
4867,31,2846.1000000000017,17,2233.4500000000007,swap,notBad
4868,31,2846.1000000000017,17,2233.4500000000007,2opt,improve
4869,31,2846.1000000000017,17,2233.4500000000007,2opt,notBad
4870,31,2846.1000000000017,17,2233.4500000000007,move,improve
4871,31,2846.1000000000017,17,2233.4500000000007,move,improve
4872,31,2846.1000000000017,17,2233.4500000000007,2opt,notBad
4873,31,2846.1000000000017,17,2233.4500000000007,swap,notBad
4874,31,2846.1000000000017,17,2233.4500000000007,2opt,notBad
4875,31,2846.1000000000017,17,2233.4500000000007,move,improve
4876,31,2846.1000000000017,17,2233.4500000000007,swap,notBad
4877,31,2846.1000000000017,17,2233.4500000000007,move,improve
4878,31,2846.1000000000017,17,2233.4500000000007,2opt,notBad
4879,31,2846.1000000000017,17,2233.4500000000007,2opt,improve
4880,31,2846.1000000000017,17,2233.4500000000007,move,improve
4881,31,2846.1000000000017,17,2233.4500000000007,swap,notBad
4882,31,2846.1000000000017,17,2233.4500000000007,swap,notBad
4883,31,2846.1000000000017,17,2233.4500000000007,move,improve
4884,31,2846.1000000000017,17,2233.4500000000007,2opt,notBad
4885,31,2760.000000000002,17,2233.4500000000007,move,improve
4886,31,2760.000000000002,17,2233.4500000000007,swap,notBad
4887,31,2760.000000000002,17,2233.4500000000007,2opt,notBad
4888,31,2790.5500000000015,17,2233.4500000000007,swap,acceptBad
4889,31,2790.5500000000015,17,2233.4500000000007,swap,notBad
4890,31,2790.5500000000015,17,2233.4500000000007,2opt,notBad
4891,31,2790.5500000000015,17,2233.4500000000007,2opt,notBad
4892,31,2790.5500000000015,17,2233.4500000000007,2opt,notBad
4893,31,2790.5500000000015,17,2233.4500000000007,2opt,notBad
4894,31,2790.5500000000015,17,2233.4500000000007,move,improve
4895,31,2790.5500000000015,17,2233.4500000000007,swap,notBad
4896,31,2790.5500000000015,17,2233.4500000000007,swap,notBad
4897,31,2790.5500000000015,17,2233.4500000000007,2opt,notBad
4898,31,2790.5500000000015,17,2233.4500000000007,move,improve
4899,31,2790.5500000000015,17,2233.4500000000007,2opt,notBad
4900,31,2790.5500000000015,17,2233.4500000000007,swap,notBad
4901,31,2842.7500000000014,17,2233.4500000000007,swap,acceptBad
4902,31,2842.7500000000014,17,2233.4500000000007,2opt,notBad
4903,31,2842.7500000000014,17,2233.4500000000007,2opt,notBad
4904,31,2842.7500000000014,17,2233.4500000000007,2opt,notBad
4905,31,2842.7500000000014,17,2233.4500000000007,swap,notBad
4906,31,2842.7500000000014,17,2233.4500000000007,swap,notBad
4907,31,2842.7500000000014,17,2233.4500000000007,swap,notBad
4908,31,2842.7500000000014,17,2233.4500000000007,swap,notBad
4909,31,2842.7500000000014,17,2233.4500000000007,move,improve
4910,31,2842.7500000000014,17,2233.4500000000007,2opt,notBad
4911,31,2842.7500000000014,17,2233.4500000000007,move,improve
4912,31,2842.7500000000014,17,2233.4500000000007,swap,notBad
4913,31,2842.7500000000014,17,2233.4500000000007,swap,notBad
4914,31,2842.7500000000014,17,2233.4500000000007,2opt,notBad
4915,31,2842.7500000000014,17,2233.4500000000007,2opt,notBad
4916,31,2842.7500000000014,17,2233.4500000000007,swap,notBad
4917,31,2842.7500000000014,17,2233.4500000000007,swap,notBad
4918,31,2842.7500000000014,17,2233.4500000000007,2opt,notBad
4919,31,2842.7500000000014,17,2233.4500000000007,swap,notBad
4920,31,2842.7500000000014,17,2233.4500000000007,2opt,notBad
4921,31,2842.7500000000014,17,2233.4500000000007,swap,notBad
4922,31,2842.7500000000014,17,2233.4500000000007,move,improve
4923,31,2875.750000000001,17,2233.4500000000007,swap,acceptBad
4924,31,2875.750000000001,17,2233.4500000000007,2opt,notBad
4925,31,2875.750000000001,17,2233.4500000000007,2opt,notBad
4926,31,2875.750000000001,17,2233.4500000000007,move,improve
4927,31,2875.750000000001,17,2233.4500000000007,2opt,notBad
4928,31,2875.750000000001,17,2233.4500000000007,move,improve
4929,31,2875.750000000001,17,2233.4500000000007,move,improve
4930,31,2875.750000000001,17,2233.4500000000007,move,improve
4931,31,2875.750000000001,17,2233.4500000000007,2opt,notBad
4932,31,2875.750000000001,17,2233.4500000000007,swap,notBad
4933,31,2875.750000000001,17,2233.4500000000007,move,improve
4934,31,2875.750000000001,17,2233.4500000000007,swap,notBad
4935,31,2812.300000000001,17,2233.4500000000007,swap,improve
4936,31,2812.300000000001,17,2233.4500000000007,2opt,improve
4937,31,2812.300000000001,17,2233.4500000000007,move,improve
4938,31,2811.000000000001,17,2233.4500000000007,swap,improve
4939,31,2811.000000000001,17,2233.4500000000007,swap,notBad
4940,31,2811.000000000001,17,2233.4500000000007,move,improve
4941,31,2811.000000000001,17,2233.4500000000007,move,improve
4942,31,2811.000000000001,17,2233.4500000000007,swap,notBad
4943,31,2811.000000000001,17,2233.4500000000007,move,improve
4944,31,2811.000000000001,17,2233.4500000000007,move,improve
4945,31,2811.000000000001,17,2233.4500000000007,move,improve
4946,31,2811.000000000001,17,2233.4500000000007,swap,notBad
4947,31,2811.000000000001,17,2233.4500000000007,2opt,notBad
4948,31,2811.000000000001,17,2233.4500000000007,move,improve
4949,31,2811.000000000001,17,2233.4500000000007,2opt,notBad
4950,31,2811.000000000001,17,2233.4500000000007,swap,notBad
4951,31,2811.000000000001,17,2233.4500000000007,2opt,notBad
4952,31,2811.000000000001,17,2233.4500000000007,move,improve
4953,31,2810.7000000000016,17,2233.4500000000007,swap,improve
4954,31,2810.7000000000016,17,2233.4500000000007,move,improve
4955,31,2746.3000000000015,17,2233.4500000000007,swap,improve
4956,31,2746.3000000000015,17,2233.4500000000007,move,improve
4957,31,2746.3000000000015,17,2233.4500000000007,2opt,notBad
4958,31,2746.3000000000015,17,2233.4500000000007,2opt,notBad
4959,31,2746.3000000000015,17,2233.4500000000007,2opt,improve
4960,31,2746.3000000000015,17,2233.4500000000007,move,improve
4961,31,2746.3000000000015,17,2233.4500000000007,2opt,improve
4962,31,2746.3000000000015,17,2233.4500000000007,2opt,notBad
4963,31,2746.3000000000015,17,2233.4500000000007,2opt,notBad
4964,31,2746.3000000000015,17,2233.4500000000007,swap,notBad
4965,31,2746.3000000000015,17,2233.4500000000007,2opt,notBad
4966,31,2746.3000000000015,17,2233.4500000000007,2opt,notBad
4967,31,2746.3000000000015,17,2233.4500000000007,move,improve
4968,31,2746.3000000000015,17,2233.4500000000007,move,improve
4969,31,2746.3000000000015,17,2233.4500000000007,move,improve
4970,31,2746.3000000000015,17,2233.4500000000007,2opt,notBad
4971,31,2746.3000000000015,17,2233.4500000000007,2opt,notBad
4972,31,2746.3000000000015,17,2233.4500000000007,swap,notBad
4973,31,2746.3000000000015,17,2233.4500000000007,move,improve
4974,31,2746.3000000000015,17,2233.4500000000007,swap,notBad
4975,31,2746.3000000000015,17,2233.4500000000007,2opt,notBad
4976,31,2746.3000000000015,17,2233.4500000000007,move,improve
4977,31,2746.3000000000015,17,2233.4500000000007,move,improve
4978,31,2746.3000000000015,17,2233.4500000000007,2opt,notBad
4979,31,2746.3000000000015,17,2233.4500000000007,2opt,notBad
4980,31,2731.1000000000013,17,2233.4500000000007,swap,improve
4981,31,2731.1000000000013,17,2233.4500000000007,swap,notBad
4982,31,2731.1000000000013,17,2233.4500000000007,move,improve
4983,31,2731.1000000000013,17,2233.4500000000007,move,improve
4984,31,2731.1000000000013,17,2233.4500000000007,swap,notBad
4985,31,2731.1000000000013,17,2233.4500000000007,move,improve
4986,31,2731.1000000000013,17,2233.4500000000007,move,improve
4987,31,2731.1000000000013,17,2233.4500000000007,move,improve
4988,31,2731.1000000000013,17,2233.4500000000007,swap,notBad
4989,31,2731.1000000000013,17,2233.4500000000007,move,improve
4990,31,2731.1000000000013,17,2233.4500000000007,swap,notBad
4991,31,2731.1000000000013,17,2233.4500000000007,2opt,notBad
4992,31,2731.1000000000013,17,2233.4500000000007,move,improve
4993,31,2731.1000000000013,17,2233.4500000000007,move,improve
4994,31,2731.1000000000013,17,2233.4500000000007,2opt,notBad
4995,31,2731.1000000000013,17,2233.4500000000007,swap,notBad
4996,31,2731.1000000000013,17,2233.4500000000007,swap,notBad
4997,31,2731.1000000000013,17,2233.4500000000007,move,improve
4998,31,2731.1000000000013,17,2233.4500000000007,2opt,notBad
4999,31,2731.1000000000013,17,2233.4500000000007,2opt,notBad
5000,31,2731.1000000000013,17,2233.4500000000007,swap,notBad
5001,31,2731.1000000000013,17,2233.4500000000007,move,improve
5002,31,2731.1000000000013,17,2233.4500000000007,swap,notBad
5003,31,2731.1000000000013,17,2233.4500000000007,swap,notBad
5004,31,2731.1000000000013,17,2233.4500000000007,2opt,notBad
5005,31,2731.1000000000013,17,2233.4500000000007,swap,notBad
5006,31,2731.1000000000013,17,2233.4500000000007,move,improve
5007,31,2731.1000000000013,17,2233.4500000000007,2opt,notBad
5008,31,2731.1000000000013,17,2233.4500000000007,2opt,notBad
5009,31,2731.1000000000013,17,2233.4500000000007,2opt,notBad
5010,31,2731.1000000000013,17,2233.4500000000007,move,improve
5011,31,2731.1000000000013,17,2233.4500000000007,move,improve
5012,31,2731.1000000000013,17,2233.4500000000007,2opt,notBad
5013,31,2731.1000000000013,17,2233.4500000000007,move,improve
5014,31,2731.1000000000013,17,2233.4500000000007,move,improve
5015,31,2731.1000000000013,17,2233.4500000000007,move,improve
5016,31,2731.1000000000013,17,2233.4500000000007,2opt,notBad
5017,31,2731.1000000000013,17,2233.4500000000007,2opt,notBad
5018,31,2731.1000000000013,17,2233.4500000000007,2opt,notBad
5019,31,2731.1000000000013,17,2233.4500000000007,2opt,notBad
5020,31,2728.2500000000005,17,2233.4500000000007,swap,improve
5021,31,2728.2500000000005,17,2233.4500000000007,move,improve
5022,31,2728.2500000000005,17,2233.4500000000007,move,improve
5023,31,2728.2500000000005,17,2233.4500000000007,swap,notBad
5024,31,2728.2500000000005,17,2233.4500000000007,move,improve
5025,31,2728.2500000000005,17,2233.4500000000007,2opt,notBad
5026,31,2728.2500000000005,17,2233.4500000000007,move,improve
5027,31,2728.2500000000005,17,2233.4500000000007,swap,notBad
5028,31,2728.2500000000005,17,2233.4500000000007,move,improve
5029,31,2721.4500000000016,17,2233.4500000000007,move,improve
5030,31,2721.4500000000016,17,2233.4500000000007,move,improve
5031,31,2721.4500000000016,17,2233.4500000000007,2opt,notBad
5032,31,2701.8999999999996,17,2233.4500000000007,2opt,improve
5033,31,2701.8999999999996,17,2233.4500000000007,2opt,notBad
5034,31,2701.8999999999996,17,2233.4500000000007,swap,notBad
5035,31,2701.8999999999996,17,2233.4500000000007,2opt,notBad
5036,31,2701.8999999999996,17,2233.4500000000007,2opt,notBad
5037,31,2701.8999999999996,17,2233.4500000000007,2opt,notBad
5038,31,2701.8999999999996,17,2233.4500000000007,2opt,notBad
5039,31,2701.8999999999996,17,2233.4500000000007,2opt,notBad
5040,31,2701.8999999999996,17,2233.4500000000007,2opt,notBad
5041,31,2701.8999999999996,17,2233.4500000000007,move,improve
5042,31,2701.8999999999996,17,2233.4500000000007,swap,notBad
5043,31,2701.8999999999996,17,2233.4500000000007,2opt,notBad
5044,31,2701.8999999999996,17,2233.4500000000007,move,improve
5045,31,2701.8999999999996,17,2233.4500000000007,swap,notBad
5046,31,2701.8999999999996,17,2233.4500000000007,2opt,notBad
5047,31,2701.8999999999996,17,2233.4500000000007,move,improve
5048,31,2701.8999999999996,17,2233.4500000000007,move,improve
5049,31,2701.8999999999996,17,2233.4500000000007,move,improve
5050,31,2701.8999999999996,17,2233.4500000000007,move,improve
5051,31,2701.8999999999996,17,2233.4500000000007,move,improve
5052,31,2701.8999999999996,17,2233.4500000000007,swap,notBad
5053,31,2701.8999999999996,17,2233.4500000000007,2opt,notBad
5054,31,2701.8999999999996,17,2233.4500000000007,swap,notBad
5055,31,2701.8999999999996,17,2233.4500000000007,move,improve
5056,31,2701.8999999999996,17,2233.4500000000007,2opt,improve
5057,31,2701.8999999999996,17,2233.4500000000007,2opt,notBad
5058,31,2701.8999999999996,17,2233.4500000000007,2opt,notBad
5059,31,2701.8999999999996,17,2233.4500000000007,swap,notBad
5060,31,2701.8999999999996,17,2233.4500000000007,2opt,notBad
5061,31,2701.8999999999996,17,2233.4500000000007,swap,notBad
5062,31,2701.8999999999996,17,2233.4500000000007,move,improve
5063,31,2701.8999999999996,17,2233.4500000000007,2opt,notBad
5064,31,2701.8999999999996,17,2233.4500000000007,move,improve
5065,31,2701.8999999999996,17,2233.4500000000007,2opt,notBad
5066,31,2701.8999999999996,17,2233.4500000000007,move,improve
5067,31,2701.8999999999996,17,2233.4500000000007,swap,notBad
5068,31,2705.5999999999995,17,2233.4500000000007,2opt,acceptBad
5069,31,2705.5999999999995,17,2233.4500000000007,2opt,notBad
5070,31,2705.5999999999995,17,2233.4500000000007,move,notBad
5071,31,2705.5999999999995,17,2233.4500000000007,swap,notBad
5072,31,2705.5999999999995,17,2233.4500000000007,2opt,notBad
5073,31,2705.5999999999995,17,2233.4500000000007,move,improve
5074,31,2705.5999999999995,17,2233.4500000000007,move,improve
5075,31,2705.5999999999995,17,2233.4500000000007,swap,notBad
5076,31,2705.5999999999995,17,2233.4500000000007,2opt,notBad
5077,31,2705.5999999999995,17,2233.4500000000007,move,improve
5078,31,2705.5999999999995,17,2233.4500000000007,2opt,notBad
5079,31,2705.5999999999995,17,2233.4500000000007,swap,notBad
5080,31,2705.5999999999995,17,2233.4500000000007,move,improve
5081,31,2705.5999999999995,17,2233.4500000000007,move,improve
5082,31,2705.5999999999995,17,2233.4500000000007,2opt,notBad
5083,31,2705.5999999999995,17,2233.4500000000007,move,improve
5084,31,2705.5999999999995,17,2233.4500000000007,2opt,notBad
5085,31,2705.5999999999995,17,2233.4500000000007,2opt,notBad
5086,31,2705.5999999999995,17,2233.4500000000007,swap,notBad
5087,31,2705.5999999999995,17,2233.4500000000007,move,improve
5088,31,2705.5999999999995,17,2233.4500000000007,swap,notBad
5089,31,2705.5999999999995,17,2233.4500000000007,move,notBad
5090,31,2705.5999999999995,17,2233.4500000000007,move,improve
5091,31,2705.5999999999995,17,2233.4500000000007,move,improve
5092,31,2705.5999999999995,17,2233.4500000000007,swap,notBad
5093,31,2705.5999999999995,17,2233.4500000000007,move,improve
5094,31,2705.5999999999995,17,2233.4500000000007,2opt,notBad
5095,31,2705.5999999999995,17,2233.4500000000007,move,improve
5096,31,2705.5999999999995,17,2233.4500000000007,move,improve
5097,31,2690.0,17,2233.4500000000007,move,improve
5098,31,2690.0,17,2233.4500000000007,move,improve
5099,31,2690.0,17,2233.4500000000007,2opt,notBad
5100,31,2690.0,17,2233.4500000000007,2opt,notBad
5101,31,2690.0,17,2233.4500000000007,move,improve
5102,31,2690.0,17,2233.4500000000007,swap,notBad
5103,31,2690.0,17,2233.4500000000007,swap,notBad
5104,31,2690.0,17,2233.4500000000007,swap,notBad
5105,31,2690.0,17,2233.4500000000007,2opt,improve
5106,31,2690.0,17,2233.4500000000007,2opt,notBad
5107,31,2690.0,17,2233.4500000000007,2opt,notBad
5108,31,2690.0,17,2233.4500000000007,2opt,notBad
5109,31,2690.0,17,2233.4500000000007,2opt,notBad
5110,31,2690.0,17,2233.4500000000007,swap,notBad
5111,31,2690.0,17,2233.4500000000007,move,improve
5112,31,2690.0,17,2233.4500000000007,swap,notBad
5113,31,2690.0,17,2233.4500000000007,swap,notBad
5114,31,2690.0,17,2233.4500000000007,move,improve
5115,31,2690.0,17,2233.4500000000007,move,improve
5116,31,2690.0,17,2233.4500000000007,swap,notBad
5117,31,2690.0,17,2233.4500000000007,move,improve
5118,31,2690.0,17,2233.4500000000007,2opt,notBad
5119,31,2690.0,17,2233.4500000000007,move,improve
5120,31,2690.0,17,2233.4500000000007,swap,notBad
5121,31,2690.0,17,2233.4500000000007,move,improve
5122,31,2690.0,17,2233.4500000000007,2opt,notBad
5123,31,2690.0,17,2233.4500000000007,swap,notBad
5124,31,2690.0,17,2233.4500000000007,move,improve
5125,31,2690.0,17,2233.4500000000007,2opt,notBad
5126,31,2690.0,17,2233.4500000000007,2opt,notBad
5127,31,2690.0,17,2233.4500000000007,2opt,notBad
5128,31,2690.0,17,2233.4500000000007,2opt,notBad
5129,31,2690.0,17,2233.4500000000007,swap,notBad
5130,31,2703.8999999999987,17,2233.4500000000007,2opt,acceptBad
5131,31,2703.8999999999987,17,2233.4500000000007,2opt,notBad
5132,31,2703.8999999999987,17,2233.4500000000007,swap,notBad
5133,31,2703.8999999999987,17,2233.4500000000007,swap,notBad
5134,31,2703.8999999999987,17,2233.4500000000007,swap,notBad
5135,31,2703.8999999999987,17,2233.4500000000007,move,improve
5136,31,2703.8999999999987,17,2233.4500000000007,swap,notBad
5137,31,2703.8999999999987,17,2233.4500000000007,2opt,notBad
5138,31,2703.8999999999987,17,2233.4500000000007,2opt,notBad
5139,31,2703.8999999999987,17,2233.4500000000007,move,improve
5140,31,2702.449999999999,17,2233.4500000000007,move,improve
5141,31,2702.449999999999,17,2233.4500000000007,2opt,notBad
5142,31,2702.449999999999,17,2233.4500000000007,2opt,notBad
5143,31,2702.449999999999,17,2233.4500000000007,swap,notBad
5144,31,2702.449999999999,17,2233.4500000000007,move,improve
5145,31,2702.449999999999,17,2233.4500000000007,2opt,notBad
5146,31,2702.449999999999,17,2233.4500000000007,2opt,notBad
5147,31,2702.449999999999,17,2233.4500000000007,move,improve
5148,31,2702.449999999999,17,2233.4500000000007,2opt,notBad
5149,31,2702.449999999999,17,2233.4500000000007,move,improve
5150,31,2702.449999999999,17,2233.4500000000007,move,improve
5151,31,2702.449999999999,17,2233.4500000000007,swap,notBad
5152,31,2702.449999999999,17,2233.4500000000007,2opt,notBad
5153,31,2702.449999999999,17,2233.4500000000007,2opt,notBad
5154,31,2702.449999999999,17,2233.4500000000007,move,improve
5155,31,2702.449999999999,17,2233.4500000000007,2opt,improve
5156,31,2702.449999999999,17,2233.4500000000007,2opt,notBad
5157,31,2702.449999999999,17,2233.4500000000007,swap,notBad
5158,31,2702.449999999999,17,2233.4500000000007,2opt,notBad
5159,31,2702.449999999999,17,2233.4500000000007,move,improve
5160,31,2702.449999999999,17,2233.4500000000007,move,improve
5161,31,2702.449999999999,17,2233.4500000000007,move,improve
5162,31,2702.449999999999,17,2233.4500000000007,swap,notBad
5163,31,2702.449999999999,17,2233.4500000000007,swap,notBad
5164,31,2702.449999999999,17,2233.4500000000007,2opt,notBad
5165,31,2702.449999999999,17,2233.4500000000007,swap,notBad
5166,31,2702.449999999999,17,2233.4500000000007,move,improve
5167,31,2702.449999999999,17,2233.4500000000007,swap,notBad
5168,31,2702.449999999999,17,2233.4500000000007,move,notBad
5169,31,2702.449999999999,17,2233.4500000000007,swap,notBad
5170,31,2702.449999999999,17,2233.4500000000007,2opt,notBad
5171,31,2702.449999999999,17,2233.4500000000007,move,improve
5172,31,2702.449999999999,17,2233.4500000000007,2opt,notBad
5173,31,2702.449999999999,17,2233.4500000000007,swap,notBad
5174,31,2702.449999999999,17,2233.4500000000007,swap,notBad
5175,31,2702.449999999999,17,2233.4500000000007,move,improve
5176,31,2702.449999999999,17,2233.4500000000007,move,improve
5177,31,2701.9999999999986,17,2233.4500000000007,swap,improve
5178,31,2707.7499999999995,17,2233.4500000000007,swap,acceptBad
5179,31,2707.7499999999995,17,2233.4500000000007,swap,notBad
5180,31,2707.7499999999995,17,2233.4500000000007,swap,notBad
5181,31,2707.7499999999995,17,2233.4500000000007,2opt,notBad
5182,31,2707.7499999999995,17,2233.4500000000007,move,improve
5183,31,2707.7499999999995,17,2233.4500000000007,move,improve
5184,31,2707.7499999999995,17,2233.4500000000007,swap,notBad
5185,31,2707.7499999999995,17,2233.4500000000007,swap,notBad
5186,31,2707.7499999999995,17,2233.4500000000007,move,improve
5187,31,2707.7499999999995,17,2233.4500000000007,swap,notBad
5188,31,2707.7499999999995,17,2233.4500000000007,swap,notBad
5189,31,2707.7499999999995,17,2233.4500000000007,swap,notBad
5190,31,2707.7499999999995,17,2233.4500000000007,swap,notBad
5191,31,2707.7499999999995,17,2233.4500000000007,swap,notBad
5192,31,2707.7499999999995,17,2233.4500000000007,swap,notBad
5193,31,2707.7499999999995,17,2233.4500000000007,swap,notBad
5194,31,2707.7499999999995,17,2233.4500000000007,2opt,notBad
5195,31,2707.7499999999995,17,2233.4500000000007,swap,notBad
5196,31,2707.7499999999995,17,2233.4500000000007,2opt,notBad
5197,31,2707.7499999999995,17,2233.4500000000007,swap,notBad
5198,31,2707.7499999999995,17,2233.4500000000007,move,improve
5199,31,2707.7499999999995,17,2233.4500000000007,move,improve
5200,31,2707.7499999999995,17,2233.4500000000007,move,improve
5201,31,2707.7499999999995,17,2233.4500000000007,2opt,notBad
5202,31,2707.7499999999995,17,2233.4500000000007,move,improve
5203,31,2707.7499999999995,17,2233.4500000000007,2opt,notBad
5204,31,2707.7499999999995,17,2233.4500000000007,2opt,notBad
5205,31,2707.7499999999995,17,2233.4500000000007,swap,notBad
5206,31,2707.7499999999995,17,2233.4500000000007,2opt,notBad
5207,31,2707.7499999999995,17,2233.4500000000007,swap,notBad
5208,31,2707.7499999999995,17,2233.4500000000007,2opt,notBad
5209,31,2707.7499999999995,17,2233.4500000000007,move,improve
5210,31,2707.7499999999995,17,2233.4500000000007,move,improve
5211,31,2707.7499999999995,17,2233.4500000000007,2opt,notBad
5212,31,2707.7499999999995,17,2233.4500000000007,move,improve
5213,31,2707.7499999999995,17,2233.4500000000007,2opt,notBad
5214,31,2707.7499999999995,17,2233.4500000000007,2opt,improve
5215,31,2707.7499999999995,17,2233.4500000000007,swap,notBad
5216,31,2707.7499999999995,17,2233.4500000000007,move,improve
5217,31,2707.7499999999995,17,2233.4500000000007,move,improve
5218,31,2707.7499999999995,17,2233.4500000000007,move,improve
5219,31,2707.7499999999995,17,2233.4500000000007,2opt,notBad
5220,31,2707.7499999999995,17,2233.4500000000007,move,improve
5221,31,2707.7499999999995,17,2233.4500000000007,2opt,notBad
5222,31,2707.7499999999995,17,2233.4500000000007,move,improve
5223,31,2707.7499999999995,17,2233.4500000000007,2opt,improve
5224,31,2707.7499999999995,17,2233.4500000000007,2opt,notBad
5225,31,2707.7499999999995,17,2233.4500000000007,move,improve
5226,31,2707.7499999999995,17,2233.4500000000007,2opt,notBad
5227,31,2707.7499999999995,17,2233.4500000000007,move,improve
5228,31,2707.7499999999995,17,2233.4500000000007,move,improve
5229,31,2707.7499999999995,17,2233.4500000000007,swap,notBad
5230,31,2707.7499999999995,17,2233.4500000000007,move,improve
5231,31,2707.7499999999995,17,2233.4500000000007,2opt,notBad
5232,31,2707.7499999999995,17,2233.4500000000007,swap,notBad
5233,31,2709.4499999999994,17,2233.4500000000007,swap,acceptBad
5234,31,2709.4499999999994,17,2233.4500000000007,swap,notBad
5235,31,2709.4499999999994,17,2233.4500000000007,swap,notBad
5236,31,2709.4499999999994,17,2233.4500000000007,swap,notBad
5237,31,2709.4499999999994,17,2233.4500000000007,2opt,notBad
5238,31,2709.4499999999994,17,2233.4500000000007,2opt,notBad
5239,31,2709.4499999999994,17,2233.4500000000007,move,improve
5240,31,2709.4499999999994,17,2233.4500000000007,move,improve
5241,31,2709.4499999999994,17,2233.4500000000007,swap,notBad
5242,31,2709.4499999999994,17,2233.4500000000007,2opt,notBad
5243,31,2709.4499999999994,17,2233.4500000000007,move,improve
5244,31,2709.4499999999994,17,2233.4500000000007,2opt,improve
5245,31,2709.4499999999994,17,2233.4500000000007,move,improve
5246,31,2709.4499999999994,17,2233.4500000000007,2opt,notBad
5247,31,2709.4499999999994,17,2233.4500000000007,move,improve
5248,31,2709.4499999999994,17,2233.4500000000007,move,improve
5249,31,2709.4499999999994,17,2233.4500000000007,2opt,notBad
5250,31,2709.4499999999994,17,2233.4500000000007,2opt,notBad
5251,31,2709.4499999999994,17,2233.4500000000007,swap,notBad
5252,31,2709.4499999999994,17,2233.4500000000007,swap,notBad
5253,31,2672.2999999999993,17,2233.4500000000007,move,improve
5254,31,2672.2999999999993,17,2233.4500000000007,move,improve
5255,31,2672.2999999999993,17,2233.4500000000007,swap,notBad
5256,31,2672.2999999999993,17,2233.4500000000007,2opt,notBad
5257,31,2672.2999999999993,17,2233.4500000000007,2opt,notBad
5258,31,2672.2999999999993,17,2233.4500000000007,2opt,notBad
5259,31,2672.2999999999993,17,2233.4500000000007,move,improve
5260,31,2672.2999999999993,17,2233.4500000000007,move,improve
5261,31,2629.4499999999994,17,2233.4500000000007,swap,improve
5262,31,2629.4499999999994,17,2233.4500000000007,move,improve
5263,31,2629.4499999999994,17,2233.4500000000007,move,improve
5264,31,2629.4499999999994,17,2233.4500000000007,2opt,improve
5265,31,2629.4499999999994,17,2233.4500000000007,move,improve
5266,31,2629.4499999999994,17,2233.4500000000007,move,improve
5267,31,2629.4499999999994,17,2233.4500000000007,2opt,notBad
5268,31,2629.4499999999994,17,2233.4500000000007,move,improve
5269,31,2629.4499999999994,17,2233.4500000000007,swap,notBad
5270,31,2629.4499999999994,17,2233.4500000000007,move,improve
5271,31,2629.4499999999994,17,2233.4500000000007,swap,notBad
5272,31,2629.4499999999994,17,2233.4500000000007,2opt,notBad
5273,31,2629.4499999999994,17,2233.4500000000007,swap,notBad
5274,31,2629.4499999999994,17,2233.4500000000007,2opt,notBad
5275,31,2629.4499999999994,17,2233.4500000000007,move,improve
5276,31,2629.4499999999994,17,2233.4500000000007,swap,notBad
5277,31,2629.4499999999994,17,2233.4500000000007,2opt,notBad
5278,31,2629.4499999999994,17,2233.4500000000007,2opt,notBad
5279,31,2629.4499999999994,17,2233.4500000000007,move,improve
5280,31,2629.4499999999994,17,2233.4500000000007,2opt,improve
5281,31,2629.4499999999994,17,2233.4500000000007,2opt,notBad
5282,31,2641.6499999999987,17,2233.4500000000007,swap,acceptBad
5283,31,2641.6499999999987,17,2233.4500000000007,swap,notBad
5284,31,2641.6499999999987,17,2233.4500000000007,swap,notBad
5285,31,2641.6499999999987,17,2233.4500000000007,2opt,improve
5286,31,2641.6499999999987,17,2233.4500000000007,2opt,notBad
5287,31,2641.6499999999987,17,2233.4500000000007,2opt,notBad
5288,31,2641.6499999999987,17,2233.4500000000007,2opt,notBad
5289,31,2641.6499999999987,17,2233.4500000000007,2opt,notBad
5290,31,2641.6499999999987,17,2233.4500000000007,2opt,improve
5291,31,2641.6499999999987,17,2233.4500000000007,swap,notBad
5292,31,2641.6499999999987,17,2233.4500000000007,2opt,notBad
5293,31,2641.6499999999987,17,2233.4500000000007,swap,notBad
5294,31,2641.6499999999987,17,2233.4500000000007,2opt,notBad
5295,31,2642.349999999999,17,2233.4500000000007,swap,acceptBad
5296,31,2642.349999999999,17,2233.4500000000007,swap,notBad
5297,31,2642.349999999999,17,2233.4500000000007,move,improve
5298,31,2642.349999999999,17,2233.4500000000007,swap,notBad
5299,31,2642.349999999999,17,2233.4500000000007,2opt,notBad
5300,31,2642.349999999999,17,2233.4500000000007,move,improve
5301,31,2642.349999999999,17,2233.4500000000007,move,improve
5302,31,2642.349999999999,17,2233.4500000000007,move,improve
5303,31,2642.349999999999,17,2233.4500000000007,swap,notBad
5304,31,2642.349999999999,17,2233.4500000000007,swap,notBad
5305,31,2642.349999999999,17,2233.4500000000007,2opt,notBad
5306,31,2642.349999999999,17,2233.4500000000007,move,improve
5307,31,2642.349999999999,17,2233.4500000000007,2opt,notBad
5308,31,2642.349999999999,17,2233.4500000000007,move,improve
5309,31,2642.349999999999,17,2233.4500000000007,2opt,notBad
5310,31,2642.349999999999,17,2233.4500000000007,2opt,notBad
5311,31,2642.349999999999,17,2233.4500000000007,swap,notBad
5312,31,2642.349999999999,17,2233.4500000000007,swap,notBad
5313,31,2642.349999999999,17,2233.4500000000007,swap,notBad
5314,31,2642.349999999999,17,2233.4500000000007,move,improve
5315,31,2642.349999999999,17,2233.4500000000007,swap,notBad
5316,31,2642.349999999999,17,2233.4500000000007,move,improve
5317,31,2642.349999999999,17,2233.4500000000007,2opt,notBad
5318,31,2642.349999999999,17,2233.4500000000007,move,improve
5319,31,2642.349999999999,17,2233.4500000000007,2opt,notBad
5320,31,2642.349999999999,17,2233.4500000000007,2opt,notBad
5321,31,2642.349999999999,17,2233.4500000000007,move,improve
5322,31,2642.349999999999,17,2233.4500000000007,swap,notBad
5323,31,2642.349999999999,17,2233.4500000000007,swap,notBad
5324,31,2642.349999999999,17,2233.4500000000007,move,improve
5325,31,2642.349999999999,17,2233.4500000000007,move,improve
5326,31,2642.349999999999,17,2233.4500000000007,2opt,notBad
5327,31,2642.349999999999,17,2233.4500000000007,move,improve
5328,31,2642.349999999999,17,2233.4500000000007,move,improve
5329,31,2642.349999999999,17,2233.4500000000007,2opt,improve
5330,31,2642.349999999999,17,2233.4500000000007,swap,notBad
5331,31,2642.349999999999,17,2233.4500000000007,2opt,notBad
5332,31,2642.349999999999,17,2233.4500000000007,2opt,notBad
5333,31,2642.349999999999,17,2233.4500000000007,2opt,notBad
5334,31,2642.349999999999,17,2233.4500000000007,swap,notBad
5335,31,2642.349999999999,17,2233.4500000000007,2opt,notBad
5336,31,2642.349999999999,17,2233.4500000000007,swap,notBad
5337,31,2642.349999999999,17,2233.4500000000007,swap,notBad
5338,31,2642.349999999999,17,2233.4500000000007,move,improve
5339,31,2642.349999999999,17,2233.4500000000007,swap,notBad
5340,31,2642.349999999999,17,2233.4500000000007,2opt,improve
5341,31,2642.349999999999,17,2233.4500000000007,swap,notBad
5342,31,2642.349999999999,17,2233.4500000000007,swap,notBad
5343,31,2642.349999999999,17,2233.4500000000007,2opt,improve
5344,31,2642.349999999999,17,2233.4500000000007,move,improve
5345,31,2642.349999999999,17,2233.4500000000007,2opt,notBad
5346,31,2642.349999999999,17,2233.4500000000007,move,improve
5347,31,2642.349999999999,17,2233.4500000000007,swap,notBad
5348,31,2642.349999999999,17,2233.4500000000007,move,improve
5349,31,2642.349999999999,17,2233.4500000000007,move,improve
5350,31,2642.349999999999,17,2233.4500000000007,move,improve
5351,31,2642.349999999999,17,2233.4500000000007,move,notBad
5352,31,2642.349999999999,17,2233.4500000000007,2opt,notBad
5353,31,2642.349999999999,17,2233.4500000000007,swap,notBad
5354,31,2642.349999999999,17,2233.4500000000007,swap,notBad
5355,31,2642.349999999999,17,2233.4500000000007,move,improve
5356,31,2642.349999999999,17,2233.4500000000007,2opt,notBad
5357,31,2642.349999999999,17,2233.4500000000007,move,improve
5358,31,2642.349999999999,17,2233.4500000000007,move,improve
5359,31,2642.349999999999,17,2233.4500000000007,move,improve
5360,31,2642.349999999999,17,2233.4500000000007,move,improve
5361,31,2642.349999999999,17,2233.4500000000007,swap,notBad
5362,31,2642.349999999999,17,2233.4500000000007,2opt,notBad
5363,31,2642.349999999999,17,2233.4500000000007,2opt,notBad
5364,31,2642.349999999999,17,2233.4500000000007,swap,notBad
5365,31,2642.349999999999,17,2233.4500000000007,swap,notBad
5366,31,2642.349999999999,17,2233.4500000000007,swap,notBad
5367,31,2642.349999999999,17,2233.4500000000007,2opt,notBad
5368,31,2642.349999999999,17,2233.4500000000007,swap,notBad
5369,31,2642.349999999999,17,2233.4500000000007,2opt,improve
5370,31,2642.349999999999,17,2233.4500000000007,swap,notBad
5371,31,2642.349999999999,17,2233.4500000000007,move,improve
5372,31,2642.349999999999,17,2233.4500000000007,2opt,notBad
5373,31,2642.349999999999,17,2233.4500000000007,move,improve
5374,31,2642.349999999999,17,2233.4500000000007,move,improve
5375,31,2642.349999999999,17,2233.4500000000007,2opt,notBad
5376,31,2642.349999999999,17,2233.4500000000007,2opt,notBad
5377,31,2642.349999999999,17,2233.4500000000007,swap,notBad
5378,31,2642.349999999999,17,2233.4500000000007,2opt,notBad
5379,31,2642.349999999999,17,2233.4500000000007,2opt,notBad
5380,31,2642.349999999999,17,2233.4500000000007,swap,notBad
5381,31,2642.349999999999,17,2233.4500000000007,2opt,notBad
5382,31,2642.349999999999,17,2233.4500000000007,2opt,notBad
5383,31,2642.349999999999,17,2233.4500000000007,move,improve
5384,31,2642.349999999999,17,2233.4500000000007,swap,notBad
5385,31,2642.349999999999,17,2233.4500000000007,swap,notBad
5386,31,2642.349999999999,17,2233.4500000000007,move,improve
5387,31,2642.349999999999,17,2233.4500000000007,2opt,notBad
5388,31,2642.349999999999,17,2233.4500000000007,2opt,notBad
5389,31,2642.349999999999,17,2233.4500000000007,move,notBad
5390,31,2642.349999999999,17,2233.4500000000007,move,improve
5391,31,2642.349999999999,17,2233.4500000000007,swap,notBad
5392,31,2642.349999999999,17,2233.4500000000007,2opt,notBad
5393,31,2642.349999999999,17,2233.4500000000007,2opt,notBad
5394,31,2642.349999999999,17,2233.4500000000007,move,improve
5395,31,2642.349999999999,17,2233.4500000000007,move,improve
5396,31,2642.349999999999,17,2233.4500000000007,swap,notBad
5397,31,2642.349999999999,17,2233.4500000000007,swap,notBad
5398,31,2642.349999999999,17,2233.4500000000007,swap,notBad
5399,31,2642.349999999999,17,2233.4500000000007,2opt,notBad
5400,31,2642.349999999999,17,2233.4500000000007,swap,notBad
5401,31,2642.349999999999,17,2233.4500000000007,swap,notBad
5402,31,2642.349999999999,17,2233.4500000000007,move,improve
5403,31,2642.349999999999,17,2233.4500000000007,2opt,notBad
5404,31,2642.349999999999,17,2233.4500000000007,move,improve
5405,31,2642.349999999999,17,2233.4500000000007,swap,notBad
5406,31,2642.349999999999,17,2233.4500000000007,swap,notBad
5407,31,2642.349999999999,17,2233.4500000000007,move,improve
5408,31,2642.349999999999,17,2233.4500000000007,move,improve
5409,31,2642.349999999999,17,2233.4500000000007,move,improve
5410,31,2642.349999999999,17,2233.4500000000007,move,improve
5411,31,2642.349999999999,17,2233.4500000000007,2opt,notBad
5412,31,2642.349999999999,17,2233.4500000000007,swap,notBad
5413,31,2642.349999999999,17,2233.4500000000007,2opt,notBad
5414,31,2642.349999999999,17,2233.4500000000007,2opt,notBad
5415,31,2642.349999999999,17,2233.4500000000007,move,improve
5416,31,2642.349999999999,17,2233.4500000000007,move,improve
5417,31,2642.349999999999,17,2233.4500000000007,swap,notBad
5418,31,2642.349999999999,17,2233.4500000000007,2opt,notBad
5419,31,2642.349999999999,17,2233.4500000000007,2opt,notBad
5420,31,2642.349999999999,17,2233.4500000000007,move,improve
5421,31,2642.349999999999,17,2233.4500000000007,2opt,notBad
5422,31,2642.349999999999,17,2233.4500000000007,move,improve
5423,31,2642.349999999999,17,2233.4500000000007,move,improve
5424,31,2642.349999999999,17,2233.4500000000007,swap,notBad
5425,31,2642.349999999999,17,2233.4500000000007,2opt,notBad
5426,31,2642.349999999999,17,2233.4500000000007,2opt,notBad
5427,31,2642.349999999999,17,2233.4500000000007,move,improve
5428,31,2642.349999999999,17,2233.4500000000007,move,improve
5429,31,2642.349999999999,17,2233.4500000000007,swap,notBad
5430,31,2642.349999999999,17,2233.4500000000007,swap,notBad
5431,31,2642.349999999999,17,2233.4500000000007,2opt,notBad
5432,31,2642.349999999999,17,2233.4500000000007,2opt,notBad
5433,31,2642.349999999999,17,2233.4500000000007,swap,notBad
5434,31,2642.349999999999,17,2233.4500000000007,move,improve
5435,31,2642.349999999999,17,2233.4500000000007,2opt,notBad
5436,31,2642.349999999999,17,2233.4500000000007,swap,notBad
5437,31,2642.349999999999,17,2233.4500000000007,2opt,notBad
5438,31,2642.349999999999,17,2233.4500000000007,swap,notBad
5439,31,2642.349999999999,17,2233.4500000000007,move,improve
5440,31,2642.349999999999,17,2233.4500000000007,swap,notBad
5441,31,2642.349999999999,17,2233.4500000000007,swap,notBad
5442,31,2642.349999999999,17,2233.4500000000007,swap,notBad
5443,31,2642.349999999999,17,2233.4500000000007,move,improve
5444,31,2642.349999999999,17,2233.4500000000007,swap,notBad
5445,31,2642.349999999999,17,2233.4500000000007,2opt,notBad
5446,31,2642.349999999999,17,2233.4500000000007,2opt,notBad
5447,31,2642.349999999999,17,2233.4500000000007,move,improve
5448,31,2642.349999999999,17,2233.4500000000007,swap,notBad
5449,31,2642.349999999999,17,2233.4500000000007,swap,notBad
5450,31,2642.349999999999,17,2233.4500000000007,move,improve
5451,31,2642.349999999999,17,2233.4500000000007,swap,notBad
5452,31,2642.349999999999,17,2233.4500000000007,2opt,notBad
5453,31,2642.349999999999,17,2233.4500000000007,move,improve
5454,31,2654.6499999999987,17,2233.4500000000007,swap,acceptBad
5455,31,2654.6499999999987,17,2233.4500000000007,move,improve
5456,31,2654.6499999999987,17,2233.4500000000007,move,notBad
5457,31,2654.6499999999987,17,2233.4500000000007,swap,notBad
5458,31,2654.6499999999987,17,2233.4500000000007,2opt,notBad
5459,31,2654.6499999999987,17,2233.4500000000007,swap,notBad
5460,31,2654.6499999999987,17,2233.4500000000007,swap,notBad
5461,31,2654.6499999999987,17,2233.4500000000007,2opt,notBad
5462,31,2654.6499999999987,17,2233.4500000000007,move,improve
5463,31,2654.6499999999987,17,2233.4500000000007,move,improve
5464,31,2654.6499999999987,17,2233.4500000000007,swap,notBad
5465,31,2654.6499999999987,17,2233.4500000000007,move,improve
5466,31,2684.499999999999,17,2233.4500000000007,swap,acceptBad
5467,31,2684.499999999999,17,2233.4500000000007,move,improve
5468,31,2684.499999999999,17,2233.4500000000007,2opt,notBad
5469,31,2684.499999999999,17,2233.4500000000007,2opt,notBad
5470,31,2684.499999999999,17,2233.4500000000007,2opt,improve
5471,31,2684.499999999999,17,2233.4500000000007,move,improve
5472,31,2684.499999999999,17,2233.4500000000007,swap,notBad
5473,31,2684.499999999999,17,2233.4500000000007,swap,notBad
5474,31,2684.499999999999,17,2233.4500000000007,swap,notBad
5475,31,2684.499999999999,17,2233.4500000000007,move,improve
5476,31,2684.499999999999,17,2233.4500000000007,move,improve
5477,31,2684.499999999999,17,2233.4500000000007,2opt,notBad
5478,31,2684.499999999999,17,2233.4500000000007,move,improve
5479,31,2684.499999999999,17,2233.4500000000007,move,improve
5480,31,2684.499999999999,17,2233.4500000000007,swap,notBad
5481,31,2684.499999999999,17,2233.4500000000007,move,improve
5482,31,2684.499999999999,17,2233.4500000000007,swap,notBad
5483,31,2684.499999999999,17,2233.4500000000007,2opt,notBad
5484,31,2684.499999999999,17,2233.4500000000007,2opt,notBad
5485,31,2684.499999999999,17,2233.4500000000007,swap,notBad
5486,31,2684.499999999999,17,2233.4500000000007,swap,notBad
5487,31,2684.499999999999,17,2233.4500000000007,move,improve
5488,31,2684.499999999999,17,2233.4500000000007,2opt,notBad
5489,31,2684.499999999999,17,2233.4500000000007,move,improve
5490,31,2684.499999999999,17,2233.4500000000007,move,improve
5491,31,2684.499999999999,17,2233.4500000000007,2opt,notBad
5492,31,2684.499999999999,17,2233.4500000000007,2opt,notBad
5493,31,2684.499999999999,17,2233.4500000000007,2opt,notBad
5494,31,2684.499999999999,17,2233.4500000000007,move,improve
5495,31,2684.499999999999,17,2233.4500000000007,2opt,notBad
5496,31,2684.499999999999,17,2233.4500000000007,move,improve
5497,31,2684.499999999999,17,2233.4500000000007,2opt,notBad
5498,31,2684.499999999999,17,2233.4500000000007,move,improve
5499,31,2684.499999999999,17,2233.4500000000007,2opt,notBad
5500,31,2684.499999999999,17,2233.4500000000007,move,improve
5501,31,2684.499999999999,17,2233.4500000000007,move,improve
5502,31,2684.499999999999,17,2233.4500000000007,move,improve
5503,31,2684.499999999999,17,2233.4500000000007,move,improve
5504,31,2699.5499999999993,17,2233.4500000000007,swap,acceptBad
5505,31,2699.5499999999993,17,2233.4500000000007,2opt,notBad
5506,31,2699.5499999999993,17,2233.4500000000007,2opt,notBad
5507,31,2699.5499999999993,17,2233.4500000000007,2opt,notBad
5508,31,2699.5499999999993,17,2233.4500000000007,swap,notBad
5509,31,2699.5499999999993,17,2233.4500000000007,swap,notBad
5510,31,2699.5499999999993,17,2233.4500000000007,swap,notBad
5511,31,2699.5499999999993,17,2233.4500000000007,move,improve
5512,31,2699.5499999999993,17,2233.4500000000007,2opt,notBad
5513,31,2699.5499999999993,17,2233.4500000000007,swap,notBad
5514,31,2699.5499999999993,17,2233.4500000000007,move,improve
5515,31,2699.5499999999993,17,2233.4500000000007,move,improve
5516,31,2699.5499999999993,17,2233.4500000000007,2opt,notBad
5517,31,2699.5499999999993,17,2233.4500000000007,move,improve
5518,31,2699.5499999999993,17,2233.4500000000007,swap,notBad
5519,31,2699.5499999999993,17,2233.4500000000007,move,improve
5520,31,2699.5499999999993,17,2233.4500000000007,2opt,notBad
5521,31,2699.5499999999993,17,2233.4500000000007,swap,notBad
5522,31,2699.5499999999993,17,2233.4500000000007,move,improve
5523,31,2699.5499999999993,17,2233.4500000000007,move,improve
5524,31,2699.5499999999993,17,2233.4500000000007,2opt,notBad
5525,31,2699.5499999999993,17,2233.4500000000007,swap,notBad
5526,31,2699.5499999999993,17,2233.4500000000007,move,improve
5527,31,2699.5499999999993,17,2233.4500000000007,swap,notBad
5528,31,2699.5499999999993,17,2233.4500000000007,2opt,notBad
5529,31,2699.5499999999993,17,2233.4500000000007,swap,notBad
5530,31,2699.5499999999993,17,2233.4500000000007,move,improve
5531,31,2699.5499999999993,17,2233.4500000000007,move,improve
5532,31,2707.1,17,2233.4500000000007,swap,acceptBad
5533,31,2707.1,17,2233.4500000000007,swap,notBad
5534,31,2707.1,17,2233.4500000000007,move,improve
5535,31,2707.1,17,2233.4500000000007,2opt,improve
5536,31,2707.1,17,2233.4500000000007,2opt,notBad
5537,31,2707.1,17,2233.4500000000007,swap,notBad
5538,31,2707.1,17,2233.4500000000007,2opt,notBad
5539,31,2707.1,17,2233.4500000000007,swap,notBad
5540,31,2707.1,17,2233.4500000000007,2opt,notBad
5541,31,2707.1,17,2233.4500000000007,move,improve
5542,31,2707.1,17,2233.4500000000007,swap,notBad
5543,31,2707.1,17,2233.4500000000007,move,improve
5544,31,2707.1,17,2233.4500000000007,move,improve
5545,31,2707.1,17,2233.4500000000007,swap,notBad
5546,31,2707.1,17,2233.4500000000007,move,improve
5547,31,2707.1,17,2233.4500000000007,move,improve
5548,31,2707.1,17,2233.4500000000007,2opt,notBad
5549,31,2707.1,17,2233.4500000000007,move,improve
5550,31,2707.1,17,2233.4500000000007,move,improve
5551,31,2707.1,17,2233.4500000000007,move,improve
5552,31,2698.0,17,2233.4500000000007,move,improve
5553,31,2698.0,17,2233.4500000000007,2opt,notBad
5554,31,2698.0,17,2233.4500000000007,move,improve
5555,31,2698.0,17,2233.4500000000007,swap,notBad
5556,31,2698.0,17,2233.4500000000007,swap,notBad
5557,31,2698.0,17,2233.4500000000007,move,improve
5558,31,2698.0,17,2233.4500000000007,swap,notBad
5559,31,2698.0,17,2233.4500000000007,2opt,notBad
5560,31,2698.0,17,2233.4500000000007,swap,notBad
5561,31,2698.0,17,2233.4500000000007,move,improve
5562,31,2698.0,17,2233.4500000000007,move,improve
5563,31,2695.8999999999996,17,2233.4500000000007,move,improve
5564,31,2695.8999999999996,17,2233.4500000000007,swap,notBad
5565,31,2695.8999999999996,17,2233.4500000000007,move,improve
5566,31,2695.8999999999996,17,2233.4500000000007,move,improve
5567,31,2695.8999999999996,17,2233.4500000000007,2opt,notBad
5568,31,2695.8999999999996,17,2233.4500000000007,2opt,notBad
5569,31,2695.8999999999996,17,2233.4500000000007,swap,notBad
5570,31,2695.8999999999996,17,2233.4500000000007,swap,notBad
5571,31,2695.8999999999996,17,2233.4500000000007,2opt,notBad
5572,31,2695.8999999999996,17,2233.4500000000007,move,improve
5573,31,2695.8999999999996,17,2233.4500000000007,swap,notBad
5574,31,2695.8999999999996,17,2233.4500000000007,move,improve
5575,31,2695.8999999999996,17,2233.4500000000007,swap,notBad
5576,31,2695.8999999999996,17,2233.4500000000007,swap,notBad
5577,31,2695.8999999999996,17,2233.4500000000007,2opt,notBad
5578,31,2695.8999999999996,17,2233.4500000000007,move,improve
5579,31,2695.8999999999996,17,2233.4500000000007,swap,notBad
5580,31,2695.8999999999996,17,2233.4500000000007,swap,notBad
5581,31,2695.8999999999996,17,2233.4500000000007,2opt,notBad
5582,31,2695.8999999999996,17,2233.4500000000007,move,improve
5583,31,2695.8999999999996,17,2233.4500000000007,2opt,notBad
5584,31,2695.8999999999996,17,2233.4500000000007,move,improve
5585,31,2695.8999999999996,17,2233.4500000000007,swap,notBad
5586,31,2695.8999999999996,17,2233.4500000000007,swap,notBad
5587,31,2695.8999999999996,17,2233.4500000000007,2opt,notBad
5588,31,2695.8999999999996,17,2233.4500000000007,swap,notBad
5589,31,2695.8999999999996,17,2233.4500000000007,swap,notBad
5590,31,2695.8999999999996,17,2233.4500000000007,move,improve
5591,31,2695.8999999999996,17,2233.4500000000007,swap,notBad
5592,31,2695.8999999999996,17,2233.4500000000007,2opt,notBad
5593,31,2695.8999999999996,17,2233.4500000000007,2opt,notBad
5594,31,2695.8999999999996,17,2233.4500000000007,2opt,notBad
5595,31,2695.8999999999996,17,2233.4500000000007,move,improve
5596,31,2695.8999999999996,17,2233.4500000000007,swap,notBad
5597,31,2695.8999999999996,17,2233.4500000000007,swap,notBad
5598,31,2684.1,17,2233.4500000000007,move,improve
5599,31,2684.1,17,2233.4500000000007,move,improve
5600,31,2672.6000000000004,17,2233.4500000000007,move,improve
5601,31,2672.6000000000004,17,2233.4500000000007,2opt,notBad
5602,31,2672.6000000000004,17,2233.4500000000007,move,improve
5603,31,2672.6000000000004,17,2233.4500000000007,2opt,notBad
5604,31,2672.6000000000004,17,2233.4500000000007,swap,notBad
5605,31,2672.6000000000004,17,2233.4500000000007,2opt,notBad
5606,31,2664.950000000001,17,2233.4500000000007,swap,improve
5607,31,2664.950000000001,17,2233.4500000000007,2opt,notBad
5608,31,2664.950000000001,17,2233.4500000000007,swap,notBad
5609,31,2664.950000000001,17,2233.4500000000007,swap,notBad
5610,31,2664.950000000001,17,2233.4500000000007,2opt,notBad
5611,31,2664.950000000001,17,2233.4500000000007,swap,notBad
5612,31,2664.950000000001,17,2233.4500000000007,move,improve
5613,31,2664.950000000001,17,2233.4500000000007,swap,notBad
5614,31,2664.950000000001,17,2233.4500000000007,swap,notBad
5615,31,2664.950000000001,17,2233.4500000000007,move,improve
5616,31,2664.950000000001,17,2233.4500000000007,swap,notBad
5617,31,2664.950000000001,17,2233.4500000000007,2opt,improve
5618,31,2664.950000000001,17,2233.4500000000007,2opt,notBad
5619,31,2664.950000000001,17,2233.4500000000007,swap,notBad
5620,31,2664.950000000001,17,2233.4500000000007,2opt,notBad
5621,31,2664.950000000001,17,2233.4500000000007,2opt,notBad
5622,31,2664.950000000001,17,2233.4500000000007,2opt,notBad
5623,31,2664.950000000001,17,2233.4500000000007,move,improve
5624,31,2685.2000000000016,17,2233.4500000000007,swap,acceptBad
5625,31,2685.2000000000016,17,2233.4500000000007,2opt,improve
5626,31,2685.2000000000016,17,2233.4500000000007,2opt,notBad
5627,31,2685.2000000000016,17,2233.4500000000007,move,improve
5628,31,2685.2000000000016,17,2233.4500000000007,move,improve
5629,31,2685.2000000000016,17,2233.4500000000007,move,improve
5630,31,2685.2000000000016,17,2233.4500000000007,2opt,notBad
5631,31,2685.2000000000016,17,2233.4500000000007,move,improve
5632,31,2685.2000000000016,17,2233.4500000000007,move,improve
5633,31,2685.2000000000016,17,2233.4500000000007,2opt,notBad
5634,31,2688.8000000000015,17,2233.4500000000007,swap,acceptBad
5635,31,2688.8000000000015,17,2233.4500000000007,move,improve
5636,31,2688.8000000000015,17,2233.4500000000007,move,improve
5637,31,2688.8000000000015,17,2233.4500000000007,swap,notBad
5638,31,2688.8000000000015,17,2233.4500000000007,swap,notBad
5639,31,2688.8000000000015,17,2233.4500000000007,move,improve
5640,31,2688.8000000000015,17,2233.4500000000007,move,improve
5641,31,2688.8000000000015,17,2233.4500000000007,2opt,improve
5642,31,2688.8000000000015,17,2233.4500000000007,move,improve
5643,31,2688.8000000000015,17,2233.4500000000007,swap,notBad
5644,31,2688.8000000000015,17,2233.4500000000007,2opt,notBad
5645,31,2688.8000000000015,17,2233.4500000000007,2opt,notBad
5646,31,2688.8000000000015,17,2233.4500000000007,2opt,notBad
5647,31,2688.8000000000015,17,2233.4500000000007,move,improve
5648,31,2688.8000000000015,17,2233.4500000000007,move,improve
5649,31,2725.0000000000005,17,2233.4500000000007,swap,acceptBad
5650,31,2725.0000000000005,17,2233.4500000000007,2opt,notBad
5651,31,2725.0000000000005,17,2233.4500000000007,swap,notBad
5652,31,2725.0000000000005,17,2233.4500000000007,2opt,improve
5653,31,2725.0000000000005,17,2233.4500000000007,2opt,notBad
5654,31,2725.0000000000005,17,2233.4500000000007,2opt,notBad
5655,31,2725.0000000000005,17,2233.4500000000007,move,improve
5656,31,2725.0000000000005,17,2233.4500000000007,2opt,notBad
5657,31,2725.0000000000005,17,2233.4500000000007,2opt,notBad
5658,31,2725.0000000000005,17,2233.4500000000007,swap,notBad
5659,31,2725.0000000000005,17,2233.4500000000007,move,improve
5660,31,2725.0000000000005,17,2233.4500000000007,2opt,notBad
5661,31,2725.0000000000005,17,2233.4500000000007,move,improve
5662,31,2725.0000000000005,17,2233.4500000000007,move,improve
5663,31,2725.0000000000005,17,2233.4500000000007,2opt,notBad
5664,31,2725.0000000000005,17,2233.4500000000007,swap,notBad
5665,31,2725.0000000000005,17,2233.4500000000007,move,improve
5666,31,2725.0000000000005,17,2233.4500000000007,2opt,notBad
5667,31,2725.0000000000005,17,2233.4500000000007,2opt,notBad
5668,31,2725.0000000000005,17,2233.4500000000007,move,improve
5669,31,2725.0000000000005,17,2233.4500000000007,move,improve
5670,31,2725.0000000000005,17,2233.4500000000007,move,improve
5671,31,2725.0000000000005,17,2233.4500000000007,move,improve
5672,31,2699.2500000000005,17,2233.4500000000007,move,improve
5673,31,2699.2500000000005,17,2233.4500000000007,2opt,notBad
5674,31,2699.2500000000005,17,2233.4500000000007,move,improve
5675,31,2699.2500000000005,17,2233.4500000000007,2opt,notBad
5676,31,2699.2500000000005,17,2233.4500000000007,move,improve
5677,31,2699.2500000000005,17,2233.4500000000007,move,improve
5678,31,2699.2500000000005,17,2233.4500000000007,move,improve
5679,31,2699.2500000000005,17,2233.4500000000007,swap,notBad
5680,31,2699.2500000000005,17,2233.4500000000007,move,improve
5681,31,2699.2500000000005,17,2233.4500000000007,2opt,notBad
5682,31,2699.2500000000005,17,2233.4500000000007,swap,notBad
5683,31,2699.2500000000005,17,2233.4500000000007,swap,notBad
5684,31,2699.2500000000005,17,2233.4500000000007,2opt,notBad
5685,31,2699.2500000000005,17,2233.4500000000007,move,improve
5686,31,2699.2500000000005,17,2233.4500000000007,2opt,notBad
5687,31,2699.2500000000005,17,2233.4500000000007,swap,notBad
5688,31,2699.2500000000005,17,2233.4500000000007,2opt,notBad
5689,31,2699.2500000000005,17,2233.4500000000007,swap,notBad
5690,31,2699.2500000000005,17,2233.4500000000007,move,improve
5691,31,2699.2500000000005,17,2233.4500000000007,move,improve
5692,31,2699.2500000000005,17,2233.4500000000007,swap,notBad
5693,31,2699.2500000000005,17,2233.4500000000007,move,improve
5694,31,2699.2500000000005,17,2233.4500000000007,2opt,notBad
5695,31,2699.2500000000005,17,2233.4500000000007,swap,notBad
5696,31,2699.2500000000005,17,2233.4500000000007,swap,notBad
5697,31,2699.2500000000005,17,2233.4500000000007,swap,notBad
5698,31,2699.2500000000005,17,2233.4500000000007,move,improve
5699,31,2699.2500000000005,17,2233.4500000000007,2opt,notBad
5700,31,2699.2500000000005,17,2233.4500000000007,move,improve
5701,31,2699.2500000000005,17,2233.4500000000007,2opt,notBad
5702,31,2699.2500000000005,17,2233.4500000000007,move,improve
5703,31,2699.2500000000005,17,2233.4500000000007,move,improve
5704,31,2699.2500000000005,17,2233.4500000000007,move,improve
5705,31,2699.2500000000005,17,2233.4500000000007,move,improve
5706,31,2699.2500000000005,17,2233.4500000000007,move,improve
5707,31,2699.2500000000005,17,2233.4500000000007,swap,notBad
5708,31,2699.2500000000005,17,2233.4500000000007,move,improve
5709,31,2699.2500000000005,17,2233.4500000000007,swap,notBad
5710,31,2699.2500000000005,17,2233.4500000000007,move,improve
5711,31,2699.2500000000005,17,2233.4500000000007,2opt,notBad
5712,31,2699.2500000000005,17,2233.4500000000007,swap,notBad
5713,31,2699.2500000000005,17,2233.4500000000007,swap,notBad
5714,31,2699.2500000000005,17,2233.4500000000007,2opt,improve
5715,31,2699.2500000000005,17,2233.4500000000007,swap,notBad
5716,31,2699.2500000000005,17,2233.4500000000007,swap,notBad
5717,31,2699.2500000000005,17,2233.4500000000007,2opt,notBad
5718,31,2699.2500000000005,17,2233.4500000000007,move,improve
5719,31,2699.2500000000005,17,2233.4500000000007,2opt,improve
5720,31,2699.2500000000005,17,2233.4500000000007,move,improve
5721,31,2699.2500000000005,17,2233.4500000000007,2opt,notBad
5722,31,2699.2500000000005,17,2233.4500000000007,2opt,notBad
5723,31,2699.2500000000005,17,2233.4500000000007,2opt,notBad
5724,31,2699.2500000000005,17,2233.4500000000007,2opt,notBad
5725,31,2699.2500000000005,17,2233.4500000000007,move,improve
5726,31,2699.2500000000005,17,2233.4500000000007,2opt,notBad
5727,31,2699.2500000000005,17,2233.4500000000007,swap,notBad
5728,31,2699.2500000000005,17,2233.4500000000007,2opt,notBad
5729,31,2699.2500000000005,17,2233.4500000000007,swap,notBad
5730,31,2699.2500000000005,17,2233.4500000000007,2opt,notBad
5731,31,2699.2500000000005,17,2233.4500000000007,swap,notBad
5732,31,2699.2500000000005,17,2233.4500000000007,move,improve
5733,31,2699.2500000000005,17,2233.4500000000007,2opt,notBad
5734,31,2699.2500000000005,17,2233.4500000000007,2opt,notBad
5735,31,2699.2500000000005,17,2233.4500000000007,swap,notBad
5736,31,2728.3500000000004,17,2233.4500000000007,swap,acceptBad
5737,31,2728.3500000000004,17,2233.4500000000007,swap,notBad
5738,31,2728.3500000000004,17,2233.4500000000007,2opt,notBad
5739,31,2728.3500000000004,17,2233.4500000000007,2opt,notBad
5740,31,2728.3500000000004,17,2233.4500000000007,move,improve
5741,31,2728.3500000000004,17,2233.4500000000007,2opt,notBad
5742,31,2728.3500000000004,17,2233.4500000000007,2opt,notBad
5743,31,2728.3500000000004,17,2233.4500000000007,2opt,notBad
5744,31,2728.3500000000004,17,2233.4500000000007,2opt,notBad
5745,31,2728.3500000000004,17,2233.4500000000007,swap,notBad
5746,31,2728.3500000000004,17,2233.4500000000007,2opt,notBad
5747,31,2738.05,17,2233.4500000000007,swap,acceptBad
5748,31,2738.05,17,2233.4500000000007,2opt,notBad
5749,31,2738.05,17,2233.4500000000007,2opt,notBad
5750,31,2738.05,17,2233.4500000000007,swap,notBad
5751,31,2722.6,17,2233.4500000000007,move,improve
5752,31,2722.6,17,2233.4500000000007,swap,notBad
5753,31,2715.8500000000004,17,2233.4500000000007,swap,improve
5754,31,2715.8500000000004,17,2233.4500000000007,swap,notBad
5755,31,2715.8500000000004,17,2233.4500000000007,swap,notBad
5756,31,2715.8500000000004,17,2233.4500000000007,2opt,notBad
5757,31,2715.8500000000004,17,2233.4500000000007,move,improve
5758,31,2715.8500000000004,17,2233.4500000000007,swap,notBad
5759,31,2715.8500000000004,17,2233.4500000000007,move,improve
5760,31,2715.8500000000004,17,2233.4500000000007,2opt,notBad
5761,31,2715.8500000000004,17,2233.4500000000007,move,improve
5762,31,2715.8500000000004,17,2233.4500000000007,2opt,notBad
5763,31,2715.8500000000004,17,2233.4500000000007,swap,notBad
5764,31,2715.8500000000004,17,2233.4500000000007,2opt,notBad
5765,31,2715.8500000000004,17,2233.4500000000007,swap,notBad
5766,31,2715.8500000000004,17,2233.4500000000007,2opt,improve
5767,31,2715.8500000000004,17,2233.4500000000007,move,improve
5768,31,2715.8500000000004,17,2233.4500000000007,move,improve
5769,31,2715.8500000000004,17,2233.4500000000007,move,improve
5770,31,2715.8500000000004,17,2233.4500000000007,swap,notBad
5771,31,2715.8500000000004,17,2233.4500000000007,move,improve
5772,31,2715.8500000000004,17,2233.4500000000007,move,improve
5773,31,2715.8500000000004,17,2233.4500000000007,2opt,notBad
5774,31,2715.8500000000004,17,2233.4500000000007,2opt,notBad
5775,31,2715.8500000000004,17,2233.4500000000007,move,improve
5776,31,2715.8500000000004,17,2233.4500000000007,move,improve
5777,31,2715.8500000000004,17,2233.4500000000007,move,improve
5778,31,2715.8500000000004,17,2233.4500000000007,move,improve
5779,31,2715.8500000000004,17,2233.4500000000007,move,improve
5780,31,2715.8500000000004,17,2233.4500000000007,swap,notBad
5781,31,2715.8500000000004,17,2233.4500000000007,swap,notBad
5782,31,2715.8500000000004,17,2233.4500000000007,2opt,notBad
5783,31,2715.8500000000004,17,2233.4500000000007,swap,notBad
5784,31,2715.8500000000004,17,2233.4500000000007,2opt,notBad
5785,31,2715.8500000000004,17,2233.4500000000007,move,improve
5786,31,2715.8500000000004,17,2233.4500000000007,swap,notBad
5787,31,2715.8500000000004,17,2233.4500000000007,swap,notBad
5788,31,2715.8500000000004,17,2233.4500000000007,move,improve
5789,31,2715.8500000000004,17,2233.4500000000007,2opt,improve
5790,31,2715.8500000000004,17,2233.4500000000007,swap,notBad
5791,31,2715.8500000000004,17,2233.4500000000007,move,improve
5792,31,2715.8500000000004,17,2233.4500000000007,2opt,improve
5793,31,2715.8500000000004,17,2233.4500000000007,2opt,notBad
5794,31,2715.8500000000004,17,2233.4500000000007,swap,notBad
5795,31,2715.8500000000004,17,2233.4500000000007,swap,notBad
5796,31,2715.8500000000004,17,2233.4500000000007,2opt,notBad
5797,31,2715.8500000000004,17,2233.4500000000007,move,notBad
5798,31,2715.8500000000004,17,2233.4500000000007,2opt,notBad
5799,31,2715.8500000000004,17,2233.4500000000007,2opt,notBad
5800,31,2715.8500000000004,17,2233.4500000000007,swap,notBad
5801,31,2715.8500000000004,17,2233.4500000000007,2opt,notBad
5802,31,2715.8500000000004,17,2233.4500000000007,swap,notBad
5803,31,2715.8500000000004,17,2233.4500000000007,2opt,notBad
5804,31,2715.8500000000004,17,2233.4500000000007,2opt,notBad
5805,31,2715.8500000000004,17,2233.4500000000007,move,improve
5806,31,2715.8500000000004,17,2233.4500000000007,swap,notBad
5807,31,2715.8500000000004,17,2233.4500000000007,move,improve
5808,31,2715.8500000000004,17,2233.4500000000007,move,improve
5809,31,2715.8500000000004,17,2233.4500000000007,swap,notBad
5810,31,2715.8500000000004,17,2233.4500000000007,move,improve
5811,31,2715.8500000000004,17,2233.4500000000007,swap,notBad
5812,31,2715.8500000000004,17,2233.4500000000007,2opt,notBad
5813,31,2715.8500000000004,17,2233.4500000000007,move,improve
5814,31,2715.8500000000004,17,2233.4500000000007,swap,notBad
5815,31,2715.8500000000004,17,2233.4500000000007,2opt,notBad
5816,31,2715.8500000000004,17,2233.4500000000007,2opt,notBad
5817,31,2705.3500000000004,17,2233.4500000000007,move,improve
5818,31,2705.3500000000004,17,2233.4500000000007,swap,notBad
5819,31,2705.3500000000004,17,2233.4500000000007,2opt,notBad
5820,31,2705.3500000000004,17,2233.4500000000007,2opt,notBad
5821,31,2705.3500000000004,17,2233.4500000000007,swap,notBad
5822,31,2705.3500000000004,17,2233.4500000000007,2opt,improve
5823,31,2705.3500000000004,17,2233.4500000000007,2opt,notBad
5824,31,2705.3500000000004,17,2233.4500000000007,swap,notBad
5825,31,2705.3500000000004,17,2233.4500000000007,move,improve
5826,31,2705.3500000000004,17,2233.4500000000007,move,improve
5827,31,2705.3500000000004,17,2233.4500000000007,swap,notBad
5828,31,2705.3500000000004,17,2233.4500000000007,swap,notBad
5829,31,2705.3500000000004,17,2233.4500000000007,swap,notBad
5830,31,2705.3500000000004,17,2233.4500000000007,swap,notBad
5831,31,2705.3500000000004,17,2233.4500000000007,move,improve
5832,31,2705.3500000000004,17,2233.4500000000007,swap,notBad
5833,31,2705.3500000000004,17,2233.4500000000007,2opt,notBad
5834,31,2705.3500000000004,17,2233.4500000000007,2opt,notBad
5835,31,2705.3500000000004,17,2233.4500000000007,2opt,notBad
5836,31,2705.3500000000004,17,2233.4500000000007,2opt,notBad
5837,31,2705.3500000000004,17,2233.4500000000007,move,improve
5838,31,2705.3500000000004,17,2233.4500000000007,move,improve
5839,31,2705.3500000000004,17,2233.4500000000007,move,improve
5840,31,2705.3500000000004,17,2233.4500000000007,move,improve
5841,31,2705.3500000000004,17,2233.4500000000007,move,improve
5842,31,2705.3500000000004,17,2233.4500000000007,2opt,notBad
5843,31,2705.3500000000004,17,2233.4500000000007,2opt,notBad
5844,31,2705.3500000000004,17,2233.4500000000007,move,improve
5845,31,2705.3500000000004,17,2233.4500000000007,move,improve
5846,31,2705.3500000000004,17,2233.4500000000007,move,improve
5847,31,2705.3500000000004,17,2233.4500000000007,swap,notBad
5848,31,2705.3500000000004,17,2233.4500000000007,2opt,notBad
5849,31,2705.3500000000004,17,2233.4500000000007,2opt,notBad
5850,31,2705.3500000000004,17,2233.4500000000007,move,improve
5851,31,2705.3500000000004,17,2233.4500000000007,swap,notBad
5852,31,2705.3500000000004,17,2233.4500000000007,2opt,notBad
5853,31,2705.3500000000004,17,2233.4500000000007,2opt,improve
5854,31,2705.3500000000004,17,2233.4500000000007,move,improve
5855,31,2705.3500000000004,17,2233.4500000000007,move,improve
5856,31,2705.3500000000004,17,2233.4500000000007,swap,notBad
5857,31,2705.3500000000004,17,2233.4500000000007,2opt,notBad
5858,31,2705.3500000000004,17,2233.4500000000007,swap,notBad
5859,31,2705.3500000000004,17,2233.4500000000007,move,improve
5860,31,2705.3500000000004,17,2233.4500000000007,move,improve
5861,31,2705.3500000000004,17,2233.4500000000007,2opt,notBad
5862,31,2705.3500000000004,17,2233.4500000000007,2opt,notBad
5863,31,2705.3500000000004,17,2233.4500000000007,swap,notBad
5864,31,2705.3500000000004,17,2233.4500000000007,move,improve
5865,31,2705.3500000000004,17,2233.4500000000007,2opt,improve
5866,31,2705.3500000000004,17,2233.4500000000007,2opt,notBad
5867,31,2705.3500000000004,17,2233.4500000000007,move,improve
5868,31,2705.3500000000004,17,2233.4500000000007,swap,notBad
5869,31,2705.3500000000004,17,2233.4500000000007,2opt,notBad
5870,31,2705.3500000000004,17,2233.4500000000007,2opt,improve
5871,31,2705.3500000000004,17,2233.4500000000007,move,improve
5872,31,2705.3500000000004,17,2233.4500000000007,2opt,notBad
5873,31,2705.3500000000004,17,2233.4500000000007,swap,notBad
5874,31,2705.3500000000004,17,2233.4500000000007,move,improve
5875,31,2705.3500000000004,17,2233.4500000000007,2opt,notBad
5876,31,2715.850000000001,17,2233.4500000000007,swap,acceptBad
5877,31,2715.850000000001,17,2233.4500000000007,move,improve
5878,31,2715.850000000001,17,2233.4500000000007,2opt,notBad
5879,31,2715.850000000001,17,2233.4500000000007,swap,notBad
5880,31,2715.850000000001,17,2233.4500000000007,2opt,notBad
5881,31,2715.850000000001,17,2233.4500000000007,move,improve
5882,31,2715.850000000001,17,2233.4500000000007,move,improve
5883,31,2715.850000000001,17,2233.4500000000007,move,improve
5884,31,2715.850000000001,17,2233.4500000000007,move,improve
5885,31,2715.850000000001,17,2233.4500000000007,2opt,notBad
5886,31,2715.850000000001,17,2233.4500000000007,2opt,notBad
5887,31,2715.850000000001,17,2233.4500000000007,move,improve
5888,31,2715.850000000001,17,2233.4500000000007,move,improve
5889,31,2715.850000000001,17,2233.4500000000007,2opt,notBad
5890,31,2715.0,17,2233.4500000000007,2opt,improve
5891,31,2715.0,17,2233.4500000000007,swap,notBad
5892,31,2715.0,17,2233.4500000000007,swap,notBad
5893,31,2715.0,17,2233.4500000000007,2opt,notBad
5894,31,2715.0,17,2233.4500000000007,swap,notBad
5895,31,2715.0,17,2233.4500000000007,move,improve
5896,31,2715.0,17,2233.4500000000007,swap,notBad
5897,31,2715.0,17,2233.4500000000007,move,improve
5898,31,2715.0,17,2233.4500000000007,2opt,notBad
5899,31,2715.0,17,2233.4500000000007,move,improve
5900,31,2715.0,17,2233.4500000000007,2opt,notBad
5901,31,2715.0,17,2233.4500000000007,move,improve
5902,31,2715.0,17,2233.4500000000007,swap,notBad
5903,31,2715.0,17,2233.4500000000007,move,improve
5904,31,2715.0,17,2233.4500000000007,2opt,notBad
5905,31,2715.0,17,2233.4500000000007,swap,notBad
5906,31,2715.0,17,2233.4500000000007,swap,notBad
5907,31,2715.0,17,2233.4500000000007,swap,notBad
5908,31,2715.0,17,2233.4500000000007,move,improve
5909,31,2715.0,17,2233.4500000000007,2opt,notBad
5910,31,2715.0,17,2233.4500000000007,2opt,notBad
5911,31,2715.0,17,2233.4500000000007,2opt,notBad
5912,31,2715.0,17,2233.4500000000007,2opt,notBad
5913,31,2715.0,17,2233.4500000000007,move,improve
5914,31,2715.0,17,2233.4500000000007,move,improve
5915,31,2715.0,17,2233.4500000000007,move,notBad
5916,31,2715.0,17,2233.4500000000007,move,improve
5917,31,2715.0,17,2233.4500000000007,move,improve
5918,31,2715.0,17,2233.4500000000007,swap,notBad
5919,31,2715.0,17,2233.4500000000007,2opt,notBad
5920,31,2715.0,17,2233.4500000000007,swap,notBad
5921,31,2715.0,17,2233.4500000000007,swap,notBad
5922,31,2715.0,17,2233.4500000000007,move,improve
5923,31,2715.0,17,2233.4500000000007,2opt,notBad
5924,31,2715.0,17,2233.4500000000007,move,improve
5925,31,2715.0,17,2233.4500000000007,swap,notBad
5926,31,2715.0,17,2233.4500000000007,swap,notBad
5927,31,2715.0,17,2233.4500000000007,move,improve
5928,31,2715.0,17,2233.4500000000007,move,improve
5929,31,2705.9500000000007,17,2233.4500000000007,2opt,improve
5930,31,2705.9500000000007,17,2233.4500000000007,2opt,notBad
5931,31,2705.9500000000007,17,2233.4500000000007,swap,notBad
5932,31,2705.9500000000007,17,2233.4500000000007,move,improve
5933,31,2705.9500000000007,17,2233.4500000000007,2opt,notBad
5934,31,2705.9500000000007,17,2233.4500000000007,swap,notBad
5935,31,2705.9500000000007,17,2233.4500000000007,move,improve
5936,31,2705.9500000000007,17,2233.4500000000007,swap,notBad
5937,31,2705.9500000000007,17,2233.4500000000007,move,improve
5938,31,2705.9500000000007,17,2233.4500000000007,move,improve
5939,31,2705.9500000000007,17,2233.4500000000007,swap,notBad
5940,31,2705.9500000000007,17,2233.4500000000007,swap,notBad
5941,31,2705.9500000000007,17,2233.4500000000007,swap,notBad
5942,31,2705.9500000000007,17,2233.4500000000007,move,improve
5943,31,2705.9500000000007,17,2233.4500000000007,swap,notBad
5944,31,2705.9500000000007,17,2233.4500000000007,move,improve
5945,31,2705.9500000000007,17,2233.4500000000007,swap,notBad
5946,31,2705.9500000000007,17,2233.4500000000007,swap,notBad
5947,31,2705.9500000000007,17,2233.4500000000007,swap,notBad
5948,31,2705.9500000000007,17,2233.4500000000007,swap,notBad
5949,31,2705.9500000000007,17,2233.4500000000007,swap,notBad
5950,31,2705.9500000000007,17,2233.4500000000007,move,improve
5951,31,2705.9500000000007,17,2233.4500000000007,2opt,notBad
5952,31,2705.9500000000007,17,2233.4500000000007,2opt,notBad
5953,31,2705.9500000000007,17,2233.4500000000007,swap,notBad
5954,31,2705.9500000000007,17,2233.4500000000007,2opt,notBad
5955,31,2705.9500000000007,17,2233.4500000000007,swap,notBad
5956,31,2705.9500000000007,17,2233.4500000000007,move,improve
5957,31,2705.9500000000007,17,2233.4500000000007,swap,notBad
5958,31,2705.9500000000007,17,2233.4500000000007,swap,notBad
5959,31,2705.9500000000007,17,2233.4500000000007,2opt,notBad
5960,31,2705.9500000000007,17,2233.4500000000007,2opt,notBad
5961,31,2705.9500000000007,17,2233.4500000000007,2opt,improve
5962,31,2705.9500000000007,17,2233.4500000000007,swap,notBad
5963,31,2705.9500000000007,17,2233.4500000000007,move,improve
5964,31,2705.9500000000007,17,2233.4500000000007,2opt,notBad
5965,31,2705.9500000000007,17,2233.4500000000007,2opt,notBad
5966,31,2705.9500000000007,17,2233.4500000000007,swap,notBad
5967,31,2705.9500000000007,17,2233.4500000000007,move,improve
5968,31,2705.9500000000007,17,2233.4500000000007,2opt,notBad
5969,31,2705.9500000000007,17,2233.4500000000007,swap,notBad
5970,31,2705.9500000000007,17,2233.4500000000007,move,improve
5971,30,2646.1000000000013,17,2233.4500000000007,move,improve
5972,30,2646.1000000000013,17,2233.4500000000007,swap,notBad
5973,30,2646.1000000000013,17,2233.4500000000007,swap,notBad
5974,30,2646.1000000000013,17,2233.4500000000007,move,improve
5975,30,2646.1000000000013,17,2233.4500000000007,2opt,notBad
5976,30,2646.1000000000013,17,2233.4500000000007,swap,notBad
5977,30,2646.1000000000013,17,2233.4500000000007,swap,notBad
5978,30,2646.1000000000013,17,2233.4500000000007,swap,notBad
5979,30,2646.1000000000013,17,2233.4500000000007,2opt,notBad
5980,30,2646.1000000000013,17,2233.4500000000007,move,improve
5981,30,2646.1000000000013,17,2233.4500000000007,swap,notBad
5982,30,2646.1000000000013,17,2233.4500000000007,2opt,improve
5983,30,2646.1000000000013,17,2233.4500000000007,move,improve
5984,30,2646.1000000000013,17,2233.4500000000007,2opt,improve
5985,30,2646.1000000000013,17,2233.4500000000007,2opt,notBad
5986,30,2646.1000000000013,17,2233.4500000000007,2opt,notBad
5987,30,2646.1000000000013,17,2233.4500000000007,move,improve
5988,30,2646.1000000000013,17,2233.4500000000007,move,improve
5989,30,2646.1000000000013,17,2233.4500000000007,move,improve
5990,30,2646.1000000000013,17,2233.4500000000007,2opt,notBad
5991,30,2646.1000000000013,17,2233.4500000000007,move,improve
5992,30,2646.1000000000013,17,2233.4500000000007,2opt,notBad
5993,30,2646.1000000000013,17,2233.4500000000007,move,improve
5994,30,2646.1000000000013,17,2233.4500000000007,swap,notBad
5995,30,2646.1000000000013,17,2233.4500000000007,swap,notBad
5996,30,2646.1000000000013,17,2233.4500000000007,swap,notBad
5997,30,2646.1000000000013,17,2233.4500000000007,2opt,notBad
5998,30,2646.1000000000013,17,2233.4500000000007,2opt,notBad
5999,30,2646.1000000000013,17,2233.4500000000007,move,improve
6000,30,2646.1000000000013,17,2233.4500000000007,move,improve
6001,30,2646.1000000000013,17,2233.4500000000007,swap,notBad
6002,30,2646.1000000000013,17,2233.4500000000007,swap,notBad
6003,30,2646.1000000000013,17,2233.4500000000007,move,improve
6004,30,2646.1000000000013,17,2233.4500000000007,2opt,improve
6005,30,2646.1000000000013,17,2233.4500000000007,move,improve
6006,30,2646.1000000000013,17,2233.4500000000007,swap,notBad
6007,30,2646.1000000000013,17,2233.4500000000007,move,improve
6008,30,2646.1000000000013,17,2233.4500000000007,swap,notBad
6009,30,2646.1000000000013,17,2233.4500000000007,swap,notBad
6010,30,2646.1000000000013,17,2233.4500000000007,swap,notBad
6011,30,2646.1000000000013,17,2233.4500000000007,2opt,notBad
6012,30,2646.1000000000013,17,2233.4500000000007,move,improve
6013,30,2646.1000000000013,17,2233.4500000000007,move,improve
6014,30,2646.1000000000013,17,2233.4500000000007,move,improve
6015,30,2646.1000000000013,17,2233.4500000000007,move,improve
6016,30,2646.1000000000013,17,2233.4500000000007,swap,notBad
6017,30,2646.1000000000013,17,2233.4500000000007,move,improve
6018,30,2646.1000000000013,17,2233.4500000000007,2opt,improve
6019,30,2646.1000000000013,17,2233.4500000000007,swap,notBad
6020,30,2646.1000000000013,17,2233.4500000000007,swap,notBad
6021,30,2646.1000000000013,17,2233.4500000000007,swap,notBad
6022,30,2646.1000000000013,17,2233.4500000000007,move,improve
6023,30,2646.1000000000013,17,2233.4500000000007,swap,notBad
6024,30,2646.1000000000013,17,2233.4500000000007,2opt,notBad
6025,30,2646.1000000000013,17,2233.4500000000007,2opt,notBad
6026,30,2646.1000000000013,17,2233.4500000000007,move,improve
6027,30,2646.1000000000013,17,2233.4500000000007,swap,notBad
6028,30,2646.1000000000013,17,2233.4500000000007,move,improve
6029,30,2646.1000000000013,17,2233.4500000000007,2opt,notBad
6030,30,2646.1000000000013,17,2233.4500000000007,move,improve
6031,30,2626.1500000000005,17,2233.4500000000007,move,improve
6032,30,2626.1500000000005,17,2233.4500000000007,2opt,notBad
6033,30,2626.1500000000005,17,2233.4500000000007,2opt,notBad
6034,30,2626.1500000000005,17,2233.4500000000007,2opt,notBad
6035,30,2624.4,17,2233.4500000000007,2opt,improve
6036,30,2624.4,17,2233.4500000000007,swap,notBad
6037,30,2624.4,17,2233.4500000000007,swap,notBad
6038,30,2639.6499999999996,17,2233.4500000000007,swap,acceptBad
6039,30,2639.6499999999996,17,2233.4500000000007,move,improve
6040,30,2639.6499999999996,17,2233.4500000000007,swap,notBad
6041,30,2639.6499999999996,17,2233.4500000000007,move,improve
6042,30,2639.6499999999996,17,2233.4500000000007,swap,notBad
6043,30,2602.3500000000004,17,2233.4500000000007,2opt,improve
6044,30,2602.3500000000004,17,2233.4500000000007,move,improve
6045,30,2609.05,17,2233.4500000000007,swap,acceptBad
6046,30,2609.05,17,2233.4500000000007,move,improve
6047,30,2609.05,17,2233.4500000000007,move,improve
6048,30,2609.05,17,2233.4500000000007,2opt,notBad
6049,30,2609.05,17,2233.4500000000007,2opt,notBad
6050,30,2609.05,17,2233.4500000000007,swap,notBad
6051,30,2609.05,17,2233.4500000000007,2opt,notBad
6052,30,2609.05,17,2233.4500000000007,move,improve
6053,30,2609.05,17,2233.4500000000007,2opt,notBad
6054,30,2609.05,17,2233.4500000000007,move,improve
6055,30,2609.05,17,2233.4500000000007,swap,notBad
6056,30,2609.05,17,2233.4500000000007,swap,notBad
6057,30,2609.05,17,2233.4500000000007,move,improve
6058,30,2609.05,17,2233.4500000000007,swap,notBad
6059,30,2609.05,17,2233.4500000000007,swap,notBad
6060,30,2609.05,17,2233.4500000000007,swap,notBad
6061,30,2609.05,17,2233.4500000000007,swap,notBad
6062,30,2609.05,17,2233.4500000000007,2opt,improve
6063,30,2609.05,17,2233.4500000000007,2opt,notBad
6064,30,2609.05,17,2233.4500000000007,move,improve
6065,30,2609.05,17,2233.4500000000007,swap,notBad
6066,30,2609.05,17,2233.4500000000007,move,improve
6067,30,2609.05,17,2233.4500000000007,2opt,notBad
6068,30,2609.05,17,2233.4500000000007,2opt,notBad
6069,30,2609.05,17,2233.4500000000007,move,improve
6070,30,2609.05,17,2233.4500000000007,move,improve
6071,30,2609.05,17,2233.4500000000007,swap,notBad
6072,30,2609.05,17,2233.4500000000007,swap,notBad
6073,30,2609.05,17,2233.4500000000007,swap,notBad
6074,30,2609.05,17,2233.4500000000007,2opt,notBad
6075,30,2609.05,17,2233.4500000000007,swap,notBad
6076,30,2609.05,17,2233.4500000000007,move,improve
6077,30,2609.05,17,2233.4500000000007,2opt,notBad
6078,30,2609.05,17,2233.4500000000007,swap,notBad
6079,30,2609.05,17,2233.4500000000007,swap,notBad
6080,30,2609.05,17,2233.4500000000007,2opt,notBad
6081,30,2609.05,17,2233.4500000000007,2opt,notBad
6082,30,2609.05,17,2233.4500000000007,move,improve
6083,30,2609.05,17,2233.4500000000007,swap,notBad
6084,30,2609.05,17,2233.4500000000007,move,improve
6085,30,2609.05,17,2233.4500000000007,swap,notBad
6086,30,2609.05,17,2233.4500000000007,swap,notBad
6087,30,2609.05,17,2233.4500000000007,move,improve
6088,30,2609.05,17,2233.4500000000007,2opt,notBad
6089,30,2608.95,17,2233.4500000000007,move,improve
6090,30,2608.95,17,2233.4500000000007,move,improve
6091,30,2608.95,17,2233.4500000000007,swap,notBad
6092,30,2608.95,17,2233.4500000000007,swap,notBad
6093,30,2608.95,17,2233.4500000000007,move,improve
6094,30,2608.95,17,2233.4500000000007,2opt,notBad
6095,30,2608.95,17,2233.4500000000007,move,improve
6096,30,2608.95,17,2233.4500000000007,move,improve
6097,30,2608.95,17,2233.4500000000007,2opt,notBad
6098,30,2608.95,17,2233.4500000000007,move,improve
6099,30,2608.95,17,2233.4500000000007,2opt,notBad
6100,30,2608.95,17,2233.4500000000007,2opt,notBad
6101,30,2608.95,17,2233.4500000000007,move,improve
6102,30,2578.2999999999997,17,2233.4500000000007,move,improve
6103,30,2578.2999999999997,17,2233.4500000000007,2opt,notBad
6104,30,2578.2999999999997,17,2233.4500000000007,2opt,notBad
6105,30,2570.5999999999995,17,2233.4500000000007,2opt,improve
6106,30,2570.5999999999995,17,2233.4500000000007,move,improve
6107,30,2570.5999999999995,17,2233.4500000000007,2opt,notBad
6108,30,2570.5999999999995,17,2233.4500000000007,swap,notBad
6109,30,2570.5999999999995,17,2233.4500000000007,swap,notBad
6110,30,2570.5999999999995,17,2233.4500000000007,2opt,notBad
6111,30,2570.5999999999995,17,2233.4500000000007,move,improve
6112,30,2570.5999999999995,17,2233.4500000000007,2opt,notBad
6113,30,2570.5999999999995,17,2233.4500000000007,move,improve
6114,30,2570.5999999999995,17,2233.4500000000007,move,improve
6115,30,2570.5999999999995,17,2233.4500000000007,swap,notBad
6116,30,2570.5999999999995,17,2233.4500000000007,swap,notBad
6117,30,2570.5999999999995,17,2233.4500000000007,move,improve
6118,30,2570.5999999999995,17,2233.4500000000007,2opt,improve
6119,30,2570.5999999999995,17,2233.4500000000007,swap,notBad
6120,30,2570.5999999999995,17,2233.4500000000007,move,improve
6121,30,2570.5999999999995,17,2233.4500000000007,2opt,notBad
6122,30,2576.5999999999995,17,2233.4500000000007,swap,acceptBad
6123,30,2576.5999999999995,17,2233.4500000000007,swap,notBad
6124,30,2576.5999999999995,17,2233.4500000000007,swap,notBad
6125,30,2576.5999999999995,17,2233.4500000000007,2opt,notBad
6126,30,2576.5999999999995,17,2233.4500000000007,swap,notBad
6127,30,2576.5999999999995,17,2233.4500000000007,swap,notBad
6128,30,2576.5999999999995,17,2233.4500000000007,swap,notBad
6129,30,2576.5999999999995,17,2233.4500000000007,move,improve
6130,30,2576.5999999999995,17,2233.4500000000007,2opt,notBad
6131,30,2576.5999999999995,17,2233.4500000000007,swap,notBad
6132,30,2576.5999999999995,17,2233.4500000000007,move,improve
6133,30,2576.5999999999995,17,2233.4500000000007,2opt,notBad
6134,30,2563.9499999999994,17,2233.4500000000007,swap,improve
6135,30,2563.9499999999994,17,2233.4500000000007,swap,notBad
6136,30,2563.9499999999994,17,2233.4500000000007,2opt,notBad
6137,30,2563.9499999999994,17,2233.4500000000007,swap,notBad
6138,30,2563.9499999999994,17,2233.4500000000007,2opt,notBad
6139,30,2563.9499999999994,17,2233.4500000000007,swap,notBad
6140,30,2563.9499999999994,17,2233.4500000000007,swap,notBad
6141,30,2563.9499999999994,17,2233.4500000000007,2opt,notBad
6142,30,2563.9499999999994,17,2233.4500000000007,move,improve
6143,30,2563.9499999999994,17,2233.4500000000007,swap,notBad
6144,30,2563.249999999999,17,2233.4500000000007,move,improve
6145,30,2563.249999999999,17,2233.4500000000007,2opt,notBad
6146,30,2563.249999999999,17,2233.4500000000007,move,improve
6147,30,2563.249999999999,17,2233.4500000000007,move,improve
6148,30,2563.249999999999,17,2233.4500000000007,2opt,notBad
6149,30,2563.249999999999,17,2233.4500000000007,move,improve
6150,30,2563.249999999999,17,2233.4500000000007,move,improve
6151,30,2563.249999999999,17,2233.4500000000007,2opt,notBad
6152,30,2563.249999999999,17,2233.4500000000007,2opt,notBad
6153,30,2563.249999999999,17,2233.4500000000007,move,improve
6154,30,2563.249999999999,17,2233.4500000000007,swap,notBad
6155,30,2563.249999999999,17,2233.4500000000007,swap,notBad
6156,30,2563.249999999999,17,2233.4500000000007,move,improve
6157,30,2563.249999999999,17,2233.4500000000007,2opt,notBad
6158,30,2563.249999999999,17,2233.4500000000007,swap,notBad
6159,30,2563.249999999999,17,2233.4500000000007,move,improve
6160,30,2563.249999999999,17,2233.4500000000007,2opt,notBad
6161,30,2563.249999999999,17,2233.4500000000007,move,improve
6162,30,2563.249999999999,17,2233.4500000000007,2opt,notBad
6163,30,2563.249999999999,17,2233.4500000000007,2opt,notBad
6164,30,2563.249999999999,17,2233.4500000000007,2opt,improve
6165,30,2563.249999999999,17,2233.4500000000007,2opt,notBad
6166,30,2563.249999999999,17,2233.4500000000007,swap,notBad
6167,30,2563.249999999999,17,2233.4500000000007,move,improve
6168,30,2584.4499999999994,17,2233.4500000000007,swap,acceptBad
6169,30,2584.4499999999994,17,2233.4500000000007,swap,notBad
6170,30,2584.4499999999994,17,2233.4500000000007,move,improve
6171,30,2584.4499999999994,17,2233.4500000000007,move,improve
6172,30,2584.4499999999994,17,2233.4500000000007,swap,notBad
6173,30,2584.4499999999994,17,2233.4500000000007,swap,notBad
6174,30,2584.4499999999994,17,2233.4500000000007,2opt,notBad
6175,30,2584.4499999999994,17,2233.4500000000007,2opt,notBad
6176,30,2584.4499999999994,17,2233.4500000000007,swap,notBad
6177,30,2584.4499999999994,17,2233.4500000000007,2opt,notBad
6178,30,2584.4499999999994,17,2233.4500000000007,move,improve
6179,30,2584.4499999999994,17,2233.4500000000007,swap,notBad
6180,30,2568.8500000000004,17,2233.4500000000007,2opt,improve
6181,30,2568.8500000000004,17,2233.4500000000007,swap,notBad
6182,30,2568.8500000000004,17,2233.4500000000007,swap,notBad
6183,30,2568.8500000000004,17,2233.4500000000007,2opt,notBad
6184,30,2568.8500000000004,17,2233.4500000000007,swap,notBad
6185,30,2568.8500000000004,17,2233.4500000000007,2opt,notBad
6186,30,2568.8500000000004,17,2233.4500000000007,move,improve
6187,30,2568.8500000000004,17,2233.4500000000007,swap,notBad
6188,30,2568.8500000000004,17,2233.4500000000007,2opt,notBad
6189,30,2568.8500000000004,17,2233.4500000000007,move,improve
6190,30,2568.8500000000004,17,2233.4500000000007,move,improve
6191,30,2568.8500000000004,17,2233.4500000000007,swap,notBad
6192,30,2568.8500000000004,17,2233.4500000000007,2opt,notBad
6193,30,2568.8500000000004,17,2233.4500000000007,swap,notBad
6194,30,2568.8500000000004,17,2233.4500000000007,2opt,notBad
6195,30,2535.4500000000007,17,2233.4500000000007,swap,improve
6196,30,2535.4500000000007,17,2233.4500000000007,move,improve
6197,30,2535.4500000000007,17,2233.4500000000007,move,improve
6198,30,2535.4500000000007,17,2233.4500000000007,move,improve
6199,30,2535.4500000000007,17,2233.4500000000007,swap,notBad
6200,30,2535.4500000000007,17,2233.4500000000007,move,improve
6201,30,2535.4500000000007,17,2233.4500000000007,move,improve
6202,30,2535.4500000000007,17,2233.4500000000007,2opt,improve
6203,30,2535.4500000000007,17,2233.4500000000007,move,improve
6204,30,2535.4500000000007,17,2233.4500000000007,swap,notBad
6205,30,2535.4500000000007,17,2233.4500000000007,2opt,notBad
6206,30,2535.4500000000007,17,2233.4500000000007,2opt,notBad
6207,30,2535.4500000000007,17,2233.4500000000007,move,improve
6208,30,2535.4500000000007,17,2233.4500000000007,swap,notBad
6209,30,2535.4500000000007,17,2233.4500000000007,2opt,notBad
6210,30,2535.4500000000007,17,2233.4500000000007,move,improve
6211,30,2535.4500000000007,17,2233.4500000000007,swap,notBad
6212,30,2535.4500000000007,17,2233.4500000000007,2opt,notBad
6213,30,2535.4500000000007,17,2233.4500000000007,move,improve
6214,30,2535.4500000000007,17,2233.4500000000007,move,improve
6215,30,2535.4500000000007,17,2233.4500000000007,2opt,notBad
6216,30,2535.4500000000007,17,2233.4500000000007,move,improve
6217,30,2535.4500000000007,17,2233.4500000000007,2opt,notBad
6218,30,2535.4500000000007,17,2233.4500000000007,2opt,notBad
6219,30,2535.4500000000007,17,2233.4500000000007,swap,notBad
6220,30,2535.4500000000007,17,2233.4500000000007,move,improve
6221,30,2535.4500000000007,17,2233.4500000000007,move,improve
6222,30,2535.4500000000007,17,2233.4500000000007,2opt,notBad
6223,30,2535.4500000000007,17,2233.4500000000007,move,improve
6224,30,2535.4500000000007,17,2233.4500000000007,move,improve
6225,30,2535.4500000000007,17,2233.4500000000007,move,improve
6226,30,2535.4500000000007,17,2233.4500000000007,swap,notBad
6227,30,2535.4500000000007,17,2233.4500000000007,swap,notBad
6228,30,2535.4500000000007,17,2233.4500000000007,2opt,notBad
6229,30,2535.4500000000007,17,2233.4500000000007,2opt,notBad
6230,30,2535.4500000000007,17,2233.4500000000007,swap,notBad
6231,30,2535.4500000000007,17,2233.4500000000007,swap,notBad
6232,30,2535.4500000000007,17,2233.4500000000007,swap,notBad
6233,30,2535.4500000000007,17,2233.4500000000007,2opt,notBad
6234,30,2535.4500000000007,17,2233.4500000000007,swap,notBad
6235,30,2535.4500000000007,17,2233.4500000000007,swap,notBad
6236,30,2535.4500000000007,17,2233.4500000000007,move,improve
6237,30,2535.4500000000007,17,2233.4500000000007,2opt,notBad
6238,30,2535.4500000000007,17,2233.4500000000007,swap,notBad
6239,30,2535.4500000000007,17,2233.4500000000007,move,improve
6240,30,2535.4500000000007,17,2233.4500000000007,move,improve
6241,30,2535.4500000000007,17,2233.4500000000007,move,improve
6242,30,2535.4500000000007,17,2233.4500000000007,2opt,notBad
6243,30,2535.4500000000007,17,2233.4500000000007,swap,notBad
6244,30,2535.4500000000007,17,2233.4500000000007,move,improve
6245,30,2535.4500000000007,17,2233.4500000000007,swap,notBad
6246,30,2535.4500000000007,17,2233.4500000000007,2opt,notBad
6247,30,2535.4500000000007,17,2233.4500000000007,swap,notBad
6248,30,2535.4500000000007,17,2233.4500000000007,swap,notBad
6249,30,2535.4500000000007,17,2233.4500000000007,2opt,notBad
6250,30,2533.2000000000007,17,2233.4500000000007,swap,improve
6251,30,2533.2000000000007,17,2233.4500000000007,swap,notBad
6252,30,2533.2000000000007,17,2233.4500000000007,swap,notBad
6253,30,2533.2000000000007,17,2233.4500000000007,move,improve
6254,30,2533.2000000000007,17,2233.4500000000007,swap,notBad
6255,30,2533.2000000000007,17,2233.4500000000007,2opt,notBad
6256,30,2533.2000000000007,17,2233.4500000000007,swap,notBad
6257,30,2533.2000000000007,17,2233.4500000000007,2opt,notBad
6258,30,2533.2000000000007,17,2233.4500000000007,move,improve
6259,30,2533.2000000000007,17,2233.4500000000007,move,improve
6260,30,2533.2000000000007,17,2233.4500000000007,2opt,notBad
6261,30,2533.2000000000007,17,2233.4500000000007,swap,notBad
6262,30,2533.2000000000007,17,2233.4500000000007,swap,notBad
6263,30,2541.5000000000005,17,2233.4500000000007,swap,acceptBad
6264,30,2541.5000000000005,17,2233.4500000000007,move,improve
6265,30,2541.5000000000005,17,2233.4500000000007,move,improve
6266,30,2541.5000000000005,17,2233.4500000000007,move,improve
6267,30,2541.5000000000005,17,2233.4500000000007,swap,notBad
6268,30,2541.5000000000005,17,2233.4500000000007,move,improve
6269,30,2541.5000000000005,17,2233.4500000000007,2opt,notBad
6270,30,2541.5000000000005,17,2233.4500000000007,2opt,notBad
6271,30,2541.5000000000005,17,2233.4500000000007,swap,notBad
6272,30,2541.5000000000005,17,2233.4500000000007,move,improve
6273,30,2541.5000000000005,17,2233.4500000000007,move,improve
6274,30,2541.5000000000005,17,2233.4500000000007,move,improve
6275,30,2541.5000000000005,17,2233.4500000000007,swap,notBad
6276,30,2541.5000000000005,17,2233.4500000000007,2opt,notBad
6277,30,2541.5000000000005,17,2233.4500000000007,move,improve
6278,30,2541.5000000000005,17,2233.4500000000007,2opt,notBad
6279,30,2541.5000000000005,17,2233.4500000000007,2opt,notBad
6280,30,2541.5000000000005,17,2233.4500000000007,swap,notBad
6281,30,2541.5000000000005,17,2233.4500000000007,move,improve
6282,30,2541.5000000000005,17,2233.4500000000007,swap,notBad
6283,30,2541.5000000000005,17,2233.4500000000007,2opt,notBad
6284,30,2541.5000000000005,17,2233.4500000000007,2opt,notBad
6285,30,2541.5000000000005,17,2233.4500000000007,swap,notBad
6286,30,2541.5000000000005,17,2233.4500000000007,move,improve
6287,30,2541.5000000000005,17,2233.4500000000007,move,improve
6288,30,2541.5000000000005,17,2233.4500000000007,2opt,notBad
6289,30,2541.5000000000005,17,2233.4500000000007,2opt,notBad
6290,30,2541.5000000000005,17,2233.4500000000007,swap,notBad
6291,30,2541.5000000000005,17,2233.4500000000007,move,improve
6292,30,2541.5000000000005,17,2233.4500000000007,2opt,notBad
6293,30,2541.5000000000005,17,2233.4500000000007,swap,notBad
6294,30,2541.5000000000005,17,2233.4500000000007,swap,notBad
6295,30,2541.5000000000005,17,2233.4500000000007,2opt,notBad
6296,30,2541.5000000000005,17,2233.4500000000007,swap,notBad
6297,30,2541.5000000000005,17,2233.4500000000007,move,improve
6298,30,2541.5000000000005,17,2233.4500000000007,move,improve
6299,30,2541.5000000000005,17,2233.4500000000007,2opt,notBad
6300,30,2541.5000000000005,17,2233.4500000000007,move,improve
6301,30,2541.5000000000005,17,2233.4500000000007,swap,notBad
6302,30,2541.5000000000005,17,2233.4500000000007,2opt,notBad
6303,30,2541.5000000000005,17,2233.4500000000007,swap,notBad
6304,30,2541.5000000000005,17,2233.4500000000007,move,improve
6305,30,2541.5000000000005,17,2233.4500000000007,move,improve
6306,30,2541.5000000000005,17,2233.4500000000007,move,improve
6307,30,2541.5000000000005,17,2233.4500000000007,move,improve
6308,30,2541.5000000000005,17,2233.4500000000007,swap,notBad
6309,30,2541.5000000000005,17,2233.4500000000007,move,improve
6310,30,2541.5000000000005,17,2233.4500000000007,2opt,notBad
6311,30,2541.5000000000005,17,2233.4500000000007,2opt,notBad
6312,30,2541.5000000000005,17,2233.4500000000007,swap,notBad
6313,30,2541.5000000000005,17,2233.4500000000007,2opt,notBad
6314,30,2541.5000000000005,17,2233.4500000000007,move,improve
6315,30,2541.5000000000005,17,2233.4500000000007,swap,notBad
6316,30,2541.5000000000005,17,2233.4500000000007,2opt,notBad
6317,30,2541.5000000000005,17,2233.4500000000007,swap,notBad
6318,30,2541.5000000000005,17,2233.4500000000007,2opt,notBad
6319,30,2541.5000000000005,17,2233.4500000000007,swap,notBad
6320,30,2541.5000000000005,17,2233.4500000000007,move,improve
6321,30,2541.5000000000005,17,2233.4500000000007,2opt,improve
6322,30,2541.5000000000005,17,2233.4500000000007,2opt,notBad
6323,30,2541.5000000000005,17,2233.4500000000007,swap,notBad
6324,30,2541.5000000000005,17,2233.4500000000007,2opt,notBad
6325,30,2541.5000000000005,17,2233.4500000000007,2opt,notBad
6326,30,2541.5000000000005,17,2233.4500000000007,2opt,notBad
6327,30,2541.5000000000005,17,2233.4500000000007,swap,notBad
6328,30,2541.5000000000005,17,2233.4500000000007,move,improve
6329,30,2541.5000000000005,17,2233.4500000000007,2opt,notBad
6330,30,2541.5000000000005,17,2233.4500000000007,swap,notBad
6331,30,2541.5000000000005,17,2233.4500000000007,move,improve
6332,30,2541.5000000000005,17,2233.4500000000007,2opt,notBad
6333,30,2541.5000000000005,17,2233.4500000000007,swap,notBad
6334,30,2541.5000000000005,17,2233.4500000000007,move,improve
6335,30,2541.5000000000005,17,2233.4500000000007,2opt,notBad
6336,30,2541.5000000000005,17,2233.4500000000007,move,improve
6337,30,2541.5000000000005,17,2233.4500000000007,swap,notBad
6338,30,2541.5000000000005,17,2233.4500000000007,move,improve
6339,30,2541.5000000000005,17,2233.4500000000007,swap,notBad
6340,30,2541.5000000000005,17,2233.4500000000007,2opt,improve
6341,30,2541.5000000000005,17,2233.4500000000007,swap,notBad
6342,30,2541.5000000000005,17,2233.4500000000007,move,improve
6343,30,2541.5000000000005,17,2233.4500000000007,move,improve
6344,30,2541.5000000000005,17,2233.4500000000007,2opt,notBad
6345,30,2541.5000000000005,17,2233.4500000000007,move,improve
6346,30,2541.5000000000005,17,2233.4500000000007,move,improve
6347,30,2541.5000000000005,17,2233.4500000000007,swap,notBad
6348,30,2541.5000000000005,17,2233.4500000000007,2opt,notBad
6349,30,2541.5000000000005,17,2233.4500000000007,2opt,notBad
6350,30,2539.5,17,2233.4500000000007,move,improve
6351,30,2539.5,17,2233.4500000000007,move,improve
6352,30,2539.5,17,2233.4500000000007,2opt,notBad
6353,30,2539.5,17,2233.4500000000007,2opt,notBad
6354,30,2539.5,17,2233.4500000000007,move,improve
6355,30,2539.5,17,2233.4500000000007,swap,notBad
6356,30,2539.5,17,2233.4500000000007,swap,notBad
6357,30,2539.5,17,2233.4500000000007,swap,notBad
6358,30,2539.5,17,2233.4500000000007,move,improve
6359,30,2539.5,17,2233.4500000000007,swap,notBad
6360,30,2539.5,17,2233.4500000000007,move,improve
6361,30,2539.5,17,2233.4500000000007,2opt,notBad
6362,30,2539.5,17,2233.4500000000007,2opt,notBad
6363,30,2539.5,17,2233.4500000000007,move,improve
6364,30,2539.5,17,2233.4500000000007,2opt,notBad
6365,30,2539.5,17,2233.4500000000007,move,improve
6366,30,2539.5,17,2233.4500000000007,move,improve
6367,30,2539.5,17,2233.4500000000007,2opt,notBad
6368,30,2539.5,17,2233.4500000000007,swap,notBad
6369,30,2539.5,17,2233.4500000000007,2opt,notBad
6370,30,2539.5,17,2233.4500000000007,2opt,notBad
6371,30,2539.5,17,2233.4500000000007,move,improve
6372,30,2539.5,17,2233.4500000000007,2opt,notBad
6373,30,2539.5,17,2233.4500000000007,move,improve
6374,30,2539.5,17,2233.4500000000007,move,improve
6375,30,2539.5,17,2233.4500000000007,swap,notBad
6376,30,2539.5,17,2233.4500000000007,2opt,notBad
6377,30,2539.5,17,2233.4500000000007,swap,notBad
6378,30,2539.5,17,2233.4500000000007,move,improve
6379,30,2539.5,17,2233.4500000000007,swap,notBad
6380,30,2539.5,17,2233.4500000000007,2opt,notBad
6381,30,2539.5,17,2233.4500000000007,2opt,notBad
6382,30,2539.5,17,2233.4500000000007,swap,notBad
6383,30,2539.5,17,2233.4500000000007,2opt,notBad
6384,30,2539.5,17,2233.4500000000007,swap,notBad
6385,30,2539.5,17,2233.4500000000007,2opt,notBad
6386,30,2539.5,17,2233.4500000000007,move,improve
6387,30,2539.5,17,2233.4500000000007,2opt,notBad
6388,30,2539.5,17,2233.4500000000007,2opt,notBad
6389,30,2539.5,17,2233.4500000000007,2opt,notBad
6390,30,2539.5,17,2233.4500000000007,move,improve
6391,30,2539.5,17,2233.4500000000007,2opt,notBad
6392,30,2539.5,17,2233.4500000000007,swap,notBad
6393,30,2539.5,17,2233.4500000000007,2opt,notBad
6394,30,2539.5,17,2233.4500000000007,move,improve
6395,30,2539.5,17,2233.4500000000007,swap,notBad
6396,30,2539.5,17,2233.4500000000007,swap,notBad
6397,30,2539.5,17,2233.4500000000007,2opt,notBad
6398,30,2539.5,17,2233.4500000000007,swap,notBad
6399,30,2539.5,17,2233.4500000000007,move,improve
6400,30,2539.5,17,2233.4500000000007,move,improve
6401,30,2539.5,17,2233.4500000000007,move,improve
6402,30,2539.5,17,2233.4500000000007,swap,notBad
6403,30,2539.5,17,2233.4500000000007,move,improve
6404,30,2539.5,17,2233.4500000000007,swap,notBad
6405,30,2539.5,17,2233.4500000000007,swap,notBad
6406,30,2539.5,17,2233.4500000000007,2opt,notBad
6407,30,2539.5,17,2233.4500000000007,2opt,improve
6408,30,2539.5,17,2233.4500000000007,swap,notBad
6409,30,2539.5,17,2233.4500000000007,swap,notBad
6410,30,2539.5,17,2233.4500000000007,2opt,notBad
6411,30,2539.5,17,2233.4500000000007,move,improve
6412,30,2539.5,17,2233.4500000000007,swap,notBad
6413,30,2539.5,17,2233.4500000000007,swap,notBad
6414,30,2539.5,17,2233.4500000000007,swap,notBad
6415,30,2539.5,17,2233.4500000000007,swap,notBad
6416,30,2539.5,17,2233.4500000000007,move,improve
6417,30,2539.5,17,2233.4500000000007,2opt,notBad
6418,30,2539.5,17,2233.4500000000007,move,improve
6419,30,2539.5,17,2233.4500000000007,move,improve
6420,30,2539.5,17,2233.4500000000007,2opt,notBad
6421,30,2539.5,17,2233.4500000000007,2opt,notBad
6422,30,2539.5,17,2233.4500000000007,move,improve
6423,30,2539.5,17,2233.4500000000007,move,improve
6424,30,2539.5,17,2233.4500000000007,move,improve
6425,30,2539.5,17,2233.4500000000007,move,improve
6426,30,2539.5,17,2233.4500000000007,move,improve
6427,30,2539.5,17,2233.4500000000007,swap,notBad
6428,30,2539.5,17,2233.4500000000007,move,improve
6429,30,2539.5,17,2233.4500000000007,swap,notBad
6430,30,2539.5,17,2233.4500000000007,move,improve
6431,30,2539.5,17,2233.4500000000007,move,improve
6432,30,2539.5,17,2233.4500000000007,swap,notBad
6433,30,2539.5,17,2233.4500000000007,swap,notBad
6434,30,2539.5,17,2233.4500000000007,swap,notBad
6435,30,2539.5,17,2233.4500000000007,swap,notBad
6436,30,2539.5,17,2233.4500000000007,swap,notBad
6437,30,2539.5,17,2233.4500000000007,move,improve
6438,30,2539.5,17,2233.4500000000007,move,improve
6439,30,2539.5,17,2233.4500000000007,2opt,notBad
6440,30,2539.5,17,2233.4500000000007,move,improve
6441,30,2539.5,17,2233.4500000000007,move,improve
6442,30,2539.5,17,2233.4500000000007,swap,notBad
6443,30,2539.5,17,2233.4500000000007,swap,notBad
6444,30,2539.5,17,2233.4500000000007,move,improve
6445,30,2539.5,17,2233.4500000000007,2opt,notBad
6446,30,2539.5,17,2233.4500000000007,swap,notBad
6447,30,2539.5,17,2233.4500000000007,move,improve
6448,30,2539.5,17,2233.4500000000007,2opt,notBad
6449,30,2539.5,17,2233.4500000000007,swap,notBad
6450,30,2539.5,17,2233.4500000000007,move,improve
6451,30,2539.5,17,2233.4500000000007,swap,notBad
6452,30,2527.8,17,2233.4500000000007,swap,improve
6453,30,2527.8,17,2233.4500000000007,2opt,notBad
6454,30,2527.8,17,2233.4500000000007,swap,notBad
6455,30,2527.8,17,2233.4500000000007,2opt,notBad
6456,30,2509.7000000000007,17,2233.4500000000007,move,improve
6457,30,2509.7000000000007,17,2233.4500000000007,move,improve
6458,30,2509.7000000000007,17,2233.4500000000007,2opt,notBad
6459,30,2509.7000000000007,17,2233.4500000000007,swap,notBad
6460,30,2509.7000000000007,17,2233.4500000000007,move,improve
6461,30,2509.7000000000007,17,2233.4500000000007,2opt,notBad
6462,30,2509.7000000000007,17,2233.4500000000007,swap,notBad
6463,30,2509.7000000000007,17,2233.4500000000007,2opt,notBad
6464,30,2509.7000000000007,17,2233.4500000000007,2opt,notBad
6465,30,2509.7000000000007,17,2233.4500000000007,2opt,notBad
6466,30,2509.7000000000007,17,2233.4500000000007,2opt,notBad
6467,30,2509.7000000000007,17,2233.4500000000007,2opt,notBad
6468,30,2509.7000000000007,17,2233.4500000000007,move,improve
6469,30,2509.7000000000007,17,2233.4500000000007,move,improve
6470,30,2509.7000000000007,17,2233.4500000000007,move,improve
6471,30,2509.7000000000007,17,2233.4500000000007,swap,notBad
6472,30,2509.7000000000007,17,2233.4500000000007,move,improve
6473,30,2509.7000000000007,17,2233.4500000000007,2opt,notBad
6474,30,2509.7000000000007,17,2233.4500000000007,move,improve
6475,30,2509.7000000000007,17,2233.4500000000007,swap,notBad
6476,30,2509.7000000000007,17,2233.4500000000007,2opt,notBad
6477,30,2509.7000000000007,17,2233.4500000000007,swap,notBad
6478,30,2509.7000000000007,17,2233.4500000000007,swap,notBad
6479,30,2509.7000000000007,17,2233.4500000000007,move,improve
6480,30,2509.7000000000007,17,2233.4500000000007,swap,notBad
6481,30,2509.7000000000007,17,2233.4500000000007,2opt,notBad
6482,30,2509.7000000000007,17,2233.4500000000007,move,improve
6483,30,2509.7000000000007,17,2233.4500000000007,move,improve
6484,30,2509.7000000000007,17,2233.4500000000007,2opt,notBad
6485,30,2509.7000000000007,17,2233.4500000000007,swap,notBad
6486,30,2509.7000000000007,17,2233.4500000000007,move,improve
6487,30,2509.7000000000007,17,2233.4500000000007,2opt,notBad
6488,30,2509.7000000000007,17,2233.4500000000007,swap,notBad
6489,30,2509.7000000000007,17,2233.4500000000007,swap,notBad
6490,30,2509.7000000000007,17,2233.4500000000007,move,improve
6491,30,2509.7000000000007,17,2233.4500000000007,2opt,notBad
6492,30,2509.7000000000007,17,2233.4500000000007,move,improve
6493,30,2509.7000000000007,17,2233.4500000000007,2opt,improve
6494,30,2509.7000000000007,17,2233.4500000000007,swap,notBad
6495,30,2509.7000000000007,17,2233.4500000000007,2opt,notBad
6496,30,2509.7000000000007,17,2233.4500000000007,move,improve
6497,30,2509.7000000000007,17,2233.4500000000007,move,improve
6498,30,2509.7000000000007,17,2233.4500000000007,swap,notBad
6499,30,2509.7000000000007,17,2233.4500000000007,move,improve
6500,30,2509.7000000000007,17,2233.4500000000007,2opt,notBad
6501,30,2509.7000000000007,17,2233.4500000000007,2opt,notBad
6502,30,2509.7000000000007,17,2233.4500000000007,swap,notBad
6503,30,2509.7000000000007,17,2233.4500000000007,2opt,notBad
6504,30,2509.7000000000007,17,2233.4500000000007,move,improve
6505,30,2509.7000000000007,17,2233.4500000000007,move,improve
6506,30,2509.7000000000007,17,2233.4500000000007,swap,notBad
6507,30,2509.7000000000007,17,2233.4500000000007,move,improve
6508,30,2509.7000000000007,17,2233.4500000000007,move,improve
6509,30,2509.7000000000007,17,2233.4500000000007,swap,notBad
6510,30,2509.7000000000007,17,2233.4500000000007,move,improve
6511,30,2509.7000000000007,17,2233.4500000000007,swap,notBad
6512,30,2509.7000000000007,17,2233.4500000000007,move,improve
6513,30,2509.7000000000007,17,2233.4500000000007,move,improve
6514,30,2509.7000000000007,17,2233.4500000000007,move,improve
6515,30,2509.7000000000007,17,2233.4500000000007,swap,notBad
6516,30,2509.7000000000007,17,2233.4500000000007,move,improve
6517,30,2509.7000000000007,17,2233.4500000000007,2opt,notBad
6518,30,2509.7000000000007,17,2233.4500000000007,swap,notBad
6519,30,2509.7000000000007,17,2233.4500000000007,2opt,improve
6520,30,2509.7000000000007,17,2233.4500000000007,move,improve
6521,30,2509.7000000000007,17,2233.4500000000007,2opt,notBad
6522,30,2509.7000000000007,17,2233.4500000000007,swap,notBad
6523,30,2509.7000000000007,17,2233.4500000000007,move,improve
6524,30,2509.7000000000007,17,2233.4500000000007,2opt,notBad
6525,30,2509.7000000000007,17,2233.4500000000007,swap,notBad
6526,30,2509.7000000000007,17,2233.4500000000007,move,improve
6527,30,2509.7000000000007,17,2233.4500000000007,2opt,notBad
6528,30,2509.7000000000007,17,2233.4500000000007,swap,notBad
6529,30,2509.7000000000007,17,2233.4500000000007,2opt,notBad
6530,30,2509.7000000000007,17,2233.4500000000007,swap,notBad
6531,30,2509.7000000000007,17,2233.4500000000007,move,improve
6532,30,2509.7000000000007,17,2233.4500000000007,swap,notBad
6533,30,2509.7000000000007,17,2233.4500000000007,2opt,improve
6534,30,2509.7000000000007,17,2233.4500000000007,move,improve
6535,30,2509.7000000000007,17,2233.4500000000007,2opt,notBad
6536,30,2509.7000000000007,17,2233.4500000000007,move,improve
6537,30,2509.7000000000007,17,2233.4500000000007,move,improve
6538,30,2509.7000000000007,17,2233.4500000000007,move,improve
6539,30,2509.7000000000007,17,2233.4500000000007,swap,notBad
6540,30,2509.7000000000007,17,2233.4500000000007,swap,notBad
6541,30,2521.3,17,2233.4500000000007,swap,acceptBad
6542,30,2521.3,17,2233.4500000000007,move,improve
6543,30,2521.3,17,2233.4500000000007,swap,notBad
6544,30,2521.3,17,2233.4500000000007,swap,notBad
6545,30,2521.3,17,2233.4500000000007,swap,notBad
6546,30,2521.3,17,2233.4500000000007,move,improve
6547,30,2528.45,17,2233.4500000000007,move,acceptBad
6548,30,2528.45,17,2233.4500000000007,2opt,notBad
6549,30,2528.45,17,2233.4500000000007,move,improve
6550,30,2528.45,17,2233.4500000000007,2opt,notBad
6551,30,2528.45,17,2233.4500000000007,move,improve
6552,30,2528.45,17,2233.4500000000007,2opt,notBad
6553,30,2528.45,17,2233.4500000000007,move,improve
6554,30,2528.45,17,2233.4500000000007,move,improve
6555,30,2528.45,17,2233.4500000000007,2opt,notBad
6556,30,2528.45,17,2233.4500000000007,2opt,notBad
6557,30,2528.45,17,2233.4500000000007,swap,notBad
6558,30,2528.45,17,2233.4500000000007,swap,notBad
6559,30,2528.45,17,2233.4500000000007,2opt,notBad
6560,30,2510.4000000000005,17,2233.4500000000007,swap,improve
6561,30,2510.4000000000005,17,2233.4500000000007,move,improve
6562,30,2510.4000000000005,17,2233.4500000000007,2opt,notBad
6563,30,2510.4000000000005,17,2233.4500000000007,move,improve
6564,30,2510.4000000000005,17,2233.4500000000007,2opt,notBad
6565,30,2510.4000000000005,17,2233.4500000000007,2opt,notBad
6566,30,2510.4000000000005,17,2233.4500000000007,2opt,notBad
6567,30,2510.4000000000005,17,2233.4500000000007,2opt,notBad
6568,30,2510.4000000000005,17,2233.4500000000007,swap,notBad
6569,30,2510.4000000000005,17,2233.4500000000007,2opt,notBad
6570,30,2540.2000000000003,17,2233.4500000000007,swap,acceptBad
6571,30,2540.2000000000003,17,2233.4500000000007,swap,notBad
6572,30,2540.2000000000003,17,2233.4500000000007,move,improve
6573,30,2540.2000000000003,17,2233.4500000000007,move,improve
6574,30,2540.2000000000003,17,2233.4500000000007,move,improve
6575,30,2540.2000000000003,17,2233.4500000000007,2opt,notBad
6576,30,2540.2000000000003,17,2233.4500000000007,2opt,improve
6577,30,2540.2000000000003,17,2233.4500000000007,swap,notBad
6578,30,2540.2000000000003,17,2233.4500000000007,2opt,notBad
6579,30,2540.2000000000003,17,2233.4500000000007,move,improve
6580,30,2540.2000000000003,17,2233.4500000000007,swap,notBad
6581,30,2540.2000000000003,17,2233.4500000000007,swap,notBad
6582,30,2540.2000000000003,17,2233.4500000000007,move,improve
6583,30,2540.2000000000003,17,2233.4500000000007,swap,notBad
6584,30,2540.2000000000003,17,2233.4500000000007,move,improve
6585,30,2540.2000000000003,17,2233.4500000000007,move,improve
6586,30,2540.2000000000003,17,2233.4500000000007,2opt,notBad
6587,30,2540.2000000000003,17,2233.4500000000007,2opt,notBad
6588,30,2540.2000000000003,17,2233.4500000000007,swap,notBad
6589,30,2540.2000000000003,17,2233.4500000000007,move,improve
6590,30,2540.2000000000003,17,2233.4500000000007,move,improve
6591,30,2540.2000000000003,17,2233.4500000000007,2opt,improve
6592,30,2540.2000000000003,17,2233.4500000000007,2opt,notBad
6593,30,2540.2000000000003,17,2233.4500000000007,swap,notBad
6594,30,2535.55,17,2233.4500000000007,swap,improve
6595,30,2535.55,17,2233.4500000000007,2opt,notBad
6596,30,2535.55,17,2233.4500000000007,move,improve
6597,30,2535.55,17,2233.4500000000007,swap,notBad
6598,30,2535.55,17,2233.4500000000007,2opt,notBad
6599,30,2535.55,17,2233.4500000000007,swap,notBad
6600,30,2535.55,17,2233.4500000000007,2opt,notBad
6601,30,2535.55,17,2233.4500000000007,swap,notBad
6602,30,2535.55,17,2233.4500000000007,2opt,notBad
6603,30,2535.55,17,2233.4500000000007,2opt,notBad
6604,30,2535.55,17,2233.4500000000007,move,improve
6605,30,2535.55,17,2233.4500000000007,swap,notBad
6606,30,2535.55,17,2233.4500000000007,swap,notBad
6607,30,2535.55,17,2233.4500000000007,2opt,notBad
6608,30,2535.55,17,2233.4500000000007,swap,notBad
6609,30,2535.55,17,2233.4500000000007,2opt,notBad
6610,30,2535.55,17,2233.4500000000007,move,improve
6611,30,2535.55,17,2233.4500000000007,swap,notBad
6612,30,2529.4,17,2233.4500000000007,move,improve
6613,30,2482.5499999999997,17,2233.4500000000007,2opt,improve
6614,30,2482.5499999999997,17,2233.4500000000007,swap,notBad
6615,30,2482.5499999999997,17,2233.4500000000007,move,improve
6616,30,2482.5499999999997,17,2233.4500000000007,swap,notBad
6617,30,2482.5499999999997,17,2233.4500000000007,2opt,notBad
6618,30,2482.5499999999997,17,2233.4500000000007,move,improve
6619,30,2482.5499999999997,17,2233.4500000000007,2opt,notBad
6620,30,2482.5499999999997,17,2233.4500000000007,2opt,notBad
6621,30,2482.5499999999997,17,2233.4500000000007,2opt,notBad
6622,30,2482.5499999999997,17,2233.4500000000007,2opt,notBad
6623,30,2482.5499999999997,17,2233.4500000000007,swap,notBad
6624,30,2482.5499999999997,17,2233.4500000000007,2opt,improve
6625,30,2482.5499999999997,17,2233.4500000000007,move,improve
6626,30,2482.5499999999997,17,2233.4500000000007,swap,notBad
6627,30,2482.5499999999997,17,2233.4500000000007,move,improve
6628,30,2482.5499999999997,17,2233.4500000000007,move,improve
6629,30,2482.5499999999997,17,2233.4500000000007,2opt,notBad
6630,30,2482.5499999999997,17,2233.4500000000007,swap,notBad
6631,30,2482.5499999999997,17,2233.4500000000007,move,improve
6632,30,2482.5499999999997,17,2233.4500000000007,2opt,notBad
6633,30,2478.35,17,2233.4500000000007,move,improve
6634,30,2478.35,17,2233.4500000000007,2opt,notBad
6635,30,2478.35,17,2233.4500000000007,2opt,notBad
6636,30,2478.35,17,2233.4500000000007,move,improve
6637,30,2478.35,17,2233.4500000000007,swap,notBad
6638,30,2478.35,17,2233.4500000000007,swap,notBad
6639,30,2478.35,17,2233.4500000000007,2opt,notBad
6640,30,2478.35,17,2233.4500000000007,move,improve
6641,30,2478.35,17,2233.4500000000007,2opt,notBad
6642,30,2478.35,17,2233.4500000000007,2opt,notBad
6643,30,2478.35,17,2233.4500000000007,2opt,notBad
6644,30,2478.35,17,2233.4500000000007,move,improve
6645,30,2478.35,17,2233.4500000000007,2opt,notBad
6646,30,2478.35,17,2233.4500000000007,2opt,notBad
6647,30,2478.35,17,2233.4500000000007,swap,notBad
6648,30,2478.35,17,2233.4500000000007,swap,notBad
6649,30,2478.35,17,2233.4500000000007,2opt,notBad
6650,30,2478.35,17,2233.4500000000007,2opt,notBad
6651,30,2478.35,17,2233.4500000000007,move,improve
6652,30,2478.35,17,2233.4500000000007,swap,notBad
6653,30,2469.6,17,2233.4500000000007,move,improve
6654,30,2469.6,17,2233.4500000000007,move,improve
6655,30,2469.6,17,2233.4500000000007,2opt,notBad
6656,30,2469.6,17,2233.4500000000007,swap,notBad
6657,30,2469.6,17,2233.4500000000007,move,improve
6658,30,2469.6,17,2233.4500000000007,move,improve
6659,30,2469.6,17,2233.4500000000007,move,improve
6660,30,2469.6,17,2233.4500000000007,swap,notBad
6661,30,2469.6,17,2233.4500000000007,2opt,notBad
6662,30,2469.6,17,2233.4500000000007,move,improve
6663,30,2469.6,17,2233.4500000000007,move,improve
6664,30,2469.6,17,2233.4500000000007,swap,notBad
6665,30,2469.6,17,2233.4500000000007,swap,notBad
6666,30,2469.6,17,2233.4500000000007,move,improve
6667,30,2469.6,17,2233.4500000000007,move,improve
6668,30,2469.6,17,2233.4500000000007,move,improve
6669,30,2469.6,17,2233.4500000000007,move,improve
6670,30,2469.6,17,2233.4500000000007,move,improve
6671,30,2469.6,17,2233.4500000000007,2opt,notBad
6672,30,2469.6,17,2233.4500000000007,2opt,notBad
6673,30,2469.6,17,2233.4500000000007,move,improve
6674,30,2469.6,17,2233.4500000000007,2opt,improve
6675,30,2469.6,17,2233.4500000000007,move,improve
6676,30,2469.6,17,2233.4500000000007,2opt,notBad
6677,30,2469.6,17,2233.4500000000007,move,improve
6678,30,2469.6,17,2233.4500000000007,move,improve
6679,30,2469.6,17,2233.4500000000007,swap,notBad
6680,30,2469.6,17,2233.4500000000007,swap,notBad
6681,30,2469.6,17,2233.4500000000007,swap,notBad
6682,30,2469.6,17,2233.4500000000007,swap,notBad
6683,30,2469.6,17,2233.4500000000007,swap,notBad
6684,30,2469.6,17,2233.4500000000007,2opt,notBad
6685,30,2469.6,17,2233.4500000000007,2opt,notBad
6686,30,2469.6,17,2233.4500000000007,2opt,notBad
6687,30,2469.6,17,2233.4500000000007,move,improve
6688,30,2469.6,17,2233.4500000000007,move,improve
6689,30,2456.8,17,2233.4500000000007,2opt,improve
6690,30,2456.8,17,2233.4500000000007,2opt,improve
6691,30,2456.8,17,2233.4500000000007,2opt,notBad
6692,30,2456.8,17,2233.4500000000007,2opt,notBad
6693,30,2456.8,17,2233.4500000000007,2opt,notBad
6694,30,2456.8,17,2233.4500000000007,2opt,notBad
6695,30,2460.7500000000005,17,2233.4500000000007,2opt,acceptBad
6696,30,2460.7500000000005,17,2233.4500000000007,swap,notBad
6697,30,2460.7500000000005,17,2233.4500000000007,2opt,notBad
6698,30,2460.7500000000005,17,2233.4500000000007,move,improve
6699,30,2460.7500000000005,17,2233.4500000000007,move,improve
6700,30,2460.7500000000005,17,2233.4500000000007,swap,notBad
6701,30,2460.7500000000005,17,2233.4500000000007,swap,notBad
6702,30,2460.7500000000005,17,2233.4500000000007,2opt,notBad
6703,30,2460.7500000000005,17,2233.4500000000007,2opt,improve
6704,30,2460.7500000000005,17,2233.4500000000007,move,improve
6705,30,2460.7500000000005,17,2233.4500000000007,swap,notBad
6706,30,2460.7500000000005,17,2233.4500000000007,2opt,notBad
6707,30,2460.7500000000005,17,2233.4500000000007,move,improve
6708,30,2460.7500000000005,17,2233.4500000000007,2opt,notBad
6709,30,2460.7500000000005,17,2233.4500000000007,swap,notBad
6710,30,2460.7500000000005,17,2233.4500000000007,swap,notBad
6711,30,2460.7500000000005,17,2233.4500000000007,2opt,improve
6712,30,2460.7500000000005,17,2233.4500000000007,swap,notBad
6713,30,2460.7500000000005,17,2233.4500000000007,2opt,notBad
6714,30,2460.7500000000005,17,2233.4500000000007,move,improve
6715,30,2460.7500000000005,17,2233.4500000000007,swap,notBad
6716,30,2460.7500000000005,17,2233.4500000000007,2opt,notBad
6717,30,2460.7500000000005,17,2233.4500000000007,swap,notBad
6718,30,2460.7500000000005,17,2233.4500000000007,swap,notBad
6719,30,2460.7500000000005,17,2233.4500000000007,2opt,notBad
6720,30,2460.7500000000005,17,2233.4500000000007,2opt,improve
6721,30,2460.7500000000005,17,2233.4500000000007,2opt,notBad
6722,30,2460.7500000000005,17,2233.4500000000007,2opt,notBad
6723,30,2460.7500000000005,17,2233.4500000000007,2opt,notBad
6724,30,2460.7500000000005,17,2233.4500000000007,2opt,notBad
6725,30,2460.7500000000005,17,2233.4500000000007,move,improve
6726,30,2460.7500000000005,17,2233.4500000000007,2opt,notBad
6727,30,2460.7500000000005,17,2233.4500000000007,2opt,notBad
6728,30,2460.7500000000005,17,2233.4500000000007,2opt,notBad
6729,30,2460.7500000000005,17,2233.4500000000007,swap,notBad
6730,30,2441.0500000000006,17,2233.4500000000007,move,improve
6731,30,2441.0500000000006,17,2233.4500000000007,move,improve
6732,30,2441.0500000000006,17,2233.4500000000007,2opt,notBad
6733,30,2441.0500000000006,17,2233.4500000000007,2opt,notBad
6734,30,2441.0500000000006,17,2233.4500000000007,2opt,notBad
6735,30,2441.0500000000006,17,2233.4500000000007,2opt,notBad
6736,30,2441.0500000000006,17,2233.4500000000007,swap,notBad
6737,30,2441.0500000000006,17,2233.4500000000007,move,improve
6738,30,2441.0500000000006,17,2233.4500000000007,2opt,notBad
6739,30,2441.0500000000006,17,2233.4500000000007,swap,notBad
6740,30,2441.0500000000006,17,2233.4500000000007,move,improve
6741,30,2441.0500000000006,17,2233.4500000000007,2opt,notBad
6742,30,2441.0500000000006,17,2233.4500000000007,move,improve
6743,30,2441.0500000000006,17,2233.4500000000007,move,improve
6744,30,2441.0500000000006,17,2233.4500000000007,swap,notBad
6745,30,2441.0500000000006,17,2233.4500000000007,swap,notBad
6746,30,2441.0500000000006,17,2233.4500000000007,2opt,notBad
6747,30,2441.0500000000006,17,2233.4500000000007,move,improve
6748,30,2441.0500000000006,17,2233.4500000000007,move,improve
6749,30,2441.0500000000006,17,2233.4500000000007,move,improve
6750,30,2441.0500000000006,17,2233.4500000000007,2opt,notBad
6751,30,2441.0500000000006,17,2233.4500000000007,move,improve
6752,30,2441.0500000000006,17,2233.4500000000007,move,improve
6753,30,2441.0500000000006,17,2233.4500000000007,swap,notBad
6754,30,2441.0500000000006,17,2233.4500000000007,move,improve
6755,30,2441.0500000000006,17,2233.4500000000007,2opt,notBad
6756,30,2441.0500000000006,17,2233.4500000000007,swap,notBad
6757,30,2441.0500000000006,17,2233.4500000000007,2opt,notBad
6758,30,2441.0500000000006,17,2233.4500000000007,2opt,notBad
6759,30,2441.0500000000006,17,2233.4500000000007,2opt,improve
6760,30,2441.0500000000006,17,2233.4500000000007,2opt,notBad
6761,30,2441.0500000000006,17,2233.4500000000007,swap,notBad
6762,30,2441.0500000000006,17,2233.4500000000007,swap,notBad
6763,30,2441.0500000000006,17,2233.4500000000007,move,improve
6764,30,2441.0500000000006,17,2233.4500000000007,swap,notBad
6765,30,2441.0500000000006,17,2233.4500000000007,2opt,notBad
6766,30,2441.0500000000006,17,2233.4500000000007,2opt,notBad
6767,30,2441.0500000000006,17,2233.4500000000007,swap,notBad
6768,30,2441.0500000000006,17,2233.4500000000007,2opt,notBad
6769,30,2441.0500000000006,17,2233.4500000000007,move,improve
6770,30,2441.0500000000006,17,2233.4500000000007,swap,notBad
6771,30,2441.0500000000006,17,2233.4500000000007,2opt,notBad
6772,30,2441.0500000000006,17,2233.4500000000007,2opt,notBad
6773,30,2441.0500000000006,17,2233.4500000000007,2opt,notBad
6774,30,2441.0500000000006,17,2233.4500000000007,swap,notBad
6775,30,2441.0500000000006,17,2233.4500000000007,move,improve
6776,30,2441.0500000000006,17,2233.4500000000007,2opt,notBad
6777,30,2441.0500000000006,17,2233.4500000000007,move,improve
6778,30,2441.0500000000006,17,2233.4500000000007,2opt,improve
6779,30,2441.0500000000006,17,2233.4500000000007,swap,notBad
6780,30,2441.0500000000006,17,2233.4500000000007,2opt,notBad
6781,30,2441.0500000000006,17,2233.4500000000007,swap,notBad
6782,30,2441.0500000000006,17,2233.4500000000007,move,improve
6783,30,2441.0500000000006,17,2233.4500000000007,2opt,notBad
6784,30,2441.0500000000006,17,2233.4500000000007,swap,notBad
6785,30,2441.0500000000006,17,2233.4500000000007,2opt,notBad
6786,30,2441.0500000000006,17,2233.4500000000007,swap,notBad
6787,30,2441.0500000000006,17,2233.4500000000007,swap,notBad
6788,30,2441.0500000000006,17,2233.4500000000007,move,improve
6789,30,2441.0500000000006,17,2233.4500000000007,2opt,notBad
6790,30,2441.0500000000006,17,2233.4500000000007,swap,notBad
6791,30,2441.0500000000006,17,2233.4500000000007,swap,notBad
6792,30,2441.0500000000006,17,2233.4500000000007,move,improve
6793,30,2441.0500000000006,17,2233.4500000000007,move,improve
6794,30,2441.0500000000006,17,2233.4500000000007,2opt,notBad
6795,30,2441.0500000000006,17,2233.4500000000007,move,improve
6796,30,2441.0500000000006,17,2233.4500000000007,2opt,notBad
6797,30,2441.0500000000006,17,2233.4500000000007,swap,notBad
6798,30,2441.0500000000006,17,2233.4500000000007,move,improve
6799,30,2441.0500000000006,17,2233.4500000000007,2opt,notBad
6800,30,2441.0500000000006,17,2233.4500000000007,swap,notBad
6801,30,2441.0500000000006,17,2233.4500000000007,swap,notBad
6802,30,2441.0500000000006,17,2233.4500000000007,move,improve
6803,30,2441.0500000000006,17,2233.4500000000007,2opt,notBad
6804,30,2441.0500000000006,17,2233.4500000000007,2opt,notBad
6805,30,2441.0500000000006,17,2233.4500000000007,2opt,notBad
6806,30,2441.0500000000006,17,2233.4500000000007,move,improve
6807,30,2441.0500000000006,17,2233.4500000000007,move,improve
6808,30,2441.0500000000006,17,2233.4500000000007,2opt,notBad
6809,30,2441.0500000000006,17,2233.4500000000007,2opt,improve
6810,30,2441.0500000000006,17,2233.4500000000007,swap,notBad
6811,30,2441.0500000000006,17,2233.4500000000007,move,improve
6812,30,2441.0500000000006,17,2233.4500000000007,2opt,notBad
6813,30,2441.0500000000006,17,2233.4500000000007,2opt,notBad
6814,30,2441.0500000000006,17,2233.4500000000007,swap,notBad
6815,30,2441.0500000000006,17,2233.4500000000007,swap,notBad
6816,30,2441.0500000000006,17,2233.4500000000007,move,improve
6817,30,2441.0500000000006,17,2233.4500000000007,swap,notBad
6818,30,2441.0500000000006,17,2233.4500000000007,move,improve
6819,30,2441.0500000000006,17,2233.4500000000007,move,improve
6820,30,2441.0500000000006,17,2233.4500000000007,move,improve
6821,30,2441.0500000000006,17,2233.4500000000007,move,improve
6822,30,2441.0500000000006,17,2233.4500000000007,2opt,notBad
6823,30,2441.0500000000006,17,2233.4500000000007,move,improve
6824,30,2441.0500000000006,17,2233.4500000000007,move,improve
6825,30,2441.0500000000006,17,2233.4500000000007,move,improve
6826,30,2441.0500000000006,17,2233.4500000000007,2opt,improve
6827,30,2460.2,17,2233.4500000000007,swap,acceptBad
6828,30,2460.2,17,2233.4500000000007,swap,notBad
6829,30,2460.2,17,2233.4500000000007,swap,notBad
6830,30,2460.2,17,2233.4500000000007,2opt,notBad
6831,30,2460.2,17,2233.4500000000007,move,improve
6832,30,2460.2,17,2233.4500000000007,2opt,notBad
6833,30,2460.2,17,2233.4500000000007,move,improve
6834,30,2460.2,17,2233.4500000000007,swap,notBad
6835,30,2460.2,17,2233.4500000000007,swap,notBad
6836,30,2460.2,17,2233.4500000000007,swap,notBad
6837,30,2460.2,17,2233.4500000000007,move,improve
6838,30,2460.2,17,2233.4500000000007,swap,notBad
6839,30,2460.2,17,2233.4500000000007,swap,notBad
6840,30,2460.2,17,2233.4500000000007,2opt,notBad
6841,30,2460.2,17,2233.4500000000007,2opt,notBad
6842,30,2460.2,17,2233.4500000000007,swap,notBad
6843,30,2460.2,17,2233.4500000000007,move,improve
6844,30,2460.2,17,2233.4500000000007,swap,notBad
6845,30,2460.2,17,2233.4500000000007,2opt,improve
6846,30,2460.2,17,2233.4500000000007,2opt,notBad
6847,30,2460.2,17,2233.4500000000007,move,improve
6848,30,2460.2,17,2233.4500000000007,2opt,notBad
6849,30,2460.2,17,2233.4500000000007,swap,notBad
6850,30,2460.2,17,2233.4500000000007,2opt,notBad
6851,30,2460.2,17,2233.4500000000007,move,improve
6852,30,2460.2,17,2233.4500000000007,2opt,improve
6853,30,2460.2,17,2233.4500000000007,move,improve
6854,30,2460.2,17,2233.4500000000007,swap,notBad
6855,30,2460.2,17,2233.4500000000007,move,improve
6856,30,2460.2,17,2233.4500000000007,swap,notBad
6857,30,2460.2,17,2233.4500000000007,move,improve
6858,30,2460.2,17,2233.4500000000007,move,improve
6859,30,2460.2,17,2233.4500000000007,swap,notBad
6860,30,2460.2,17,2233.4500000000007,move,improve
6861,30,2460.2,17,2233.4500000000007,2opt,notBad
6862,30,2460.2,17,2233.4500000000007,swap,notBad
6863,30,2460.2,17,2233.4500000000007,move,improve
6864,30,2460.2,17,2233.4500000000007,swap,notBad
6865,30,2460.2,17,2233.4500000000007,swap,notBad
6866,30,2460.2,17,2233.4500000000007,move,improve
6867,30,2460.2,17,2233.4500000000007,swap,notBad
6868,30,2460.2,17,2233.4500000000007,move,improve
6869,30,2460.2,17,2233.4500000000007,swap,notBad
6870,30,2460.2,17,2233.4500000000007,move,improve
6871,30,2460.2,17,2233.4500000000007,move,improve
6872,30,2460.2,17,2233.4500000000007,2opt,notBad
6873,30,2460.2,17,2233.4500000000007,swap,notBad
6874,30,2460.2,17,2233.4500000000007,move,improve
6875,30,2460.2,17,2233.4500000000007,swap,notBad
6876,30,2460.2,17,2233.4500000000007,move,improve
6877,30,2460.2,17,2233.4500000000007,move,improve
6878,30,2460.2,17,2233.4500000000007,move,improve
6879,30,2460.2,17,2233.4500000000007,move,improve
6880,30,2460.2,17,2233.4500000000007,2opt,notBad
6881,30,2460.2,17,2233.4500000000007,2opt,notBad
6882,30,2460.2,17,2233.4500000000007,2opt,notBad
6883,30,2460.2,17,2233.4500000000007,move,improve
6884,30,2460.2,17,2233.4500000000007,move,improve
6885,30,2460.2,17,2233.4500000000007,swap,notBad
6886,30,2460.2,17,2233.4500000000007,move,improve
6887,30,2460.2,17,2233.4500000000007,2opt,improve
6888,30,2460.2,17,2233.4500000000007,2opt,notBad
6889,30,2460.2,17,2233.4500000000007,swap,notBad
6890,30,2460.2,17,2233.4500000000007,swap,notBad
6891,30,2460.2,17,2233.4500000000007,swap,notBad
6892,30,2460.2,17,2233.4500000000007,swap,notBad
6893,30,2460.2,17,2233.4500000000007,swap,notBad
6894,30,2460.2,17,2233.4500000000007,swap,notBad
6895,30,2460.2,17,2233.4500000000007,move,improve
6896,30,2460.2,17,2233.4500000000007,2opt,notBad
6897,30,2460.2,17,2233.4500000000007,move,improve
6898,30,2460.2,17,2233.4500000000007,2opt,notBad
6899,30,2460.2,17,2233.4500000000007,move,improve
6900,30,2460.2,17,2233.4500000000007,2opt,notBad
6901,30,2460.2,17,2233.4500000000007,swap,notBad
6902,30,2460.2,17,2233.4500000000007,2opt,improve
6903,30,2460.2,17,2233.4500000000007,move,improve
6904,30,2460.2,17,2233.4500000000007,move,improve
6905,30,2460.2,17,2233.4500000000007,2opt,notBad
6906,30,2460.2,17,2233.4500000000007,swap,notBad
6907,30,2460.2,17,2233.4500000000007,move,improve
6908,30,2460.2,17,2233.4500000000007,2opt,notBad
6909,30,2460.2,17,2233.4500000000007,move,improve
6910,30,2460.2,17,2233.4500000000007,2opt,notBad
6911,30,2460.2,17,2233.4500000000007,2opt,notBad
6912,30,2460.2,17,2233.4500000000007,swap,notBad
6913,30,2460.2,17,2233.4500000000007,swap,notBad
6914,30,2460.2,17,2233.4500000000007,move,improve
6915,30,2460.2,17,2233.4500000000007,2opt,notBad
6916,30,2460.2,17,2233.4500000000007,2opt,notBad
6917,30,2460.2,17,2233.4500000000007,swap,notBad
6918,30,2460.2,17,2233.4500000000007,2opt,notBad
6919,30,2460.2,17,2233.4500000000007,2opt,improve
6920,30,2460.2,17,2233.4500000000007,swap,notBad
6921,30,2460.2,17,2233.4500000000007,move,improve
6922,30,2460.2,17,2233.4500000000007,swap,notBad
6923,30,2460.2,17,2233.4500000000007,swap,notBad
6924,30,2460.2,17,2233.4500000000007,swap,notBad
6925,30,2460.2,17,2233.4500000000007,2opt,notBad
6926,30,2460.2,17,2233.4500000000007,move,improve
6927,30,2447.2,17,2233.4500000000007,swap,improve
6928,30,2447.2,17,2233.4500000000007,move,improve
6929,30,2447.2,17,2233.4500000000007,move,improve
6930,30,2447.2,17,2233.4500000000007,move,improve
6931,30,2447.2,17,2233.4500000000007,2opt,notBad
6932,30,2447.2,17,2233.4500000000007,2opt,notBad
6933,30,2447.2,17,2233.4500000000007,move,improve
6934,30,2447.2,17,2233.4500000000007,move,improve
6935,30,2447.2,17,2233.4500000000007,move,improve
6936,30,2447.2,17,2233.4500000000007,swap,notBad
6937,30,2447.2,17,2233.4500000000007,2opt,notBad
6938,30,2447.2,17,2233.4500000000007,swap,notBad
6939,30,2447.2,17,2233.4500000000007,swap,notBad
6940,30,2447.2,17,2233.4500000000007,swap,notBad
6941,30,2447.2,17,2233.4500000000007,move,improve
6942,30,2447.2,17,2233.4500000000007,move,improve
6943,30,2447.2,17,2233.4500000000007,swap,notBad
6944,30,2447.2,17,2233.4500000000007,2opt,notBad
6945,30,2447.2,17,2233.4500000000007,2opt,notBad
6946,30,2447.2,17,2233.4500000000007,swap,notBad
6947,30,2447.2,17,2233.4500000000007,2opt,notBad
6948,30,2447.2,17,2233.4500000000007,2opt,notBad
6949,30,2447.2,17,2233.4500000000007,2opt,notBad
6950,30,2447.2,17,2233.4500000000007,2opt,notBad
6951,30,2447.2,17,2233.4500000000007,swap,notBad
6952,30,2447.2,17,2233.4500000000007,move,improve
6953,30,2447.2,17,2233.4500000000007,move,improve
6954,30,2447.2,17,2233.4500000000007,2opt,notBad
6955,30,2447.2,17,2233.4500000000007,move,improve
6956,30,2447.2,17,2233.4500000000007,2opt,notBad
6957,30,2447.2,17,2233.4500000000007,swap,notBad
6958,30,2447.2,17,2233.4500000000007,swap,notBad
6959,30,2447.2,17,2233.4500000000007,move,improve
6960,30,2447.2,17,2233.4500000000007,move,improve
6961,30,2454.9999999999995,17,2233.4500000000007,swap,acceptBad
6962,30,2454.9999999999995,17,2233.4500000000007,2opt,notBad
6963,30,2454.9999999999995,17,2233.4500000000007,swap,notBad
6964,30,2454.9999999999995,17,2233.4500000000007,2opt,notBad
6965,30,2454.9999999999995,17,2233.4500000000007,move,improve
6966,30,2454.9999999999995,17,2233.4500000000007,2opt,notBad
6967,30,2454.9999999999995,17,2233.4500000000007,swap,notBad
6968,30,2454.9999999999995,17,2233.4500000000007,swap,notBad
6969,30,2454.9999999999995,17,2233.4500000000007,2opt,notBad
6970,30,2454.9999999999995,17,2233.4500000000007,2opt,notBad
6971,30,2454.9999999999995,17,2233.4500000000007,2opt,notBad
6972,30,2454.9999999999995,17,2233.4500000000007,2opt,notBad
6973,30,2454.9999999999995,17,2233.4500000000007,2opt,notBad
6974,30,2454.9999999999995,17,2233.4500000000007,swap,notBad
6975,30,2454.9999999999995,17,2233.4500000000007,move,improve
6976,30,2454.9999999999995,17,2233.4500000000007,2opt,notBad
6977,30,2454.9999999999995,17,2233.4500000000007,swap,notBad
6978,30,2454.9999999999995,17,2233.4500000000007,2opt,notBad
6979,30,2454.9999999999995,17,2233.4500000000007,move,improve
6980,30,2454.9999999999995,17,2233.4500000000007,move,improve
6981,30,2454.9999999999995,17,2233.4500000000007,2opt,notBad
6982,30,2454.9999999999995,17,2233.4500000000007,2opt,notBad
6983,30,2454.9999999999995,17,2233.4500000000007,swap,notBad
6984,30,2454.9999999999995,17,2233.4500000000007,move,improve
6985,30,2454.9999999999995,17,2233.4500000000007,swap,notBad
6986,30,2454.9999999999995,17,2233.4500000000007,2opt,notBad
6987,30,2454.9999999999995,17,2233.4500000000007,2opt,notBad
6988,30,2454.9999999999995,17,2233.4500000000007,move,improve
6989,30,2454.9999999999995,17,2233.4500000000007,2opt,notBad
6990,30,2454.9999999999995,17,2233.4500000000007,2opt,notBad
6991,30,2454.9999999999995,17,2233.4500000000007,swap,notBad
6992,30,2454.9999999999995,17,2233.4500000000007,2opt,notBad
6993,30,2454.9999999999995,17,2233.4500000000007,move,improve
6994,30,2454.9999999999995,17,2233.4500000000007,swap,notBad
6995,30,2454.9999999999995,17,2233.4500000000007,move,improve
6996,30,2454.9999999999995,17,2233.4500000000007,swap,notBad
6997,30,2454.9999999999995,17,2233.4500000000007,swap,notBad
6998,30,2454.9999999999995,17,2233.4500000000007,move,improve
6999,30,2454.9999999999995,17,2233.4500000000007,swap,notBad
7000,30,2454.9999999999995,17,2233.4500000000007,move,improve
7001,30,2454.9999999999995,17,2233.4500000000007,move,improve
7002,30,2454.9999999999995,17,2233.4500000000007,2opt,notBad
7003,30,2454.9999999999995,17,2233.4500000000007,2opt,notBad
7004,30,2454.9999999999995,17,2233.4500000000007,move,improve
7005,30,2454.9999999999995,17,2233.4500000000007,2opt,notBad
7006,30,2454.9999999999995,17,2233.4500000000007,swap,notBad
7007,30,2454.9999999999995,17,2233.4500000000007,2opt,notBad
7008,30,2454.9999999999995,17,2233.4500000000007,2opt,notBad
7009,30,2454.9999999999995,17,2233.4500000000007,swap,notBad
7010,30,2454.9999999999995,17,2233.4500000000007,2opt,improve
7011,30,2454.9999999999995,17,2233.4500000000007,move,improve
7012,30,2454.9999999999995,17,2233.4500000000007,swap,notBad
7013,30,2454.9999999999995,17,2233.4500000000007,swap,notBad
7014,30,2454.9999999999995,17,2233.4500000000007,swap,notBad
7015,30,2454.9999999999995,17,2233.4500000000007,move,improve
7016,30,2454.9999999999995,17,2233.4500000000007,2opt,notBad
7017,30,2454.9999999999995,17,2233.4500000000007,move,improve
7018,30,2454.9999999999995,17,2233.4500000000007,2opt,notBad
7019,30,2454.9999999999995,17,2233.4500000000007,2opt,notBad
7020,30,2454.9999999999995,17,2233.4500000000007,2opt,notBad
7021,30,2454.9999999999995,17,2233.4500000000007,swap,notBad
7022,30,2454.9999999999995,17,2233.4500000000007,2opt,notBad
7023,30,2454.9999999999995,17,2233.4500000000007,move,improve
7024,30,2454.9999999999995,17,2233.4500000000007,move,improve
7025,30,2454.9999999999995,17,2233.4500000000007,move,improve
7026,30,2454.9999999999995,17,2233.4500000000007,move,improve
7027,30,2454.9999999999995,17,2233.4500000000007,move,improve
7028,30,2454.9999999999995,17,2233.4500000000007,2opt,notBad
7029,30,2454.9999999999995,17,2233.4500000000007,swap,notBad
7030,30,2454.9999999999995,17,2233.4500000000007,2opt,notBad
7031,30,2454.9999999999995,17,2233.4500000000007,swap,notBad
7032,30,2454.9999999999995,17,2233.4500000000007,2opt,notBad
7033,30,2454.9999999999995,17,2233.4500000000007,swap,notBad
7034,30,2454.9999999999995,17,2233.4500000000007,move,improve
7035,30,2454.9999999999995,17,2233.4500000000007,2opt,notBad
7036,30,2454.9999999999995,17,2233.4500000000007,move,improve
7037,30,2454.9999999999995,17,2233.4500000000007,swap,notBad
7038,30,2454.9999999999995,17,2233.4500000000007,move,improve
7039,30,2467.4999999999995,17,2233.4500000000007,swap,acceptBad
7040,30,2467.4999999999995,17,2233.4500000000007,2opt,notBad
7041,30,2467.4999999999995,17,2233.4500000000007,2opt,notBad
7042,30,2454.1499999999996,17,2233.4500000000007,move,improve
7043,30,2454.1499999999996,17,2233.4500000000007,move,improve
7044,30,2454.1499999999996,17,2233.4500000000007,swap,notBad
7045,30,2454.1499999999996,17,2233.4500000000007,move,improve
7046,30,2454.1499999999996,17,2233.4500000000007,swap,notBad
7047,30,2454.1499999999996,17,2233.4500000000007,2opt,improve
7048,30,2454.1499999999996,17,2233.4500000000007,swap,notBad
7049,30,2454.1499999999996,17,2233.4500000000007,move,improve
7050,30,2454.1499999999996,17,2233.4500000000007,2opt,notBad
7051,30,2454.1499999999996,17,2233.4500000000007,move,improve
7052,30,2454.1499999999996,17,2233.4500000000007,2opt,notBad
7053,30,2454.1499999999996,17,2233.4500000000007,2opt,notBad
7054,30,2454.1499999999996,17,2233.4500000000007,2opt,notBad
7055,30,2454.1499999999996,17,2233.4500000000007,2opt,notBad
7056,30,2454.1499999999996,17,2233.4500000000007,move,improve
7057,30,2454.1499999999996,17,2233.4500000000007,move,improve
7058,30,2454.1499999999996,17,2233.4500000000007,2opt,notBad
7059,30,2454.1499999999996,17,2233.4500000000007,swap,notBad
7060,30,2454.1499999999996,17,2233.4500000000007,swap,notBad
7061,30,2454.1499999999996,17,2233.4500000000007,move,improve
7062,30,2454.1499999999996,17,2233.4500000000007,swap,notBad
7063,30,2454.1499999999996,17,2233.4500000000007,swap,notBad
7064,30,2454.1499999999996,17,2233.4500000000007,move,improve
7065,30,2454.1499999999996,17,2233.4500000000007,move,improve
7066,30,2454.1499999999996,17,2233.4500000000007,swap,notBad
7067,30,2454.1499999999996,17,2233.4500000000007,2opt,notBad
7068,30,2454.1499999999996,17,2233.4500000000007,swap,notBad
7069,30,2454.1499999999996,17,2233.4500000000007,move,improve
7070,30,2454.1499999999996,17,2233.4500000000007,2opt,notBad
7071,30,2454.1499999999996,17,2233.4500000000007,2opt,notBad
7072,30,2439.5499999999993,17,2233.4500000000007,swap,improve
7073,30,2439.5499999999993,17,2233.4500000000007,swap,notBad
7074,30,2439.5499999999993,17,2233.4500000000007,2opt,notBad
7075,30,2439.5499999999993,17,2233.4500000000007,2opt,notBad
7076,30,2439.5499999999993,17,2233.4500000000007,2opt,notBad
7077,30,2439.5499999999993,17,2233.4500000000007,move,improve
7078,30,2439.5499999999993,17,2233.4500000000007,move,improve
7079,30,2439.5499999999993,17,2233.4500000000007,swap,notBad
7080,30,2439.5499999999993,17,2233.4500000000007,swap,notBad
7081,30,2439.5499999999993,17,2233.4500000000007,swap,notBad
7082,30,2439.5499999999993,17,2233.4500000000007,swap,notBad
7083,30,2439.5499999999993,17,2233.4500000000007,move,improve
7084,30,2439.5499999999993,17,2233.4500000000007,2opt,notBad
7085,30,2439.5499999999993,17,2233.4500000000007,swap,notBad
7086,30,2439.5499999999993,17,2233.4500000000007,swap,notBad
7087,30,2439.5499999999993,17,2233.4500000000007,swap,notBad
7088,30,2439.5499999999993,17,2233.4500000000007,swap,notBad
7089,30,2451.149999999999,17,2233.4500000000007,swap,acceptBad
7090,30,2451.149999999999,17,2233.4500000000007,move,improve
7091,30,2451.149999999999,17,2233.4500000000007,2opt,notBad
7092,30,2451.149999999999,17,2233.4500000000007,2opt,notBad
7093,30,2451.149999999999,17,2233.4500000000007,move,improve
7094,30,2451.149999999999,17,2233.4500000000007,swap,notBad
7095,30,2451.149999999999,17,2233.4500000000007,move,improve
7096,30,2451.149999999999,17,2233.4500000000007,swap,notBad
7097,30,2451.149999999999,17,2233.4500000000007,move,improve
7098,30,2451.149999999999,17,2233.4500000000007,move,improve
7099,30,2451.149999999999,17,2233.4500000000007,swap,notBad
7100,30,2462.949999999999,17,2233.4500000000007,swap,acceptBad
7101,30,2462.949999999999,17,2233.4500000000007,swap,notBad
7102,30,2462.949999999999,17,2233.4500000000007,2opt,notBad
7103,30,2462.949999999999,17,2233.4500000000007,2opt,notBad
7104,30,2462.949999999999,17,2233.4500000000007,swap,notBad
7105,30,2462.949999999999,17,2233.4500000000007,swap,notBad
7106,30,2462.949999999999,17,2233.4500000000007,2opt,notBad
7107,30,2462.949999999999,17,2233.4500000000007,move,notBad
7108,30,2462.949999999999,17,2233.4500000000007,swap,notBad
7109,30,2462.949999999999,17,2233.4500000000007,2opt,notBad
7110,30,2462.949999999999,17,2233.4500000000007,2opt,notBad
7111,30,2462.949999999999,17,2233.4500000000007,swap,notBad
7112,30,2462.949999999999,17,2233.4500000000007,2opt,notBad
7113,30,2462.949999999999,17,2233.4500000000007,move,improve
7114,30,2462.949999999999,17,2233.4500000000007,move,improve
7115,30,2462.949999999999,17,2233.4500000000007,move,improve
7116,30,2462.949999999999,17,2233.4500000000007,swap,notBad
7117,30,2462.949999999999,17,2233.4500000000007,swap,notBad
7118,30,2462.949999999999,17,2233.4500000000007,move,improve
7119,30,2462.949999999999,17,2233.4500000000007,swap,notBad
7120,30,2462.949999999999,17,2233.4500000000007,2opt,notBad
7121,30,2462.949999999999,17,2233.4500000000007,swap,notBad
7122,30,2462.949999999999,17,2233.4500000000007,swap,notBad
7123,30,2462.949999999999,17,2233.4500000000007,swap,notBad
7124,30,2462.949999999999,17,2233.4500000000007,2opt,notBad
7125,30,2462.949999999999,17,2233.4500000000007,move,improve
7126,30,2462.949999999999,17,2233.4500000000007,swap,notBad
7127,30,2462.949999999999,17,2233.4500000000007,swap,notBad
7128,30,2462.949999999999,17,2233.4500000000007,2opt,notBad
7129,30,2462.949999999999,17,2233.4500000000007,2opt,notBad
7130,30,2462.949999999999,17,2233.4500000000007,2opt,notBad
7131,30,2462.949999999999,17,2233.4500000000007,swap,notBad
7132,30,2462.949999999999,17,2233.4500000000007,2opt,improve
7133,30,2462.949999999999,17,2233.4500000000007,2opt,notBad
7134,30,2462.949999999999,17,2233.4500000000007,swap,notBad
7135,30,2462.949999999999,17,2233.4500000000007,swap,notBad
7136,30,2462.949999999999,17,2233.4500000000007,swap,notBad
7137,30,2462.949999999999,17,2233.4500000000007,2opt,improve
7138,30,2462.949999999999,17,2233.4500000000007,2opt,notBad
7139,30,2462.949999999999,17,2233.4500000000007,swap,notBad
7140,30,2462.949999999999,17,2233.4500000000007,move,improve
7141,30,2462.949999999999,17,2233.4500000000007,swap,notBad
7142,30,2462.949999999999,17,2233.4500000000007,move,improve
7143,30,2462.949999999999,17,2233.4500000000007,swap,notBad
7144,30,2462.949999999999,17,2233.4500000000007,2opt,notBad
7145,30,2462.949999999999,17,2233.4500000000007,swap,notBad
7146,30,2462.949999999999,17,2233.4500000000007,move,improve
7147,30,2462.949999999999,17,2233.4500000000007,swap,notBad
7148,30,2458.8499999999985,17,2233.4500000000007,swap,improve
7149,30,2458.8499999999985,17,2233.4500000000007,swap,notBad
7150,30,2458.8499999999985,17,2233.4500000000007,2opt,notBad
7151,30,2458.8499999999985,17,2233.4500000000007,move,improve
7152,30,2458.8499999999985,17,2233.4500000000007,2opt,notBad
7153,30,2458.8499999999985,17,2233.4500000000007,2opt,notBad
7154,30,2458.8499999999985,17,2233.4500000000007,move,improve
7155,30,2458.8499999999985,17,2233.4500000000007,swap,notBad
7156,30,2458.8499999999985,17,2233.4500000000007,move,improve
7157,30,2458.8499999999985,17,2233.4500000000007,move,improve
7158,30,2458.8499999999985,17,2233.4500000000007,2opt,notBad
7159,30,2458.8499999999985,17,2233.4500000000007,move,improve
7160,30,2458.8499999999985,17,2233.4500000000007,swap,notBad
7161,30,2458.8499999999985,17,2233.4500000000007,swap,notBad
7162,30,2458.8499999999985,17,2233.4500000000007,move,improve
7163,30,2458.8499999999985,17,2233.4500000000007,swap,notBad
7164,30,2458.8499999999985,17,2233.4500000000007,move,improve
7165,30,2458.8499999999985,17,2233.4500000000007,2opt,notBad
7166,30,2458.8499999999985,17,2233.4500000000007,2opt,notBad
7167,30,2458.8499999999985,17,2233.4500000000007,2opt,improve
7168,30,2458.8499999999985,17,2233.4500000000007,move,improve
7169,30,2458.8499999999985,17,2233.4500000000007,move,improve
7170,30,2458.8499999999985,17,2233.4500000000007,2opt,notBad
7171,30,2458.8499999999985,17,2233.4500000000007,swap,notBad
7172,30,2458.8499999999985,17,2233.4500000000007,2opt,notBad
7173,30,2458.8499999999985,17,2233.4500000000007,swap,notBad
7174,30,2458.8499999999985,17,2233.4500000000007,swap,notBad
7175,30,2458.8499999999985,17,2233.4500000000007,swap,notBad
7176,30,2458.8499999999985,17,2233.4500000000007,move,improve
7177,30,2458.8499999999985,17,2233.4500000000007,move,improve
7178,30,2458.8499999999985,17,2233.4500000000007,swap,notBad
7179,30,2458.8499999999985,17,2233.4500000000007,move,improve
7180,30,2458.8499999999985,17,2233.4500000000007,move,improve
7181,30,2458.8499999999985,17,2233.4500000000007,swap,notBad
7182,30,2458.8499999999985,17,2233.4500000000007,move,improve
7183,30,2458.8499999999985,17,2233.4500000000007,2opt,notBad
7184,30,2458.8499999999985,17,2233.4500000000007,swap,notBad
7185,30,2458.8499999999985,17,2233.4500000000007,move,improve
7186,30,2458.8499999999985,17,2233.4500000000007,swap,notBad
7187,30,2458.8499999999985,17,2233.4500000000007,swap,notBad
7188,30,2458.8499999999985,17,2233.4500000000007,2opt,notBad
7189,30,2458.8499999999985,17,2233.4500000000007,2opt,notBad
7190,30,2458.8499999999985,17,2233.4500000000007,move,improve
7191,30,2458.8499999999985,17,2233.4500000000007,2opt,notBad
7192,30,2458.8499999999985,17,2233.4500000000007,2opt,notBad
7193,30,2458.8499999999985,17,2233.4500000000007,swap,notBad
7194,30,2458.8499999999985,17,2233.4500000000007,swap,notBad
7195,30,2458.8499999999985,17,2233.4500000000007,2opt,notBad
7196,30,2458.8499999999985,17,2233.4500000000007,move,improve
7197,30,2458.8499999999985,17,2233.4500000000007,2opt,notBad
7198,30,2458.8499999999985,17,2233.4500000000007,swap,notBad
7199,30,2458.8499999999985,17,2233.4500000000007,2opt,notBad
7200,30,2458.8499999999985,17,2233.4500000000007,2opt,notBad
7201,30,2458.8499999999985,17,2233.4500000000007,swap,notBad
7202,30,2456.449999999999,17,2233.4500000000007,move,improve
7203,30,2456.449999999999,17,2233.4500000000007,2opt,notBad
7204,30,2456.449999999999,17,2233.4500000000007,2opt,notBad
7205,30,2456.449999999999,17,2233.4500000000007,2opt,notBad
7206,30,2456.449999999999,17,2233.4500000000007,swap,notBad
7207,30,2446.9499999999994,17,2233.4500000000007,swap,improve
7208,30,2446.9499999999994,17,2233.4500000000007,2opt,notBad
7209,30,2446.9499999999994,17,2233.4500000000007,swap,notBad
7210,30,2446.9499999999994,17,2233.4500000000007,2opt,notBad
7211,30,2446.9499999999994,17,2233.4500000000007,move,improve
7212,30,2446.9499999999994,17,2233.4500000000007,2opt,notBad
7213,30,2446.9499999999994,17,2233.4500000000007,2opt,notBad
7214,30,2446.9499999999994,17,2233.4500000000007,swap,notBad
7215,30,2446.9499999999994,17,2233.4500000000007,swap,notBad
7216,30,2446.9499999999994,17,2233.4500000000007,2opt,notBad
7217,30,2446.9499999999994,17,2233.4500000000007,2opt,notBad
7218,30,2446.9499999999994,17,2233.4500000000007,swap,notBad
7219,30,2446.9499999999994,17,2233.4500000000007,move,improve
7220,30,2446.9499999999994,17,2233.4500000000007,swap,notBad
7221,30,2446.9499999999994,17,2233.4500000000007,swap,notBad
7222,30,2446.9499999999994,17,2233.4500000000007,move,improve
7223,30,2446.9499999999994,17,2233.4500000000007,2opt,notBad
7224,30,2446.9499999999994,17,2233.4500000000007,move,improve
7225,30,2446.9499999999994,17,2233.4500000000007,move,improve
7226,30,2446.9499999999994,17,2233.4500000000007,move,improve
7227,30,2446.9499999999994,17,2233.4500000000007,swap,notBad
7228,30,2446.9499999999994,17,2233.4500000000007,2opt,notBad
7229,30,2446.9499999999994,17,2233.4500000000007,move,improve
7230,30,2446.9499999999994,17,2233.4500000000007,swap,notBad
7231,30,2446.9499999999994,17,2233.4500000000007,move,improve
7232,30,2446.9499999999994,17,2233.4500000000007,move,improve
7233,30,2446.9499999999994,17,2233.4500000000007,2opt,notBad
7234,30,2446.9499999999994,17,2233.4500000000007,swap,notBad
7235,30,2446.9499999999994,17,2233.4500000000007,move,improve
7236,30,2446.9499999999994,17,2233.4500000000007,swap,notBad
7237,30,2446.9499999999994,17,2233.4500000000007,2opt,notBad
7238,30,2446.9499999999994,17,2233.4500000000007,2opt,notBad
7239,30,2446.9499999999994,17,2233.4500000000007,swap,notBad
7240,30,2446.9499999999994,17,2233.4500000000007,move,improve
7241,30,2446.9499999999994,17,2233.4500000000007,move,improve
7242,30,2446.9499999999994,17,2233.4500000000007,move,improve
7243,30,2446.9499999999994,17,2233.4500000000007,2opt,notBad
7244,30,2446.9499999999994,17,2233.4500000000007,move,improve
7245,30,2446.9499999999994,17,2233.4500000000007,move,improve
7246,30,2446.9499999999994,17,2233.4500000000007,swap,notBad
7247,30,2446.9499999999994,17,2233.4500000000007,2opt,notBad
7248,30,2446.9499999999994,17,2233.4500000000007,move,improve
7249,30,2446.9499999999994,17,2233.4500000000007,swap,notBad
7250,30,2446.9499999999994,17,2233.4500000000007,swap,notBad
7251,30,2446.9499999999994,17,2233.4500000000007,move,improve
7252,30,2446.9499999999994,17,2233.4500000000007,swap,notBad
7253,30,2446.9499999999994,17,2233.4500000000007,move,improve
7254,30,2435.5999999999995,17,2233.4500000000007,move,improve
7255,30,2435.5999999999995,17,2233.4500000000007,2opt,notBad
7256,30,2435.5999999999995,17,2233.4500000000007,swap,notBad
7257,30,2435.5999999999995,17,2233.4500000000007,move,improve
7258,30,2435.5999999999995,17,2233.4500000000007,swap,notBad
7259,30,2435.5999999999995,17,2233.4500000000007,swap,notBad
7260,30,2435.5999999999995,17,2233.4500000000007,swap,notBad
7261,30,2435.5999999999995,17,2233.4500000000007,swap,notBad
7262,30,2435.5999999999995,17,2233.4500000000007,move,improve
7263,30,2435.5999999999995,17,2233.4500000000007,move,improve
7264,30,2435.5999999999995,17,2233.4500000000007,2opt,notBad
7265,30,2435.5999999999995,17,2233.4500000000007,swap,notBad
7266,30,2435.5999999999995,17,2233.4500000000007,move,improve
7267,30,2435.5999999999995,17,2233.4500000000007,2opt,improve
7268,30,2435.5999999999995,17,2233.4500000000007,2opt,notBad
7269,30,2435.5999999999995,17,2233.4500000000007,move,improve
7270,30,2435.5999999999995,17,2233.4500000000007,swap,notBad
7271,30,2435.5999999999995,17,2233.4500000000007,2opt,notBad
7272,30,2435.5999999999995,17,2233.4500000000007,swap,notBad
7273,30,2435.5999999999995,17,2233.4500000000007,move,improve
7274,30,2435.5999999999995,17,2233.4500000000007,move,improve
7275,30,2435.5999999999995,17,2233.4500000000007,swap,notBad
7276,30,2435.5999999999995,17,2233.4500000000007,swap,notBad
7277,30,2435.5999999999995,17,2233.4500000000007,move,improve
7278,30,2435.5999999999995,17,2233.4500000000007,swap,notBad
7279,30,2435.5999999999995,17,2233.4500000000007,2opt,notBad
7280,30,2435.5999999999995,17,2233.4500000000007,swap,notBad
7281,30,2435.5999999999995,17,2233.4500000000007,swap,notBad
7282,30,2435.5999999999995,17,2233.4500000000007,2opt,notBad
7283,30,2435.5999999999995,17,2233.4500000000007,2opt,notBad
7284,30,2435.5999999999995,17,2233.4500000000007,2opt,notBad
7285,30,2416.1999999999994,17,2233.4500000000007,swap,improve
7286,30,2416.1999999999994,17,2233.4500000000007,swap,notBad
7287,30,2416.1999999999994,17,2233.4500000000007,swap,notBad
7288,30,2416.1999999999994,17,2233.4500000000007,move,improve
7289,30,2416.1999999999994,17,2233.4500000000007,move,improve
7290,30,2416.1999999999994,17,2233.4500000000007,2opt,notBad
7291,30,2416.1999999999994,17,2233.4500000000007,move,improve
7292,30,2416.1999999999994,17,2233.4500000000007,swap,notBad
7293,30,2416.1999999999994,17,2233.4500000000007,move,improve
7294,30,2416.1999999999994,17,2233.4500000000007,move,improve
7295,30,2416.1999999999994,17,2233.4500000000007,2opt,notBad
7296,30,2416.1999999999994,17,2233.4500000000007,2opt,notBad
7297,30,2416.1999999999994,17,2233.4500000000007,2opt,notBad
7298,30,2416.1999999999994,17,2233.4500000000007,swap,notBad
7299,30,2378.499999999999,17,2233.4500000000007,swap,improve
7300,30,2378.499999999999,17,2233.4500000000007,move,improve
7301,30,2378.499999999999,17,2233.4500000000007,move,improve
7302,30,2378.499999999999,17,2233.4500000000007,swap,notBad
7303,30,2378.499999999999,17,2233.4500000000007,swap,notBad
7304,30,2378.499999999999,17,2233.4500000000007,swap,notBad
7305,30,2378.499999999999,17,2233.4500000000007,move,improve
7306,30,2378.499999999999,17,2233.4500000000007,move,improve
7307,30,2378.499999999999,17,2233.4500000000007,swap,notBad
7308,30,2378.499999999999,17,2233.4500000000007,swap,notBad
7309,30,2378.499999999999,17,2233.4500000000007,swap,notBad
7310,30,2378.499999999999,17,2233.4500000000007,swap,notBad
7311,30,2378.499999999999,17,2233.4500000000007,swap,notBad
7312,30,2378.499999999999,17,2233.4500000000007,swap,notBad
7313,30,2378.499999999999,17,2233.4500000000007,2opt,notBad
7314,30,2378.499999999999,17,2233.4500000000007,2opt,notBad
7315,30,2378.499999999999,17,2233.4500000000007,swap,notBad
7316,30,2378.499999999999,17,2233.4500000000007,2opt,notBad
7317,30,2378.499999999999,17,2233.4500000000007,2opt,notBad
7318,30,2378.499999999999,17,2233.4500000000007,swap,notBad
7319,30,2378.499999999999,17,2233.4500000000007,move,improve
7320,30,2378.499999999999,17,2233.4500000000007,swap,notBad
7321,30,2378.499999999999,17,2233.4500000000007,move,improve
7322,30,2378.499999999999,17,2233.4500000000007,move,improve
7323,30,2378.499999999999,17,2233.4500000000007,swap,notBad
7324,30,2378.499999999999,17,2233.4500000000007,2opt,notBad
7325,30,2378.499999999999,17,2233.4500000000007,swap,notBad
7326,30,2378.499999999999,17,2233.4500000000007,move,improve
7327,30,2378.499999999999,17,2233.4500000000007,swap,notBad
7328,30,2378.499999999999,17,2233.4500000000007,move,improve
7329,30,2378.499999999999,17,2233.4500000000007,2opt,notBad
7330,30,2378.499999999999,17,2233.4500000000007,move,notBad
7331,30,2378.499999999999,17,2233.4500000000007,move,improve
7332,30,2378.499999999999,17,2233.4500000000007,move,improve
7333,30,2378.499999999999,17,2233.4500000000007,move,improve
7334,30,2378.499999999999,17,2233.4500000000007,swap,notBad
7335,30,2378.499999999999,17,2233.4500000000007,2opt,improve
7336,30,2378.499999999999,17,2233.4500000000007,move,improve
7337,30,2378.499999999999,17,2233.4500000000007,swap,notBad
7338,30,2378.499999999999,17,2233.4500000000007,swap,notBad
7339,30,2378.499999999999,17,2233.4500000000007,2opt,notBad
7340,30,2378.499999999999,17,2233.4500000000007,2opt,notBad
7341,30,2378.499999999999,17,2233.4500000000007,swap,notBad
7342,30,2378.499999999999,17,2233.4500000000007,move,improve
7343,30,2378.499999999999,17,2233.4500000000007,swap,notBad
7344,30,2378.499999999999,17,2233.4500000000007,2opt,notBad
7345,30,2378.499999999999,17,2233.4500000000007,2opt,notBad
7346,30,2378.499999999999,17,2233.4500000000007,swap,notBad
7347,30,2378.499999999999,17,2233.4500000000007,move,improve
7348,30,2378.499999999999,17,2233.4500000000007,move,improve
7349,30,2378.499999999999,17,2233.4500000000007,2opt,notBad
7350,30,2378.499999999999,17,2233.4500000000007,move,improve
7351,30,2378.499999999999,17,2233.4500000000007,2opt,notBad
7352,30,2378.499999999999,17,2233.4500000000007,2opt,notBad
7353,30,2378.499999999999,17,2233.4500000000007,move,improve
7354,30,2378.499999999999,17,2233.4500000000007,move,improve
7355,30,2378.499999999999,17,2233.4500000000007,move,improve
7356,30,2378.499999999999,17,2233.4500000000007,2opt,notBad
7357,30,2378.499999999999,17,2233.4500000000007,2opt,notBad
7358,30,2378.499999999999,17,2233.4500000000007,2opt,notBad
7359,30,2378.499999999999,17,2233.4500000000007,2opt,notBad
7360,30,2378.499999999999,17,2233.4500000000007,move,improve
7361,30,2384.6999999999994,17,2233.4500000000007,swap,acceptBad
7362,30,2384.6999999999994,17,2233.4500000000007,move,improve
7363,30,2384.6999999999994,17,2233.4500000000007,swap,notBad
7364,30,2384.6999999999994,17,2233.4500000000007,2opt,notBad
7365,30,2384.6999999999994,17,2233.4500000000007,2opt,improve
7366,30,2384.6999999999994,17,2233.4500000000007,2opt,notBad
7367,30,2384.6999999999994,17,2233.4500000000007,2opt,notBad
7368,30,2384.6999999999994,17,2233.4500000000007,move,improve
7369,30,2384.6999999999994,17,2233.4500000000007,2opt,notBad
7370,30,2384.6999999999994,17,2233.4500000000007,2opt,notBad
7371,30,2384.6999999999994,17,2233.4500000000007,swap,notBad
7372,30,2384.6999999999994,17,2233.4500000000007,swap,notBad
7373,30,2384.6999999999994,17,2233.4500000000007,swap,notBad
7374,30,2384.6999999999994,17,2233.4500000000007,swap,notBad
7375,30,2384.6999999999994,17,2233.4500000000007,swap,notBad
7376,30,2384.6999999999994,17,2233.4500000000007,2opt,notBad
7377,30,2384.6999999999994,17,2233.4500000000007,2opt,notBad
7378,30,2384.6999999999994,17,2233.4500000000007,swap,notBad
7379,30,2384.6999999999994,17,2233.4500000000007,2opt,notBad
7380,30,2384.6999999999994,17,2233.4500000000007,move,improve
7381,30,2384.6999999999994,17,2233.4500000000007,2opt,notBad
7382,30,2384.6999999999994,17,2233.4500000000007,move,improve
7383,30,2384.6999999999994,17,2233.4500000000007,swap,notBad
7384,30,2384.6999999999994,17,2233.4500000000007,swap,notBad
7385,30,2384.6999999999994,17,2233.4500000000007,swap,notBad
7386,30,2384.6999999999994,17,2233.4500000000007,move,notBad
7387,30,2384.6999999999994,17,2233.4500000000007,2opt,notBad
7388,30,2384.6999999999994,17,2233.4500000000007,2opt,notBad
7389,30,2384.6999999999994,17,2233.4500000000007,swap,notBad
7390,30,2384.6999999999994,17,2233.4500000000007,2opt,notBad
7391,30,2384.6999999999994,17,2233.4500000000007,move,improve
7392,30,2384.6999999999994,17,2233.4500000000007,swap,notBad
7393,30,2384.6999999999994,17,2233.4500000000007,2opt,notBad
7394,30,2384.6999999999994,17,2233.4500000000007,move,improve
7395,30,2384.6999999999994,17,2233.4500000000007,move,improve
7396,30,2384.6999999999994,17,2233.4500000000007,move,improve
7397,30,2384.6999999999994,17,2233.4500000000007,move,improve
7398,30,2384.6999999999994,17,2233.4500000000007,move,improve
7399,30,2384.6999999999994,17,2233.4500000000007,swap,notBad
7400,30,2384.6999999999994,17,2233.4500000000007,2opt,notBad
7401,30,2384.6999999999994,17,2233.4500000000007,swap,notBad
7402,30,2384.6999999999994,17,2233.4500000000007,move,improve
7403,30,2384.6999999999994,17,2233.4500000000007,move,improve
7404,30,2384.6999999999994,17,2233.4500000000007,move,improve
7405,30,2384.6999999999994,17,2233.4500000000007,2opt,notBad
7406,30,2384.6999999999994,17,2233.4500000000007,swap,notBad
7407,30,2384.6999999999994,17,2233.4500000000007,move,improve
7408,30,2384.6999999999994,17,2233.4500000000007,2opt,notBad
7409,30,2384.6999999999994,17,2233.4500000000007,2opt,notBad
7410,30,2384.6999999999994,17,2233.4500000000007,2opt,notBad
7411,30,2384.6999999999994,17,2233.4500000000007,swap,notBad
7412,30,2384.6999999999994,17,2233.4500000000007,move,improve
7413,30,2384.6999999999994,17,2233.4500000000007,2opt,improve
7414,30,2384.6999999999994,17,2233.4500000000007,swap,notBad
7415,30,2384.6999999999994,17,2233.4500000000007,move,improve
7416,30,2384.6999999999994,17,2233.4500000000007,move,improve
7417,30,2384.6999999999994,17,2233.4500000000007,move,improve
7418,30,2384.6999999999994,17,2233.4500000000007,swap,notBad
7419,30,2384.6999999999994,17,2233.4500000000007,2opt,notBad
7420,30,2384.6999999999994,17,2233.4500000000007,swap,notBad
7421,30,2384.6999999999994,17,2233.4500000000007,swap,notBad
7422,30,2384.6999999999994,17,2233.4500000000007,swap,notBad
7423,30,2384.6999999999994,17,2233.4500000000007,move,improve
7424,30,2384.6999999999994,17,2233.4500000000007,2opt,notBad
7425,30,2384.6999999999994,17,2233.4500000000007,2opt,improve
7426,30,2384.6999999999994,17,2233.4500000000007,swap,notBad
7427,30,2384.6999999999994,17,2233.4500000000007,move,improve
7428,30,2384.6999999999994,17,2233.4500000000007,2opt,improve
7429,30,2384.6999999999994,17,2233.4500000000007,2opt,notBad
7430,30,2384.6999999999994,17,2233.4500000000007,move,improve
7431,30,2384.6999999999994,17,2233.4500000000007,swap,notBad
7432,30,2384.6999999999994,17,2233.4500000000007,move,improve
7433,30,2384.6999999999994,17,2233.4500000000007,swap,notBad
7434,30,2384.6999999999994,17,2233.4500000000007,swap,notBad
7435,30,2384.6999999999994,17,2233.4500000000007,2opt,improve
7436,30,2384.6999999999994,17,2233.4500000000007,move,improve
7437,30,2384.6999999999994,17,2233.4500000000007,move,improve
7438,30,2384.6999999999994,17,2233.4500000000007,swap,notBad
7439,30,2384.6999999999994,17,2233.4500000000007,move,improve
7440,30,2384.6999999999994,17,2233.4500000000007,2opt,notBad
7441,30,2384.6999999999994,17,2233.4500000000007,swap,notBad
7442,30,2384.6999999999994,17,2233.4500000000007,2opt,notBad
7443,30,2384.6999999999994,17,2233.4500000000007,swap,notBad
7444,30,2384.6999999999994,17,2233.4500000000007,move,improve
7445,30,2384.6999999999994,17,2233.4500000000007,2opt,improve
7446,30,2384.6999999999994,17,2233.4500000000007,move,improve
7447,30,2384.6999999999994,17,2233.4500000000007,swap,notBad
7448,30,2384.6999999999994,17,2233.4500000000007,move,improve
7449,30,2384.6999999999994,17,2233.4500000000007,move,improve
7450,30,2384.6999999999994,17,2233.4500000000007,swap,notBad
7451,30,2384.6999999999994,17,2233.4500000000007,2opt,notBad
7452,30,2392.0999999999995,17,2233.4500000000007,swap,acceptBad
7453,30,2392.0999999999995,17,2233.4500000000007,2opt,notBad
7454,30,2392.0999999999995,17,2233.4500000000007,move,improve
7455,30,2392.0999999999995,17,2233.4500000000007,swap,notBad
7456,30,2392.0999999999995,17,2233.4500000000007,2opt,notBad
7457,30,2392.0999999999995,17,2233.4500000000007,move,improve
7458,30,2392.0999999999995,17,2233.4500000000007,swap,notBad
7459,30,2392.0999999999995,17,2233.4500000000007,move,improve
7460,30,2392.0999999999995,17,2233.4500000000007,2opt,notBad
7461,30,2392.0999999999995,17,2233.4500000000007,2opt,notBad
7462,30,2402.4499999999994,17,2233.4500000000007,swap,acceptBad
7463,30,2402.4499999999994,17,2233.4500000000007,swap,notBad
7464,30,2402.4499999999994,17,2233.4500000000007,move,improve
7465,30,2402.4499999999994,17,2233.4500000000007,swap,notBad
7466,30,2402.4499999999994,17,2233.4500000000007,move,improve
7467,30,2402.4499999999994,17,2233.4500000000007,swap,notBad
7468,30,2402.4499999999994,17,2233.4500000000007,2opt,notBad
7469,30,2402.4499999999994,17,2233.4500000000007,2opt,notBad
7470,30,2402.4499999999994,17,2233.4500000000007,swap,notBad
7471,30,2401.749999999999,17,2233.4500000000007,move,improve
7472,30,2401.749999999999,17,2233.4500000000007,2opt,notBad
7473,30,2401.749999999999,17,2233.4500000000007,swap,notBad
7474,30,2401.749999999999,17,2233.4500000000007,2opt,notBad
7475,30,2401.749999999999,17,2233.4500000000007,swap,notBad
7476,30,2401.749999999999,17,2233.4500000000007,2opt,notBad
7477,30,2401.749999999999,17,2233.4500000000007,swap,notBad
7478,30,2401.749999999999,17,2233.4500000000007,2opt,improve
7479,30,2401.749999999999,17,2233.4500000000007,2opt,notBad
7480,30,2401.749999999999,17,2233.4500000000007,2opt,notBad
7481,30,2401.749999999999,17,2233.4500000000007,move,improve
7482,30,2401.749999999999,17,2233.4500000000007,swap,notBad
7483,30,2401.749999999999,17,2233.4500000000007,2opt,notBad
7484,30,2401.749999999999,17,2233.4500000000007,2opt,notBad
7485,30,2401.749999999999,17,2233.4500000000007,swap,notBad
7486,30,2401.749999999999,17,2233.4500000000007,swap,notBad
7487,30,2401.749999999999,17,2233.4500000000007,swap,notBad
7488,30,2401.749999999999,17,2233.4500000000007,move,improve
7489,30,2401.749999999999,17,2233.4500000000007,swap,notBad
7490,30,2401.749999999999,17,2233.4500000000007,swap,notBad
7491,30,2401.749999999999,17,2233.4500000000007,swap,notBad
7492,30,2401.749999999999,17,2233.4500000000007,swap,notBad
7493,30,2401.749999999999,17,2233.4500000000007,swap,notBad
7494,30,2401.749999999999,17,2233.4500000000007,swap,notBad
7495,30,2401.749999999999,17,2233.4500000000007,move,improve
7496,30,2401.749999999999,17,2233.4500000000007,2opt,notBad
7497,30,2401.749999999999,17,2233.4500000000007,2opt,notBad
7498,30,2401.749999999999,17,2233.4500000000007,move,improve
7499,30,2401.749999999999,17,2233.4500000000007,move,improve
7500,30,2401.749999999999,17,2233.4500000000007,swap,notBad
7501,30,2401.749999999999,17,2233.4500000000007,swap,notBad
7502,30,2401.749999999999,17,2233.4500000000007,swap,notBad
7503,30,2401.749999999999,17,2233.4500000000007,swap,notBad
7504,30,2401.749999999999,17,2233.4500000000007,swap,notBad
7505,30,2401.749999999999,17,2233.4500000000007,swap,notBad
7506,30,2401.749999999999,17,2233.4500000000007,swap,notBad
7507,30,2401.749999999999,17,2233.4500000000007,2opt,improve
7508,30,2401.749999999999,17,2233.4500000000007,swap,notBad
7509,30,2401.749999999999,17,2233.4500000000007,move,improve
7510,30,2401.749999999999,17,2233.4500000000007,2opt,notBad
7511,30,2401.749999999999,17,2233.4500000000007,swap,notBad
7512,30,2401.749999999999,17,2233.4500000000007,swap,notBad
7513,30,2401.749999999999,17,2233.4500000000007,swap,notBad
7514,30,2401.749999999999,17,2233.4500000000007,move,improve
7515,30,2401.749999999999,17,2233.4500000000007,swap,notBad
7516,30,2401.749999999999,17,2233.4500000000007,move,improve
7517,30,2401.749999999999,17,2233.4500000000007,2opt,notBad
7518,30,2401.749999999999,17,2233.4500000000007,swap,notBad
7519,30,2401.749999999999,17,2233.4500000000007,swap,notBad
7520,30,2401.749999999999,17,2233.4500000000007,2opt,notBad
7521,30,2401.749999999999,17,2233.4500000000007,swap,notBad
7522,30,2401.749999999999,17,2233.4500000000007,swap,notBad
7523,30,2401.749999999999,17,2233.4500000000007,2opt,notBad
7524,30,2401.749999999999,17,2233.4500000000007,2opt,notBad
7525,30,2401.749999999999,17,2233.4500000000007,swap,notBad
7526,30,2401.749999999999,17,2233.4500000000007,swap,notBad
7527,30,2401.749999999999,17,2233.4500000000007,move,improve
7528,30,2401.749999999999,17,2233.4500000000007,2opt,improve
7529,30,2401.749999999999,17,2233.4500000000007,2opt,notBad
7530,30,2401.749999999999,17,2233.4500000000007,2opt,notBad
7531,30,2401.749999999999,17,2233.4500000000007,move,improve
7532,30,2401.749999999999,17,2233.4500000000007,swap,notBad
7533,30,2401.749999999999,17,2233.4500000000007,2opt,notBad
7534,30,2401.749999999999,17,2233.4500000000007,swap,notBad
7535,30,2401.749999999999,17,2233.4500000000007,swap,notBad
7536,30,2401.749999999999,17,2233.4500000000007,swap,notBad
7537,30,2401.749999999999,17,2233.4500000000007,2opt,notBad
7538,30,2401.749999999999,17,2233.4500000000007,move,improve
7539,30,2401.749999999999,17,2233.4500000000007,move,improve
7540,30,2401.749999999999,17,2233.4500000000007,swap,notBad
7541,30,2401.749999999999,17,2233.4500000000007,swap,notBad
7542,30,2401.749999999999,17,2233.4500000000007,2opt,notBad
7543,30,2401.749999999999,17,2233.4500000000007,move,improve
7544,30,2401.749999999999,17,2233.4500000000007,2opt,notBad
7545,30,2401.749999999999,17,2233.4500000000007,swap,notBad
7546,30,2401.749999999999,17,2233.4500000000007,2opt,notBad
7547,30,2401.749999999999,17,2233.4500000000007,swap,notBad
7548,30,2401.749999999999,17,2233.4500000000007,swap,notBad
7549,30,2401.749999999999,17,2233.4500000000007,2opt,notBad
7550,30,2401.749999999999,17,2233.4500000000007,move,improve
7551,30,2401.749999999999,17,2233.4500000000007,2opt,notBad
7552,30,2401.749999999999,17,2233.4500000000007,move,improve
7553,30,2401.749999999999,17,2233.4500000000007,2opt,notBad
7554,30,2401.749999999999,17,2233.4500000000007,swap,notBad
7555,30,2401.749999999999,17,2233.4500000000007,2opt,notBad
7556,30,2401.749999999999,17,2233.4500000000007,move,improve
7557,30,2401.749999999999,17,2233.4500000000007,move,improve
7558,30,2401.749999999999,17,2233.4500000000007,2opt,notBad
7559,30,2401.749999999999,17,2233.4500000000007,swap,notBad
7560,30,2401.749999999999,17,2233.4500000000007,move,improve
7561,30,2401.749999999999,17,2233.4500000000007,swap,notBad
7562,30,2401.749999999999,17,2233.4500000000007,move,improve
7563,30,2401.749999999999,17,2233.4500000000007,2opt,notBad
7564,30,2401.749999999999,17,2233.4500000000007,move,improve
7565,30,2401.749999999999,17,2233.4500000000007,move,improve
7566,30,2401.749999999999,17,2233.4500000000007,move,improve
7567,30,2401.749999999999,17,2233.4500000000007,2opt,notBad
7568,30,2401.749999999999,17,2233.4500000000007,2opt,notBad
7569,30,2401.749999999999,17,2233.4500000000007,swap,notBad
7570,30,2401.749999999999,17,2233.4500000000007,move,improve
7571,30,2401.749999999999,17,2233.4500000000007,move,improve
7572,30,2401.749999999999,17,2233.4500000000007,swap,notBad
7573,30,2401.749999999999,17,2233.4500000000007,2opt,notBad
7574,30,2401.749999999999,17,2233.4500000000007,2opt,notBad
7575,30,2401.749999999999,17,2233.4500000000007,move,improve
7576,30,2401.749999999999,17,2233.4500000000007,2opt,notBad
7577,30,2401.749999999999,17,2233.4500000000007,move,improve
7578,30,2401.749999999999,17,2233.4500000000007,2opt,notBad
7579,30,2401.749999999999,17,2233.4500000000007,swap,notBad
7580,30,2401.749999999999,17,2233.4500000000007,move,improve
7581,30,2401.749999999999,17,2233.4500000000007,move,improve
7582,30,2401.749999999999,17,2233.4500000000007,2opt,notBad
7583,30,2401.749999999999,17,2233.4500000000007,move,improve
7584,30,2401.749999999999,17,2233.4500000000007,swap,notBad
7585,30,2401.749999999999,17,2233.4500000000007,2opt,notBad
7586,30,2401.749999999999,17,2233.4500000000007,move,improve
7587,30,2401.749999999999,17,2233.4500000000007,move,improve
7588,30,2401.749999999999,17,2233.4500000000007,2opt,notBad
7589,30,2396.5499999999993,17,2233.4500000000007,move,improve
7590,30,2396.3999999999996,17,2233.4500000000007,move,improve
7591,30,2398.3999999999983,17,2233.4500000000007,2opt,acceptBad
7592,30,2398.3999999999983,17,2233.4500000000007,move,improve
7593,30,2398.3999999999983,17,2233.4500000000007,swap,notBad
7594,30,2398.3999999999983,17,2233.4500000000007,2opt,notBad
7595,30,2398.3999999999983,17,2233.4500000000007,2opt,notBad
7596,30,2398.3999999999983,17,2233.4500000000007,move,improve
7597,30,2398.3999999999983,17,2233.4500000000007,swap,notBad
7598,30,2398.3999999999983,17,2233.4500000000007,swap,notBad
7599,30,2398.3999999999983,17,2233.4500000000007,move,improve
7600,30,2402.9999999999986,17,2233.4500000000007,swap,acceptBad
7601,30,2402.9999999999986,17,2233.4500000000007,2opt,notBad
7602,30,2402.9999999999986,17,2233.4500000000007,move,improve
7603,30,2402.9999999999986,17,2233.4500000000007,move,improve
7604,30,2402.9999999999986,17,2233.4500000000007,2opt,notBad
7605,30,2402.9999999999986,17,2233.4500000000007,move,improve
7606,30,2402.9999999999986,17,2233.4500000000007,swap,notBad
7607,30,2402.9999999999986,17,2233.4500000000007,move,improve
7608,30,2402.9999999999986,17,2233.4500000000007,swap,notBad
7609,30,2402.9999999999986,17,2233.4500000000007,move,improve
7610,30,2402.9999999999986,17,2233.4500000000007,2opt,notBad
7611,30,2402.9999999999986,17,2233.4500000000007,2opt,improve
7612,30,2402.9999999999986,17,2233.4500000000007,move,improve
7613,30,2402.9999999999986,17,2233.4500000000007,2opt,notBad
7614,30,2402.9999999999986,17,2233.4500000000007,2opt,notBad
7615,30,2402.9999999999986,17,2233.4500000000007,swap,notBad
7616,30,2402.9999999999986,17,2233.4500000000007,move,improve
7617,30,2402.9999999999986,17,2233.4500000000007,swap,notBad
7618,30,2402.9999999999986,17,2233.4500000000007,move,improve
7619,30,2402.9999999999986,17,2233.4500000000007,2opt,notBad
7620,30,2402.9999999999986,17,2233.4500000000007,move,improve
7621,30,2402.9999999999986,17,2233.4500000000007,swap,notBad
7622,30,2402.9999999999986,17,2233.4500000000007,move,improve
7623,30,2402.9999999999986,17,2233.4500000000007,swap,notBad
7624,30,2400.999999999998,17,2233.4500000000007,move,improve
7625,30,2400.999999999998,17,2233.4500000000007,move,improve
7626,30,2400.999999999998,17,2233.4500000000007,move,improve
7627,30,2400.999999999998,17,2233.4500000000007,swap,notBad
7628,30,2400.999999999998,17,2233.4500000000007,move,improve
7629,30,2400.999999999998,17,2233.4500000000007,2opt,notBad
7630,30,2400.999999999998,17,2233.4500000000007,2opt,notBad
7631,30,2400.999999999998,17,2233.4500000000007,2opt,improve
7632,30,2400.999999999998,17,2233.4500000000007,move,improve
7633,30,2400.999999999998,17,2233.4500000000007,2opt,notBad
7634,30,2400.999999999998,17,2233.4500000000007,2opt,notBad
7635,30,2400.999999999998,17,2233.4500000000007,swap,notBad
7636,30,2400.999999999998,17,2233.4500000000007,swap,notBad
7637,30,2400.999999999998,17,2233.4500000000007,move,improve
7638,30,2400.999999999998,17,2233.4500000000007,2opt,notBad
7639,30,2400.999999999998,17,2233.4500000000007,2opt,notBad
7640,30,2400.999999999998,17,2233.4500000000007,2opt,notBad
7641,30,2400.999999999998,17,2233.4500000000007,2opt,notBad
7642,30,2400.999999999998,17,2233.4500000000007,2opt,notBad
7643,30,2400.999999999998,17,2233.4500000000007,2opt,notBad
7644,30,2400.999999999998,17,2233.4500000000007,swap,notBad
7645,30,2400.999999999998,17,2233.4500000000007,swap,notBad
7646,30,2400.999999999998,17,2233.4500000000007,swap,notBad
7647,30,2400.999999999998,17,2233.4500000000007,2opt,notBad
7648,30,2400.999999999998,17,2233.4500000000007,2opt,notBad
7649,30,2400.999999999998,17,2233.4500000000007,move,improve
7650,30,2400.999999999998,17,2233.4500000000007,2opt,notBad
7651,30,2400.999999999998,17,2233.4500000000007,move,improve
7652,30,2400.999999999998,17,2233.4500000000007,2opt,notBad
7653,30,2400.999999999998,17,2233.4500000000007,swap,notBad
7654,30,2400.999999999998,17,2233.4500000000007,2opt,improve
7655,30,2400.999999999998,17,2233.4500000000007,2opt,notBad
7656,30,2400.999999999998,17,2233.4500000000007,swap,notBad
7657,30,2400.999999999998,17,2233.4500000000007,2opt,notBad
7658,30,2400.999999999998,17,2233.4500000000007,swap,notBad
7659,30,2400.999999999998,17,2233.4500000000007,move,improve
7660,30,2400.999999999998,17,2233.4500000000007,2opt,notBad
7661,30,2400.999999999998,17,2233.4500000000007,2opt,notBad
7662,30,2400.999999999998,17,2233.4500000000007,swap,notBad
7663,30,2400.999999999998,17,2233.4500000000007,swap,notBad
7664,30,2400.999999999998,17,2233.4500000000007,2opt,notBad
7665,30,2400.999999999998,17,2233.4500000000007,swap,notBad
7666,30,2400.999999999998,17,2233.4500000000007,move,improve
7667,30,2400.999999999998,17,2233.4500000000007,move,improve
7668,30,2400.999999999998,17,2233.4500000000007,move,improve
7669,30,2400.999999999998,17,2233.4500000000007,swap,notBad
7670,30,2400.999999999998,17,2233.4500000000007,swap,notBad
7671,30,2400.999999999998,17,2233.4500000000007,2opt,notBad
7672,30,2400.999999999998,17,2233.4500000000007,swap,notBad
7673,30,2400.999999999998,17,2233.4500000000007,swap,notBad
7674,30,2400.999999999998,17,2233.4500000000007,swap,notBad
7675,30,2400.999999999998,17,2233.4500000000007,move,improve
7676,30,2400.999999999998,17,2233.4500000000007,move,improve
7677,30,2400.999999999998,17,2233.4500000000007,move,improve
7678,30,2400.999999999998,17,2233.4500000000007,2opt,improve
7679,30,2400.999999999998,17,2233.4500000000007,move,improve
7680,30,2400.999999999998,17,2233.4500000000007,swap,notBad
7681,30,2400.999999999998,17,2233.4500000000007,2opt,notBad
7682,30,2400.999999999998,17,2233.4500000000007,move,improve
7683,30,2400.999999999998,17,2233.4500000000007,move,improve
7684,30,2400.999999999998,17,2233.4500000000007,move,improve
7685,30,2400.999999999998,17,2233.4500000000007,move,improve
7686,30,2400.999999999998,17,2233.4500000000007,2opt,notBad
7687,30,2400.999999999998,17,2233.4500000000007,2opt,notBad
7688,30,2400.999999999998,17,2233.4500000000007,swap,notBad
7689,30,2400.999999999998,17,2233.4500000000007,swap,notBad
7690,30,2400.999999999998,17,2233.4500000000007,2opt,notBad
7691,30,2418.0499999999984,17,2233.4500000000007,swap,acceptBad
7692,30,2418.0499999999984,17,2233.4500000000007,2opt,notBad
7693,30,2418.0499999999984,17,2233.4500000000007,swap,notBad
7694,30,2418.0499999999984,17,2233.4500000000007,2opt,notBad
7695,30,2418.0499999999984,17,2233.4500000000007,swap,notBad
7696,30,2418.0499999999984,17,2233.4500000000007,move,improve
7697,30,2418.0499999999984,17,2233.4500000000007,move,improve
7698,30,2418.0499999999984,17,2233.4500000000007,2opt,improve
7699,30,2418.0499999999984,17,2233.4500000000007,move,improve
7700,30,2418.0499999999984,17,2233.4500000000007,swap,notBad
7701,30,2418.0499999999984,17,2233.4500000000007,move,improve
7702,30,2418.0499999999984,17,2233.4500000000007,2opt,notBad
7703,30,2418.0499999999984,17,2233.4500000000007,move,improve
7704,30,2418.0499999999984,17,2233.4500000000007,2opt,notBad
7705,30,2418.0499999999984,17,2233.4500000000007,move,improve
7706,30,2418.0499999999984,17,2233.4500000000007,move,improve
7707,30,2418.0499999999984,17,2233.4500000000007,2opt,notBad
7708,30,2418.0499999999984,17,2233.4500000000007,move,improve
7709,30,2418.0499999999984,17,2233.4500000000007,2opt,notBad
7710,30,2418.0499999999984,17,2233.4500000000007,swap,notBad
7711,30,2418.0499999999984,17,2233.4500000000007,2opt,notBad
7712,30,2418.0499999999984,17,2233.4500000000007,2opt,notBad
7713,30,2418.0499999999984,17,2233.4500000000007,2opt,notBad
7714,30,2418.0499999999984,17,2233.4500000000007,swap,notBad
7715,30,2418.0499999999984,17,2233.4500000000007,move,improve
7716,30,2418.0499999999984,17,2233.4500000000007,swap,notBad
7717,30,2418.0499999999984,17,2233.4500000000007,2opt,notBad
7718,30,2418.0499999999984,17,2233.4500000000007,swap,notBad
7719,30,2418.0499999999984,17,2233.4500000000007,2opt,notBad
7720,30,2418.0499999999984,17,2233.4500000000007,move,improve
7721,30,2418.0499999999984,17,2233.4500000000007,swap,notBad
7722,30,2418.0499999999984,17,2233.4500000000007,2opt,improve
7723,30,2418.0499999999984,17,2233.4500000000007,swap,notBad
7724,30,2418.0499999999984,17,2233.4500000000007,move,improve
7725,30,2418.0499999999984,17,2233.4500000000007,2opt,improve
7726,30,2418.0499999999984,17,2233.4500000000007,move,improve
7727,30,2418.0499999999984,17,2233.4500000000007,swap,notBad
7728,30,2418.0499999999984,17,2233.4500000000007,2opt,notBad
7729,30,2418.0499999999984,17,2233.4500000000007,move,improve
7730,30,2418.0499999999984,17,2233.4500000000007,move,improve
7731,30,2418.0499999999984,17,2233.4500000000007,2opt,notBad
7732,30,2418.0499999999984,17,2233.4500000000007,swap,notBad
7733,30,2418.0499999999984,17,2233.4500000000007,swap,notBad
7734,30,2418.0499999999984,17,2233.4500000000007,2opt,notBad
7735,30,2418.0499999999984,17,2233.4500000000007,move,improve
7736,30,2418.0499999999984,17,2233.4500000000007,2opt,notBad
7737,30,2418.0499999999984,17,2233.4500000000007,swap,notBad
7738,30,2418.0499999999984,17,2233.4500000000007,move,improve
7739,30,2418.0499999999984,17,2233.4500000000007,move,improve
7740,30,2418.0499999999984,17,2233.4500000000007,2opt,notBad
7741,30,2418.0499999999984,17,2233.4500000000007,move,improve
7742,30,2418.0499999999984,17,2233.4500000000007,2opt,notBad
7743,30,2418.0499999999984,17,2233.4500000000007,swap,notBad
7744,30,2418.0499999999984,17,2233.4500000000007,swap,notBad
7745,30,2413.249999999998,17,2233.4500000000007,2opt,improve
7746,30,2413.249999999998,17,2233.4500000000007,2opt,notBad
7747,30,2413.249999999998,17,2233.4500000000007,move,improve
7748,30,2413.249999999998,17,2233.4500000000007,move,improve
7749,30,2413.249999999998,17,2233.4500000000007,2opt,notBad
7750,30,2413.249999999998,17,2233.4500000000007,swap,notBad
7751,30,2413.249999999998,17,2233.4500000000007,swap,notBad
7752,30,2413.249999999998,17,2233.4500000000007,swap,notBad
7753,30,2413.249999999998,17,2233.4500000000007,2opt,notBad
7754,30,2413.249999999998,17,2233.4500000000007,move,improve
7755,30,2413.249999999998,17,2233.4500000000007,swap,notBad
7756,30,2413.249999999998,17,2233.4500000000007,2opt,notBad
7757,30,2413.249999999998,17,2233.4500000000007,move,improve
7758,30,2413.249999999998,17,2233.4500000000007,move,improve
7759,30,2413.249999999998,17,2233.4500000000007,move,improve
7760,30,2413.249999999998,17,2233.4500000000007,swap,notBad
7761,30,2413.249999999998,17,2233.4500000000007,move,improve
7762,30,2413.249999999998,17,2233.4500000000007,2opt,notBad
7763,30,2413.249999999998,17,2233.4500000000007,2opt,notBad
7764,30,2413.249999999998,17,2233.4500000000007,2opt,notBad
7765,30,2413.249999999998,17,2233.4500000000007,move,improve
7766,30,2413.249999999998,17,2233.4500000000007,move,improve
7767,30,2413.249999999998,17,2233.4500000000007,move,improve
7768,30,2413.249999999998,17,2233.4500000000007,swap,notBad
7769,30,2413.249999999998,17,2233.4500000000007,move,improve
7770,30,2413.249999999998,17,2233.4500000000007,swap,notBad
7771,30,2413.249999999998,17,2233.4500000000007,2opt,improve
7772,30,2413.249999999998,17,2233.4500000000007,swap,notBad
7773,30,2413.249999999998,17,2233.4500000000007,move,improve
7774,30,2413.249999999998,17,2233.4500000000007,2opt,notBad
7775,30,2413.249999999998,17,2233.4500000000007,swap,notBad
7776,30,2413.249999999998,17,2233.4500000000007,2opt,notBad
7777,30,2413.249999999998,17,2233.4500000000007,2opt,notBad
7778,30,2413.249999999998,17,2233.4500000000007,move,improve
7779,30,2413.249999999998,17,2233.4500000000007,move,improve
7780,30,2413.249999999998,17,2233.4500000000007,2opt,notBad
7781,30,2413.249999999998,17,2233.4500000000007,2opt,notBad
7782,30,2413.249999999998,17,2233.4500000000007,swap,notBad
7783,30,2413.249999999998,17,2233.4500000000007,2opt,notBad
7784,30,2413.249999999998,17,2233.4500000000007,swap,notBad
7785,30,2413.249999999998,17,2233.4500000000007,move,improve
7786,30,2413.249999999998,17,2233.4500000000007,move,improve
7787,30,2413.249999999998,17,2233.4500000000007,2opt,notBad
7788,30,2413.249999999998,17,2233.4500000000007,move,improve
7789,30,2413.249999999998,17,2233.4500000000007,swap,notBad
7790,30,2413.249999999998,17,2233.4500000000007,2opt,notBad
7791,30,2413.249999999998,17,2233.4500000000007,2opt,notBad
7792,30,2413.249999999998,17,2233.4500000000007,move,improve
7793,30,2413.249999999998,17,2233.4500000000007,2opt,notBad
7794,30,2413.249999999998,17,2233.4500000000007,move,improve
7795,30,2413.249999999998,17,2233.4500000000007,2opt,notBad
7796,30,2413.249999999998,17,2233.4500000000007,swap,notBad
7797,30,2413.249999999998,17,2233.4500000000007,2opt,notBad
7798,30,2413.249999999998,17,2233.4500000000007,swap,notBad
7799,30,2413.249999999998,17,2233.4500000000007,move,improve
7800,30,2413.249999999998,17,2233.4500000000007,move,improve
7801,30,2413.249999999998,17,2233.4500000000007,move,improve
7802,30,2413.249999999998,17,2233.4500000000007,swap,notBad
7803,30,2413.249999999998,17,2233.4500000000007,swap,notBad
7804,30,2413.249999999998,17,2233.4500000000007,move,improve
7805,30,2413.249999999998,17,2233.4500000000007,2opt,notBad
7806,30,2413.249999999998,17,2233.4500000000007,move,improve
7807,30,2413.249999999998,17,2233.4500000000007,move,improve
7808,30,2413.249999999998,17,2233.4500000000007,move,improve
7809,30,2413.249999999998,17,2233.4500000000007,swap,notBad
7810,30,2413.249999999998,17,2233.4500000000007,move,improve
7811,30,2413.249999999998,17,2233.4500000000007,2opt,improve
7812,30,2413.249999999998,17,2233.4500000000007,move,improve
7813,30,2413.249999999998,17,2233.4500000000007,move,improve
7814,30,2413.249999999998,17,2233.4500000000007,swap,notBad
7815,30,2413.249999999998,17,2233.4500000000007,2opt,notBad
7816,30,2413.249999999998,17,2233.4500000000007,move,improve
7817,30,2413.249999999998,17,2233.4500000000007,swap,notBad
7818,30,2413.249999999998,17,2233.4500000000007,2opt,notBad
7819,30,2413.249999999998,17,2233.4500000000007,2opt,notBad
7820,30,2407.3499999999985,17,2233.4500000000007,swap,improve
7821,30,2407.3499999999985,17,2233.4500000000007,2opt,notBad
7822,30,2407.3499999999985,17,2233.4500000000007,swap,notBad
7823,30,2407.3499999999985,17,2233.4500000000007,swap,notBad
7824,30,2407.3499999999985,17,2233.4500000000007,2opt,notBad
7825,30,2407.3499999999985,17,2233.4500000000007,2opt,notBad
7826,30,2407.3499999999985,17,2233.4500000000007,swap,notBad
7827,30,2407.3499999999985,17,2233.4500000000007,swap,notBad
7828,30,2407.3499999999985,17,2233.4500000000007,move,improve
7829,30,2407.3499999999985,17,2233.4500000000007,swap,notBad
7830,30,2407.3499999999985,17,2233.4500000000007,2opt,improve
7831,30,2407.3499999999985,17,2233.4500000000007,swap,notBad
7832,30,2413.249999999998,17,2233.4500000000007,swap,acceptBad
7833,30,2413.249999999998,17,2233.4500000000007,swap,notBad
7834,30,2413.249999999998,17,2233.4500000000007,swap,notBad
7835,30,2413.249999999998,17,2233.4500000000007,swap,notBad
7836,30,2413.249999999998,17,2233.4500000000007,swap,notBad
7837,30,2413.249999999998,17,2233.4500000000007,move,improve
7838,30,2413.249999999998,17,2233.4500000000007,move,improve
7839,30,2413.249999999998,17,2233.4500000000007,2opt,notBad
7840,30,2413.249999999998,17,2233.4500000000007,swap,notBad
7841,30,2413.249999999998,17,2233.4500000000007,move,improve
7842,30,2413.249999999998,17,2233.4500000000007,swap,notBad
7843,30,2413.249999999998,17,2233.4500000000007,2opt,notBad
7844,30,2413.249999999998,17,2233.4500000000007,2opt,notBad
7845,30,2413.249999999998,17,2233.4500000000007,move,improve
7846,30,2413.249999999998,17,2233.4500000000007,2opt,notBad
7847,30,2413.249999999998,17,2233.4500000000007,swap,notBad
7848,30,2413.249999999998,17,2233.4500000000007,swap,notBad
7849,30,2413.249999999998,17,2233.4500000000007,move,improve
7850,30,2413.249999999998,17,2233.4500000000007,2opt,notBad
7851,30,2413.249999999998,17,2233.4500000000007,move,improve
7852,30,2413.249999999998,17,2233.4500000000007,2opt,notBad
7853,30,2413.249999999998,17,2233.4500000000007,2opt,notBad
7854,30,2413.249999999998,17,2233.4500000000007,move,improve
7855,30,2413.249999999998,17,2233.4500000000007,move,improve
7856,30,2413.249999999998,17,2233.4500000000007,swap,notBad
7857,30,2413.249999999998,17,2233.4500000000007,swap,notBad
7858,30,2413.249999999998,17,2233.4500000000007,move,improve
7859,30,2413.249999999998,17,2233.4500000000007,move,improve
7860,30,2413.249999999998,17,2233.4500000000007,2opt,notBad
7861,30,2413.249999999998,17,2233.4500000000007,move,improve
7862,30,2413.249999999998,17,2233.4500000000007,2opt,notBad
7863,30,2413.249999999998,17,2233.4500000000007,swap,notBad
7864,30,2413.249999999998,17,2233.4500000000007,move,improve
7865,30,2413.249999999998,17,2233.4500000000007,swap,notBad
7866,30,2413.249999999998,17,2233.4500000000007,2opt,notBad
7867,30,2413.249999999998,17,2233.4500000000007,2opt,notBad
7868,30,2413.249999999998,17,2233.4500000000007,2opt,notBad
7869,30,2413.249999999998,17,2233.4500000000007,2opt,notBad
7870,30,2413.249999999998,17,2233.4500000000007,2opt,notBad
7871,30,2413.249999999998,17,2233.4500000000007,move,improve
7872,30,2413.249999999998,17,2233.4500000000007,2opt,notBad
7873,30,2413.249999999998,17,2233.4500000000007,swap,notBad
7874,30,2413.249999999998,17,2233.4500000000007,swap,notBad
7875,30,2413.249999999998,17,2233.4500000000007,swap,notBad
7876,30,2413.249999999998,17,2233.4500000000007,move,improve
7877,30,2413.249999999998,17,2233.4500000000007,move,improve
7878,30,2413.249999999998,17,2233.4500000000007,2opt,notBad
7879,30,2413.249999999998,17,2233.4500000000007,2opt,notBad
7880,30,2421.3499999999985,17,2233.4500000000007,swap,acceptBad
7881,30,2421.3499999999985,17,2233.4500000000007,swap,notBad
7882,30,2421.3499999999985,17,2233.4500000000007,2opt,notBad
7883,30,2421.3499999999985,17,2233.4500000000007,swap,notBad
7884,30,2421.3499999999985,17,2233.4500000000007,2opt,notBad
7885,30,2421.3499999999985,17,2233.4500000000007,swap,notBad
7886,30,2421.3499999999985,17,2233.4500000000007,2opt,notBad
7887,30,2421.3499999999985,17,2233.4500000000007,2opt,notBad
7888,30,2421.3499999999985,17,2233.4500000000007,2opt,notBad
7889,30,2421.3499999999985,17,2233.4500000000007,swap,notBad
7890,30,2421.3499999999985,17,2233.4500000000007,move,improve
7891,30,2421.3499999999985,17,2233.4500000000007,move,improve
7892,30,2421.3499999999985,17,2233.4500000000007,2opt,improve
7893,30,2421.3499999999985,17,2233.4500000000007,2opt,notBad
7894,30,2421.3499999999985,17,2233.4500000000007,2opt,notBad
7895,30,2421.3499999999985,17,2233.4500000000007,move,improve
7896,30,2414.8999999999987,17,2233.4500000000007,swap,improve
7897,30,2414.8999999999987,17,2233.4500000000007,move,improve
7898,30,2414.8999999999987,17,2233.4500000000007,2opt,notBad
7899,30,2414.8999999999987,17,2233.4500000000007,move,improve
7900,30,2414.8999999999987,17,2233.4500000000007,move,improve
7901,30,2414.8999999999987,17,2233.4500000000007,swap,notBad
7902,30,2414.8999999999987,17,2233.4500000000007,2opt,improve
7903,30,2414.8999999999987,17,2233.4500000000007,move,improve
7904,30,2414.8999999999987,17,2233.4500000000007,2opt,notBad
7905,30,2414.8999999999987,17,2233.4500000000007,swap,notBad
7906,30,2414.8999999999987,17,2233.4500000000007,swap,notBad
7907,30,2414.8999999999987,17,2233.4500000000007,move,improve
7908,30,2414.8999999999987,17,2233.4500000000007,swap,notBad
7909,30,2414.8999999999987,17,2233.4500000000007,2opt,notBad
7910,30,2414.8999999999987,17,2233.4500000000007,swap,notBad
7911,30,2414.8999999999987,17,2233.4500000000007,move,improve
7912,30,2414.8999999999987,17,2233.4500000000007,2opt,notBad
7913,30,2414.8999999999987,17,2233.4500000000007,move,improve
7914,30,2414.8999999999987,17,2233.4500000000007,move,improve
7915,30,2414.8999999999987,17,2233.4500000000007,2opt,notBad
7916,30,2414.8999999999987,17,2233.4500000000007,move,improve
7917,30,2414.8999999999987,17,2233.4500000000007,move,improve
7918,30,2414.8999999999987,17,2233.4500000000007,2opt,notBad
7919,30,2414.8999999999987,17,2233.4500000000007,move,improve
7920,30,2414.8999999999987,17,2233.4500000000007,swap,notBad
7921,30,2414.8999999999987,17,2233.4500000000007,move,improve
7922,30,2414.8999999999987,17,2233.4500000000007,move,improve
7923,30,2414.8999999999987,17,2233.4500000000007,swap,notBad
7924,30,2414.8999999999987,17,2233.4500000000007,swap,notBad
7925,30,2414.8999999999987,17,2233.4500000000007,move,improve
7926,30,2414.8999999999987,17,2233.4500000000007,2opt,notBad
7927,30,2414.8999999999987,17,2233.4500000000007,move,improve
7928,30,2414.8999999999987,17,2233.4500000000007,2opt,notBad
7929,30,2414.8999999999987,17,2233.4500000000007,swap,notBad
7930,30,2414.8999999999987,17,2233.4500000000007,move,improve
7931,30,2414.8999999999987,17,2233.4500000000007,move,improve
7932,30,2414.8999999999987,17,2233.4500000000007,swap,notBad
7933,30,2414.1499999999987,17,2233.4500000000007,move,improve
7934,30,2414.1499999999987,17,2233.4500000000007,2opt,notBad
7935,30,2414.1499999999987,17,2233.4500000000007,swap,notBad
7936,30,2414.1499999999987,17,2233.4500000000007,move,improve
7937,30,2400.6499999999983,17,2233.4500000000007,swap,improve
7938,30,2400.6499999999983,17,2233.4500000000007,2opt,notBad
7939,30,2400.6499999999983,17,2233.4500000000007,swap,notBad
7940,30,2400.6499999999983,17,2233.4500000000007,move,improve
7941,30,2400.6499999999983,17,2233.4500000000007,2opt,notBad
7942,30,2400.6499999999983,17,2233.4500000000007,2opt,notBad
7943,30,2400.6499999999983,17,2233.4500000000007,2opt,notBad
7944,30,2400.6499999999983,17,2233.4500000000007,move,improve
7945,30,2400.6499999999983,17,2233.4500000000007,2opt,notBad
7946,30,2400.6499999999983,17,2233.4500000000007,move,improve
7947,30,2400.6499999999983,17,2233.4500000000007,2opt,notBad
7948,30,2400.6499999999983,17,2233.4500000000007,move,improve
7949,30,2400.6499999999983,17,2233.4500000000007,2opt,notBad
7950,30,2400.6499999999983,17,2233.4500000000007,swap,notBad
7951,30,2400.6499999999983,17,2233.4500000000007,2opt,notBad
7952,30,2400.6499999999983,17,2233.4500000000007,swap,notBad
7953,30,2400.6499999999983,17,2233.4500000000007,move,improve
7954,30,2400.6499999999983,17,2233.4500000000007,swap,notBad
7955,30,2400.6499999999983,17,2233.4500000000007,move,improve
7956,30,2392.5499999999984,17,2233.4500000000007,move,improve
7957,30,2392.5499999999984,17,2233.4500000000007,2opt,notBad
7958,30,2392.5499999999984,17,2233.4500000000007,2opt,notBad
7959,30,2392.5499999999984,17,2233.4500000000007,move,improve
7960,30,2392.5499999999984,17,2233.4500000000007,move,improve
7961,30,2392.5499999999984,17,2233.4500000000007,move,improve
7962,30,2392.5499999999984,17,2233.4500000000007,move,improve
7963,30,2392.5499999999984,17,2233.4500000000007,swap,notBad
7964,30,2392.5499999999984,17,2233.4500000000007,swap,notBad
7965,30,2392.5499999999984,17,2233.4500000000007,move,improve
7966,30,2392.5499999999984,17,2233.4500000000007,move,improve
7967,30,2392.5499999999984,17,2233.4500000000007,swap,notBad
7968,30,2392.5499999999984,17,2233.4500000000007,2opt,notBad
7969,30,2392.5499999999984,17,2233.4500000000007,2opt,notBad
7970,30,2392.5499999999984,17,2233.4500000000007,move,improve
7971,30,2392.5499999999984,17,2233.4500000000007,move,improve
7972,30,2392.5499999999984,17,2233.4500000000007,2opt,notBad
7973,30,2392.5499999999984,17,2233.4500000000007,2opt,notBad
7974,30,2392.5499999999984,17,2233.4500000000007,swap,notBad
7975,30,2392.5499999999984,17,2233.4500000000007,move,improve
7976,30,2392.5499999999984,17,2233.4500000000007,swap,notBad
7977,30,2392.5499999999984,17,2233.4500000000007,2opt,notBad
7978,30,2392.5499999999984,17,2233.4500000000007,swap,notBad
7979,30,2392.6499999999987,17,2233.4500000000007,2opt,acceptBad
7980,30,2392.6499999999987,17,2233.4500000000007,2opt,notBad
7981,30,2392.6499999999987,17,2233.4500000000007,2opt,improve
7982,30,2392.6499999999987,17,2233.4500000000007,swap,notBad
7983,30,2392.6499999999987,17,2233.4500000000007,move,improve
7984,30,2392.6499999999987,17,2233.4500000000007,2opt,notBad
7985,30,2392.6499999999987,17,2233.4500000000007,2opt,notBad
7986,30,2392.6499999999987,17,2233.4500000000007,2opt,notBad
7987,30,2392.6499999999987,17,2233.4500000000007,2opt,improve
7988,30,2392.6499999999987,17,2233.4500000000007,swap,notBad
7989,30,2392.6499999999987,17,2233.4500000000007,2opt,notBad
7990,30,2392.6499999999987,17,2233.4500000000007,2opt,notBad
7991,30,2392.6499999999987,17,2233.4500000000007,swap,notBad
7992,30,2392.6499999999987,17,2233.4500000000007,swap,notBad
7993,30,2392.6499999999987,17,2233.4500000000007,swap,notBad
7994,30,2392.6499999999987,17,2233.4500000000007,swap,notBad
7995,30,2392.6499999999987,17,2233.4500000000007,move,improve
7996,30,2392.6499999999987,17,2233.4500000000007,move,improve
7997,30,2392.6499999999987,17,2233.4500000000007,2opt,notBad
7998,30,2392.6499999999987,17,2233.4500000000007,2opt,notBad
7999,30,2392.6499999999987,17,2233.4500000000007,2opt,improve
8000,30,2392.6499999999987,17,2233.4500000000007,2opt,notBad
8001,30,2392.6499999999987,17,2233.4500000000007,swap,notBad
8002,30,2392.6499999999987,17,2233.4500000000007,move,improve
8003,30,2392.6499999999987,17,2233.4500000000007,move,improve
8004,30,2392.6499999999987,17,2233.4500000000007,move,improve
8005,30,2392.6499999999987,17,2233.4500000000007,swap,notBad
8006,30,2392.6499999999987,17,2233.4500000000007,2opt,improve
8007,30,2392.6499999999987,17,2233.4500000000007,2opt,notBad
8008,30,2392.6499999999987,17,2233.4500000000007,move,improve
8009,30,2392.6499999999987,17,2233.4500000000007,2opt,notBad
8010,30,2392.6499999999987,17,2233.4500000000007,move,improve
8011,30,2392.6499999999987,17,2233.4500000000007,move,improve
8012,30,2392.6499999999987,17,2233.4500000000007,2opt,notBad
8013,30,2392.6499999999987,17,2233.4500000000007,swap,notBad
8014,30,2392.6499999999987,17,2233.4500000000007,2opt,notBad
8015,30,2392.6499999999987,17,2233.4500000000007,2opt,notBad
8016,30,2392.6499999999987,17,2233.4500000000007,move,improve
8017,30,2392.6499999999987,17,2233.4500000000007,move,notBad
8018,30,2392.6499999999987,17,2233.4500000000007,swap,notBad
8019,30,2392.6499999999987,17,2233.4500000000007,swap,notBad
8020,30,2392.6499999999987,17,2233.4500000000007,2opt,notBad
8021,30,2392.6499999999987,17,2233.4500000000007,move,improve
8022,30,2392.6499999999987,17,2233.4500000000007,move,improve
8023,30,2392.6499999999987,17,2233.4500000000007,2opt,notBad
8024,30,2392.6499999999987,17,2233.4500000000007,move,improve
8025,30,2392.6499999999987,17,2233.4500000000007,move,improve
8026,30,2392.6499999999987,17,2233.4500000000007,swap,notBad
8027,30,2392.6499999999987,17,2233.4500000000007,move,improve
8028,30,2392.6499999999987,17,2233.4500000000007,2opt,notBad
8029,30,2392.6499999999987,17,2233.4500000000007,move,improve
8030,30,2392.6499999999987,17,2233.4500000000007,move,improve
8031,30,2392.6499999999987,17,2233.4500000000007,move,improve
8032,30,2392.6499999999987,17,2233.4500000000007,swap,notBad
8033,30,2392.6499999999987,17,2233.4500000000007,2opt,notBad
8034,30,2392.6499999999987,17,2233.4500000000007,move,improve
8035,30,2392.6499999999987,17,2233.4500000000007,swap,notBad
8036,30,2392.6499999999987,17,2233.4500000000007,swap,notBad
8037,30,2392.6499999999987,17,2233.4500000000007,swap,notBad
8038,30,2392.6499999999987,17,2233.4500000000007,2opt,notBad
8039,30,2392.6499999999987,17,2233.4500000000007,2opt,improve
8040,30,2392.6499999999987,17,2233.4500000000007,swap,notBad
8041,30,2392.6499999999987,17,2233.4500000000007,swap,notBad
8042,30,2392.6499999999987,17,2233.4500000000007,2opt,notBad
8043,30,2392.6499999999987,17,2233.4500000000007,move,improve
8044,30,2392.6499999999987,17,2233.4500000000007,2opt,notBad
8045,30,2392.6499999999987,17,2233.4500000000007,2opt,notBad
8046,30,2392.6499999999987,17,2233.4500000000007,swap,notBad
8047,30,2392.6499999999987,17,2233.4500000000007,swap,notBad
8048,30,2392.6499999999987,17,2233.4500000000007,2opt,notBad
8049,30,2392.6499999999987,17,2233.4500000000007,move,improve
8050,30,2392.6499999999987,17,2233.4500000000007,swap,notBad
8051,30,2392.6499999999987,17,2233.4500000000007,2opt,notBad
8052,30,2392.6499999999987,17,2233.4500000000007,2opt,notBad
8053,30,2392.6499999999987,17,2233.4500000000007,2opt,notBad
8054,30,2392.6499999999987,17,2233.4500000000007,swap,notBad
8055,30,2392.6499999999987,17,2233.4500000000007,swap,notBad
8056,30,2392.6499999999987,17,2233.4500000000007,2opt,notBad
8057,30,2392.6499999999987,17,2233.4500000000007,swap,notBad
8058,30,2392.6499999999987,17,2233.4500000000007,swap,notBad
8059,30,2392.6499999999987,17,2233.4500000000007,move,improve
8060,30,2392.6499999999987,17,2233.4500000000007,move,improve
8061,30,2392.6499999999987,17,2233.4500000000007,move,improve
8062,30,2392.6499999999987,17,2233.4500000000007,swap,notBad
8063,30,2392.6499999999987,17,2233.4500000000007,2opt,notBad
8064,30,2392.6499999999987,17,2233.4500000000007,2opt,notBad
8065,30,2392.6499999999987,17,2233.4500000000007,move,improve
8066,30,2392.6499999999987,17,2233.4500000000007,2opt,notBad
8067,30,2392.6499999999987,17,2233.4500000000007,2opt,notBad
8068,30,2406.2999999999993,17,2233.4500000000007,swap,acceptBad
8069,30,2406.2999999999993,17,2233.4500000000007,2opt,notBad
8070,30,2406.2999999999993,17,2233.4500000000007,move,improve
8071,30,2406.2999999999993,17,2233.4500000000007,swap,notBad
8072,30,2406.2999999999993,17,2233.4500000000007,swap,notBad
8073,30,2406.2999999999993,17,2233.4500000000007,2opt,notBad
8074,30,2406.2999999999993,17,2233.4500000000007,move,improve
8075,30,2406.2999999999993,17,2233.4500000000007,swap,notBad
8076,30,2406.2999999999993,17,2233.4500000000007,move,improve
8077,30,2406.2999999999993,17,2233.4500000000007,swap,notBad
8078,30,2406.2999999999993,17,2233.4500000000007,2opt,notBad
8079,30,2382.449999999999,17,2233.4500000000007,move,improve
8080,30,2382.449999999999,17,2233.4500000000007,move,improve
8081,30,2382.449999999999,17,2233.4500000000007,swap,notBad
8082,30,2382.449999999999,17,2233.4500000000007,move,improve
8083,30,2382.449999999999,17,2233.4500000000007,swap,notBad
8084,30,2382.449999999999,17,2233.4500000000007,swap,notBad
8085,30,2382.449999999999,17,2233.4500000000007,2opt,notBad
8086,30,2382.449999999999,17,2233.4500000000007,swap,notBad
8087,30,2382.449999999999,17,2233.4500000000007,2opt,notBad
8088,30,2382.449999999999,17,2233.4500000000007,move,improve
8089,30,2382.449999999999,17,2233.4500000000007,swap,notBad
8090,30,2382.449999999999,17,2233.4500000000007,move,improve
8091,30,2382.449999999999,17,2233.4500000000007,swap,notBad
8092,30,2382.449999999999,17,2233.4500000000007,move,improve
8093,30,2382.449999999999,17,2233.4500000000007,swap,notBad
8094,30,2382.449999999999,17,2233.4500000000007,2opt,improve
8095,30,2382.449999999999,17,2233.4500000000007,swap,notBad
8096,30,2382.449999999999,17,2233.4500000000007,move,improve
8097,30,2382.449999999999,17,2233.4500000000007,2opt,notBad
8098,30,2382.449999999999,17,2233.4500000000007,move,notBad
8099,30,2382.449999999999,17,2233.4500000000007,move,improve
8100,30,2382.449999999999,17,2233.4500000000007,move,improve
8101,30,2382.449999999999,17,2233.4500000000007,move,improve
8102,30,2382.449999999999,17,2233.4500000000007,2opt,notBad
8103,30,2382.449999999999,17,2233.4500000000007,2opt,notBad
8104,30,2382.449999999999,17,2233.4500000000007,swap,notBad
8105,30,2382.449999999999,17,2233.4500000000007,2opt,notBad
8106,30,2382.5999999999985,17,2233.4500000000007,2opt,acceptBad
8107,30,2382.5999999999985,17,2233.4500000000007,swap,notBad
8108,30,2380.8499999999995,17,2233.4500000000007,move,improve
8109,30,2380.8499999999995,17,2233.4500000000007,swap,notBad
8110,30,2380.8499999999995,17,2233.4500000000007,swap,notBad
8111,30,2380.8499999999995,17,2233.4500000000007,2opt,notBad
8112,30,2380.8499999999995,17,2233.4500000000007,swap,notBad
8113,30,2380.8499999999995,17,2233.4500000000007,2opt,notBad
8114,30,2380.8499999999995,17,2233.4500000000007,move,improve
8115,30,2380.8499999999995,17,2233.4500000000007,2opt,notBad
8116,30,2380.8499999999995,17,2233.4500000000007,2opt,improve
8117,30,2380.8499999999995,17,2233.4500000000007,2opt,notBad
8118,30,2380.8499999999995,17,2233.4500000000007,swap,notBad
8119,30,2380.8499999999995,17,2233.4500000000007,swap,notBad
8120,30,2380.8499999999995,17,2233.4500000000007,2opt,improve
8121,30,2380.8499999999995,17,2233.4500000000007,move,improve
8122,30,2380.8499999999995,17,2233.4500000000007,move,improve
8123,30,2380.8499999999995,17,2233.4500000000007,2opt,notBad
8124,30,2380.8499999999995,17,2233.4500000000007,move,improve
8125,30,2380.8499999999995,17,2233.4500000000007,swap,notBad
8126,30,2380.8499999999995,17,2233.4500000000007,move,improve
8127,30,2380.8499999999995,17,2233.4500000000007,swap,notBad
8128,30,2380.8499999999995,17,2233.4500000000007,swap,notBad
8129,30,2380.8499999999995,17,2233.4500000000007,swap,notBad
8130,30,2380.8499999999995,17,2233.4500000000007,2opt,notBad
8131,30,2380.8499999999995,17,2233.4500000000007,2opt,notBad
8132,30,2380.8499999999995,17,2233.4500000000007,2opt,notBad
8133,30,2361.0499999999993,17,2233.4500000000007,swap,improve
8134,30,2361.0499999999993,17,2233.4500000000007,move,improve
8135,30,2361.0499999999993,17,2233.4500000000007,2opt,improve
8136,30,2361.0499999999993,17,2233.4500000000007,move,improve
8137,30,2361.0499999999993,17,2233.4500000000007,swap,notBad
8138,30,2361.0499999999993,17,2233.4500000000007,move,notBad
8139,30,2361.0499999999993,17,2233.4500000000007,move,improve
8140,30,2361.0499999999993,17,2233.4500000000007,swap,notBad
8141,30,2361.0499999999993,17,2233.4500000000007,swap,notBad
8142,30,2361.0499999999993,17,2233.4500000000007,swap,notBad
8143,30,2361.0499999999993,17,2233.4500000000007,swap,notBad
8144,30,2361.0499999999993,17,2233.4500000000007,2opt,notBad
8145,30,2361.0499999999993,17,2233.4500000000007,2opt,notBad
8146,30,2361.0499999999993,17,2233.4500000000007,move,improve
8147,30,2361.0499999999993,17,2233.4500000000007,swap,notBad
8148,30,2361.0499999999993,17,2233.4500000000007,move,improve
8149,30,2361.0499999999993,17,2233.4500000000007,swap,notBad
8150,30,2361.0499999999993,17,2233.4500000000007,move,improve
8151,30,2361.0499999999993,17,2233.4500000000007,2opt,notBad
8152,30,2361.0499999999993,17,2233.4500000000007,swap,notBad
8153,30,2361.0499999999993,17,2233.4500000000007,move,improve
8154,30,2361.0499999999993,17,2233.4500000000007,move,improve
8155,30,2361.0499999999993,17,2233.4500000000007,2opt,notBad
8156,30,2361.0499999999993,17,2233.4500000000007,2opt,notBad
8157,30,2361.0499999999993,17,2233.4500000000007,move,improve
8158,30,2361.0499999999993,17,2233.4500000000007,move,improve
8159,30,2361.0499999999993,17,2233.4500000000007,move,improve
8160,30,2361.0499999999993,17,2233.4500000000007,swap,notBad
8161,30,2361.0499999999993,17,2233.4500000000007,2opt,notBad
8162,30,2361.0499999999993,17,2233.4500000000007,swap,notBad
8163,30,2361.0499999999993,17,2233.4500000000007,2opt,improve
8164,30,2361.0499999999993,17,2233.4500000000007,move,improve
8165,30,2361.0499999999993,17,2233.4500000000007,move,improve
8166,30,2361.0499999999993,17,2233.4500000000007,swap,notBad
8167,30,2361.0499999999993,17,2233.4500000000007,swap,notBad
8168,30,2361.0499999999993,17,2233.4500000000007,swap,notBad
8169,30,2361.0499999999993,17,2233.4500000000007,move,improve
8170,30,2361.0499999999993,17,2233.4500000000007,swap,notBad
8171,30,2361.0499999999993,17,2233.4500000000007,swap,notBad
8172,30,2361.0499999999993,17,2233.4500000000007,swap,notBad
8173,30,2361.0499999999993,17,2233.4500000000007,2opt,notBad
8174,30,2361.0499999999993,17,2233.4500000000007,move,improve
8175,30,2361.0499999999993,17,2233.4500000000007,2opt,notBad
8176,30,2361.0499999999993,17,2233.4500000000007,move,improve
8177,30,2361.0499999999993,17,2233.4500000000007,move,improve
8178,30,2361.0499999999993,17,2233.4500000000007,2opt,notBad
8179,30,2361.0499999999993,17,2233.4500000000007,move,improve
8180,30,2361.0499999999993,17,2233.4500000000007,swap,notBad
8181,30,2361.0499999999993,17,2233.4500000000007,swap,notBad
8182,30,2361.0499999999993,17,2233.4500000000007,move,improve
8183,30,2361.0499999999993,17,2233.4500000000007,2opt,notBad
8184,30,2361.0499999999993,17,2233.4500000000007,2opt,notBad
8185,30,2361.0499999999993,17,2233.4500000000007,2opt,notBad
8186,30,2361.0499999999993,17,2233.4500000000007,swap,notBad
8187,30,2361.0499999999993,17,2233.4500000000007,2opt,notBad
8188,30,2361.0499999999993,17,2233.4500000000007,move,improve
8189,30,2361.0499999999993,17,2233.4500000000007,2opt,notBad
8190,30,2361.0499999999993,17,2233.4500000000007,swap,notBad
8191,30,2361.0499999999993,17,2233.4500000000007,2opt,improve
8192,30,2361.0499999999993,17,2233.4500000000007,move,improve
8193,30,2361.0499999999993,17,2233.4500000000007,move,improve
8194,30,2361.0499999999993,17,2233.4500000000007,swap,notBad
8195,30,2361.0499999999993,17,2233.4500000000007,2opt,notBad
8196,30,2361.0499999999993,17,2233.4500000000007,move,improve
8197,30,2361.0499999999993,17,2233.4500000000007,move,improve
8198,30,2361.0499999999993,17,2233.4500000000007,move,improve
8199,30,2361.0499999999993,17,2233.4500000000007,move,improve
8200,30,2361.0499999999993,17,2233.4500000000007,swap,notBad
8201,30,2361.0499999999993,17,2233.4500000000007,swap,notBad
8202,30,2361.0499999999993,17,2233.4500000000007,swap,notBad
8203,30,2361.0499999999993,17,2233.4500000000007,move,improve
8204,30,2369.099999999999,17,2233.4500000000007,swap,acceptBad
8205,30,2369.099999999999,17,2233.4500000000007,swap,notBad
8206,30,2369.099999999999,17,2233.4500000000007,swap,notBad
8207,30,2369.099999999999,17,2233.4500000000007,2opt,notBad
8208,30,2369.099999999999,17,2233.4500000000007,2opt,notBad
8209,30,2369.099999999999,17,2233.4500000000007,move,improve
8210,30,2369.099999999999,17,2233.4500000000007,2opt,notBad
8211,30,2369.099999999999,17,2233.4500000000007,2opt,notBad
8212,30,2369.099999999999,17,2233.4500000000007,swap,notBad
8213,30,2369.099999999999,17,2233.4500000000007,swap,notBad
8214,30,2369.099999999999,17,2233.4500000000007,swap,notBad
8215,30,2369.099999999999,17,2233.4500000000007,move,improve
8216,30,2369.099999999999,17,2233.4500000000007,swap,notBad
8217,30,2369.099999999999,17,2233.4500000000007,swap,notBad
8218,30,2369.099999999999,17,2233.4500000000007,move,improve
8219,30,2369.099999999999,17,2233.4500000000007,move,improve
8220,30,2369.099999999999,17,2233.4500000000007,2opt,notBad
8221,30,2369.099999999999,17,2233.4500000000007,move,improve
8222,30,2369.099999999999,17,2233.4500000000007,2opt,notBad
8223,30,2369.099999999999,17,2233.4500000000007,2opt,improve
8224,30,2369.099999999999,17,2233.4500000000007,2opt,notBad
8225,30,2369.099999999999,17,2233.4500000000007,swap,notBad
8226,30,2369.099999999999,17,2233.4500000000007,2opt,notBad
8227,30,2369.099999999999,17,2233.4500000000007,2opt,notBad
8228,30,2369.099999999999,17,2233.4500000000007,swap,notBad
8229,30,2369.099999999999,17,2233.4500000000007,2opt,notBad
8230,30,2369.099999999999,17,2233.4500000000007,2opt,notBad
8231,30,2369.099999999999,17,2233.4500000000007,move,improve
8232,30,2368.899999999999,17,2233.4500000000007,move,improve
8233,30,2368.899999999999,17,2233.4500000000007,move,improve
8234,30,2368.899999999999,17,2233.4500000000007,2opt,notBad
8235,30,2368.899999999999,17,2233.4500000000007,move,improve
8236,30,2368.899999999999,17,2233.4500000000007,move,improve
8237,30,2368.899999999999,17,2233.4500000000007,move,improve
8238,30,2368.899999999999,17,2233.4500000000007,swap,notBad
8239,30,2368.899999999999,17,2233.4500000000007,move,improve
8240,30,2368.899999999999,17,2233.4500000000007,move,improve
8241,30,2368.899999999999,17,2233.4500000000007,swap,notBad
8242,30,2368.899999999999,17,2233.4500000000007,move,improve
8243,30,2368.899999999999,17,2233.4500000000007,swap,notBad
8244,30,2368.899999999999,17,2233.4500000000007,swap,notBad
8245,30,2368.899999999999,17,2233.4500000000007,2opt,notBad
8246,30,2368.899999999999,17,2233.4500000000007,swap,notBad
8247,30,2368.899999999999,17,2233.4500000000007,move,improve
8248,30,2368.899999999999,17,2233.4500000000007,move,improve
8249,30,2368.899999999999,17,2233.4500000000007,2opt,notBad
8250,30,2368.899999999999,17,2233.4500000000007,swap,notBad
8251,30,2368.899999999999,17,2233.4500000000007,move,improve
8252,30,2368.899999999999,17,2233.4500000000007,move,improve
8253,30,2368.899999999999,17,2233.4500000000007,2opt,notBad
8254,30,2368.899999999999,17,2233.4500000000007,move,improve
8255,30,2368.899999999999,17,2233.4500000000007,2opt,notBad
8256,30,2368.899999999999,17,2233.4500000000007,2opt,notBad
8257,30,2368.899999999999,17,2233.4500000000007,move,improve
8258,30,2368.899999999999,17,2233.4500000000007,swap,notBad
8259,30,2368.899999999999,17,2233.4500000000007,2opt,notBad
8260,30,2368.899999999999,17,2233.4500000000007,move,improve
8261,30,2368.899999999999,17,2233.4500000000007,2opt,notBad
8262,30,2368.899999999999,17,2233.4500000000007,swap,notBad
8263,30,2368.899999999999,17,2233.4500000000007,2opt,notBad
8264,30,2368.899999999999,17,2233.4500000000007,2opt,notBad
8265,30,2368.899999999999,17,2233.4500000000007,move,improve
8266,30,2368.899999999999,17,2233.4500000000007,swap,notBad
8267,30,2368.899999999999,17,2233.4500000000007,2opt,notBad
8268,30,2368.899999999999,17,2233.4500000000007,swap,notBad
8269,30,2368.899999999999,17,2233.4500000000007,swap,notBad
8270,30,2368.899999999999,17,2233.4500000000007,swap,notBad
8271,30,2368.899999999999,17,2233.4500000000007,swap,notBad
8272,30,2368.899999999999,17,2233.4500000000007,swap,notBad
8273,30,2368.899999999999,17,2233.4500000000007,move,improve
8274,30,2368.899999999999,17,2233.4500000000007,move,improve
8275,30,2368.899999999999,17,2233.4500000000007,2opt,improve
8276,30,2368.899999999999,17,2233.4500000000007,2opt,notBad
8277,30,2368.899999999999,17,2233.4500000000007,move,improve
8278,30,2368.899999999999,17,2233.4500000000007,move,improve
8279,30,2368.899999999999,17,2233.4500000000007,2opt,notBad
8280,30,2368.899999999999,17,2233.4500000000007,move,improve
8281,30,2368.899999999999,17,2233.4500000000007,move,improve
8282,30,2368.899999999999,17,2233.4500000000007,2opt,notBad
8283,30,2368.899999999999,17,2233.4500000000007,swap,notBad
8284,30,2368.899999999999,17,2233.4500000000007,2opt,notBad
8285,30,2368.899999999999,17,2233.4500000000007,2opt,notBad
8286,30,2368.899999999999,17,2233.4500000000007,move,improve
8287,30,2368.899999999999,17,2233.4500000000007,2opt,notBad
8288,30,2368.899999999999,17,2233.4500000000007,swap,notBad
8289,30,2368.899999999999,17,2233.4500000000007,2opt,notBad
8290,30,2368.899999999999,17,2233.4500000000007,2opt,notBad
8291,30,2368.899999999999,17,2233.4500000000007,2opt,notBad
8292,30,2368.899999999999,17,2233.4500000000007,swap,notBad
8293,30,2368.899999999999,17,2233.4500000000007,swap,notBad
8294,30,2368.899999999999,17,2233.4500000000007,move,improve
8295,30,2368.899999999999,17,2233.4500000000007,swap,notBad
8296,30,2368.899999999999,17,2233.4500000000007,2opt,notBad
8297,30,2368.899999999999,17,2233.4500000000007,2opt,notBad
8298,30,2368.899999999999,17,2233.4500000000007,2opt,improve
8299,30,2368.899999999999,17,2233.4500000000007,move,improve
8300,30,2368.899999999999,17,2233.4500000000007,swap,notBad
8301,30,2368.899999999999,17,2233.4500000000007,move,improve
8302,30,2368.899999999999,17,2233.4500000000007,2opt,notBad
8303,30,2368.899999999999,17,2233.4500000000007,2opt,notBad
8304,30,2377.1999999999994,17,2233.4500000000007,swap,acceptBad
8305,30,2377.1999999999994,17,2233.4500000000007,2opt,notBad
8306,30,2377.1999999999994,17,2233.4500000000007,swap,notBad
8307,30,2377.1999999999994,17,2233.4500000000007,2opt,notBad
8308,30,2377.1999999999994,17,2233.4500000000007,2opt,notBad
8309,30,2377.1999999999994,17,2233.4500000000007,2opt,notBad
8310,30,2377.1999999999994,17,2233.4500000000007,move,improve
8311,30,2377.1999999999994,17,2233.4500000000007,swap,notBad
8312,30,2377.1999999999994,17,2233.4500000000007,move,improve
8313,30,2377.1999999999994,17,2233.4500000000007,2opt,notBad
8314,30,2377.1999999999994,17,2233.4500000000007,swap,notBad
8315,30,2377.1999999999994,17,2233.4500000000007,swap,notBad
8316,30,2377.1999999999994,17,2233.4500000000007,move,improve
8317,30,2377.1999999999994,17,2233.4500000000007,move,improve
8318,30,2377.1999999999994,17,2233.4500000000007,move,improve
8319,30,2377.1999999999994,17,2233.4500000000007,2opt,notBad
8320,30,2377.1999999999994,17,2233.4500000000007,2opt,improve
8321,30,2377.1999999999994,17,2233.4500000000007,move,improve
8322,30,2377.1999999999994,17,2233.4500000000007,2opt,notBad
8323,30,2377.1999999999994,17,2233.4500000000007,swap,notBad
8324,30,2377.1999999999994,17,2233.4500000000007,move,improve
8325,30,2377.1999999999994,17,2233.4500000000007,2opt,notBad
8326,30,2385.099999999999,17,2233.4500000000007,swap,acceptBad
8327,30,2385.099999999999,17,2233.4500000000007,move,improve
8328,30,2385.099999999999,17,2233.4500000000007,2opt,improve
8329,30,2385.099999999999,17,2233.4500000000007,2opt,notBad
8330,30,2385.099999999999,17,2233.4500000000007,move,improve
8331,30,2394.099999999999,17,2233.4500000000007,swap,acceptBad
8332,30,2394.099999999999,17,2233.4500000000007,swap,notBad
8333,30,2394.099999999999,17,2233.4500000000007,move,improve
8334,30,2394.099999999999,17,2233.4500000000007,swap,notBad
8335,30,2394.099999999999,17,2233.4500000000007,swap,notBad
8336,30,2394.099999999999,17,2233.4500000000007,move,improve
8337,30,2394.099999999999,17,2233.4500000000007,move,improve
8338,30,2394.099999999999,17,2233.4500000000007,move,improve
8339,30,2394.099999999999,17,2233.4500000000007,2opt,notBad
8340,30,2394.099999999999,17,2233.4500000000007,move,improve
8341,30,2394.099999999999,17,2233.4500000000007,swap,notBad
8342,30,2394.099999999999,17,2233.4500000000007,2opt,notBad
8343,30,2394.099999999999,17,2233.4500000000007,2opt,notBad
8344,30,2394.099999999999,17,2233.4500000000007,move,improve
8345,30,2394.099999999999,17,2233.4500000000007,move,improve
8346,30,2394.099999999999,17,2233.4500000000007,swap,notBad
8347,30,2394.099999999999,17,2233.4500000000007,swap,notBad
8348,30,2394.099999999999,17,2233.4500000000007,swap,notBad
8349,30,2394.099999999999,17,2233.4500000000007,move,improve
8350,30,2394.099999999999,17,2233.4500000000007,2opt,notBad
8351,30,2394.099999999999,17,2233.4500000000007,2opt,notBad
8352,30,2394.099999999999,17,2233.4500000000007,move,improve
8353,30,2394.099999999999,17,2233.4500000000007,swap,notBad
8354,30,2394.099999999999,17,2233.4500000000007,move,improve
8355,30,2394.099999999999,17,2233.4500000000007,swap,notBad
8356,30,2394.099999999999,17,2233.4500000000007,2opt,improve
8357,30,2394.099999999999,17,2233.4500000000007,swap,notBad
8358,30,2394.099999999999,17,2233.4500000000007,2opt,notBad
8359,30,2394.099999999999,17,2233.4500000000007,swap,notBad
8360,30,2394.099999999999,17,2233.4500000000007,move,improve
8361,30,2394.099999999999,17,2233.4500000000007,move,improve
8362,30,2394.099999999999,17,2233.4500000000007,move,improve
8363,30,2394.099999999999,17,2233.4500000000007,2opt,notBad
8364,30,2394.099999999999,17,2233.4500000000007,swap,notBad
8365,30,2394.099999999999,17,2233.4500000000007,2opt,notBad
8366,30,2394.099999999999,17,2233.4500000000007,2opt,notBad
8367,30,2394.099999999999,17,2233.4500000000007,2opt,notBad
8368,30,2394.099999999999,17,2233.4500000000007,move,improve
8369,30,2394.099999999999,17,2233.4500000000007,swap,notBad
8370,30,2394.099999999999,17,2233.4500000000007,swap,notBad
8371,30,2394.099999999999,17,2233.4500000000007,2opt,notBad
8372,30,2394.099999999999,17,2233.4500000000007,move,improve
8373,30,2394.099999999999,17,2233.4500000000007,move,improve
8374,30,2394.099999999999,17,2233.4500000000007,2opt,notBad
8375,30,2394.099999999999,17,2233.4500000000007,move,improve
8376,30,2394.099999999999,17,2233.4500000000007,swap,notBad
8377,30,2394.099999999999,17,2233.4500000000007,2opt,notBad
8378,30,2394.099999999999,17,2233.4500000000007,2opt,notBad
8379,30,2394.099999999999,17,2233.4500000000007,swap,notBad
8380,30,2394.099999999999,17,2233.4500000000007,swap,notBad
8381,30,2380.2999999999993,17,2233.4500000000007,move,improve
8382,30,2375.5999999999995,17,2233.4500000000007,swap,improve
8383,30,2375.5999999999995,17,2233.4500000000007,swap,notBad
8384,30,2375.5999999999995,17,2233.4500000000007,swap,notBad
8385,30,2375.5999999999995,17,2233.4500000000007,move,improve
8386,30,2375.5999999999995,17,2233.4500000000007,2opt,notBad
8387,30,2375.5999999999995,17,2233.4500000000007,swap,notBad
8388,30,2375.5999999999995,17,2233.4500000000007,move,improve
8389,30,2375.5999999999995,17,2233.4500000000007,move,improve
8390,30,2375.5999999999995,17,2233.4500000000007,2opt,notBad
8391,30,2375.5999999999995,17,2233.4500000000007,2opt,notBad
8392,30,2375.5999999999995,17,2233.4500000000007,2opt,notBad
8393,30,2375.5999999999995,17,2233.4500000000007,2opt,notBad
8394,30,2375.5999999999995,17,2233.4500000000007,move,improve
8395,30,2375.5999999999995,17,2233.4500000000007,move,improve
8396,30,2375.5999999999995,17,2233.4500000000007,2opt,notBad
8397,30,2375.5999999999995,17,2233.4500000000007,move,improve
8398,30,2375.5999999999995,17,2233.4500000000007,swap,notBad
8399,30,2375.5999999999995,17,2233.4500000000007,swap,notBad
8400,30,2367.9999999999995,17,2233.4500000000007,move,improve
8401,30,2367.9999999999995,17,2233.4500000000007,swap,notBad
8402,30,2367.9999999999995,17,2233.4500000000007,move,improve
8403,30,2367.9999999999995,17,2233.4500000000007,move,improve
8404,30,2367.9999999999995,17,2233.4500000000007,swap,notBad
8405,30,2367.9999999999995,17,2233.4500000000007,2opt,notBad
8406,30,2367.9999999999995,17,2233.4500000000007,swap,notBad
8407,30,2367.9999999999995,17,2233.4500000000007,2opt,notBad
8408,30,2367.9999999999995,17,2233.4500000000007,move,improve
8409,30,2367.9999999999995,17,2233.4500000000007,swap,notBad
8410,30,2367.9999999999995,17,2233.4500000000007,move,improve
8411,30,2367.9999999999995,17,2233.4500000000007,swap,notBad
8412,30,2367.9999999999995,17,2233.4500000000007,swap,notBad
8413,30,2367.9999999999995,17,2233.4500000000007,swap,notBad
8414,30,2367.9999999999995,17,2233.4500000000007,swap,notBad
8415,30,2367.9999999999995,17,2233.4500000000007,move,improve
8416,30,2367.9999999999995,17,2233.4500000000007,move,improve
8417,30,2367.9999999999995,17,2233.4500000000007,swap,notBad
8418,30,2367.9999999999995,17,2233.4500000000007,2opt,notBad
8419,30,2367.9999999999995,17,2233.4500000000007,2opt,notBad
8420,30,2367.9999999999995,17,2233.4500000000007,swap,notBad
8421,30,2367.9999999999995,17,2233.4500000000007,move,improve
8422,30,2367.9999999999995,17,2233.4500000000007,swap,notBad
8423,30,2367.9999999999995,17,2233.4500000000007,swap,notBad
8424,30,2367.9999999999995,17,2233.4500000000007,swap,notBad
8425,30,2367.9999999999995,17,2233.4500000000007,swap,notBad
8426,30,2367.9999999999995,17,2233.4500000000007,move,improve
8427,30,2367.9999999999995,17,2233.4500000000007,2opt,notBad
8428,30,2367.9999999999995,17,2233.4500000000007,move,improve
8429,30,2367.9999999999995,17,2233.4500000000007,move,improve
8430,30,2367.9999999999995,17,2233.4500000000007,swap,notBad
8431,30,2367.9999999999995,17,2233.4500000000007,move,improve
8432,30,2367.9999999999995,17,2233.4500000000007,swap,notBad
8433,30,2367.9999999999995,17,2233.4500000000007,move,improve
8434,30,2367.9999999999995,17,2233.4500000000007,2opt,notBad
8435,30,2367.9999999999995,17,2233.4500000000007,move,improve
8436,30,2367.9999999999995,17,2233.4500000000007,2opt,notBad
8437,30,2367.9999999999995,17,2233.4500000000007,move,improve
8438,30,2367.9999999999995,17,2233.4500000000007,swap,notBad
8439,30,2367.9999999999995,17,2233.4500000000007,swap,notBad
8440,30,2367.9999999999995,17,2233.4500000000007,2opt,notBad
8441,30,2367.9999999999995,17,2233.4500000000007,2opt,notBad
8442,30,2367.9999999999995,17,2233.4500000000007,swap,notBad
8443,30,2367.9999999999995,17,2233.4500000000007,swap,notBad
8444,30,2367.9999999999995,17,2233.4500000000007,2opt,notBad
8445,30,2367.9999999999995,17,2233.4500000000007,2opt,notBad
8446,30,2367.9999999999995,17,2233.4500000000007,move,improve
8447,30,2367.9999999999995,17,2233.4500000000007,2opt,notBad
8448,30,2367.9999999999995,17,2233.4500000000007,move,notBad
8449,30,2367.9999999999995,17,2233.4500000000007,swap,notBad
8450,30,2367.9999999999995,17,2233.4500000000007,2opt,notBad
8451,30,2367.9999999999995,17,2233.4500000000007,swap,notBad
8452,30,2367.9999999999995,17,2233.4500000000007,move,improve
8453,30,2367.9999999999995,17,2233.4500000000007,2opt,notBad
8454,30,2367.9999999999995,17,2233.4500000000007,move,improve
8455,30,2367.9999999999995,17,2233.4500000000007,2opt,notBad
8456,30,2367.9999999999995,17,2233.4500000000007,move,improve
8457,30,2367.9999999999995,17,2233.4500000000007,swap,notBad
8458,30,2367.9999999999995,17,2233.4500000000007,2opt,notBad
8459,30,2367.9999999999995,17,2233.4500000000007,2opt,notBad
8460,30,2367.9999999999995,17,2233.4500000000007,move,improve
8461,30,2367.9999999999995,17,2233.4500000000007,swap,notBad
8462,30,2367.9999999999995,17,2233.4500000000007,swap,notBad
8463,30,2367.9999999999995,17,2233.4500000000007,move,improve
8464,30,2367.9999999999995,17,2233.4500000000007,swap,notBad
8465,30,2367.9999999999995,17,2233.4500000000007,2opt,notBad
8466,30,2367.9999999999995,17,2233.4500000000007,2opt,notBad
8467,30,2367.9999999999995,17,2233.4500000000007,swap,notBad
8468,30,2367.9999999999995,17,2233.4500000000007,swap,notBad
8469,30,2367.9999999999995,17,2233.4500000000007,move,improve
8470,30,2375.2999999999993,17,2233.4500000000007,swap,acceptBad
8471,30,2375.2999999999993,17,2233.4500000000007,move,improve
8472,30,2375.2999999999993,17,2233.4500000000007,move,improve
8473,30,2375.2999999999993,17,2233.4500000000007,move,improve
8474,30,2375.2999999999993,17,2233.4500000000007,move,improve
8475,30,2375.2999999999993,17,2233.4500000000007,swap,notBad
8476,30,2375.2999999999993,17,2233.4500000000007,swap,notBad
8477,30,2375.2999999999993,17,2233.4500000000007,swap,notBad
8478,30,2375.2999999999993,17,2233.4500000000007,move,improve
8479,30,2375.2999999999993,17,2233.4500000000007,2opt,notBad
8480,30,2375.2999999999993,17,2233.4500000000007,move,improve
8481,30,2375.2999999999993,17,2233.4500000000007,move,improve
8482,30,2375.2999999999993,17,2233.4500000000007,2opt,notBad
8483,30,2375.2999999999993,17,2233.4500000000007,move,improve
8484,30,2375.2999999999993,17,2233.4500000000007,move,improve
8485,30,2375.2999999999993,17,2233.4500000000007,move,improve
8486,30,2375.2999999999993,17,2233.4500000000007,2opt,notBad
8487,30,2375.2999999999993,17,2233.4500000000007,swap,notBad
8488,30,2375.2999999999993,17,2233.4500000000007,2opt,notBad
8489,30,2375.2999999999993,17,2233.4500000000007,move,improve
8490,30,2375.2999999999993,17,2233.4500000000007,swap,notBad
8491,30,2375.2999999999993,17,2233.4500000000007,move,improve
8492,30,2375.2999999999993,17,2233.4500000000007,2opt,notBad
8493,30,2375.2999999999993,17,2233.4500000000007,2opt,notBad
8494,30,2375.2999999999993,17,2233.4500000000007,move,improve
8495,30,2375.2999999999993,17,2233.4500000000007,2opt,notBad
8496,30,2375.2999999999993,17,2233.4500000000007,2opt,notBad
8497,30,2375.2999999999993,17,2233.4500000000007,move,improve
8498,30,2375.2999999999993,17,2233.4500000000007,move,improve
8499,30,2375.2999999999993,17,2233.4500000000007,2opt,notBad
8500,30,2375.2999999999993,17,2233.4500000000007,2opt,improve
8501,30,2375.2999999999993,17,2233.4500000000007,2opt,notBad
8502,30,2375.2999999999993,17,2233.4500000000007,move,improve
8503,30,2375.2999999999993,17,2233.4500000000007,2opt,notBad
8504,30,2375.2999999999993,17,2233.4500000000007,move,improve
8505,30,2375.2999999999993,17,2233.4500000000007,swap,notBad
8506,30,2375.2999999999993,17,2233.4500000000007,2opt,notBad
8507,30,2375.2999999999993,17,2233.4500000000007,swap,notBad
8508,30,2375.2999999999993,17,2233.4500000000007,swap,notBad
8509,30,2375.2999999999993,17,2233.4500000000007,2opt,notBad
8510,30,2375.2999999999993,17,2233.4500000000007,move,improve
8511,30,2375.2999999999993,17,2233.4500000000007,move,improve
8512,30,2375.2999999999993,17,2233.4500000000007,swap,notBad
8513,30,2375.2999999999993,17,2233.4500000000007,move,improve
8514,30,2375.2999999999993,17,2233.4500000000007,move,improve
8515,30,2375.2999999999993,17,2233.4500000000007,move,improve
8516,30,2375.2999999999993,17,2233.4500000000007,2opt,improve
8517,30,2375.2999999999993,17,2233.4500000000007,move,improve
8518,30,2375.2999999999993,17,2233.4500000000007,move,improve
8519,30,2375.2999999999993,17,2233.4500000000007,2opt,notBad
8520,30,2375.2999999999993,17,2233.4500000000007,swap,notBad
8521,30,2375.2999999999993,17,2233.4500000000007,move,improve
8522,30,2375.2999999999993,17,2233.4500000000007,2opt,notBad
8523,30,2375.2999999999993,17,2233.4500000000007,2opt,notBad
8524,30,2375.2999999999993,17,2233.4500000000007,2opt,notBad
8525,30,2375.2999999999993,17,2233.4500000000007,move,improve
8526,30,2375.2999999999993,17,2233.4500000000007,2opt,notBad
8527,30,2375.2999999999993,17,2233.4500000000007,swap,notBad
8528,30,2375.2999999999993,17,2233.4500000000007,swap,notBad
8529,30,2375.2999999999993,17,2233.4500000000007,2opt,notBad
8530,30,2375.2999999999993,17,2233.4500000000007,2opt,notBad
8531,30,2375.2999999999993,17,2233.4500000000007,move,improve
8532,30,2375.2999999999993,17,2233.4500000000007,swap,notBad
8533,30,2375.2999999999993,17,2233.4500000000007,swap,notBad
8534,30,2375.2999999999993,17,2233.4500000000007,swap,notBad
8535,30,2375.2999999999993,17,2233.4500000000007,2opt,notBad
8536,30,2375.2999999999993,17,2233.4500000000007,2opt,improve
8537,30,2375.2999999999993,17,2233.4500000000007,2opt,notBad
8538,30,2375.2999999999993,17,2233.4500000000007,swap,notBad
8539,30,2375.2999999999993,17,2233.4500000000007,move,improve
8540,30,2367.9999999999995,17,2233.4500000000007,move,improve
8541,30,2367.9999999999995,17,2233.4500000000007,move,improve
8542,30,2367.9999999999995,17,2233.4500000000007,move,improve
8543,30,2369.9999999999986,17,2233.4500000000007,2opt,acceptBad
8544,30,2369.9999999999986,17,2233.4500000000007,swap,notBad
8545,30,2369.9999999999986,17,2233.4500000000007,swap,notBad
8546,30,2369.9999999999986,17,2233.4500000000007,move,improve
8547,30,2369.9999999999986,17,2233.4500000000007,move,improve
8548,30,2369.9999999999986,17,2233.4500000000007,swap,notBad
8549,30,2369.9999999999986,17,2233.4500000000007,swap,notBad
8550,30,2369.9999999999986,17,2233.4500000000007,move,improve
8551,30,2369.9999999999986,17,2233.4500000000007,swap,notBad
8552,30,2369.9999999999986,17,2233.4500000000007,2opt,notBad
8553,30,2369.9999999999986,17,2233.4500000000007,swap,notBad
8554,30,2369.9999999999986,17,2233.4500000000007,swap,notBad
8555,30,2369.9999999999986,17,2233.4500000000007,2opt,notBad
8556,30,2369.9999999999986,17,2233.4500000000007,swap,notBad
8557,30,2369.9999999999986,17,2233.4500000000007,swap,notBad
8558,30,2369.9999999999986,17,2233.4500000000007,move,improve
8559,30,2369.9999999999986,17,2233.4500000000007,2opt,notBad
8560,30,2369.9999999999986,17,2233.4500000000007,swap,notBad
8561,30,2369.9999999999986,17,2233.4500000000007,swap,notBad
8562,30,2369.9999999999986,17,2233.4500000000007,swap,notBad
8563,30,2369.9999999999986,17,2233.4500000000007,2opt,improve
8564,30,2369.9999999999986,17,2233.4500000000007,2opt,notBad
8565,30,2369.9999999999986,17,2233.4500000000007,move,improve
8566,30,2369.9999999999986,17,2233.4500000000007,2opt,notBad
8567,30,2369.9999999999986,17,2233.4500000000007,2opt,notBad
8568,30,2369.9999999999986,17,2233.4500000000007,swap,notBad
8569,30,2369.9999999999986,17,2233.4500000000007,move,improve
8570,30,2369.9999999999986,17,2233.4500000000007,swap,notBad
8571,30,2369.9999999999986,17,2233.4500000000007,2opt,notBad
8572,30,2369.9999999999986,17,2233.4500000000007,swap,notBad
8573,30,2369.9999999999986,17,2233.4500000000007,move,improve
8574,30,2369.9999999999986,17,2233.4500000000007,move,improve
8575,30,2369.9999999999986,17,2233.4500000000007,swap,notBad
8576,30,2369.9999999999986,17,2233.4500000000007,2opt,notBad
8577,30,2369.9999999999986,17,2233.4500000000007,swap,notBad
8578,30,2369.9999999999986,17,2233.4500000000007,2opt,improve
8579,30,2369.9999999999986,17,2233.4500000000007,2opt,notBad
8580,30,2369.9999999999986,17,2233.4500000000007,swap,notBad
8581,30,2369.9999999999986,17,2233.4500000000007,2opt,notBad
8582,30,2369.9999999999986,17,2233.4500000000007,move,improve
8583,30,2369.9999999999986,17,2233.4500000000007,swap,notBad
8584,30,2369.9999999999986,17,2233.4500000000007,swap,notBad
8585,30,2369.9999999999986,17,2233.4500000000007,move,improve
8586,30,2353.849999999999,17,2233.4500000000007,swap,improve
8587,30,2353.849999999999,17,2233.4500000000007,swap,notBad
8588,30,2353.849999999999,17,2233.4500000000007,swap,notBad
8589,30,2353.849999999999,17,2233.4500000000007,2opt,notBad
8590,30,2353.849999999999,17,2233.4500000000007,move,improve
8591,30,2353.849999999999,17,2233.4500000000007,2opt,notBad
8592,30,2353.849999999999,17,2233.4500000000007,move,improve
8593,30,2353.849999999999,17,2233.4500000000007,move,improve
8594,30,2353.849999999999,17,2233.4500000000007,2opt,notBad
8595,30,2353.849999999999,17,2233.4500000000007,2opt,notBad
8596,30,2353.849999999999,17,2233.4500000000007,2opt,notBad
8597,30,2353.849999999999,17,2233.4500000000007,swap,notBad
8598,30,2353.849999999999,17,2233.4500000000007,move,improve
8599,30,2353.849999999999,17,2233.4500000000007,swap,notBad
8600,30,2353.849999999999,17,2233.4500000000007,swap,notBad
8601,30,2353.849999999999,17,2233.4500000000007,swap,notBad
8602,30,2353.849999999999,17,2233.4500000000007,move,improve
8603,30,2353.849999999999,17,2233.4500000000007,swap,notBad
8604,30,2353.849999999999,17,2233.4500000000007,swap,notBad
8605,30,2353.849999999999,17,2233.4500000000007,2opt,notBad
8606,30,2353.849999999999,17,2233.4500000000007,2opt,notBad
8607,30,2353.849999999999,17,2233.4500000000007,swap,notBad
8608,30,2353.849999999999,17,2233.4500000000007,2opt,notBad
8609,30,2353.849999999999,17,2233.4500000000007,move,improve
8610,30,2353.849999999999,17,2233.4500000000007,2opt,notBad
8611,30,2353.849999999999,17,2233.4500000000007,move,improve
8612,30,2353.849999999999,17,2233.4500000000007,2opt,notBad
8613,30,2353.849999999999,17,2233.4500000000007,2opt,notBad
8614,30,2353.849999999999,17,2233.4500000000007,2opt,notBad
8615,30,2353.849999999999,17,2233.4500000000007,2opt,notBad
8616,30,2353.849999999999,17,2233.4500000000007,move,improve
8617,30,2353.849999999999,17,2233.4500000000007,move,improve
8618,30,2353.849999999999,17,2233.4500000000007,2opt,notBad
8619,30,2353.849999999999,17,2233.4500000000007,2opt,improve
8620,30,2353.849999999999,17,2233.4500000000007,move,improve
8621,30,2353.849999999999,17,2233.4500000000007,swap,notBad
8622,30,2353.849999999999,17,2233.4500000000007,move,improve
8623,30,2353.849999999999,17,2233.4500000000007,move,improve
8624,30,2353.849999999999,17,2233.4500000000007,2opt,notBad
8625,30,2353.849999999999,17,2233.4500000000007,move,improve
8626,30,2353.849999999999,17,2233.4500000000007,2opt,notBad
8627,30,2353.849999999999,17,2233.4500000000007,move,improve
8628,30,2353.849999999999,17,2233.4500000000007,move,improve
8629,30,2353.849999999999,17,2233.4500000000007,swap,notBad
8630,30,2353.849999999999,17,2233.4500000000007,swap,notBad
8631,30,2353.849999999999,17,2233.4500000000007,move,improve
8632,30,2353.849999999999,17,2233.4500000000007,swap,notBad
8633,30,2353.849999999999,17,2233.4500000000007,2opt,notBad
8634,30,2353.849999999999,17,2233.4500000000007,swap,notBad
8635,30,2353.849999999999,17,2233.4500000000007,move,improve
8636,30,2353.849999999999,17,2233.4500000000007,move,improve
8637,30,2353.849999999999,17,2233.4500000000007,2opt,notBad
8638,30,2353.849999999999,17,2233.4500000000007,move,improve
8639,30,2353.849999999999,17,2233.4500000000007,move,improve
8640,30,2353.849999999999,17,2233.4500000000007,2opt,notBad
8641,30,2353.849999999999,17,2233.4500000000007,2opt,notBad
8642,30,2353.849999999999,17,2233.4500000000007,2opt,notBad
8643,30,2353.849999999999,17,2233.4500000000007,move,improve
8644,30,2353.849999999999,17,2233.4500000000007,2opt,notBad
8645,30,2353.849999999999,17,2233.4500000000007,2opt,notBad
8646,30,2353.849999999999,17,2233.4500000000007,2opt,notBad
8647,30,2353.849999999999,17,2233.4500000000007,move,improve
8648,30,2353.849999999999,17,2233.4500000000007,swap,notBad
8649,30,2353.849999999999,17,2233.4500000000007,swap,notBad
8650,30,2353.849999999999,17,2233.4500000000007,move,improve
8651,30,2353.849999999999,17,2233.4500000000007,2opt,notBad
8652,30,2353.849999999999,17,2233.4500000000007,move,improve
8653,30,2353.849999999999,17,2233.4500000000007,2opt,notBad
8654,30,2353.849999999999,17,2233.4500000000007,2opt,notBad
8655,30,2353.849999999999,17,2233.4500000000007,move,improve
8656,30,2353.849999999999,17,2233.4500000000007,move,improve
8657,30,2353.849999999999,17,2233.4500000000007,swap,notBad
8658,30,2353.849999999999,17,2233.4500000000007,swap,notBad
8659,30,2353.849999999999,17,2233.4500000000007,swap,notBad
8660,30,2353.849999999999,17,2233.4500000000007,move,improve
8661,30,2353.849999999999,17,2233.4500000000007,move,improve
8662,30,2353.849999999999,17,2233.4500000000007,swap,notBad
8663,30,2353.849999999999,17,2233.4500000000007,2opt,notBad
8664,30,2353.849999999999,17,2233.4500000000007,move,improve
8665,30,2353.849999999999,17,2233.4500000000007,move,improve
8666,30,2353.849999999999,17,2233.4500000000007,swap,notBad
8667,30,2353.849999999999,17,2233.4500000000007,move,improve
8668,30,2353.849999999999,17,2233.4500000000007,swap,notBad
8669,30,2353.849999999999,17,2233.4500000000007,2opt,notBad
8670,30,2353.849999999999,17,2233.4500000000007,move,improve
8671,30,2353.849999999999,17,2233.4500000000007,2opt,notBad
8672,30,2353.849999999999,17,2233.4500000000007,move,improve
8673,30,2353.849999999999,17,2233.4500000000007,2opt,notBad
8674,30,2353.849999999999,17,2233.4500000000007,2opt,notBad
8675,30,2353.849999999999,17,2233.4500000000007,move,improve
8676,30,2353.849999999999,17,2233.4500000000007,swap,notBad
8677,30,2353.849999999999,17,2233.4500000000007,move,improve
8678,30,2353.849999999999,17,2233.4500000000007,2opt,notBad
8679,30,2353.849999999999,17,2233.4500000000007,swap,notBad
8680,30,2353.849999999999,17,2233.4500000000007,swap,notBad
8681,30,2353.849999999999,17,2233.4500000000007,2opt,notBad
8682,30,2353.849999999999,17,2233.4500000000007,swap,notBad
8683,30,2353.849999999999,17,2233.4500000000007,2opt,notBad
8684,30,2353.849999999999,17,2233.4500000000007,2opt,notBad
8685,30,2353.849999999999,17,2233.4500000000007,swap,notBad
8686,30,2353.849999999999,17,2233.4500000000007,swap,notBad
8687,30,2353.849999999999,17,2233.4500000000007,move,improve
8688,30,2353.849999999999,17,2233.4500000000007,swap,notBad
8689,30,2353.849999999999,17,2233.4500000000007,move,improve
8690,30,2353.849999999999,17,2233.4500000000007,swap,notBad
8691,30,2353.849999999999,17,2233.4500000000007,swap,notBad
8692,30,2353.849999999999,17,2233.4500000000007,2opt,improve
8693,30,2353.849999999999,17,2233.4500000000007,move,improve
8694,30,2353.849999999999,17,2233.4500000000007,2opt,notBad
8695,30,2353.849999999999,17,2233.4500000000007,swap,notBad
8696,30,2353.849999999999,17,2233.4500000000007,swap,notBad
8697,30,2353.849999999999,17,2233.4500000000007,2opt,notBad
8698,30,2353.849999999999,17,2233.4500000000007,2opt,notBad
8699,30,2353.849999999999,17,2233.4500000000007,swap,notBad
8700,30,2353.849999999999,17,2233.4500000000007,2opt,improve
8701,30,2353.849999999999,17,2233.4500000000007,swap,notBad
8702,30,2353.849999999999,17,2233.4500000000007,2opt,notBad
8703,30,2353.849999999999,17,2233.4500000000007,move,improve
8704,30,2353.849999999999,17,2233.4500000000007,swap,notBad
8705,30,2353.849999999999,17,2233.4500000000007,move,improve
8706,30,2353.849999999999,17,2233.4500000000007,swap,notBad
8707,30,2353.849999999999,17,2233.4500000000007,move,improve
8708,30,2353.849999999999,17,2233.4500000000007,2opt,notBad
8709,30,2353.849999999999,17,2233.4500000000007,move,improve
8710,30,2353.849999999999,17,2233.4500000000007,2opt,notBad
8711,30,2353.849999999999,17,2233.4500000000007,move,improve
8712,30,2353.849999999999,17,2233.4500000000007,2opt,notBad
8713,30,2353.849999999999,17,2233.4500000000007,2opt,notBad
8714,30,2353.849999999999,17,2233.4500000000007,swap,notBad
8715,30,2353.849999999999,17,2233.4500000000007,swap,notBad
8716,30,2353.849999999999,17,2233.4500000000007,swap,notBad
8717,30,2353.849999999999,17,2233.4500000000007,move,improve
8718,30,2353.849999999999,17,2233.4500000000007,2opt,notBad
8719,30,2353.849999999999,17,2233.4500000000007,swap,notBad
8720,30,2353.849999999999,17,2233.4500000000007,2opt,notBad
8721,30,2353.849999999999,17,2233.4500000000007,move,improve
8722,30,2353.849999999999,17,2233.4500000000007,move,improve
8723,30,2353.849999999999,17,2233.4500000000007,move,improve
8724,30,2353.849999999999,17,2233.4500000000007,swap,notBad
8725,30,2353.849999999999,17,2233.4500000000007,swap,notBad
8726,30,2353.849999999999,17,2233.4500000000007,swap,notBad
8727,30,2353.849999999999,17,2233.4500000000007,swap,notBad
8728,30,2353.849999999999,17,2233.4500000000007,2opt,notBad
8729,30,2353.849999999999,17,2233.4500000000007,2opt,notBad
8730,30,2353.849999999999,17,2233.4500000000007,move,improve
8731,30,2353.849999999999,17,2233.4500000000007,2opt,notBad
8732,30,2353.849999999999,17,2233.4500000000007,move,improve
8733,30,2353.849999999999,17,2233.4500000000007,swap,notBad
8734,30,2353.849999999999,17,2233.4500000000007,move,improve
8735,30,2353.849999999999,17,2233.4500000000007,2opt,notBad
8736,30,2353.849999999999,17,2233.4500000000007,2opt,notBad
8737,30,2353.849999999999,17,2233.4500000000007,2opt,improve
8738,30,2353.849999999999,17,2233.4500000000007,swap,notBad
8739,30,2353.849999999999,17,2233.4500000000007,2opt,notBad
8740,30,2353.849999999999,17,2233.4500000000007,swap,notBad
8741,30,2353.849999999999,17,2233.4500000000007,2opt,notBad
8742,30,2353.849999999999,17,2233.4500000000007,2opt,notBad
8743,30,2353.849999999999,17,2233.4500000000007,move,improve
8744,30,2353.849999999999,17,2233.4500000000007,move,improve
8745,30,2353.849999999999,17,2233.4500000000007,swap,notBad
8746,30,2353.849999999999,17,2233.4500000000007,swap,notBad
8747,30,2353.849999999999,17,2233.4500000000007,2opt,notBad
8748,30,2353.849999999999,17,2233.4500000000007,swap,notBad
8749,30,2353.849999999999,17,2233.4500000000007,move,improve
8750,30,2353.849999999999,17,2233.4500000000007,move,improve
8751,30,2353.849999999999,17,2233.4500000000007,swap,notBad
8752,30,2353.849999999999,17,2233.4500000000007,move,improve
8753,30,2353.849999999999,17,2233.4500000000007,2opt,notBad
8754,30,2353.849999999999,17,2233.4500000000007,2opt,notBad
8755,30,2353.849999999999,17,2233.4500000000007,swap,notBad
8756,30,2353.849999999999,17,2233.4500000000007,2opt,notBad
8757,30,2353.849999999999,17,2233.4500000000007,swap,notBad
8758,30,2353.849999999999,17,2233.4500000000007,move,improve
8759,30,2353.849999999999,17,2233.4500000000007,move,improve
8760,30,2353.849999999999,17,2233.4500000000007,move,improve
8761,30,2353.849999999999,17,2233.4500000000007,move,improve
8762,30,2353.849999999999,17,2233.4500000000007,move,improve
8763,30,2361.2499999999986,17,2233.4500000000007,swap,acceptBad
8764,30,2361.2499999999986,17,2233.4500000000007,swap,notBad
8765,30,2361.2499999999986,17,2233.4500000000007,swap,notBad
8766,30,2361.2499999999986,17,2233.4500000000007,2opt,notBad
8767,30,2361.2499999999986,17,2233.4500000000007,2opt,notBad
8768,30,2361.2499999999986,17,2233.4500000000007,swap,notBad
8769,30,2361.2499999999986,17,2233.4500000000007,2opt,notBad
8770,30,2361.2499999999986,17,2233.4500000000007,2opt,notBad
8771,30,2361.2499999999986,17,2233.4500000000007,move,improve
8772,30,2361.2499999999986,17,2233.4500000000007,swap,notBad
8773,30,2361.2499999999986,17,2233.4500000000007,2opt,improve
8774,30,2361.2499999999986,17,2233.4500000000007,swap,notBad
8775,30,2361.2499999999986,17,2233.4500000000007,move,improve
8776,30,2361.2499999999986,17,2233.4500000000007,move,improve
8777,30,2361.2499999999986,17,2233.4500000000007,2opt,notBad
8778,30,2361.2499999999986,17,2233.4500000000007,swap,notBad
8779,30,2361.2499999999986,17,2233.4500000000007,move,improve
8780,30,2361.2499999999986,17,2233.4500000000007,move,improve
8781,30,2361.2499999999986,17,2233.4500000000007,2opt,notBad
8782,30,2361.2499999999986,17,2233.4500000000007,swap,notBad
8783,30,2361.2499999999986,17,2233.4500000000007,swap,notBad
8784,30,2361.2499999999986,17,2233.4500000000007,2opt,notBad
8785,30,2361.2499999999986,17,2233.4500000000007,swap,notBad
8786,30,2361.2499999999986,17,2233.4500000000007,2opt,notBad
8787,30,2361.2499999999986,17,2233.4500000000007,swap,notBad
8788,30,2361.2499999999986,17,2233.4500000000007,swap,notBad
8789,30,2361.2499999999986,17,2233.4500000000007,2opt,notBad
8790,30,2361.2499999999986,17,2233.4500000000007,swap,notBad
8791,30,2361.2499999999986,17,2233.4500000000007,swap,notBad
8792,30,2361.2499999999986,17,2233.4500000000007,move,improve
8793,30,2361.2499999999986,17,2233.4500000000007,move,improve
8794,30,2361.2499999999986,17,2233.4500000000007,move,improve
8795,30,2361.2499999999986,17,2233.4500000000007,swap,notBad
8796,30,2361.2499999999986,17,2233.4500000000007,swap,notBad
8797,30,2361.2499999999986,17,2233.4500000000007,move,improve
8798,30,2361.2499999999986,17,2233.4500000000007,swap,notBad
8799,30,2349.9499999999994,17,2233.4500000000007,swap,improve
8800,30,2349.9499999999994,17,2233.4500000000007,swap,notBad
8801,30,2349.9499999999994,17,2233.4500000000007,2opt,notBad
8802,30,2349.9499999999994,17,2233.4500000000007,2opt,notBad
8803,30,2349.9499999999994,17,2233.4500000000007,move,improve
8804,30,2349.9499999999994,17,2233.4500000000007,move,improve
8805,30,2349.9499999999994,17,2233.4500000000007,swap,notBad
8806,30,2349.9499999999994,17,2233.4500000000007,2opt,notBad
8807,30,2349.9499999999994,17,2233.4500000000007,move,improve
8808,30,2349.9499999999994,17,2233.4500000000007,move,improve
8809,30,2348.1499999999996,17,2233.4500000000007,2opt,improve
8810,30,2348.1499999999996,17,2233.4500000000007,move,improve
8811,30,2348.1499999999996,17,2233.4500000000007,2opt,notBad
8812,30,2348.1499999999996,17,2233.4500000000007,move,improve
8813,30,2348.1499999999996,17,2233.4500000000007,move,improve
8814,30,2348.1499999999996,17,2233.4500000000007,2opt,notBad
8815,30,2348.1499999999996,17,2233.4500000000007,move,improve
8816,30,2340.85,17,2233.4500000000007,move,improve
8817,30,2340.85,17,2233.4500000000007,2opt,notBad
8818,30,2340.85,17,2233.4500000000007,2opt,notBad
8819,30,2340.85,17,2233.4500000000007,swap,notBad
8820,30,2340.85,17,2233.4500000000007,swap,notBad
8821,30,2340.85,17,2233.4500000000007,move,improve
8822,30,2340.85,17,2233.4500000000007,swap,notBad
8823,30,2340.85,17,2233.4500000000007,swap,notBad
8824,30,2340.85,17,2233.4500000000007,swap,notBad
8825,30,2340.85,17,2233.4500000000007,move,improve
8826,30,2340.85,17,2233.4500000000007,2opt,notBad
8827,30,2340.85,17,2233.4500000000007,move,improve
8828,30,2340.85,17,2233.4500000000007,2opt,notBad
8829,30,2340.85,17,2233.4500000000007,2opt,notBad
8830,30,2340.85,17,2233.4500000000007,2opt,notBad
8831,30,2340.85,17,2233.4500000000007,move,improve
8832,30,2340.85,17,2233.4500000000007,move,improve
8833,30,2340.85,17,2233.4500000000007,swap,notBad
8834,30,2340.85,17,2233.4500000000007,2opt,notBad
8835,30,2340.85,17,2233.4500000000007,move,improve
8836,30,2340.85,17,2233.4500000000007,move,improve
8837,30,2340.85,17,2233.4500000000007,move,improve
8838,30,2340.85,17,2233.4500000000007,2opt,notBad
8839,30,2340.85,17,2233.4500000000007,2opt,notBad
8840,30,2340.85,17,2233.4500000000007,move,improve
8841,30,2340.85,17,2233.4500000000007,2opt,notBad
8842,30,2340.85,17,2233.4500000000007,move,improve
8843,30,2340.85,17,2233.4500000000007,move,improve
8844,30,2340.85,17,2233.4500000000007,2opt,notBad
8845,30,2340.85,17,2233.4500000000007,2opt,notBad
8846,30,2340.85,17,2233.4500000000007,2opt,notBad
8847,30,2340.85,17,2233.4500000000007,move,improve
8848,30,2340.85,17,2233.4500000000007,move,improve
8849,30,2340.85,17,2233.4500000000007,2opt,notBad
8850,30,2340.85,17,2233.4500000000007,swap,notBad
8851,30,2340.85,17,2233.4500000000007,2opt,notBad
8852,30,2340.85,17,2233.4500000000007,move,improve
8853,30,2340.85,17,2233.4500000000007,swap,notBad
8854,30,2340.85,17,2233.4500000000007,swap,notBad
8855,30,2340.85,17,2233.4500000000007,move,improve
8856,30,2340.85,17,2233.4500000000007,2opt,notBad
8857,30,2340.85,17,2233.4500000000007,move,improve
8858,30,2340.85,17,2233.4500000000007,2opt,notBad
8859,30,2340.85,17,2233.4500000000007,move,improve
8860,30,2340.85,17,2233.4500000000007,move,improve
8861,30,2340.85,17,2233.4500000000007,2opt,improve
8862,30,2340.85,17,2233.4500000000007,2opt,notBad
8863,30,2340.85,17,2233.4500000000007,move,improve
8864,30,2340.85,17,2233.4500000000007,2opt,improve
8865,30,2340.85,17,2233.4500000000007,swap,notBad
8866,30,2340.85,17,2233.4500000000007,move,improve
8867,30,2340.85,17,2233.4500000000007,move,notBad
8868,30,2340.85,17,2233.4500000000007,2opt,notBad
8869,30,2340.85,17,2233.4500000000007,2opt,improve
8870,30,2340.85,17,2233.4500000000007,move,improve
8871,30,2340.85,17,2233.4500000000007,2opt,notBad
8872,30,2340.85,17,2233.4500000000007,2opt,notBad
8873,30,2340.85,17,2233.4500000000007,2opt,notBad
8874,30,2340.85,17,2233.4500000000007,swap,notBad
8875,30,2340.85,17,2233.4500000000007,2opt,notBad
8876,30,2340.85,17,2233.4500000000007,2opt,notBad
8877,30,2340.85,17,2233.4500000000007,swap,notBad
8878,30,2340.85,17,2233.4500000000007,2opt,notBad
8879,30,2340.85,17,2233.4500000000007,swap,notBad
8880,30,2340.85,17,2233.4500000000007,swap,notBad
8881,30,2340.85,17,2233.4500000000007,move,improve
8882,30,2340.85,17,2233.4500000000007,swap,notBad
8883,30,2340.85,17,2233.4500000000007,move,improve
8884,30,2340.85,17,2233.4500000000007,swap,notBad
8885,30,2340.85,17,2233.4500000000007,2opt,notBad
8886,30,2340.85,17,2233.4500000000007,move,improve
8887,30,2340.85,17,2233.4500000000007,2opt,notBad
8888,30,2340.85,17,2233.4500000000007,move,improve
8889,30,2340.85,17,2233.4500000000007,2opt,notBad
8890,30,2340.85,17,2233.4500000000007,swap,notBad
8891,30,2340.85,17,2233.4500000000007,move,improve
8892,30,2340.85,17,2233.4500000000007,move,improve
8893,30,2340.85,17,2233.4500000000007,swap,notBad
8894,30,2340.85,17,2233.4500000000007,swap,notBad
8895,30,2340.85,17,2233.4500000000007,move,improve
8896,30,2340.85,17,2233.4500000000007,2opt,notBad
8897,30,2340.85,17,2233.4500000000007,move,improve
8898,30,2340.85,17,2233.4500000000007,move,improve
8899,30,2334.45,17,2233.4500000000007,move,improve
8900,30,2334.45,17,2233.4500000000007,move,improve
8901,30,2334.45,17,2233.4500000000007,move,improve
8902,30,2334.45,17,2233.4500000000007,swap,notBad
8903,30,2334.45,17,2233.4500000000007,swap,notBad
8904,30,2334.45,17,2233.4500000000007,2opt,notBad
8905,30,2334.45,17,2233.4500000000007,2opt,notBad
8906,30,2334.45,17,2233.4500000000007,move,improve
8907,30,2334.45,17,2233.4500000000007,swap,notBad
8908,30,2334.45,17,2233.4500000000007,move,improve
8909,30,2334.45,17,2233.4500000000007,move,improve
8910,30,2334.45,17,2233.4500000000007,move,improve
8911,30,2334.45,17,2233.4500000000007,swap,notBad
8912,30,2334.45,17,2233.4500000000007,2opt,notBad
8913,30,2334.45,17,2233.4500000000007,swap,notBad
8914,30,2334.45,17,2233.4500000000007,move,improve
8915,30,2334.45,17,2233.4500000000007,swap,notBad
8916,30,2334.45,17,2233.4500000000007,2opt,notBad
8917,30,2334.45,17,2233.4500000000007,swap,notBad
8918,30,2334.45,17,2233.4500000000007,2opt,notBad
8919,30,2334.45,17,2233.4500000000007,swap,notBad
8920,30,2334.45,17,2233.4500000000007,swap,notBad
8921,30,2334.45,17,2233.4500000000007,move,improve
8922,30,2334.45,17,2233.4500000000007,swap,notBad
8923,30,2334.45,17,2233.4500000000007,2opt,notBad
8924,30,2334.45,17,2233.4500000000007,swap,notBad
8925,30,2334.45,17,2233.4500000000007,swap,notBad
8926,30,2334.45,17,2233.4500000000007,2opt,notBad
8927,30,2334.45,17,2233.4500000000007,swap,notBad
8928,30,2334.45,17,2233.4500000000007,swap,notBad
8929,30,2334.45,17,2233.4500000000007,move,improve
8930,30,2334.45,17,2233.4500000000007,swap,notBad
8931,30,2334.45,17,2233.4500000000007,move,improve
8932,30,2334.45,17,2233.4500000000007,move,improve
8933,30,2334.45,17,2233.4500000000007,swap,notBad
8934,30,2334.45,17,2233.4500000000007,2opt,notBad
8935,30,2334.45,17,2233.4500000000007,2opt,notBad
8936,30,2334.45,17,2233.4500000000007,2opt,notBad
8937,30,2334.45,17,2233.4500000000007,2opt,notBad
8938,30,2334.45,17,2233.4500000000007,move,improve
8939,30,2334.45,17,2233.4500000000007,move,improve
8940,30,2334.45,17,2233.4500000000007,swap,notBad
8941,30,2334.45,17,2233.4500000000007,move,improve
8942,30,2334.45,17,2233.4500000000007,2opt,improve
8943,30,2334.45,17,2233.4500000000007,swap,notBad
8944,30,2334.45,17,2233.4500000000007,swap,notBad
8945,30,2334.45,17,2233.4500000000007,swap,notBad
8946,30,2334.45,17,2233.4500000000007,move,improve
8947,30,2334.45,17,2233.4500000000007,2opt,notBad
8948,30,2334.45,17,2233.4500000000007,move,improve
8949,30,2334.45,17,2233.4500000000007,2opt,notBad
8950,30,2334.45,17,2233.4500000000007,swap,notBad
8951,30,2334.45,17,2233.4500000000007,move,improve
8952,30,2334.45,17,2233.4500000000007,move,improve
8953,30,2334.45,17,2233.4500000000007,swap,notBad
8954,30,2334.45,17,2233.4500000000007,swap,notBad
8955,30,2334.45,17,2233.4500000000007,swap,notBad
8956,30,2334.45,17,2233.4500000000007,swap,notBad
8957,30,2334.45,17,2233.4500000000007,2opt,notBad
8958,30,2334.45,17,2233.4500000000007,move,improve
8959,30,2334.45,17,2233.4500000000007,move,improve
8960,30,2334.45,17,2233.4500000000007,swap,notBad
8961,30,2334.45,17,2233.4500000000007,2opt,notBad
8962,30,2334.45,17,2233.4500000000007,move,improve
8963,30,2334.45,17,2233.4500000000007,2opt,notBad
8964,30,2334.45,17,2233.4500000000007,swap,notBad
8965,30,2334.45,17,2233.4500000000007,swap,notBad
8966,30,2334.45,17,2233.4500000000007,swap,notBad
8967,30,2334.45,17,2233.4500000000007,2opt,notBad
8968,30,2334.45,17,2233.4500000000007,swap,notBad
8969,30,2334.45,17,2233.4500000000007,2opt,improve
8970,30,2334.45,17,2233.4500000000007,2opt,notBad
8971,30,2334.45,17,2233.4500000000007,2opt,improve
8972,30,2334.45,17,2233.4500000000007,2opt,notBad
8973,30,2334.45,17,2233.4500000000007,move,improve
8974,30,2334.45,17,2233.4500000000007,2opt,notBad
8975,30,2334.45,17,2233.4500000000007,2opt,notBad
8976,30,2334.45,17,2233.4500000000007,move,improve
8977,30,2334.45,17,2233.4500000000007,move,improve
8978,30,2334.45,17,2233.4500000000007,swap,notBad
8979,30,2334.45,17,2233.4500000000007,swap,notBad
8980,30,2334.45,17,2233.4500000000007,swap,notBad
8981,30,2334.45,17,2233.4500000000007,swap,notBad
8982,30,2334.45,17,2233.4500000000007,move,improve
8983,30,2334.45,17,2233.4500000000007,2opt,notBad
8984,30,2334.45,17,2233.4500000000007,move,improve
8985,30,2334.45,17,2233.4500000000007,2opt,improve
8986,30,2334.45,17,2233.4500000000007,2opt,notBad
8987,30,2334.45,17,2233.4500000000007,swap,notBad
8988,30,2334.45,17,2233.4500000000007,2opt,notBad
8989,30,2334.45,17,2233.4500000000007,2opt,notBad
8990,30,2334.45,17,2233.4500000000007,move,improve
8991,30,2334.45,17,2233.4500000000007,move,improve
8992,30,2334.45,17,2233.4500000000007,swap,notBad
8993,30,2334.45,17,2233.4500000000007,2opt,notBad
8994,30,2334.45,17,2233.4500000000007,2opt,notBad
8995,30,2334.45,17,2233.4500000000007,swap,notBad
8996,30,2334.45,17,2233.4500000000007,swap,notBad
8997,30,2334.45,17,2233.4500000000007,swap,notBad
8998,30,2334.45,17,2233.4500000000007,2opt,notBad
8999,30,2334.45,17,2233.4500000000007,2opt,notBad
9000,30,2334.45,17,2233.4500000000007,move,improve
9001,30,2334.45,17,2233.4500000000007,2opt,improve
9002,30,2334.45,17,2233.4500000000007,move,improve
9003,30,2334.45,17,2233.4500000000007,move,improve
9004,30,2334.45,17,2233.4500000000007,swap,notBad
9005,30,2334.45,17,2233.4500000000007,move,improve
9006,30,2334.45,17,2233.4500000000007,2opt,notBad
9007,30,2334.45,17,2233.4500000000007,2opt,improve
9008,30,2334.45,17,2233.4500000000007,swap,notBad
9009,30,2334.45,17,2233.4500000000007,move,improve
9010,30,2334.45,17,2233.4500000000007,swap,notBad
9011,30,2334.45,17,2233.4500000000007,2opt,notBad
9012,30,2334.45,17,2233.4500000000007,move,improve
9013,30,2334.45,17,2233.4500000000007,2opt,notBad
9014,30,2334.45,17,2233.4500000000007,2opt,notBad
9015,30,2334.45,17,2233.4500000000007,move,improve
9016,30,2334.45,17,2233.4500000000007,2opt,notBad
9017,30,2334.45,17,2233.4500000000007,2opt,improve
9018,30,2334.45,17,2233.4500000000007,2opt,notBad
9019,30,2334.45,17,2233.4500000000007,swap,notBad
9020,30,2334.45,17,2233.4500000000007,2opt,notBad
9021,30,2334.45,17,2233.4500000000007,2opt,notBad
9022,30,2334.45,17,2233.4500000000007,2opt,improve
9023,30,2334.45,17,2233.4500000000007,2opt,improve
9024,30,2334.45,17,2233.4500000000007,swap,notBad
9025,30,2334.45,17,2233.4500000000007,swap,notBad
9026,30,2334.45,17,2233.4500000000007,move,improve
9027,30,2334.45,17,2233.4500000000007,2opt,notBad
9028,30,2334.45,17,2233.4500000000007,move,improve
9029,30,2334.45,17,2233.4500000000007,swap,notBad
9030,30,2334.45,17,2233.4500000000007,swap,notBad
9031,30,2334.45,17,2233.4500000000007,2opt,notBad
9032,30,2334.45,17,2233.4500000000007,move,improve
9033,30,2334.45,17,2233.4500000000007,2opt,notBad
9034,30,2334.45,17,2233.4500000000007,swap,notBad
9035,30,2334.45,17,2233.4500000000007,move,improve
9036,30,2334.45,17,2233.4500000000007,swap,notBad
9037,30,2334.45,17,2233.4500000000007,swap,notBad
9038,30,2334.45,17,2233.4500000000007,2opt,notBad
9039,30,2334.45,17,2233.4500000000007,2opt,improve
9040,30,2334.45,17,2233.4500000000007,swap,notBad
9041,30,2334.45,17,2233.4500000000007,2opt,notBad
9042,30,2334.45,17,2233.4500000000007,2opt,notBad
9043,30,2334.45,17,2233.4500000000007,2opt,notBad
9044,30,2334.45,17,2233.4500000000007,swap,notBad
9045,30,2334.45,17,2233.4500000000007,swap,notBad
9046,30,2334.45,17,2233.4500000000007,swap,notBad
9047,30,2334.45,17,2233.4500000000007,2opt,notBad
9048,30,2334.45,17,2233.4500000000007,swap,notBad
9049,30,2334.45,17,2233.4500000000007,move,improve
9050,30,2334.45,17,2233.4500000000007,swap,notBad
9051,30,2334.45,17,2233.4500000000007,move,improve
9052,30,2334.45,17,2233.4500000000007,move,improve
9053,30,2334.45,17,2233.4500000000007,move,improve
9054,30,2334.45,17,2233.4500000000007,2opt,notBad
9055,30,2334.45,17,2233.4500000000007,2opt,notBad
9056,30,2334.45,17,2233.4500000000007,2opt,improve
9057,30,2334.45,17,2233.4500000000007,2opt,notBad
9058,30,2334.45,17,2233.4500000000007,swap,notBad
9059,30,2334.45,17,2233.4500000000007,swap,notBad
9060,30,2334.45,17,2233.4500000000007,move,improve
9061,30,2334.45,17,2233.4500000000007,swap,notBad
9062,30,2334.45,17,2233.4500000000007,swap,notBad
9063,30,2334.45,17,2233.4500000000007,2opt,notBad
9064,30,2334.45,17,2233.4500000000007,swap,notBad
9065,30,2334.45,17,2233.4500000000007,swap,notBad
9066,30,2334.45,17,2233.4500000000007,move,improve
9067,30,2334.45,17,2233.4500000000007,2opt,improve
9068,30,2334.45,17,2233.4500000000007,2opt,notBad
9069,30,2358.6,17,2233.4500000000007,move,acceptBad
9070,30,2358.6,17,2233.4500000000007,swap,notBad
9071,30,2358.6,17,2233.4500000000007,move,improve
9072,30,2358.6,17,2233.4500000000007,move,improve
9073,30,2358.6,17,2233.4500000000007,swap,notBad
9074,30,2358.6,17,2233.4500000000007,2opt,notBad
9075,30,2358.6,17,2233.4500000000007,move,improve
9076,30,2358.6,17,2233.4500000000007,swap,notBad
9077,30,2358.6,17,2233.4500000000007,move,improve
9078,30,2358.6,17,2233.4500000000007,2opt,notBad
9079,30,2358.6,17,2233.4500000000007,2opt,notBad
9080,30,2334.45,17,2233.4500000000007,move,improve
9081,30,2334.45,17,2233.4500000000007,move,improve
9082,30,2334.45,17,2233.4500000000007,move,improve
9083,30,2334.45,17,2233.4500000000007,move,improve
9084,30,2334.45,17,2233.4500000000007,2opt,notBad
9085,30,2334.45,17,2233.4500000000007,2opt,notBad
9086,30,2334.45,17,2233.4500000000007,move,improve
9087,30,2334.45,17,2233.4500000000007,move,improve
9088,30,2334.45,17,2233.4500000000007,swap,notBad
9089,30,2334.45,17,2233.4500000000007,swap,notBad
9090,30,2334.45,17,2233.4500000000007,swap,notBad
9091,30,2334.45,17,2233.4500000000007,swap,notBad
9092,30,2334.45,17,2233.4500000000007,swap,notBad
9093,30,2334.45,17,2233.4500000000007,2opt,notBad
9094,30,2334.45,17,2233.4500000000007,move,improve
9095,30,2334.45,17,2233.4500000000007,2opt,improve
9096,30,2334.45,17,2233.4500000000007,2opt,notBad
9097,30,2334.45,17,2233.4500000000007,2opt,notBad
9098,30,2334.45,17,2233.4500000000007,move,improve
9099,30,2334.45,17,2233.4500000000007,2opt,notBad
9100,30,2334.45,17,2233.4500000000007,2opt,notBad
9101,30,2334.45,17,2233.4500000000007,2opt,notBad
9102,30,2334.45,17,2233.4500000000007,2opt,notBad
9103,30,2334.45,17,2233.4500000000007,move,improve
9104,30,2334.45,17,2233.4500000000007,move,improve
9105,30,2334.45,17,2233.4500000000007,2opt,notBad
9106,30,2334.45,17,2233.4500000000007,move,improve
9107,30,2334.45,17,2233.4500000000007,swap,notBad
9108,30,2334.45,17,2233.4500000000007,move,improve
9109,30,2334.45,17,2233.4500000000007,swap,notBad
9110,30,2334.45,17,2233.4500000000007,move,improve
9111,30,2334.45,17,2233.4500000000007,move,improve
9112,30,2334.45,17,2233.4500000000007,2opt,notBad
9113,30,2334.45,17,2233.4500000000007,move,improve
9114,30,2334.45,17,2233.4500000000007,2opt,improve
9115,30,2334.45,17,2233.4500000000007,move,improve
9116,30,2334.45,17,2233.4500000000007,swap,notBad
9117,30,2334.45,17,2233.4500000000007,2opt,notBad
9118,30,2334.45,17,2233.4500000000007,move,improve
9119,30,2334.45,17,2233.4500000000007,move,improve
9120,30,2334.45,17,2233.4500000000007,2opt,notBad
9121,30,2334.45,17,2233.4500000000007,swap,notBad
9122,30,2334.45,17,2233.4500000000007,swap,notBad
9123,30,2334.45,17,2233.4500000000007,2opt,improve
9124,30,2334.45,17,2233.4500000000007,2opt,notBad
9125,30,2334.45,17,2233.4500000000007,2opt,notBad
9126,30,2334.45,17,2233.4500000000007,move,improve
9127,30,2334.45,17,2233.4500000000007,move,improve
9128,30,2334.45,17,2233.4500000000007,move,improve
9129,30,2334.45,17,2233.4500000000007,swap,notBad
9130,30,2334.45,17,2233.4500000000007,2opt,notBad
9131,30,2337.25,17,2233.4500000000007,swap,acceptBad
9132,30,2337.25,17,2233.4500000000007,move,improve
9133,30,2337.25,17,2233.4500000000007,2opt,notBad
9134,30,2337.25,17,2233.4500000000007,move,improve
9135,30,2337.25,17,2233.4500000000007,move,improve
9136,30,2337.25,17,2233.4500000000007,2opt,notBad
9137,30,2337.25,17,2233.4500000000007,move,improve
9138,30,2337.25,17,2233.4500000000007,swap,notBad
9139,30,2337.25,17,2233.4500000000007,swap,notBad
9140,30,2337.25,17,2233.4500000000007,swap,notBad
9141,30,2337.25,17,2233.4500000000007,2opt,notBad
9142,30,2337.25,17,2233.4500000000007,2opt,notBad
9143,30,2337.25,17,2233.4500000000007,swap,notBad
9144,30,2337.25,17,2233.4500000000007,2opt,notBad
9145,30,2337.25,17,2233.4500000000007,move,improve
9146,30,2337.25,17,2233.4500000000007,move,improve
9147,30,2337.25,17,2233.4500000000007,2opt,notBad
9148,30,2337.25,17,2233.4500000000007,2opt,notBad
9149,30,2337.25,17,2233.4500000000007,swap,notBad
9150,30,2337.25,17,2233.4500000000007,move,improve
9151,30,2337.25,17,2233.4500000000007,swap,notBad
9152,30,2337.25,17,2233.4500000000007,move,improve
9153,30,2337.25,17,2233.4500000000007,swap,notBad
9154,30,2337.25,17,2233.4500000000007,2opt,notBad
9155,30,2337.25,17,2233.4500000000007,swap,notBad
9156,30,2337.25,17,2233.4500000000007,swap,notBad
9157,30,2337.25,17,2233.4500000000007,move,improve
9158,30,2337.25,17,2233.4500000000007,move,improve
9159,30,2337.25,17,2233.4500000000007,2opt,notBad
9160,30,2337.25,17,2233.4500000000007,swap,notBad
9161,30,2337.25,17,2233.4500000000007,move,improve
9162,30,2337.25,17,2233.4500000000007,2opt,notBad
9163,30,2337.25,17,2233.4500000000007,2opt,improve
9164,30,2337.25,17,2233.4500000000007,swap,notBad
9165,30,2337.25,17,2233.4500000000007,swap,notBad
9166,30,2337.25,17,2233.4500000000007,swap,notBad
9167,30,2337.25,17,2233.4500000000007,2opt,notBad
9168,30,2337.25,17,2233.4500000000007,swap,notBad
9169,30,2337.25,17,2233.4500000000007,swap,notBad
9170,30,2337.25,17,2233.4500000000007,swap,notBad
9171,30,2337.25,17,2233.4500000000007,move,improve
9172,30,2337.25,17,2233.4500000000007,move,improve
9173,30,2337.25,17,2233.4500000000007,move,improve
9174,30,2337.25,17,2233.4500000000007,move,improve
9175,30,2337.25,17,2233.4500000000007,move,improve
9176,30,2337.25,17,2233.4500000000007,swap,notBad
9177,30,2337.25,17,2233.4500000000007,move,improve
9178,30,2337.25,17,2233.4500000000007,2opt,notBad
9179,30,2337.25,17,2233.4500000000007,swap,notBad
9180,30,2337.25,17,2233.4500000000007,2opt,notBad
9181,30,2337.25,17,2233.4500000000007,move,improve
9182,30,2337.25,17,2233.4500000000007,2opt,notBad
9183,30,2337.25,17,2233.4500000000007,swap,notBad
9184,30,2337.25,17,2233.4500000000007,move,improve
9185,30,2337.25,17,2233.4500000000007,2opt,notBad
9186,30,2337.25,17,2233.4500000000007,2opt,notBad
9187,30,2337.25,17,2233.4500000000007,swap,notBad
9188,30,2337.25,17,2233.4500000000007,swap,notBad
9189,30,2337.25,17,2233.4500000000007,2opt,notBad
9190,30,2337.25,17,2233.4500000000007,move,improve
9191,30,2337.25,17,2233.4500000000007,swap,notBad
9192,30,2337.25,17,2233.4500000000007,swap,notBad
9193,30,2337.25,17,2233.4500000000007,move,improve
9194,30,2337.25,17,2233.4500000000007,2opt,notBad
9195,30,2337.25,17,2233.4500000000007,move,improve
9196,30,2337.25,17,2233.4500000000007,2opt,notBad
9197,30,2337.25,17,2233.4500000000007,move,improve
9198,30,2337.25,17,2233.4500000000007,move,improve
9199,30,2337.25,17,2233.4500000000007,2opt,improve
9200,30,2337.25,17,2233.4500000000007,move,improve
9201,30,2337.25,17,2233.4500000000007,swap,notBad
9202,30,2337.25,17,2233.4500000000007,move,improve
9203,30,2337.25,17,2233.4500000000007,swap,notBad
9204,30,2337.25,17,2233.4500000000007,move,improve
9205,30,2337.25,17,2233.4500000000007,swap,notBad
9206,30,2337.25,17,2233.4500000000007,move,improve
9207,30,2337.25,17,2233.4500000000007,swap,notBad
9208,30,2337.25,17,2233.4500000000007,2opt,notBad
9209,30,2337.25,17,2233.4500000000007,swap,notBad
9210,30,2337.25,17,2233.4500000000007,swap,notBad
9211,30,2337.25,17,2233.4500000000007,move,improve
9212,30,2337.25,17,2233.4500000000007,2opt,notBad
9213,30,2337.25,17,2233.4500000000007,swap,notBad
9214,30,2337.25,17,2233.4500000000007,2opt,notBad
9215,30,2337.25,17,2233.4500000000007,move,improve
9216,30,2337.25,17,2233.4500000000007,2opt,notBad
9217,30,2337.25,17,2233.4500000000007,swap,notBad
9218,30,2337.25,17,2233.4500000000007,2opt,notBad
9219,30,2337.25,17,2233.4500000000007,2opt,notBad
9220,30,2337.25,17,2233.4500000000007,2opt,notBad
9221,30,2337.25,17,2233.4500000000007,swap,notBad
9222,30,2337.25,17,2233.4500000000007,2opt,notBad
9223,30,2337.25,17,2233.4500000000007,2opt,notBad
9224,30,2337.25,17,2233.4500000000007,swap,notBad
9225,30,2337.25,17,2233.4500000000007,swap,notBad
9226,30,2337.25,17,2233.4500000000007,2opt,notBad
9227,30,2337.25,17,2233.4500000000007,move,improve
9228,30,2337.25,17,2233.4500000000007,2opt,notBad
9229,30,2337.25,17,2233.4500000000007,2opt,notBad
9230,30,2337.25,17,2233.4500000000007,move,improve
9231,30,2337.25,17,2233.4500000000007,2opt,notBad
9232,30,2337.25,17,2233.4500000000007,swap,notBad
9233,30,2337.25,17,2233.4500000000007,move,improve
9234,30,2337.25,17,2233.4500000000007,2opt,notBad
9235,30,2337.25,17,2233.4500000000007,2opt,notBad
9236,30,2337.25,17,2233.4500000000007,2opt,notBad
9237,30,2337.25,17,2233.4500000000007,2opt,notBad
9238,30,2337.25,17,2233.4500000000007,move,improve
9239,30,2337.25,17,2233.4500000000007,swap,notBad
9240,30,2337.25,17,2233.4500000000007,move,improve
9241,30,2337.25,17,2233.4500000000007,swap,notBad
9242,30,2337.25,17,2233.4500000000007,2opt,notBad
9243,30,2337.25,17,2233.4500000000007,swap,notBad
9244,30,2337.25,17,2233.4500000000007,swap,notBad
9245,30,2337.25,17,2233.4500000000007,2opt,notBad
9246,30,2337.25,17,2233.4500000000007,swap,notBad
9247,30,2337.25,17,2233.4500000000007,swap,notBad
9248,30,2337.25,17,2233.4500000000007,swap,notBad
9249,30,2337.25,17,2233.4500000000007,2opt,notBad
9250,30,2337.25,17,2233.4500000000007,move,improve
9251,30,2337.25,17,2233.4500000000007,2opt,notBad
9252,30,2337.25,17,2233.4500000000007,2opt,notBad
9253,30,2337.25,17,2233.4500000000007,swap,notBad
9254,30,2337.25,17,2233.4500000000007,swap,notBad
9255,30,2337.25,17,2233.4500000000007,swap,notBad
9256,30,2337.25,17,2233.4500000000007,swap,notBad
9257,30,2337.25,17,2233.4500000000007,move,improve
9258,30,2337.25,17,2233.4500000000007,swap,notBad
9259,30,2337.25,17,2233.4500000000007,2opt,notBad
9260,30,2337.25,17,2233.4500000000007,2opt,notBad
9261,30,2337.25,17,2233.4500000000007,swap,notBad
9262,30,2337.25,17,2233.4500000000007,swap,notBad
9263,30,2337.25,17,2233.4500000000007,swap,notBad
9264,30,2337.25,17,2233.4500000000007,2opt,improve
9265,30,2337.25,17,2233.4500000000007,2opt,notBad
9266,30,2337.25,17,2233.4500000000007,2opt,notBad
9267,30,2337.25,17,2233.4500000000007,swap,notBad
9268,30,2337.25,17,2233.4500000000007,2opt,notBad
9269,30,2337.25,17,2233.4500000000007,2opt,improve
9270,30,2337.25,17,2233.4500000000007,swap,notBad
9271,30,2337.25,17,2233.4500000000007,move,improve
9272,30,2337.25,17,2233.4500000000007,2opt,notBad
9273,30,2337.25,17,2233.4500000000007,swap,notBad
9274,30,2337.25,17,2233.4500000000007,2opt,notBad
9275,30,2337.25,17,2233.4500000000007,2opt,notBad
9276,30,2337.25,17,2233.4500000000007,swap,notBad
9277,30,2337.25,17,2233.4500000000007,swap,notBad
9278,30,2337.25,17,2233.4500000000007,2opt,notBad
9279,30,2337.25,17,2233.4500000000007,move,improve
9280,30,2337.25,17,2233.4500000000007,move,improve
9281,30,2337.25,17,2233.4500000000007,2opt,notBad
9282,30,2337.25,17,2233.4500000000007,swap,notBad
9283,30,2337.25,17,2233.4500000000007,2opt,notBad
9284,30,2337.25,17,2233.4500000000007,move,improve
9285,30,2337.25,17,2233.4500000000007,2opt,notBad
9286,30,2337.25,17,2233.4500000000007,2opt,notBad
9287,30,2337.25,17,2233.4500000000007,2opt,notBad
9288,30,2337.25,17,2233.4500000000007,move,improve
9289,30,2337.25,17,2233.4500000000007,swap,notBad
9290,30,2337.25,17,2233.4500000000007,move,improve
9291,30,2337.25,17,2233.4500000000007,swap,notBad
9292,30,2337.25,17,2233.4500000000007,swap,notBad
9293,30,2337.25,17,2233.4500000000007,2opt,improve
9294,30,2337.25,17,2233.4500000000007,swap,notBad
9295,30,2337.25,17,2233.4500000000007,2opt,notBad
9296,30,2337.25,17,2233.4500000000007,move,improve
9297,30,2337.25,17,2233.4500000000007,2opt,notBad
9298,30,2337.25,17,2233.4500000000007,2opt,notBad
9299,30,2337.25,17,2233.4500000000007,2opt,notBad
9300,30,2337.25,17,2233.4500000000007,move,improve
9301,30,2337.25,17,2233.4500000000007,swap,notBad
9302,30,2337.25,17,2233.4500000000007,2opt,notBad
9303,30,2337.25,17,2233.4500000000007,2opt,notBad
9304,30,2337.25,17,2233.4500000000007,2opt,notBad
9305,30,2337.25,17,2233.4500000000007,move,improve
9306,30,2337.25,17,2233.4500000000007,move,improve
9307,30,2337.25,17,2233.4500000000007,swap,notBad
9308,30,2337.25,17,2233.4500000000007,swap,notBad
9309,30,2337.25,17,2233.4500000000007,swap,notBad
9310,30,2337.25,17,2233.4500000000007,move,improve
9311,30,2337.25,17,2233.4500000000007,swap,notBad
9312,30,2337.25,17,2233.4500000000007,2opt,notBad
9313,30,2337.25,17,2233.4500000000007,2opt,notBad
9314,30,2337.25,17,2233.4500000000007,move,improve
9315,30,2337.25,17,2233.4500000000007,2opt,notBad
9316,30,2337.25,17,2233.4500000000007,2opt,notBad
9317,30,2337.25,17,2233.4500000000007,swap,notBad
9318,30,2337.25,17,2233.4500000000007,swap,notBad
9319,30,2337.25,17,2233.4500000000007,2opt,notBad
9320,30,2337.25,17,2233.4500000000007,move,improve
9321,30,2337.25,17,2233.4500000000007,move,improve
9322,30,2337.25,17,2233.4500000000007,2opt,improve
9323,30,2337.25,17,2233.4500000000007,2opt,notBad
9324,30,2337.25,17,2233.4500000000007,move,improve
9325,30,2337.25,17,2233.4500000000007,2opt,notBad
9326,30,2337.25,17,2233.4500000000007,2opt,notBad
9327,30,2337.25,17,2233.4500000000007,swap,notBad
9328,30,2337.25,17,2233.4500000000007,move,improve
9329,30,2337.25,17,2233.4500000000007,swap,notBad
9330,30,2337.25,17,2233.4500000000007,2opt,notBad
9331,30,2335.9500000000003,17,2233.4500000000007,swap,improve
9332,30,2335.9500000000003,17,2233.4500000000007,move,improve
9333,30,2335.9500000000003,17,2233.4500000000007,2opt,notBad
9334,30,2335.9500000000003,17,2233.4500000000007,move,improve
9335,30,2335.9500000000003,17,2233.4500000000007,swap,notBad
9336,30,2335.9500000000003,17,2233.4500000000007,2opt,notBad
9337,30,2335.9500000000003,17,2233.4500000000007,swap,notBad
9338,30,2335.9500000000003,17,2233.4500000000007,move,improve
9339,30,2335.9500000000003,17,2233.4500000000007,swap,notBad
9340,30,2335.9500000000003,17,2233.4500000000007,2opt,improve
9341,30,2335.9500000000003,17,2233.4500000000007,move,improve
9342,30,2335.9500000000003,17,2233.4500000000007,move,improve
9343,30,2335.9500000000003,17,2233.4500000000007,move,improve
9344,30,2335.9500000000003,17,2233.4500000000007,2opt,notBad
9345,30,2335.9500000000003,17,2233.4500000000007,2opt,notBad
9346,30,2335.9500000000003,17,2233.4500000000007,2opt,improve
9347,30,2335.9500000000003,17,2233.4500000000007,move,improve
9348,30,2335.9500000000003,17,2233.4500000000007,move,improve
9349,30,2335.9500000000003,17,2233.4500000000007,2opt,notBad
9350,30,2335.9500000000003,17,2233.4500000000007,2opt,notBad
9351,30,2335.9500000000003,17,2233.4500000000007,2opt,improve
9352,30,2335.9500000000003,17,2233.4500000000007,move,improve
9353,30,2335.9500000000003,17,2233.4500000000007,swap,notBad
9354,30,2335.9500000000003,17,2233.4500000000007,move,improve
9355,30,2335.9500000000003,17,2233.4500000000007,move,improve
9356,30,2335.9500000000003,17,2233.4500000000007,move,improve
9357,30,2335.9500000000003,17,2233.4500000000007,swap,notBad
9358,30,2335.9500000000003,17,2233.4500000000007,move,improve
9359,30,2335.9500000000003,17,2233.4500000000007,2opt,notBad
9360,30,2335.9500000000003,17,2233.4500000000007,move,improve
9361,30,2335.9500000000003,17,2233.4500000000007,move,improve
9362,30,2335.9500000000003,17,2233.4500000000007,swap,notBad
9363,30,2321.2,17,2233.4500000000007,move,improve
9364,30,2321.2,17,2233.4500000000007,swap,notBad
9365,30,2321.2,17,2233.4500000000007,move,improve
9366,30,2321.2,17,2233.4500000000007,2opt,notBad
9367,30,2321.2,17,2233.4500000000007,move,improve
9368,30,2321.2,17,2233.4500000000007,2opt,notBad
9369,30,2321.2,17,2233.4500000000007,2opt,notBad
9370,30,2321.2,17,2233.4500000000007,move,improve
9371,30,2321.2,17,2233.4500000000007,swap,notBad
9372,30,2321.2,17,2233.4500000000007,2opt,notBad
9373,30,2321.2,17,2233.4500000000007,move,improve
9374,30,2321.2,17,2233.4500000000007,swap,notBad
9375,30,2311.2,17,2233.4500000000007,2opt,improve
9376,30,2311.2,17,2233.4500000000007,move,improve
9377,30,2311.2,17,2233.4500000000007,swap,notBad
9378,30,2311.2,17,2233.4500000000007,move,improve
9379,30,2311.2,17,2233.4500000000007,swap,notBad
9380,30,2311.2,17,2233.4500000000007,swap,notBad
9381,30,2311.2,17,2233.4500000000007,swap,notBad
9382,30,2311.2,17,2233.4500000000007,swap,notBad
9383,30,2311.2,17,2233.4500000000007,2opt,notBad
9384,30,2311.2,17,2233.4500000000007,2opt,notBad
9385,30,2311.2,17,2233.4500000000007,2opt,notBad
9386,30,2311.2,17,2233.4500000000007,2opt,notBad
9387,30,2311.2,17,2233.4500000000007,move,improve
9388,30,2311.2,17,2233.4500000000007,swap,notBad
9389,30,2311.2,17,2233.4500000000007,2opt,notBad
9390,30,2311.2,17,2233.4500000000007,2opt,notBad
9391,30,2311.2,17,2233.4500000000007,swap,notBad
9392,30,2311.2,17,2233.4500000000007,swap,notBad
9393,30,2311.2,17,2233.4500000000007,move,improve
9394,30,2311.2,17,2233.4500000000007,2opt,notBad
9395,30,2311.2,17,2233.4500000000007,2opt,notBad
9396,30,2311.2,17,2233.4500000000007,swap,notBad
9397,30,2311.2,17,2233.4500000000007,2opt,improve
9398,30,2311.2,17,2233.4500000000007,2opt,notBad
9399,30,2311.2,17,2233.4500000000007,move,improve
9400,30,2311.2,17,2233.4500000000007,swap,notBad
9401,30,2311.2,17,2233.4500000000007,swap,notBad
9402,30,2311.2,17,2233.4500000000007,swap,notBad
9403,30,2311.2,17,2233.4500000000007,2opt,notBad
9404,30,2311.2,17,2233.4500000000007,swap,notBad
9405,30,2311.2,17,2233.4500000000007,2opt,notBad
9406,30,2311.2,17,2233.4500000000007,swap,notBad
9407,30,2311.2,17,2233.4500000000007,swap,notBad
9408,30,2311.2,17,2233.4500000000007,2opt,notBad
9409,30,2311.2,17,2233.4500000000007,swap,notBad
9410,30,2311.2,17,2233.4500000000007,swap,notBad
9411,30,2311.2,17,2233.4500000000007,2opt,notBad
9412,30,2311.2,17,2233.4500000000007,swap,notBad
9413,30,2311.2,17,2233.4500000000007,swap,notBad
9414,30,2311.2,17,2233.4500000000007,move,improve
9415,30,2311.2,17,2233.4500000000007,swap,notBad
9416,30,2311.2,17,2233.4500000000007,2opt,notBad
9417,30,2311.2,17,2233.4500000000007,2opt,notBad
9418,30,2311.2,17,2233.4500000000007,swap,notBad
9419,30,2311.2,17,2233.4500000000007,2opt,notBad
9420,30,2311.2,17,2233.4500000000007,2opt,notBad
9421,30,2311.2,17,2233.4500000000007,move,improve
9422,30,2311.2,17,2233.4500000000007,move,improve
9423,30,2311.2,17,2233.4500000000007,swap,notBad
9424,30,2311.2,17,2233.4500000000007,swap,notBad
9425,30,2311.2,17,2233.4500000000007,2opt,improve
9426,30,2311.2,17,2233.4500000000007,swap,notBad
9427,30,2311.2,17,2233.4500000000007,move,improve
9428,30,2311.2,17,2233.4500000000007,2opt,notBad
9429,30,2311.2,17,2233.4500000000007,swap,notBad
9430,30,2311.2,17,2233.4500000000007,2opt,notBad
9431,30,2311.2,17,2233.4500000000007,swap,notBad
9432,30,2311.2,17,2233.4500000000007,2opt,notBad
9433,30,2311.2,17,2233.4500000000007,swap,notBad
9434,30,2311.2,17,2233.4500000000007,move,improve
9435,30,2311.2,17,2233.4500000000007,move,improve
9436,30,2311.2,17,2233.4500000000007,move,improve
9437,30,2311.2,17,2233.4500000000007,swap,notBad
9438,30,2311.2,17,2233.4500000000007,move,improve
9439,30,2311.2,17,2233.4500000000007,2opt,notBad
9440,30,2311.2,17,2233.4500000000007,swap,notBad
9441,30,2311.2,17,2233.4500000000007,swap,notBad
9442,30,2311.2,17,2233.4500000000007,swap,notBad
9443,30,2311.2,17,2233.4500000000007,move,improve
9444,30,2311.2,17,2233.4500000000007,swap,notBad
9445,30,2311.2,17,2233.4500000000007,move,improve
9446,30,2311.2,17,2233.4500000000007,swap,notBad
9447,30,2311.2,17,2233.4500000000007,2opt,notBad
9448,30,2311.2,17,2233.4500000000007,2opt,notBad
9449,30,2311.2,17,2233.4500000000007,move,improve
9450,30,2311.2,17,2233.4500000000007,swap,notBad
9451,30,2311.2,17,2233.4500000000007,move,improve
9452,30,2311.2,17,2233.4500000000007,swap,notBad
9453,30,2311.2,17,2233.4500000000007,2opt,notBad
9454,30,2311.2,17,2233.4500000000007,2opt,notBad
9455,30,2311.2,17,2233.4500000000007,2opt,notBad
9456,30,2311.2,17,2233.4500000000007,2opt,notBad
9457,30,2311.2,17,2233.4500000000007,move,improve
9458,30,2311.2,17,2233.4500000000007,move,improve
9459,30,2311.2,17,2233.4500000000007,swap,notBad
9460,30,2311.2,17,2233.4500000000007,swap,notBad
9461,30,2311.2,17,2233.4500000000007,2opt,notBad
9462,30,2311.2,17,2233.4500000000007,swap,notBad
9463,30,2311.2,17,2233.4500000000007,swap,notBad
9464,30,2311.2,17,2233.4500000000007,swap,notBad
9465,30,2311.2,17,2233.4500000000007,2opt,notBad
9466,30,2311.2,17,2233.4500000000007,2opt,notBad
9467,30,2311.2,17,2233.4500000000007,2opt,notBad
9468,30,2311.2,17,2233.4500000000007,move,improve
9469,30,2311.2,17,2233.4500000000007,swap,notBad
9470,30,2311.2,17,2233.4500000000007,2opt,notBad
9471,30,2311.2,17,2233.4500000000007,swap,notBad
9472,30,2311.2,17,2233.4500000000007,swap,notBad
9473,30,2311.2,17,2233.4500000000007,swap,notBad
9474,30,2311.2,17,2233.4500000000007,2opt,notBad
9475,30,2311.2,17,2233.4500000000007,2opt,notBad
9476,30,2311.2,17,2233.4500000000007,swap,notBad
9477,30,2311.2,17,2233.4500000000007,2opt,improve
9478,30,2311.2,17,2233.4500000000007,move,improve
9479,30,2311.2,17,2233.4500000000007,2opt,notBad
9480,30,2311.2,17,2233.4500000000007,move,improve
9481,30,2311.2,17,2233.4500000000007,move,improve
9482,30,2311.2,17,2233.4500000000007,move,improve
9483,30,2311.2,17,2233.4500000000007,swap,notBad
9484,30,2311.2,17,2233.4500000000007,move,improve
9485,30,2311.2,17,2233.4500000000007,2opt,notBad
9486,30,2311.2,17,2233.4500000000007,2opt,notBad
9487,30,2311.2,17,2233.4500000000007,move,improve
9488,30,2311.2,17,2233.4500000000007,move,improve
9489,30,2311.2,17,2233.4500000000007,2opt,notBad
9490,30,2311.2,17,2233.4500000000007,2opt,notBad
9491,30,2311.2,17,2233.4500000000007,move,improve
9492,30,2311.2,17,2233.4500000000007,2opt,notBad
9493,30,2311.2,17,2233.4500000000007,move,improve
9494,30,2311.2,17,2233.4500000000007,swap,notBad
9495,30,2311.2,17,2233.4500000000007,swap,notBad
9496,30,2311.2,17,2233.4500000000007,2opt,improve
9497,30,2311.2,17,2233.4500000000007,2opt,notBad
9498,30,2311.2,17,2233.4500000000007,2opt,notBad
9499,30,2311.2,17,2233.4500000000007,2opt,notBad
9500,30,2321.4000000000005,17,2233.4500000000007,swap,acceptBad
9501,30,2321.4000000000005,17,2233.4500000000007,2opt,notBad
9502,30,2321.4000000000005,17,2233.4500000000007,move,improve
9503,30,2321.4000000000005,17,2233.4500000000007,swap,notBad
9504,30,2321.4000000000005,17,2233.4500000000007,move,improve
9505,30,2321.4000000000005,17,2233.4500000000007,2opt,notBad
9506,30,2321.4000000000005,17,2233.4500000000007,move,improve
9507,30,2321.4000000000005,17,2233.4500000000007,swap,notBad
9508,30,2321.4000000000005,17,2233.4500000000007,move,improve
9509,30,2321.4000000000005,17,2233.4500000000007,move,improve
9510,30,2321.4000000000005,17,2233.4500000000007,move,improve
9511,30,2321.4000000000005,17,2233.4500000000007,move,improve
9512,30,2321.4000000000005,17,2233.4500000000007,swap,notBad
9513,30,2321.4000000000005,17,2233.4500000000007,2opt,notBad
9514,30,2321.4000000000005,17,2233.4500000000007,2opt,notBad
9515,30,2321.4000000000005,17,2233.4500000000007,move,improve
9516,30,2321.4000000000005,17,2233.4500000000007,move,improve
9517,30,2321.4000000000005,17,2233.4500000000007,swap,notBad
9518,30,2321.4000000000005,17,2233.4500000000007,2opt,notBad
9519,30,2321.4000000000005,17,2233.4500000000007,2opt,notBad
9520,30,2321.4000000000005,17,2233.4500000000007,swap,notBad
9521,30,2321.4000000000005,17,2233.4500000000007,2opt,notBad
9522,30,2321.4000000000005,17,2233.4500000000007,swap,notBad
9523,30,2321.4000000000005,17,2233.4500000000007,2opt,notBad
9524,30,2321.4000000000005,17,2233.4500000000007,move,improve
9525,30,2321.4000000000005,17,2233.4500000000007,2opt,improve
9526,30,2321.4000000000005,17,2233.4500000000007,swap,notBad
9527,30,2321.4000000000005,17,2233.4500000000007,2opt,notBad
9528,30,2321.4000000000005,17,2233.4500000000007,swap,notBad
9529,30,2321.4000000000005,17,2233.4500000000007,2opt,notBad
9530,30,2321.4000000000005,17,2233.4500000000007,2opt,improve
9531,30,2321.4000000000005,17,2233.4500000000007,2opt,notBad
9532,30,2321.4000000000005,17,2233.4500000000007,2opt,notBad
9533,30,2321.4000000000005,17,2233.4500000000007,2opt,notBad
9534,30,2321.4000000000005,17,2233.4500000000007,swap,notBad
9535,30,2321.4000000000005,17,2233.4500000000007,swap,notBad
9536,30,2321.4000000000005,17,2233.4500000000007,move,improve
9537,30,2321.4000000000005,17,2233.4500000000007,move,improve
9538,30,2321.4000000000005,17,2233.4500000000007,swap,notBad
9539,30,2321.4000000000005,17,2233.4500000000007,swap,notBad
9540,30,2321.4000000000005,17,2233.4500000000007,2opt,notBad
9541,30,2321.4000000000005,17,2233.4500000000007,move,improve
9542,30,2321.4000000000005,17,2233.4500000000007,2opt,notBad
9543,30,2321.4000000000005,17,2233.4500000000007,swap,notBad
9544,30,2321.4000000000005,17,2233.4500000000007,move,improve
9545,30,2321.4000000000005,17,2233.4500000000007,move,improve
9546,30,2321.4000000000005,17,2233.4500000000007,2opt,notBad
9547,30,2321.4000000000005,17,2233.4500000000007,move,improve
9548,30,2321.4000000000005,17,2233.4500000000007,swap,notBad
9549,30,2321.4000000000005,17,2233.4500000000007,swap,notBad
9550,30,2321.4000000000005,17,2233.4500000000007,2opt,improve
9551,30,2321.4000000000005,17,2233.4500000000007,swap,notBad
9552,30,2321.4000000000005,17,2233.4500000000007,move,improve
9553,30,2321.4000000000005,17,2233.4500000000007,swap,notBad
9554,30,2321.4000000000005,17,2233.4500000000007,move,improve
9555,30,2321.4000000000005,17,2233.4500000000007,2opt,notBad
9556,30,2321.4000000000005,17,2233.4500000000007,swap,notBad
9557,30,2321.4000000000005,17,2233.4500000000007,2opt,notBad
9558,30,2321.4000000000005,17,2233.4500000000007,move,improve
9559,30,2321.4000000000005,17,2233.4500000000007,move,improve
9560,30,2321.4000000000005,17,2233.4500000000007,swap,notBad
9561,30,2321.4000000000005,17,2233.4500000000007,move,improve
9562,30,2321.4000000000005,17,2233.4500000000007,swap,notBad
9563,30,2321.4000000000005,17,2233.4500000000007,move,improve
9564,30,2321.4000000000005,17,2233.4500000000007,move,improve
9565,30,2321.4000000000005,17,2233.4500000000007,2opt,notBad
9566,30,2321.4000000000005,17,2233.4500000000007,move,improve
9567,30,2321.4000000000005,17,2233.4500000000007,2opt,notBad
9568,30,2321.4000000000005,17,2233.4500000000007,swap,notBad
9569,30,2321.4000000000005,17,2233.4500000000007,2opt,notBad
9570,30,2321.4000000000005,17,2233.4500000000007,swap,notBad
9571,30,2321.4000000000005,17,2233.4500000000007,swap,notBad
9572,30,2321.4000000000005,17,2233.4500000000007,2opt,notBad
9573,30,2321.4000000000005,17,2233.4500000000007,swap,notBad
9574,30,2321.4000000000005,17,2233.4500000000007,move,improve
9575,30,2321.4000000000005,17,2233.4500000000007,move,improve
9576,30,2321.4000000000005,17,2233.4500000000007,move,improve
9577,30,2321.4000000000005,17,2233.4500000000007,2opt,notBad
9578,30,2321.4000000000005,17,2233.4500000000007,move,improve
9579,30,2321.4000000000005,17,2233.4500000000007,swap,notBad
9580,30,2321.4000000000005,17,2233.4500000000007,2opt,notBad
9581,30,2321.4000000000005,17,2233.4500000000007,swap,notBad
9582,30,2321.4000000000005,17,2233.4500000000007,move,improve
9583,30,2321.4000000000005,17,2233.4500000000007,swap,notBad
9584,30,2321.4000000000005,17,2233.4500000000007,2opt,notBad
9585,30,2321.4000000000005,17,2233.4500000000007,swap,notBad
9586,30,2321.4000000000005,17,2233.4500000000007,move,improve
9587,30,2321.4000000000005,17,2233.4500000000007,2opt,notBad
9588,30,2321.4000000000005,17,2233.4500000000007,2opt,notBad
9589,30,2321.4000000000005,17,2233.4500000000007,2opt,notBad
9590,30,2321.4000000000005,17,2233.4500000000007,2opt,notBad
9591,30,2321.4000000000005,17,2233.4500000000007,2opt,notBad
9592,30,2321.4000000000005,17,2233.4500000000007,move,improve
9593,30,2321.4000000000005,17,2233.4500000000007,2opt,notBad
9594,30,2321.4000000000005,17,2233.4500000000007,2opt,notBad
9595,30,2321.4000000000005,17,2233.4500000000007,move,improve
9596,30,2321.4000000000005,17,2233.4500000000007,move,improve
9597,30,2321.4000000000005,17,2233.4500000000007,2opt,notBad
9598,30,2321.4000000000005,17,2233.4500000000007,move,improve
9599,30,2321.4000000000005,17,2233.4500000000007,swap,notBad
9600,30,2321.4000000000005,17,2233.4500000000007,swap,notBad
9601,30,2321.4000000000005,17,2233.4500000000007,2opt,notBad
9602,30,2321.4000000000005,17,2233.4500000000007,2opt,notBad
9603,30,2321.4000000000005,17,2233.4500000000007,2opt,notBad
9604,30,2321.4000000000005,17,2233.4500000000007,swap,notBad
9605,30,2321.4000000000005,17,2233.4500000000007,2opt,notBad
9606,30,2321.4000000000005,17,2233.4500000000007,swap,notBad
9607,30,2321.4000000000005,17,2233.4500000000007,swap,notBad
9608,30,2321.4000000000005,17,2233.4500000000007,swap,notBad
9609,30,2321.4000000000005,17,2233.4500000000007,2opt,notBad
9610,30,2321.4000000000005,17,2233.4500000000007,move,improve
9611,30,2321.4000000000005,17,2233.4500000000007,move,improve
9612,30,2321.4000000000005,17,2233.4500000000007,swap,notBad
9613,30,2321.4000000000005,17,2233.4500000000007,move,improve
9614,30,2321.4000000000005,17,2233.4500000000007,2opt,notBad
9615,30,2321.4000000000005,17,2233.4500000000007,move,improve
9616,30,2321.4000000000005,17,2233.4500000000007,move,improve
9617,30,2321.4000000000005,17,2233.4500000000007,move,improve
9618,30,2321.4000000000005,17,2233.4500000000007,2opt,notBad
9619,30,2321.4000000000005,17,2233.4500000000007,move,improve
9620,30,2321.4000000000005,17,2233.4500000000007,2opt,notBad
9621,30,2321.4000000000005,17,2233.4500000000007,swap,notBad
9622,30,2321.4000000000005,17,2233.4500000000007,move,improve
9623,30,2321.4000000000005,17,2233.4500000000007,2opt,notBad
9624,30,2321.4000000000005,17,2233.4500000000007,2opt,notBad
9625,30,2321.4000000000005,17,2233.4500000000007,swap,notBad
9626,30,2321.4000000000005,17,2233.4500000000007,swap,notBad
9627,30,2321.4000000000005,17,2233.4500000000007,swap,notBad
9628,30,2321.4000000000005,17,2233.4500000000007,2opt,notBad
9629,30,2321.4000000000005,17,2233.4500000000007,swap,notBad
9630,30,2321.4000000000005,17,2233.4500000000007,move,improve
9631,30,2321.4000000000005,17,2233.4500000000007,move,improve
9632,30,2321.4000000000005,17,2233.4500000000007,move,improve
9633,30,2321.4000000000005,17,2233.4500000000007,swap,notBad
9634,30,2321.4000000000005,17,2233.4500000000007,swap,notBad
9635,30,2321.4000000000005,17,2233.4500000000007,swap,notBad
9636,30,2321.4000000000005,17,2233.4500000000007,2opt,improve
9637,30,2321.4000000000005,17,2233.4500000000007,move,improve
9638,30,2321.4000000000005,17,2233.4500000000007,move,improve
9639,30,2321.4000000000005,17,2233.4500000000007,2opt,notBad
9640,30,2321.4000000000005,17,2233.4500000000007,move,improve
9641,30,2321.4000000000005,17,2233.4500000000007,2opt,notBad
9642,30,2321.4000000000005,17,2233.4500000000007,move,improve
9643,30,2321.4000000000005,17,2233.4500000000007,move,improve
9644,30,2321.4000000000005,17,2233.4500000000007,2opt,notBad
9645,30,2321.4000000000005,17,2233.4500000000007,swap,notBad
9646,30,2321.4000000000005,17,2233.4500000000007,2opt,notBad
9647,30,2321.4000000000005,17,2233.4500000000007,move,improve
9648,30,2321.4000000000005,17,2233.4500000000007,move,improve
9649,30,2321.4000000000005,17,2233.4500000000007,swap,notBad
9650,30,2324.9000000000005,17,2233.4500000000007,swap,acceptBad
9651,30,2324.9000000000005,17,2233.4500000000007,2opt,notBad
9652,30,2324.9000000000005,17,2233.4500000000007,move,improve
9653,30,2324.9000000000005,17,2233.4500000000007,swap,notBad
9654,30,2324.9000000000005,17,2233.4500000000007,move,improve
9655,30,2324.9000000000005,17,2233.4500000000007,2opt,notBad
9656,30,2324.9000000000005,17,2233.4500000000007,move,improve
9657,30,2324.9000000000005,17,2233.4500000000007,2opt,notBad
9658,30,2324.9000000000005,17,2233.4500000000007,2opt,notBad
9659,30,2324.9000000000005,17,2233.4500000000007,2opt,notBad
9660,30,2324.9000000000005,17,2233.4500000000007,2opt,notBad
9661,30,2324.9000000000005,17,2233.4500000000007,move,improve
9662,30,2324.9000000000005,17,2233.4500000000007,move,improve
9663,30,2324.9000000000005,17,2233.4500000000007,2opt,improve
9664,30,2324.9000000000005,17,2233.4500000000007,move,notBad
9665,30,2324.9000000000005,17,2233.4500000000007,2opt,notBad
9666,30,2324.9000000000005,17,2233.4500000000007,2opt,notBad
9667,30,2324.9000000000005,17,2233.4500000000007,move,improve
9668,30,2324.9000000000005,17,2233.4500000000007,swap,notBad
9669,30,2324.9000000000005,17,2233.4500000000007,2opt,notBad
9670,30,2324.9000000000005,17,2233.4500000000007,swap,notBad
9671,30,2324.9000000000005,17,2233.4500000000007,move,improve
9672,30,2324.9000000000005,17,2233.4500000000007,move,improve
9673,30,2324.9000000000005,17,2233.4500000000007,2opt,notBad
9674,30,2324.9000000000005,17,2233.4500000000007,move,improve
9675,30,2324.9000000000005,17,2233.4500000000007,2opt,notBad
9676,30,2324.9000000000005,17,2233.4500000000007,move,improve
9677,30,2324.9000000000005,17,2233.4500000000007,2opt,notBad
9678,30,2324.9000000000005,17,2233.4500000000007,swap,notBad
9679,30,2324.9000000000005,17,2233.4500000000007,swap,notBad
9680,30,2324.9000000000005,17,2233.4500000000007,2opt,notBad
9681,30,2324.9000000000005,17,2233.4500000000007,swap,notBad
9682,30,2324.9000000000005,17,2233.4500000000007,swap,notBad
9683,30,2324.9000000000005,17,2233.4500000000007,2opt,notBad
9684,30,2324.9000000000005,17,2233.4500000000007,2opt,notBad
9685,30,2324.9000000000005,17,2233.4500000000007,2opt,notBad
9686,30,2324.9000000000005,17,2233.4500000000007,2opt,notBad
9687,30,2324.9000000000005,17,2233.4500000000007,move,improve
9688,30,2324.9000000000005,17,2233.4500000000007,swap,notBad
9689,30,2324.9000000000005,17,2233.4500000000007,2opt,notBad
9690,30,2324.9000000000005,17,2233.4500000000007,move,improve
9691,30,2324.9000000000005,17,2233.4500000000007,move,improve
9692,30,2324.9000000000005,17,2233.4500000000007,move,improve
9693,30,2324.9000000000005,17,2233.4500000000007,move,improve
9694,30,2324.9000000000005,17,2233.4500000000007,move,improve
9695,30,2324.9000000000005,17,2233.4500000000007,swap,notBad
9696,30,2324.9000000000005,17,2233.4500000000007,2opt,notBad
9697,30,2324.9000000000005,17,2233.4500000000007,move,improve
9698,30,2324.9000000000005,17,2233.4500000000007,2opt,notBad
9699,30,2324.9000000000005,17,2233.4500000000007,swap,notBad
9700,30,2324.9000000000005,17,2233.4500000000007,swap,notBad
9701,30,2324.9000000000005,17,2233.4500000000007,move,improve
9702,30,2324.9000000000005,17,2233.4500000000007,swap,notBad
9703,30,2324.9000000000005,17,2233.4500000000007,2opt,notBad
9704,30,2324.9000000000005,17,2233.4500000000007,swap,notBad
9705,30,2324.9000000000005,17,2233.4500000000007,2opt,notBad
9706,30,2324.9000000000005,17,2233.4500000000007,swap,notBad
9707,30,2324.9000000000005,17,2233.4500000000007,2opt,notBad
9708,30,2324.9000000000005,17,2233.4500000000007,2opt,notBad
9709,30,2324.9000000000005,17,2233.4500000000007,swap,notBad
9710,30,2324.9000000000005,17,2233.4500000000007,move,improve
9711,30,2324.9000000000005,17,2233.4500000000007,2opt,notBad
9712,30,2324.9000000000005,17,2233.4500000000007,swap,notBad
9713,30,2324.9000000000005,17,2233.4500000000007,2opt,notBad
9714,30,2324.9000000000005,17,2233.4500000000007,2opt,notBad
9715,30,2324.9000000000005,17,2233.4500000000007,move,improve
9716,30,2324.9000000000005,17,2233.4500000000007,move,improve
9717,30,2324.9000000000005,17,2233.4500000000007,swap,notBad
9718,30,2324.9000000000005,17,2233.4500000000007,move,improve
9719,30,2324.9000000000005,17,2233.4500000000007,move,improve
9720,30,2324.9000000000005,17,2233.4500000000007,swap,notBad
9721,30,2324.9000000000005,17,2233.4500000000007,swap,notBad
9722,30,2324.9000000000005,17,2233.4500000000007,swap,notBad
9723,30,2324.9000000000005,17,2233.4500000000007,2opt,notBad
9724,30,2324.9000000000005,17,2233.4500000000007,swap,notBad
9725,30,2324.9000000000005,17,2233.4500000000007,swap,notBad
9726,30,2324.9000000000005,17,2233.4500000000007,move,improve
9727,30,2324.9000000000005,17,2233.4500000000007,swap,notBad
9728,30,2324.9000000000005,17,2233.4500000000007,2opt,notBad
9729,30,2324.9000000000005,17,2233.4500000000007,move,improve
9730,30,2324.9000000000005,17,2233.4500000000007,move,improve
9731,30,2324.9000000000005,17,2233.4500000000007,move,improve
9732,30,2324.9000000000005,17,2233.4500000000007,2opt,notBad
9733,30,2324.9000000000005,17,2233.4500000000007,move,improve
9734,30,2324.9000000000005,17,2233.4500000000007,swap,notBad
9735,30,2324.9000000000005,17,2233.4500000000007,swap,notBad
9736,30,2324.9000000000005,17,2233.4500000000007,2opt,notBad
9737,30,2324.9000000000005,17,2233.4500000000007,swap,notBad
9738,30,2324.9000000000005,17,2233.4500000000007,move,improve
9739,30,2324.9000000000005,17,2233.4500000000007,move,improve
9740,30,2324.9000000000005,17,2233.4500000000007,2opt,notBad
9741,30,2324.9000000000005,17,2233.4500000000007,2opt,notBad
9742,30,2324.9000000000005,17,2233.4500000000007,move,improve
9743,30,2324.9000000000005,17,2233.4500000000007,2opt,notBad
9744,30,2324.9000000000005,17,2233.4500000000007,swap,notBad
9745,30,2324.9000000000005,17,2233.4500000000007,2opt,notBad
9746,30,2324.9000000000005,17,2233.4500000000007,move,improve
9747,30,2324.9000000000005,17,2233.4500000000007,move,improve
9748,30,2324.9000000000005,17,2233.4500000000007,move,improve
9749,30,2324.9000000000005,17,2233.4500000000007,2opt,notBad
9750,30,2324.9000000000005,17,2233.4500000000007,move,improve
9751,30,2324.9000000000005,17,2233.4500000000007,2opt,notBad
9752,30,2324.9000000000005,17,2233.4500000000007,2opt,notBad
9753,30,2324.9000000000005,17,2233.4500000000007,swap,notBad
9754,30,2324.9000000000005,17,2233.4500000000007,2opt,notBad
9755,30,2324.9000000000005,17,2233.4500000000007,swap,notBad
9756,30,2324.9000000000005,17,2233.4500000000007,swap,notBad
9757,30,2324.9000000000005,17,2233.4500000000007,2opt,notBad
9758,30,2324.9000000000005,17,2233.4500000000007,swap,notBad
9759,30,2324.9000000000005,17,2233.4500000000007,move,improve
9760,30,2324.9000000000005,17,2233.4500000000007,2opt,notBad
9761,30,2324.9000000000005,17,2233.4500000000007,swap,notBad
9762,30,2324.9000000000005,17,2233.4500000000007,swap,notBad
9763,30,2324.9000000000005,17,2233.4500000000007,2opt,notBad
9764,30,2324.9000000000005,17,2233.4500000000007,2opt,notBad
9765,30,2324.9000000000005,17,2233.4500000000007,2opt,improve
9766,30,2324.9000000000005,17,2233.4500000000007,2opt,improve
9767,30,2324.9000000000005,17,2233.4500000000007,swap,notBad
9768,30,2324.9000000000005,17,2233.4500000000007,2opt,notBad
9769,30,2324.9000000000005,17,2233.4500000000007,swap,notBad
9770,30,2324.9000000000005,17,2233.4500000000007,2opt,notBad
9771,30,2324.9000000000005,17,2233.4500000000007,2opt,notBad
9772,30,2331.400000000001,17,2233.4500000000007,swap,acceptBad
9773,30,2331.400000000001,17,2233.4500000000007,move,improve
9774,30,2331.400000000001,17,2233.4500000000007,swap,notBad
9775,30,2331.400000000001,17,2233.4500000000007,2opt,notBad
9776,30,2331.400000000001,17,2233.4500000000007,move,improve
9777,30,2331.400000000001,17,2233.4500000000007,2opt,improve
9778,30,2331.400000000001,17,2233.4500000000007,2opt,notBad
9779,30,2331.400000000001,17,2233.4500000000007,2opt,notBad
9780,30,2331.400000000001,17,2233.4500000000007,2opt,notBad
9781,30,2331.400000000001,17,2233.4500000000007,2opt,notBad
9782,30,2331.400000000001,17,2233.4500000000007,2opt,notBad
9783,30,2331.400000000001,17,2233.4500000000007,swap,notBad
9784,30,2331.400000000001,17,2233.4500000000007,swap,notBad
9785,30,2331.400000000001,17,2233.4500000000007,swap,notBad
9786,30,2331.400000000001,17,2233.4500000000007,swap,notBad
9787,30,2331.400000000001,17,2233.4500000000007,swap,notBad
9788,30,2331.400000000001,17,2233.4500000000007,2opt,notBad
9789,30,2331.400000000001,17,2233.4500000000007,2opt,notBad
9790,30,2331.400000000001,17,2233.4500000000007,2opt,notBad
9791,30,2331.400000000001,17,2233.4500000000007,2opt,notBad
9792,30,2331.400000000001,17,2233.4500000000007,swap,notBad
9793,30,2331.400000000001,17,2233.4500000000007,swap,notBad
9794,30,2331.400000000001,17,2233.4500000000007,move,improve
9795,30,2331.400000000001,17,2233.4500000000007,move,improve
9796,30,2326.800000000001,17,2233.4500000000007,move,improve
9797,30,2326.800000000001,17,2233.4500000000007,2opt,notBad
9798,30,2326.800000000001,17,2233.4500000000007,move,improve
9799,30,2326.800000000001,17,2233.4500000000007,2opt,notBad
9800,30,2326.800000000001,17,2233.4500000000007,move,improve
9801,30,2326.800000000001,17,2233.4500000000007,move,improve
9802,30,2326.800000000001,17,2233.4500000000007,swap,notBad
9803,30,2326.800000000001,17,2233.4500000000007,2opt,notBad
9804,30,2326.800000000001,17,2233.4500000000007,move,improve
9805,30,2326.800000000001,17,2233.4500000000007,2opt,notBad
9806,30,2326.800000000001,17,2233.4500000000007,move,improve
9807,30,2326.800000000001,17,2233.4500000000007,2opt,notBad
9808,30,2326.800000000001,17,2233.4500000000007,2opt,notBad
9809,30,2326.800000000001,17,2233.4500000000007,swap,notBad
9810,30,2326.800000000001,17,2233.4500000000007,swap,notBad
9811,30,2326.800000000001,17,2233.4500000000007,move,improve
9812,30,2326.800000000001,17,2233.4500000000007,2opt,notBad
9813,30,2326.800000000001,17,2233.4500000000007,move,improve
9814,30,2326.800000000001,17,2233.4500000000007,move,improve
9815,30,2326.800000000001,17,2233.4500000000007,swap,notBad
9816,30,2326.800000000001,17,2233.4500000000007,move,improve
9817,30,2326.800000000001,17,2233.4500000000007,2opt,notBad
9818,30,2326.800000000001,17,2233.4500000000007,2opt,improve
9819,30,2326.800000000001,17,2233.4500000000007,2opt,notBad
9820,30,2326.800000000001,17,2233.4500000000007,move,improve
9821,30,2326.800000000001,17,2233.4500000000007,move,improve
9822,30,2326.800000000001,17,2233.4500000000007,2opt,notBad
9823,30,2326.800000000001,17,2233.4500000000007,move,improve
9824,30,2326.800000000001,17,2233.4500000000007,move,improve
9825,30,2326.800000000001,17,2233.4500000000007,2opt,notBad
9826,30,2324.8,17,2233.4500000000007,swap,improve
9827,30,2324.8,17,2233.4500000000007,swap,notBad
9828,30,2324.8,17,2233.4500000000007,move,notBad
9829,30,2324.8,17,2233.4500000000007,2opt,notBad
9830,30,2324.8,17,2233.4500000000007,swap,notBad
9831,30,2324.8,17,2233.4500000000007,2opt,notBad
9832,30,2324.8,17,2233.4500000000007,swap,notBad
9833,30,2324.8,17,2233.4500000000007,2opt,notBad
9834,30,2324.8,17,2233.4500000000007,move,improve
9835,30,2324.8,17,2233.4500000000007,move,improve
9836,30,2324.8,17,2233.4500000000007,move,improve
9837,30,2324.8,17,2233.4500000000007,swap,notBad
9838,30,2324.8,17,2233.4500000000007,move,improve
9839,30,2324.8,17,2233.4500000000007,move,improve
9840,30,2324.8,17,2233.4500000000007,move,improve
9841,30,2324.8,17,2233.4500000000007,2opt,notBad
9842,30,2324.8,17,2233.4500000000007,swap,notBad
9843,30,2324.8,17,2233.4500000000007,move,improve
9844,30,2324.8,17,2233.4500000000007,swap,notBad
9845,30,2324.8,17,2233.4500000000007,2opt,notBad
9846,30,2324.8,17,2233.4500000000007,2opt,notBad
9847,30,2324.8,17,2233.4500000000007,swap,notBad
9848,30,2324.8,17,2233.4500000000007,move,improve
9849,30,2324.8,17,2233.4500000000007,move,improve
9850,30,2324.8,17,2233.4500000000007,move,improve
9851,30,2324.8,17,2233.4500000000007,move,improve
9852,30,2324.8,17,2233.4500000000007,2opt,notBad
9853,30,2324.8,17,2233.4500000000007,swap,notBad
9854,30,2324.8,17,2233.4500000000007,2opt,notBad
9855,30,2324.8,17,2233.4500000000007,2opt,notBad
9856,30,2324.8,17,2233.4500000000007,move,improve
9857,30,2324.8,17,2233.4500000000007,move,improve
9858,30,2324.8,17,2233.4500000000007,move,improve
9859,30,2324.8,17,2233.4500000000007,move,improve
9860,30,2324.8,17,2233.4500000000007,swap,notBad
9861,30,2324.8,17,2233.4500000000007,move,improve
9862,30,2324.8,17,2233.4500000000007,move,improve
9863,30,2324.8,17,2233.4500000000007,move,improve
9864,30,2324.8,17,2233.4500000000007,move,improve
9865,30,2324.8,17,2233.4500000000007,swap,notBad
9866,30,2324.8,17,2233.4500000000007,move,improve
9867,30,2300.2000000000007,17,2233.4500000000007,2opt,improve
9868,30,2300.2000000000007,17,2233.4500000000007,2opt,notBad
9869,30,2300.2000000000007,17,2233.4500000000007,swap,notBad
9870,30,2300.2000000000007,17,2233.4500000000007,move,improve
9871,30,2300.2000000000007,17,2233.4500000000007,2opt,notBad
9872,30,2300.2000000000007,17,2233.4500000000007,move,improve
9873,30,2300.2000000000007,17,2233.4500000000007,2opt,notBad
9874,30,2300.2000000000007,17,2233.4500000000007,move,improve
9875,30,2300.2000000000007,17,2233.4500000000007,move,improve
9876,30,2300.2000000000007,17,2233.4500000000007,swap,notBad
9877,30,2300.2000000000007,17,2233.4500000000007,move,improve
9878,30,2299.6000000000004,17,2233.4500000000007,move,improve
9879,30,2299.6000000000004,17,2233.4500000000007,swap,notBad
9880,30,2299.6000000000004,17,2233.4500000000007,2opt,notBad
9881,30,2299.6000000000004,17,2233.4500000000007,move,improve
9882,30,2299.6000000000004,17,2233.4500000000007,swap,notBad
9883,30,2299.6000000000004,17,2233.4500000000007,move,improve
9884,30,2299.6000000000004,17,2233.4500000000007,swap,notBad
9885,30,2299.6000000000004,17,2233.4500000000007,swap,notBad
9886,30,2299.6000000000004,17,2233.4500000000007,move,improve
9887,30,2299.6000000000004,17,2233.4500000000007,move,improve
9888,30,2299.6000000000004,17,2233.4500000000007,swap,notBad
9889,30,2299.6000000000004,17,2233.4500000000007,swap,notBad
9890,30,2297.2000000000007,17,2233.4500000000007,move,improve
9891,30,2297.2000000000007,17,2233.4500000000007,swap,notBad
9892,30,2297.2000000000007,17,2233.4500000000007,move,improve
9893,30,2297.2000000000007,17,2233.4500000000007,move,improve
9894,30,2297.2000000000007,17,2233.4500000000007,swap,notBad
9895,30,2297.2000000000007,17,2233.4500000000007,move,improve
9896,30,2297.2000000000007,17,2233.4500000000007,move,improve
9897,30,2297.2000000000007,17,2233.4500000000007,2opt,notBad
9898,30,2297.2000000000007,17,2233.4500000000007,move,improve
9899,30,2297.2000000000007,17,2233.4500000000007,swap,notBad
9900,30,2297.2000000000007,17,2233.4500000000007,move,improve
9901,30,2297.2000000000007,17,2233.4500000000007,move,improve
9902,30,2297.2000000000007,17,2233.4500000000007,swap,notBad
9903,30,2297.2000000000007,17,2233.4500000000007,move,improve
9904,30,2297.2000000000007,17,2233.4500000000007,swap,notBad
9905,30,2297.2000000000007,17,2233.4500000000007,move,improve
9906,30,2288.9999999999995,17,2233.4500000000007,2opt,improve
9907,30,2288.9999999999995,17,2233.4500000000007,swap,notBad
9908,30,2288.9999999999995,17,2233.4500000000007,2opt,notBad
9909,30,2288.9999999999995,17,2233.4500000000007,swap,notBad
9910,30,2288.9999999999995,17,2233.4500000000007,2opt,notBad
9911,30,2288.9999999999995,17,2233.4500000000007,move,improve
9912,30,2288.9999999999995,17,2233.4500000000007,2opt,notBad
9913,30,2288.9999999999995,17,2233.4500000000007,move,improve
9914,30,2288.9999999999995,17,2233.4500000000007,swap,notBad
9915,30,2288.9999999999995,17,2233.4500000000007,2opt,notBad
9916,30,2288.9999999999995,17,2233.4500000000007,2opt,notBad
9917,30,2288.9999999999995,17,2233.4500000000007,swap,notBad
9918,30,2288.9999999999995,17,2233.4500000000007,2opt,improve
9919,30,2288.9999999999995,17,2233.4500000000007,move,improve
9920,30,2288.9999999999995,17,2233.4500000000007,2opt,notBad
9921,30,2288.9999999999995,17,2233.4500000000007,2opt,notBad
9922,30,2288.9999999999995,17,2233.4500000000007,2opt,notBad
9923,30,2288.9999999999995,17,2233.4500000000007,2opt,notBad
9924,30,2288.9999999999995,17,2233.4500000000007,move,improve
9925,30,2288.9999999999995,17,2233.4500000000007,swap,notBad
9926,30,2288.9999999999995,17,2233.4500000000007,2opt,notBad
9927,30,2288.9999999999995,17,2233.4500000000007,swap,notBad
9928,30,2288.9999999999995,17,2233.4500000000007,2opt,notBad
9929,30,2288.9999999999995,17,2233.4500000000007,move,improve
9930,30,2288.9999999999995,17,2233.4500000000007,move,improve
9931,30,2288.9999999999995,17,2233.4500000000007,2opt,notBad
9932,30,2288.9999999999995,17,2233.4500000000007,move,improve
9933,30,2288.9999999999995,17,2233.4500000000007,2opt,notBad
9934,30,2288.9999999999995,17,2233.4500000000007,swap,notBad
9935,30,2288.9999999999995,17,2233.4500000000007,swap,notBad
9936,30,2288.9999999999995,17,2233.4500000000007,swap,notBad
9937,30,2288.9999999999995,17,2233.4500000000007,move,improve
9938,30,2288.9999999999995,17,2233.4500000000007,2opt,notBad
9939,30,2288.9999999999995,17,2233.4500000000007,2opt,notBad
9940,30,2288.9999999999995,17,2233.4500000000007,move,improve
9941,30,2288.9999999999995,17,2233.4500000000007,move,improve
9942,30,2288.9999999999995,17,2233.4500000000007,swap,notBad
9943,30,2288.1,17,2233.4500000000007,move,improve
9944,30,2288.1,17,2233.4500000000007,swap,notBad
9945,30,2288.1,17,2233.4500000000007,swap,notBad
9946,30,2288.1,17,2233.4500000000007,2opt,notBad
9947,30,2288.1,17,2233.4500000000007,swap,notBad
9948,30,2288.1,17,2233.4500000000007,2opt,notBad
9949,30,2288.1,17,2233.4500000000007,swap,notBad
9950,30,2288.1,17,2233.4500000000007,2opt,notBad
9951,30,2288.1,17,2233.4500000000007,2opt,notBad
9952,30,2288.1,17,2233.4500000000007,swap,notBad
9953,30,2288.1,17,2233.4500000000007,move,improve
9954,30,2288.1,17,2233.4500000000007,2opt,notBad
9955,30,2288.1,17,2233.4500000000007,move,improve
9956,30,2288.1,17,2233.4500000000007,swap,notBad
9957,30,2288.1,17,2233.4500000000007,move,improve
9958,30,2288.1,17,2233.4500000000007,swap,notBad
9959,30,2288.1,17,2233.4500000000007,move,improve
9960,30,2288.1,17,2233.4500000000007,swap,notBad
9961,30,2288.1,17,2233.4500000000007,2opt,notBad
9962,30,2288.1,17,2233.4500000000007,swap,notBad
9963,30,2288.1,17,2233.4500000000007,move,improve
9964,30,2288.1,17,2233.4500000000007,move,improve
9965,30,2288.1,17,2233.4500000000007,swap,notBad
9966,30,2288.1,17,2233.4500000000007,move,improve
9967,30,2288.1,17,2233.4500000000007,move,improve
9968,30,2288.1,17,2233.4500000000007,move,improve
9969,30,2288.1,17,2233.4500000000007,move,improve
9970,30,2288.1,17,2233.4500000000007,2opt,notBad
9971,30,2288.1,17,2233.4500000000007,move,improve
9972,30,2288.1,17,2233.4500000000007,swap,notBad
9973,30,2288.1,17,2233.4500000000007,swap,notBad
9974,30,2288.1,17,2233.4500000000007,2opt,notBad
9975,30,2288.1,17,2233.4500000000007,2opt,notBad
9976,30,2288.1,17,2233.4500000000007,move,improve
9977,30,2288.1,17,2233.4500000000007,move,improve
9978,30,2288.1,17,2233.4500000000007,swap,notBad
9979,30,2288.1,17,2233.4500000000007,move,improve
9980,30,2288.1,17,2233.4500000000007,2opt,notBad
9981,30,2288.1,17,2233.4500000000007,move,improve
9982,30,2288.1,17,2233.4500000000007,swap,notBad
9983,30,2288.1,17,2233.4500000000007,2opt,notBad
9984,30,2288.1,17,2233.4500000000007,swap,notBad
9985,30,2288.1,17,2233.4500000000007,move,improve
9986,30,2288.1,17,2233.4500000000007,swap,notBad
9987,30,2288.1,17,2233.4500000000007,swap,notBad
9988,30,2288.1,17,2233.4500000000007,2opt,notBad
9989,30,2288.1,17,2233.4500000000007,swap,notBad
9990,30,2288.1,17,2233.4500000000007,move,improve
9991,30,2288.1,17,2233.4500000000007,2opt,notBad
9992,30,2288.1,17,2233.4500000000007,move,improve
9993,30,2288.1,17,2233.4500000000007,swap,notBad
9994,30,2288.1,17,2233.4500000000007,2opt,notBad
9995,30,2288.1,17,2233.4500000000007,2opt,notBad
9996,30,2288.1,17,2233.4500000000007,swap,notBad
9997,30,2288.1,17,2233.4500000000007,move,improve
9998,30,2288.1,17,2233.4500000000007,move,improve
9999,30,2288.1,17,2233.4500000000007,2opt,notBad
10000,30,2288.1,17,2233.4500000000007,move,improve
10001,30,2288.1,17,2233.4500000000007,2opt,notBad
10002,30,2288.1,17,2233.4500000000007,2opt,notBad
10003,30,2288.1,17,2233.4500000000007,move,improve
10004,30,2288.1,17,2233.4500000000007,move,improve
10005,30,2288.1,17,2233.4500000000007,2opt,notBad
10006,30,2288.1,17,2233.4500000000007,swap,notBad
10007,30,2288.1,17,2233.4500000000007,move,improve
10008,30,2288.1,17,2233.4500000000007,swap,notBad
10009,30,2288.1,17,2233.4500000000007,swap,notBad
10010,30,2288.1,17,2233.4500000000007,swap,notBad
10011,30,2288.1,17,2233.4500000000007,2opt,notBad
10012,30,2288.1,17,2233.4500000000007,move,improve
10013,30,2288.1,17,2233.4500000000007,2opt,notBad
10014,30,2288.1,17,2233.4500000000007,2opt,notBad
10015,30,2288.1,17,2233.4500000000007,swap,notBad
10016,30,2288.1,17,2233.4500000000007,swap,notBad
10017,30,2288.1,17,2233.4500000000007,2opt,improve
10018,30,2288.1,17,2233.4500000000007,2opt,notBad
10019,30,2288.1,17,2233.4500000000007,swap,notBad
10020,30,2288.1,17,2233.4500000000007,move,improve
10021,30,2288.1,17,2233.4500000000007,swap,notBad
10022,30,2288.1,17,2233.4500000000007,2opt,notBad
10023,30,2288.1,17,2233.4500000000007,2opt,notBad
10024,30,2288.1,17,2233.4500000000007,move,improve
10025,30,2288.1,17,2233.4500000000007,move,improve
10026,30,2288.1,17,2233.4500000000007,2opt,notBad
10027,30,2288.1,17,2233.4500000000007,2opt,improve
10028,30,2288.1,17,2233.4500000000007,move,improve
10029,30,2288.1,17,2233.4500000000007,swap,notBad
10030,30,2288.1,17,2233.4500000000007,2opt,notBad
10031,30,2288.1,17,2233.4500000000007,move,improve
10032,30,2288.1,17,2233.4500000000007,2opt,notBad
10033,30,2288.1,17,2233.4500000000007,swap,notBad
10034,30,2288.1,17,2233.4500000000007,move,improve
10035,30,2288.1,17,2233.4500000000007,2opt,notBad
10036,30,2288.1,17,2233.4500000000007,move,improve
10037,30,2288.1,17,2233.4500000000007,2opt,improve
10038,30,2288.1,17,2233.4500000000007,move,improve
10039,30,2288.1,17,2233.4500000000007,2opt,notBad
10040,30,2288.1,17,2233.4500000000007,2opt,notBad
10041,30,2288.1,17,2233.4500000000007,swap,notBad
10042,30,2288.1,17,2233.4500000000007,swap,notBad
10043,30,2288.1,17,2233.4500000000007,2opt,notBad
10044,30,2288.1,17,2233.4500000000007,move,improve
10045,30,2288.1,17,2233.4500000000007,2opt,notBad
10046,30,2288.1,17,2233.4500000000007,2opt,notBad
10047,30,2288.1,17,2233.4500000000007,2opt,notBad
10048,30,2288.1,17,2233.4500000000007,2opt,notBad
10049,30,2288.1,17,2233.4500000000007,swap,notBad
10050,30,2288.1,17,2233.4500000000007,move,improve
10051,30,2288.1,17,2233.4500000000007,2opt,notBad
10052,30,2288.1,17,2233.4500000000007,move,improve
10053,30,2288.1,17,2233.4500000000007,move,improve
10054,30,2288.1,17,2233.4500000000007,move,improve
10055,30,2288.1,17,2233.4500000000007,2opt,improve
10056,30,2288.1,17,2233.4500000000007,swap,notBad
10057,30,2288.1,17,2233.4500000000007,2opt,notBad
10058,30,2288.1,17,2233.4500000000007,2opt,notBad
10059,30,2288.1,17,2233.4500000000007,swap,notBad
10060,30,2288.1,17,2233.4500000000007,swap,notBad
10061,30,2288.1,17,2233.4500000000007,move,improve
10062,30,2288.1,17,2233.4500000000007,swap,notBad
10063,30,2288.1,17,2233.4500000000007,move,improve
10064,30,2288.1,17,2233.4500000000007,move,improve
10065,30,2288.1,17,2233.4500000000007,2opt,notBad
10066,30,2288.1,17,2233.4500000000007,2opt,notBad
10067,30,2288.1,17,2233.4500000000007,swap,notBad
10068,30,2288.1,17,2233.4500000000007,move,improve
10069,30,2288.1,17,2233.4500000000007,swap,notBad
10070,30,2288.1,17,2233.4500000000007,swap,notBad
10071,30,2288.1,17,2233.4500000000007,move,improve
10072,30,2288.1,17,2233.4500000000007,swap,notBad
10073,30,2288.1,17,2233.4500000000007,2opt,notBad
10074,30,2288.1,17,2233.4500000000007,2opt,notBad
10075,30,2288.1,17,2233.4500000000007,move,improve
10076,30,2288.1,17,2233.4500000000007,2opt,notBad
10077,30,2288.1,17,2233.4500000000007,swap,notBad
10078,30,2288.1,17,2233.4500000000007,move,improve
10079,30,2288.1,17,2233.4500000000007,swap,notBad
10080,30,2288.1,17,2233.4500000000007,move,improve
10081,30,2288.1,17,2233.4500000000007,2opt,notBad
10082,30,2288.1,17,2233.4500000000007,2opt,notBad
10083,30,2288.1,17,2233.4500000000007,swap,notBad
10084,30,2288.1,17,2233.4500000000007,2opt,notBad
10085,30,2288.1,17,2233.4500000000007,2opt,notBad
10086,30,2288.1,17,2233.4500000000007,move,improve
10087,30,2288.1,17,2233.4500000000007,move,improve
10088,30,2288.1,17,2233.4500000000007,swap,notBad
10089,30,2288.1,17,2233.4500000000007,swap,notBad
10090,30,2288.1,17,2233.4500000000007,2opt,notBad
10091,30,2288.1,17,2233.4500000000007,2opt,notBad
10092,30,2288.1,17,2233.4500000000007,2opt,notBad
10093,30,2288.1,17,2233.4500000000007,2opt,notBad
10094,30,2288.1,17,2233.4500000000007,swap,notBad
10095,30,2288.1,17,2233.4500000000007,swap,notBad
10096,30,2288.1,17,2233.4500000000007,move,improve
10097,30,2288.1,17,2233.4500000000007,move,improve
10098,30,2288.1,17,2233.4500000000007,swap,notBad
10099,30,2288.1,17,2233.4500000000007,move,improve
10100,30,2288.1,17,2233.4500000000007,swap,notBad
10101,30,2288.1,17,2233.4500000000007,swap,notBad
10102,30,2288.1,17,2233.4500000000007,move,improve
10103,30,2288.1,17,2233.4500000000007,2opt,notBad
10104,30,2288.1,17,2233.4500000000007,move,improve
10105,30,2288.1,17,2233.4500000000007,move,improve
10106,30,2288.1,17,2233.4500000000007,2opt,notBad
10107,30,2288.1,17,2233.4500000000007,2opt,notBad
10108,30,2288.1,17,2233.4500000000007,2opt,notBad
10109,30,2288.1,17,2233.4500000000007,2opt,notBad
10110,30,2288.1,17,2233.4500000000007,swap,notBad
10111,30,2288.1,17,2233.4500000000007,swap,notBad
10112,30,2288.1,17,2233.4500000000007,2opt,notBad
10113,30,2288.1,17,2233.4500000000007,2opt,notBad
10114,30,2288.1,17,2233.4500000000007,swap,notBad
10115,30,2288.1,17,2233.4500000000007,swap,notBad
10116,30,2288.1,17,2233.4500000000007,2opt,notBad
10117,30,2288.1,17,2233.4500000000007,swap,notBad
10118,30,2288.1,17,2233.4500000000007,2opt,notBad
10119,30,2288.1,17,2233.4500000000007,move,improve
10120,30,2288.1,17,2233.4500000000007,swap,notBad
10121,30,2288.1,17,2233.4500000000007,2opt,notBad
10122,30,2288.1,17,2233.4500000000007,swap,notBad
10123,30,2288.1,17,2233.4500000000007,2opt,improve
10124,30,2288.1,17,2233.4500000000007,move,improve
10125,30,2288.1,17,2233.4500000000007,move,improve
10126,30,2288.1,17,2233.4500000000007,2opt,notBad
10127,30,2288.1,17,2233.4500000000007,swap,notBad
10128,30,2288.1,17,2233.4500000000007,swap,notBad
10129,30,2288.1,17,2233.4500000000007,move,improve
10130,30,2288.1,17,2233.4500000000007,move,improve
10131,30,2288.1,17,2233.4500000000007,2opt,notBad
10132,30,2288.1,17,2233.4500000000007,2opt,notBad
10133,30,2288.1,17,2233.4500000000007,move,improve
10134,30,2288.1,17,2233.4500000000007,move,improve
10135,30,2288.1,17,2233.4500000000007,2opt,notBad
10136,30,2288.1,17,2233.4500000000007,move,improve
10137,30,2288.1,17,2233.4500000000007,2opt,notBad
10138,30,2288.1,17,2233.4500000000007,swap,notBad
10139,30,2288.1,17,2233.4500000000007,2opt,notBad
10140,30,2288.1,17,2233.4500000000007,move,improve
10141,30,2288.1,17,2233.4500000000007,2opt,notBad
10142,30,2288.1,17,2233.4500000000007,2opt,notBad
10143,30,2288.1,17,2233.4500000000007,2opt,notBad
10144,30,2288.1,17,2233.4500000000007,move,improve
10145,30,2288.1,17,2233.4500000000007,move,improve
10146,30,2288.1,17,2233.4500000000007,swap,notBad
10147,30,2288.1,17,2233.4500000000007,2opt,notBad
10148,30,2288.1,17,2233.4500000000007,swap,notBad
10149,30,2288.1,17,2233.4500000000007,move,improve
10150,30,2288.1,17,2233.4500000000007,2opt,notBad
10151,30,2288.1,17,2233.4500000000007,move,improve
10152,30,2288.1,17,2233.4500000000007,swap,notBad
10153,30,2288.1,17,2233.4500000000007,2opt,notBad
10154,30,2288.1,17,2233.4500000000007,move,improve
10155,30,2288.1,17,2233.4500000000007,2opt,improve
10156,30,2288.1,17,2233.4500000000007,move,improve
10157,30,2288.1,17,2233.4500000000007,2opt,notBad
10158,30,2288.1,17,2233.4500000000007,move,improve
10159,30,2288.1,17,2233.4500000000007,2opt,notBad
10160,30,2288.1,17,2233.4500000000007,2opt,notBad
10161,30,2288.1,17,2233.4500000000007,swap,notBad
10162,30,2289.0,17,2233.4500000000007,swap,acceptBad
10163,30,2289.0,17,2233.4500000000007,move,improve
10164,30,2289.0,17,2233.4500000000007,move,improve
10165,30,2289.0,17,2233.4500000000007,swap,notBad
10166,30,2289.0,17,2233.4500000000007,swap,notBad
10167,30,2289.0,17,2233.4500000000007,move,improve
10168,30,2289.0,17,2233.4500000000007,swap,notBad
10169,30,2289.0,17,2233.4500000000007,move,improve
10170,30,2289.0,17,2233.4500000000007,2opt,improve
10171,30,2289.0,17,2233.4500000000007,2opt,notBad
10172,30,2289.0,17,2233.4500000000007,move,improve
10173,30,2289.0,17,2233.4500000000007,swap,notBad
10174,30,2289.0,17,2233.4500000000007,move,improve
10175,30,2289.0,17,2233.4500000000007,swap,notBad
10176,30,2289.0,17,2233.4500000000007,swap,notBad
10177,30,2289.0,17,2233.4500000000007,move,improve
10178,30,2289.0,17,2233.4500000000007,move,improve
10179,30,2289.0,17,2233.4500000000007,move,improve
10180,30,2289.0,17,2233.4500000000007,swap,notBad
10181,30,2289.0,17,2233.4500000000007,swap,notBad
10182,30,2289.0,17,2233.4500000000007,swap,notBad
10183,30,2289.0,17,2233.4500000000007,move,improve
10184,30,2289.0,17,2233.4500000000007,move,improve
10185,30,2289.0,17,2233.4500000000007,2opt,notBad
10186,30,2289.0,17,2233.4500000000007,2opt,notBad
10187,30,2289.0,17,2233.4500000000007,swap,notBad
10188,30,2289.0,17,2233.4500000000007,swap,notBad
10189,30,2289.0,17,2233.4500000000007,swap,notBad
10190,30,2289.0,17,2233.4500000000007,move,improve
10191,30,2289.0,17,2233.4500000000007,swap,notBad
10192,30,2289.0,17,2233.4500000000007,move,improve
10193,30,2289.0,17,2233.4500000000007,swap,notBad
10194,30,2289.0,17,2233.4500000000007,swap,notBad
10195,30,2289.0,17,2233.4500000000007,swap,notBad
10196,30,2289.0,17,2233.4500000000007,move,improve
10197,30,2289.0,17,2233.4500000000007,2opt,notBad
10198,30,2289.0,17,2233.4500000000007,swap,notBad
10199,30,2289.0,17,2233.4500000000007,move,improve
10200,30,2289.0,17,2233.4500000000007,2opt,notBad
10201,30,2289.0,17,2233.4500000000007,swap,notBad
10202,30,2289.0,17,2233.4500000000007,2opt,notBad
10203,30,2289.0,17,2233.4500000000007,swap,notBad
10204,30,2289.0,17,2233.4500000000007,2opt,notBad
10205,30,2289.0,17,2233.4500000000007,move,improve
10206,30,2289.0,17,2233.4500000000007,swap,notBad
10207,30,2289.0,17,2233.4500000000007,2opt,notBad
10208,30,2289.0,17,2233.4500000000007,move,improve
10209,30,2289.0,17,2233.4500000000007,swap,notBad
10210,30,2289.0,17,2233.4500000000007,move,improve
10211,30,2289.0,17,2233.4500000000007,2opt,notBad
10212,30,2289.0,17,2233.4500000000007,swap,notBad
10213,30,2289.0,17,2233.4500000000007,swap,notBad
10214,30,2289.0,17,2233.4500000000007,move,improve
10215,30,2289.0,17,2233.4500000000007,2opt,notBad
10216,30,2289.0,17,2233.4500000000007,swap,notBad
10217,30,2289.0,17,2233.4500000000007,swap,notBad
10218,30,2289.0,17,2233.4500000000007,swap,notBad
10219,30,2289.0,17,2233.4500000000007,2opt,notBad
10220,30,2289.0,17,2233.4500000000007,2opt,notBad
10221,30,2289.0,17,2233.4500000000007,2opt,notBad
10222,30,2289.0,17,2233.4500000000007,swap,notBad
10223,30,2289.0,17,2233.4500000000007,move,improve
10224,30,2289.0,17,2233.4500000000007,move,improve
10225,30,2289.0,17,2233.4500000000007,swap,notBad
10226,30,2289.0,17,2233.4500000000007,move,improve
10227,30,2289.0,17,2233.4500000000007,2opt,notBad
10228,30,2289.0,17,2233.4500000000007,2opt,notBad
10229,30,2289.0,17,2233.4500000000007,swap,notBad
10230,30,2289.0,17,2233.4500000000007,2opt,notBad
10231,30,2289.0,17,2233.4500000000007,2opt,notBad
10232,30,2289.0,17,2233.4500000000007,swap,notBad
10233,30,2289.0,17,2233.4500000000007,2opt,notBad
10234,30,2289.0,17,2233.4500000000007,2opt,notBad
10235,30,2289.0,17,2233.4500000000007,move,improve
10236,30,2289.0,17,2233.4500000000007,2opt,notBad
10237,30,2289.0,17,2233.4500000000007,move,improve
10238,30,2289.0,17,2233.4500000000007,move,improve
10239,30,2289.0,17,2233.4500000000007,move,improve
10240,30,2289.0,17,2233.4500000000007,swap,notBad
10241,30,2289.0,17,2233.4500000000007,2opt,notBad
10242,30,2289.0,17,2233.4500000000007,2opt,notBad
10243,30,2289.0,17,2233.4500000000007,2opt,notBad
10244,30,2289.0,17,2233.4500000000007,swap,notBad
10245,30,2289.0,17,2233.4500000000007,move,improve
10246,30,2289.0,17,2233.4500000000007,2opt,notBad
10247,30,2289.0,17,2233.4500000000007,2opt,notBad
10248,30,2289.0,17,2233.4500000000007,move,notBad
10249,30,2289.0,17,2233.4500000000007,move,improve
10250,30,2289.0,17,2233.4500000000007,2opt,improve
10251,30,2289.0,17,2233.4500000000007,2opt,notBad
10252,30,2289.0,17,2233.4500000000007,move,improve
10253,30,2289.0,17,2233.4500000000007,swap,notBad
10254,30,2289.0,17,2233.4500000000007,move,improve
10255,30,2289.0,17,2233.4500000000007,2opt,notBad
10256,30,2289.0,17,2233.4500000000007,swap,notBad
10257,30,2289.0,17,2233.4500000000007,swap,notBad
10258,30,2289.0,17,2233.4500000000007,2opt,notBad
10259,30,2289.0,17,2233.4500000000007,swap,notBad
10260,30,2289.0,17,2233.4500000000007,2opt,notBad
10261,30,2289.0,17,2233.4500000000007,swap,notBad
10262,30,2289.0,17,2233.4500000000007,2opt,notBad
10263,30,2289.0,17,2233.4500000000007,2opt,improve
10264,30,2289.0,17,2233.4500000000007,swap,notBad
10265,30,2289.0,17,2233.4500000000007,move,improve
10266,30,2289.0,17,2233.4500000000007,move,improve
10267,30,2289.0,17,2233.4500000000007,2opt,notBad
10268,30,2289.0,17,2233.4500000000007,move,improve
10269,30,2289.0,17,2233.4500000000007,move,improve
10270,30,2289.0,17,2233.4500000000007,swap,notBad
10271,30,2289.0,17,2233.4500000000007,move,improve
10272,30,2289.0,17,2233.4500000000007,2opt,notBad
10273,30,2289.0,17,2233.4500000000007,move,improve
10274,30,2289.0,17,2233.4500000000007,2opt,notBad
10275,30,2289.0,17,2233.4500000000007,swap,notBad
10276,30,2289.0,17,2233.4500000000007,2opt,notBad
10277,30,2289.0,17,2233.4500000000007,move,improve
10278,30,2289.0,17,2233.4500000000007,move,improve
10279,30,2289.0,17,2233.4500000000007,move,improve
10280,30,2289.0,17,2233.4500000000007,move,improve
10281,30,2289.0,17,2233.4500000000007,swap,notBad
10282,30,2289.0,17,2233.4500000000007,move,improve
10283,30,2289.0,17,2233.4500000000007,move,improve
10284,30,2289.0,17,2233.4500000000007,swap,notBad
10285,30,2289.0,17,2233.4500000000007,swap,notBad
10286,30,2289.0,17,2233.4500000000007,move,improve
10287,30,2289.0,17,2233.4500000000007,swap,notBad
10288,30,2289.0,17,2233.4500000000007,move,improve
10289,30,2289.0,17,2233.4500000000007,2opt,notBad
10290,30,2289.0,17,2233.4500000000007,move,improve
10291,30,2280.4,17,2233.4500000000007,swap,improve
10292,30,2280.4,17,2233.4500000000007,move,improve
10293,30,2280.4,17,2233.4500000000007,swap,notBad
10294,30,2280.4,17,2233.4500000000007,swap,notBad
10295,30,2280.4,17,2233.4500000000007,move,improve
10296,30,2280.4,17,2233.4500000000007,2opt,notBad
10297,30,2280.4,17,2233.4500000000007,move,improve
10298,30,2280.4,17,2233.4500000000007,swap,notBad
10299,30,2280.4,17,2233.4500000000007,2opt,notBad
10300,30,2280.4,17,2233.4500000000007,2opt,improve
10301,30,2280.4,17,2233.4500000000007,move,improve
10302,30,2280.4,17,2233.4500000000007,2opt,notBad
10303,30,2280.4,17,2233.4500000000007,2opt,notBad
10304,30,2280.4,17,2233.4500000000007,2opt,notBad
10305,30,2280.4,17,2233.4500000000007,swap,notBad
10306,30,2280.4,17,2233.4500000000007,move,improve
10307,30,2280.4,17,2233.4500000000007,2opt,notBad
10308,30,2280.4,17,2233.4500000000007,swap,notBad
10309,30,2280.4,17,2233.4500000000007,swap,notBad
10310,30,2280.4,17,2233.4500000000007,2opt,notBad
10311,30,2280.5,17,2233.4500000000007,swap,acceptBad
10312,30,2280.5,17,2233.4500000000007,swap,notBad
10313,30,2280.5,17,2233.4500000000007,move,improve
10314,30,2280.5,17,2233.4500000000007,2opt,notBad
10315,30,2280.5,17,2233.4500000000007,move,improve
10316,30,2280.5,17,2233.4500000000007,move,improve
10317,30,2280.5,17,2233.4500000000007,swap,notBad
10318,30,2280.5,17,2233.4500000000007,2opt,notBad
10319,30,2280.5,17,2233.4500000000007,swap,notBad
10320,30,2280.5,17,2233.4500000000007,2opt,notBad
10321,30,2280.5,17,2233.4500000000007,2opt,notBad
10322,30,2280.5,17,2233.4500000000007,move,improve
10323,30,2280.5,17,2233.4500000000007,swap,notBad
10324,30,2280.5,17,2233.4500000000007,swap,notBad
10325,30,2280.5,17,2233.4500000000007,2opt,notBad
10326,30,2280.5,17,2233.4500000000007,swap,notBad
10327,30,2280.5,17,2233.4500000000007,swap,notBad
10328,30,2280.5,17,2233.4500000000007,move,improve
10329,30,2280.5,17,2233.4500000000007,move,improve
10330,30,2280.5,17,2233.4500000000007,2opt,notBad
10331,30,2280.5,17,2233.4500000000007,swap,notBad
10332,30,2280.5,17,2233.4500000000007,move,improve
10333,30,2280.5,17,2233.4500000000007,2opt,notBad
10334,30,2280.5,17,2233.4500000000007,swap,notBad
10335,30,2280.5,17,2233.4500000000007,swap,notBad
10336,30,2280.5,17,2233.4500000000007,swap,notBad
10337,30,2280.5,17,2233.4500000000007,move,improve
10338,30,2280.5,17,2233.4500000000007,2opt,notBad
10339,30,2280.5,17,2233.4500000000007,swap,notBad
10340,30,2280.5,17,2233.4500000000007,move,improve
10341,30,2280.5,17,2233.4500000000007,move,improve
10342,30,2280.5,17,2233.4500000000007,2opt,notBad
10343,30,2280.5,17,2233.4500000000007,2opt,improve
10344,30,2280.5,17,2233.4500000000007,swap,notBad
10345,30,2280.5,17,2233.4500000000007,2opt,notBad
10346,30,2280.5,17,2233.4500000000007,2opt,notBad
10347,30,2280.5,17,2233.4500000000007,move,improve
10348,30,2280.5,17,2233.4500000000007,swap,notBad
10349,30,2280.5,17,2233.4500000000007,swap,notBad
10350,30,2280.5,17,2233.4500000000007,move,improve
10351,30,2280.5,17,2233.4500000000007,2opt,notBad
10352,30,2280.5,17,2233.4500000000007,move,improve
10353,30,2280.5,17,2233.4500000000007,swap,notBad
10354,30,2280.5,17,2233.4500000000007,2opt,improve
10355,30,2280.5,17,2233.4500000000007,2opt,notBad
10356,30,2280.5,17,2233.4500000000007,move,improve
10357,30,2280.5,17,2233.4500000000007,2opt,notBad
10358,30,2280.5,17,2233.4500000000007,move,improve
10359,30,2280.5,17,2233.4500000000007,move,improve
10360,30,2280.5,17,2233.4500000000007,2opt,notBad
10361,30,2280.5,17,2233.4500000000007,2opt,notBad
10362,30,2280.5,17,2233.4500000000007,move,improve
10363,30,2280.5,17,2233.4500000000007,2opt,notBad
10364,30,2280.5,17,2233.4500000000007,swap,notBad
10365,30,2280.5,17,2233.4500000000007,swap,notBad
10366,30,2280.5,17,2233.4500000000007,swap,notBad
10367,30,2276.2000000000003,17,2233.4500000000007,swap,improve
10368,30,2276.2000000000003,17,2233.4500000000007,move,improve
10369,30,2276.2000000000003,17,2233.4500000000007,swap,notBad
10370,30,2276.2000000000003,17,2233.4500000000007,swap,notBad
10371,30,2276.2000000000003,17,2233.4500000000007,swap,notBad
10372,30,2276.2000000000003,17,2233.4500000000007,swap,notBad
10373,30,2276.2000000000003,17,2233.4500000000007,swap,notBad
10374,30,2276.2000000000003,17,2233.4500000000007,2opt,notBad
10375,30,2276.2000000000003,17,2233.4500000000007,move,improve
10376,30,2276.2000000000003,17,2233.4500000000007,move,improve
10377,30,2276.2000000000003,17,2233.4500000000007,2opt,notBad
10378,30,2276.2000000000003,17,2233.4500000000007,2opt,notBad
10379,30,2276.2000000000003,17,2233.4500000000007,2opt,notBad
10380,30,2276.2000000000003,17,2233.4500000000007,swap,notBad
10381,30,2276.2000000000003,17,2233.4500000000007,2opt,notBad
10382,30,2276.2000000000003,17,2233.4500000000007,2opt,notBad
10383,30,2276.2000000000003,17,2233.4500000000007,move,improve
10384,30,2276.2000000000003,17,2233.4500000000007,2opt,notBad
10385,30,2266.8,17,2233.4500000000007,swap,improve
10386,30,2266.8,17,2233.4500000000007,2opt,notBad
10387,30,2266.8,17,2233.4500000000007,move,improve
10388,30,2266.8,17,2233.4500000000007,2opt,improve
10389,30,2266.8,17,2233.4500000000007,2opt,notBad
10390,30,2266.8,17,2233.4500000000007,move,improve
10391,30,2266.8,17,2233.4500000000007,2opt,notBad
10392,30,2266.8,17,2233.4500000000007,swap,notBad
10393,30,2266.8,17,2233.4500000000007,move,improve
10394,30,2266.8,17,2233.4500000000007,swap,notBad
10395,30,2266.8,17,2233.4500000000007,move,improve
10396,30,2266.8,17,2233.4500000000007,2opt,improve
10397,30,2266.8,17,2233.4500000000007,swap,notBad
10398,30,2266.8,17,2233.4500000000007,swap,notBad
10399,30,2266.8,17,2233.4500000000007,move,improve
10400,30,2266.8,17,2233.4500000000007,2opt,notBad
10401,30,2266.8,17,2233.4500000000007,2opt,notBad
10402,30,2266.8,17,2233.4500000000007,2opt,notBad
10403,30,2266.05,17,2233.4500000000007,move,improve
10404,30,2266.05,17,2233.4500000000007,2opt,notBad
10405,30,2266.05,17,2233.4500000000007,2opt,notBad
10406,30,2266.05,17,2233.4500000000007,move,improve
10407,30,2266.05,17,2233.4500000000007,2opt,improve
10408,30,2266.05,17,2233.4500000000007,swap,notBad
10409,30,2266.05,17,2233.4500000000007,swap,notBad
10410,30,2266.05,17,2233.4500000000007,move,improve
10411,30,2266.05,17,2233.4500000000007,move,improve
10412,30,2266.05,17,2233.4500000000007,swap,notBad
10413,30,2266.05,17,2233.4500000000007,swap,notBad
10414,30,2266.05,17,2233.4500000000007,2opt,notBad
10415,30,2266.05,17,2233.4500000000007,move,improve
10416,30,2266.05,17,2233.4500000000007,2opt,notBad
10417,30,2266.05,17,2233.4500000000007,swap,notBad
10418,30,2266.05,17,2233.4500000000007,move,improve
10419,30,2266.05,17,2233.4500000000007,swap,notBad
10420,30,2266.05,17,2233.4500000000007,2opt,notBad
10421,30,2266.05,17,2233.4500000000007,move,improve
10422,30,2266.05,17,2233.4500000000007,swap,notBad
10423,30,2266.05,17,2233.4500000000007,2opt,notBad
10424,30,2266.05,17,2233.4500000000007,2opt,notBad
10425,30,2266.05,17,2233.4500000000007,swap,notBad
10426,30,2266.05,17,2233.4500000000007,swap,notBad
10427,30,2266.05,17,2233.4500000000007,swap,notBad
10428,30,2266.05,17,2233.4500000000007,2opt,notBad
10429,30,2266.05,17,2233.4500000000007,swap,notBad
10430,30,2266.05,17,2233.4500000000007,2opt,notBad
10431,30,2266.05,17,2233.4500000000007,move,improve
10432,30,2266.05,17,2233.4500000000007,2opt,notBad
10433,30,2266.05,17,2233.4500000000007,2opt,notBad
10434,30,2266.05,17,2233.4500000000007,2opt,notBad
10435,30,2266.05,17,2233.4500000000007,move,improve
10436,30,2266.05,17,2233.4500000000007,swap,notBad
10437,30,2261.65,17,2233.4500000000007,move,improve
10438,30,2261.65,17,2233.4500000000007,move,improve
10439,30,2261.65,17,2233.4500000000007,2opt,notBad
10440,30,2261.65,17,2233.4500000000007,2opt,notBad
10441,30,2261.65,17,2233.4500000000007,swap,notBad
10442,30,2261.65,17,2233.4500000000007,2opt,notBad
10443,30,2261.65,17,2233.4500000000007,move,improve
10444,30,2261.65,17,2233.4500000000007,swap,notBad
10445,30,2261.65,17,2233.4500000000007,2opt,notBad
10446,30,2261.65,17,2233.4500000000007,2opt,notBad
10447,30,2261.65,17,2233.4500000000007,move,improve
10448,30,2261.65,17,2233.4500000000007,2opt,improve
10449,30,2261.65,17,2233.4500000000007,swap,notBad
10450,30,2261.65,17,2233.4500000000007,2opt,notBad
10451,30,2261.65,17,2233.4500000000007,swap,notBad
10452,30,2261.65,17,2233.4500000000007,swap,notBad
10453,30,2261.65,17,2233.4500000000007,swap,notBad
10454,30,2261.65,17,2233.4500000000007,move,improve
10455,30,2261.65,17,2233.4500000000007,swap,notBad
10456,30,2261.65,17,2233.4500000000007,move,improve
10457,30,2261.65,17,2233.4500000000007,move,improve
10458,30,2261.65,17,2233.4500000000007,swap,notBad
10459,30,2261.65,17,2233.4500000000007,2opt,notBad
10460,30,2261.65,17,2233.4500000000007,2opt,notBad
10461,30,2261.65,17,2233.4500000000007,move,improve
10462,30,2261.65,17,2233.4500000000007,move,improve
10463,30,2261.65,17,2233.4500000000007,swap,notBad
10464,30,2261.65,17,2233.4500000000007,move,improve
10465,30,2261.65,17,2233.4500000000007,move,improve
10466,30,2261.65,17,2233.4500000000007,move,improve
10467,30,2261.65,17,2233.4500000000007,swap,notBad
10468,30,2261.65,17,2233.4500000000007,move,improve
10469,30,2261.65,17,2233.4500000000007,2opt,notBad
10470,30,2261.65,17,2233.4500000000007,swap,notBad
10471,30,2261.65,17,2233.4500000000007,2opt,notBad
10472,30,2261.65,17,2233.4500000000007,move,improve
10473,30,2261.65,17,2233.4500000000007,2opt,notBad
10474,30,2261.65,17,2233.4500000000007,swap,notBad
10475,30,2261.65,17,2233.4500000000007,2opt,notBad
10476,30,2261.65,17,2233.4500000000007,move,improve
10477,30,2261.65,17,2233.4500000000007,swap,notBad
10478,30,2261.65,17,2233.4500000000007,swap,notBad
10479,30,2261.65,17,2233.4500000000007,2opt,notBad
10480,30,2261.65,17,2233.4500000000007,swap,notBad
10481,30,2261.65,17,2233.4500000000007,swap,notBad
10482,30,2261.65,17,2233.4500000000007,2opt,notBad
10483,30,2261.65,17,2233.4500000000007,swap,notBad
10484,30,2261.65,17,2233.4500000000007,2opt,notBad
10485,30,2261.65,17,2233.4500000000007,move,improve
10486,30,2261.65,17,2233.4500000000007,move,improve
10487,30,2261.65,17,2233.4500000000007,move,improve
10488,30,2261.65,17,2233.4500000000007,swap,notBad
10489,30,2261.65,17,2233.4500000000007,swap,notBad
10490,30,2261.65,17,2233.4500000000007,move,improve
10491,30,2261.65,17,2233.4500000000007,swap,notBad
10492,30,2261.65,17,2233.4500000000007,swap,notBad
10493,30,2261.65,17,2233.4500000000007,move,improve
10494,30,2261.65,17,2233.4500000000007,move,improve
10495,30,2261.65,17,2233.4500000000007,move,improve
10496,30,2261.65,17,2233.4500000000007,move,improve
10497,30,2261.65,17,2233.4500000000007,move,improve
10498,30,2261.65,17,2233.4500000000007,2opt,notBad
10499,30,2261.65,17,2233.4500000000007,move,improve
10500,30,2261.65,17,2233.4500000000007,2opt,notBad
10501,30,2261.65,17,2233.4500000000007,swap,notBad
10502,30,2261.65,17,2233.4500000000007,2opt,notBad
10503,30,2261.65,17,2233.4500000000007,move,improve
10504,30,2261.65,17,2233.4500000000007,swap,notBad
10505,30,2261.65,17,2233.4500000000007,2opt,notBad
10506,30,2261.65,17,2233.4500000000007,swap,notBad
10507,30,2261.65,17,2233.4500000000007,move,improve
10508,30,2261.65,17,2233.4500000000007,2opt,notBad
10509,30,2261.65,17,2233.4500000000007,2opt,notBad
10510,30,2261.65,17,2233.4500000000007,move,improve
10511,30,2261.65,17,2233.4500000000007,move,improve
10512,30,2261.65,17,2233.4500000000007,move,improve
10513,30,2261.65,17,2233.4500000000007,2opt,notBad
10514,30,2261.65,17,2233.4500000000007,move,improve
10515,30,2261.65,17,2233.4500000000007,swap,notBad
10516,30,2261.65,17,2233.4500000000007,swap,notBad
10517,30,2261.65,17,2233.4500000000007,swap,notBad
10518,30,2261.65,17,2233.4500000000007,swap,notBad
10519,30,2261.65,17,2233.4500000000007,2opt,notBad
10520,30,2261.65,17,2233.4500000000007,move,improve
10521,30,2261.65,17,2233.4500000000007,2opt,notBad
10522,30,2261.65,17,2233.4500000000007,move,improve
10523,30,2261.65,17,2233.4500000000007,move,improve
10524,30,2261.65,17,2233.4500000000007,2opt,notBad
10525,30,2261.65,17,2233.4500000000007,swap,notBad
10526,30,2261.65,17,2233.4500000000007,move,improve
10527,30,2261.65,17,2233.4500000000007,swap,notBad
10528,30,2261.65,17,2233.4500000000007,swap,notBad
10529,30,2261.65,17,2233.4500000000007,move,improve
10530,30,2261.65,17,2233.4500000000007,2opt,notBad
10531,30,2261.65,17,2233.4500000000007,2opt,notBad
10532,30,2261.65,17,2233.4500000000007,2opt,improve
10533,30,2261.65,17,2233.4500000000007,swap,notBad
10534,30,2261.65,17,2233.4500000000007,move,improve
10535,30,2261.65,17,2233.4500000000007,2opt,notBad
10536,30,2261.65,17,2233.4500000000007,move,improve
10537,30,2261.65,17,2233.4500000000007,swap,notBad
10538,30,2261.65,17,2233.4500000000007,2opt,notBad
10539,30,2261.65,17,2233.4500000000007,2opt,notBad
10540,30,2261.65,17,2233.4500000000007,swap,notBad
10541,30,2261.65,17,2233.4500000000007,swap,notBad
10542,30,2261.65,17,2233.4500000000007,swap,notBad
10543,30,2261.65,17,2233.4500000000007,move,improve
10544,30,2261.65,17,2233.4500000000007,swap,notBad
10545,30,2261.65,17,2233.4500000000007,2opt,notBad
10546,30,2261.65,17,2233.4500000000007,move,notBad
10547,30,2261.65,17,2233.4500000000007,swap,notBad
10548,30,2261.65,17,2233.4500000000007,2opt,notBad
10549,30,2261.65,17,2233.4500000000007,swap,notBad
10550,30,2261.65,17,2233.4500000000007,swap,notBad
10551,30,2261.65,17,2233.4500000000007,swap,notBad
10552,30,2261.65,17,2233.4500000000007,swap,notBad
10553,30,2261.65,17,2233.4500000000007,2opt,improve
10554,30,2261.65,17,2233.4500000000007,2opt,notBad
10555,30,2261.65,17,2233.4500000000007,move,improve
10556,30,2261.65,17,2233.4500000000007,move,improve
10557,30,2261.65,17,2233.4500000000007,2opt,improve
10558,30,2261.65,17,2233.4500000000007,2opt,notBad
10559,30,2261.65,17,2233.4500000000007,swap,notBad
10560,30,2261.65,17,2233.4500000000007,move,improve
10561,30,2261.65,17,2233.4500000000007,move,improve
10562,30,2261.65,17,2233.4500000000007,swap,notBad
10563,30,2261.65,17,2233.4500000000007,2opt,notBad
10564,30,2261.65,17,2233.4500000000007,2opt,improve
10565,30,2261.65,17,2233.4500000000007,swap,notBad
10566,30,2261.65,17,2233.4500000000007,swap,notBad
10567,30,2261.65,17,2233.4500000000007,swap,notBad
10568,30,2261.65,17,2233.4500000000007,swap,notBad
10569,30,2261.65,17,2233.4500000000007,swap,notBad
10570,30,2261.65,17,2233.4500000000007,2opt,notBad
10571,30,2261.65,17,2233.4500000000007,2opt,notBad
10572,30,2261.65,17,2233.4500000000007,move,improve
10573,30,2261.65,17,2233.4500000000007,move,improve
10574,30,2261.65,17,2233.4500000000007,2opt,notBad
10575,30,2261.65,17,2233.4500000000007,2opt,improve
10576,30,2261.65,17,2233.4500000000007,2opt,notBad
10577,30,2261.65,17,2233.4500000000007,2opt,notBad
10578,30,2261.65,17,2233.4500000000007,move,improve
10579,30,2261.65,17,2233.4500000000007,swap,notBad
10580,30,2261.65,17,2233.4500000000007,move,improve
10581,30,2261.65,17,2233.4500000000007,swap,notBad
10582,30,2261.65,17,2233.4500000000007,swap,notBad
10583,30,2261.65,17,2233.4500000000007,move,improve
10584,30,2261.65,17,2233.4500000000007,swap,notBad
10585,30,2261.65,17,2233.4500000000007,swap,notBad
10586,30,2261.65,17,2233.4500000000007,swap,notBad
10587,30,2261.65,17,2233.4500000000007,swap,notBad
10588,30,2261.65,17,2233.4500000000007,move,improve
10589,30,2261.65,17,2233.4500000000007,swap,notBad
10590,30,2261.65,17,2233.4500000000007,move,improve
10591,30,2261.65,17,2233.4500000000007,swap,notBad
10592,30,2261.65,17,2233.4500000000007,swap,notBad
10593,30,2261.65,17,2233.4500000000007,2opt,notBad
10594,30,2261.65,17,2233.4500000000007,2opt,improve
10595,30,2261.65,17,2233.4500000000007,swap,notBad
10596,30,2261.65,17,2233.4500000000007,swap,notBad
10597,30,2261.65,17,2233.4500000000007,move,improve
10598,30,2261.65,17,2233.4500000000007,swap,notBad
10599,30,2261.65,17,2233.4500000000007,move,improve
10600,30,2261.65,17,2233.4500000000007,2opt,notBad
10601,30,2261.65,17,2233.4500000000007,swap,notBad
10602,30,2261.65,17,2233.4500000000007,move,improve
10603,30,2261.65,17,2233.4500000000007,2opt,improve
10604,30,2261.65,17,2233.4500000000007,swap,notBad
10605,30,2261.65,17,2233.4500000000007,swap,notBad
10606,30,2261.65,17,2233.4500000000007,move,notBad
10607,30,2261.65,17,2233.4500000000007,move,improve
10608,30,2261.65,17,2233.4500000000007,2opt,notBad
10609,30,2261.65,17,2233.4500000000007,swap,notBad
10610,30,2261.65,17,2233.4500000000007,swap,notBad
10611,30,2261.65,17,2233.4500000000007,move,improve
10612,30,2261.65,17,2233.4500000000007,move,improve
10613,30,2261.65,17,2233.4500000000007,swap,notBad
10614,30,2261.65,17,2233.4500000000007,swap,notBad
10615,30,2261.65,17,2233.4500000000007,2opt,notBad
10616,30,2261.65,17,2233.4500000000007,move,improve
10617,30,2261.65,17,2233.4500000000007,move,improve
10618,30,2261.65,17,2233.4500000000007,move,improve
10619,30,2261.65,17,2233.4500000000007,2opt,notBad
10620,30,2261.65,17,2233.4500000000007,swap,notBad
10621,30,2261.65,17,2233.4500000000007,move,improve
10622,30,2261.65,17,2233.4500000000007,move,improve
10623,30,2261.65,17,2233.4500000000007,swap,notBad
10624,30,2261.65,17,2233.4500000000007,2opt,notBad
10625,30,2261.65,17,2233.4500000000007,move,improve
10626,30,2261.65,17,2233.4500000000007,move,improve
10627,30,2261.65,17,2233.4500000000007,move,improve
10628,30,2261.65,17,2233.4500000000007,2opt,notBad
10629,30,2261.65,17,2233.4500000000007,move,improve
10630,30,2261.65,17,2233.4500000000007,move,improve
10631,30,2261.65,17,2233.4500000000007,move,improve
10632,30,2261.65,17,2233.4500000000007,2opt,notBad
10633,30,2261.65,17,2233.4500000000007,swap,notBad
10634,30,2261.65,17,2233.4500000000007,swap,notBad
10635,30,2261.65,17,2233.4500000000007,swap,notBad
10636,30,2261.65,17,2233.4500000000007,move,improve
10637,30,2261.65,17,2233.4500000000007,2opt,notBad
10638,30,2261.65,17,2233.4500000000007,move,improve
10639,30,2261.65,17,2233.4500000000007,2opt,notBad
10640,30,2261.65,17,2233.4500000000007,2opt,notBad
10641,30,2261.65,17,2233.4500000000007,swap,notBad
10642,30,2261.65,17,2233.4500000000007,2opt,notBad
10643,30,2261.65,17,2233.4500000000007,2opt,notBad
10644,30,2261.65,17,2233.4500000000007,2opt,notBad
10645,30,2261.65,17,2233.4500000000007,swap,notBad
10646,30,2261.65,17,2233.4500000000007,move,improve
10647,30,2261.65,17,2233.4500000000007,2opt,notBad
10648,30,2261.65,17,2233.4500000000007,2opt,notBad
10649,30,2261.65,17,2233.4500000000007,2opt,notBad
10650,30,2261.65,17,2233.4500000000007,move,improve
10651,30,2261.65,17,2233.4500000000007,2opt,improve
10652,30,2261.65,17,2233.4500000000007,swap,notBad
10653,30,2261.65,17,2233.4500000000007,swap,notBad
10654,30,2261.65,17,2233.4500000000007,swap,notBad
10655,30,2261.65,17,2233.4500000000007,move,improve
10656,30,2261.65,17,2233.4500000000007,swap,notBad
10657,30,2261.65,17,2233.4500000000007,2opt,notBad
10658,30,2261.65,17,2233.4500000000007,2opt,notBad
10659,30,2261.65,17,2233.4500000000007,2opt,improve
10660,30,2261.65,17,2233.4500000000007,move,improve
10661,30,2261.65,17,2233.4500000000007,2opt,notBad
10662,30,2261.65,17,2233.4500000000007,swap,notBad
10663,30,2261.65,17,2233.4500000000007,swap,notBad
10664,30,2261.65,17,2233.4500000000007,swap,notBad
10665,30,2261.65,17,2233.4500000000007,2opt,notBad
10666,30,2261.65,17,2233.4500000000007,2opt,notBad
10667,30,2261.65,17,2233.4500000000007,swap,notBad
10668,30,2261.65,17,2233.4500000000007,swap,notBad
10669,30,2261.65,17,2233.4500000000007,swap,notBad
10670,30,2261.65,17,2233.4500000000007,2opt,notBad
10671,30,2261.65,17,2233.4500000000007,move,improve
10672,30,2261.65,17,2233.4500000000007,move,improve
10673,30,2261.65,17,2233.4500000000007,2opt,notBad
10674,30,2261.65,17,2233.4500000000007,move,improve
10675,30,2261.65,17,2233.4500000000007,move,improve
10676,30,2261.65,17,2233.4500000000007,swap,notBad
10677,30,2261.65,17,2233.4500000000007,2opt,notBad
10678,30,2261.65,17,2233.4500000000007,move,improve
10679,30,2261.65,17,2233.4500000000007,2opt,notBad
10680,30,2261.65,17,2233.4500000000007,2opt,improve
10681,30,2261.65,17,2233.4500000000007,2opt,notBad
10682,30,2261.65,17,2233.4500000000007,2opt,notBad
10683,30,2261.65,17,2233.4500000000007,move,improve
10684,30,2261.65,17,2233.4500000000007,move,improve
10685,30,2261.65,17,2233.4500000000007,2opt,notBad
10686,30,2261.65,17,2233.4500000000007,2opt,notBad
10687,30,2261.65,17,2233.4500000000007,2opt,notBad
10688,30,2261.65,17,2233.4500000000007,2opt,notBad
10689,30,2261.65,17,2233.4500000000007,swap,notBad
10690,30,2261.65,17,2233.4500000000007,swap,notBad
10691,30,2261.65,17,2233.4500000000007,move,improve
10692,30,2261.65,17,2233.4500000000007,swap,notBad
10693,30,2261.65,17,2233.4500000000007,move,improve
10694,30,2261.65,17,2233.4500000000007,2opt,notBad
10695,30,2261.65,17,2233.4500000000007,move,improve
10696,30,2261.65,17,2233.4500000000007,swap,notBad
10697,30,2261.65,17,2233.4500000000007,2opt,notBad
10698,30,2261.65,17,2233.4500000000007,move,improve
10699,30,2261.65,17,2233.4500000000007,move,improve
10700,30,2261.65,17,2233.4500000000007,2opt,notBad
10701,30,2261.65,17,2233.4500000000007,2opt,notBad
10702,30,2261.65,17,2233.4500000000007,2opt,notBad
10703,30,2261.65,17,2233.4500000000007,move,improve
10704,30,2261.65,17,2233.4500000000007,swap,notBad
10705,30,2261.65,17,2233.4500000000007,2opt,notBad
10706,30,2261.65,17,2233.4500000000007,move,improve
10707,30,2261.65,17,2233.4500000000007,move,improve
10708,30,2261.65,17,2233.4500000000007,2opt,notBad
10709,30,2261.65,17,2233.4500000000007,2opt,notBad
10710,30,2261.65,17,2233.4500000000007,move,improve
10711,30,2261.65,17,2233.4500000000007,2opt,notBad
10712,30,2261.65,17,2233.4500000000007,move,improve
10713,30,2261.65,17,2233.4500000000007,swap,notBad
10714,30,2261.65,17,2233.4500000000007,2opt,notBad
10715,30,2261.65,17,2233.4500000000007,move,improve
10716,30,2261.65,17,2233.4500000000007,2opt,improve
10717,30,2261.65,17,2233.4500000000007,move,improve
10718,30,2261.65,17,2233.4500000000007,swap,notBad
10719,30,2261.65,17,2233.4500000000007,move,improve
10720,30,2261.65,17,2233.4500000000007,swap,notBad
10721,30,2261.65,17,2233.4500000000007,swap,notBad
10722,30,2261.65,17,2233.4500000000007,2opt,notBad
10723,30,2261.65,17,2233.4500000000007,swap,notBad
10724,30,2261.65,17,2233.4500000000007,move,notBad
10725,30,2261.65,17,2233.4500000000007,move,improve
10726,30,2261.65,17,2233.4500000000007,swap,notBad
10727,30,2261.65,17,2233.4500000000007,move,improve
10728,30,2261.65,17,2233.4500000000007,move,improve
10729,30,2261.65,17,2233.4500000000007,move,improve
10730,30,2261.65,17,2233.4500000000007,move,improve
10731,30,2261.65,17,2233.4500000000007,swap,notBad
10732,30,2261.65,17,2233.4500000000007,swap,notBad
10733,30,2261.65,17,2233.4500000000007,move,improve
10734,30,2261.65,17,2233.4500000000007,2opt,notBad
10735,30,2261.65,17,2233.4500000000007,move,improve
10736,30,2261.65,17,2233.4500000000007,move,improve
10737,30,2261.65,17,2233.4500000000007,2opt,notBad
10738,30,2261.65,17,2233.4500000000007,2opt,notBad
10739,30,2261.65,17,2233.4500000000007,2opt,improve
10740,30,2261.65,17,2233.4500000000007,2opt,notBad
10741,30,2261.65,17,2233.4500000000007,move,improve
10742,30,2261.65,17,2233.4500000000007,move,improve
10743,30,2261.65,17,2233.4500000000007,move,improve
10744,30,2261.65,17,2233.4500000000007,2opt,notBad
10745,30,2261.65,17,2233.4500000000007,2opt,notBad
10746,30,2261.65,17,2233.4500000000007,2opt,notBad
10747,30,2261.65,17,2233.4500000000007,move,improve
10748,30,2261.65,17,2233.4500000000007,move,improve
10749,30,2261.65,17,2233.4500000000007,move,improve
10750,30,2261.65,17,2233.4500000000007,move,improve
10751,30,2261.65,17,2233.4500000000007,2opt,notBad
10752,30,2261.65,17,2233.4500000000007,swap,notBad
10753,30,2261.65,17,2233.4500000000007,move,improve
10754,30,2261.65,17,2233.4500000000007,move,improve
10755,30,2261.65,17,2233.4500000000007,2opt,notBad
10756,30,2261.65,17,2233.4500000000007,2opt,notBad
10757,30,2261.65,17,2233.4500000000007,swap,notBad
10758,30,2261.65,17,2233.4500000000007,move,improve
10759,30,2261.65,17,2233.4500000000007,move,improve
10760,30,2261.65,17,2233.4500000000007,move,improve
10761,30,2261.65,17,2233.4500000000007,move,improve
10762,30,2261.65,17,2233.4500000000007,2opt,notBad
10763,30,2261.65,17,2233.4500000000007,swap,notBad
10764,30,2261.65,17,2233.4500000000007,2opt,notBad
10765,30,2261.65,17,2233.4500000000007,move,improve
10766,30,2261.65,17,2233.4500000000007,swap,notBad
10767,30,2261.65,17,2233.4500000000007,move,improve
10768,30,2261.65,17,2233.4500000000007,swap,notBad
10769,30,2261.65,17,2233.4500000000007,2opt,notBad
10770,30,2261.65,17,2233.4500000000007,move,improve
10771,30,2261.65,17,2233.4500000000007,2opt,notBad
10772,30,2261.65,17,2233.4500000000007,2opt,notBad
10773,30,2261.65,17,2233.4500000000007,2opt,notBad
10774,30,2261.65,17,2233.4500000000007,move,improve
10775,30,2261.65,17,2233.4500000000007,move,improve
10776,30,2261.65,17,2233.4500000000007,swap,notBad
10777,30,2261.65,17,2233.4500000000007,swap,notBad
10778,30,2261.65,17,2233.4500000000007,move,improve
10779,30,2261.65,17,2233.4500000000007,move,improve
10780,30,2261.65,17,2233.4500000000007,move,improve
10781,30,2261.65,17,2233.4500000000007,move,improve
10782,30,2261.65,17,2233.4500000000007,swap,notBad
10783,30,2261.65,17,2233.4500000000007,swap,notBad
10784,30,2261.65,17,2233.4500000000007,swap,notBad
10785,30,2261.65,17,2233.4500000000007,move,improve
10786,30,2261.65,17,2233.4500000000007,move,improve
10787,30,2261.65,17,2233.4500000000007,move,improve
10788,30,2261.65,17,2233.4500000000007,2opt,notBad
10789,30,2261.65,17,2233.4500000000007,swap,notBad
10790,30,2261.65,17,2233.4500000000007,swap,notBad
10791,30,2261.65,17,2233.4500000000007,2opt,improve
10792,30,2261.65,17,2233.4500000000007,move,improve
10793,30,2261.65,17,2233.4500000000007,swap,notBad
10794,30,2261.65,17,2233.4500000000007,move,improve
10795,30,2261.65,17,2233.4500000000007,2opt,notBad
10796,30,2261.65,17,2233.4500000000007,swap,notBad
10797,30,2261.65,17,2233.4500000000007,move,improve
10798,30,2261.65,17,2233.4500000000007,swap,notBad
10799,30,2261.65,17,2233.4500000000007,move,notBad
10800,30,2261.65,17,2233.4500000000007,swap,notBad
10801,30,2261.65,17,2233.4500000000007,2opt,notBad
10802,30,2261.65,17,2233.4500000000007,move,notBad
10803,30,2261.65,17,2233.4500000000007,move,improve
10804,30,2261.65,17,2233.4500000000007,swap,notBad
10805,30,2261.65,17,2233.4500000000007,move,improve
10806,30,2261.65,17,2233.4500000000007,2opt,notBad
10807,30,2261.65,17,2233.4500000000007,2opt,notBad
10808,30,2261.65,17,2233.4500000000007,swap,notBad
10809,30,2261.65,17,2233.4500000000007,swap,notBad
10810,30,2261.65,17,2233.4500000000007,swap,notBad
10811,30,2261.65,17,2233.4500000000007,swap,notBad
10812,30,2261.65,17,2233.4500000000007,2opt,notBad
10813,30,2261.65,17,2233.4500000000007,2opt,improve
10814,30,2261.65,17,2233.4500000000007,swap,notBad
10815,30,2261.65,17,2233.4500000000007,2opt,notBad
10816,30,2261.65,17,2233.4500000000007,move,improve
10817,30,2261.65,17,2233.4500000000007,move,improve
10818,30,2261.65,17,2233.4500000000007,2opt,notBad
10819,30,2261.65,17,2233.4500000000007,2opt,improve
10820,30,2261.65,17,2233.4500000000007,2opt,notBad
10821,30,2261.65,17,2233.4500000000007,move,improve
10822,30,2261.65,17,2233.4500000000007,2opt,notBad
10823,30,2261.65,17,2233.4500000000007,move,improve
10824,30,2261.65,17,2233.4500000000007,swap,notBad
10825,30,2261.65,17,2233.4500000000007,2opt,notBad
10826,30,2261.65,17,2233.4500000000007,2opt,notBad
10827,30,2261.65,17,2233.4500000000007,move,improve
10828,30,2261.65,17,2233.4500000000007,2opt,notBad
10829,30,2261.65,17,2233.4500000000007,swap,notBad
10830,30,2261.65,17,2233.4500000000007,swap,notBad
10831,30,2261.65,17,2233.4500000000007,swap,notBad
10832,30,2261.65,17,2233.4500000000007,2opt,notBad
10833,30,2261.65,17,2233.4500000000007,2opt,notBad
10834,30,2261.65,17,2233.4500000000007,swap,notBad
10835,30,2261.65,17,2233.4500000000007,move,improve
10836,30,2261.65,17,2233.4500000000007,swap,notBad
10837,30,2261.65,17,2233.4500000000007,swap,notBad
10838,30,2261.65,17,2233.4500000000007,swap,notBad
10839,30,2261.65,17,2233.4500000000007,swap,notBad
10840,30,2261.65,17,2233.4500000000007,2opt,notBad
10841,30,2261.65,17,2233.4500000000007,move,improve
10842,30,2261.65,17,2233.4500000000007,swap,notBad
10843,30,2261.65,17,2233.4500000000007,swap,notBad
10844,30,2261.65,17,2233.4500000000007,2opt,notBad
10845,30,2263.5,17,2233.4500000000007,2opt,acceptBad
10846,30,2263.5,17,2233.4500000000007,2opt,improve
10847,30,2263.5,17,2233.4500000000007,move,improve
10848,30,2263.5,17,2233.4500000000007,move,improve
10849,30,2263.5,17,2233.4500000000007,move,improve
10850,30,2263.5,17,2233.4500000000007,2opt,notBad
10851,30,2263.5,17,2233.4500000000007,move,improve
10852,30,2263.5,17,2233.4500000000007,2opt,improve
10853,30,2263.5,17,2233.4500000000007,swap,notBad
10854,30,2263.5,17,2233.4500000000007,move,improve
10855,30,2263.5,17,2233.4500000000007,2opt,improve
10856,30,2263.5,17,2233.4500000000007,2opt,improve
10857,30,2263.5,17,2233.4500000000007,2opt,notBad
10858,30,2263.5,17,2233.4500000000007,swap,notBad
10859,30,2263.5,17,2233.4500000000007,swap,notBad
10860,30,2263.5,17,2233.4500000000007,swap,notBad
10861,30,2263.5,17,2233.4500000000007,move,improve
10862,30,2263.5,17,2233.4500000000007,2opt,notBad
10863,30,2263.5,17,2233.4500000000007,swap,notBad
10864,30,2263.5,17,2233.4500000000007,move,improve
10865,30,2247.3,17,2233.4500000000007,swap,improve
10866,30,2247.3,17,2233.4500000000007,move,improve
10867,30,2247.3,17,2233.4500000000007,move,improve
10868,30,2247.3,17,2233.4500000000007,swap,notBad
10869,30,2247.3,17,2233.4500000000007,2opt,notBad
10870,30,2247.3,17,2233.4500000000007,swap,notBad
10871,30,2247.3,17,2233.4500000000007,2opt,notBad
10872,30,2247.3,17,2233.4500000000007,move,improve
10873,30,2247.3,17,2233.4500000000007,swap,notBad
10874,30,2247.3,17,2233.4500000000007,swap,notBad
10875,30,2247.3,17,2233.4500000000007,swap,notBad
10876,30,2247.3,17,2233.4500000000007,move,improve
10877,30,2247.3,17,2233.4500000000007,move,improve
10878,30,2247.3,17,2233.4500000000007,2opt,improve
10879,30,2247.3,17,2233.4500000000007,move,improve
10880,30,2247.3,17,2233.4500000000007,swap,notBad
10881,30,2247.3,17,2233.4500000000007,move,improve
10882,30,2247.3,17,2233.4500000000007,2opt,notBad
10883,30,2247.3,17,2233.4500000000007,move,improve
10884,30,2247.3,17,2233.4500000000007,2opt,notBad
10885,30,2247.3,17,2233.4500000000007,swap,notBad
10886,30,2247.3,17,2233.4500000000007,swap,notBad
10887,30,2247.3,17,2233.4500000000007,2opt,notBad
10888,30,2247.3,17,2233.4500000000007,move,improve
10889,30,2247.3,17,2233.4500000000007,swap,notBad
10890,30,2247.3,17,2233.4500000000007,2opt,notBad
10891,30,2247.3,17,2233.4500000000007,2opt,notBad
10892,30,2247.3,17,2233.4500000000007,swap,notBad
10893,30,2247.3,17,2233.4500000000007,2opt,notBad
10894,30,2247.3,17,2233.4500000000007,move,improve
10895,30,2247.3,17,2233.4500000000007,2opt,notBad
10896,30,2247.3,17,2233.4500000000007,2opt,notBad
10897,30,2247.3,17,2233.4500000000007,swap,notBad
10898,30,2247.3,17,2233.4500000000007,swap,notBad
10899,30,2247.3,17,2233.4500000000007,2opt,notBad
10900,30,2247.3,17,2233.4500000000007,2opt,notBad
10901,30,2247.3,17,2233.4500000000007,swap,notBad
10902,30,2247.3,17,2233.4500000000007,move,improve
10903,30,2247.3,17,2233.4500000000007,move,improve
10904,30,2247.3,17,2233.4500000000007,move,improve
10905,30,2247.3,17,2233.4500000000007,2opt,notBad
10906,30,2247.3,17,2233.4500000000007,swap,notBad
10907,30,2247.3,17,2233.4500000000007,swap,notBad
10908,30,2247.3,17,2233.4500000000007,move,improve
10909,30,2247.3,17,2233.4500000000007,move,improve
10910,30,2247.3,17,2233.4500000000007,move,improve
10911,30,2247.3,17,2233.4500000000007,2opt,notBad
10912,30,2247.3,17,2233.4500000000007,swap,notBad
10913,30,2247.3,17,2233.4500000000007,swap,notBad
10914,30,2247.3,17,2233.4500000000007,2opt,notBad
10915,30,2247.3,17,2233.4500000000007,swap,notBad
10916,30,2247.3,17,2233.4500000000007,2opt,notBad
10917,30,2247.3,17,2233.4500000000007,2opt,notBad
10918,30,2245.45,17,2233.4500000000007,2opt,improve
10919,30,2245.45,17,2233.4500000000007,move,notBad
10920,30,2245.45,17,2233.4500000000007,swap,notBad
10921,30,2245.45,17,2233.4500000000007,2opt,notBad
10922,30,2245.45,17,2233.4500000000007,move,improve
10923,30,2245.45,17,2233.4500000000007,swap,notBad
10924,30,2245.45,17,2233.4500000000007,2opt,notBad
10925,30,2245.45,17,2233.4500000000007,2opt,notBad
10926,30,2245.45,17,2233.4500000000007,swap,notBad
10927,30,2245.45,17,2233.4500000000007,move,improve
10928,30,2245.45,17,2233.4500000000007,swap,notBad
10929,30,2245.45,17,2233.4500000000007,2opt,notBad
10930,30,2245.45,17,2233.4500000000007,swap,notBad
10931,30,2245.45,17,2233.4500000000007,move,improve
10932,30,2245.45,17,2233.4500000000007,swap,notBad
10933,30,2245.45,17,2233.4500000000007,2opt,notBad
10934,30,2245.45,17,2233.4500000000007,swap,notBad
10935,30,2245.45,17,2233.4500000000007,swap,notBad
10936,30,2245.45,17,2233.4500000000007,move,improve
10937,30,2245.45,17,2233.4500000000007,2opt,notBad
10938,30,2245.45,17,2233.4500000000007,swap,notBad
10939,30,2245.45,17,2233.4500000000007,move,improve
10940,30,2245.45,17,2233.4500000000007,2opt,improve
10941,30,2245.45,17,2233.4500000000007,2opt,notBad
10942,30,2245.45,17,2233.4500000000007,2opt,notBad
10943,30,2245.45,17,2233.4500000000007,move,improve
10944,30,2245.45,17,2233.4500000000007,2opt,notBad
10945,30,2245.45,17,2233.4500000000007,2opt,notBad
10946,30,2245.45,17,2233.4500000000007,move,improve
10947,30,2245.45,17,2233.4500000000007,swap,notBad
10948,30,2245.45,17,2233.4500000000007,swap,notBad
10949,30,2245.45,17,2233.4500000000007,2opt,notBad
10950,30,2245.45,17,2233.4500000000007,2opt,notBad
10951,30,2245.45,17,2233.4500000000007,move,improve
10952,30,2245.45,17,2233.4500000000007,swap,notBad
10953,30,2245.45,17,2233.4500000000007,swap,notBad
10954,30,2245.45,17,2233.4500000000007,swap,notBad
10955,30,2245.45,17,2233.4500000000007,move,improve
10956,30,2245.45,17,2233.4500000000007,swap,notBad
10957,30,2245.45,17,2233.4500000000007,2opt,notBad
10958,30,2245.45,17,2233.4500000000007,2opt,notBad
10959,30,2245.15,17,2233.4500000000007,swap,improve
10960,30,2245.15,17,2233.4500000000007,move,improve
10961,30,2245.15,17,2233.4500000000007,move,improve
10962,30,2245.15,17,2233.4500000000007,move,improve
10963,30,2245.15,17,2233.4500000000007,2opt,notBad
10964,30,2245.15,17,2233.4500000000007,swap,notBad
10965,30,2245.15,17,2233.4500000000007,move,improve
10966,30,2245.15,17,2233.4500000000007,swap,notBad
10967,30,2245.15,17,2233.4500000000007,2opt,notBad
10968,30,2245.15,17,2233.4500000000007,move,improve
10969,30,2245.15,17,2233.4500000000007,swap,notBad
10970,30,2245.15,17,2233.4500000000007,move,improve
10971,30,2245.15,17,2233.4500000000007,swap,notBad
10972,30,2245.15,17,2233.4500000000007,move,improve
10973,30,2245.15,17,2233.4500000000007,2opt,notBad
10974,30,2245.15,17,2233.4500000000007,2opt,notBad
10975,30,2245.15,17,2233.4500000000007,move,improve
10976,30,2245.15,17,2233.4500000000007,2opt,notBad
10977,30,2245.15,17,2233.4500000000007,swap,notBad
10978,30,2245.15,17,2233.4500000000007,2opt,notBad
10979,30,2245.15,17,2233.4500000000007,swap,notBad
10980,30,2245.15,17,2233.4500000000007,2opt,notBad
10981,30,2245.15,17,2233.4500000000007,move,improve
10982,30,2245.15,17,2233.4500000000007,swap,notBad
10983,30,2245.15,17,2233.4500000000007,swap,notBad
10984,30,2245.15,17,2233.4500000000007,swap,notBad
10985,30,2245.15,17,2233.4500000000007,2opt,notBad
10986,30,2245.15,17,2233.4500000000007,move,improve
10987,30,2245.15,17,2233.4500000000007,swap,notBad
10988,30,2245.15,17,2233.4500000000007,2opt,notBad
10989,30,2245.15,17,2233.4500000000007,swap,notBad
10990,30,2245.15,17,2233.4500000000007,move,improve
10991,30,2245.15,17,2233.4500000000007,move,improve
10992,30,2245.15,17,2233.4500000000007,move,improve
10993,30,2245.15,17,2233.4500000000007,2opt,notBad
10994,30,2245.15,17,2233.4500000000007,swap,notBad
10995,30,2245.15,17,2233.4500000000007,swap,notBad
10996,30,2245.15,17,2233.4500000000007,swap,notBad
10997,30,2245.15,17,2233.4500000000007,move,improve
10998,30,2245.15,17,2233.4500000000007,2opt,notBad
10999,30,2245.15,17,2233.4500000000007,2opt,notBad
11000,30,2245.15,17,2233.4500000000007,move,improve
11001,30,2245.15,17,2233.4500000000007,2opt,notBad
11002,30,2245.15,17,2233.4500000000007,2opt,notBad
11003,30,2245.15,17,2233.4500000000007,2opt,notBad
11004,30,2245.15,17,2233.4500000000007,swap,notBad
11005,30,2245.15,17,2233.4500000000007,move,improve
11006,30,2245.15,17,2233.4500000000007,move,improve
11007,30,2245.15,17,2233.4500000000007,swap,notBad
11008,30,2245.15,17,2233.4500000000007,2opt,notBad
11009,30,2245.15,17,2233.4500000000007,move,improve
11010,30,2245.15,17,2233.4500000000007,move,improve
11011,30,2245.15,17,2233.4500000000007,2opt,notBad
11012,30,2245.15,17,2233.4500000000007,swap,notBad
11013,30,2245.15,17,2233.4500000000007,swap,notBad
11014,30,2245.15,17,2233.4500000000007,move,improve
11015,30,2245.15,17,2233.4500000000007,2opt,notBad
11016,30,2245.15,17,2233.4500000000007,move,improve
11017,30,2245.15,17,2233.4500000000007,swap,notBad
11018,30,2245.15,17,2233.4500000000007,2opt,notBad
11019,30,2245.15,17,2233.4500000000007,move,notBad
11020,30,2245.15,17,2233.4500000000007,swap,notBad
11021,30,2245.15,17,2233.4500000000007,swap,notBad
11022,30,2245.15,17,2233.4500000000007,move,improve
11023,30,2245.15,17,2233.4500000000007,2opt,notBad
11024,30,2245.15,17,2233.4500000000007,2opt,notBad
11025,30,2245.15,17,2233.4500000000007,2opt,notBad
11026,30,2245.15,17,2233.4500000000007,2opt,improve
11027,30,2245.15,17,2233.4500000000007,move,improve
11028,30,2245.15,17,2233.4500000000007,move,improve
11029,30,2245.15,17,2233.4500000000007,2opt,notBad
11030,30,2245.15,17,2233.4500000000007,2opt,notBad
11031,30,2245.15,17,2233.4500000000007,move,improve
11032,30,2245.15,17,2233.4500000000007,2opt,notBad
11033,30,2245.15,17,2233.4500000000007,move,improve
11034,30,2245.15,17,2233.4500000000007,swap,notBad
11035,30,2245.15,17,2233.4500000000007,2opt,notBad
11036,30,2245.15,17,2233.4500000000007,swap,notBad
11037,30,2245.15,17,2233.4500000000007,2opt,notBad
11038,30,2245.15,17,2233.4500000000007,swap,notBad
11039,30,2245.15,17,2233.4500000000007,swap,notBad
11040,30,2245.15,17,2233.4500000000007,swap,notBad
11041,30,2245.15,17,2233.4500000000007,move,improve
11042,30,2245.15,17,2233.4500000000007,swap,notBad
11043,30,2245.15,17,2233.4500000000007,move,improve
11044,30,2245.15,17,2233.4500000000007,move,improve
11045,30,2245.15,17,2233.4500000000007,swap,notBad
11046,30,2245.15,17,2233.4500000000007,2opt,notBad
11047,30,2245.15,17,2233.4500000000007,swap,notBad
11048,30,2245.15,17,2233.4500000000007,move,improve
11049,30,2245.15,17,2233.4500000000007,move,improve
11050,30,2245.15,17,2233.4500000000007,2opt,improve
11051,30,2245.15,17,2233.4500000000007,move,improve
11052,30,2245.15,17,2233.4500000000007,2opt,notBad
11053,30,2245.15,17,2233.4500000000007,swap,notBad
11054,30,2245.15,17,2233.4500000000007,2opt,improve
11055,30,2245.15,17,2233.4500000000007,swap,notBad
11056,30,2245.15,17,2233.4500000000007,move,improve
11057,30,2245.15,17,2233.4500000000007,swap,notBad
11058,30,2245.15,17,2233.4500000000007,swap,notBad
11059,30,2245.15,17,2233.4500000000007,move,improve
11060,30,2245.15,17,2233.4500000000007,2opt,notBad
11061,30,2245.15,17,2233.4500000000007,2opt,notBad
11062,30,2245.15,17,2233.4500000000007,move,improve
11063,30,2245.15,17,2233.4500000000007,move,improve
11064,30,2245.15,17,2233.4500000000007,2opt,notBad
11065,30,2245.15,17,2233.4500000000007,swap,notBad
11066,30,2243.45,17,2233.4500000000007,move,improve
11067,30,2243.45,17,2233.4500000000007,2opt,notBad
11068,30,2243.45,17,2233.4500000000007,swap,notBad
11069,30,2243.45,17,2233.4500000000007,move,improve
11070,30,2243.45,17,2233.4500000000007,swap,notBad
11071,30,2243.45,17,2233.4500000000007,2opt,notBad
11072,30,2243.45,17,2233.4500000000007,swap,notBad
11073,30,2243.45,17,2233.4500000000007,move,improve
11074,30,2243.45,17,2233.4500000000007,move,improve
11075,30,2243.45,17,2233.4500000000007,2opt,notBad
11076,30,2243.45,17,2233.4500000000007,move,improve
11077,30,2243.45,17,2233.4500000000007,move,improve
11078,30,2243.45,17,2233.4500000000007,move,improve
11079,30,2243.45,17,2233.4500000000007,move,improve
11080,30,2243.45,17,2233.4500000000007,move,improve
11081,30,2243.45,17,2233.4500000000007,move,improve
11082,30,2243.45,17,2233.4500000000007,2opt,notBad
11083,30,2243.45,17,2233.4500000000007,2opt,improve
11084,30,2243.45,17,2233.4500000000007,move,improve
11085,30,2243.45,17,2233.4500000000007,move,improve
11086,30,2243.45,17,2233.4500000000007,swap,notBad
11087,30,2243.45,17,2233.4500000000007,swap,notBad
11088,30,2243.45,17,2233.4500000000007,swap,notBad
11089,30,2243.45,17,2233.4500000000007,2opt,notBad
11090,30,2243.45,17,2233.4500000000007,swap,notBad
11091,30,2243.45,17,2233.4500000000007,move,improve
11092,30,2243.45,17,2233.4500000000007,2opt,notBad
11093,30,2243.45,17,2233.4500000000007,2opt,notBad
11094,30,2243.45,17,2233.4500000000007,swap,notBad
11095,30,2243.45,17,2233.4500000000007,2opt,notBad
11096,30,2243.45,17,2233.4500000000007,2opt,notBad
11097,30,2243.45,17,2233.4500000000007,swap,notBad
11098,30,2243.45,17,2233.4500000000007,2opt,notBad
11099,30,2243.45,17,2233.4500000000007,swap,notBad
11100,30,2243.45,17,2233.4500000000007,move,improve
11101,30,2243.45,17,2233.4500000000007,swap,notBad
11102,30,2243.45,17,2233.4500000000007,2opt,notBad
11103,30,2243.45,17,2233.4500000000007,2opt,notBad
11104,30,2243.45,17,2233.4500000000007,swap,notBad
11105,30,2243.45,17,2233.4500000000007,move,improve
11106,30,2243.45,17,2233.4500000000007,move,improve
11107,30,2243.45,17,2233.4500000000007,swap,notBad
11108,30,2243.45,17,2233.4500000000007,swap,notBad
11109,30,2243.45,17,2233.4500000000007,swap,notBad
11110,30,2243.45,17,2233.4500000000007,swap,notBad
11111,30,2243.45,17,2233.4500000000007,2opt,notBad
11112,30,2243.45,17,2233.4500000000007,2opt,improve
11113,30,2243.45,17,2233.4500000000007,2opt,notBad
11114,30,2243.45,17,2233.4500000000007,2opt,notBad
11115,30,2243.45,17,2233.4500000000007,2opt,notBad
11116,30,2243.45,17,2233.4500000000007,move,improve
11117,30,2243.45,17,2233.4500000000007,move,improve
11118,30,2243.45,17,2233.4500000000007,swap,notBad
11119,30,2243.45,17,2233.4500000000007,move,improve
11120,30,2243.45,17,2233.4500000000007,move,improve
11121,30,2243.45,17,2233.4500000000007,swap,notBad
11122,30,2243.45,17,2233.4500000000007,move,improve
11123,30,2243.45,17,2233.4500000000007,move,improve
11124,30,2243.45,17,2233.4500000000007,swap,notBad
11125,30,2243.45,17,2233.4500000000007,swap,notBad
11126,30,2243.45,17,2233.4500000000007,2opt,notBad
11127,30,2243.45,17,2233.4500000000007,2opt,notBad
11128,30,2243.45,17,2233.4500000000007,2opt,notBad
11129,30,2243.45,17,2233.4500000000007,move,improve
11130,30,2243.45,17,2233.4500000000007,2opt,notBad
11131,30,2243.45,17,2233.4500000000007,2opt,notBad
11132,30,2243.45,17,2233.4500000000007,2opt,notBad
11133,30,2243.45,17,2233.4500000000007,move,improve
11134,30,2243.45,17,2233.4500000000007,2opt,notBad
11135,30,2243.45,17,2233.4500000000007,2opt,notBad
11136,30,2243.45,17,2233.4500000000007,move,improve
11137,30,2243.45,17,2233.4500000000007,swap,notBad
11138,30,2243.45,17,2233.4500000000007,swap,notBad
11139,30,2243.45,17,2233.4500000000007,2opt,notBad
11140,30,2243.45,17,2233.4500000000007,2opt,notBad
11141,30,2243.45,17,2233.4500000000007,move,improve
11142,30,2243.45,17,2233.4500000000007,move,improve
11143,30,2243.45,17,2233.4500000000007,swap,notBad
11144,30,2243.45,17,2233.4500000000007,swap,notBad
11145,30,2243.45,17,2233.4500000000007,swap,notBad
11146,30,2243.45,17,2233.4500000000007,swap,notBad
11147,30,2243.45,17,2233.4500000000007,swap,notBad
11148,30,2243.45,17,2233.4500000000007,2opt,notBad
11149,30,2243.45,17,2233.4500000000007,move,improve
11150,30,2243.45,17,2233.4500000000007,2opt,notBad
11151,30,2243.45,17,2233.4500000000007,2opt,notBad
11152,30,2243.45,17,2233.4500000000007,2opt,notBad
11153,30,2243.45,17,2233.4500000000007,move,improve
11154,30,2243.45,17,2233.4500000000007,swap,notBad
11155,30,2243.45,17,2233.4500000000007,move,improve
11156,30,2243.45,17,2233.4500000000007,swap,notBad
11157,30,2243.45,17,2233.4500000000007,2opt,notBad
11158,30,2243.45,17,2233.4500000000007,2opt,notBad
11159,30,2243.45,17,2233.4500000000007,2opt,notBad
11160,30,2243.45,17,2233.4500000000007,swap,notBad
11161,30,2243.45,17,2233.4500000000007,move,improve
11162,30,2243.45,17,2233.4500000000007,swap,notBad
11163,30,2243.45,17,2233.4500000000007,swap,notBad
11164,30,2243.45,17,2233.4500000000007,move,improve
11165,30,2243.45,17,2233.4500000000007,move,improve
11166,30,2243.45,17,2233.4500000000007,2opt,notBad
11167,30,2243.45,17,2233.4500000000007,move,improve
11168,30,2243.45,17,2233.4500000000007,2opt,notBad
11169,30,2243.45,17,2233.4500000000007,move,improve
11170,30,2243.45,17,2233.4500000000007,2opt,notBad
11171,30,2243.45,17,2233.4500000000007,swap,notBad
11172,30,2243.45,17,2233.4500000000007,2opt,notBad
11173,30,2243.45,17,2233.4500000000007,move,improve
11174,30,2243.45,17,2233.4500000000007,move,improve
11175,30,2243.45,17,2233.4500000000007,swap,notBad
11176,30,2243.45,17,2233.4500000000007,move,improve
11177,30,2243.45,17,2233.4500000000007,move,improve
11178,30,2243.45,17,2233.4500000000007,move,improve
11179,30,2243.45,17,2233.4500000000007,2opt,notBad
11180,30,2243.45,17,2233.4500000000007,2opt,notBad
11181,30,2243.45,17,2233.4500000000007,2opt,notBad
11182,30,2243.45,17,2233.4500000000007,2opt,notBad
11183,30,2243.45,17,2233.4500000000007,swap,notBad
11184,30,2243.45,17,2233.4500000000007,2opt,notBad
11185,30,2243.45,17,2233.4500000000007,swap,notBad
11186,30,2243.45,17,2233.4500000000007,2opt,notBad
11187,30,2243.45,17,2233.4500000000007,swap,notBad
11188,30,2243.45,17,2233.4500000000007,2opt,notBad
11189,30,2243.45,17,2233.4500000000007,2opt,notBad
11190,30,2243.45,17,2233.4500000000007,move,improve
11191,30,2243.45,17,2233.4500000000007,2opt,notBad
11192,30,2243.45,17,2233.4500000000007,swap,notBad
11193,30,2243.45,17,2233.4500000000007,2opt,notBad
11194,30,2243.45,17,2233.4500000000007,move,improve
11195,30,2243.45,17,2233.4500000000007,swap,notBad
11196,30,2243.45,17,2233.4500000000007,move,improve
11197,30,2243.45,17,2233.4500000000007,move,improve
11198,30,2243.45,17,2233.4500000000007,2opt,notBad
11199,30,2243.45,17,2233.4500000000007,2opt,notBad
11200,30,2243.45,17,2233.4500000000007,2opt,notBad
11201,30,2243.45,17,2233.4500000000007,move,improve
11202,30,2243.45,17,2233.4500000000007,2opt,notBad
11203,30,2243.45,17,2233.4500000000007,move,improve
11204,30,2243.45,17,2233.4500000000007,swap,notBad
11205,30,2243.45,17,2233.4500000000007,swap,notBad
11206,30,2243.45,17,2233.4500000000007,swap,notBad
11207,30,2243.45,17,2233.4500000000007,2opt,notBad
11208,30,2243.45,17,2233.4500000000007,2opt,notBad
11209,30,2243.45,17,2233.4500000000007,move,improve
11210,30,2243.45,17,2233.4500000000007,2opt,notBad
11211,30,2243.45,17,2233.4500000000007,swap,notBad
11212,30,2243.45,17,2233.4500000000007,2opt,notBad
11213,30,2243.45,17,2233.4500000000007,move,improve
11214,30,2243.45,17,2233.4500000000007,2opt,notBad
11215,30,2243.45,17,2233.4500000000007,2opt,notBad
11216,30,2243.45,17,2233.4500000000007,2opt,notBad
11217,30,2243.45,17,2233.4500000000007,swap,notBad
11218,30,2243.45,17,2233.4500000000007,move,improve
11219,30,2243.45,17,2233.4500000000007,swap,notBad
11220,30,2243.45,17,2233.4500000000007,swap,notBad
11221,30,2243.45,17,2233.4500000000007,swap,notBad
11222,30,2243.45,17,2233.4500000000007,move,improve
11223,30,2243.45,17,2233.4500000000007,swap,notBad
11224,30,2243.45,17,2233.4500000000007,move,improve
11225,30,2243.45,17,2233.4500000000007,2opt,notBad
11226,30,2243.45,17,2233.4500000000007,swap,notBad
11227,30,2243.45,17,2233.4500000000007,move,improve
11228,30,2243.45,17,2233.4500000000007,2opt,notBad
11229,30,2243.45,17,2233.4500000000007,2opt,notBad
11230,30,2243.45,17,2233.4500000000007,swap,notBad
11231,30,2243.45,17,2233.4500000000007,move,improve
11232,30,2243.45,17,2233.4500000000007,swap,notBad
11233,30,2243.45,17,2233.4500000000007,swap,notBad
11234,30,2243.45,17,2233.4500000000007,move,improve
11235,30,2243.45,17,2233.4500000000007,move,improve
11236,30,2243.45,17,2233.4500000000007,2opt,notBad
11237,30,2243.45,17,2233.4500000000007,2opt,notBad
11238,30,2243.45,17,2233.4500000000007,2opt,notBad
11239,30,2243.45,17,2233.4500000000007,move,improve
11240,30,2243.45,17,2233.4500000000007,move,improve
11241,30,2243.45,17,2233.4500000000007,swap,notBad
11242,30,2243.45,17,2233.4500000000007,swap,notBad
11243,30,2243.45,17,2233.4500000000007,2opt,notBad
11244,30,2243.45,17,2233.4500000000007,2opt,notBad
11245,30,2243.45,17,2233.4500000000007,swap,notBad
11246,30,2243.45,17,2233.4500000000007,swap,notBad
11247,30,2243.45,17,2233.4500000000007,2opt,notBad
11248,30,2243.45,17,2233.4500000000007,swap,notBad
11249,30,2243.45,17,2233.4500000000007,2opt,notBad
11250,30,2243.45,17,2233.4500000000007,swap,notBad
11251,30,2243.45,17,2233.4500000000007,2opt,improve
11252,30,2243.45,17,2233.4500000000007,2opt,notBad
11253,30,2243.45,17,2233.4500000000007,2opt,notBad
11254,30,2243.45,17,2233.4500000000007,move,improve
11255,30,2243.45,17,2233.4500000000007,swap,notBad
11256,30,2243.45,17,2233.4500000000007,2opt,notBad
11257,30,2243.45,17,2233.4500000000007,swap,notBad
11258,30,2243.45,17,2233.4500000000007,swap,notBad
11259,30,2243.45,17,2233.4500000000007,swap,notBad
11260,30,2243.45,17,2233.4500000000007,move,improve
11261,30,2243.45,17,2233.4500000000007,swap,notBad
11262,30,2243.45,17,2233.4500000000007,2opt,notBad
11263,30,2243.45,17,2233.4500000000007,move,improve
11264,30,2243.45,17,2233.4500000000007,swap,notBad
11265,30,2243.45,17,2233.4500000000007,move,improve
11266,30,2243.45,17,2233.4500000000007,swap,notBad
11267,30,2243.45,17,2233.4500000000007,move,improve
11268,30,2243.45,17,2233.4500000000007,swap,notBad
11269,30,2243.45,17,2233.4500000000007,2opt,notBad
11270,30,2243.45,17,2233.4500000000007,2opt,notBad
11271,30,2243.45,17,2233.4500000000007,move,improve
11272,30,2243.45,17,2233.4500000000007,move,improve
11273,30,2243.45,17,2233.4500000000007,swap,notBad
11274,30,2243.45,17,2233.4500000000007,move,improve
11275,30,2243.45,17,2233.4500000000007,2opt,notBad
11276,30,2243.45,17,2233.4500000000007,2opt,notBad
11277,30,2243.45,17,2233.4500000000007,2opt,notBad
11278,30,2243.45,17,2233.4500000000007,move,improve
11279,30,2243.45,17,2233.4500000000007,swap,notBad
11280,30,2243.45,17,2233.4500000000007,swap,notBad
11281,30,2243.45,17,2233.4500000000007,move,improve
11282,30,2243.45,17,2233.4500000000007,2opt,notBad
11283,30,2243.45,17,2233.4500000000007,swap,notBad
11284,30,2243.45,17,2233.4500000000007,move,improve
11285,30,2243.45,17,2233.4500000000007,move,improve
11286,30,2243.45,17,2233.4500000000007,swap,notBad
11287,30,2243.45,17,2233.4500000000007,move,improve
11288,30,2243.45,17,2233.4500000000007,swap,notBad
11289,30,2243.45,17,2233.4500000000007,2opt,notBad
11290,30,2243.45,17,2233.4500000000007,2opt,notBad
11291,30,2243.45,17,2233.4500000000007,swap,notBad
11292,30,2243.45,17,2233.4500000000007,swap,notBad
11293,30,2243.45,17,2233.4500000000007,move,improve
11294,30,2243.45,17,2233.4500000000007,2opt,improve
11295,30,2243.45,17,2233.4500000000007,move,improve
11296,30,2243.45,17,2233.4500000000007,swap,notBad
11297,30,2243.45,17,2233.4500000000007,2opt,notBad
11298,30,2243.45,17,2233.4500000000007,swap,notBad
11299,30,2243.45,17,2233.4500000000007,2opt,notBad
11300,30,2243.45,17,2233.4500000000007,move,improve
11301,30,2243.45,17,2233.4500000000007,swap,notBad
11302,30,2243.45,17,2233.4500000000007,swap,notBad
11303,30,2243.45,17,2233.4500000000007,2opt,notBad
11304,30,2243.45,17,2233.4500000000007,swap,notBad
11305,30,2243.45,17,2233.4500000000007,2opt,notBad
11306,30,2243.45,17,2233.4500000000007,swap,notBad
11307,30,2243.45,17,2233.4500000000007,move,improve
11308,30,2243.45,17,2233.4500000000007,2opt,notBad
11309,30,2243.45,17,2233.4500000000007,swap,notBad
11310,30,2243.45,17,2233.4500000000007,swap,notBad
11311,30,2243.45,17,2233.4500000000007,2opt,notBad
11312,30,2243.45,17,2233.4500000000007,2opt,improve
11313,30,2243.45,17,2233.4500000000007,move,improve
11314,30,2243.45,17,2233.4500000000007,2opt,notBad
11315,30,2243.45,17,2233.4500000000007,2opt,notBad
11316,30,2243.45,17,2233.4500000000007,swap,notBad
11317,30,2243.45,17,2233.4500000000007,swap,notBad
11318,30,2243.45,17,2233.4500000000007,2opt,notBad
11319,30,2243.45,17,2233.4500000000007,swap,notBad
11320,30,2243.45,17,2233.4500000000007,move,improve
11321,30,2243.45,17,2233.4500000000007,swap,notBad
11322,30,2243.45,17,2233.4500000000007,swap,notBad
11323,30,2243.45,17,2233.4500000000007,move,improve
11324,30,2243.45,17,2233.4500000000007,swap,notBad
11325,30,2243.45,17,2233.4500000000007,swap,notBad
11326,30,2243.45,17,2233.4500000000007,swap,notBad
11327,30,2243.45,17,2233.4500000000007,2opt,improve
11328,30,2243.45,17,2233.4500000000007,move,improve
11329,30,2243.45,17,2233.4500000000007,move,improve
11330,30,2243.45,17,2233.4500000000007,move,improve
11331,30,2243.45,17,2233.4500000000007,2opt,notBad
11332,30,2243.45,17,2233.4500000000007,swap,notBad
11333,30,2243.45,17,2233.4500000000007,swap,notBad
11334,30,2243.45,17,2233.4500000000007,2opt,notBad
11335,30,2246.95,17,2233.4500000000007,swap,acceptBad
11336,30,2246.95,17,2233.4500000000007,move,improve
11337,30,2246.95,17,2233.4500000000007,2opt,notBad
11338,30,2246.95,17,2233.4500000000007,swap,notBad
11339,30,2246.95,17,2233.4500000000007,2opt,notBad
11340,30,2246.95,17,2233.4500000000007,move,improve
11341,30,2246.95,17,2233.4500000000007,move,improve
11342,30,2246.95,17,2233.4500000000007,2opt,notBad
11343,30,2246.95,17,2233.4500000000007,2opt,notBad
11344,30,2246.95,17,2233.4500000000007,move,improve
11345,30,2246.95,17,2233.4500000000007,move,improve
11346,30,2246.95,17,2233.4500000000007,move,improve
11347,30,2246.95,17,2233.4500000000007,swap,notBad
11348,30,2246.95,17,2233.4500000000007,2opt,notBad
11349,30,2246.95,17,2233.4500000000007,swap,notBad
11350,30,2246.95,17,2233.4500000000007,move,improve
11351,30,2246.95,17,2233.4500000000007,swap,notBad
11352,30,2246.95,17,2233.4500000000007,swap,notBad
11353,30,2246.95,17,2233.4500000000007,2opt,notBad
11354,30,2246.95,17,2233.4500000000007,move,improve
11355,30,2246.95,17,2233.4500000000007,2opt,notBad
11356,30,2246.95,17,2233.4500000000007,2opt,notBad
11357,30,2246.95,17,2233.4500000000007,swap,notBad
11358,30,2246.95,17,2233.4500000000007,swap,notBad
11359,30,2246.95,17,2233.4500000000007,2opt,notBad
11360,30,2246.95,17,2233.4500000000007,move,improve
11361,30,2246.95,17,2233.4500000000007,2opt,notBad
11362,30,2246.95,17,2233.4500000000007,move,improve
11363,30,2246.95,17,2233.4500000000007,swap,notBad
11364,30,2246.95,17,2233.4500000000007,move,improve
11365,30,2246.95,17,2233.4500000000007,move,improve
11366,30,2246.95,17,2233.4500000000007,2opt,notBad
11367,30,2246.95,17,2233.4500000000007,2opt,notBad
11368,30,2246.95,17,2233.4500000000007,2opt,notBad
11369,30,2246.95,17,2233.4500000000007,swap,notBad
11370,30,2246.95,17,2233.4500000000007,move,improve
11371,30,2246.95,17,2233.4500000000007,2opt,improve
11372,30,2246.95,17,2233.4500000000007,move,improve
11373,30,2246.95,17,2233.4500000000007,move,improve
11374,30,2246.95,17,2233.4500000000007,swap,notBad
11375,30,2246.95,17,2233.4500000000007,swap,notBad
11376,30,2246.95,17,2233.4500000000007,move,improve
11377,30,2242.2999999999997,17,2233.4500000000007,2opt,improve
11378,30,2242.2999999999997,17,2233.4500000000007,2opt,notBad
11379,30,2242.2999999999997,17,2233.4500000000007,move,improve
11380,30,2242.2999999999997,17,2233.4500000000007,swap,notBad
11381,30,2242.2999999999997,17,2233.4500000000007,swap,notBad
11382,30,2242.2999999999997,17,2233.4500000000007,swap,notBad
11383,30,2240.9999999999986,17,2233.4500000000007,swap,improve
11384,30,2240.9999999999986,17,2233.4500000000007,swap,notBad
11385,30,2240.9999999999986,17,2233.4500000000007,move,improve
11386,30,2240.9999999999986,17,2233.4500000000007,2opt,improve
11387,30,2240.9999999999986,17,2233.4500000000007,swap,notBad
11388,30,2240.9999999999986,17,2233.4500000000007,swap,notBad
11389,30,2240.9999999999986,17,2233.4500000000007,2opt,notBad
11390,30,2240.9999999999986,17,2233.4500000000007,swap,notBad
11391,30,2240.9999999999986,17,2233.4500000000007,2opt,notBad
11392,30,2240.9999999999986,17,2233.4500000000007,move,improve
11393,30,2240.9999999999986,17,2233.4500000000007,move,improve
11394,30,2240.9999999999986,17,2233.4500000000007,swap,notBad
11395,30,2240.9999999999986,17,2233.4500000000007,swap,notBad
11396,30,2240.9999999999986,17,2233.4500000000007,swap,notBad
11397,30,2240.9999999999986,17,2233.4500000000007,move,improve
11398,30,2240.9999999999986,17,2233.4500000000007,swap,notBad
11399,30,2240.9999999999986,17,2233.4500000000007,move,improve
11400,30,2240.9999999999986,17,2233.4500000000007,move,improve
11401,30,2240.9999999999986,17,2233.4500000000007,swap,notBad
11402,30,2240.9999999999986,17,2233.4500000000007,2opt,notBad
11403,30,2240.9999999999986,17,2233.4500000000007,move,improve
11404,30,2220.949999999999,30,2220.949999999999,move,newBest
11405,30,2220.949999999999,30,2220.949999999999,move,improve
11406,30,2220.949999999999,30,2220.949999999999,swap,notBad
11407,30,2220.949999999999,30,2220.949999999999,2opt,notBad
11408,30,2220.949999999999,30,2220.949999999999,2opt,notBad
11409,30,2220.949999999999,30,2220.949999999999,move,improve
11410,30,2220.949999999999,30,2220.949999999999,2opt,improve
11411,30,2220.949999999999,30,2220.949999999999,2opt,notBad
11412,30,2220.949999999999,30,2220.949999999999,move,improve
11413,30,2220.949999999999,30,2220.949999999999,swap,notBad
11414,30,2220.949999999999,30,2220.949999999999,move,improve
11415,30,2220.949999999999,30,2220.949999999999,move,improve
11416,30,2220.949999999999,30,2220.949999999999,2opt,notBad
11417,30,2220.949999999999,30,2220.949999999999,2opt,notBad
11418,30,2220.949999999999,30,2220.949999999999,move,improve
11419,30,2220.949999999999,30,2220.949999999999,swap,notBad
11420,30,2220.949999999999,30,2220.949999999999,swap,notBad
11421,30,2220.949999999999,30,2220.949999999999,move,improve
11422,30,2220.949999999999,30,2220.949999999999,swap,notBad
11423,30,2220.949999999999,30,2220.949999999999,2opt,notBad
11424,30,2220.949999999999,30,2220.949999999999,2opt,notBad
11425,30,2220.949999999999,30,2220.949999999999,swap,notBad
11426,30,2220.949999999999,30,2220.949999999999,move,improve
11427,30,2220.949999999999,30,2220.949999999999,move,improve
11428,30,2220.949999999999,30,2220.949999999999,swap,notBad
11429,30,2220.949999999999,30,2220.949999999999,2opt,notBad
11430,30,2220.949999999999,30,2220.949999999999,swap,notBad
11431,30,2220.949999999999,30,2220.949999999999,2opt,notBad
11432,30,2220.949999999999,30,2220.949999999999,move,improve
11433,30,2220.949999999999,30,2220.949999999999,move,improve
11434,30,2220.949999999999,30,2220.949999999999,move,improve
11435,30,2220.949999999999,30,2220.949999999999,2opt,notBad
11436,30,2220.949999999999,30,2220.949999999999,swap,notBad
11437,30,2220.949999999999,30,2220.949999999999,2opt,notBad
11438,30,2220.949999999999,30,2220.949999999999,2opt,notBad
11439,30,2220.949999999999,30,2220.949999999999,move,improve
11440,30,2220.949999999999,30,2220.949999999999,2opt,notBad
11441,30,2220.949999999999,30,2220.949999999999,2opt,notBad
11442,30,2220.949999999999,30,2220.949999999999,swap,notBad
11443,30,2220.949999999999,30,2220.949999999999,swap,notBad
11444,30,2220.949999999999,30,2220.949999999999,2opt,notBad
11445,30,2220.949999999999,30,2220.949999999999,swap,notBad
11446,30,2220.949999999999,30,2220.949999999999,move,improve
11447,30,2220.949999999999,30,2220.949999999999,move,improve
11448,30,2220.949999999999,30,2220.949999999999,2opt,notBad
11449,30,2220.949999999999,30,2220.949999999999,2opt,notBad
11450,30,2220.949999999999,30,2220.949999999999,swap,notBad
11451,30,2220.949999999999,30,2220.949999999999,move,improve
11452,30,2220.949999999999,30,2220.949999999999,move,improve
11453,30,2220.949999999999,30,2220.949999999999,move,improve
11454,30,2220.949999999999,30,2220.949999999999,2opt,notBad
11455,30,2220.949999999999,30,2220.949999999999,swap,notBad
11456,30,2220.949999999999,30,2220.949999999999,move,improve
11457,30,2220.949999999999,30,2220.949999999999,move,improve
11458,30,2220.949999999999,30,2220.949999999999,swap,notBad
11459,30,2220.949999999999,30,2220.949999999999,2opt,notBad
11460,30,2220.949999999999,30,2220.949999999999,2opt,notBad
11461,30,2220.949999999999,30,2220.949999999999,2opt,notBad
11462,30,2220.949999999999,30,2220.949999999999,2opt,notBad
11463,30,2220.949999999999,30,2220.949999999999,swap,notBad
11464,30,2220.949999999999,30,2220.949999999999,swap,notBad
11465,30,2220.949999999999,30,2220.949999999999,swap,notBad
11466,30,2220.949999999999,30,2220.949999999999,2opt,notBad
11467,30,2220.949999999999,30,2220.949999999999,swap,notBad
11468,30,2220.949999999999,30,2220.949999999999,swap,notBad
11469,30,2220.949999999999,30,2220.949999999999,move,improve
11470,30,2220.949999999999,30,2220.949999999999,2opt,notBad
11471,30,2220.949999999999,30,2220.949999999999,2opt,notBad
11472,30,2220.949999999999,30,2220.949999999999,2opt,notBad
11473,30,2220.949999999999,30,2220.949999999999,2opt,notBad
11474,30,2220.949999999999,30,2220.949999999999,swap,notBad
11475,30,2220.949999999999,30,2220.949999999999,2opt,notBad
11476,30,2220.949999999999,30,2220.949999999999,2opt,notBad
11477,30,2220.949999999999,30,2220.949999999999,swap,notBad
11478,30,2220.949999999999,30,2220.949999999999,2opt,notBad
11479,30,2220.949999999999,30,2220.949999999999,swap,notBad
11480,30,2220.949999999999,30,2220.949999999999,2opt,notBad
11481,30,2220.949999999999,30,2220.949999999999,move,improve
11482,30,2220.949999999999,30,2220.949999999999,swap,notBad
11483,30,2220.949999999999,30,2220.949999999999,move,improve
11484,30,2220.949999999999,30,2220.949999999999,2opt,notBad
11485,30,2220.949999999999,30,2220.949999999999,swap,notBad
11486,30,2220.949999999999,30,2220.949999999999,2opt,notBad
11487,30,2220.949999999999,30,2220.949999999999,move,improve
11488,30,2220.949999999999,30,2220.949999999999,2opt,notBad
11489,30,2220.949999999999,30,2220.949999999999,swap,notBad
11490,30,2220.949999999999,30,2220.949999999999,2opt,notBad
11491,30,2220.949999999999,30,2220.949999999999,move,improve
11492,30,2220.949999999999,30,2220.949999999999,2opt,notBad
11493,30,2220.949999999999,30,2220.949999999999,2opt,notBad
11494,30,2220.949999999999,30,2220.949999999999,2opt,notBad
11495,30,2220.949999999999,30,2220.949999999999,swap,notBad
11496,30,2220.949999999999,30,2220.949999999999,2opt,notBad
11497,30,2220.949999999999,30,2220.949999999999,swap,notBad
11498,30,2220.949999999999,30,2220.949999999999,move,improve
11499,30,2220.949999999999,30,2220.949999999999,move,improve
11500,30,2220.949999999999,30,2220.949999999999,2opt,notBad
11501,30,2220.949999999999,30,2220.949999999999,move,improve
11502,30,2220.949999999999,30,2220.949999999999,swap,notBad
11503,30,2220.949999999999,30,2220.949999999999,move,improve
11504,30,2220.949999999999,30,2220.949999999999,swap,notBad
11505,30,2220.949999999999,30,2220.949999999999,2opt,notBad
11506,30,2220.949999999999,30,2220.949999999999,2opt,notBad
11507,30,2220.949999999999,30,2220.949999999999,move,improve
11508,30,2220.949999999999,30,2220.949999999999,swap,notBad
11509,30,2220.949999999999,30,2220.949999999999,move,improve
11510,30,2220.949999999999,30,2220.949999999999,move,improve
11511,30,2220.949999999999,30,2220.949999999999,swap,notBad
11512,30,2220.949999999999,30,2220.949999999999,swap,notBad
11513,30,2220.949999999999,30,2220.949999999999,swap,notBad
11514,30,2220.949999999999,30,2220.949999999999,swap,notBad
11515,30,2220.949999999999,30,2220.949999999999,swap,notBad
11516,30,2220.949999999999,30,2220.949999999999,2opt,notBad
11517,30,2220.949999999999,30,2220.949999999999,2opt,notBad
11518,30,2220.949999999999,30,2220.949999999999,2opt,notBad
11519,30,2220.949999999999,30,2220.949999999999,swap,notBad
11520,30,2220.949999999999,30,2220.949999999999,move,improve
11521,30,2220.949999999999,30,2220.949999999999,move,improve
11522,30,2220.949999999999,30,2220.949999999999,move,improve
11523,30,2220.949999999999,30,2220.949999999999,swap,notBad
11524,30,2220.949999999999,30,2220.949999999999,move,improve
11525,30,2220.949999999999,30,2220.949999999999,2opt,improve
11526,30,2220.949999999999,30,2220.949999999999,2opt,notBad
11527,30,2220.949999999999,30,2220.949999999999,move,improve
11528,30,2220.949999999999,30,2220.949999999999,swap,notBad
11529,30,2220.949999999999,30,2220.949999999999,move,improve
11530,30,2220.949999999999,30,2220.949999999999,move,improve
11531,30,2220.949999999999,30,2220.949999999999,swap,notBad
11532,30,2220.949999999999,30,2220.949999999999,move,improve
11533,30,2220.949999999999,30,2220.949999999999,swap,notBad
11534,30,2220.949999999999,30,2220.949999999999,2opt,notBad
11535,30,2220.949999999999,30,2220.949999999999,move,improve
11536,30,2220.949999999999,30,2220.949999999999,swap,notBad
11537,30,2220.949999999999,30,2220.949999999999,2opt,notBad
11538,30,2220.949999999999,30,2220.949999999999,2opt,notBad
11539,30,2220.949999999999,30,2220.949999999999,swap,notBad
11540,30,2220.949999999999,30,2220.949999999999,move,improve
11541,30,2220.949999999999,30,2220.949999999999,move,improve
11542,30,2220.949999999999,30,2220.949999999999,2opt,notBad
11543,30,2220.949999999999,30,2220.949999999999,move,improve
11544,30,2220.949999999999,30,2220.949999999999,swap,notBad
11545,30,2220.949999999999,30,2220.949999999999,move,improve
11546,30,2220.949999999999,30,2220.949999999999,2opt,notBad
11547,30,2220.949999999999,30,2220.949999999999,move,improve
11548,30,2220.949999999999,30,2220.949999999999,swap,notBad
11549,30,2220.949999999999,30,2220.949999999999,move,improve
11550,30,2220.949999999999,30,2220.949999999999,swap,notBad
11551,30,2220.949999999999,30,2220.949999999999,swap,notBad
11552,30,2220.949999999999,30,2220.949999999999,move,notBad
11553,30,2220.949999999999,30,2220.949999999999,swap,notBad
11554,30,2220.949999999999,30,2220.949999999999,2opt,notBad
11555,30,2220.949999999999,30,2220.949999999999,move,improve
11556,30,2220.949999999999,30,2220.949999999999,2opt,notBad
11557,30,2220.949999999999,30,2220.949999999999,2opt,notBad
11558,30,2220.949999999999,30,2220.949999999999,2opt,notBad
11559,30,2220.949999999999,30,2220.949999999999,2opt,notBad
11560,30,2220.949999999999,30,2220.949999999999,move,improve
11561,30,2220.949999999999,30,2220.949999999999,2opt,notBad
11562,30,2220.949999999999,30,2220.949999999999,swap,notBad
11563,30,2220.949999999999,30,2220.949999999999,2opt,improve
11564,30,2220.949999999999,30,2220.949999999999,2opt,notBad
11565,30,2220.949999999999,30,2220.949999999999,swap,notBad
11566,30,2220.949999999999,30,2220.949999999999,move,improve
11567,30,2220.949999999999,30,2220.949999999999,2opt,notBad
11568,30,2220.949999999999,30,2220.949999999999,2opt,notBad
11569,30,2220.949999999999,30,2220.949999999999,move,improve
11570,30,2220.949999999999,30,2220.949999999999,2opt,notBad
11571,30,2220.949999999999,30,2220.949999999999,2opt,notBad
11572,30,2220.949999999999,30,2220.949999999999,2opt,notBad
11573,30,2220.949999999999,30,2220.949999999999,2opt,notBad
11574,30,2220.949999999999,30,2220.949999999999,move,improve
11575,30,2220.949999999999,30,2220.949999999999,2opt,notBad
11576,30,2220.949999999999,30,2220.949999999999,swap,notBad
11577,30,2220.949999999999,30,2220.949999999999,swap,notBad
11578,30,2220.949999999999,30,2220.949999999999,move,improve
11579,30,2220.949999999999,30,2220.949999999999,move,improve
11580,30,2220.949999999999,30,2220.949999999999,move,improve
11581,30,2220.949999999999,30,2220.949999999999,2opt,notBad
11582,30,2220.949999999999,30,2220.949999999999,swap,notBad
11583,30,2220.949999999999,30,2220.949999999999,swap,notBad
11584,30,2220.949999999999,30,2220.949999999999,move,improve
11585,30,2220.949999999999,30,2220.949999999999,swap,notBad
11586,30,2220.949999999999,30,2220.949999999999,swap,notBad
11587,30,2220.949999999999,30,2220.949999999999,move,improve
11588,30,2220.949999999999,30,2220.949999999999,swap,notBad
11589,30,2220.949999999999,30,2220.949999999999,move,improve
11590,30,2220.949999999999,30,2220.949999999999,2opt,notBad
11591,30,2220.949999999999,30,2220.949999999999,move,improve
11592,30,2220.949999999999,30,2220.949999999999,move,improve
11593,30,2220.949999999999,30,2220.949999999999,2opt,notBad
11594,30,2220.949999999999,30,2220.949999999999,move,improve
11595,30,2220.949999999999,30,2220.949999999999,swap,notBad
11596,30,2220.949999999999,30,2220.949999999999,move,improve
11597,30,2220.949999999999,30,2220.949999999999,swap,notBad
11598,30,2220.949999999999,30,2220.949999999999,move,improve
11599,30,2220.949999999999,30,2220.949999999999,move,improve
11600,30,2220.949999999999,30,2220.949999999999,2opt,notBad
11601,30,2220.949999999999,30,2220.949999999999,2opt,notBad
11602,30,2220.949999999999,30,2220.949999999999,swap,notBad
11603,30,2220.949999999999,30,2220.949999999999,move,improve
11604,30,2220.949999999999,30,2220.949999999999,2opt,notBad
11605,30,2220.949999999999,30,2220.949999999999,move,improve
11606,30,2220.949999999999,30,2220.949999999999,swap,notBad
11607,30,2220.949999999999,30,2220.949999999999,move,improve
11608,30,2220.949999999999,30,2220.949999999999,swap,notBad
11609,30,2220.949999999999,30,2220.949999999999,move,improve
11610,30,2220.949999999999,30,2220.949999999999,swap,notBad
11611,30,2220.949999999999,30,2220.949999999999,move,improve
11612,30,2220.949999999999,30,2220.949999999999,move,improve
11613,30,2220.949999999999,30,2220.949999999999,move,improve
11614,30,2220.949999999999,30,2220.949999999999,move,improve
11615,30,2220.949999999999,30,2220.949999999999,2opt,notBad
11616,30,2220.949999999999,30,2220.949999999999,swap,notBad
11617,30,2220.949999999999,30,2220.949999999999,swap,notBad
11618,30,2220.949999999999,30,2220.949999999999,move,notBad
11619,30,2220.949999999999,30,2220.949999999999,2opt,notBad
11620,30,2220.949999999999,30,2220.949999999999,2opt,notBad
11621,30,2220.949999999999,30,2220.949999999999,2opt,notBad
11622,30,2220.949999999999,30,2220.949999999999,2opt,notBad
11623,30,2220.949999999999,30,2220.949999999999,move,improve
11624,30,2220.949999999999,30,2220.949999999999,move,improve
11625,30,2220.949999999999,30,2220.949999999999,move,improve
11626,30,2220.949999999999,30,2220.949999999999,swap,notBad
11627,30,2220.949999999999,30,2220.949999999999,swap,notBad
11628,30,2220.949999999999,30,2220.949999999999,swap,notBad
11629,30,2220.949999999999,30,2220.949999999999,swap,notBad
11630,30,2220.949999999999,30,2220.949999999999,swap,notBad
11631,30,2220.949999999999,30,2220.949999999999,move,improve
11632,30,2220.949999999999,30,2220.949999999999,swap,notBad
11633,30,2220.949999999999,30,2220.949999999999,swap,notBad
11634,30,2219.599999999999,30,2219.599999999999,swap,newBest
11635,30,2219.599999999999,30,2219.599999999999,swap,notBad
11636,30,2219.599999999999,30,2219.599999999999,move,improve
11637,30,2219.599999999999,30,2219.599999999999,move,notBad
11638,30,2219.599999999999,30,2219.599999999999,2opt,notBad
11639,30,2219.599999999999,30,2219.599999999999,2opt,notBad
11640,30,2219.599999999999,30,2219.599999999999,swap,notBad
11641,30,2219.599999999999,30,2219.599999999999,swap,notBad
11642,30,2219.599999999999,30,2219.599999999999,move,improve
11643,30,2219.599999999999,30,2219.599999999999,2opt,notBad
11644,30,2219.599999999999,30,2219.599999999999,2opt,notBad
11645,30,2219.599999999999,30,2219.599999999999,move,improve
11646,30,2219.599999999999,30,2219.599999999999,move,improve
11647,30,2219.599999999999,30,2219.599999999999,2opt,notBad
11648,30,2219.599999999999,30,2219.599999999999,2opt,notBad
11649,30,2219.599999999999,30,2219.599999999999,swap,notBad
11650,30,2219.599999999999,30,2219.599999999999,2opt,notBad
11651,30,2226.8999999999996,30,2219.599999999999,swap,acceptBad
11652,30,2226.8999999999996,30,2219.599999999999,move,improve
11653,30,2226.8999999999996,30,2219.599999999999,move,improve
11654,30,2226.8999999999996,30,2219.599999999999,2opt,notBad
11655,30,2226.8999999999996,30,2219.599999999999,move,improve
11656,30,2226.8999999999996,30,2219.599999999999,swap,notBad
11657,30,2226.8999999999996,30,2219.599999999999,swap,notBad
11658,30,2226.8999999999996,30,2219.599999999999,swap,notBad
11659,30,2226.8999999999996,30,2219.599999999999,move,improve
11660,30,2226.8999999999996,30,2219.599999999999,move,improve
11661,30,2226.8999999999996,30,2219.599999999999,move,improve
11662,30,2226.8999999999996,30,2219.599999999999,2opt,notBad
11663,30,2226.8999999999996,30,2219.599999999999,swap,notBad
11664,30,2226.8999999999996,30,2219.599999999999,2opt,notBad
11665,30,2226.8999999999996,30,2219.599999999999,swap,notBad
11666,30,2226.8999999999996,30,2219.599999999999,swap,notBad
11667,30,2226.8999999999996,30,2219.599999999999,2opt,notBad
11668,30,2226.8999999999996,30,2219.599999999999,swap,notBad
11669,30,2226.8999999999996,30,2219.599999999999,move,improve
11670,30,2226.8999999999996,30,2219.599999999999,2opt,notBad
11671,30,2226.8999999999996,30,2219.599999999999,swap,notBad
11672,30,2226.8999999999996,30,2219.599999999999,swap,notBad
11673,30,2226.8999999999996,30,2219.599999999999,2opt,notBad
11674,30,2226.8999999999996,30,2219.599999999999,swap,notBad
11675,30,2226.8999999999996,30,2219.599999999999,swap,notBad
11676,30,2226.8999999999996,30,2219.599999999999,move,improve
11677,30,2226.8999999999996,30,2219.599999999999,move,improve
11678,30,2226.8999999999996,30,2219.599999999999,2opt,notBad
11679,30,2226.8999999999996,30,2219.599999999999,2opt,notBad
11680,30,2226.8999999999996,30,2219.599999999999,move,improve
11681,30,2226.8999999999996,30,2219.599999999999,move,improve
11682,30,2226.8999999999996,30,2219.599999999999,2opt,notBad
11683,30,2226.8999999999996,30,2219.599999999999,swap,notBad
11684,30,2226.8999999999996,30,2219.599999999999,swap,notBad
11685,30,2226.8999999999996,30,2219.599999999999,2opt,notBad
11686,30,2226.8999999999996,30,2219.599999999999,2opt,notBad
11687,30,2226.8999999999996,30,2219.599999999999,move,improve
11688,30,2226.8999999999996,30,2219.599999999999,swap,notBad
11689,30,2226.8999999999996,30,2219.599999999999,2opt,improve
11690,30,2226.8999999999996,30,2219.599999999999,2opt,improve
11691,30,2226.8999999999996,30,2219.599999999999,move,improve
11692,30,2226.8999999999996,30,2219.599999999999,2opt,notBad
11693,30,2226.8999999999996,30,2219.599999999999,swap,notBad
11694,30,2226.8999999999996,30,2219.599999999999,2opt,notBad
11695,30,2226.8999999999996,30,2219.599999999999,2opt,notBad
11696,30,2226.8999999999996,30,2219.599999999999,swap,notBad
11697,30,2226.8999999999996,30,2219.599999999999,2opt,improve
11698,30,2226.8999999999996,30,2219.599999999999,2opt,notBad
11699,30,2226.8999999999996,30,2219.599999999999,2opt,notBad
11700,30,2226.8999999999996,30,2219.599999999999,move,improve
11701,30,2226.8999999999996,30,2219.599999999999,2opt,notBad
11702,30,2225.2999999999997,30,2219.599999999999,move,improve
11703,30,2225.2999999999997,30,2219.599999999999,2opt,improve
11704,30,2225.2999999999997,30,2219.599999999999,2opt,notBad
11705,30,2225.2999999999997,30,2219.599999999999,swap,notBad
11706,30,2225.2999999999997,30,2219.599999999999,swap,notBad
11707,30,2225.2999999999997,30,2219.599999999999,move,improve
11708,30,2225.2999999999997,30,2219.599999999999,swap,notBad
11709,30,2225.2999999999997,30,2219.599999999999,2opt,notBad
11710,30,2225.2999999999997,30,2219.599999999999,2opt,notBad
11711,30,2225.2999999999997,30,2219.599999999999,2opt,notBad
11712,30,2225.2999999999997,30,2219.599999999999,2opt,notBad
11713,30,2225.2999999999997,30,2219.599999999999,swap,notBad
11714,30,2225.2999999999997,30,2219.599999999999,2opt,notBad
11715,30,2225.2999999999997,30,2219.599999999999,swap,notBad
11716,30,2225.2999999999997,30,2219.599999999999,2opt,notBad
11717,30,2225.2999999999997,30,2219.599999999999,2opt,notBad
11718,30,2225.2999999999997,30,2219.599999999999,2opt,notBad
11719,30,2225.2999999999997,30,2219.599999999999,2opt,notBad
11720,30,2225.2999999999997,30,2219.599999999999,move,improve
11721,30,2225.2999999999997,30,2219.599999999999,move,improve
11722,30,2225.2999999999997,30,2219.599999999999,swap,notBad
11723,30,2225.2999999999997,30,2219.599999999999,swap,notBad
11724,30,2225.2999999999997,30,2219.599999999999,2opt,notBad
11725,30,2225.2999999999997,30,2219.599999999999,2opt,notBad
11726,30,2225.2999999999997,30,2219.599999999999,move,improve
11727,30,2225.2999999999997,30,2219.599999999999,swap,notBad
11728,30,2225.2999999999997,30,2219.599999999999,2opt,notBad
11729,30,2225.2999999999997,30,2219.599999999999,move,improve
11730,30,2225.2999999999997,30,2219.599999999999,2opt,notBad
11731,30,2225.2999999999997,30,2219.599999999999,2opt,notBad
11732,30,2225.2999999999997,30,2219.599999999999,2opt,notBad
11733,30,2225.2999999999997,30,2219.599999999999,swap,notBad
11734,30,2225.2999999999997,30,2219.599999999999,swap,notBad
11735,30,2225.2999999999997,30,2219.599999999999,2opt,notBad
11736,30,2225.2999999999997,30,2219.599999999999,2opt,notBad
11737,30,2225.2999999999997,30,2219.599999999999,swap,notBad
11738,30,2225.2999999999997,30,2219.599999999999,2opt,notBad
11739,30,2225.2999999999997,30,2219.599999999999,swap,notBad
11740,30,2225.2999999999997,30,2219.599999999999,2opt,notBad
11741,30,2225.2999999999997,30,2219.599999999999,move,improve
11742,30,2225.2999999999997,30,2219.599999999999,2opt,notBad
11743,30,2225.2999999999997,30,2219.599999999999,2opt,notBad
11744,30,2225.2999999999997,30,2219.599999999999,swap,notBad
11745,30,2225.2999999999997,30,2219.599999999999,swap,notBad
11746,30,2225.2999999999997,30,2219.599999999999,move,improve
11747,30,2225.2999999999997,30,2219.599999999999,swap,notBad
11748,30,2225.2999999999997,30,2219.599999999999,move,improve
11749,30,2225.2999999999997,30,2219.599999999999,swap,notBad
11750,30,2225.2999999999997,30,2219.599999999999,swap,notBad
11751,30,2225.2999999999997,30,2219.599999999999,2opt,notBad
11752,30,2225.2999999999997,30,2219.599999999999,2opt,notBad
11753,30,2225.2999999999997,30,2219.599999999999,move,improve
11754,30,2225.2999999999997,30,2219.599999999999,swap,notBad
11755,30,2225.2999999999997,30,2219.599999999999,2opt,notBad
11756,30,2225.2999999999997,30,2219.599999999999,2opt,notBad
11757,30,2225.2999999999997,30,2219.599999999999,swap,notBad
11758,30,2225.2999999999997,30,2219.599999999999,swap,notBad
11759,30,2225.2999999999997,30,2219.599999999999,2opt,notBad
11760,30,2225.2999999999997,30,2219.599999999999,swap,notBad
11761,30,2225.2999999999997,30,2219.599999999999,move,improve
11762,30,2225.2999999999997,30,2219.599999999999,swap,notBad
11763,30,2225.2999999999997,30,2219.599999999999,2opt,notBad
11764,30,2225.2999999999997,30,2219.599999999999,swap,notBad
11765,30,2225.2999999999997,30,2219.599999999999,move,improve
11766,30,2225.2999999999997,30,2219.599999999999,2opt,notBad
11767,30,2225.2999999999997,30,2219.599999999999,swap,notBad
11768,30,2225.2999999999997,30,2219.599999999999,2opt,notBad
11769,30,2225.2999999999997,30,2219.599999999999,2opt,notBad
11770,30,2225.2999999999997,30,2219.599999999999,2opt,notBad
11771,30,2225.2999999999997,30,2219.599999999999,swap,notBad
11772,30,2225.2999999999997,30,2219.599999999999,move,improve
11773,30,2225.2999999999997,30,2219.599999999999,move,improve
11774,30,2225.2999999999997,30,2219.599999999999,2opt,notBad
11775,30,2225.2999999999997,30,2219.599999999999,2opt,notBad
11776,30,2225.2999999999997,30,2219.599999999999,2opt,notBad
11777,30,2225.2999999999997,30,2219.599999999999,2opt,notBad
11778,30,2225.2999999999997,30,2219.599999999999,swap,notBad
11779,30,2225.2999999999997,30,2219.599999999999,move,improve
11780,30,2225.2999999999997,30,2219.599999999999,swap,notBad
11781,30,2225.2999999999997,30,2219.599999999999,move,notBad
11782,30,2225.2999999999997,30,2219.599999999999,2opt,improve
11783,30,2225.2999999999997,30,2219.599999999999,swap,notBad
11784,30,2225.2999999999997,30,2219.599999999999,swap,notBad
11785,30,2225.2999999999997,30,2219.599999999999,2opt,notBad
11786,30,2225.2999999999997,30,2219.599999999999,swap,notBad
11787,30,2225.2999999999997,30,2219.599999999999,2opt,notBad
11788,30,2225.2999999999997,30,2219.599999999999,2opt,notBad
11789,30,2225.2999999999997,30,2219.599999999999,move,improve
11790,30,2225.2999999999997,30,2219.599999999999,2opt,notBad
11791,30,2225.2999999999997,30,2219.599999999999,2opt,notBad
11792,30,2225.2999999999997,30,2219.599999999999,move,improve
11793,30,2225.2999999999997,30,2219.599999999999,swap,notBad
11794,30,2225.2999999999997,30,2219.599999999999,move,improve
11795,30,2225.2999999999997,30,2219.599999999999,swap,notBad
11796,30,2225.2999999999997,30,2219.599999999999,2opt,notBad
11797,30,2225.2999999999997,30,2219.599999999999,swap,notBad
11798,30,2225.2999999999997,30,2219.599999999999,move,improve
11799,30,2225.2999999999997,30,2219.599999999999,swap,notBad
11800,30,2225.2999999999997,30,2219.599999999999,move,improve
11801,30,2225.2999999999997,30,2219.599999999999,move,improve
11802,30,2225.2999999999997,30,2219.599999999999,move,improve
11803,30,2225.2999999999997,30,2219.599999999999,swap,notBad
11804,30,2225.2999999999997,30,2219.599999999999,move,improve
11805,30,2225.2999999999997,30,2219.599999999999,swap,notBad
11806,30,2225.2999999999997,30,2219.599999999999,move,improve
11807,30,2225.2999999999997,30,2219.599999999999,move,improve
11808,30,2225.2999999999997,30,2219.599999999999,move,improve
11809,30,2225.2999999999997,30,2219.599999999999,move,improve
11810,30,2225.2999999999997,30,2219.599999999999,move,improve
11811,30,2225.2999999999997,30,2219.599999999999,move,improve
11812,30,2225.2999999999997,30,2219.599999999999,swap,notBad
11813,30,2225.2999999999997,30,2219.599999999999,move,improve
11814,30,2225.2999999999997,30,2219.599999999999,move,improve
11815,30,2225.2999999999997,30,2219.599999999999,2opt,improve
11816,30,2225.2999999999997,30,2219.599999999999,swap,notBad
11817,30,2225.2999999999997,30,2219.599999999999,2opt,notBad
11818,30,2225.2999999999997,30,2219.599999999999,2opt,notBad
11819,30,2225.2999999999997,30,2219.599999999999,move,improve
11820,30,2225.2999999999997,30,2219.599999999999,2opt,notBad
11821,30,2225.2999999999997,30,2219.599999999999,2opt,notBad
11822,30,2225.2999999999997,30,2219.599999999999,move,improve
11823,30,2225.2999999999997,30,2219.599999999999,2opt,notBad
11824,30,2225.2999999999997,30,2219.599999999999,swap,notBad
11825,30,2225.2999999999997,30,2219.599999999999,2opt,notBad
11826,30,2225.2999999999997,30,2219.599999999999,move,improve
11827,30,2225.2999999999997,30,2219.599999999999,swap,notBad
11828,30,2225.2999999999997,30,2219.599999999999,2opt,notBad
11829,30,2225.2999999999997,30,2219.599999999999,swap,notBad
11830,30,2225.2999999999997,30,2219.599999999999,move,improve
11831,30,2225.2999999999997,30,2219.599999999999,swap,notBad
11832,30,2225.2999999999997,30,2219.599999999999,swap,notBad
11833,30,2225.2999999999997,30,2219.599999999999,move,improve
11834,30,2225.2999999999997,30,2219.599999999999,2opt,improve
11835,30,2225.2999999999997,30,2219.599999999999,2opt,notBad
11836,30,2225.2999999999997,30,2219.599999999999,2opt,notBad
11837,30,2225.2999999999997,30,2219.599999999999,2opt,notBad
11838,30,2225.2999999999997,30,2219.599999999999,move,improve
11839,30,2225.2999999999997,30,2219.599999999999,swap,notBad
11840,30,2225.2999999999997,30,2219.599999999999,move,improve
11841,30,2225.2999999999997,30,2219.599999999999,2opt,notBad
11842,30,2225.2999999999997,30,2219.599999999999,2opt,notBad
11843,30,2225.2999999999997,30,2219.599999999999,2opt,notBad
11844,30,2225.2999999999997,30,2219.599999999999,move,improve
11845,30,2225.2999999999997,30,2219.599999999999,move,improve
11846,30,2225.2999999999997,30,2219.599999999999,swap,notBad
11847,30,2225.2999999999997,30,2219.599999999999,2opt,notBad
11848,30,2225.2999999999997,30,2219.599999999999,swap,notBad
11849,30,2225.2999999999997,30,2219.599999999999,swap,notBad
11850,30,2225.2999999999997,30,2219.599999999999,move,improve
11851,30,2225.2999999999997,30,2219.599999999999,move,improve
11852,30,2225.2999999999997,30,2219.599999999999,move,improve
11853,30,2225.2999999999997,30,2219.599999999999,swap,notBad
11854,30,2225.2999999999997,30,2219.599999999999,2opt,notBad
11855,30,2225.2999999999997,30,2219.599999999999,move,improve
11856,30,2225.2999999999997,30,2219.599999999999,move,improve
11857,30,2225.2999999999997,30,2219.599999999999,swap,notBad
11858,30,2225.2999999999997,30,2219.599999999999,move,improve
11859,30,2225.2999999999997,30,2219.599999999999,2opt,notBad
11860,30,2225.2999999999997,30,2219.599999999999,2opt,improve
11861,30,2225.2999999999997,30,2219.599999999999,swap,notBad
11862,30,2225.2999999999997,30,2219.599999999999,swap,notBad
11863,30,2225.2999999999997,30,2219.599999999999,2opt,notBad
11864,30,2225.2999999999997,30,2219.599999999999,swap,notBad
11865,30,2225.2999999999997,30,2219.599999999999,swap,notBad
11866,30,2225.2999999999997,30,2219.599999999999,move,improve
11867,30,2225.2999999999997,30,2219.599999999999,move,improve
11868,30,2225.2999999999997,30,2219.599999999999,move,improve
11869,30,2225.2999999999997,30,2219.599999999999,2opt,notBad
11870,30,2225.2999999999997,30,2219.599999999999,swap,notBad
11871,30,2225.2999999999997,30,2219.599999999999,2opt,notBad
11872,30,2225.2999999999997,30,2219.599999999999,2opt,notBad
11873,30,2225.2999999999997,30,2219.599999999999,2opt,notBad
11874,30,2225.2999999999997,30,2219.599999999999,swap,notBad
11875,30,2225.2999999999997,30,2219.599999999999,2opt,notBad
11876,30,2225.2999999999997,30,2219.599999999999,swap,notBad
11877,30,2225.2999999999997,30,2219.599999999999,move,improve
11878,30,2225.2999999999997,30,2219.599999999999,move,improve
11879,30,2225.2999999999997,30,2219.599999999999,swap,notBad
11880,30,2225.2999999999997,30,2219.599999999999,move,improve
11881,30,2225.2999999999997,30,2219.599999999999,swap,notBad
11882,30,2225.2999999999997,30,2219.599999999999,2opt,notBad
11883,30,2225.2999999999997,30,2219.599999999999,2opt,notBad
11884,30,2225.2999999999997,30,2219.599999999999,move,improve
11885,30,2225.2999999999997,30,2219.599999999999,move,improve
11886,30,2225.2999999999997,30,2219.599999999999,swap,notBad
11887,30,2225.2999999999997,30,2219.599999999999,swap,notBad
11888,30,2225.2999999999997,30,2219.599999999999,move,improve
11889,30,2225.2999999999997,30,2219.599999999999,2opt,notBad
11890,30,2225.2999999999997,30,2219.599999999999,swap,notBad
11891,30,2225.2999999999997,30,2219.599999999999,2opt,notBad
11892,30,2225.2999999999997,30,2219.599999999999,2opt,notBad
11893,30,2225.2999999999997,30,2219.599999999999,swap,notBad
11894,30,2225.2999999999997,30,2219.599999999999,2opt,notBad
11895,30,2225.2999999999997,30,2219.599999999999,2opt,notBad
11896,30,2225.2999999999997,30,2219.599999999999,2opt,notBad
11897,30,2225.2999999999997,30,2219.599999999999,swap,notBad
11898,30,2225.2999999999997,30,2219.599999999999,move,improve
11899,30,2225.2999999999997,30,2219.599999999999,2opt,notBad
11900,30,2225.2999999999997,30,2219.599999999999,move,improve
11901,30,2225.2999999999997,30,2219.599999999999,swap,notBad
11902,30,2225.2999999999997,30,2219.599999999999,swap,notBad
11903,30,2225.2999999999997,30,2219.599999999999,move,improve
11904,30,2225.2999999999997,30,2219.599999999999,move,improve
11905,30,2225.2999999999997,30,2219.599999999999,move,improve
11906,30,2225.2999999999997,30,2219.599999999999,2opt,notBad
11907,30,2225.2999999999997,30,2219.599999999999,swap,notBad
11908,30,2225.2999999999997,30,2219.599999999999,move,improve
11909,30,2225.2999999999997,30,2219.599999999999,move,improve
11910,30,2225.2999999999997,30,2219.599999999999,swap,notBad
11911,30,2225.2999999999997,30,2219.599999999999,2opt,notBad
11912,30,2225.2999999999997,30,2219.599999999999,2opt,improve
11913,30,2225.2999999999997,30,2219.599999999999,swap,notBad
11914,30,2225.2999999999997,30,2219.599999999999,2opt,notBad
11915,30,2225.2999999999997,30,2219.599999999999,move,improve
11916,30,2225.2999999999997,30,2219.599999999999,swap,notBad
11917,30,2225.2999999999997,30,2219.599999999999,swap,notBad
11918,30,2225.2999999999997,30,2219.599999999999,2opt,notBad
11919,30,2225.2999999999997,30,2219.599999999999,swap,notBad
11920,30,2225.2999999999997,30,2219.599999999999,2opt,notBad
11921,30,2214.4,30,2214.4,move,newBest
11922,30,2214.4,30,2214.4,2opt,notBad
11923,30,2214.4,30,2214.4,2opt,notBad
11924,30,2214.4,30,2214.4,swap,notBad
11925,30,2214.4,30,2214.4,swap,notBad
11926,30,2214.4,30,2214.4,2opt,improve
11927,30,2214.4,30,2214.4,swap,notBad
11928,30,2214.4,30,2214.4,swap,notBad
11929,30,2214.4,30,2214.4,swap,notBad
11930,30,2214.4,30,2214.4,move,improve
11931,30,2214.4,30,2214.4,2opt,notBad
11932,30,2214.4,30,2214.4,2opt,notBad
11933,30,2214.4,30,2214.4,swap,notBad
11934,30,2214.4,30,2214.4,2opt,notBad
11935,30,2214.4,30,2214.4,swap,notBad
11936,30,2214.4,30,2214.4,swap,notBad
11937,30,2214.4,30,2214.4,move,improve
11938,30,2214.4,30,2214.4,move,improve
11939,30,2214.4,30,2214.4,2opt,notBad
11940,30,2214.4,30,2214.4,swap,notBad
11941,30,2214.4,30,2214.4,swap,notBad
11942,30,2214.4,30,2214.4,move,improve
11943,30,2214.4,30,2214.4,move,improve
11944,30,2214.4,30,2214.4,2opt,notBad
11945,30,2214.4,30,2214.4,swap,notBad
11946,30,2214.4,30,2214.4,2opt,notBad
11947,30,2214.4,30,2214.4,swap,notBad
11948,30,2214.4,30,2214.4,swap,notBad
11949,30,2214.4,30,2214.4,2opt,notBad
11950,30,2214.4,30,2214.4,2opt,notBad
11951,30,2214.4,30,2214.4,2opt,notBad
11952,30,2214.4,30,2214.4,swap,notBad
11953,30,2214.4,30,2214.4,2opt,notBad
11954,30,2214.4,30,2214.4,2opt,notBad
11955,30,2214.4,30,2214.4,2opt,notBad
11956,30,2214.4,30,2214.4,move,improve
11957,30,2214.4,30,2214.4,2opt,notBad
11958,30,2214.4,30,2214.4,2opt,notBad
11959,30,2214.4,30,2214.4,move,notBad
11960,30,2214.4,30,2214.4,move,improve
11961,30,2214.4,30,2214.4,move,improve
11962,30,2214.4,30,2214.4,2opt,notBad
11963,30,2214.4,30,2214.4,swap,notBad
11964,30,2214.4,30,2214.4,2opt,notBad
11965,30,2214.4,30,2214.4,move,improve
11966,30,2214.4,30,2214.4,2opt,notBad
11967,30,2214.4,30,2214.4,2opt,notBad
11968,30,2214.4,30,2214.4,2opt,notBad
11969,30,2214.4,30,2214.4,move,improve
11970,30,2214.4,30,2214.4,2opt,notBad
11971,30,2214.4,30,2214.4,2opt,notBad
11972,30,2214.4,30,2214.4,move,improve
11973,30,2214.4,30,2214.4,swap,notBad
11974,30,2214.4,30,2214.4,move,improve
11975,30,2214.4,30,2214.4,2opt,notBad
11976,30,2214.4,30,2214.4,2opt,notBad
11977,30,2214.4,30,2214.4,move,improve
11978,30,2214.4,30,2214.4,2opt,notBad
11979,30,2214.4,30,2214.4,2opt,notBad
11980,30,2214.4,30,2214.4,swap,notBad
11981,30,2214.4,30,2214.4,move,improve
11982,30,2214.4,30,2214.4,2opt,notBad
11983,30,2214.4,30,2214.4,2opt,notBad
11984,30,2214.4,30,2214.4,move,improve
11985,30,2214.4,30,2214.4,move,improve
11986,30,2214.4,30,2214.4,swap,notBad
11987,30,2214.4,30,2214.4,swap,notBad
11988,30,2214.4,30,2214.4,swap,notBad
11989,30,2214.4,30,2214.4,2opt,notBad
11990,30,2214.4,30,2214.4,2opt,notBad
11991,30,2214.4,30,2214.4,move,improve
11992,30,2214.4,30,2214.4,swap,notBad
11993,30,2214.4,30,2214.4,swap,notBad
11994,30,2214.4,30,2214.4,move,improve
11995,30,2214.4,30,2214.4,swap,notBad
11996,30,2214.4,30,2214.4,move,improve
11997,30,2214.4,30,2214.4,move,improve
11998,30,2214.4,30,2214.4,move,improve
11999,30,2214.4,30,2214.4,2opt,notBad
12000,30,2214.4,30,2214.4,move,improve
12001,30,2214.4,30,2214.4,swap,notBad
12002,30,2214.4,30,2214.4,2opt,notBad
12003,30,2214.4,30,2214.4,swap,notBad
12004,30,2214.4,30,2214.4,move,improve
12005,30,2214.4,30,2214.4,move,improve
12006,30,2214.4,30,2214.4,2opt,notBad
12007,30,2214.4,30,2214.4,swap,notBad
12008,30,2214.4,30,2214.4,2opt,notBad
12009,30,2214.4,30,2214.4,2opt,notBad
12010,30,2214.4,30,2214.4,swap,notBad
12011,30,2214.4,30,2214.4,swap,notBad
12012,30,2214.4,30,2214.4,2opt,notBad
12013,30,2214.4,30,2214.4,move,improve
12014,30,2214.4,30,2214.4,2opt,notBad
12015,30,2214.4,30,2214.4,2opt,notBad
12016,30,2214.4,30,2214.4,move,improve
12017,30,2214.4,30,2214.4,move,improve
12018,30,2214.4,30,2214.4,move,improve
12019,30,2214.4,30,2214.4,2opt,notBad
12020,30,2214.4,30,2214.4,swap,notBad
12021,30,2214.4,30,2214.4,2opt,notBad
12022,30,2214.4,30,2214.4,move,improve
12023,30,2214.4,30,2214.4,swap,notBad
12024,30,2214.4,30,2214.4,move,improve
12025,30,2214.4,30,2214.4,swap,notBad
12026,30,2214.4,30,2214.4,swap,notBad
12027,30,2214.4,30,2214.4,2opt,notBad
12028,30,2214.4,30,2214.4,move,improve
12029,30,2214.4,30,2214.4,2opt,notBad
12030,30,2214.4,30,2214.4,move,notBad
12031,30,2214.4,30,2214.4,swap,notBad
12032,30,2214.4,30,2214.4,2opt,notBad
12033,30,2214.4,30,2214.4,2opt,notBad
12034,30,2214.4,30,2214.4,2opt,notBad
12035,30,2214.4,30,2214.4,move,improve
12036,30,2214.4,30,2214.4,swap,notBad
12037,30,2214.4,30,2214.4,2opt,notBad
12038,30,2214.4,30,2214.4,2opt,notBad
12039,30,2214.4,30,2214.4,2opt,notBad
12040,30,2214.4,30,2214.4,swap,notBad
12041,30,2214.4,30,2214.4,move,improve
12042,30,2214.4,30,2214.4,swap,notBad
12043,30,2214.4,30,2214.4,2opt,notBad
12044,30,2214.4,30,2214.4,move,improve
12045,30,2214.4,30,2214.4,2opt,notBad
12046,30,2214.4,30,2214.4,swap,notBad
12047,30,2214.4,30,2214.4,move,improve
12048,30,2214.4,30,2214.4,move,improve
12049,30,2214.4,30,2214.4,move,improve
12050,30,2214.4,30,2214.4,swap,notBad
12051,30,2214.4,30,2214.4,move,improve
12052,30,2214.4,30,2214.4,move,improve
12053,30,2214.4,30,2214.4,move,improve
12054,30,2214.4,30,2214.4,move,improve
12055,30,2214.4,30,2214.4,swap,notBad
12056,30,2214.4,30,2214.4,move,improve
12057,30,2214.4,30,2214.4,2opt,notBad
12058,30,2214.4,30,2214.4,2opt,notBad
12059,30,2214.4,30,2214.4,move,improve
12060,30,2214.4,30,2214.4,move,improve
12061,30,2214.4,30,2214.4,swap,notBad
12062,30,2214.4,30,2214.4,swap,notBad
12063,30,2214.4,30,2214.4,move,improve
12064,30,2214.4,30,2214.4,2opt,notBad
12065,30,2214.4,30,2214.4,swap,notBad
12066,30,2214.4,30,2214.4,move,improve
12067,30,2214.4,30,2214.4,move,improve
12068,30,2214.4,30,2214.4,swap,notBad
12069,30,2214.4,30,2214.4,2opt,notBad
12070,30,2220.5,30,2214.4,swap,acceptBad
12071,30,2220.5,30,2214.4,move,improve
12072,30,2220.5,30,2214.4,2opt,notBad
12073,30,2220.5,30,2214.4,swap,notBad
12074,30,2220.5,30,2214.4,move,improve
12075,30,2220.5,30,2214.4,2opt,notBad
12076,30,2220.5,30,2214.4,2opt,improve
12077,30,2220.5,30,2214.4,swap,notBad
12078,30,2220.5,30,2214.4,swap,notBad
12079,30,2220.5,30,2214.4,2opt,notBad
12080,30,2220.5,30,2214.4,move,improve
12081,30,2220.5,30,2214.4,swap,notBad
12082,30,2220.5,30,2214.4,move,improve
12083,30,2220.5,30,2214.4,move,improve
12084,30,2220.5,30,2214.4,move,improve
12085,30,2220.5,30,2214.4,move,improve
12086,30,2220.5,30,2214.4,swap,notBad
12087,30,2220.5,30,2214.4,move,improve
12088,30,2220.5,30,2214.4,2opt,notBad
12089,30,2220.5,30,2214.4,move,improve
12090,30,2220.5,30,2214.4,2opt,improve
12091,30,2220.5,30,2214.4,2opt,notBad
12092,30,2220.5,30,2214.4,2opt,notBad
12093,30,2220.5,30,2214.4,swap,notBad
12094,30,2220.5,30,2214.4,2opt,notBad
12095,30,2220.5,30,2214.4,swap,notBad
12096,30,2220.5,30,2214.4,2opt,notBad
12097,30,2220.5,30,2214.4,move,improve
12098,30,2220.5,30,2214.4,2opt,notBad
12099,30,2220.5,30,2214.4,move,improve
12100,30,2220.5,30,2214.4,2opt,notBad
12101,30,2220.5,30,2214.4,swap,notBad
12102,30,2220.5,30,2214.4,swap,notBad
12103,30,2220.5,30,2214.4,move,improve
12104,30,2220.5,30,2214.4,2opt,notBad
12105,30,2220.5,30,2214.4,2opt,notBad
12106,30,2220.5,30,2214.4,move,improve
12107,30,2220.5,30,2214.4,swap,notBad
12108,30,2220.5,30,2214.4,2opt,notBad
12109,30,2220.5,30,2214.4,2opt,notBad
12110,30,2220.5,30,2214.4,swap,notBad
12111,30,2220.5,30,2214.4,swap,notBad
12112,30,2220.5,30,2214.4,2opt,notBad
12113,30,2220.5,30,2214.4,2opt,notBad
12114,30,2220.5,30,2214.4,swap,notBad
12115,30,2220.5,30,2214.4,2opt,notBad
12116,30,2220.5,30,2214.4,move,improve
12117,30,2220.5,30,2214.4,2opt,notBad
12118,30,2220.5,30,2214.4,2opt,notBad
12119,30,2220.5,30,2214.4,2opt,notBad
12120,30,2220.5,30,2214.4,swap,notBad
12121,30,2220.5,30,2214.4,swap,notBad
12122,30,2220.5,30,2214.4,move,improve
12123,30,2220.5,30,2214.4,2opt,notBad
12124,30,2220.5,30,2214.4,swap,notBad
12125,30,2220.5,30,2214.4,2opt,notBad
12126,30,2220.5,30,2214.4,swap,notBad
12127,30,2220.5,30,2214.4,swap,notBad
12128,30,2220.5,30,2214.4,move,improve
12129,30,2220.5,30,2214.4,swap,notBad
12130,30,2220.5,30,2214.4,swap,notBad
12131,30,2220.5,30,2214.4,move,improve
12132,30,2220.5,30,2214.4,swap,notBad
12133,30,2220.5,30,2214.4,move,improve
12134,30,2220.5,30,2214.4,swap,notBad
12135,30,2220.5,30,2214.4,2opt,notBad
12136,30,2220.5,30,2214.4,swap,notBad
12137,30,2220.5,30,2214.4,2opt,notBad
12138,30,2220.5,30,2214.4,move,improve
12139,30,2220.5,30,2214.4,swap,notBad
12140,30,2220.5,30,2214.4,swap,notBad
12141,30,2220.5,30,2214.4,move,improve
12142,30,2220.5,30,2214.4,2opt,notBad
12143,30,2220.5,30,2214.4,swap,notBad
12144,30,2220.5,30,2214.4,swap,notBad
12145,30,2220.5,30,2214.4,2opt,notBad
12146,30,2220.5,30,2214.4,swap,notBad
12147,30,2220.5,30,2214.4,swap,notBad
12148,30,2220.5,30,2214.4,swap,notBad
12149,30,2220.5,30,2214.4,swap,notBad
12150,30,2220.5,30,2214.4,swap,notBad
12151,30,2220.5,30,2214.4,2opt,notBad
12152,30,2220.5,30,2214.4,move,improve
12153,30,2220.5,30,2214.4,2opt,notBad
12154,30,2220.5,30,2214.4,swap,notBad
12155,30,2220.5,30,2214.4,swap,notBad
12156,30,2220.5,30,2214.4,move,improve
12157,30,2220.5,30,2214.4,move,improve
12158,30,2220.5,30,2214.4,swap,notBad
12159,30,2220.5,30,2214.4,2opt,notBad
12160,30,2220.5,30,2214.4,move,improve
12161,30,2220.5,30,2214.4,2opt,notBad
12162,30,2220.5,30,2214.4,swap,notBad
12163,30,2220.5,30,2214.4,swap,notBad
12164,30,2220.5,30,2214.4,swap,notBad
12165,30,2220.5,30,2214.4,swap,notBad
12166,30,2220.5,30,2214.4,swap,notBad
12167,30,2220.5,30,2214.4,2opt,notBad
12168,30,2220.5,30,2214.4,2opt,notBad
12169,30,2220.5,30,2214.4,2opt,notBad
12170,30,2220.5,30,2214.4,2opt,improve
12171,30,2220.5,30,2214.4,swap,notBad
12172,30,2220.5,30,2214.4,2opt,notBad
12173,30,2220.5,30,2214.4,move,improve
12174,30,2220.5,30,2214.4,swap,notBad
12175,30,2220.5,30,2214.4,move,improve
12176,30,2220.5,30,2214.4,2opt,notBad
12177,30,2220.5,30,2214.4,2opt,notBad
12178,30,2220.5,30,2214.4,move,improve
12179,30,2220.5,30,2214.4,2opt,notBad
12180,30,2220.5,30,2214.4,swap,notBad
12181,30,2220.5,30,2214.4,move,improve
12182,30,2214.4,30,2214.4,move,improve
12183,30,2214.4,30,2214.4,2opt,notBad
12184,30,2214.4,30,2214.4,swap,notBad
12185,30,2214.4,30,2214.4,2opt,notBad
12186,30,2214.4,30,2214.4,move,improve
12187,30,2214.4,30,2214.4,move,improve
12188,30,2214.4,30,2214.4,move,improve
12189,30,2214.4,30,2214.4,swap,notBad
12190,30,2214.4,30,2214.4,move,improve
12191,30,2214.4,30,2214.4,swap,notBad
12192,30,2214.4,30,2214.4,move,improve
12193,30,2214.4,30,2214.4,2opt,notBad
12194,30,2214.4,30,2214.4,2opt,notBad
12195,30,2214.4,30,2214.4,swap,notBad
12196,30,2214.4,30,2214.4,2opt,notBad
12197,30,2214.4,30,2214.4,swap,notBad
12198,30,2214.4,30,2214.4,swap,notBad
12199,30,2214.4,30,2214.4,swap,notBad
12200,30,2214.4,30,2214.4,2opt,notBad
12201,30,2214.4,30,2214.4,swap,notBad
12202,30,2214.4,30,2214.4,2opt,notBad
12203,30,2214.4,30,2214.4,move,improve
12204,30,2214.4,30,2214.4,2opt,notBad
12205,30,2214.4,30,2214.4,swap,notBad
12206,30,2214.4,30,2214.4,swap,notBad
12207,30,2214.4,30,2214.4,2opt,notBad
12208,30,2214.4,30,2214.4,2opt,improve
12209,30,2214.4,30,2214.4,move,improve
12210,30,2214.4,30,2214.4,2opt,improve
12211,30,2214.4,30,2214.4,swap,notBad
12212,30,2214.4,30,2214.4,2opt,notBad
12213,30,2214.4,30,2214.4,move,improve
12214,30,2214.4,30,2214.4,2opt,notBad
12215,30,2214.4,30,2214.4,2opt,notBad
12216,30,2214.4,30,2214.4,move,improve
12217,30,2214.4,30,2214.4,swap,notBad
12218,30,2214.4,30,2214.4,move,improve
12219,30,2214.4,30,2214.4,move,improve
12220,30,2214.4,30,2214.4,move,improve
12221,30,2216.0,30,2214.4,2opt,acceptBad
12222,30,2216.0,30,2214.4,swap,notBad
12223,30,2216.0,30,2214.4,move,improve
12224,30,2216.0,30,2214.4,move,improve
12225,30,2216.0,30,2214.4,move,improve
12226,30,2216.0,30,2214.4,swap,notBad
12227,30,2216.0,30,2214.4,swap,notBad
12228,30,2216.0,30,2214.4,2opt,notBad
12229,30,2216.0,30,2214.4,swap,notBad
12230,30,2216.0,30,2214.4,swap,notBad
12231,30,2222.1,30,2214.4,swap,acceptBad
12232,30,2222.1,30,2214.4,move,improve
12233,30,2216.0,30,2214.4,move,improve
12234,30,2216.0,30,2214.4,swap,notBad
12235,30,2216.0,30,2214.4,move,improve
12236,30,2216.0,30,2214.4,move,improve
12237,30,2216.0,30,2214.4,2opt,notBad
12238,30,2216.0,30,2214.4,2opt,notBad
12239,30,2216.0,30,2214.4,swap,notBad
12240,30,2216.0,30,2214.4,swap,notBad
12241,30,2216.0,30,2214.4,move,improve
12242,30,2216.0,30,2214.4,swap,notBad
12243,30,2216.0,30,2214.4,2opt,notBad
12244,30,2216.0,30,2214.4,move,improve
12245,30,2216.0,30,2214.4,move,improve
12246,30,2216.0,30,2214.4,swap,notBad
12247,30,2216.0,30,2214.4,swap,notBad
12248,30,2216.0,30,2214.4,swap,notBad
12249,30,2216.0,30,2214.4,move,improve
12250,30,2216.0,30,2214.4,swap,notBad
12251,30,2216.0,30,2214.4,swap,notBad
12252,30,2216.0,30,2214.4,move,improve
12253,30,2216.0,30,2214.4,2opt,notBad
12254,30,2216.0,30,2214.4,swap,notBad
12255,30,2216.0,30,2214.4,swap,notBad
12256,30,2216.0,30,2214.4,move,improve
12257,30,2216.0,30,2214.4,swap,notBad
12258,30,2216.0,30,2214.4,2opt,notBad
12259,30,2216.0,30,2214.4,move,improve
12260,30,2216.0,30,2214.4,move,improve
12261,30,2216.0,30,2214.4,2opt,notBad
12262,30,2216.0,30,2214.4,swap,notBad
12263,30,2216.0,30,2214.4,swap,notBad
12264,30,2216.0,30,2214.4,2opt,notBad
12265,30,2216.0,30,2214.4,move,improve
12266,30,2216.0,30,2214.4,swap,notBad
12267,30,2216.0,30,2214.4,2opt,notBad
12268,30,2216.0,30,2214.4,2opt,notBad
12269,30,2216.0,30,2214.4,2opt,notBad
12270,30,2216.0,30,2214.4,swap,notBad
12271,30,2216.0,30,2214.4,2opt,notBad
12272,30,2173.1,30,2173.1,2opt,newBest
12273,30,2173.1,30,2173.1,2opt,notBad
12274,30,2167.3999999999996,30,2167.3999999999996,move,newBest
12275,30,2167.3999999999996,30,2167.3999999999996,move,improve
12276,30,2167.3999999999996,30,2167.3999999999996,move,improve
12277,30,2167.3999999999996,30,2167.3999999999996,move,improve
12278,30,2167.3999999999996,30,2167.3999999999996,swap,notBad
12279,30,2167.3999999999996,30,2167.3999999999996,2opt,notBad
12280,30,2167.3999999999996,30,2167.3999999999996,2opt,notBad
12281,30,2167.3999999999996,30,2167.3999999999996,move,improve
12282,30,2167.3999999999996,30,2167.3999999999996,2opt,notBad
12283,30,2167.3999999999996,30,2167.3999999999996,move,improve
12284,30,2167.3999999999996,30,2167.3999999999996,move,improve
12285,30,2167.3999999999996,30,2167.3999999999996,2opt,notBad
12286,30,2167.3999999999996,30,2167.3999999999996,swap,notBad
12287,30,2167.3999999999996,30,2167.3999999999996,2opt,notBad
12288,30,2167.3999999999996,30,2167.3999999999996,2opt,notBad
12289,30,2167.3999999999996,30,2167.3999999999996,2opt,improve
12290,30,2167.3999999999996,30,2167.3999999999996,2opt,notBad
12291,30,2167.3999999999996,30,2167.3999999999996,2opt,notBad
12292,30,2167.3999999999996,30,2167.3999999999996,2opt,notBad
12293,30,2167.3999999999996,30,2167.3999999999996,move,improve
12294,30,2167.3999999999996,30,2167.3999999999996,swap,notBad
12295,30,2167.3999999999996,30,2167.3999999999996,2opt,notBad
12296,30,2167.3999999999996,30,2167.3999999999996,2opt,improve
12297,30,2167.3999999999996,30,2167.3999999999996,2opt,notBad
12298,30,2167.3999999999996,30,2167.3999999999996,2opt,notBad
12299,30,2167.3999999999996,30,2167.3999999999996,2opt,notBad
12300,30,2167.3999999999996,30,2167.3999999999996,2opt,notBad
12301,30,2167.3999999999996,30,2167.3999999999996,swap,notBad
12302,30,2167.3999999999996,30,2167.3999999999996,2opt,notBad
12303,30,2167.3999999999996,30,2167.3999999999996,swap,notBad
12304,30,2167.3999999999996,30,2167.3999999999996,2opt,notBad
12305,30,2167.3999999999996,30,2167.3999999999996,move,improve
12306,30,2167.3999999999996,30,2167.3999999999996,2opt,notBad
12307,30,2167.3999999999996,30,2167.3999999999996,swap,notBad
12308,30,2167.3999999999996,30,2167.3999999999996,move,improve
12309,30,2167.3999999999996,30,2167.3999999999996,swap,notBad
12310,30,2167.3999999999996,30,2167.3999999999996,swap,notBad
12311,30,2167.3999999999996,30,2167.3999999999996,2opt,notBad
12312,30,2167.3999999999996,30,2167.3999999999996,swap,notBad
12313,30,2167.3999999999996,30,2167.3999999999996,2opt,notBad
12314,30,2167.3999999999996,30,2167.3999999999996,swap,notBad
12315,30,2167.3999999999996,30,2167.3999999999996,move,improve
12316,30,2167.3999999999996,30,2167.3999999999996,swap,notBad
12317,30,2167.3999999999996,30,2167.3999999999996,swap,notBad
12318,30,2167.3999999999996,30,2167.3999999999996,swap,notBad
12319,30,2161.0999999999995,30,2161.0999999999995,swap,newBest
12320,30,2161.0999999999995,30,2161.0999999999995,2opt,improve
12321,30,2161.0999999999995,30,2161.0999999999995,move,improve
12322,30,2161.0999999999995,30,2161.0999999999995,2opt,improve
12323,30,2161.0999999999995,30,2161.0999999999995,move,improve
12324,30,2161.0999999999995,30,2161.0999999999995,2opt,notBad
12325,30,2161.0999999999995,30,2161.0999999999995,2opt,improve
12326,30,2161.0999999999995,30,2161.0999999999995,swap,notBad
12327,30,2161.0999999999995,30,2161.0999999999995,2opt,notBad
12328,30,2161.0999999999995,30,2161.0999999999995,swap,notBad
12329,30,2161.0999999999995,30,2161.0999999999995,swap,notBad
12330,30,2161.0999999999995,30,2161.0999999999995,2opt,improve
12331,30,2161.0999999999995,30,2161.0999999999995,2opt,notBad
12332,30,2161.0999999999995,30,2161.0999999999995,move,improve
12333,30,2161.0999999999995,30,2161.0999999999995,swap,notBad
12334,30,2161.0999999999995,30,2161.0999999999995,swap,notBad
12335,30,2161.0999999999995,30,2161.0999999999995,swap,notBad
12336,30,2161.0999999999995,30,2161.0999999999995,swap,notBad
12337,30,2161.0999999999995,30,2161.0999999999995,2opt,notBad
12338,30,2161.0999999999995,30,2161.0999999999995,swap,notBad
12339,30,2161.0999999999995,30,2161.0999999999995,2opt,notBad
12340,30,2161.0999999999995,30,2161.0999999999995,2opt,notBad
12341,30,2161.0999999999995,30,2161.0999999999995,swap,notBad
12342,30,2161.0999999999995,30,2161.0999999999995,2opt,notBad
12343,30,2161.0999999999995,30,2161.0999999999995,swap,notBad
12344,30,2161.0999999999995,30,2161.0999999999995,swap,notBad
12345,30,2161.0999999999995,30,2161.0999999999995,2opt,improve
12346,30,2161.0999999999995,30,2161.0999999999995,2opt,notBad
12347,30,2161.0999999999995,30,2161.0999999999995,2opt,notBad
12348,30,2161.0999999999995,30,2161.0999999999995,2opt,notBad
12349,30,2161.0999999999995,30,2161.0999999999995,swap,notBad
12350,30,2161.0999999999995,30,2161.0999999999995,move,improve
12351,30,2161.0999999999995,30,2161.0999999999995,swap,notBad
12352,30,2161.0999999999995,30,2161.0999999999995,2opt,notBad
12353,30,2161.0999999999995,30,2161.0999999999995,move,improve
12354,30,2161.0999999999995,30,2161.0999999999995,swap,notBad
12355,30,2161.0999999999995,30,2161.0999999999995,swap,notBad
12356,30,2161.0999999999995,30,2161.0999999999995,swap,notBad
12357,30,2161.0999999999995,30,2161.0999999999995,move,improve
12358,30,2161.0999999999995,30,2161.0999999999995,move,improve
12359,30,2161.0999999999995,30,2161.0999999999995,swap,notBad
12360,30,2161.0999999999995,30,2161.0999999999995,swap,notBad
12361,30,2161.0999999999995,30,2161.0999999999995,move,improve
12362,30,2161.0999999999995,30,2161.0999999999995,2opt,notBad
12363,30,2161.0999999999995,30,2161.0999999999995,2opt,notBad
12364,30,2161.0999999999995,30,2161.0999999999995,2opt,improve
12365,30,2161.0999999999995,30,2161.0999999999995,swap,notBad
12366,30,2156.9999999999995,30,2156.9999999999995,move,newBest
12367,30,2156.9999999999995,30,2156.9999999999995,swap,notBad
12368,30,2156.9999999999995,30,2156.9999999999995,swap,notBad
12369,30,2156.9999999999995,30,2156.9999999999995,swap,notBad
12370,30,2156.9999999999995,30,2156.9999999999995,swap,notBad
12371,30,2156.9999999999995,30,2156.9999999999995,swap,notBad
12372,30,2156.9999999999995,30,2156.9999999999995,swap,notBad
12373,30,2156.9999999999995,30,2156.9999999999995,swap,notBad
12374,30,2156.9999999999995,30,2156.9999999999995,move,improve
12375,30,2156.9999999999995,30,2156.9999999999995,move,improve
12376,30,2156.9999999999995,30,2156.9999999999995,2opt,notBad
12377,30,2156.9999999999995,30,2156.9999999999995,move,improve
12378,30,2156.9999999999995,30,2156.9999999999995,swap,notBad
12379,30,2156.9999999999995,30,2156.9999999999995,2opt,notBad
12380,30,2156.9999999999995,30,2156.9999999999995,swap,notBad
12381,30,2156.9999999999995,30,2156.9999999999995,2opt,notBad
12382,30,2156.9999999999995,30,2156.9999999999995,move,improve
12383,30,2156.9999999999995,30,2156.9999999999995,move,improve
12384,30,2156.9999999999995,30,2156.9999999999995,swap,notBad
12385,30,2160.1999999999994,30,2156.9999999999995,swap,acceptBad
12386,30,2160.1999999999994,30,2156.9999999999995,swap,notBad
12387,30,2160.1999999999994,30,2156.9999999999995,2opt,notBad
12388,30,2160.1999999999994,30,2156.9999999999995,2opt,notBad
12389,30,2160.1999999999994,30,2156.9999999999995,2opt,notBad
12390,30,2160.1999999999994,30,2156.9999999999995,2opt,notBad
12391,30,2160.1999999999994,30,2156.9999999999995,2opt,notBad
12392,30,2160.1999999999994,30,2156.9999999999995,2opt,notBad
12393,30,2160.1999999999994,30,2156.9999999999995,move,improve
12394,30,2160.1999999999994,30,2156.9999999999995,move,improve
12395,30,2160.1999999999994,30,2156.9999999999995,2opt,notBad
12396,30,2160.1999999999994,30,2156.9999999999995,swap,notBad
12397,30,2160.1999999999994,30,2156.9999999999995,2opt,notBad
12398,30,2160.1999999999994,30,2156.9999999999995,swap,notBad
12399,30,2160.1999999999994,30,2156.9999999999995,move,improve
12400,30,2160.1999999999994,30,2156.9999999999995,move,improve
12401,30,2160.1999999999994,30,2156.9999999999995,move,improve
12402,30,2160.1999999999994,30,2156.9999999999995,swap,notBad
12403,30,2160.1999999999994,30,2156.9999999999995,swap,notBad
12404,30,2160.1999999999994,30,2156.9999999999995,move,improve
12405,30,2160.1999999999994,30,2156.9999999999995,move,improve
12406,30,2160.1999999999994,30,2156.9999999999995,2opt,notBad
12407,30,2160.1999999999994,30,2156.9999999999995,swap,notBad
12408,30,2160.1999999999994,30,2156.9999999999995,move,improve
12409,30,2160.1999999999994,30,2156.9999999999995,move,improve
12410,30,2160.1999999999994,30,2156.9999999999995,swap,notBad
12411,30,2160.1999999999994,30,2156.9999999999995,swap,notBad
12412,30,2160.1999999999994,30,2156.9999999999995,2opt,notBad
12413,30,2160.1999999999994,30,2156.9999999999995,2opt,notBad
12414,30,2160.1999999999994,30,2156.9999999999995,move,improve
12415,30,2160.1999999999994,30,2156.9999999999995,swap,notBad
12416,30,2160.1999999999994,30,2156.9999999999995,2opt,notBad
12417,30,2160.1999999999994,30,2156.9999999999995,swap,notBad
12418,30,2160.1999999999994,30,2156.9999999999995,swap,notBad
12419,30,2160.1999999999994,30,2156.9999999999995,swap,notBad
12420,30,2160.1999999999994,30,2156.9999999999995,swap,notBad
12421,30,2160.1999999999994,30,2156.9999999999995,2opt,notBad
12422,30,2160.1999999999994,30,2156.9999999999995,2opt,notBad
12423,30,2160.1999999999994,30,2156.9999999999995,2opt,notBad
12424,30,2160.1999999999994,30,2156.9999999999995,2opt,notBad
12425,30,2160.1999999999994,30,2156.9999999999995,2opt,notBad
12426,30,2160.1999999999994,30,2156.9999999999995,2opt,notBad
12427,30,2160.1999999999994,30,2156.9999999999995,move,improve
12428,30,2160.1999999999994,30,2156.9999999999995,move,improve
12429,30,2160.1999999999994,30,2156.9999999999995,move,improve
12430,30,2160.1999999999994,30,2156.9999999999995,move,improve
12431,30,2160.1999999999994,30,2156.9999999999995,2opt,notBad
12432,30,2160.1999999999994,30,2156.9999999999995,2opt,notBad
12433,30,2160.1999999999994,30,2156.9999999999995,swap,notBad
12434,30,2160.1999999999994,30,2156.9999999999995,move,improve
12435,30,2160.1999999999994,30,2156.9999999999995,move,improve
12436,30,2160.1999999999994,30,2156.9999999999995,move,improve
12437,30,2160.1999999999994,30,2156.9999999999995,2opt,notBad
12438,30,2160.1999999999994,30,2156.9999999999995,swap,notBad
12439,30,2160.1999999999994,30,2156.9999999999995,2opt,improve
12440,30,2160.1999999999994,30,2156.9999999999995,swap,notBad
12441,30,2160.1999999999994,30,2156.9999999999995,swap,notBad
12442,30,2160.1999999999994,30,2156.9999999999995,swap,notBad
12443,30,2160.1999999999994,30,2156.9999999999995,move,improve
12444,30,2160.1999999999994,30,2156.9999999999995,2opt,notBad
12445,30,2160.1999999999994,30,2156.9999999999995,2opt,notBad
12446,30,2160.1999999999994,30,2156.9999999999995,2opt,notBad
12447,30,2160.1999999999994,30,2156.9999999999995,move,improve
12448,30,2160.1999999999994,30,2156.9999999999995,swap,notBad
12449,30,2160.1999999999994,30,2156.9999999999995,2opt,notBad
12450,30,2160.1999999999994,30,2156.9999999999995,2opt,notBad
12451,30,2160.1999999999994,30,2156.9999999999995,2opt,notBad
12452,30,2160.1999999999994,30,2156.9999999999995,2opt,notBad
12453,30,2160.1999999999994,30,2156.9999999999995,2opt,notBad
12454,30,2160.1999999999994,30,2156.9999999999995,move,improve
12455,30,2160.1999999999994,30,2156.9999999999995,move,improve
12456,30,2160.1999999999994,30,2156.9999999999995,move,improve
12457,30,2160.1999999999994,30,2156.9999999999995,2opt,notBad
12458,30,2160.1999999999994,30,2156.9999999999995,move,improve
12459,30,2160.1999999999994,30,2156.9999999999995,swap,notBad
12460,30,2160.1999999999994,30,2156.9999999999995,2opt,improve
12461,30,2160.1999999999994,30,2156.9999999999995,2opt,improve
12462,30,2160.1999999999994,30,2156.9999999999995,swap,notBad
12463,30,2160.1999999999994,30,2156.9999999999995,swap,notBad
12464,30,2160.1999999999994,30,2156.9999999999995,move,improve
12465,30,2160.1999999999994,30,2156.9999999999995,move,improve
12466,30,2160.1999999999994,30,2156.9999999999995,move,improve
12467,30,2160.1999999999994,30,2156.9999999999995,move,improve
12468,30,2160.1999999999994,30,2156.9999999999995,swap,notBad
12469,30,2160.1999999999994,30,2156.9999999999995,move,improve
12470,30,2160.1999999999994,30,2156.9999999999995,move,improve
12471,30,2160.1999999999994,30,2156.9999999999995,move,improve
12472,30,2160.1999999999994,30,2156.9999999999995,move,improve
12473,30,2160.1999999999994,30,2156.9999999999995,move,improve
12474,30,2160.1999999999994,30,2156.9999999999995,swap,notBad
12475,30,2160.1999999999994,30,2156.9999999999995,move,improve
12476,30,2160.1999999999994,30,2156.9999999999995,move,improve
12477,30,2160.1999999999994,30,2156.9999999999995,swap,notBad
12478,30,2160.1999999999994,30,2156.9999999999995,swap,notBad
12479,30,2160.1999999999994,30,2156.9999999999995,2opt,notBad
12480,30,2160.1999999999994,30,2156.9999999999995,swap,notBad
12481,30,2160.1999999999994,30,2156.9999999999995,move,improve
12482,30,2160.1999999999994,30,2156.9999999999995,2opt,notBad
12483,30,2160.1999999999994,30,2156.9999999999995,move,improve
12484,30,2160.1999999999994,30,2156.9999999999995,swap,notBad
12485,30,2160.1999999999994,30,2156.9999999999995,swap,notBad
12486,30,2160.1999999999994,30,2156.9999999999995,move,improve
12487,30,2160.1999999999994,30,2156.9999999999995,2opt,notBad
12488,30,2160.1999999999994,30,2156.9999999999995,2opt,notBad
12489,30,2160.1999999999994,30,2156.9999999999995,move,improve
12490,30,2160.1999999999994,30,2156.9999999999995,move,improve
12491,30,2160.1999999999994,30,2156.9999999999995,swap,notBad
12492,30,2160.1999999999994,30,2156.9999999999995,swap,notBad
12493,30,2160.1999999999994,30,2156.9999999999995,swap,notBad
12494,30,2160.1999999999994,30,2156.9999999999995,swap,notBad
12495,30,2160.1999999999994,30,2156.9999999999995,swap,notBad
12496,30,2160.1999999999994,30,2156.9999999999995,2opt,notBad
12497,30,2160.1999999999994,30,2156.9999999999995,move,improve
12498,30,2160.1999999999994,30,2156.9999999999995,move,improve
12499,30,2160.1999999999994,30,2156.9999999999995,swap,notBad
12500,30,2160.1999999999994,30,2156.9999999999995,2opt,notBad
12501,30,2160.1999999999994,30,2156.9999999999995,2opt,notBad
12502,30,2160.1999999999994,30,2156.9999999999995,move,improve
12503,30,2160.1999999999994,30,2156.9999999999995,swap,notBad
12504,30,2160.1999999999994,30,2156.9999999999995,swap,notBad
12505,30,2160.1999999999994,30,2156.9999999999995,move,improve
12506,30,2160.1999999999994,30,2156.9999999999995,swap,notBad
12507,30,2160.1999999999994,30,2156.9999999999995,2opt,improve
12508,30,2160.1999999999994,30,2156.9999999999995,2opt,notBad
12509,30,2160.1999999999994,30,2156.9999999999995,move,improve
12510,30,2160.1999999999994,30,2156.9999999999995,move,improve
12511,30,2160.1999999999994,30,2156.9999999999995,swap,notBad
12512,30,2160.1999999999994,30,2156.9999999999995,2opt,improve
12513,30,2160.1999999999994,30,2156.9999999999995,swap,notBad
12514,30,2160.1999999999994,30,2156.9999999999995,move,improve
12515,30,2160.1999999999994,30,2156.9999999999995,move,improve
12516,30,2160.1999999999994,30,2156.9999999999995,swap,notBad
12517,30,2160.1999999999994,30,2156.9999999999995,2opt,notBad
12518,30,2160.1999999999994,30,2156.9999999999995,move,improve
12519,30,2160.1999999999994,30,2156.9999999999995,2opt,notBad
12520,30,2160.1999999999994,30,2156.9999999999995,2opt,notBad
12521,30,2160.1999999999994,30,2156.9999999999995,move,improve
12522,30,2160.1999999999994,30,2156.9999999999995,2opt,notBad
12523,30,2160.1999999999994,30,2156.9999999999995,move,improve
12524,30,2160.1999999999994,30,2156.9999999999995,move,improve
12525,30,2160.1999999999994,30,2156.9999999999995,swap,notBad
12526,30,2160.1999999999994,30,2156.9999999999995,move,improve
12527,30,2160.1999999999994,30,2156.9999999999995,2opt,notBad
12528,30,2160.1999999999994,30,2156.9999999999995,2opt,notBad
12529,30,2160.1999999999994,30,2156.9999999999995,2opt,notBad
12530,30,2160.1999999999994,30,2156.9999999999995,swap,notBad
12531,30,2160.1999999999994,30,2156.9999999999995,move,improve
12532,30,2160.1999999999994,30,2156.9999999999995,swap,notBad
12533,30,2160.1999999999994,30,2156.9999999999995,swap,notBad
12534,30,2160.1999999999994,30,2156.9999999999995,move,improve
12535,30,2160.1999999999994,30,2156.9999999999995,swap,notBad
12536,30,2160.1999999999994,30,2156.9999999999995,move,improve
12537,30,2160.1999999999994,30,2156.9999999999995,swap,notBad
12538,30,2160.1999999999994,30,2156.9999999999995,2opt,notBad
12539,30,2160.1999999999994,30,2156.9999999999995,2opt,notBad
12540,30,2160.1999999999994,30,2156.9999999999995,move,improve
12541,30,2160.1999999999994,30,2156.9999999999995,swap,notBad
12542,30,2160.1999999999994,30,2156.9999999999995,move,improve
12543,30,2160.1999999999994,30,2156.9999999999995,swap,notBad
12544,30,2160.1999999999994,30,2156.9999999999995,2opt,notBad
12545,30,2160.1999999999994,30,2156.9999999999995,swap,notBad
12546,30,2160.1999999999994,30,2156.9999999999995,move,improve
12547,30,2160.1999999999994,30,2156.9999999999995,2opt,notBad
12548,30,2160.1999999999994,30,2156.9999999999995,move,improve
12549,30,2160.1999999999994,30,2156.9999999999995,move,improve
12550,30,2160.1999999999994,30,2156.9999999999995,swap,notBad
12551,30,2160.1999999999994,30,2156.9999999999995,move,improve
12552,30,2160.1999999999994,30,2156.9999999999995,swap,notBad
12553,30,2160.1999999999994,30,2156.9999999999995,swap,notBad
12554,30,2160.1999999999994,30,2156.9999999999995,swap,notBad
12555,30,2160.1999999999994,30,2156.9999999999995,move,improve
12556,30,2160.1999999999994,30,2156.9999999999995,swap,notBad
12557,30,2160.1999999999994,30,2156.9999999999995,2opt,notBad
12558,30,2160.1999999999994,30,2156.9999999999995,swap,notBad
12559,30,2160.1999999999994,30,2156.9999999999995,swap,notBad
12560,30,2160.1999999999994,30,2156.9999999999995,move,notBad
12561,30,2160.1999999999994,30,2156.9999999999995,swap,notBad
12562,30,2160.1999999999994,30,2156.9999999999995,2opt,notBad
12563,30,2160.1999999999994,30,2156.9999999999995,2opt,notBad
12564,30,2160.1999999999994,30,2156.9999999999995,swap,notBad
12565,30,2160.1999999999994,30,2156.9999999999995,swap,notBad
12566,30,2160.1999999999994,30,2156.9999999999995,move,improve
12567,30,2160.1999999999994,30,2156.9999999999995,move,improve
12568,30,2160.1999999999994,30,2156.9999999999995,swap,notBad
12569,30,2160.1999999999994,30,2156.9999999999995,swap,notBad
12570,30,2160.1999999999994,30,2156.9999999999995,swap,notBad
12571,30,2160.1999999999994,30,2156.9999999999995,move,improve
12572,30,2160.1999999999994,30,2156.9999999999995,2opt,notBad
12573,30,2160.1999999999994,30,2156.9999999999995,move,improve
12574,30,2160.1999999999994,30,2156.9999999999995,move,improve
12575,30,2160.1999999999994,30,2156.9999999999995,2opt,notBad
12576,30,2160.1999999999994,30,2156.9999999999995,2opt,notBad
12577,30,2160.1999999999994,30,2156.9999999999995,move,improve
12578,30,2160.1999999999994,30,2156.9999999999995,swap,notBad
12579,30,2160.1999999999994,30,2156.9999999999995,swap,notBad
12580,30,2160.1999999999994,30,2156.9999999999995,swap,notBad
12581,30,2160.1999999999994,30,2156.9999999999995,swap,notBad
12582,30,2160.1999999999994,30,2156.9999999999995,2opt,notBad
12583,30,2160.1999999999994,30,2156.9999999999995,2opt,notBad
12584,30,2160.1999999999994,30,2156.9999999999995,move,improve
12585,30,2160.1999999999994,30,2156.9999999999995,move,improve
12586,30,2160.1999999999994,30,2156.9999999999995,move,improve
12587,30,2160.1999999999994,30,2156.9999999999995,swap,notBad
12588,30,2160.1999999999994,30,2156.9999999999995,move,improve
12589,30,2160.1999999999994,30,2156.9999999999995,swap,notBad
12590,30,2160.1999999999994,30,2156.9999999999995,2opt,notBad
12591,30,2160.1999999999994,30,2156.9999999999995,move,improve
12592,30,2160.1999999999994,30,2156.9999999999995,2opt,notBad
12593,30,2160.1999999999994,30,2156.9999999999995,2opt,notBad
12594,30,2160.1999999999994,30,2156.9999999999995,swap,notBad
12595,30,2160.1999999999994,30,2156.9999999999995,2opt,notBad
12596,30,2160.1999999999994,30,2156.9999999999995,swap,notBad
12597,30,2160.1999999999994,30,2156.9999999999995,2opt,notBad
12598,30,2160.1999999999994,30,2156.9999999999995,swap,notBad
12599,30,2160.1999999999994,30,2156.9999999999995,swap,notBad
12600,30,2160.1999999999994,30,2156.9999999999995,2opt,notBad
12601,30,2160.1999999999994,30,2156.9999999999995,swap,notBad
12602,30,2160.1999999999994,30,2156.9999999999995,swap,notBad
12603,30,2160.1999999999994,30,2156.9999999999995,2opt,notBad
12604,30,2160.1999999999994,30,2156.9999999999995,2opt,notBad
12605,30,2160.1999999999994,30,2156.9999999999995,2opt,notBad
12606,30,2160.1999999999994,30,2156.9999999999995,2opt,improve
12607,30,2160.1999999999994,30,2156.9999999999995,2opt,notBad
12608,30,2160.1999999999994,30,2156.9999999999995,swap,notBad
12609,30,2160.1999999999994,30,2156.9999999999995,swap,notBad
12610,30,2160.1999999999994,30,2156.9999999999995,swap,notBad
12611,30,2160.1999999999994,30,2156.9999999999995,2opt,notBad
12612,30,2160.1999999999994,30,2156.9999999999995,move,improve
12613,30,2160.1999999999994,30,2156.9999999999995,swap,notBad
12614,30,2160.1999999999994,30,2156.9999999999995,2opt,notBad
12615,30,2160.1999999999994,30,2156.9999999999995,swap,notBad
12616,30,2160.1999999999994,30,2156.9999999999995,2opt,notBad
12617,30,2160.1999999999994,30,2156.9999999999995,2opt,improve
12618,30,2160.1999999999994,30,2156.9999999999995,move,improve
12619,30,2160.1999999999994,30,2156.9999999999995,move,improve
12620,30,2160.1999999999994,30,2156.9999999999995,swap,notBad
12621,30,2160.1999999999994,30,2156.9999999999995,swap,notBad
12622,30,2160.1999999999994,30,2156.9999999999995,move,improve
12623,30,2160.1999999999994,30,2156.9999999999995,swap,notBad
12624,30,2160.1999999999994,30,2156.9999999999995,2opt,notBad
12625,30,2160.1999999999994,30,2156.9999999999995,swap,notBad
12626,30,2160.1999999999994,30,2156.9999999999995,2opt,notBad
12627,30,2160.1999999999994,30,2156.9999999999995,2opt,notBad
12628,30,2160.1999999999994,30,2156.9999999999995,move,improve
12629,30,2160.1999999999994,30,2156.9999999999995,swap,notBad
12630,30,2160.1999999999994,30,2156.9999999999995,swap,notBad
12631,30,2160.1999999999994,30,2156.9999999999995,move,improve
12632,30,2160.1999999999994,30,2156.9999999999995,2opt,improve
12633,30,2160.1999999999994,30,2156.9999999999995,swap,notBad
12634,30,2160.1999999999994,30,2156.9999999999995,2opt,notBad
12635,30,2160.1999999999994,30,2156.9999999999995,move,improve
12636,30,2160.1999999999994,30,2156.9999999999995,swap,notBad
12637,30,2160.1999999999994,30,2156.9999999999995,2opt,notBad
12638,30,2160.1999999999994,30,2156.9999999999995,move,notBad
12639,30,2160.1999999999994,30,2156.9999999999995,swap,notBad
12640,30,2160.1999999999994,30,2156.9999999999995,swap,notBad
12641,30,2160.1999999999994,30,2156.9999999999995,2opt,notBad
12642,30,2160.1999999999994,30,2156.9999999999995,move,improve
12643,30,2160.1999999999994,30,2156.9999999999995,2opt,notBad
12644,30,2160.1999999999994,30,2156.9999999999995,2opt,notBad
12645,30,2160.1999999999994,30,2156.9999999999995,swap,notBad
12646,30,2160.1999999999994,30,2156.9999999999995,2opt,improve
12647,30,2160.1999999999994,30,2156.9999999999995,swap,notBad
12648,30,2160.1999999999994,30,2156.9999999999995,swap,notBad
12649,30,2160.1999999999994,30,2156.9999999999995,move,improve
12650,30,2160.1999999999994,30,2156.9999999999995,swap,notBad
12651,30,2160.1999999999994,30,2156.9999999999995,swap,notBad
12652,30,2160.1999999999994,30,2156.9999999999995,move,improve
12653,30,2160.1999999999994,30,2156.9999999999995,2opt,notBad
12654,30,2160.1999999999994,30,2156.9999999999995,move,improve
12655,30,2160.1999999999994,30,2156.9999999999995,2opt,notBad
12656,30,2160.1999999999994,30,2156.9999999999995,swap,notBad
12657,30,2160.1999999999994,30,2156.9999999999995,move,improve
12658,30,2160.1999999999994,30,2156.9999999999995,move,improve
12659,30,2160.1999999999994,30,2156.9999999999995,move,improve
12660,30,2160.1999999999994,30,2156.9999999999995,2opt,notBad
12661,30,2160.1999999999994,30,2156.9999999999995,2opt,improve
12662,30,2160.1999999999994,30,2156.9999999999995,2opt,notBad
12663,30,2160.1999999999994,30,2156.9999999999995,move,improve
12664,30,2160.1999999999994,30,2156.9999999999995,move,improve
12665,30,2160.1999999999994,30,2156.9999999999995,move,improve
12666,30,2160.1999999999994,30,2156.9999999999995,2opt,notBad
12667,30,2160.1999999999994,30,2156.9999999999995,swap,notBad
12668,30,2160.1999999999994,30,2156.9999999999995,2opt,notBad
12669,30,2160.1999999999994,30,2156.9999999999995,move,improve
12670,30,2160.1999999999994,30,2156.9999999999995,move,improve
12671,30,2160.1999999999994,30,2156.9999999999995,swap,notBad
12672,30,2160.1999999999994,30,2156.9999999999995,2opt,notBad
12673,30,2160.1999999999994,30,2156.9999999999995,swap,notBad
12674,30,2160.1999999999994,30,2156.9999999999995,swap,notBad
12675,30,2160.1999999999994,30,2156.9999999999995,move,improve
12676,30,2160.1999999999994,30,2156.9999999999995,move,improve
12677,30,2160.1999999999994,30,2156.9999999999995,move,improve
12678,30,2160.1999999999994,30,2156.9999999999995,2opt,notBad
12679,30,2160.1999999999994,30,2156.9999999999995,move,improve
12680,30,2160.1999999999994,30,2156.9999999999995,2opt,notBad
12681,30,2160.1999999999994,30,2156.9999999999995,move,improve
12682,30,2160.1999999999994,30,2156.9999999999995,move,improve
12683,30,2160.1999999999994,30,2156.9999999999995,swap,notBad
12684,30,2160.1999999999994,30,2156.9999999999995,2opt,improve
12685,30,2160.1999999999994,30,2156.9999999999995,swap,notBad
12686,30,2160.1999999999994,30,2156.9999999999995,2opt,notBad
12687,30,2160.1999999999994,30,2156.9999999999995,swap,notBad
12688,30,2160.1999999999994,30,2156.9999999999995,move,improve
12689,30,2160.1999999999994,30,2156.9999999999995,swap,notBad
12690,30,2160.1999999999994,30,2156.9999999999995,move,improve
12691,30,2160.1999999999994,30,2156.9999999999995,2opt,notBad
12692,30,2160.1999999999994,30,2156.9999999999995,swap,notBad
12693,30,2160.1999999999994,30,2156.9999999999995,swap,notBad
12694,30,2160.1999999999994,30,2156.9999999999995,2opt,notBad
12695,30,2160.1999999999994,30,2156.9999999999995,2opt,notBad
12696,30,2160.1999999999994,30,2156.9999999999995,move,improve
12697,30,2160.1999999999994,30,2156.9999999999995,swap,notBad
12698,30,2160.1999999999994,30,2156.9999999999995,move,improve
12699,30,2160.1999999999994,30,2156.9999999999995,2opt,notBad
12700,30,2160.1999999999994,30,2156.9999999999995,swap,notBad
12701,30,2160.1999999999994,30,2156.9999999999995,swap,notBad
12702,30,2160.1999999999994,30,2156.9999999999995,move,improve
12703,30,2160.1999999999994,30,2156.9999999999995,swap,notBad
12704,30,2160.1999999999994,30,2156.9999999999995,move,improve
12705,30,2160.1999999999994,30,2156.9999999999995,swap,notBad
12706,30,2160.1999999999994,30,2156.9999999999995,swap,notBad
12707,30,2160.1999999999994,30,2156.9999999999995,swap,notBad
12708,30,2160.1999999999994,30,2156.9999999999995,move,improve
12709,30,2160.1999999999994,30,2156.9999999999995,2opt,notBad
12710,30,2160.1999999999994,30,2156.9999999999995,swap,notBad
12711,30,2160.1999999999994,30,2156.9999999999995,move,improve
12712,30,2160.1999999999994,30,2156.9999999999995,swap,notBad
12713,30,2160.1999999999994,30,2156.9999999999995,swap,notBad
12714,30,2160.1999999999994,30,2156.9999999999995,swap,notBad
12715,30,2160.1999999999994,30,2156.9999999999995,move,improve
12716,30,2160.1999999999994,30,2156.9999999999995,2opt,improve
12717,30,2160.1999999999994,30,2156.9999999999995,swap,notBad
12718,30,2160.1999999999994,30,2156.9999999999995,2opt,notBad
12719,30,2160.1999999999994,30,2156.9999999999995,move,improve
12720,30,2160.1999999999994,30,2156.9999999999995,swap,notBad
12721,30,2160.1999999999994,30,2156.9999999999995,swap,notBad
12722,30,2160.1999999999994,30,2156.9999999999995,swap,notBad
12723,30,2160.1999999999994,30,2156.9999999999995,swap,notBad
12724,30,2160.1999999999994,30,2156.9999999999995,move,improve
12725,30,2160.1999999999994,30,2156.9999999999995,2opt,notBad
12726,30,2160.1999999999994,30,2156.9999999999995,move,improve
12727,30,2160.1999999999994,30,2156.9999999999995,swap,notBad
12728,30,2160.1999999999994,30,2156.9999999999995,2opt,notBad
12729,30,2160.1999999999994,30,2156.9999999999995,2opt,notBad
12730,30,2160.1999999999994,30,2156.9999999999995,move,improve
12731,30,2160.1999999999994,30,2156.9999999999995,move,improve
12732,30,2160.1999999999994,30,2156.9999999999995,2opt,notBad
12733,30,2165.099999999999,30,2156.9999999999995,swap,acceptBad
12734,30,2165.099999999999,30,2156.9999999999995,2opt,notBad
12735,30,2165.099999999999,30,2156.9999999999995,move,improve
12736,30,2165.099999999999,30,2156.9999999999995,2opt,notBad
12737,30,2165.099999999999,30,2156.9999999999995,move,improve
12738,30,2165.099999999999,30,2156.9999999999995,2opt,notBad
12739,30,2165.099999999999,30,2156.9999999999995,move,improve
12740,30,2165.099999999999,30,2156.9999999999995,move,improve
12741,30,2165.099999999999,30,2156.9999999999995,swap,notBad
12742,30,2165.099999999999,30,2156.9999999999995,2opt,notBad
12743,30,2165.099999999999,30,2156.9999999999995,2opt,notBad
12744,30,2165.099999999999,30,2156.9999999999995,move,improve
12745,30,2165.099999999999,30,2156.9999999999995,move,improve
12746,30,2165.099999999999,30,2156.9999999999995,swap,notBad
12747,30,2165.099999999999,30,2156.9999999999995,move,improve
12748,30,2165.099999999999,30,2156.9999999999995,2opt,notBad
12749,30,2165.099999999999,30,2156.9999999999995,2opt,notBad
12750,30,2165.099999999999,30,2156.9999999999995,swap,notBad
12751,30,2165.099999999999,30,2156.9999999999995,swap,notBad
12752,30,2165.099999999999,30,2156.9999999999995,swap,notBad
12753,30,2165.099999999999,30,2156.9999999999995,move,improve
12754,30,2165.099999999999,30,2156.9999999999995,move,improve
12755,30,2165.099999999999,30,2156.9999999999995,move,improve
12756,30,2165.099999999999,30,2156.9999999999995,2opt,improve
12757,30,2165.099999999999,30,2156.9999999999995,2opt,notBad
12758,30,2167.8999999999996,30,2156.9999999999995,swap,acceptBad
12759,30,2167.8999999999996,30,2156.9999999999995,swap,notBad
12760,30,2167.8999999999996,30,2156.9999999999995,2opt,notBad
12761,30,2167.8999999999996,30,2156.9999999999995,swap,notBad
12762,30,2167.8999999999996,30,2156.9999999999995,swap,notBad
12763,30,2167.8999999999996,30,2156.9999999999995,move,improve
12764,30,2167.8999999999996,30,2156.9999999999995,swap,notBad
12765,30,2167.8999999999996,30,2156.9999999999995,move,improve
12766,30,2167.8999999999996,30,2156.9999999999995,swap,notBad
12767,30,2167.8999999999996,30,2156.9999999999995,swap,notBad
12768,30,2167.8999999999996,30,2156.9999999999995,swap,notBad
12769,30,2167.8999999999996,30,2156.9999999999995,2opt,notBad
12770,30,2167.8999999999996,30,2156.9999999999995,2opt,notBad
12771,30,2167.8999999999996,30,2156.9999999999995,move,improve
12772,30,2167.8999999999996,30,2156.9999999999995,2opt,notBad
12773,30,2167.8999999999996,30,2156.9999999999995,2opt,notBad
12774,30,2167.8999999999996,30,2156.9999999999995,swap,notBad
12775,30,2167.8999999999996,30,2156.9999999999995,swap,notBad
12776,30,2165.099999999999,30,2156.9999999999995,move,improve
12777,30,2165.099999999999,30,2156.9999999999995,swap,notBad
12778,30,2165.099999999999,30,2156.9999999999995,swap,notBad
12779,30,2165.099999999999,30,2156.9999999999995,move,improve
12780,30,2165.099999999999,30,2156.9999999999995,2opt,notBad
12781,30,2165.099999999999,30,2156.9999999999995,move,improve
12782,30,2165.099999999999,30,2156.9999999999995,swap,notBad
12783,30,2165.099999999999,30,2156.9999999999995,2opt,notBad
12784,30,2165.099999999999,30,2156.9999999999995,move,improve
12785,30,2165.099999999999,30,2156.9999999999995,2opt,notBad
12786,30,2165.099999999999,30,2156.9999999999995,move,improve
12787,30,2165.099999999999,30,2156.9999999999995,swap,notBad
12788,30,2165.099999999999,30,2156.9999999999995,move,improve
12789,30,2165.099999999999,30,2156.9999999999995,move,improve
12790,30,2165.099999999999,30,2156.9999999999995,swap,notBad
12791,30,2165.099999999999,30,2156.9999999999995,swap,notBad
12792,30,2165.099999999999,30,2156.9999999999995,swap,notBad
12793,30,2165.099999999999,30,2156.9999999999995,swap,notBad
12794,30,2165.099999999999,30,2156.9999999999995,2opt,improve
12795,30,2165.099999999999,30,2156.9999999999995,2opt,notBad
12796,30,2165.099999999999,30,2156.9999999999995,2opt,notBad
12797,30,2165.099999999999,30,2156.9999999999995,move,improve
12798,30,2165.099999999999,30,2156.9999999999995,move,improve
12799,30,2165.099999999999,30,2156.9999999999995,swap,notBad
12800,30,2165.099999999999,30,2156.9999999999995,swap,notBad
12801,30,2165.099999999999,30,2156.9999999999995,2opt,notBad
12802,30,2165.099999999999,30,2156.9999999999995,move,improve
12803,30,2165.099999999999,30,2156.9999999999995,move,improve
12804,30,2165.099999999999,30,2156.9999999999995,swap,notBad
12805,30,2165.099999999999,30,2156.9999999999995,swap,notBad
12806,30,2165.099999999999,30,2156.9999999999995,move,improve
12807,30,2165.099999999999,30,2156.9999999999995,2opt,notBad
12808,30,2165.099999999999,30,2156.9999999999995,2opt,notBad
12809,30,2165.099999999999,30,2156.9999999999995,swap,notBad
12810,30,2165.099999999999,30,2156.9999999999995,move,improve
12811,30,2165.099999999999,30,2156.9999999999995,move,improve
12812,30,2165.099999999999,30,2156.9999999999995,move,improve
12813,30,2163.1,30,2156.9999999999995,swap,improve
12814,30,2163.1,30,2156.9999999999995,move,improve
12815,30,2163.1,30,2156.9999999999995,move,improve
12816,30,2163.1,30,2156.9999999999995,swap,notBad
12817,30,2163.1,30,2156.9999999999995,swap,notBad
12818,30,2163.1,30,2156.9999999999995,move,improve
12819,30,2163.1,30,2156.9999999999995,move,improve
12820,30,2163.1,30,2156.9999999999995,2opt,notBad
12821,30,2163.1,30,2156.9999999999995,swap,notBad
12822,30,2163.1,30,2156.9999999999995,2opt,notBad
12823,30,2163.1,30,2156.9999999999995,move,improve
12824,30,2163.1,30,2156.9999999999995,2opt,notBad
12825,30,2163.1,30,2156.9999999999995,swap,notBad
12826,30,2163.1,30,2156.9999999999995,2opt,notBad
12827,30,2163.1,30,2156.9999999999995,move,improve
12828,30,2163.1,30,2156.9999999999995,swap,notBad
12829,30,2163.1,30,2156.9999999999995,swap,notBad
12830,30,2163.1,30,2156.9999999999995,2opt,notBad
12831,30,2163.1,30,2156.9999999999995,2opt,notBad
12832,30,2163.1,30,2156.9999999999995,2opt,notBad
12833,30,2163.1,30,2156.9999999999995,swap,notBad
12834,30,2163.1,30,2156.9999999999995,move,improve
12835,30,2163.1,30,2156.9999999999995,swap,notBad
12836,30,2163.1,30,2156.9999999999995,2opt,notBad
12837,30,2163.1,30,2156.9999999999995,2opt,notBad
12838,30,2163.1,30,2156.9999999999995,swap,notBad
12839,30,2163.1,30,2156.9999999999995,swap,notBad
12840,30,2163.1,30,2156.9999999999995,2opt,notBad
12841,30,2163.1,30,2156.9999999999995,move,improve
12842,30,2163.1,30,2156.9999999999995,move,improve
12843,30,2163.1,30,2156.9999999999995,swap,notBad
12844,30,2163.1,30,2156.9999999999995,move,improve
12845,30,2163.1,30,2156.9999999999995,move,improve
12846,30,2163.1,30,2156.9999999999995,move,improve
12847,30,2163.1,30,2156.9999999999995,move,improve
12848,30,2163.1,30,2156.9999999999995,move,improve
12849,30,2163.1,30,2156.9999999999995,move,improve
12850,30,2163.1,30,2156.9999999999995,swap,notBad
12851,30,2163.1,30,2156.9999999999995,move,improve
12852,30,2163.1,30,2156.9999999999995,move,improve
12853,30,2163.1,30,2156.9999999999995,swap,notBad
12854,30,2163.1,30,2156.9999999999995,swap,notBad
12855,30,2163.1,30,2156.9999999999995,swap,notBad
12856,30,2163.1,30,2156.9999999999995,move,improve
12857,30,2163.1,30,2156.9999999999995,move,improve
12858,30,2163.1,30,2156.9999999999995,move,improve
12859,30,2163.1,30,2156.9999999999995,2opt,notBad
12860,30,2163.1,30,2156.9999999999995,2opt,notBad
12861,30,2163.1,30,2156.9999999999995,move,improve
12862,30,2163.1,30,2156.9999999999995,move,improve
12863,30,2163.1,30,2156.9999999999995,2opt,notBad
12864,30,2163.1,30,2156.9999999999995,2opt,notBad
12865,30,2163.1,30,2156.9999999999995,swap,notBad
12866,30,2163.1,30,2156.9999999999995,move,improve
12867,30,2163.1,30,2156.9999999999995,2opt,notBad
12868,30,2163.1,30,2156.9999999999995,swap,notBad
12869,30,2163.1,30,2156.9999999999995,swap,notBad
12870,30,2163.1,30,2156.9999999999995,move,improve
12871,30,2163.1,30,2156.9999999999995,2opt,notBad
12872,30,2163.1,30,2156.9999999999995,move,improve
12873,30,2163.1,30,2156.9999999999995,move,improve
12874,30,2163.1,30,2156.9999999999995,move,improve
12875,30,2163.1,30,2156.9999999999995,swap,notBad
12876,30,2163.1,30,2156.9999999999995,move,improve
12877,30,2163.1,30,2156.9999999999995,2opt,notBad
12878,30,2163.1,30,2156.9999999999995,swap,notBad
12879,30,2163.1,30,2156.9999999999995,move,improve
12880,30,2163.1,30,2156.9999999999995,2opt,notBad
12881,30,2163.1,30,2156.9999999999995,2opt,notBad
12882,30,2163.1,30,2156.9999999999995,move,improve
12883,30,2163.1,30,2156.9999999999995,swap,notBad
12884,30,2163.1,30,2156.9999999999995,move,improve
12885,30,2163.1,30,2156.9999999999995,2opt,notBad
12886,30,2163.1,30,2156.9999999999995,2opt,notBad
12887,30,2163.1,30,2156.9999999999995,swap,notBad
12888,30,2163.1,30,2156.9999999999995,2opt,notBad
12889,30,2163.1,30,2156.9999999999995,2opt,notBad
12890,30,2163.1,30,2156.9999999999995,move,improve
12891,30,2163.1,30,2156.9999999999995,swap,notBad
12892,30,2163.1,30,2156.9999999999995,2opt,notBad
12893,30,2163.1,30,2156.9999999999995,move,improve
12894,30,2163.1,30,2156.9999999999995,swap,notBad
12895,30,2163.1,30,2156.9999999999995,2opt,notBad
12896,30,2163.1,30,2156.9999999999995,swap,notBad
12897,30,2163.1,30,2156.9999999999995,2opt,improve
12898,30,2163.1,30,2156.9999999999995,2opt,notBad
12899,30,2163.1,30,2156.9999999999995,move,improve
12900,30,2163.1,30,2156.9999999999995,swap,notBad
12901,30,2163.1,30,2156.9999999999995,swap,notBad
12902,30,2163.1,30,2156.9999999999995,2opt,notBad
12903,30,2163.1,30,2156.9999999999995,swap,notBad
12904,30,2163.1,30,2156.9999999999995,swap,notBad
12905,30,2163.1,30,2156.9999999999995,swap,notBad
12906,30,2163.1,30,2156.9999999999995,move,improve
12907,30,2163.1,30,2156.9999999999995,swap,notBad
12908,30,2163.1,30,2156.9999999999995,swap,notBad
12909,30,2163.1,30,2156.9999999999995,2opt,notBad
12910,30,2163.1,30,2156.9999999999995,swap,notBad
12911,30,2163.1,30,2156.9999999999995,2opt,notBad
12912,30,2163.1,30,2156.9999999999995,swap,notBad
12913,30,2163.1,30,2156.9999999999995,2opt,notBad
12914,30,2163.1,30,2156.9999999999995,2opt,notBad
12915,30,2163.1,30,2156.9999999999995,move,improve
12916,30,2163.1,30,2156.9999999999995,move,improve
12917,30,2163.1,30,2156.9999999999995,swap,notBad
12918,30,2163.1,30,2156.9999999999995,swap,notBad
12919,30,2163.1,30,2156.9999999999995,2opt,notBad
12920,30,2163.1,30,2156.9999999999995,swap,notBad
12921,30,2163.1,30,2156.9999999999995,2opt,improve
12922,30,2163.1,30,2156.9999999999995,move,improve
12923,30,2163.1,30,2156.9999999999995,swap,notBad
12924,30,2163.1,30,2156.9999999999995,swap,notBad
12925,30,2163.1,30,2156.9999999999995,swap,notBad
12926,30,2163.1,30,2156.9999999999995,move,improve
12927,30,2163.1,30,2156.9999999999995,move,improve
12928,30,2163.1,30,2156.9999999999995,swap,notBad
12929,30,2163.1,30,2156.9999999999995,swap,notBad
12930,30,2163.1,30,2156.9999999999995,swap,notBad
12931,30,2163.1,30,2156.9999999999995,2opt,notBad
12932,30,2163.1,30,2156.9999999999995,move,improve
12933,30,2163.1,30,2156.9999999999995,2opt,notBad
12934,30,2163.1,30,2156.9999999999995,2opt,notBad
12935,30,2163.1,30,2156.9999999999995,2opt,notBad
12936,30,2163.1,30,2156.9999999999995,move,improve
12937,30,2163.1,30,2156.9999999999995,swap,notBad
12938,30,2163.1,30,2156.9999999999995,move,improve
12939,30,2163.1,30,2156.9999999999995,move,improve
12940,30,2163.1,30,2156.9999999999995,2opt,notBad
12941,30,2163.1,30,2156.9999999999995,2opt,notBad
12942,30,2163.1,30,2156.9999999999995,move,improve
12943,30,2163.1,30,2156.9999999999995,2opt,notBad
12944,30,2163.1,30,2156.9999999999995,2opt,notBad
12945,30,2163.1,30,2156.9999999999995,2opt,notBad
12946,30,2165.099999999999,30,2156.9999999999995,swap,acceptBad
12947,30,2165.099999999999,30,2156.9999999999995,move,improve
12948,30,2165.099999999999,30,2156.9999999999995,swap,notBad
12949,30,2165.099999999999,30,2156.9999999999995,2opt,notBad
12950,30,2165.099999999999,30,2156.9999999999995,move,improve
12951,30,2165.099999999999,30,2156.9999999999995,swap,notBad
12952,30,2165.099999999999,30,2156.9999999999995,2opt,improve
12953,30,2165.099999999999,30,2156.9999999999995,move,improve
12954,30,2165.099999999999,30,2156.9999999999995,move,improve
12955,30,2165.099999999999,30,2156.9999999999995,swap,notBad
12956,30,2165.099999999999,30,2156.9999999999995,swap,notBad
12957,30,2165.099999999999,30,2156.9999999999995,swap,notBad
12958,30,2165.099999999999,30,2156.9999999999995,move,improve
12959,30,2165.099999999999,30,2156.9999999999995,swap,notBad
12960,30,2165.099999999999,30,2156.9999999999995,2opt,notBad
12961,30,2165.099999999999,30,2156.9999999999995,move,improve
12962,30,2165.099999999999,30,2156.9999999999995,swap,notBad
12963,30,2165.099999999999,30,2156.9999999999995,move,improve
12964,30,2165.099999999999,30,2156.9999999999995,move,improve
12965,30,2165.099999999999,30,2156.9999999999995,move,improve
12966,30,2165.099999999999,30,2156.9999999999995,2opt,notBad
12967,30,2165.099999999999,30,2156.9999999999995,move,improve
12968,30,2165.099999999999,30,2156.9999999999995,swap,notBad
12969,30,2165.099999999999,30,2156.9999999999995,move,improve
12970,30,2165.099999999999,30,2156.9999999999995,swap,notBad
12971,30,2165.099999999999,30,2156.9999999999995,swap,notBad
12972,30,2165.099999999999,30,2156.9999999999995,swap,notBad
12973,30,2165.099999999999,30,2156.9999999999995,swap,notBad
12974,30,2165.099999999999,30,2156.9999999999995,move,improve
12975,30,2165.099999999999,30,2156.9999999999995,swap,notBad
12976,30,2165.099999999999,30,2156.9999999999995,swap,notBad
12977,30,2165.099999999999,30,2156.9999999999995,swap,notBad
12978,30,2165.099999999999,30,2156.9999999999995,move,improve
12979,30,2165.099999999999,30,2156.9999999999995,swap,notBad
12980,30,2165.099999999999,30,2156.9999999999995,move,improve
12981,30,2165.099999999999,30,2156.9999999999995,move,improve
12982,30,2165.099999999999,30,2156.9999999999995,move,improve
12983,30,2165.099999999999,30,2156.9999999999995,2opt,notBad
12984,30,2165.099999999999,30,2156.9999999999995,swap,notBad
12985,30,2165.099999999999,30,2156.9999999999995,swap,notBad
12986,30,2165.099999999999,30,2156.9999999999995,swap,notBad
12987,30,2165.099999999999,30,2156.9999999999995,2opt,notBad
12988,30,2165.099999999999,30,2156.9999999999995,swap,notBad
12989,30,2165.099999999999,30,2156.9999999999995,move,improve
12990,30,2165.099999999999,30,2156.9999999999995,2opt,notBad
12991,30,2165.099999999999,30,2156.9999999999995,swap,notBad
12992,30,2165.099999999999,30,2156.9999999999995,2opt,notBad
12993,30,2165.099999999999,30,2156.9999999999995,2opt,notBad
12994,30,2165.099999999999,30,2156.9999999999995,swap,notBad
12995,30,2165.099999999999,30,2156.9999999999995,2opt,notBad
12996,30,2165.099999999999,30,2156.9999999999995,move,improve
12997,30,2165.099999999999,30,2156.9999999999995,2opt,notBad
12998,30,2165.099999999999,30,2156.9999999999995,swap,notBad
12999,30,2165.099999999999,30,2156.9999999999995,2opt,notBad
13000,30,2165.099999999999,30,2156.9999999999995,2opt,notBad
13001,30,2165.099999999999,30,2156.9999999999995,move,improve
13002,30,2165.099999999999,30,2156.9999999999995,2opt,notBad
13003,30,2165.099999999999,30,2156.9999999999995,swap,notBad
13004,30,2165.099999999999,30,2156.9999999999995,swap,notBad
13005,30,2165.099999999999,30,2156.9999999999995,2opt,notBad
13006,30,2165.099999999999,30,2156.9999999999995,2opt,notBad
13007,30,2165.099999999999,30,2156.9999999999995,2opt,notBad
13008,30,2165.099999999999,30,2156.9999999999995,swap,notBad
13009,30,2165.099999999999,30,2156.9999999999995,2opt,notBad
13010,30,2165.099999999999,30,2156.9999999999995,swap,notBad
13011,30,2165.099999999999,30,2156.9999999999995,swap,notBad
13012,30,2165.099999999999,30,2156.9999999999995,2opt,improve
13013,30,2165.099999999999,30,2156.9999999999995,2opt,notBad
13014,30,2165.099999999999,30,2156.9999999999995,swap,notBad
13015,30,2165.099999999999,30,2156.9999999999995,swap,notBad
13016,30,2165.099999999999,30,2156.9999999999995,swap,notBad
13017,30,2165.099999999999,30,2156.9999999999995,move,improve
13018,30,2165.099999999999,30,2156.9999999999995,swap,notBad
13019,30,2165.099999999999,30,2156.9999999999995,2opt,improve
13020,30,2165.099999999999,30,2156.9999999999995,2opt,notBad
13021,30,2165.099999999999,30,2156.9999999999995,2opt,improve
13022,30,2165.099999999999,30,2156.9999999999995,2opt,notBad
13023,30,2165.099999999999,30,2156.9999999999995,2opt,notBad
13024,30,2165.099999999999,30,2156.9999999999995,swap,notBad
13025,30,2165.099999999999,30,2156.9999999999995,swap,notBad
13026,30,2165.099999999999,30,2156.9999999999995,swap,notBad
13027,30,2165.099999999999,30,2156.9999999999995,move,improve
13028,30,2165.099999999999,30,2156.9999999999995,swap,notBad
13029,30,2165.099999999999,30,2156.9999999999995,swap,notBad
13030,30,2165.099999999999,30,2156.9999999999995,move,improve
13031,30,2165.099999999999,30,2156.9999999999995,swap,notBad
13032,30,2165.099999999999,30,2156.9999999999995,move,improve
13033,30,2165.099999999999,30,2156.9999999999995,swap,notBad
13034,30,2165.099999999999,30,2156.9999999999995,swap,notBad
13035,30,2165.099999999999,30,2156.9999999999995,move,improve
13036,30,2165.099999999999,30,2156.9999999999995,swap,notBad
13037,30,2165.099999999999,30,2156.9999999999995,move,improve
13038,30,2165.099999999999,30,2156.9999999999995,move,improve
13039,30,2165.099999999999,30,2156.9999999999995,2opt,notBad
13040,30,2165.099999999999,30,2156.9999999999995,swap,notBad
13041,30,2165.099999999999,30,2156.9999999999995,swap,notBad
13042,30,2165.099999999999,30,2156.9999999999995,swap,notBad
13043,30,2165.099999999999,30,2156.9999999999995,2opt,notBad
13044,30,2165.099999999999,30,2156.9999999999995,move,improve
13045,30,2165.099999999999,30,2156.9999999999995,move,improve
13046,30,2165.099999999999,30,2156.9999999999995,move,improve
13047,30,2165.099999999999,30,2156.9999999999995,swap,notBad
13048,30,2165.099999999999,30,2156.9999999999995,swap,notBad
13049,30,2165.099999999999,30,2156.9999999999995,swap,notBad
13050,30,2165.099999999999,30,2156.9999999999995,swap,notBad
13051,30,2165.099999999999,30,2156.9999999999995,swap,notBad
13052,30,2165.099999999999,30,2156.9999999999995,2opt,notBad
13053,30,2165.099999999999,30,2156.9999999999995,move,improve
13054,30,2165.099999999999,30,2156.9999999999995,2opt,notBad
13055,30,2165.099999999999,30,2156.9999999999995,swap,notBad
13056,30,2165.099999999999,30,2156.9999999999995,swap,notBad
13057,30,2165.099999999999,30,2156.9999999999995,move,improve
13058,30,2165.099999999999,30,2156.9999999999995,swap,notBad
13059,30,2165.099999999999,30,2156.9999999999995,2opt,notBad
13060,30,2165.099999999999,30,2156.9999999999995,move,improve
13061,30,2165.099999999999,30,2156.9999999999995,move,improve
13062,30,2165.099999999999,30,2156.9999999999995,swap,notBad
13063,30,2165.099999999999,30,2156.9999999999995,swap,notBad
13064,30,2165.099999999999,30,2156.9999999999995,swap,notBad
13065,30,2165.099999999999,30,2156.9999999999995,2opt,notBad
13066,30,2165.099999999999,30,2156.9999999999995,swap,notBad
13067,30,2165.099999999999,30,2156.9999999999995,move,improve
13068,30,2165.099999999999,30,2156.9999999999995,2opt,notBad
13069,30,2165.099999999999,30,2156.9999999999995,move,improve
13070,30,2165.099999999999,30,2156.9999999999995,move,improve
13071,30,2165.099999999999,30,2156.9999999999995,2opt,notBad
13072,30,2165.099999999999,30,2156.9999999999995,swap,notBad
13073,30,2165.099999999999,30,2156.9999999999995,2opt,notBad
13074,30,2165.099999999999,30,2156.9999999999995,move,improve
13075,30,2165.099999999999,30,2156.9999999999995,2opt,notBad
13076,30,2165.099999999999,30,2156.9999999999995,move,improve
13077,30,2165.099999999999,30,2156.9999999999995,move,improve
13078,30,2165.099999999999,30,2156.9999999999995,swap,notBad
13079,30,2165.099999999999,30,2156.9999999999995,move,improve
13080,30,2165.099999999999,30,2156.9999999999995,2opt,notBad
13081,30,2165.099999999999,30,2156.9999999999995,swap,notBad
13082,30,2165.099999999999,30,2156.9999999999995,2opt,improve
13083,30,2165.099999999999,30,2156.9999999999995,2opt,notBad
13084,30,2165.099999999999,30,2156.9999999999995,move,improve
13085,30,2165.099999999999,30,2156.9999999999995,swap,notBad
13086,30,2165.099999999999,30,2156.9999999999995,swap,notBad
13087,30,2165.099999999999,30,2156.9999999999995,swap,notBad
13088,30,2165.099999999999,30,2156.9999999999995,swap,notBad
13089,30,2165.099999999999,30,2156.9999999999995,swap,notBad
13090,30,2165.099999999999,30,2156.9999999999995,swap,notBad
13091,30,2165.099999999999,30,2156.9999999999995,2opt,notBad
13092,30,2165.099999999999,30,2156.9999999999995,2opt,improve
13093,30,2165.099999999999,30,2156.9999999999995,move,improve
13094,30,2165.099999999999,30,2156.9999999999995,swap,notBad
13095,30,2165.099999999999,30,2156.9999999999995,2opt,notBad
13096,30,2165.099999999999,30,2156.9999999999995,swap,notBad
13097,30,2165.099999999999,30,2156.9999999999995,2opt,notBad
13098,30,2165.099999999999,30,2156.9999999999995,swap,notBad
13099,30,2165.099999999999,30,2156.9999999999995,2opt,notBad
13100,30,2165.099999999999,30,2156.9999999999995,swap,notBad
13101,30,2165.099999999999,30,2156.9999999999995,move,improve
13102,30,2165.099999999999,30,2156.9999999999995,2opt,notBad
13103,30,2165.099999999999,30,2156.9999999999995,swap,notBad
13104,30,2165.099999999999,30,2156.9999999999995,move,improve
13105,30,2165.099999999999,30,2156.9999999999995,2opt,notBad
13106,30,2165.099999999999,30,2156.9999999999995,move,improve
13107,30,2165.099999999999,30,2156.9999999999995,2opt,notBad
13108,30,2165.099999999999,30,2156.9999999999995,2opt,notBad
13109,30,2165.099999999999,30,2156.9999999999995,2opt,notBad
13110,30,2165.099999999999,30,2156.9999999999995,swap,notBad
13111,30,2165.099999999999,30,2156.9999999999995,move,improve
13112,30,2165.099999999999,30,2156.9999999999995,2opt,notBad
13113,30,2165.099999999999,30,2156.9999999999995,move,improve
13114,30,2165.099999999999,30,2156.9999999999995,swap,notBad
13115,30,2165.099999999999,30,2156.9999999999995,move,improve
13116,30,2165.099999999999,30,2156.9999999999995,move,improve
13117,30,2165.099999999999,30,2156.9999999999995,2opt,notBad
13118,30,2165.099999999999,30,2156.9999999999995,2opt,improve
13119,30,2165.099999999999,30,2156.9999999999995,swap,notBad
13120,30,2165.099999999999,30,2156.9999999999995,swap,notBad
13121,30,2165.099999999999,30,2156.9999999999995,move,improve
13122,30,2165.099999999999,30,2156.9999999999995,2opt,notBad
13123,30,2165.099999999999,30,2156.9999999999995,2opt,notBad
13124,30,2165.099999999999,30,2156.9999999999995,2opt,improve
13125,30,2165.099999999999,30,2156.9999999999995,swap,notBad
13126,30,2165.099999999999,30,2156.9999999999995,swap,notBad
13127,30,2165.099999999999,30,2156.9999999999995,swap,notBad
13128,30,2165.099999999999,30,2156.9999999999995,swap,notBad
13129,30,2165.099999999999,30,2156.9999999999995,swap,notBad
13130,30,2165.099999999999,30,2156.9999999999995,move,improve
13131,30,2165.099999999999,30,2156.9999999999995,move,improve
13132,30,2165.099999999999,30,2156.9999999999995,2opt,notBad
13133,30,2165.099999999999,30,2156.9999999999995,2opt,notBad
13134,30,2165.099999999999,30,2156.9999999999995,move,improve
13135,30,2165.099999999999,30,2156.9999999999995,move,improve
13136,30,2165.099999999999,30,2156.9999999999995,move,improve
13137,30,2165.099999999999,30,2156.9999999999995,move,improve
13138,30,2165.099999999999,30,2156.9999999999995,2opt,notBad
13139,30,2165.099999999999,30,2156.9999999999995,2opt,notBad
13140,30,2165.099999999999,30,2156.9999999999995,move,improve
13141,30,2165.099999999999,30,2156.9999999999995,move,improve
13142,30,2165.099999999999,30,2156.9999999999995,2opt,notBad
13143,30,2165.099999999999,30,2156.9999999999995,2opt,notBad
13144,30,2165.099999999999,30,2156.9999999999995,move,improve
13145,30,2165.099999999999,30,2156.9999999999995,swap,notBad
13146,30,2165.099999999999,30,2156.9999999999995,swap,notBad
13147,30,2165.099999999999,30,2156.9999999999995,swap,notBad
13148,30,2165.099999999999,30,2156.9999999999995,swap,notBad
13149,30,2165.099999999999,30,2156.9999999999995,move,improve
13150,30,2165.099999999999,30,2156.9999999999995,move,improve
13151,30,2165.099999999999,30,2156.9999999999995,move,improve
13152,30,2165.099999999999,30,2156.9999999999995,2opt,notBad
13153,30,2165.099999999999,30,2156.9999999999995,2opt,notBad
13154,30,2165.099999999999,30,2156.9999999999995,move,improve
13155,30,2165.099999999999,30,2156.9999999999995,2opt,notBad
13156,30,2165.099999999999,30,2156.9999999999995,2opt,notBad
13157,30,2165.099999999999,30,2156.9999999999995,2opt,notBad
13158,30,2165.099999999999,30,2156.9999999999995,2opt,notBad
13159,30,2165.099999999999,30,2156.9999999999995,move,improve
13160,30,2165.099999999999,30,2156.9999999999995,move,notBad
13161,30,2165.099999999999,30,2156.9999999999995,move,improve
13162,30,2165.099999999999,30,2156.9999999999995,2opt,notBad
13163,30,2165.099999999999,30,2156.9999999999995,move,improve
13164,30,2165.099999999999,30,2156.9999999999995,move,improve
13165,30,2165.099999999999,30,2156.9999999999995,move,improve
13166,30,2165.099999999999,30,2156.9999999999995,move,improve
13167,30,2165.099999999999,30,2156.9999999999995,move,improve
13168,30,2165.099999999999,30,2156.9999999999995,move,improve
13169,30,2165.099999999999,30,2156.9999999999995,swap,notBad
13170,30,2165.099999999999,30,2156.9999999999995,move,improve
13171,30,2165.099999999999,30,2156.9999999999995,swap,notBad
13172,30,2165.099999999999,30,2156.9999999999995,swap,notBad
13173,30,2165.099999999999,30,2156.9999999999995,2opt,notBad
13174,30,2165.099999999999,30,2156.9999999999995,move,improve
13175,30,2165.099999999999,30,2156.9999999999995,move,improve
13176,30,2165.099999999999,30,2156.9999999999995,move,improve
13177,30,2165.099999999999,30,2156.9999999999995,2opt,notBad
13178,30,2165.099999999999,30,2156.9999999999995,move,improve
13179,30,2165.099999999999,30,2156.9999999999995,2opt,notBad
13180,30,2165.099999999999,30,2156.9999999999995,2opt,notBad
13181,30,2165.099999999999,30,2156.9999999999995,2opt,notBad
13182,30,2165.099999999999,30,2156.9999999999995,move,improve
13183,30,2165.099999999999,30,2156.9999999999995,move,improve
13184,30,2165.099999999999,30,2156.9999999999995,swap,notBad
13185,30,2165.099999999999,30,2156.9999999999995,swap,notBad
13186,30,2165.099999999999,30,2156.9999999999995,swap,notBad
13187,30,2165.099999999999,30,2156.9999999999995,2opt,notBad
13188,30,2165.099999999999,30,2156.9999999999995,swap,notBad
13189,30,2165.099999999999,30,2156.9999999999995,2opt,notBad
13190,30,2165.099999999999,30,2156.9999999999995,2opt,notBad
13191,30,2165.099999999999,30,2156.9999999999995,move,improve
13192,30,2165.099999999999,30,2156.9999999999995,2opt,notBad
13193,30,2165.099999999999,30,2156.9999999999995,2opt,notBad
13194,30,2165.099999999999,30,2156.9999999999995,2opt,notBad
13195,30,2165.099999999999,30,2156.9999999999995,swap,notBad
13196,30,2165.099999999999,30,2156.9999999999995,swap,notBad
13197,30,2165.099999999999,30,2156.9999999999995,swap,notBad
13198,30,2165.099999999999,30,2156.9999999999995,move,improve
13199,30,2165.099999999999,30,2156.9999999999995,2opt,notBad
13200,30,2165.099999999999,30,2156.9999999999995,move,improve
13201,30,2165.099999999999,30,2156.9999999999995,swap,notBad
13202,30,2165.099999999999,30,2156.9999999999995,2opt,notBad
13203,30,2165.099999999999,30,2156.9999999999995,swap,notBad
13204,30,2140.6999999999994,30,2140.6999999999994,swap,newBest
13205,30,2140.6999999999994,30,2140.6999999999994,2opt,notBad
13206,30,2140.6999999999994,30,2140.6999999999994,swap,notBad
13207,30,2140.6999999999994,30,2140.6999999999994,move,improve
13208,30,2140.6999999999994,30,2140.6999999999994,2opt,notBad
13209,30,2140.6999999999994,30,2140.6999999999994,move,improve
13210,30,2140.6999999999994,30,2140.6999999999994,2opt,notBad
13211,30,2140.6999999999994,30,2140.6999999999994,move,improve
13212,30,2140.6999999999994,30,2140.6999999999994,2opt,notBad
13213,30,2140.6999999999994,30,2140.6999999999994,2opt,notBad
13214,30,2140.6999999999994,30,2140.6999999999994,2opt,notBad
13215,30,2140.6999999999994,30,2140.6999999999994,move,improve
13216,30,2140.6999999999994,30,2140.6999999999994,swap,notBad
13217,30,2140.6999999999994,30,2140.6999999999994,2opt,notBad
13218,30,2140.6999999999994,30,2140.6999999999994,2opt,notBad
13219,30,2140.6999999999994,30,2140.6999999999994,2opt,improve
13220,30,2140.6999999999994,30,2140.6999999999994,swap,notBad
13221,30,2140.6999999999994,30,2140.6999999999994,2opt,notBad
13222,30,2140.6999999999994,30,2140.6999999999994,2opt,notBad
13223,30,2140.6999999999994,30,2140.6999999999994,move,improve
13224,30,2140.6999999999994,30,2140.6999999999994,swap,notBad
13225,30,2140.6999999999994,30,2140.6999999999994,2opt,notBad
13226,30,2140.6999999999994,30,2140.6999999999994,2opt,notBad
13227,30,2140.6999999999994,30,2140.6999999999994,move,improve
13228,30,2140.6999999999994,30,2140.6999999999994,move,improve
13229,30,2140.6999999999994,30,2140.6999999999994,move,improve
13230,30,2140.6999999999994,30,2140.6999999999994,swap,notBad
13231,30,2140.6999999999994,30,2140.6999999999994,2opt,notBad
13232,30,2140.6999999999994,30,2140.6999999999994,2opt,improve
13233,30,2140.6999999999994,30,2140.6999999999994,move,improve
13234,30,2140.6999999999994,30,2140.6999999999994,2opt,notBad
13235,30,2140.6999999999994,30,2140.6999999999994,2opt,notBad
13236,30,2140.6999999999994,30,2140.6999999999994,move,improve
13237,30,2140.6999999999994,30,2140.6999999999994,move,improve
13238,30,2140.6999999999994,30,2140.6999999999994,swap,notBad
13239,30,2140.6999999999994,30,2140.6999999999994,move,improve
13240,30,2140.6999999999994,30,2140.6999999999994,swap,notBad
13241,30,2140.6999999999994,30,2140.6999999999994,swap,notBad
13242,30,2140.6999999999994,30,2140.6999999999994,move,improve
13243,30,2140.6999999999994,30,2140.6999999999994,2opt,notBad
13244,30,2140.6999999999994,30,2140.6999999999994,move,improve
13245,30,2140.6999999999994,30,2140.6999999999994,move,improve
13246,30,2140.6999999999994,30,2140.6999999999994,swap,notBad
13247,30,2140.6999999999994,30,2140.6999999999994,2opt,notBad
13248,30,2140.6999999999994,30,2140.6999999999994,move,improve
13249,30,2140.6999999999994,30,2140.6999999999994,move,improve
13250,30,2140.6999999999994,30,2140.6999999999994,2opt,notBad
13251,30,2140.6999999999994,30,2140.6999999999994,2opt,notBad
13252,30,2140.6999999999994,30,2140.6999999999994,2opt,notBad
13253,30,2140.6999999999994,30,2140.6999999999994,2opt,notBad
13254,30,2140.6999999999994,30,2140.6999999999994,swap,notBad
13255,30,2140.6999999999994,30,2140.6999999999994,swap,notBad
13256,30,2140.6999999999994,30,2140.6999999999994,move,improve
13257,30,2140.6999999999994,30,2140.6999999999994,swap,notBad
13258,30,2140.6999999999994,30,2140.6999999999994,2opt,notBad
13259,30,2140.6999999999994,30,2140.6999999999994,move,improve
13260,30,2140.6999999999994,30,2140.6999999999994,swap,notBad
13261,30,2140.6999999999994,30,2140.6999999999994,move,improve
13262,30,2140.6999999999994,30,2140.6999999999994,move,improve
13263,30,2140.6999999999994,30,2140.6999999999994,swap,notBad
13264,30,2140.6999999999994,30,2140.6999999999994,swap,notBad
13265,30,2140.6999999999994,30,2140.6999999999994,move,improve
13266,30,2140.6999999999994,30,2140.6999999999994,swap,notBad
13267,30,2140.6999999999994,30,2140.6999999999994,move,improve
13268,30,2140.6999999999994,30,2140.6999999999994,move,improve
13269,30,2140.6999999999994,30,2140.6999999999994,swap,notBad
13270,30,2140.6999999999994,30,2140.6999999999994,swap,notBad
13271,30,2140.6999999999994,30,2140.6999999999994,2opt,notBad
13272,30,2140.6999999999994,30,2140.6999999999994,move,improve
13273,30,2140.6999999999994,30,2140.6999999999994,move,improve
13274,30,2140.6999999999994,30,2140.6999999999994,move,improve
13275,30,2140.6999999999994,30,2140.6999999999994,move,improve
13276,30,2140.6999999999994,30,2140.6999999999994,swap,notBad
13277,30,2140.6999999999994,30,2140.6999999999994,2opt,notBad
13278,30,2140.6999999999994,30,2140.6999999999994,swap,notBad
13279,30,2140.6999999999994,30,2140.6999999999994,swap,notBad
13280,30,2140.6999999999994,30,2140.6999999999994,swap,notBad
13281,30,2140.6999999999994,30,2140.6999999999994,2opt,improve
13282,30,2140.6999999999994,30,2140.6999999999994,2opt,notBad
13283,30,2140.6999999999994,30,2140.6999999999994,swap,notBad
13284,30,2140.6999999999994,30,2140.6999999999994,swap,notBad
13285,30,2140.6999999999994,30,2140.6999999999994,swap,notBad
13286,30,2140.6999999999994,30,2140.6999999999994,swap,notBad
13287,30,2140.6999999999994,30,2140.6999999999994,2opt,notBad
13288,30,2140.6999999999994,30,2140.6999999999994,2opt,notBad
13289,30,2140.6999999999994,30,2140.6999999999994,swap,notBad
13290,30,2140.6999999999994,30,2140.6999999999994,swap,notBad
13291,30,2140.6999999999994,30,2140.6999999999994,move,improve
13292,30,2140.6999999999994,30,2140.6999999999994,2opt,notBad
13293,30,2140.6999999999994,30,2140.6999999999994,move,improve
13294,30,2140.6999999999994,30,2140.6999999999994,move,improve
13295,30,2140.6999999999994,30,2140.6999999999994,swap,notBad
13296,30,2140.6999999999994,30,2140.6999999999994,move,improve
13297,30,2140.6999999999994,30,2140.6999999999994,2opt,notBad
13298,30,2140.6999999999994,30,2140.6999999999994,2opt,notBad
13299,30,2140.6999999999994,30,2140.6999999999994,swap,notBad
13300,30,2140.6999999999994,30,2140.6999999999994,move,improve
13301,30,2140.6999999999994,30,2140.6999999999994,swap,notBad
13302,30,2140.6999999999994,30,2140.6999999999994,swap,notBad
13303,30,2140.6999999999994,30,2140.6999999999994,2opt,notBad
13304,30,2140.6999999999994,30,2140.6999999999994,swap,notBad
13305,30,2140.6999999999994,30,2140.6999999999994,2opt,notBad
13306,30,2140.6999999999994,30,2140.6999999999994,swap,notBad
13307,30,2140.6999999999994,30,2140.6999999999994,move,improve
13308,30,2140.6999999999994,30,2140.6999999999994,swap,notBad
13309,30,2140.6999999999994,30,2140.6999999999994,2opt,notBad
13310,30,2140.6999999999994,30,2140.6999999999994,swap,notBad
13311,30,2140.6999999999994,30,2140.6999999999994,swap,notBad
13312,30,2140.6999999999994,30,2140.6999999999994,move,improve
13313,30,2140.6999999999994,30,2140.6999999999994,swap,notBad
13314,30,2140.6999999999994,30,2140.6999999999994,swap,notBad
13315,30,2140.6999999999994,30,2140.6999999999994,2opt,notBad
13316,30,2140.6999999999994,30,2140.6999999999994,move,improve
13317,30,2143.4999999999995,30,2140.6999999999994,swap,acceptBad
13318,30,2143.4999999999995,30,2140.6999999999994,2opt,notBad
13319,30,2143.4999999999995,30,2140.6999999999994,swap,notBad
13320,30,2143.4999999999995,30,2140.6999999999994,move,improve
13321,30,2143.4999999999995,30,2140.6999999999994,move,improve
13322,30,2143.4999999999995,30,2140.6999999999994,2opt,notBad
13323,30,2143.4999999999995,30,2140.6999999999994,swap,notBad
13324,30,2143.4999999999995,30,2140.6999999999994,2opt,notBad
13325,30,2143.4999999999995,30,2140.6999999999994,move,improve
13326,30,2143.4999999999995,30,2140.6999999999994,swap,notBad
13327,30,2143.4999999999995,30,2140.6999999999994,move,improve
13328,30,2143.4999999999995,30,2140.6999999999994,2opt,notBad
13329,30,2143.4999999999995,30,2140.6999999999994,move,improve
13330,30,2143.4999999999995,30,2140.6999999999994,2opt,notBad
13331,30,2143.4999999999995,30,2140.6999999999994,swap,notBad
13332,30,2143.4999999999995,30,2140.6999999999994,2opt,notBad
13333,30,2143.4999999999995,30,2140.6999999999994,move,improve
13334,30,2143.4999999999995,30,2140.6999999999994,move,improve
13335,30,2143.4999999999995,30,2140.6999999999994,move,improve
13336,30,2143.4999999999995,30,2140.6999999999994,2opt,notBad
13337,30,2143.4999999999995,30,2140.6999999999994,swap,notBad
13338,30,2143.4999999999995,30,2140.6999999999994,swap,notBad
13339,30,2143.4999999999995,30,2140.6999999999994,move,improve
13340,30,2143.4999999999995,30,2140.6999999999994,move,improve
13341,30,2143.4999999999995,30,2140.6999999999994,swap,notBad
13342,30,2143.4999999999995,30,2140.6999999999994,move,improve
13343,30,2143.4999999999995,30,2140.6999999999994,2opt,notBad
13344,30,2143.4999999999995,30,2140.6999999999994,2opt,improve
13345,30,2143.4999999999995,30,2140.6999999999994,swap,notBad
13346,30,2143.4999999999995,30,2140.6999999999994,move,improve
13347,30,2143.4999999999995,30,2140.6999999999994,swap,notBad
13348,30,2143.4999999999995,30,2140.6999999999994,2opt,notBad
13349,30,2143.4999999999995,30,2140.6999999999994,move,improve
13350,30,2143.4999999999995,30,2140.6999999999994,move,improve
13351,30,2143.4999999999995,30,2140.6999999999994,move,improve
13352,30,2143.4999999999995,30,2140.6999999999994,2opt,improve
13353,30,2143.4999999999995,30,2140.6999999999994,move,improve
13354,30,2143.4999999999995,30,2140.6999999999994,2opt,notBad
13355,30,2143.4999999999995,30,2140.6999999999994,swap,notBad
13356,30,2143.4999999999995,30,2140.6999999999994,move,improve
13357,30,2143.4999999999995,30,2140.6999999999994,swap,notBad
13358,30,2143.4999999999995,30,2140.6999999999994,move,improve
13359,30,2143.4999999999995,30,2140.6999999999994,2opt,notBad
13360,30,2143.4999999999995,30,2140.6999999999994,2opt,notBad
13361,30,2143.4999999999995,30,2140.6999999999994,swap,notBad
13362,30,2143.4999999999995,30,2140.6999999999994,move,improve
13363,30,2143.4999999999995,30,2140.6999999999994,2opt,notBad
13364,30,2143.4999999999995,30,2140.6999999999994,swap,notBad
13365,30,2143.4999999999995,30,2140.6999999999994,2opt,notBad
13366,30,2143.4999999999995,30,2140.6999999999994,swap,notBad
13367,30,2143.4999999999995,30,2140.6999999999994,2opt,notBad
13368,30,2143.4999999999995,30,2140.6999999999994,2opt,notBad
13369,30,2143.4999999999995,30,2140.6999999999994,swap,notBad
13370,30,2143.4999999999995,30,2140.6999999999994,swap,notBad
13371,30,2143.4999999999995,30,2140.6999999999994,2opt,notBad
13372,30,2143.4999999999995,30,2140.6999999999994,2opt,notBad
13373,30,2143.4999999999995,30,2140.6999999999994,move,improve
13374,30,2143.4999999999995,30,2140.6999999999994,move,improve
13375,30,2143.4999999999995,30,2140.6999999999994,move,improve
13376,30,2143.4999999999995,30,2140.6999999999994,2opt,notBad
13377,30,2143.4999999999995,30,2140.6999999999994,swap,notBad
13378,30,2143.4999999999995,30,2140.6999999999994,move,improve
13379,30,2143.4999999999995,30,2140.6999999999994,swap,notBad
13380,30,2143.4999999999995,30,2140.6999999999994,2opt,notBad
13381,30,2143.4999999999995,30,2140.6999999999994,move,improve
13382,30,2143.4999999999995,30,2140.6999999999994,2opt,notBad
13383,30,2143.4999999999995,30,2140.6999999999994,swap,notBad
13384,30,2143.4999999999995,30,2140.6999999999994,move,improve
13385,30,2143.4999999999995,30,2140.6999999999994,2opt,notBad
13386,30,2143.4999999999995,30,2140.6999999999994,swap,notBad
13387,30,2143.4999999999995,30,2140.6999999999994,swap,notBad
13388,30,2143.4999999999995,30,2140.6999999999994,move,improve
13389,30,2143.4999999999995,30,2140.6999999999994,2opt,notBad
13390,30,2143.4999999999995,30,2140.6999999999994,swap,notBad
13391,30,2143.4999999999995,30,2140.6999999999994,swap,notBad
13392,30,2143.4999999999995,30,2140.6999999999994,swap,notBad
13393,30,2143.4999999999995,30,2140.6999999999994,move,improve
13394,30,2143.4999999999995,30,2140.6999999999994,move,improve
13395,30,2143.4999999999995,30,2140.6999999999994,2opt,notBad
13396,30,2143.4999999999995,30,2140.6999999999994,move,improve
13397,30,2143.4999999999995,30,2140.6999999999994,swap,notBad
13398,30,2143.4999999999995,30,2140.6999999999994,2opt,notBad
13399,30,2143.4999999999995,30,2140.6999999999994,swap,notBad
13400,30,2143.4999999999995,30,2140.6999999999994,move,improve
13401,30,2143.4999999999995,30,2140.6999999999994,swap,notBad
13402,30,2143.4999999999995,30,2140.6999999999994,swap,notBad
13403,30,2143.4999999999995,30,2140.6999999999994,2opt,notBad
13404,30,2143.4999999999995,30,2140.6999999999994,swap,notBad
13405,30,2143.4999999999995,30,2140.6999999999994,move,improve
13406,30,2143.4999999999995,30,2140.6999999999994,move,improve
13407,30,2143.4999999999995,30,2140.6999999999994,2opt,notBad
13408,30,2143.4999999999995,30,2140.6999999999994,swap,notBad
13409,30,2143.4999999999995,30,2140.6999999999994,2opt,notBad
13410,30,2143.4999999999995,30,2140.6999999999994,move,improve
13411,30,2143.4999999999995,30,2140.6999999999994,2opt,notBad
13412,30,2143.4999999999995,30,2140.6999999999994,2opt,notBad
13413,30,2143.4999999999995,30,2140.6999999999994,2opt,notBad
13414,30,2143.4999999999995,30,2140.6999999999994,move,improve
13415,30,2143.4999999999995,30,2140.6999999999994,swap,notBad
13416,30,2143.4999999999995,30,2140.6999999999994,2opt,notBad
13417,30,2143.4999999999995,30,2140.6999999999994,2opt,notBad
13418,30,2143.4999999999995,30,2140.6999999999994,2opt,notBad
13419,30,2143.4999999999995,30,2140.6999999999994,swap,notBad
13420,30,2143.4999999999995,30,2140.6999999999994,swap,notBad
13421,30,2143.4999999999995,30,2140.6999999999994,swap,notBad
13422,30,2143.4999999999995,30,2140.6999999999994,2opt,notBad
13423,30,2143.4999999999995,30,2140.6999999999994,2opt,notBad
13424,30,2143.4999999999995,30,2140.6999999999994,swap,notBad
13425,30,2143.4999999999995,30,2140.6999999999994,swap,notBad
13426,30,2143.4999999999995,30,2140.6999999999994,move,improve
13427,30,2143.4999999999995,30,2140.6999999999994,2opt,notBad
13428,30,2143.4999999999995,30,2140.6999999999994,swap,notBad
13429,30,2143.4999999999995,30,2140.6999999999994,swap,notBad
13430,30,2143.4999999999995,30,2140.6999999999994,move,improve
13431,30,2143.4999999999995,30,2140.6999999999994,move,improve
13432,30,2143.4999999999995,30,2140.6999999999994,2opt,improve
13433,30,2143.4999999999995,30,2140.6999999999994,move,improve
13434,30,2143.4999999999995,30,2140.6999999999994,move,improve
13435,30,2143.4999999999995,30,2140.6999999999994,move,improve
13436,30,2143.4999999999995,30,2140.6999999999994,2opt,notBad
13437,30,2143.4999999999995,30,2140.6999999999994,move,improve
13438,30,2143.4999999999995,30,2140.6999999999994,move,improve
13439,30,2143.4999999999995,30,2140.6999999999994,2opt,notBad
13440,30,2143.4999999999995,30,2140.6999999999994,2opt,notBad
13441,30,2143.4999999999995,30,2140.6999999999994,2opt,notBad
13442,30,2143.4999999999995,30,2140.6999999999994,swap,notBad
13443,30,2143.4999999999995,30,2140.6999999999994,2opt,improve
13444,30,2143.4999999999995,30,2140.6999999999994,swap,notBad
13445,30,2143.4999999999995,30,2140.6999999999994,move,improve
13446,30,2143.4999999999995,30,2140.6999999999994,swap,notBad
13447,30,2143.4999999999995,30,2140.6999999999994,move,improve
13448,30,2143.4999999999995,30,2140.6999999999994,2opt,improve
13449,30,2143.4999999999995,30,2140.6999999999994,swap,notBad
13450,30,2143.4999999999995,30,2140.6999999999994,move,improve
13451,30,2143.4999999999995,30,2140.6999999999994,swap,notBad
13452,30,2143.4999999999995,30,2140.6999999999994,swap,notBad
13453,30,2143.4999999999995,30,2140.6999999999994,swap,notBad
13454,30,2143.4999999999995,30,2140.6999999999994,2opt,notBad
13455,30,2143.4999999999995,30,2140.6999999999994,2opt,notBad
13456,30,2143.4999999999995,30,2140.6999999999994,swap,notBad
13457,30,2143.4999999999995,30,2140.6999999999994,move,improve
13458,30,2143.4999999999995,30,2140.6999999999994,swap,notBad
13459,30,2143.4999999999995,30,2140.6999999999994,2opt,notBad
13460,30,2143.4999999999995,30,2140.6999999999994,move,improve
13461,30,2143.4999999999995,30,2140.6999999999994,2opt,notBad
13462,30,2143.4999999999995,30,2140.6999999999994,swap,notBad
13463,30,2143.4999999999995,30,2140.6999999999994,move,improve
13464,30,2143.4999999999995,30,2140.6999999999994,move,improve
13465,30,2143.4999999999995,30,2140.6999999999994,2opt,notBad
13466,30,2143.4999999999995,30,2140.6999999999994,2opt,notBad
13467,30,2143.4999999999995,30,2140.6999999999994,2opt,notBad
13468,30,2143.4999999999995,30,2140.6999999999994,2opt,notBad
13469,30,2143.4999999999995,30,2140.6999999999994,2opt,notBad
13470,30,2143.4999999999995,30,2140.6999999999994,swap,notBad
13471,30,2143.4999999999995,30,2140.6999999999994,move,improve
13472,30,2143.4999999999995,30,2140.6999999999994,move,improve
13473,30,2143.4999999999995,30,2140.6999999999994,swap,notBad
13474,30,2143.4999999999995,30,2140.6999999999994,2opt,notBad
13475,30,2143.4999999999995,30,2140.6999999999994,2opt,notBad
13476,30,2143.4999999999995,30,2140.6999999999994,move,improve
13477,30,2143.4999999999995,30,2140.6999999999994,move,improve
13478,30,2143.4999999999995,30,2140.6999999999994,swap,notBad
13479,30,2143.4999999999995,30,2140.6999999999994,swap,notBad
13480,30,2143.4999999999995,30,2140.6999999999994,swap,notBad
13481,30,2143.4999999999995,30,2140.6999999999994,2opt,notBad
13482,30,2143.4999999999995,30,2140.6999999999994,2opt,notBad
13483,30,2143.4999999999995,30,2140.6999999999994,swap,notBad
13484,30,2143.4999999999995,30,2140.6999999999994,swap,notBad
13485,30,2143.4999999999995,30,2140.6999999999994,swap,notBad
13486,30,2143.4999999999995,30,2140.6999999999994,move,improve
13487,30,2143.4999999999995,30,2140.6999999999994,move,improve
13488,30,2143.4999999999995,30,2140.6999999999994,swap,notBad
13489,30,2143.4999999999995,30,2140.6999999999994,swap,notBad
13490,30,2143.4999999999995,30,2140.6999999999994,2opt,notBad
13491,30,2143.4999999999995,30,2140.6999999999994,move,improve
13492,30,2143.4999999999995,30,2140.6999999999994,move,improve
13493,30,2143.4999999999995,30,2140.6999999999994,2opt,notBad
13494,30,2143.4999999999995,30,2140.6999999999994,swap,notBad
13495,30,2143.4999999999995,30,2140.6999999999994,2opt,notBad
13496,30,2143.4999999999995,30,2140.6999999999994,move,improve
13497,30,2143.4999999999995,30,2140.6999999999994,2opt,notBad
13498,30,2143.4999999999995,30,2140.6999999999994,2opt,notBad
13499,30,2143.4999999999995,30,2140.6999999999994,swap,notBad
13500,30,2143.4999999999995,30,2140.6999999999994,move,improve
13501,30,2143.4999999999995,30,2140.6999999999994,move,improve
13502,30,2143.4999999999995,30,2140.6999999999994,swap,notBad
13503,30,2143.4999999999995,30,2140.6999999999994,2opt,notBad
13504,30,2143.4999999999995,30,2140.6999999999994,swap,notBad
13505,30,2143.4999999999995,30,2140.6999999999994,2opt,notBad
13506,30,2143.4999999999995,30,2140.6999999999994,2opt,notBad
13507,30,2143.4999999999995,30,2140.6999999999994,2opt,notBad
13508,30,2143.4999999999995,30,2140.6999999999994,move,improve
13509,30,2143.4999999999995,30,2140.6999999999994,swap,notBad
13510,30,2143.4999999999995,30,2140.6999999999994,swap,notBad
13511,30,2143.4999999999995,30,2140.6999999999994,2opt,notBad
13512,30,2143.4999999999995,30,2140.6999999999994,2opt,notBad
13513,30,2143.4999999999995,30,2140.6999999999994,2opt,notBad
13514,30,2143.4999999999995,30,2140.6999999999994,move,improve
13515,30,2143.4999999999995,30,2140.6999999999994,2opt,notBad
13516,30,2143.4999999999995,30,2140.6999999999994,move,improve
13517,30,2143.4999999999995,30,2140.6999999999994,2opt,notBad
13518,30,2143.4999999999995,30,2140.6999999999994,move,improve
13519,30,2143.4999999999995,30,2140.6999999999994,swap,notBad
13520,30,2143.4999999999995,30,2140.6999999999994,2opt,notBad
13521,30,2143.4999999999995,30,2140.6999999999994,2opt,notBad
13522,30,2143.4999999999995,30,2140.6999999999994,2opt,notBad
13523,30,2143.4999999999995,30,2140.6999999999994,2opt,notBad
13524,30,2143.4999999999995,30,2140.6999999999994,swap,notBad
13525,30,2143.4999999999995,30,2140.6999999999994,swap,notBad
13526,30,2143.4999999999995,30,2140.6999999999994,move,improve
13527,30,2143.4999999999995,30,2140.6999999999994,swap,notBad
13528,30,2143.4999999999995,30,2140.6999999999994,2opt,notBad
13529,30,2143.4999999999995,30,2140.6999999999994,2opt,notBad
13530,30,2143.4999999999995,30,2140.6999999999994,swap,notBad
13531,30,2143.4999999999995,30,2140.6999999999994,move,improve
13532,30,2143.4999999999995,30,2140.6999999999994,swap,notBad
13533,30,2143.4999999999995,30,2140.6999999999994,move,improve
13534,30,2143.4999999999995,30,2140.6999999999994,2opt,notBad
13535,30,2143.4999999999995,30,2140.6999999999994,swap,notBad
13536,30,2143.4999999999995,30,2140.6999999999994,2opt,notBad
13537,30,2143.4999999999995,30,2140.6999999999994,2opt,notBad
13538,30,2143.4999999999995,30,2140.6999999999994,move,improve
13539,30,2143.4999999999995,30,2140.6999999999994,2opt,notBad
13540,30,2143.4999999999995,30,2140.6999999999994,move,improve
13541,30,2143.4999999999995,30,2140.6999999999994,move,improve
13542,30,2143.4999999999995,30,2140.6999999999994,2opt,notBad
13543,30,2143.4999999999995,30,2140.6999999999994,swap,notBad
13544,30,2143.4999999999995,30,2140.6999999999994,swap,notBad
13545,30,2143.4999999999995,30,2140.6999999999994,swap,notBad
13546,30,2143.4999999999995,30,2140.6999999999994,swap,notBad
13547,30,2143.4999999999995,30,2140.6999999999994,2opt,notBad
13548,30,2143.4999999999995,30,2140.6999999999994,2opt,notBad
13549,30,2143.4999999999995,30,2140.6999999999994,2opt,notBad
13550,30,2143.4999999999995,30,2140.6999999999994,move,improve
13551,30,2143.4999999999995,30,2140.6999999999994,swap,notBad
13552,30,2143.4999999999995,30,2140.6999999999994,2opt,notBad
13553,30,2143.4999999999995,30,2140.6999999999994,move,improve
13554,30,2143.4999999999995,30,2140.6999999999994,move,improve
13555,30,2143.4999999999995,30,2140.6999999999994,2opt,notBad
13556,30,2143.4999999999995,30,2140.6999999999994,move,improve
13557,30,2143.4999999999995,30,2140.6999999999994,move,improve
13558,30,2143.4999999999995,30,2140.6999999999994,swap,notBad
13559,30,2143.4999999999995,30,2140.6999999999994,2opt,notBad
13560,30,2143.4999999999995,30,2140.6999999999994,move,improve
13561,30,2143.4999999999995,30,2140.6999999999994,swap,notBad
13562,30,2143.4999999999995,30,2140.6999999999994,2opt,notBad
13563,30,2143.4999999999995,30,2140.6999999999994,2opt,notBad
13564,30,2143.4999999999995,30,2140.6999999999994,swap,notBad
13565,30,2143.4999999999995,30,2140.6999999999994,swap,notBad
13566,30,2143.4999999999995,30,2140.6999999999994,swap,notBad
13567,30,2143.4999999999995,30,2140.6999999999994,move,improve
13568,30,2143.4999999999995,30,2140.6999999999994,2opt,notBad
13569,30,2143.4999999999995,30,2140.6999999999994,move,improve
13570,30,2143.4999999999995,30,2140.6999999999994,2opt,notBad
13571,30,2143.4999999999995,30,2140.6999999999994,2opt,notBad
13572,30,2143.4999999999995,30,2140.6999999999994,move,improve
13573,30,2143.4999999999995,30,2140.6999999999994,move,improve
13574,30,2143.4999999999995,30,2140.6999999999994,swap,notBad
13575,30,2143.4999999999995,30,2140.6999999999994,2opt,notBad
13576,30,2143.4999999999995,30,2140.6999999999994,2opt,notBad
13577,30,2143.4999999999995,30,2140.6999999999994,2opt,notBad
13578,30,2143.4999999999995,30,2140.6999999999994,swap,notBad
13579,30,2143.4999999999995,30,2140.6999999999994,swap,notBad
13580,30,2143.4999999999995,30,2140.6999999999994,move,improve
13581,30,2143.4999999999995,30,2140.6999999999994,swap,notBad
13582,30,2143.4999999999995,30,2140.6999999999994,2opt,notBad
13583,30,2143.4999999999995,30,2140.6999999999994,2opt,notBad
13584,30,2143.4999999999995,30,2140.6999999999994,2opt,notBad
13585,30,2143.4999999999995,30,2140.6999999999994,move,improve
13586,30,2143.4999999999995,30,2140.6999999999994,move,improve
13587,30,2143.4999999999995,30,2140.6999999999994,2opt,notBad
13588,30,2143.4999999999995,30,2140.6999999999994,swap,notBad
13589,30,2143.4999999999995,30,2140.6999999999994,2opt,notBad
13590,30,2143.4999999999995,30,2140.6999999999994,swap,notBad
13591,30,2143.4999999999995,30,2140.6999999999994,swap,notBad
13592,30,2143.4999999999995,30,2140.6999999999994,2opt,notBad
13593,30,2143.4999999999995,30,2140.6999999999994,move,improve
13594,30,2143.4999999999995,30,2140.6999999999994,2opt,notBad
13595,30,2143.4999999999995,30,2140.6999999999994,2opt,notBad
13596,30,2143.4999999999995,30,2140.6999999999994,swap,notBad
13597,30,2143.4999999999995,30,2140.6999999999994,move,improve
13598,30,2143.4999999999995,30,2140.6999999999994,2opt,notBad
13599,30,2143.4999999999995,30,2140.6999999999994,swap,notBad
13600,30,2143.4999999999995,30,2140.6999999999994,move,improve
13601,30,2143.4999999999995,30,2140.6999999999994,swap,notBad
13602,30,2143.4999999999995,30,2140.6999999999994,2opt,notBad
13603,30,2143.4999999999995,30,2140.6999999999994,2opt,notBad
13604,30,2143.4999999999995,30,2140.6999999999994,move,improve
13605,30,2143.4999999999995,30,2140.6999999999994,2opt,notBad
13606,30,2143.4999999999995,30,2140.6999999999994,move,improve
13607,30,2143.4999999999995,30,2140.6999999999994,swap,notBad
13608,30,2143.4999999999995,30,2140.6999999999994,swap,notBad
13609,30,2143.4999999999995,30,2140.6999999999994,2opt,notBad
13610,30,2143.4999999999995,30,2140.6999999999994,2opt,improve
13611,30,2143.4999999999995,30,2140.6999999999994,2opt,notBad
13612,30,2143.4999999999995,30,2140.6999999999994,2opt,notBad
13613,30,2143.4999999999995,30,2140.6999999999994,swap,notBad
13614,30,2143.4999999999995,30,2140.6999999999994,2opt,notBad
13615,30,2143.4999999999995,30,2140.6999999999994,move,improve
13616,30,2143.4999999999995,30,2140.6999999999994,swap,notBad
13617,30,2143.4999999999995,30,2140.6999999999994,swap,notBad
13618,30,2143.4999999999995,30,2140.6999999999994,move,improve
13619,30,2143.4999999999995,30,2140.6999999999994,2opt,improve
13620,30,2143.4999999999995,30,2140.6999999999994,move,improve
13621,30,2143.4999999999995,30,2140.6999999999994,move,improve
13622,30,2143.4999999999995,30,2140.6999999999994,move,improve
13623,30,2143.4999999999995,30,2140.6999999999994,move,improve
13624,30,2143.4999999999995,30,2140.6999999999994,move,improve
13625,30,2143.4999999999995,30,2140.6999999999994,2opt,notBad
13626,30,2143.4999999999995,30,2140.6999999999994,2opt,notBad
13627,30,2143.4999999999995,30,2140.6999999999994,2opt,improve
13628,30,2143.4999999999995,30,2140.6999999999994,swap,notBad
13629,30,2143.4999999999995,30,2140.6999999999994,swap,notBad
13630,30,2140.6999999999994,30,2140.6999999999994,move,improve
13631,30,2140.6999999999994,30,2140.6999999999994,swap,notBad
13632,30,2140.6999999999994,30,2140.6999999999994,move,improve
13633,30,2140.6999999999994,30,2140.6999999999994,swap,notBad
13634,30,2140.6999999999994,30,2140.6999999999994,2opt,notBad
13635,30,2140.6999999999994,30,2140.6999999999994,move,improve
13636,30,2140.6999999999994,30,2140.6999999999994,2opt,notBad
13637,30,2140.6999999999994,30,2140.6999999999994,swap,notBad
13638,30,2140.6999999999994,30,2140.6999999999994,swap,notBad
13639,30,2140.6999999999994,30,2140.6999999999994,swap,notBad
13640,30,2140.6999999999994,30,2140.6999999999994,move,improve
13641,30,2140.6999999999994,30,2140.6999999999994,move,improve
13642,30,2140.6999999999994,30,2140.6999999999994,2opt,notBad
13643,30,2140.6999999999994,30,2140.6999999999994,swap,notBad
13644,30,2140.6999999999994,30,2140.6999999999994,move,improve
13645,30,2140.6999999999994,30,2140.6999999999994,swap,notBad
13646,30,2140.6999999999994,30,2140.6999999999994,swap,notBad
13647,30,2140.6999999999994,30,2140.6999999999994,2opt,notBad
13648,30,2140.6999999999994,30,2140.6999999999994,move,improve
13649,30,2140.6999999999994,30,2140.6999999999994,swap,notBad
13650,30,2140.6999999999994,30,2140.6999999999994,move,improve
13651,30,2140.6999999999994,30,2140.6999999999994,swap,notBad
13652,30,2140.6999999999994,30,2140.6999999999994,swap,notBad
13653,30,2140.6999999999994,30,2140.6999999999994,swap,notBad
13654,30,2140.6999999999994,30,2140.6999999999994,2opt,notBad
13655,30,2140.6999999999994,30,2140.6999999999994,move,improve
13656,30,2140.6999999999994,30,2140.6999999999994,swap,notBad
13657,30,2140.6999999999994,30,2140.6999999999994,2opt,notBad
13658,30,2140.6999999999994,30,2140.6999999999994,2opt,notBad
13659,30,2140.6999999999994,30,2140.6999999999994,2opt,notBad
13660,30,2140.6999999999994,30,2140.6999999999994,2opt,notBad
13661,30,2140.6999999999994,30,2140.6999999999994,swap,notBad
13662,30,2140.6999999999994,30,2140.6999999999994,swap,notBad
13663,30,2140.6999999999994,30,2140.6999999999994,swap,notBad
13664,30,2140.6999999999994,30,2140.6999999999994,swap,notBad
13665,30,2140.6999999999994,30,2140.6999999999994,swap,notBad
13666,30,2140.6999999999994,30,2140.6999999999994,move,improve
13667,30,2140.6999999999994,30,2140.6999999999994,move,improve
13668,30,2140.6999999999994,30,2140.6999999999994,move,improve
13669,30,2140.6999999999994,30,2140.6999999999994,swap,notBad
13670,30,2140.6999999999994,30,2140.6999999999994,swap,notBad
13671,30,2140.6999999999994,30,2140.6999999999994,2opt,notBad
13672,30,2140.6999999999994,30,2140.6999999999994,move,improve
13673,30,2140.6999999999994,30,2140.6999999999994,2opt,notBad
13674,30,2140.6999999999994,30,2140.6999999999994,move,improve
13675,30,2140.6999999999994,30,2140.6999999999994,move,improve
13676,30,2140.6999999999994,30,2140.6999999999994,swap,notBad
13677,30,2140.6999999999994,30,2140.6999999999994,move,improve
13678,30,2140.6999999999994,30,2140.6999999999994,2opt,notBad
13679,30,2140.6999999999994,30,2140.6999999999994,swap,notBad
13680,30,2140.6999999999994,30,2140.6999999999994,move,improve
13681,30,2140.6999999999994,30,2140.6999999999994,swap,notBad
13682,30,2140.6999999999994,30,2140.6999999999994,move,improve
13683,30,2140.6999999999994,30,2140.6999999999994,swap,notBad
13684,30,2140.6999999999994,30,2140.6999999999994,swap,notBad
13685,30,2140.6999999999994,30,2140.6999999999994,2opt,notBad
13686,30,2140.6999999999994,30,2140.6999999999994,2opt,notBad
13687,30,2140.6999999999994,30,2140.6999999999994,swap,notBad
13688,30,2140.6999999999994,30,2140.6999999999994,swap,notBad
13689,30,2140.6999999999994,30,2140.6999999999994,2opt,notBad
13690,30,2140.6999999999994,30,2140.6999999999994,move,improve
13691,30,2140.6999999999994,30,2140.6999999999994,swap,notBad
13692,30,2140.6999999999994,30,2140.6999999999994,2opt,improve
13693,30,2140.6999999999994,30,2140.6999999999994,2opt,notBad
13694,30,2140.6999999999994,30,2140.6999999999994,move,improve
13695,30,2140.6999999999994,30,2140.6999999999994,move,improve
13696,30,2140.6999999999994,30,2140.6999999999994,swap,notBad
13697,30,2140.6999999999994,30,2140.6999999999994,move,improve
13698,30,2140.6999999999994,30,2140.6999999999994,2opt,notBad
13699,30,2140.6999999999994,30,2140.6999999999994,move,improve
13700,30,2140.6999999999994,30,2140.6999999999994,move,improve
13701,30,2140.6999999999994,30,2140.6999999999994,2opt,improve
13702,30,2140.6999999999994,30,2140.6999999999994,move,improve
13703,30,2140.6999999999994,30,2140.6999999999994,2opt,improve
13704,30,2140.6999999999994,30,2140.6999999999994,move,improve
13705,30,2140.6999999999994,30,2140.6999999999994,2opt,notBad
13706,30,2140.6999999999994,30,2140.6999999999994,2opt,notBad
13707,30,2140.6999999999994,30,2140.6999999999994,swap,notBad
13708,30,2140.6999999999994,30,2140.6999999999994,2opt,notBad
13709,30,2140.6999999999994,30,2140.6999999999994,swap,notBad
13710,30,2140.6999999999994,30,2140.6999999999994,swap,notBad
13711,30,2140.6999999999994,30,2140.6999999999994,2opt,notBad
13712,30,2140.6999999999994,30,2140.6999999999994,swap,notBad
13713,30,2140.6999999999994,30,2140.6999999999994,2opt,notBad
13714,30,2140.6999999999994,30,2140.6999999999994,2opt,notBad
13715,30,2140.6999999999994,30,2140.6999999999994,move,improve
13716,30,2140.6999999999994,30,2140.6999999999994,swap,notBad
13717,30,2140.6999999999994,30,2140.6999999999994,move,improve
13718,30,2140.6999999999994,30,2140.6999999999994,move,improve
13719,30,2140.6999999999994,30,2140.6999999999994,swap,notBad
13720,30,2140.6999999999994,30,2140.6999999999994,move,improve
13721,30,2140.6999999999994,30,2140.6999999999994,swap,notBad
13722,30,2140.6999999999994,30,2140.6999999999994,2opt,notBad
13723,30,2140.6999999999994,30,2140.6999999999994,2opt,notBad
13724,30,2140.6999999999994,30,2140.6999999999994,2opt,notBad
13725,30,2140.6999999999994,30,2140.6999999999994,move,improve
13726,30,2140.6999999999994,30,2140.6999999999994,2opt,notBad
13727,30,2140.6999999999994,30,2140.6999999999994,swap,notBad
13728,30,2140.6999999999994,30,2140.6999999999994,move,improve
13729,30,2140.6999999999994,30,2140.6999999999994,move,improve
13730,30,2140.6999999999994,30,2140.6999999999994,swap,notBad
13731,30,2140.6999999999994,30,2140.6999999999994,move,improve
13732,30,2140.6999999999994,30,2140.6999999999994,2opt,notBad
13733,30,2140.6999999999994,30,2140.6999999999994,move,improve
13734,30,2140.6999999999994,30,2140.6999999999994,swap,notBad
13735,30,2140.6999999999994,30,2140.6999999999994,2opt,notBad
13736,30,2140.6999999999994,30,2140.6999999999994,2opt,notBad
13737,30,2140.6999999999994,30,2140.6999999999994,swap,notBad
13738,30,2140.6999999999994,30,2140.6999999999994,2opt,notBad
13739,30,2140.6999999999994,30,2140.6999999999994,move,improve
13740,30,2140.6999999999994,30,2140.6999999999994,2opt,notBad
13741,30,2140.6999999999994,30,2140.6999999999994,2opt,notBad
13742,30,2140.6999999999994,30,2140.6999999999994,move,improve
13743,30,2140.6999999999994,30,2140.6999999999994,move,improve
13744,30,2140.6999999999994,30,2140.6999999999994,swap,notBad
13745,30,2140.6999999999994,30,2140.6999999999994,move,improve
13746,30,2140.6999999999994,30,2140.6999999999994,swap,notBad
13747,30,2140.6999999999994,30,2140.6999999999994,2opt,notBad
13748,30,2140.6999999999994,30,2140.6999999999994,swap,notBad
13749,30,2140.6999999999994,30,2140.6999999999994,2opt,notBad
13750,30,2140.6999999999994,30,2140.6999999999994,move,improve
13751,30,2140.6999999999994,30,2140.6999999999994,swap,notBad
13752,30,2140.6999999999994,30,2140.6999999999994,move,improve
13753,30,2140.6999999999994,30,2140.6999999999994,swap,notBad
13754,30,2140.6999999999994,30,2140.6999999999994,swap,notBad
13755,30,2140.6999999999994,30,2140.6999999999994,swap,notBad
13756,30,2140.6999999999994,30,2140.6999999999994,2opt,notBad
13757,30,2140.6999999999994,30,2140.6999999999994,move,improve
13758,30,2140.6999999999994,30,2140.6999999999994,2opt,notBad
13759,30,2140.6999999999994,30,2140.6999999999994,move,improve
13760,30,2140.6999999999994,30,2140.6999999999994,swap,notBad
13761,30,2140.6999999999994,30,2140.6999999999994,2opt,notBad
13762,30,2140.6999999999994,30,2140.6999999999994,swap,notBad
13763,30,2140.6999999999994,30,2140.6999999999994,2opt,notBad
13764,30,2140.6999999999994,30,2140.6999999999994,move,improve
13765,30,2142.6999999999994,30,2140.6999999999994,swap,acceptBad
13766,30,2142.6999999999994,30,2140.6999999999994,swap,notBad
13767,30,2142.6999999999994,30,2140.6999999999994,2opt,notBad
13768,30,2142.6999999999994,30,2140.6999999999994,2opt,notBad
13769,30,2142.6999999999994,30,2140.6999999999994,swap,notBad
13770,30,2142.6999999999994,30,2140.6999999999994,2opt,notBad
13771,30,2142.6999999999994,30,2140.6999999999994,swap,notBad
13772,30,2142.6999999999994,30,2140.6999999999994,2opt,notBad
13773,30,2142.6999999999994,30,2140.6999999999994,swap,notBad
13774,30,2142.6999999999994,30,2140.6999999999994,2opt,notBad
13775,30,2142.6999999999994,30,2140.6999999999994,swap,notBad
13776,30,2142.6999999999994,30,2140.6999999999994,2opt,notBad
13777,30,2142.6999999999994,30,2140.6999999999994,2opt,notBad
13778,30,2142.6999999999994,30,2140.6999999999994,swap,notBad
13779,30,2142.6999999999994,30,2140.6999999999994,2opt,notBad
13780,30,2142.6999999999994,30,2140.6999999999994,swap,notBad
13781,30,2142.6999999999994,30,2140.6999999999994,swap,notBad
13782,30,2142.6999999999994,30,2140.6999999999994,2opt,notBad
13783,30,2142.6999999999994,30,2140.6999999999994,swap,notBad
13784,30,2142.6999999999994,30,2140.6999999999994,swap,notBad
13785,30,2142.6999999999994,30,2140.6999999999994,swap,notBad
13786,30,2142.6999999999994,30,2140.6999999999994,move,improve
13787,30,2142.6999999999994,30,2140.6999999999994,move,notBad
13788,30,2142.6999999999994,30,2140.6999999999994,2opt,notBad
13789,30,2142.6999999999994,30,2140.6999999999994,swap,notBad
13790,30,2142.6999999999994,30,2140.6999999999994,swap,notBad
13791,30,2142.6999999999994,30,2140.6999999999994,move,improve
13792,30,2142.6999999999994,30,2140.6999999999994,move,improve
13793,30,2142.6999999999994,30,2140.6999999999994,swap,notBad
13794,30,2142.6999999999994,30,2140.6999999999994,2opt,notBad
13795,30,2142.6999999999994,30,2140.6999999999994,move,improve
13796,30,2142.6999999999994,30,2140.6999999999994,swap,notBad
13797,30,2142.6999999999994,30,2140.6999999999994,move,improve
13798,30,2142.6999999999994,30,2140.6999999999994,move,improve
13799,30,2142.6999999999994,30,2140.6999999999994,move,improve
13800,30,2142.6999999999994,30,2140.6999999999994,move,improve
13801,30,2142.6999999999994,30,2140.6999999999994,2opt,notBad
13802,30,2142.6999999999994,30,2140.6999999999994,2opt,improve
13803,30,2142.6999999999994,30,2140.6999999999994,move,improve
13804,30,2142.6999999999994,30,2140.6999999999994,2opt,notBad
13805,30,2142.6999999999994,30,2140.6999999999994,move,improve
13806,30,2142.6999999999994,30,2140.6999999999994,2opt,notBad
13807,30,2142.6999999999994,30,2140.6999999999994,move,improve
13808,30,2142.6999999999994,30,2140.6999999999994,2opt,notBad
13809,30,2142.6999999999994,30,2140.6999999999994,2opt,notBad
13810,30,2140.6999999999994,30,2140.6999999999994,move,improve
13811,30,2140.6999999999994,30,2140.6999999999994,move,improve
13812,30,2140.6999999999994,30,2140.6999999999994,move,improve
13813,30,2140.6999999999994,30,2140.6999999999994,2opt,notBad
13814,30,2140.6999999999994,30,2140.6999999999994,move,improve
13815,30,2140.6999999999994,30,2140.6999999999994,swap,notBad
13816,30,2140.6999999999994,30,2140.6999999999994,swap,notBad
13817,30,2140.6999999999994,30,2140.6999999999994,move,improve
13818,30,2140.6999999999994,30,2140.6999999999994,move,improve
13819,30,2140.6999999999994,30,2140.6999999999994,2opt,notBad
13820,30,2140.6999999999994,30,2140.6999999999994,2opt,notBad
13821,30,2140.6999999999994,30,2140.6999999999994,2opt,improve
13822,30,2140.6999999999994,30,2140.6999999999994,swap,notBad
13823,30,2140.6999999999994,30,2140.6999999999994,2opt,notBad
13824,30,2140.6999999999994,30,2140.6999999999994,swap,notBad
13825,30,2140.6999999999994,30,2140.6999999999994,move,improve
13826,30,2140.6999999999994,30,2140.6999999999994,move,improve
13827,30,2140.6999999999994,30,2140.6999999999994,swap,notBad
13828,30,2140.6999999999994,30,2140.6999999999994,swap,notBad
13829,30,2140.6999999999994,30,2140.6999999999994,2opt,notBad
13830,30,2140.6999999999994,30,2140.6999999999994,swap,notBad
13831,30,2140.6999999999994,30,2140.6999999999994,swap,notBad
13832,30,2140.6999999999994,30,2140.6999999999994,move,improve
13833,30,2140.6999999999994,30,2140.6999999999994,swap,notBad
13834,30,2140.6999999999994,30,2140.6999999999994,move,improve
13835,30,2140.6999999999994,30,2140.6999999999994,move,improve
13836,30,2140.6999999999994,30,2140.6999999999994,swap,notBad
13837,30,2140.6999999999994,30,2140.6999999999994,move,improve
13838,30,2140.6999999999994,30,2140.6999999999994,move,improve
13839,30,2140.6999999999994,30,2140.6999999999994,2opt,notBad
13840,30,2140.6999999999994,30,2140.6999999999994,2opt,notBad
13841,30,2140.6999999999994,30,2140.6999999999994,move,improve
13842,30,2140.6999999999994,30,2140.6999999999994,swap,notBad
13843,30,2140.6999999999994,30,2140.6999999999994,move,improve
13844,30,2140.6999999999994,30,2140.6999999999994,move,improve
13845,30,2140.6999999999994,30,2140.6999999999994,2opt,notBad
13846,30,2140.6999999999994,30,2140.6999999999994,swap,notBad
13847,30,2140.6999999999994,30,2140.6999999999994,move,improve
13848,30,2140.6999999999994,30,2140.6999999999994,2opt,notBad
13849,30,2140.6999999999994,30,2140.6999999999994,move,improve
13850,30,2140.6999999999994,30,2140.6999999999994,2opt,notBad
13851,30,2140.6999999999994,30,2140.6999999999994,2opt,notBad
13852,30,2140.6999999999994,30,2140.6999999999994,swap,notBad
13853,30,2140.6999999999994,30,2140.6999999999994,move,improve
13854,30,2140.6999999999994,30,2140.6999999999994,swap,notBad
13855,30,2140.6999999999994,30,2140.6999999999994,swap,notBad
13856,30,2140.6999999999994,30,2140.6999999999994,swap,notBad
13857,30,2140.6999999999994,30,2140.6999999999994,move,improve
13858,30,2140.6999999999994,30,2140.6999999999994,2opt,notBad
13859,30,2140.6999999999994,30,2140.6999999999994,swap,notBad
13860,30,2140.6999999999994,30,2140.6999999999994,move,improve
13861,30,2140.6999999999994,30,2140.6999999999994,2opt,notBad
13862,30,2140.6999999999994,30,2140.6999999999994,2opt,notBad
13863,30,2140.6999999999994,30,2140.6999999999994,swap,notBad
13864,30,2140.6999999999994,30,2140.6999999999994,move,improve
13865,30,2140.6999999999994,30,2140.6999999999994,move,improve
13866,30,2140.6999999999994,30,2140.6999999999994,2opt,notBad
13867,30,2140.6999999999994,30,2140.6999999999994,move,improve
13868,30,2140.6999999999994,30,2140.6999999999994,2opt,notBad
13869,30,2140.6999999999994,30,2140.6999999999994,2opt,notBad
13870,30,2140.6999999999994,30,2140.6999999999994,move,improve
13871,30,2140.6999999999994,30,2140.6999999999994,swap,notBad
13872,30,2140.6999999999994,30,2140.6999999999994,move,improve
13873,30,2140.6999999999994,30,2140.6999999999994,move,improve
13874,30,2140.6999999999994,30,2140.6999999999994,move,improve
13875,30,2140.6999999999994,30,2140.6999999999994,move,improve
13876,30,2140.6999999999994,30,2140.6999999999994,move,improve
13877,30,2140.6999999999994,30,2140.6999999999994,move,improve
13878,30,2140.6999999999994,30,2140.6999999999994,move,improve
13879,30,2140.6999999999994,30,2140.6999999999994,swap,notBad
13880,30,2140.6999999999994,30,2140.6999999999994,move,improve
13881,30,2140.6999999999994,30,2140.6999999999994,swap,notBad
13882,30,2140.6999999999994,30,2140.6999999999994,swap,notBad
13883,30,2140.6999999999994,30,2140.6999999999994,swap,notBad
13884,30,2140.6999999999994,30,2140.6999999999994,swap,notBad
13885,30,2140.6999999999994,30,2140.6999999999994,2opt,notBad
13886,30,2140.6999999999994,30,2140.6999999999994,2opt,notBad
13887,30,2140.6999999999994,30,2140.6999999999994,2opt,notBad
13888,30,2140.6999999999994,30,2140.6999999999994,move,improve
13889,30,2140.6999999999994,30,2140.6999999999994,swap,notBad
13890,30,2140.6999999999994,30,2140.6999999999994,swap,notBad
13891,30,2140.6999999999994,30,2140.6999999999994,swap,notBad
13892,30,2140.6999999999994,30,2140.6999999999994,move,improve
13893,30,2140.6999999999994,30,2140.6999999999994,swap,notBad
13894,30,2140.6999999999994,30,2140.6999999999994,swap,notBad
13895,30,2140.6999999999994,30,2140.6999999999994,swap,notBad
13896,30,2140.6999999999994,30,2140.6999999999994,swap,notBad
13897,30,2140.6999999999994,30,2140.6999999999994,swap,notBad
13898,30,2140.6999999999994,30,2140.6999999999994,move,improve
13899,30,2140.6999999999994,30,2140.6999999999994,swap,notBad
13900,30,2140.6999999999994,30,2140.6999999999994,swap,notBad
13901,30,2140.6999999999994,30,2140.6999999999994,move,improve
13902,30,2140.6999999999994,30,2140.6999999999994,move,improve
13903,30,2140.6999999999994,30,2140.6999999999994,move,improve
13904,30,2140.6999999999994,30,2140.6999999999994,swap,notBad
13905,30,2140.6999999999994,30,2140.6999999999994,move,improve
13906,30,2140.6999999999994,30,2140.6999999999994,move,notBad
13907,30,2140.6999999999994,30,2140.6999999999994,swap,notBad
13908,30,2140.6999999999994,30,2140.6999999999994,swap,notBad
13909,30,2140.6999999999994,30,2140.6999999999994,swap,notBad
13910,30,2140.6999999999994,30,2140.6999999999994,move,improve
13911,30,2140.6999999999994,30,2140.6999999999994,2opt,notBad
13912,30,2140.6999999999994,30,2140.6999999999994,swap,notBad
13913,30,2140.6999999999994,30,2140.6999999999994,swap,notBad
13914,30,2140.6999999999994,30,2140.6999999999994,move,improve
13915,30,2140.6999999999994,30,2140.6999999999994,move,improve
13916,30,2140.6999999999994,30,2140.6999999999994,2opt,notBad
13917,30,2140.6999999999994,30,2140.6999999999994,swap,notBad
13918,30,2140.6999999999994,30,2140.6999999999994,2opt,notBad
13919,30,2140.6999999999994,30,2140.6999999999994,2opt,notBad
13920,30,2140.6999999999994,30,2140.6999999999994,swap,notBad
13921,30,2140.6999999999994,30,2140.6999999999994,move,improve
13922,30,2140.6999999999994,30,2140.6999999999994,move,improve
13923,30,2140.6999999999994,30,2140.6999999999994,2opt,notBad
13924,30,2140.6999999999994,30,2140.6999999999994,swap,notBad
13925,30,2140.6999999999994,30,2140.6999999999994,move,improve
13926,30,2140.6999999999994,30,2140.6999999999994,swap,notBad
13927,30,2140.6999999999994,30,2140.6999999999994,2opt,notBad
13928,30,2140.6999999999994,30,2140.6999999999994,2opt,notBad
13929,30,2140.6999999999994,30,2140.6999999999994,swap,notBad
13930,30,2140.6999999999994,30,2140.6999999999994,move,improve
13931,30,2140.6999999999994,30,2140.6999999999994,2opt,notBad
13932,30,2140.6999999999994,30,2140.6999999999994,2opt,notBad
13933,30,2140.6999999999994,30,2140.6999999999994,2opt,notBad
13934,30,2140.6999999999994,30,2140.6999999999994,2opt,notBad
13935,30,2140.6999999999994,30,2140.6999999999994,2opt,notBad
13936,30,2140.6999999999994,30,2140.6999999999994,swap,notBad
13937,30,2140.6999999999994,30,2140.6999999999994,2opt,notBad
13938,30,2140.6999999999994,30,2140.6999999999994,move,improve
13939,30,2140.6999999999994,30,2140.6999999999994,2opt,notBad
13940,30,2140.6999999999994,30,2140.6999999999994,2opt,notBad
13941,30,2140.6999999999994,30,2140.6999999999994,move,improve
13942,30,2140.6999999999994,30,2140.6999999999994,move,improve
13943,30,2140.6999999999994,30,2140.6999999999994,2opt,notBad
13944,30,2140.6999999999994,30,2140.6999999999994,move,improve
13945,30,2140.6999999999994,30,2140.6999999999994,2opt,notBad
13946,30,2140.6999999999994,30,2140.6999999999994,move,improve
13947,30,2140.6999999999994,30,2140.6999999999994,swap,notBad
13948,30,2140.6999999999994,30,2140.6999999999994,2opt,notBad
13949,30,2140.6999999999994,30,2140.6999999999994,move,improve
13950,30,2140.6999999999994,30,2140.6999999999994,swap,notBad
13951,30,2140.6999999999994,30,2140.6999999999994,2opt,notBad
13952,30,2140.6999999999994,30,2140.6999999999994,swap,notBad
13953,30,2140.6999999999994,30,2140.6999999999994,swap,notBad
13954,30,2140.6999999999994,30,2140.6999999999994,swap,notBad
13955,30,2140.6999999999994,30,2140.6999999999994,move,improve
13956,30,2140.6999999999994,30,2140.6999999999994,move,improve
13957,30,2140.6999999999994,30,2140.6999999999994,move,improve
13958,30,2140.6999999999994,30,2140.6999999999994,2opt,notBad
13959,30,2140.6999999999994,30,2140.6999999999994,swap,notBad
13960,30,2140.6999999999994,30,2140.6999999999994,swap,notBad
13961,30,2140.6999999999994,30,2140.6999999999994,2opt,notBad
13962,30,2140.6999999999994,30,2140.6999999999994,move,improve
13963,30,2140.6999999999994,30,2140.6999999999994,2opt,notBad
13964,30,2140.6999999999994,30,2140.6999999999994,2opt,improve
13965,30,2140.6999999999994,30,2140.6999999999994,2opt,notBad
13966,30,2140.6999999999994,30,2140.6999999999994,swap,notBad
13967,30,2140.6999999999994,30,2140.6999999999994,move,improve
13968,30,2140.6999999999994,30,2140.6999999999994,move,improve
13969,30,2140.6999999999994,30,2140.6999999999994,2opt,notBad
13970,30,2140.6999999999994,30,2140.6999999999994,swap,notBad
13971,30,2140.6999999999994,30,2140.6999999999994,move,improve
13972,30,2140.6999999999994,30,2140.6999999999994,move,improve
13973,30,2140.6999999999994,30,2140.6999999999994,swap,notBad
13974,30,2140.6999999999994,30,2140.6999999999994,2opt,notBad
13975,30,2140.6999999999994,30,2140.6999999999994,move,improve
13976,30,2140.6999999999994,30,2140.6999999999994,2opt,notBad
13977,30,2140.6999999999994,30,2140.6999999999994,swap,notBad
13978,30,2140.6999999999994,30,2140.6999999999994,swap,notBad
13979,30,2140.6999999999994,30,2140.6999999999994,2opt,notBad
13980,30,2140.6999999999994,30,2140.6999999999994,move,improve
13981,30,2140.6999999999994,30,2140.6999999999994,2opt,notBad
13982,30,2140.6999999999994,30,2140.6999999999994,move,improve
13983,30,2140.6999999999994,30,2140.6999999999994,move,improve
13984,30,2140.6999999999994,30,2140.6999999999994,2opt,notBad
13985,30,2140.6999999999994,30,2140.6999999999994,move,improve
13986,30,2140.6999999999994,30,2140.6999999999994,swap,notBad
13987,30,2140.6999999999994,30,2140.6999999999994,2opt,improve
13988,30,2140.6999999999994,30,2140.6999999999994,move,improve
13989,30,2140.6999999999994,30,2140.6999999999994,move,improve
13990,30,2140.6999999999994,30,2140.6999999999994,swap,notBad
13991,30,2140.6999999999994,30,2140.6999999999994,2opt,notBad
13992,30,2140.6999999999994,30,2140.6999999999994,swap,notBad
13993,30,2140.6999999999994,30,2140.6999999999994,swap,notBad
13994,30,2140.6999999999994,30,2140.6999999999994,2opt,notBad
13995,30,2140.6999999999994,30,2140.6999999999994,swap,notBad
13996,30,2140.6999999999994,30,2140.6999999999994,2opt,notBad
13997,30,2140.6999999999994,30,2140.6999999999994,move,improve
13998,30,2140.6999999999994,30,2140.6999999999994,swap,notBad
13999,30,2140.6999999999994,30,2140.6999999999994,move,improve
14000,30,2140.6999999999994,30,2140.6999999999994,move,improve
14001,30,2140.6999999999994,30,2140.6999999999994,move,improve
14002,30,2140.6999999999994,30,2140.6999999999994,swap,notBad
14003,30,2140.6999999999994,30,2140.6999999999994,2opt,notBad
14004,30,2140.6999999999994,30,2140.6999999999994,2opt,notBad
14005,30,2140.6999999999994,30,2140.6999999999994,move,improve
14006,30,2140.6999999999994,30,2140.6999999999994,2opt,notBad
14007,30,2140.6999999999994,30,2140.6999999999994,swap,notBad
14008,30,2140.6999999999994,30,2140.6999999999994,2opt,notBad
14009,30,2140.6999999999994,30,2140.6999999999994,2opt,notBad
14010,30,2140.6999999999994,30,2140.6999999999994,swap,notBad
14011,30,2140.6999999999994,30,2140.6999999999994,2opt,improve
14012,30,2140.6999999999994,30,2140.6999999999994,2opt,notBad
14013,30,2140.6999999999994,30,2140.6999999999994,swap,notBad
14014,30,2140.6999999999994,30,2140.6999999999994,move,improve
14015,30,2140.6999999999994,30,2140.6999999999994,swap,notBad
14016,30,2140.6999999999994,30,2140.6999999999994,swap,notBad
14017,30,2140.6999999999994,30,2140.6999999999994,2opt,notBad
14018,30,2140.6999999999994,30,2140.6999999999994,2opt,notBad
14019,30,2140.6999999999994,30,2140.6999999999994,2opt,notBad
14020,30,2140.6999999999994,30,2140.6999999999994,2opt,notBad
14021,30,2140.6999999999994,30,2140.6999999999994,move,improve
14022,30,2140.6999999999994,30,2140.6999999999994,move,improve
14023,30,2140.6999999999994,30,2140.6999999999994,swap,notBad
14024,30,2140.6999999999994,30,2140.6999999999994,swap,notBad
14025,30,2140.6999999999994,30,2140.6999999999994,swap,notBad
14026,30,2140.6999999999994,30,2140.6999999999994,2opt,notBad
14027,30,2140.6999999999994,30,2140.6999999999994,2opt,notBad
14028,30,2140.6999999999994,30,2140.6999999999994,move,improve
14029,30,2140.6999999999994,30,2140.6999999999994,2opt,notBad
14030,30,2140.6999999999994,30,2140.6999999999994,move,improve
14031,30,2140.6999999999994,30,2140.6999999999994,swap,notBad
14032,30,2140.6999999999994,30,2140.6999999999994,move,improve
14033,30,2140.6999999999994,30,2140.6999999999994,move,improve
14034,30,2140.6999999999994,30,2140.6999999999994,move,improve
14035,30,2140.6999999999994,30,2140.6999999999994,2opt,notBad
14036,30,2140.6999999999994,30,2140.6999999999994,2opt,improve
14037,30,2140.6999999999994,30,2140.6999999999994,move,improve
14038,30,2140.6999999999994,30,2140.6999999999994,2opt,improve
14039,30,2140.6999999999994,30,2140.6999999999994,swap,notBad
14040,30,2140.6999999999994,30,2140.6999999999994,2opt,notBad
14041,30,2140.6999999999994,30,2140.6999999999994,move,improve
14042,30,2140.6999999999994,30,2140.6999999999994,2opt,notBad
14043,30,2140.6999999999994,30,2140.6999999999994,swap,notBad
14044,30,2140.6999999999994,30,2140.6999999999994,2opt,notBad
14045,30,2140.6999999999994,30,2140.6999999999994,2opt,notBad
14046,30,2140.6999999999994,30,2140.6999999999994,swap,notBad
14047,30,2140.6999999999994,30,2140.6999999999994,move,improve
14048,30,2140.6999999999994,30,2140.6999999999994,swap,notBad
14049,30,2140.6999999999994,30,2140.6999999999994,swap,notBad
14050,30,2140.6999999999994,30,2140.6999999999994,move,improve
14051,30,2140.6999999999994,30,2140.6999999999994,2opt,notBad
14052,30,2140.6999999999994,30,2140.6999999999994,2opt,notBad
14053,30,2140.6999999999994,30,2140.6999999999994,move,improve
14054,30,2140.6999999999994,30,2140.6999999999994,2opt,notBad
14055,30,2140.6999999999994,30,2140.6999999999994,swap,notBad
14056,30,2140.6999999999994,30,2140.6999999999994,swap,notBad
14057,30,2140.6999999999994,30,2140.6999999999994,2opt,notBad
14058,30,2140.6999999999994,30,2140.6999999999994,move,improve
14059,30,2140.6999999999994,30,2140.6999999999994,swap,notBad
14060,30,2140.6999999999994,30,2140.6999999999994,swap,notBad
14061,30,2140.6999999999994,30,2140.6999999999994,2opt,notBad
14062,30,2140.6999999999994,30,2140.6999999999994,swap,notBad
14063,30,2140.6999999999994,30,2140.6999999999994,move,improve
14064,30,2140.6999999999994,30,2140.6999999999994,swap,notBad
14065,30,2140.6999999999994,30,2140.6999999999994,swap,notBad
14066,30,2140.6999999999994,30,2140.6999999999994,swap,notBad
14067,30,2140.6999999999994,30,2140.6999999999994,move,improve
14068,30,2140.6999999999994,30,2140.6999999999994,move,improve
14069,30,2140.6999999999994,30,2140.6999999999994,swap,notBad
14070,30,2140.6999999999994,30,2140.6999999999994,move,improve
14071,30,2140.6999999999994,30,2140.6999999999994,2opt,notBad
14072,30,2140.6999999999994,30,2140.6999999999994,swap,notBad
14073,30,2140.6999999999994,30,2140.6999999999994,swap,notBad
14074,30,2140.6999999999994,30,2140.6999999999994,move,improve
14075,30,2140.6999999999994,30,2140.6999999999994,move,improve
14076,30,2140.6999999999994,30,2140.6999999999994,2opt,notBad
14077,30,2140.6999999999994,30,2140.6999999999994,swap,notBad
14078,30,2140.6999999999994,30,2140.6999999999994,2opt,improve
14079,30,2140.6999999999994,30,2140.6999999999994,2opt,notBad
14080,30,2140.6999999999994,30,2140.6999999999994,2opt,notBad
14081,30,2140.6999999999994,30,2140.6999999999994,swap,notBad
14082,30,2140.6999999999994,30,2140.6999999999994,move,improve
14083,30,2140.6999999999994,30,2140.6999999999994,swap,notBad
14084,30,2140.6999999999994,30,2140.6999999999994,swap,notBad
14085,30,2140.6999999999994,30,2140.6999999999994,2opt,notBad
14086,30,2140.6999999999994,30,2140.6999999999994,2opt,notBad
14087,30,2140.6999999999994,30,2140.6999999999994,move,improve
14088,30,2140.6999999999994,30,2140.6999999999994,swap,notBad
14089,30,2140.6999999999994,30,2140.6999999999994,swap,notBad
14090,30,2140.6999999999994,30,2140.6999999999994,2opt,notBad
14091,30,2140.6999999999994,30,2140.6999999999994,swap,notBad
14092,30,2140.6999999999994,30,2140.6999999999994,move,notBad
14093,30,2140.6999999999994,30,2140.6999999999994,swap,notBad
14094,30,2140.6999999999994,30,2140.6999999999994,move,improve
14095,30,2140.6999999999994,30,2140.6999999999994,2opt,notBad
14096,30,2140.6999999999994,30,2140.6999999999994,2opt,notBad
14097,30,2140.6999999999994,30,2140.6999999999994,move,improve
14098,30,2140.6999999999994,30,2140.6999999999994,2opt,notBad
14099,30,2140.6999999999994,30,2140.6999999999994,2opt,notBad
14100,30,2140.6999999999994,30,2140.6999999999994,2opt,notBad
14101,30,2140.6999999999994,30,2140.6999999999994,move,improve
14102,30,2140.6999999999994,30,2140.6999999999994,move,improve
14103,30,2140.6999999999994,30,2140.6999999999994,2opt,notBad
14104,30,2140.6999999999994,30,2140.6999999999994,move,improve
14105,30,2140.6999999999994,30,2140.6999999999994,swap,notBad
14106,30,2140.6999999999994,30,2140.6999999999994,swap,notBad
14107,30,2140.6999999999994,30,2140.6999999999994,2opt,notBad
14108,30,2140.6999999999994,30,2140.6999999999994,move,improve
14109,30,2140.6999999999994,30,2140.6999999999994,move,improve
14110,30,2140.6999999999994,30,2140.6999999999994,swap,notBad
14111,30,2140.6999999999994,30,2140.6999999999994,swap,notBad
14112,30,2140.6999999999994,30,2140.6999999999994,swap,notBad
14113,30,2140.6999999999994,30,2140.6999999999994,swap,notBad
14114,30,2140.6999999999994,30,2140.6999999999994,swap,notBad
14115,30,2140.6999999999994,30,2140.6999999999994,move,improve
14116,30,2140.6999999999994,30,2140.6999999999994,2opt,notBad
14117,30,2140.6999999999994,30,2140.6999999999994,move,improve
14118,30,2140.6999999999994,30,2140.6999999999994,2opt,notBad
14119,30,2140.6999999999994,30,2140.6999999999994,2opt,notBad
14120,30,2140.6999999999994,30,2140.6999999999994,swap,notBad
14121,30,2140.6999999999994,30,2140.6999999999994,swap,notBad
14122,30,2140.6999999999994,30,2140.6999999999994,move,improve
14123,30,2140.6999999999994,30,2140.6999999999994,move,improve
14124,30,2140.6999999999994,30,2140.6999999999994,move,improve
14125,30,2140.6999999999994,30,2140.6999999999994,move,improve
14126,30,2140.6999999999994,30,2140.6999999999994,swap,notBad
14127,30,2140.6999999999994,30,2140.6999999999994,swap,notBad
14128,30,2140.6999999999994,30,2140.6999999999994,swap,notBad
14129,30,2140.6999999999994,30,2140.6999999999994,move,improve
14130,30,2140.6999999999994,30,2140.6999999999994,move,improve
14131,30,2140.6999999999994,30,2140.6999999999994,swap,notBad
14132,30,2140.6999999999994,30,2140.6999999999994,move,improve
14133,30,2140.6999999999994,30,2140.6999999999994,swap,notBad
14134,30,2140.6999999999994,30,2140.6999999999994,2opt,notBad
14135,30,2140.6999999999994,30,2140.6999999999994,2opt,notBad
14136,30,2140.6999999999994,30,2140.6999999999994,2opt,notBad
14137,30,2140.6999999999994,30,2140.6999999999994,swap,notBad
14138,30,2140.6999999999994,30,2140.6999999999994,swap,notBad
14139,30,2140.6999999999994,30,2140.6999999999994,2opt,notBad
14140,30,2140.6999999999994,30,2140.6999999999994,move,improve
14141,30,2140.6999999999994,30,2140.6999999999994,move,improve
14142,30,2140.6999999999994,30,2140.6999999999994,move,improve
14143,30,2140.6999999999994,30,2140.6999999999994,2opt,notBad
14144,30,2140.6999999999994,30,2140.6999999999994,2opt,notBad
14145,30,2140.6999999999994,30,2140.6999999999994,swap,notBad
14146,30,2140.6999999999994,30,2140.6999999999994,swap,notBad
14147,30,2140.6999999999994,30,2140.6999999999994,swap,notBad
14148,30,2140.6999999999994,30,2140.6999999999994,2opt,notBad
14149,30,2140.6999999999994,30,2140.6999999999994,2opt,improve
14150,30,2140.6999999999994,30,2140.6999999999994,2opt,notBad
14151,30,2140.6999999999994,30,2140.6999999999994,swap,notBad
14152,30,2140.6999999999994,30,2140.6999999999994,move,improve
14153,30,2140.6999999999994,30,2140.6999999999994,swap,notBad
14154,30,2140.6999999999994,30,2140.6999999999994,2opt,notBad
14155,30,2140.6999999999994,30,2140.6999999999994,2opt,notBad
14156,30,2140.6999999999994,30,2140.6999999999994,swap,notBad
14157,30,2140.6999999999994,30,2140.6999999999994,2opt,notBad
14158,30,2140.6999999999994,30,2140.6999999999994,move,improve
14159,30,2140.6999999999994,30,2140.6999999999994,move,improve
14160,30,2140.6999999999994,30,2140.6999999999994,move,improve
14161,30,2140.6999999999994,30,2140.6999999999994,swap,notBad
14162,30,2140.6999999999994,30,2140.6999999999994,swap,notBad
14163,30,2140.6999999999994,30,2140.6999999999994,move,improve
14164,30,2140.6999999999994,30,2140.6999999999994,move,improve
14165,30,2140.6999999999994,30,2140.6999999999994,2opt,notBad
14166,30,2140.6999999999994,30,2140.6999999999994,move,improve
14167,30,2140.6999999999994,30,2140.6999999999994,2opt,notBad
14168,30,2140.6999999999994,30,2140.6999999999994,move,notBad
14169,30,2140.6999999999994,30,2140.6999999999994,move,improve
14170,30,2140.6999999999994,30,2140.6999999999994,swap,notBad
14171,30,2140.6999999999994,30,2140.6999999999994,2opt,notBad
14172,30,2140.6999999999994,30,2140.6999999999994,swap,notBad
14173,30,2140.6999999999994,30,2140.6999999999994,2opt,notBad
14174,30,2140.6999999999994,30,2140.6999999999994,move,improve
14175,30,2140.6999999999994,30,2140.6999999999994,2opt,notBad
14176,30,2140.6999999999994,30,2140.6999999999994,move,improve
14177,30,2140.6999999999994,30,2140.6999999999994,2opt,notBad
14178,30,2140.6999999999994,30,2140.6999999999994,swap,notBad
14179,30,2140.6999999999994,30,2140.6999999999994,move,improve
14180,30,2140.6999999999994,30,2140.6999999999994,2opt,improve
14181,30,2140.6999999999994,30,2140.6999999999994,swap,notBad
14182,30,2140.6999999999994,30,2140.6999999999994,2opt,notBad
14183,30,2140.6999999999994,30,2140.6999999999994,2opt,notBad
14184,30,2140.6999999999994,30,2140.6999999999994,2opt,notBad
14185,30,2140.6999999999994,30,2140.6999999999994,2opt,notBad
14186,30,2140.6999999999994,30,2140.6999999999994,move,improve
14187,30,2140.6999999999994,30,2140.6999999999994,move,improve
14188,30,2140.6999999999994,30,2140.6999999999994,move,improve
14189,30,2140.6999999999994,30,2140.6999999999994,swap,notBad
14190,30,2140.6999999999994,30,2140.6999999999994,2opt,notBad
14191,30,2140.6999999999994,30,2140.6999999999994,move,improve
14192,30,2140.6999999999994,30,2140.6999999999994,2opt,notBad
14193,30,2140.6999999999994,30,2140.6999999999994,move,improve
14194,30,2140.6999999999994,30,2140.6999999999994,move,improve
14195,30,2140.6999999999994,30,2140.6999999999994,move,improve
14196,30,2140.6999999999994,30,2140.6999999999994,swap,notBad
14197,30,2140.6999999999994,30,2140.6999999999994,move,improve
14198,30,2140.6999999999994,30,2140.6999999999994,swap,notBad
14199,30,2140.6999999999994,30,2140.6999999999994,2opt,notBad
14200,30,2140.6999999999994,30,2140.6999999999994,swap,notBad
14201,30,2140.6999999999994,30,2140.6999999999994,move,improve
14202,30,2140.6999999999994,30,2140.6999999999994,2opt,notBad
14203,30,2140.6999999999994,30,2140.6999999999994,2opt,notBad
14204,30,2140.6999999999994,30,2140.6999999999994,move,improve
14205,30,2140.6999999999994,30,2140.6999999999994,swap,notBad
14206,30,2140.6999999999994,30,2140.6999999999994,swap,notBad
14207,30,2140.6999999999994,30,2140.6999999999994,2opt,improve
14208,30,2140.6999999999994,30,2140.6999999999994,swap,notBad
14209,30,2140.6999999999994,30,2140.6999999999994,swap,notBad
14210,30,2140.6999999999994,30,2140.6999999999994,swap,notBad
14211,30,2140.6999999999994,30,2140.6999999999994,move,improve
14212,30,2140.6999999999994,30,2140.6999999999994,move,improve
14213,30,2140.6999999999994,30,2140.6999999999994,swap,notBad
14214,30,2140.6999999999994,30,2140.6999999999994,swap,notBad
14215,30,2140.6999999999994,30,2140.6999999999994,swap,notBad
14216,30,2140.6999999999994,30,2140.6999999999994,2opt,notBad
14217,30,2140.6999999999994,30,2140.6999999999994,swap,notBad
14218,30,2140.6999999999994,30,2140.6999999999994,move,improve
14219,30,2140.6999999999994,30,2140.6999999999994,move,improve
14220,30,2140.6999999999994,30,2140.6999999999994,swap,notBad
14221,30,2140.6999999999994,30,2140.6999999999994,swap,notBad
14222,30,2140.6999999999994,30,2140.6999999999994,swap,notBad
14223,30,2140.6999999999994,30,2140.6999999999994,2opt,notBad
14224,30,2140.6999999999994,30,2140.6999999999994,move,improve
14225,30,2140.6999999999994,30,2140.6999999999994,move,improve
14226,30,2140.6999999999994,30,2140.6999999999994,swap,notBad
14227,30,2140.6999999999994,30,2140.6999999999994,swap,notBad
14228,30,2140.6999999999994,30,2140.6999999999994,2opt,notBad
14229,30,2140.6999999999994,30,2140.6999999999994,move,improve
14230,30,2140.6999999999994,30,2140.6999999999994,2opt,notBad
14231,30,2140.6999999999994,30,2140.6999999999994,2opt,notBad
14232,30,2140.6999999999994,30,2140.6999999999994,2opt,notBad
14233,30,2140.6999999999994,30,2140.6999999999994,swap,notBad
14234,30,2140.6999999999994,30,2140.6999999999994,swap,notBad
14235,30,2140.6999999999994,30,2140.6999999999994,2opt,notBad
14236,30,2140.6999999999994,30,2140.6999999999994,2opt,notBad
14237,30,2140.6999999999994,30,2140.6999999999994,swap,notBad
14238,30,2140.6999999999994,30,2140.6999999999994,swap,notBad
14239,30,2140.6999999999994,30,2140.6999999999994,2opt,notBad
14240,30,2140.6999999999994,30,2140.6999999999994,swap,notBad
14241,30,2140.6999999999994,30,2140.6999999999994,2opt,notBad
14242,30,2140.6999999999994,30,2140.6999999999994,2opt,notBad
14243,30,2140.6999999999994,30,2140.6999999999994,2opt,notBad
14244,30,2140.6999999999994,30,2140.6999999999994,swap,notBad
14245,30,2140.6999999999994,30,2140.6999999999994,swap,notBad
14246,30,2140.6999999999994,30,2140.6999999999994,move,improve
14247,30,2140.6999999999994,30,2140.6999999999994,move,improve
14248,30,2140.6999999999994,30,2140.6999999999994,move,improve
14249,30,2140.6999999999994,30,2140.6999999999994,2opt,improve
14250,30,2140.6999999999994,30,2140.6999999999994,2opt,notBad
14251,30,2140.6999999999994,30,2140.6999999999994,move,improve
14252,30,2140.6999999999994,30,2140.6999999999994,move,improve
14253,30,2140.6999999999994,30,2140.6999999999994,2opt,notBad
14254,30,2140.6999999999994,30,2140.6999999999994,swap,notBad
14255,30,2140.6999999999994,30,2140.6999999999994,2opt,notBad
14256,30,2140.6999999999994,30,2140.6999999999994,move,improve
14257,30,2140.6999999999994,30,2140.6999999999994,2opt,notBad
14258,30,2140.6999999999994,30,2140.6999999999994,swap,notBad
14259,30,2140.6999999999994,30,2140.6999999999994,move,improve
14260,30,2140.6999999999994,30,2140.6999999999994,2opt,notBad
14261,30,2140.6999999999994,30,2140.6999999999994,2opt,notBad
14262,30,2140.6999999999994,30,2140.6999999999994,move,improve
14263,30,2140.6999999999994,30,2140.6999999999994,2opt,notBad
14264,30,2140.6999999999994,30,2140.6999999999994,move,improve
14265,30,2140.6999999999994,30,2140.6999999999994,2opt,notBad
14266,30,2140.6999999999994,30,2140.6999999999994,move,improve
14267,30,2140.6999999999994,30,2140.6999999999994,move,improve
14268,30,2140.6999999999994,30,2140.6999999999994,swap,notBad
14269,30,2140.6999999999994,30,2140.6999999999994,move,improve
14270,30,2140.6999999999994,30,2140.6999999999994,move,improve
14271,30,2140.6999999999994,30,2140.6999999999994,move,improve
14272,30,2140.6999999999994,30,2140.6999999999994,swap,notBad
14273,30,2140.6999999999994,30,2140.6999999999994,swap,notBad
14274,30,2140.6999999999994,30,2140.6999999999994,2opt,notBad
14275,30,2140.6999999999994,30,2140.6999999999994,2opt,notBad
14276,30,2140.6999999999994,30,2140.6999999999994,move,improve
14277,30,2140.6999999999994,30,2140.6999999999994,move,improve
14278,30,2140.6999999999994,30,2140.6999999999994,move,improve
14279,30,2140.6999999999994,30,2140.6999999999994,swap,notBad
14280,30,2140.6999999999994,30,2140.6999999999994,move,improve
14281,30,2140.6999999999994,30,2140.6999999999994,swap,notBad
14282,30,2140.6999999999994,30,2140.6999999999994,2opt,notBad
14283,30,2140.6999999999994,30,2140.6999999999994,swap,notBad
14284,30,2140.6999999999994,30,2140.6999999999994,swap,notBad
14285,30,2140.6999999999994,30,2140.6999999999994,2opt,notBad
14286,30,2140.6999999999994,30,2140.6999999999994,2opt,notBad
14287,30,2140.6999999999994,30,2140.6999999999994,move,improve
14288,30,2140.6999999999994,30,2140.6999999999994,swap,notBad
14289,30,2140.6999999999994,30,2140.6999999999994,move,improve
14290,30,2140.6999999999994,30,2140.6999999999994,move,improve
14291,30,2140.6999999999994,30,2140.6999999999994,2opt,notBad
14292,30,2140.6999999999994,30,2140.6999999999994,swap,notBad
14293,30,2140.6999999999994,30,2140.6999999999994,2opt,notBad
14294,30,2140.6999999999994,30,2140.6999999999994,move,improve
14295,30,2140.6999999999994,30,2140.6999999999994,swap,notBad
14296,30,2140.6999999999994,30,2140.6999999999994,move,improve
14297,30,2140.6999999999994,30,2140.6999999999994,2opt,notBad
14298,30,2140.6999999999994,30,2140.6999999999994,move,improve
14299,30,2140.6999999999994,30,2140.6999999999994,move,improve
14300,30,2140.6999999999994,30,2140.6999999999994,move,improve
14301,30,2140.6999999999994,30,2140.6999999999994,2opt,notBad
14302,30,2140.6999999999994,30,2140.6999999999994,move,improve
14303,30,2140.6999999999994,30,2140.6999999999994,move,improve
14304,30,2140.6999999999994,30,2140.6999999999994,swap,notBad
14305,30,2140.6999999999994,30,2140.6999999999994,swap,notBad
14306,30,2140.6999999999994,30,2140.6999999999994,swap,notBad
14307,30,2140.6999999999994,30,2140.6999999999994,move,improve
14308,30,2140.6999999999994,30,2140.6999999999994,2opt,notBad
14309,30,2140.6999999999994,30,2140.6999999999994,swap,notBad
14310,30,2140.6999999999994,30,2140.6999999999994,move,improve
14311,30,2140.6999999999994,30,2140.6999999999994,swap,notBad
14312,30,2140.6999999999994,30,2140.6999999999994,swap,notBad
14313,30,2140.6999999999994,30,2140.6999999999994,move,improve
14314,30,2140.6999999999994,30,2140.6999999999994,move,improve
14315,30,2140.6999999999994,30,2140.6999999999994,2opt,notBad
14316,30,2140.6999999999994,30,2140.6999999999994,2opt,notBad
14317,30,2140.6999999999994,30,2140.6999999999994,move,improve
14318,30,2140.6999999999994,30,2140.6999999999994,move,improve
14319,30,2140.6999999999994,30,2140.6999999999994,move,improve
14320,30,2140.6999999999994,30,2140.6999999999994,swap,notBad
14321,30,2140.6999999999994,30,2140.6999999999994,swap,notBad
14322,30,2140.6999999999994,30,2140.6999999999994,move,improve
14323,30,2140.6999999999994,30,2140.6999999999994,swap,notBad
14324,30,2140.6999999999994,30,2140.6999999999994,swap,notBad
14325,30,2140.6999999999994,30,2140.6999999999994,2opt,notBad
14326,30,2140.6999999999994,30,2140.6999999999994,2opt,notBad
14327,30,2140.6999999999994,30,2140.6999999999994,move,improve
14328,30,2140.6999999999994,30,2140.6999999999994,swap,notBad
14329,30,2140.6999999999994,30,2140.6999999999994,swap,notBad
14330,30,2140.6999999999994,30,2140.6999999999994,move,improve
14331,30,2140.6999999999994,30,2140.6999999999994,swap,notBad
14332,30,2140.6999999999994,30,2140.6999999999994,move,improve
14333,30,2140.6999999999994,30,2140.6999999999994,2opt,notBad
14334,30,2140.6999999999994,30,2140.6999999999994,2opt,notBad
14335,30,2140.6999999999994,30,2140.6999999999994,2opt,notBad
14336,30,2140.6999999999994,30,2140.6999999999994,2opt,notBad
14337,30,2140.6999999999994,30,2140.6999999999994,move,improve
14338,30,2140.6999999999994,30,2140.6999999999994,move,improve
14339,30,2140.6999999999994,30,2140.6999999999994,2opt,notBad
14340,30,2140.6999999999994,30,2140.6999999999994,swap,notBad
14341,30,2140.6999999999994,30,2140.6999999999994,swap,notBad
14342,30,2140.6999999999994,30,2140.6999999999994,2opt,notBad
14343,30,2140.6999999999994,30,2140.6999999999994,move,improve
14344,30,2140.6999999999994,30,2140.6999999999994,move,improve
14345,30,2140.6999999999994,30,2140.6999999999994,swap,notBad
14346,30,2140.6999999999994,30,2140.6999999999994,2opt,notBad
14347,30,2140.6999999999994,30,2140.6999999999994,swap,notBad
14348,30,2140.6999999999994,30,2140.6999999999994,move,improve
14349,30,2140.6999999999994,30,2140.6999999999994,swap,notBad
14350,30,2140.6999999999994,30,2140.6999999999994,swap,notBad
14351,30,2140.6999999999994,30,2140.6999999999994,swap,notBad
14352,30,2140.6999999999994,30,2140.6999999999994,swap,notBad
14353,30,2140.6999999999994,30,2140.6999999999994,swap,notBad
14354,30,2140.6999999999994,30,2140.6999999999994,swap,notBad
14355,30,2140.6999999999994,30,2140.6999999999994,move,improve
14356,30,2140.6999999999994,30,2140.6999999999994,move,improve
14357,30,2140.6999999999994,30,2140.6999999999994,swap,notBad
14358,30,2140.6999999999994,30,2140.6999999999994,2opt,notBad
14359,30,2140.6999999999994,30,2140.6999999999994,move,improve
14360,30,2140.6999999999994,30,2140.6999999999994,2opt,notBad
14361,30,2140.6999999999994,30,2140.6999999999994,2opt,notBad
14362,30,2140.6999999999994,30,2140.6999999999994,2opt,notBad
14363,30,2140.6999999999994,30,2140.6999999999994,2opt,notBad
14364,30,2140.6999999999994,30,2140.6999999999994,move,improve
14365,30,2140.6999999999994,30,2140.6999999999994,2opt,notBad
14366,30,2140.6999999999994,30,2140.6999999999994,swap,notBad
14367,30,2140.6999999999994,30,2140.6999999999994,swap,notBad
14368,30,2140.6999999999994,30,2140.6999999999994,swap,notBad
14369,30,2140.6999999999994,30,2140.6999999999994,swap,notBad
14370,30,2140.6999999999994,30,2140.6999999999994,2opt,notBad
14371,30,2140.6999999999994,30,2140.6999999999994,swap,notBad
14372,30,2140.6999999999994,30,2140.6999999999994,move,improve
14373,30,2140.6999999999994,30,2140.6999999999994,swap,notBad
14374,30,2140.6999999999994,30,2140.6999999999994,2opt,improve
14375,30,2140.6999999999994,30,2140.6999999999994,swap,notBad
14376,30,2140.6999999999994,30,2140.6999999999994,2opt,notBad
14377,30,2140.6999999999994,30,2140.6999999999994,2opt,notBad
14378,30,2140.6999999999994,30,2140.6999999999994,swap,notBad
14379,30,2140.6999999999994,30,2140.6999999999994,swap,notBad
14380,30,2140.6999999999994,30,2140.6999999999994,move,improve
14381,30,2140.6999999999994,30,2140.6999999999994,swap,notBad
14382,30,2140.6999999999994,30,2140.6999999999994,swap,notBad
14383,30,2140.6999999999994,30,2140.6999999999994,move,improve
14384,30,2140.6999999999994,30,2140.6999999999994,swap,notBad
14385,30,2140.6999999999994,30,2140.6999999999994,move,improve
14386,30,2140.6999999999994,30,2140.6999999999994,2opt,notBad
14387,30,2140.6999999999994,30,2140.6999999999994,2opt,notBad
14388,30,2140.6999999999994,30,2140.6999999999994,move,improve
14389,30,2140.6999999999994,30,2140.6999999999994,2opt,notBad
14390,30,2140.6999999999994,30,2140.6999999999994,swap,notBad
14391,30,2140.6999999999994,30,2140.6999999999994,swap,notBad
14392,30,2140.6999999999994,30,2140.6999999999994,2opt,improve
14393,30,2140.6999999999994,30,2140.6999999999994,swap,notBad
14394,30,2140.6999999999994,30,2140.6999999999994,swap,notBad
14395,30,2140.6999999999994,30,2140.6999999999994,swap,notBad
14396,30,2140.6999999999994,30,2140.6999999999994,move,improve
14397,30,2140.6999999999994,30,2140.6999999999994,swap,notBad
14398,30,2140.6999999999994,30,2140.6999999999994,swap,notBad
14399,30,2140.6999999999994,30,2140.6999999999994,swap,notBad
14400,30,2140.6999999999994,30,2140.6999999999994,2opt,notBad
14401,30,2140.6999999999994,30,2140.6999999999994,2opt,notBad
14402,30,2140.6999999999994,30,2140.6999999999994,swap,notBad
14403,30,2140.6999999999994,30,2140.6999999999994,2opt,notBad
14404,30,2140.6999999999994,30,2140.6999999999994,move,improve
14405,30,2140.6999999999994,30,2140.6999999999994,swap,notBad
14406,30,2140.6999999999994,30,2140.6999999999994,move,improve
14407,30,2140.6999999999994,30,2140.6999999999994,move,improve
14408,30,2140.6999999999994,30,2140.6999999999994,move,improve
14409,30,2140.6999999999994,30,2140.6999999999994,move,improve
14410,30,2140.6999999999994,30,2140.6999999999994,swap,notBad
14411,30,2140.6999999999994,30,2140.6999999999994,2opt,improve
14412,30,2140.6999999999994,30,2140.6999999999994,swap,notBad
14413,30,2140.6999999999994,30,2140.6999999999994,move,improve
14414,30,2140.6999999999994,30,2140.6999999999994,2opt,notBad
14415,30,2140.6999999999994,30,2140.6999999999994,swap,notBad
14416,30,2140.6999999999994,30,2140.6999999999994,swap,notBad
14417,30,2140.6999999999994,30,2140.6999999999994,2opt,notBad
14418,30,2140.6999999999994,30,2140.6999999999994,2opt,notBad
14419,30,2140.6999999999994,30,2140.6999999999994,swap,notBad
14420,30,2140.6999999999994,30,2140.6999999999994,swap,notBad
14421,30,2140.6999999999994,30,2140.6999999999994,2opt,notBad
14422,30,2140.6999999999994,30,2140.6999999999994,2opt,notBad
14423,30,2140.6999999999994,30,2140.6999999999994,2opt,notBad
14424,30,2140.6999999999994,30,2140.6999999999994,move,improve
14425,30,2140.6999999999994,30,2140.6999999999994,swap,notBad
14426,30,2140.6999999999994,30,2140.6999999999994,move,improve
14427,30,2140.6999999999994,30,2140.6999999999994,2opt,notBad
14428,30,2140.6999999999994,30,2140.6999999999994,swap,notBad
14429,30,2140.6999999999994,30,2140.6999999999994,2opt,notBad
14430,30,2140.6999999999994,30,2140.6999999999994,move,improve
14431,30,2140.6999999999994,30,2140.6999999999994,2opt,notBad
14432,30,2140.6999999999994,30,2140.6999999999994,swap,notBad
14433,30,2140.6999999999994,30,2140.6999999999994,swap,notBad
14434,30,2140.6999999999994,30,2140.6999999999994,2opt,notBad
14435,30,2140.6999999999994,30,2140.6999999999994,2opt,notBad
14436,30,2140.6999999999994,30,2140.6999999999994,2opt,improve
14437,30,2140.6999999999994,30,2140.6999999999994,swap,notBad
14438,30,2140.6999999999994,30,2140.6999999999994,2opt,notBad
14439,30,2140.6999999999994,30,2140.6999999999994,move,improve
14440,30,2140.6999999999994,30,2140.6999999999994,2opt,notBad
14441,30,2140.6999999999994,30,2140.6999999999994,swap,notBad
14442,30,2140.6999999999994,30,2140.6999999999994,swap,notBad
14443,30,2140.6999999999994,30,2140.6999999999994,2opt,notBad
14444,30,2140.6999999999994,30,2140.6999999999994,2opt,notBad
14445,30,2140.6999999999994,30,2140.6999999999994,2opt,notBad
14446,30,2140.6999999999994,30,2140.6999999999994,swap,notBad
14447,30,2140.6999999999994,30,2140.6999999999994,swap,notBad
14448,30,2140.6999999999994,30,2140.6999999999994,2opt,notBad
14449,30,2140.6999999999994,30,2140.6999999999994,move,improve
14450,30,2140.6999999999994,30,2140.6999999999994,2opt,notBad
14451,30,2140.6999999999994,30,2140.6999999999994,swap,notBad
14452,30,2140.6999999999994,30,2140.6999999999994,move,improve
14453,30,2140.6999999999994,30,2140.6999999999994,swap,notBad
14454,30,2140.6999999999994,30,2140.6999999999994,swap,notBad
14455,30,2140.6999999999994,30,2140.6999999999994,2opt,improve
14456,30,2140.6999999999994,30,2140.6999999999994,swap,notBad
14457,30,2140.6999999999994,30,2140.6999999999994,2opt,notBad
14458,30,2140.6999999999994,30,2140.6999999999994,swap,notBad
14459,30,2140.6999999999994,30,2140.6999999999994,swap,notBad
14460,30,2140.6999999999994,30,2140.6999999999994,move,improve
14461,30,2140.6999999999994,30,2140.6999999999994,swap,notBad
14462,30,2140.6999999999994,30,2140.6999999999994,move,improve
14463,30,2140.6999999999994,30,2140.6999999999994,2opt,notBad
14464,30,2140.6999999999994,30,2140.6999999999994,move,improve
14465,30,2140.6999999999994,30,2140.6999999999994,2opt,notBad
14466,30,2140.6999999999994,30,2140.6999999999994,move,improve
14467,30,2140.6999999999994,30,2140.6999999999994,move,improve
14468,30,2140.6999999999994,30,2140.6999999999994,2opt,notBad
14469,30,2140.6999999999994,30,2140.6999999999994,swap,notBad
14470,30,2140.6999999999994,30,2140.6999999999994,2opt,notBad
14471,30,2140.6999999999994,30,2140.6999999999994,swap,notBad
14472,30,2140.6999999999994,30,2140.6999999999994,move,improve
14473,30,2140.6999999999994,30,2140.6999999999994,move,improve
14474,30,2140.6999999999994,30,2140.6999999999994,swap,notBad
14475,30,2140.6999999999994,30,2140.6999999999994,2opt,notBad
14476,30,2140.6999999999994,30,2140.6999999999994,swap,notBad
14477,30,2140.6999999999994,30,2140.6999999999994,2opt,notBad
14478,30,2140.6999999999994,30,2140.6999999999994,2opt,notBad
14479,30,2140.6999999999994,30,2140.6999999999994,2opt,improve
14480,30,2140.6999999999994,30,2140.6999999999994,move,improve
14481,30,2140.6999999999994,30,2140.6999999999994,swap,notBad
14482,30,2140.6999999999994,30,2140.6999999999994,2opt,notBad
14483,30,2140.6999999999994,30,2140.6999999999994,swap,notBad
14484,30,2140.6999999999994,30,2140.6999999999994,swap,notBad
14485,30,2140.6999999999994,30,2140.6999999999994,move,improve
14486,30,2140.6999999999994,30,2140.6999999999994,swap,notBad
14487,30,2140.6999999999994,30,2140.6999999999994,move,improve
14488,30,2140.6999999999994,30,2140.6999999999994,swap,notBad
14489,30,2140.6999999999994,30,2140.6999999999994,move,improve
14490,30,2140.6999999999994,30,2140.6999999999994,move,improve
14491,30,2140.6999999999994,30,2140.6999999999994,move,improve
14492,30,2140.6999999999994,30,2140.6999999999994,2opt,notBad
14493,30,2140.6999999999994,30,2140.6999999999994,2opt,notBad
14494,30,2140.6999999999994,30,2140.6999999999994,2opt,notBad
14495,30,2140.6999999999994,30,2140.6999999999994,swap,notBad
14496,30,2140.6999999999994,30,2140.6999999999994,swap,notBad
14497,30,2140.6999999999994,30,2140.6999999999994,move,improve
14498,30,2140.6999999999994,30,2140.6999999999994,swap,notBad
14499,30,2140.6999999999994,30,2140.6999999999994,swap,notBad
14500,30,2140.6999999999994,30,2140.6999999999994,move,improve
14501,30,2140.6999999999994,30,2140.6999999999994,move,improve
14502,30,2140.6999999999994,30,2140.6999999999994,swap,notBad
14503,30,2140.6999999999994,30,2140.6999999999994,swap,notBad
14504,30,2140.6999999999994,30,2140.6999999999994,swap,notBad
14505,30,2140.6999999999994,30,2140.6999999999994,swap,notBad
14506,30,2140.6999999999994,30,2140.6999999999994,2opt,notBad
14507,30,2140.6999999999994,30,2140.6999999999994,2opt,notBad
14508,30,2140.6999999999994,30,2140.6999999999994,move,improve
14509,30,2140.6999999999994,30,2140.6999999999994,2opt,notBad
14510,30,2140.6999999999994,30,2140.6999999999994,swap,notBad
14511,30,2140.6999999999994,30,2140.6999999999994,2opt,notBad
14512,30,2140.6999999999994,30,2140.6999999999994,move,improve
14513,30,2140.6999999999994,30,2140.6999999999994,move,improve
14514,30,2140.6999999999994,30,2140.6999999999994,move,improve
14515,30,2140.6999999999994,30,2140.6999999999994,move,improve
14516,30,2140.6999999999994,30,2140.6999999999994,swap,notBad
14517,30,2140.6999999999994,30,2140.6999999999994,move,improve
14518,30,2140.6999999999994,30,2140.6999999999994,swap,notBad
14519,30,2140.6999999999994,30,2140.6999999999994,move,improve
14520,30,2140.6999999999994,30,2140.6999999999994,2opt,notBad
14521,30,2140.6999999999994,30,2140.6999999999994,move,improve
14522,30,2140.6999999999994,30,2140.6999999999994,2opt,notBad
14523,30,2140.6999999999994,30,2140.6999999999994,swap,notBad
14524,30,2140.6999999999994,30,2140.6999999999994,swap,notBad
14525,30,2140.6999999999994,30,2140.6999999999994,swap,notBad
14526,30,2140.6999999999994,30,2140.6999999999994,move,improve
14527,30,2140.6999999999994,30,2140.6999999999994,2opt,notBad
14528,30,2140.6999999999994,30,2140.6999999999994,swap,notBad
14529,30,2140.6999999999994,30,2140.6999999999994,move,improve
14530,30,2140.6999999999994,30,2140.6999999999994,swap,notBad
14531,30,2140.6999999999994,30,2140.6999999999994,move,improve
14532,30,2140.6999999999994,30,2140.6999999999994,swap,notBad
14533,30,2140.6999999999994,30,2140.6999999999994,move,improve
14534,30,2140.6999999999994,30,2140.6999999999994,move,improve
14535,30,2140.6999999999994,30,2140.6999999999994,swap,notBad
14536,30,2140.6999999999994,30,2140.6999999999994,2opt,notBad
14537,30,2140.6999999999994,30,2140.6999999999994,swap,notBad
14538,30,2140.6999999999994,30,2140.6999999999994,2opt,improve
14539,30,2140.6999999999994,30,2140.6999999999994,2opt,notBad
14540,30,2140.6999999999994,30,2140.6999999999994,move,improve
14541,30,2140.6999999999994,30,2140.6999999999994,move,improve
14542,30,2140.6999999999994,30,2140.6999999999994,2opt,improve
14543,30,2143.4999999999995,30,2140.6999999999994,swap,acceptBad
14544,30,2143.4999999999995,30,2140.6999999999994,move,improve
14545,30,2143.4999999999995,30,2140.6999999999994,move,improve
14546,30,2143.4999999999995,30,2140.6999999999994,swap,notBad
14547,30,2143.4999999999995,30,2140.6999999999994,swap,notBad
14548,30,2143.4999999999995,30,2140.6999999999994,move,improve
14549,30,2143.4999999999995,30,2140.6999999999994,swap,notBad
14550,30,2143.4999999999995,30,2140.6999999999994,move,improve
14551,30,2143.4999999999995,30,2140.6999999999994,move,improve
14552,30,2143.4999999999995,30,2140.6999999999994,move,improve
14553,30,2143.4999999999995,30,2140.6999999999994,swap,notBad
14554,30,2143.4999999999995,30,2140.6999999999994,swap,notBad
14555,30,2143.4999999999995,30,2140.6999999999994,2opt,notBad
14556,30,2143.4999999999995,30,2140.6999999999994,swap,notBad
14557,30,2143.4999999999995,30,2140.6999999999994,2opt,notBad
14558,30,2143.4999999999995,30,2140.6999999999994,swap,notBad
14559,30,2143.4999999999995,30,2140.6999999999994,move,improve
14560,30,2143.4999999999995,30,2140.6999999999994,swap,notBad
14561,30,2143.4999999999995,30,2140.6999999999994,swap,notBad
14562,30,2143.4999999999995,30,2140.6999999999994,move,improve
14563,30,2143.4999999999995,30,2140.6999999999994,swap,notBad
14564,30,2143.4999999999995,30,2140.6999999999994,move,improve
14565,30,2143.4999999999995,30,2140.6999999999994,2opt,notBad
14566,30,2143.4999999999995,30,2140.6999999999994,swap,notBad
14567,30,2143.4999999999995,30,2140.6999999999994,2opt,notBad
14568,30,2143.4999999999995,30,2140.6999999999994,move,improve
14569,30,2143.4999999999995,30,2140.6999999999994,move,improve
14570,30,2143.4999999999995,30,2140.6999999999994,swap,notBad
14571,30,2143.4999999999995,30,2140.6999999999994,move,improve
14572,30,2143.4999999999995,30,2140.6999999999994,move,improve
14573,30,2143.4999999999995,30,2140.6999999999994,swap,notBad
14574,30,2143.4999999999995,30,2140.6999999999994,2opt,notBad
14575,30,2143.4999999999995,30,2140.6999999999994,swap,notBad
14576,30,2143.4999999999995,30,2140.6999999999994,swap,notBad
14577,30,2143.4999999999995,30,2140.6999999999994,swap,notBad
14578,30,2143.4999999999995,30,2140.6999999999994,2opt,notBad
14579,30,2143.4999999999995,30,2140.6999999999994,2opt,notBad
14580,30,2143.4999999999995,30,2140.6999999999994,2opt,notBad
14581,30,2143.4999999999995,30,2140.6999999999994,swap,notBad
14582,30,2143.4999999999995,30,2140.6999999999994,swap,notBad
14583,30,2143.4999999999995,30,2140.6999999999994,2opt,notBad
14584,30,2143.4999999999995,30,2140.6999999999994,2opt,notBad
14585,30,2143.4999999999995,30,2140.6999999999994,swap,notBad
14586,30,2143.4999999999995,30,2140.6999999999994,move,improve
14587,30,2143.4999999999995,30,2140.6999999999994,move,improve
14588,30,2143.4999999999995,30,2140.6999999999994,move,improve
14589,30,2143.4999999999995,30,2140.6999999999994,swap,notBad
14590,30,2143.4999999999995,30,2140.6999999999994,move,improve
14591,30,2143.4999999999995,30,2140.6999999999994,move,improve
14592,30,2143.4999999999995,30,2140.6999999999994,move,improve
14593,30,2143.4999999999995,30,2140.6999999999994,move,improve
14594,30,2143.4999999999995,30,2140.6999999999994,move,improve
14595,30,2143.4999999999995,30,2140.6999999999994,2opt,notBad
14596,30,2143.4999999999995,30,2140.6999999999994,swap,notBad
14597,30,2143.4999999999995,30,2140.6999999999994,2opt,notBad
14598,30,2143.4999999999995,30,2140.6999999999994,move,improve
14599,30,2143.4999999999995,30,2140.6999999999994,move,improve
14600,30,2143.4999999999995,30,2140.6999999999994,swap,notBad
14601,30,2143.4999999999995,30,2140.6999999999994,move,improve
14602,30,2143.4999999999995,30,2140.6999999999994,move,improve
14603,30,2143.4999999999995,30,2140.6999999999994,2opt,notBad
14604,30,2143.4999999999995,30,2140.6999999999994,move,improve
14605,30,2143.4999999999995,30,2140.6999999999994,move,improve
14606,30,2143.4999999999995,30,2140.6999999999994,swap,notBad
14607,30,2143.4999999999995,30,2140.6999999999994,2opt,notBad
14608,30,2143.4999999999995,30,2140.6999999999994,swap,notBad
14609,30,2143.4999999999995,30,2140.6999999999994,2opt,notBad
14610,30,2143.4999999999995,30,2140.6999999999994,move,improve
14611,30,2143.4999999999995,30,2140.6999999999994,swap,notBad
14612,30,2143.4999999999995,30,2140.6999999999994,swap,notBad
14613,30,2143.4999999999995,30,2140.6999999999994,move,improve
14614,30,2143.4999999999995,30,2140.6999999999994,move,improve
14615,30,2143.4999999999995,30,2140.6999999999994,2opt,notBad
14616,30,2143.4999999999995,30,2140.6999999999994,2opt,notBad
14617,30,2143.4999999999995,30,2140.6999999999994,move,improve
14618,30,2143.4999999999995,30,2140.6999999999994,swap,notBad
14619,30,2143.4999999999995,30,2140.6999999999994,2opt,notBad
14620,30,2143.4999999999995,30,2140.6999999999994,move,improve
14621,30,2143.4999999999995,30,2140.6999999999994,move,improve
14622,30,2143.4999999999995,30,2140.6999999999994,swap,notBad
14623,30,2143.4999999999995,30,2140.6999999999994,swap,notBad
14624,30,2143.4999999999995,30,2140.6999999999994,move,improve
14625,30,2143.4999999999995,30,2140.6999999999994,move,improve
14626,30,2143.4999999999995,30,2140.6999999999994,2opt,notBad
14627,30,2143.4999999999995,30,2140.6999999999994,2opt,notBad
14628,30,2143.4999999999995,30,2140.6999999999994,2opt,notBad
14629,30,2143.4999999999995,30,2140.6999999999994,move,improve
14630,30,2143.4999999999995,30,2140.6999999999994,move,improve
14631,30,2143.4999999999995,30,2140.6999999999994,2opt,notBad
14632,30,2143.4999999999995,30,2140.6999999999994,2opt,notBad
14633,30,2143.4999999999995,30,2140.6999999999994,swap,notBad
14634,30,2143.4999999999995,30,2140.6999999999994,2opt,notBad
14635,30,2143.4999999999995,30,2140.6999999999994,2opt,notBad
14636,30,2143.4999999999995,30,2140.6999999999994,swap,notBad
14637,30,2143.4999999999995,30,2140.6999999999994,2opt,notBad
14638,30,2143.4999999999995,30,2140.6999999999994,swap,notBad
14639,30,2143.4999999999995,30,2140.6999999999994,swap,notBad
14640,30,2143.4999999999995,30,2140.6999999999994,swap,notBad
14641,30,2143.4999999999995,30,2140.6999999999994,swap,notBad
14642,30,2143.4999999999995,30,2140.6999999999994,move,improve
14643,30,2143.4999999999995,30,2140.6999999999994,move,improve
14644,30,2143.4999999999995,30,2140.6999999999994,swap,notBad
14645,30,2143.4999999999995,30,2140.6999999999994,move,improve
14646,30,2143.4999999999995,30,2140.6999999999994,swap,notBad
14647,30,2143.4999999999995,30,2140.6999999999994,2opt,notBad
14648,30,2143.4999999999995,30,2140.6999999999994,2opt,notBad
14649,30,2143.4999999999995,30,2140.6999999999994,swap,notBad
14650,30,2143.4999999999995,30,2140.6999999999994,2opt,notBad
14651,30,2140.6999999999994,30,2140.6999999999994,move,improve
14652,30,2140.6999999999994,30,2140.6999999999994,2opt,notBad
14653,30,2140.6999999999994,30,2140.6999999999994,2opt,notBad
14654,30,2140.6999999999994,30,2140.6999999999994,move,improve
14655,30,2140.6999999999994,30,2140.6999999999994,2opt,improve
14656,30,2140.6999999999994,30,2140.6999999999994,move,improve
14657,30,2140.6999999999994,30,2140.6999999999994,move,improve
14658,30,2140.6999999999994,30,2140.6999999999994,swap,notBad
14659,30,2140.6999999999994,30,2140.6999999999994,swap,notBad
14660,30,2140.6999999999994,30,2140.6999999999994,2opt,notBad
14661,30,2140.6999999999994,30,2140.6999999999994,swap,notBad
14662,30,2140.6999999999994,30,2140.6999999999994,2opt,notBad
14663,30,2140.6999999999994,30,2140.6999999999994,2opt,notBad
14664,30,2140.6999999999994,30,2140.6999999999994,2opt,notBad
14665,30,2140.6999999999994,30,2140.6999999999994,move,improve
14666,30,2140.6999999999994,30,2140.6999999999994,move,improve
14667,30,2140.6999999999994,30,2140.6999999999994,move,improve
14668,30,2140.6999999999994,30,2140.6999999999994,move,improve
14669,30,2140.6999999999994,30,2140.6999999999994,swap,notBad
14670,30,2140.6999999999994,30,2140.6999999999994,2opt,notBad
14671,30,2140.6999999999994,30,2140.6999999999994,move,improve
14672,30,2140.6999999999994,30,2140.6999999999994,swap,notBad
14673,30,2140.6999999999994,30,2140.6999999999994,2opt,notBad
14674,30,2140.6999999999994,30,2140.6999999999994,2opt,notBad
14675,30,2140.6999999999994,30,2140.6999999999994,swap,notBad
14676,30,2140.6999999999994,30,2140.6999999999994,swap,notBad
14677,30,2140.6999999999994,30,2140.6999999999994,swap,notBad
14678,30,2140.6999999999994,30,2140.6999999999994,2opt,notBad
14679,30,2140.6999999999994,30,2140.6999999999994,swap,notBad
14680,30,2140.6999999999994,30,2140.6999999999994,2opt,notBad
14681,30,2140.6999999999994,30,2140.6999999999994,swap,notBad
14682,30,2140.6999999999994,30,2140.6999999999994,2opt,notBad
14683,30,2140.6999999999994,30,2140.6999999999994,move,improve
14684,30,2140.6999999999994,30,2140.6999999999994,swap,notBad
14685,30,2140.6999999999994,30,2140.6999999999994,2opt,notBad
14686,30,2140.6999999999994,30,2140.6999999999994,move,improve
14687,30,2140.6999999999994,30,2140.6999999999994,move,improve
14688,30,2140.6999999999994,30,2140.6999999999994,swap,notBad
14689,30,2140.6999999999994,30,2140.6999999999994,2opt,notBad
14690,30,2140.6999999999994,30,2140.6999999999994,2opt,notBad
14691,30,2140.6999999999994,30,2140.6999999999994,swap,notBad
14692,30,2140.6999999999994,30,2140.6999999999994,swap,notBad
14693,30,2140.6999999999994,30,2140.6999999999994,swap,notBad
14694,30,2140.6999999999994,30,2140.6999999999994,2opt,notBad
14695,30,2140.6999999999994,30,2140.6999999999994,swap,notBad
14696,30,2140.6999999999994,30,2140.6999999999994,move,improve
14697,30,2140.6999999999994,30,2140.6999999999994,2opt,improve
14698,30,2140.6999999999994,30,2140.6999999999994,move,improve
14699,30,2140.6999999999994,30,2140.6999999999994,2opt,notBad
14700,30,2140.6999999999994,30,2140.6999999999994,swap,notBad
14701,30,2140.6999999999994,30,2140.6999999999994,swap,notBad
14702,30,2140.6999999999994,30,2140.6999999999994,move,improve
14703,30,2140.6999999999994,30,2140.6999999999994,move,improve
14704,30,2140.6999999999994,30,2140.6999999999994,move,improve
14705,30,2140.6999999999994,30,2140.6999999999994,swap,notBad
14706,30,2140.6999999999994,30,2140.6999999999994,move,improve
14707,30,2140.6999999999994,30,2140.6999999999994,swap,notBad
14708,30,2140.6999999999994,30,2140.6999999999994,2opt,notBad
14709,30,2140.6999999999994,30,2140.6999999999994,move,improve
14710,30,2140.6999999999994,30,2140.6999999999994,move,improve
14711,30,2140.6999999999994,30,2140.6999999999994,2opt,notBad
14712,30,2140.6999999999994,30,2140.6999999999994,move,improve
14713,30,2140.6999999999994,30,2140.6999999999994,swap,notBad
14714,30,2140.6999999999994,30,2140.6999999999994,2opt,notBad
14715,30,2140.6999999999994,30,2140.6999999999994,2opt,notBad
14716,30,2140.6999999999994,30,2140.6999999999994,move,improve
14717,30,2140.6999999999994,30,2140.6999999999994,swap,notBad
14718,30,2140.6999999999994,30,2140.6999999999994,2opt,notBad
14719,30,2140.6999999999994,30,2140.6999999999994,swap,notBad
14720,30,2140.6999999999994,30,2140.6999999999994,2opt,notBad
14721,30,2140.6999999999994,30,2140.6999999999994,2opt,notBad
14722,30,2140.6999999999994,30,2140.6999999999994,move,improve
14723,30,2140.6999999999994,30,2140.6999999999994,move,improve
14724,30,2140.6999999999994,30,2140.6999999999994,move,improve
14725,30,2140.6999999999994,30,2140.6999999999994,swap,notBad
14726,30,2140.6999999999994,30,2140.6999999999994,move,improve
14727,30,2140.6999999999994,30,2140.6999999999994,2opt,notBad
14728,30,2140.6999999999994,30,2140.6999999999994,move,improve
14729,30,2140.6999999999994,30,2140.6999999999994,swap,notBad
14730,30,2140.6999999999994,30,2140.6999999999994,2opt,notBad
14731,30,2140.6999999999994,30,2140.6999999999994,move,improve
14732,30,2140.6999999999994,30,2140.6999999999994,swap,notBad
14733,30,2140.6999999999994,30,2140.6999999999994,move,improve
14734,30,2140.6999999999994,30,2140.6999999999994,swap,notBad
14735,30,2140.6999999999994,30,2140.6999999999994,move,improve
14736,30,2140.6999999999994,30,2140.6999999999994,move,improve
14737,30,2140.6999999999994,30,2140.6999999999994,swap,notBad
14738,30,2140.6999999999994,30,2140.6999999999994,2opt,notBad
14739,30,2140.6999999999994,30,2140.6999999999994,swap,notBad
14740,30,2140.6999999999994,30,2140.6999999999994,move,improve
14741,30,2140.6999999999994,30,2140.6999999999994,2opt,notBad
14742,30,2140.6999999999994,30,2140.6999999999994,swap,notBad
14743,30,2140.6999999999994,30,2140.6999999999994,move,improve
14744,30,2140.6999999999994,30,2140.6999999999994,swap,notBad
14745,30,2140.6999999999994,30,2140.6999999999994,swap,notBad
14746,30,2140.6999999999994,30,2140.6999999999994,move,improve
14747,30,2140.6999999999994,30,2140.6999999999994,move,improve
14748,30,2140.6999999999994,30,2140.6999999999994,2opt,notBad
14749,30,2140.6999999999994,30,2140.6999999999994,swap,notBad
14750,30,2140.6999999999994,30,2140.6999999999994,2opt,notBad
14751,30,2140.6999999999994,30,2140.6999999999994,move,improve
14752,30,2140.6999999999994,30,2140.6999999999994,swap,notBad
14753,30,2140.6999999999994,30,2140.6999999999994,move,improve
14754,30,2140.6999999999994,30,2140.6999999999994,2opt,notBad
14755,30,2140.6999999999994,30,2140.6999999999994,swap,notBad
14756,30,2140.6999999999994,30,2140.6999999999994,swap,notBad
14757,30,2140.6999999999994,30,2140.6999999999994,move,improve
14758,30,2140.6999999999994,30,2140.6999999999994,swap,notBad
14759,30,2140.6999999999994,30,2140.6999999999994,move,improve
14760,30,2140.6999999999994,30,2140.6999999999994,2opt,improve
14761,30,2140.6999999999994,30,2140.6999999999994,2opt,notBad
14762,30,2140.6999999999994,30,2140.6999999999994,move,improve
14763,30,2140.6999999999994,30,2140.6999999999994,move,improve
14764,30,2140.6999999999994,30,2140.6999999999994,move,improve
14765,30,2140.6999999999994,30,2140.6999999999994,move,improve
14766,30,2140.6999999999994,30,2140.6999999999994,swap,notBad
14767,30,2140.6999999999994,30,2140.6999999999994,move,improve
14768,30,2140.6999999999994,30,2140.6999999999994,move,improve
14769,30,2140.6999999999994,30,2140.6999999999994,2opt,notBad
14770,30,2140.6999999999994,30,2140.6999999999994,move,improve
14771,30,2140.6999999999994,30,2140.6999999999994,2opt,notBad
14772,30,2140.6999999999994,30,2140.6999999999994,move,improve
14773,30,2140.6999999999994,30,2140.6999999999994,move,improve
14774,30,2140.6999999999994,30,2140.6999999999994,swap,notBad
14775,30,2140.6999999999994,30,2140.6999999999994,swap,notBad
14776,30,2140.6999999999994,30,2140.6999999999994,2opt,notBad
14777,30,2140.6999999999994,30,2140.6999999999994,move,improve
14778,30,2140.6999999999994,30,2140.6999999999994,2opt,notBad
14779,30,2140.6999999999994,30,2140.6999999999994,swap,notBad
14780,30,2140.6999999999994,30,2140.6999999999994,2opt,improve
14781,30,2140.6999999999994,30,2140.6999999999994,2opt,notBad
14782,30,2140.6999999999994,30,2140.6999999999994,swap,notBad
14783,30,2140.6999999999994,30,2140.6999999999994,2opt,notBad
14784,30,2140.6999999999994,30,2140.6999999999994,move,improve
14785,30,2140.6999999999994,30,2140.6999999999994,move,improve
14786,30,2140.6999999999994,30,2140.6999999999994,swap,notBad
14787,30,2140.6999999999994,30,2140.6999999999994,swap,notBad
14788,30,2140.6999999999994,30,2140.6999999999994,2opt,notBad
14789,30,2140.6999999999994,30,2140.6999999999994,swap,notBad
14790,30,2140.6999999999994,30,2140.6999999999994,move,improve
14791,30,2140.6999999999994,30,2140.6999999999994,swap,notBad
14792,30,2140.6999999999994,30,2140.6999999999994,swap,notBad
14793,30,2140.6999999999994,30,2140.6999999999994,swap,notBad
14794,30,2140.6999999999994,30,2140.6999999999994,move,improve
14795,30,2140.6999999999994,30,2140.6999999999994,swap,notBad
14796,30,2140.6999999999994,30,2140.6999999999994,swap,notBad
14797,30,2140.6999999999994,30,2140.6999999999994,swap,notBad
14798,30,2140.6999999999994,30,2140.6999999999994,move,improve
14799,30,2140.6999999999994,30,2140.6999999999994,swap,notBad
14800,30,2140.6999999999994,30,2140.6999999999994,move,improve
14801,30,2140.6999999999994,30,2140.6999999999994,move,improve
14802,30,2140.6999999999994,30,2140.6999999999994,move,improve
14803,30,2140.6999999999994,30,2140.6999999999994,2opt,notBad
14804,30,2140.6999999999994,30,2140.6999999999994,move,improve
14805,30,2140.6999999999994,30,2140.6999999999994,2opt,notBad
14806,30,2140.6999999999994,30,2140.6999999999994,2opt,notBad
14807,30,2140.6999999999994,30,2140.6999999999994,move,improve
14808,30,2140.6999999999994,30,2140.6999999999994,swap,notBad
14809,30,2140.6999999999994,30,2140.6999999999994,move,improve
14810,30,2140.6999999999994,30,2140.6999999999994,2opt,notBad
14811,30,2140.6999999999994,30,2140.6999999999994,2opt,notBad
14812,30,2140.6999999999994,30,2140.6999999999994,swap,notBad
14813,30,2140.6999999999994,30,2140.6999999999994,move,improve
14814,30,2140.6999999999994,30,2140.6999999999994,swap,notBad
14815,30,2140.6999999999994,30,2140.6999999999994,2opt,improve
14816,30,2140.6999999999994,30,2140.6999999999994,swap,notBad
14817,30,2140.6999999999994,30,2140.6999999999994,swap,notBad
14818,30,2140.6999999999994,30,2140.6999999999994,move,improve
14819,30,2140.6999999999994,30,2140.6999999999994,move,improve
14820,30,2140.6999999999994,30,2140.6999999999994,swap,notBad
14821,30,2140.6999999999994,30,2140.6999999999994,move,improve
14822,30,2140.6999999999994,30,2140.6999999999994,move,improve
14823,30,2140.6999999999994,30,2140.6999999999994,move,improve
14824,30,2140.6999999999994,30,2140.6999999999994,swap,notBad
14825,30,2140.6999999999994,30,2140.6999999999994,swap,notBad
14826,30,2140.6999999999994,30,2140.6999999999994,move,improve
14827,30,2140.6999999999994,30,2140.6999999999994,swap,notBad
14828,30,2140.6999999999994,30,2140.6999999999994,2opt,notBad
14829,30,2140.6999999999994,30,2140.6999999999994,2opt,notBad
14830,30,2140.6999999999994,30,2140.6999999999994,swap,notBad
14831,30,2140.6999999999994,30,2140.6999999999994,swap,notBad
14832,30,2140.6999999999994,30,2140.6999999999994,2opt,notBad
14833,30,2140.6999999999994,30,2140.6999999999994,move,improve
14834,30,2140.6999999999994,30,2140.6999999999994,swap,notBad
14835,30,2140.6999999999994,30,2140.6999999999994,move,improve
14836,30,2140.6999999999994,30,2140.6999999999994,swap,notBad
14837,30,2140.6999999999994,30,2140.6999999999994,2opt,notBad
14838,30,2140.6999999999994,30,2140.6999999999994,swap,notBad
14839,30,2140.6999999999994,30,2140.6999999999994,2opt,notBad
14840,30,2140.6999999999994,30,2140.6999999999994,2opt,notBad
14841,30,2140.6999999999994,30,2140.6999999999994,swap,notBad
14842,30,2140.6999999999994,30,2140.6999999999994,move,improve
14843,30,2140.6999999999994,30,2140.6999999999994,swap,notBad
14844,30,2140.6999999999994,30,2140.6999999999994,swap,notBad
14845,30,2140.6999999999994,30,2140.6999999999994,swap,notBad
14846,30,2140.6999999999994,30,2140.6999999999994,move,improve
14847,30,2140.6999999999994,30,2140.6999999999994,swap,notBad
14848,30,2140.6999999999994,30,2140.6999999999994,swap,notBad
14849,30,2140.6999999999994,30,2140.6999999999994,move,improve
14850,30,2140.6999999999994,30,2140.6999999999994,move,improve
14851,30,2140.6999999999994,30,2140.6999999999994,2opt,notBad
14852,30,2140.6999999999994,30,2140.6999999999994,2opt,notBad
14853,30,2140.6999999999994,30,2140.6999999999994,swap,notBad
14854,30,2140.6999999999994,30,2140.6999999999994,swap,notBad
14855,30,2140.6999999999994,30,2140.6999999999994,move,improve
14856,30,2140.6999999999994,30,2140.6999999999994,swap,notBad
14857,30,2140.6999999999994,30,2140.6999999999994,2opt,notBad
14858,30,2140.6999999999994,30,2140.6999999999994,move,improve
14859,30,2140.6999999999994,30,2140.6999999999994,swap,notBad
14860,30,2140.6999999999994,30,2140.6999999999994,2opt,notBad
14861,30,2140.6999999999994,30,2140.6999999999994,move,improve
14862,30,2140.6999999999994,30,2140.6999999999994,2opt,notBad
14863,30,2140.6999999999994,30,2140.6999999999994,move,improve
14864,30,2140.6999999999994,30,2140.6999999999994,2opt,notBad
14865,30,2140.6999999999994,30,2140.6999999999994,2opt,notBad
14866,30,2140.6999999999994,30,2140.6999999999994,swap,notBad
14867,30,2140.6999999999994,30,2140.6999999999994,swap,notBad
14868,30,2140.6999999999994,30,2140.6999999999994,swap,notBad
14869,30,2140.6999999999994,30,2140.6999999999994,swap,notBad
14870,30,2140.6999999999994,30,2140.6999999999994,2opt,notBad
14871,30,2140.6999999999994,30,2140.6999999999994,swap,notBad
14872,30,2140.6999999999994,30,2140.6999999999994,2opt,improve
14873,30,2140.6999999999994,30,2140.6999999999994,swap,notBad
14874,30,2140.6999999999994,30,2140.6999999999994,2opt,notBad
14875,30,2140.6999999999994,30,2140.6999999999994,2opt,notBad
14876,30,2140.6999999999994,30,2140.6999999999994,2opt,notBad
14877,30,2140.6999999999994,30,2140.6999999999994,2opt,improve
14878,30,2140.6999999999994,30,2140.6999999999994,move,improve
14879,30,2140.6999999999994,30,2140.6999999999994,2opt,notBad
14880,30,2140.6999999999994,30,2140.6999999999994,move,improve
14881,30,2140.6999999999994,30,2140.6999999999994,2opt,notBad
14882,30,2140.6999999999994,30,2140.6999999999994,swap,notBad
14883,30,2140.6999999999994,30,2140.6999999999994,swap,notBad
14884,30,2140.6999999999994,30,2140.6999999999994,swap,notBad
14885,30,2140.6999999999994,30,2140.6999999999994,swap,notBad
14886,30,2140.6999999999994,30,2140.6999999999994,move,improve
14887,30,2140.6999999999994,30,2140.6999999999994,swap,notBad
14888,30,2140.6999999999994,30,2140.6999999999994,swap,notBad
14889,30,2140.6999999999994,30,2140.6999999999994,2opt,notBad
14890,30,2140.6999999999994,30,2140.6999999999994,swap,notBad
14891,30,2140.6999999999994,30,2140.6999999999994,swap,notBad
14892,30,2140.6999999999994,30,2140.6999999999994,move,improve
14893,30,2140.6999999999994,30,2140.6999999999994,move,improve
14894,30,2140.6999999999994,30,2140.6999999999994,2opt,notBad
14895,30,2140.6999999999994,30,2140.6999999999994,move,improve
14896,30,2140.6999999999994,30,2140.6999999999994,2opt,notBad
14897,30,2140.6999999999994,30,2140.6999999999994,move,improve
14898,30,2140.6999999999994,30,2140.6999999999994,2opt,notBad
14899,30,2140.6999999999994,30,2140.6999999999994,2opt,notBad
14900,30,2140.6999999999994,30,2140.6999999999994,2opt,notBad
14901,30,2140.6999999999994,30,2140.6999999999994,swap,notBad
14902,30,2140.6999999999994,30,2140.6999999999994,2opt,notBad
14903,30,2140.6999999999994,30,2140.6999999999994,swap,notBad
14904,30,2140.6999999999994,30,2140.6999999999994,swap,notBad
14905,30,2140.6999999999994,30,2140.6999999999994,2opt,notBad
14906,30,2140.6999999999994,30,2140.6999999999994,2opt,notBad
14907,30,2140.6999999999994,30,2140.6999999999994,swap,notBad
14908,30,2140.6999999999994,30,2140.6999999999994,swap,notBad
14909,30,2140.6999999999994,30,2140.6999999999994,2opt,notBad
14910,30,2140.6999999999994,30,2140.6999999999994,2opt,notBad
14911,30,2140.6999999999994,30,2140.6999999999994,swap,notBad
14912,30,2140.6999999999994,30,2140.6999999999994,move,improve
14913,30,2140.6999999999994,30,2140.6999999999994,swap,notBad
14914,30,2140.6999999999994,30,2140.6999999999994,2opt,notBad
14915,30,2140.6999999999994,30,2140.6999999999994,swap,notBad
14916,30,2140.6999999999994,30,2140.6999999999994,2opt,improve
14917,30,2140.6999999999994,30,2140.6999999999994,move,improve
14918,30,2140.6999999999994,30,2140.6999999999994,move,improve
14919,30,2140.6999999999994,30,2140.6999999999994,2opt,notBad
14920,30,2140.6999999999994,30,2140.6999999999994,swap,notBad
14921,30,2140.6999999999994,30,2140.6999999999994,move,improve
14922,30,2140.6999999999994,30,2140.6999999999994,move,improve
14923,30,2140.6999999999994,30,2140.6999999999994,swap,notBad
14924,30,2140.6999999999994,30,2140.6999999999994,2opt,improve
14925,30,2140.6999999999994,30,2140.6999999999994,move,improve
14926,30,2140.6999999999994,30,2140.6999999999994,swap,notBad
14927,30,2140.6999999999994,30,2140.6999999999994,2opt,notBad
14928,30,2140.6999999999994,30,2140.6999999999994,swap,notBad
14929,30,2140.6999999999994,30,2140.6999999999994,move,improve
14930,30,2140.6999999999994,30,2140.6999999999994,2opt,notBad
14931,30,2140.6999999999994,30,2140.6999999999994,swap,notBad
14932,30,2140.6999999999994,30,2140.6999999999994,move,improve
14933,30,2140.6999999999994,30,2140.6999999999994,2opt,notBad
14934,30,2140.6999999999994,30,2140.6999999999994,swap,notBad
14935,30,2140.6999999999994,30,2140.6999999999994,2opt,notBad
14936,30,2140.6999999999994,30,2140.6999999999994,move,improve
14937,30,2140.6999999999994,30,2140.6999999999994,swap,notBad
14938,30,2140.6999999999994,30,2140.6999999999994,2opt,notBad
14939,30,2140.6999999999994,30,2140.6999999999994,swap,notBad
14940,30,2140.6999999999994,30,2140.6999999999994,2opt,notBad
14941,30,2140.6999999999994,30,2140.6999999999994,swap,notBad
14942,30,2140.6999999999994,30,2140.6999999999994,move,improve
14943,30,2140.6999999999994,30,2140.6999999999994,2opt,improve
14944,30,2140.6999999999994,30,2140.6999999999994,2opt,notBad
14945,30,2140.6999999999994,30,2140.6999999999994,swap,notBad
14946,30,2140.6999999999994,30,2140.6999999999994,move,improve
14947,30,2140.6999999999994,30,2140.6999999999994,move,improve
14948,30,2140.6999999999994,30,2140.6999999999994,swap,notBad
14949,30,2140.6999999999994,30,2140.6999999999994,2opt,notBad
14950,30,2140.6999999999994,30,2140.6999999999994,move,improve
14951,30,2140.6999999999994,30,2140.6999999999994,2opt,notBad
14952,30,2140.6999999999994,30,2140.6999999999994,swap,notBad
14953,30,2140.6999999999994,30,2140.6999999999994,move,improve
14954,30,2140.6999999999994,30,2140.6999999999994,2opt,notBad
14955,30,2140.6999999999994,30,2140.6999999999994,swap,notBad
14956,30,2140.6999999999994,30,2140.6999999999994,move,improve
14957,30,2140.6999999999994,30,2140.6999999999994,2opt,notBad
14958,30,2140.6999999999994,30,2140.6999999999994,2opt,notBad
14959,30,2140.6999999999994,30,2140.6999999999994,2opt,notBad
14960,30,2140.6999999999994,30,2140.6999999999994,2opt,notBad
14961,30,2140.6999999999994,30,2140.6999999999994,swap,notBad
14962,30,2140.6999999999994,30,2140.6999999999994,move,improve
14963,30,2140.6999999999994,30,2140.6999999999994,swap,notBad
14964,30,2140.6999999999994,30,2140.6999999999994,swap,notBad
14965,30,2140.6999999999994,30,2140.6999999999994,move,improve
14966,30,2140.6999999999994,30,2140.6999999999994,swap,notBad
14967,30,2140.6999999999994,30,2140.6999999999994,2opt,notBad
14968,30,2140.6999999999994,30,2140.6999999999994,swap,notBad
14969,30,2140.6999999999994,30,2140.6999999999994,swap,notBad
14970,30,2140.6999999999994,30,2140.6999999999994,2opt,improve
14971,30,2140.6999999999994,30,2140.6999999999994,swap,notBad
14972,30,2140.6999999999994,30,2140.6999999999994,2opt,notBad
14973,30,2140.6999999999994,30,2140.6999999999994,swap,notBad
14974,30,2140.6999999999994,30,2140.6999999999994,swap,notBad
14975,30,2140.6999999999994,30,2140.6999999999994,move,improve
14976,30,2140.6999999999994,30,2140.6999999999994,2opt,notBad
14977,30,2140.6999999999994,30,2140.6999999999994,2opt,notBad
14978,30,2140.6999999999994,30,2140.6999999999994,move,improve
14979,30,2140.6999999999994,30,2140.6999999999994,swap,notBad
14980,30,2140.6999999999994,30,2140.6999999999994,2opt,notBad
14981,30,2140.6999999999994,30,2140.6999999999994,2opt,notBad
14982,30,2140.6999999999994,30,2140.6999999999994,swap,notBad
14983,30,2140.6999999999994,30,2140.6999999999994,2opt,notBad
14984,30,2140.6999999999994,30,2140.6999999999994,move,improve
14985,30,2140.6999999999994,30,2140.6999999999994,swap,notBad
14986,30,2140.6999999999994,30,2140.6999999999994,2opt,notBad
14987,30,2140.6999999999994,30,2140.6999999999994,swap,notBad
14988,30,2140.6999999999994,30,2140.6999999999994,2opt,notBad
14989,30,2140.6999999999994,30,2140.6999999999994,swap,notBad
14990,30,2140.6999999999994,30,2140.6999999999994,swap,notBad
14991,30,2140.6999999999994,30,2140.6999999999994,2opt,notBad
14992,30,2140.6999999999994,30,2140.6999999999994,move,improve
14993,30,2140.6999999999994,30,2140.6999999999994,move,improve
14994,30,2140.6999999999994,30,2140.6999999999994,swap,notBad
14995,30,2140.6999999999994,30,2140.6999999999994,2opt,notBad
14996,30,2140.6999999999994,30,2140.6999999999994,swap,notBad
14997,30,2140.6999999999994,30,2140.6999999999994,swap,notBad
14998,30,2140.6999999999994,30,2140.6999999999994,2opt,notBad
14999,30,2140.6999999999994,30,2140.6999999999994,swap,notBad
15000,30,2140.6999999999994,30,2140.6999999999994,2opt,notBad
15001,30,2140.6999999999994,30,2140.6999999999994,swap,notBad
15002,30,2140.6999999999994,30,2140.6999999999994,swap,notBad
15003,30,2140.6999999999994,30,2140.6999999999994,swap,notBad
15004,30,2140.6999999999994,30,2140.6999999999994,swap,notBad
15005,30,2140.6999999999994,30,2140.6999999999994,swap,notBad
15006,30,2140.6999999999994,30,2140.6999999999994,swap,notBad
15007,30,2140.6999999999994,30,2140.6999999999994,swap,notBad
15008,30,2140.6999999999994,30,2140.6999999999994,swap,notBad
15009,30,2140.6999999999994,30,2140.6999999999994,swap,notBad
15010,30,2140.6999999999994,30,2140.6999999999994,swap,notBad
15011,30,2140.6999999999994,30,2140.6999999999994,swap,notBad
15012,30,2140.6999999999994,30,2140.6999999999994,move,improve
15013,30,2140.6999999999994,30,2140.6999999999994,move,improve
15014,30,2140.6999999999994,30,2140.6999999999994,swap,notBad
15015,30,2140.6999999999994,30,2140.6999999999994,2opt,notBad
15016,30,2140.6999999999994,30,2140.6999999999994,2opt,notBad
15017,30,2140.6999999999994,30,2140.6999999999994,2opt,improve
15018,30,2140.6999999999994,30,2140.6999999999994,swap,notBad
15019,30,2140.6999999999994,30,2140.6999999999994,swap,notBad
15020,30,2140.6999999999994,30,2140.6999999999994,move,improve
15021,30,2140.6999999999994,30,2140.6999999999994,move,improve
15022,30,2140.6999999999994,30,2140.6999999999994,2opt,notBad
15023,30,2140.6999999999994,30,2140.6999999999994,swap,notBad
15024,30,2140.6999999999994,30,2140.6999999999994,2opt,improve
15025,30,2140.6999999999994,30,2140.6999999999994,move,improve
15026,30,2140.6999999999994,30,2140.6999999999994,swap,notBad
15027,30,2140.6999999999994,30,2140.6999999999994,2opt,notBad
15028,30,2140.6999999999994,30,2140.6999999999994,2opt,notBad
15029,30,2140.6999999999994,30,2140.6999999999994,move,improve
15030,30,2140.6999999999994,30,2140.6999999999994,2opt,notBad
15031,30,2140.6999999999994,30,2140.6999999999994,2opt,improve
15032,30,2140.6999999999994,30,2140.6999999999994,2opt,notBad
15033,30,2140.6999999999994,30,2140.6999999999994,move,improve
15034,30,2140.6999999999994,30,2140.6999999999994,move,improve
15035,30,2140.6999999999994,30,2140.6999999999994,move,improve
15036,30,2140.6999999999994,30,2140.6999999999994,swap,notBad
15037,30,2140.6999999999994,30,2140.6999999999994,move,improve
15038,30,2140.6999999999994,30,2140.6999999999994,2opt,notBad
15039,30,2140.6999999999994,30,2140.6999999999994,swap,notBad
15040,30,2140.6999999999994,30,2140.6999999999994,2opt,notBad
15041,30,2140.6999999999994,30,2140.6999999999994,swap,notBad
15042,30,2140.6999999999994,30,2140.6999999999994,move,improve
15043,30,2140.6999999999994,30,2140.6999999999994,swap,notBad
15044,30,2140.6999999999994,30,2140.6999999999994,2opt,notBad
15045,30,2140.6999999999994,30,2140.6999999999994,move,improve
15046,30,2140.6999999999994,30,2140.6999999999994,2opt,notBad
15047,30,2140.6999999999994,30,2140.6999999999994,2opt,notBad
15048,30,2140.6999999999994,30,2140.6999999999994,2opt,notBad
15049,30,2140.6999999999994,30,2140.6999999999994,2opt,improve
15050,30,2140.6999999999994,30,2140.6999999999994,move,improve
15051,30,2140.6999999999994,30,2140.6999999999994,2opt,improve
15052,30,2140.6999999999994,30,2140.6999999999994,swap,notBad
15053,30,2140.6999999999994,30,2140.6999999999994,swap,notBad
15054,30,2140.6999999999994,30,2140.6999999999994,move,improve
15055,30,2140.6999999999994,30,2140.6999999999994,2opt,notBad
15056,30,2140.6999999999994,30,2140.6999999999994,move,improve
15057,30,2140.6999999999994,30,2140.6999999999994,move,improve
15058,30,2140.6999999999994,30,2140.6999999999994,2opt,notBad
15059,30,2140.6999999999994,30,2140.6999999999994,swap,notBad
15060,30,2140.6999999999994,30,2140.6999999999994,move,improve
15061,30,2140.6999999999994,30,2140.6999999999994,swap,notBad
15062,30,2140.6999999999994,30,2140.6999999999994,swap,notBad
15063,30,2140.6999999999994,30,2140.6999999999994,move,improve
15064,30,2140.6999999999994,30,2140.6999999999994,move,improve
15065,30,2140.6999999999994,30,2140.6999999999994,swap,notBad
15066,30,2140.6999999999994,30,2140.6999999999994,move,improve
15067,30,2140.6999999999994,30,2140.6999999999994,move,improve
15068,30,2140.6999999999994,30,2140.6999999999994,swap,notBad
15069,30,2140.6999999999994,30,2140.6999999999994,swap,notBad
15070,30,2140.6999999999994,30,2140.6999999999994,move,improve
15071,30,2140.6999999999994,30,2140.6999999999994,2opt,notBad
15072,30,2140.6999999999994,30,2140.6999999999994,2opt,notBad
15073,30,2140.6999999999994,30,2140.6999999999994,move,improve
15074,30,2140.6999999999994,30,2140.6999999999994,2opt,notBad
15075,30,2140.6999999999994,30,2140.6999999999994,2opt,notBad
15076,30,2140.6999999999994,30,2140.6999999999994,2opt,notBad
15077,30,2140.6999999999994,30,2140.6999999999994,swap,notBad
15078,30,2140.6999999999994,30,2140.6999999999994,swap,notBad
15079,30,2140.6999999999994,30,2140.6999999999994,swap,notBad
15080,30,2140.6999999999994,30,2140.6999999999994,2opt,notBad
15081,30,2140.6999999999994,30,2140.6999999999994,swap,notBad
15082,30,2140.6999999999994,30,2140.6999999999994,2opt,notBad
15083,30,2140.6999999999994,30,2140.6999999999994,swap,notBad
15084,30,2140.6999999999994,30,2140.6999999999994,2opt,notBad
15085,30,2140.6999999999994,30,2140.6999999999994,2opt,notBad
15086,30,2140.6999999999994,30,2140.6999999999994,move,improve
15087,30,2140.6999999999994,30,2140.6999999999994,swap,notBad
15088,30,2140.6999999999994,30,2140.6999999999994,swap,notBad
15089,30,2140.6999999999994,30,2140.6999999999994,move,improve
15090,30,2140.6999999999994,30,2140.6999999999994,swap,notBad
15091,30,2140.6999999999994,30,2140.6999999999994,move,improve
15092,30,2140.6999999999994,30,2140.6999999999994,swap,notBad
15093,30,2140.6999999999994,30,2140.6999999999994,move,improve
15094,30,2140.6999999999994,30,2140.6999999999994,swap,notBad
15095,30,2140.6999999999994,30,2140.6999999999994,swap,notBad
15096,30,2140.6999999999994,30,2140.6999999999994,move,improve
15097,30,2140.6999999999994,30,2140.6999999999994,move,improve
15098,30,2140.6999999999994,30,2140.6999999999994,move,improve
15099,30,2140.6999999999994,30,2140.6999999999994,swap,notBad
15100,30,2140.6999999999994,30,2140.6999999999994,move,improve
15101,30,2140.6999999999994,30,2140.6999999999994,2opt,notBad
15102,30,2140.6999999999994,30,2140.6999999999994,2opt,notBad
15103,30,2140.6999999999994,30,2140.6999999999994,swap,notBad
15104,30,2140.6999999999994,30,2140.6999999999994,2opt,notBad
15105,30,2140.6999999999994,30,2140.6999999999994,move,improve
15106,30,2140.6999999999994,30,2140.6999999999994,swap,notBad
15107,30,2140.6999999999994,30,2140.6999999999994,swap,notBad
15108,30,2140.6999999999994,30,2140.6999999999994,move,improve
15109,30,2140.6999999999994,30,2140.6999999999994,swap,notBad
15110,30,2140.6999999999994,30,2140.6999999999994,swap,notBad
15111,30,2140.6999999999994,30,2140.6999999999994,swap,notBad
15112,30,2140.6999999999994,30,2140.6999999999994,swap,notBad
15113,30,2140.6999999999994,30,2140.6999999999994,2opt,notBad
15114,30,2140.6999999999994,30,2140.6999999999994,swap,notBad
15115,30,2140.6999999999994,30,2140.6999999999994,swap,notBad
15116,30,2140.6999999999994,30,2140.6999999999994,move,improve
15117,30,2140.6999999999994,30,2140.6999999999994,swap,notBad
15118,30,2140.6999999999994,30,2140.6999999999994,2opt,improve
15119,30,2140.6999999999994,30,2140.6999999999994,2opt,improve
15120,30,2140.6999999999994,30,2140.6999999999994,2opt,notBad
15121,30,2140.6999999999994,30,2140.6999999999994,2opt,notBad
15122,30,2140.6999999999994,30,2140.6999999999994,move,improve
15123,30,2140.6999999999994,30,2140.6999999999994,swap,notBad
15124,30,2140.6999999999994,30,2140.6999999999994,move,improve
15125,30,2140.6999999999994,30,2140.6999999999994,move,improve
15126,30,2140.6999999999994,30,2140.6999999999994,swap,notBad
15127,30,2140.6999999999994,30,2140.6999999999994,swap,notBad
15128,30,2140.6999999999994,30,2140.6999999999994,2opt,notBad
15129,30,2140.6999999999994,30,2140.6999999999994,2opt,notBad
15130,30,2140.6999999999994,30,2140.6999999999994,move,improve
15131,30,2140.6999999999994,30,2140.6999999999994,move,improve
15132,30,2140.6999999999994,30,2140.6999999999994,swap,notBad
15133,30,2140.6999999999994,30,2140.6999999999994,swap,notBad
15134,30,2140.6999999999994,30,2140.6999999999994,swap,notBad
15135,30,2140.6999999999994,30,2140.6999999999994,2opt,notBad
15136,30,2140.6999999999994,30,2140.6999999999994,2opt,notBad
15137,30,2140.6999999999994,30,2140.6999999999994,swap,notBad
15138,30,2140.6999999999994,30,2140.6999999999994,swap,notBad
15139,30,2140.6999999999994,30,2140.6999999999994,2opt,notBad
15140,30,2140.6999999999994,30,2140.6999999999994,move,improve
15141,30,2140.6999999999994,30,2140.6999999999994,move,improve
15142,30,2140.6999999999994,30,2140.6999999999994,swap,notBad
15143,30,2140.6999999999994,30,2140.6999999999994,2opt,notBad
15144,30,2140.6999999999994,30,2140.6999999999994,swap,notBad
15145,30,2140.6999999999994,30,2140.6999999999994,2opt,notBad
15146,30,2140.6999999999994,30,2140.6999999999994,2opt,notBad
15147,30,2140.6999999999994,30,2140.6999999999994,2opt,notBad
15148,30,2140.6999999999994,30,2140.6999999999994,move,improve
15149,30,2140.6999999999994,30,2140.6999999999994,swap,notBad
15150,30,2140.6999999999994,30,2140.6999999999994,move,improve
15151,30,2140.6999999999994,30,2140.6999999999994,swap,notBad
15152,30,2140.6999999999994,30,2140.6999999999994,move,improve
15153,30,2140.6999999999994,30,2140.6999999999994,move,improve
15154,30,2140.6999999999994,30,2140.6999999999994,2opt,notBad
15155,30,2140.6999999999994,30,2140.6999999999994,2opt,notBad
15156,30,2140.6999999999994,30,2140.6999999999994,move,improve
15157,30,2140.6999999999994,30,2140.6999999999994,swap,notBad
15158,30,2140.6999999999994,30,2140.6999999999994,swap,notBad
15159,30,2140.6999999999994,30,2140.6999999999994,swap,notBad
15160,30,2140.6999999999994,30,2140.6999999999994,2opt,notBad
15161,30,2140.6999999999994,30,2140.6999999999994,move,improve
15162,30,2140.6999999999994,30,2140.6999999999994,swap,notBad
15163,30,2140.6999999999994,30,2140.6999999999994,2opt,notBad
15164,30,2140.6999999999994,30,2140.6999999999994,2opt,notBad
15165,30,2140.6999999999994,30,2140.6999999999994,swap,notBad
15166,30,2140.6999999999994,30,2140.6999999999994,move,improve
15167,30,2140.6999999999994,30,2140.6999999999994,swap,notBad
15168,30,2140.6999999999994,30,2140.6999999999994,2opt,notBad
15169,30,2140.6999999999994,30,2140.6999999999994,swap,notBad
15170,30,2140.6999999999994,30,2140.6999999999994,swap,notBad
15171,30,2140.6999999999994,30,2140.6999999999994,move,improve
15172,30,2140.6999999999994,30,2140.6999999999994,swap,notBad
15173,30,2140.6999999999994,30,2140.6999999999994,2opt,notBad
15174,30,2140.6999999999994,30,2140.6999999999994,swap,notBad
15175,30,2140.6999999999994,30,2140.6999999999994,move,improve
15176,30,2140.6999999999994,30,2140.6999999999994,swap,notBad
15177,30,2140.6999999999994,30,2140.6999999999994,2opt,notBad
15178,30,2140.6999999999994,30,2140.6999999999994,move,improve
15179,30,2140.6999999999994,30,2140.6999999999994,2opt,notBad
15180,30,2140.6999999999994,30,2140.6999999999994,swap,notBad
15181,30,2140.6999999999994,30,2140.6999999999994,swap,notBad
15182,30,2140.6999999999994,30,2140.6999999999994,swap,notBad
15183,30,2140.6999999999994,30,2140.6999999999994,2opt,notBad
15184,30,2140.6999999999994,30,2140.6999999999994,2opt,notBad
15185,30,2140.6999999999994,30,2140.6999999999994,swap,notBad
15186,30,2140.6999999999994,30,2140.6999999999994,move,improve
15187,30,2140.6999999999994,30,2140.6999999999994,swap,notBad
15188,30,2140.6999999999994,30,2140.6999999999994,swap,notBad
15189,30,2140.6999999999994,30,2140.6999999999994,2opt,notBad
15190,30,2140.6999999999994,30,2140.6999999999994,move,improve
15191,30,2140.6999999999994,30,2140.6999999999994,move,improve
15192,30,2140.6999999999994,30,2140.6999999999994,2opt,notBad
15193,30,2140.6999999999994,30,2140.6999999999994,swap,notBad
15194,30,2140.6999999999994,30,2140.6999999999994,move,improve
15195,30,2140.6999999999994,30,2140.6999999999994,swap,notBad
15196,30,2140.6999999999994,30,2140.6999999999994,swap,notBad
15197,30,2140.6999999999994,30,2140.6999999999994,swap,notBad
15198,30,2140.6999999999994,30,2140.6999999999994,move,improve
15199,30,2140.6999999999994,30,2140.6999999999994,move,improve
15200,30,2140.6999999999994,30,2140.6999999999994,2opt,notBad
15201,30,2140.6999999999994,30,2140.6999999999994,move,improve
15202,30,2140.6999999999994,30,2140.6999999999994,swap,notBad
15203,30,2140.6999999999994,30,2140.6999999999994,swap,notBad
15204,30,2140.6999999999994,30,2140.6999999999994,swap,notBad
15205,30,2140.6999999999994,30,2140.6999999999994,swap,notBad
15206,30,2140.6999999999994,30,2140.6999999999994,swap,notBad
15207,30,2140.6999999999994,30,2140.6999999999994,2opt,notBad
15208,30,2140.6999999999994,30,2140.6999999999994,move,improve
15209,30,2140.6999999999994,30,2140.6999999999994,move,improve
15210,30,2140.6999999999994,30,2140.6999999999994,move,improve
15211,30,2140.6999999999994,30,2140.6999999999994,2opt,notBad
15212,30,2140.6999999999994,30,2140.6999999999994,swap,notBad
15213,30,2140.6999999999994,30,2140.6999999999994,move,improve
15214,30,2140.6999999999994,30,2140.6999999999994,2opt,notBad
15215,30,2140.6999999999994,30,2140.6999999999994,move,improve
15216,30,2140.6999999999994,30,2140.6999999999994,move,improve
15217,30,2140.6999999999994,30,2140.6999999999994,move,improve
15218,30,2140.6999999999994,30,2140.6999999999994,2opt,notBad
15219,30,2140.6999999999994,30,2140.6999999999994,swap,notBad
15220,30,2140.6999999999994,30,2140.6999999999994,swap,notBad
15221,30,2140.6999999999994,30,2140.6999999999994,swap,notBad
15222,30,2140.6999999999994,30,2140.6999999999994,move,improve
15223,30,2140.6999999999994,30,2140.6999999999994,move,improve
15224,30,2140.6999999999994,30,2140.6999999999994,2opt,notBad
15225,30,2140.6999999999994,30,2140.6999999999994,2opt,notBad
15226,30,2140.6999999999994,30,2140.6999999999994,move,improve
15227,30,2140.6999999999994,30,2140.6999999999994,move,improve
15228,30,2140.6999999999994,30,2140.6999999999994,swap,notBad
15229,30,2140.6999999999994,30,2140.6999999999994,2opt,notBad
15230,30,2140.6999999999994,30,2140.6999999999994,move,improve
15231,30,2140.6999999999994,30,2140.6999999999994,move,improve
15232,30,2140.6999999999994,30,2140.6999999999994,2opt,notBad
15233,30,2140.6999999999994,30,2140.6999999999994,2opt,notBad
15234,30,2140.6999999999994,30,2140.6999999999994,swap,notBad
15235,30,2140.6999999999994,30,2140.6999999999994,2opt,notBad
15236,30,2140.6999999999994,30,2140.6999999999994,2opt,notBad
15237,30,2140.6999999999994,30,2140.6999999999994,2opt,notBad
15238,30,2140.6999999999994,30,2140.6999999999994,move,improve
15239,30,2140.6999999999994,30,2140.6999999999994,move,improve
15240,30,2140.6999999999994,30,2140.6999999999994,swap,notBad
15241,30,2140.6999999999994,30,2140.6999999999994,move,improve
15242,30,2140.6999999999994,30,2140.6999999999994,move,improve
15243,30,2140.6999999999994,30,2140.6999999999994,move,improve
15244,30,2140.6999999999994,30,2140.6999999999994,swap,notBad
15245,30,2140.6999999999994,30,2140.6999999999994,move,improve
15246,30,2140.6999999999994,30,2140.6999999999994,swap,notBad
15247,30,2140.6999999999994,30,2140.6999999999994,move,improve
15248,30,2140.6999999999994,30,2140.6999999999994,2opt,notBad
15249,30,2140.6999999999994,30,2140.6999999999994,move,improve
15250,30,2140.6999999999994,30,2140.6999999999994,2opt,notBad
15251,30,2140.6999999999994,30,2140.6999999999994,2opt,notBad
15252,30,2140.6999999999994,30,2140.6999999999994,2opt,notBad
15253,30,2140.6999999999994,30,2140.6999999999994,move,improve
15254,30,2140.6999999999994,30,2140.6999999999994,swap,notBad
15255,30,2140.6999999999994,30,2140.6999999999994,swap,notBad
15256,30,2140.6999999999994,30,2140.6999999999994,move,improve
15257,30,2140.6999999999994,30,2140.6999999999994,move,improve
15258,30,2140.6999999999994,30,2140.6999999999994,2opt,notBad
15259,30,2140.6999999999994,30,2140.6999999999994,swap,notBad
15260,30,2140.6999999999994,30,2140.6999999999994,2opt,notBad
15261,30,2140.6999999999994,30,2140.6999999999994,2opt,notBad
15262,30,2140.6999999999994,30,2140.6999999999994,2opt,notBad
15263,30,2140.6999999999994,30,2140.6999999999994,swap,notBad
15264,30,2140.6999999999994,30,2140.6999999999994,2opt,notBad
15265,30,2140.6999999999994,30,2140.6999999999994,swap,notBad
15266,30,2140.6999999999994,30,2140.6999999999994,swap,notBad
15267,30,2140.6999999999994,30,2140.6999999999994,swap,notBad
15268,30,2140.6999999999994,30,2140.6999999999994,move,improve
15269,30,2140.6999999999994,30,2140.6999999999994,swap,notBad
15270,30,2140.6999999999994,30,2140.6999999999994,move,improve
15271,30,2140.6999999999994,30,2140.6999999999994,2opt,notBad
15272,30,2140.6999999999994,30,2140.6999999999994,swap,notBad
15273,30,2140.6999999999994,30,2140.6999999999994,2opt,notBad
15274,30,2140.6999999999994,30,2140.6999999999994,swap,notBad
15275,30,2140.6999999999994,30,2140.6999999999994,2opt,notBad
15276,30,2140.6999999999994,30,2140.6999999999994,move,improve
15277,30,2140.6999999999994,30,2140.6999999999994,2opt,notBad
15278,30,2140.6999999999994,30,2140.6999999999994,swap,notBad
15279,30,2140.6999999999994,30,2140.6999999999994,2opt,notBad
15280,30,2140.6999999999994,30,2140.6999999999994,swap,notBad
15281,30,2140.6999999999994,30,2140.6999999999994,swap,notBad
15282,30,2140.6999999999994,30,2140.6999999999994,move,improve
15283,30,2140.6999999999994,30,2140.6999999999994,move,improve
15284,30,2140.6999999999994,30,2140.6999999999994,2opt,notBad
15285,30,2140.6999999999994,30,2140.6999999999994,swap,notBad
15286,30,2140.6999999999994,30,2140.6999999999994,swap,notBad
15287,30,2140.6999999999994,30,2140.6999999999994,swap,notBad
15288,30,2140.6999999999994,30,2140.6999999999994,2opt,notBad
15289,30,2140.6999999999994,30,2140.6999999999994,move,improve
15290,30,2140.6999999999994,30,2140.6999999999994,swap,notBad
15291,30,2140.6999999999994,30,2140.6999999999994,swap,notBad
15292,30,2140.6999999999994,30,2140.6999999999994,move,improve
15293,30,2140.6999999999994,30,2140.6999999999994,2opt,notBad
15294,30,2140.6999999999994,30,2140.6999999999994,move,improve
15295,30,2140.6999999999994,30,2140.6999999999994,move,improve
15296,30,2140.6999999999994,30,2140.6999999999994,2opt,notBad
15297,30,2140.6999999999994,30,2140.6999999999994,2opt,notBad
15298,30,2140.6999999999994,30,2140.6999999999994,move,improve
15299,30,2140.6999999999994,30,2140.6999999999994,move,improve
15300,30,2140.6999999999994,30,2140.6999999999994,swap,notBad
15301,30,2140.6999999999994,30,2140.6999999999994,swap,notBad
15302,30,2140.6999999999994,30,2140.6999999999994,2opt,notBad
15303,30,2140.6999999999994,30,2140.6999999999994,swap,notBad
15304,30,2140.6999999999994,30,2140.6999999999994,2opt,notBad
15305,30,2140.6999999999994,30,2140.6999999999994,2opt,notBad
15306,30,2140.6999999999994,30,2140.6999999999994,2opt,notBad
15307,30,2140.6999999999994,30,2140.6999999999994,2opt,improve
15308,30,2140.6999999999994,30,2140.6999999999994,swap,notBad
15309,30,2140.6999999999994,30,2140.6999999999994,swap,notBad
15310,30,2140.6999999999994,30,2140.6999999999994,move,improve
15311,30,2140.6999999999994,30,2140.6999999999994,swap,notBad
15312,30,2140.6999999999994,30,2140.6999999999994,2opt,improve
15313,30,2140.6999999999994,30,2140.6999999999994,swap,notBad
15314,30,2140.6999999999994,30,2140.6999999999994,move,improve
15315,30,2140.6999999999994,30,2140.6999999999994,swap,notBad
15316,30,2140.6999999999994,30,2140.6999999999994,2opt,notBad
15317,30,2140.6999999999994,30,2140.6999999999994,move,improve
15318,30,2140.6999999999994,30,2140.6999999999994,swap,notBad
15319,30,2140.6999999999994,30,2140.6999999999994,swap,notBad
15320,30,2140.6999999999994,30,2140.6999999999994,2opt,notBad
15321,30,2140.6999999999994,30,2140.6999999999994,2opt,notBad
15322,30,2140.6999999999994,30,2140.6999999999994,2opt,notBad
15323,30,2140.6999999999994,30,2140.6999999999994,2opt,notBad
15324,30,2140.6999999999994,30,2140.6999999999994,swap,notBad
15325,30,2140.6999999999994,30,2140.6999999999994,swap,notBad
15326,30,2140.6999999999994,30,2140.6999999999994,move,improve
15327,30,2140.6999999999994,30,2140.6999999999994,move,improve
15328,30,2140.6999999999994,30,2140.6999999999994,2opt,notBad
15329,30,2140.6999999999994,30,2140.6999999999994,2opt,notBad
15330,30,2140.6999999999994,30,2140.6999999999994,swap,notBad
15331,30,2140.6999999999994,30,2140.6999999999994,swap,notBad
15332,30,2140.6999999999994,30,2140.6999999999994,2opt,notBad
15333,30,2140.6999999999994,30,2140.6999999999994,swap,notBad
15334,30,2140.6999999999994,30,2140.6999999999994,swap,notBad
15335,30,2140.6999999999994,30,2140.6999999999994,move,improve
15336,30,2140.6999999999994,30,2140.6999999999994,2opt,notBad
15337,30,2140.6999999999994,30,2140.6999999999994,move,improve
15338,30,2140.6999999999994,30,2140.6999999999994,2opt,notBad
15339,30,2140.6999999999994,30,2140.6999999999994,move,improve
15340,30,2140.6999999999994,30,2140.6999999999994,move,improve
15341,30,2140.6999999999994,30,2140.6999999999994,swap,notBad
15342,30,2140.6999999999994,30,2140.6999999999994,2opt,notBad
15343,30,2140.6999999999994,30,2140.6999999999994,swap,notBad
15344,30,2140.6999999999994,30,2140.6999999999994,move,improve
15345,30,2140.6999999999994,30,2140.6999999999994,move,improve
15346,30,2140.6999999999994,30,2140.6999999999994,swap,notBad
15347,30,2140.6999999999994,30,2140.6999999999994,2opt,notBad
15348,30,2140.6999999999994,30,2140.6999999999994,move,improve
15349,30,2140.6999999999994,30,2140.6999999999994,move,improve
15350,30,2140.6999999999994,30,2140.6999999999994,swap,notBad
15351,30,2140.6999999999994,30,2140.6999999999994,move,improve
15352,30,2140.6999999999994,30,2140.6999999999994,swap,notBad
15353,30,2140.6999999999994,30,2140.6999999999994,swap,notBad
15354,30,2140.6999999999994,30,2140.6999999999994,swap,notBad
15355,30,2140.6999999999994,30,2140.6999999999994,swap,notBad
15356,30,2140.6999999999994,30,2140.6999999999994,move,improve
15357,30,2140.6999999999994,30,2140.6999999999994,2opt,notBad
15358,30,2140.6999999999994,30,2140.6999999999994,2opt,notBad
15359,30,2140.6999999999994,30,2140.6999999999994,move,improve
15360,30,2140.6999999999994,30,2140.6999999999994,2opt,notBad
15361,30,2140.6999999999994,30,2140.6999999999994,2opt,notBad
15362,30,2140.6999999999994,30,2140.6999999999994,swap,notBad
15363,30,2140.6999999999994,30,2140.6999999999994,2opt,improve
15364,30,2140.6999999999994,30,2140.6999999999994,move,improve
15365,30,2140.6999999999994,30,2140.6999999999994,2opt,notBad
15366,30,2140.6999999999994,30,2140.6999999999994,move,improve
15367,30,2140.6999999999994,30,2140.6999999999994,swap,notBad
15368,30,2140.6999999999994,30,2140.6999999999994,move,improve
15369,30,2140.6999999999994,30,2140.6999999999994,2opt,notBad
15370,30,2140.6999999999994,30,2140.6999999999994,swap,notBad
15371,30,2140.6999999999994,30,2140.6999999999994,move,improve
15372,30,2140.6999999999994,30,2140.6999999999994,swap,notBad
15373,30,2140.6999999999994,30,2140.6999999999994,move,improve
15374,30,2140.6999999999994,30,2140.6999999999994,move,improve
15375,30,2140.6999999999994,30,2140.6999999999994,2opt,notBad
15376,30,2140.6999999999994,30,2140.6999999999994,move,improve
15377,30,2140.6999999999994,30,2140.6999999999994,move,improve
15378,30,2140.6999999999994,30,2140.6999999999994,swap,notBad
15379,30,2140.6999999999994,30,2140.6999999999994,swap,notBad
15380,30,2140.6999999999994,30,2140.6999999999994,move,improve
15381,30,2140.6999999999994,30,2140.6999999999994,move,improve
15382,30,2140.6999999999994,30,2140.6999999999994,move,improve
15383,30,2140.6999999999994,30,2140.6999999999994,move,improve
15384,30,2140.6999999999994,30,2140.6999999999994,move,improve
15385,30,2140.6999999999994,30,2140.6999999999994,move,improve
15386,30,2140.6999999999994,30,2140.6999999999994,swap,notBad
15387,30,2140.6999999999994,30,2140.6999999999994,2opt,notBad
15388,30,2140.6999999999994,30,2140.6999999999994,2opt,notBad
15389,30,2140.6999999999994,30,2140.6999999999994,2opt,notBad
15390,30,2140.6999999999994,30,2140.6999999999994,2opt,notBad
15391,30,2140.6999999999994,30,2140.6999999999994,move,improve
15392,30,2140.6999999999994,30,2140.6999999999994,swap,notBad
15393,30,2140.6999999999994,30,2140.6999999999994,move,improve
15394,30,2140.6999999999994,30,2140.6999999999994,move,improve
15395,30,2140.6999999999994,30,2140.6999999999994,move,improve
15396,30,2140.6999999999994,30,2140.6999999999994,swap,notBad
15397,30,2140.6999999999994,30,2140.6999999999994,move,improve
15398,30,2140.6999999999994,30,2140.6999999999994,swap,notBad
15399,30,2140.6999999999994,30,2140.6999999999994,swap,notBad
15400,30,2140.6999999999994,30,2140.6999999999994,move,improve
15401,30,2140.6999999999994,30,2140.6999999999994,move,improve
15402,30,2140.6999999999994,30,2140.6999999999994,2opt,notBad
15403,30,2140.6999999999994,30,2140.6999999999994,swap,notBad
15404,30,2140.6999999999994,30,2140.6999999999994,2opt,notBad
15405,30,2140.6999999999994,30,2140.6999999999994,move,improve
15406,30,2140.6999999999994,30,2140.6999999999994,2opt,notBad
15407,30,2140.6999999999994,30,2140.6999999999994,move,improve
15408,30,2140.6999999999994,30,2140.6999999999994,move,improve
15409,30,2140.6999999999994,30,2140.6999999999994,2opt,notBad
15410,30,2140.6999999999994,30,2140.6999999999994,2opt,improve
15411,30,2140.6999999999994,30,2140.6999999999994,move,improve
15412,30,2140.6999999999994,30,2140.6999999999994,swap,notBad
15413,30,2140.6999999999994,30,2140.6999999999994,swap,notBad
15414,30,2140.6999999999994,30,2140.6999999999994,swap,notBad
15415,30,2140.6999999999994,30,2140.6999999999994,move,improve
15416,30,2140.6999999999994,30,2140.6999999999994,2opt,notBad
15417,30,2140.6999999999994,30,2140.6999999999994,2opt,notBad
15418,30,2140.6999999999994,30,2140.6999999999994,move,improve
15419,30,2140.6999999999994,30,2140.6999999999994,swap,notBad
15420,30,2140.6999999999994,30,2140.6999999999994,swap,notBad
15421,30,2140.6999999999994,30,2140.6999999999994,swap,notBad
15422,30,2140.6999999999994,30,2140.6999999999994,2opt,notBad
15423,30,2140.6999999999994,30,2140.6999999999994,swap,notBad
15424,30,2140.6999999999994,30,2140.6999999999994,swap,notBad
15425,30,2140.6999999999994,30,2140.6999999999994,2opt,notBad
15426,30,2140.6999999999994,30,2140.6999999999994,swap,notBad
15427,30,2140.6999999999994,30,2140.6999999999994,2opt,notBad
15428,30,2140.6999999999994,30,2140.6999999999994,move,improve
15429,30,2140.6999999999994,30,2140.6999999999994,move,improve
15430,30,2140.6999999999994,30,2140.6999999999994,swap,notBad
15431,30,2140.6999999999994,30,2140.6999999999994,move,improve
15432,30,2140.6999999999994,30,2140.6999999999994,swap,notBad
15433,30,2140.6999999999994,30,2140.6999999999994,move,improve
15434,30,2140.6999999999994,30,2140.6999999999994,move,improve
15435,30,2140.6999999999994,30,2140.6999999999994,2opt,notBad
15436,30,2140.6999999999994,30,2140.6999999999994,swap,notBad
15437,30,2140.6999999999994,30,2140.6999999999994,swap,notBad
15438,30,2140.6999999999994,30,2140.6999999999994,2opt,notBad
15439,30,2140.6999999999994,30,2140.6999999999994,2opt,notBad
15440,30,2140.6999999999994,30,2140.6999999999994,move,improve
15441,30,2140.6999999999994,30,2140.6999999999994,swap,notBad
15442,30,2140.6999999999994,30,2140.6999999999994,move,improve
15443,30,2140.6999999999994,30,2140.6999999999994,move,improve
15444,30,2140.6999999999994,30,2140.6999999999994,2opt,notBad
15445,30,2140.6999999999994,30,2140.6999999999994,move,improve
15446,30,2140.6999999999994,30,2140.6999999999994,2opt,notBad
15447,30,2140.6999999999994,30,2140.6999999999994,move,improve
15448,30,2140.6999999999994,30,2140.6999999999994,move,improve
15449,30,2140.6999999999994,30,2140.6999999999994,move,improve
15450,30,2140.6999999999994,30,2140.6999999999994,move,improve
15451,30,2140.6999999999994,30,2140.6999999999994,2opt,notBad
15452,30,2140.6999999999994,30,2140.6999999999994,move,improve
15453,30,2140.6999999999994,30,2140.6999999999994,move,improve
15454,30,2140.6999999999994,30,2140.6999999999994,move,improve
15455,30,2140.6999999999994,30,2140.6999999999994,swap,notBad
15456,30,2140.6999999999994,30,2140.6999999999994,move,improve
15457,30,2140.6999999999994,30,2140.6999999999994,move,improve
15458,30,2140.6999999999994,30,2140.6999999999994,2opt,notBad
15459,30,2140.6999999999994,30,2140.6999999999994,move,improve
15460,30,2140.6999999999994,30,2140.6999999999994,2opt,notBad
15461,30,2140.6999999999994,30,2140.6999999999994,2opt,improve
15462,30,2140.6999999999994,30,2140.6999999999994,swap,notBad
15463,30,2140.6999999999994,30,2140.6999999999994,2opt,notBad
15464,30,2140.6999999999994,30,2140.6999999999994,swap,notBad
15465,30,2140.6999999999994,30,2140.6999999999994,2opt,notBad
15466,30,2140.6999999999994,30,2140.6999999999994,2opt,notBad
15467,30,2140.6999999999994,30,2140.6999999999994,swap,notBad
15468,30,2140.6999999999994,30,2140.6999999999994,move,improve
15469,30,2140.6999999999994,30,2140.6999999999994,2opt,notBad
15470,30,2140.6999999999994,30,2140.6999999999994,2opt,notBad
15471,30,2140.6999999999994,30,2140.6999999999994,2opt,notBad
15472,30,2140.6999999999994,30,2140.6999999999994,2opt,notBad
15473,30,2136.7,30,2136.7,2opt,newBest
15474,30,2136.7,30,2136.7,swap,notBad
15475,30,2136.7,30,2136.7,swap,notBad
15476,30,2136.7,30,2136.7,swap,notBad
15477,30,2136.7,30,2136.7,2opt,notBad
15478,30,2136.7,30,2136.7,2opt,notBad
15479,30,2136.7,30,2136.7,2opt,notBad
15480,30,2136.7,30,2136.7,2opt,notBad
15481,30,2136.7,30,2136.7,move,improve
15482,30,2136.7,30,2136.7,move,improve
15483,30,2136.7,30,2136.7,2opt,notBad
15484,30,2136.7,30,2136.7,swap,notBad
15485,30,2136.7,30,2136.7,move,improve
15486,30,2136.7,30,2136.7,swap,notBad
15487,30,2136.7,30,2136.7,move,improve
15488,30,2136.7,30,2136.7,swap,notBad
15489,30,2136.7,30,2136.7,move,improve
15490,30,2136.7,30,2136.7,swap,notBad
15491,30,2136.7,30,2136.7,swap,notBad
15492,30,2136.7,30,2136.7,2opt,notBad
15493,30,2136.7,30,2136.7,move,improve
15494,30,2136.7,30,2136.7,2opt,notBad
15495,30,2136.7,30,2136.7,swap,notBad
15496,30,2136.7,30,2136.7,move,improve
15497,30,2136.7,30,2136.7,move,improve
15498,30,2136.7,30,2136.7,swap,notBad
15499,30,2136.7,30,2136.7,swap,notBad
15500,30,2136.7,30,2136.7,2opt,notBad
15501,30,2136.7,30,2136.7,move,improve
15502,30,2136.7,30,2136.7,swap,notBad
15503,30,2136.7,30,2136.7,move,improve
15504,30,2136.7,30,2136.7,swap,notBad
15505,30,2136.7,30,2136.7,2opt,notBad
15506,30,2136.7,30,2136.7,2opt,notBad
15507,30,2136.7,30,2136.7,swap,notBad
15508,30,2136.7,30,2136.7,2opt,notBad
15509,30,2136.7,30,2136.7,swap,notBad
15510,30,2136.7,30,2136.7,2opt,notBad
15511,30,2136.7,30,2136.7,swap,notBad
15512,30,2136.7,30,2136.7,swap,notBad
15513,30,2136.7,30,2136.7,2opt,improve
15514,30,2136.7,30,2136.7,move,improve
15515,30,2136.7,30,2136.7,2opt,notBad
15516,30,2136.7,30,2136.7,move,improve
15517,30,2136.7,30,2136.7,move,improve
15518,30,2136.7,30,2136.7,2opt,notBad
15519,30,2136.7,30,2136.7,swap,notBad
15520,30,2136.7,30,2136.7,swap,notBad
15521,30,2136.7,30,2136.7,2opt,notBad
15522,30,2136.7,30,2136.7,swap,notBad
15523,30,2136.7,30,2136.7,move,improve
15524,30,2136.7,30,2136.7,2opt,notBad
15525,30,2136.7,30,2136.7,2opt,notBad
15526,30,2136.7,30,2136.7,swap,notBad
15527,30,2136.7,30,2136.7,2opt,notBad
15528,30,2136.7,30,2136.7,swap,notBad
15529,30,2136.7,30,2136.7,move,improve
15530,30,2136.7,30,2136.7,move,improve
15531,30,2136.7,30,2136.7,swap,notBad
15532,30,2136.7,30,2136.7,swap,notBad
15533,30,2136.7,30,2136.7,2opt,notBad
15534,30,2136.7,30,2136.7,swap,notBad
15535,30,2136.7,30,2136.7,swap,notBad
15536,30,2136.7,30,2136.7,move,improve
15537,30,2136.7,30,2136.7,2opt,notBad
15538,30,2136.7,30,2136.7,2opt,notBad
15539,30,2136.7,30,2136.7,swap,notBad
15540,30,2136.7,30,2136.7,swap,notBad
15541,30,2136.7,30,2136.7,swap,notBad
15542,30,2136.7,30,2136.7,move,improve
15543,30,2136.7,30,2136.7,swap,notBad
15544,30,2136.7,30,2136.7,swap,notBad
15545,30,2136.7,30,2136.7,move,improve
15546,30,2136.7,30,2136.7,2opt,notBad
15547,30,2136.7,30,2136.7,2opt,notBad
15548,30,2136.7,30,2136.7,move,improve
15549,30,2136.7,30,2136.7,2opt,notBad
15550,30,2136.7,30,2136.7,move,improve
15551,30,2136.7,30,2136.7,swap,notBad
15552,30,2136.7,30,2136.7,2opt,notBad
15553,30,2136.7,30,2136.7,2opt,notBad
15554,30,2136.7,30,2136.7,2opt,notBad
15555,30,2136.7,30,2136.7,2opt,notBad
15556,30,2136.7,30,2136.7,swap,notBad
15557,30,2136.7,30,2136.7,move,improve
15558,30,2136.7,30,2136.7,swap,notBad
15559,30,2136.7,30,2136.7,swap,notBad
15560,30,2136.7,30,2136.7,move,improve
15561,30,2136.7,30,2136.7,move,improve
15562,30,2136.7,30,2136.7,move,improve
15563,30,2136.7,30,2136.7,move,improve
15564,30,2136.7,30,2136.7,2opt,notBad
15565,30,2136.7,30,2136.7,swap,notBad
15566,30,2136.7,30,2136.7,move,improve
15567,30,2136.7,30,2136.7,2opt,notBad
15568,30,2136.7,30,2136.7,swap,notBad
15569,30,2136.7,30,2136.7,move,improve
15570,30,2136.7,30,2136.7,move,improve
15571,30,2136.7,30,2136.7,swap,notBad
15572,30,2136.7,30,2136.7,2opt,notBad
15573,30,2136.7,30,2136.7,move,improve
15574,30,2136.7,30,2136.7,2opt,notBad
15575,30,2136.7,30,2136.7,2opt,notBad
15576,30,2136.7,30,2136.7,swap,notBad
15577,30,2136.7,30,2136.7,move,improve
15578,30,2136.7,30,2136.7,swap,notBad
15579,30,2136.7,30,2136.7,2opt,notBad
15580,30,2136.7,30,2136.7,move,improve
15581,30,2136.7,30,2136.7,move,improve
15582,30,2136.7,30,2136.7,move,improve
15583,30,2136.7,30,2136.7,swap,notBad
15584,30,2136.7,30,2136.7,move,improve
15585,30,2136.7,30,2136.7,move,improve
15586,30,2136.7,30,2136.7,swap,notBad
15587,30,2136.7,30,2136.7,swap,notBad
15588,30,2136.7,30,2136.7,2opt,notBad
15589,30,2136.7,30,2136.7,move,improve
15590,30,2136.7,30,2136.7,move,improve
15591,30,2136.7,30,2136.7,swap,notBad
15592,30,2136.7,30,2136.7,move,improve
15593,30,2136.7,30,2136.7,2opt,notBad
15594,30,2136.7,30,2136.7,move,improve
15595,30,2136.7,30,2136.7,swap,notBad
15596,30,2136.7,30,2136.7,move,improve
15597,30,2136.7,30,2136.7,swap,notBad
15598,30,2136.7,30,2136.7,2opt,notBad
15599,30,2136.7,30,2136.7,swap,notBad
15600,30,2136.7,30,2136.7,2opt,notBad
15601,30,2136.7,30,2136.7,swap,notBad
15602,30,2136.7,30,2136.7,swap,notBad
15603,30,2136.7,30,2136.7,swap,notBad
15604,30,2136.7,30,2136.7,2opt,notBad
15605,30,2136.7,30,2136.7,swap,notBad
15606,30,2136.7,30,2136.7,move,improve
15607,30,2136.7,30,2136.7,move,improve
15608,30,2136.7,30,2136.7,swap,notBad
15609,30,2136.7,30,2136.7,2opt,notBad
15610,30,2136.7,30,2136.7,2opt,notBad
15611,30,2136.7,30,2136.7,move,improve
15612,30,2136.7,30,2136.7,move,improve
15613,30,2136.7,30,2136.7,swap,notBad
15614,30,2136.7,30,2136.7,move,improve
15615,30,2136.7,30,2136.7,2opt,notBad
15616,30,2136.7,30,2136.7,move,improve
15617,30,2136.7,30,2136.7,move,improve
15618,30,2136.7,30,2136.7,move,improve
15619,30,2136.7,30,2136.7,swap,notBad
15620,30,2136.7,30,2136.7,move,improve
15621,30,2136.7,30,2136.7,swap,notBad
15622,30,2136.7,30,2136.7,2opt,notBad
15623,30,2136.7,30,2136.7,swap,notBad
15624,30,2136.7,30,2136.7,2opt,notBad
15625,30,2136.7,30,2136.7,swap,notBad
15626,30,2136.7,30,2136.7,move,improve
15627,30,2136.7,30,2136.7,2opt,notBad
15628,30,2136.7,30,2136.7,swap,notBad
15629,30,2136.7,30,2136.7,swap,notBad
15630,30,2136.7,30,2136.7,2opt,notBad
15631,30,2136.7,30,2136.7,2opt,improve
15632,30,2136.7,30,2136.7,swap,notBad
15633,30,2136.7,30,2136.7,swap,notBad
15634,30,2136.7,30,2136.7,2opt,notBad
15635,30,2136.7,30,2136.7,move,improve
15636,30,2136.7,30,2136.7,move,improve
15637,30,2136.7,30,2136.7,move,improve
15638,30,2136.7,30,2136.7,move,improve
15639,30,2136.7,30,2136.7,swap,notBad
15640,30,2136.7,30,2136.7,move,improve
15641,30,2136.7,30,2136.7,2opt,improve
15642,30,2136.7,30,2136.7,swap,notBad
15643,30,2136.7,30,2136.7,swap,notBad
15644,30,2136.7,30,2136.7,swap,notBad
15645,30,2136.7,30,2136.7,move,improve
15646,30,2136.7,30,2136.7,2opt,notBad
15647,30,2136.7,30,2136.7,swap,notBad
15648,30,2136.7,30,2136.7,move,improve
15649,30,2136.7,30,2136.7,2opt,notBad
15650,30,2136.7,30,2136.7,2opt,notBad
15651,30,2136.7,30,2136.7,2opt,notBad
15652,30,2136.7,30,2136.7,swap,notBad
15653,30,2136.7,30,2136.7,swap,notBad
15654,30,2136.7,30,2136.7,2opt,improve
15655,30,2136.7,30,2136.7,2opt,notBad
15656,30,2136.7,30,2136.7,2opt,notBad
15657,30,2136.7,30,2136.7,move,improve
15658,30,2136.7,30,2136.7,move,improve
15659,30,2136.7,30,2136.7,move,improve
15660,30,2136.7,30,2136.7,swap,notBad
15661,30,2136.7,30,2136.7,2opt,notBad
15662,30,2136.7,30,2136.7,2opt,notBad
15663,30,2136.7,30,2136.7,move,improve
15664,30,2136.7,30,2136.7,move,improve
15665,30,2136.7,30,2136.7,move,improve
15666,30,2136.7,30,2136.7,swap,notBad
15667,30,2136.7,30,2136.7,move,improve
15668,30,2136.7,30,2136.7,move,improve
15669,30,2136.7,30,2136.7,move,improve
15670,30,2136.7,30,2136.7,2opt,notBad
15671,30,2136.7,30,2136.7,move,improve
15672,30,2136.7,30,2136.7,swap,notBad
15673,30,2136.7,30,2136.7,swap,notBad
15674,30,2136.7,30,2136.7,2opt,notBad
15675,30,2136.7,30,2136.7,move,improve
15676,30,2136.7,30,2136.7,move,improve
15677,30,2136.7,30,2136.7,swap,notBad
15678,30,2136.7,30,2136.7,2opt,notBad
15679,30,2136.7,30,2136.7,2opt,notBad
15680,30,2136.7,30,2136.7,swap,notBad
15681,30,2136.7,30,2136.7,2opt,notBad
15682,30,2136.7,30,2136.7,swap,notBad
15683,30,2136.7,30,2136.7,2opt,notBad
15684,30,2136.7,30,2136.7,move,improve
15685,30,2136.7,30,2136.7,swap,notBad
15686,30,2136.7,30,2136.7,2opt,notBad
15687,30,2136.7,30,2136.7,move,improve
15688,30,2136.7,30,2136.7,move,improve
15689,30,2136.7,30,2136.7,move,improve
15690,30,2136.7,30,2136.7,swap,notBad
15691,30,2136.7,30,2136.7,2opt,notBad
15692,30,2136.7,30,2136.7,swap,notBad
15693,30,2136.7,30,2136.7,move,improve
15694,30,2136.7,30,2136.7,swap,notBad
15695,30,2136.7,30,2136.7,move,improve
15696,30,2136.7,30,2136.7,move,improve
15697,30,2136.7,30,2136.7,move,improve
15698,30,2136.7,30,2136.7,2opt,notBad
15699,30,2136.7,30,2136.7,move,improve
15700,30,2136.7,30,2136.7,swap,notBad
15701,30,2136.7,30,2136.7,swap,notBad
15702,30,2136.7,30,2136.7,swap,notBad
15703,30,2136.7,30,2136.7,2opt,notBad
15704,30,2136.7,30,2136.7,2opt,notBad
15705,30,2136.7,30,2136.7,swap,notBad
15706,30,2136.7,30,2136.7,swap,notBad
15707,30,2136.7,30,2136.7,move,improve
15708,30,2136.7,30,2136.7,2opt,notBad
15709,30,2136.7,30,2136.7,2opt,notBad
15710,30,2136.7,30,2136.7,move,improve
15711,30,2136.7,30,2136.7,swap,notBad
15712,30,2136.7,30,2136.7,move,improve
15713,30,2136.7,30,2136.7,move,improve
15714,30,2136.7,30,2136.7,2opt,notBad
15715,30,2136.7,30,2136.7,move,improve
15716,30,2136.7,30,2136.7,swap,notBad
15717,30,2136.7,30,2136.7,swap,notBad
15718,30,2136.7,30,2136.7,2opt,improve
15719,30,2136.7,30,2136.7,2opt,notBad
15720,30,2136.7,30,2136.7,move,improve
15721,30,2136.7,30,2136.7,2opt,notBad
15722,30,2136.7,30,2136.7,2opt,improve
15723,30,2136.7,30,2136.7,2opt,notBad
15724,30,2136.7,30,2136.7,move,improve
15725,30,2136.7,30,2136.7,swap,notBad
15726,30,2136.7,30,2136.7,2opt,notBad
15727,30,2136.7,30,2136.7,2opt,notBad
15728,30,2136.7,30,2136.7,2opt,notBad
15729,30,2136.7,30,2136.7,move,improve
15730,30,2136.7,30,2136.7,swap,notBad
15731,30,2136.7,30,2136.7,2opt,notBad
15732,30,2136.7,30,2136.7,move,improve
15733,30,2136.7,30,2136.7,2opt,notBad
15734,30,2136.7,30,2136.7,2opt,notBad
15735,30,2136.7,30,2136.7,move,improve
15736,30,2136.7,30,2136.7,2opt,improve
15737,30,2136.7,30,2136.7,move,improve
15738,30,2136.7,30,2136.7,swap,notBad
15739,30,2136.7,30,2136.7,2opt,notBad
15740,30,2136.7,30,2136.7,swap,notBad
15741,30,2136.7,30,2136.7,swap,notBad
15742,30,2136.7,30,2136.7,2opt,notBad
15743,30,2136.7,30,2136.7,move,improve
15744,30,2136.7,30,2136.7,2opt,notBad
15745,30,2136.7,30,2136.7,2opt,notBad
15746,30,2136.7,30,2136.7,2opt,notBad
15747,30,2136.7,30,2136.7,2opt,notBad
15748,30,2136.7,30,2136.7,2opt,notBad
15749,30,2136.7,30,2136.7,swap,notBad
15750,30,2136.7,30,2136.7,swap,notBad
15751,30,2136.7,30,2136.7,move,improve
15752,30,2136.7,30,2136.7,swap,notBad
15753,30,2136.7,30,2136.7,swap,notBad
15754,30,2136.7,30,2136.7,swap,notBad
15755,30,2136.7,30,2136.7,move,improve
15756,30,2136.7,30,2136.7,move,improve
15757,30,2136.7,30,2136.7,2opt,notBad
15758,30,2136.7,30,2136.7,swap,notBad
15759,30,2136.7,30,2136.7,2opt,notBad
15760,30,2136.7,30,2136.7,2opt,notBad
15761,30,2136.7,30,2136.7,move,improve
15762,30,2136.7,30,2136.7,swap,notBad
15763,30,2136.7,30,2136.7,swap,notBad
15764,30,2136.7,30,2136.7,move,improve
15765,30,2136.7,30,2136.7,2opt,notBad
15766,30,2136.7,30,2136.7,2opt,notBad
15767,30,2136.7,30,2136.7,2opt,notBad
15768,30,2136.7,30,2136.7,move,improve
15769,30,2136.7,30,2136.7,2opt,notBad
15770,30,2136.7,30,2136.7,swap,notBad
15771,30,2136.7,30,2136.7,swap,notBad
15772,30,2136.7,30,2136.7,move,improve
15773,30,2136.7,30,2136.7,swap,notBad
15774,30,2136.7,30,2136.7,move,improve
15775,30,2136.7,30,2136.7,swap,notBad
15776,30,2136.7,30,2136.7,2opt,notBad
15777,30,2136.7,30,2136.7,2opt,notBad
15778,30,2136.7,30,2136.7,move,improve
15779,30,2136.7,30,2136.7,move,improve
15780,30,2136.7,30,2136.7,2opt,notBad
15781,30,2136.7,30,2136.7,swap,notBad
15782,30,2136.7,30,2136.7,swap,notBad
15783,30,2136.7,30,2136.7,move,improve
15784,30,2136.7,30,2136.7,2opt,notBad
15785,30,2136.7,30,2136.7,2opt,notBad
15786,30,2136.7,30,2136.7,move,improve
15787,30,2136.7,30,2136.7,swap,notBad
15788,30,2136.7,30,2136.7,swap,notBad
15789,30,2136.7,30,2136.7,swap,notBad
15790,30,2136.7,30,2136.7,move,improve
15791,30,2136.7,30,2136.7,move,improve
15792,30,2136.7,30,2136.7,move,improve
15793,30,2136.7,30,2136.7,2opt,notBad
15794,30,2136.7,30,2136.7,move,improve
15795,30,2136.7,30,2136.7,move,improve
15796,30,2136.7,30,2136.7,2opt,notBad
15797,30,2136.7,30,2136.7,move,improve
15798,30,2136.7,30,2136.7,swap,notBad
15799,30,2136.7,30,2136.7,move,improve
15800,30,2136.7,30,2136.7,2opt,notBad
15801,30,2136.7,30,2136.7,swap,notBad
15802,30,2136.7,30,2136.7,2opt,notBad
15803,30,2136.7,30,2136.7,swap,notBad
15804,30,2136.7,30,2136.7,move,improve
15805,30,2136.7,30,2136.7,move,improve
15806,30,2136.7,30,2136.7,swap,notBad
15807,30,2136.7,30,2136.7,swap,notBad
15808,30,2136.7,30,2136.7,swap,notBad
15809,30,2136.7,30,2136.7,swap,notBad
15810,30,2136.7,30,2136.7,move,improve
15811,30,2136.7,30,2136.7,move,improve
15812,30,2136.7,30,2136.7,swap,notBad
15813,30,2136.7,30,2136.7,swap,notBad
15814,30,2136.7,30,2136.7,swap,notBad
15815,30,2136.7,30,2136.7,swap,notBad
15816,30,2136.7,30,2136.7,swap,notBad
15817,30,2136.7,30,2136.7,move,improve
15818,30,2136.7,30,2136.7,swap,notBad
15819,30,2136.7,30,2136.7,swap,notBad
15820,30,2136.7,30,2136.7,2opt,notBad
15821,30,2136.7,30,2136.7,swap,notBad
15822,30,2136.7,30,2136.7,move,improve
15823,30,2136.7,30,2136.7,2opt,notBad
15824,30,2136.7,30,2136.7,2opt,improve
15825,30,2136.7,30,2136.7,move,improve
15826,30,2136.7,30,2136.7,move,improve
15827,30,2136.7,30,2136.7,swap,notBad
15828,30,2136.7,30,2136.7,move,improve
15829,30,2136.7,30,2136.7,swap,notBad
15830,30,2136.7,30,2136.7,swap,notBad
15831,30,2133.7999999999997,30,2133.7999999999997,swap,newBest
15832,30,2133.7999999999997,30,2133.7999999999997,move,improve
15833,30,2133.7999999999997,30,2133.7999999999997,2opt,notBad
15834,30,2133.7999999999997,30,2133.7999999999997,swap,notBad
15835,30,2133.7999999999997,30,2133.7999999999997,swap,notBad
15836,30,2133.7999999999997,30,2133.7999999999997,2opt,notBad
15837,30,2133.7999999999997,30,2133.7999999999997,2opt,improve
15838,30,2133.7999999999997,30,2133.7999999999997,move,improve
15839,30,2133.7999999999997,30,2133.7999999999997,2opt,notBad
15840,30,2133.7999999999997,30,2133.7999999999997,swap,notBad
15841,30,2133.7999999999997,30,2133.7999999999997,2opt,improve
15842,30,2133.7999999999997,30,2133.7999999999997,swap,notBad
15843,30,2133.7999999999997,30,2133.7999999999997,move,improve
15844,30,2133.7999999999997,30,2133.7999999999997,swap,notBad
15845,30,2133.7999999999997,30,2133.7999999999997,swap,notBad
15846,30,2133.7999999999997,30,2133.7999999999997,swap,notBad
15847,30,2133.7999999999997,30,2133.7999999999997,swap,notBad
15848,30,2133.7999999999997,30,2133.7999999999997,move,improve
15849,30,2133.7999999999997,30,2133.7999999999997,move,improve
15850,30,2133.7999999999997,30,2133.7999999999997,swap,notBad
15851,30,2133.7999999999997,30,2133.7999999999997,swap,notBad
15852,30,2133.7999999999997,30,2133.7999999999997,move,improve
15853,30,2133.7999999999997,30,2133.7999999999997,move,improve
15854,30,2133.7999999999997,30,2133.7999999999997,2opt,notBad
15855,30,2133.7999999999997,30,2133.7999999999997,2opt,notBad
15856,30,2133.7999999999997,30,2133.7999999999997,move,improve
15857,30,2133.7999999999997,30,2133.7999999999997,2opt,notBad
15858,30,2133.7999999999997,30,2133.7999999999997,swap,notBad
15859,30,2133.7999999999997,30,2133.7999999999997,move,improve
15860,30,2133.7999999999997,30,2133.7999999999997,2opt,notBad
15861,30,2133.7999999999997,30,2133.7999999999997,move,improve
15862,30,2133.7999999999997,30,2133.7999999999997,move,improve
15863,30,2133.7999999999997,30,2133.7999999999997,move,improve
15864,30,2133.7999999999997,30,2133.7999999999997,2opt,notBad
15865,30,2133.7999999999997,30,2133.7999999999997,2opt,notBad
15866,30,2133.7999999999997,30,2133.7999999999997,2opt,notBad
15867,30,2133.7999999999997,30,2133.7999999999997,2opt,notBad
15868,30,2133.7999999999997,30,2133.7999999999997,2opt,notBad
15869,30,2133.7999999999997,30,2133.7999999999997,2opt,notBad
15870,30,2133.7999999999997,30,2133.7999999999997,2opt,notBad
15871,30,2133.7999999999997,30,2133.7999999999997,swap,notBad
15872,30,2133.7999999999997,30,2133.7999999999997,swap,notBad
15873,30,2133.7999999999997,30,2133.7999999999997,2opt,notBad
15874,30,2133.7999999999997,30,2133.7999999999997,2opt,notBad
15875,30,2133.7999999999997,30,2133.7999999999997,move,improve
15876,30,2133.7999999999997,30,2133.7999999999997,move,improve
15877,30,2133.7999999999997,30,2133.7999999999997,move,improve
15878,30,2133.7999999999997,30,2133.7999999999997,2opt,notBad
15879,30,2133.7999999999997,30,2133.7999999999997,2opt,notBad
15880,30,2133.7999999999997,30,2133.7999999999997,move,improve
15881,30,2133.7999999999997,30,2133.7999999999997,2opt,notBad
15882,30,2133.7999999999997,30,2133.7999999999997,2opt,notBad
15883,30,2133.7999999999997,30,2133.7999999999997,move,improve
15884,30,2133.7999999999997,30,2133.7999999999997,2opt,notBad
15885,30,2133.7999999999997,30,2133.7999999999997,swap,notBad
15886,30,2133.7999999999997,30,2133.7999999999997,swap,notBad
15887,30,2133.7999999999997,30,2133.7999999999997,2opt,improve
15888,30,2133.7999999999997,30,2133.7999999999997,2opt,notBad
15889,30,2133.7999999999997,30,2133.7999999999997,swap,notBad
15890,30,2133.7999999999997,30,2133.7999999999997,2opt,notBad
15891,30,2133.7999999999997,30,2133.7999999999997,move,improve
15892,30,2133.7999999999997,30,2133.7999999999997,2opt,notBad
15893,30,2133.7999999999997,30,2133.7999999999997,swap,notBad
15894,30,2133.7999999999997,30,2133.7999999999997,2opt,notBad
15895,30,2133.7999999999997,30,2133.7999999999997,2opt,notBad
15896,30,2133.7999999999997,30,2133.7999999999997,2opt,improve
15897,30,2133.7999999999997,30,2133.7999999999997,move,improve
15898,30,2133.7999999999997,30,2133.7999999999997,swap,notBad
15899,30,2133.7999999999997,30,2133.7999999999997,swap,notBad
15900,30,2133.7999999999997,30,2133.7999999999997,2opt,notBad
15901,30,2133.7999999999997,30,2133.7999999999997,move,improve
15902,30,2133.7999999999997,30,2133.7999999999997,2opt,notBad
15903,30,2133.7999999999997,30,2133.7999999999997,swap,notBad
15904,30,2133.7999999999997,30,2133.7999999999997,move,improve
15905,30,2133.7999999999997,30,2133.7999999999997,move,improve
15906,30,2133.7999999999997,30,2133.7999999999997,2opt,notBad
15907,30,2133.7999999999997,30,2133.7999999999997,2opt,notBad
15908,30,2133.7999999999997,30,2133.7999999999997,2opt,notBad
15909,30,2133.7999999999997,30,2133.7999999999997,2opt,notBad
15910,30,2133.7999999999997,30,2133.7999999999997,swap,notBad
15911,30,2133.7999999999997,30,2133.7999999999997,2opt,notBad
15912,30,2133.7999999999997,30,2133.7999999999997,swap,notBad
15913,30,2133.7999999999997,30,2133.7999999999997,2opt,improve
15914,30,2133.7999999999997,30,2133.7999999999997,swap,notBad
15915,30,2133.7999999999997,30,2133.7999999999997,swap,notBad
15916,30,2133.7999999999997,30,2133.7999999999997,2opt,notBad
15917,30,2133.7999999999997,30,2133.7999999999997,move,improve
15918,30,2133.7999999999997,30,2133.7999999999997,2opt,notBad
15919,30,2133.7999999999997,30,2133.7999999999997,swap,notBad
15920,30,2133.7999999999997,30,2133.7999999999997,2opt,improve
15921,30,2133.7999999999997,30,2133.7999999999997,2opt,notBad
15922,30,2133.7999999999997,30,2133.7999999999997,swap,notBad
15923,30,2133.7999999999997,30,2133.7999999999997,2opt,improve
15924,30,2133.7999999999997,30,2133.7999999999997,2opt,improve
15925,30,2133.7999999999997,30,2133.7999999999997,2opt,notBad
15926,30,2133.7999999999997,30,2133.7999999999997,swap,notBad
15927,30,2133.7999999999997,30,2133.7999999999997,swap,notBad
15928,30,2133.7999999999997,30,2133.7999999999997,2opt,notBad
15929,30,2133.7999999999997,30,2133.7999999999997,swap,notBad
15930,30,2133.7999999999997,30,2133.7999999999997,2opt,notBad
15931,30,2133.7999999999997,30,2133.7999999999997,2opt,notBad
15932,30,2133.7999999999997,30,2133.7999999999997,swap,notBad
15933,30,2133.7999999999997,30,2133.7999999999997,move,improve
15934,30,2133.7999999999997,30,2133.7999999999997,2opt,notBad
15935,30,2133.7999999999997,30,2133.7999999999997,move,improve
15936,30,2133.7999999999997,30,2133.7999999999997,swap,notBad
15937,30,2133.7999999999997,30,2133.7999999999997,2opt,notBad
15938,30,2133.7999999999997,30,2133.7999999999997,move,improve
15939,30,2133.7999999999997,30,2133.7999999999997,move,improve
15940,30,2133.7999999999997,30,2133.7999999999997,2opt,notBad
15941,30,2133.7999999999997,30,2133.7999999999997,2opt,notBad
15942,30,2133.7999999999997,30,2133.7999999999997,move,improve
15943,30,2133.7999999999997,30,2133.7999999999997,swap,notBad
15944,30,2133.7999999999997,30,2133.7999999999997,move,improve
15945,30,2133.7999999999997,30,2133.7999999999997,swap,notBad
15946,30,2133.7999999999997,30,2133.7999999999997,2opt,notBad
15947,30,2133.7999999999997,30,2133.7999999999997,move,improve
15948,30,2133.7999999999997,30,2133.7999999999997,2opt,notBad
15949,30,2133.7999999999997,30,2133.7999999999997,move,improve
15950,30,2133.7999999999997,30,2133.7999999999997,swap,notBad
15951,30,2133.7999999999997,30,2133.7999999999997,2opt,notBad
15952,30,2133.7999999999997,30,2133.7999999999997,move,improve
15953,30,2133.7999999999997,30,2133.7999999999997,swap,notBad
15954,30,2133.7999999999997,30,2133.7999999999997,swap,notBad
15955,30,2133.7999999999997,30,2133.7999999999997,2opt,notBad
15956,30,2133.7999999999997,30,2133.7999999999997,2opt,improve
15957,30,2133.7999999999997,30,2133.7999999999997,swap,notBad
15958,30,2133.7999999999997,30,2133.7999999999997,move,improve
15959,30,2133.7999999999997,30,2133.7999999999997,move,improve
15960,30,2133.7999999999997,30,2133.7999999999997,2opt,notBad
15961,30,2133.7999999999997,30,2133.7999999999997,swap,notBad
15962,30,2133.7999999999997,30,2133.7999999999997,swap,notBad
15963,30,2133.7999999999997,30,2133.7999999999997,2opt,notBad
15964,30,2133.7999999999997,30,2133.7999999999997,2opt,notBad
15965,30,2133.7999999999997,30,2133.7999999999997,2opt,notBad
15966,30,2133.7999999999997,30,2133.7999999999997,swap,notBad
15967,30,2133.7999999999997,30,2133.7999999999997,move,improve
15968,30,2133.7999999999997,30,2133.7999999999997,2opt,notBad
15969,30,2133.7999999999997,30,2133.7999999999997,2opt,notBad
15970,30,2133.7999999999997,30,2133.7999999999997,move,improve
15971,30,2133.7999999999997,30,2133.7999999999997,swap,notBad
15972,30,2133.7999999999997,30,2133.7999999999997,2opt,notBad
15973,30,2133.7999999999997,30,2133.7999999999997,swap,notBad
15974,30,2133.7999999999997,30,2133.7999999999997,swap,notBad
15975,30,2133.7999999999997,30,2133.7999999999997,swap,notBad
15976,30,2133.7999999999997,30,2133.7999999999997,swap,notBad
15977,30,2133.7999999999997,30,2133.7999999999997,2opt,notBad
15978,30,2133.7999999999997,30,2133.7999999999997,move,improve
15979,30,2133.7999999999997,30,2133.7999999999997,swap,notBad
15980,30,2133.7999999999997,30,2133.7999999999997,move,improve
15981,30,2133.7999999999997,30,2133.7999999999997,move,improve
15982,30,2133.7999999999997,30,2133.7999999999997,swap,notBad
15983,30,2133.7999999999997,30,2133.7999999999997,swap,notBad
15984,30,2133.7999999999997,30,2133.7999999999997,move,improve
15985,30,2133.7999999999997,30,2133.7999999999997,2opt,improve
15986,30,2133.7999999999997,30,2133.7999999999997,swap,notBad
15987,30,2133.7999999999997,30,2133.7999999999997,2opt,notBad
15988,30,2133.7999999999997,30,2133.7999999999997,move,improve
15989,30,2133.7999999999997,30,2133.7999999999997,2opt,notBad
15990,30,2133.7999999999997,30,2133.7999999999997,move,improve
15991,30,2133.7999999999997,30,2133.7999999999997,move,improve
15992,30,2133.7999999999997,30,2133.7999999999997,swap,notBad
15993,30,2133.7999999999997,30,2133.7999999999997,2opt,notBad
15994,30,2133.7999999999997,30,2133.7999999999997,2opt,notBad
15995,30,2133.7999999999997,30,2133.7999999999997,move,improve
15996,30,2133.7999999999997,30,2133.7999999999997,move,improve
15997,30,2133.7999999999997,30,2133.7999999999997,move,improve
15998,30,2133.7999999999997,30,2133.7999999999997,swap,notBad
15999,30,2133.7999999999997,30,2133.7999999999997,2opt,notBad
16000,30,2133.7999999999997,30,2133.7999999999997,swap,notBad
16001,30,2133.7999999999997,30,2133.7999999999997,move,improve
16002,30,2133.7999999999997,30,2133.7999999999997,move,improve
16003,30,2133.7999999999997,30,2133.7999999999997,2opt,notBad
16004,30,2133.7999999999997,30,2133.7999999999997,move,improve
16005,30,2133.7999999999997,30,2133.7999999999997,move,improve
16006,30,2133.7999999999997,30,2133.7999999999997,swap,notBad
16007,30,2133.7999999999997,30,2133.7999999999997,move,improve
16008,30,2133.7999999999997,30,2133.7999999999997,2opt,notBad
16009,30,2133.7999999999997,30,2133.7999999999997,move,improve
16010,30,2133.7999999999997,30,2133.7999999999997,2opt,notBad
16011,30,2133.7999999999997,30,2133.7999999999997,move,improve
16012,30,2133.7999999999997,30,2133.7999999999997,2opt,notBad
16013,30,2133.7999999999997,30,2133.7999999999997,2opt,notBad
16014,30,2133.7999999999997,30,2133.7999999999997,move,improve
16015,30,2133.7999999999997,30,2133.7999999999997,2opt,notBad
16016,30,2133.7999999999997,30,2133.7999999999997,2opt,notBad
16017,30,2133.7999999999997,30,2133.7999999999997,move,improve
16018,30,2133.7999999999997,30,2133.7999999999997,move,improve
16019,30,2133.7999999999997,30,2133.7999999999997,move,improve
16020,30,2133.7999999999997,30,2133.7999999999997,move,improve
16021,30,2133.7999999999997,30,2133.7999999999997,2opt,notBad
16022,30,2133.7999999999997,30,2133.7999999999997,move,improve
16023,30,2133.7999999999997,30,2133.7999999999997,swap,notBad
16024,30,2133.7999999999997,30,2133.7999999999997,2opt,notBad
16025,30,2133.7999999999997,30,2133.7999999999997,2opt,improve
16026,30,2133.7999999999997,30,2133.7999999999997,swap,notBad
16027,30,2133.7999999999997,30,2133.7999999999997,2opt,notBad
16028,30,2133.7999999999997,30,2133.7999999999997,swap,notBad
16029,30,2133.7999999999997,30,2133.7999999999997,move,improve
16030,30,2133.7999999999997,30,2133.7999999999997,move,improve
16031,30,2133.7999999999997,30,2133.7999999999997,2opt,notBad
16032,30,2133.7999999999997,30,2133.7999999999997,2opt,notBad
16033,30,2133.7999999999997,30,2133.7999999999997,2opt,notBad
16034,30,2133.7999999999997,30,2133.7999999999997,move,improve
16035,30,2133.7999999999997,30,2133.7999999999997,2opt,notBad
16036,30,2133.7999999999997,30,2133.7999999999997,2opt,notBad
16037,30,2133.7999999999997,30,2133.7999999999997,move,improve
16038,30,2133.7999999999997,30,2133.7999999999997,swap,notBad
16039,30,2133.7999999999997,30,2133.7999999999997,move,improve
16040,30,2133.7999999999997,30,2133.7999999999997,2opt,notBad
16041,30,2133.7999999999997,30,2133.7999999999997,2opt,notBad
16042,30,2133.7999999999997,30,2133.7999999999997,move,improve
16043,30,2133.7999999999997,30,2133.7999999999997,swap,notBad
16044,30,2133.7999999999997,30,2133.7999999999997,swap,notBad
16045,30,2133.7999999999997,30,2133.7999999999997,swap,notBad
16046,30,2133.7999999999997,30,2133.7999999999997,swap,notBad
16047,30,2133.7999999999997,30,2133.7999999999997,2opt,notBad
16048,30,2133.7999999999997,30,2133.7999999999997,swap,notBad
16049,30,2133.7999999999997,30,2133.7999999999997,move,improve
16050,30,2133.7999999999997,30,2133.7999999999997,move,improve
16051,30,2133.7999999999997,30,2133.7999999999997,2opt,notBad
16052,30,2133.7999999999997,30,2133.7999999999997,move,improve
16053,30,2133.7999999999997,30,2133.7999999999997,2opt,notBad
16054,30,2133.7999999999997,30,2133.7999999999997,swap,notBad
16055,30,2133.7999999999997,30,2133.7999999999997,swap,notBad
16056,30,2133.7999999999997,30,2133.7999999999997,move,improve
16057,30,2133.7999999999997,30,2133.7999999999997,move,improve
16058,30,2133.7999999999997,30,2133.7999999999997,move,improve
16059,30,2133.7999999999997,30,2133.7999999999997,2opt,notBad
16060,30,2133.7999999999997,30,2133.7999999999997,swap,notBad
16061,30,2133.7999999999997,30,2133.7999999999997,swap,notBad
16062,30,2133.7999999999997,30,2133.7999999999997,move,improve
16063,30,2133.7999999999997,30,2133.7999999999997,move,improve
16064,30,2133.7999999999997,30,2133.7999999999997,swap,notBad
16065,30,2133.7999999999997,30,2133.7999999999997,move,improve
16066,30,2133.7999999999997,30,2133.7999999999997,swap,notBad
16067,30,2133.7999999999997,30,2133.7999999999997,2opt,notBad
16068,30,2133.7999999999997,30,2133.7999999999997,2opt,notBad
16069,30,2133.7999999999997,30,2133.7999999999997,2opt,notBad
16070,30,2133.7999999999997,30,2133.7999999999997,swap,notBad
16071,30,2133.7999999999997,30,2133.7999999999997,move,improve
16072,30,2133.7999999999997,30,2133.7999999999997,2opt,improve
16073,30,2133.7999999999997,30,2133.7999999999997,swap,notBad
16074,30,2133.7999999999997,30,2133.7999999999997,swap,notBad
16075,30,2133.7999999999997,30,2133.7999999999997,move,improve
16076,30,2133.7999999999997,30,2133.7999999999997,2opt,notBad
16077,30,2133.7999999999997,30,2133.7999999999997,swap,notBad
16078,30,2133.7999999999997,30,2133.7999999999997,swap,notBad
16079,30,2133.7999999999997,30,2133.7999999999997,2opt,notBad
16080,30,2133.7999999999997,30,2133.7999999999997,swap,notBad
16081,30,2133.7999999999997,30,2133.7999999999997,2opt,notBad
16082,30,2133.7999999999997,30,2133.7999999999997,swap,notBad
16083,30,2133.7999999999997,30,2133.7999999999997,2opt,notBad
16084,30,2133.7999999999997,30,2133.7999999999997,move,improve
16085,30,2133.7999999999997,30,2133.7999999999997,move,improve
16086,30,2133.7999999999997,30,2133.7999999999997,swap,notBad
16087,30,2133.7999999999997,30,2133.7999999999997,2opt,notBad
16088,30,2133.7999999999997,30,2133.7999999999997,move,improve
16089,30,2133.7999999999997,30,2133.7999999999997,swap,notBad
16090,30,2133.7999999999997,30,2133.7999999999997,2opt,notBad
16091,30,2133.7999999999997,30,2133.7999999999997,move,improve
16092,30,2133.7999999999997,30,2133.7999999999997,move,improve
16093,30,2133.7999999999997,30,2133.7999999999997,move,improve
16094,30,2133.7999999999997,30,2133.7999999999997,2opt,notBad
16095,30,2133.7999999999997,30,2133.7999999999997,2opt,notBad
16096,30,2133.7999999999997,30,2133.7999999999997,move,improve
16097,30,2133.7999999999997,30,2133.7999999999997,move,improve
16098,30,2133.7999999999997,30,2133.7999999999997,swap,notBad
16099,30,2133.7999999999997,30,2133.7999999999997,2opt,notBad
16100,30,2133.7999999999997,30,2133.7999999999997,2opt,notBad
16101,30,2133.7999999999997,30,2133.7999999999997,swap,notBad
16102,30,2133.7999999999997,30,2133.7999999999997,move,improve
16103,30,2133.7999999999997,30,2133.7999999999997,2opt,notBad
16104,30,2133.7999999999997,30,2133.7999999999997,2opt,notBad
16105,30,2133.7999999999997,30,2133.7999999999997,2opt,notBad
16106,30,2133.7999999999997,30,2133.7999999999997,swap,notBad
16107,30,2133.7999999999997,30,2133.7999999999997,swap,notBad
16108,30,2133.7999999999997,30,2133.7999999999997,swap,notBad
16109,30,2133.7999999999997,30,2133.7999999999997,move,improve
16110,30,2133.7999999999997,30,2133.7999999999997,swap,notBad
16111,30,2133.7999999999997,30,2133.7999999999997,2opt,notBad
16112,30,2133.7999999999997,30,2133.7999999999997,2opt,notBad
16113,30,2133.7999999999997,30,2133.7999999999997,move,improve
16114,30,2133.7999999999997,30,2133.7999999999997,swap,notBad
16115,30,2133.7999999999997,30,2133.7999999999997,move,improve
16116,30,2133.7999999999997,30,2133.7999999999997,swap,notBad
16117,30,2133.7999999999997,30,2133.7999999999997,swap,notBad
16118,30,2133.7999999999997,30,2133.7999999999997,2opt,notBad
16119,30,2133.7999999999997,30,2133.7999999999997,2opt,notBad
16120,30,2133.7999999999997,30,2133.7999999999997,swap,notBad
16121,30,2133.7999999999997,30,2133.7999999999997,swap,notBad
16122,30,2133.7999999999997,30,2133.7999999999997,2opt,notBad
16123,30,2133.7999999999997,30,2133.7999999999997,move,improve
16124,30,2133.7999999999997,30,2133.7999999999997,2opt,notBad
16125,30,2133.7999999999997,30,2133.7999999999997,swap,notBad
16126,30,2133.7999999999997,30,2133.7999999999997,move,improve
16127,30,2133.7999999999997,30,2133.7999999999997,swap,notBad
16128,30,2133.7999999999997,30,2133.7999999999997,2opt,notBad
16129,30,2133.7999999999997,30,2133.7999999999997,swap,notBad
16130,30,2133.7999999999997,30,2133.7999999999997,2opt,improve
16131,30,2133.7999999999997,30,2133.7999999999997,2opt,notBad
16132,30,2133.7999999999997,30,2133.7999999999997,move,improve
16133,30,2133.7999999999997,30,2133.7999999999997,swap,notBad
16134,30,2133.7999999999997,30,2133.7999999999997,swap,notBad
16135,30,2133.7999999999997,30,2133.7999999999997,2opt,notBad
16136,30,2133.7999999999997,30,2133.7999999999997,2opt,notBad
16137,30,2133.7999999999997,30,2133.7999999999997,move,improve
16138,30,2133.7999999999997,30,2133.7999999999997,2opt,notBad
16139,30,2133.7999999999997,30,2133.7999999999997,swap,notBad
16140,30,2133.7999999999997,30,2133.7999999999997,2opt,notBad
16141,30,2133.7999999999997,30,2133.7999999999997,move,improve
16142,30,2133.7999999999997,30,2133.7999999999997,swap,notBad
16143,30,2133.7999999999997,30,2133.7999999999997,swap,notBad
16144,30,2133.7999999999997,30,2133.7999999999997,2opt,notBad
16145,30,2133.7999999999997,30,2133.7999999999997,move,improve
16146,30,2133.7999999999997,30,2133.7999999999997,swap,notBad
16147,30,2133.7999999999997,30,2133.7999999999997,move,improve
16148,30,2133.7999999999997,30,2133.7999999999997,swap,notBad
16149,30,2133.7999999999997,30,2133.7999999999997,swap,notBad
16150,30,2133.7999999999997,30,2133.7999999999997,move,improve
16151,30,2133.7999999999997,30,2133.7999999999997,move,improve
16152,30,2133.7999999999997,30,2133.7999999999997,move,improve
16153,30,2133.7999999999997,30,2133.7999999999997,2opt,notBad
16154,30,2133.7999999999997,30,2133.7999999999997,swap,notBad
16155,30,2133.7999999999997,30,2133.7999999999997,move,improve
16156,30,2133.7999999999997,30,2133.7999999999997,swap,notBad
16157,30,2133.7999999999997,30,2133.7999999999997,2opt,notBad
16158,30,2133.7999999999997,30,2133.7999999999997,swap,notBad
16159,30,2133.7999999999997,30,2133.7999999999997,swap,notBad
16160,30,2133.7999999999997,30,2133.7999999999997,2opt,notBad
16161,30,2133.7999999999997,30,2133.7999999999997,swap,notBad
16162,30,2133.7999999999997,30,2133.7999999999997,swap,notBad
16163,30,2133.7999999999997,30,2133.7999999999997,move,improve
16164,30,2133.7999999999997,30,2133.7999999999997,2opt,improve
16165,30,2133.7999999999997,30,2133.7999999999997,move,improve
16166,30,2133.7999999999997,30,2133.7999999999997,move,improve
16167,30,2133.7999999999997,30,2133.7999999999997,move,improve
16168,30,2133.7999999999997,30,2133.7999999999997,swap,notBad
16169,30,2133.7999999999997,30,2133.7999999999997,move,improve
16170,30,2133.7999999999997,30,2133.7999999999997,swap,notBad
16171,30,2133.7999999999997,30,2133.7999999999997,2opt,notBad
16172,30,2133.7999999999997,30,2133.7999999999997,move,improve
16173,30,2133.7999999999997,30,2133.7999999999997,move,improve
16174,30,2133.7999999999997,30,2133.7999999999997,swap,notBad
16175,30,2133.7999999999997,30,2133.7999999999997,swap,notBad
16176,30,2133.7999999999997,30,2133.7999999999997,swap,notBad
16177,30,2133.7999999999997,30,2133.7999999999997,2opt,notBad
16178,30,2133.7999999999997,30,2133.7999999999997,swap,notBad
16179,30,2133.7999999999997,30,2133.7999999999997,2opt,notBad
16180,30,2133.7999999999997,30,2133.7999999999997,swap,notBad
16181,30,2133.7999999999997,30,2133.7999999999997,swap,notBad
16182,30,2133.7999999999997,30,2133.7999999999997,swap,notBad
16183,30,2133.7999999999997,30,2133.7999999999997,2opt,improve
16184,30,2133.7999999999997,30,2133.7999999999997,2opt,notBad
16185,30,2133.7999999999997,30,2133.7999999999997,2opt,notBad
16186,30,2133.7999999999997,30,2133.7999999999997,swap,notBad
16187,30,2133.7999999999997,30,2133.7999999999997,2opt,notBad
16188,30,2133.7999999999997,30,2133.7999999999997,move,improve
16189,30,2133.7999999999997,30,2133.7999999999997,2opt,notBad
16190,30,2133.7999999999997,30,2133.7999999999997,2opt,notBad
16191,30,2133.7999999999997,30,2133.7999999999997,swap,notBad
16192,30,2133.7999999999997,30,2133.7999999999997,swap,notBad
16193,30,2133.7999999999997,30,2133.7999999999997,2opt,notBad
16194,30,2133.7999999999997,30,2133.7999999999997,swap,notBad
16195,30,2133.7999999999997,30,2133.7999999999997,move,improve
16196,30,2133.7999999999997,30,2133.7999999999997,2opt,notBad
16197,30,2133.7999999999997,30,2133.7999999999997,move,improve
16198,30,2133.7999999999997,30,2133.7999999999997,swap,notBad
16199,30,2133.7999999999997,30,2133.7999999999997,swap,notBad
16200,30,2133.7999999999997,30,2133.7999999999997,2opt,notBad
16201,30,2133.7999999999997,30,2133.7999999999997,swap,notBad
16202,30,2133.7999999999997,30,2133.7999999999997,2opt,notBad
16203,30,2133.7999999999997,30,2133.7999999999997,swap,notBad
16204,30,2133.7999999999997,30,2133.7999999999997,move,improve
16205,30,2133.7999999999997,30,2133.7999999999997,move,improve
16206,30,2133.7999999999997,30,2133.7999999999997,swap,notBad
16207,30,2133.7999999999997,30,2133.7999999999997,move,improve
16208,30,2133.7999999999997,30,2133.7999999999997,move,improve
16209,30,2133.7999999999997,30,2133.7999999999997,swap,notBad
16210,30,2133.7999999999997,30,2133.7999999999997,swap,notBad
16211,30,2133.7999999999997,30,2133.7999999999997,2opt,notBad
16212,30,2133.7999999999997,30,2133.7999999999997,move,improve
16213,30,2133.7999999999997,30,2133.7999999999997,2opt,notBad
16214,30,2133.7999999999997,30,2133.7999999999997,move,improve
16215,30,2133.7999999999997,30,2133.7999999999997,2opt,notBad
16216,30,2133.7999999999997,30,2133.7999999999997,move,improve
16217,30,2133.7999999999997,30,2133.7999999999997,move,improve
16218,30,2133.7999999999997,30,2133.7999999999997,move,improve
16219,30,2133.7999999999997,30,2133.7999999999997,move,improve
16220,30,2133.7999999999997,30,2133.7999999999997,2opt,notBad
16221,30,2133.7999999999997,30,2133.7999999999997,2opt,notBad
16222,30,2133.7999999999997,30,2133.7999999999997,2opt,notBad
16223,30,2133.7999999999997,30,2133.7999999999997,move,improve
16224,30,2133.7999999999997,30,2133.7999999999997,swap,notBad
16225,30,2133.7999999999997,30,2133.7999999999997,move,improve
16226,30,2133.7999999999997,30,2133.7999999999997,swap,notBad
16227,30,2133.7999999999997,30,2133.7999999999997,move,improve
16228,30,2133.7999999999997,30,2133.7999999999997,swap,notBad
16229,30,2133.7999999999997,30,2133.7999999999997,move,improve
16230,30,2133.7999999999997,30,2133.7999999999997,2opt,notBad
16231,30,2133.7999999999997,30,2133.7999999999997,2opt,notBad
16232,30,2133.7999999999997,30,2133.7999999999997,2opt,notBad
16233,30,2133.7999999999997,30,2133.7999999999997,2opt,notBad
16234,30,2133.7999999999997,30,2133.7999999999997,swap,notBad
16235,30,2133.7999999999997,30,2133.7999999999997,move,improve
16236,30,2133.7999999999997,30,2133.7999999999997,2opt,notBad
16237,30,2133.7999999999997,30,2133.7999999999997,swap,notBad
16238,30,2133.7999999999997,30,2133.7999999999997,2opt,notBad
16239,30,2133.7999999999997,30,2133.7999999999997,2opt,improve
16240,30,2133.7999999999997,30,2133.7999999999997,move,improve
16241,30,2133.7999999999997,30,2133.7999999999997,2opt,notBad
16242,30,2133.7999999999997,30,2133.7999999999997,swap,notBad
16243,30,2133.7999999999997,30,2133.7999999999997,swap,notBad
16244,30,2133.7999999999997,30,2133.7999999999997,2opt,notBad
16245,30,2133.7999999999997,30,2133.7999999999997,swap,notBad
16246,30,2133.7999999999997,30,2133.7999999999997,swap,notBad
16247,30,2133.7999999999997,30,2133.7999999999997,2opt,notBad
16248,30,2133.7999999999997,30,2133.7999999999997,2opt,notBad
16249,30,2133.7999999999997,30,2133.7999999999997,2opt,notBad
16250,30,2133.7999999999997,30,2133.7999999999997,move,improve
16251,30,2133.7999999999997,30,2133.7999999999997,2opt,notBad
16252,30,2133.7999999999997,30,2133.7999999999997,swap,notBad
16253,30,2133.7999999999997,30,2133.7999999999997,move,improve
16254,30,2133.7999999999997,30,2133.7999999999997,move,improve
16255,30,2133.7999999999997,30,2133.7999999999997,move,improve
16256,30,2133.7999999999997,30,2133.7999999999997,swap,notBad
16257,30,2133.7999999999997,30,2133.7999999999997,2opt,notBad
16258,30,2133.7999999999997,30,2133.7999999999997,move,improve
16259,30,2133.7999999999997,30,2133.7999999999997,swap,notBad
16260,30,2133.7999999999997,30,2133.7999999999997,move,improve
16261,30,2133.7999999999997,30,2133.7999999999997,swap,notBad
16262,30,2133.7999999999997,30,2133.7999999999997,swap,notBad
16263,30,2133.7999999999997,30,2133.7999999999997,2opt,notBad
16264,30,2133.7999999999997,30,2133.7999999999997,swap,notBad
16265,30,2133.7999999999997,30,2133.7999999999997,move,improve
16266,30,2133.7999999999997,30,2133.7999999999997,2opt,notBad
16267,30,2133.7999999999997,30,2133.7999999999997,swap,notBad
16268,30,2133.7999999999997,30,2133.7999999999997,move,improve
16269,30,2133.7999999999997,30,2133.7999999999997,move,improve
16270,30,2133.7999999999997,30,2133.7999999999997,move,improve
16271,30,2133.7999999999997,30,2133.7999999999997,swap,notBad
16272,30,2133.7999999999997,30,2133.7999999999997,move,improve
16273,30,2133.7999999999997,30,2133.7999999999997,move,improve
16274,30,2133.7999999999997,30,2133.7999999999997,2opt,notBad
16275,30,2133.7999999999997,30,2133.7999999999997,move,improve
16276,30,2133.7999999999997,30,2133.7999999999997,2opt,notBad
16277,30,2133.7999999999997,30,2133.7999999999997,swap,notBad
16278,30,2133.7999999999997,30,2133.7999999999997,move,improve
16279,30,2133.7999999999997,30,2133.7999999999997,move,improve
16280,30,2133.7999999999997,30,2133.7999999999997,swap,notBad
16281,30,2133.7999999999997,30,2133.7999999999997,swap,notBad
16282,30,2133.7999999999997,30,2133.7999999999997,2opt,notBad
16283,30,2133.7999999999997,30,2133.7999999999997,move,improve
16284,30,2133.7999999999997,30,2133.7999999999997,2opt,notBad
16285,30,2133.7999999999997,30,2133.7999999999997,swap,notBad
16286,30,2133.7999999999997,30,2133.7999999999997,swap,notBad
16287,30,2133.7999999999997,30,2133.7999999999997,move,improve
16288,30,2133.7999999999997,30,2133.7999999999997,swap,notBad
16289,30,2133.7999999999997,30,2133.7999999999997,swap,notBad
16290,30,2133.7999999999997,30,2133.7999999999997,move,improve
16291,30,2133.7999999999997,30,2133.7999999999997,2opt,notBad
16292,30,2133.7999999999997,30,2133.7999999999997,2opt,notBad
16293,30,2133.7999999999997,30,2133.7999999999997,swap,notBad
16294,30,2133.7999999999997,30,2133.7999999999997,move,improve
16295,30,2133.7999999999997,30,2133.7999999999997,2opt,notBad
16296,30,2133.7999999999997,30,2133.7999999999997,move,improve
16297,30,2133.7999999999997,30,2133.7999999999997,move,improve
16298,30,2133.7999999999997,30,2133.7999999999997,2opt,notBad
16299,30,2133.7999999999997,30,2133.7999999999997,2opt,improve
16300,30,2133.7999999999997,30,2133.7999999999997,swap,notBad
16301,30,2133.7999999999997,30,2133.7999999999997,swap,notBad
16302,30,2133.7999999999997,30,2133.7999999999997,swap,notBad
16303,30,2133.7999999999997,30,2133.7999999999997,swap,notBad
16304,30,2133.7999999999997,30,2133.7999999999997,2opt,notBad
16305,30,2133.7999999999997,30,2133.7999999999997,swap,notBad
16306,30,2133.7999999999997,30,2133.7999999999997,move,improve
16307,30,2133.7999999999997,30,2133.7999999999997,2opt,notBad
16308,30,2133.7999999999997,30,2133.7999999999997,2opt,notBad
16309,30,2133.7999999999997,30,2133.7999999999997,2opt,notBad
16310,30,2133.7999999999997,30,2133.7999999999997,swap,notBad
16311,30,2133.7999999999997,30,2133.7999999999997,move,improve
16312,30,2133.7999999999997,30,2133.7999999999997,swap,notBad
16313,30,2133.7999999999997,30,2133.7999999999997,move,improve
16314,30,2133.7999999999997,30,2133.7999999999997,2opt,notBad
16315,30,2133.7999999999997,30,2133.7999999999997,2opt,notBad
16316,30,2133.7999999999997,30,2133.7999999999997,move,improve
16317,30,2133.7999999999997,30,2133.7999999999997,2opt,notBad
16318,30,2133.7999999999997,30,2133.7999999999997,2opt,notBad
16319,30,2133.7999999999997,30,2133.7999999999997,move,improve
16320,30,2133.7999999999997,30,2133.7999999999997,move,improve
16321,30,2133.7999999999997,30,2133.7999999999997,2opt,notBad
16322,30,2133.7999999999997,30,2133.7999999999997,move,improve
16323,30,2133.7999999999997,30,2133.7999999999997,2opt,notBad
16324,30,2133.7999999999997,30,2133.7999999999997,move,improve
16325,30,2133.7999999999997,30,2133.7999999999997,swap,notBad
16326,30,2133.7999999999997,30,2133.7999999999997,2opt,notBad
16327,30,2133.7999999999997,30,2133.7999999999997,swap,notBad
16328,30,2133.7999999999997,30,2133.7999999999997,swap,notBad
16329,30,2133.7999999999997,30,2133.7999999999997,2opt,notBad
16330,30,2133.7999999999997,30,2133.7999999999997,swap,notBad
16331,30,2133.7999999999997,30,2133.7999999999997,swap,notBad
16332,30,2133.7999999999997,30,2133.7999999999997,swap,notBad
16333,30,2133.7999999999997,30,2133.7999999999997,swap,notBad
16334,30,2133.7999999999997,30,2133.7999999999997,swap,notBad
16335,30,2133.7999999999997,30,2133.7999999999997,2opt,notBad
16336,30,2133.7999999999997,30,2133.7999999999997,swap,notBad
16337,30,2133.7999999999997,30,2133.7999999999997,move,improve
16338,30,2133.7999999999997,30,2133.7999999999997,move,improve
16339,30,2133.7999999999997,30,2133.7999999999997,move,improve
16340,30,2133.7999999999997,30,2133.7999999999997,move,improve
16341,30,2133.7999999999997,30,2133.7999999999997,move,improve
16342,30,2133.7999999999997,30,2133.7999999999997,2opt,improve
16343,30,2133.7999999999997,30,2133.7999999999997,move,improve
16344,30,2133.7999999999997,30,2133.7999999999997,swap,notBad
16345,30,2133.7999999999997,30,2133.7999999999997,swap,notBad
16346,30,2133.7999999999997,30,2133.7999999999997,2opt,improve
16347,30,2133.7999999999997,30,2133.7999999999997,2opt,notBad
16348,30,2133.7999999999997,30,2133.7999999999997,swap,notBad
16349,30,2133.7999999999997,30,2133.7999999999997,swap,notBad
16350,30,2133.7999999999997,30,2133.7999999999997,move,improve
16351,30,2133.7999999999997,30,2133.7999999999997,move,improve
16352,30,2133.7999999999997,30,2133.7999999999997,move,improve
16353,30,2133.7999999999997,30,2133.7999999999997,2opt,notBad
16354,30,2133.7999999999997,30,2133.7999999999997,move,improve
16355,30,2133.7999999999997,30,2133.7999999999997,swap,notBad
16356,30,2133.7999999999997,30,2133.7999999999997,move,improve
16357,30,2133.7999999999997,30,2133.7999999999997,swap,notBad
16358,30,2133.7999999999997,30,2133.7999999999997,2opt,notBad
16359,30,2133.7999999999997,30,2133.7999999999997,2opt,notBad
16360,30,2133.7999999999997,30,2133.7999999999997,swap,notBad
16361,30,2133.7999999999997,30,2133.7999999999997,swap,notBad
16362,30,2133.7999999999997,30,2133.7999999999997,swap,notBad
16363,30,2133.7999999999997,30,2133.7999999999997,2opt,notBad
16364,30,2133.7999999999997,30,2133.7999999999997,swap,notBad
16365,30,2133.7999999999997,30,2133.7999999999997,swap,notBad
16366,30,2133.7999999999997,30,2133.7999999999997,move,improve
16367,30,2133.7999999999997,30,2133.7999999999997,swap,notBad
16368,30,2133.7999999999997,30,2133.7999999999997,2opt,notBad
16369,30,2133.7999999999997,30,2133.7999999999997,move,improve
16370,30,2133.7999999999997,30,2133.7999999999997,swap,notBad
16371,30,2133.7999999999997,30,2133.7999999999997,move,improve
16372,30,2133.7999999999997,30,2133.7999999999997,2opt,notBad
16373,30,2133.7999999999997,30,2133.7999999999997,2opt,notBad
16374,30,2133.7999999999997,30,2133.7999999999997,2opt,notBad
16375,30,2133.7999999999997,30,2133.7999999999997,2opt,improve
16376,30,2133.7999999999997,30,2133.7999999999997,swap,notBad
16377,30,2133.7999999999997,30,2133.7999999999997,2opt,notBad
16378,30,2133.7999999999997,30,2133.7999999999997,swap,notBad
16379,30,2133.7999999999997,30,2133.7999999999997,swap,notBad
16380,30,2133.7999999999997,30,2133.7999999999997,2opt,notBad
16381,30,2133.7999999999997,30,2133.7999999999997,move,improve
16382,30,2133.7999999999997,30,2133.7999999999997,swap,notBad
16383,30,2133.7999999999997,30,2133.7999999999997,swap,notBad
16384,30,2133.7999999999997,30,2133.7999999999997,swap,notBad
16385,30,2133.7999999999997,30,2133.7999999999997,move,improve
16386,30,2133.7999999999997,30,2133.7999999999997,2opt,notBad
16387,30,2133.7999999999997,30,2133.7999999999997,swap,notBad
16388,30,2133.7999999999997,30,2133.7999999999997,swap,notBad
16389,30,2133.7999999999997,30,2133.7999999999997,2opt,notBad
16390,30,2133.7999999999997,30,2133.7999999999997,swap,notBad
16391,30,2133.7999999999997,30,2133.7999999999997,swap,notBad
16392,30,2133.7999999999997,30,2133.7999999999997,move,improve
16393,30,2133.7999999999997,30,2133.7999999999997,swap,notBad
16394,30,2133.7999999999997,30,2133.7999999999997,swap,notBad
16395,30,2133.7999999999997,30,2133.7999999999997,move,improve
16396,30,2133.7999999999997,30,2133.7999999999997,move,improve
16397,30,2133.7999999999997,30,2133.7999999999997,2opt,notBad
16398,30,2133.7999999999997,30,2133.7999999999997,move,improve
16399,30,2133.7999999999997,30,2133.7999999999997,2opt,notBad
16400,30,2133.7999999999997,30,2133.7999999999997,swap,notBad
16401,30,2133.7999999999997,30,2133.7999999999997,move,improve
16402,30,2133.7999999999997,30,2133.7999999999997,swap,notBad
16403,30,2133.7999999999997,30,2133.7999999999997,swap,notBad
16404,30,2133.7999999999997,30,2133.7999999999997,move,improve
16405,30,2133.7999999999997,30,2133.7999999999997,swap,notBad
16406,30,2133.7999999999997,30,2133.7999999999997,move,improve
16407,30,2133.7999999999997,30,2133.7999999999997,move,improve
16408,30,2133.7999999999997,30,2133.7999999999997,move,improve
16409,30,2133.7999999999997,30,2133.7999999999997,move,improve
16410,30,2133.7999999999997,30,2133.7999999999997,2opt,notBad
16411,30,2133.7999999999997,30,2133.7999999999997,2opt,notBad
16412,30,2133.7999999999997,30,2133.7999999999997,2opt,notBad
16413,30,2133.7999999999997,30,2133.7999999999997,move,improve
16414,30,2133.7999999999997,30,2133.7999999999997,swap,notBad
16415,30,2133.7999999999997,30,2133.7999999999997,2opt,notBad
16416,30,2133.7999999999997,30,2133.7999999999997,2opt,notBad
16417,30,2133.7999999999997,30,2133.7999999999997,move,improve
16418,30,2133.7999999999997,30,2133.7999999999997,move,improve
16419,30,2133.7999999999997,30,2133.7999999999997,swap,notBad
16420,30,2133.7999999999997,30,2133.7999999999997,2opt,notBad
16421,30,2133.7999999999997,30,2133.7999999999997,move,improve
16422,30,2133.7999999999997,30,2133.7999999999997,2opt,notBad
16423,30,2133.7999999999997,30,2133.7999999999997,2opt,notBad
16424,30,2133.7999999999997,30,2133.7999999999997,move,improve
16425,30,2133.7999999999997,30,2133.7999999999997,2opt,notBad
16426,30,2133.7999999999997,30,2133.7999999999997,move,improve
16427,30,2133.7999999999997,30,2133.7999999999997,move,improve
16428,30,2133.7999999999997,30,2133.7999999999997,2opt,notBad
16429,30,2133.7999999999997,30,2133.7999999999997,swap,notBad
16430,30,2133.7999999999997,30,2133.7999999999997,move,improve
16431,30,2133.7999999999997,30,2133.7999999999997,move,improve
16432,30,2133.7999999999997,30,2133.7999999999997,2opt,notBad
16433,30,2133.7999999999997,30,2133.7999999999997,swap,notBad
16434,30,2133.7999999999997,30,2133.7999999999997,2opt,notBad
16435,30,2133.7999999999997,30,2133.7999999999997,move,improve
16436,30,2133.7999999999997,30,2133.7999999999997,2opt,notBad
16437,30,2133.7999999999997,30,2133.7999999999997,swap,notBad
16438,30,2133.7999999999997,30,2133.7999999999997,swap,notBad
16439,30,2133.7999999999997,30,2133.7999999999997,swap,notBad
16440,30,2133.7999999999997,30,2133.7999999999997,swap,notBad
16441,30,2133.7999999999997,30,2133.7999999999997,swap,notBad
16442,30,2133.7999999999997,30,2133.7999999999997,swap,notBad
16443,30,2133.7999999999997,30,2133.7999999999997,2opt,notBad
16444,30,2133.7999999999997,30,2133.7999999999997,2opt,notBad
16445,30,2133.7999999999997,30,2133.7999999999997,2opt,notBad
16446,30,2133.7999999999997,30,2133.7999999999997,swap,notBad
16447,30,2133.7999999999997,30,2133.7999999999997,swap,notBad
16448,30,2133.7999999999997,30,2133.7999999999997,move,improve
16449,30,2133.7999999999997,30,2133.7999999999997,move,improve
16450,30,2133.7999999999997,30,2133.7999999999997,2opt,notBad
16451,30,2133.7999999999997,30,2133.7999999999997,2opt,notBad
16452,30,2133.7999999999997,30,2133.7999999999997,move,improve
16453,30,2133.7999999999997,30,2133.7999999999997,2opt,notBad
16454,30,2133.7999999999997,30,2133.7999999999997,swap,notBad
16455,30,2133.7999999999997,30,2133.7999999999997,swap,notBad
16456,30,2133.7999999999997,30,2133.7999999999997,move,improve
16457,30,2133.7999999999997,30,2133.7999999999997,move,improve
16458,30,2133.7999999999997,30,2133.7999999999997,move,improve
16459,30,2133.7999999999997,30,2133.7999999999997,move,improve
16460,30,2133.7999999999997,30,2133.7999999999997,2opt,notBad
16461,30,2133.7999999999997,30,2133.7999999999997,swap,notBad
16462,30,2133.7999999999997,30,2133.7999999999997,2opt,notBad
16463,30,2133.7999999999997,30,2133.7999999999997,2opt,notBad
16464,30,2133.7999999999997,30,2133.7999999999997,swap,notBad
16465,30,2133.7999999999997,30,2133.7999999999997,swap,notBad
16466,30,2133.7999999999997,30,2133.7999999999997,move,improve
16467,30,2133.7999999999997,30,2133.7999999999997,move,improve
16468,30,2133.7999999999997,30,2133.7999999999997,swap,notBad
16469,30,2133.7999999999997,30,2133.7999999999997,move,improve
16470,30,2133.7999999999997,30,2133.7999999999997,2opt,notBad
16471,30,2133.7999999999997,30,2133.7999999999997,swap,notBad
16472,30,2133.7999999999997,30,2133.7999999999997,swap,notBad
16473,30,2133.7999999999997,30,2133.7999999999997,swap,notBad
16474,30,2133.7999999999997,30,2133.7999999999997,move,notBad
16475,30,2133.7999999999997,30,2133.7999999999997,move,improve
16476,30,2133.7999999999997,30,2133.7999999999997,2opt,notBad
16477,30,2133.7999999999997,30,2133.7999999999997,swap,notBad
16478,30,2133.7999999999997,30,2133.7999999999997,move,improve
16479,30,2133.7999999999997,30,2133.7999999999997,2opt,notBad
16480,30,2133.7999999999997,30,2133.7999999999997,swap,notBad
16481,30,2133.7999999999997,30,2133.7999999999997,2opt,notBad
16482,30,2133.7999999999997,30,2133.7999999999997,2opt,improve
16483,30,2133.7999999999997,30,2133.7999999999997,move,improve
16484,30,2133.7999999999997,30,2133.7999999999997,2opt,notBad
16485,30,2133.7999999999997,30,2133.7999999999997,move,improve
16486,30,2133.7999999999997,30,2133.7999999999997,swap,notBad
16487,30,2133.7999999999997,30,2133.7999999999997,move,improve
16488,30,2133.7999999999997,30,2133.7999999999997,2opt,notBad
16489,30,2133.7999999999997,30,2133.7999999999997,swap,notBad
16490,30,2133.7999999999997,30,2133.7999999999997,2opt,notBad
16491,30,2133.7999999999997,30,2133.7999999999997,swap,notBad
16492,30,2133.7999999999997,30,2133.7999999999997,move,improve
16493,30,2133.7999999999997,30,2133.7999999999997,move,improve
16494,30,2133.7999999999997,30,2133.7999999999997,2opt,notBad
16495,30,2133.7999999999997,30,2133.7999999999997,2opt,notBad
16496,30,2133.7999999999997,30,2133.7999999999997,swap,notBad
16497,30,2133.7999999999997,30,2133.7999999999997,swap,notBad
16498,30,2133.7999999999997,30,2133.7999999999997,move,improve
16499,30,2133.7999999999997,30,2133.7999999999997,2opt,notBad
16500,30,2133.7999999999997,30,2133.7999999999997,move,improve
16501,30,2133.7999999999997,30,2133.7999999999997,2opt,improve
16502,30,2133.7999999999997,30,2133.7999999999997,swap,notBad
16503,30,2133.7999999999997,30,2133.7999999999997,move,improve
16504,30,2133.7999999999997,30,2133.7999999999997,move,improve
16505,30,2133.7999999999997,30,2133.7999999999997,swap,notBad
16506,30,2133.7999999999997,30,2133.7999999999997,2opt,notBad
16507,30,2133.7999999999997,30,2133.7999999999997,swap,notBad
16508,30,2133.7999999999997,30,2133.7999999999997,2opt,notBad
16509,30,2133.7999999999997,30,2133.7999999999997,move,improve
16510,30,2133.7999999999997,30,2133.7999999999997,2opt,notBad
16511,30,2133.7999999999997,30,2133.7999999999997,move,improve
16512,30,2133.7999999999997,30,2133.7999999999997,2opt,notBad
16513,30,2133.7999999999997,30,2133.7999999999997,move,improve
16514,30,2133.7999999999997,30,2133.7999999999997,2opt,notBad
16515,30,2133.7999999999997,30,2133.7999999999997,2opt,notBad
16516,30,2133.7999999999997,30,2133.7999999999997,2opt,notBad
16517,30,2133.7999999999997,30,2133.7999999999997,move,improve
16518,30,2133.7999999999997,30,2133.7999999999997,2opt,notBad
16519,30,2133.7999999999997,30,2133.7999999999997,move,improve
16520,30,2133.7999999999997,30,2133.7999999999997,2opt,notBad
16521,30,2133.7999999999997,30,2133.7999999999997,move,improve
16522,30,2133.7999999999997,30,2133.7999999999997,2opt,notBad
16523,30,2133.7999999999997,30,2133.7999999999997,2opt,notBad
16524,30,2133.7999999999997,30,2133.7999999999997,swap,notBad
16525,30,2133.7999999999997,30,2133.7999999999997,2opt,notBad
16526,30,2133.7999999999997,30,2133.7999999999997,2opt,notBad
16527,30,2133.7999999999997,30,2133.7999999999997,2opt,notBad
16528,30,2133.7999999999997,30,2133.7999999999997,2opt,notBad
16529,30,2133.7999999999997,30,2133.7999999999997,swap,notBad
16530,30,2133.7999999999997,30,2133.7999999999997,swap,notBad
16531,30,2133.7999999999997,30,2133.7999999999997,move,improve
16532,30,2133.7999999999997,30,2133.7999999999997,swap,notBad
16533,30,2133.7999999999997,30,2133.7999999999997,2opt,notBad
16534,30,2133.7999999999997,30,2133.7999999999997,swap,notBad
16535,30,2133.7999999999997,30,2133.7999999999997,2opt,notBad
16536,30,2133.7999999999997,30,2133.7999999999997,move,improve
16537,30,2133.7999999999997,30,2133.7999999999997,2opt,notBad
16538,30,2133.7999999999997,30,2133.7999999999997,move,notBad
16539,30,2133.7999999999997,30,2133.7999999999997,swap,notBad
16540,30,2133.7999999999997,30,2133.7999999999997,move,improve
16541,30,2133.7999999999997,30,2133.7999999999997,swap,notBad
16542,30,2133.7999999999997,30,2133.7999999999997,move,improve
16543,30,2133.7999999999997,30,2133.7999999999997,swap,notBad
16544,30,2133.7999999999997,30,2133.7999999999997,2opt,notBad
16545,30,2133.7999999999997,30,2133.7999999999997,swap,notBad
16546,30,2133.7999999999997,30,2133.7999999999997,move,improve
16547,30,2133.7999999999997,30,2133.7999999999997,2opt,notBad
16548,30,2133.7999999999997,30,2133.7999999999997,move,improve
16549,30,2133.7999999999997,30,2133.7999999999997,move,improve
16550,30,2133.7999999999997,30,2133.7999999999997,move,improve
16551,30,2133.7999999999997,30,2133.7999999999997,swap,notBad
16552,30,2133.7999999999997,30,2133.7999999999997,swap,notBad
16553,30,2133.7999999999997,30,2133.7999999999997,swap,notBad
16554,30,2133.7999999999997,30,2133.7999999999997,swap,notBad
16555,30,2133.7999999999997,30,2133.7999999999997,2opt,notBad
16556,30,2133.7999999999997,30,2133.7999999999997,move,improve
16557,30,2133.7999999999997,30,2133.7999999999997,move,improve
16558,30,2133.7999999999997,30,2133.7999999999997,2opt,notBad
16559,30,2133.7999999999997,30,2133.7999999999997,move,improve
16560,30,2133.7999999999997,30,2133.7999999999997,2opt,notBad
16561,30,2133.7999999999997,30,2133.7999999999997,swap,notBad
16562,30,2133.7999999999997,30,2133.7999999999997,move,improve
16563,30,2133.7999999999997,30,2133.7999999999997,swap,notBad
16564,30,2133.7999999999997,30,2133.7999999999997,move,improve
16565,30,2133.7999999999997,30,2133.7999999999997,swap,notBad
16566,30,2133.7999999999997,30,2133.7999999999997,2opt,notBad
16567,30,2133.7999999999997,30,2133.7999999999997,move,improve
16568,30,2133.7999999999997,30,2133.7999999999997,2opt,notBad
16569,30,2133.7999999999997,30,2133.7999999999997,swap,notBad
16570,30,2133.7999999999997,30,2133.7999999999997,move,improve
16571,30,2133.7999999999997,30,2133.7999999999997,swap,notBad
16572,30,2133.7999999999997,30,2133.7999999999997,swap,notBad
16573,30,2133.7999999999997,30,2133.7999999999997,swap,notBad
16574,30,2133.7999999999997,30,2133.7999999999997,move,improve
16575,30,2133.7999999999997,30,2133.7999999999997,2opt,notBad
16576,30,2133.7999999999997,30,2133.7999999999997,2opt,notBad
16577,30,2133.7999999999997,30,2133.7999999999997,swap,notBad
16578,30,2133.7999999999997,30,2133.7999999999997,move,improve
16579,30,2133.7999999999997,30,2133.7999999999997,2opt,notBad
16580,30,2133.7999999999997,30,2133.7999999999997,swap,notBad
16581,30,2133.7999999999997,30,2133.7999999999997,2opt,notBad
16582,30,2133.7999999999997,30,2133.7999999999997,swap,notBad
16583,30,2133.7999999999997,30,2133.7999999999997,2opt,notBad
16584,30,2133.7999999999997,30,2133.7999999999997,move,improve
16585,30,2133.7999999999997,30,2133.7999999999997,2opt,notBad
16586,30,2133.7999999999997,30,2133.7999999999997,move,improve
16587,30,2133.7999999999997,30,2133.7999999999997,2opt,notBad
16588,30,2133.7999999999997,30,2133.7999999999997,2opt,notBad
16589,30,2133.7999999999997,30,2133.7999999999997,swap,notBad
16590,30,2133.7999999999997,30,2133.7999999999997,2opt,notBad
16591,30,2133.7999999999997,30,2133.7999999999997,move,improve
16592,30,2133.7999999999997,30,2133.7999999999997,swap,notBad
16593,30,2133.7999999999997,30,2133.7999999999997,move,improve
16594,30,2133.7999999999997,30,2133.7999999999997,move,improve
16595,30,2133.7999999999997,30,2133.7999999999997,move,improve
16596,30,2133.7999999999997,30,2133.7999999999997,swap,notBad
16597,30,2133.7999999999997,30,2133.7999999999997,move,improve
16598,30,2133.7999999999997,30,2133.7999999999997,swap,notBad
16599,30,2133.7999999999997,30,2133.7999999999997,2opt,notBad
16600,30,2133.7999999999997,30,2133.7999999999997,move,improve
16601,30,2133.7999999999997,30,2133.7999999999997,move,improve
16602,30,2133.7999999999997,30,2133.7999999999997,swap,notBad
16603,30,2133.7999999999997,30,2133.7999999999997,move,improve
16604,30,2133.7999999999997,30,2133.7999999999997,2opt,notBad
16605,30,2133.7999999999997,30,2133.7999999999997,2opt,notBad
16606,30,2133.7999999999997,30,2133.7999999999997,move,improve
16607,30,2133.7999999999997,30,2133.7999999999997,move,improve
16608,30,2133.7999999999997,30,2133.7999999999997,move,improve
16609,30,2133.7999999999997,30,2133.7999999999997,move,improve
16610,30,2133.7999999999997,30,2133.7999999999997,2opt,notBad
16611,30,2133.7999999999997,30,2133.7999999999997,move,improve
16612,30,2133.7999999999997,30,2133.7999999999997,swap,notBad
16613,30,2133.7999999999997,30,2133.7999999999997,2opt,notBad
16614,30,2133.7999999999997,30,2133.7999999999997,move,improve
16615,30,2133.7999999999997,30,2133.7999999999997,2opt,notBad
16616,30,2133.7999999999997,30,2133.7999999999997,swap,notBad
16617,30,2133.7999999999997,30,2133.7999999999997,2opt,notBad
16618,30,2133.7999999999997,30,2133.7999999999997,2opt,notBad
16619,30,2133.7999999999997,30,2133.7999999999997,swap,notBad
16620,30,2133.7999999999997,30,2133.7999999999997,swap,notBad
16621,30,2133.7999999999997,30,2133.7999999999997,swap,notBad
16622,30,2133.7999999999997,30,2133.7999999999997,2opt,notBad
16623,30,2133.7999999999997,30,2133.7999999999997,swap,notBad
16624,30,2133.7999999999997,30,2133.7999999999997,move,improve
16625,30,2133.7999999999997,30,2133.7999999999997,swap,notBad
16626,30,2133.7999999999997,30,2133.7999999999997,swap,notBad
16627,30,2133.7999999999997,30,2133.7999999999997,move,improve
16628,30,2133.7999999999997,30,2133.7999999999997,swap,notBad
16629,30,2133.7999999999997,30,2133.7999999999997,2opt,notBad
16630,30,2133.7999999999997,30,2133.7999999999997,2opt,notBad
16631,30,2133.7999999999997,30,2133.7999999999997,2opt,notBad
16632,30,2133.7999999999997,30,2133.7999999999997,2opt,notBad
16633,30,2133.7999999999997,30,2133.7999999999997,2opt,notBad
16634,30,2133.7999999999997,30,2133.7999999999997,2opt,notBad
16635,30,2133.7999999999997,30,2133.7999999999997,move,improve
16636,30,2133.7999999999997,30,2133.7999999999997,2opt,notBad
16637,30,2133.7999999999997,30,2133.7999999999997,move,improve
16638,30,2133.7999999999997,30,2133.7999999999997,move,improve
16639,30,2133.7999999999997,30,2133.7999999999997,move,improve
16640,30,2133.7999999999997,30,2133.7999999999997,2opt,notBad
16641,30,2133.7999999999997,30,2133.7999999999997,move,improve
16642,30,2133.7999999999997,30,2133.7999999999997,swap,notBad
16643,30,2133.7999999999997,30,2133.7999999999997,2opt,notBad
16644,30,2133.7999999999997,30,2133.7999999999997,move,improve
16645,30,2133.7999999999997,30,2133.7999999999997,move,improve
16646,30,2133.7999999999997,30,2133.7999999999997,move,improve
16647,30,2133.7999999999997,30,2133.7999999999997,2opt,notBad
16648,30,2133.7999999999997,30,2133.7999999999997,swap,notBad
16649,30,2133.7999999999997,30,2133.7999999999997,2opt,notBad
16650,30,2133.7999999999997,30,2133.7999999999997,2opt,notBad
16651,30,2133.7999999999997,30,2133.7999999999997,2opt,notBad
16652,30,2133.7999999999997,30,2133.7999999999997,swap,notBad
16653,30,2133.7999999999997,30,2133.7999999999997,swap,notBad
16654,30,2133.7999999999997,30,2133.7999999999997,move,improve
16655,30,2133.7999999999997,30,2133.7999999999997,2opt,notBad
16656,30,2133.7999999999997,30,2133.7999999999997,2opt,notBad
16657,30,2133.7999999999997,30,2133.7999999999997,2opt,improve
16658,30,2133.7999999999997,30,2133.7999999999997,move,improve
16659,30,2133.7999999999997,30,2133.7999999999997,2opt,notBad
16660,30,2133.7999999999997,30,2133.7999999999997,swap,notBad
16661,30,2133.7999999999997,30,2133.7999999999997,2opt,notBad
16662,30,2133.7999999999997,30,2133.7999999999997,move,improve
16663,30,2133.7999999999997,30,2133.7999999999997,2opt,notBad
16664,30,2133.7999999999997,30,2133.7999999999997,swap,notBad
16665,30,2133.7999999999997,30,2133.7999999999997,move,improve
16666,30,2133.7999999999997,30,2133.7999999999997,move,improve
16667,30,2133.7999999999997,30,2133.7999999999997,move,improve
16668,30,2133.7999999999997,30,2133.7999999999997,move,improve
16669,30,2133.7999999999997,30,2133.7999999999997,2opt,notBad
16670,30,2133.7999999999997,30,2133.7999999999997,move,improve
16671,30,2133.7999999999997,30,2133.7999999999997,2opt,notBad
16672,30,2133.7999999999997,30,2133.7999999999997,2opt,notBad
16673,30,2133.7999999999997,30,2133.7999999999997,swap,notBad
16674,30,2133.7999999999997,30,2133.7999999999997,2opt,notBad
16675,30,2133.7999999999997,30,2133.7999999999997,swap,notBad
16676,30,2133.7999999999997,30,2133.7999999999997,swap,notBad
16677,30,2133.7999999999997,30,2133.7999999999997,swap,notBad
16678,30,2133.7999999999997,30,2133.7999999999997,move,improve
16679,30,2133.7999999999997,30,2133.7999999999997,2opt,notBad
16680,30,2133.7999999999997,30,2133.7999999999997,2opt,notBad
16681,30,2133.7999999999997,30,2133.7999999999997,move,improve
16682,30,2133.7999999999997,30,2133.7999999999997,move,improve
16683,30,2133.7999999999997,30,2133.7999999999997,2opt,notBad
16684,30,2133.7999999999997,30,2133.7999999999997,swap,notBad
16685,30,2133.7999999999997,30,2133.7999999999997,2opt,notBad
16686,30,2133.7999999999997,30,2133.7999999999997,2opt,notBad
16687,30,2133.7999999999997,30,2133.7999999999997,2opt,notBad
16688,30,2133.7999999999997,30,2133.7999999999997,2opt,notBad
16689,30,2133.7999999999997,30,2133.7999999999997,2opt,notBad
16690,30,2133.7999999999997,30,2133.7999999999997,swap,notBad
16691,30,2133.7999999999997,30,2133.7999999999997,move,improve
16692,30,2133.7999999999997,30,2133.7999999999997,2opt,notBad
16693,30,2133.7999999999997,30,2133.7999999999997,swap,notBad
16694,30,2133.7999999999997,30,2133.7999999999997,swap,notBad
16695,30,2133.7999999999997,30,2133.7999999999997,move,improve
16696,30,2133.7999999999997,30,2133.7999999999997,2opt,notBad
16697,30,2133.7999999999997,30,2133.7999999999997,move,improve
16698,30,2133.7999999999997,30,2133.7999999999997,swap,notBad
16699,30,2133.7999999999997,30,2133.7999999999997,move,improve
16700,30,2133.7999999999997,30,2133.7999999999997,2opt,notBad
16701,30,2133.7999999999997,30,2133.7999999999997,swap,notBad
16702,30,2133.7999999999997,30,2133.7999999999997,2opt,notBad
16703,30,2133.7999999999997,30,2133.7999999999997,move,improve
16704,30,2133.7999999999997,30,2133.7999999999997,2opt,notBad
16705,30,2133.7999999999997,30,2133.7999999999997,move,improve
16706,30,2133.7999999999997,30,2133.7999999999997,2opt,notBad
16707,30,2133.7999999999997,30,2133.7999999999997,move,improve
16708,30,2133.7999999999997,30,2133.7999999999997,2opt,notBad
16709,30,2133.7999999999997,30,2133.7999999999997,move,improve
16710,30,2133.7999999999997,30,2133.7999999999997,swap,notBad
16711,30,2133.7999999999997,30,2133.7999999999997,2opt,notBad
16712,30,2133.7999999999997,30,2133.7999999999997,move,improve
16713,30,2133.7999999999997,30,2133.7999999999997,move,improve
16714,30,2133.7999999999997,30,2133.7999999999997,move,improve
16715,30,2133.7999999999997,30,2133.7999999999997,2opt,notBad
16716,30,2133.7999999999997,30,2133.7999999999997,swap,notBad
16717,30,2133.7999999999997,30,2133.7999999999997,move,improve
16718,30,2133.7999999999997,30,2133.7999999999997,move,improve
16719,30,2133.7999999999997,30,2133.7999999999997,swap,notBad
16720,30,2133.7999999999997,30,2133.7999999999997,swap,notBad
16721,30,2133.7999999999997,30,2133.7999999999997,swap,notBad
16722,30,2133.7999999999997,30,2133.7999999999997,move,improve
16723,30,2133.7999999999997,30,2133.7999999999997,swap,notBad
16724,30,2133.7999999999997,30,2133.7999999999997,2opt,notBad
16725,30,2133.7999999999997,30,2133.7999999999997,2opt,improve
16726,30,2133.7999999999997,30,2133.7999999999997,swap,notBad
16727,30,2133.7999999999997,30,2133.7999999999997,move,improve
16728,30,2133.7999999999997,30,2133.7999999999997,2opt,notBad
16729,30,2133.7999999999997,30,2133.7999999999997,swap,notBad
16730,30,2133.7999999999997,30,2133.7999999999997,move,improve
16731,30,2133.7999999999997,30,2133.7999999999997,2opt,notBad
16732,30,2133.7999999999997,30,2133.7999999999997,swap,notBad
16733,30,2133.7999999999997,30,2133.7999999999997,swap,notBad
16734,30,2133.7999999999997,30,2133.7999999999997,swap,notBad
16735,30,2133.7999999999997,30,2133.7999999999997,swap,notBad
16736,30,2133.7999999999997,30,2133.7999999999997,swap,notBad
16737,30,2133.7999999999997,30,2133.7999999999997,swap,notBad
16738,30,2133.7999999999997,30,2133.7999999999997,2opt,notBad
16739,30,2133.7999999999997,30,2133.7999999999997,2opt,notBad
16740,30,2133.7999999999997,30,2133.7999999999997,swap,notBad
16741,30,2133.7999999999997,30,2133.7999999999997,2opt,notBad
16742,30,2133.7999999999997,30,2133.7999999999997,move,improve
16743,30,2133.7999999999997,30,2133.7999999999997,swap,notBad
16744,30,2133.7999999999997,30,2133.7999999999997,2opt,notBad
16745,30,2133.7999999999997,30,2133.7999999999997,2opt,notBad
16746,30,2133.7999999999997,30,2133.7999999999997,swap,notBad
16747,30,2133.7999999999997,30,2133.7999999999997,move,improve
16748,30,2133.7999999999997,30,2133.7999999999997,move,improve
16749,30,2133.7999999999997,30,2133.7999999999997,swap,notBad
16750,30,2133.7999999999997,30,2133.7999999999997,2opt,notBad
16751,30,2133.7999999999997,30,2133.7999999999997,swap,notBad
16752,30,2133.7999999999997,30,2133.7999999999997,2opt,improve
16753,30,2133.7999999999997,30,2133.7999999999997,move,improve
16754,30,2133.7999999999997,30,2133.7999999999997,move,improve
16755,30,2133.7999999999997,30,2133.7999999999997,2opt,notBad
16756,30,2133.7999999999997,30,2133.7999999999997,move,improve
16757,30,2133.7999999999997,30,2133.7999999999997,move,improve
16758,30,2133.7999999999997,30,2133.7999999999997,2opt,notBad
16759,30,2133.7999999999997,30,2133.7999999999997,swap,notBad
16760,30,2133.7999999999997,30,2133.7999999999997,move,improve
16761,30,2133.7999999999997,30,2133.7999999999997,swap,notBad
16762,30,2133.7999999999997,30,2133.7999999999997,2opt,notBad
16763,30,2133.7999999999997,30,2133.7999999999997,2opt,notBad
16764,30,2133.7999999999997,30,2133.7999999999997,2opt,notBad
16765,30,2133.7999999999997,30,2133.7999999999997,move,improve
16766,30,2133.7999999999997,30,2133.7999999999997,move,improve
16767,30,2133.7999999999997,30,2133.7999999999997,move,improve
16768,30,2133.7999999999997,30,2133.7999999999997,2opt,notBad
16769,30,2133.7999999999997,30,2133.7999999999997,swap,notBad
16770,30,2133.7999999999997,30,2133.7999999999997,2opt,notBad
16771,30,2133.7999999999997,30,2133.7999999999997,move,improve
16772,30,2133.7999999999997,30,2133.7999999999997,2opt,notBad
16773,30,2133.7999999999997,30,2133.7999999999997,2opt,notBad
16774,30,2133.7999999999997,30,2133.7999999999997,2opt,notBad
16775,30,2133.7999999999997,30,2133.7999999999997,move,improve
16776,30,2133.7999999999997,30,2133.7999999999997,swap,notBad
16777,30,2133.7999999999997,30,2133.7999999999997,move,improve
16778,30,2133.7999999999997,30,2133.7999999999997,move,improve
16779,30,2133.7999999999997,30,2133.7999999999997,2opt,notBad
16780,30,2133.7999999999997,30,2133.7999999999997,move,improve
16781,30,2133.7999999999997,30,2133.7999999999997,swap,notBad
16782,30,2133.7999999999997,30,2133.7999999999997,2opt,notBad
16783,30,2133.7999999999997,30,2133.7999999999997,swap,notBad
16784,30,2133.7999999999997,30,2133.7999999999997,2opt,notBad
16785,30,2133.7999999999997,30,2133.7999999999997,move,improve
16786,30,2133.7999999999997,30,2133.7999999999997,move,improve
16787,30,2133.7999999999997,30,2133.7999999999997,2opt,notBad
16788,30,2133.7999999999997,30,2133.7999999999997,move,improve
16789,30,2133.7999999999997,30,2133.7999999999997,move,improve
16790,30,2133.7999999999997,30,2133.7999999999997,move,improve
16791,30,2133.7999999999997,30,2133.7999999999997,move,improve
16792,30,2133.7999999999997,30,2133.7999999999997,swap,notBad
16793,30,2133.7999999999997,30,2133.7999999999997,2opt,notBad
16794,30,2133.7999999999997,30,2133.7999999999997,swap,notBad
16795,30,2133.7999999999997,30,2133.7999999999997,move,improve
16796,30,2133.7999999999997,30,2133.7999999999997,swap,notBad
16797,30,2133.7999999999997,30,2133.7999999999997,2opt,notBad
16798,30,2133.7999999999997,30,2133.7999999999997,move,improve
16799,30,2133.7999999999997,30,2133.7999999999997,move,improve
16800,30,2133.7999999999997,30,2133.7999999999997,swap,notBad
16801,30,2133.7999999999997,30,2133.7999999999997,move,improve
16802,30,2133.7999999999997,30,2133.7999999999997,swap,notBad
16803,30,2133.7999999999997,30,2133.7999999999997,swap,notBad
16804,30,2133.7999999999997,30,2133.7999999999997,2opt,notBad
16805,30,2133.7999999999997,30,2133.7999999999997,move,improve
16806,30,2133.7999999999997,30,2133.7999999999997,swap,notBad
16807,30,2133.7999999999997,30,2133.7999999999997,swap,notBad
16808,30,2133.7999999999997,30,2133.7999999999997,swap,notBad
16809,30,2133.7999999999997,30,2133.7999999999997,swap,notBad
16810,30,2133.7999999999997,30,2133.7999999999997,2opt,notBad
16811,30,2133.7999999999997,30,2133.7999999999997,swap,notBad
16812,30,2133.7999999999997,30,2133.7999999999997,move,improve
16813,30,2133.7999999999997,30,2133.7999999999997,move,improve
16814,30,2133.7999999999997,30,2133.7999999999997,swap,notBad
16815,30,2133.7999999999997,30,2133.7999999999997,swap,notBad
16816,30,2133.7999999999997,30,2133.7999999999997,2opt,notBad
16817,30,2133.7999999999997,30,2133.7999999999997,swap,notBad
16818,30,2133.7999999999997,30,2133.7999999999997,2opt,notBad
16819,30,2133.7999999999997,30,2133.7999999999997,swap,notBad
16820,30,2133.7999999999997,30,2133.7999999999997,move,improve
16821,30,2133.7999999999997,30,2133.7999999999997,2opt,improve
16822,30,2133.7999999999997,30,2133.7999999999997,move,improve
16823,30,2133.7999999999997,30,2133.7999999999997,move,improve
16824,30,2133.7999999999997,30,2133.7999999999997,2opt,notBad
16825,30,2133.7999999999997,30,2133.7999999999997,swap,notBad
16826,30,2133.7999999999997,30,2133.7999999999997,2opt,notBad
16827,30,2133.7999999999997,30,2133.7999999999997,move,improve
16828,30,2133.7999999999997,30,2133.7999999999997,move,improve
16829,30,2133.7999999999997,30,2133.7999999999997,move,improve
16830,30,2133.7999999999997,30,2133.7999999999997,move,improve
