i,vehi,obj,vehiBest,objBest,loFunc,note
1,4,1395.2,3,675.78,2opt,acceptBad
2,4,1177.7600000000002,3,675.78,move,improve
3,5,939.5600000000001,3,675.78,2opt,improve
4,5,1332.0200000000002,3,675.78,2opt,acceptBad
5,5,1274.88,3,675.78,swap,improve
6,5,1187.0800000000002,3,675.78,move,improve
7,5,1089.7800000000002,3,675.78,move,improve
8,5,1349.5800000000004,3,675.78,swap,acceptBad
9,5,878.4799999999999,3,675.78,move,improve
10,5,829.04,3,675.78,move,improve
11,5,829.04,3,675.78,2opt,improve
12,5,805.24,3,675.78,move,improve
13,5,805.9000000000001,3,675.78,swap,acceptBad
14,5,766.4,3,675.78,move,improve
15,5,654.5000000000002,5,654.5000000000002,swap,newBest
16,5,866.8400000000004,5,654.5000000000002,2opt,acceptBad
17,5,1260.8600000000001,5,654.5000000000002,2opt,acceptBad
18,5,1320.2599999999998,5,654.5000000000002,swap,acceptBad
19,5,1271.4,5,654.5000000000002,move,improve
20,5,1182.4599999999998,5,654.5000000000002,move,improve
21,5,1164.3,5,654.5000000000002,move,improve
22,5,1175.14,5,654.5000000000002,2opt,acceptBad
23,5,1096.7600000000004,5,654.5000000000002,2opt,improve
24,5,1059.2000000000003,5,654.5000000000002,move,improve
25,5,1053.1800000000003,5,654.5000000000002,move,improve
26,5,1053.1800000000003,5,654.5000000000002,move,improve
27,5,1053.1800000000003,5,654.5000000000002,move,improve
28,5,1053.1800000000003,5,654.5000000000002,move,improve
29,5,1041.4600000000005,5,654.5000000000002,move,improve
30,6,3725.7200000000007,5,654.5000000000002,2opt,acceptBad
31,6,1911.54,5,654.5000000000002,move,improve
32,6,1949.7400000000005,5,654.5000000000002,2opt,acceptBad
33,6,1592.0400000000004,5,654.5000000000002,move,improve
34,7,3674.2000000000007,5,654.5000000000002,2opt,acceptBad
35,7,3864.3599999999997,5,654.5000000000002,2opt,acceptBad
36,7,4897.14,5,654.5000000000002,swap,acceptBad
37,7,4413.4800000000005,5,654.5000000000002,move,improve
38,7,4176.94,5,654.5000000000002,move,improve
39,7,3677.28,5,654.5000000000002,swap,improve
40,7,2965.5399999999995,5,654.5000000000002,2opt,improve
41,7,2794.9799999999996,5,654.5000000000002,move,improve
42,7,2796.5199999999995,5,654.5000000000002,2opt,acceptBad
43,7,2739.6600000000003,5,654.5000000000002,move,improve
44,7,2910.5,5,654.5000000000002,2opt,acceptBad
45,7,2757.680000000001,5,654.5000000000002,move,improve
46,7,2713.7000000000007,5,654.5000000000002,swap,improve
47,7,2714.000000000001,5,654.5000000000002,swap,acceptBad
48,7,2638.3399999999997,5,654.5000000000002,2opt,improve
49,7,2563.9,5,654.5000000000002,swap,improve
50,7,2695.1199999999994,5,654.5000000000002,move,acceptBad
51,7,2401.599999999999,5,654.5000000000002,move,improve
52,8,2937.88,5,654.5000000000002,2opt,acceptBad
53,8,4709.280000000001,5,654.5000000000002,2opt,acceptBad
54,8,4344.3,5,654.5000000000002,2opt,improve
55,8,4279.26,5,654.5000000000002,swap,improve
56,8,2766.26,5,654.5000000000002,move,improve
57,8,2825.48,5,654.5000000000002,2opt,acceptBad
58,8,2825.48,5,654.5000000000002,move,improve
59,9,4114.259999999999,5,654.5000000000002,2opt,acceptBad
60,9,3604.44,5,654.5000000000002,2opt,improve
61,9,3113.42,5,654.5000000000002,swap,improve
62,9,3113.42,5,654.5000000000002,move,improve
63,9,3415.5,5,654.5000000000002,swap,acceptBad
64,9,3211.7400000000007,5,654.5000000000002,move,improve
65,9,3420.66,5,654.5000000000002,swap,acceptBad
66,9,3530.4599999999996,5,654.5000000000002,swap,acceptBad
67,9,3273.0400000000004,5,654.5000000000002,swap,improve
68,9,3271.1800000000003,5,654.5000000000002,2opt,improve
69,9,3276.180000000001,5,654.5000000000002,swap,acceptBad
70,9,3396.600000000001,5,654.5000000000002,swap,acceptBad
71,9,3649.38,5,654.5000000000002,swap,acceptBad
72,9,3010.96,5,654.5000000000002,move,improve
73,9,3358.340000000001,5,654.5000000000002,2opt,acceptBad
74,9,3101.6399999999994,5,654.5000000000002,2opt,improve
75,9,3001.52,5,654.5000000000002,move,improve
76,9,2812.6800000000003,5,654.5000000000002,swap,improve
77,9,2454.1400000000003,5,654.5000000000002,move,improve
78,9,2477.7200000000003,5,654.5000000000002,swap,acceptBad
79,9,2252.2800000000007,5,654.5000000000002,swap,improve
80,9,4809.5199999999995,5,654.5000000000002,2opt,acceptBad
81,9,4540.44,5,654.5000000000002,2opt,improve
82,9,4022.1400000000003,5,654.5000000000002,move,improve
83,9,4318.18,5,654.5000000000002,swap,acceptBad
84,9,4313.02,5,654.5000000000002,2opt,improve
85,9,3853.060000000001,5,654.5000000000002,2opt,improve
86,9,4022.5600000000004,5,654.5000000000002,2opt,acceptBad
87,9,2316.5600000000004,5,654.5000000000002,move,improve
88,9,2081.540000000001,5,654.5000000000002,move,improve
89,9,2384.64,5,654.5000000000002,2opt,acceptBad
90,9,2088.079999999999,5,654.5000000000002,move,improve
91,9,2877.0999999999995,5,654.5000000000002,2opt,acceptBad
92,9,2860.319999999999,5,654.5000000000002,swap,improve
93,9,2236.7799999999993,5,654.5000000000002,move,improve
94,9,2236.7799999999993,5,654.5000000000002,2opt,improve
95,9,2158.6199999999994,5,654.5000000000002,2opt,improve
96,9,2215.14,5,654.5000000000002,swap,acceptBad
97,9,2722.4400000000005,5,654.5000000000002,2opt,acceptBad
98,9,2269.400000000001,5,654.5000000000002,move,improve
99,9,2631.9999999999995,5,654.5000000000002,swap,acceptBad
100,9,2755.459999999999,5,654.5000000000002,swap,acceptBad
101,9,2613.0599999999995,5,654.5000000000002,swap,improve
102,9,2093.9999999999995,5,654.5000000000002,move,improve
103,9,2093.9999999999995,5,654.5000000000002,move,improve
104,10,4480.999999999999,5,654.5000000000002,2opt,acceptBad
105,10,4001.760000000001,5,654.5000000000002,move,improve
106,10,4001.760000000001,5,654.5000000000002,2opt,improve
107,10,3301.76,5,654.5000000000002,move,improve
108,10,2870.3199999999997,5,654.5000000000002,move,improve
109,11,6437.760000000002,5,654.5000000000002,2opt,acceptBad
110,12,7810.3600000000015,5,654.5000000000002,2opt,acceptBad
111,12,7826.020000000001,5,654.5000000000002,swap,acceptBad
112,12,7278.080000000003,5,654.5000000000002,2opt,improve
113,12,7964.280000000001,5,654.5000000000002,2opt,acceptBad
114,12,7964.280000000001,5,654.5000000000002,move,improve
115,12,10108.600000000004,5,654.5000000000002,2opt,acceptBad
116,12,9544.780000000004,5,654.5000000000002,2opt,improve
117,12,9513.540000000005,5,654.5000000000002,swap,improve
118,12,9541.2,5,654.5000000000002,swap,acceptBad
119,12,8985.519999999999,5,654.5000000000002,move,improve
120,12,8850.300000000001,5,654.5000000000002,swap,improve
121,12,8916.8,5,654.5000000000002,swap,acceptBad
122,13,11785.799999999997,5,654.5000000000002,2opt,acceptBad
123,13,11451.32,5,654.5000000000002,move,improve
124,13,11542.76,5,654.5000000000002,2opt,acceptBad
125,13,10532.92,5,654.5000000000002,move,improve
126,13,8877.480000000001,5,654.5000000000002,2opt,improve
127,13,8845.640000000001,5,654.5000000000002,move,improve
128,13,11129.620000000003,5,654.5000000000002,2opt,acceptBad
129,13,9932.259999999998,5,654.5000000000002,move,improve
130,13,10034.72,5,654.5000000000002,swap,acceptBad
131,13,10067.559999999998,5,654.5000000000002,swap,acceptBad
132,13,10055.819999999998,5,654.5000000000002,swap,improve
133,13,9672.060000000003,5,654.5000000000002,2opt,improve
134,13,8674.84,5,654.5000000000002,2opt,improve
135,13,6585.160000000002,5,654.5000000000002,move,improve
136,13,6581.100000000001,5,654.5000000000002,swap,improve
137,13,6413.26,5,654.5000000000002,swap,improve
138,13,6160.220000000002,5,654.5000000000002,move,improve
139,13,6161.240000000002,5,654.5000000000002,2opt,acceptBad
140,13,6007.940000000001,5,654.5000000000002,2opt,improve
141,13,5949.72,5,654.5000000000002,swap,improve
142,13,6443.480000000001,5,654.5000000000002,swap,acceptBad
143,13,7106.300000000001,5,654.5000000000002,2opt,acceptBad
144,13,6850.580000000002,5,654.5000000000002,swap,improve
145,13,6848.660000000003,5,654.5000000000002,2opt,improve
146,13,6847.460000000002,5,654.5000000000002,2opt,improve
147,13,6841.460000000002,5,654.5000000000002,2opt,improve
148,13,5012.039999999998,5,654.5000000000002,move,improve
149,13,4646.639999999998,5,654.5000000000002,move,improve
150,13,4646.639999999998,5,654.5000000000002,move,improve
151,13,6650.360000000001,5,654.5000000000002,2opt,acceptBad
152,13,7687.200000000002,5,654.5000000000002,swap,acceptBad
153,13,8972.66,5,654.5000000000002,swap,acceptBad
154,13,11424.240000000003,5,654.5000000000002,swap,acceptBad
155,13,11293.52,5,654.5000000000002,2opt,improve
156,13,9346.500000000002,5,654.5000000000002,move,improve
157,13,9346.980000000001,5,654.5000000000002,2opt,acceptBad
158,13,10428.939999999997,5,654.5000000000002,2opt,acceptBad
159,13,12160.479999999994,5,654.5000000000002,2opt,acceptBad
160,13,12130.099999999995,5,654.5000000000002,2opt,improve
161,13,9084.039999999995,5,654.5000000000002,move,improve
162,13,9830.14,5,654.5000000000002,2opt,acceptBad
163,13,9116.859999999999,5,654.5000000000002,move,improve
164,13,8599.22,5,654.5000000000002,move,improve
165,13,12639.960000000001,5,654.5000000000002,2opt,acceptBad
166,13,12494.600000000002,5,654.5000000000002,swap,improve
167,13,12482.820000000003,5,654.5000000000002,swap,improve
168,13,12475.38,5,654.5000000000002,2opt,improve
169,13,12098.580000000002,5,654.5000000000002,swap,improve
170,13,11622.200000000003,5,654.5000000000002,swap,improve
171,13,11563.96,5,654.5000000000002,move,improve
172,13,11468.520000000002,5,654.5000000000002,swap,improve
173,13,10706.8,5,654.5000000000002,move,improve
174,13,10122.579999999998,5,654.5000000000002,swap,improve
175,13,10833.299999999994,5,654.5000000000002,2opt,acceptBad
176,13,11968.579999999998,5,654.5000000000002,2opt,acceptBad
177,13,12325.18,5,654.5000000000002,2opt,acceptBad
178,13,9721.34,5,654.5000000000002,swap,improve
179,13,9734.880000000001,5,654.5000000000002,swap,acceptBad
180,13,9658.6,5,654.5000000000002,swap,improve
181,13,9543.919999999998,5,654.5000000000002,swap,improve
182,13,10241.099999999999,5,654.5000000000002,swap,acceptBad
183,14,10319.059999999998,5,654.5000000000002,2opt,acceptBad
184,14,9683.160000000003,5,654.5000000000002,2opt,improve
185,15,15155.500000000007,5,654.5000000000002,2opt,acceptBad
186,15,14912.239999999996,5,654.5000000000002,2opt,improve
187,15,14331.66,5,654.5000000000002,2opt,improve
188,15,14573.499999999996,5,654.5000000000002,swap,acceptBad
189,15,14859.720000000001,5,654.5000000000002,2opt,acceptBad
190,15,14546.599999999999,5,654.5000000000002,2opt,improve
191,15,13722.040000000005,5,654.5000000000002,move,improve
192,15,14549.82,5,654.5000000000002,swap,acceptBad
193,15,13681.54,5,654.5000000000002,move,improve
194,15,12845.180000000002,5,654.5000000000002,move,improve
195,15,12098.24,5,654.5000000000002,2opt,improve
196,15,11854.760000000004,5,654.5000000000002,swap,improve
197,15,10924.68,5,654.5000000000002,swap,improve
198,15,8924.819999999994,5,654.5000000000002,move,improve
199,14,9427.460000000005,5,654.5000000000002,2opt,acceptBad
200,14,9427.14,5,654.5000000000002,2opt,improve
201,14,10020.099999999999,5,654.5000000000002,swap,acceptBad
202,14,9717.620000000004,5,654.5000000000002,move,improve
203,14,12254.940000000006,5,654.5000000000002,2opt,acceptBad
204,14,14173.060000000005,5,654.5000000000002,2opt,acceptBad
205,14,12034.100000000004,5,654.5000000000002,move,improve
206,15,14212.280000000006,5,654.5000000000002,2opt,acceptBad
207,15,14220.520000000006,5,654.5000000000002,swap,acceptBad
208,15,14222.199999999999,5,654.5000000000002,2opt,acceptBad
209,15,15188.8,5,654.5000000000002,2opt,acceptBad
210,15,14952.34,5,654.5000000000002,move,improve
211,15,16833.419999999995,5,654.5000000000002,2opt,acceptBad
212,15,16899.780000000002,5,654.5000000000002,swap,acceptBad
213,15,16900.140000000003,5,654.5000000000002,swap,acceptBad
214,15,14528.980000000007,5,654.5000000000002,move,improve
215,15,14533.08,5,654.5000000000002,swap,acceptBad
216,15,13657.979999999998,5,654.5000000000002,2opt,improve
217,15,13657.979999999998,5,654.5000000000002,move,improve
218,15,11762.039999999997,5,654.5000000000002,swap,improve
219,15,9604.379999999996,5,654.5000000000002,move,improve
220,14,6653.340000000005,5,654.5000000000002,move,improve
221,14,6815.900000000004,5,654.5000000000002,swap,acceptBad
222,14,7334.5400000000045,5,654.5000000000002,swap,acceptBad
223,14,7594.960000000002,5,654.5000000000002,swap,acceptBad
224,14,7911.500000000002,5,654.5000000000002,2opt,acceptBad
225,14,7906.360000000004,5,654.5000000000002,2opt,improve
226,14,9892.100000000002,5,654.5000000000002,2opt,acceptBad
227,14,9917.340000000002,5,654.5000000000002,swap,acceptBad
228,14,10291.000000000004,5,654.5000000000002,swap,acceptBad
229,14,8462.580000000005,5,654.5000000000002,2opt,improve
230,14,7866.140000000003,5,654.5000000000002,move,improve
231,14,6919.200000000002,5,654.5000000000002,move,improve
232,14,6917.080000000003,5,654.5000000000002,2opt,improve
233,14,5800.200000000001,5,654.5000000000002,move,improve
234,14,5234.340000000001,5,654.5000000000002,move,improve
235,14,4725.9000000000015,5,654.5000000000002,move,improve
236,14,4181.720000000001,5,654.5000000000002,move,improve
237,14,4001.060000000001,5,654.5000000000002,move,improve
238,14,3191.420000000002,5,654.5000000000002,move,improve
239,14,2485.000000000001,5,654.5000000000002,2opt,improve
240,14,3831.6400000000003,5,654.5000000000002,2opt,acceptBad
241,14,5387.719999999999,5,654.5000000000002,swap,acceptBad
242,14,5852.999999999999,5,654.5000000000002,2opt,acceptBad
243,14,5858.799999999999,5,654.5000000000002,swap,acceptBad
244,14,5369.360000000001,5,654.5000000000002,2opt,improve
245,14,5564.5599999999995,5,654.5000000000002,swap,acceptBad
246,14,5772.699999999999,5,654.5000000000002,swap,acceptBad
247,14,4968.759999999999,5,654.5000000000002,move,improve
248,14,4619.54,5,654.5000000000002,2opt,improve
249,14,5098.379999999997,5,654.5000000000002,2opt,acceptBad
250,14,4926.459999999999,5,654.5000000000002,move,improve
251,14,5243.719999999999,5,654.5000000000002,swap,acceptBad
252,14,5243.719999999999,5,654.5000000000002,2opt,improve
253,14,9493.539999999999,5,654.5000000000002,swap,acceptBad
254,14,9036.46,5,654.5000000000002,swap,improve
255,13,8666.259999999997,5,654.5000000000002,2opt,improve
256,13,8554.940000000002,5,654.5000000000002,swap,improve
257,13,8969.960000000001,5,654.5000000000002,swap,acceptBad
258,13,9080.18,5,654.5000000000002,swap,acceptBad
259,13,9092.52,5,654.5000000000002,swap,acceptBad
260,13,5747.100000000002,5,654.5000000000002,move,improve
261,13,7741.459999999999,5,654.5000000000002,2opt,acceptBad
262,13,5349.920000000002,5,654.5000000000002,move,improve
263,13,5593.840000000002,5,654.5000000000002,swap,acceptBad
264,13,5393.6,5,654.5000000000002,move,improve
265,13,6070.4000000000015,5,654.5000000000002,swap,acceptBad
266,13,9084.66,5,654.5000000000002,2opt,acceptBad
267,13,9084.66,5,654.5000000000002,2opt,notBad
268,13,9023.160000000003,5,654.5000000000002,swap,improve
269,13,9027.239999999996,5,654.5000000000002,2opt,acceptBad
270,13,7053.919999999996,5,654.5000000000002,move,improve
271,13,7067.1399999999985,5,654.5000000000002,swap,acceptBad
272,13,7067.1399999999985,5,654.5000000000002,move,improve
273,13,6304.399999999998,5,654.5000000000002,move,improve
274,13,6587.819999999996,5,654.5000000000002,swap,acceptBad
275,13,7399.700000000001,5,654.5000000000002,2opt,acceptBad
276,13,7507.440000000001,5,654.5000000000002,swap,acceptBad
277,13,7660.800000000003,5,654.5000000000002,swap,acceptBad
278,13,7138.880000000001,5,654.5000000000002,move,improve
279,13,7357.320000000003,5,654.5000000000002,swap,acceptBad
280,13,7313.440000000003,5,654.5000000000002,move,improve
281,13,7086.000000000003,5,654.5000000000002,swap,improve
282,13,6978.680000000002,5,654.5000000000002,swap,improve
283,13,6978.420000000002,5,654.5000000000002,2opt,improve
284,13,6978.420000000002,5,654.5000000000002,move,improve
285,13,6066.620000000001,5,654.5000000000002,2opt,improve
286,13,5949.000000000003,5,654.5000000000002,2opt,improve
287,13,5749.360000000002,5,654.5000000000002,move,improve
288,13,5484.180000000001,5,654.5000000000002,swap,improve
289,13,5015.98,5,654.5000000000002,2opt,improve
290,13,4461.66,5,654.5000000000002,move,improve
291,13,4034.7799999999993,5,654.5000000000002,move,improve
292,13,3807.0999999999995,5,654.5000000000002,move,improve
293,13,3802.959999999998,5,654.5000000000002,swap,improve
294,13,3802.959999999998,5,654.5000000000002,move,improve
295,13,3777.2999999999984,5,654.5000000000002,swap,improve
296,13,3949.1599999999985,5,654.5000000000002,swap,acceptBad
297,13,3941.0599999999986,5,654.5000000000002,move,improve
298,13,4399.379999999999,5,654.5000000000002,2opt,acceptBad
299,13,4958.66,5,654.5000000000002,2opt,acceptBad
300,13,5161.4000000000015,5,654.5000000000002,swap,acceptBad
301,13,5633.740000000002,5,654.5000000000002,swap,acceptBad
302,13,5027.640000000001,5,654.5000000000002,2opt,improve
303,13,4565.860000000001,5,654.5000000000002,move,improve
304,13,3872.1800000000003,5,654.5000000000002,move,improve
305,13,3691.579999999999,5,654.5000000000002,move,improve
306,13,3691.579999999999,5,654.5000000000002,move,improve
307,13,3609.74,5,654.5000000000002,move,improve
308,13,4143.139999999999,5,654.5000000000002,2opt,acceptBad
309,13,3859.2000000000003,5,654.5000000000002,move,improve
310,13,3859.2000000000003,5,654.5000000000002,move,improve
311,13,4178.140000000001,5,654.5000000000002,2opt,acceptBad
312,13,4162.099999999999,5,654.5000000000002,2opt,improve
313,13,3997.54,5,654.5000000000002,move,improve
314,13,3747.8999999999996,5,654.5000000000002,move,improve
315,13,3747.8999999999996,5,654.5000000000002,move,improve
316,13,3375.2800000000007,5,654.5000000000002,move,improve
317,13,3365.7000000000007,5,654.5000000000002,2opt,improve
318,13,3365.7000000000007,5,654.5000000000002,2opt,improve
319,13,3365.8000000000015,5,654.5000000000002,swap,acceptBad
320,13,3296.7400000000002,5,654.5000000000002,2opt,improve
321,13,3146.8399999999992,5,654.5000000000002,move,improve
322,13,3146.8399999999992,5,654.5000000000002,move,improve
323,13,3146.8399999999992,5,654.5000000000002,move,improve
324,13,3146.8399999999992,5,654.5000000000002,move,improve
325,13,3146.3199999999997,5,654.5000000000002,move,improve
326,13,3502.72,5,654.5000000000002,swap,acceptBad
327,13,4208.9000000000015,5,654.5000000000002,2opt,acceptBad
328,13,4933.0999999999985,5,654.5000000000002,2opt,acceptBad
329,13,4796.940000000001,5,654.5000000000002,move,improve
330,13,4849.820000000001,5,654.5000000000002,swap,acceptBad
331,13,4878.100000000003,5,654.5000000000002,swap,acceptBad
332,13,7777.340000000001,5,654.5000000000002,2opt,acceptBad
333,13,7763.94,5,654.5000000000002,2opt,improve
334,13,7252.5,5,654.5000000000002,swap,improve
335,12,7654.42,5,654.5000000000002,2opt,acceptBad
336,13,8852.98,5,654.5000000000002,2opt,acceptBad
337,13,7456.88,5,654.5000000000002,swap,improve
338,13,6718.779999999998,5,654.5000000000002,move,improve
339,13,7442.260000000001,5,654.5000000000002,2opt,acceptBad
340,13,7447.980000000002,5,654.5000000000002,swap,acceptBad
341,13,7983.4000000000015,5,654.5000000000002,2opt,acceptBad
342,13,7983.4000000000015,5,654.5000000000002,2opt,improve
343,14,9421.740000000002,5,654.5000000000002,2opt,acceptBad
344,14,7997.7,5,654.5000000000002,move,improve
345,14,7997.58,5,654.5000000000002,2opt,improve
346,14,7984.120000000002,5,654.5000000000002,2opt,improve
347,14,7224.600000000002,5,654.5000000000002,swap,improve
348,14,8452.819999999998,5,654.5000000000002,2opt,acceptBad
349,14,8264.8,5,654.5000000000002,2opt,improve
350,14,8098.620000000003,5,654.5000000000002,swap,improve
351,14,7868.619999999999,5,654.5000000000002,swap,improve
352,14,7175.740000000005,5,654.5000000000002,move,improve
353,14,6458.460000000002,5,654.5000000000002,move,improve
354,14,5855.980000000002,5,654.5000000000002,move,improve
355,13,5646.480000000003,5,654.5000000000002,2opt,improve
356,13,5599.500000000002,5,654.5000000000002,move,improve
357,13,5587.98,5,654.5000000000002,2opt,improve
358,13,5950.3200000000015,5,654.5000000000002,swap,acceptBad
359,13,4987.360000000001,5,654.5000000000002,move,improve
360,13,4987.360000000001,5,654.5000000000002,move,improve
361,13,6023.52,5,654.5000000000002,swap,acceptBad
362,13,5920.659999999999,5,654.5000000000002,2opt,improve
363,13,5913.099999999998,5,654.5000000000002,swap,improve
364,13,5759.299999999998,5,654.5000000000002,swap,improve
365,13,5541.62,5,654.5000000000002,swap,improve
366,13,4490.52,5,654.5000000000002,move,improve
367,13,5872.940000000002,5,654.5000000000002,2opt,acceptBad
368,12,5424.480000000001,5,654.5000000000002,2opt,improve
369,12,7141.4400000000005,5,654.5000000000002,swap,acceptBad
370,12,7138.640000000003,5,654.5000000000002,2opt,improve
371,12,8163.520000000001,5,654.5000000000002,2opt,acceptBad
372,12,6114.280000000002,5,654.5000000000002,move,improve
373,12,6151.580000000002,5,654.5000000000002,swap,acceptBad
374,12,6180.280000000002,5,654.5000000000002,swap,acceptBad
375,12,5820.880000000001,5,654.5000000000002,move,improve
376,12,5489.220000000001,5,654.5000000000002,swap,improve
377,12,5220.9000000000015,5,654.5000000000002,move,improve
378,12,5507.34,5,654.5000000000002,2opt,acceptBad
379,12,5202.0599999999995,5,654.5000000000002,move,improve
380,12,5150.22,5,654.5000000000002,move,improve
381,12,5150.22,5,654.5000000000002,2opt,improve
382,12,5150.22,5,654.5000000000002,move,improve
383,12,5278.639999999999,5,654.5000000000002,swap,acceptBad
384,12,5293.680000000001,5,654.5000000000002,2opt,acceptBad
385,12,4533.999999999999,5,654.5000000000002,move,improve
386,12,4839.060000000001,5,654.5000000000002,swap,acceptBad
387,13,5375.439999999999,5,654.5000000000002,2opt,acceptBad
388,13,5512.3600000000015,5,654.5000000000002,swap,acceptBad
389,13,4438.840000000001,5,654.5000000000002,move,improve
390,13,3552.280000000002,5,654.5000000000002,move,improve
391,13,4701.420000000002,5,654.5000000000002,2opt,acceptBad
392,13,4700.840000000001,5,654.5000000000002,2opt,improve
393,13,4655.180000000001,5,654.5000000000002,swap,improve
394,13,6561.560000000001,5,654.5000000000002,2opt,acceptBad
395,13,5909.68,5,654.5000000000002,move,improve
396,13,4171.500000000001,5,654.5000000000002,move,improve
397,13,3921.540000000001,5,654.5000000000002,2opt,improve
398,13,6501.099999999998,5,654.5000000000002,swap,acceptBad
399,13,6882.920000000002,5,654.5000000000002,2opt,acceptBad
400,13,4565.68,5,654.5000000000002,move,improve
401,13,4942.660000000001,5,654.5000000000002,swap,acceptBad
402,13,7402.720000000002,5,654.5000000000002,swap,acceptBad
403,13,7256.180000000002,5,654.5000000000002,move,improve
404,13,8279.100000000004,5,654.5000000000002,2opt,acceptBad
405,13,7835.180000000001,5,654.5000000000002,move,improve
406,13,7525.800000000002,5,654.5000000000002,move,improve
407,13,7750.560000000001,5,654.5000000000002,swap,acceptBad
408,13,7687.900000000002,5,654.5000000000002,2opt,improve
409,13,7553.419999999999,5,654.5000000000002,swap,improve
410,13,8393.64,5,654.5000000000002,2opt,acceptBad
411,13,7990.820000000001,5,654.5000000000002,move,improve
412,13,7840.9800000000005,5,654.5000000000002,swap,improve
413,13,7622.4400000000005,5,654.5000000000002,move,improve
414,13,6634.74,5,654.5000000000002,move,improve
415,13,7416.3200000000015,5,654.5000000000002,2opt,acceptBad
416,13,8914.26,5,654.5000000000002,2opt,acceptBad
417,13,8917.36,5,654.5000000000002,2opt,acceptBad
418,13,9544.420000000002,5,654.5000000000002,2opt,acceptBad
419,13,8892.700000000004,5,654.5000000000002,move,improve
420,13,9187.740000000002,5,654.5000000000002,2opt,acceptBad
421,13,8703.94,5,654.5000000000002,move,improve
422,13,8819.62,5,654.5000000000002,swap,acceptBad
423,13,10507.880000000001,5,654.5000000000002,swap,acceptBad
424,13,10663.179999999997,5,654.5000000000002,2opt,acceptBad
425,13,9621.819999999998,5,654.5000000000002,move,improve
426,13,9631.02,5,654.5000000000002,2opt,acceptBad
427,13,9720.52,5,654.5000000000002,swap,acceptBad
428,13,10173.44,5,654.5000000000002,swap,acceptBad
429,13,8437.6,5,654.5000000000002,move,improve
430,13,8706.239999999998,5,654.5000000000002,swap,acceptBad
431,13,9007.440000000002,5,654.5000000000002,swap,acceptBad
432,13,9007.440000000002,5,654.5000000000002,move,improve
433,13,8543.619999999999,5,654.5000000000002,swap,improve
434,13,11113.859999999997,5,654.5000000000002,swap,acceptBad
435,13,12646.580000000002,5,654.5000000000002,swap,acceptBad
436,13,12164.700000000003,5,654.5000000000002,swap,improve
437,13,11584.000000000005,5,654.5000000000002,swap,improve
438,13,11574.780000000006,5,654.5000000000002,swap,improve
439,13,12715.420000000006,5,654.5000000000002,2opt,acceptBad
440,14,17046.200000000004,5,654.5000000000002,2opt,acceptBad
441,14,17256.140000000003,5,654.5000000000002,swap,acceptBad
442,14,16704.720000000005,5,654.5000000000002,swap,improve
443,14,15914.820000000003,5,654.5000000000002,move,improve
444,14,16383.26,5,654.5000000000002,2opt,acceptBad
445,14,16300.400000000005,5,654.5000000000002,move,improve
446,14,14324.400000000003,5,654.5000000000002,move,improve
447,14,14395.420000000002,5,654.5000000000002,swap,acceptBad
448,14,15204.599999999999,5,654.5000000000002,swap,acceptBad
449,14,16463.879999999997,5,654.5000000000002,2opt,acceptBad
450,14,13513.099999999997,5,654.5000000000002,move,improve
451,14,13041.220000000001,5,654.5000000000002,swap,improve
452,14,12041.499999999996,5,654.5000000000002,move,improve
453,14,11885.72,5,654.5000000000002,2opt,improve
454,14,12048.86,5,654.5000000000002,swap,acceptBad
455,14,14290.24,5,654.5000000000002,swap,acceptBad
456,14,13939.02,5,654.5000000000002,swap,improve
457,14,13113.160000000002,5,654.5000000000002,move,improve
458,14,13141.480000000001,5,654.5000000000002,swap,acceptBad
459,14,12447.599999999999,5,654.5000000000002,2opt,improve
460,14,11444.999999999998,5,654.5000000000002,2opt,improve
461,14,10573.740000000002,5,654.5000000000002,move,improve
462,14,10299.140000000005,5,654.5000000000002,swap,improve
463,14,10480.280000000004,5,654.5000000000002,swap,acceptBad
464,14,10734.579999999998,5,654.5000000000002,swap,acceptBad
465,14,9389.999999999998,5,654.5000000000002,move,improve
466,14,10280.300000000005,5,654.5000000000002,2opt,acceptBad
467,14,8478.58,5,654.5000000000002,move,improve
468,14,10092.420000000002,5,654.5000000000002,2opt,acceptBad
469,14,11088.340000000002,5,654.5000000000002,2opt,acceptBad
470,14,11452.759999999995,5,654.5000000000002,2opt,acceptBad
471,14,10287.419999999996,5,654.5000000000002,2opt,improve
472,14,9687.839999999995,5,654.5000000000002,swap,improve
473,14,8449.759999999997,5,654.5000000000002,move,improve
474,14,8860.039999999994,5,654.5000000000002,swap,acceptBad
475,14,8829.299999999996,5,654.5000000000002,swap,improve
476,14,8690.219999999998,5,654.5000000000002,2opt,improve
477,14,8684.04,5,654.5000000000002,2opt,improve
478,13,6723.6799999999985,5,654.5000000000002,2opt,improve
479,13,6892.559999999998,5,654.5000000000002,swap,acceptBad
480,12,7257.519999999999,5,654.5000000000002,2opt,acceptBad
481,12,6295.859999999996,5,654.5000000000002,move,improve
482,12,6327.919999999997,5,654.5000000000002,swap,acceptBad
483,12,5665.879999999997,5,654.5000000000002,2opt,improve
484,12,5730.7199999999975,5,654.5000000000002,swap,acceptBad
485,12,5585.700000000001,5,654.5000000000002,2opt,improve
486,12,5585.700000000001,5,654.5000000000002,move,improve
487,13,9813.180000000006,5,654.5000000000002,2opt,acceptBad
488,13,9673.900000000005,5,654.5000000000002,swap,improve
489,13,9705.060000000005,5,654.5000000000002,swap,acceptBad
490,13,10098.560000000005,5,654.5000000000002,swap,acceptBad
491,13,8511.700000000003,5,654.5000000000002,move,improve
492,13,7532.100000000004,5,654.5000000000002,move,improve
493,13,7636.74,5,654.5000000000002,2opt,acceptBad
494,13,7573.820000000002,5,654.5000000000002,swap,improve
495,13,7560.579999999996,5,654.5000000000002,2opt,improve
496,13,8188.219999999998,5,654.5000000000002,swap,acceptBad
497,13,8788.760000000002,5,654.5000000000002,swap,acceptBad
498,13,9665.239999999998,5,654.5000000000002,swap,acceptBad
499,13,9056.42,5,654.5000000000002,move,improve
500,13,9063.900000000003,5,654.5000000000002,swap,acceptBad
501,13,12568.060000000001,5,654.5000000000002,2opt,acceptBad
502,13,12568.060000000001,5,654.5000000000002,swap,improve
503,13,12400.92,5,654.5000000000002,2opt,improve
504,13,11962.200000000004,5,654.5000000000002,swap,improve
505,13,10953.740000000005,5,654.5000000000002,move,improve
506,13,12265.160000000007,5,654.5000000000002,swap,acceptBad
507,13,12272.500000000005,5,654.5000000000002,swap,acceptBad
508,13,9292.660000000002,5,654.5000000000002,move,improve
509,13,12799.100000000002,5,654.5000000000002,2opt,acceptBad
510,13,11671.560000000003,5,654.5000000000002,swap,improve
511,13,11455.82,5,654.5000000000002,swap,improve
512,13,10795.300000000003,5,654.5000000000002,move,improve
513,13,10715.500000000002,5,654.5000000000002,2opt,improve
514,13,10206.64,5,654.5000000000002,2opt,improve
515,13,9947.8,5,654.5000000000002,2opt,improve
516,13,7492.360000000002,5,654.5000000000002,move,improve
517,13,8349.240000000003,5,654.5000000000002,swap,acceptBad
518,13,6292.8,5,654.5000000000002,move,improve
519,14,8120.820000000001,5,654.5000000000002,2opt,acceptBad
520,14,8339.039999999999,5,654.5000000000002,swap,acceptBad
521,14,8346.840000000002,5,654.5000000000002,2opt,acceptBad
522,14,8362.380000000001,5,654.5000000000002,2opt,acceptBad
523,14,7152.880000000001,5,654.5000000000002,2opt,improve
524,14,5934.84,5,654.5000000000002,move,improve
525,14,5452.339999999999,5,654.5000000000002,2opt,improve
526,14,4560.020000000001,5,654.5000000000002,move,improve
527,14,4202.980000000001,5,654.5000000000002,move,improve
528,15,4510.1,5,654.5000000000002,2opt,acceptBad
529,15,4489.160000000002,5,654.5000000000002,move,improve
530,15,4520.3,5,654.5000000000002,2opt,acceptBad
531,15,3928.38,5,654.5000000000002,move,improve
532,15,3692.7400000000002,5,654.5000000000002,move,improve
533,15,3692.7400000000002,5,654.5000000000002,move,improve
534,15,4309.42,5,654.5000000000002,2opt,acceptBad
535,15,4309.14,5,654.5000000000002,swap,improve
536,15,4679.34,5,654.5000000000002,2opt,acceptBad
537,15,4345.1,5,654.5000000000002,swap,improve
538,15,4995.160000000001,5,654.5000000000002,2opt,acceptBad
539,15,4282.34,5,654.5000000000002,move,improve
540,15,6635.380000000002,5,654.5000000000002,2opt,acceptBad
541,15,7544.18,5,654.5000000000002,2opt,acceptBad
542,15,7566.299999999999,5,654.5000000000002,swap,acceptBad
543,15,9722.460000000003,5,654.5000000000002,swap,acceptBad
544,15,8049.460000000002,5,654.5000000000002,move,improve
545,15,7267.580000000002,5,654.5000000000002,2opt,improve
546,15,9517.080000000004,5,654.5000000000002,2opt,acceptBad
547,15,10080.500000000002,5,654.5000000000002,swap,acceptBad
548,15,10274.900000000003,5,654.5000000000002,swap,acceptBad
549,15,10023.140000000001,5,654.5000000000002,swap,improve
550,15,15313.320000000005,5,654.5000000000002,2opt,acceptBad
551,15,15649.860000000008,5,654.5000000000002,swap,acceptBad
552,15,16804.520000000008,5,654.5000000000002,swap,acceptBad
553,15,12357.880000000003,5,654.5000000000002,move,improve
554,15,12357.880000000003,5,654.5000000000002,move,improve
555,15,8897.900000000003,5,654.5000000000002,move,improve
556,15,10382.0,5,654.5000000000002,swap,acceptBad
557,15,10613.08,5,654.5000000000002,swap,acceptBad
558,15,8942.219999999998,5,654.5000000000002,move,improve
559,15,13571.079999999998,5,654.5000000000002,swap,acceptBad
560,15,13575.759999999998,5,654.5000000000002,swap,acceptBad
561,15,11711.180000000004,5,654.5000000000002,move,improve
562,15,13983.779999999999,5,654.5000000000002,2opt,acceptBad
563,15,14219.460000000003,5,654.5000000000002,swap,acceptBad
564,15,11642.560000000005,5,654.5000000000002,move,improve
565,15,11642.560000000005,5,654.5000000000002,move,improve
566,15,9129.880000000003,5,654.5000000000002,move,improve
567,15,9101.320000000002,5,654.5000000000002,swap,improve
568,15,9244.760000000004,5,654.5000000000002,swap,acceptBad
569,15,9215.140000000003,5,654.5000000000002,swap,improve
570,15,10212.500000000002,5,654.5000000000002,swap,acceptBad
571,15,10224.360000000002,5,654.5000000000002,swap,acceptBad
572,15,11558.02,5,654.5000000000002,2opt,acceptBad
573,15,8663.700000000003,5,654.5000000000002,move,improve
574,15,10891.339999999997,5,654.5000000000002,2opt,acceptBad
575,15,10883.319999999998,5,654.5000000000002,swap,improve
576,15,10348.999999999998,5,654.5000000000002,move,improve
577,15,10108.6,5,654.5000000000002,swap,improve
578,15,12567.019999999999,5,654.5000000000002,2opt,acceptBad
579,15,11346.78,5,654.5000000000002,move,improve
580,15,10471.78,5,654.5000000000002,move,improve
581,15,10604.400000000005,5,654.5000000000002,swap,acceptBad
582,15,10604.760000000004,5,654.5000000000002,swap,acceptBad
583,15,8076.540000000001,5,654.5000000000002,move,improve
584,15,8036.500000000003,5,654.5000000000002,move,improve
585,15,8029.380000000003,5,654.5000000000002,swap,improve
586,15,9030.82,5,654.5000000000002,swap,acceptBad
587,15,9027.380000000001,5,654.5000000000002,2opt,improve
588,15,9859.560000000005,5,654.5000000000002,swap,acceptBad
589,15,10984.180000000006,5,654.5000000000002,swap,acceptBad
590,15,12880.220000000005,5,654.5000000000002,swap,acceptBad
591,15,13772.120000000004,5,654.5000000000002,swap,acceptBad
592,15,14430.0,5,654.5000000000002,swap,acceptBad
593,15,15482.759999999998,5,654.5000000000002,swap,acceptBad
594,15,15253.460000000003,5,654.5000000000002,swap,improve
595,15,14242.060000000001,5,654.5000000000002,swap,improve
596,15,14211.560000000001,5,654.5000000000002,swap,improve
597,15,15021.899999999998,5,654.5000000000002,2opt,acceptBad
598,15,13316.48,5,654.5000000000002,move,improve
599,15,12810.560000000001,5,654.5000000000002,swap,improve
600,15,11151.560000000001,5,654.5000000000002,2opt,improve
601,15,10956.960000000005,5,654.5000000000002,2opt,improve
602,15,10956.960000000005,5,654.5000000000002,2opt,improve
603,15,10980.140000000003,5,654.5000000000002,swap,acceptBad
604,15,10656.820000000003,5,654.5000000000002,move,improve
605,15,10816.300000000003,5,654.5000000000002,swap,acceptBad
606,15,9957.640000000003,5,654.5000000000002,move,improve
607,15,10485.440000000002,5,654.5000000000002,swap,acceptBad
608,15,11030.880000000001,5,654.5000000000002,2opt,acceptBad
609,15,10880.280000000002,5,654.5000000000002,swap,improve
610,15,13102.359999999999,5,654.5000000000002,2opt,acceptBad
611,15,13220.739999999998,5,654.5000000000002,swap,acceptBad
612,15,12662.54,5,654.5000000000002,move,improve
613,15,11334.08,5,654.5000000000002,move,improve
614,15,10148.759999999998,5,654.5000000000002,move,improve
615,15,10211.119999999995,5,654.5000000000002,2opt,acceptBad
616,15,10217.779999999995,5,654.5000000000002,swap,acceptBad
617,15,9985.319999999996,5,654.5000000000002,swap,improve
618,15,10226.479999999994,5,654.5000000000002,swap,acceptBad
619,15,9509.999999999996,5,654.5000000000002,swap,improve
620,15,8635.78,5,654.5000000000002,2opt,improve
621,15,8056.440000000003,5,654.5000000000002,move,improve
622,15,10913.64,5,654.5000000000002,swap,acceptBad
623,15,10926.46,5,654.5000000000002,swap,acceptBad
624,15,11508.86,5,654.5000000000002,swap,acceptBad
625,15,11535.380000000005,5,654.5000000000002,swap,acceptBad
626,15,10863.780000000006,5,654.5000000000002,2opt,improve
627,15,9235.520000000004,5,654.5000000000002,move,improve
628,15,9756.740000000003,5,654.5000000000002,swap,acceptBad
629,15,11238.920000000002,5,654.5000000000002,2opt,acceptBad
630,15,9404.320000000003,5,654.5000000000002,move,improve
631,15,9422.240000000003,5,654.5000000000002,swap,acceptBad
632,15,8721.12,5,654.5000000000002,move,improve
633,15,8636.500000000002,5,654.5000000000002,swap,improve
634,15,8624.720000000001,5,654.5000000000002,swap,improve
635,15,9005.900000000003,5,654.5000000000002,2opt,acceptBad
636,15,12529.680000000004,5,654.5000000000002,2opt,acceptBad
637,15,13250.559999999998,5,654.5000000000002,2opt,acceptBad
638,15,11838.939999999995,5,654.5000000000002,2opt,improve
639,15,11735.05999999999,5,654.5000000000002,move,improve
640,15,10890.459999999995,5,654.5000000000002,move,improve
641,15,9844.659999999994,5,654.5000000000002,move,improve
642,15,9490.899999999998,5,654.5000000000002,2opt,improve
643,15,9772.119999999999,5,654.5000000000002,swap,acceptBad
644,15,9847.5,5,654.5000000000002,2opt,acceptBad
645,15,10405.06,5,654.5000000000002,2opt,acceptBad
646,15,10338.559999999998,5,654.5000000000002,swap,improve
647,15,11323.48,5,654.5000000000002,2opt,acceptBad
648,15,11363.499999999998,5,654.5000000000002,swap,acceptBad
649,15,10923.419999999995,5,654.5000000000002,2opt,improve
650,15,10900.599999999997,5,654.5000000000002,swap,improve
651,15,9589.279999999997,5,654.5000000000002,move,improve
652,15,10249.199999999999,5,654.5000000000002,2opt,acceptBad
653,15,9571.859999999999,5,654.5000000000002,move,improve
654,15,9217.32,5,654.5000000000002,swap,improve
655,15,8965.539999999997,5,654.5000000000002,move,improve
656,15,8699.56,5,654.5000000000002,move,improve
657,15,9572.900000000001,5,654.5000000000002,2opt,acceptBad
658,15,9223.920000000006,5,654.5000000000002,2opt,improve
659,15,9719.960000000003,5,654.5000000000002,swap,acceptBad
660,15,7283.399999999999,5,654.5000000000002,move,improve
661,15,7468.859999999998,5,654.5000000000002,swap,acceptBad
662,15,6424.84,5,654.5000000000002,move,improve
663,15,6498.059999999996,5,654.5000000000002,swap,acceptBad
664,15,6313.879999999997,5,654.5000000000002,move,improve
665,15,6308.179999999998,5,654.5000000000002,swap,improve
666,15,8682.099999999999,5,654.5000000000002,swap,acceptBad
667,15,11649.54,5,654.5000000000002,swap,acceptBad
668,15,11498.120000000006,5,654.5000000000002,swap,improve
669,15,11483.380000000005,5,654.5000000000002,2opt,improve
670,15,13381.560000000003,5,654.5000000000002,swap,acceptBad
671,15,13390.740000000005,5,654.5000000000002,2opt,acceptBad
672,15,13388.580000000005,5,654.5000000000002,2opt,improve
673,15,13432.520000000002,5,654.5000000000002,2opt,acceptBad
674,14,11203.36,5,654.5000000000002,2opt,improve
675,14,11178.4,5,654.5000000000002,move,improve
676,14,13817.980000000001,5,654.5000000000002,swap,acceptBad
677,14,13794.640000000003,5,654.5000000000002,swap,improve
678,14,12932.940000000004,5,654.5000000000002,move,improve
679,14,10105.480000000001,5,654.5000000000002,move,improve
680,14,10444.78,5,654.5000000000002,swap,acceptBad
681,14,10338.26,5,654.5000000000002,2opt,improve
682,14,10073.800000000001,5,654.5000000000002,2opt,improve
683,14,9252.760000000002,5,654.5000000000002,swap,improve
684,14,6936.660000000001,5,654.5000000000002,move,improve
685,14,6936.02,5,654.5000000000002,2opt,improve
686,14,6924.92,5,654.5000000000002,swap,improve
687,14,7023.220000000001,5,654.5000000000002,swap,acceptBad
688,14,7021.940000000001,5,654.5000000000002,2opt,improve
689,14,5257.159999999998,5,654.5000000000002,move,improve
690,14,4552.300000000001,5,654.5000000000002,move,improve
691,14,4818.1799999999985,5,654.5000000000002,swap,acceptBad
692,14,5224.720000000002,5,654.5000000000002,2opt,acceptBad
693,14,4674.880000000003,5,654.5000000000002,swap,improve
694,14,4674.360000000003,5,654.5000000000002,swap,improve
695,14,4542.680000000002,5,654.5000000000002,move,improve
696,14,4928.580000000003,5,654.5000000000002,2opt,acceptBad
697,14,4915.820000000002,5,654.5000000000002,swap,improve
698,14,5034.020000000002,5,654.5000000000002,swap,acceptBad
699,14,5034.020000000002,5,654.5000000000002,move,improve
700,14,6691.040000000004,5,654.5000000000002,swap,acceptBad
701,14,4983.120000000001,5,654.5000000000002,move,improve
702,14,4552.98,5,654.5000000000002,move,improve
703,14,4389.26,5,654.5000000000002,move,improve
704,14,4064.020000000001,5,654.5000000000002,swap,improve
705,14,3944.26,5,654.5000000000002,move,improve
706,14,4352.54,5,654.5000000000002,2opt,acceptBad
707,14,4656.96,5,654.5000000000002,swap,acceptBad
708,14,4558.779999999999,5,654.5000000000002,move,improve
709,14,4775.120000000001,5,654.5000000000002,swap,acceptBad
710,14,4907.259999999999,5,654.5000000000002,2opt,acceptBad
711,14,4731.200000000002,5,654.5000000000002,2opt,improve
712,14,3996.3000000000006,5,654.5000000000002,move,improve
713,14,5125.760000000002,5,654.5000000000002,2opt,acceptBad
714,14,5498.040000000003,5,654.5000000000002,swap,acceptBad
715,14,4928.500000000001,5,654.5000000000002,move,improve
716,14,4829.440000000001,5,654.5000000000002,move,improve
717,14,5141.06,5,654.5000000000002,2opt,acceptBad
718,14,5326.12,5,654.5000000000002,2opt,acceptBad
719,14,4700.359999999999,5,654.5000000000002,move,improve
720,14,4985.539999999999,5,654.5000000000002,2opt,acceptBad
721,13,5314.280000000001,5,654.5000000000002,2opt,acceptBad
722,14,8929.359999999995,5,654.5000000000002,2opt,acceptBad
723,14,8830.019999999997,5,654.5000000000002,swap,improve
724,14,7993.8799999999965,5,654.5000000000002,move,improve
725,13,7582.700000000001,5,654.5000000000002,2opt,improve
726,13,7704.92,5,654.5000000000002,swap,acceptBad
727,13,9049.499999999996,5,654.5000000000002,2opt,acceptBad
728,13,9315.18,5,654.5000000000002,2opt,acceptBad
729,13,10131.759999999998,5,654.5000000000002,swap,acceptBad
730,13,10152.239999999998,5,654.5000000000002,2opt,acceptBad
731,13,11139.620000000003,5,654.5000000000002,swap,acceptBad
732,13,9806.699999999997,5,654.5000000000002,2opt,improve
733,13,7867.000000000002,5,654.5000000000002,move,improve
734,13,6941.5,5,654.5000000000002,move,improve
735,13,6453.000000000001,5,654.5000000000002,move,improve
736,13,6041.64,5,654.5000000000002,move,improve
737,13,6761.740000000001,5,654.5000000000002,swap,acceptBad
738,13,6761.740000000001,5,654.5000000000002,move,improve
739,13,5606.46,5,654.5000000000002,2opt,improve
740,13,5358.540000000001,5,654.5000000000002,2opt,improve
741,13,5404.879999999998,5,654.5000000000002,2opt,acceptBad
742,13,5102.4400000000005,5,654.5000000000002,move,improve
743,13,8068.420000000003,5,654.5000000000002,swap,acceptBad
744,13,8068.420000000003,5,654.5000000000002,move,improve
745,13,8443.360000000002,5,654.5000000000002,swap,acceptBad
746,13,8358.240000000002,5,654.5000000000002,swap,improve
747,13,8774.460000000005,5,654.5000000000002,swap,acceptBad
748,13,8712.800000000001,5,654.5000000000002,swap,improve
749,13,9087.580000000002,5,654.5000000000002,2opt,acceptBad
750,13,9273.880000000001,5,654.5000000000002,2opt,acceptBad
751,13,9359.92,5,654.5000000000002,swap,acceptBad
752,13,9424.38,5,654.5000000000002,swap,acceptBad
753,13,8681.88,5,654.5000000000002,swap,improve
754,13,8684.64,5,654.5000000000002,swap,acceptBad
755,13,9193.24,5,654.5000000000002,swap,acceptBad
756,13,8331.279999999999,5,654.5000000000002,2opt,improve
757,13,8323.419999999998,5,654.5000000000002,2opt,improve
758,13,8285.64,5,654.5000000000002,swap,improve
759,13,8295.56,5,654.5000000000002,2opt,acceptBad
760,13,8748.0,5,654.5000000000002,2opt,acceptBad
761,13,8742.74,5,654.5000000000002,2opt,improve
762,13,9792.12,5,654.5000000000002,swap,acceptBad
763,13,5991.279999999999,5,654.5000000000002,2opt,improve
764,13,4638.26,5,654.5000000000002,move,improve
765,13,4472.9000000000015,5,654.5000000000002,move,improve
766,13,4500.980000000001,5,654.5000000000002,swap,acceptBad
767,13,4500.980000000001,5,654.5000000000002,move,improve
768,13,4687.9400000000005,5,654.5000000000002,swap,acceptBad
769,13,4687.9400000000005,5,654.5000000000002,2opt,improve
770,13,7192.280000000002,5,654.5000000000002,swap,acceptBad
771,13,4124.979999999999,5,654.5000000000002,move,improve
772,13,7893.200000000001,5,654.5000000000002,swap,acceptBad
773,13,6743.359999999999,5,654.5000000000002,move,improve
774,13,5924.679999999999,5,654.5000000000002,move,improve
775,13,5247.899999999999,5,654.5000000000002,move,improve
776,13,4942.739999999998,5,654.5000000000002,move,improve
777,13,4489.839999999999,5,654.5000000000002,move,improve
778,13,5056.100000000001,5,654.5000000000002,2opt,acceptBad
779,13,5080.5999999999985,5,654.5000000000002,2opt,acceptBad
780,13,4606.899999999999,5,654.5000000000002,move,improve
781,13,5657.100000000001,5,654.5000000000002,2opt,acceptBad
782,13,5397.62,5,654.5000000000002,move,improve
783,13,5305.18,5,654.5000000000002,swap,improve
784,13,5306.08,5,654.5000000000002,2opt,acceptBad
785,13,9143.880000000001,5,654.5000000000002,2opt,acceptBad
786,13,9611.380000000001,5,654.5000000000002,2opt,acceptBad
787,14,10166.68,5,654.5000000000002,2opt,acceptBad
788,14,10153.460000000001,5,654.5000000000002,2opt,improve
789,14,10044.32,5,654.5000000000002,move,improve
790,14,8039.340000000002,5,654.5000000000002,move,improve
791,14,7339.0,5,654.5000000000002,move,improve
792,14,7423.840000000002,5,654.5000000000002,2opt,acceptBad
793,14,6775.860000000002,5,654.5000000000002,swap,improve
794,14,5284.960000000002,5,654.5000000000002,move,improve
795,14,7138.48,5,654.5000000000002,2opt,acceptBad
796,14,7141.019999999999,5,654.5000000000002,2opt,acceptBad
797,14,5737.619999999999,5,654.5000000000002,move,improve
798,14,5725.999999999998,5,654.5000000000002,2opt,improve
799,14,4909.860000000001,5,654.5000000000002,move,improve
800,14,4515.84,5,654.5000000000002,2opt,improve
801,14,4515.84,5,654.5000000000002,move,improve
802,14,5109.879999999999,5,654.5000000000002,2opt,acceptBad
803,14,5311.36,5,654.5000000000002,swap,acceptBad
804,14,5112.319999999998,5,654.5000000000002,move,improve
805,14,5680.659999999999,5,654.5000000000002,swap,acceptBad
806,14,5512.779999999999,5,654.5000000000002,2opt,improve
807,14,4932.38,5,654.5000000000002,move,improve
808,14,9427.339999999997,5,654.5000000000002,2opt,acceptBad
809,14,10101.82,5,654.5000000000002,swap,acceptBad
810,14,10101.82,5,654.5000000000002,move,improve
811,14,7826.800000000004,5,654.5000000000002,2opt,improve
812,14,9562.02,5,654.5000000000002,swap,acceptBad
813,14,9550.000000000002,5,654.5000000000002,2opt,improve
814,14,7472.0800000000045,5,654.5000000000002,move,improve
815,13,5968.600000000001,5,654.5000000000002,2opt,improve
816,13,10005.980000000007,5,654.5000000000002,2opt,acceptBad
817,13,10288.200000000004,5,654.5000000000002,2opt,acceptBad
818,13,6949.340000000005,5,654.5000000000002,move,improve
819,13,7117.920000000003,5,654.5000000000002,2opt,acceptBad
820,13,7118.780000000003,5,654.5000000000002,swap,acceptBad
821,13,7321.44,5,654.5000000000002,2opt,acceptBad
822,13,7156.7599999999975,5,654.5000000000002,move,improve
823,13,10685.980000000005,5,654.5000000000002,swap,acceptBad
824,13,10413.920000000007,5,654.5000000000002,move,improve
825,13,10403.320000000005,5,654.5000000000002,2opt,improve
826,13,10287.180000000004,5,654.5000000000002,swap,improve
827,13,8762.080000000002,5,654.5000000000002,2opt,improve
828,13,5516.78,5,654.5000000000002,move,improve
829,13,7120.100000000001,5,654.5000000000002,2opt,acceptBad
830,13,7152.78,5,654.5000000000002,swap,acceptBad
831,13,5531.900000000001,5,654.5000000000002,move,improve
832,13,9513.500000000002,5,654.5000000000002,2opt,acceptBad
833,13,9571.52,5,654.5000000000002,2opt,acceptBad
834,13,9673.0,5,654.5000000000002,swap,acceptBad
835,13,9663.919999999998,5,654.5000000000002,2opt,improve
836,13,7101.100000000001,5,654.5000000000002,move,improve
837,14,7477.46,5,654.5000000000002,2opt,acceptBad
838,14,7477.46,5,654.5000000000002,2opt,improve
839,14,6090.200000000003,5,654.5000000000002,move,improve
840,14,6090.200000000003,5,654.5000000000002,2opt,improve
841,14,5722.660000000002,5,654.5000000000002,move,improve
842,14,4858.079999999999,5,654.5000000000002,swap,improve
843,14,4315.28,5,654.5000000000002,move,improve
844,14,4315.28,5,654.5000000000002,2opt,notBad
845,14,5030.039999999999,5,654.5000000000002,2opt,acceptBad
846,14,4577.76,5,654.5000000000002,move,improve
847,14,4182.68,5,654.5000000000002,swap,improve
848,14,5418.4,5,654.5000000000002,swap,acceptBad
849,15,7627.680000000001,5,654.5000000000002,2opt,acceptBad
850,15,6683.200000000001,5,654.5000000000002,move,improve
851,15,4153.28,5,654.5000000000002,move,improve
852,15,3107.1000000000004,5,654.5000000000002,move,improve
853,15,4770.480000000002,5,654.5000000000002,2opt,acceptBad
854,15,4776.000000000002,5,654.5000000000002,2opt,acceptBad
855,16,6043.2800000000025,5,654.5000000000002,2opt,acceptBad
856,16,6043.2800000000025,5,654.5000000000002,move,improve
857,16,5628.440000000003,5,654.5000000000002,move,improve
858,16,7823.74,5,654.5000000000002,swap,acceptBad
859,16,5621.200000000003,5,654.5000000000002,move,improve
860,16,5484.020000000002,5,654.5000000000002,move,improve
861,16,5484.020000000002,5,654.5000000000002,move,improve
862,16,5484.020000000002,5,654.5000000000002,move,improve
863,16,5507.960000000003,5,654.5000000000002,swap,acceptBad
864,16,5507.960000000003,5,654.5000000000002,2opt,notBad
865,17,10471.280000000004,5,654.5000000000002,2opt,acceptBad
866,17,9321.88,5,654.5000000000002,move,improve
867,17,8726.799999999997,5,654.5000000000002,2opt,improve
868,17,10955.639999999998,5,654.5000000000002,swap,acceptBad
869,17,7980.200000000004,5,654.5000000000002,move,improve
870,17,14380.479999999994,5,654.5000000000002,2opt,acceptBad
871,17,13810.339999999993,5,654.5000000000002,swap,improve
872,17,14084.98,5,654.5000000000002,swap,acceptBad
873,17,14187.64,5,654.5000000000002,swap,acceptBad
874,17,13713.859999999999,5,654.5000000000002,move,improve
875,16,14004.880000000001,5,654.5000000000002,2opt,acceptBad
876,16,12578.359999999999,5,654.5000000000002,move,improve
877,16,12578.359999999999,5,654.5000000000002,move,improve
878,16,7302.260000000001,5,654.5000000000002,move,improve
879,16,7179.6399999999985,5,654.5000000000002,move,improve
880,15,6934.160000000001,5,654.5000000000002,2opt,improve
881,15,6451.960000000003,5,654.5000000000002,move,improve
882,15,6056.340000000001,5,654.5000000000002,move,improve
883,15,6376.14,5,654.5000000000002,2opt,acceptBad
884,15,6376.14,5,654.5000000000002,2opt,notBad
885,15,8448.279999999999,5,654.5000000000002,swap,acceptBad
886,15,8130.499999999996,5,654.5000000000002,swap,improve
887,15,9685.519999999999,5,654.5000000000002,swap,acceptBad
888,15,9075.240000000002,5,654.5000000000002,move,improve
889,15,8669.060000000003,5,654.5000000000002,swap,improve
890,15,9088.960000000003,5,654.5000000000002,swap,acceptBad
891,15,8208.140000000001,5,654.5000000000002,move,improve
892,15,7701.540000000005,5,654.5000000000002,move,improve
893,15,8725.960000000001,5,654.5000000000002,2opt,acceptBad
894,15,8478.039999999999,5,654.5000000000002,move,improve
895,15,8454.62,5,654.5000000000002,2opt,improve
896,15,9049.959999999997,5,654.5000000000002,2opt,acceptBad
897,15,8523.959999999995,5,654.5000000000002,2opt,improve
898,15,8523.959999999995,5,654.5000000000002,move,improve
899,15,8636.619999999999,5,654.5000000000002,2opt,acceptBad
900,15,8659.42,5,654.5000000000002,2opt,acceptBad
901,15,8379.02,5,654.5000000000002,move,improve
902,15,8029.500000000001,5,654.5000000000002,swap,improve
903,15,8029.500000000001,5,654.5000000000002,2opt,notBad
904,15,8490.060000000001,5,654.5000000000002,2opt,acceptBad
905,15,8490.060000000001,5,654.5000000000002,2opt,improve
906,15,8025.66,5,654.5000000000002,move,improve
907,15,9901.660000000002,5,654.5000000000002,2opt,acceptBad
908,15,10205.840000000002,5,654.5000000000002,swap,acceptBad
909,15,9628.739999999994,5,654.5000000000002,2opt,improve
910,15,10205.840000000002,5,654.5000000000002,2opt,acceptBad
911,15,9971.02,5,654.5000000000002,move,improve
912,15,9774.939999999999,5,654.5000000000002,move,improve
913,15,9769.840000000004,5,654.5000000000002,swap,improve
914,15,11987.36,5,654.5000000000002,swap,acceptBad
915,15,12511.359999999999,5,654.5000000000002,2opt,acceptBad
916,15,12511.359999999999,5,654.5000000000002,2opt,improve
917,15,13782.0,5,654.5000000000002,2opt,acceptBad
918,15,13439.959999999997,5,654.5000000000002,2opt,improve
919,15,13442.119999999999,5,654.5000000000002,swap,acceptBad
920,15,13526.279999999999,5,654.5000000000002,2opt,acceptBad
921,15,13335.4,5,654.5000000000002,move,improve
922,15,13335.86,5,654.5000000000002,swap,acceptBad
923,15,13200.859999999999,5,654.5000000000002,swap,improve
924,15,13340.460000000001,5,654.5000000000002,swap,acceptBad
925,15,10037.759999999998,5,654.5000000000002,move,improve
926,15,12265.6,5,654.5000000000002,2opt,acceptBad
927,15,12265.6,5,654.5000000000002,2opt,improve
928,15,10226.579999999998,5,654.5000000000002,move,improve
929,15,10366.180000000006,5,654.5000000000002,2opt,acceptBad
930,15,10370.020000000004,5,654.5000000000002,2opt,acceptBad
931,15,10474.700000000003,5,654.5000000000002,2opt,acceptBad
932,15,14501.400000000003,5,654.5000000000002,swap,acceptBad
933,15,14501.82,5,654.5000000000002,2opt,acceptBad
934,15,15993.300000000003,5,654.5000000000002,2opt,acceptBad
935,16,16703.44,5,654.5000000000002,2opt,acceptBad
936,16,16667.5,5,654.5000000000002,swap,improve
937,16,15320.06,5,654.5000000000002,swap,improve
938,16,14872.360000000004,5,654.5000000000002,2opt,improve
939,16,12524.680000000006,5,654.5000000000002,move,improve
940,16,10449.860000000006,5,654.5000000000002,2opt,improve
941,16,11656.500000000005,5,654.5000000000002,swap,acceptBad
942,16,12222.320000000005,5,654.5000000000002,2opt,acceptBad
943,16,11136.820000000005,5,654.5000000000002,move,improve
944,16,11125.02,5,654.5000000000002,2opt,improve
945,16,10562.12,5,654.5000000000002,swap,improve
946,16,10562.12,5,654.5000000000002,2opt,notBad
947,16,10562.12,5,654.5000000000002,2opt,notBad
948,16,8235.36,5,654.5000000000002,swap,improve
949,16,7461.840000000006,5,654.5000000000002,move,improve
950,16,6448.420000000002,5,654.5000000000002,move,improve
951,16,5753.600000000002,5,654.5000000000002,move,improve
952,16,5753.600000000002,5,654.5000000000002,move,improve
953,16,8422.840000000002,5,654.5000000000002,2opt,acceptBad
954,16,6538.7400000000025,5,654.5000000000002,move,improve
955,16,6373.9,5,654.5000000000002,2opt,improve
956,16,5581.1,5,654.5000000000002,swap,improve
957,16,7215.920000000002,5,654.5000000000002,swap,acceptBad
958,15,7184.560000000005,5,654.5000000000002,2opt,improve
959,15,7184.560000000005,5,654.5000000000002,2opt,improve
960,15,6247.180000000005,5,654.5000000000002,move,improve
961,15,6247.180000000005,5,654.5000000000002,move,improve
962,15,6178.060000000004,5,654.5000000000002,move,improve
963,15,6178.060000000004,5,654.5000000000002,2opt,notBad
964,15,6123.120000000002,5,654.5000000000002,move,improve
965,15,6123.120000000002,5,654.5000000000002,2opt,notBad
966,14,5421.700000000002,5,654.5000000000002,move,improve
967,14,5884.7400000000025,5,654.5000000000002,2opt,acceptBad
968,14,6649.960000000003,5,654.5000000000002,swap,acceptBad
969,14,6649.960000000003,5,654.5000000000002,move,improve
970,14,7037.52,5,654.5000000000002,2opt,acceptBad
971,14,7037.52,5,654.5000000000002,2opt,notBad
972,14,6174.840000000002,5,654.5000000000002,move,improve
973,14,6348.620000000001,5,654.5000000000002,swap,acceptBad
974,14,6777.040000000004,5,654.5000000000002,swap,acceptBad
975,14,7008.500000000004,5,654.5000000000002,2opt,acceptBad
976,14,7008.500000000004,5,654.5000000000002,2opt,improve
977,14,7008.500000000004,5,654.5000000000002,2opt,notBad
978,14,6828.4200000000055,5,654.5000000000002,swap,improve
979,14,6556.360000000003,5,654.5000000000002,move,improve
980,14,7099.580000000004,5,654.5000000000002,2opt,acceptBad
981,14,7895.000000000001,5,654.5000000000002,swap,acceptBad
982,14,8342.720000000001,5,654.5000000000002,swap,acceptBad
983,14,8261.140000000001,5,654.5000000000002,move,improve
984,14,7569.960000000001,5,654.5000000000002,move,improve
985,14,7355.18,5,654.5000000000002,move,improve
986,14,7484.98,5,654.5000000000002,2opt,acceptBad
987,14,8550.319999999996,5,654.5000000000002,swap,acceptBad
988,15,11560.459999999997,5,654.5000000000002,2opt,acceptBad
989,15,10487.639999999996,5,654.5000000000002,move,improve
990,15,10489.579999999998,5,654.5000000000002,2opt,acceptBad
991,15,9441.960000000001,5,654.5000000000002,swap,improve
992,15,9373.600000000002,5,654.5000000000002,swap,improve
993,15,9068.04,5,654.5000000000002,2opt,improve
994,15,9070.66,5,654.5000000000002,swap,acceptBad
995,15,9070.66,5,654.5000000000002,2opt,notBad
996,15,8347.199999999997,5,654.5000000000002,move,improve
997,15,8225.38,5,654.5000000000002,swap,improve
998,15,7565.239999999996,5,654.5000000000002,swap,improve
999,15,6891.579999999996,5,654.5000000000002,move,improve
1000,15,6885.819999999997,5,654.5000000000002,2opt,improve
1001,15,6896.019999999995,5,654.5000000000002,2opt,acceptBad
1002,15,11279.640000000001,5,654.5000000000002,2opt,acceptBad
1003,15,12560.659999999998,5,654.5000000000002,2opt,acceptBad
1004,15,12618.04,5,654.5000000000002,2opt,acceptBad
1005,15,12618.04,5,654.5000000000002,2opt,notBad
1006,15,12958.599999999999,5,654.5000000000002,2opt,acceptBad
1007,15,12778.119999999994,5,654.5000000000002,swap,improve
1008,15,12459.38,5,654.5000000000002,2opt,improve
1009,15,12025.600000000002,5,654.5000000000002,swap,improve
1010,15,11749.6,5,654.5000000000002,swap,improve
1011,15,10659.459999999997,5,654.5000000000002,move,improve
1012,15,11769.400000000001,5,654.5000000000002,swap,acceptBad
1013,15,11746.740000000002,5,654.5000000000002,swap,improve
1014,15,10216.300000000001,5,654.5000000000002,move,improve
1015,15,10204.620000000003,5,654.5000000000002,swap,improve
1016,15,9614.600000000008,5,654.5000000000002,2opt,improve
1017,15,9356.680000000004,5,654.5000000000002,move,improve
1018,15,9540.220000000003,5,654.5000000000002,swap,acceptBad
1019,15,7614.0,5,654.5000000000002,move,improve
1020,15,7345.139999999999,5,654.5000000000002,move,improve
1021,15,8189.539999999999,5,654.5000000000002,swap,acceptBad
1022,15,10309.54,5,654.5000000000002,swap,acceptBad
1023,15,10416.540000000003,5,654.5000000000002,2opt,acceptBad
1024,15,9346.360000000002,5,654.5000000000002,swap,improve
1025,15,10338.099999999999,5,654.5000000000002,2opt,acceptBad
1026,15,10173.700000000003,5,654.5000000000002,2opt,improve
1027,15,9661.020000000002,5,654.5000000000002,2opt,improve
1028,15,10504.940000000002,5,654.5000000000002,2opt,acceptBad
1029,15,9452.619999999999,5,654.5000000000002,swap,improve
1030,15,8279.440000000002,5,654.5000000000002,move,improve
1031,15,7789.940000000002,5,654.5000000000002,swap,improve
1032,15,6157.0599999999995,5,654.5000000000002,move,improve
1033,15,4771.52,5,654.5000000000002,2opt,improve
1034,15,4158.54,5,654.5000000000002,move,improve
1035,15,4158.54,5,654.5000000000002,2opt,notBad
1036,15,5703.139999999999,5,654.5000000000002,2opt,acceptBad
1037,15,6809.380000000001,5,654.5000000000002,2opt,acceptBad
1038,15,6807.839999999999,5,654.5000000000002,2opt,improve
1039,15,6547.1399999999985,5,654.5000000000002,move,improve
1040,15,7502.559999999998,5,654.5000000000002,2opt,acceptBad
1041,15,5790.799999999999,5,654.5000000000002,move,improve
1042,15,5294.1799999999985,5,654.5000000000002,move,improve
1043,15,8429.859999999995,5,654.5000000000002,swap,acceptBad
1044,15,5730.86,5,654.5000000000002,move,improve
1045,15,5737.259999999999,5,654.5000000000002,2opt,acceptBad
1046,15,4818.759999999999,5,654.5000000000002,move,improve
1047,15,5103.279999999999,5,654.5000000000002,swap,acceptBad
1048,15,5249.599999999999,5,654.5000000000002,swap,acceptBad
1049,15,3715.2800000000007,5,654.5000000000002,move,improve
1050,15,3715.2800000000007,5,654.5000000000002,move,improve
1051,15,4716.299999999998,5,654.5000000000002,swap,acceptBad
1052,15,4719.58,5,654.5000000000002,2opt,acceptBad
1053,15,4643.3600000000015,5,654.5000000000002,2opt,improve
1054,15,4019.0800000000017,5,654.5000000000002,move,improve
1055,15,4831.58,5,654.5000000000002,2opt,acceptBad
1056,15,5025.800000000003,5,654.5000000000002,2opt,acceptBad
1057,15,4303.780000000002,5,654.5000000000002,move,improve
1058,15,7503.660000000005,5,654.5000000000002,2opt,acceptBad
1059,15,6875.760000000004,5,654.5000000000002,2opt,improve
1060,15,7705.180000000001,5,654.5000000000002,2opt,acceptBad
1061,15,7022.480000000001,5,654.5000000000002,move,improve
1062,15,6473.620000000004,5,654.5000000000002,swap,improve
1063,15,6473.620000000004,5,654.5000000000002,move,improve
1064,15,6373.960000000002,5,654.5000000000002,swap,improve
1065,15,6373.960000000002,5,654.5000000000002,2opt,notBad
1066,15,6373.960000000002,5,654.5000000000002,move,improve
1067,15,6373.960000000002,5,654.5000000000002,move,improve
1068,15,6373.960000000002,5,654.5000000000002,2opt,notBad
1069,15,6373.960000000002,5,654.5000000000002,2opt,notBad
1070,15,6301.66,5,654.5000000000002,2opt,improve
1071,15,6260.519999999998,5,654.5000000000002,move,improve
1072,15,6100.62,5,654.5000000000002,move,improve
1073,15,6018.86,5,654.5000000000002,swap,improve
1074,15,5011.280000000001,5,654.5000000000002,move,improve
1075,15,5084.579999999998,5,654.5000000000002,swap,acceptBad
1076,15,5126.7599999999975,5,654.5000000000002,swap,acceptBad
1077,15,3732.619999999999,5,654.5000000000002,move,improve
1078,15,3732.619999999999,5,654.5000000000002,move,improve
1079,15,3732.619999999999,5,654.5000000000002,2opt,notBad
1080,15,5367.960000000001,5,654.5000000000002,swap,acceptBad
1081,15,5380.219999999999,5,654.5000000000002,2opt,acceptBad
1082,15,6153.400000000001,5,654.5000000000002,swap,acceptBad
1083,15,6153.400000000001,5,654.5000000000002,2opt,notBad
1084,15,4817.4400000000005,5,654.5000000000002,move,improve
1085,15,5037.360000000002,5,654.5000000000002,swap,acceptBad
1086,15,4890.84,5,654.5000000000002,swap,improve
1087,15,4145.779999999999,5,654.5000000000002,2opt,improve
1088,15,4145.779999999999,5,654.5000000000002,move,improve
1089,15,4414.299999999999,5,654.5000000000002,swap,acceptBad
1090,15,4414.299999999999,5,654.5000000000002,move,improve
1091,15,4414.299999999999,5,654.5000000000002,move,improve
1092,15,4720.92,5,654.5000000000002,swap,acceptBad
1093,15,4860.120000000001,5,654.5000000000002,2opt,acceptBad
1094,15,5225.860000000001,5,654.5000000000002,swap,acceptBad
1095,15,5160.88,5,654.5000000000002,swap,improve
1096,15,6117.340000000002,5,654.5000000000002,2opt,acceptBad
1097,15,5301.440000000003,5,654.5000000000002,move,improve
1098,15,5289.280000000003,5,654.5000000000002,swap,improve
1099,15,4834.160000000002,5,654.5000000000002,2opt,improve
1100,15,4834.160000000002,5,654.5000000000002,2opt,notBad
1101,15,4664.420000000003,5,654.5000000000002,move,improve
1102,15,4303.119999999999,5,654.5000000000002,move,improve
1103,15,4846.420000000001,5,654.5000000000002,2opt,acceptBad
1104,15,4325.459999999999,5,654.5000000000002,swap,improve
1105,15,4320.659999999999,5,654.5000000000002,move,improve
1106,15,4320.659999999999,5,654.5000000000002,2opt,notBad
1107,15,4224.979999999999,5,654.5000000000002,swap,improve
1108,15,4224.979999999999,5,654.5000000000002,2opt,notBad
1109,15,4229.339999999998,5,654.5000000000002,swap,acceptBad
1110,15,4229.339999999998,5,654.5000000000002,2opt,improve
1111,15,4229.339999999998,5,654.5000000000002,2opt,notBad
1112,15,3655.059999999999,5,654.5000000000002,move,improve
1113,15,3654.6600000000008,5,654.5000000000002,2opt,improve
1114,15,3654.6600000000008,5,654.5000000000002,move,improve
1115,15,3654.6600000000008,5,654.5000000000002,2opt,notBad
1116,15,3654.6600000000008,5,654.5000000000002,2opt,notBad
1117,15,3933.620000000001,5,654.5000000000002,swap,acceptBad
1118,15,4269.859999999996,5,654.5000000000002,2opt,acceptBad
1119,15,5071.3399999999965,5,654.5000000000002,swap,acceptBad
1120,15,7043.659999999998,5,654.5000000000002,swap,acceptBad
1121,15,7043.659999999998,5,654.5000000000002,2opt,notBad
1122,15,7087.700000000006,5,654.5000000000002,2opt,acceptBad
1123,15,7079.460000000002,5,654.5000000000002,swap,improve
1124,15,5331.660000000002,5,654.5000000000002,move,improve
1125,15,5595.380000000003,5,654.5000000000002,swap,acceptBad
1126,15,6508.100000000002,5,654.5000000000002,2opt,acceptBad
1127,15,6508.100000000002,5,654.5000000000002,2opt,notBad
1128,15,6508.100000000002,5,654.5000000000002,2opt,notBad
1129,15,7698.08,5,654.5000000000002,swap,acceptBad
1130,15,10556.279999999997,5,654.5000000000002,swap,acceptBad
1131,15,6373.82,5,654.5000000000002,2opt,improve
1132,15,6373.82,5,654.5000000000002,2opt,notBad
1133,15,6373.82,5,654.5000000000002,move,improve
1134,15,6718.1,5,654.5000000000002,swap,acceptBad
1135,15,6714.260000000001,5,654.5000000000002,swap,improve
1136,15,6714.260000000001,5,654.5000000000002,2opt,notBad
1137,15,6262.760000000001,5,654.5000000000002,swap,improve
1138,15,6361.760000000003,5,654.5000000000002,swap,acceptBad
1139,15,6482.460000000002,5,654.5000000000002,swap,acceptBad
1140,15,6482.460000000002,5,654.5000000000002,2opt,notBad
1141,14,6581.880000000001,5,654.5000000000002,2opt,acceptBad
1142,14,7368.060000000001,5,654.5000000000002,swap,acceptBad
1143,14,6376.860000000003,5,654.5000000000002,swap,improve
1144,14,6376.860000000003,5,654.5000000000002,2opt,notBad
1145,14,6366.6600000000035,5,654.5000000000002,swap,improve
1146,14,6366.6600000000035,5,654.5000000000002,2opt,notBad
1147,14,7064.180000000004,5,654.5000000000002,2opt,acceptBad
1148,14,5975.940000000002,5,654.5000000000002,move,improve
1149,14,10157.28,5,654.5000000000002,swap,acceptBad
1150,14,10231.059999999998,5,654.5000000000002,swap,acceptBad
1151,14,10231.059999999998,5,654.5000000000002,2opt,notBad
1152,14,9798.739999999998,5,654.5000000000002,move,improve
1153,14,9193.640000000001,5,654.5000000000002,2opt,improve
1154,14,5814.080000000005,5,654.5000000000002,move,improve
1155,14,8143.800000000003,5,654.5000000000002,swap,acceptBad
1156,14,10185.660000000002,5,654.5000000000002,2opt,acceptBad
1157,14,10448.740000000002,5,654.5000000000002,2opt,acceptBad
1158,14,9975.16,5,654.5000000000002,swap,improve
1159,14,10223.500000000002,5,654.5000000000002,2opt,acceptBad
1160,14,10083.880000000003,5,654.5000000000002,swap,improve
1161,14,9431.040000000003,5,654.5000000000002,2opt,improve
1162,14,8106.500000000002,5,654.5000000000002,move,improve
1163,14,8104.840000000001,5,654.5000000000002,2opt,improve
1164,14,9814.019999999999,5,654.5000000000002,2opt,acceptBad
1165,14,10261.679999999997,5,654.5000000000002,2opt,acceptBad
1166,14,11524.599999999997,5,654.5000000000002,2opt,acceptBad
1167,14,11420.579999999996,5,654.5000000000002,swap,improve
1168,14,10075.64,5,654.5000000000002,swap,improve
1169,14,12141.900000000003,5,654.5000000000002,swap,acceptBad
1170,14,11141.660000000002,5,654.5000000000002,move,improve
1171,14,10726.400000000003,5,654.5000000000002,swap,improve
1172,14,11438.540000000003,5,654.5000000000002,2opt,acceptBad
1173,14,10075.86,5,654.5000000000002,2opt,improve
1174,14,9388.859999999999,5,654.5000000000002,move,improve
1175,14,9037.26,5,654.5000000000002,swap,improve
1176,14,8118.280000000001,5,654.5000000000002,move,improve
1177,14,7941.62,5,654.5000000000002,2opt,improve
1178,14,11459.979999999998,5,654.5000000000002,swap,acceptBad
1179,14,11460.839999999998,5,654.5000000000002,2opt,acceptBad
1180,14,12261.219999999994,5,654.5000000000002,swap,acceptBad
1181,14,11158.579999999994,5,654.5000000000002,2opt,improve
1182,14,12169.56,5,654.5000000000002,swap,acceptBad
1183,14,12169.56,5,654.5000000000002,2opt,notBad
1184,14,12158.099999999999,5,654.5000000000002,2opt,improve
1185,14,12062.6,5,654.5000000000002,swap,improve
1186,14,12062.6,5,654.5000000000002,move,improve
1187,13,11749.38,5,654.5000000000002,2opt,improve
1188,13,9647.64,5,654.5000000000002,move,improve
1189,13,9189.519999999997,5,654.5000000000002,move,improve
1190,13,8985.499999999998,5,654.5000000000002,move,improve
1191,13,7480.9,5,654.5000000000002,move,improve
1192,13,7483.499999999999,5,654.5000000000002,swap,acceptBad
1193,13,7513.679999999999,5,654.5000000000002,swap,acceptBad
1194,13,9023.039999999999,5,654.5000000000002,swap,acceptBad
1195,13,9023.039999999999,5,654.5000000000002,2opt,notBad
1196,13,9323.339999999998,5,654.5000000000002,swap,acceptBad
1197,13,9459.5,5,654.5000000000002,swap,acceptBad
1198,13,7600.560000000001,5,654.5000000000002,move,improve
1199,13,6942.440000000001,5,654.5000000000002,swap,improve
1200,13,6942.560000000002,5,654.5000000000002,2opt,acceptBad
1201,13,6356.88,5,654.5000000000002,move,improve
1202,13,5917.920000000001,5,654.5000000000002,move,improve
1203,13,5507.34,5,654.5000000000002,move,improve
1204,13,6092.2400000000025,5,654.5000000000002,swap,acceptBad
1205,13,6034.2800000000025,5,654.5000000000002,swap,improve
1206,13,5620.800000000002,5,654.5000000000002,move,improve
1207,13,7198.680000000001,5,654.5000000000002,swap,acceptBad
1208,13,9039.96,5,654.5000000000002,swap,acceptBad
1209,13,9045.619999999997,5,654.5000000000002,2opt,acceptBad
1210,13,8858.66,5,654.5000000000002,swap,improve
1211,13,8689.420000000002,5,654.5000000000002,2opt,improve
1212,13,6989.680000000001,5,654.5000000000002,move,improve
1213,13,6989.680000000001,5,654.5000000000002,2opt,improve
1214,13,6123.759999999998,5,654.5000000000002,move,improve
1215,13,4782.54,5,654.5000000000002,move,improve
1216,13,4381.4400000000005,5,654.5000000000002,move,improve
1217,13,4300.22,5,654.5000000000002,swap,improve
1218,13,4349.259999999998,5,654.5000000000002,2opt,acceptBad
1219,13,3881.4199999999983,5,654.5000000000002,move,improve
1220,13,3206.2200000000003,5,654.5000000000002,move,improve
1221,13,2990.120000000001,5,654.5000000000002,swap,improve
1222,13,2990.120000000001,5,654.5000000000002,move,improve
1223,13,2990.120000000001,5,654.5000000000002,move,improve
1224,13,4843.159999999999,5,654.5000000000002,swap,acceptBad
1225,13,4513.220000000001,5,654.5000000000002,2opt,improve
1226,13,2430.6800000000003,5,654.5000000000002,2opt,improve
1227,13,2435.540000000001,5,654.5000000000002,swap,acceptBad
1228,13,2622.7799999999997,5,654.5000000000002,swap,acceptBad
1229,13,2622.7799999999997,5,654.5000000000002,2opt,notBad
1230,13,2622.7799999999997,5,654.5000000000002,2opt,notBad
1231,13,2622.7799999999997,5,654.5000000000002,2opt,notBad
1232,13,2610.660000000001,5,654.5000000000002,2opt,improve
1233,13,2610.660000000001,5,654.5000000000002,2opt,notBad
1234,13,2610.660000000001,5,654.5000000000002,move,improve
1235,13,2471.760000000001,5,654.5000000000002,move,improve
1236,13,3102.600000000001,5,654.5000000000002,swap,acceptBad
1237,13,3102.600000000001,5,654.5000000000002,2opt,notBad
1238,13,2895.3599999999997,5,654.5000000000002,move,improve
1239,13,2895.3599999999997,5,654.5000000000002,move,improve
1240,13,2895.3599999999997,5,654.5000000000002,move,improve
1241,13,2645.439999999999,5,654.5000000000002,move,improve
1242,13,2645.439999999999,5,654.5000000000002,move,improve
1243,13,2646.1999999999994,5,654.5000000000002,2opt,acceptBad
1244,13,2646.1999999999994,5,654.5000000000002,2opt,notBad
1245,13,2646.1999999999994,5,654.5000000000002,2opt,notBad
1246,13,2537.479999999998,5,654.5000000000002,swap,improve
1247,13,4803.379999999999,5,654.5000000000002,swap,acceptBad
1248,13,4802.62,5,654.5000000000002,move,improve
1249,13,4349.999999999999,5,654.5000000000002,move,improve
1250,13,4324.360000000001,5,654.5000000000002,2opt,improve
1251,13,3947.660000000001,5,654.5000000000002,move,improve
1252,13,3947.660000000001,5,654.5000000000002,2opt,improve
1253,13,3947.660000000001,5,654.5000000000002,2opt,notBad
1254,13,4081.280000000001,5,654.5000000000002,swap,acceptBad
1255,13,4212.600000000001,5,654.5000000000002,swap,acceptBad
1256,13,3723.88,5,654.5000000000002,move,improve
1257,13,4285.68,5,654.5000000000002,2opt,acceptBad
1258,13,4285.68,5,654.5000000000002,2opt,improve
1259,13,4627.599999999998,5,654.5000000000002,2opt,acceptBad
1260,13,4939.939999999999,5,654.5000000000002,swap,acceptBad
1261,13,4201.399999999999,5,654.5000000000002,move,improve
1262,13,3536.8399999999992,5,654.5000000000002,move,improve
1263,13,3174.379999999999,5,654.5000000000002,move,improve
1264,13,3174.379999999999,5,654.5000000000002,move,improve
1265,13,3866.4399999999996,5,654.5000000000002,2opt,acceptBad
1266,13,3502.740000000001,5,654.5000000000002,2opt,improve
1267,13,3502.740000000001,5,654.5000000000002,2opt,notBad
1268,13,3502.740000000001,5,654.5000000000002,move,improve
1269,13,3487.0200000000013,5,654.5000000000002,swap,improve
1270,13,3649.0200000000023,5,654.5000000000002,swap,acceptBad
1271,13,3244.4,5,654.5000000000002,move,improve
1272,13,3244.4,5,654.5000000000002,2opt,notBad
1273,13,3460.1000000000004,5,654.5000000000002,swap,acceptBad
1274,13,3059.6399999999994,5,654.5000000000002,swap,improve
1275,13,3067.96,5,654.5000000000002,2opt,acceptBad
1276,13,3067.96,5,654.5000000000002,2opt,notBad
1277,13,2645.9000000000005,5,654.5000000000002,move,improve
1278,13,2651.08,5,654.5000000000002,2opt,acceptBad
1279,13,2643.76,5,654.5000000000002,2opt,improve
1280,13,2679.1000000000013,5,654.5000000000002,swap,acceptBad
1281,13,3145.0800000000004,5,654.5000000000002,2opt,acceptBad
1282,13,3134.6600000000008,5,654.5000000000002,swap,improve
1283,13,2829.879999999999,5,654.5000000000002,move,improve
1284,13,2754.640000000001,5,654.5000000000002,move,improve
1285,13,2754.640000000001,5,654.5000000000002,2opt,notBad
1286,13,2930.3199999999997,5,654.5000000000002,2opt,acceptBad
1287,13,2290.119999999999,5,654.5000000000002,move,improve
1288,13,2290.119999999999,5,654.5000000000002,2opt,notBad
1289,13,2288.0999999999985,5,654.5000000000002,2opt,improve
1290,13,2279.459999999999,5,654.5000000000002,move,improve
1291,13,2065.2199999999984,5,654.5000000000002,move,improve
1292,13,2204.54,5,654.5000000000002,move,acceptBad
1293,13,2204.54,5,654.5000000000002,move,improve
1294,13,2797.8199999999997,5,654.5000000000002,swap,acceptBad
1295,13,2797.8199999999997,5,654.5000000000002,move,improve
1296,13,2797.8199999999997,5,654.5000000000002,move,improve
1297,13,2797.8199999999997,5,654.5000000000002,2opt,notBad
1298,13,3051.4400000000005,5,654.5000000000002,swap,acceptBad
1299,13,4341.499999999998,5,654.5000000000002,2opt,acceptBad
1300,13,4316.839999999998,5,654.5000000000002,move,improve
1301,13,3493.0800000000004,5,654.5000000000002,move,improve
1302,13,3493.0800000000004,5,654.5000000000002,2opt,notBad
1303,13,4528.36,5,654.5000000000002,2opt,acceptBad
1304,13,4315.419999999999,5,654.5000000000002,2opt,improve
1305,13,7154.379999999999,5,654.5000000000002,swap,acceptBad
1306,13,7277.54,5,654.5000000000002,swap,acceptBad
1307,13,5866.9400000000005,5,654.5000000000002,move,improve
1308,13,6196.039999999998,5,654.5000000000002,swap,acceptBad
1309,13,6196.039999999998,5,654.5000000000002,move,improve
1310,13,6308.360000000001,5,654.5000000000002,swap,acceptBad
1311,13,6901.8600000000015,5,654.5000000000002,swap,acceptBad
1312,13,6901.8600000000015,5,654.5000000000002,2opt,notBad
1313,13,6970.300000000001,5,654.5000000000002,2opt,acceptBad
1314,13,6040.280000000001,5,654.5000000000002,move,improve
1315,13,5750.860000000002,5,654.5000000000002,move,improve
1316,13,5750.860000000002,5,654.5000000000002,2opt,notBad
1317,13,5750.860000000002,5,654.5000000000002,2opt,improve
1318,13,5837.520000000001,5,654.5000000000002,swap,acceptBad
1319,13,6385.700000000001,5,654.5000000000002,2opt,acceptBad
1320,13,5791.040000000003,5,654.5000000000002,move,improve
1321,13,5791.040000000003,5,654.5000000000002,move,improve
1322,13,5648.640000000002,5,654.5000000000002,swap,improve
1323,13,5648.640000000002,5,654.5000000000002,2opt,notBad
1324,13,5648.640000000002,5,654.5000000000002,move,improve
1325,13,5581.620000000001,5,654.5000000000002,2opt,improve
1326,13,5581.620000000001,5,654.5000000000002,2opt,notBad
1327,13,5070.22,5,654.5000000000002,move,improve
1328,13,5034.32,5,654.5000000000002,swap,improve
1329,13,7964.359999999999,5,654.5000000000002,swap,acceptBad
1330,13,7964.359999999999,5,654.5000000000002,2opt,notBad
1331,13,7680.0599999999995,5,654.5000000000002,move,improve
1332,13,5655.300000000002,5,654.5000000000002,move,improve
1333,13,5017.879999999999,5,654.5000000000002,swap,improve
1334,12,4453.36,5,654.5000000000002,2opt,improve
1335,12,3930.3800000000015,5,654.5000000000002,move,improve
1336,12,3932.6,5,654.5000000000002,2opt,acceptBad
1337,12,3816.120000000001,5,654.5000000000002,move,improve
1338,12,3816.120000000001,5,654.5000000000002,2opt,notBad
1339,12,3227.900000000001,5,654.5000000000002,move,improve
1340,12,2506.8400000000015,5,654.5000000000002,move,improve
1341,12,2506.8400000000015,5,654.5000000000002,move,improve
1342,12,2506.8400000000015,5,654.5000000000002,2opt,notBad
1343,12,2482.8400000000015,5,654.5000000000002,swap,improve
1344,12,2659.0000000000014,5,654.5000000000002,2opt,acceptBad
1345,12,2659.0000000000014,5,654.5000000000002,2opt,notBad
1346,12,2621.6200000000003,5,654.5000000000002,move,improve
1347,12,3324.8600000000024,5,654.5000000000002,2opt,acceptBad
1348,12,3324.8600000000024,5,654.5000000000002,move,improve
1349,12,3335.260000000001,5,654.5000000000002,2opt,acceptBad
1350,12,2992.780000000002,5,654.5000000000002,move,improve
1351,12,2976.020000000002,5,654.5000000000002,swap,improve
1352,12,2976.020000000002,5,654.5000000000002,move,improve
1353,12,3165.7200000000025,5,654.5000000000002,swap,acceptBad
1354,12,3580.4600000000028,5,654.5000000000002,swap,acceptBad
1355,12,3576.9,5,654.5000000000002,swap,improve
1356,12,3237.460000000001,5,654.5000000000002,move,improve
1357,12,3088.0200000000013,5,654.5000000000002,move,improve
1358,12,3088.0200000000013,5,654.5000000000002,2opt,notBad
1359,12,3445.1400000000012,5,654.5000000000002,2opt,acceptBad
1360,12,3445.1400000000012,5,654.5000000000002,2opt,notBad
1361,12,3445.1400000000012,5,654.5000000000002,move,improve
1362,12,3445.1400000000012,5,654.5000000000002,move,improve
1363,12,3673.8600000000006,5,654.5000000000002,swap,acceptBad
1364,12,3678.1000000000017,5,654.5000000000002,2opt,acceptBad
1365,12,3775.22,5,654.5000000000002,swap,acceptBad
1366,12,3775.22,5,654.5000000000002,2opt,improve
1367,12,3775.22,5,654.5000000000002,2opt,notBad
1368,12,3708.4400000000014,5,654.5000000000002,swap,improve
1369,12,3849.6000000000013,5,654.5000000000002,2opt,acceptBad
1370,12,4567.859999999999,5,654.5000000000002,swap,acceptBad
1371,12,3949.6600000000008,5,654.5000000000002,move,improve
1372,12,3389.1800000000003,5,654.5000000000002,move,improve
1373,12,4560.880000000001,5,654.5000000000002,swap,acceptBad
1374,12,4555.42,5,654.5000000000002,2opt,improve
1375,12,4555.42,5,654.5000000000002,2opt,notBad
1376,12,2929.5,5,654.5000000000002,move,improve
1377,12,2929.5,5,654.5000000000002,move,improve
1378,12,3570.74,5,654.5000000000002,swap,acceptBad
1379,12,3569.3399999999997,5,654.5000000000002,2opt,improve
1380,12,3705.6,5,654.5000000000002,swap,acceptBad
1381,12,3633.52,5,654.5000000000002,move,improve
1382,12,4204.839999999999,5,654.5000000000002,swap,acceptBad
1383,12,4182.7,5,654.5000000000002,move,improve
1384,12,4176.299999999999,5,654.5000000000002,swap,improve
1385,12,4170.840000000002,5,654.5000000000002,2opt,improve
1386,12,6204.7000000000035,5,654.5000000000002,swap,acceptBad
1387,12,6137.260000000002,5,654.5000000000002,2opt,improve
1388,12,6281.4800000000005,5,654.5000000000002,swap,acceptBad
1389,12,5515.380000000001,5,654.5000000000002,move,improve
1390,12,5572.72,5,654.5000000000002,swap,acceptBad
1391,12,5703.4000000000015,5,654.5000000000002,swap,acceptBad
1392,12,6234.2000000000035,5,654.5000000000002,swap,acceptBad
1393,12,6234.2000000000035,5,654.5000000000002,2opt,notBad
1394,12,6242.220000000001,5,654.5000000000002,swap,acceptBad
1395,12,6035.800000000003,5,654.5000000000002,swap,improve
1396,12,6246.640000000002,5,654.5000000000002,2opt,acceptBad
1397,12,5956.460000000003,5,654.5000000000002,2opt,improve
1398,12,5106.580000000002,5,654.5000000000002,move,improve
1399,12,4896.040000000001,5,654.5000000000002,swap,improve
1400,12,4122.080000000001,5,654.5000000000002,move,improve
1401,12,4120.0,5,654.5000000000002,2opt,improve
1402,12,3819.94,5,654.5000000000002,swap,improve
1403,12,4114.14,5,654.5000000000002,move,acceptBad
1404,12,4114.14,5,654.5000000000002,move,improve
1405,12,3803.5200000000004,5,654.5000000000002,swap,improve
1406,12,3783.040000000001,5,654.5000000000002,2opt,improve
1407,12,3783.040000000001,5,654.5000000000002,2opt,notBad
1408,12,3768.820000000001,5,654.5000000000002,swap,improve
1409,12,4147.080000000001,5,654.5000000000002,2opt,acceptBad
1410,12,3891.3200000000006,5,654.5000000000002,2opt,improve
1411,12,3004.36,5,654.5000000000002,move,improve
1412,12,2779.44,5,654.5000000000002,move,improve
1413,12,2690.58,5,654.5000000000002,move,improve
1414,12,2483.8599999999997,5,654.5000000000002,2opt,improve
1415,12,2483.8599999999997,5,654.5000000000002,2opt,notBad
1416,12,2483.8599999999997,5,654.5000000000002,2opt,notBad
1417,12,2885.9600000000005,5,654.5000000000002,swap,acceptBad
1418,12,3961.9400000000005,5,654.5000000000002,swap,acceptBad
1419,12,4146.620000000001,5,654.5000000000002,swap,acceptBad
1420,12,4146.620000000001,5,654.5000000000002,2opt,notBad
1421,12,4278.160000000001,5,654.5000000000002,swap,acceptBad
1422,12,4871.4000000000015,5,654.5000000000002,swap,acceptBad
1423,12,3693.759999999999,5,654.5000000000002,move,improve
1424,12,3693.759999999999,5,654.5000000000002,move,improve
1425,12,3680.959999999999,5,654.5000000000002,2opt,improve
1426,12,3856.139999999999,5,654.5000000000002,swap,acceptBad
1427,12,3944.879999999999,5,654.5000000000002,swap,acceptBad
1428,12,3944.879999999999,5,654.5000000000002,swap,notBad
1429,12,3517.36,5,654.5000000000002,move,improve
1430,12,4903.659999999997,5,654.5000000000002,swap,acceptBad
1431,12,4682.4,5,654.5000000000002,move,improve
1432,12,4692.699999999999,5,654.5000000000002,swap,acceptBad
1433,12,4692.699999999999,5,654.5000000000002,2opt,notBad
1434,12,4692.699999999999,5,654.5000000000002,2opt,notBad
1435,12,4270.7,5,654.5000000000002,swap,improve
1436,12,5131.3,5,654.5000000000002,swap,acceptBad
1437,12,5131.3,5,654.5000000000002,2opt,improve
1438,12,5765.96,5,654.5000000000002,swap,acceptBad
1439,12,6051.020000000002,5,654.5000000000002,swap,acceptBad
1440,12,4898.02,5,654.5000000000002,move,improve
1441,12,4437.779999999999,5,654.5000000000002,2opt,improve
1442,11,4268.419999999999,5,654.5000000000002,2opt,improve
1443,11,4151.400000000001,5,654.5000000000002,2opt,improve
1444,11,3824.580000000001,5,654.5000000000002,move,improve
1445,11,4059.78,5,654.5000000000002,swap,acceptBad
1446,10,4282.099999999999,5,654.5000000000002,2opt,acceptBad
1447,10,4282.099999999999,5,654.5000000000002,2opt,improve
1448,10,4671.259999999999,5,654.5000000000002,swap,acceptBad
1449,10,4671.259999999999,5,654.5000000000002,2opt,notBad
1450,10,4130.259999999999,5,654.5000000000002,move,improve
1451,10,4142.88,5,654.5000000000002,swap,acceptBad
1452,10,4065.480000000001,5,654.5000000000002,2opt,improve
1453,10,3999.2800000000016,5,654.5000000000002,2opt,improve
1454,10,4051.060000000001,5,654.5000000000002,2opt,acceptBad
1455,10,4054.340000000002,5,654.5000000000002,swap,acceptBad
1456,10,3520.8400000000006,5,654.5000000000002,move,improve
1457,10,3520.8400000000006,5,654.5000000000002,2opt,notBad
1458,10,3488.5600000000004,5,654.5000000000002,2opt,improve
1459,10,3488.5600000000004,5,654.5000000000002,move,improve
1460,10,3488.5600000000004,5,654.5000000000002,2opt,notBad
1461,10,3092.5000000000005,5,654.5000000000002,move,improve
1462,10,2783.0000000000005,5,654.5000000000002,swap,improve
1463,10,2517.66,5,654.5000000000002,move,improve
1464,10,2517.66,5,654.5000000000002,move,improve
1465,10,2806.6799999999994,5,654.5000000000002,swap,acceptBad
1466,10,2242.12,5,654.5000000000002,move,improve
1467,10,2242.12,5,654.5000000000002,swap,notBad
1468,10,1803.4800000000005,5,654.5000000000002,move,improve
1469,10,1803.4800000000005,5,654.5000000000002,move,improve
1470,10,1963.4,5,654.5000000000002,2opt,acceptBad
1471,10,1944.2999999999997,5,654.5000000000002,move,improve
1472,10,1944.2999999999997,5,654.5000000000002,move,improve
1473,10,1944.2999999999997,5,654.5000000000002,2opt,notBad
1474,10,2168.18,5,654.5000000000002,2opt,acceptBad
1475,10,1942.02,5,654.5000000000002,move,improve
1476,10,2247.64,5,654.5000000000002,swap,acceptBad
1477,10,2247.64,5,654.5000000000002,move,improve
1478,10,2247.64,5,654.5000000000002,move,improve
1479,10,2247.64,5,654.5000000000002,move,improve
1480,10,2072.48,5,654.5000000000002,move,improve
1481,10,1840.9199999999998,5,654.5000000000002,move,improve
1482,10,1840.9199999999998,5,654.5000000000002,move,improve
1483,10,1840.9199999999998,5,654.5000000000002,move,improve
1484,10,1840.9199999999998,5,654.5000000000002,2opt,notBad
1485,10,2114.8799999999997,5,654.5000000000002,swap,acceptBad
1486,10,2114.8799999999997,5,654.5000000000002,2opt,notBad
1487,10,2112.9800000000005,5,654.5000000000002,swap,improve
1488,10,2112.9800000000005,5,654.5000000000002,2opt,improve
1489,10,2081.380000000001,5,654.5000000000002,swap,improve
1490,10,2176.980000000001,5,654.5000000000002,swap,acceptBad
1491,10,2214.9400000000005,5,654.5000000000002,swap,acceptBad
1492,10,2214.9400000000005,5,654.5000000000002,2opt,notBad
1493,10,2214.9400000000005,5,654.5000000000002,2opt,notBad
1494,10,2892.44,5,654.5000000000002,2opt,acceptBad
1495,10,2892.44,5,654.5000000000002,move,improve
1496,10,2822.3399999999997,5,654.5000000000002,swap,improve
1497,10,2474.199999999999,5,654.5000000000002,move,improve
1498,10,2474.199999999999,5,654.5000000000002,2opt,notBad
1499,10,2377.42,5,654.5000000000002,swap,improve
1500,10,2386.18,5,654.5000000000002,swap,acceptBad
1501,10,2752.540000000001,5,654.5000000000002,swap,acceptBad
1502,10,1978.2800000000007,5,654.5000000000002,move,improve
1503,10,1967.880000000001,5,654.5000000000002,move,improve
1504,10,1672.0400000000009,5,654.5000000000002,move,improve
1505,10,1672.0400000000009,5,654.5000000000002,2opt,notBad
1506,10,1672.0400000000009,5,654.5000000000002,2opt,notBad
1507,10,1790.94,5,654.5000000000002,swap,acceptBad
1508,10,2212.7800000000007,5,654.5000000000002,2opt,acceptBad
1509,10,2021.600000000001,5,654.5000000000002,swap,improve
1510,10,2021.600000000001,5,654.5000000000002,2opt,notBad
1511,10,2087.5000000000005,5,654.5000000000002,swap,acceptBad
1512,10,1658.42,5,654.5000000000002,move,improve
1513,10,1656.8199999999997,5,654.5000000000002,2opt,improve
1514,10,1944.2999999999997,5,654.5000000000002,swap,acceptBad
1515,10,1944.2999999999997,5,654.5000000000002,swap,notBad
1516,10,1944.2999999999997,5,654.5000000000002,2opt,notBad
1517,10,1765.4599999999996,5,654.5000000000002,move,improve
1518,10,2111.5,5,654.5000000000002,swap,acceptBad
1519,10,2233.7999999999997,5,654.5000000000002,swap,acceptBad
1520,10,2220.9999999999995,5,654.5000000000002,swap,improve
1521,10,2225.7599999999993,5,654.5000000000002,2opt,acceptBad
1522,10,2223.7999999999993,5,654.5000000000002,swap,improve
1523,10,1414.3799999999992,5,654.5000000000002,move,improve
1524,10,1414.3799999999992,5,654.5000000000002,2opt,notBad
1525,10,1399.2399999999993,5,654.5000000000002,move,improve
1526,10,1875.0799999999995,5,654.5000000000002,swap,acceptBad
1527,10,1816.3400000000001,5,654.5000000000002,swap,improve
1528,10,1735.6599999999999,5,654.5000000000002,move,improve
1529,10,1580.5599999999995,5,654.5000000000002,move,improve
1530,10,2425.3199999999997,5,654.5000000000002,2opt,acceptBad
1531,10,2438.3999999999996,5,654.5000000000002,swap,acceptBad
1532,10,2616.6199999999994,5,654.5000000000002,swap,acceptBad
1533,10,2616.6199999999994,5,654.5000000000002,2opt,notBad
1534,10,1572.8799999999999,5,654.5000000000002,move,improve
1535,10,1572.8799999999999,5,654.5000000000002,2opt,notBad
1536,10,1293.2000000000003,5,654.5000000000002,move,improve
1537,10,1288.3400000000001,5,654.5000000000002,move,improve
1538,10,1307.1000000000008,5,654.5000000000002,swap,acceptBad
1539,10,1307.1000000000008,5,654.5000000000002,move,improve
1540,10,1307.1000000000008,5,654.5000000000002,2opt,improve
1541,10,1952.1200000000003,5,654.5000000000002,swap,acceptBad
1542,10,1952.1200000000003,5,654.5000000000002,2opt,notBad
1543,10,1786.94,5,654.5000000000002,swap,improve
1544,10,1922.0,5,654.5000000000002,swap,acceptBad
1545,10,1889.5000000000002,5,654.5000000000002,move,improve
1546,10,1527.8200000000002,5,654.5000000000002,move,improve
1547,10,1289.6399999999996,5,654.5000000000002,move,improve
1548,10,1284.3599999999997,5,654.5000000000002,swap,improve
1549,10,1032.28,5,654.5000000000002,swap,improve
1550,10,2554.62,5,654.5000000000002,swap,acceptBad
1551,10,2737.6600000000008,5,654.5000000000002,2opt,acceptBad
1552,10,2648.8400000000006,5,654.5000000000002,move,improve
1553,10,2611.3600000000006,5,654.5000000000002,swap,improve
1554,10,2617.000000000001,5,654.5000000000002,2opt,acceptBad
1555,10,2615.7000000000007,5,654.5000000000002,move,improve
1556,10,2234.7400000000007,5,654.5000000000002,swap,improve
1557,10,2234.7400000000007,5,654.5000000000002,2opt,notBad
1558,10,1870.3600000000006,5,654.5000000000002,move,improve
1559,10,1870.3600000000006,5,654.5000000000002,2opt,improve
1560,10,1834.1400000000003,5,654.5000000000002,move,improve
1561,10,1832.6400000000003,5,654.5000000000002,2opt,improve
1562,10,1832.8400000000006,5,654.5000000000002,swap,acceptBad
1563,10,1830.7400000000002,5,654.5000000000002,swap,improve
1564,10,2754.1200000000003,5,654.5000000000002,swap,acceptBad
1565,10,1740.96,5,654.5000000000002,move,improve
1566,10,1748.4199999999996,5,654.5000000000002,swap,acceptBad
1567,10,1898.6600000000003,5,654.5000000000002,swap,acceptBad
1568,10,1743.179999999999,5,654.5000000000002,move,improve
1569,10,1772.7799999999988,5,654.5000000000002,swap,acceptBad
1570,10,1773.6399999999994,5,654.5000000000002,2opt,acceptBad
1571,10,1773.6399999999994,5,654.5000000000002,2opt,notBad
1572,10,1535.559999999999,5,654.5000000000002,swap,improve
1573,10,1535.559999999999,5,654.5000000000002,swap,notBad
1574,10,2698.3199999999997,5,654.5000000000002,swap,acceptBad
1575,10,2698.3199999999997,5,654.5000000000002,2opt,notBad
1576,10,2698.3199999999997,5,654.5000000000002,2opt,notBad
1577,10,2984.7,5,654.5000000000002,swap,acceptBad
1578,10,2433.2999999999993,5,654.5000000000002,swap,improve
1579,10,2922.3799999999997,5,654.5000000000002,2opt,acceptBad
1580,10,2462.380000000001,5,654.5000000000002,2opt,improve
1581,10,2255.2599999999993,5,654.5000000000002,move,improve
1582,10,2447.720000000001,5,654.5000000000002,2opt,acceptBad
1583,10,2520.08,5,654.5000000000002,swap,acceptBad
1584,10,2038.3399999999992,5,654.5000000000002,move,improve
1585,10,2038.3399999999992,5,654.5000000000002,2opt,notBad
1586,10,2056.48,5,654.5000000000002,2opt,acceptBad
1587,10,1905.1599999999994,5,654.5000000000002,move,improve
1588,10,1901.2199999999993,5,654.5000000000002,swap,improve
1589,10,1761.6399999999999,5,654.5000000000002,swap,improve
1590,10,2067.66,5,654.5000000000002,2opt,acceptBad
1591,10,1688.1599999999999,5,654.5000000000002,move,improve
1592,10,1678.2199999999998,5,654.5000000000002,swap,improve
1593,10,2068.8799999999997,5,654.5000000000002,swap,acceptBad
1594,10,1784.7800000000002,5,654.5000000000002,move,improve
1595,10,1924.98,5,654.5000000000002,swap,acceptBad
1596,10,1689.02,5,654.5000000000002,move,improve
1597,10,1682.8599999999994,5,654.5000000000002,move,improve
1598,10,2260.9599999999996,5,654.5000000000002,swap,acceptBad
1599,10,2788.959999999999,5,654.5000000000002,swap,acceptBad
1600,10,2796.9799999999987,5,654.5000000000002,2opt,acceptBad
1601,10,2427.66,5,654.5000000000002,move,improve
1602,10,2427.66,5,654.5000000000002,2opt,notBad
1603,10,2240.12,5,654.5000000000002,move,improve
1604,10,2240.12,5,654.5000000000002,move,improve
1605,10,2240.12,5,654.5000000000002,2opt,notBad
1606,10,2240.12,5,654.5000000000002,2opt,notBad
1607,10,2240.12,5,654.5000000000002,2opt,improve
1608,10,2240.12,5,654.5000000000002,move,improve
1609,10,1946.7000000000003,5,654.5000000000002,move,improve
1610,10,1946.7000000000003,5,654.5000000000002,swap,notBad
1611,10,1946.7000000000003,5,654.5000000000002,move,improve
1612,10,2511.26,5,654.5000000000002,swap,acceptBad
1613,10,2511.26,5,654.5000000000002,2opt,improve
1614,10,2673.66,5,654.5000000000002,2opt,acceptBad
1615,10,2838.5000000000005,5,654.5000000000002,2opt,acceptBad
1616,10,2756.54,5,654.5000000000002,move,improve
1617,10,2744.7599999999998,5,654.5000000000002,swap,improve
1618,10,2845.8,5,654.5000000000002,2opt,acceptBad
1619,10,2845.8,5,654.5000000000002,move,improve
1620,10,2436.2999999999993,5,654.5000000000002,2opt,improve
1621,10,2447.0999999999995,5,654.5000000000002,2opt,acceptBad
1622,10,2251.86,5,654.5000000000002,2opt,improve
1623,10,2251.86,5,654.5000000000002,2opt,notBad
1624,10,1654.9600000000005,5,654.5000000000002,move,improve
1625,10,1654.9600000000005,5,654.5000000000002,2opt,notBad
1626,10,1654.9600000000005,5,654.5000000000002,2opt,notBad
1627,10,1654.9600000000005,5,654.5000000000002,2opt,notBad
1628,10,2141.400000000001,5,654.5000000000002,swap,acceptBad
1629,10,2301.88,5,654.5000000000002,2opt,acceptBad
1630,10,1943.540000000001,5,654.5000000000002,move,improve
1631,10,1795.2400000000007,5,654.5000000000002,2opt,improve
1632,10,2486.3999999999996,5,654.5000000000002,swap,acceptBad
1633,10,2486.3999999999996,5,654.5000000000002,2opt,notBad
1634,10,2452.8000000000006,5,654.5000000000002,swap,improve
1635,10,2452.8000000000006,5,654.5000000000002,2opt,notBad
1636,10,2452.8000000000006,5,654.5000000000002,move,improve
1637,10,2446.04,5,654.5000000000002,swap,improve
1638,10,2446.1,5,654.5000000000002,2opt,acceptBad
1639,10,1782.7000000000007,5,654.5000000000002,swap,improve
1640,10,1782.7000000000007,5,654.5000000000002,2opt,notBad
1641,10,1794.6800000000007,5,654.5000000000002,swap,acceptBad
1642,10,1794.6800000000007,5,654.5000000000002,2opt,notBad
1643,10,1877.3400000000004,5,654.5000000000002,swap,acceptBad
1644,10,1904.6000000000004,5,654.5000000000002,swap,acceptBad
1645,10,1904.6000000000004,5,654.5000000000002,2opt,notBad
1646,10,1931.5599999999995,5,654.5000000000002,swap,acceptBad
1647,10,1820.38,5,654.5000000000002,swap,improve
1648,10,1704.2199999999998,5,654.5000000000002,move,improve
1649,10,1748.0600000000006,5,654.5000000000002,2opt,acceptBad
1650,10,1755.1600000000005,5,654.5000000000002,swap,acceptBad
1651,10,1755.1600000000005,5,654.5000000000002,move,improve
1652,10,1920.3400000000001,5,654.5000000000002,swap,acceptBad
1653,10,2126.6400000000003,5,654.5000000000002,swap,acceptBad
1654,10,2111.280000000001,5,654.5000000000002,2opt,improve
1655,10,1870.0200000000004,5,654.5000000000002,2opt,improve
1656,10,1864.3200000000006,5,654.5000000000002,2opt,improve
1657,10,1947.3400000000001,5,654.5000000000002,swap,acceptBad
1658,10,1849.5800000000008,5,654.5000000000002,2opt,improve
1659,10,1849.5800000000008,5,654.5000000000002,move,improve
1660,10,1844.320000000001,5,654.5000000000002,swap,improve
1661,10,2268.120000000001,5,654.5000000000002,swap,acceptBad
1662,10,2362.42,5,654.5000000000002,swap,acceptBad
1663,10,2958.840000000001,5,654.5000000000002,swap,acceptBad
1664,10,2172.9400000000005,5,654.5000000000002,move,improve
1665,10,1182.5800000000002,5,654.5000000000002,move,improve
1666,10,1182.5800000000002,5,654.5000000000002,move,improve
1667,10,1070.9,5,654.5000000000002,move,improve
1668,10,1011.3600000000001,5,654.5000000000002,move,improve
1669,10,1430.1200000000008,5,654.5000000000002,swap,acceptBad
1670,10,1429.9200000000005,5,654.5000000000002,move,improve
1671,10,1426.4600000000005,5,654.5000000000002,move,improve
1672,10,1521.1000000000008,5,654.5000000000002,swap,acceptBad
1673,10,1521.1000000000008,5,654.5000000000002,2opt,notBad
1674,10,1499.0400000000009,5,654.5000000000002,swap,improve
1675,10,1495.0800000000002,5,654.5000000000002,move,improve
1676,10,1495.0800000000002,5,654.5000000000002,move,improve
1677,10,1495.0800000000002,5,654.5000000000002,2opt,improve
1678,10,1428.4600000000005,5,654.5000000000002,move,improve
1679,10,2246.0,5,654.5000000000002,swap,acceptBad
1680,10,2246.0,5,654.5000000000002,swap,notBad
1681,10,2470.1800000000003,5,654.5000000000002,swap,acceptBad
1682,10,2470.1800000000003,5,654.5000000000002,move,improve
1683,10,2511.7,5,654.5000000000002,2opt,acceptBad
1684,10,2536.86,5,654.5000000000002,swap,acceptBad
1685,10,2294.3599999999997,5,654.5000000000002,move,improve
1686,10,2294.3599999999997,5,654.5000000000002,2opt,notBad
1687,10,2319.3,5,654.5000000000002,swap,acceptBad
1688,10,2335.78,5,654.5000000000002,swap,acceptBad
1689,10,2145.38,5,654.5000000000002,move,improve
1690,10,2136.82,5,654.5000000000002,swap,improve
1691,10,1989.1,5,654.5000000000002,move,improve
1692,10,1989.1,5,654.5000000000002,2opt,notBad
1693,10,1871.2399999999993,5,654.5000000000002,move,improve
1694,10,1817.6999999999996,5,654.5000000000002,move,improve
1695,10,1817.6999999999996,5,654.5000000000002,move,improve
1696,10,2252.879999999999,5,654.5000000000002,swap,acceptBad
1697,10,2034.6599999999987,5,654.5000000000002,move,improve
1698,10,2035.1999999999985,5,654.5000000000002,2opt,acceptBad
1699,10,2106.079999999999,5,654.5000000000002,swap,acceptBad
1700,10,2106.079999999999,5,654.5000000000002,2opt,notBad
1701,10,2280.099999999999,5,654.5000000000002,2opt,acceptBad
1702,10,2280.099999999999,5,654.5000000000002,move,improve
1703,10,2280.2999999999997,5,654.5000000000002,2opt,acceptBad
1704,10,2271.3599999999997,5,654.5000000000002,move,improve
1705,10,2094.7599999999984,5,654.5000000000002,2opt,improve
1706,10,2489.9799999999996,5,654.5000000000002,swap,acceptBad
1707,10,2473.9799999999996,5,654.5000000000002,move,improve
1708,10,2473.9799999999996,5,654.5000000000002,2opt,notBad
1709,10,2473.9799999999996,5,654.5000000000002,2opt,notBad
1710,10,2248.699999999999,5,654.5000000000002,move,improve
1711,10,2248.699999999999,5,654.5000000000002,2opt,notBad
1712,10,1934.6799999999994,5,654.5000000000002,move,improve
1713,10,2066.0799999999995,5,654.5000000000002,swap,acceptBad
1714,10,2335.7799999999997,5,654.5000000000002,swap,acceptBad
1715,10,2372.16,5,654.5000000000002,2opt,acceptBad
1716,10,2382.34,5,654.5000000000002,2opt,acceptBad
1717,10,2405.5200000000013,5,654.5000000000002,swap,acceptBad
1718,10,2277.2199999999993,5,654.5000000000002,2opt,improve
1719,10,2324.019999999999,5,654.5000000000002,swap,acceptBad
1720,10,2337.4399999999996,5,654.5000000000002,2opt,acceptBad
1721,10,2329.0999999999995,5,654.5000000000002,move,improve
1722,10,2126.86,5,654.5000000000002,move,improve
1723,10,2126.86,5,654.5000000000002,2opt,notBad
1724,10,2126.86,5,654.5000000000002,2opt,notBad
1725,10,2003.3000000000002,5,654.5000000000002,move,improve
1726,10,1635.0199999999995,5,654.5000000000002,swap,improve
1727,10,1635.0199999999995,5,654.5000000000002,2opt,notBad
1728,10,1621.7999999999997,5,654.5000000000002,move,improve
1729,10,1621.7999999999997,5,654.5000000000002,move,improve
1730,10,1548.1599999999999,5,654.5000000000002,move,improve
1731,10,1548.1599999999999,5,654.5000000000002,move,improve
1732,10,1438.940000000001,5,654.5000000000002,move,improve
1733,10,1385.340000000001,5,654.5000000000002,move,improve
1734,10,1385.340000000001,5,654.5000000000002,move,improve
1735,10,1797.3400000000006,5,654.5000000000002,swap,acceptBad
1736,10,1797.3400000000006,5,654.5000000000002,2opt,improve
1737,10,2557.9599999999996,5,654.5000000000002,swap,acceptBad
1738,10,1799.1400000000003,5,654.5000000000002,move,improve
1739,10,1734.98,5,654.5000000000002,swap,improve
1740,10,1734.98,5,654.5000000000002,move,improve
1741,10,1641.2399999999998,5,654.5000000000002,move,improve
1742,10,1641.2399999999998,5,654.5000000000002,2opt,notBad
1743,10,1638.5,5,654.5000000000002,swap,improve
1744,10,1527.4999999999995,5,654.5000000000002,move,improve
1745,10,1577.02,5,654.5000000000002,swap,acceptBad
1746,10,1577.02,5,654.5000000000002,2opt,notBad
1747,10,1529.5,5,654.5000000000002,move,improve
1748,10,1529.5,5,654.5000000000002,2opt,notBad
1749,10,1529.5,5,654.5000000000002,2opt,notBad
1750,10,1343.7600000000002,5,654.5000000000002,move,improve
1751,10,1343.7600000000002,5,654.5000000000002,move,improve
1752,10,2008.2400000000007,5,654.5000000000002,swap,acceptBad
1753,10,2008.2400000000007,5,654.5000000000002,2opt,notBad
1754,10,2008.2400000000007,5,654.5000000000002,move,improve
1755,10,2003.900000000001,5,654.5000000000002,move,improve
1756,10,2594.8600000000015,5,654.5000000000002,swap,acceptBad
1757,10,2786.2,5,654.5000000000002,swap,acceptBad
1758,10,2577.219999999999,5,654.5000000000002,swap,improve
1759,10,2277.4399999999996,5,654.5000000000002,move,improve
1760,10,2766.840000000001,5,654.5000000000002,swap,acceptBad
1761,10,2766.840000000001,5,654.5000000000002,2opt,notBad
1762,10,2593.6000000000004,5,654.5000000000002,move,improve
1763,10,2589.3999999999996,5,654.5000000000002,swap,improve
1764,10,2416.0200000000004,5,654.5000000000002,2opt,improve
1765,10,2416.0200000000004,5,654.5000000000002,2opt,notBad
1766,10,2434.8199999999997,5,654.5000000000002,2opt,acceptBad
1767,10,2366.9799999999987,5,654.5000000000002,swap,improve
1768,10,2366.9799999999987,5,654.5000000000002,2opt,notBad
1769,10,2174.799999999999,5,654.5000000000002,move,improve
1770,10,1762.1399999999994,5,654.5000000000002,move,improve
1771,10,1762.1399999999994,5,654.5000000000002,move,improve
1772,10,956.7599999999998,5,654.5000000000002,move,improve
1773,10,956.7599999999998,5,654.5000000000002,2opt,notBad
1774,10,1578.2400000000002,5,654.5000000000002,swap,acceptBad
1775,10,1578.2400000000002,5,654.5000000000002,move,improve
1776,10,1578.2400000000002,5,654.5000000000002,2opt,notBad
1777,10,1346.2400000000002,5,654.5000000000002,move,improve
1778,10,1760.8000000000006,5,654.5000000000002,swap,acceptBad
1779,10,1760.8000000000006,5,654.5000000000002,2opt,notBad
1780,10,1543.4800000000005,5,654.5000000000002,move,improve
1781,10,1543.4800000000005,5,654.5000000000002,2opt,notBad
1782,10,1441.4000000000005,5,654.5000000000002,move,improve
1783,10,1441.4000000000005,5,654.5000000000002,2opt,notBad
1784,10,1363.2400000000011,5,654.5000000000002,swap,improve
1785,10,1363.2400000000011,5,654.5000000000002,2opt,notBad
1786,10,1363.2400000000011,5,654.5000000000002,2opt,notBad
1787,10,1692.060000000001,5,654.5000000000002,swap,acceptBad
1788,10,2044.520000000001,5,654.5000000000002,swap,acceptBad
1789,10,2021.4800000000014,5,654.5000000000002,swap,improve
1790,10,1792.8000000000015,5,654.5000000000002,move,improve
1791,10,1560.1400000000012,5,654.5000000000002,move,improve
1792,10,1560.1400000000012,5,654.5000000000002,2opt,notBad
1793,10,1542.9000000000015,5,654.5000000000002,2opt,improve
1794,10,1472.1400000000012,5,654.5000000000002,swap,improve
1795,10,1472.1400000000012,5,654.5000000000002,2opt,notBad
1796,10,1472.1400000000012,5,654.5000000000002,swap,notBad
1797,10,1634.1000000000008,5,654.5000000000002,swap,acceptBad
1798,10,1500.440000000001,5,654.5000000000002,swap,improve
1799,10,1500.440000000001,5,654.5000000000002,2opt,notBad
1800,10,1667.7600000000016,5,654.5000000000002,swap,acceptBad
1801,10,1785.8000000000002,5,654.5000000000002,2opt,acceptBad
1802,10,1619.6,5,654.5000000000002,move,improve
1803,10,1595.320000000001,5,654.5000000000002,2opt,improve
1804,10,1776.520000000001,5,654.5000000000002,swap,acceptBad
1805,10,1990.3200000000015,5,654.5000000000002,swap,acceptBad
1806,10,1990.3200000000015,5,654.5000000000002,2opt,notBad
1807,10,1437.240000000001,5,654.5000000000002,move,improve
1808,10,1436.800000000001,5,654.5000000000002,move,improve
1809,10,1445.6400000000012,5,654.5000000000002,swap,acceptBad
1810,10,1582.2000000000012,5,654.5000000000002,swap,acceptBad
1811,10,1482.6800000000005,5,654.5000000000002,move,improve
1812,10,1482.6800000000005,5,654.5000000000002,move,improve
1813,10,1927.220000000002,5,654.5000000000002,swap,acceptBad
1814,10,1770.5200000000013,5,654.5000000000002,move,improve
1815,10,1770.5200000000013,5,654.5000000000002,2opt,notBad
1816,10,2389.2400000000016,5,654.5000000000002,swap,acceptBad
1817,10,2036.900000000001,5,654.5000000000002,move,improve
1818,10,1997.060000000001,5,654.5000000000002,move,improve
1819,10,1674.9800000000005,5,654.5000000000002,2opt,improve
1820,10,1530.6400000000003,5,654.5000000000002,move,improve
1821,10,1530.6400000000003,5,654.5000000000002,move,improve
1822,10,1751.1,5,654.5000000000002,swap,acceptBad
1823,10,2051.76,5,654.5000000000002,swap,acceptBad
1824,10,1949.18,5,654.5000000000002,swap,improve
1825,10,1410.9399999999998,5,654.5000000000002,move,improve
1826,10,2112.24,5,654.5000000000002,swap,acceptBad
1827,10,2049.5799999999995,5,654.5000000000002,move,improve
1828,10,1714.699999999999,5,654.5000000000002,move,improve
1829,10,1695.3799999999992,5,654.5000000000002,2opt,improve
1830,10,1695.3799999999992,5,654.5000000000002,move,improve
1831,10,1695.3799999999992,5,654.5000000000002,2opt,notBad
1832,10,1723.4399999999991,5,654.5000000000002,2opt,acceptBad
1833,10,1728.4399999999996,5,654.5000000000002,swap,acceptBad
1834,10,1728.4399999999996,5,654.5000000000002,move,improve
1835,10,1308.66,5,654.5000000000002,move,improve
1836,10,1300.4000000000005,5,654.5000000000002,swap,improve
1837,10,1300.4000000000005,5,654.5000000000002,2opt,improve
1838,10,1300.4000000000005,5,654.5000000000002,swap,notBad
1839,10,1300.4000000000005,5,654.5000000000002,2opt,notBad
1840,10,1300.4000000000005,5,654.5000000000002,2opt,notBad
1841,10,1241.7800000000002,5,654.5000000000002,move,improve
1842,10,1241.7800000000002,5,654.5000000000002,2opt,notBad
1843,10,1329.6399999999999,5,654.5000000000002,swap,acceptBad
1844,10,1218.4800000000005,5,654.5000000000002,2opt,improve
1845,10,1109.8000000000002,5,654.5000000000002,move,improve
1846,10,1144.1600000000005,5,654.5000000000002,2opt,acceptBad
1847,10,1138.8000000000009,5,654.5000000000002,swap,improve
1848,10,1138.8000000000009,5,654.5000000000002,2opt,notBad
1849,10,1138.8000000000009,5,654.5000000000002,swap,notBad
1850,10,1230.5600000000009,5,654.5000000000002,swap,acceptBad
1851,10,1227.2800000000007,5,654.5000000000002,move,improve
1852,10,1227.2800000000007,5,654.5000000000002,swap,notBad
1853,10,1216.6200000000006,5,654.5000000000002,swap,improve
1854,10,1605.6800000000005,5,654.5000000000002,swap,acceptBad
1855,10,1605.6800000000005,5,654.5000000000002,2opt,notBad
1856,10,1608.9000000000005,5,654.5000000000002,swap,acceptBad
1857,10,1808.980000000001,5,654.5000000000002,swap,acceptBad
1858,10,1808.980000000001,5,654.5000000000002,move,improve
1859,10,1808.980000000001,5,654.5000000000002,2opt,improve
1860,10,2041.500000000001,5,654.5000000000002,swap,acceptBad
1861,10,2041.500000000001,5,654.5000000000002,move,improve
1862,10,2041.500000000001,5,654.5000000000002,move,improve
1863,10,2666.42,5,654.5000000000002,swap,acceptBad
1864,10,2717.1600000000008,5,654.5000000000002,2opt,acceptBad
1865,10,2733.8000000000015,5,654.5000000000002,swap,acceptBad
1866,10,2620.0600000000004,5,654.5000000000002,2opt,improve
1867,10,2328.76,5,654.5000000000002,2opt,improve
1868,10,2277.24,5,654.5000000000002,2opt,improve
1869,10,2148.64,5,654.5000000000002,2opt,improve
1870,10,2037.5799999999997,5,654.5000000000002,move,improve
1871,10,1971.9399999999996,5,654.5000000000002,move,improve
1872,10,1959.119999999999,5,654.5000000000002,swap,improve
1873,10,1820.3999999999999,5,654.5000000000002,move,improve
1874,10,2311.0800000000004,5,654.5000000000002,swap,acceptBad
1875,10,2311.0800000000004,5,654.5000000000002,2opt,notBad
1876,10,2311.0800000000004,5,654.5000000000002,2opt,notBad
1877,10,2200.68,5,654.5000000000002,2opt,improve
1878,10,2152.5800000000004,5,654.5000000000002,move,improve
1879,10,1953.9000000000005,5,654.5000000000002,move,improve
1880,10,1953.9000000000005,5,654.5000000000002,move,improve
1881,10,1855.4600000000005,5,654.5000000000002,swap,improve
1882,10,1855.4600000000005,5,654.5000000000002,2opt,notBad
1883,10,1855.4600000000005,5,654.5000000000002,move,improve
1884,10,1855.4600000000005,5,654.5000000000002,swap,notBad
1885,10,1855.4600000000005,5,654.5000000000002,2opt,notBad
1886,10,2505.3,5,654.5000000000002,swap,acceptBad
1887,10,2505.3,5,654.5000000000002,2opt,notBad
1888,10,2505.3,5,654.5000000000002,2opt,notBad
1889,10,2116.8200000000006,5,654.5000000000002,move,improve
1890,10,2116.8200000000006,5,654.5000000000002,move,improve
1891,10,2116.8200000000006,5,654.5000000000002,2opt,notBad
1892,10,2043.0600000000004,5,654.5000000000002,swap,improve
1893,10,1933.0800000000006,5,654.5000000000002,move,improve
1894,10,1933.0800000000006,5,654.5000000000002,move,improve
1895,10,1933.0800000000006,5,654.5000000000002,swap,notBad
1896,10,2524.600000000001,5,654.5000000000002,swap,acceptBad
1897,10,2524.600000000001,5,654.5000000000002,2opt,notBad
1898,10,2182.960000000001,5,654.5000000000002,swap,improve
1899,10,2182.960000000001,5,654.5000000000002,2opt,notBad
1900,10,2196.7600000000007,5,654.5000000000002,swap,acceptBad
1901,10,2226.46,5,654.5000000000002,swap,acceptBad
1902,10,2226.46,5,654.5000000000002,move,improve
1903,10,2226.46,5,654.5000000000002,2opt,improve
1904,10,2226.46,5,654.5000000000002,2opt,notBad
1905,10,2874.0800000000004,5,654.5000000000002,swap,acceptBad
1906,10,2872.6199999999994,5,654.5000000000002,swap,improve
1907,10,2872.6199999999994,5,654.5000000000002,2opt,notBad
1908,10,1749.62,5,654.5000000000002,move,improve
1909,10,1918.5,5,654.5000000000002,swap,acceptBad
1910,10,1918.5,5,654.5000000000002,swap,notBad
1911,10,1918.5,5,654.5000000000002,swap,notBad
1912,10,1918.5,5,654.5000000000002,2opt,notBad
1913,10,2055.82,5,654.5000000000002,swap,acceptBad
1914,10,1880.0200000000004,5,654.5000000000002,2opt,improve
1915,10,2173.000000000001,5,654.5000000000002,swap,acceptBad
1916,10,1561.860000000001,5,654.5000000000002,move,improve
1917,10,1561.860000000001,5,654.5000000000002,move,improve
1918,10,1561.860000000001,5,654.5000000000002,move,improve
1919,10,1561.860000000001,5,654.5000000000002,2opt,notBad
1920,10,1215.02,5,654.5000000000002,swap,improve
1921,10,1215.02,5,654.5000000000002,move,improve
1922,10,1215.02,5,654.5000000000002,2opt,notBad
1923,10,1149.9199999999996,5,654.5000000000002,move,improve
1924,10,1569.2800000000002,5,654.5000000000002,swap,acceptBad
1925,10,1438.8000000000002,5,654.5000000000002,move,improve
1926,10,1428.8200000000002,5,654.5000000000002,swap,improve
1927,10,1428.8200000000002,5,654.5000000000002,2opt,notBad
1928,10,1428.8200000000002,5,654.5000000000002,swap,notBad
1929,10,1429.8200000000002,5,654.5000000000002,swap,acceptBad
1930,10,1379.5999999999995,5,654.5000000000002,move,improve
1931,10,1379.5999999999995,5,654.5000000000002,2opt,notBad
1932,10,1379.5999999999995,5,654.5000000000002,2opt,notBad
1933,10,1379.5999999999995,5,654.5000000000002,2opt,notBad
1934,10,1378.079999999999,5,654.5000000000002,move,improve
1935,10,1562.3799999999987,5,654.5000000000002,swap,acceptBad
1936,10,1477.1399999999985,5,654.5000000000002,move,improve
1937,10,1475.1199999999985,5,654.5000000000002,2opt,improve
1938,10,1475.1199999999985,5,654.5000000000002,2opt,notBad
1939,10,1465.1199999999985,5,654.5000000000002,move,improve
1940,10,1465.1199999999985,5,654.5000000000002,2opt,notBad
1941,10,1465.1199999999985,5,654.5000000000002,move,improve
1942,10,1323.099999999999,5,654.5000000000002,move,improve
1943,10,1323.099999999999,5,654.5000000000002,swap,notBad
1944,10,1323.099999999999,5,654.5000000000002,swap,notBad
1945,10,1323.099999999999,5,654.5000000000002,2opt,notBad
1946,10,1846.7400000000002,5,654.5000000000002,swap,acceptBad
1947,10,1846.7400000000002,5,654.5000000000002,swap,notBad
1948,10,1846.7400000000002,5,654.5000000000002,2opt,notBad
1949,10,1846.7400000000002,5,654.5000000000002,2opt,improve
1950,10,1847.1399999999994,5,654.5000000000002,2opt,acceptBad
1951,10,1847.1399999999994,5,654.5000000000002,move,improve
1952,10,1847.1399999999994,5,654.5000000000002,swap,notBad
1953,10,1847.1399999999994,5,654.5000000000002,swap,notBad
1954,10,1847.1399999999994,5,654.5000000000002,2opt,notBad
1955,10,1464.9399999999991,5,654.5000000000002,move,improve
1956,10,1944.8199999999997,5,654.5000000000002,swap,acceptBad
1957,10,1944.8199999999997,5,654.5000000000002,2opt,improve
1958,10,1944.8199999999997,5,654.5000000000002,move,improve
1959,10,1956.5199999999995,5,654.5000000000002,2opt,acceptBad
1960,10,1965.8599999999992,5,654.5000000000002,2opt,acceptBad
1961,10,1965.8599999999992,5,654.5000000000002,swap,notBad
1962,10,1965.8599999999992,5,654.5000000000002,swap,notBad
1963,10,1951.4999999999995,5,654.5000000000002,move,improve
1964,10,2134.4799999999996,5,654.5000000000002,swap,acceptBad
1965,10,1755.9200000000005,5,654.5000000000002,2opt,improve
1966,10,1755.9200000000005,5,654.5000000000002,2opt,notBad
1967,10,1757.4600000000005,5,654.5000000000002,swap,acceptBad
1968,10,1750.5600000000006,5,654.5000000000002,swap,improve
1969,10,1422.920000000001,5,654.5000000000002,move,improve
1970,10,1423.8200000000013,5,654.5000000000002,swap,acceptBad
1971,10,1423.8200000000013,5,654.5000000000002,2opt,notBad
1972,10,1423.8200000000013,5,654.5000000000002,swap,notBad
1973,10,1390.1800000000007,5,654.5000000000002,move,improve
1974,10,1390.1800000000007,5,654.5000000000002,move,improve
1975,10,1415.8600000000006,5,654.5000000000002,swap,acceptBad
1976,10,1282.9399999999996,5,654.5000000000002,2opt,improve
1977,10,1151.9599999999996,5,654.5000000000002,move,improve
1978,10,1151.9599999999996,5,654.5000000000002,2opt,notBad
1979,10,1151.9599999999996,5,654.5000000000002,2opt,notBad
1980,10,1143.7199999999998,5,654.5000000000002,swap,improve
1981,10,1200.8,5,654.5000000000002,move,acceptBad
1982,10,1197.6600000000003,5,654.5000000000002,swap,improve
1983,10,1357.1799999999998,5,654.5000000000002,swap,acceptBad
1984,10,1357.1799999999998,5,654.5000000000002,move,improve
1985,10,1357.1799999999998,5,654.5000000000002,move,improve
1986,10,1357.1799999999998,5,654.5000000000002,2opt,notBad
1987,10,1357.1799999999998,5,654.5000000000002,move,improve
1988,10,1357.1799999999998,5,654.5000000000002,2opt,notBad
1989,10,1357.1799999999998,5,654.5000000000002,2opt,notBad
1990,10,1357.1799999999998,5,654.5000000000002,move,improve
1991,10,1299.3600000000001,5,654.5000000000002,move,improve
1992,10,1299.3600000000001,5,654.5000000000002,swap,notBad
1993,10,1299.3600000000001,5,654.5000000000002,swap,notBad
1994,10,1299.3600000000001,5,654.5000000000002,2opt,notBad
1995,10,1299.3600000000001,5,654.5000000000002,2opt,improve
1996,10,1299.3600000000001,5,654.5000000000002,2opt,notBad
1997,10,1512.8600000000006,5,654.5000000000002,swap,acceptBad
1998,10,1578.5800000000004,5,654.5000000000002,swap,acceptBad
1999,10,1550.1200000000003,5,654.5000000000002,swap,improve
2000,10,1384.4800000000005,5,654.5000000000002,move,improve
2001,10,1384.4800000000005,5,654.5000000000002,move,improve
2002,10,1254.4200000000005,5,654.5000000000002,move,improve
2003,10,1254.4200000000005,5,654.5000000000002,swap,notBad
2004,10,1254.4200000000005,5,654.5000000000002,2opt,improve
2005,10,1254.4200000000005,5,654.5000000000002,swap,notBad
2006,10,1254.4200000000005,5,654.5000000000002,move,improve
2007,10,1179.5200000000004,5,654.5000000000002,move,improve
2008,10,1140.8600000000006,5,654.5000000000002,move,improve
2009,10,1072.400000000001,5,654.5000000000002,move,improve
2010,10,1072.400000000001,5,654.5000000000002,move,improve
2011,10,1072.360000000001,5,654.5000000000002,move,improve
2012,10,1479.6200000000017,5,654.5000000000002,swap,acceptBad
2013,10,1317.8800000000015,5,654.5000000000002,move,improve
2014,10,1317.8800000000015,5,654.5000000000002,move,improve
2015,10,1317.8800000000015,5,654.5000000000002,move,improve
2016,10,1317.8800000000015,5,654.5000000000002,swap,notBad
2017,10,1276.1600000000021,5,654.5000000000002,move,improve
2018,10,1276.1600000000021,5,654.5000000000002,move,improve
2019,10,1276.1600000000021,5,654.5000000000002,2opt,notBad
2020,10,1276.1600000000021,5,654.5000000000002,swap,notBad
2021,10,1647.6600000000012,5,654.5000000000002,swap,acceptBad
2022,10,1580.3800000000012,5,654.5000000000002,move,improve
2023,10,1557.9600000000005,5,654.5000000000002,2opt,improve
2024,10,1557.9600000000005,5,654.5000000000002,move,improve
2025,10,1557.9600000000005,5,654.5000000000002,2opt,notBad
2026,10,1557.9600000000005,5,654.5000000000002,2opt,notBad
2027,10,1557.9600000000005,5,654.5000000000002,move,improve
2028,10,1557.9600000000005,5,654.5000000000002,move,improve
2029,10,1557.9600000000005,5,654.5000000000002,swap,notBad
2030,10,1557.9600000000005,5,654.5000000000002,swap,notBad
2031,10,1797.18,5,654.5000000000002,swap,acceptBad
2032,10,1946.4199999999996,5,654.5000000000002,swap,acceptBad
2033,10,1946.4199999999996,5,654.5000000000002,swap,notBad
2034,10,1946.4199999999996,5,654.5000000000002,move,improve
2035,10,1930.6799999999994,5,654.5000000000002,move,improve
2036,10,1649.0600000000009,5,654.5000000000002,2opt,improve
2037,10,1649.0600000000009,5,654.5000000000002,move,improve
2038,10,1652.9200000000005,5,654.5000000000002,2opt,acceptBad
2039,10,1548.5600000000002,5,654.5000000000002,move,improve
2040,10,1548.5600000000002,5,654.5000000000002,2opt,notBad
2041,10,1548.5600000000002,5,654.5000000000002,swap,notBad
2042,10,1485.3000000000002,5,654.5000000000002,swap,improve
2043,10,1485.3000000000002,5,654.5000000000002,2opt,notBad
2044,10,1485.3000000000002,5,654.5000000000002,move,improve
2045,10,1349.7400000000007,5,654.5000000000002,move,improve
2046,10,1551.9800000000018,5,654.5000000000002,swap,acceptBad
2047,10,1551.9800000000018,5,654.5000000000002,2opt,notBad
2048,10,1551.9800000000018,5,654.5000000000002,2opt,notBad
2049,10,1551.9800000000018,5,654.5000000000002,swap,notBad
2050,10,1551.9800000000018,5,654.5000000000002,move,improve
2051,10,1551.9800000000018,5,654.5000000000002,swap,notBad
2052,10,1551.9800000000018,5,654.5000000000002,move,improve
2053,10,1589.7400000000011,5,654.5000000000002,swap,acceptBad
2054,10,1524.0200000000016,5,654.5000000000002,move,improve
2055,10,1648.040000000001,5,654.5000000000002,swap,acceptBad
2056,10,1648.040000000001,5,654.5000000000002,2opt,notBad
2057,10,1518.8600000000006,5,654.5000000000002,2opt,improve
2058,10,1518.8600000000006,5,654.5000000000002,swap,notBad
2059,10,1662.0400000000009,5,654.5000000000002,swap,acceptBad
2060,10,1615.8000000000006,5,654.5000000000002,move,improve
2061,10,1615.8000000000006,5,654.5000000000002,move,improve
2062,10,1615.8000000000006,5,654.5000000000002,swap,notBad
2063,10,1886.2200000000007,5,654.5000000000002,swap,acceptBad
2064,10,1757.9600000000005,5,654.5000000000002,swap,improve
2065,10,1628.920000000001,5,654.5000000000002,swap,improve
2066,10,1628.920000000001,5,654.5000000000002,swap,notBad
2067,10,1746.0400000000004,5,654.5000000000002,swap,acceptBad
2068,10,1746.0400000000004,5,654.5000000000002,move,improve
2069,10,1746.0400000000004,5,654.5000000000002,swap,notBad
2070,10,1693.8600000000015,5,654.5000000000002,move,improve
2071,10,1693.8600000000015,5,654.5000000000002,2opt,notBad
2072,10,1693.8600000000015,5,654.5000000000002,2opt,notBad
2073,10,1693.8600000000015,5,654.5000000000002,move,improve
2074,10,1693.8600000000015,5,654.5000000000002,2opt,notBad
2075,10,1498.300000000003,5,654.5000000000002,swap,improve
2076,10,1456.3000000000025,5,654.5000000000002,move,improve
2077,10,1456.3000000000025,5,654.5000000000002,swap,notBad
2078,10,1456.3000000000025,5,654.5000000000002,move,improve
2079,10,1456.3000000000025,5,654.5000000000002,2opt,notBad
2080,10,1456.3000000000025,5,654.5000000000002,2opt,notBad
2081,10,1456.3000000000025,5,654.5000000000002,swap,notBad
2082,10,1453.2600000000023,5,654.5000000000002,swap,improve
2083,10,1285.6800000000012,5,654.5000000000002,move,improve
2084,10,1285.6800000000012,5,654.5000000000002,swap,notBad
2085,10,1285.6800000000012,5,654.5000000000002,swap,notBad
2086,10,1285.6800000000012,5,654.5000000000002,move,improve
2087,10,1285.6800000000012,5,654.5000000000002,swap,notBad
2088,10,1285.6800000000012,5,654.5000000000002,move,improve
2089,10,1285.6800000000012,5,654.5000000000002,2opt,notBad
2090,10,1261.0000000000005,5,654.5000000000002,swap,improve
2091,10,1248.5800000000004,5,654.5000000000002,2opt,improve
2092,10,1084.2199999999998,5,654.5000000000002,swap,improve
2093,10,1084.2199999999998,5,654.5000000000002,2opt,notBad
2094,10,1380.4200000000005,5,654.5000000000002,swap,acceptBad
2095,10,1382.520000000001,5,654.5000000000002,swap,acceptBad
2096,10,1382.520000000001,5,654.5000000000002,move,improve
2097,10,1382.520000000001,5,654.5000000000002,move,improve
2098,10,1396.5,5,654.5000000000002,2opt,acceptBad
2099,10,1396.5,5,654.5000000000002,move,improve
2100,10,1396.5,5,654.5000000000002,swap,notBad
2101,10,1401.06,5,654.5000000000002,2opt,acceptBad
2102,10,1401.06,5,654.5000000000002,2opt,improve
2103,10,1401.06,5,654.5000000000002,2opt,improve
2104,10,1575.1600000000003,5,654.5000000000002,swap,acceptBad
2105,10,1575.1600000000003,5,654.5000000000002,2opt,notBad
2106,10,1793.42,5,654.5000000000002,swap,acceptBad
2107,10,1792.3200000000002,5,654.5000000000002,swap,improve
2108,10,1857.9199999999998,5,654.5000000000002,swap,acceptBad
2109,10,1601.5800000000004,5,654.5000000000002,2opt,improve
2110,10,1423.6,5,654.5000000000002,move,improve
2111,10,1425.34,5,654.5000000000002,swap,acceptBad
2112,10,1324.3999999999996,5,654.5000000000002,move,improve
2113,10,1437.6600000000003,5,654.5000000000002,swap,acceptBad
2114,10,1437.4199999999996,5,654.5000000000002,move,improve
2115,10,1437.4199999999996,5,654.5000000000002,move,improve
2116,10,1396.02,5,654.5000000000002,swap,improve
2117,10,1218.1000000000004,5,654.5000000000002,move,improve
2118,10,1328.0800000000004,5,654.5000000000002,swap,acceptBad
2119,10,1328.0800000000004,5,654.5000000000002,2opt,notBad
2120,10,1324.5000000000005,5,654.5000000000002,move,improve
2121,10,1341.0000000000005,5,654.5000000000002,swap,acceptBad
2122,10,1341.0000000000005,5,654.5000000000002,2opt,notBad
2123,10,1341.0000000000005,5,654.5000000000002,swap,notBad
2124,10,1341.0000000000005,5,654.5000000000002,move,improve
2125,10,1299.9400000000005,5,654.5000000000002,move,improve
2126,10,1570.4000000000003,5,654.5000000000002,swap,acceptBad
2127,10,1570.5200000000004,5,654.5000000000002,2opt,acceptBad
2128,10,1592.8400000000006,5,654.5000000000002,swap,acceptBad
2129,10,1461.5600000000006,5,654.5000000000002,move,improve
2130,10,1440.3200000000004,5,654.5000000000002,move,improve
2131,10,1440.3200000000004,5,654.5000000000002,move,improve
2132,10,1440.3200000000004,5,654.5000000000002,2opt,improve
2133,10,1440.3200000000004,5,654.5000000000002,2opt,notBad
2134,10,1440.3200000000004,5,654.5000000000002,2opt,notBad
2135,10,1409.3600000000004,5,654.5000000000002,2opt,improve
2136,10,1667.5600000000004,5,654.5000000000002,swap,acceptBad
2137,10,1426.6000000000001,5,654.5000000000002,move,improve
2138,10,1426.6000000000001,5,654.5000000000002,swap,notBad
2139,10,1426.6000000000001,5,654.5000000000002,swap,notBad
2140,10,1706.1400000000006,5,654.5000000000002,swap,acceptBad
2141,10,1706.1400000000006,5,654.5000000000002,2opt,improve
2142,10,1521.88,5,654.5000000000002,move,improve
2143,10,1521.88,5,654.5000000000002,swap,notBad
2144,10,1447.4600000000003,5,654.5000000000002,move,improve
2145,10,1447.4600000000003,5,654.5000000000002,2opt,improve
2146,10,1500.0800000000004,5,654.5000000000002,swap,acceptBad
2147,10,1500.0800000000004,5,654.5000000000002,move,improve
2148,10,1498.0200000000004,5,654.5000000000002,swap,improve
2149,10,1498.0200000000004,5,654.5000000000002,2opt,notBad
2150,10,1466.0200000000007,5,654.5000000000002,swap,improve
2151,10,1319.8800000000006,5,654.5000000000002,move,improve
2152,10,1321.4000000000003,5,654.5000000000002,2opt,acceptBad
2153,10,1321.4000000000003,5,654.5000000000002,move,improve
2154,10,1321.4000000000003,5,654.5000000000002,swap,notBad
2155,10,1321.4000000000003,5,654.5000000000002,move,improve
2156,10,1321.4000000000003,5,654.5000000000002,swap,notBad
2157,10,1321.4000000000003,5,654.5000000000002,swap,notBad
2158,10,1321.4000000000003,5,654.5000000000002,move,improve
2159,10,1187.2200000000005,5,654.5000000000002,move,improve
2160,10,1187.2200000000005,5,654.5000000000002,swap,notBad
2161,10,1187.2200000000005,5,654.5000000000002,swap,notBad
2162,10,1131.2200000000005,5,654.5000000000002,move,improve
2163,10,1123.4800000000005,5,654.5000000000002,swap,improve
2164,10,1123.1600000000003,5,654.5000000000002,swap,improve
2165,10,1123.1600000000003,5,654.5000000000002,2opt,notBad
2166,10,1123.1600000000003,5,654.5000000000002,swap,notBad
2167,10,1205.3200000000002,5,654.5000000000002,swap,acceptBad
2168,10,1205.3200000000002,5,654.5000000000002,2opt,notBad
2169,10,1498.1000000000004,5,654.5000000000002,swap,acceptBad
2170,10,1816.3800000000008,5,654.5000000000002,swap,acceptBad
2171,10,1754.7600000000011,5,654.5000000000002,2opt,improve
2172,10,1644.9200000000003,5,654.5000000000002,move,improve
2173,10,1644.9200000000003,5,654.5000000000002,move,improve
2174,10,1583.7000000000003,5,654.5000000000002,move,improve
2175,10,1466.7599999999998,5,654.5000000000002,move,improve
2176,10,1479.1799999999996,5,654.5000000000002,swap,acceptBad
2177,10,1100.4599999999994,5,654.5000000000002,move,improve
2178,10,1100.4599999999994,5,654.5000000000002,2opt,notBad
2179,10,1045.4199999999996,5,654.5000000000002,move,improve
2180,10,1045.4199999999996,5,654.5000000000002,move,improve
2181,10,1045.4199999999996,5,654.5000000000002,2opt,notBad
2182,10,1045.4199999999996,5,654.5000000000002,swap,notBad
2183,10,1105.36,5,654.5000000000002,swap,acceptBad
2184,10,1100.58,5,654.5000000000002,swap,improve
2185,10,1100.58,5,654.5000000000002,swap,notBad
2186,10,1089.9999999999998,5,654.5000000000002,swap,improve
2187,10,1017.3799999999997,5,654.5000000000002,move,improve
2188,10,1017.3799999999997,5,654.5000000000002,swap,notBad
2189,10,1017.3799999999997,5,654.5000000000002,swap,notBad
2190,10,1017.3799999999997,5,654.5000000000002,swap,notBad
2191,10,1017.3799999999997,5,654.5000000000002,2opt,notBad
2192,10,1210.0399999999995,5,654.5000000000002,swap,acceptBad
2193,10,1202.5199999999995,5,654.5000000000002,swap,improve
2194,10,1093.5599999999995,5,654.5000000000002,move,improve
2195,10,1093.5599999999995,5,654.5000000000002,2opt,notBad
2196,10,1093.5599999999995,5,654.5000000000002,2opt,notBad
2197,10,1093.5599999999995,5,654.5000000000002,2opt,notBad
2198,10,1093.5599999999995,5,654.5000000000002,2opt,notBad
2199,10,1093.5599999999995,5,654.5000000000002,move,improve
2200,10,1093.5599999999995,5,654.5000000000002,2opt,notBad
2201,10,1093.5599999999995,5,654.5000000000002,2opt,notBad
2202,10,1093.5599999999995,5,654.5000000000002,swap,notBad
2203,10,1093.5599999999995,5,654.5000000000002,move,improve
2204,10,1093.5599999999995,5,654.5000000000002,move,improve
2205,10,1093.5599999999995,5,654.5000000000002,2opt,notBad
2206,10,1179.3599999999997,5,654.5000000000002,swap,acceptBad
2207,10,1179.3599999999997,5,654.5000000000002,swap,notBad
2208,10,1179.3599999999997,5,654.5000000000002,2opt,improve
2209,10,1103.8199999999995,5,654.5000000000002,move,improve
2210,10,1103.8199999999995,5,654.5000000000002,2opt,notBad
2211,10,1118.5799999999995,5,654.5000000000002,2opt,acceptBad
2212,10,1118.5799999999995,5,654.5000000000002,move,improve
2213,10,1118.3,5,654.5000000000002,2opt,improve
2214,10,996.4200000000003,5,654.5000000000002,swap,improve
2215,10,996.4200000000003,5,654.5000000000002,2opt,notBad
2216,10,996.4200000000003,5,654.5000000000002,swap,notBad
2217,10,1000.9800000000005,5,654.5000000000002,2opt,acceptBad
2218,10,1000.9800000000005,5,654.5000000000002,move,improve
2219,10,1000.9800000000005,5,654.5000000000002,2opt,notBad
2220,10,1008.5400000000004,5,654.5000000000002,swap,acceptBad
2221,10,1008.5400000000004,5,654.5000000000002,swap,notBad
2222,10,1008.5400000000004,5,654.5000000000002,swap,notBad
2223,10,1008.5400000000004,5,654.5000000000002,2opt,notBad
2224,10,981.4199999999998,5,654.5000000000002,move,improve
2225,10,981.4199999999998,5,654.5000000000002,move,improve
2226,10,981.4199999999998,5,654.5000000000002,swap,notBad
2227,10,981.4199999999998,5,654.5000000000002,2opt,notBad
2228,10,981.4199999999998,5,654.5000000000002,move,improve
2229,10,1263.3200000000002,5,654.5000000000002,swap,acceptBad
2230,10,1263.3200000000002,5,654.5000000000002,2opt,notBad
2231,10,1278.1800000000003,5,654.5000000000002,swap,acceptBad
2232,10,1275.96,5,654.5000000000002,move,improve
2233,10,1433.5000000000007,5,654.5000000000002,swap,acceptBad
2234,10,1492.2600000000007,5,654.5000000000002,2opt,acceptBad
2235,10,1434.6400000000008,5,654.5000000000002,move,improve
2236,10,1434.6400000000008,5,654.5000000000002,move,improve
2237,10,1434.6400000000008,5,654.5000000000002,2opt,notBad
2238,10,1524.4200000000003,5,654.5000000000002,swap,acceptBad
2239,10,1524.4200000000003,5,654.5000000000002,2opt,notBad
2240,10,1524.4200000000003,5,654.5000000000002,move,improve
2241,10,1276.2999999999993,5,654.5000000000002,move,improve
2242,10,1286.9199999999994,5,654.5000000000002,swap,acceptBad
2243,10,1286.9199999999994,5,654.5000000000002,2opt,notBad
2244,10,1284.8799999999992,5,654.5000000000002,move,improve
2245,10,1284.8799999999992,5,654.5000000000002,move,improve
2246,10,1268.7199999999993,5,654.5000000000002,swap,improve
2247,10,1268.7199999999993,5,654.5000000000002,swap,notBad
2248,10,1241.3399999999995,5,654.5000000000002,move,improve
2249,10,1350.42,5,654.5000000000002,swap,acceptBad
2250,10,1350.42,5,654.5000000000002,2opt,improve
2251,10,1350.42,5,654.5000000000002,2opt,notBad
2252,10,1350.42,5,654.5000000000002,2opt,notBad
2253,10,1246.1800000000005,5,654.5000000000002,move,improve
2254,10,1246.1800000000005,5,654.5000000000002,swap,notBad
2255,10,1246.1800000000005,5,654.5000000000002,swap,notBad
2256,10,1246.1800000000005,5,654.5000000000002,move,improve
2257,10,1246.1800000000005,5,654.5000000000002,2opt,notBad
2258,10,1241.2400000000005,5,654.5000000000002,move,improve
2259,10,1241.2400000000005,5,654.5000000000002,move,improve
2260,10,1243.0000000000005,5,654.5000000000002,swap,acceptBad
2261,10,1229.3200000000002,5,654.5000000000002,move,improve
2262,10,1257.42,5,654.5000000000002,swap,acceptBad
2263,10,1326.5399999999995,5,654.5000000000002,move,acceptBad
2264,10,1404.6800000000003,5,654.5000000000002,swap,acceptBad
2265,10,1407.6000000000001,5,654.5000000000002,swap,acceptBad
2266,10,1407.6000000000001,5,654.5000000000002,swap,notBad
2267,10,1407.6000000000001,5,654.5000000000002,2opt,notBad
2268,10,1407.6000000000001,5,654.5000000000002,2opt,notBad
2269,10,1407.6000000000001,5,654.5000000000002,move,improve
2270,10,1330.1000000000004,5,654.5000000000002,2opt,improve
2271,10,1330.1000000000004,5,654.5000000000002,swap,notBad
2272,10,1330.1000000000004,5,654.5000000000002,2opt,notBad
2273,10,1330.1000000000004,5,654.5000000000002,2opt,notBad
2274,10,1225.3600000000001,5,654.5000000000002,move,improve
2275,10,1225.3600000000001,5,654.5000000000002,2opt,notBad
2276,10,1190.12,5,654.5000000000002,move,improve
2277,10,1190.12,5,654.5000000000002,2opt,notBad
2278,10,1190.12,5,654.5000000000002,2opt,notBad
2279,10,1190.12,5,654.5000000000002,2opt,notBad
2280,10,1154.520000000001,5,654.5000000000002,move,improve
2281,10,971.1000000000004,5,654.5000000000002,move,improve
2282,10,1140.8599999999994,5,654.5000000000002,swap,acceptBad
2283,10,1206.8399999999992,5,654.5000000000002,swap,acceptBad
2284,10,1206.8399999999992,5,654.5000000000002,2opt,notBad
2285,10,1206.8399999999992,5,654.5000000000002,swap,notBad
2286,10,1206.8399999999992,5,654.5000000000002,2opt,notBad
2287,10,1199.4199999999996,5,654.5000000000002,move,improve
2288,10,1350.5199999999993,5,654.5000000000002,swap,acceptBad
2289,10,1287.9399999999991,5,654.5000000000002,move,improve
2290,10,1287.9399999999991,5,654.5000000000002,swap,notBad
2291,10,1287.9399999999991,5,654.5000000000002,2opt,notBad
2292,10,1481.5599999999995,5,654.5000000000002,swap,acceptBad
2293,10,1414.299999999999,5,654.5000000000002,move,improve
2294,10,1464.4599999999991,5,654.5000000000002,swap,acceptBad
2295,10,1435.4799999999987,5,654.5000000000002,move,improve
2296,10,1435.4799999999987,5,654.5000000000002,2opt,notBad
2297,10,1234.079999999999,5,654.5000000000002,swap,improve
2298,10,1234.079999999999,5,654.5000000000002,2opt,notBad
2299,10,1234.079999999999,5,654.5000000000002,swap,notBad
2300,10,1234.079999999999,5,654.5000000000002,swap,notBad
2301,10,1234.079999999999,5,654.5000000000002,move,improve
2302,10,1234.079999999999,5,654.5000000000002,2opt,notBad
2303,10,1234.079999999999,5,654.5000000000002,move,improve
2304,10,1115.52,5,654.5000000000002,move,improve
2305,10,1115.52,5,654.5000000000002,move,improve
2306,10,1115.52,5,654.5000000000002,2opt,notBad
2307,10,1115.52,5,654.5000000000002,move,improve
2308,10,1079.8000000000009,5,654.5000000000002,2opt,improve
2309,10,1079.8000000000009,5,654.5000000000002,2opt,improve
2310,10,1056.7600000000004,5,654.5000000000002,2opt,improve
2311,10,1030.620000000001,5,654.5000000000002,swap,improve
2312,10,765.6000000000004,5,654.5000000000002,move,improve
2313,10,765.6000000000004,5,654.5000000000002,2opt,notBad
2314,10,765.6000000000004,5,654.5000000000002,swap,notBad
2315,10,766.5600000000006,5,654.5000000000002,swap,acceptBad
2316,10,766.5600000000006,5,654.5000000000002,2opt,notBad
2317,10,766.5600000000006,5,654.5000000000002,move,improve
2318,10,756.2400000000009,5,654.5000000000002,swap,improve
2319,10,756.2400000000009,5,654.5000000000002,2opt,notBad
2320,10,756.2400000000009,5,654.5000000000002,swap,notBad
2321,10,756.2400000000009,5,654.5000000000002,2opt,notBad
2322,10,756.2400000000009,5,654.5000000000002,swap,notBad
2323,10,719.340000000001,5,654.5000000000002,move,improve
2324,10,719.340000000001,5,654.5000000000002,swap,notBad
2325,10,702.0200000000009,5,654.5000000000002,move,improve
2326,10,710.0600000000011,5,654.5000000000002,2opt,acceptBad
2327,10,710.0600000000011,5,654.5000000000002,swap,notBad
2328,10,695.980000000001,5,654.5000000000002,swap,improve
2329,10,695.0600000000011,5,654.5000000000002,move,improve
2330,10,695.0600000000011,5,654.5000000000002,2opt,notBad
2331,10,683.8600000000015,5,654.5000000000002,move,improve
2332,10,683.8600000000015,5,654.5000000000002,2opt,notBad
2333,10,683.8600000000015,5,654.5000000000002,move,improve
2334,10,683.8600000000015,5,654.5000000000002,2opt,notBad
2335,10,683.8600000000015,5,654.5000000000002,2opt,notBad
2336,10,683.8600000000015,5,654.5000000000002,2opt,notBad
2337,10,683.8600000000015,5,654.5000000000002,move,improve
2338,10,683.8600000000015,5,654.5000000000002,move,improve
2339,10,677.2000000000013,5,654.5000000000002,move,improve
2340,10,916.9200000000006,5,654.5000000000002,swap,acceptBad
2341,10,916.9200000000006,5,654.5000000000002,2opt,notBad
2342,10,916.9200000000006,5,654.5000000000002,2opt,notBad
2343,10,916.9200000000006,5,654.5000000000002,2opt,notBad
2344,10,884.7800000000004,5,654.5000000000002,swap,improve
2345,10,884.7800000000004,5,654.5000000000002,swap,notBad
2346,10,884.7800000000004,5,654.5000000000002,2opt,notBad
2347,10,983.5800000000005,5,654.5000000000002,swap,acceptBad
2348,10,983.5800000000005,5,654.5000000000002,2opt,notBad
2349,10,1038.3000000000006,5,654.5000000000002,swap,acceptBad
2350,10,1038.3000000000006,5,654.5000000000002,2opt,notBad
2351,10,1038.3000000000006,5,654.5000000000002,swap,notBad
2352,10,1038.3000000000006,5,654.5000000000002,move,improve
2353,10,1291.7000000000005,5,654.5000000000002,move,acceptBad
2354,10,1291.7000000000005,5,654.5000000000002,2opt,improve
2355,10,1291.7000000000005,5,654.5000000000002,swap,notBad
2356,10,1291.7000000000005,5,654.5000000000002,swap,notBad
2357,10,1252.6600000000003,5,654.5000000000002,swap,improve
2358,10,1252.6600000000003,5,654.5000000000002,move,improve
2359,10,1216.4199999999996,5,654.5000000000002,move,improve
2360,10,1216.4199999999996,5,654.5000000000002,2opt,notBad
2361,10,1216.4199999999996,5,654.5000000000002,2opt,notBad
2362,10,1216.4199999999996,5,654.5000000000002,2opt,notBad
2363,10,1216.4199999999996,5,654.5000000000002,move,improve
2364,10,1218.5399999999993,5,654.5000000000002,swap,acceptBad
2365,10,1218.5399999999993,5,654.5000000000002,swap,notBad
2366,10,1500.6199999999992,5,654.5000000000002,swap,acceptBad
2367,10,1500.6199999999992,5,654.5000000000002,move,improve
2368,10,1500.6199999999992,5,654.5000000000002,2opt,notBad
2369,10,1500.6199999999992,5,654.5000000000002,move,improve
2370,10,1500.6199999999992,5,654.5000000000002,swap,notBad
2371,10,1500.6199999999992,5,654.5000000000002,2opt,notBad
2372,10,1368.1799999999996,5,654.5000000000002,move,improve
2373,10,1383.7399999999996,5,654.5000000000002,swap,acceptBad
2374,10,1135.519999999999,5,654.5000000000002,2opt,improve
2375,10,1135.519999999999,5,654.5000000000002,swap,notBad
2376,10,1135.519999999999,5,654.5000000000002,2opt,notBad
2377,10,1135.519999999999,5,654.5000000000002,2opt,notBad
2378,10,1120.479999999999,5,654.5000000000002,move,improve
2379,10,1120.479999999999,5,654.5000000000002,2opt,notBad
2380,10,1120.479999999999,5,654.5000000000002,move,improve
2381,10,1194.4399999999996,5,654.5000000000002,swap,acceptBad
2382,10,1194.4399999999996,5,654.5000000000002,move,improve
2383,10,1194.4399999999996,5,654.5000000000002,2opt,notBad
2384,10,1059.0599999999993,5,654.5000000000002,move,improve
2385,10,1059.0599999999993,5,654.5000000000002,swap,notBad
2386,10,1059.0599999999993,5,654.5000000000002,2opt,notBad
2387,10,1108.4199999999992,5,654.5000000000002,swap,acceptBad
2388,10,1185.0599999999995,5,654.5000000000002,swap,acceptBad
2389,10,1185.0599999999995,5,654.5000000000002,move,improve
2390,10,1185.0599999999995,5,654.5000000000002,swap,notBad
2391,10,1176.9399999999996,5,654.5000000000002,swap,improve
2392,10,1176.9399999999996,5,654.5000000000002,2opt,notBad
2393,10,1176.9399999999996,5,654.5000000000002,move,improve
2394,10,1176.9399999999996,5,654.5000000000002,move,improve
2395,10,1157.7799999999997,5,654.5000000000002,move,improve
2396,10,1157.7799999999997,5,654.5000000000002,swap,notBad
2397,10,1157.7799999999997,5,654.5000000000002,2opt,notBad
2398,10,1148.0199999999998,5,654.5000000000002,move,improve
2399,10,1148.0199999999998,5,654.5000000000002,move,improve
2400,10,1148.0199999999998,5,654.5000000000002,move,improve
2401,10,1148.0199999999998,5,654.5000000000002,swap,notBad
2402,10,1148.0199999999998,5,654.5000000000002,2opt,notBad
2403,10,1148.0199999999998,5,654.5000000000002,move,improve
2404,10,1148.0199999999998,5,654.5000000000002,2opt,improve
2405,10,1148.0199999999998,5,654.5000000000002,move,notBad
2406,10,1148.0199999999998,5,654.5000000000002,move,improve
2407,10,1111.8799999999997,5,654.5000000000002,move,improve
2408,10,1121.2399999999998,5,654.5000000000002,swap,acceptBad
2409,10,1121.2399999999998,5,654.5000000000002,move,improve
2410,10,1121.2399999999998,5,654.5000000000002,swap,notBad
2411,10,1121.2399999999998,5,654.5000000000002,swap,notBad
2412,10,1121.2399999999998,5,654.5000000000002,2opt,notBad
2413,10,1133.0599999999997,5,654.5000000000002,swap,acceptBad
2414,10,1159.3999999999996,5,654.5000000000002,swap,acceptBad
2415,10,1262.9199999999994,5,654.5000000000002,swap,acceptBad
2416,10,1240.0999999999995,5,654.5000000000002,swap,improve
2417,10,1240.0999999999995,5,654.5000000000002,2opt,notBad
2418,10,1342.1599999999996,5,654.5000000000002,2opt,acceptBad
2419,10,1342.1599999999996,5,654.5000000000002,2opt,notBad
2420,10,1322.3399999999997,5,654.5000000000002,move,improve
2421,10,1322.3399999999997,5,654.5000000000002,move,improve
2422,10,1322.3399999999997,5,654.5000000000002,2opt,notBad
2423,10,1322.3399999999997,5,654.5000000000002,swap,notBad
2424,10,1322.3399999999997,5,654.5000000000002,swap,notBad
2425,10,1277.02,5,654.5000000000002,2opt,improve
2426,10,1277.02,5,654.5000000000002,2opt,notBad
2427,10,1277.02,5,654.5000000000002,2opt,notBad
2428,10,1277.02,5,654.5000000000002,2opt,notBad
2429,10,1001.7800000000011,5,654.5000000000002,move,improve
2430,10,1001.7800000000011,5,654.5000000000002,2opt,notBad
2431,10,1001.7800000000011,5,654.5000000000002,2opt,notBad
2432,10,1001.7800000000011,5,654.5000000000002,move,improve
2433,10,1001.7800000000011,5,654.5000000000002,swap,notBad
2434,10,1001.7800000000011,5,654.5000000000002,2opt,improve
2435,10,1001.7800000000011,5,654.5000000000002,2opt,notBad
2436,10,951.1400000000014,5,654.5000000000002,move,improve
2437,10,992.3000000000014,5,654.5000000000002,swap,acceptBad
2438,10,992.3000000000014,5,654.5000000000002,2opt,notBad
2439,10,992.3000000000014,5,654.5000000000002,swap,notBad
2440,10,992.3000000000014,5,654.5000000000002,2opt,notBad
2441,10,905.0000000000011,5,654.5000000000002,move,improve
2442,10,685.5800000000008,5,654.5000000000002,move,improve
2443,10,685.5800000000008,5,654.5000000000002,swap,notBad
2444,10,685.5800000000008,5,654.5000000000002,swap,notBad
2445,10,685.5800000000008,5,654.5000000000002,swap,notBad
2446,10,685.5800000000008,5,654.5000000000002,move,improve
2447,10,685.5800000000008,5,654.5000000000002,move,improve
2448,10,685.5800000000008,5,654.5000000000002,2opt,notBad
2449,10,685.5800000000008,5,654.5000000000002,swap,notBad
2450,10,677.700000000001,5,654.5000000000002,swap,improve
2451,10,677.700000000001,5,654.5000000000002,swap,notBad
2452,10,677.700000000001,5,654.5000000000002,move,improve
2453,10,677.700000000001,5,654.5000000000002,swap,notBad
2454,10,725.2200000000005,5,654.5000000000002,swap,acceptBad
2455,10,726.6400000000006,5,654.5000000000002,2opt,acceptBad
2456,10,726.6400000000006,5,654.5000000000002,move,improve
2457,10,713.4000000000004,5,654.5000000000002,move,improve
2458,10,626.4200000000003,10,626.4200000000003,swap,newBest
2459,10,626.4200000000003,10,626.4200000000003,2opt,notBad
2460,10,626.4200000000003,10,626.4200000000003,2opt,notBad
2461,10,626.4200000000003,10,626.4200000000003,2opt,notBad
2462,10,843.3,10,626.4200000000003,swap,acceptBad
2463,10,835.78,10,626.4200000000003,swap,improve
2464,10,835.78,10,626.4200000000003,move,improve
2465,10,835.78,10,626.4200000000003,swap,notBad
2466,10,835.78,10,626.4200000000003,2opt,notBad
2467,10,806.2999999999995,10,626.4200000000003,move,improve
2468,10,806.2999999999995,10,626.4200000000003,2opt,notBad
2469,10,814.1999999999995,10,626.4200000000003,2opt,acceptBad
2470,10,823.1999999999994,10,626.4200000000003,swap,acceptBad
2471,10,938.8399999999999,10,626.4200000000003,swap,acceptBad
2472,10,938.8399999999999,10,626.4200000000003,swap,notBad
2473,10,940.1400000000003,10,626.4200000000003,swap,acceptBad
2474,10,940.1400000000003,10,626.4200000000003,swap,notBad
2475,10,940.1400000000003,10,626.4200000000003,2opt,notBad
2476,10,926.4000000000005,10,626.4200000000003,move,improve
2477,10,874.2800000000003,10,626.4200000000003,move,improve
2478,10,874.2800000000003,10,626.4200000000003,2opt,notBad
2479,10,874.2800000000003,10,626.4200000000003,move,improve
2480,10,871.6800000000003,10,626.4200000000003,move,improve
2481,10,871.6800000000003,10,626.4200000000003,swap,notBad
2482,10,871.6800000000003,10,626.4200000000003,swap,notBad
2483,10,740.9400000000003,10,626.4200000000003,move,improve
2484,10,740.9400000000003,10,626.4200000000003,swap,notBad
2485,10,740.9400000000003,10,626.4200000000003,swap,notBad
2486,10,740.9400000000003,10,626.4200000000003,move,improve
2487,10,740.9400000000003,10,626.4200000000003,2opt,improve
2488,10,740.9400000000003,10,626.4200000000003,swap,notBad
2489,10,745.96,10,626.4200000000003,swap,acceptBad
2490,10,745.96,10,626.4200000000003,move,improve
2491,10,699.04,10,626.4200000000003,move,improve
2492,10,699.04,10,626.4200000000003,2opt,improve
2493,10,699.04,10,626.4200000000003,2opt,notBad
2494,10,699.04,10,626.4200000000003,swap,notBad
2495,10,699.04,10,626.4200000000003,2opt,notBad
2496,10,691.32,10,626.4200000000003,move,improve
2497,10,691.32,10,626.4200000000003,2opt,notBad
2498,10,579.5799999999996,10,579.5799999999996,2opt,newBest
2499,10,579.5799999999996,10,579.5799999999996,swap,notBad
2500,10,579.5799999999996,10,579.5799999999996,move,improve
2501,10,579.5799999999996,10,579.5799999999996,2opt,notBad
2502,10,599.9599999999991,10,579.5799999999996,swap,acceptBad
2503,10,599.9599999999991,10,579.5799999999996,2opt,notBad
2504,10,599.9599999999991,10,579.5799999999996,2opt,notBad
2505,10,599.9599999999991,10,579.5799999999996,swap,notBad
2506,10,593.4799999999996,10,579.5799999999996,move,improve
2507,10,593.4799999999996,10,579.5799999999996,2opt,notBad
2508,10,578.6000000000001,10,578.6000000000001,move,newBest
2509,10,578.6000000000001,10,578.6000000000001,move,improve
2510,10,549.5600000000002,10,549.5600000000002,move,newBest
2511,10,549.5600000000002,10,549.5600000000002,swap,notBad
2512,10,549.5600000000002,10,549.5600000000002,2opt,improve
2513,10,549.5600000000002,10,549.5600000000002,2opt,notBad
2514,10,597.6200000000007,10,549.5600000000002,swap,acceptBad
2515,10,597.6200000000007,10,549.5600000000002,2opt,notBad
2516,10,597.6200000000007,10,549.5600000000002,move,improve
2517,10,597.6200000000007,10,549.5600000000002,move,improve
2518,10,597.6200000000007,10,549.5600000000002,2opt,notBad
2519,10,597.6200000000007,10,549.5600000000002,move,improve
2520,10,597.6200000000007,10,549.5600000000002,swap,notBad
2521,10,597.6200000000007,10,549.5600000000002,swap,notBad
2522,10,563.0400000000001,10,549.5600000000002,move,improve
2523,10,563.0400000000001,10,549.5600000000002,move,improve
2524,10,563.0400000000001,10,549.5600000000002,swap,notBad
2525,10,550.5799999999997,10,549.5600000000002,move,improve
2526,10,550.5799999999997,10,549.5600000000002,move,improve
2527,10,550.5799999999997,10,549.5600000000002,2opt,notBad
2528,10,550.5799999999997,10,549.5600000000002,swap,notBad
2529,10,518.1999999999995,10,518.1999999999995,move,newBest
2530,10,518.1999999999995,10,518.1999999999995,move,improve
2531,10,518.1999999999995,10,518.1999999999995,move,improve
2532,10,505.0999999999997,10,505.0999999999997,swap,newBest
2533,10,505.0999999999997,10,505.0999999999997,2opt,notBad
2534,10,505.0999999999997,10,505.0999999999997,move,improve
2535,10,505.0999999999997,10,505.0999999999997,2opt,notBad
2536,10,505.0999999999997,10,505.0999999999997,2opt,notBad
2537,10,505.0999999999997,10,505.0999999999997,swap,notBad
2538,10,523.5399999999997,10,505.0999999999997,swap,acceptBad
2539,10,523.5399999999997,10,505.0999999999997,swap,notBad
2540,10,544.8600000000001,10,505.0999999999997,2opt,acceptBad
2541,10,544.8600000000001,10,505.0999999999997,2opt,notBad
2542,10,537.3600000000001,10,505.0999999999997,swap,improve
2543,10,537.3600000000001,10,505.0999999999997,2opt,notBad
2544,10,537.3600000000001,10,505.0999999999997,swap,notBad
2545,10,530.5200000000006,10,505.0999999999997,swap,improve
2546,10,530.5200000000006,10,505.0999999999997,move,improve
2547,10,537.640000000001,10,505.0999999999997,swap,acceptBad
2548,10,537.640000000001,10,505.0999999999997,move,improve
2549,10,537.640000000001,10,505.0999999999997,move,improve
2550,10,537.640000000001,10,505.0999999999997,move,improve
2551,10,537.640000000001,10,505.0999999999997,move,improve
2552,10,537.640000000001,10,505.0999999999997,move,improve
2553,10,537.640000000001,10,505.0999999999997,2opt,notBad
2554,10,534.6200000000009,10,505.0999999999997,move,improve
2555,10,532.3600000000008,10,505.0999999999997,move,improve
2556,10,532.3600000000008,10,505.0999999999997,2opt,notBad
2557,10,532.3600000000008,10,505.0999999999997,2opt,notBad
2558,10,532.3600000000008,10,505.0999999999997,swap,notBad
2559,10,532.3600000000008,10,505.0999999999997,move,improve
2560,10,532.3600000000008,10,505.0999999999997,swap,notBad
2561,10,549.020000000001,10,505.0999999999997,swap,acceptBad
2562,10,549.020000000001,10,505.0999999999997,swap,notBad
2563,10,549.020000000001,10,505.0999999999997,2opt,notBad
2564,10,549.020000000001,10,505.0999999999997,move,improve
2565,10,549.020000000001,10,505.0999999999997,2opt,notBad
2566,10,549.020000000001,10,505.0999999999997,2opt,notBad
2567,10,549.020000000001,10,505.0999999999997,swap,notBad
2568,10,549.020000000001,10,505.0999999999997,2opt,notBad
2569,10,549.020000000001,10,505.0999999999997,2opt,notBad
2570,10,549.020000000001,10,505.0999999999997,move,improve
2571,10,549.020000000001,10,505.0999999999997,swap,notBad
2572,10,693.0200000000006,10,505.0999999999997,swap,acceptBad
2573,10,591.4200000000006,10,505.0999999999997,swap,improve
2574,10,574.4600000000007,10,505.0999999999997,move,improve
2575,10,574.4600000000007,10,505.0999999999997,move,improve
2576,10,574.4600000000007,10,505.0999999999997,move,improve
2577,10,574.4600000000007,10,505.0999999999997,2opt,notBad
2578,10,574.4600000000007,10,505.0999999999997,move,improve
2579,10,574.4600000000007,10,505.0999999999997,move,improve
2580,10,569.2399999999998,10,505.0999999999997,move,improve
2581,10,569.2399999999998,10,505.0999999999997,2opt,notBad
2582,10,569.2399999999998,10,505.0999999999997,swap,notBad
2583,10,568.7599999999998,10,505.0999999999997,2opt,improve
2584,10,568.7599999999998,10,505.0999999999997,swap,notBad
2585,10,568.7599999999998,10,505.0999999999997,move,improve
2586,10,568.7599999999998,10,505.0999999999997,2opt,improve
2587,10,568.7599999999998,10,505.0999999999997,swap,notBad
2588,10,568.7599999999998,10,505.0999999999997,2opt,notBad
2589,10,568.7599999999998,10,505.0999999999997,move,improve
2590,10,568.7599999999998,10,505.0999999999997,swap,notBad
2591,10,557.8199999999997,10,505.0999999999997,2opt,improve
2592,10,551.0999999999996,10,505.0999999999997,move,improve
2593,10,551.0999999999996,10,505.0999999999997,2opt,notBad
2594,10,543.9799999999991,10,505.0999999999997,2opt,improve
2595,10,543.9799999999991,10,505.0999999999997,swap,notBad
2596,10,553.7599999999993,10,505.0999999999997,swap,acceptBad
2597,10,553.7599999999993,10,505.0999999999997,2opt,notBad
2598,10,553.7599999999993,10,505.0999999999997,swap,notBad
2599,10,572.76,10,505.0999999999997,swap,acceptBad
2600,10,572.76,10,505.0999999999997,move,improve
2601,10,572.76,10,505.0999999999997,2opt,notBad
2602,10,572.76,10,505.0999999999997,swap,notBad
2603,10,572.76,10,505.0999999999997,move,improve
2604,10,572.76,10,505.0999999999997,2opt,notBad
2605,10,572.76,10,505.0999999999997,2opt,notBad
2606,10,572.76,10,505.0999999999997,2opt,notBad
2607,10,556.4800000000002,10,505.0999999999997,move,improve
2608,10,550.8200000000003,10,505.0999999999997,2opt,improve
2609,10,549.9200000000001,10,505.0999999999997,move,improve
2610,10,549.9200000000001,10,505.0999999999997,move,improve
2611,10,549.9200000000001,10,505.0999999999997,2opt,notBad
2612,10,549.9200000000001,10,505.0999999999997,2opt,notBad
2613,10,549.9200000000001,10,505.0999999999997,2opt,notBad
2614,10,571.3599999999997,10,505.0999999999997,swap,acceptBad
2615,10,628.9799999999998,10,505.0999999999997,swap,acceptBad
2616,10,537.7999999999997,10,505.0999999999997,move,improve
2617,10,537.7999999999997,10,505.0999999999997,move,improve
2618,10,537.7999999999997,10,505.0999999999997,2opt,notBad
2619,10,537.7999999999997,10,505.0999999999997,swap,notBad
2620,10,537.7999999999997,10,505.0999999999997,2opt,notBad
2621,10,537.7999999999997,10,505.0999999999997,swap,notBad
2622,10,537.7999999999997,10,505.0999999999997,swap,notBad
2623,10,537.7999999999997,10,505.0999999999997,2opt,improve
2624,10,537.7999999999997,10,505.0999999999997,2opt,notBad
2625,10,537.7999999999997,10,505.0999999999997,swap,notBad
2626,10,561.5799999999997,10,505.0999999999997,swap,acceptBad
2627,10,561.5799999999997,10,505.0999999999997,2opt,notBad
2628,10,561.5799999999997,10,505.0999999999997,2opt,notBad
2629,10,657.0200000000004,10,505.0999999999997,move,acceptBad
2630,10,657.0200000000004,10,505.0999999999997,2opt,notBad
2631,10,657.0200000000004,10,505.0999999999997,2opt,notBad
2632,10,657.0200000000004,10,505.0999999999997,2opt,notBad
2633,10,657.0200000000004,10,505.0999999999997,swap,notBad
2634,10,656.7000000000004,10,505.0999999999997,move,improve
2635,10,656.7000000000004,10,505.0999999999997,2opt,notBad
2636,10,656.7000000000004,10,505.0999999999997,2opt,notBad
2637,10,656.7000000000004,10,505.0999999999997,2opt,notBad
2638,10,656.7000000000004,10,505.0999999999997,2opt,notBad
2639,10,656.7000000000004,10,505.0999999999997,2opt,notBad
2640,10,576.04,10,505.0999999999997,move,improve
2641,10,576.04,10,505.0999999999997,swap,notBad
2642,10,576.04,10,505.0999999999997,2opt,notBad
2643,10,603.2600000000004,10,505.0999999999997,swap,acceptBad
2644,10,603.2600000000004,10,505.0999999999997,2opt,notBad
2645,10,603.2600000000004,10,505.0999999999997,2opt,notBad
2646,10,603.2600000000004,10,505.0999999999997,move,improve
2647,10,603.2600000000004,10,505.0999999999997,move,improve
2648,10,603.2600000000004,10,505.0999999999997,2opt,notBad
2649,10,603.2600000000004,10,505.0999999999997,move,improve
2650,10,618.34,10,505.0999999999997,swap,acceptBad
2651,10,618.34,10,505.0999999999997,move,improve
2652,10,618.34,10,505.0999999999997,swap,notBad
2653,10,644.76,10,505.0999999999997,swap,acceptBad
2654,10,631.8800000000001,10,505.0999999999997,2opt,improve
2655,10,631.8800000000001,10,505.0999999999997,2opt,notBad
2656,10,631.8800000000001,10,505.0999999999997,swap,notBad
2657,10,631.8800000000001,10,505.0999999999997,2opt,improve
2658,10,631.8800000000001,10,505.0999999999997,swap,notBad
2659,10,631.8800000000001,10,505.0999999999997,move,improve
2660,10,631.2800000000001,10,505.0999999999997,move,improve
2661,10,631.2800000000001,10,505.0999999999997,2opt,notBad
2662,10,631.2800000000001,10,505.0999999999997,swap,notBad
2663,10,614.6399999999996,10,505.0999999999997,move,improve
2664,10,623.7999999999997,10,505.0999999999997,swap,acceptBad
2665,10,623.7999999999997,10,505.0999999999997,move,improve
2666,10,623.7999999999997,10,505.0999999999997,move,improve
2667,10,623.7999999999997,10,505.0999999999997,swap,notBad
2668,10,625.9400000000007,10,505.0999999999997,2opt,acceptBad
2669,10,625.9400000000007,10,505.0999999999997,2opt,notBad
2670,10,625.9400000000007,10,505.0999999999997,move,improve
2671,10,612.2200000000004,10,505.0999999999997,move,improve
2672,10,612.2200000000004,10,505.0999999999997,2opt,notBad
2673,10,612.2200000000004,10,505.0999999999997,2opt,notBad
2674,10,612.2200000000004,10,505.0999999999997,swap,notBad
2675,10,598.9000000000004,10,505.0999999999997,move,improve
2676,10,598.9000000000004,10,505.0999999999997,swap,notBad
2677,10,597.6800000000003,10,505.0999999999997,swap,improve
2678,10,592.6200000000002,10,505.0999999999997,move,improve
2679,10,592.6200000000002,10,505.0999999999997,2opt,notBad
2680,10,592.6200000000002,10,505.0999999999997,2opt,notBad
2681,10,592.6200000000002,10,505.0999999999997,2opt,notBad
2682,10,592.6200000000002,10,505.0999999999997,swap,notBad
2683,10,591.2400000000005,10,505.0999999999997,2opt,improve
2684,10,641.0200000000002,10,505.0999999999997,swap,acceptBad
2685,10,668.8600000000001,10,505.0999999999997,swap,acceptBad
2686,10,668.8600000000001,10,505.0999999999997,move,improve
2687,10,668.8600000000001,10,505.0999999999997,swap,notBad
2688,10,668.8600000000001,10,505.0999999999997,move,improve
2689,10,668.8600000000001,10,505.0999999999997,2opt,notBad
2690,10,668.8600000000001,10,505.0999999999997,swap,notBad
2691,10,668.8600000000001,10,505.0999999999997,move,improve
2692,10,668.8600000000001,10,505.0999999999997,move,improve
2693,10,757.3399999999999,10,505.0999999999997,swap,acceptBad
2694,10,757.3399999999999,10,505.0999999999997,2opt,notBad
2695,10,757.3399999999999,10,505.0999999999997,move,improve
2696,10,757.3399999999999,10,505.0999999999997,swap,notBad
2697,10,748.3599999999998,10,505.0999999999997,move,improve
2698,10,748.3599999999998,10,505.0999999999997,move,improve
2699,10,748.3599999999998,10,505.0999999999997,2opt,notBad
2700,10,748.3599999999998,10,505.0999999999997,move,improve
2701,10,748.3599999999998,10,505.0999999999997,move,improve
2702,10,748.3599999999998,10,505.0999999999997,2opt,notBad
2703,10,748.3599999999998,10,505.0999999999997,move,improve
2704,10,748.3599999999998,10,505.0999999999997,swap,notBad
2705,10,748.3599999999998,10,505.0999999999997,move,improve
2706,10,748.3599999999998,10,505.0999999999997,move,improve
2707,10,748.3599999999998,10,505.0999999999997,swap,notBad
2708,10,747.4799999999998,10,505.0999999999997,2opt,improve
2709,10,747.4799999999998,10,505.0999999999997,swap,notBad
2710,10,735.7400000000001,10,505.0999999999997,move,improve
2711,10,735.7400000000001,10,505.0999999999997,2opt,notBad
2712,10,735.7400000000001,10,505.0999999999997,move,improve
2713,10,719.8399999999999,10,505.0999999999997,move,improve
2714,10,719.8399999999999,10,505.0999999999997,2opt,notBad
2715,10,719.8399999999999,10,505.0999999999997,2opt,notBad
2716,10,719.8399999999999,10,505.0999999999997,2opt,notBad
2717,10,719.8399999999999,10,505.0999999999997,swap,notBad
2718,10,657.3199999999997,10,505.0999999999997,move,improve
2719,10,655.7999999999997,10,505.0999999999997,move,improve
2720,10,661.9399999999997,10,505.0999999999997,2opt,acceptBad
2721,10,661.9399999999997,10,505.0999999999997,move,improve
2722,10,742.7399999999993,10,505.0999999999997,move,acceptBad
2723,10,747.3200000000002,10,505.0999999999997,swap,acceptBad
2724,10,747.3200000000002,10,505.0999999999997,2opt,notBad
2725,10,747.3200000000002,10,505.0999999999997,swap,notBad
2726,10,747.3200000000002,10,505.0999999999997,2opt,notBad
2727,10,747.3200000000002,10,505.0999999999997,move,improve
2728,10,747.3200000000002,10,505.0999999999997,move,improve
2729,10,747.3200000000002,10,505.0999999999997,2opt,notBad
2730,10,746.5399999999998,10,505.0999999999997,move,improve
2731,10,746.5399999999998,10,505.0999999999997,2opt,notBad
2732,10,746.5399999999998,10,505.0999999999997,2opt,notBad
2733,10,776.4999999999995,10,505.0999999999997,swap,acceptBad
2734,10,776.4999999999995,10,505.0999999999997,swap,notBad
2735,10,776.4999999999995,10,505.0999999999997,2opt,notBad
2736,10,737.8,10,505.0999999999997,move,improve
2737,10,735.8400000000001,10,505.0999999999997,move,improve
2738,10,735.8400000000001,10,505.0999999999997,move,improve
2739,10,735.8400000000001,10,505.0999999999997,move,improve
2740,10,735.8400000000001,10,505.0999999999997,2opt,notBad
2741,10,735.8400000000001,10,505.0999999999997,move,improve
2742,10,735.8400000000001,10,505.0999999999997,move,improve
2743,10,735.8400000000001,10,505.0999999999997,swap,notBad
2744,10,735.8400000000001,10,505.0999999999997,swap,notBad
2745,10,735.8400000000001,10,505.0999999999997,swap,notBad
2746,10,718.5999999999997,10,505.0999999999997,2opt,improve
2747,10,718.5999999999997,10,505.0999999999997,2opt,notBad
2748,10,718.5999999999997,10,505.0999999999997,2opt,notBad
2749,10,718.5999999999997,10,505.0999999999997,2opt,notBad
2750,10,718.5999999999997,10,505.0999999999997,move,improve
2751,10,718.5999999999997,10,505.0999999999997,move,improve
2752,10,718.5999999999997,10,505.0999999999997,2opt,notBad
2753,10,718.5999999999997,10,505.0999999999997,2opt,notBad
2754,10,718.5999999999997,10,505.0999999999997,move,improve
2755,10,718.5999999999997,10,505.0999999999997,swap,notBad
2756,10,713.3599999999996,10,505.0999999999997,move,improve
2757,10,694.2599999999998,10,505.0999999999997,swap,improve
2758,10,682.3599999999994,10,505.0999999999997,move,improve
2759,10,682.3599999999994,10,505.0999999999997,swap,notBad
2760,10,630.28,10,505.0999999999997,swap,improve
2761,10,630.28,10,505.0999999999997,2opt,notBad
2762,10,630.28,10,505.0999999999997,2opt,notBad
2763,10,630.28,10,505.0999999999997,2opt,improve
2764,10,630.28,10,505.0999999999997,2opt,notBad
2765,10,629.0,10,505.0999999999997,2opt,improve
2766,10,629.0,10,505.0999999999997,swap,notBad
2767,10,628.72,10,505.0999999999997,move,improve
2768,10,628.72,10,505.0999999999997,2opt,notBad
2769,10,628.72,10,505.0999999999997,swap,notBad
2770,10,628.72,10,505.0999999999997,2opt,notBad
2771,10,628.72,10,505.0999999999997,swap,notBad
2772,10,628.72,10,505.0999999999997,2opt,notBad
2773,10,628.72,10,505.0999999999997,2opt,notBad
2774,10,628.72,10,505.0999999999997,2opt,notBad
2775,10,628.72,10,505.0999999999997,move,improve
2776,10,628.72,10,505.0999999999997,2opt,notBad
2777,10,628.72,10,505.0999999999997,2opt,notBad
2778,10,628.72,10,505.0999999999997,2opt,notBad
2779,10,628.72,10,505.0999999999997,2opt,notBad
2780,10,628.72,10,505.0999999999997,move,improve
2781,10,628.72,10,505.0999999999997,2opt,notBad
2782,10,628.72,10,505.0999999999997,2opt,notBad
2783,10,621.7800000000003,10,505.0999999999997,swap,improve
2784,10,621.7800000000003,10,505.0999999999997,2opt,notBad
2785,10,621.7800000000003,10,505.0999999999997,2opt,notBad
2786,10,621.7800000000003,10,505.0999999999997,2opt,improve
2787,10,621.7800000000003,10,505.0999999999997,2opt,notBad
2788,10,621.7800000000003,10,505.0999999999997,swap,notBad
2789,10,621.7800000000003,10,505.0999999999997,2opt,notBad
2790,10,601.0000000000014,10,505.0999999999997,move,improve
2791,10,601.0000000000014,10,505.0999999999997,2opt,improve
2792,10,601.0000000000014,10,505.0999999999997,swap,notBad
2793,10,593.7200000000007,10,505.0999999999997,swap,improve
2794,10,593.7200000000007,10,505.0999999999997,move,improve
2795,10,593.7200000000007,10,505.0999999999997,swap,notBad
2796,10,593.7200000000007,10,505.0999999999997,move,improve
2797,10,593.7200000000007,10,505.0999999999997,move,improve
2798,10,593.7200000000007,10,505.0999999999997,move,improve
2799,10,593.7200000000007,10,505.0999999999997,move,improve
2800,10,593.7200000000007,10,505.0999999999997,swap,notBad
2801,10,593.7200000000007,10,505.0999999999997,swap,notBad
2802,10,593.7200000000007,10,505.0999999999997,2opt,improve
2803,10,593.7200000000007,10,505.0999999999997,2opt,notBad
2804,10,593.7200000000007,10,505.0999999999997,2opt,improve
2805,10,593.7200000000007,10,505.0999999999997,move,improve
2806,10,593.7200000000007,10,505.0999999999997,move,improve
2807,10,487.40000000000094,10,487.40000000000094,move,newBest
2808,10,510.34000000000054,10,487.40000000000094,swap,acceptBad
2809,10,510.34000000000054,10,487.40000000000094,2opt,notBad
2810,10,523.9600000000007,10,487.40000000000094,2opt,acceptBad
2811,10,523.3800000000005,10,487.40000000000094,swap,improve
2812,10,569.7800000000009,10,487.40000000000094,swap,acceptBad
2813,10,569.7800000000009,10,487.40000000000094,2opt,notBad
2814,10,569.7800000000009,10,487.40000000000094,2opt,notBad
2815,10,569.7800000000009,10,487.40000000000094,2opt,improve
2816,10,569.7800000000009,10,487.40000000000094,move,improve
2817,10,569.7800000000009,10,487.40000000000094,swap,notBad
2818,10,569.7800000000009,10,487.40000000000094,swap,notBad
2819,10,569.7800000000009,10,487.40000000000094,2opt,notBad
2820,10,571.900000000001,10,487.40000000000094,move,acceptBad
2821,10,541.7600000000007,10,487.40000000000094,move,improve
2822,10,541.7600000000007,10,487.40000000000094,swap,notBad
2823,10,489.5400000000001,10,487.40000000000094,move,improve
2824,10,547.2400000000002,10,487.40000000000094,swap,acceptBad
2825,10,547.2400000000002,10,487.40000000000094,2opt,notBad
2826,10,547.2400000000002,10,487.40000000000094,swap,notBad
2827,10,547.2400000000002,10,487.40000000000094,2opt,notBad
2828,10,544.4600000000003,10,487.40000000000094,move,improve
2829,10,544.4600000000003,10,487.40000000000094,move,improve
2830,10,544.4600000000003,10,487.40000000000094,move,improve
2831,10,536.1200000000003,10,487.40000000000094,move,improve
2832,10,536.1200000000003,10,487.40000000000094,2opt,notBad
2833,10,536.1200000000003,10,487.40000000000094,swap,notBad
2834,10,536.1200000000003,10,487.40000000000094,swap,notBad
2835,10,536.1200000000003,10,487.40000000000094,swap,notBad
2836,10,536.1200000000003,10,487.40000000000094,2opt,notBad
2837,10,536.1200000000003,10,487.40000000000094,2opt,notBad
2838,10,536.1200000000003,10,487.40000000000094,swap,notBad
2839,10,536.1200000000003,10,487.40000000000094,move,improve
2840,10,571.7999999999997,10,487.40000000000094,swap,acceptBad
2841,10,571.7999999999997,10,487.40000000000094,2opt,notBad
2842,10,571.7999999999997,10,487.40000000000094,2opt,notBad
2843,10,526.9000000000001,10,487.40000000000094,move,improve
2844,10,526.9000000000001,10,487.40000000000094,swap,notBad
2845,10,526.9000000000001,10,487.40000000000094,2opt,notBad
2846,10,526.9000000000001,10,487.40000000000094,swap,notBad
2847,10,526.9000000000001,10,487.40000000000094,swap,notBad
2848,10,526.9000000000001,10,487.40000000000094,move,improve
2849,10,526.9000000000001,10,487.40000000000094,2opt,notBad
2850,10,474.56000000000057,10,474.56000000000057,move,newBest
2851,10,474.56000000000057,10,474.56000000000057,move,improve
2852,10,474.56000000000057,10,474.56000000000057,move,improve
2853,10,474.56000000000057,10,474.56000000000057,2opt,notBad
2854,10,474.56000000000057,10,474.56000000000057,move,improve
2855,10,506.0200000000007,10,474.56000000000057,swap,acceptBad
2856,10,506.0200000000007,10,474.56000000000057,swap,notBad
2857,10,495.2200000000004,10,474.56000000000057,swap,improve
2858,10,495.2200000000004,10,474.56000000000057,2opt,notBad
2859,10,495.2200000000004,10,474.56000000000057,2opt,notBad
2860,10,495.2200000000004,10,474.56000000000057,swap,notBad
2861,10,549.5799999999999,10,474.56000000000057,swap,acceptBad
2862,10,594.48,10,474.56000000000057,swap,acceptBad
2863,10,594.48,10,474.56000000000057,swap,notBad
2864,10,594.48,10,474.56000000000057,move,improve
2865,10,594.48,10,474.56000000000057,2opt,notBad
2866,10,594.48,10,474.56000000000057,move,improve
2867,10,594.48,10,474.56000000000057,move,improve
2868,10,594.48,10,474.56000000000057,2opt,notBad
2869,10,594.48,10,474.56000000000057,move,improve
2870,10,594.48,10,474.56000000000057,move,improve
2871,10,594.48,10,474.56000000000057,swap,notBad
2872,10,544.7,10,474.56000000000057,swap,improve
2873,10,544.7,10,474.56000000000057,move,improve
2874,10,544.7,10,474.56000000000057,move,improve
2875,10,544.7,10,474.56000000000057,move,improve
2876,10,544.7,10,474.56000000000057,swap,notBad
2877,10,555.8999999999999,10,474.56000000000057,swap,acceptBad
2878,10,555.8999999999999,10,474.56000000000057,move,improve
2879,10,555.8999999999999,10,474.56000000000057,2opt,improve
2880,10,555.8999999999999,10,474.56000000000057,swap,notBad
2881,10,555.8999999999999,10,474.56000000000057,2opt,notBad
2882,10,549.46,10,474.56000000000057,move,improve
2883,10,549.46,10,474.56000000000057,2opt,notBad
2884,10,549.46,10,474.56000000000057,2opt,notBad
2885,10,546.0799999999992,10,474.56000000000057,swap,improve
2886,10,546.0799999999992,10,474.56000000000057,move,improve
2887,10,546.0799999999992,10,474.56000000000057,2opt,notBad
2888,10,546.0799999999992,10,474.56000000000057,move,improve
2889,10,546.0799999999992,10,474.56000000000057,2opt,notBad
2890,10,546.0799999999992,10,474.56000000000057,move,improve
2891,10,546.0799999999992,10,474.56000000000057,swap,notBad
2892,10,546.0799999999992,10,474.56000000000057,move,improve
2893,10,546.0799999999992,10,474.56000000000057,2opt,notBad
2894,10,546.0799999999992,10,474.56000000000057,move,improve
2895,10,561.7599999999998,10,474.56000000000057,swap,acceptBad
2896,10,561.7599999999998,10,474.56000000000057,2opt,notBad
2897,10,561.7599999999998,10,474.56000000000057,2opt,notBad
2898,10,561.7599999999998,10,474.56000000000057,2opt,improve
2899,10,561.7599999999998,10,474.56000000000057,2opt,notBad
2900,10,561.7599999999998,10,474.56000000000057,move,improve
2901,10,561.7599999999998,10,474.56000000000057,move,improve
2902,10,520.9399999999997,10,474.56000000000057,swap,improve
2903,10,520.9399999999997,10,474.56000000000057,2opt,notBad
2904,10,520.9399999999997,10,474.56000000000057,move,improve
2905,10,520.9399999999997,10,474.56000000000057,move,improve
2906,10,520.9399999999997,10,474.56000000000057,swap,notBad
2907,10,520.9399999999997,10,474.56000000000057,2opt,notBad
2908,10,520.9399999999997,10,474.56000000000057,2opt,notBad
2909,10,520.9399999999997,10,474.56000000000057,swap,notBad
2910,10,520.9399999999997,10,474.56000000000057,2opt,notBad
2911,10,520.9399999999997,10,474.56000000000057,swap,notBad
2912,10,520.9399999999997,10,474.56000000000057,move,improve
2913,10,520.9399999999997,10,474.56000000000057,2opt,notBad
2914,10,520.9399999999997,10,474.56000000000057,swap,notBad
2915,10,520.9399999999997,10,474.56000000000057,swap,notBad
2916,10,520.9399999999997,10,474.56000000000057,move,improve
2917,10,520.9399999999997,10,474.56000000000057,move,improve
2918,10,520.9399999999997,10,474.56000000000057,2opt,notBad
2919,10,520.9399999999997,10,474.56000000000057,move,improve
2920,10,520.9399999999997,10,474.56000000000057,2opt,notBad
2921,10,520.9399999999997,10,474.56000000000057,move,improve
2922,10,520.9399999999997,10,474.56000000000057,swap,notBad
2923,10,520.9399999999997,10,474.56000000000057,2opt,notBad
2924,10,534.2599999999996,10,474.56000000000057,2opt,acceptBad
2925,10,534.2599999999996,10,474.56000000000057,move,improve
2926,10,534.2599999999996,10,474.56000000000057,2opt,notBad
2927,10,534.2599999999996,10,474.56000000000057,move,improve
2928,10,534.2599999999996,10,474.56000000000057,2opt,notBad
2929,10,513.4399999999998,10,474.56000000000057,2opt,improve
2930,10,536.6799999999998,10,474.56000000000057,swap,acceptBad
2931,10,544.6999999999998,10,474.56000000000057,swap,acceptBad
2932,10,544.6999999999998,10,474.56000000000057,move,improve
2933,10,544.6999999999998,10,474.56000000000057,2opt,notBad
2934,10,544.6999999999998,10,474.56000000000057,move,improve
2935,10,543.5199999999998,10,474.56000000000057,2opt,improve
2936,10,543.5199999999998,10,474.56000000000057,swap,notBad
2937,10,543.5199999999998,10,474.56000000000057,move,improve
2938,10,543.5199999999998,10,474.56000000000057,swap,notBad
2939,10,548.4599999999994,10,474.56000000000057,swap,acceptBad
2940,10,548.4599999999994,10,474.56000000000057,move,improve
2941,10,548.4599999999994,10,474.56000000000057,2opt,notBad
2942,10,548.4599999999994,10,474.56000000000057,swap,notBad
2943,10,548.4599999999994,10,474.56000000000057,move,improve
2944,10,541.8999999999994,10,474.56000000000057,2opt,improve
2945,10,541.8999999999994,10,474.56000000000057,move,improve
2946,10,541.8999999999994,10,474.56000000000057,2opt,improve
2947,10,541.8999999999994,10,474.56000000000057,2opt,notBad
2948,10,541.8999999999994,10,474.56000000000057,move,improve
2949,10,541.8999999999994,10,474.56000000000057,move,improve
2950,10,541.8999999999994,10,474.56000000000057,move,improve
2951,10,541.8999999999994,10,474.56000000000057,2opt,notBad
2952,10,541.8999999999994,10,474.56000000000057,swap,notBad
2953,10,541.8999999999994,10,474.56000000000057,2opt,notBad
2954,10,541.8999999999994,10,474.56000000000057,swap,notBad
2955,10,601.8399999999991,10,474.56000000000057,swap,acceptBad
2956,10,601.8399999999991,10,474.56000000000057,move,improve
2957,10,601.8399999999991,10,474.56000000000057,move,improve
2958,10,661.4399999999996,10,474.56000000000057,swap,acceptBad
2959,10,661.4399999999996,10,474.56000000000057,swap,notBad
2960,10,661.6399999999994,10,474.56000000000057,move,acceptBad
2961,10,661.6399999999994,10,474.56000000000057,2opt,notBad
2962,10,661.6399999999994,10,474.56000000000057,2opt,notBad
2963,10,661.6399999999994,10,474.56000000000057,2opt,notBad
2964,10,581.4799999999982,10,474.56000000000057,move,improve
2965,10,581.4799999999982,10,474.56000000000057,move,improve
2966,10,581.4799999999982,10,474.56000000000057,2opt,notBad
2967,10,581.4799999999982,10,474.56000000000057,move,improve
2968,10,581.4799999999982,10,474.56000000000057,move,improve
2969,10,581.4799999999982,10,474.56000000000057,swap,notBad
2970,10,546.5799999999982,10,474.56000000000057,move,improve
2971,10,546.5799999999982,10,474.56000000000057,swap,notBad
2972,10,546.5799999999982,10,474.56000000000057,move,improve
2973,10,546.5799999999982,10,474.56000000000057,2opt,notBad
2974,10,546.5799999999982,10,474.56000000000057,2opt,notBad
2975,10,546.5799999999982,10,474.56000000000057,2opt,improve
2976,10,546.5799999999982,10,474.56000000000057,swap,notBad
2977,10,542.1199999999981,10,474.56000000000057,move,improve
2978,10,542.1199999999981,10,474.56000000000057,move,improve
2979,10,542.1199999999981,10,474.56000000000057,2opt,notBad
2980,10,542.1199999999981,10,474.56000000000057,swap,notBad
2981,10,554.5199999999988,10,474.56000000000057,swap,acceptBad
2982,10,554.5199999999988,10,474.56000000000057,move,improve
2983,10,554.5199999999988,10,474.56000000000057,swap,notBad
2984,10,554.5199999999988,10,474.56000000000057,2opt,notBad
2985,10,554.5199999999988,10,474.56000000000057,2opt,notBad
2986,10,554.5199999999988,10,474.56000000000057,2opt,notBad
2987,10,554.5199999999988,10,474.56000000000057,move,improve
2988,10,554.5199999999988,10,474.56000000000057,2opt,improve
2989,10,575.2799999999993,10,474.56000000000057,swap,acceptBad
2990,10,575.2799999999993,10,474.56000000000057,2opt,improve
2991,10,575.2799999999993,10,474.56000000000057,move,improve
2992,10,575.2799999999993,10,474.56000000000057,swap,notBad
2993,10,575.2799999999993,10,474.56000000000057,2opt,notBad
2994,10,543.3799999999993,10,474.56000000000057,move,improve
2995,10,543.3799999999993,10,474.56000000000057,swap,notBad
2996,10,543.3799999999993,10,474.56000000000057,swap,notBad
2997,10,543.3799999999993,10,474.56000000000057,swap,notBad
2998,10,575.6599999999993,10,474.56000000000057,swap,acceptBad
2999,10,575.6599999999993,10,474.56000000000057,2opt,notBad
3000,10,575.6599999999993,10,474.56000000000057,swap,notBad
3001,10,575.6599999999993,10,474.56000000000057,move,improve
3002,10,565.1199999999992,10,474.56000000000057,move,improve
3003,10,565.1199999999992,10,474.56000000000057,swap,notBad
3004,10,565.1199999999992,10,474.56000000000057,2opt,notBad
3005,10,565.1199999999992,10,474.56000000000057,swap,notBad
3006,10,565.1199999999992,10,474.56000000000057,move,improve
3007,10,565.1199999999992,10,474.56000000000057,2opt,improve
3008,10,565.1199999999992,10,474.56000000000057,move,improve
3009,10,565.1199999999992,10,474.56000000000057,swap,notBad
3010,10,565.1199999999992,10,474.56000000000057,2opt,notBad
3011,10,565.1199999999992,10,474.56000000000057,swap,notBad
3012,10,633.1799999999994,10,474.56000000000057,swap,acceptBad
3013,10,633.1799999999994,10,474.56000000000057,swap,notBad
3014,10,633.1799999999994,10,474.56000000000057,move,improve
3015,10,633.1799999999994,10,474.56000000000057,2opt,notBad
3016,10,633.1799999999994,10,474.56000000000057,swap,notBad
3017,10,633.1799999999994,10,474.56000000000057,2opt,notBad
3018,10,633.1799999999994,10,474.56000000000057,swap,notBad
3019,10,633.1799999999994,10,474.56000000000057,2opt,notBad
3020,10,633.1799999999994,10,474.56000000000057,swap,notBad
3021,10,633.1799999999994,10,474.56000000000057,swap,notBad
3022,10,633.1799999999994,10,474.56000000000057,move,improve
3023,10,633.4199999999994,10,474.56000000000057,2opt,acceptBad
3024,10,633.4199999999994,10,474.56000000000057,swap,notBad
3025,10,633.4199999999994,10,474.56000000000057,2opt,improve
3026,10,608.8599999999996,10,474.56000000000057,move,improve
3027,10,608.8599999999996,10,474.56000000000057,move,improve
3028,10,608.8599999999996,10,474.56000000000057,2opt,notBad
3029,10,608.8599999999996,10,474.56000000000057,swap,notBad
3030,10,608.8599999999996,10,474.56000000000057,swap,notBad
3031,10,552.6399999999996,10,474.56000000000057,move,improve
3032,10,550.3199999999986,10,474.56000000000057,move,improve
3033,10,550.3199999999986,10,474.56000000000057,move,improve
3034,10,550.3199999999986,10,474.56000000000057,2opt,notBad
3035,10,550.3199999999986,10,474.56000000000057,2opt,improve
3036,10,550.3199999999986,10,474.56000000000057,swap,notBad
3037,10,550.3199999999986,10,474.56000000000057,2opt,notBad
3038,10,550.3199999999986,10,474.56000000000057,swap,notBad
3039,10,550.3199999999986,10,474.56000000000057,swap,notBad
3040,10,550.3199999999986,10,474.56000000000057,2opt,notBad
3041,10,550.3199999999986,10,474.56000000000057,move,improve
3042,10,550.3199999999986,10,474.56000000000057,swap,notBad
3043,10,550.3199999999986,10,474.56000000000057,2opt,notBad
3044,10,550.3199999999986,10,474.56000000000057,move,improve
3045,10,550.3199999999986,10,474.56000000000057,2opt,notBad
3046,10,550.3199999999986,10,474.56000000000057,swap,notBad
3047,10,550.3199999999986,10,474.56000000000057,2opt,notBad
3048,10,550.3199999999986,10,474.56000000000057,2opt,improve
3049,10,550.3199999999986,10,474.56000000000057,move,improve
3050,10,550.3199999999986,10,474.56000000000057,move,improve
3051,10,550.3199999999986,10,474.56000000000057,swap,notBad
3052,10,550.3199999999986,10,474.56000000000057,2opt,notBad
3053,10,550.3199999999986,10,474.56000000000057,move,improve
3054,10,550.3199999999986,10,474.56000000000057,swap,notBad
3055,10,550.3199999999986,10,474.56000000000057,2opt,improve
3056,10,550.3199999999986,10,474.56000000000057,move,improve
3057,10,550.3199999999986,10,474.56000000000057,2opt,improve
3058,10,550.3199999999986,10,474.56000000000057,move,improve
3059,10,550.3199999999986,10,474.56000000000057,2opt,notBad
3060,10,591.3199999999993,10,474.56000000000057,swap,acceptBad
3061,10,591.3199999999993,10,474.56000000000057,2opt,notBad
3062,10,591.3199999999993,10,474.56000000000057,2opt,notBad
3063,10,591.3199999999993,10,474.56000000000057,swap,notBad
3064,10,591.3199999999993,10,474.56000000000057,2opt,notBad
3065,10,591.3199999999993,10,474.56000000000057,move,improve
3066,10,591.3199999999993,10,474.56000000000057,2opt,notBad
3067,10,556.1599999999995,10,474.56000000000057,move,improve
3068,10,556.1599999999995,10,474.56000000000057,move,improve
3069,10,556.1599999999995,10,474.56000000000057,2opt,notBad
3070,10,556.1599999999995,10,474.56000000000057,2opt,notBad
3071,10,556.1599999999995,10,474.56000000000057,move,improve
3072,10,556.1599999999995,10,474.56000000000057,2opt,notBad
3073,10,556.1599999999995,10,474.56000000000057,move,improve
3074,10,556.1599999999995,10,474.56000000000057,move,improve
3075,10,556.1599999999995,10,474.56000000000057,move,improve
3076,10,556.1599999999995,10,474.56000000000057,swap,notBad
3077,10,556.1599999999995,10,474.56000000000057,2opt,notBad
3078,10,556.1599999999995,10,474.56000000000057,move,improve
3079,10,556.1599999999995,10,474.56000000000057,2opt,notBad
3080,10,601.3400000000001,10,474.56000000000057,swap,acceptBad
3081,10,601.3400000000001,10,474.56000000000057,swap,notBad
3082,10,601.3400000000001,10,474.56000000000057,2opt,notBad
3083,10,601.3400000000001,10,474.56000000000057,move,improve
3084,10,601.3400000000001,10,474.56000000000057,2opt,notBad
3085,10,601.3400000000001,10,474.56000000000057,2opt,notBad
3086,10,601.3400000000001,10,474.56000000000057,2opt,notBad
3087,10,601.3400000000001,10,474.56000000000057,2opt,notBad
3088,10,601.3400000000001,10,474.56000000000057,swap,notBad
3089,10,601.3400000000001,10,474.56000000000057,move,improve
3090,10,586.7200000000009,10,474.56000000000057,move,improve
3091,10,586.7200000000009,10,474.56000000000057,move,improve
3092,10,586.7200000000009,10,474.56000000000057,2opt,notBad
3093,10,586.7200000000009,10,474.56000000000057,2opt,notBad
3094,10,586.7200000000009,10,474.56000000000057,swap,notBad
3095,10,581.8800000000005,10,474.56000000000057,move,improve
3096,10,581.8800000000005,10,474.56000000000057,move,improve
3097,10,581.8800000000005,10,474.56000000000057,2opt,notBad
3098,10,581.8800000000005,10,474.56000000000057,2opt,notBad
3099,10,581.8800000000005,10,474.56000000000057,swap,notBad
3100,10,581.8800000000005,10,474.56000000000057,swap,notBad
3101,10,581.8800000000005,10,474.56000000000057,move,improve
3102,10,581.8800000000005,10,474.56000000000057,move,improve
3103,10,581.8800000000005,10,474.56000000000057,move,improve
3104,10,580.2,10,474.56000000000057,2opt,improve
3105,10,580.2,10,474.56000000000057,2opt,notBad
3106,10,552.3999999999996,10,474.56000000000057,swap,improve
3107,10,531.2200000000006,10,474.56000000000057,move,improve
3108,10,531.2200000000006,10,474.56000000000057,move,improve
3109,10,531.2200000000006,10,474.56000000000057,move,improve
3110,10,531.2200000000006,10,474.56000000000057,move,improve
3111,10,531.2200000000006,10,474.56000000000057,2opt,notBad
3112,10,531.2200000000006,10,474.56000000000057,swap,notBad
3113,10,531.2200000000006,10,474.56000000000057,2opt,notBad
3114,10,531.2200000000006,10,474.56000000000057,swap,notBad
3115,10,531.2200000000006,10,474.56000000000057,move,improve
3116,10,521.1000000000004,10,474.56000000000057,move,improve
3117,10,521.1000000000004,10,474.56000000000057,move,improve
3118,10,521.1000000000004,10,474.56000000000057,move,improve
3119,10,521.1000000000004,10,474.56000000000057,2opt,notBad
3120,10,521.1000000000004,10,474.56000000000057,2opt,notBad
3121,10,511.0400000000004,10,474.56000000000057,swap,improve
3122,10,511.0400000000004,10,474.56000000000057,move,improve
3123,10,511.0400000000004,10,474.56000000000057,2opt,notBad
3124,10,511.0400000000004,10,474.56000000000057,swap,notBad
3125,10,511.0400000000004,10,474.56000000000057,move,improve
3126,10,511.0400000000004,10,474.56000000000057,2opt,notBad
3127,10,511.0400000000004,10,474.56000000000057,2opt,notBad
3128,10,511.0400000000004,10,474.56000000000057,swap,notBad
3129,10,511.0400000000004,10,474.56000000000057,2opt,notBad
3130,10,511.0400000000004,10,474.56000000000057,2opt,notBad
3131,10,511.0400000000004,10,474.56000000000057,2opt,notBad
3132,10,511.0400000000004,10,474.56000000000057,swap,notBad
3133,10,511.0400000000004,10,474.56000000000057,2opt,notBad
3134,10,511.0400000000004,10,474.56000000000057,2opt,notBad
3135,10,511.0400000000004,10,474.56000000000057,swap,notBad
3136,10,511.0400000000004,10,474.56000000000057,2opt,notBad
3137,10,511.0400000000004,10,474.56000000000057,2opt,notBad
3138,10,511.0400000000004,10,474.56000000000057,swap,notBad
3139,10,511.0400000000004,10,474.56000000000057,2opt,notBad
3140,10,511.0400000000004,10,474.56000000000057,2opt,notBad
3141,10,511.0400000000004,10,474.56000000000057,move,improve
3142,10,511.0400000000004,10,474.56000000000057,2opt,improve
3143,10,511.0400000000004,10,474.56000000000057,swap,notBad
3144,10,511.0400000000004,10,474.56000000000057,move,improve
3145,10,499.5400000000003,10,474.56000000000057,swap,improve
3146,10,514.0200000000006,10,474.56000000000057,swap,acceptBad
3147,10,514.0200000000006,10,474.56000000000057,2opt,improve
3148,10,514.0200000000006,10,474.56000000000057,move,improve
3149,10,514.0200000000006,10,474.56000000000057,move,improve
3150,10,514.0200000000006,10,474.56000000000057,swap,notBad
3151,10,514.0200000000006,10,474.56000000000057,swap,notBad
3152,10,514.0200000000006,10,474.56000000000057,2opt,notBad
3153,10,514.0200000000006,10,474.56000000000057,2opt,improve
3154,10,523.0600000000005,10,474.56000000000057,2opt,acceptBad
3155,10,530.4399999999997,10,474.56000000000057,swap,acceptBad
3156,10,530.4399999999997,10,474.56000000000057,2opt,improve
3157,10,530.4399999999997,10,474.56000000000057,2opt,notBad
3158,10,524.9800000000007,10,474.56000000000057,move,improve
3159,10,524.9800000000007,10,474.56000000000057,2opt,improve
3160,10,524.9800000000007,10,474.56000000000057,swap,notBad
3161,10,524.9800000000007,10,474.56000000000057,2opt,notBad
3162,10,524.9800000000007,10,474.56000000000057,2opt,notBad
3163,10,524.9800000000007,10,474.56000000000057,swap,notBad
3164,10,524.9800000000007,10,474.56000000000057,2opt,notBad
3165,10,540.3600000000008,10,474.56000000000057,swap,acceptBad
3166,10,540.3600000000008,10,474.56000000000057,move,improve
3167,10,540.3600000000008,10,474.56000000000057,swap,notBad
3168,10,540.3600000000008,10,474.56000000000057,swap,notBad
3169,10,540.3600000000008,10,474.56000000000057,swap,notBad
3170,10,522.3199999999996,10,474.56000000000057,swap,improve
3171,10,522.3199999999996,10,474.56000000000057,2opt,notBad
3172,10,522.3199999999996,10,474.56000000000057,2opt,improve
3173,10,522.3199999999996,10,474.56000000000057,move,improve
3174,10,520.7999999999995,10,474.56000000000057,swap,improve
3175,10,520.7999999999995,10,474.56000000000057,swap,notBad
3176,10,515.7199999999996,10,474.56000000000057,2opt,improve
3177,10,515.7199999999996,10,474.56000000000057,2opt,notBad
3178,10,515.7199999999996,10,474.56000000000057,move,improve
3179,10,515.7199999999996,10,474.56000000000057,move,improve
3180,10,569.1800000000002,10,474.56000000000057,swap,acceptBad
3181,10,569.1800000000002,10,474.56000000000057,swap,notBad
3182,10,569.1800000000002,10,474.56000000000057,2opt,notBad
3183,10,569.1800000000002,10,474.56000000000057,2opt,improve
3184,10,569.1800000000002,10,474.56000000000057,swap,notBad
3185,10,569.1800000000002,10,474.56000000000057,2opt,notBad
3186,10,569.1800000000002,10,474.56000000000057,swap,notBad
3187,10,569.1800000000002,10,474.56000000000057,swap,notBad
3188,10,574.4800000000002,10,474.56000000000057,2opt,acceptBad
3189,10,574.4800000000002,10,474.56000000000057,move,improve
3190,10,574.4800000000002,10,474.56000000000057,2opt,notBad
3191,10,574.4800000000002,10,474.56000000000057,move,improve
3192,10,574.4800000000002,10,474.56000000000057,2opt,notBad
3193,10,574.4800000000002,10,474.56000000000057,swap,notBad
3194,10,574.4800000000002,10,474.56000000000057,swap,notBad
3195,10,574.4800000000002,10,474.56000000000057,swap,notBad
3196,10,574.4800000000002,10,474.56000000000057,2opt,notBad
3197,10,677.0400000000005,10,474.56000000000057,swap,acceptBad
3198,10,677.0400000000005,10,474.56000000000057,swap,notBad
3199,10,677.0400000000005,10,474.56000000000057,move,improve
3200,10,677.0400000000005,10,474.56000000000057,2opt,notBad
3201,10,677.0400000000005,10,474.56000000000057,move,improve
3202,10,677.0400000000005,10,474.56000000000057,swap,notBad
3203,10,677.0400000000005,10,474.56000000000057,move,improve
3204,10,677.0400000000005,10,474.56000000000057,swap,notBad
3205,10,675.9600000000005,10,474.56000000000057,move,improve
3206,10,675.9600000000005,10,474.56000000000057,swap,notBad
3207,10,684.040000000001,10,474.56000000000057,swap,acceptBad
3208,10,673.8000000000011,10,474.56000000000057,move,improve
3209,10,673.8000000000011,10,474.56000000000057,2opt,notBad
3210,10,673.8000000000011,10,474.56000000000057,swap,notBad
3211,10,673.8000000000011,10,474.56000000000057,2opt,notBad
3212,10,673.8000000000011,10,474.56000000000057,move,improve
3213,10,673.8000000000011,10,474.56000000000057,2opt,notBad
3214,10,673.8000000000011,10,474.56000000000057,2opt,improve
3215,10,673.8000000000011,10,474.56000000000057,2opt,notBad
3216,10,673.8000000000011,10,474.56000000000057,2opt,notBad
3217,10,673.8000000000011,10,474.56000000000057,swap,notBad
3218,10,673.8000000000011,10,474.56000000000057,swap,notBad
3219,10,673.8000000000011,10,474.56000000000057,2opt,improve
3220,10,673.8000000000011,10,474.56000000000057,swap,notBad
3221,10,673.8000000000011,10,474.56000000000057,swap,notBad
3222,10,673.8000000000011,10,474.56000000000057,2opt,improve
3223,10,681.2400000000009,10,474.56000000000057,swap,acceptBad
3224,10,681.2400000000009,10,474.56000000000057,swap,notBad
3225,10,681.2400000000009,10,474.56000000000057,2opt,notBad
3226,10,681.2400000000009,10,474.56000000000057,swap,notBad
3227,10,681.2400000000009,10,474.56000000000057,2opt,notBad
3228,10,681.2400000000009,10,474.56000000000057,move,improve
3229,10,681.2400000000009,10,474.56000000000057,2opt,notBad
3230,10,681.2400000000009,10,474.56000000000057,swap,notBad
3231,10,681.2400000000009,10,474.56000000000057,swap,notBad
3232,10,681.2400000000009,10,474.56000000000057,2opt,notBad
3233,10,681.2400000000009,10,474.56000000000057,move,improve
3234,10,681.2400000000009,10,474.56000000000057,2opt,notBad
3235,10,701.2000000000012,10,474.56000000000057,2opt,acceptBad
3236,10,701.2000000000012,10,474.56000000000057,2opt,notBad
3237,10,701.2000000000012,10,474.56000000000057,swap,notBad
3238,10,699.640000000001,10,474.56000000000057,swap,improve
3239,10,699.640000000001,10,474.56000000000057,move,improve
3240,10,677.840000000001,10,474.56000000000057,move,improve
3241,10,701.6800000000012,10,474.56000000000057,swap,acceptBad
3242,10,699.2800000000012,10,474.56000000000057,move,improve
3243,10,699.2800000000012,10,474.56000000000057,swap,notBad
3244,10,699.2800000000012,10,474.56000000000057,swap,notBad
3245,10,699.2800000000012,10,474.56000000000057,move,improve
3246,10,689.9000000000008,10,474.56000000000057,swap,improve
3247,10,689.9000000000008,10,474.56000000000057,2opt,notBad
3248,10,687.0000000000009,10,474.56000000000057,move,improve
3249,10,664.18,10,474.56000000000057,move,improve
3250,10,660.42,10,474.56000000000057,move,improve
3251,10,659.3799999999999,10,474.56000000000057,move,improve
3252,10,659.3799999999999,10,474.56000000000057,swap,notBad
3253,10,668.1999999999999,10,474.56000000000057,swap,acceptBad
3254,10,668.1999999999999,10,474.56000000000057,move,improve
3255,10,668.1999999999999,10,474.56000000000057,swap,notBad
3256,10,668.1999999999999,10,474.56000000000057,2opt,notBad
3257,10,668.1999999999999,10,474.56000000000057,move,improve
3258,10,652.3800000000002,10,474.56000000000057,move,improve
3259,10,652.3800000000002,10,474.56000000000057,move,improve
3260,10,690.8600000000004,10,474.56000000000057,swap,acceptBad
3261,10,690.8600000000004,10,474.56000000000057,2opt,notBad
3262,10,690.8600000000004,10,474.56000000000057,2opt,notBad
3263,10,675.0200000000003,10,474.56000000000057,move,improve
3264,10,675.0200000000003,10,474.56000000000057,swap,notBad
3265,10,675.0200000000003,10,474.56000000000057,swap,notBad
3266,10,675.0200000000003,10,474.56000000000057,swap,notBad
3267,10,674.8400000000004,10,474.56000000000057,move,improve
3268,10,674.8400000000004,10,474.56000000000057,2opt,notBad
3269,10,674.8400000000004,10,474.56000000000057,swap,notBad
3270,10,679.1800000000003,10,474.56000000000057,2opt,acceptBad
3271,10,679.1800000000003,10,474.56000000000057,2opt,notBad
3272,10,679.1800000000003,10,474.56000000000057,move,improve
3273,10,679.1800000000003,10,474.56000000000057,swap,notBad
3274,10,679.1800000000003,10,474.56000000000057,move,improve
3275,10,679.1800000000003,10,474.56000000000057,move,improve
3276,10,679.1800000000003,10,474.56000000000057,2opt,notBad
3277,10,742.88,10,474.56000000000057,swap,acceptBad
3278,10,795.0600000000002,10,474.56000000000057,swap,acceptBad
3279,10,795.0600000000002,10,474.56000000000057,move,improve
3280,10,795.0600000000002,10,474.56000000000057,2opt,notBad
3281,10,795.0600000000002,10,474.56000000000057,2opt,notBad
3282,10,688.3800000000003,10,474.56000000000057,move,improve
3283,10,688.3800000000003,10,474.56000000000057,move,improve
3284,10,688.3800000000003,10,474.56000000000057,swap,notBad
3285,10,688.3800000000003,10,474.56000000000057,swap,notBad
3286,10,690.0000000000006,10,474.56000000000057,swap,acceptBad
3287,10,680.1000000000006,10,474.56000000000057,swap,improve
3288,10,680.1000000000006,10,474.56000000000057,move,improve
3289,10,680.1000000000006,10,474.56000000000057,move,improve
3290,10,703.4600000000003,10,474.56000000000057,swap,acceptBad
3291,10,703.4600000000003,10,474.56000000000057,2opt,notBad
3292,10,703.4600000000003,10,474.56000000000057,2opt,notBad
3293,10,687.0000000000005,10,474.56000000000057,move,improve
3294,10,687.0000000000005,10,474.56000000000057,2opt,notBad
3295,10,687.0000000000005,10,474.56000000000057,2opt,notBad
3296,10,687.0000000000005,10,474.56000000000057,move,improve
3297,10,687.0000000000005,10,474.56000000000057,move,improve
3298,10,687.0000000000005,10,474.56000000000057,2opt,notBad
3299,10,687.0000000000005,10,474.56000000000057,2opt,notBad
3300,10,666.720000000001,10,474.56000000000057,move,improve
3301,10,660.3600000000012,10,474.56000000000057,move,improve
3302,10,660.3600000000012,10,474.56000000000057,move,improve
3303,10,660.3600000000012,10,474.56000000000057,2opt,notBad
3304,10,660.3600000000012,10,474.56000000000057,move,improve
3305,10,660.3600000000012,10,474.56000000000057,2opt,notBad
3306,10,660.3600000000012,10,474.56000000000057,swap,notBad
3307,10,660.3600000000012,10,474.56000000000057,2opt,notBad
3308,10,660.3600000000012,10,474.56000000000057,move,improve
3309,10,647.620000000001,10,474.56000000000057,move,improve
3310,10,647.620000000001,10,474.56000000000057,swap,notBad
3311,10,647.620000000001,10,474.56000000000057,swap,notBad
3312,10,647.620000000001,10,474.56000000000057,2opt,notBad
3313,10,647.620000000001,10,474.56000000000057,2opt,notBad
3314,10,647.620000000001,10,474.56000000000057,swap,notBad
3315,10,647.620000000001,10,474.56000000000057,swap,notBad
3316,10,647.620000000001,10,474.56000000000057,swap,notBad
3317,10,647.620000000001,10,474.56000000000057,swap,notBad
3318,10,647.620000000001,10,474.56000000000057,2opt,notBad
3319,10,647.620000000001,10,474.56000000000057,move,improve
3320,10,647.620000000001,10,474.56000000000057,2opt,notBad
3321,10,647.620000000001,10,474.56000000000057,2opt,notBad
3322,10,647.620000000001,10,474.56000000000057,2opt,improve
3323,10,647.620000000001,10,474.56000000000057,2opt,notBad
3324,10,647.620000000001,10,474.56000000000057,2opt,notBad
3325,10,647.620000000001,10,474.56000000000057,2opt,notBad
3326,10,644.000000000001,10,474.56000000000057,move,improve
3327,10,644.000000000001,10,474.56000000000057,swap,notBad
3328,10,644.000000000001,10,474.56000000000057,move,improve
3329,10,644.000000000001,10,474.56000000000057,2opt,notBad
3330,10,644.000000000001,10,474.56000000000057,swap,notBad
3331,10,644.000000000001,10,474.56000000000057,2opt,notBad
3332,10,644.000000000001,10,474.56000000000057,swap,notBad
3333,10,607.0400000000009,10,474.56000000000057,swap,improve
3334,10,607.0400000000009,10,474.56000000000057,2opt,notBad
3335,10,607.0400000000009,10,474.56000000000057,2opt,improve
3336,10,607.0400000000009,10,474.56000000000057,swap,notBad
3337,10,607.0400000000009,10,474.56000000000057,swap,notBad
3338,10,607.0400000000009,10,474.56000000000057,2opt,improve
3339,10,607.0400000000009,10,474.56000000000057,move,improve
3340,10,607.0400000000009,10,474.56000000000057,2opt,notBad
3341,10,607.0400000000009,10,474.56000000000057,move,improve
3342,10,607.0400000000009,10,474.56000000000057,2opt,notBad
3343,10,607.0400000000009,10,474.56000000000057,2opt,notBad
3344,10,499.6000000000009,10,474.56000000000057,move,improve
3345,10,499.6000000000009,10,474.56000000000057,swap,notBad
3346,10,499.6000000000009,10,474.56000000000057,swap,notBad
3347,10,499.6000000000009,10,474.56000000000057,2opt,notBad
3348,10,499.6000000000009,10,474.56000000000057,2opt,notBad
3349,10,499.6000000000009,10,474.56000000000057,swap,notBad
3350,10,499.6000000000009,10,474.56000000000057,swap,notBad
3351,10,499.6000000000009,10,474.56000000000057,move,improve
3352,10,499.6000000000009,10,474.56000000000057,move,improve
3353,10,499.6000000000009,10,474.56000000000057,2opt,notBad
3354,10,499.6000000000009,10,474.56000000000057,2opt,notBad
3355,10,499.6000000000009,10,474.56000000000057,move,improve
3356,10,492.82000000000016,10,474.56000000000057,swap,improve
3357,10,492.82000000000016,10,474.56000000000057,move,improve
3358,10,492.82000000000016,10,474.56000000000057,2opt,notBad
3359,10,492.82000000000016,10,474.56000000000057,2opt,notBad
3360,10,492.82000000000016,10,474.56000000000057,2opt,notBad
3361,10,492.82000000000016,10,474.56000000000057,2opt,notBad
3362,10,492.82000000000016,10,474.56000000000057,2opt,notBad
3363,10,492.82000000000016,10,474.56000000000057,2opt,notBad
3364,10,492.82000000000016,10,474.56000000000057,move,improve
3365,10,492.82000000000016,10,474.56000000000057,2opt,notBad
3366,10,492.82000000000016,10,474.56000000000057,swap,notBad
3367,10,635.9800000000002,10,474.56000000000057,move,acceptBad
3368,10,635.9800000000002,10,474.56000000000057,swap,notBad
3369,10,635.9800000000002,10,474.56000000000057,2opt,notBad
3370,10,635.9800000000002,10,474.56000000000057,2opt,notBad
3371,10,635.9800000000002,10,474.56000000000057,2opt,notBad
3372,10,635.9800000000002,10,474.56000000000057,swap,notBad
3373,10,635.9800000000002,10,474.56000000000057,move,improve
3374,10,635.9800000000002,10,474.56000000000057,swap,notBad
3375,10,635.9800000000002,10,474.56000000000057,2opt,notBad
3376,10,635.9800000000002,10,474.56000000000057,swap,notBad
3377,10,635.9800000000002,10,474.56000000000057,2opt,notBad
3378,10,635.9800000000002,10,474.56000000000057,move,improve
3379,10,638.8999999999999,10,474.56000000000057,swap,acceptBad
3380,10,638.8999999999999,10,474.56000000000057,2opt,notBad
3381,10,638.8999999999999,10,474.56000000000057,swap,notBad
3382,10,638.8999999999999,10,474.56000000000057,2opt,notBad
3383,10,638.8999999999999,10,474.56000000000057,2opt,notBad
3384,10,638.8999999999999,10,474.56000000000057,2opt,notBad
3385,10,638.8999999999999,10,474.56000000000057,move,improve
3386,10,638.8999999999999,10,474.56000000000057,swap,notBad
3387,10,638.8999999999999,10,474.56000000000057,move,improve
3388,10,638.8999999999999,10,474.56000000000057,2opt,notBad
3389,10,638.8999999999999,10,474.56000000000057,2opt,notBad
3390,10,638.8999999999999,10,474.56000000000057,2opt,notBad
3391,10,638.8999999999999,10,474.56000000000057,2opt,notBad
3392,10,638.6200000000002,10,474.56000000000057,swap,improve
3393,10,638.6200000000002,10,474.56000000000057,2opt,improve
3394,10,638.6200000000002,10,474.56000000000057,swap,notBad
3395,10,638.6200000000002,10,474.56000000000057,swap,notBad
3396,10,638.6200000000002,10,474.56000000000057,move,improve
3397,10,638.6200000000002,10,474.56000000000057,2opt,notBad
3398,10,638.6200000000002,10,474.56000000000057,swap,notBad
3399,10,638.6200000000002,10,474.56000000000057,2opt,notBad
3400,10,638.6200000000002,10,474.56000000000057,2opt,notBad
3401,10,638.6200000000002,10,474.56000000000057,swap,notBad
3402,10,638.6200000000002,10,474.56000000000057,swap,notBad
3403,10,638.6200000000002,10,474.56000000000057,move,improve
3404,10,638.6200000000002,10,474.56000000000057,move,improve
3405,10,638.6200000000002,10,474.56000000000057,2opt,notBad
3406,10,638.6200000000002,10,474.56000000000057,2opt,notBad
3407,10,633.3200000000003,10,474.56000000000057,move,improve
3408,10,623.3400000000003,10,474.56000000000057,2opt,improve
3409,10,623.3400000000003,10,474.56000000000057,2opt,improve
3410,10,623.3400000000003,10,474.56000000000057,move,improve
3411,10,623.3400000000003,10,474.56000000000057,2opt,notBad
3412,10,623.3400000000003,10,474.56000000000057,2opt,notBad
3413,10,623.3400000000003,10,474.56000000000057,move,improve
3414,10,623.3400000000003,10,474.56000000000057,move,improve
3415,10,623.3400000000003,10,474.56000000000057,2opt,notBad
3416,10,623.3400000000003,10,474.56000000000057,2opt,notBad
3417,10,630.8200000000002,10,474.56000000000057,swap,acceptBad
3418,10,630.8200000000002,10,474.56000000000057,move,improve
3419,10,630.8200000000002,10,474.56000000000057,swap,notBad
3420,10,630.8200000000002,10,474.56000000000057,swap,notBad
3421,10,630.8200000000002,10,474.56000000000057,2opt,notBad
3422,10,644.42,10,474.56000000000057,move,acceptBad
3423,10,644.42,10,474.56000000000057,swap,notBad
3424,10,644.42,10,474.56000000000057,swap,notBad
3425,10,644.42,10,474.56000000000057,2opt,notBad
3426,10,644.42,10,474.56000000000057,2opt,notBad
3427,10,644.42,10,474.56000000000057,2opt,notBad
3428,10,644.42,10,474.56000000000057,move,improve
3429,10,510.8399999999996,10,474.56000000000057,move,improve
3430,10,510.8399999999996,10,474.56000000000057,2opt,notBad
3431,10,516.3399999999996,10,474.56000000000057,2opt,acceptBad
3432,10,516.3399999999996,10,474.56000000000057,2opt,notBad
3433,10,516.3399999999996,10,474.56000000000057,2opt,notBad
3434,10,516.3399999999996,10,474.56000000000057,move,improve
3435,10,516.3399999999996,10,474.56000000000057,2opt,notBad
3436,10,516.3399999999996,10,474.56000000000057,swap,notBad
3437,10,516.3399999999996,10,474.56000000000057,move,improve
3438,10,516.3399999999996,10,474.56000000000057,2opt,notBad
3439,10,516.3399999999996,10,474.56000000000057,swap,notBad
3440,10,514.8999999999999,10,474.56000000000057,swap,improve
3441,10,514.8999999999999,10,474.56000000000057,swap,notBad
3442,10,514.8999999999999,10,474.56000000000057,move,improve
3443,10,514.8999999999999,10,474.56000000000057,2opt,notBad
3444,10,514.8999999999999,10,474.56000000000057,move,improve
3445,10,514.8999999999999,10,474.56000000000057,move,improve
3446,10,514.8999999999999,10,474.56000000000057,swap,notBad
3447,10,514.8999999999999,10,474.56000000000057,2opt,notBad
3448,10,514.8999999999999,10,474.56000000000057,2opt,notBad
3449,10,514.8999999999999,10,474.56000000000057,2opt,notBad
3450,10,514.8999999999999,10,474.56000000000057,swap,notBad
3451,10,514.8999999999999,10,474.56000000000057,2opt,notBad
3452,10,514.8999999999999,10,474.56000000000057,move,improve
3453,10,514.8999999999999,10,474.56000000000057,swap,notBad
3454,10,514.8999999999999,10,474.56000000000057,2opt,improve
3455,10,514.8999999999999,10,474.56000000000057,2opt,notBad
3456,10,514.8999999999999,10,474.56000000000057,move,improve
3457,10,514.8999999999999,10,474.56000000000057,move,improve
3458,10,557.94,10,474.56000000000057,swap,acceptBad
3459,10,557.94,10,474.56000000000057,2opt,notBad
3460,10,558.62,10,474.56000000000057,swap,acceptBad
3461,10,558.62,10,474.56000000000057,swap,notBad
3462,10,558.62,10,474.56000000000057,swap,notBad
3463,10,558.62,10,474.56000000000057,swap,notBad
3464,10,562.8599999999998,10,474.56000000000057,move,acceptBad
3465,10,562.8599999999998,10,474.56000000000057,swap,notBad
3466,10,562.8599999999998,10,474.56000000000057,2opt,notBad
3467,10,562.8599999999998,10,474.56000000000057,2opt,notBad
3468,10,562.8599999999998,10,474.56000000000057,move,improve
3469,10,562.8599999999998,10,474.56000000000057,swap,notBad
3470,10,562.8599999999998,10,474.56000000000057,2opt,notBad
3471,10,562.8599999999998,10,474.56000000000057,2opt,notBad
3472,10,562.8599999999998,10,474.56000000000057,move,improve
3473,10,562.8599999999998,10,474.56000000000057,move,improve
3474,10,567.7599999999999,10,474.56000000000057,swap,acceptBad
3475,10,622.579999999999,10,474.56000000000057,swap,acceptBad
3476,10,622.579999999999,10,474.56000000000057,2opt,notBad
3477,10,622.579999999999,10,474.56000000000057,2opt,notBad
3478,10,619.4199999999987,10,474.56000000000057,swap,improve
3479,10,619.4199999999987,10,474.56000000000057,swap,notBad
3480,10,627.5199999999985,10,474.56000000000057,swap,acceptBad
3481,10,627.5199999999985,10,474.56000000000057,swap,notBad
3482,10,627.5199999999985,10,474.56000000000057,swap,notBad
3483,10,627.5199999999985,10,474.56000000000057,swap,notBad
3484,10,627.5199999999985,10,474.56000000000057,2opt,notBad
3485,10,627.5199999999985,10,474.56000000000057,2opt,notBad
3486,10,627.5199999999985,10,474.56000000000057,swap,notBad
3487,10,627.5199999999985,10,474.56000000000057,2opt,notBad
3488,10,558.3199999999988,10,474.56000000000057,move,improve
3489,10,558.3199999999988,10,474.56000000000057,2opt,notBad
3490,10,558.3199999999988,10,474.56000000000057,move,improve
3491,10,558.3199999999988,10,474.56000000000057,swap,notBad
3492,10,558.3199999999988,10,474.56000000000057,swap,notBad
3493,10,558.3199999999988,10,474.56000000000057,swap,notBad
3494,10,558.3199999999988,10,474.56000000000057,move,improve
3495,10,558.3199999999988,10,474.56000000000057,2opt,notBad
3496,10,558.3199999999988,10,474.56000000000057,2opt,notBad
3497,10,557.7399999999988,10,474.56000000000057,swap,improve
3498,10,557.7399999999988,10,474.56000000000057,move,improve
3499,10,557.7399999999988,10,474.56000000000057,swap,notBad
3500,10,557.7399999999988,10,474.56000000000057,move,improve
3501,10,557.7399999999988,10,474.56000000000057,move,improve
3502,10,557.7399999999988,10,474.56000000000057,swap,notBad
3503,10,557.7399999999988,10,474.56000000000057,move,improve
3504,10,557.7399999999988,10,474.56000000000057,swap,notBad
3505,10,557.7399999999988,10,474.56000000000057,2opt,notBad
3506,10,557.7399999999988,10,474.56000000000057,move,improve
3507,10,563.9799999999988,10,474.56000000000057,2opt,acceptBad
3508,10,576.5999999999988,10,474.56000000000057,swap,acceptBad
3509,10,576.5999999999988,10,474.56000000000057,move,improve
3510,10,576.5999999999988,10,474.56000000000057,2opt,notBad
3511,10,576.5999999999988,10,474.56000000000057,move,improve
3512,10,576.5999999999988,10,474.56000000000057,2opt,notBad
3513,10,576.0999999999988,10,474.56000000000057,2opt,improve
3514,10,576.0999999999988,10,474.56000000000057,swap,notBad
3515,10,576.0999999999988,10,474.56000000000057,move,improve
3516,10,576.0999999999988,10,474.56000000000057,move,improve
3517,10,576.0999999999988,10,474.56000000000057,2opt,notBad
3518,10,576.0999999999988,10,474.56000000000057,2opt,notBad
3519,10,576.0999999999988,10,474.56000000000057,swap,notBad
3520,10,576.0999999999988,10,474.56000000000057,2opt,notBad
3521,10,576.0999999999988,10,474.56000000000057,swap,notBad
3522,10,576.0999999999988,10,474.56000000000057,swap,notBad
3523,10,576.0999999999988,10,474.56000000000057,2opt,notBad
3524,10,576.0999999999988,10,474.56000000000057,swap,notBad
3525,10,576.0999999999988,10,474.56000000000057,swap,notBad
3526,10,576.0999999999988,10,474.56000000000057,2opt,improve
3527,10,575.3399999999992,10,474.56000000000057,move,improve
3528,10,575.3399999999992,10,474.56000000000057,move,improve
3529,10,575.3399999999992,10,474.56000000000057,move,improve
3530,10,575.3399999999992,10,474.56000000000057,swap,notBad
3531,10,575.3399999999992,10,474.56000000000057,move,improve
3532,10,575.3399999999992,10,474.56000000000057,swap,notBad
3533,10,575.3399999999992,10,474.56000000000057,move,improve
3534,10,575.3399999999992,10,474.56000000000057,2opt,notBad
3535,10,575.3399999999992,10,474.56000000000057,swap,notBad
3536,10,567.7599999999993,10,474.56000000000057,swap,improve
3537,10,568.2199999999993,10,474.56000000000057,2opt,acceptBad
3538,10,568.2199999999993,10,474.56000000000057,2opt,notBad
3539,10,568.2199999999993,10,474.56000000000057,2opt,notBad
3540,10,566.0199999999993,10,474.56000000000057,move,improve
3541,10,566.0199999999993,10,474.56000000000057,2opt,notBad
3542,10,566.0199999999993,10,474.56000000000057,move,improve
3543,10,566.0199999999993,10,474.56000000000057,swap,notBad
3544,10,566.0199999999993,10,474.56000000000057,move,improve
3545,10,566.0199999999993,10,474.56000000000057,2opt,notBad
3546,10,566.0199999999993,10,474.56000000000057,move,improve
3547,10,566.0199999999993,10,474.56000000000057,swap,notBad
3548,10,566.0199999999993,10,474.56000000000057,2opt,notBad
3549,10,566.0199999999993,10,474.56000000000057,move,improve
3550,10,566.0199999999993,10,474.56000000000057,2opt,notBad
3551,10,566.0199999999993,10,474.56000000000057,2opt,notBad
3552,10,566.0199999999993,10,474.56000000000057,swap,notBad
3553,10,566.0199999999993,10,474.56000000000057,move,improve
3554,10,566.0199999999993,10,474.56000000000057,2opt,notBad
3555,10,566.0199999999993,10,474.56000000000057,2opt,notBad
3556,10,566.0199999999993,10,474.56000000000057,2opt,notBad
3557,10,566.0199999999993,10,474.56000000000057,2opt,notBad
3558,10,566.0199999999993,10,474.56000000000057,move,improve
3559,10,566.0199999999993,10,474.56000000000057,move,improve
3560,10,566.0199999999993,10,474.56000000000057,swap,notBad
3561,10,566.0199999999993,10,474.56000000000057,move,improve
3562,10,566.0199999999993,10,474.56000000000057,2opt,notBad
3563,10,528.0200000000002,10,474.56000000000057,move,improve
3564,10,528.4,10,474.56000000000057,swap,acceptBad
3565,10,514.88,10,474.56000000000057,move,improve
3566,10,514.88,10,474.56000000000057,2opt,notBad
3567,10,514.88,10,474.56000000000057,move,improve
3568,10,514.88,10,474.56000000000057,2opt,improve
3569,10,514.88,10,474.56000000000057,swap,notBad
3570,10,514.88,10,474.56000000000057,move,improve
3571,10,514.88,10,474.56000000000057,2opt,notBad
3572,10,514.88,10,474.56000000000057,move,improve
3573,10,514.88,10,474.56000000000057,move,improve
3574,10,514.88,10,474.56000000000057,move,improve
3575,10,514.88,10,474.56000000000057,move,improve
3576,10,541.0599999999994,10,474.56000000000057,swap,acceptBad
3577,10,541.0599999999994,10,474.56000000000057,2opt,notBad
3578,10,541.0599999999994,10,474.56000000000057,2opt,notBad
3579,10,541.0599999999994,10,474.56000000000057,swap,notBad
3580,10,541.0599999999994,10,474.56000000000057,swap,notBad
3581,10,541.0599999999994,10,474.56000000000057,swap,notBad
3582,10,529.3999999999994,10,474.56000000000057,swap,improve
3583,10,529.3999999999994,10,474.56000000000057,2opt,notBad
3584,10,529.3999999999994,10,474.56000000000057,swap,notBad
3585,10,529.3999999999994,10,474.56000000000057,move,improve
3586,10,520.9799999999994,10,474.56000000000057,2opt,improve
3587,10,520.9799999999994,10,474.56000000000057,swap,notBad
3588,10,520.9799999999994,10,474.56000000000057,2opt,notBad
3589,10,535.9999999999998,10,474.56000000000057,swap,acceptBad
3590,10,535.9999999999998,10,474.56000000000057,2opt,notBad
3591,10,535.9999999999998,10,474.56000000000057,move,improve
3592,10,535.9999999999998,10,474.56000000000057,swap,notBad
3593,10,535.9999999999998,10,474.56000000000057,move,improve
3594,10,535.9999999999998,10,474.56000000000057,move,improve
3595,10,535.9999999999998,10,474.56000000000057,2opt,notBad
3596,10,535.9999999999998,10,474.56000000000057,move,improve
3597,10,535.9999999999998,10,474.56000000000057,2opt,notBad
3598,10,535.9999999999998,10,474.56000000000057,2opt,notBad
3599,10,535.9999999999998,10,474.56000000000057,move,improve
3600,10,535.9999999999998,10,474.56000000000057,swap,notBad
3601,10,535.9999999999998,10,474.56000000000057,swap,notBad
3602,10,535.9999999999998,10,474.56000000000057,2opt,notBad
3603,10,535.9999999999998,10,474.56000000000057,swap,notBad
3604,10,535.9999999999998,10,474.56000000000057,swap,notBad
3605,10,535.9999999999998,10,474.56000000000057,move,improve
3606,10,535.9999999999998,10,474.56000000000057,swap,notBad
3607,10,535.9999999999998,10,474.56000000000057,swap,notBad
3608,10,535.9999999999998,10,474.56000000000057,2opt,notBad
3609,10,535.9999999999998,10,474.56000000000057,2opt,improve
3610,10,535.6399999999996,10,474.56000000000057,move,improve
3611,10,535.6399999999996,10,474.56000000000057,2opt,improve
3612,10,535.6399999999996,10,474.56000000000057,move,improve
3613,10,535.6399999999996,10,474.56000000000057,swap,notBad
3614,10,535.6399999999996,10,474.56000000000057,swap,notBad
3615,10,535.6399999999996,10,474.56000000000057,move,improve
3616,10,535.6399999999996,10,474.56000000000057,2opt,notBad
3617,10,535.6399999999996,10,474.56000000000057,swap,notBad
3618,10,535.6399999999996,10,474.56000000000057,move,improve
3619,10,535.6399999999996,10,474.56000000000057,swap,notBad
3620,10,535.6399999999996,10,474.56000000000057,move,improve
3621,10,535.6399999999996,10,474.56000000000057,move,improve
3622,10,535.6399999999996,10,474.56000000000057,move,improve
3623,10,535.6399999999996,10,474.56000000000057,2opt,notBad
3624,10,535.6399999999996,10,474.56000000000057,swap,notBad
3625,10,535.6399999999996,10,474.56000000000057,swap,notBad
3626,10,535.6399999999996,10,474.56000000000057,move,improve
3627,10,535.6399999999996,10,474.56000000000057,move,improve
3628,10,535.6399999999996,10,474.56000000000057,2opt,notBad
3629,10,535.6399999999996,10,474.56000000000057,swap,notBad
3630,10,535.6399999999996,10,474.56000000000057,2opt,notBad
3631,10,529.2599999999996,10,474.56000000000057,2opt,improve
3632,10,540.2800000000003,10,474.56000000000057,swap,acceptBad
3633,10,540.2800000000003,10,474.56000000000057,move,improve
3634,10,540.2800000000003,10,474.56000000000057,move,improve
3635,10,540.2800000000003,10,474.56000000000057,move,improve
3636,10,540.2800000000003,10,474.56000000000057,move,improve
3637,10,540.2800000000003,10,474.56000000000057,swap,notBad
3638,10,540.2800000000003,10,474.56000000000057,swap,notBad
3639,10,540.2800000000003,10,474.56000000000057,move,improve
3640,10,540.2800000000003,10,474.56000000000057,swap,notBad
3641,10,540.2800000000003,10,474.56000000000057,move,improve
3642,10,540.2800000000003,10,474.56000000000057,2opt,notBad
3643,10,540.2800000000003,10,474.56000000000057,move,improve
3644,10,540.2800000000003,10,474.56000000000057,swap,notBad
3645,10,540.2800000000003,10,474.56000000000057,2opt,notBad
3646,10,540.2800000000003,10,474.56000000000057,move,improve
3647,10,542.5000000000002,10,474.56000000000057,move,acceptBad
3648,10,542.5000000000002,10,474.56000000000057,2opt,notBad
3649,10,542.5000000000002,10,474.56000000000057,2opt,notBad
3650,10,542.5000000000002,10,474.56000000000057,move,improve
3651,10,540.9400000000003,10,474.56000000000057,move,improve
3652,10,540.9400000000003,10,474.56000000000057,move,notBad
3653,10,540.9400000000003,10,474.56000000000057,swap,notBad
3654,10,540.9400000000003,10,474.56000000000057,swap,notBad
3655,10,540.9400000000003,10,474.56000000000057,2opt,notBad
3656,10,567.4200000000003,10,474.56000000000057,swap,acceptBad
3657,10,565.8999999999999,10,474.56000000000057,swap,improve
3658,10,565.8999999999999,10,474.56000000000057,swap,notBad
3659,10,565.8999999999999,10,474.56000000000057,2opt,notBad
3660,10,555.7000000000003,10,474.56000000000057,move,improve
3661,10,557.0600000000003,10,474.56000000000057,swap,acceptBad
3662,10,557.0600000000003,10,474.56000000000057,move,improve
3663,10,557.0600000000003,10,474.56000000000057,move,improve
3664,10,557.0600000000003,10,474.56000000000057,swap,notBad
3665,10,557.0600000000003,10,474.56000000000057,move,improve
3666,10,557.0600000000003,10,474.56000000000057,2opt,notBad
3667,10,557.0600000000003,10,474.56000000000057,move,improve
3668,10,557.0600000000003,10,474.56000000000057,2opt,notBad
3669,10,557.0600000000003,10,474.56000000000057,2opt,notBad
3670,10,557.0600000000003,10,474.56000000000057,move,improve
3671,10,537.3000000000001,10,474.56000000000057,swap,improve
3672,10,537.3000000000001,10,474.56000000000057,move,improve
3673,10,537.3000000000001,10,474.56000000000057,2opt,notBad
3674,10,535.9,10,474.56000000000057,move,improve
3675,10,535.9,10,474.56000000000057,2opt,notBad
3676,10,535.9,10,474.56000000000057,swap,notBad
3677,10,535.9,10,474.56000000000057,move,improve
3678,10,535.9,10,474.56000000000057,swap,notBad
3679,10,535.9,10,474.56000000000057,swap,notBad
3680,10,535.9,10,474.56000000000057,2opt,notBad
3681,10,535.9,10,474.56000000000057,swap,notBad
3682,10,535.9,10,474.56000000000057,2opt,notBad
3683,10,535.9,10,474.56000000000057,move,improve
3684,10,535.9,10,474.56000000000057,swap,improve
3685,10,535.9,10,474.56000000000057,move,improve
3686,10,535.9,10,474.56000000000057,move,improve
3687,10,518.4199999999996,10,474.56000000000057,move,improve
3688,10,518.4199999999996,10,474.56000000000057,2opt,improve
3689,10,518.4199999999996,10,474.56000000000057,2opt,improve
3690,10,518.4199999999996,10,474.56000000000057,move,improve
3691,10,518.4199999999996,10,474.56000000000057,swap,notBad
3692,10,510.0399999999996,10,474.56000000000057,2opt,improve
3693,10,510.0399999999996,10,474.56000000000057,swap,notBad
3694,10,510.0399999999996,10,474.56000000000057,2opt,notBad
3695,10,543.639999999999,10,474.56000000000057,swap,acceptBad
3696,10,543.639999999999,10,474.56000000000057,move,improve
3697,10,543.639999999999,10,474.56000000000057,swap,notBad
3698,10,549.0199999999988,10,474.56000000000057,swap,acceptBad
3699,10,549.0199999999988,10,474.56000000000057,move,improve
3700,10,549.0199999999988,10,474.56000000000057,move,improve
3701,10,549.0199999999988,10,474.56000000000057,move,improve
3702,10,549.0199999999988,10,474.56000000000057,move,improve
3703,10,549.0199999999988,10,474.56000000000057,2opt,notBad
3704,10,549.0199999999988,10,474.56000000000057,2opt,notBad
3705,10,549.0199999999988,10,474.56000000000057,2opt,notBad
3706,10,549.0199999999988,10,474.56000000000057,swap,notBad
3707,10,557.2999999999992,10,474.56000000000057,2opt,acceptBad
3708,10,557.2999999999992,10,474.56000000000057,move,improve
3709,10,557.2999999999992,10,474.56000000000057,2opt,notBad
3710,10,557.2999999999992,10,474.56000000000057,2opt,notBad
3711,10,557.2999999999992,10,474.56000000000057,swap,notBad
3712,10,551.6199999999992,10,474.56000000000057,move,improve
3713,10,551.6199999999992,10,474.56000000000057,move,improve
3714,10,551.6199999999992,10,474.56000000000057,swap,notBad
3715,10,551.6199999999992,10,474.56000000000057,move,improve
3716,10,551.6199999999992,10,474.56000000000057,move,improve
3717,10,551.6199999999992,10,474.56000000000057,swap,notBad
3718,10,551.6199999999992,10,474.56000000000057,swap,notBad
3719,10,551.6199999999992,10,474.56000000000057,swap,notBad
3720,10,551.6199999999992,10,474.56000000000057,2opt,notBad
3721,10,551.6199999999992,10,474.56000000000057,move,improve
3722,10,532.0199999999994,10,474.56000000000057,2opt,improve
3723,10,545.7199999999988,10,474.56000000000057,swap,acceptBad
3724,10,545.7199999999988,10,474.56000000000057,2opt,notBad
3725,10,545.7199999999988,10,474.56000000000057,swap,notBad
3726,10,545.7199999999988,10,474.56000000000057,move,improve
3727,10,545.7199999999988,10,474.56000000000057,2opt,notBad
3728,10,545.7199999999988,10,474.56000000000057,swap,notBad
3729,10,545.7199999999988,10,474.56000000000057,2opt,notBad
3730,10,545.7199999999988,10,474.56000000000057,move,improve
3731,10,545.7199999999988,10,474.56000000000057,2opt,notBad
3732,10,545.7199999999988,10,474.56000000000057,2opt,notBad
3733,10,545.7199999999988,10,474.56000000000057,move,improve
3734,10,545.7199999999988,10,474.56000000000057,2opt,notBad
3735,10,545.7199999999988,10,474.56000000000057,move,improve
3736,10,552.3999999999988,10,474.56000000000057,2opt,acceptBad
3737,10,552.3999999999988,10,474.56000000000057,move,improve
3738,10,552.3999999999988,10,474.56000000000057,move,improve
3739,10,542.3799999999992,10,474.56000000000057,swap,improve
3740,10,542.3799999999992,10,474.56000000000057,swap,notBad
3741,10,542.3799999999992,10,474.56000000000057,move,improve
3742,10,542.3799999999992,10,474.56000000000057,2opt,notBad
3743,10,542.3799999999992,10,474.56000000000057,2opt,notBad
3744,10,542.3799999999992,10,474.56000000000057,swap,notBad
3745,10,542.3799999999992,10,474.56000000000057,swap,notBad
3746,10,542.3799999999992,10,474.56000000000057,2opt,notBad
3747,10,542.3799999999992,10,474.56000000000057,swap,notBad
3748,10,542.3799999999992,10,474.56000000000057,move,improve
3749,10,542.3799999999992,10,474.56000000000057,move,improve
3750,10,542.3799999999992,10,474.56000000000057,swap,notBad
3751,10,542.3799999999992,10,474.56000000000057,swap,notBad
3752,10,537.7999999999998,10,474.56000000000057,swap,improve
3753,10,537.7999999999998,10,474.56000000000057,2opt,notBad
3754,10,537.7999999999998,10,474.56000000000057,2opt,notBad
3755,10,537.7999999999998,10,474.56000000000057,move,improve
3756,10,537.7999999999998,10,474.56000000000057,2opt,improve
3757,10,537.7999999999998,10,474.56000000000057,move,improve
3758,10,537.7999999999998,10,474.56000000000057,2opt,notBad
3759,10,537.7999999999998,10,474.56000000000057,move,improve
3760,10,537.7999999999998,10,474.56000000000057,move,improve
3761,10,537.7999999999998,10,474.56000000000057,2opt,notBad
3762,10,537.7999999999998,10,474.56000000000057,2opt,notBad
3763,10,537.7999999999998,10,474.56000000000057,move,improve
3764,10,537.7999999999998,10,474.56000000000057,move,improve
3765,10,537.7999999999998,10,474.56000000000057,move,improve
3766,10,537.7999999999998,10,474.56000000000057,2opt,notBad
3767,10,537.7999999999998,10,474.56000000000057,swap,notBad
3768,10,537.7999999999998,10,474.56000000000057,swap,notBad
3769,10,537.7999999999998,10,474.56000000000057,2opt,notBad
3770,10,537.7999999999998,10,474.56000000000057,move,improve
3771,10,537.7999999999998,10,474.56000000000057,swap,notBad
3772,10,537.7999999999998,10,474.56000000000057,swap,notBad
3773,10,537.7999999999998,10,474.56000000000057,move,improve
3774,10,537.7999999999998,10,474.56000000000057,swap,notBad
3775,10,537.7999999999998,10,474.56000000000057,swap,notBad
3776,10,549.7399999999999,10,474.56000000000057,2opt,acceptBad
3777,10,549.7399999999999,10,474.56000000000057,2opt,notBad
3778,10,549.7399999999999,10,474.56000000000057,move,improve
3779,10,549.7399999999999,10,474.56000000000057,2opt,notBad
3780,10,549.7399999999999,10,474.56000000000057,swap,notBad
3781,10,549.7399999999999,10,474.56000000000057,swap,notBad
3782,10,578.2199999999995,10,474.56000000000057,swap,acceptBad
3783,10,578.2199999999995,10,474.56000000000057,swap,notBad
3784,10,578.2199999999995,10,474.56000000000057,2opt,notBad
3785,10,578.2199999999995,10,474.56000000000057,2opt,notBad
3786,10,549.1599999999995,10,474.56000000000057,move,improve
3787,10,549.1599999999995,10,474.56000000000057,swap,notBad
3788,10,549.1599999999995,10,474.56000000000057,swap,notBad
3789,10,547.2799999999995,10,474.56000000000057,swap,improve
3790,10,547.2799999999995,10,474.56000000000057,move,improve
3791,10,547.2799999999995,10,474.56000000000057,swap,notBad
3792,10,547.2799999999995,10,474.56000000000057,2opt,improve
3793,10,547.2799999999995,10,474.56000000000057,move,improve
3794,10,547.2799999999995,10,474.56000000000057,move,improve
3795,10,547.5599999999995,10,474.56000000000057,2opt,acceptBad
3796,10,547.5599999999995,10,474.56000000000057,2opt,notBad
3797,10,547.5599999999995,10,474.56000000000057,move,improve
3798,10,547.5599999999995,10,474.56000000000057,move,improve
3799,10,547.5599999999995,10,474.56000000000057,swap,notBad
3800,10,547.5599999999995,10,474.56000000000057,2opt,notBad
3801,10,547.5599999999995,10,474.56000000000057,2opt,improve
3802,10,547.5599999999995,10,474.56000000000057,move,improve
3803,10,547.5599999999995,10,474.56000000000057,move,improve
3804,10,547.5599999999995,10,474.56000000000057,swap,notBad
3805,10,547.5599999999995,10,474.56000000000057,2opt,notBad
3806,10,547.5599999999995,10,474.56000000000057,move,improve
3807,10,547.3599999999996,10,474.56000000000057,move,improve
3808,10,557.6999999999994,10,474.56000000000057,swap,acceptBad
3809,10,557.6999999999994,10,474.56000000000057,move,improve
3810,10,568.6199999999998,10,474.56000000000057,swap,acceptBad
3811,10,568.6199999999998,10,474.56000000000057,swap,notBad
3812,10,568.6199999999998,10,474.56000000000057,swap,notBad
3813,10,568.6199999999998,10,474.56000000000057,2opt,notBad
3814,10,568.6199999999998,10,474.56000000000057,move,notBad
3815,10,568.6199999999998,10,474.56000000000057,swap,notBad
3816,10,568.6199999999998,10,474.56000000000057,swap,notBad
3817,10,568.6199999999998,10,474.56000000000057,move,improve
3818,10,592.4799999999993,10,474.56000000000057,swap,acceptBad
3819,10,592.4799999999993,10,474.56000000000057,move,improve
3820,10,592.4799999999993,10,474.56000000000057,2opt,notBad
3821,10,592.4799999999993,10,474.56000000000057,swap,notBad
3822,10,592.4799999999993,10,474.56000000000057,2opt,notBad
3823,10,592.4799999999993,10,474.56000000000057,2opt,notBad
3824,10,592.4799999999993,10,474.56000000000057,move,improve
3825,10,592.4799999999993,10,474.56000000000057,2opt,notBad
3826,10,592.4799999999993,10,474.56000000000057,swap,notBad
3827,10,592.4799999999993,10,474.56000000000057,swap,notBad
3828,10,592.4799999999993,10,474.56000000000057,2opt,notBad
3829,10,592.4799999999993,10,474.56000000000057,move,improve
3830,10,592.4799999999993,10,474.56000000000057,2opt,notBad
3831,10,592.4799999999993,10,474.56000000000057,2opt,notBad
3832,10,583.839999999999,10,474.56000000000057,move,improve
3833,10,583.839999999999,10,474.56000000000057,swap,notBad
3834,10,583.839999999999,10,474.56000000000057,move,improve
3835,10,583.839999999999,10,474.56000000000057,2opt,notBad
3836,10,583.839999999999,10,474.56000000000057,swap,notBad
3837,10,583.839999999999,10,474.56000000000057,2opt,notBad
3838,10,552.8399999999995,10,474.56000000000057,move,improve
3839,10,531.0399999999997,10,474.56000000000057,move,improve
3840,10,518.5599999999997,10,474.56000000000057,move,improve
3841,10,512.1799999999997,10,474.56000000000057,move,improve
3842,10,512.1799999999997,10,474.56000000000057,move,improve
3843,10,512.1799999999997,10,474.56000000000057,move,improve
3844,10,512.1799999999997,10,474.56000000000057,move,improve
3845,10,512.1799999999997,10,474.56000000000057,2opt,notBad
3846,10,512.1799999999997,10,474.56000000000057,swap,notBad
3847,10,512.1799999999997,10,474.56000000000057,swap,notBad
3848,10,512.1799999999997,10,474.56000000000057,move,improve
3849,10,512.1799999999997,10,474.56000000000057,swap,notBad
3850,10,512.1799999999997,10,474.56000000000057,2opt,improve
3851,10,512.1799999999997,10,474.56000000000057,move,improve
3852,10,512.1799999999997,10,474.56000000000057,swap,notBad
3853,10,512.1799999999997,10,474.56000000000057,2opt,notBad
3854,10,512.1799999999997,10,474.56000000000057,2opt,notBad
3855,10,512.1799999999997,10,474.56000000000057,swap,notBad
3856,10,510.13999999999976,10,474.56000000000057,move,improve
3857,10,506.63999999999993,10,474.56000000000057,swap,improve
3858,10,506.63999999999993,10,474.56000000000057,2opt,notBad
3859,10,506.63999999999993,10,474.56000000000057,swap,notBad
3860,10,506.63999999999993,10,474.56000000000057,2opt,notBad
3861,10,506.63999999999993,10,474.56000000000057,swap,notBad
3862,10,506.63999999999993,10,474.56000000000057,swap,notBad
3863,10,506.63999999999993,10,474.56000000000057,2opt,notBad
3864,10,506.63999999999993,10,474.56000000000057,2opt,notBad
3865,10,506.63999999999993,10,474.56000000000057,2opt,notBad
3866,10,506.63999999999993,10,474.56000000000057,2opt,notBad
3867,10,506.63999999999993,10,474.56000000000057,2opt,notBad
3868,10,511.94,10,474.56000000000057,swap,acceptBad
3869,10,511.94,10,474.56000000000057,2opt,notBad
3870,10,511.94,10,474.56000000000057,move,improve
3871,10,511.94,10,474.56000000000057,move,improve
3872,10,511.94,10,474.56000000000057,swap,notBad
3873,10,511.94,10,474.56000000000057,2opt,notBad
3874,10,511.94,10,474.56000000000057,move,improve
3875,10,511.94,10,474.56000000000057,move,improve
3876,10,511.94,10,474.56000000000057,2opt,notBad
3877,10,511.94,10,474.56000000000057,move,improve
3878,10,511.94,10,474.56000000000057,swap,notBad
3879,10,511.94,10,474.56000000000057,swap,notBad
3880,10,511.94,10,474.56000000000057,move,improve
3881,10,511.94,10,474.56000000000057,move,improve
3882,10,511.94,10,474.56000000000057,swap,notBad
3883,10,511.94,10,474.56000000000057,swap,notBad
3884,10,511.94,10,474.56000000000057,swap,notBad
3885,10,511.94,10,474.56000000000057,swap,notBad
3886,10,511.94,10,474.56000000000057,move,improve
3887,10,511.94,10,474.56000000000057,swap,notBad
3888,10,511.94,10,474.56000000000057,move,improve
3889,10,511.94,10,474.56000000000057,swap,notBad
3890,10,508.4799999999995,10,474.56000000000057,swap,improve
3891,10,508.4799999999995,10,474.56000000000057,move,improve
3892,10,508.4799999999995,10,474.56000000000057,move,improve
3893,10,508.4799999999995,10,474.56000000000057,move,improve
3894,10,508.4799999999995,10,474.56000000000057,2opt,notBad
3895,10,508.4799999999995,10,474.56000000000057,swap,notBad
3896,10,508.4799999999995,10,474.56000000000057,move,improve
3897,10,508.4799999999995,10,474.56000000000057,2opt,notBad
3898,10,508.4799999999995,10,474.56000000000057,move,improve
3899,10,508.4799999999995,10,474.56000000000057,swap,notBad
3900,10,526.4399999999996,10,474.56000000000057,swap,acceptBad
3901,10,526.4399999999996,10,474.56000000000057,move,improve
3902,10,526.4399999999996,10,474.56000000000057,swap,notBad
3903,10,526.4399999999996,10,474.56000000000057,2opt,notBad
3904,10,526.4399999999996,10,474.56000000000057,move,improve
3905,10,526.4399999999996,10,474.56000000000057,swap,notBad
3906,10,526.4399999999996,10,474.56000000000057,swap,notBad
3907,10,526.4399999999996,10,474.56000000000057,2opt,notBad
3908,10,526.4399999999996,10,474.56000000000057,move,improve
3909,10,550.8599999999999,10,474.56000000000057,swap,acceptBad
3910,10,550.8599999999999,10,474.56000000000057,swap,notBad
3911,10,550.8599999999999,10,474.56000000000057,move,improve
3912,10,550.8599999999999,10,474.56000000000057,2opt,notBad
3913,10,550.8599999999999,10,474.56000000000057,2opt,notBad
3914,10,550.8599999999999,10,474.56000000000057,move,improve
3915,10,550.8599999999999,10,474.56000000000057,move,improve
3916,10,550.8599999999999,10,474.56000000000057,2opt,notBad
3917,10,550.8599999999999,10,474.56000000000057,2opt,improve
3918,10,550.8599999999999,10,474.56000000000057,move,improve
3919,10,550.8599999999999,10,474.56000000000057,move,improve
3920,10,550.8599999999999,10,474.56000000000057,move,improve
3921,10,550.8599999999999,10,474.56000000000057,swap,notBad
3922,10,550.8599999999999,10,474.56000000000057,move,improve
3923,10,550.8599999999999,10,474.56000000000057,2opt,improve
3924,10,550.8599999999999,10,474.56000000000057,move,improve
3925,10,550.8599999999999,10,474.56000000000057,2opt,notBad
3926,10,550.8599999999999,10,474.56000000000057,2opt,notBad
3927,10,550.8599999999999,10,474.56000000000057,move,improve
3928,10,550.8599999999999,10,474.56000000000057,move,improve
3929,10,550.8599999999999,10,474.56000000000057,2opt,notBad
3930,10,550.8599999999999,10,474.56000000000057,swap,notBad
3931,10,599.66,10,474.56000000000057,swap,acceptBad
3932,10,599.66,10,474.56000000000057,2opt,notBad
3933,10,599.66,10,474.56000000000057,2opt,notBad
3934,10,599.66,10,474.56000000000057,swap,notBad
3935,10,599.66,10,474.56000000000057,2opt,notBad
3936,10,599.66,10,474.56000000000057,swap,notBad
3937,10,599.66,10,474.56000000000057,swap,notBad
3938,10,599.66,10,474.56000000000057,2opt,notBad
3939,10,599.66,10,474.56000000000057,2opt,notBad
3940,10,599.66,10,474.56000000000057,move,improve
3941,10,591.6000000000004,10,474.56000000000057,move,improve
3942,10,589.2200000000003,10,474.56000000000057,move,improve
3943,10,589.2200000000003,10,474.56000000000057,2opt,notBad
3944,10,589.2200000000003,10,474.56000000000057,swap,notBad
3945,10,589.2200000000003,10,474.56000000000057,move,improve
3946,10,602.0000000000001,10,474.56000000000057,swap,acceptBad
3947,10,602.0000000000001,10,474.56000000000057,swap,notBad
3948,10,602.0000000000001,10,474.56000000000057,move,improve
3949,10,645.0799999999999,10,474.56000000000057,swap,acceptBad
3950,10,618.5600000000006,10,474.56000000000057,move,improve
3951,10,618.5600000000006,10,474.56000000000057,swap,notBad
3952,10,613.0000000000009,10,474.56000000000057,move,improve
3953,10,613.0000000000009,10,474.56000000000057,2opt,notBad
3954,10,613.0000000000009,10,474.56000000000057,move,improve
3955,10,613.0000000000009,10,474.56000000000057,move,improve
3956,10,613.0000000000009,10,474.56000000000057,2opt,improve
3957,10,613.0000000000009,10,474.56000000000057,swap,notBad
3958,10,620.9800000000009,10,474.56000000000057,swap,acceptBad
3959,10,620.9800000000009,10,474.56000000000057,2opt,notBad
3960,10,620.9800000000009,10,474.56000000000057,2opt,improve
3961,10,620.9800000000009,10,474.56000000000057,swap,notBad
3962,10,620.9800000000009,10,474.56000000000057,swap,notBad
3963,10,620.9800000000009,10,474.56000000000057,2opt,notBad
3964,10,620.9800000000009,10,474.56000000000057,2opt,notBad
3965,10,617.1800000000007,10,474.56000000000057,swap,improve
3966,10,617.1800000000007,10,474.56000000000057,swap,notBad
3967,10,617.1800000000007,10,474.56000000000057,swap,notBad
3968,10,625.7400000000008,10,474.56000000000057,2opt,acceptBad
3969,10,625.7400000000008,10,474.56000000000057,2opt,notBad
3970,10,625.7400000000008,10,474.56000000000057,swap,notBad
3971,10,625.7400000000008,10,474.56000000000057,move,improve
3972,10,620.0800000000003,10,474.56000000000057,move,improve
3973,10,612.7399999999997,10,474.56000000000057,move,improve
3974,10,586.2399999999999,10,474.56000000000057,move,improve
3975,10,586.2399999999999,10,474.56000000000057,2opt,notBad
3976,10,586.2399999999999,10,474.56000000000057,swap,notBad
3977,10,586.2399999999999,10,474.56000000000057,move,improve
3978,10,586.2399999999999,10,474.56000000000057,2opt,notBad
3979,10,586.2399999999999,10,474.56000000000057,move,improve
3980,10,629.7399999999999,10,474.56000000000057,swap,acceptBad
3981,10,629.7399999999999,10,474.56000000000057,2opt,improve
3982,10,629.7399999999999,10,474.56000000000057,2opt,notBad
3983,10,629.7399999999999,10,474.56000000000057,swap,notBad
3984,10,629.7399999999999,10,474.56000000000057,swap,notBad
3985,10,629.7399999999999,10,474.56000000000057,2opt,notBad
3986,10,629.7399999999999,10,474.56000000000057,move,improve
3987,10,612.7199999999998,10,474.56000000000057,swap,improve
3988,10,612.7199999999998,10,474.56000000000057,swap,notBad
3989,10,580.7599999999999,10,474.56000000000057,move,improve
3990,10,574.9999999999999,10,474.56000000000057,2opt,improve
3991,10,574.7399999999999,10,474.56000000000057,move,improve
3992,10,574.7399999999999,10,474.56000000000057,move,improve
3993,10,574.7399999999999,10,474.56000000000057,2opt,notBad
3994,10,574.7399999999999,10,474.56000000000057,move,improve
3995,10,574.7399999999999,10,474.56000000000057,move,improve
3996,10,580.6400000000004,10,474.56000000000057,move,acceptBad
3997,10,580.6400000000004,10,474.56000000000057,2opt,notBad
3998,10,580.6400000000004,10,474.56000000000057,2opt,notBad
3999,10,580.6400000000004,10,474.56000000000057,swap,notBad
4000,10,580.6400000000004,10,474.56000000000057,swap,notBad
4001,10,580.6400000000004,10,474.56000000000057,2opt,notBad
4002,10,580.6400000000004,10,474.56000000000057,swap,notBad
4003,10,580.6400000000004,10,474.56000000000057,move,improve
4004,10,580.6400000000004,10,474.56000000000057,2opt,notBad
4005,10,580.6400000000004,10,474.56000000000057,swap,notBad
4006,10,580.6400000000004,10,474.56000000000057,swap,notBad
4007,10,577.8000000000005,10,474.56000000000057,move,improve
4008,10,577.8000000000005,10,474.56000000000057,swap,notBad
4009,10,577.8000000000005,10,474.56000000000057,move,improve
4010,10,577.8000000000005,10,474.56000000000057,swap,notBad
4011,10,577.8000000000005,10,474.56000000000057,2opt,notBad
4012,10,577.8000000000005,10,474.56000000000057,move,improve
4013,10,577.8000000000005,10,474.56000000000057,2opt,improve
4014,10,577.8000000000005,10,474.56000000000057,2opt,notBad
4015,10,577.8000000000005,10,474.56000000000057,2opt,notBad
4016,10,593.9000000000003,10,474.56000000000057,swap,acceptBad
4017,10,593.9000000000003,10,474.56000000000057,swap,notBad
4018,10,581.5400000000005,10,474.56000000000057,move,improve
4019,10,581.5400000000005,10,474.56000000000057,2opt,notBad
4020,10,581.5400000000005,10,474.56000000000057,swap,notBad
4021,10,581.5400000000005,10,474.56000000000057,2opt,notBad
4022,10,581.5400000000005,10,474.56000000000057,swap,notBad
4023,10,598.4599999999999,10,474.56000000000057,swap,acceptBad
4024,10,598.4599999999999,10,474.56000000000057,swap,notBad
4025,10,598.4599999999999,10,474.56000000000057,swap,notBad
4026,10,598.4599999999999,10,474.56000000000057,swap,notBad
4027,10,598.4599999999999,10,474.56000000000057,swap,notBad
4028,10,598.4599999999999,10,474.56000000000057,swap,notBad
4029,10,598.4599999999999,10,474.56000000000057,move,improve
4030,10,598.4599999999999,10,474.56000000000057,2opt,notBad
4031,10,598.4599999999999,10,474.56000000000057,2opt,notBad
4032,10,598.4599999999999,10,474.56000000000057,2opt,improve
4033,10,598.4599999999999,10,474.56000000000057,move,improve
4034,10,590.5000000000005,10,474.56000000000057,2opt,improve
4035,10,590.5000000000005,10,474.56000000000057,swap,notBad
4036,10,590.5000000000005,10,474.56000000000057,2opt,notBad
4037,10,590.5000000000005,10,474.56000000000057,swap,notBad
4038,10,590.5000000000005,10,474.56000000000057,move,improve
4039,10,586.7200000000007,10,474.56000000000057,move,improve
4040,10,586.7200000000007,10,474.56000000000057,swap,notBad
4041,10,586.7200000000007,10,474.56000000000057,2opt,notBad
4042,10,585.8000000000003,10,474.56000000000057,move,improve
4043,10,585.8000000000003,10,474.56000000000057,swap,notBad
4044,10,585.8000000000003,10,474.56000000000057,2opt,notBad
4045,10,585.8000000000003,10,474.56000000000057,2opt,notBad
4046,10,598.1200000000003,10,474.56000000000057,2opt,acceptBad
4047,10,598.5200000000003,10,474.56000000000057,2opt,acceptBad
4048,10,598.5200000000003,10,474.56000000000057,swap,notBad
4049,10,601.78,10,474.56000000000057,2opt,acceptBad
4050,10,601.78,10,474.56000000000057,swap,notBad
4051,10,601.78,10,474.56000000000057,2opt,notBad
4052,10,624.3199999999997,10,474.56000000000057,swap,acceptBad
4053,10,624.3199999999997,10,474.56000000000057,swap,notBad
4054,10,624.3199999999997,10,474.56000000000057,swap,notBad
4055,10,624.3199999999997,10,474.56000000000057,2opt,improve
4056,10,624.3199999999997,10,474.56000000000057,2opt,notBad
4057,10,624.3199999999997,10,474.56000000000057,swap,notBad
4058,10,624.3199999999997,10,474.56000000000057,swap,notBad
4059,10,624.3199999999997,10,474.56000000000057,2opt,notBad
4060,10,624.3199999999997,10,474.56000000000057,move,improve
4061,10,624.3199999999997,10,474.56000000000057,2opt,notBad
4062,10,622.5799999999995,10,474.56000000000057,swap,improve
4063,10,622.5799999999995,10,474.56000000000057,2opt,notBad
4064,10,622.5799999999995,10,474.56000000000057,2opt,notBad
4065,10,622.5799999999995,10,474.56000000000057,move,improve
4066,10,622.5799999999995,10,474.56000000000057,swap,notBad
4067,10,622.5799999999995,10,474.56000000000057,swap,notBad
4068,10,622.5799999999995,10,474.56000000000057,move,improve
4069,10,635.7999999999992,10,474.56000000000057,swap,acceptBad
4070,10,635.7999999999992,10,474.56000000000057,move,improve
4071,10,635.7999999999992,10,474.56000000000057,move,improve
4072,10,635.7999999999992,10,474.56000000000057,swap,notBad
4073,10,635.7999999999992,10,474.56000000000057,2opt,notBad
4074,10,635.7999999999992,10,474.56000000000057,2opt,notBad
4075,10,635.7999999999992,10,474.56000000000057,2opt,notBad
4076,10,635.7999999999992,10,474.56000000000057,2opt,notBad
4077,10,635.7999999999992,10,474.56000000000057,swap,notBad
4078,10,635.7999999999992,10,474.56000000000057,2opt,notBad
4079,10,635.7999999999992,10,474.56000000000057,move,improve
4080,10,635.7399999999992,10,474.56000000000057,move,improve
4081,10,635.7399999999992,10,474.56000000000057,swap,notBad
4082,10,635.7399999999992,10,474.56000000000057,swap,notBad
4083,10,635.7399999999992,10,474.56000000000057,2opt,notBad
4084,10,635.7399999999992,10,474.56000000000057,swap,notBad
4085,10,635.7399999999992,10,474.56000000000057,move,improve
4086,10,635.7399999999992,10,474.56000000000057,2opt,notBad
4087,10,645.8399999999997,10,474.56000000000057,swap,acceptBad
4088,10,645.8399999999997,10,474.56000000000057,2opt,notBad
4089,10,645.8399999999997,10,474.56000000000057,swap,notBad
4090,10,645.8399999999997,10,474.56000000000057,move,improve
4091,10,645.8399999999997,10,474.56000000000057,swap,notBad
4092,10,645.8399999999997,10,474.56000000000057,swap,notBad
4093,10,645.8399999999997,10,474.56000000000057,swap,notBad
4094,10,645.8399999999997,10,474.56000000000057,swap,notBad
4095,10,648.5199999999994,10,474.56000000000057,swap,acceptBad
4096,10,648.5199999999994,10,474.56000000000057,move,improve
4097,10,648.5199999999994,10,474.56000000000057,move,improve
4098,10,648.5199999999994,10,474.56000000000057,move,improve
4099,10,648.5199999999994,10,474.56000000000057,move,improve
4100,10,648.5199999999994,10,474.56000000000057,swap,notBad
4101,10,648.5199999999994,10,474.56000000000057,2opt,notBad
4102,10,648.5199999999994,10,474.56000000000057,2opt,notBad
4103,10,648.5199999999994,10,474.56000000000057,2opt,notBad
4104,10,648.5199999999994,10,474.56000000000057,2opt,notBad
4105,10,648.5199999999994,10,474.56000000000057,swap,notBad
4106,10,648.5199999999994,10,474.56000000000057,2opt,notBad
4107,10,648.5199999999994,10,474.56000000000057,2opt,notBad
4108,10,648.5199999999994,10,474.56000000000057,swap,notBad
4109,10,647.6399999999994,10,474.56000000000057,2opt,improve
4110,10,647.6399999999994,10,474.56000000000057,swap,notBad
4111,10,647.6399999999994,10,474.56000000000057,2opt,notBad
4112,10,634.5599999999997,10,474.56000000000057,move,improve
4113,10,634.5599999999997,10,474.56000000000057,2opt,improve
4114,10,634.7599999999996,10,474.56000000000057,swap,acceptBad
4115,10,634.7599999999996,10,474.56000000000057,move,improve
4116,10,635.6599999999997,10,474.56000000000057,swap,acceptBad
4117,10,635.6599999999997,10,474.56000000000057,2opt,notBad
4118,10,635.6599999999997,10,474.56000000000057,swap,notBad
4119,10,635.6599999999997,10,474.56000000000057,swap,notBad
4120,10,635.6599999999997,10,474.56000000000057,2opt,notBad
4121,10,635.6599999999997,10,474.56000000000057,move,improve
4122,10,635.6599999999997,10,474.56000000000057,2opt,notBad
4123,10,635.6599999999997,10,474.56000000000057,swap,notBad
4124,10,635.1399999999996,10,474.56000000000057,move,improve
4125,10,642.2999999999995,10,474.56000000000057,swap,acceptBad
4126,10,642.2999999999995,10,474.56000000000057,move,improve
4127,10,642.2999999999995,10,474.56000000000057,2opt,notBad
4128,10,642.2999999999995,10,474.56000000000057,2opt,notBad
4129,10,642.2999999999995,10,474.56000000000057,2opt,notBad
4130,10,642.2999999999995,10,474.56000000000057,swap,notBad
4131,10,642.2999999999995,10,474.56000000000057,swap,notBad
4132,10,642.2999999999995,10,474.56000000000057,move,improve
4133,10,642.2999999999995,10,474.56000000000057,2opt,notBad
4134,10,642.2999999999995,10,474.56000000000057,move,improve
4135,10,689.3799999999998,10,474.56000000000057,swap,acceptBad
4136,10,689.3799999999998,10,474.56000000000057,move,improve
4137,10,689.3799999999998,10,474.56000000000057,swap,notBad
4138,10,689.3799999999998,10,474.56000000000057,swap,notBad
4139,10,689.3799999999998,10,474.56000000000057,2opt,notBad
4140,10,689.3799999999998,10,474.56000000000057,swap,notBad
4141,10,689.3799999999998,10,474.56000000000057,2opt,notBad
4142,10,689.3799999999998,10,474.56000000000057,2opt,notBad
4143,10,689.3799999999998,10,474.56000000000057,swap,notBad
4144,10,689.3799999999998,10,474.56000000000057,swap,notBad
4145,10,689.3799999999998,10,474.56000000000057,swap,notBad
4146,10,689.3799999999998,10,474.56000000000057,swap,notBad
4147,10,685.5599999999994,10,474.56000000000057,move,improve
4148,10,685.5599999999994,10,474.56000000000057,swap,notBad
4149,10,658.8199999999996,10,474.56000000000057,move,improve
4150,10,658.8199999999996,10,474.56000000000057,swap,notBad
4151,10,658.8199999999996,10,474.56000000000057,swap,notBad
4152,10,658.8199999999996,10,474.56000000000057,2opt,improve
4153,10,658.8199999999996,10,474.56000000000057,2opt,notBad
4154,10,658.8199999999996,10,474.56000000000057,swap,notBad
4155,10,658.8199999999996,10,474.56000000000057,2opt,notBad
4156,10,644.3799999999995,10,474.56000000000057,move,improve
4157,10,644.3799999999995,10,474.56000000000057,2opt,notBad
4158,10,644.3799999999995,10,474.56000000000057,swap,notBad
4159,10,644.3799999999995,10,474.56000000000057,move,improve
4160,10,644.3799999999995,10,474.56000000000057,2opt,notBad
4161,10,644.3799999999995,10,474.56000000000057,2opt,notBad
4162,10,623.0399999999995,10,474.56000000000057,move,improve
4163,10,620.1999999999996,10,474.56000000000057,move,improve
4164,10,620.1999999999996,10,474.56000000000057,2opt,notBad
4165,10,620.1999999999996,10,474.56000000000057,2opt,notBad
4166,10,589.9999999999998,10,474.56000000000057,move,improve
4167,10,589.9999999999998,10,474.56000000000057,2opt,notBad
4168,10,589.9999999999998,10,474.56000000000057,swap,notBad
4169,10,589.9999999999998,10,474.56000000000057,swap,notBad
4170,10,589.9999999999998,10,474.56000000000057,move,improve
4171,10,589.9999999999998,10,474.56000000000057,swap,notBad
4172,10,589.9999999999998,10,474.56000000000057,move,improve
4173,10,589.9999999999998,10,474.56000000000057,swap,notBad
4174,10,589.9999999999998,10,474.56000000000057,2opt,notBad
4175,10,589.9999999999998,10,474.56000000000057,move,improve
4176,10,589.9999999999998,10,474.56000000000057,2opt,notBad
4177,10,589.9999999999998,10,474.56000000000057,swap,notBad
4178,10,589.9999999999998,10,474.56000000000057,swap,notBad
4179,10,589.9999999999998,10,474.56000000000057,swap,notBad
4180,10,589.9999999999998,10,474.56000000000057,2opt,notBad
4181,10,589.9999999999998,10,474.56000000000057,swap,notBad
4182,10,586.1799999999994,10,474.56000000000057,move,improve
4183,10,586.1799999999994,10,474.56000000000057,move,improve
4184,10,586.1799999999994,10,474.56000000000057,2opt,notBad
4185,10,586.1799999999994,10,474.56000000000057,move,improve
4186,10,586.1799999999994,10,474.56000000000057,2opt,improve
4187,10,586.1799999999994,10,474.56000000000057,swap,notBad
4188,10,586.1799999999994,10,474.56000000000057,2opt,notBad
4189,10,586.1799999999994,10,474.56000000000057,swap,notBad
4190,10,586.1799999999994,10,474.56000000000057,2opt,notBad
4191,10,584.3599999999997,10,474.56000000000057,2opt,improve
4192,10,584.3599999999997,10,474.56000000000057,2opt,notBad
4193,10,578.0600000000001,10,474.56000000000057,move,improve
4194,10,578.0600000000001,10,474.56000000000057,2opt,notBad
4195,10,578.0600000000001,10,474.56000000000057,2opt,notBad
4196,10,578.0600000000001,10,474.56000000000057,2opt,notBad
4197,10,559.9599999999999,10,474.56000000000057,move,improve
4198,10,559.9599999999999,10,474.56000000000057,swap,notBad
4199,10,559.9599999999999,10,474.56000000000057,2opt,notBad
4200,10,559.9599999999999,10,474.56000000000057,move,improve
4201,10,565.82,10,474.56000000000057,2opt,acceptBad
4202,10,565.82,10,474.56000000000057,2opt,notBad
4203,10,565.82,10,474.56000000000057,2opt,notBad
4204,10,565.82,10,474.56000000000057,move,improve
4205,10,565.82,10,474.56000000000057,move,improve
4206,10,565.82,10,474.56000000000057,2opt,notBad
4207,10,565.82,10,474.56000000000057,2opt,improve
4208,10,565.82,10,474.56000000000057,swap,notBad
4209,10,565.82,10,474.56000000000057,2opt,notBad
4210,10,565.82,10,474.56000000000057,swap,notBad
4211,10,566.64,10,474.56000000000057,swap,acceptBad
4212,10,566.64,10,474.56000000000057,2opt,notBad
4213,10,566.64,10,474.56000000000057,swap,notBad
4214,10,566.64,10,474.56000000000057,move,improve
4215,10,566.64,10,474.56000000000057,2opt,notBad
4216,10,566.64,10,474.56000000000057,swap,notBad
4217,10,566.64,10,474.56000000000057,swap,notBad
4218,10,566.64,10,474.56000000000057,move,improve
4219,10,566.64,10,474.56000000000057,move,improve
4220,10,566.64,10,474.56000000000057,2opt,notBad
4221,10,566.64,10,474.56000000000057,2opt,notBad
4222,10,566.64,10,474.56000000000057,2opt,improve
4223,10,566.64,10,474.56000000000057,swap,notBad
4224,10,566.64,10,474.56000000000057,swap,notBad
4225,10,566.64,10,474.56000000000057,move,improve
4226,10,566.64,10,474.56000000000057,move,improve
4227,10,566.64,10,474.56000000000057,move,improve
4228,10,566.64,10,474.56000000000057,swap,notBad
4229,10,566.64,10,474.56000000000057,swap,notBad
4230,10,566.64,10,474.56000000000057,swap,notBad
4231,10,551.8600000000001,10,474.56000000000057,swap,improve
4232,10,563.8199999999999,10,474.56000000000057,swap,acceptBad
4233,10,563.8199999999999,10,474.56000000000057,swap,notBad
4234,10,563.8199999999999,10,474.56000000000057,2opt,notBad
4235,10,560.7600000000004,10,474.56000000000057,swap,improve
4236,10,542.5600000000007,10,474.56000000000057,swap,improve
4237,10,542.5600000000007,10,474.56000000000057,2opt,notBad
4238,10,516.5400000000006,10,474.56000000000057,move,improve
4239,10,516.5400000000006,10,474.56000000000057,2opt,notBad
4240,10,516.5400000000006,10,474.56000000000057,2opt,notBad
4241,10,516.5400000000006,10,474.56000000000057,swap,notBad
4242,10,516.5400000000006,10,474.56000000000057,swap,notBad
4243,10,516.5400000000006,10,474.56000000000057,swap,notBad
4244,10,516.5400000000006,10,474.56000000000057,2opt,notBad
4245,10,516.5400000000006,10,474.56000000000057,move,improve
4246,10,516.5400000000006,10,474.56000000000057,swap,notBad
4247,10,516.5400000000006,10,474.56000000000057,2opt,notBad
4248,10,516.5400000000006,10,474.56000000000057,2opt,notBad
4249,10,522.5800000000007,10,474.56000000000057,swap,acceptBad
4250,10,522.5800000000007,10,474.56000000000057,move,improve
4251,10,522.5800000000007,10,474.56000000000057,2opt,notBad
4252,10,522.5800000000007,10,474.56000000000057,move,improve
4253,10,516.5400000000006,10,474.56000000000057,move,improve
4254,10,516.5400000000006,10,474.56000000000057,move,improve
4255,10,516.5400000000006,10,474.56000000000057,swap,notBad
4256,10,516.5400000000006,10,474.56000000000057,move,improve
4257,10,516.5400000000006,10,474.56000000000057,swap,notBad
4258,10,516.5400000000006,10,474.56000000000057,2opt,notBad
4259,10,516.5400000000006,10,474.56000000000057,move,improve
4260,10,516.5400000000006,10,474.56000000000057,move,improve
4261,10,516.5400000000006,10,474.56000000000057,move,improve
4262,10,516.5400000000006,10,474.56000000000057,swap,notBad
4263,10,516.5400000000006,10,474.56000000000057,move,improve
4264,10,516.5400000000006,10,474.56000000000057,2opt,notBad
4265,10,516.5400000000006,10,474.56000000000057,swap,notBad
4266,10,516.5400000000006,10,474.56000000000057,2opt,notBad
4267,10,516.5400000000006,10,474.56000000000057,2opt,notBad
4268,10,516.5400000000006,10,474.56000000000057,swap,notBad
4269,10,516.5400000000006,10,474.56000000000057,swap,notBad
4270,10,516.5400000000006,10,474.56000000000057,2opt,notBad
4271,10,516.5400000000006,10,474.56000000000057,move,improve
4272,10,516.5400000000006,10,474.56000000000057,move,improve
4273,10,516.5400000000006,10,474.56000000000057,swap,notBad
4274,10,516.5400000000006,10,474.56000000000057,2opt,notBad
4275,10,516.5400000000006,10,474.56000000000057,2opt,notBad
4276,10,516.5400000000006,10,474.56000000000057,move,improve
4277,10,516.5400000000006,10,474.56000000000057,swap,notBad
4278,10,516.5400000000006,10,474.56000000000057,move,improve
4279,10,516.5400000000006,10,474.56000000000057,swap,notBad
4280,10,516.5400000000006,10,474.56000000000057,move,improve
4281,10,516.5400000000006,10,474.56000000000057,move,improve
4282,10,516.5400000000006,10,474.56000000000057,swap,notBad
4283,10,516.5400000000006,10,474.56000000000057,move,improve
4284,10,516.5400000000006,10,474.56000000000057,move,improve
4285,10,516.5400000000006,10,474.56000000000057,move,improve
4286,10,516.5400000000006,10,474.56000000000057,move,improve
4287,10,516.5400000000006,10,474.56000000000057,2opt,notBad
4288,10,516.5400000000006,10,474.56000000000057,2opt,notBad
4289,10,516.5400000000006,10,474.56000000000057,move,improve
4290,10,516.5400000000006,10,474.56000000000057,2opt,improve
4291,10,516.5400000000006,10,474.56000000000057,move,improve
4292,10,516.5400000000006,10,474.56000000000057,2opt,notBad
4293,10,516.5400000000006,10,474.56000000000057,move,improve
4294,10,531.2400000000007,10,474.56000000000057,swap,acceptBad
4295,10,531.2400000000007,10,474.56000000000057,2opt,notBad
4296,10,531.2400000000007,10,474.56000000000057,swap,notBad
4297,10,531.2400000000007,10,474.56000000000057,2opt,notBad
4298,10,531.2400000000007,10,474.56000000000057,move,improve
4299,10,531.2400000000007,10,474.56000000000057,swap,notBad
4300,10,531.2400000000007,10,474.56000000000057,2opt,notBad
4301,10,531.2400000000007,10,474.56000000000057,2opt,notBad
4302,10,531.2400000000007,10,474.56000000000057,move,improve
4303,10,531.2400000000007,10,474.56000000000057,2opt,notBad
4304,10,531.2400000000007,10,474.56000000000057,swap,notBad
4305,10,531.2400000000007,10,474.56000000000057,swap,notBad
4306,10,531.2400000000007,10,474.56000000000057,move,improve
4307,10,531.2400000000007,10,474.56000000000057,swap,notBad
4308,10,534.6400000000006,10,474.56000000000057,swap,acceptBad
4309,10,541.0600000000003,10,474.56000000000057,swap,acceptBad
4310,10,541.0600000000003,10,474.56000000000057,2opt,notBad
4311,10,536.8600000000002,10,474.56000000000057,2opt,improve
4312,10,536.8600000000002,10,474.56000000000057,2opt,notBad
4313,10,536.8600000000002,10,474.56000000000057,swap,notBad
4314,10,536.8600000000002,10,474.56000000000057,swap,notBad
4315,10,536.8600000000002,10,474.56000000000057,2opt,notBad
4316,10,536.8600000000002,10,474.56000000000057,move,improve
4317,10,536.8600000000002,10,474.56000000000057,move,improve
4318,10,532.2399999999999,10,474.56000000000057,swap,improve
4319,10,532.2399999999999,10,474.56000000000057,2opt,notBad
4320,10,532.2399999999999,10,474.56000000000057,2opt,notBad
4321,10,532.2399999999999,10,474.56000000000057,swap,notBad
4322,10,532.2399999999999,10,474.56000000000057,2opt,improve
4323,10,532.2399999999999,10,474.56000000000057,move,improve
4324,10,532.2399999999999,10,474.56000000000057,2opt,notBad
4325,10,532.2399999999999,10,474.56000000000057,move,improve
4326,10,532.2399999999999,10,474.56000000000057,move,improve
4327,10,532.2399999999999,10,474.56000000000057,swap,notBad
4328,10,532.2399999999999,10,474.56000000000057,swap,notBad
4329,10,532.2399999999999,10,474.56000000000057,2opt,notBad
4330,10,532.2399999999999,10,474.56000000000057,move,improve
4331,10,532.2399999999999,10,474.56000000000057,swap,notBad
4332,10,532.2399999999999,10,474.56000000000057,swap,notBad
4333,10,532.2399999999999,10,474.56000000000057,swap,notBad
4334,10,530.9200000000001,10,474.56000000000057,move,improve
4335,10,530.9200000000001,10,474.56000000000057,2opt,notBad
4336,10,530.9200000000001,10,474.56000000000057,2opt,notBad
4337,10,530.9200000000001,10,474.56000000000057,swap,notBad
4338,10,530.9200000000001,10,474.56000000000057,2opt,notBad
4339,10,530.9200000000001,10,474.56000000000057,swap,notBad
4340,10,532.98,10,474.56000000000057,swap,acceptBad
4341,10,532.98,10,474.56000000000057,swap,notBad
4342,10,532.98,10,474.56000000000057,swap,notBad
4343,10,532.98,10,474.56000000000057,move,improve
4344,10,532.98,10,474.56000000000057,move,improve
4345,10,532.98,10,474.56000000000057,move,improve
4346,10,532.98,10,474.56000000000057,2opt,notBad
4347,10,532.98,10,474.56000000000057,move,improve
4348,10,532.98,10,474.56000000000057,swap,notBad
4349,10,532.98,10,474.56000000000057,move,improve
4350,10,532.98,10,474.56000000000057,move,improve
4351,10,532.98,10,474.56000000000057,move,improve
4352,10,532.98,10,474.56000000000057,swap,notBad
4353,10,532.98,10,474.56000000000057,move,improve
4354,10,532.98,10,474.56000000000057,move,improve
4355,10,532.98,10,474.56000000000057,swap,notBad
4356,10,532.98,10,474.56000000000057,move,improve
4357,10,549.2199999999999,10,474.56000000000057,swap,acceptBad
4358,10,549.2199999999999,10,474.56000000000057,2opt,notBad
4359,10,549.2199999999999,10,474.56000000000057,swap,notBad
4360,10,549.2199999999999,10,474.56000000000057,2opt,notBad
4361,10,549.2199999999999,10,474.56000000000057,2opt,notBad
4362,10,549.2199999999999,10,474.56000000000057,swap,notBad
4363,10,549.2199999999999,10,474.56000000000057,move,improve
4364,10,549.2199999999999,10,474.56000000000057,2opt,notBad
4365,10,549.2199999999999,10,474.56000000000057,move,improve
4366,10,549.2199999999999,10,474.56000000000057,swap,notBad
4367,10,549.2199999999999,10,474.56000000000057,2opt,notBad
4368,10,549.2199999999999,10,474.56000000000057,move,improve
4369,10,564.6599999999997,10,474.56000000000057,swap,acceptBad
4370,10,564.6599999999997,10,474.56000000000057,swap,notBad
4371,10,564.6599999999997,10,474.56000000000057,swap,notBad
4372,10,564.6599999999997,10,474.56000000000057,2opt,notBad
4373,10,564.6599999999997,10,474.56000000000057,move,notBad
4374,10,564.6599999999997,10,474.56000000000057,swap,notBad
4375,10,564.6599999999997,10,474.56000000000057,swap,notBad
4376,10,564.6599999999997,10,474.56000000000057,2opt,notBad
4377,10,564.6599999999997,10,474.56000000000057,swap,notBad
4378,10,564.6599999999997,10,474.56000000000057,2opt,notBad
4379,10,564.6599999999997,10,474.56000000000057,move,improve
4380,10,564.6599999999997,10,474.56000000000057,move,improve
4381,10,572.0399999999994,10,474.56000000000057,swap,acceptBad
4382,10,572.0399999999994,10,474.56000000000057,2opt,notBad
4383,10,572.0399999999994,10,474.56000000000057,move,improve
4384,10,572.0399999999994,10,474.56000000000057,swap,notBad
4385,10,572.0399999999994,10,474.56000000000057,swap,notBad
4386,10,572.0399999999994,10,474.56000000000057,2opt,notBad
4387,10,572.0399999999994,10,474.56000000000057,2opt,notBad
4388,10,572.0399999999994,10,474.56000000000057,2opt,notBad
4389,10,549.3999999999988,10,474.56000000000057,swap,improve
4390,10,549.3999999999988,10,474.56000000000057,move,improve
4391,10,538.1799999999992,10,474.56000000000057,move,improve
4392,10,538.1799999999992,10,474.56000000000057,swap,notBad
4393,10,532.2399999999998,10,474.56000000000057,move,improve
4394,10,532.2399999999998,10,474.56000000000057,2opt,notBad
4395,10,532.2399999999998,10,474.56000000000057,swap,notBad
4396,10,519.3399999999993,10,474.56000000000057,2opt,improve
4397,10,519.3399999999993,10,474.56000000000057,2opt,notBad
4398,10,519.3399999999993,10,474.56000000000057,2opt,notBad
4399,10,519.3399999999993,10,474.56000000000057,2opt,notBad
4400,10,519.3399999999993,10,474.56000000000057,move,improve
4401,10,519.3399999999993,10,474.56000000000057,swap,notBad
4402,10,519.3399999999993,10,474.56000000000057,swap,notBad
4403,10,519.3399999999993,10,474.56000000000057,swap,notBad
4404,10,519.3399999999993,10,474.56000000000057,2opt,notBad
4405,10,519.3399999999993,10,474.56000000000057,swap,notBad
4406,10,519.3399999999993,10,474.56000000000057,2opt,notBad
4407,10,530.0799999999986,10,474.56000000000057,swap,acceptBad
4408,10,530.0799999999986,10,474.56000000000057,swap,notBad
4409,10,530.0799999999986,10,474.56000000000057,swap,notBad
4410,10,530.0799999999986,10,474.56000000000057,move,improve
4411,10,539.7799999999992,10,474.56000000000057,swap,acceptBad
4412,10,539.7799999999992,10,474.56000000000057,2opt,notBad
4413,10,539.7799999999992,10,474.56000000000057,swap,notBad
4414,10,539.7799999999992,10,474.56000000000057,move,improve
4415,10,539.7799999999992,10,474.56000000000057,swap,notBad
4416,10,539.7799999999992,10,474.56000000000057,swap,notBad
4417,10,539.7799999999992,10,474.56000000000057,swap,notBad
4418,10,539.7799999999992,10,474.56000000000057,swap,notBad
4419,10,539.7799999999992,10,474.56000000000057,2opt,notBad
4420,10,539.7799999999992,10,474.56000000000057,swap,notBad
4421,10,539.7799999999992,10,474.56000000000057,swap,notBad
4422,10,539.7799999999992,10,474.56000000000057,move,improve
4423,10,539.7799999999992,10,474.56000000000057,swap,notBad
4424,10,543.9599999999996,10,474.56000000000057,swap,acceptBad
4425,10,543.9599999999996,10,474.56000000000057,2opt,notBad
4426,10,543.9599999999996,10,474.56000000000057,swap,notBad
4427,10,543.9599999999996,10,474.56000000000057,swap,notBad
4428,10,543.9599999999996,10,474.56000000000057,swap,notBad
4429,10,539.4000000000002,10,474.56000000000057,move,improve
4430,10,539.4000000000002,10,474.56000000000057,move,improve
4431,10,539.4000000000002,10,474.56000000000057,move,improve
4432,10,498.28000000000014,10,474.56000000000057,move,improve
4433,10,498.28000000000014,10,474.56000000000057,2opt,notBad
4434,10,498.28000000000014,10,474.56000000000057,swap,notBad
4435,10,498.28000000000014,10,474.56000000000057,move,improve
4436,10,498.28000000000014,10,474.56000000000057,2opt,notBad
4437,10,498.28000000000014,10,474.56000000000057,swap,notBad
4438,10,498.28000000000014,10,474.56000000000057,swap,notBad
4439,10,498.28000000000014,10,474.56000000000057,swap,notBad
4440,10,498.28000000000014,10,474.56000000000057,swap,notBad
4441,10,498.28000000000014,10,474.56000000000057,2opt,notBad
4442,10,498.28000000000014,10,474.56000000000057,2opt,notBad
4443,10,498.28000000000014,10,474.56000000000057,move,improve
4444,10,498.28000000000014,10,474.56000000000057,swap,notBad
4445,10,498.28000000000014,10,474.56000000000057,swap,notBad
4446,10,498.28000000000014,10,474.56000000000057,move,improve
4447,10,498.28000000000014,10,474.56000000000057,move,improve
4448,10,498.28000000000014,10,474.56000000000057,swap,notBad
4449,10,498.28000000000014,10,474.56000000000057,move,improve
4450,10,498.28000000000014,10,474.56000000000057,swap,notBad
4451,10,498.28000000000014,10,474.56000000000057,2opt,notBad
4452,10,498.28000000000014,10,474.56000000000057,move,improve
4453,10,498.28000000000014,10,474.56000000000057,move,improve
4454,10,498.28000000000014,10,474.56000000000057,move,improve
4455,10,498.28000000000014,10,474.56000000000057,swap,notBad
4456,10,501.05999999999995,10,474.56000000000057,swap,acceptBad
4457,10,501.05999999999995,10,474.56000000000057,2opt,improve
4458,10,501.05999999999995,10,474.56000000000057,swap,notBad
4459,10,501.05999999999995,10,474.56000000000057,2opt,notBad
4460,10,508.78,10,474.56000000000057,2opt,acceptBad
4461,10,508.78,10,474.56000000000057,2opt,notBad
4462,10,501.5999999999993,10,474.56000000000057,move,improve
4463,10,501.5999999999993,10,474.56000000000057,swap,notBad
4464,10,501.5999999999993,10,474.56000000000057,move,improve
4465,10,501.5999999999993,10,474.56000000000057,move,improve
4466,10,501.5999999999993,10,474.56000000000057,move,improve
4467,10,501.5999999999993,10,474.56000000000057,move,improve
4468,10,501.5999999999993,10,474.56000000000057,swap,notBad
4469,10,501.5999999999993,10,474.56000000000057,move,improve
4470,10,501.5999999999993,10,474.56000000000057,2opt,notBad
4471,10,501.5999999999993,10,474.56000000000057,move,improve
4472,10,501.5999999999993,10,474.56000000000057,move,improve
4473,10,499.9399999999993,10,474.56000000000057,move,improve
4474,10,499.9399999999993,10,474.56000000000057,swap,notBad
4475,10,499.9399999999993,10,474.56000000000057,move,improve
4476,10,499.9399999999993,10,474.56000000000057,swap,notBad
4477,10,499.9399999999993,10,474.56000000000057,2opt,notBad
4478,10,499.9399999999993,10,474.56000000000057,swap,notBad
4479,10,499.9399999999993,10,474.56000000000057,2opt,notBad
4480,10,499.9399999999993,10,474.56000000000057,move,improve
4481,10,499.9399999999993,10,474.56000000000057,move,improve
4482,10,499.09999999999934,10,474.56000000000057,move,improve
4483,10,499.09999999999934,10,474.56000000000057,move,improve
4484,10,499.09999999999934,10,474.56000000000057,swap,notBad
4485,10,499.09999999999934,10,474.56000000000057,2opt,improve
4486,10,499.09999999999934,10,474.56000000000057,move,improve
4487,10,499.09999999999934,10,474.56000000000057,2opt,notBad
4488,10,499.09999999999934,10,474.56000000000057,move,improve
4489,10,499.09999999999934,10,474.56000000000057,move,improve
4490,10,499.09999999999934,10,474.56000000000057,2opt,notBad
4491,10,499.09999999999934,10,474.56000000000057,move,improve
4492,10,499.09999999999934,10,474.56000000000057,swap,notBad
4493,10,499.09999999999934,10,474.56000000000057,move,improve
4494,10,499.09999999999934,10,474.56000000000057,move,improve
4495,10,499.09999999999934,10,474.56000000000057,2opt,notBad
4496,10,499.09999999999934,10,474.56000000000057,2opt,improve
4497,10,499.09999999999934,10,474.56000000000057,swap,notBad
4498,10,499.09999999999934,10,474.56000000000057,2opt,notBad
4499,10,499.09999999999934,10,474.56000000000057,2opt,notBad
4500,10,499.09999999999934,10,474.56000000000057,move,improve
4501,10,499.09999999999934,10,474.56000000000057,move,improve
4502,10,499.09999999999934,10,474.56000000000057,swap,notBad
4503,10,499.09999999999934,10,474.56000000000057,move,improve
4504,10,499.09999999999934,10,474.56000000000057,2opt,notBad
4505,10,499.09999999999934,10,474.56000000000057,swap,notBad
4506,10,499.09999999999934,10,474.56000000000057,swap,notBad
4507,10,499.09999999999934,10,474.56000000000057,2opt,notBad
4508,10,499.09999999999934,10,474.56000000000057,swap,notBad
4509,10,499.09999999999934,10,474.56000000000057,swap,notBad
4510,10,499.09999999999934,10,474.56000000000057,swap,notBad
4511,10,499.09999999999934,10,474.56000000000057,swap,notBad
4512,10,499.09999999999934,10,474.56000000000057,swap,notBad
4513,10,499.09999999999934,10,474.56000000000057,2opt,improve
4514,10,499.09999999999934,10,474.56000000000057,swap,notBad
4515,10,499.09999999999934,10,474.56000000000057,swap,notBad
4516,10,499.09999999999934,10,474.56000000000057,move,improve
4517,10,499.09999999999934,10,474.56000000000057,move,improve
4518,10,499.09999999999934,10,474.56000000000057,swap,notBad
4519,10,499.09999999999934,10,474.56000000000057,move,improve
4520,10,499.09999999999934,10,474.56000000000057,move,improve
4521,10,499.09999999999934,10,474.56000000000057,2opt,notBad
4522,10,499.09999999999934,10,474.56000000000057,swap,notBad
4523,10,513.48,10,474.56000000000057,swap,acceptBad
4524,10,513.48,10,474.56000000000057,swap,notBad
4525,10,513.48,10,474.56000000000057,2opt,notBad
4526,10,513.48,10,474.56000000000057,swap,notBad
4527,10,513.48,10,474.56000000000057,move,improve
4528,10,513.48,10,474.56000000000057,2opt,notBad
4529,10,513.48,10,474.56000000000057,swap,notBad
4530,10,513.48,10,474.56000000000057,swap,notBad
4531,10,513.48,10,474.56000000000057,swap,notBad
4532,10,513.48,10,474.56000000000057,2opt,improve
4533,10,513.48,10,474.56000000000057,2opt,notBad
4534,10,513.48,10,474.56000000000057,2opt,notBad
4535,10,513.48,10,474.56000000000057,swap,notBad
4536,10,513.48,10,474.56000000000057,2opt,notBad
4537,10,513.48,10,474.56000000000057,move,improve
4538,10,508.1800000000005,10,474.56000000000057,move,improve
4539,10,508.1800000000005,10,474.56000000000057,move,improve
4540,10,508.1800000000005,10,474.56000000000057,move,improve
4541,10,508.1800000000005,10,474.56000000000057,swap,notBad
4542,10,508.1800000000005,10,474.56000000000057,swap,notBad
4543,10,508.1800000000005,10,474.56000000000057,swap,notBad
4544,10,513.5600000000004,10,474.56000000000057,swap,acceptBad
4545,10,513.5600000000004,10,474.56000000000057,move,improve
4546,10,513.5600000000004,10,474.56000000000057,swap,notBad
4547,10,513.5600000000004,10,474.56000000000057,swap,notBad
4548,10,513.5600000000004,10,474.56000000000057,swap,notBad
4549,10,513.5600000000004,10,474.56000000000057,move,improve
4550,10,513.5600000000004,10,474.56000000000057,swap,notBad
4551,10,513.5600000000004,10,474.56000000000057,move,improve
4552,10,504.68000000000023,10,474.56000000000057,swap,improve
4553,10,504.68000000000023,10,474.56000000000057,2opt,notBad
4554,10,504.68000000000023,10,474.56000000000057,move,improve
4555,10,504.68000000000023,10,474.56000000000057,2opt,notBad
4556,10,504.68000000000023,10,474.56000000000057,move,improve
4557,10,504.68000000000023,10,474.56000000000057,move,improve
4558,10,504.68000000000023,10,474.56000000000057,2opt,notBad
4559,10,504.68000000000023,10,474.56000000000057,move,improve
4560,10,504.68000000000023,10,474.56000000000057,swap,notBad
4561,10,504.68000000000023,10,474.56000000000057,2opt,notBad
4562,10,504.68000000000023,10,474.56000000000057,2opt,notBad
4563,10,504.68000000000023,10,474.56000000000057,swap,notBad
4564,10,504.68000000000023,10,474.56000000000057,2opt,notBad
4565,10,504.68000000000023,10,474.56000000000057,swap,notBad
4566,10,503.09999999999974,10,474.56000000000057,move,improve
4567,10,503.09999999999974,10,474.56000000000057,move,improve
4568,10,503.09999999999974,10,474.56000000000057,move,improve
4569,10,503.09999999999974,10,474.56000000000057,move,improve
4570,10,503.09999999999974,10,474.56000000000057,move,improve
4571,10,503.09999999999974,10,474.56000000000057,2opt,notBad
4572,10,503.09999999999974,10,474.56000000000057,2opt,notBad
4573,10,503.09999999999974,10,474.56000000000057,move,improve
4574,10,503.09999999999974,10,474.56000000000057,swap,notBad
4575,10,503.09999999999974,10,474.56000000000057,move,improve
4576,10,503.09999999999974,10,474.56000000000057,2opt,improve
4577,10,503.09999999999974,10,474.56000000000057,2opt,notBad
4578,10,503.09999999999974,10,474.56000000000057,move,improve
4579,10,503.09999999999974,10,474.56000000000057,swap,notBad
4580,10,503.09999999999974,10,474.56000000000057,2opt,notBad
4581,10,503.09999999999974,10,474.56000000000057,move,improve
4582,10,503.09999999999974,10,474.56000000000057,move,improve
4583,10,503.09999999999974,10,474.56000000000057,swap,notBad
4584,10,503.09999999999974,10,474.56000000000057,move,improve
4585,10,503.09999999999974,10,474.56000000000057,move,improve
4586,10,503.09999999999974,10,474.56000000000057,2opt,improve
4587,10,503.09999999999974,10,474.56000000000057,2opt,notBad
4588,10,503.09999999999974,10,474.56000000000057,2opt,notBad
4589,10,503.09999999999974,10,474.56000000000057,swap,notBad
4590,10,503.09999999999974,10,474.56000000000057,2opt,notBad
4591,10,503.09999999999974,10,474.56000000000057,swap,notBad
4592,10,503.09999999999974,10,474.56000000000057,swap,notBad
4593,10,503.09999999999974,10,474.56000000000057,swap,notBad
4594,10,503.09999999999974,10,474.56000000000057,2opt,notBad
4595,10,503.09999999999974,10,474.56000000000057,swap,notBad
4596,10,503.09999999999974,10,474.56000000000057,move,improve
4597,10,503.09999999999974,10,474.56000000000057,move,improve
4598,10,503.09999999999974,10,474.56000000000057,swap,notBad
4599,10,503.09999999999974,10,474.56000000000057,swap,notBad
4600,10,503.09999999999974,10,474.56000000000057,move,improve
4601,10,503.09999999999974,10,474.56000000000057,2opt,improve
4602,10,503.55999999999966,10,474.56000000000057,2opt,acceptBad
4603,10,510.0800000000003,10,474.56000000000057,swap,acceptBad
4604,10,510.0800000000003,10,474.56000000000057,2opt,notBad
4605,10,510.0800000000003,10,474.56000000000057,move,improve
4606,10,510.0800000000003,10,474.56000000000057,swap,notBad
4607,10,510.0800000000003,10,474.56000000000057,move,improve
4608,10,510.0800000000003,10,474.56000000000057,2opt,notBad
4609,10,515.6800000000004,10,474.56000000000057,swap,acceptBad
4610,10,515.6800000000004,10,474.56000000000057,move,improve
4611,10,515.6800000000004,10,474.56000000000057,move,improve
4612,10,515.6800000000004,10,474.56000000000057,2opt,notBad
4613,10,515.6800000000004,10,474.56000000000057,2opt,notBad
4614,10,515.6800000000004,10,474.56000000000057,2opt,notBad
4615,10,515.6800000000004,10,474.56000000000057,move,improve
4616,10,515.6800000000004,10,474.56000000000057,2opt,notBad
4617,10,515.6800000000004,10,474.56000000000057,swap,notBad
4618,10,515.6800000000004,10,474.56000000000057,move,improve
4619,10,515.6800000000004,10,474.56000000000057,2opt,notBad
4620,10,515.6800000000004,10,474.56000000000057,swap,notBad
4621,10,515.6800000000004,10,474.56000000000057,move,improve
4622,10,515.6800000000004,10,474.56000000000057,2opt,notBad
4623,10,515.6800000000004,10,474.56000000000057,move,improve
4624,10,515.6800000000004,10,474.56000000000057,move,improve
4625,10,515.6800000000004,10,474.56000000000057,move,improve
4626,10,515.6800000000004,10,474.56000000000057,swap,notBad
4627,10,514.7400000000006,10,474.56000000000057,move,improve
4628,10,514.7400000000006,10,474.56000000000057,swap,notBad
4629,10,514.7400000000006,10,474.56000000000057,swap,notBad
4630,10,514.7400000000006,10,474.56000000000057,2opt,notBad
4631,10,514.7400000000006,10,474.56000000000057,move,improve
4632,10,514.7400000000006,10,474.56000000000057,2opt,notBad
4633,10,514.7400000000006,10,474.56000000000057,swap,notBad
4634,10,514.7400000000006,10,474.56000000000057,move,improve
4635,10,514.7400000000006,10,474.56000000000057,2opt,notBad
4636,10,514.7400000000006,10,474.56000000000057,swap,notBad
4637,10,514.7400000000006,10,474.56000000000057,2opt,notBad
4638,10,514.7400000000006,10,474.56000000000057,2opt,notBad
4639,10,514.7400000000006,10,474.56000000000057,move,improve
4640,10,514.7400000000006,10,474.56000000000057,swap,notBad
4641,10,514.7400000000006,10,474.56000000000057,2opt,improve
4642,10,514.7400000000006,10,474.56000000000057,move,improve
4643,10,514.7400000000006,10,474.56000000000057,2opt,notBad
4644,10,514.7400000000006,10,474.56000000000057,move,improve
4645,10,514.7400000000006,10,474.56000000000057,move,improve
4646,10,514.7400000000006,10,474.56000000000057,move,improve
4647,10,514.7400000000006,10,474.56000000000057,2opt,notBad
4648,10,514.7400000000006,10,474.56000000000057,swap,notBad
4649,10,514.7400000000006,10,474.56000000000057,swap,notBad
4650,10,487.60000000000076,10,474.56000000000057,2opt,improve
4651,10,487.60000000000076,10,474.56000000000057,2opt,notBad
4652,10,487.0000000000008,10,474.56000000000057,move,improve
4653,10,487.0000000000008,10,474.56000000000057,move,improve
4654,10,487.0000000000008,10,474.56000000000057,swap,notBad
4655,10,487.0000000000008,10,474.56000000000057,2opt,notBad
4656,10,487.0000000000008,10,474.56000000000057,swap,notBad
4657,10,487.0000000000008,10,474.56000000000057,swap,notBad
4658,10,487.0000000000008,10,474.56000000000057,2opt,notBad
4659,10,493.90000000000066,10,474.56000000000057,swap,acceptBad
4660,10,500.8200000000006,10,474.56000000000057,swap,acceptBad
4661,10,495.6200000000005,10,474.56000000000057,2opt,improve
4662,10,495.6200000000005,10,474.56000000000057,move,improve
4663,10,495.6200000000005,10,474.56000000000057,move,improve
4664,10,495.6200000000005,10,474.56000000000057,2opt,notBad
4665,10,495.6200000000005,10,474.56000000000057,2opt,notBad
4666,10,495.6200000000005,10,474.56000000000057,swap,notBad
4667,10,495.6200000000005,10,474.56000000000057,swap,notBad
4668,10,495.6200000000005,10,474.56000000000057,move,improve
4669,10,495.6200000000005,10,474.56000000000057,2opt,notBad
4670,10,495.6200000000005,10,474.56000000000057,move,improve
4671,10,495.6200000000005,10,474.56000000000057,swap,notBad
4672,10,495.6200000000005,10,474.56000000000057,2opt,notBad
4673,10,495.6200000000005,10,474.56000000000057,2opt,notBad
4674,10,495.6200000000005,10,474.56000000000057,move,improve
4675,10,495.6200000000005,10,474.56000000000057,2opt,improve
4676,10,495.6200000000005,10,474.56000000000057,swap,notBad
4677,10,495.6200000000005,10,474.56000000000057,2opt,notBad
4678,10,495.6200000000005,10,474.56000000000057,2opt,improve
4679,10,495.6200000000005,10,474.56000000000057,2opt,improve
4680,10,495.6200000000005,10,474.56000000000057,swap,notBad
4681,10,495.6200000000005,10,474.56000000000057,move,improve
4682,10,477.4600000000001,10,474.56000000000057,move,improve
4683,10,477.4600000000001,10,474.56000000000057,2opt,notBad
4684,10,477.4600000000001,10,474.56000000000057,move,improve
4685,10,511.98,10,474.56000000000057,move,acceptBad
4686,10,511.98,10,474.56000000000057,2opt,notBad
4687,10,511.98,10,474.56000000000057,2opt,notBad
4688,10,511.98,10,474.56000000000057,2opt,notBad
4689,10,511.98,10,474.56000000000057,2opt,notBad
4690,10,511.98,10,474.56000000000057,2opt,notBad
4691,10,511.98,10,474.56000000000057,move,improve
4692,10,511.98,10,474.56000000000057,move,improve
4693,10,511.98,10,474.56000000000057,2opt,notBad
4694,10,511.98,10,474.56000000000057,swap,notBad
4695,10,511.98,10,474.56000000000057,2opt,notBad
4696,10,510.98,10,474.56000000000057,swap,improve
4697,10,486.6599999999998,10,474.56000000000057,move,improve
4698,10,507.85999999999984,10,474.56000000000057,swap,acceptBad
4699,10,507.85999999999984,10,474.56000000000057,move,improve
4700,10,507.85999999999984,10,474.56000000000057,2opt,notBad
4701,10,507.85999999999984,10,474.56000000000057,move,improve
4702,10,507.85999999999984,10,474.56000000000057,move,improve
4703,10,507.85999999999984,10,474.56000000000057,swap,notBad
4704,10,507.85999999999984,10,474.56000000000057,2opt,notBad
4705,10,507.85999999999984,10,474.56000000000057,move,improve
4706,10,507.85999999999984,10,474.56000000000057,2opt,notBad
4707,10,505.1599999999999,10,474.56000000000057,move,improve
4708,10,505.1599999999999,10,474.56000000000057,2opt,notBad
4709,10,505.1599999999999,10,474.56000000000057,move,improve
4710,10,505.1599999999999,10,474.56000000000057,swap,notBad
4711,10,505.1599999999999,10,474.56000000000057,2opt,notBad
4712,10,505.1599999999999,10,474.56000000000057,2opt,notBad
4713,10,505.1599999999999,10,474.56000000000057,move,improve
4714,10,505.1599999999999,10,474.56000000000057,2opt,notBad
4715,10,505.1599999999999,10,474.56000000000057,2opt,notBad
4716,10,505.1599999999999,10,474.56000000000057,move,improve
4717,10,503.3999999999997,10,474.56000000000057,move,improve
4718,10,503.3999999999997,10,474.56000000000057,swap,notBad
4719,10,503.3999999999997,10,474.56000000000057,swap,notBad
4720,10,503.3999999999997,10,474.56000000000057,move,improve
4721,10,498.39999999999947,10,474.56000000000057,move,improve
4722,10,498.39999999999947,10,474.56000000000057,swap,notBad
4723,10,498.39999999999947,10,474.56000000000057,2opt,notBad
4724,10,498.39999999999947,10,474.56000000000057,move,improve
4725,10,498.39999999999947,10,474.56000000000057,2opt,notBad
4726,10,498.39999999999947,10,474.56000000000057,2opt,improve
4727,10,498.39999999999947,10,474.56000000000057,2opt,improve
4728,10,496.09999999999985,10,474.56000000000057,swap,improve
4729,10,496.09999999999985,10,474.56000000000057,move,improve
4730,10,496.09999999999985,10,474.56000000000057,move,improve
4731,10,496.09999999999985,10,474.56000000000057,move,improve
4732,10,496.09999999999985,10,474.56000000000057,swap,notBad
4733,10,496.09999999999985,10,474.56000000000057,2opt,notBad
4734,10,495.9999999999999,10,474.56000000000057,move,improve
4735,10,495.9999999999999,10,474.56000000000057,swap,notBad
4736,10,495.57999999999987,10,474.56000000000057,swap,improve
4737,10,495.57999999999987,10,474.56000000000057,move,improve
4738,10,495.57999999999987,10,474.56000000000057,move,improve
4739,10,505.6000000000006,10,474.56000000000057,swap,acceptBad
4740,10,505.6000000000006,10,474.56000000000057,move,improve
4741,10,505.6000000000006,10,474.56000000000057,2opt,notBad
4742,10,503.82000000000056,10,474.56000000000057,move,improve
4743,10,503.82000000000056,10,474.56000000000057,2opt,notBad
4744,10,503.82000000000056,10,474.56000000000057,2opt,improve
4745,10,503.82000000000056,10,474.56000000000057,2opt,improve
4746,10,503.82000000000056,10,474.56000000000057,move,improve
4747,10,496.86000000000075,10,474.56000000000057,swap,improve
4748,10,469.26000000000073,10,469.26000000000073,move,newBest
4749,10,469.26000000000073,10,469.26000000000073,2opt,notBad
4750,10,469.26000000000073,10,469.26000000000073,2opt,notBad
4751,10,469.26000000000073,10,469.26000000000073,move,improve
4752,10,469.26000000000073,10,469.26000000000073,move,improve
4753,10,469.26000000000073,10,469.26000000000073,2opt,notBad
4754,10,469.26000000000073,10,469.26000000000073,move,improve
4755,10,469.26000000000073,10,469.26000000000073,2opt,notBad
4756,10,492.320000000001,10,469.26000000000073,move,acceptBad
4757,10,492.320000000001,10,469.26000000000073,move,improve
4758,10,492.320000000001,10,469.26000000000073,swap,notBad
4759,10,492.320000000001,10,469.26000000000073,2opt,notBad
4760,10,492.320000000001,10,469.26000000000073,swap,notBad
4761,10,492.320000000001,10,469.26000000000073,swap,notBad
4762,10,492.320000000001,10,469.26000000000073,swap,notBad
4763,10,492.320000000001,10,469.26000000000073,2opt,notBad
4764,10,492.320000000001,10,469.26000000000073,swap,notBad
4765,10,492.320000000001,10,469.26000000000073,swap,notBad
4766,10,492.320000000001,10,469.26000000000073,2opt,notBad
4767,10,492.320000000001,10,469.26000000000073,move,improve
4768,10,492.320000000001,10,469.26000000000073,swap,notBad
4769,10,492.320000000001,10,469.26000000000073,swap,notBad
4770,10,492.320000000001,10,469.26000000000073,2opt,notBad
4771,10,492.320000000001,10,469.26000000000073,swap,notBad
4772,10,492.320000000001,10,469.26000000000073,move,improve
4773,10,492.320000000001,10,469.26000000000073,move,improve
4774,10,492.320000000001,10,469.26000000000073,2opt,notBad
4775,10,492.320000000001,10,469.26000000000073,move,improve
4776,10,492.320000000001,10,469.26000000000073,swap,notBad
4777,10,492.320000000001,10,469.26000000000073,swap,notBad
4778,10,492.320000000001,10,469.26000000000073,swap,notBad
4779,10,492.320000000001,10,469.26000000000073,2opt,notBad
4780,10,492.320000000001,10,469.26000000000073,2opt,notBad
4781,10,492.320000000001,10,469.26000000000073,swap,notBad
4782,10,492.320000000001,10,469.26000000000073,swap,notBad
4783,10,492.320000000001,10,469.26000000000073,swap,notBad
4784,10,492.320000000001,10,469.26000000000073,swap,notBad
4785,10,492.320000000001,10,469.26000000000073,move,improve
4786,10,492.320000000001,10,469.26000000000073,move,improve
4787,10,492.320000000001,10,469.26000000000073,swap,notBad
4788,10,492.320000000001,10,469.26000000000073,swap,notBad
4789,10,492.320000000001,10,469.26000000000073,2opt,notBad
4790,10,492.320000000001,10,469.26000000000073,swap,notBad
4791,10,492.320000000001,10,469.26000000000073,swap,notBad
4792,10,492.320000000001,10,469.26000000000073,2opt,notBad
4793,10,492.320000000001,10,469.26000000000073,swap,notBad
4794,10,492.320000000001,10,469.26000000000073,move,improve
4795,10,492.320000000001,10,469.26000000000073,move,improve
4796,10,492.320000000001,10,469.26000000000073,swap,notBad
4797,10,469.26000000000073,10,469.26000000000073,move,improve
4798,10,457.1600000000008,10,457.1600000000008,move,newBest
4799,10,457.1600000000008,10,457.1600000000008,swap,notBad
4800,10,459.4800000000007,10,457.1600000000008,swap,acceptBad
4801,10,459.4800000000007,10,457.1600000000008,swap,notBad
4802,10,459.4800000000007,10,457.1600000000008,swap,notBad
4803,10,459.4800000000007,10,457.1600000000008,2opt,notBad
4804,10,459.4800000000007,10,457.1600000000008,move,improve
4805,10,459.4800000000007,10,457.1600000000008,move,improve
4806,10,459.4800000000007,10,457.1600000000008,2opt,notBad
4807,10,459.4800000000007,10,457.1600000000008,move,improve
4808,10,459.4800000000007,10,457.1600000000008,move,improve
4809,10,459.4800000000007,10,457.1600000000008,move,improve
4810,10,459.4800000000007,10,457.1600000000008,swap,notBad
4811,10,459.4800000000007,10,457.1600000000008,move,improve
4812,10,459.4800000000007,10,457.1600000000008,swap,notBad
4813,10,459.4800000000007,10,457.1600000000008,move,improve
4814,10,459.4800000000007,10,457.1600000000008,move,improve
4815,10,459.4800000000007,10,457.1600000000008,2opt,notBad
4816,10,459.4800000000007,10,457.1600000000008,2opt,notBad
4817,10,459.4800000000007,10,457.1600000000008,2opt,notBad
4818,10,459.4800000000007,10,457.1600000000008,2opt,improve
4819,10,459.4800000000007,10,457.1600000000008,move,improve
4820,10,459.4800000000007,10,457.1600000000008,2opt,notBad
4821,10,459.4800000000007,10,457.1600000000008,move,improve
4822,10,459.4800000000007,10,457.1600000000008,move,improve
4823,10,459.4800000000007,10,457.1600000000008,move,improve
4824,10,459.4800000000007,10,457.1600000000008,2opt,notBad
4825,10,459.4800000000007,10,457.1600000000008,2opt,notBad
4826,10,459.4800000000007,10,457.1600000000008,2opt,notBad
4827,10,459.4800000000007,10,457.1600000000008,swap,notBad
4828,10,459.4800000000007,10,457.1600000000008,2opt,improve
4829,10,459.4800000000007,10,457.1600000000008,2opt,notBad
4830,10,459.4800000000007,10,457.1600000000008,swap,notBad
4831,10,459.4800000000007,10,457.1600000000008,2opt,notBad
4832,10,459.4800000000007,10,457.1600000000008,2opt,notBad
4833,10,459.4800000000007,10,457.1600000000008,2opt,notBad
4834,10,459.4800000000007,10,457.1600000000008,2opt,notBad
4835,10,459.4800000000007,10,457.1600000000008,move,improve
4836,10,459.4800000000007,10,457.1600000000008,2opt,notBad
4837,10,459.4800000000007,10,457.1600000000008,move,improve
4838,10,459.4800000000007,10,457.1600000000008,swap,notBad
4839,10,459.4800000000007,10,457.1600000000008,swap,notBad
4840,10,459.4800000000007,10,457.1600000000008,2opt,notBad
4841,10,459.4800000000007,10,457.1600000000008,swap,notBad
4842,10,459.4800000000007,10,457.1600000000008,2opt,notBad
4843,10,459.4800000000007,10,457.1600000000008,2opt,notBad
4844,10,459.4800000000007,10,457.1600000000008,swap,notBad
4845,10,459.4800000000007,10,457.1600000000008,swap,notBad
4846,10,459.4800000000007,10,457.1600000000008,swap,notBad
4847,10,459.4800000000007,10,457.1600000000008,2opt,notBad
4848,10,459.4800000000007,10,457.1600000000008,move,improve
4849,10,459.4800000000007,10,457.1600000000008,2opt,notBad
4850,10,459.4800000000007,10,457.1600000000008,swap,notBad
4851,10,459.4800000000007,10,457.1600000000008,move,improve
4852,10,459.4800000000007,10,457.1600000000008,move,improve
4853,10,459.4800000000007,10,457.1600000000008,swap,notBad
4854,10,459.4800000000007,10,457.1600000000008,move,improve
4855,10,458.8200000000007,10,457.1600000000008,move,improve
4856,10,458.8200000000007,10,457.1600000000008,swap,notBad
4857,10,474.7600000000001,10,457.1600000000008,swap,acceptBad
4858,10,474.7600000000001,10,457.1600000000008,move,improve
4859,10,474.7600000000001,10,457.1600000000008,2opt,notBad
4860,10,474.7600000000001,10,457.1600000000008,2opt,notBad
4861,10,474.7600000000001,10,457.1600000000008,move,improve
4862,10,474.7600000000001,10,457.1600000000008,move,improve
4863,10,474.7600000000001,10,457.1600000000008,move,improve
4864,10,474.7600000000001,10,457.1600000000008,2opt,notBad
4865,10,474.7600000000001,10,457.1600000000008,2opt,notBad
4866,10,474.7600000000001,10,457.1600000000008,move,improve
4867,10,474.7600000000001,10,457.1600000000008,move,improve
4868,10,474.7600000000001,10,457.1600000000008,2opt,notBad
4869,10,474.7600000000001,10,457.1600000000008,2opt,notBad
4870,10,474.7600000000001,10,457.1600000000008,swap,notBad
4871,10,474.7600000000001,10,457.1600000000008,move,improve
4872,10,457.26,10,457.1600000000008,swap,improve
4873,10,457.26,10,457.1600000000008,move,improve
4874,10,457.26,10,457.1600000000008,move,improve
4875,10,457.26,10,457.1600000000008,swap,notBad
4876,10,457.26,10,457.1600000000008,2opt,improve
4877,10,457.26,10,457.1600000000008,move,improve
4878,10,457.26,10,457.1600000000008,2opt,notBad
4879,10,457.26,10,457.1600000000008,move,improve
4880,10,457.26,10,457.1600000000008,swap,notBad
4881,10,457.26,10,457.1600000000008,2opt,notBad
4882,10,457.26,10,457.1600000000008,move,improve
4883,10,457.26,10,457.1600000000008,move,improve
4884,10,457.26,10,457.1600000000008,swap,notBad
4885,10,457.26,10,457.1600000000008,2opt,notBad
4886,10,457.26,10,457.1600000000008,move,improve
4887,10,478.32,10,457.1600000000008,swap,acceptBad
4888,10,478.32,10,457.1600000000008,2opt,notBad
4889,10,478.32,10,457.1600000000008,swap,notBad
4890,10,478.32,10,457.1600000000008,2opt,notBad
4891,10,478.32,10,457.1600000000008,2opt,notBad
4892,10,483.2800000000001,10,457.1600000000008,swap,acceptBad
4893,10,483.2800000000001,10,457.1600000000008,swap,notBad
4894,10,483.2800000000001,10,457.1600000000008,2opt,notBad
4895,10,481.17999999999955,10,457.1600000000008,move,improve
4896,10,481.17999999999955,10,457.1600000000008,2opt,notBad
4897,10,499.75999999999993,10,457.1600000000008,move,acceptBad
4898,10,499.75999999999993,10,457.1600000000008,2opt,improve
4899,10,499.75999999999993,10,457.1600000000008,swap,notBad
4900,10,499.75999999999993,10,457.1600000000008,2opt,notBad
4901,10,499.75999999999993,10,457.1600000000008,move,improve
4902,10,499.75999999999993,10,457.1600000000008,move,improve
4903,10,499.75999999999993,10,457.1600000000008,swap,notBad
4904,10,499.75999999999993,10,457.1600000000008,2opt,notBad
4905,10,499.75999999999993,10,457.1600000000008,move,improve
4906,10,516.9799999999994,10,457.1600000000008,swap,acceptBad
4907,10,516.9799999999994,10,457.1600000000008,2opt,notBad
4908,10,516.9799999999994,10,457.1600000000008,move,improve
4909,10,516.9799999999994,10,457.1600000000008,2opt,notBad
4910,10,516.9799999999994,10,457.1600000000008,move,improve
4911,10,507.7199999999998,10,457.1600000000008,move,improve
4912,10,507.7199999999998,10,457.1600000000008,swap,notBad
4913,10,507.7199999999998,10,457.1600000000008,swap,notBad
4914,10,485.99999999999966,10,457.1600000000008,move,improve
4915,10,492.7400000000002,10,457.1600000000008,swap,acceptBad
4916,10,492.7400000000002,10,457.1600000000008,swap,notBad
4917,10,492.7400000000002,10,457.1600000000008,swap,notBad
4918,10,487.84000000000026,10,457.1600000000008,2opt,improve
4919,10,487.84000000000026,10,457.1600000000008,move,improve
4920,10,487.84000000000026,10,457.1600000000008,2opt,improve
4921,10,487.84000000000026,10,457.1600000000008,2opt,notBad
4922,10,487.84000000000026,10,457.1600000000008,2opt,notBad
4923,10,487.84000000000026,10,457.1600000000008,2opt,notBad
4924,10,487.84000000000026,10,457.1600000000008,2opt,improve
4925,10,487.84000000000026,10,457.1600000000008,move,improve
4926,10,487.84000000000026,10,457.1600000000008,2opt,notBad
4927,10,487.84000000000026,10,457.1600000000008,swap,notBad
4928,10,487.84000000000026,10,457.1600000000008,move,improve
4929,10,487.84000000000026,10,457.1600000000008,swap,notBad
4930,10,487.84000000000026,10,457.1600000000008,swap,notBad
4931,10,487.84000000000026,10,457.1600000000008,move,improve
4932,10,487.84000000000026,10,457.1600000000008,swap,notBad
4933,10,487.84000000000026,10,457.1600000000008,2opt,notBad
4934,10,487.84000000000026,10,457.1600000000008,2opt,notBad
4935,10,487.84000000000026,10,457.1600000000008,move,improve
4936,10,487.84000000000026,10,457.1600000000008,swap,notBad
4937,10,487.84000000000026,10,457.1600000000008,2opt,notBad
4938,10,487.84000000000026,10,457.1600000000008,2opt,notBad
4939,10,487.84000000000026,10,457.1600000000008,move,improve
4940,10,487.84000000000026,10,457.1600000000008,move,improve
4941,10,487.84000000000026,10,457.1600000000008,2opt,notBad
4942,10,487.84000000000026,10,457.1600000000008,2opt,notBad
4943,10,487.84000000000026,10,457.1600000000008,swap,notBad
4944,10,487.84000000000026,10,457.1600000000008,swap,notBad
4945,10,487.84000000000026,10,457.1600000000008,2opt,notBad
4946,10,487.84000000000026,10,457.1600000000008,swap,notBad
4947,10,487.84000000000026,10,457.1600000000008,2opt,notBad
4948,10,487.84000000000026,10,457.1600000000008,swap,notBad
4949,10,487.84000000000026,10,457.1600000000008,swap,notBad
4950,10,487.84000000000026,10,457.1600000000008,move,improve
4951,10,487.84000000000026,10,457.1600000000008,2opt,notBad
4952,10,487.84000000000026,10,457.1600000000008,move,improve
4953,10,487.84000000000026,10,457.1600000000008,swap,notBad
4954,10,487.84000000000026,10,457.1600000000008,move,improve
4955,10,487.84000000000026,10,457.1600000000008,move,improve
4956,10,487.84000000000026,10,457.1600000000008,move,improve
4957,10,484.4000000000006,10,457.1600000000008,move,improve
4958,10,473.34000000000015,10,457.1600000000008,move,improve
4959,10,473.34000000000015,10,457.1600000000008,swap,notBad
4960,10,473.34000000000015,10,457.1600000000008,2opt,improve
4961,10,473.34000000000015,10,457.1600000000008,2opt,notBad
4962,10,473.34000000000015,10,457.1600000000008,2opt,notBad
4963,10,473.90000000000083,10,457.1600000000008,move,acceptBad
4964,10,473.90000000000083,10,457.1600000000008,swap,notBad
4965,10,473.90000000000083,10,457.1600000000008,2opt,notBad
4966,10,473.90000000000083,10,457.1600000000008,2opt,notBad
4967,10,473.90000000000083,10,457.1600000000008,2opt,notBad
4968,10,473.90000000000083,10,457.1600000000008,move,improve
4969,10,473.90000000000083,10,457.1600000000008,2opt,improve
4970,10,473.90000000000083,10,457.1600000000008,move,improve
4971,10,473.90000000000083,10,457.1600000000008,swap,notBad
4972,10,473.90000000000083,10,457.1600000000008,2opt,notBad
4973,10,473.90000000000083,10,457.1600000000008,swap,notBad
4974,10,473.90000000000083,10,457.1600000000008,2opt,notBad
4975,10,473.90000000000083,10,457.1600000000008,2opt,notBad
4976,10,473.90000000000083,10,457.1600000000008,2opt,improve
4977,10,473.90000000000083,10,457.1600000000008,2opt,notBad
4978,10,473.90000000000083,10,457.1600000000008,swap,notBad
4979,10,473.90000000000083,10,457.1600000000008,move,improve
4980,10,473.90000000000083,10,457.1600000000008,move,improve
4981,10,473.90000000000083,10,457.1600000000008,2opt,notBad
4982,10,473.90000000000083,10,457.1600000000008,2opt,improve
4983,10,473.90000000000083,10,457.1600000000008,2opt,notBad
4984,10,473.90000000000083,10,457.1600000000008,swap,notBad
4985,10,473.90000000000083,10,457.1600000000008,move,improve
4986,10,473.90000000000083,10,457.1600000000008,move,improve
4987,10,473.90000000000083,10,457.1600000000008,swap,notBad
4988,10,473.90000000000083,10,457.1600000000008,move,improve
4989,10,473.90000000000083,10,457.1600000000008,swap,notBad
4990,10,473.90000000000083,10,457.1600000000008,move,improve
4991,10,473.90000000000083,10,457.1600000000008,swap,notBad
4992,10,473.90000000000083,10,457.1600000000008,2opt,improve
4993,10,473.90000000000083,10,457.1600000000008,move,improve
4994,10,473.90000000000083,10,457.1600000000008,move,improve
4995,10,473.90000000000083,10,457.1600000000008,move,improve
4996,10,473.90000000000083,10,457.1600000000008,2opt,notBad
4997,10,473.90000000000083,10,457.1600000000008,move,improve
4998,10,473.90000000000083,10,457.1600000000008,move,improve
4999,10,473.90000000000083,10,457.1600000000008,swap,notBad
5000,10,473.90000000000083,10,457.1600000000008,move,improve
5001,10,473.90000000000083,10,457.1600000000008,move,improve
5002,10,473.90000000000083,10,457.1600000000008,move,improve
5003,10,473.90000000000083,10,457.1600000000008,2opt,notBad
5004,10,488.34000000000077,10,457.1600000000008,swap,acceptBad
5005,10,488.34000000000077,10,457.1600000000008,2opt,notBad
5006,10,488.34000000000077,10,457.1600000000008,move,improve
5007,10,488.34000000000077,10,457.1600000000008,swap,notBad
5008,10,488.34000000000077,10,457.1600000000008,2opt,notBad
5009,10,488.34000000000077,10,457.1600000000008,2opt,notBad
5010,10,488.34000000000077,10,457.1600000000008,move,improve
5011,10,488.34000000000077,10,457.1600000000008,move,improve
5012,10,488.34000000000077,10,457.1600000000008,move,improve
5013,10,488.34000000000077,10,457.1600000000008,swap,notBad
5014,10,488.34000000000077,10,457.1600000000008,move,improve
5015,10,488.34000000000077,10,457.1600000000008,swap,notBad
5016,10,488.34000000000077,10,457.1600000000008,2opt,notBad
5017,10,488.34000000000077,10,457.1600000000008,move,improve
5018,10,488.34000000000077,10,457.1600000000008,2opt,improve
5019,10,488.34000000000077,10,457.1600000000008,2opt,notBad
5020,10,488.34000000000077,10,457.1600000000008,2opt,notBad
5021,10,488.34000000000077,10,457.1600000000008,2opt,notBad
5022,10,488.34000000000077,10,457.1600000000008,2opt,notBad
5023,10,488.34000000000077,10,457.1600000000008,2opt,notBad
5024,10,488.34000000000077,10,457.1600000000008,swap,notBad
5025,10,488.34000000000077,10,457.1600000000008,swap,notBad
5026,10,488.34000000000077,10,457.1600000000008,2opt,notBad
5027,10,488.34000000000077,10,457.1600000000008,2opt,notBad
5028,10,481.28000000000054,10,457.1600000000008,move,improve
5029,10,481.28000000000054,10,457.1600000000008,move,improve
5030,10,481.28000000000054,10,457.1600000000008,swap,notBad
5031,10,481.28000000000054,10,457.1600000000008,move,improve
5032,10,481.28000000000054,10,457.1600000000008,swap,notBad
5033,10,481.28000000000054,10,457.1600000000008,move,improve
5034,10,481.28000000000054,10,457.1600000000008,move,improve
5035,10,481.28000000000054,10,457.1600000000008,swap,notBad
5036,10,481.28000000000054,10,457.1600000000008,move,improve
5037,10,481.28000000000054,10,457.1600000000008,move,improve
5038,10,481.28000000000054,10,457.1600000000008,move,improve
5039,10,481.28000000000054,10,457.1600000000008,2opt,notBad
5040,10,481.28000000000054,10,457.1600000000008,2opt,notBad
5041,10,483.52000000000015,10,457.1600000000008,swap,acceptBad
5042,10,482.8600000000001,10,457.1600000000008,2opt,improve
5043,10,482.8600000000001,10,457.1600000000008,move,improve
5044,10,482.8600000000001,10,457.1600000000008,2opt,notBad
5045,10,482.8600000000001,10,457.1600000000008,swap,notBad
5046,10,482.8600000000001,10,457.1600000000008,move,improve
5047,10,482.8600000000001,10,457.1600000000008,2opt,notBad
5048,10,482.8600000000001,10,457.1600000000008,2opt,notBad
5049,10,482.8600000000001,10,457.1600000000008,swap,notBad
5050,10,482.8600000000001,10,457.1600000000008,swap,notBad
5051,10,482.8600000000001,10,457.1600000000008,swap,notBad
5052,10,482.8600000000001,10,457.1600000000008,move,improve
5053,10,482.8600000000001,10,457.1600000000008,move,improve
5054,10,482.8600000000001,10,457.1600000000008,2opt,notBad
5055,10,482.8600000000001,10,457.1600000000008,2opt,notBad
5056,10,482.8600000000001,10,457.1600000000008,swap,notBad
5057,10,482.8600000000001,10,457.1600000000008,2opt,notBad
5058,10,482.8600000000001,10,457.1600000000008,move,improve
5059,10,482.8600000000001,10,457.1600000000008,swap,notBad
5060,10,482.8600000000001,10,457.1600000000008,move,improve
5061,10,482.8600000000001,10,457.1600000000008,swap,notBad
5062,10,482.8600000000001,10,457.1600000000008,swap,notBad
5063,10,482.8600000000001,10,457.1600000000008,2opt,notBad
5064,10,482.8600000000001,10,457.1600000000008,swap,notBad
5065,10,482.85999999999984,10,457.1600000000008,move,improve
5066,10,482.85999999999984,10,457.1600000000008,swap,notBad
5067,10,482.85999999999984,10,457.1600000000008,swap,notBad
5068,10,482.85999999999984,10,457.1600000000008,swap,notBad
5069,10,482.85999999999984,10,457.1600000000008,swap,notBad
5070,10,482.85999999999984,10,457.1600000000008,swap,notBad
5071,10,482.85999999999984,10,457.1600000000008,move,improve
5072,10,482.85999999999984,10,457.1600000000008,move,improve
5073,10,482.85999999999984,10,457.1600000000008,move,improve
5074,10,482.85999999999984,10,457.1600000000008,2opt,notBad
5075,10,482.85999999999984,10,457.1600000000008,swap,notBad
5076,10,482.85999999999984,10,457.1600000000008,2opt,notBad
5077,10,482.85999999999984,10,457.1600000000008,2opt,improve
5078,10,482.85999999999984,10,457.1600000000008,swap,notBad
5079,10,482.85999999999984,10,457.1600000000008,move,improve
5080,10,482.85999999999984,10,457.1600000000008,2opt,notBad
5081,10,482.85999999999984,10,457.1600000000008,move,improve
5082,10,482.85999999999984,10,457.1600000000008,move,improve
5083,10,482.85999999999984,10,457.1600000000008,move,improve
5084,10,482.85999999999984,10,457.1600000000008,move,improve
5085,10,482.85999999999984,10,457.1600000000008,2opt,notBad
5086,10,482.85999999999984,10,457.1600000000008,move,improve
5087,10,482.85999999999984,10,457.1600000000008,move,improve
5088,10,482.85999999999984,10,457.1600000000008,swap,notBad
5089,10,482.85999999999984,10,457.1600000000008,swap,notBad
5090,10,482.85999999999984,10,457.1600000000008,2opt,notBad
5091,10,482.85999999999984,10,457.1600000000008,2opt,notBad
5092,10,482.85999999999984,10,457.1600000000008,swap,notBad
5093,10,482.85999999999984,10,457.1600000000008,swap,notBad
5094,10,482.85999999999984,10,457.1600000000008,swap,notBad
5095,10,482.85999999999984,10,457.1600000000008,move,improve
5096,10,482.85999999999984,10,457.1600000000008,2opt,notBad
5097,10,482.85999999999984,10,457.1600000000008,swap,notBad
5098,10,482.85999999999984,10,457.1600000000008,swap,notBad
5099,10,482.85999999999984,10,457.1600000000008,swap,notBad
5100,10,482.85999999999984,10,457.1600000000008,2opt,notBad
5101,10,482.85999999999984,10,457.1600000000008,2opt,notBad
5102,10,482.85999999999984,10,457.1600000000008,swap,notBad
5103,10,482.85999999999984,10,457.1600000000008,swap,notBad
5104,10,482.85999999999984,10,457.1600000000008,move,improve
5105,10,482.85999999999984,10,457.1600000000008,move,improve
5106,10,480.41999999999996,10,457.1600000000008,2opt,improve
5107,10,479.38,10,457.1600000000008,2opt,improve
5108,10,479.38,10,457.1600000000008,swap,notBad
5109,10,479.38,10,457.1600000000008,swap,notBad
5110,10,479.38,10,457.1600000000008,2opt,notBad
5111,10,487.5399999999998,10,457.1600000000008,swap,acceptBad
5112,10,487.5399999999998,10,457.1600000000008,move,improve
5113,10,487.5399999999998,10,457.1600000000008,move,improve
5114,10,487.5399999999998,10,457.1600000000008,move,improve
5115,10,487.5399999999998,10,457.1600000000008,2opt,notBad
5116,10,487.5399999999998,10,457.1600000000008,swap,notBad
5117,10,487.5399999999998,10,457.1600000000008,swap,notBad
5118,10,487.5399999999998,10,457.1600000000008,swap,notBad
5119,10,487.5399999999998,10,457.1600000000008,move,improve
5120,10,487.5399999999998,10,457.1600000000008,move,improve
5121,10,487.5399999999998,10,457.1600000000008,2opt,notBad
5122,10,487.5399999999998,10,457.1600000000008,move,improve
5123,10,487.5399999999998,10,457.1600000000008,move,improve
5124,10,487.5399999999998,10,457.1600000000008,swap,notBad
5125,10,487.5399999999998,10,457.1600000000008,swap,notBad
5126,10,487.5399999999998,10,457.1600000000008,move,improve
5127,10,487.5399999999998,10,457.1600000000008,move,improve
5128,10,487.5399999999998,10,457.1600000000008,move,improve
5129,10,487.5399999999998,10,457.1600000000008,2opt,notBad
5130,10,487.5399999999998,10,457.1600000000008,2opt,notBad
5131,10,487.5399999999998,10,457.1600000000008,swap,notBad
5132,10,487.5399999999998,10,457.1600000000008,move,improve
5133,10,487.5399999999998,10,457.1600000000008,swap,notBad
5134,10,487.5399999999998,10,457.1600000000008,2opt,notBad
5135,10,487.5399999999998,10,457.1600000000008,swap,notBad
5136,10,487.5399999999998,10,457.1600000000008,swap,notBad
5137,10,487.5399999999998,10,457.1600000000008,2opt,improve
5138,10,487.5399999999998,10,457.1600000000008,2opt,notBad
5139,10,487.2399999999998,10,457.1600000000008,move,improve
5140,10,470.2799999999993,10,457.1600000000008,swap,improve
5141,10,470.6399999999993,10,457.1600000000008,2opt,acceptBad
5142,10,470.6399999999993,10,457.1600000000008,2opt,notBad
5143,10,470.6399999999993,10,457.1600000000008,swap,notBad
5144,10,470.6399999999993,10,457.1600000000008,swap,notBad
5145,10,470.6399999999993,10,457.1600000000008,2opt,notBad
5146,10,470.6399999999993,10,457.1600000000008,move,improve
5147,10,470.6399999999993,10,457.1600000000008,2opt,notBad
5148,10,470.6399999999993,10,457.1600000000008,2opt,notBad
5149,10,470.6399999999993,10,457.1600000000008,swap,notBad
5150,10,474.6999999999992,10,457.1600000000008,swap,acceptBad
5151,10,474.6999999999992,10,457.1600000000008,swap,notBad
5152,10,474.6999999999992,10,457.1600000000008,2opt,notBad
5153,10,474.6999999999992,10,457.1600000000008,2opt,notBad
5154,10,474.6999999999992,10,457.1600000000008,move,improve
5155,10,474.6999999999992,10,457.1600000000008,2opt,notBad
5156,10,474.6999999999992,10,457.1600000000008,2opt,notBad
5157,10,474.6999999999992,10,457.1600000000008,swap,notBad
5158,10,474.6999999999992,10,457.1600000000008,2opt,notBad
5159,10,474.6999999999992,10,457.1600000000008,move,improve
5160,10,474.6999999999992,10,457.1600000000008,swap,notBad
5161,10,474.6999999999992,10,457.1600000000008,swap,notBad
5162,10,474.6999999999992,10,457.1600000000008,swap,notBad
5163,10,474.6999999999992,10,457.1600000000008,move,improve
5164,10,474.6999999999992,10,457.1600000000008,2opt,notBad
5165,10,474.6999999999992,10,457.1600000000008,swap,notBad
5166,10,474.6999999999995,10,457.1600000000008,swap,acceptBad
5167,10,474.6999999999995,10,457.1600000000008,move,improve
5168,10,474.35999999999956,10,457.1600000000008,move,improve
5169,10,474.35999999999956,10,457.1600000000008,swap,notBad
5170,10,469.5199999999996,10,457.1600000000008,move,improve
5171,10,486.73999999999904,10,457.1600000000008,swap,acceptBad
5172,10,486.73999999999904,10,457.1600000000008,move,improve
5173,10,486.73999999999904,10,457.1600000000008,swap,notBad
5174,10,486.73999999999904,10,457.1600000000008,2opt,notBad
5175,10,486.73999999999904,10,457.1600000000008,2opt,notBad
5176,10,486.73999999999904,10,457.1600000000008,move,improve
5177,10,486.73999999999904,10,457.1600000000008,2opt,notBad
5178,10,486.73999999999904,10,457.1600000000008,swap,notBad
5179,10,486.73999999999904,10,457.1600000000008,swap,notBad
5180,10,486.73999999999904,10,457.1600000000008,move,improve
5181,10,486.73999999999904,10,457.1600000000008,swap,notBad
5182,10,486.73999999999904,10,457.1600000000008,2opt,notBad
5183,10,486.73999999999904,10,457.1600000000008,2opt,notBad
5184,10,486.73999999999904,10,457.1600000000008,2opt,notBad
5185,10,486.73999999999904,10,457.1600000000008,2opt,notBad
5186,10,486.73999999999904,10,457.1600000000008,2opt,notBad
5187,10,486.73999999999904,10,457.1600000000008,2opt,notBad
5188,10,486.73999999999904,10,457.1600000000008,swap,notBad
5189,10,486.73999999999904,10,457.1600000000008,move,improve
5190,10,486.73999999999904,10,457.1600000000008,2opt,notBad
5191,10,486.73999999999904,10,457.1600000000008,swap,notBad
5192,10,486.73999999999904,10,457.1600000000008,move,improve
5193,10,486.73999999999904,10,457.1600000000008,2opt,notBad
5194,10,486.73999999999904,10,457.1600000000008,swap,notBad
5195,10,486.73999999999904,10,457.1600000000008,2opt,notBad
5196,10,486.73999999999904,10,457.1600000000008,2opt,notBad
5197,10,486.73999999999904,10,457.1600000000008,move,improve
5198,10,486.73999999999904,10,457.1600000000008,swap,notBad
5199,10,486.73999999999904,10,457.1600000000008,swap,notBad
5200,10,486.73999999999904,10,457.1600000000008,swap,notBad
5201,10,486.73999999999904,10,457.1600000000008,2opt,notBad
5202,10,486.73999999999904,10,457.1600000000008,2opt,notBad
5203,10,468.89999999999935,10,457.1600000000008,move,improve
5204,10,468.89999999999935,10,457.1600000000008,2opt,notBad
5205,10,461.8799999999995,10,457.1600000000008,2opt,improve
5206,10,461.8799999999995,10,457.1600000000008,2opt,improve
5207,10,461.8799999999995,10,457.1600000000008,move,improve
5208,10,461.8799999999995,10,457.1600000000008,swap,notBad
5209,10,480.57999999999987,10,457.1600000000008,swap,acceptBad
5210,10,480.57999999999987,10,457.1600000000008,move,improve
5211,10,476.5199999999996,10,457.1600000000008,2opt,improve
5212,10,476.5199999999996,10,457.1600000000008,2opt,notBad
5213,10,476.5199999999996,10,457.1600000000008,move,improve
5214,10,476.5199999999996,10,457.1600000000008,swap,notBad
5215,10,476.5199999999996,10,457.1600000000008,2opt,notBad
5216,10,476.5199999999996,10,457.1600000000008,2opt,notBad
5217,10,476.5199999999996,10,457.1600000000008,swap,notBad
5218,10,476.5199999999996,10,457.1600000000008,move,improve
5219,10,476.5199999999996,10,457.1600000000008,move,improve
5220,10,476.5199999999996,10,457.1600000000008,move,improve
5221,10,476.5199999999996,10,457.1600000000008,swap,notBad
5222,10,476.3599999999996,10,457.1600000000008,move,improve
5223,10,476.3599999999996,10,457.1600000000008,move,improve
5224,10,476.3599999999996,10,457.1600000000008,swap,notBad
5225,10,476.3599999999996,10,457.1600000000008,move,improve
5226,10,476.3599999999996,10,457.1600000000008,move,improve
5227,10,476.3599999999996,10,457.1600000000008,move,improve
5228,10,476.3599999999996,10,457.1600000000008,move,improve
5229,10,476.3599999999996,10,457.1600000000008,2opt,notBad
5230,10,476.3599999999996,10,457.1600000000008,2opt,improve
5231,10,476.3599999999996,10,457.1600000000008,move,improve
5232,10,476.3599999999996,10,457.1600000000008,2opt,notBad
5233,10,476.3599999999996,10,457.1600000000008,2opt,notBad
5234,10,476.3599999999996,10,457.1600000000008,2opt,notBad
5235,10,476.3599999999996,10,457.1600000000008,swap,notBad
5236,10,476.3599999999996,10,457.1600000000008,move,improve
5237,10,476.3599999999996,10,457.1600000000008,move,improve
5238,10,476.3599999999996,10,457.1600000000008,swap,notBad
5239,10,476.3599999999996,10,457.1600000000008,2opt,notBad
5240,10,476.3599999999996,10,457.1600000000008,move,improve
5241,10,476.3599999999996,10,457.1600000000008,swap,notBad
5242,10,476.3599999999996,10,457.1600000000008,2opt,improve
5243,10,476.3599999999996,10,457.1600000000008,move,improve
5244,10,476.3599999999996,10,457.1600000000008,2opt,improve
5245,10,476.3599999999996,10,457.1600000000008,move,improve
5246,10,476.3599999999996,10,457.1600000000008,2opt,notBad
5247,10,476.3599999999996,10,457.1600000000008,swap,notBad
5248,10,476.3599999999996,10,457.1600000000008,2opt,notBad
5249,10,476.3599999999996,10,457.1600000000008,2opt,notBad
5250,10,476.3599999999996,10,457.1600000000008,swap,notBad
5251,10,476.3599999999996,10,457.1600000000008,2opt,notBad
5252,10,476.3599999999996,10,457.1600000000008,swap,notBad
5253,10,476.3599999999996,10,457.1600000000008,move,improve
5254,10,476.3599999999996,10,457.1600000000008,move,improve
5255,10,476.3599999999996,10,457.1600000000008,move,improve
5256,10,476.3599999999996,10,457.1600000000008,move,improve
5257,10,476.3599999999996,10,457.1600000000008,2opt,notBad
5258,10,476.3599999999996,10,457.1600000000008,2opt,notBad
5259,10,476.3599999999996,10,457.1600000000008,swap,notBad
5260,10,476.3599999999996,10,457.1600000000008,swap,notBad
5261,10,476.3599999999996,10,457.1600000000008,swap,notBad
5262,10,476.3599999999996,10,457.1600000000008,2opt,notBad
5263,10,475.7599999999997,10,457.1600000000008,swap,improve
5264,10,475.7599999999997,10,457.1600000000008,2opt,notBad
5265,10,475.7599999999997,10,457.1600000000008,2opt,notBad
5266,10,475.7599999999997,10,457.1600000000008,2opt,notBad
5267,10,475.7599999999997,10,457.1600000000008,move,improve
5268,10,475.1599999999997,10,457.1600000000008,move,improve
5269,10,475.1599999999997,10,457.1600000000008,move,improve
5270,10,475.1599999999997,10,457.1600000000008,swap,notBad
5271,10,475.1599999999997,10,457.1600000000008,2opt,notBad
5272,10,475.1599999999997,10,457.1600000000008,move,improve
5273,10,475.1599999999997,10,457.1600000000008,swap,notBad
5274,10,475.1599999999997,10,457.1600000000008,swap,notBad
5275,10,475.1599999999997,10,457.1600000000008,2opt,notBad
5276,10,475.1599999999997,10,457.1600000000008,2opt,notBad
5277,10,472.89999999999975,10,457.1600000000008,move,improve
5278,10,472.89999999999975,10,457.1600000000008,move,improve
5279,10,472.89999999999975,10,457.1600000000008,move,improve
5280,10,472.89999999999975,10,457.1600000000008,swap,notBad
5281,10,472.89999999999975,10,457.1600000000008,2opt,notBad
5282,10,472.89999999999975,10,457.1600000000008,2opt,notBad
5283,10,472.89999999999975,10,457.1600000000008,move,improve
5284,10,472.89999999999975,10,457.1600000000008,move,improve
5285,10,472.89999999999975,10,457.1600000000008,swap,notBad
5286,10,472.89999999999975,10,457.1600000000008,2opt,notBad
5287,10,472.89999999999975,10,457.1600000000008,2opt,notBad
5288,10,472.89999999999975,10,457.1600000000008,swap,notBad
5289,10,472.89999999999975,10,457.1600000000008,move,improve
5290,10,472.89999999999975,10,457.1600000000008,swap,notBad
5291,10,458.10000000000053,10,457.1600000000008,move,improve
5292,10,458.10000000000053,10,457.1600000000008,move,improve
5293,10,458.10000000000053,10,457.1600000000008,move,improve
5294,10,458.10000000000053,10,457.1600000000008,swap,notBad
5295,10,458.10000000000053,10,457.1600000000008,2opt,notBad
5296,10,458.10000000000053,10,457.1600000000008,2opt,notBad
5297,10,458.10000000000053,10,457.1600000000008,2opt,notBad
5298,10,458.10000000000053,10,457.1600000000008,2opt,improve
5299,10,458.10000000000053,10,457.1600000000008,swap,notBad
5300,10,454.96000000000026,10,454.96000000000026,move,newBest
5301,10,454.96000000000026,10,454.96000000000026,2opt,notBad
5302,10,454.96000000000026,10,454.96000000000026,2opt,improve
5303,10,454.96000000000026,10,454.96000000000026,move,improve
5304,10,454.96000000000026,10,454.96000000000026,2opt,notBad
5305,10,454.96000000000026,10,454.96000000000026,2opt,notBad
5306,10,454.96000000000026,10,454.96000000000026,move,improve
5307,10,454.96000000000026,10,454.96000000000026,2opt,notBad
5308,10,454.96000000000026,10,454.96000000000026,swap,notBad
5309,10,454.96000000000026,10,454.96000000000026,move,improve
5310,10,454.96000000000026,10,454.96000000000026,2opt,notBad
5311,10,454.96000000000026,10,454.96000000000026,move,improve
5312,10,454.96000000000026,10,454.96000000000026,move,improve
5313,10,454.96000000000026,10,454.96000000000026,move,improve
5314,10,454.96000000000026,10,454.96000000000026,swap,notBad
5315,10,454.96000000000026,10,454.96000000000026,move,improve
5316,10,454.96000000000026,10,454.96000000000026,swap,notBad
5317,10,454.96000000000026,10,454.96000000000026,swap,notBad
5318,10,454.96000000000026,10,454.96000000000026,move,improve
5319,10,454.96000000000026,10,454.96000000000026,swap,notBad
5320,10,454.96000000000026,10,454.96000000000026,swap,notBad
5321,10,454.96000000000026,10,454.96000000000026,swap,notBad
5322,10,468.4999999999994,10,454.96000000000026,swap,acceptBad
5323,10,468.4999999999994,10,454.96000000000026,2opt,notBad
5324,10,468.4999999999994,10,454.96000000000026,2opt,notBad
5325,10,468.4999999999994,10,454.96000000000026,move,improve
5326,10,468.4999999999994,10,454.96000000000026,swap,notBad
5327,10,468.4999999999994,10,454.96000000000026,move,improve
5328,10,462.29999999999956,10,454.96000000000026,move,improve
5329,10,462.29999999999956,10,454.96000000000026,swap,notBad
5330,10,462.29999999999956,10,454.96000000000026,move,improve
5331,10,462.29999999999956,10,454.96000000000026,swap,notBad
5332,10,462.29999999999956,10,454.96000000000026,move,improve
5333,10,462.29999999999956,10,454.96000000000026,2opt,notBad
5334,10,462.29999999999956,10,454.96000000000026,move,improve
5335,10,462.29999999999956,10,454.96000000000026,2opt,notBad
5336,10,462.29999999999956,10,454.96000000000026,2opt,notBad
5337,10,462.29999999999956,10,454.96000000000026,move,improve
5338,10,462.29999999999956,10,454.96000000000026,2opt,notBad
5339,10,462.29999999999956,10,454.96000000000026,swap,notBad
5340,10,462.29999999999956,10,454.96000000000026,swap,notBad
5341,10,462.29999999999956,10,454.96000000000026,swap,notBad
5342,10,462.29999999999956,10,454.96000000000026,move,improve
5343,10,462.29999999999956,10,454.96000000000026,2opt,notBad
5344,10,462.29999999999956,10,454.96000000000026,move,improve
5345,10,462.29999999999956,10,454.96000000000026,move,notBad
5346,10,462.29999999999956,10,454.96000000000026,move,improve
5347,10,462.29999999999956,10,454.96000000000026,2opt,notBad
5348,10,462.29999999999956,10,454.96000000000026,2opt,improve
5349,10,462.29999999999956,10,454.96000000000026,move,improve
5350,10,462.29999999999956,10,454.96000000000026,move,improve
5351,10,462.29999999999956,10,454.96000000000026,move,improve
5352,10,462.29999999999956,10,454.96000000000026,move,improve
5353,10,462.29999999999956,10,454.96000000000026,2opt,notBad
5354,10,462.29999999999956,10,454.96000000000026,move,improve
5355,10,462.29999999999956,10,454.96000000000026,2opt,notBad
5356,10,462.29999999999956,10,454.96000000000026,2opt,notBad
5357,10,462.29999999999956,10,454.96000000000026,2opt,improve
5358,10,462.29999999999956,10,454.96000000000026,move,improve
5359,10,462.29999999999956,10,454.96000000000026,swap,notBad
5360,10,463.77999999999963,10,454.96000000000026,swap,acceptBad
5361,10,472.67999999999995,10,454.96000000000026,swap,acceptBad
5362,10,472.67999999999995,10,454.96000000000026,2opt,notBad
5363,10,472.67999999999995,10,454.96000000000026,move,improve
5364,10,472.67999999999995,10,454.96000000000026,swap,notBad
5365,10,472.67999999999995,10,454.96000000000026,2opt,notBad
5366,10,472.67999999999995,10,454.96000000000026,swap,notBad
5367,10,472.67999999999995,10,454.96000000000026,move,improve
5368,10,472.67999999999995,10,454.96000000000026,swap,notBad
5369,10,472.67999999999995,10,454.96000000000026,2opt,notBad
5370,10,472.67999999999995,10,454.96000000000026,swap,notBad
5371,10,456.9200000000002,10,454.96000000000026,swap,improve
5372,10,456.9200000000002,10,454.96000000000026,move,improve
5373,10,456.9200000000002,10,454.96000000000026,move,improve
5374,10,456.9200000000002,10,454.96000000000026,2opt,improve
5375,10,456.9200000000002,10,454.96000000000026,swap,notBad
5376,10,456.9200000000002,10,454.96000000000026,swap,notBad
5377,10,456.9200000000002,10,454.96000000000026,move,improve
5378,10,456.9200000000002,10,454.96000000000026,2opt,notBad
5379,10,456.9200000000002,10,454.96000000000026,swap,notBad
5380,10,456.9200000000002,10,454.96000000000026,2opt,notBad
5381,10,456.9200000000002,10,454.96000000000026,move,improve
5382,10,456.9200000000002,10,454.96000000000026,2opt,notBad
5383,10,456.9200000000002,10,454.96000000000026,move,improve
5384,10,456.9200000000002,10,454.96000000000026,move,improve
5385,10,456.9200000000002,10,454.96000000000026,swap,notBad
5386,10,456.9200000000002,10,454.96000000000026,swap,notBad
5387,10,456.9200000000002,10,454.96000000000026,2opt,notBad
5388,10,456.9200000000002,10,454.96000000000026,swap,notBad
5389,10,456.9200000000002,10,454.96000000000026,2opt,notBad
5390,10,456.9200000000002,10,454.96000000000026,move,improve
5391,10,456.9200000000002,10,454.96000000000026,swap,notBad
5392,10,456.9200000000002,10,454.96000000000026,swap,notBad
5393,10,456.9200000000002,10,454.96000000000026,move,improve
5394,10,455.2800000000002,10,454.96000000000026,move,improve
5395,10,455.2800000000002,10,454.96000000000026,2opt,notBad
5396,10,451.80000000000007,10,451.80000000000007,move,newBest
5397,10,451.80000000000007,10,451.80000000000007,swap,notBad
5398,10,451.80000000000007,10,451.80000000000007,swap,notBad
5399,10,451.80000000000007,10,451.80000000000007,move,improve
5400,10,451.80000000000007,10,451.80000000000007,swap,notBad
5401,10,451.80000000000007,10,451.80000000000007,swap,notBad
5402,10,451.80000000000007,10,451.80000000000007,2opt,notBad
5403,10,451.80000000000007,10,451.80000000000007,swap,notBad
5404,10,451.80000000000007,10,451.80000000000007,swap,notBad
5405,10,451.80000000000007,10,451.80000000000007,2opt,notBad
5406,10,457.60000000000053,10,451.80000000000007,swap,acceptBad
5407,10,447.98,10,447.98,move,newBest
5408,10,447.98,10,447.98,move,improve
5409,10,447.98,10,447.98,move,improve
5410,10,447.98,10,447.98,2opt,notBad
5411,10,447.98,10,447.98,swap,notBad
5412,10,447.98,10,447.98,swap,notBad
5413,10,466.8599999999997,10,447.98,swap,acceptBad
5414,10,466.8599999999997,10,447.98,swap,notBad
5415,10,466.8599999999997,10,447.98,swap,notBad
5416,10,466.8599999999997,10,447.98,move,improve
5417,10,466.8599999999997,10,447.98,move,improve
5418,10,466.8599999999997,10,447.98,swap,notBad
5419,10,466.8599999999997,10,447.98,move,improve
5420,10,466.8599999999997,10,447.98,swap,notBad
5421,10,466.8599999999997,10,447.98,move,improve
5422,10,466.8599999999997,10,447.98,move,improve
5423,10,466.8599999999997,10,447.98,swap,notBad
5424,10,466.8599999999997,10,447.98,swap,notBad
5425,10,466.8599999999997,10,447.98,move,improve
5426,10,466.8599999999997,10,447.98,2opt,notBad
5427,10,466.8599999999997,10,447.98,2opt,notBad
5428,10,466.8599999999997,10,447.98,move,improve
5429,10,466.8599999999997,10,447.98,2opt,notBad
5430,10,466.8599999999997,10,447.98,move,notBad
5431,10,466.8599999999997,10,447.98,swap,notBad
5432,10,466.8599999999997,10,447.98,swap,notBad
5433,10,466.8599999999997,10,447.98,2opt,notBad
5434,10,466.8599999999997,10,447.98,swap,notBad
5435,10,466.8599999999997,10,447.98,swap,notBad
5436,10,466.8599999999997,10,447.98,2opt,notBad
5437,10,466.8599999999997,10,447.98,swap,notBad
5438,10,466.8599999999997,10,447.98,move,improve
5439,10,466.8599999999997,10,447.98,2opt,notBad
5440,10,466.8599999999997,10,447.98,move,improve
5441,10,466.8599999999997,10,447.98,swap,notBad
5442,10,466.8599999999997,10,447.98,swap,notBad
5443,10,466.8599999999997,10,447.98,move,improve
5444,10,466.8599999999997,10,447.98,2opt,notBad
5445,10,466.8599999999997,10,447.98,2opt,notBad
5446,10,466.8599999999997,10,447.98,2opt,notBad
5447,10,457.05999999999983,10,447.98,move,improve
5448,10,457.05999999999983,10,447.98,2opt,notBad
5449,10,455.9799999999999,10,447.98,move,improve
5450,10,455.9799999999999,10,447.98,move,improve
5451,10,455.9799999999999,10,447.98,move,improve
5452,10,449.5999999999999,10,447.98,move,improve
5453,10,449.5999999999999,10,447.98,move,improve
5454,10,459.39999999999975,10,447.98,swap,acceptBad
5455,10,459.39999999999975,10,447.98,move,improve
5456,10,459.39999999999975,10,447.98,swap,notBad
5457,10,459.39999999999975,10,447.98,move,improve
5458,10,459.39999999999975,10,447.98,2opt,improve
5459,10,459.39999999999975,10,447.98,move,improve
5460,10,459.39999999999975,10,447.98,move,improve
5461,10,459.39999999999975,10,447.98,2opt,notBad
5462,10,459.39999999999975,10,447.98,swap,notBad
5463,10,459.39999999999975,10,447.98,2opt,notBad
5464,10,459.7599999999997,10,447.98,swap,acceptBad
5465,10,459.7599999999997,10,447.98,swap,notBad
5466,10,459.7599999999997,10,447.98,2opt,notBad
5467,10,459.7599999999997,10,447.98,2opt,notBad
5468,10,459.7599999999997,10,447.98,move,improve
5469,10,459.7599999999997,10,447.98,swap,notBad
5470,10,459.39999999999975,10,447.98,move,improve
5471,10,449.5999999999999,10,447.98,move,improve
5472,10,449.5999999999999,10,447.98,swap,notBad
5473,10,449.5999999999999,10,447.98,2opt,notBad
5474,10,449.5999999999999,10,447.98,2opt,notBad
5475,10,449.5999999999999,10,447.98,swap,notBad
5476,10,449.5999999999999,10,447.98,swap,notBad
5477,10,448.7199999999999,10,447.98,move,improve
5478,10,448.7199999999999,10,447.98,swap,notBad
5479,10,448.7199999999999,10,447.98,2opt,improve
5480,10,448.7199999999999,10,447.98,move,improve
5481,10,448.7199999999999,10,447.98,swap,notBad
5482,10,448.7199999999999,10,447.98,2opt,notBad
5483,10,448.7199999999999,10,447.98,swap,notBad
5484,10,448.7199999999999,10,447.98,move,improve
5485,10,448.7199999999999,10,447.98,swap,notBad
5486,10,448.7199999999999,10,447.98,swap,notBad
5487,10,448.7199999999999,10,447.98,move,improve
5488,10,448.7199999999999,10,447.98,2opt,notBad
5489,10,448.7199999999999,10,447.98,swap,notBad
5490,10,448.7199999999999,10,447.98,swap,notBad
5491,10,448.7199999999999,10,447.98,move,improve
5492,10,448.7199999999999,10,447.98,2opt,notBad
5493,10,448.7199999999999,10,447.98,move,improve
5494,10,448.7199999999999,10,447.98,2opt,notBad
5495,10,448.7199999999999,10,447.98,2opt,notBad
5496,10,448.7199999999999,10,447.98,swap,notBad
5497,10,448.7199999999999,10,447.98,swap,notBad
5498,10,448.7199999999999,10,447.98,2opt,notBad
5499,10,448.7199999999999,10,447.98,2opt,notBad
5500,10,448.7199999999999,10,447.98,swap,notBad
5501,10,448.7199999999999,10,447.98,swap,notBad
5502,10,448.7199999999999,10,447.98,move,improve
5503,10,448.7199999999999,10,447.98,move,improve
5504,10,448.7199999999999,10,447.98,2opt,notBad
5505,10,448.7199999999999,10,447.98,2opt,notBad
5506,10,448.7199999999999,10,447.98,2opt,notBad
5507,10,448.7199999999999,10,447.98,2opt,notBad
5508,10,448.7199999999999,10,447.98,swap,notBad
5509,10,448.7199999999999,10,447.98,swap,notBad
5510,10,448.7199999999999,10,447.98,swap,notBad
5511,10,448.7199999999999,10,447.98,swap,notBad
5512,10,447.80000000000064,10,447.80000000000064,move,newBest
5513,10,447.80000000000064,10,447.80000000000064,move,improve
5514,10,447.80000000000064,10,447.80000000000064,move,improve
5515,10,447.80000000000064,10,447.80000000000064,2opt,notBad
5516,10,447.80000000000064,10,447.80000000000064,swap,notBad
5517,10,447.80000000000064,10,447.80000000000064,2opt,notBad
5518,10,447.80000000000064,10,447.80000000000064,2opt,notBad
5519,10,447.80000000000064,10,447.80000000000064,swap,notBad
5520,10,447.80000000000064,10,447.80000000000064,swap,notBad
5521,10,447.80000000000064,10,447.80000000000064,2opt,notBad
5522,10,447.80000000000064,10,447.80000000000064,swap,notBad
5523,10,447.80000000000064,10,447.80000000000064,2opt,notBad
5524,10,447.80000000000064,10,447.80000000000064,2opt,notBad
5525,10,447.80000000000064,10,447.80000000000064,swap,notBad
5526,10,447.80000000000064,10,447.80000000000064,swap,notBad
5527,10,447.80000000000064,10,447.80000000000064,move,improve
5528,10,447.80000000000064,10,447.80000000000064,swap,notBad
5529,10,447.80000000000064,10,447.80000000000064,swap,notBad
5530,10,447.80000000000064,10,447.80000000000064,2opt,improve
5531,10,447.80000000000064,10,447.80000000000064,move,improve
5532,10,447.80000000000064,10,447.80000000000064,swap,notBad
5533,10,447.80000000000064,10,447.80000000000064,move,improve
5534,10,447.80000000000064,10,447.80000000000064,swap,notBad
5535,10,447.80000000000064,10,447.80000000000064,2opt,notBad
5536,10,447.80000000000064,10,447.80000000000064,2opt,notBad
5537,10,447.80000000000064,10,447.80000000000064,move,improve
5538,10,447.80000000000064,10,447.80000000000064,2opt,notBad
5539,10,447.80000000000064,10,447.80000000000064,move,improve
5540,10,447.80000000000064,10,447.80000000000064,move,improve
5541,10,447.80000000000064,10,447.80000000000064,2opt,notBad
5542,10,447.80000000000064,10,447.80000000000064,2opt,notBad
5543,10,447.80000000000064,10,447.80000000000064,2opt,notBad
5544,10,447.80000000000064,10,447.80000000000064,move,improve
5545,10,447.80000000000064,10,447.80000000000064,swap,notBad
5546,10,447.80000000000064,10,447.80000000000064,swap,notBad
5547,10,447.80000000000064,10,447.80000000000064,move,improve
5548,10,447.80000000000064,10,447.80000000000064,move,improve
5549,10,447.80000000000064,10,447.80000000000064,move,improve
5550,10,447.80000000000064,10,447.80000000000064,2opt,notBad
5551,10,447.80000000000064,10,447.80000000000064,move,improve
5552,10,447.80000000000064,10,447.80000000000064,2opt,notBad
5553,10,447.80000000000064,10,447.80000000000064,swap,notBad
5554,10,447.80000000000064,10,447.80000000000064,2opt,notBad
5555,10,447.80000000000064,10,447.80000000000064,swap,notBad
5556,10,447.80000000000064,10,447.80000000000064,move,improve
5557,10,447.80000000000064,10,447.80000000000064,swap,notBad
5558,10,447.80000000000064,10,447.80000000000064,2opt,notBad
5559,10,447.80000000000064,10,447.80000000000064,move,improve
5560,10,447.80000000000064,10,447.80000000000064,2opt,notBad
5561,10,447.20000000000056,10,447.20000000000056,move,newBest
5562,10,462.96000000000004,10,447.20000000000056,swap,acceptBad
5563,10,462.96000000000004,10,447.20000000000056,swap,notBad
5564,10,462.96000000000004,10,447.20000000000056,move,improve
5565,10,462.96000000000004,10,447.20000000000056,2opt,notBad
5566,10,462.96000000000004,10,447.20000000000056,swap,notBad
5567,10,462.96000000000004,10,447.20000000000056,swap,notBad
5568,10,462.96000000000004,10,447.20000000000056,move,improve
5569,10,462.96000000000004,10,447.20000000000056,2opt,notBad
5570,10,462.96000000000004,10,447.20000000000056,2opt,notBad
5571,10,462.96000000000004,10,447.20000000000056,2opt,notBad
5572,10,462.96000000000004,10,447.20000000000056,swap,notBad
5573,10,462.96000000000004,10,447.20000000000056,swap,notBad
5574,10,463.24,10,447.20000000000056,swap,acceptBad
5575,10,463.24,10,447.20000000000056,swap,notBad
5576,10,463.24,10,447.20000000000056,2opt,notBad
5577,10,463.24,10,447.20000000000056,2opt,notBad
5578,10,463.24,10,447.20000000000056,2opt,notBad
5579,10,463.24,10,447.20000000000056,swap,notBad
5580,10,463.24,10,447.20000000000056,move,improve
5581,10,463.24,10,447.20000000000056,swap,notBad
5582,10,463.24,10,447.20000000000056,move,improve
5583,10,463.24,10,447.20000000000056,2opt,notBad
5584,10,463.24,10,447.20000000000056,swap,notBad
5585,10,463.24,10,447.20000000000056,2opt,notBad
5586,10,463.24,10,447.20000000000056,swap,notBad
5587,10,463.24,10,447.20000000000056,swap,notBad
5588,10,463.24,10,447.20000000000056,2opt,notBad
5589,10,463.24,10,447.20000000000056,2opt,notBad
5590,10,463.24,10,447.20000000000056,move,improve
5591,10,463.24,10,447.20000000000056,swap,notBad
5592,10,462.4,10,447.20000000000056,move,improve
5593,10,462.4,10,447.20000000000056,2opt,notBad
5594,10,462.4,10,447.20000000000056,move,improve
5595,10,462.4,10,447.20000000000056,swap,notBad
5596,10,462.4,10,447.20000000000056,2opt,notBad
5597,10,462.4,10,447.20000000000056,swap,notBad
5598,10,462.4,10,447.20000000000056,move,improve
5599,10,462.4,10,447.20000000000056,swap,notBad
5600,10,462.4,10,447.20000000000056,2opt,notBad
5601,10,462.4,10,447.20000000000056,swap,notBad
5602,10,462.4,10,447.20000000000056,swap,notBad
5603,10,462.4,10,447.20000000000056,move,improve
5604,10,462.4,10,447.20000000000056,swap,notBad
5605,10,462.4,10,447.20000000000056,2opt,notBad
5606,10,462.4,10,447.20000000000056,swap,notBad
5607,10,462.4,10,447.20000000000056,swap,notBad
5608,10,483.4600000000002,10,447.20000000000056,swap,acceptBad
5609,10,483.4600000000002,10,447.20000000000056,swap,notBad
5610,10,483.4600000000002,10,447.20000000000056,2opt,improve
5611,10,483.4600000000002,10,447.20000000000056,2opt,notBad
5612,10,483.4600000000002,10,447.20000000000056,2opt,notBad
5613,10,483.4600000000002,10,447.20000000000056,move,improve
5614,10,483.4600000000002,10,447.20000000000056,swap,notBad
5615,10,483.4600000000002,10,447.20000000000056,move,improve
5616,10,483.4600000000002,10,447.20000000000056,move,improve
5617,10,483.4600000000002,10,447.20000000000056,2opt,notBad
5618,10,481.46000000000004,10,447.20000000000056,move,improve
5619,10,481.46000000000004,10,447.20000000000056,swap,notBad
5620,10,481.46000000000004,10,447.20000000000056,move,improve
5621,10,469.9199999999995,10,447.20000000000056,move,improve
5622,10,469.9199999999995,10,447.20000000000056,swap,notBad
5623,10,469.9199999999995,10,447.20000000000056,move,improve
5624,10,469.9199999999995,10,447.20000000000056,swap,notBad
5625,10,469.9199999999995,10,447.20000000000056,2opt,notBad
5626,10,469.9199999999995,10,447.20000000000056,move,improve
5627,10,469.9199999999995,10,447.20000000000056,move,improve
5628,10,469.9199999999995,10,447.20000000000056,move,improve
5629,10,469.9199999999995,10,447.20000000000056,swap,notBad
5630,10,469.9199999999995,10,447.20000000000056,move,improve
5631,10,469.9199999999995,10,447.20000000000056,move,improve
5632,10,469.9199999999995,10,447.20000000000056,2opt,notBad
5633,10,469.9199999999995,10,447.20000000000056,move,improve
5634,10,469.9199999999995,10,447.20000000000056,move,improve
5635,10,469.9199999999995,10,447.20000000000056,move,improve
5636,10,469.9199999999995,10,447.20000000000056,swap,notBad
5637,10,469.9199999999995,10,447.20000000000056,swap,notBad
5638,10,469.9199999999995,10,447.20000000000056,swap,notBad
5639,10,469.9199999999995,10,447.20000000000056,move,improve
5640,10,469.9199999999995,10,447.20000000000056,2opt,notBad
5641,10,469.9199999999995,10,447.20000000000056,move,improve
5642,10,469.9199999999995,10,447.20000000000056,move,improve
5643,10,469.9199999999995,10,447.20000000000056,move,improve
5644,10,469.9199999999995,10,447.20000000000056,2opt,notBad
5645,10,469.9199999999995,10,447.20000000000056,move,improve
5646,10,469.9199999999995,10,447.20000000000056,swap,notBad
5647,10,469.9199999999995,10,447.20000000000056,swap,notBad
5648,10,469.9199999999995,10,447.20000000000056,move,improve
5649,10,469.9199999999995,10,447.20000000000056,2opt,notBad
5650,10,469.9199999999995,10,447.20000000000056,2opt,notBad
5651,10,469.9199999999995,10,447.20000000000056,2opt,improve
5652,10,469.9199999999995,10,447.20000000000056,2opt,improve
5653,10,469.9199999999995,10,447.20000000000056,move,improve
5654,10,469.9199999999995,10,447.20000000000056,swap,notBad
5655,10,469.9199999999995,10,447.20000000000056,2opt,notBad
5656,10,469.9199999999995,10,447.20000000000056,swap,notBad
5657,10,469.9199999999995,10,447.20000000000056,2opt,notBad
5658,10,469.9199999999995,10,447.20000000000056,swap,notBad
5659,10,469.9199999999995,10,447.20000000000056,swap,notBad
5660,10,469.9199999999995,10,447.20000000000056,move,improve
5661,10,469.9199999999995,10,447.20000000000056,2opt,notBad
5662,10,469.9199999999995,10,447.20000000000056,move,improve
5663,10,469.9199999999995,10,447.20000000000056,swap,notBad
5664,10,469.9199999999995,10,447.20000000000056,swap,notBad
5665,10,469.9199999999995,10,447.20000000000056,2opt,notBad
5666,10,469.9199999999995,10,447.20000000000056,2opt,notBad
5667,10,469.9199999999995,10,447.20000000000056,move,improve
5668,10,469.9199999999995,10,447.20000000000056,move,improve
5669,10,469.9199999999995,10,447.20000000000056,move,improve
5670,10,469.9199999999995,10,447.20000000000056,2opt,notBad
5671,10,469.9199999999995,10,447.20000000000056,swap,notBad
5672,10,469.9199999999995,10,447.20000000000056,move,improve
5673,10,469.9199999999995,10,447.20000000000056,swap,notBad
5674,10,469.9199999999995,10,447.20000000000056,swap,notBad
5675,10,469.9199999999995,10,447.20000000000056,move,improve
5676,10,477.53999999999974,10,447.20000000000056,swap,acceptBad
5677,10,477.53999999999974,10,447.20000000000056,move,improve
5678,10,483.09999999999997,10,447.20000000000056,swap,acceptBad
5679,10,483.09999999999997,10,447.20000000000056,swap,notBad
5680,10,483.09999999999997,10,447.20000000000056,move,improve
5681,10,483.09999999999997,10,447.20000000000056,2opt,notBad
5682,10,483.09999999999997,10,447.20000000000056,2opt,notBad
5683,10,483.09999999999997,10,447.20000000000056,2opt,notBad
5684,10,483.09999999999997,10,447.20000000000056,swap,notBad
5685,10,483.09999999999997,10,447.20000000000056,swap,notBad
5686,10,483.09999999999997,10,447.20000000000056,move,improve
5687,10,483.09999999999997,10,447.20000000000056,2opt,improve
5688,10,483.09999999999997,10,447.20000000000056,swap,notBad
5689,10,483.09999999999997,10,447.20000000000056,2opt,notBad
5690,10,483.09999999999997,10,447.20000000000056,2opt,notBad
5691,10,483.09999999999997,10,447.20000000000056,move,improve
5692,10,483.09999999999997,10,447.20000000000056,2opt,notBad
5693,10,483.09999999999997,10,447.20000000000056,2opt,notBad
5694,10,483.09999999999997,10,447.20000000000056,2opt,notBad
5695,10,483.09999999999997,10,447.20000000000056,swap,notBad
5696,10,483.09999999999997,10,447.20000000000056,move,improve
5697,10,483.09999999999997,10,447.20000000000056,move,improve
5698,10,483.09999999999997,10,447.20000000000056,move,improve
5699,10,483.09999999999997,10,447.20000000000056,swap,notBad
5700,10,483.09999999999997,10,447.20000000000056,swap,notBad
5701,10,483.09999999999997,10,447.20000000000056,swap,notBad
5702,10,483.09999999999997,10,447.20000000000056,swap,notBad
5703,10,483.40000000000015,10,447.20000000000056,swap,acceptBad
5704,10,483.40000000000015,10,447.20000000000056,2opt,notBad
5705,10,483.40000000000015,10,447.20000000000056,move,improve
5706,10,483.40000000000015,10,447.20000000000056,swap,notBad
5707,10,483.40000000000015,10,447.20000000000056,move,improve
5708,10,483.40000000000015,10,447.20000000000056,2opt,notBad
5709,10,483.40000000000015,10,447.20000000000056,move,improve
5710,10,483.40000000000015,10,447.20000000000056,move,improve
5711,10,483.40000000000015,10,447.20000000000056,swap,notBad
5712,10,483.40000000000015,10,447.20000000000056,move,improve
5713,10,483.40000000000015,10,447.20000000000056,swap,notBad
5714,10,483.40000000000015,10,447.20000000000056,swap,notBad
5715,10,483.40000000000015,10,447.20000000000056,2opt,notBad
5716,10,483.40000000000015,10,447.20000000000056,swap,notBad
5717,10,483.40000000000015,10,447.20000000000056,2opt,improve
5718,10,483.40000000000015,10,447.20000000000056,2opt,notBad
5719,10,483.40000000000015,10,447.20000000000056,swap,notBad
5720,10,483.40000000000015,10,447.20000000000056,swap,notBad
5721,10,475.82000000000045,10,447.20000000000056,swap,improve
5722,10,475.82000000000045,10,447.20000000000056,2opt,notBad
5723,10,475.82000000000045,10,447.20000000000056,2opt,notBad
5724,10,475.82000000000045,10,447.20000000000056,move,improve
5725,10,475.82000000000045,10,447.20000000000056,move,improve
5726,10,475.82000000000045,10,447.20000000000056,2opt,notBad
5727,10,475.82000000000045,10,447.20000000000056,swap,notBad
5728,10,475.82000000000045,10,447.20000000000056,swap,notBad
5729,10,475.82000000000045,10,447.20000000000056,2opt,notBad
5730,10,475.82000000000045,10,447.20000000000056,2opt,notBad
5731,10,475.82000000000045,10,447.20000000000056,2opt,improve
5732,10,472.08000000000004,10,447.20000000000056,move,improve
5733,10,472.08000000000004,10,447.20000000000056,swap,notBad
5734,10,472.08000000000004,10,447.20000000000056,2opt,notBad
5735,10,472.08000000000004,10,447.20000000000056,swap,notBad
5736,10,472.08000000000004,10,447.20000000000056,2opt,improve
5737,10,479.79999999999933,10,447.20000000000056,swap,acceptBad
5738,10,479.79999999999933,10,447.20000000000056,swap,notBad
5739,10,479.79999999999933,10,447.20000000000056,move,improve
5740,10,479.79999999999933,10,447.20000000000056,move,improve
5741,10,479.79999999999933,10,447.20000000000056,move,improve
5742,10,479.01999999999924,10,447.20000000000056,move,improve
5743,10,479.01999999999924,10,447.20000000000056,swap,notBad
5744,10,479.01999999999924,10,447.20000000000056,move,improve
5745,10,479.01999999999924,10,447.20000000000056,2opt,improve
5746,10,479.01999999999924,10,447.20000000000056,move,improve
5747,10,479.01999999999924,10,447.20000000000056,2opt,notBad
5748,10,479.01999999999924,10,447.20000000000056,swap,notBad
5749,10,479.01999999999924,10,447.20000000000056,2opt,notBad
5750,10,479.01999999999924,10,447.20000000000056,2opt,notBad
5751,10,479.01999999999924,10,447.20000000000056,2opt,improve
5752,10,479.01999999999924,10,447.20000000000056,2opt,notBad
5753,10,479.01999999999924,10,447.20000000000056,swap,notBad
5754,10,479.01999999999924,10,447.20000000000056,move,improve
5755,10,479.01999999999924,10,447.20000000000056,swap,notBad
5756,10,476.15999999999906,10,447.20000000000056,move,improve
5757,10,476.15999999999906,10,447.20000000000056,swap,notBad
5758,10,476.15999999999906,10,447.20000000000056,move,improve
5759,10,476.15999999999906,10,447.20000000000056,move,improve
5760,10,476.15999999999906,10,447.20000000000056,move,improve
5761,10,476.15999999999906,10,447.20000000000056,swap,notBad
5762,10,476.15999999999906,10,447.20000000000056,2opt,notBad
5763,10,476.15999999999906,10,447.20000000000056,move,improve
5764,10,476.15999999999906,10,447.20000000000056,swap,notBad
5765,10,476.15999999999906,10,447.20000000000056,2opt,notBad
5766,10,476.15999999999906,10,447.20000000000056,move,improve
5767,10,476.15999999999906,10,447.20000000000056,2opt,notBad
5768,10,470.40000000000003,10,447.20000000000056,move,improve
5769,10,470.40000000000003,10,447.20000000000056,swap,notBad
5770,10,470.40000000000003,10,447.20000000000056,move,improve
5771,10,470.40000000000003,10,447.20000000000056,swap,notBad
5772,10,471.00000000000006,10,447.20000000000056,swap,acceptBad
5773,10,471.00000000000006,10,447.20000000000056,swap,notBad
5774,10,471.00000000000006,10,447.20000000000056,2opt,notBad
5775,10,471.00000000000006,10,447.20000000000056,move,improve
5776,10,471.00000000000006,10,447.20000000000056,2opt,notBad
5777,10,471.00000000000006,10,447.20000000000056,swap,notBad
5778,10,471.00000000000006,10,447.20000000000056,swap,notBad
5779,10,471.00000000000006,10,447.20000000000056,swap,notBad
5780,10,471.00000000000006,10,447.20000000000056,move,improve
5781,10,471.00000000000006,10,447.20000000000056,move,improve
5782,10,471.00000000000006,10,447.20000000000056,move,improve
5783,10,471.00000000000006,10,447.20000000000056,swap,notBad
5784,10,471.00000000000006,10,447.20000000000056,move,improve
5785,10,471.00000000000006,10,447.20000000000056,move,improve
5786,10,471.00000000000006,10,447.20000000000056,move,improve
5787,10,471.00000000000006,10,447.20000000000056,move,improve
5788,10,471.00000000000006,10,447.20000000000056,move,improve
5789,10,471.00000000000006,10,447.20000000000056,swap,notBad
5790,10,471.00000000000006,10,447.20000000000056,swap,notBad
5791,10,471.00000000000006,10,447.20000000000056,swap,notBad
5792,10,471.00000000000006,10,447.20000000000056,2opt,notBad
5793,10,471.00000000000006,10,447.20000000000056,move,improve
5794,10,470.1,10,447.20000000000056,move,improve
5795,10,469.50000000000006,10,447.20000000000056,move,improve
5796,10,469.50000000000006,10,447.20000000000056,swap,notBad
5797,10,469.50000000000006,10,447.20000000000056,move,improve
5798,10,469.50000000000006,10,447.20000000000056,swap,notBad
5799,10,469.50000000000006,10,447.20000000000056,2opt,notBad
5800,10,469.50000000000006,10,447.20000000000056,2opt,notBad
5801,10,469.50000000000006,10,447.20000000000056,move,improve
5802,10,469.50000000000006,10,447.20000000000056,swap,notBad
5803,10,469.50000000000006,10,447.20000000000056,swap,notBad
5804,10,469.50000000000006,10,447.20000000000056,2opt,improve
5805,10,469.50000000000006,10,447.20000000000056,swap,notBad
5806,10,469.50000000000006,10,447.20000000000056,move,improve
5807,10,469.50000000000006,10,447.20000000000056,move,improve
5808,10,469.50000000000006,10,447.20000000000056,swap,notBad
5809,10,469.50000000000006,10,447.20000000000056,2opt,notBad
5810,10,469.50000000000006,10,447.20000000000056,swap,notBad
5811,10,469.50000000000006,10,447.20000000000056,move,improve
5812,10,469.50000000000006,10,447.20000000000056,swap,notBad
5813,10,469.50000000000006,10,447.20000000000056,move,improve
5814,10,469.50000000000006,10,447.20000000000056,move,improve
5815,10,469.50000000000006,10,447.20000000000056,2opt,notBad
5816,10,469.50000000000006,10,447.20000000000056,swap,notBad
5817,10,469.50000000000006,10,447.20000000000056,2opt,notBad
5818,10,469.50000000000006,10,447.20000000000056,move,improve
5819,10,469.50000000000006,10,447.20000000000056,swap,notBad
5820,10,469.50000000000006,10,447.20000000000056,swap,notBad
5821,10,469.50000000000006,10,447.20000000000056,swap,notBad
5822,10,469.50000000000006,10,447.20000000000056,move,improve
5823,10,469.50000000000006,10,447.20000000000056,move,improve
5824,10,469.50000000000006,10,447.20000000000056,move,improve
5825,10,469.50000000000006,10,447.20000000000056,2opt,notBad
5826,10,469.50000000000006,10,447.20000000000056,move,improve
5827,10,469.50000000000006,10,447.20000000000056,move,improve
5828,10,469.50000000000006,10,447.20000000000056,swap,notBad
5829,10,469.50000000000006,10,447.20000000000056,2opt,notBad
5830,10,469.50000000000006,10,447.20000000000056,move,improve
5831,10,469.50000000000006,10,447.20000000000056,swap,notBad
5832,10,469.50000000000006,10,447.20000000000056,swap,notBad
5833,10,469.50000000000006,10,447.20000000000056,2opt,notBad
5834,10,469.50000000000006,10,447.20000000000056,2opt,notBad
5835,10,469.50000000000006,10,447.20000000000056,move,improve
5836,10,469.50000000000006,10,447.20000000000056,2opt,notBad
5837,10,469.50000000000006,10,447.20000000000056,2opt,notBad
5838,10,469.50000000000006,10,447.20000000000056,2opt,notBad
5839,10,469.50000000000006,10,447.20000000000056,2opt,notBad
5840,10,469.50000000000006,10,447.20000000000056,move,improve
5841,10,469.50000000000006,10,447.20000000000056,2opt,notBad
5842,10,469.50000000000006,10,447.20000000000056,move,improve
5843,10,469.50000000000006,10,447.20000000000056,2opt,notBad
5844,10,469.50000000000006,10,447.20000000000056,move,improve
5845,10,469.50000000000006,10,447.20000000000056,swap,notBad
5846,10,466.1999999999999,10,447.20000000000056,swap,improve
5847,10,466.1999999999999,10,447.20000000000056,swap,notBad
5848,10,466.1999999999999,10,447.20000000000056,swap,notBad
5849,10,466.1999999999999,10,447.20000000000056,move,improve
5850,10,466.1999999999999,10,447.20000000000056,swap,notBad
5851,10,466.1999999999999,10,447.20000000000056,2opt,notBad
5852,10,466.1999999999999,10,447.20000000000056,2opt,notBad
5853,10,466.1999999999999,10,447.20000000000056,2opt,notBad
5854,10,466.1999999999999,10,447.20000000000056,move,improve
5855,10,466.1999999999999,10,447.20000000000056,move,improve
5856,10,466.1999999999999,10,447.20000000000056,2opt,notBad
5857,10,466.1999999999999,10,447.20000000000056,move,improve
5858,10,466.1999999999999,10,447.20000000000056,2opt,improve
5859,10,466.1999999999999,10,447.20000000000056,swap,notBad
5860,10,466.1999999999999,10,447.20000000000056,swap,notBad
5861,10,466.1999999999999,10,447.20000000000056,2opt,notBad
5862,10,466.1999999999999,10,447.20000000000056,move,improve
5863,10,466.1999999999999,10,447.20000000000056,move,improve
5864,10,466.1999999999999,10,447.20000000000056,2opt,improve
5865,10,466.1999999999999,10,447.20000000000056,2opt,notBad
5866,10,466.1999999999999,10,447.20000000000056,move,improve
5867,10,466.1999999999999,10,447.20000000000056,swap,notBad
5868,10,466.1999999999999,10,447.20000000000056,2opt,notBad
5869,10,466.1999999999999,10,447.20000000000056,swap,notBad
5870,10,466.1999999999999,10,447.20000000000056,2opt,notBad
5871,10,466.1999999999999,10,447.20000000000056,2opt,notBad
5872,10,466.1999999999999,10,447.20000000000056,2opt,notBad
5873,10,466.1999999999999,10,447.20000000000056,move,improve
5874,10,466.1999999999999,10,447.20000000000056,move,improve
5875,10,466.1999999999999,10,447.20000000000056,move,improve
5876,10,466.1999999999999,10,447.20000000000056,move,improve
5877,10,466.1999999999999,10,447.20000000000056,move,improve
5878,10,466.1999999999999,10,447.20000000000056,2opt,notBad
5879,10,466.1999999999999,10,447.20000000000056,swap,notBad
5880,10,466.1999999999999,10,447.20000000000056,swap,notBad
5881,10,466.1999999999999,10,447.20000000000056,swap,notBad
5882,10,466.1999999999999,10,447.20000000000056,swap,notBad
5883,10,466.1999999999999,10,447.20000000000056,move,improve
5884,10,466.1999999999999,10,447.20000000000056,swap,notBad
5885,10,466.1999999999999,10,447.20000000000056,swap,notBad
5886,10,466.1999999999999,10,447.20000000000056,2opt,notBad
5887,10,475.91999999999916,10,447.20000000000056,swap,acceptBad
5888,10,475.91999999999916,10,447.20000000000056,2opt,notBad
5889,10,475.91999999999916,10,447.20000000000056,2opt,notBad
5890,10,475.91999999999916,10,447.20000000000056,move,improve
5891,10,475.91999999999916,10,447.20000000000056,move,improve
5892,10,475.91999999999916,10,447.20000000000056,move,improve
5893,10,475.91999999999916,10,447.20000000000056,2opt,notBad
5894,10,475.91999999999916,10,447.20000000000056,2opt,notBad
5895,10,475.91999999999916,10,447.20000000000056,move,improve
5896,10,475.91999999999916,10,447.20000000000056,move,improve
5897,10,488.5399999999999,10,447.20000000000056,move,acceptBad
5898,10,488.5399999999999,10,447.20000000000056,move,improve
5899,10,488.5399999999999,10,447.20000000000056,2opt,notBad
5900,10,488.5399999999999,10,447.20000000000056,move,improve
5901,10,488.5399999999999,10,447.20000000000056,move,improve
5902,10,488.5399999999999,10,447.20000000000056,move,improve
5903,10,488.5399999999999,10,447.20000000000056,swap,notBad
5904,10,488.5399999999999,10,447.20000000000056,2opt,notBad
5905,10,475.91999999999916,10,447.20000000000056,move,improve
5906,10,475.91999999999916,10,447.20000000000056,move,improve
5907,10,475.91999999999916,10,447.20000000000056,2opt,notBad
5908,10,475.91999999999916,10,447.20000000000056,move,improve
5909,10,475.91999999999916,10,447.20000000000056,2opt,notBad
5910,10,475.91999999999916,10,447.20000000000056,swap,notBad
5911,10,475.91999999999916,10,447.20000000000056,move,improve
5912,10,475.91999999999916,10,447.20000000000056,move,improve
5913,10,475.91999999999916,10,447.20000000000056,2opt,notBad
5914,10,461.17999999999927,10,447.20000000000056,2opt,improve
5915,10,461.17999999999927,10,447.20000000000056,swap,notBad
5916,10,461.17999999999927,10,447.20000000000056,2opt,notBad
5917,10,461.17999999999927,10,447.20000000000056,2opt,notBad
5918,10,461.17999999999927,10,447.20000000000056,2opt,improve
5919,10,461.17999999999927,10,447.20000000000056,swap,notBad
5920,10,461.17999999999927,10,447.20000000000056,swap,notBad
5921,10,459.6599999999993,10,447.20000000000056,move,improve
5922,10,459.6599999999993,10,447.20000000000056,move,improve
5923,10,459.6599999999993,10,447.20000000000056,move,improve
5924,10,459.6599999999993,10,447.20000000000056,move,improve
5925,10,459.6599999999993,10,447.20000000000056,move,improve
5926,10,459.6599999999993,10,447.20000000000056,move,improve
5927,10,459.6599999999993,10,447.20000000000056,move,improve
5928,10,459.6599999999993,10,447.20000000000056,move,improve
5929,10,459.6599999999993,10,447.20000000000056,move,improve
5930,10,459.6599999999993,10,447.20000000000056,2opt,notBad
5931,10,459.6599999999993,10,447.20000000000056,move,improve
5932,10,459.6599999999993,10,447.20000000000056,2opt,notBad
5933,10,459.6599999999993,10,447.20000000000056,swap,notBad
5934,10,459.6599999999993,10,447.20000000000056,swap,notBad
5935,10,459.6599999999993,10,447.20000000000056,2opt,notBad
5936,10,459.6599999999993,10,447.20000000000056,swap,notBad
5937,10,459.6599999999993,10,447.20000000000056,2opt,notBad
5938,10,459.6599999999993,10,447.20000000000056,swap,notBad
5939,10,459.6599999999993,10,447.20000000000056,swap,notBad
5940,10,459.6599999999993,10,447.20000000000056,2opt,notBad
5941,10,459.6599999999993,10,447.20000000000056,swap,notBad
5942,10,459.6599999999993,10,447.20000000000056,swap,notBad
5943,10,459.6599999999993,10,447.20000000000056,2opt,notBad
5944,10,459.6599999999993,10,447.20000000000056,swap,notBad
5945,10,459.6599999999993,10,447.20000000000056,swap,notBad
5946,10,459.6599999999993,10,447.20000000000056,swap,notBad
5947,10,459.6599999999993,10,447.20000000000056,swap,notBad
5948,10,459.6599999999993,10,447.20000000000056,2opt,notBad
5949,10,459.6599999999993,10,447.20000000000056,move,improve
5950,10,459.6599999999993,10,447.20000000000056,move,improve
5951,10,459.6599999999993,10,447.20000000000056,swap,notBad
5952,10,459.6599999999993,10,447.20000000000056,move,improve
5953,10,459.6599999999993,10,447.20000000000056,2opt,notBad
5954,10,459.6599999999993,10,447.20000000000056,swap,notBad
5955,10,459.6599999999993,10,447.20000000000056,2opt,notBad
5956,10,459.6599999999993,10,447.20000000000056,2opt,notBad
5957,10,459.6599999999993,10,447.20000000000056,move,improve
5958,10,459.6599999999993,10,447.20000000000056,move,improve
5959,10,459.6599999999993,10,447.20000000000056,2opt,notBad
5960,10,459.6599999999993,10,447.20000000000056,swap,notBad
5961,10,459.6599999999993,10,447.20000000000056,move,improve
5962,10,459.6599999999993,10,447.20000000000056,swap,notBad
5963,10,459.6599999999993,10,447.20000000000056,2opt,notBad
5964,10,459.6599999999993,10,447.20000000000056,swap,notBad
5965,10,459.6599999999993,10,447.20000000000056,swap,notBad
5966,10,459.6599999999993,10,447.20000000000056,move,notBad
5967,10,459.6599999999993,10,447.20000000000056,swap,notBad
5968,10,459.6599999999993,10,447.20000000000056,move,improve
5969,10,459.6599999999993,10,447.20000000000056,2opt,notBad
5970,10,459.6599999999993,10,447.20000000000056,2opt,notBad
5971,10,459.6599999999993,10,447.20000000000056,2opt,notBad
5972,10,459.6599999999993,10,447.20000000000056,2opt,notBad
5973,10,459.6599999999993,10,447.20000000000056,move,improve
5974,10,448.8799999999992,10,447.20000000000056,swap,improve
5975,10,448.8799999999992,10,447.20000000000056,2opt,notBad
5976,10,448.8799999999992,10,447.20000000000056,2opt,notBad
5977,10,448.8799999999992,10,447.20000000000056,swap,notBad
5978,10,448.8799999999992,10,447.20000000000056,2opt,notBad
5979,10,448.8799999999992,10,447.20000000000056,2opt,notBad
5980,10,448.8799999999992,10,447.20000000000056,swap,notBad
5981,10,448.8799999999992,10,447.20000000000056,move,improve
5982,10,448.8799999999992,10,447.20000000000056,move,improve
5983,10,468.13999999999965,10,447.20000000000056,swap,acceptBad
5984,10,468.13999999999965,10,447.20000000000056,2opt,notBad
5985,10,468.13999999999965,10,447.20000000000056,2opt,notBad
5986,10,468.13999999999965,10,447.20000000000056,move,improve
5987,10,468.13999999999965,10,447.20000000000056,2opt,notBad
5988,10,468.13999999999965,10,447.20000000000056,2opt,notBad
5989,10,468.13999999999965,10,447.20000000000056,2opt,notBad
5990,10,468.13999999999965,10,447.20000000000056,2opt,notBad
5991,10,468.13999999999965,10,447.20000000000056,2opt,notBad
5992,10,468.13999999999965,10,447.20000000000056,2opt,notBad
5993,10,468.13999999999965,10,447.20000000000056,move,improve
5994,10,468.13999999999965,10,447.20000000000056,2opt,notBad
5995,10,468.13999999999965,10,447.20000000000056,2opt,notBad
5996,10,468.13999999999965,10,447.20000000000056,2opt,notBad
5997,10,468.13999999999965,10,447.20000000000056,2opt,notBad
5998,10,468.13999999999965,10,447.20000000000056,2opt,notBad
5999,10,468.13999999999965,10,447.20000000000056,move,improve
6000,10,468.13999999999965,10,447.20000000000056,2opt,notBad
6001,10,468.13999999999965,10,447.20000000000056,move,improve
6002,10,464.5199999999993,10,447.20000000000056,swap,improve
6003,10,464.5199999999993,10,447.20000000000056,2opt,notBad
6004,10,464.5199999999993,10,447.20000000000056,swap,notBad
6005,10,464.5199999999993,10,447.20000000000056,swap,notBad
6006,10,464.5199999999993,10,447.20000000000056,swap,notBad
6007,10,464.5199999999993,10,447.20000000000056,swap,notBad
6008,10,464.5199999999993,10,447.20000000000056,swap,notBad
6009,10,464.5199999999993,10,447.20000000000056,swap,notBad
6010,10,464.5199999999993,10,447.20000000000056,move,improve
6011,10,464.5199999999993,10,447.20000000000056,move,improve
6012,10,464.5199999999993,10,447.20000000000056,2opt,notBad
6013,10,456.4999999999994,10,447.20000000000056,move,improve
6014,10,456.4999999999994,10,447.20000000000056,move,improve
6015,10,456.4999999999994,10,447.20000000000056,2opt,notBad
6016,10,456.4999999999994,10,447.20000000000056,move,improve
6017,10,456.4999999999994,10,447.20000000000056,move,improve
6018,10,456.4999999999994,10,447.20000000000056,move,improve
6019,10,456.4999999999994,10,447.20000000000056,swap,notBad
6020,10,456.4999999999994,10,447.20000000000056,2opt,notBad
6021,10,456.4999999999994,10,447.20000000000056,swap,notBad
6022,10,456.4999999999994,10,447.20000000000056,move,improve
6023,10,456.4999999999994,10,447.20000000000056,move,improve
6024,10,456.4999999999994,10,447.20000000000056,2opt,notBad
6025,10,456.4999999999994,10,447.20000000000056,swap,notBad
6026,10,456.4999999999994,10,447.20000000000056,move,improve
6027,10,456.4999999999994,10,447.20000000000056,move,improve
6028,10,456.4999999999994,10,447.20000000000056,move,improve
6029,10,456.4999999999994,10,447.20000000000056,move,improve
6030,10,456.4999999999994,10,447.20000000000056,move,improve
6031,10,456.4999999999994,10,447.20000000000056,move,improve
6032,10,456.4999999999994,10,447.20000000000056,move,improve
6033,10,449.9799999999989,10,447.20000000000056,move,improve
6034,10,449.9799999999989,10,447.20000000000056,move,improve
6035,10,449.9799999999989,10,447.20000000000056,2opt,notBad
6036,10,449.9799999999989,10,447.20000000000056,2opt,notBad
6037,10,449.9799999999989,10,447.20000000000056,2opt,notBad
6038,10,449.9799999999989,10,447.20000000000056,2opt,notBad
6039,10,449.9799999999989,10,447.20000000000056,2opt,improve
6040,10,449.9799999999989,10,447.20000000000056,swap,notBad
6041,10,449.9799999999989,10,447.20000000000056,2opt,notBad
6042,10,449.9799999999989,10,447.20000000000056,swap,notBad
6043,10,449.9799999999989,10,447.20000000000056,swap,notBad
6044,10,449.9799999999989,10,447.20000000000056,2opt,notBad
6045,10,449.9799999999989,10,447.20000000000056,2opt,notBad
6046,10,449.9799999999989,10,447.20000000000056,swap,notBad
6047,10,449.9799999999989,10,447.20000000000056,2opt,improve
6048,10,449.9799999999989,10,447.20000000000056,move,improve
6049,10,449.9799999999989,10,447.20000000000056,2opt,improve
6050,10,449.9799999999989,10,447.20000000000056,swap,notBad
6051,10,449.9799999999989,10,447.20000000000056,swap,notBad
6052,10,449.9799999999989,10,447.20000000000056,2opt,notBad
6053,10,449.9799999999989,10,447.20000000000056,swap,notBad
6054,10,449.9799999999989,10,447.20000000000056,2opt,notBad
6055,10,449.9799999999989,10,447.20000000000056,swap,notBad
6056,10,449.9799999999989,10,447.20000000000056,swap,notBad
6057,10,449.9799999999989,10,447.20000000000056,swap,notBad
6058,10,449.9799999999989,10,447.20000000000056,swap,notBad
6059,10,449.9799999999989,10,447.20000000000056,swap,notBad
6060,10,449.9799999999989,10,447.20000000000056,swap,notBad
6061,10,449.9799999999989,10,447.20000000000056,move,improve
6062,10,449.9799999999989,10,447.20000000000056,swap,notBad
6063,10,449.9799999999989,10,447.20000000000056,2opt,notBad
6064,10,449.9799999999989,10,447.20000000000056,move,improve
6065,10,449.9799999999989,10,447.20000000000056,2opt,notBad
6066,10,449.9799999999989,10,447.20000000000056,2opt,notBad
6067,10,449.9799999999989,10,447.20000000000056,2opt,notBad
6068,10,449.9799999999989,10,447.20000000000056,swap,notBad
6069,10,449.9799999999989,10,447.20000000000056,move,improve
6070,10,449.9799999999989,10,447.20000000000056,move,improve
6071,10,449.9799999999989,10,447.20000000000056,swap,notBad
6072,10,449.9799999999989,10,447.20000000000056,swap,notBad
6073,10,449.9799999999989,10,447.20000000000056,move,improve
6074,10,449.9799999999989,10,447.20000000000056,swap,notBad
6075,10,449.9799999999989,10,447.20000000000056,swap,notBad
6076,10,449.9799999999989,10,447.20000000000056,swap,notBad
6077,10,449.9799999999989,10,447.20000000000056,2opt,notBad
6078,10,449.9799999999989,10,447.20000000000056,swap,notBad
6079,10,449.9799999999989,10,447.20000000000056,2opt,notBad
6080,10,449.9799999999989,10,447.20000000000056,move,improve
6081,10,449.9799999999989,10,447.20000000000056,move,improve
6082,10,449.9799999999989,10,447.20000000000056,move,improve
6083,10,449.9799999999989,10,447.20000000000056,move,improve
6084,10,449.9799999999989,10,447.20000000000056,move,improve
6085,10,449.9799999999989,10,447.20000000000056,swap,notBad
6086,10,449.9799999999989,10,447.20000000000056,move,improve
6087,10,449.9799999999989,10,447.20000000000056,move,improve
6088,10,449.9799999999989,10,447.20000000000056,2opt,notBad
6089,10,449.9799999999989,10,447.20000000000056,move,improve
6090,10,449.9799999999989,10,447.20000000000056,2opt,notBad
6091,10,449.9799999999989,10,447.20000000000056,2opt,notBad
6092,10,449.9799999999989,10,447.20000000000056,move,improve
6093,10,449.9799999999989,10,447.20000000000056,move,improve
6094,10,449.9799999999989,10,447.20000000000056,swap,notBad
6095,10,449.9799999999989,10,447.20000000000056,move,improve
6096,10,449.9799999999989,10,447.20000000000056,move,improve
6097,10,449.9799999999989,10,447.20000000000056,move,improve
6098,10,449.9799999999989,10,447.20000000000056,move,improve
6099,10,445.0399999999987,10,445.0399999999987,move,newBest
6100,10,445.0399999999987,10,445.0399999999987,swap,notBad
6101,10,445.0399999999987,10,445.0399999999987,2opt,notBad
6102,10,432.31999999999846,10,432.31999999999846,2opt,newBest
6103,10,432.31999999999846,10,432.31999999999846,move,improve
6104,10,432.31999999999846,10,432.31999999999846,move,improve
6105,10,432.31999999999846,10,432.31999999999846,swap,notBad
6106,10,432.31999999999846,10,432.31999999999846,move,improve
6107,10,432.31999999999846,10,432.31999999999846,swap,notBad
6108,10,432.31999999999846,10,432.31999999999846,move,improve
6109,10,432.31999999999846,10,432.31999999999846,move,improve
6110,10,432.31999999999846,10,432.31999999999846,move,improve
6111,10,432.31999999999846,10,432.31999999999846,2opt,improve
6112,10,432.31999999999846,10,432.31999999999846,2opt,improve
6113,10,432.31999999999846,10,432.31999999999846,move,improve
6114,10,432.31999999999846,10,432.31999999999846,swap,notBad
6115,10,432.31999999999846,10,432.31999999999846,2opt,notBad
6116,10,432.31999999999846,10,432.31999999999846,2opt,notBad
6117,10,432.31999999999846,10,432.31999999999846,swap,notBad
6118,10,432.31999999999846,10,432.31999999999846,2opt,notBad
6119,10,432.31999999999846,10,432.31999999999846,swap,notBad
6120,10,432.31999999999846,10,432.31999999999846,2opt,notBad
6121,10,432.31999999999846,10,432.31999999999846,swap,notBad
6122,10,432.31999999999846,10,432.31999999999846,2opt,improve
6123,10,432.31999999999846,10,432.31999999999846,move,improve
6124,10,432.31999999999846,10,432.31999999999846,swap,notBad
6125,10,432.31999999999846,10,432.31999999999846,move,improve
6126,10,432.31999999999846,10,432.31999999999846,move,improve
6127,10,432.31999999999846,10,432.31999999999846,swap,notBad
6128,10,432.31999999999846,10,432.31999999999846,2opt,notBad
6129,10,432.31999999999846,10,432.31999999999846,swap,notBad
6130,10,432.31999999999846,10,432.31999999999846,2opt,improve
6131,10,432.31999999999846,10,432.31999999999846,move,improve
6132,10,432.31999999999846,10,432.31999999999846,swap,notBad
6133,10,432.31999999999846,10,432.31999999999846,2opt,improve
6134,10,432.31999999999846,10,432.31999999999846,2opt,notBad
6135,10,432.31999999999846,10,432.31999999999846,swap,notBad
6136,10,432.31999999999846,10,432.31999999999846,2opt,notBad
6137,10,432.31999999999846,10,432.31999999999846,move,improve
6138,10,432.31999999999846,10,432.31999999999846,move,improve
6139,10,432.31999999999846,10,432.31999999999846,move,improve
6140,10,432.31999999999846,10,432.31999999999846,move,improve
6141,10,435.6999999999988,10,432.31999999999846,swap,acceptBad
6142,10,435.6999999999988,10,432.31999999999846,move,improve
6143,10,435.6999999999988,10,432.31999999999846,swap,notBad
6144,10,435.6999999999988,10,432.31999999999846,swap,notBad
6145,10,435.6999999999988,10,432.31999999999846,swap,notBad
6146,10,435.6999999999988,10,432.31999999999846,2opt,notBad
6147,10,435.6999999999988,10,432.31999999999846,move,improve
6148,10,435.6999999999988,10,432.31999999999846,2opt,notBad
6149,10,435.6999999999988,10,432.31999999999846,2opt,notBad
6150,10,435.6999999999988,10,432.31999999999846,move,improve
6151,10,435.6999999999988,10,432.31999999999846,2opt,improve
6152,10,435.6999999999988,10,432.31999999999846,swap,notBad
6153,10,435.6999999999988,10,432.31999999999846,swap,notBad
6154,10,435.6999999999988,10,432.31999999999846,swap,notBad
6155,10,435.6999999999988,10,432.31999999999846,swap,notBad
6156,10,435.6999999999988,10,432.31999999999846,swap,notBad
6157,10,435.6999999999988,10,432.31999999999846,move,improve
6158,10,435.6999999999988,10,432.31999999999846,move,improve
6159,10,435.6999999999988,10,432.31999999999846,move,improve
6160,10,435.6999999999988,10,432.31999999999846,2opt,notBad
6161,10,435.6999999999988,10,432.31999999999846,swap,notBad
6162,10,435.6999999999988,10,432.31999999999846,2opt,improve
6163,10,435.6999999999988,10,432.31999999999846,swap,notBad
6164,10,435.6999999999988,10,432.31999999999846,move,improve
6165,10,435.6999999999988,10,432.31999999999846,move,improve
6166,10,435.6999999999988,10,432.31999999999846,move,improve
6167,10,435.6999999999988,10,432.31999999999846,move,improve
6168,10,435.6999999999988,10,432.31999999999846,move,improve
6169,10,435.6999999999988,10,432.31999999999846,move,improve
6170,10,435.6999999999988,10,432.31999999999846,swap,notBad
6171,10,435.6999999999988,10,432.31999999999846,2opt,notBad
6172,10,435.6999999999988,10,432.31999999999846,move,improve
6173,10,435.6999999999988,10,432.31999999999846,move,improve
6174,10,435.6999999999988,10,432.31999999999846,swap,notBad
6175,10,435.6999999999988,10,432.31999999999846,2opt,notBad
6176,10,435.6999999999988,10,432.31999999999846,swap,notBad
6177,10,435.6999999999988,10,432.31999999999846,move,improve
6178,10,435.6999999999988,10,432.31999999999846,move,improve
6179,10,435.6999999999988,10,432.31999999999846,move,improve
6180,10,435.6999999999988,10,432.31999999999846,swap,notBad
6181,10,435.6999999999988,10,432.31999999999846,2opt,notBad
6182,10,435.6999999999988,10,432.31999999999846,2opt,notBad
6183,10,435.6999999999988,10,432.31999999999846,move,improve
6184,10,435.6999999999988,10,432.31999999999846,2opt,notBad
6185,10,435.6999999999988,10,432.31999999999846,2opt,notBad
6186,10,435.6999999999988,10,432.31999999999846,move,improve
6187,10,435.6999999999988,10,432.31999999999846,move,improve
6188,10,435.6999999999988,10,432.31999999999846,swap,notBad
6189,10,435.6999999999988,10,432.31999999999846,2opt,improve
6190,10,435.6999999999988,10,432.31999999999846,move,improve
6191,10,435.6999999999988,10,432.31999999999846,move,improve
6192,10,440.0999999999988,10,432.31999999999846,swap,acceptBad
6193,10,440.0999999999988,10,432.31999999999846,move,improve
6194,10,440.0999999999988,10,432.31999999999846,move,improve
6195,10,440.0999999999988,10,432.31999999999846,2opt,notBad
6196,10,440.0999999999988,10,432.31999999999846,move,improve
6197,10,440.0999999999988,10,432.31999999999846,swap,notBad
6198,10,440.0999999999988,10,432.31999999999846,swap,notBad
6199,10,440.0999999999988,10,432.31999999999846,swap,notBad
6200,10,440.0999999999988,10,432.31999999999846,swap,notBad
6201,10,440.0999999999988,10,432.31999999999846,move,improve
6202,10,440.0999999999988,10,432.31999999999846,2opt,notBad
6203,10,440.0999999999988,10,432.31999999999846,swap,notBad
6204,10,440.0999999999988,10,432.31999999999846,2opt,improve
6205,10,440.0999999999988,10,432.31999999999846,2opt,notBad
6206,10,440.0999999999988,10,432.31999999999846,move,improve
6207,10,440.0999999999988,10,432.31999999999846,2opt,improve
6208,10,439.4399999999989,10,432.31999999999846,move,improve
6209,10,439.4399999999989,10,432.31999999999846,2opt,notBad
6210,10,439.4399999999989,10,432.31999999999846,swap,notBad
6211,10,439.4399999999989,10,432.31999999999846,move,improve
6212,10,439.4399999999989,10,432.31999999999846,swap,notBad
6213,10,439.4399999999989,10,432.31999999999846,swap,notBad
6214,10,439.4399999999989,10,432.31999999999846,move,improve
6215,10,439.4399999999989,10,432.31999999999846,2opt,notBad
6216,10,439.4399999999989,10,432.31999999999846,swap,notBad
6217,10,439.4399999999989,10,432.31999999999846,move,improve
6218,10,439.4399999999989,10,432.31999999999846,move,improve
6219,10,439.4399999999989,10,432.31999999999846,2opt,notBad
6220,10,439.4399999999989,10,432.31999999999846,swap,notBad
6221,10,439.4399999999989,10,432.31999999999846,2opt,notBad
6222,10,439.4399999999989,10,432.31999999999846,2opt,notBad
6223,10,439.4399999999989,10,432.31999999999846,2opt,improve
6224,10,439.4399999999989,10,432.31999999999846,swap,notBad
6225,10,439.4399999999989,10,432.31999999999846,move,improve
6226,10,439.4399999999989,10,432.31999999999846,2opt,notBad
6227,10,439.4399999999989,10,432.31999999999846,2opt,notBad
6228,10,439.4399999999989,10,432.31999999999846,swap,notBad
6229,10,439.4399999999989,10,432.31999999999846,swap,notBad
6230,10,439.4399999999989,10,432.31999999999846,move,improve
6231,10,439.4399999999989,10,432.31999999999846,swap,notBad
6232,10,439.4399999999989,10,432.31999999999846,2opt,notBad
6233,10,439.4399999999989,10,432.31999999999846,move,improve
6234,10,439.4399999999989,10,432.31999999999846,2opt,notBad
6235,10,439.4399999999989,10,432.31999999999846,move,improve
6236,10,439.4399999999989,10,432.31999999999846,2opt,notBad
6237,10,439.4399999999989,10,432.31999999999846,2opt,notBad
6238,10,442.01999999999856,10,432.31999999999846,swap,acceptBad
6239,10,442.01999999999856,10,432.31999999999846,swap,notBad
6240,10,442.01999999999856,10,432.31999999999846,move,improve
6241,10,442.01999999999856,10,432.31999999999846,swap,notBad
6242,10,442.0199999999992,10,432.31999999999846,swap,acceptBad
6243,10,442.0199999999992,10,432.31999999999846,2opt,notBad
6244,10,442.0199999999992,10,432.31999999999846,2opt,notBad
6245,10,442.0199999999992,10,432.31999999999846,2opt,notBad
6246,10,442.0199999999992,10,432.31999999999846,2opt,notBad
6247,10,442.0199999999992,10,432.31999999999846,swap,notBad
6248,10,442.0199999999992,10,432.31999999999846,2opt,notBad
6249,10,442.0199999999992,10,432.31999999999846,2opt,notBad
6250,10,442.0199999999992,10,432.31999999999846,swap,notBad
6251,10,440.0199999999984,10,432.31999999999846,swap,improve
6252,10,440.0199999999984,10,432.31999999999846,2opt,notBad
6253,10,440.0199999999984,10,432.31999999999846,move,improve
6254,10,440.0199999999984,10,432.31999999999846,move,improve
6255,10,440.0199999999984,10,432.31999999999846,swap,notBad
6256,10,440.0199999999984,10,432.31999999999846,swap,notBad
6257,10,440.0199999999984,10,432.31999999999846,2opt,notBad
6258,10,440.0199999999984,10,432.31999999999846,swap,notBad
6259,10,440.0199999999984,10,432.31999999999846,move,improve
6260,10,440.0199999999984,10,432.31999999999846,2opt,improve
6261,10,440.0199999999984,10,432.31999999999846,2opt,notBad
6262,10,440.0199999999984,10,432.31999999999846,swap,notBad
6263,10,440.0199999999984,10,432.31999999999846,2opt,notBad
6264,10,440.0199999999984,10,432.31999999999846,move,improve
6265,10,440.0199999999984,10,432.31999999999846,swap,notBad
6266,10,440.0199999999984,10,432.31999999999846,swap,notBad
6267,10,440.0199999999984,10,432.31999999999846,2opt,notBad
6268,10,440.0199999999984,10,432.31999999999846,2opt,notBad
6269,10,440.0199999999984,10,432.31999999999846,move,improve
6270,10,440.0199999999984,10,432.31999999999846,2opt,notBad
6271,10,440.0199999999984,10,432.31999999999846,swap,notBad
6272,10,440.0199999999984,10,432.31999999999846,swap,notBad
6273,10,440.0199999999984,10,432.31999999999846,swap,notBad
6274,10,446.0799999999984,10,432.31999999999846,2opt,acceptBad
6275,10,446.0799999999984,10,432.31999999999846,swap,notBad
6276,10,446.0799999999984,10,432.31999999999846,move,improve
6277,10,446.0799999999984,10,432.31999999999846,move,improve
6278,10,446.0799999999984,10,432.31999999999846,2opt,notBad
6279,10,446.0799999999984,10,432.31999999999846,move,improve
6280,10,446.0799999999984,10,432.31999999999846,move,improve
6281,10,446.0799999999984,10,432.31999999999846,2opt,notBad
6282,10,446.0799999999984,10,432.31999999999846,move,improve
6283,10,446.0799999999984,10,432.31999999999846,2opt,notBad
6284,10,446.0799999999984,10,432.31999999999846,move,improve
6285,10,445.4999999999989,10,432.31999999999846,move,improve
6286,10,445.4999999999989,10,432.31999999999846,2opt,notBad
6287,10,445.4999999999989,10,432.31999999999846,move,improve
6288,10,445.4999999999989,10,432.31999999999846,2opt,notBad
6289,10,445.4999999999989,10,432.31999999999846,move,improve
6290,10,445.4999999999989,10,432.31999999999846,move,improve
6291,10,445.4999999999989,10,432.31999999999846,2opt,notBad
6292,10,445.4999999999989,10,432.31999999999846,2opt,notBad
6293,10,445.4999999999989,10,432.31999999999846,swap,notBad
6294,10,445.4999999999989,10,432.31999999999846,move,improve
6295,10,445.4999999999989,10,432.31999999999846,swap,notBad
6296,10,445.4999999999989,10,432.31999999999846,move,improve
6297,10,445.4999999999989,10,432.31999999999846,move,improve
6298,10,445.4999999999989,10,432.31999999999846,2opt,notBad
6299,10,445.4999999999989,10,432.31999999999846,2opt,notBad
6300,10,445.4999999999989,10,432.31999999999846,move,improve
6301,10,445.4999999999989,10,432.31999999999846,2opt,improve
6302,10,445.4999999999989,10,432.31999999999846,2opt,notBad
6303,10,445.4999999999989,10,432.31999999999846,2opt,notBad
6304,10,445.4999999999989,10,432.31999999999846,move,improve
6305,10,439.73999999999876,10,432.31999999999846,move,improve
6306,10,439.73999999999876,10,432.31999999999846,move,improve
6307,10,439.73999999999876,10,432.31999999999846,swap,notBad
6308,10,439.73999999999876,10,432.31999999999846,swap,notBad
6309,10,439.73999999999876,10,432.31999999999846,2opt,notBad
6310,10,439.73999999999876,10,432.31999999999846,move,improve
6311,10,439.73999999999876,10,432.31999999999846,swap,notBad
6312,10,439.73999999999876,10,432.31999999999846,move,improve
6313,10,439.73999999999876,10,432.31999999999846,move,improve
6314,10,439.73999999999876,10,432.31999999999846,2opt,notBad
6315,10,439.73999999999876,10,432.31999999999846,move,improve
6316,10,439.73999999999876,10,432.31999999999846,2opt,notBad
6317,10,439.73999999999876,10,432.31999999999846,swap,notBad
6318,10,439.73999999999876,10,432.31999999999846,swap,notBad
6319,10,439.73999999999876,10,432.31999999999846,move,improve
6320,10,439.73999999999876,10,432.31999999999846,2opt,notBad
6321,10,439.73999999999876,10,432.31999999999846,move,improve
6322,10,439.73999999999876,10,432.31999999999846,swap,notBad
6323,10,439.73999999999876,10,432.31999999999846,2opt,notBad
6324,10,439.73999999999876,10,432.31999999999846,move,improve
6325,10,439.73999999999876,10,432.31999999999846,swap,notBad
6326,10,439.73999999999876,10,432.31999999999846,swap,notBad
6327,10,439.73999999999876,10,432.31999999999846,swap,notBad
6328,10,439.73999999999876,10,432.31999999999846,2opt,notBad
6329,10,439.73999999999876,10,432.31999999999846,2opt,notBad
6330,10,439.73999999999876,10,432.31999999999846,2opt,notBad
6331,10,439.73999999999876,10,432.31999999999846,swap,notBad
6332,10,439.73999999999876,10,432.31999999999846,swap,notBad
6333,10,439.73999999999876,10,432.31999999999846,move,improve
6334,10,439.73999999999876,10,432.31999999999846,move,improve
6335,10,439.73999999999876,10,432.31999999999846,2opt,notBad
6336,10,439.73999999999876,10,432.31999999999846,swap,notBad
6337,10,439.73999999999876,10,432.31999999999846,swap,notBad
6338,10,439.73999999999876,10,432.31999999999846,swap,notBad
6339,10,439.73999999999876,10,432.31999999999846,2opt,notBad
6340,10,439.73999999999876,10,432.31999999999846,2opt,notBad
6341,10,439.73999999999876,10,432.31999999999846,2opt,notBad
6342,10,439.73999999999876,10,432.31999999999846,2opt,notBad
6343,10,439.73999999999876,10,432.31999999999846,2opt,notBad
6344,10,439.73999999999876,10,432.31999999999846,2opt,notBad
6345,10,439.73999999999876,10,432.31999999999846,2opt,notBad
6346,10,439.73999999999876,10,432.31999999999846,2opt,notBad
6347,10,439.73999999999876,10,432.31999999999846,move,improve
6348,10,439.73999999999876,10,432.31999999999846,move,improve
6349,10,439.73999999999876,10,432.31999999999846,2opt,notBad
6350,10,439.73999999999876,10,432.31999999999846,2opt,notBad
6351,10,439.73999999999876,10,432.31999999999846,swap,notBad
6352,10,439.73999999999876,10,432.31999999999846,move,improve
6353,10,439.73999999999876,10,432.31999999999846,move,improve
6354,10,439.73999999999876,10,432.31999999999846,2opt,notBad
6355,10,439.73999999999876,10,432.31999999999846,swap,notBad
6356,10,439.73999999999876,10,432.31999999999846,move,improve
6357,10,439.73999999999876,10,432.31999999999846,move,improve
6358,10,439.73999999999876,10,432.31999999999846,swap,notBad
6359,10,439.73999999999876,10,432.31999999999846,2opt,improve
6360,10,439.73999999999876,10,432.31999999999846,move,improve
6361,10,439.73999999999876,10,432.31999999999846,2opt,notBad
6362,10,439.73999999999876,10,432.31999999999846,2opt,notBad
6363,10,439.73999999999876,10,432.31999999999846,swap,notBad
6364,10,439.73999999999876,10,432.31999999999846,2opt,notBad
6365,10,439.73999999999876,10,432.31999999999846,2opt,notBad
6366,10,439.73999999999876,10,432.31999999999846,swap,notBad
6367,10,439.73999999999876,10,432.31999999999846,swap,notBad
6368,10,439.73999999999876,10,432.31999999999846,move,improve
6369,10,439.73999999999876,10,432.31999999999846,2opt,notBad
6370,10,439.73999999999876,10,432.31999999999846,swap,notBad
6371,10,439.73999999999876,10,432.31999999999846,2opt,notBad
6372,10,439.73999999999876,10,432.31999999999846,move,improve
6373,10,439.73999999999876,10,432.31999999999846,swap,notBad
6374,10,439.73999999999876,10,432.31999999999846,2opt,notBad
6375,10,439.73999999999876,10,432.31999999999846,swap,notBad
6376,10,438.3199999999989,10,432.31999999999846,swap,improve
6377,10,438.3199999999989,10,432.31999999999846,2opt,notBad
6378,10,438.3199999999989,10,432.31999999999846,2opt,notBad
6379,10,438.3199999999989,10,432.31999999999846,move,improve
6380,10,438.3199999999989,10,432.31999999999846,move,improve
6381,10,438.3199999999989,10,432.31999999999846,move,improve
6382,10,438.3199999999989,10,432.31999999999846,swap,notBad
6383,10,438.3199999999989,10,432.31999999999846,move,improve
6384,10,438.3199999999989,10,432.31999999999846,2opt,improve
6385,10,438.3199999999989,10,432.31999999999846,2opt,notBad
6386,10,438.3199999999989,10,432.31999999999846,swap,notBad
6387,10,438.3199999999989,10,432.31999999999846,2opt,notBad
6388,10,438.3199999999989,10,432.31999999999846,swap,notBad
6389,10,438.3199999999989,10,432.31999999999846,swap,notBad
6390,10,438.3199999999989,10,432.31999999999846,move,improve
6391,10,438.3199999999989,10,432.31999999999846,2opt,notBad
6392,10,438.3199999999989,10,432.31999999999846,2opt,notBad
6393,10,438.3199999999989,10,432.31999999999846,move,improve
6394,10,438.3199999999989,10,432.31999999999846,swap,notBad
6395,10,438.3199999999989,10,432.31999999999846,move,improve
6396,10,438.3199999999989,10,432.31999999999846,2opt,notBad
6397,10,438.3199999999989,10,432.31999999999846,swap,notBad
6398,10,438.3199999999989,10,432.31999999999846,move,improve
6399,10,438.3199999999989,10,432.31999999999846,2opt,notBad
6400,10,438.3199999999989,10,432.31999999999846,swap,notBad
6401,10,438.3199999999989,10,432.31999999999846,swap,notBad
6402,10,438.3199999999989,10,432.31999999999846,move,improve
6403,10,438.3199999999989,10,432.31999999999846,swap,notBad
6404,10,438.3199999999989,10,432.31999999999846,swap,notBad
6405,10,438.3199999999989,10,432.31999999999846,swap,notBad
6406,10,438.3199999999989,10,432.31999999999846,move,improve
6407,10,438.3199999999989,10,432.31999999999846,2opt,notBad
6408,10,438.3199999999989,10,432.31999999999846,2opt,notBad
6409,10,438.3199999999989,10,432.31999999999846,swap,notBad
6410,10,438.3199999999989,10,432.31999999999846,2opt,notBad
6411,10,438.3199999999989,10,432.31999999999846,2opt,notBad
6412,10,438.3199999999989,10,432.31999999999846,2opt,notBad
6413,10,438.3199999999989,10,432.31999999999846,move,improve
6414,10,438.3199999999989,10,432.31999999999846,swap,notBad
6415,10,438.3199999999989,10,432.31999999999846,swap,notBad
6416,10,438.3199999999989,10,432.31999999999846,2opt,notBad
6417,10,438.3199999999989,10,432.31999999999846,swap,notBad
6418,10,438.3199999999989,10,432.31999999999846,swap,notBad
6419,10,438.3199999999989,10,432.31999999999846,move,improve
6420,10,438.3199999999989,10,432.31999999999846,2opt,notBad
6421,10,438.3199999999989,10,432.31999999999846,swap,notBad
6422,10,438.3199999999989,10,432.31999999999846,2opt,improve
6423,10,438.3199999999989,10,432.31999999999846,move,improve
6424,10,438.3199999999989,10,432.31999999999846,swap,notBad
6425,10,438.3199999999989,10,432.31999999999846,2opt,notBad
6426,10,438.3199999999989,10,432.31999999999846,2opt,notBad
6427,10,438.3199999999989,10,432.31999999999846,swap,notBad
6428,10,438.3199999999989,10,432.31999999999846,move,improve
6429,10,438.3199999999989,10,432.31999999999846,move,improve
6430,10,438.3199999999989,10,432.31999999999846,swap,notBad
6431,10,449.85999999999876,10,432.31999999999846,swap,acceptBad
6432,10,449.85999999999876,10,432.31999999999846,swap,notBad
6433,10,449.85999999999876,10,432.31999999999846,move,improve
6434,10,436.79999999999893,10,432.31999999999846,move,improve
6435,10,436.79999999999893,10,432.31999999999846,2opt,notBad
6436,10,436.79999999999893,10,432.31999999999846,2opt,notBad
6437,10,436.79999999999893,10,432.31999999999846,move,improve
6438,10,436.79999999999893,10,432.31999999999846,swap,notBad
6439,10,436.79999999999893,10,432.31999999999846,2opt,notBad
6440,10,436.79999999999893,10,432.31999999999846,2opt,notBad
6441,10,436.79999999999893,10,432.31999999999846,swap,notBad
6442,10,436.79999999999893,10,432.31999999999846,2opt,notBad
6443,10,436.79999999999893,10,432.31999999999846,move,improve
6444,10,436.79999999999893,10,432.31999999999846,2opt,notBad
6445,10,436.79999999999893,10,432.31999999999846,move,improve
6446,10,436.79999999999893,10,432.31999999999846,2opt,notBad
6447,10,436.79999999999893,10,432.31999999999846,2opt,notBad
6448,10,436.79999999999893,10,432.31999999999846,move,improve
6449,10,436.79999999999893,10,432.31999999999846,swap,notBad
6450,10,436.79999999999893,10,432.31999999999846,swap,notBad
6451,10,436.79999999999893,10,432.31999999999846,swap,notBad
6452,10,436.79999999999893,10,432.31999999999846,move,improve
6453,10,436.79999999999893,10,432.31999999999846,swap,notBad
6454,10,436.79999999999893,10,432.31999999999846,move,improve
6455,10,436.79999999999893,10,432.31999999999846,move,improve
6456,10,436.79999999999893,10,432.31999999999846,2opt,notBad
6457,10,436.79999999999893,10,432.31999999999846,swap,notBad
6458,10,436.79999999999893,10,432.31999999999846,2opt,notBad
6459,10,436.79999999999893,10,432.31999999999846,swap,notBad
6460,10,436.79999999999893,10,432.31999999999846,move,improve
6461,10,436.79999999999893,10,432.31999999999846,move,improve
6462,10,436.79999999999893,10,432.31999999999846,move,improve
6463,10,436.79999999999893,10,432.31999999999846,2opt,notBad
6464,10,436.79999999999893,10,432.31999999999846,2opt,notBad
6465,10,436.79999999999893,10,432.31999999999846,move,improve
6466,10,436.79999999999893,10,432.31999999999846,swap,notBad
6467,10,436.79999999999893,10,432.31999999999846,move,improve
6468,10,436.79999999999893,10,432.31999999999846,move,improve
6469,10,436.79999999999893,10,432.31999999999846,move,improve
6470,10,436.79999999999893,10,432.31999999999846,2opt,notBad
6471,10,436.79999999999893,10,432.31999999999846,2opt,notBad
6472,10,436.79999999999893,10,432.31999999999846,swap,notBad
6473,10,436.79999999999893,10,432.31999999999846,move,improve
6474,10,436.79999999999893,10,432.31999999999846,2opt,improve
6475,10,436.79999999999893,10,432.31999999999846,2opt,notBad
6476,10,436.79999999999893,10,432.31999999999846,move,improve
6477,10,436.79999999999893,10,432.31999999999846,move,improve
6478,10,436.79999999999893,10,432.31999999999846,move,improve
6479,10,431.95999999999964,10,431.95999999999964,swap,newBest
6480,10,431.95999999999964,10,431.95999999999964,swap,notBad
6481,10,431.95999999999964,10,431.95999999999964,move,improve
6482,10,431.95999999999964,10,431.95999999999964,move,improve
6483,10,431.95999999999964,10,431.95999999999964,swap,notBad
6484,10,431.95999999999964,10,431.95999999999964,2opt,notBad
6485,10,431.95999999999964,10,431.95999999999964,move,improve
6486,10,431.95999999999964,10,431.95999999999964,2opt,notBad
6487,10,431.95999999999964,10,431.95999999999964,2opt,notBad
6488,10,431.95999999999964,10,431.95999999999964,move,improve
6489,10,431.95999999999964,10,431.95999999999964,move,improve
6490,10,431.95999999999964,10,431.95999999999964,2opt,notBad
6491,10,437.1599999999997,10,431.95999999999964,2opt,acceptBad
6492,10,437.1599999999997,10,431.95999999999964,move,improve
6493,10,437.1599999999997,10,431.95999999999964,2opt,notBad
6494,10,437.1599999999997,10,431.95999999999964,2opt,notBad
6495,10,437.1599999999997,10,431.95999999999964,swap,notBad
6496,10,437.1599999999997,10,431.95999999999964,2opt,notBad
6497,10,437.1599999999997,10,431.95999999999964,2opt,notBad
6498,10,437.1599999999997,10,431.95999999999964,swap,notBad
6499,10,437.1599999999997,10,431.95999999999964,2opt,notBad
6500,10,437.1599999999997,10,431.95999999999964,2opt,notBad
6501,10,437.1599999999997,10,431.95999999999964,2opt,notBad
6502,10,437.1599999999997,10,431.95999999999964,2opt,notBad
6503,10,437.1599999999997,10,431.95999999999964,move,improve
6504,10,437.1599999999997,10,431.95999999999964,move,improve
6505,10,437.1599999999997,10,431.95999999999964,move,improve
6506,10,437.1599999999997,10,431.95999999999964,2opt,notBad
6507,10,437.1599999999997,10,431.95999999999964,move,improve
6508,10,437.1599999999997,10,431.95999999999964,2opt,notBad
6509,10,437.1599999999997,10,431.95999999999964,swap,notBad
6510,10,437.1599999999997,10,431.95999999999964,2opt,notBad
6511,10,437.1599999999997,10,431.95999999999964,2opt,notBad
6512,10,437.1599999999997,10,431.95999999999964,move,improve
6513,10,432.33999999999867,10,431.95999999999964,move,improve
6514,10,432.33999999999867,10,431.95999999999964,2opt,notBad
6515,10,432.33999999999867,10,431.95999999999964,2opt,notBad
6516,10,432.33999999999867,10,431.95999999999964,2opt,notBad
6517,10,432.33999999999867,10,431.95999999999964,swap,notBad
6518,10,432.33999999999867,10,431.95999999999964,move,improve
6519,10,432.33999999999867,10,431.95999999999964,2opt,notBad
6520,10,432.33999999999867,10,431.95999999999964,move,improve
6521,10,432.33999999999867,10,431.95999999999964,move,improve
6522,10,432.33999999999867,10,431.95999999999964,2opt,notBad
6523,10,432.33999999999867,10,431.95999999999964,2opt,notBad
6524,10,432.33999999999867,10,431.95999999999964,move,improve
6525,10,432.33999999999867,10,431.95999999999964,move,improve
6526,10,432.33999999999867,10,431.95999999999964,2opt,notBad
6527,10,432.33999999999867,10,431.95999999999964,move,improve
6528,10,432.33999999999867,10,431.95999999999964,2opt,notBad
6529,10,432.33999999999867,10,431.95999999999964,2opt,notBad
6530,10,432.33999999999867,10,431.95999999999964,2opt,notBad
6531,10,432.33999999999867,10,431.95999999999964,move,improve
6532,10,432.33999999999867,10,431.95999999999964,2opt,notBad
6533,10,432.33999999999867,10,431.95999999999964,2opt,notBad
6534,10,432.33999999999867,10,431.95999999999964,swap,notBad
6535,10,432.33999999999867,10,431.95999999999964,move,improve
6536,10,432.33999999999867,10,431.95999999999964,swap,notBad
6537,10,432.33999999999867,10,431.95999999999964,2opt,notBad
6538,10,432.33999999999867,10,431.95999999999964,2opt,notBad
6539,10,432.33999999999867,10,431.95999999999964,2opt,notBad
6540,10,432.33999999999867,10,431.95999999999964,swap,notBad
6541,10,432.33999999999867,10,431.95999999999964,move,improve
6542,10,432.33999999999867,10,431.95999999999964,swap,notBad
6543,10,432.33999999999867,10,431.95999999999964,swap,notBad
6544,10,432.33999999999867,10,431.95999999999964,move,improve
6545,10,432.33999999999867,10,431.95999999999964,move,improve
6546,10,432.33999999999867,10,431.95999999999964,2opt,notBad
6547,10,432.33999999999867,10,431.95999999999964,move,improve
6548,10,432.33999999999867,10,431.95999999999964,move,improve
6549,10,432.33999999999867,10,431.95999999999964,2opt,notBad
6550,10,432.33999999999867,10,431.95999999999964,move,improve
6551,10,432.33999999999867,10,431.95999999999964,move,improve
6552,10,432.33999999999867,10,431.95999999999964,move,improve
6553,10,432.33999999999867,10,431.95999999999964,2opt,notBad
6554,10,432.33999999999867,10,431.95999999999964,2opt,notBad
6555,10,432.33999999999867,10,431.95999999999964,move,improve
6556,10,432.33999999999867,10,431.95999999999964,swap,notBad
6557,10,432.33999999999867,10,431.95999999999964,swap,notBad
6558,10,432.33999999999867,10,431.95999999999964,swap,notBad
6559,10,432.33999999999867,10,431.95999999999964,swap,notBad
6560,10,432.33999999999867,10,431.95999999999964,swap,notBad
6561,10,432.33999999999867,10,431.95999999999964,move,improve
6562,10,432.33999999999867,10,431.95999999999964,move,improve
6563,10,432.33999999999867,10,431.95999999999964,swap,notBad
6564,10,432.35999999999865,10,431.95999999999964,swap,acceptBad
6565,10,432.35999999999865,10,431.95999999999964,swap,notBad
6566,10,432.35999999999865,10,431.95999999999964,2opt,notBad
6567,10,432.35999999999865,10,431.95999999999964,swap,notBad
6568,10,432.35999999999865,10,431.95999999999964,move,improve
6569,10,432.35999999999865,10,431.95999999999964,move,improve
6570,10,432.35999999999865,10,431.95999999999964,move,improve
6571,10,432.35999999999865,10,431.95999999999964,swap,notBad
6572,10,432.35999999999865,10,431.95999999999964,swap,notBad
6573,10,432.2399999999986,10,431.95999999999964,move,improve
6574,10,432.2399999999986,10,431.95999999999964,swap,notBad
6575,10,432.2399999999986,10,431.95999999999964,2opt,notBad
6576,10,432.2399999999986,10,431.95999999999964,move,improve
6577,10,432.2399999999986,10,431.95999999999964,swap,notBad
6578,10,420.11999999999864,10,420.11999999999864,move,newBest
6579,10,420.11999999999864,10,420.11999999999864,2opt,notBad
6580,10,420.09999999999866,10,420.09999999999866,move,newBest
6581,10,420.09999999999866,10,420.09999999999866,2opt,notBad
6582,10,420.09999999999866,10,420.09999999999866,2opt,notBad
6583,10,420.09999999999866,10,420.09999999999866,swap,notBad
6584,10,420.09999999999866,10,420.09999999999866,2opt,notBad
6585,10,420.09999999999866,10,420.09999999999866,2opt,notBad
6586,10,420.09999999999866,10,420.09999999999866,2opt,notBad
6587,10,420.09999999999866,10,420.09999999999866,swap,notBad
6588,10,420.09999999999866,10,420.09999999999866,swap,notBad
6589,10,420.09999999999866,10,420.09999999999866,2opt,notBad
6590,10,420.09999999999866,10,420.09999999999866,move,improve
6591,10,420.09999999999866,10,420.09999999999866,swap,notBad
6592,10,420.09999999999866,10,420.09999999999866,swap,notBad
6593,10,420.09999999999866,10,420.09999999999866,2opt,notBad
6594,10,420.09999999999866,10,420.09999999999866,2opt,notBad
6595,10,420.09999999999866,10,420.09999999999866,2opt,notBad
6596,10,420.09999999999866,10,420.09999999999866,move,improve
6597,10,420.09999999999866,10,420.09999999999866,swap,notBad
6598,10,420.09999999999866,10,420.09999999999866,swap,notBad
6599,10,420.09999999999866,10,420.09999999999866,move,improve
6600,10,420.09999999999866,10,420.09999999999866,2opt,notBad
6601,10,420.09999999999866,10,420.09999999999866,swap,notBad
6602,10,420.09999999999866,10,420.09999999999866,move,improve
6603,10,420.09999999999866,10,420.09999999999866,swap,notBad
6604,10,420.09999999999866,10,420.09999999999866,2opt,notBad
6605,10,420.09999999999866,10,420.09999999999866,swap,notBad
6606,10,420.09999999999866,10,420.09999999999866,swap,notBad
6607,10,420.09999999999866,10,420.09999999999866,move,improve
6608,10,420.09999999999866,10,420.09999999999866,move,improve
6609,10,420.09999999999866,10,420.09999999999866,swap,notBad
6610,10,420.09999999999866,10,420.09999999999866,swap,notBad
6611,10,420.09999999999866,10,420.09999999999866,2opt,notBad
6612,10,420.09999999999866,10,420.09999999999866,swap,notBad
6613,10,420.09999999999866,10,420.09999999999866,2opt,notBad
6614,10,420.09999999999866,10,420.09999999999866,swap,notBad
6615,10,420.09999999999866,10,420.09999999999866,swap,notBad
6616,10,420.09999999999866,10,420.09999999999866,2opt,notBad
6617,10,420.09999999999866,10,420.09999999999866,swap,notBad
6618,10,420.09999999999866,10,420.09999999999866,move,improve
6619,10,420.09999999999866,10,420.09999999999866,swap,notBad
6620,10,420.09999999999866,10,420.09999999999866,2opt,notBad
6621,10,420.09999999999866,10,420.09999999999866,swap,notBad
6622,10,420.09999999999866,10,420.09999999999866,2opt,notBad
6623,10,420.09999999999866,10,420.09999999999866,2opt,notBad
6624,10,420.09999999999866,10,420.09999999999866,2opt,notBad
6625,10,420.09999999999866,10,420.09999999999866,2opt,notBad
6626,10,420.09999999999866,10,420.09999999999866,2opt,notBad
6627,10,420.09999999999866,10,420.09999999999866,2opt,notBad
6628,10,420.09999999999866,10,420.09999999999866,move,improve
6629,10,420.09999999999866,10,420.09999999999866,swap,notBad
6630,10,420.09999999999866,10,420.09999999999866,move,improve
6631,10,420.09999999999866,10,420.09999999999866,2opt,notBad
6632,10,420.09999999999866,10,420.09999999999866,swap,notBad
6633,10,420.09999999999866,10,420.09999999999866,swap,notBad
6634,10,420.09999999999866,10,420.09999999999866,2opt,notBad
6635,10,420.09999999999866,10,420.09999999999866,2opt,notBad
6636,10,420.09999999999866,10,420.09999999999866,move,improve
6637,10,420.09999999999866,10,420.09999999999866,move,improve
6638,10,420.09999999999866,10,420.09999999999866,move,improve
6639,10,420.09999999999866,10,420.09999999999866,2opt,notBad
6640,10,420.09999999999866,10,420.09999999999866,move,improve
6641,10,420.09999999999866,10,420.09999999999866,2opt,notBad
6642,10,420.09999999999866,10,420.09999999999866,swap,notBad
6643,10,420.09999999999866,10,420.09999999999866,2opt,notBad
6644,10,420.09999999999866,10,420.09999999999866,move,improve
6645,10,420.09999999999866,10,420.09999999999866,swap,notBad
6646,10,420.09999999999866,10,420.09999999999866,move,improve
6647,10,420.09999999999866,10,420.09999999999866,2opt,notBad
6648,10,420.09999999999866,10,420.09999999999866,2opt,improve
6649,10,420.09999999999866,10,420.09999999999866,swap,notBad
6650,10,420.09999999999866,10,420.09999999999866,swap,notBad
6651,10,420.09999999999866,10,420.09999999999866,move,improve
6652,10,420.09999999999866,10,420.09999999999866,2opt,notBad
6653,10,420.09999999999866,10,420.09999999999866,2opt,notBad
6654,10,420.09999999999866,10,420.09999999999866,swap,notBad
6655,10,420.09999999999866,10,420.09999999999866,2opt,notBad
6656,10,420.09999999999866,10,420.09999999999866,move,improve
6657,10,420.09999999999866,10,420.09999999999866,2opt,notBad
6658,10,420.09999999999866,10,420.09999999999866,swap,notBad
6659,10,420.09999999999866,10,420.09999999999866,swap,notBad
6660,10,420.09999999999866,10,420.09999999999866,2opt,notBad
6661,10,420.09999999999866,10,420.09999999999866,swap,notBad
6662,10,420.09999999999866,10,420.09999999999866,2opt,notBad
6663,10,420.09999999999866,10,420.09999999999866,move,improve
6664,10,420.09999999999866,10,420.09999999999866,move,improve
6665,10,420.09999999999866,10,420.09999999999866,swap,notBad
6666,10,420.09999999999866,10,420.09999999999866,swap,notBad
6667,10,420.09999999999866,10,420.09999999999866,move,improve
6668,10,420.09999999999866,10,420.09999999999866,move,improve
6669,10,420.09999999999866,10,420.09999999999866,swap,notBad
6670,10,420.09999999999866,10,420.09999999999866,2opt,notBad
6671,10,420.09999999999866,10,420.09999999999866,2opt,notBad
6672,10,420.09999999999866,10,420.09999999999866,2opt,notBad
6673,10,420.09999999999866,10,420.09999999999866,swap,notBad
6674,10,420.09999999999866,10,420.09999999999866,swap,notBad
6675,10,420.09999999999866,10,420.09999999999866,swap,notBad
6676,10,420.09999999999866,10,420.09999999999866,2opt,notBad
6677,10,420.09999999999866,10,420.09999999999866,swap,notBad
6678,10,420.09999999999866,10,420.09999999999866,2opt,notBad
6679,10,420.09999999999866,10,420.09999999999866,swap,notBad
6680,10,420.09999999999866,10,420.09999999999866,2opt,notBad
6681,10,420.09999999999866,10,420.09999999999866,2opt,notBad
6682,10,420.09999999999866,10,420.09999999999866,2opt,notBad
6683,10,420.09999999999866,10,420.09999999999866,move,improve
6684,10,420.09999999999866,10,420.09999999999866,swap,notBad
6685,10,420.09999999999866,10,420.09999999999866,swap,notBad
6686,10,420.09999999999866,10,420.09999999999866,2opt,notBad
6687,10,420.09999999999866,10,420.09999999999866,2opt,notBad
6688,10,443.3799999999994,10,420.09999999999866,move,acceptBad
6689,10,443.3799999999994,10,420.09999999999866,move,improve
6690,10,443.3799999999994,10,420.09999999999866,2opt,improve
6691,10,443.3799999999994,10,420.09999999999866,swap,notBad
6692,10,443.3799999999994,10,420.09999999999866,2opt,notBad
6693,10,443.3799999999994,10,420.09999999999866,2opt,notBad
6694,10,443.3799999999994,10,420.09999999999866,swap,notBad
6695,10,443.3799999999994,10,420.09999999999866,2opt,notBad
6696,10,443.3799999999994,10,420.09999999999866,move,improve
6697,10,443.3799999999994,10,420.09999999999866,move,improve
6698,10,442.8599999999995,10,420.09999999999866,move,improve
6699,10,442.8599999999995,10,420.09999999999866,2opt,improve
6700,10,442.8599999999995,10,420.09999999999866,swap,notBad
6701,10,442.8599999999995,10,420.09999999999866,move,improve
6702,10,442.8599999999995,10,420.09999999999866,swap,notBad
6703,10,442.8599999999995,10,420.09999999999866,swap,notBad
6704,10,442.8599999999995,10,420.09999999999866,move,improve
6705,10,442.8599999999995,10,420.09999999999866,swap,notBad
6706,10,442.8599999999995,10,420.09999999999866,move,improve
6707,10,442.8599999999995,10,420.09999999999866,2opt,notBad
6708,10,442.8599999999995,10,420.09999999999866,swap,notBad
6709,10,442.8599999999995,10,420.09999999999866,swap,notBad
6710,10,442.8599999999995,10,420.09999999999866,swap,notBad
6711,10,442.8599999999995,10,420.09999999999866,swap,notBad
6712,10,442.8599999999995,10,420.09999999999866,swap,notBad
6713,10,442.8599999999995,10,420.09999999999866,swap,notBad
6714,10,442.8599999999995,10,420.09999999999866,move,improve
6715,10,442.8599999999995,10,420.09999999999866,move,improve
6716,10,442.8599999999995,10,420.09999999999866,move,improve
6717,10,442.8599999999995,10,420.09999999999866,swap,notBad
6718,10,442.8599999999995,10,420.09999999999866,2opt,notBad
6719,10,442.8599999999995,10,420.09999999999866,move,improve
6720,10,426.53999999999905,10,420.09999999999866,move,improve
6721,10,426.53999999999905,10,420.09999999999866,move,improve
6722,10,426.53999999999905,10,420.09999999999866,2opt,improve
6723,10,426.53999999999905,10,420.09999999999866,move,improve
6724,10,426.53999999999905,10,420.09999999999866,move,improve
6725,10,426.53999999999905,10,420.09999999999866,swap,notBad
6726,10,426.53999999999905,10,420.09999999999866,move,improve
6727,10,426.419999999999,10,420.09999999999866,move,improve
6728,10,426.419999999999,10,420.09999999999866,2opt,notBad
6729,10,426.419999999999,10,420.09999999999866,2opt,notBad
6730,10,426.419999999999,10,420.09999999999866,move,improve
6731,10,426.419999999999,10,420.09999999999866,move,improve
6732,10,426.419999999999,10,420.09999999999866,move,improve
6733,10,426.419999999999,10,420.09999999999866,swap,notBad
6734,10,426.419999999999,10,420.09999999999866,swap,notBad
6735,10,426.419999999999,10,420.09999999999866,move,improve
6736,10,426.419999999999,10,420.09999999999866,move,improve
6737,10,426.419999999999,10,420.09999999999866,swap,notBad
6738,10,426.419999999999,10,420.09999999999866,move,improve
6739,10,426.419999999999,10,420.09999999999866,2opt,notBad
6740,10,426.419999999999,10,420.09999999999866,swap,notBad
6741,10,426.419999999999,10,420.09999999999866,move,improve
6742,10,426.419999999999,10,420.09999999999866,move,improve
6743,10,426.419999999999,10,420.09999999999866,swap,notBad
6744,10,426.419999999999,10,420.09999999999866,swap,notBad
6745,10,426.419999999999,10,420.09999999999866,2opt,notBad
6746,10,426.419999999999,10,420.09999999999866,2opt,notBad
6747,10,426.419999999999,10,420.09999999999866,2opt,notBad
6748,10,426.419999999999,10,420.09999999999866,2opt,notBad
6749,10,426.419999999999,10,420.09999999999866,2opt,notBad
6750,10,426.419999999999,10,420.09999999999866,2opt,notBad
6751,10,426.419999999999,10,420.09999999999866,swap,notBad
6752,10,426.419999999999,10,420.09999999999866,swap,notBad
6753,10,426.419999999999,10,420.09999999999866,2opt,notBad
6754,10,426.419999999999,10,420.09999999999866,move,improve
6755,10,426.419999999999,10,420.09999999999866,swap,notBad
6756,10,426.419999999999,10,420.09999999999866,move,improve
6757,10,426.419999999999,10,420.09999999999866,2opt,notBad
6758,10,426.419999999999,10,420.09999999999866,swap,notBad
6759,10,426.419999999999,10,420.09999999999866,move,improve
6760,10,426.419999999999,10,420.09999999999866,move,improve
6761,10,426.419999999999,10,420.09999999999866,move,improve
6762,10,426.419999999999,10,420.09999999999866,swap,notBad
6763,10,426.419999999999,10,420.09999999999866,2opt,notBad
6764,10,426.419999999999,10,420.09999999999866,2opt,notBad
6765,10,426.419999999999,10,420.09999999999866,2opt,notBad
6766,10,426.419999999999,10,420.09999999999866,2opt,notBad
6767,10,426.419999999999,10,420.09999999999866,move,improve
6768,10,426.419999999999,10,420.09999999999866,2opt,notBad
6769,10,426.419999999999,10,420.09999999999866,swap,notBad
6770,10,426.419999999999,10,420.09999999999866,swap,notBad
6771,10,426.419999999999,10,420.09999999999866,swap,notBad
6772,10,426.419999999999,10,420.09999999999866,swap,notBad
6773,10,426.419999999999,10,420.09999999999866,move,improve
6774,10,426.419999999999,10,420.09999999999866,move,improve
6775,10,426.419999999999,10,420.09999999999866,move,improve
6776,10,426.419999999999,10,420.09999999999866,2opt,notBad
6777,10,426.419999999999,10,420.09999999999866,swap,notBad
6778,10,426.419999999999,10,420.09999999999866,2opt,notBad
6779,10,426.419999999999,10,420.09999999999866,2opt,notBad
6780,10,426.419999999999,10,420.09999999999866,move,improve
6781,10,426.419999999999,10,420.09999999999866,swap,notBad
6782,10,426.419999999999,10,420.09999999999866,move,improve
6783,10,426.419999999999,10,420.09999999999866,move,improve
6784,10,426.419999999999,10,420.09999999999866,move,improve
6785,10,426.419999999999,10,420.09999999999866,2opt,notBad
6786,10,426.419999999999,10,420.09999999999866,move,improve
6787,10,426.419999999999,10,420.09999999999866,2opt,notBad
6788,10,426.419999999999,10,420.09999999999866,2opt,notBad
6789,10,426.419999999999,10,420.09999999999866,swap,notBad
6790,10,426.419999999999,10,420.09999999999866,2opt,notBad
6791,10,426.419999999999,10,420.09999999999866,move,improve
6792,10,426.419999999999,10,420.09999999999866,2opt,notBad
6793,10,426.419999999999,10,420.09999999999866,2opt,improve
6794,10,426.419999999999,10,420.09999999999866,move,improve
6795,10,426.419999999999,10,420.09999999999866,2opt,notBad
6796,10,426.419999999999,10,420.09999999999866,move,improve
6797,10,426.419999999999,10,420.09999999999866,swap,notBad
6798,10,426.419999999999,10,420.09999999999866,move,improve
6799,10,426.419999999999,10,420.09999999999866,move,improve
6800,10,426.419999999999,10,420.09999999999866,swap,notBad
6801,10,426.419999999999,10,420.09999999999866,2opt,notBad
6802,10,426.419999999999,10,420.09999999999866,swap,notBad
6803,10,426.419999999999,10,420.09999999999866,move,improve
6804,10,426.419999999999,10,420.09999999999866,move,improve
6805,10,426.419999999999,10,420.09999999999866,2opt,notBad
6806,10,426.419999999999,10,420.09999999999866,move,improve
6807,10,426.419999999999,10,420.09999999999866,2opt,notBad
6808,10,426.419999999999,10,420.09999999999866,move,improve
6809,10,434.21999999999906,10,420.09999999999866,swap,acceptBad
6810,10,428.61999999999927,10,420.09999999999866,move,improve
6811,10,428.61999999999927,10,420.09999999999866,swap,notBad
6812,10,428.61999999999927,10,420.09999999999866,2opt,notBad
6813,10,428.61999999999927,10,420.09999999999866,move,improve
6814,10,428.61999999999927,10,420.09999999999866,swap,notBad
6815,10,428.61999999999927,10,420.09999999999866,2opt,notBad
6816,10,428.61999999999927,10,420.09999999999866,2opt,notBad
6817,10,428.61999999999927,10,420.09999999999866,2opt,notBad
6818,10,428.61999999999927,10,420.09999999999866,2opt,notBad
6819,10,428.61999999999927,10,420.09999999999866,2opt,notBad
6820,10,428.61999999999927,10,420.09999999999866,move,improve
6821,10,428.61999999999927,10,420.09999999999866,2opt,notBad
6822,10,428.61999999999927,10,420.09999999999866,move,improve
6823,10,428.61999999999927,10,420.09999999999866,swap,notBad
6824,10,428.61999999999927,10,420.09999999999866,swap,notBad
6825,10,428.61999999999927,10,420.09999999999866,2opt,notBad
6826,10,428.61999999999927,10,420.09999999999866,2opt,notBad
6827,10,428.61999999999927,10,420.09999999999866,swap,notBad
6828,10,428.61999999999927,10,420.09999999999866,move,improve
6829,10,428.61999999999927,10,420.09999999999866,swap,notBad
6830,10,428.61999999999927,10,420.09999999999866,2opt,notBad
6831,10,428.61999999999927,10,420.09999999999866,2opt,notBad
6832,10,428.61999999999927,10,420.09999999999866,swap,notBad
6833,10,428.61999999999927,10,420.09999999999866,move,improve
6834,10,428.61999999999927,10,420.09999999999866,2opt,notBad
6835,10,428.61999999999927,10,420.09999999999866,2opt,notBad
6836,10,428.61999999999927,10,420.09999999999866,2opt,notBad
6837,10,428.61999999999927,10,420.09999999999866,2opt,notBad
6838,10,428.61999999999927,10,420.09999999999866,move,improve
6839,10,428.61999999999927,10,420.09999999999866,move,improve
6840,10,428.61999999999927,10,420.09999999999866,move,improve
6841,10,428.61999999999927,10,420.09999999999866,move,improve
6842,10,428.61999999999927,10,420.09999999999866,2opt,notBad
6843,10,428.61999999999927,10,420.09999999999866,2opt,notBad
6844,10,428.61999999999927,10,420.09999999999866,2opt,notBad
6845,10,428.61999999999927,10,420.09999999999866,2opt,notBad
6846,10,428.61999999999927,10,420.09999999999866,move,improve
6847,10,428.61999999999927,10,420.09999999999866,move,improve
6848,10,428.61999999999927,10,420.09999999999866,move,improve
6849,10,428.61999999999927,10,420.09999999999866,move,improve
6850,10,428.61999999999927,10,420.09999999999866,2opt,notBad
6851,10,428.61999999999927,10,420.09999999999866,swap,notBad
6852,10,428.61999999999927,10,420.09999999999866,swap,notBad
6853,10,428.61999999999927,10,420.09999999999866,2opt,notBad
6854,10,428.61999999999927,10,420.09999999999866,swap,notBad
6855,10,428.61999999999927,10,420.09999999999866,2opt,notBad
6856,10,428.61999999999927,10,420.09999999999866,swap,notBad
6857,10,428.61999999999927,10,420.09999999999866,move,improve
6858,10,428.61999999999927,10,420.09999999999866,move,improve
6859,10,428.61999999999927,10,420.09999999999866,swap,notBad
6860,10,428.61999999999927,10,420.09999999999866,2opt,notBad
6861,10,428.61999999999927,10,420.09999999999866,swap,notBad
6862,10,428.61999999999927,10,420.09999999999866,move,improve
6863,10,428.61999999999927,10,420.09999999999866,2opt,notBad
6864,10,428.61999999999927,10,420.09999999999866,swap,notBad
6865,10,428.61999999999927,10,420.09999999999866,swap,notBad
6866,10,428.61999999999927,10,420.09999999999866,swap,notBad
6867,10,428.61999999999927,10,420.09999999999866,swap,notBad
6868,10,428.61999999999927,10,420.09999999999866,2opt,notBad
6869,10,428.61999999999927,10,420.09999999999866,swap,notBad
6870,10,428.61999999999927,10,420.09999999999866,swap,notBad
6871,10,428.61999999999927,10,420.09999999999866,swap,notBad
6872,10,428.61999999999927,10,420.09999999999866,move,improve
6873,10,428.61999999999927,10,420.09999999999866,2opt,notBad
6874,10,428.61999999999927,10,420.09999999999866,move,improve
6875,10,428.61999999999927,10,420.09999999999866,swap,notBad
6876,10,428.61999999999927,10,420.09999999999866,move,improve
6877,10,428.61999999999927,10,420.09999999999866,2opt,notBad
6878,10,428.61999999999927,10,420.09999999999866,2opt,notBad
6879,10,428.61999999999927,10,420.09999999999866,swap,notBad
6880,10,428.61999999999927,10,420.09999999999866,move,improve
6881,10,428.61999999999927,10,420.09999999999866,swap,notBad
6882,10,428.61999999999927,10,420.09999999999866,2opt,notBad
6883,10,428.61999999999927,10,420.09999999999866,2opt,notBad
6884,10,428.61999999999927,10,420.09999999999866,swap,notBad
6885,10,428.61999999999927,10,420.09999999999866,2opt,notBad
6886,10,428.61999999999927,10,420.09999999999866,move,improve
6887,10,428.61999999999927,10,420.09999999999866,swap,notBad
6888,10,428.61999999999927,10,420.09999999999866,move,improve
6889,10,428.61999999999927,10,420.09999999999866,2opt,notBad
6890,10,428.61999999999927,10,420.09999999999866,2opt,notBad
6891,10,428.61999999999927,10,420.09999999999866,swap,notBad
6892,10,428.61999999999927,10,420.09999999999866,2opt,notBad
6893,10,428.61999999999927,10,420.09999999999866,swap,notBad
6894,10,428.61999999999927,10,420.09999999999866,2opt,notBad
6895,10,428.61999999999927,10,420.09999999999866,swap,notBad
6896,10,428.61999999999927,10,420.09999999999866,2opt,notBad
6897,10,428.61999999999927,10,420.09999999999866,swap,notBad
6898,10,428.61999999999927,10,420.09999999999866,move,improve
6899,10,428.61999999999927,10,420.09999999999866,swap,notBad
6900,10,428.61999999999927,10,420.09999999999866,swap,notBad
6901,10,428.61999999999927,10,420.09999999999866,2opt,notBad
6902,10,428.61999999999927,10,420.09999999999866,move,improve
6903,10,428.61999999999927,10,420.09999999999866,2opt,notBad
6904,10,428.61999999999927,10,420.09999999999866,swap,notBad
6905,10,428.61999999999927,10,420.09999999999866,2opt,notBad
6906,10,428.61999999999927,10,420.09999999999866,2opt,notBad
6907,10,428.61999999999927,10,420.09999999999866,2opt,notBad
6908,10,428.61999999999927,10,420.09999999999866,2opt,notBad
6909,10,428.61999999999927,10,420.09999999999866,move,improve
6910,10,428.61999999999927,10,420.09999999999866,swap,notBad
6911,10,428.61999999999927,10,420.09999999999866,2opt,notBad
6912,10,428.61999999999927,10,420.09999999999866,2opt,notBad
6913,10,428.61999999999927,10,420.09999999999866,swap,notBad
6914,10,428.61999999999927,10,420.09999999999866,2opt,notBad
6915,10,428.61999999999927,10,420.09999999999866,move,improve
6916,10,428.61999999999927,10,420.09999999999866,2opt,notBad
6917,10,428.61999999999927,10,420.09999999999866,swap,notBad
6918,10,428.61999999999927,10,420.09999999999866,2opt,notBad
6919,10,428.61999999999927,10,420.09999999999866,move,improve
6920,10,428.61999999999927,10,420.09999999999866,2opt,notBad
6921,10,428.61999999999927,10,420.09999999999866,move,improve
6922,10,428.61999999999927,10,420.09999999999866,swap,notBad
6923,10,428.61999999999927,10,420.09999999999866,move,improve
6924,10,428.61999999999927,10,420.09999999999866,2opt,notBad
6925,10,428.61999999999927,10,420.09999999999866,swap,notBad
6926,10,428.61999999999927,10,420.09999999999866,2opt,notBad
6927,10,428.61999999999927,10,420.09999999999866,swap,notBad
6928,10,428.61999999999927,10,420.09999999999866,swap,notBad
6929,10,428.61999999999927,10,420.09999999999866,move,improve
6930,10,428.61999999999927,10,420.09999999999866,2opt,notBad
6931,10,434.89999999999947,10,420.09999999999866,move,acceptBad
6932,10,434.89999999999947,10,420.09999999999866,swap,notBad
6933,10,434.89999999999947,10,420.09999999999866,swap,notBad
6934,10,434.89999999999947,10,420.09999999999866,2opt,notBad
6935,10,434.89999999999947,10,420.09999999999866,swap,notBad
6936,10,434.89999999999947,10,420.09999999999866,2opt,notBad
6937,10,434.89999999999947,10,420.09999999999866,move,improve
6938,10,434.89999999999947,10,420.09999999999866,move,improve
6939,10,434.89999999999947,10,420.09999999999866,move,improve
6940,10,434.89999999999947,10,420.09999999999866,move,improve
6941,10,434.89999999999947,10,420.09999999999866,2opt,notBad
6942,10,434.89999999999947,10,420.09999999999866,move,improve
6943,10,434.89999999999947,10,420.09999999999866,move,improve
6944,10,434.89999999999947,10,420.09999999999866,move,improve
6945,10,434.89999999999947,10,420.09999999999866,swap,notBad
6946,10,434.89999999999947,10,420.09999999999866,2opt,notBad
6947,10,434.89999999999947,10,420.09999999999866,move,improve
6948,10,434.3799999999996,10,420.09999999999866,move,improve
6949,10,434.3799999999996,10,420.09999999999866,2opt,notBad
6950,10,434.3799999999996,10,420.09999999999866,swap,notBad
6951,10,434.3799999999996,10,420.09999999999866,move,improve
6952,10,434.3799999999996,10,420.09999999999866,swap,notBad
6953,10,434.3799999999996,10,420.09999999999866,2opt,notBad
6954,10,434.3799999999996,10,420.09999999999866,2opt,notBad
6955,10,434.3799999999996,10,420.09999999999866,move,improve
6956,10,434.3799999999996,10,420.09999999999866,move,improve
6957,10,434.3799999999996,10,420.09999999999866,2opt,notBad
6958,10,434.3799999999996,10,420.09999999999866,move,improve
6959,10,434.3799999999996,10,420.09999999999866,swap,notBad
6960,10,434.3799999999996,10,420.09999999999866,swap,notBad
6961,10,434.3799999999996,10,420.09999999999866,swap,notBad
6962,10,434.3799999999996,10,420.09999999999866,move,improve
6963,10,434.3799999999996,10,420.09999999999866,swap,notBad
6964,10,434.3799999999996,10,420.09999999999866,swap,notBad
6965,10,432.6199999999998,10,420.09999999999866,move,improve
6966,10,432.6199999999998,10,420.09999999999866,2opt,notBad
6967,10,432.6199999999998,10,420.09999999999866,move,improve
6968,10,432.6199999999998,10,420.09999999999866,2opt,notBad
6969,10,432.6199999999998,10,420.09999999999866,swap,notBad
6970,10,432.6199999999998,10,420.09999999999866,move,improve
6971,10,432.6199999999998,10,420.09999999999866,2opt,notBad
6972,10,432.6199999999998,10,420.09999999999866,swap,notBad
6973,10,432.6199999999998,10,420.09999999999866,2opt,notBad
6974,10,432.6199999999998,10,420.09999999999866,2opt,notBad
6975,10,432.6199999999998,10,420.09999999999866,2opt,notBad
6976,10,432.6199999999998,10,420.09999999999866,2opt,notBad
6977,10,432.6199999999998,10,420.09999999999866,swap,notBad
6978,10,432.6199999999998,10,420.09999999999866,2opt,notBad
6979,10,432.6199999999998,10,420.09999999999866,move,improve
6980,10,432.6199999999998,10,420.09999999999866,2opt,notBad
6981,10,432.6199999999998,10,420.09999999999866,move,improve
6982,10,433.77999999999963,10,420.09999999999866,swap,acceptBad
6983,10,433.77999999999963,10,420.09999999999866,2opt,notBad
6984,10,433.77999999999963,10,420.09999999999866,move,improve
6985,10,433.77999999999963,10,420.09999999999866,move,improve
6986,10,433.77999999999963,10,420.09999999999866,swap,notBad
6987,10,433.77999999999963,10,420.09999999999866,swap,notBad
6988,10,433.77999999999963,10,420.09999999999866,swap,notBad
6989,10,433.77999999999963,10,420.09999999999866,2opt,notBad
6990,10,433.77999999999963,10,420.09999999999866,move,improve
6991,10,433.77999999999963,10,420.09999999999866,2opt,improve
6992,10,433.77999999999963,10,420.09999999999866,2opt,notBad
6993,10,433.77999999999963,10,420.09999999999866,move,improve
6994,10,433.77999999999963,10,420.09999999999866,move,improve
6995,10,422.299999999999,10,420.09999999999866,move,improve
6996,10,422.299999999999,10,420.09999999999866,2opt,improve
6997,10,422.299999999999,10,420.09999999999866,move,improve
6998,10,422.299999999999,10,420.09999999999866,2opt,notBad
6999,10,422.299999999999,10,420.09999999999866,swap,notBad
7000,10,422.299999999999,10,420.09999999999866,move,improve
7001,10,422.299999999999,10,420.09999999999866,swap,notBad
7002,10,422.299999999999,10,420.09999999999866,move,improve
7003,10,422.299999999999,10,420.09999999999866,swap,notBad
7004,10,422.299999999999,10,420.09999999999866,move,improve
7005,10,422.299999999999,10,420.09999999999866,move,improve
7006,10,422.299999999999,10,420.09999999999866,2opt,notBad
7007,10,422.299999999999,10,420.09999999999866,move,improve
7008,10,422.299999999999,10,420.09999999999866,move,improve
7009,10,422.299999999999,10,420.09999999999866,2opt,improve
7010,10,422.299999999999,10,420.09999999999866,swap,notBad
7011,10,422.299999999999,10,420.09999999999866,2opt,notBad
7012,10,422.299999999999,10,420.09999999999866,2opt,improve
7013,10,422.299999999999,10,420.09999999999866,2opt,notBad
7014,10,422.299999999999,10,420.09999999999866,2opt,notBad
7015,10,422.299999999999,10,420.09999999999866,move,improve
7016,10,422.299999999999,10,420.09999999999866,move,improve
7017,10,422.299999999999,10,420.09999999999866,swap,notBad
7018,10,422.299999999999,10,420.09999999999866,2opt,notBad
7019,10,422.299999999999,10,420.09999999999866,2opt,notBad
7020,10,422.299999999999,10,420.09999999999866,move,improve
7021,10,422.299999999999,10,420.09999999999866,swap,notBad
7022,10,422.299999999999,10,420.09999999999866,move,improve
7023,10,422.299999999999,10,420.09999999999866,swap,notBad
7024,10,421.7799999999991,10,420.09999999999866,swap,improve
7025,10,421.7799999999991,10,420.09999999999866,move,improve
7026,10,421.7799999999991,10,420.09999999999866,move,improve
7027,10,421.7799999999991,10,420.09999999999866,swap,notBad
7028,10,421.7799999999991,10,420.09999999999866,swap,notBad
7029,10,421.7799999999991,10,420.09999999999866,2opt,notBad
7030,10,421.7799999999991,10,420.09999999999866,move,improve
7031,10,421.7799999999991,10,420.09999999999866,move,improve
7032,10,421.7799999999991,10,420.09999999999866,move,improve
7033,10,421.7799999999991,10,420.09999999999866,2opt,notBad
7034,10,421.7799999999991,10,420.09999999999866,2opt,notBad
7035,10,421.7799999999991,10,420.09999999999866,move,improve
7036,10,421.7799999999991,10,420.09999999999866,swap,notBad
7037,10,421.7799999999991,10,420.09999999999866,swap,notBad
7038,10,421.7799999999991,10,420.09999999999866,swap,notBad
7039,10,421.7799999999991,10,420.09999999999866,move,improve
7040,10,421.7799999999991,10,420.09999999999866,swap,notBad
7041,10,421.7799999999991,10,420.09999999999866,swap,notBad
7042,10,421.7799999999991,10,420.09999999999866,swap,notBad
7043,10,421.7799999999991,10,420.09999999999866,move,improve
7044,10,421.7799999999991,10,420.09999999999866,2opt,notBad
7045,10,421.7799999999991,10,420.09999999999866,swap,notBad
7046,10,421.7799999999991,10,420.09999999999866,move,improve
7047,10,421.7799999999991,10,420.09999999999866,2opt,notBad
7048,10,421.7799999999991,10,420.09999999999866,move,improve
7049,10,421.7799999999991,10,420.09999999999866,swap,notBad
7050,10,421.7799999999991,10,420.09999999999866,move,improve
7051,10,421.7799999999991,10,420.09999999999866,move,improve
7052,10,421.7799999999991,10,420.09999999999866,move,improve
7053,10,421.7799999999991,10,420.09999999999866,2opt,notBad
7054,10,421.7799999999991,10,420.09999999999866,swap,notBad
7055,10,421.7799999999991,10,420.09999999999866,2opt,notBad
7056,10,421.7799999999991,10,420.09999999999866,move,improve
7057,10,421.7799999999991,10,420.09999999999866,swap,notBad
7058,10,421.7799999999991,10,420.09999999999866,2opt,notBad
7059,10,421.7799999999991,10,420.09999999999866,swap,notBad
7060,10,421.7799999999991,10,420.09999999999866,move,improve
7061,10,421.7799999999991,10,420.09999999999866,swap,notBad
7062,10,421.7799999999991,10,420.09999999999866,swap,notBad
7063,10,421.7799999999991,10,420.09999999999866,move,improve
7064,10,421.7799999999991,10,420.09999999999866,swap,notBad
7065,10,421.7799999999991,10,420.09999999999866,move,improve
7066,10,421.7799999999991,10,420.09999999999866,2opt,notBad
7067,10,421.7799999999991,10,420.09999999999866,swap,notBad
7068,10,421.7799999999991,10,420.09999999999866,swap,notBad
7069,10,421.7799999999991,10,420.09999999999866,2opt,notBad
7070,10,421.7799999999991,10,420.09999999999866,swap,notBad
7071,10,421.7799999999991,10,420.09999999999866,2opt,notBad
7072,10,421.7799999999991,10,420.09999999999866,2opt,notBad
7073,10,421.7799999999991,10,420.09999999999866,swap,notBad
7074,10,421.7799999999991,10,420.09999999999866,move,improve
7075,10,421.7799999999991,10,420.09999999999866,2opt,notBad
7076,10,421.7799999999991,10,420.09999999999866,2opt,notBad
7077,10,421.7799999999991,10,420.09999999999866,2opt,notBad
7078,10,421.7799999999991,10,420.09999999999866,swap,notBad
7079,10,421.7799999999991,10,420.09999999999866,2opt,notBad
7080,10,421.7799999999991,10,420.09999999999866,move,improve
7081,10,421.7799999999991,10,420.09999999999866,swap,notBad
7082,10,421.7799999999991,10,420.09999999999866,2opt,notBad
7083,10,421.7799999999991,10,420.09999999999866,2opt,notBad
7084,10,421.7799999999991,10,420.09999999999866,swap,notBad
7085,10,421.7799999999991,10,420.09999999999866,move,improve
7086,10,421.7799999999991,10,420.09999999999866,move,improve
7087,10,421.7799999999991,10,420.09999999999866,swap,notBad
7088,10,421.7799999999991,10,420.09999999999866,2opt,notBad
7089,10,421.7799999999991,10,420.09999999999866,move,improve
7090,10,421.7799999999991,10,420.09999999999866,move,improve
7091,10,421.7799999999991,10,420.09999999999866,2opt,improve
7092,10,421.7799999999991,10,420.09999999999866,move,improve
7093,10,421.7799999999991,10,420.09999999999866,move,improve
7094,10,421.7799999999991,10,420.09999999999866,2opt,notBad
7095,10,421.7799999999991,10,420.09999999999866,swap,notBad
7096,10,421.7799999999991,10,420.09999999999866,swap,notBad
7097,10,421.7799999999991,10,420.09999999999866,swap,notBad
7098,10,421.7799999999991,10,420.09999999999866,move,improve
7099,10,421.7799999999991,10,420.09999999999866,2opt,notBad
7100,10,421.7799999999991,10,420.09999999999866,swap,notBad
7101,10,421.7799999999991,10,420.09999999999866,2opt,notBad
7102,10,421.7799999999991,10,420.09999999999866,2opt,notBad
7103,10,421.7799999999991,10,420.09999999999866,swap,notBad
7104,10,421.7799999999991,10,420.09999999999866,swap,notBad
7105,10,421.7799999999991,10,420.09999999999866,2opt,notBad
7106,10,421.7799999999991,10,420.09999999999866,swap,notBad
7107,10,421.7799999999991,10,420.09999999999866,swap,notBad
7108,10,421.7799999999991,10,420.09999999999866,swap,notBad
7109,10,421.7799999999991,10,420.09999999999866,move,improve
7110,10,421.7799999999991,10,420.09999999999866,move,improve
7111,10,421.7799999999991,10,420.09999999999866,2opt,notBad
7112,10,421.7799999999991,10,420.09999999999866,swap,notBad
7113,10,421.7799999999991,10,420.09999999999866,move,improve
7114,10,421.7799999999991,10,420.09999999999866,swap,notBad
7115,10,421.7799999999991,10,420.09999999999866,2opt,notBad
7116,10,426.21999999999935,10,420.09999999999866,swap,acceptBad
7117,10,426.21999999999935,10,420.09999999999866,move,improve
7118,10,426.21999999999935,10,420.09999999999866,2opt,notBad
7119,10,426.21999999999935,10,420.09999999999866,move,improve
7120,10,426.21999999999935,10,420.09999999999866,2opt,notBad
7121,10,426.21999999999935,10,420.09999999999866,swap,notBad
7122,10,426.21999999999935,10,420.09999999999866,swap,notBad
7123,10,426.21999999999935,10,420.09999999999866,2opt,notBad
7124,10,426.21999999999935,10,420.09999999999866,2opt,notBad
7125,10,426.21999999999935,10,420.09999999999866,2opt,notBad
7126,10,426.21999999999935,10,420.09999999999866,2opt,notBad
7127,10,426.21999999999935,10,420.09999999999866,2opt,notBad
7128,10,426.21999999999935,10,420.09999999999866,move,improve
7129,10,426.21999999999935,10,420.09999999999866,move,improve
7130,10,426.21999999999935,10,420.09999999999866,2opt,improve
7131,10,426.21999999999935,10,420.09999999999866,swap,notBad
7132,10,426.21999999999935,10,420.09999999999866,swap,notBad
7133,10,426.21999999999935,10,420.09999999999866,move,improve
7134,10,444.0600000000002,10,420.09999999999866,move,acceptBad
7135,10,444.0600000000002,10,420.09999999999866,2opt,notBad
7136,10,444.0600000000002,10,420.09999999999866,2opt,improve
7137,10,444.0600000000002,10,420.09999999999866,swap,notBad
7138,10,444.0600000000002,10,420.09999999999866,move,improve
7139,10,444.0600000000002,10,420.09999999999866,2opt,notBad
7140,10,444.0600000000002,10,420.09999999999866,move,improve
7141,10,444.0600000000002,10,420.09999999999866,2opt,notBad
7142,10,444.0600000000002,10,420.09999999999866,move,improve
7143,10,444.0600000000002,10,420.09999999999866,swap,notBad
7144,10,444.0600000000002,10,420.09999999999866,2opt,notBad
7145,10,449.82000000000005,10,420.09999999999866,swap,acceptBad
7146,10,449.82000000000005,10,420.09999999999866,swap,notBad
7147,10,449.82000000000005,10,420.09999999999866,move,improve
7148,10,449.82000000000005,10,420.09999999999866,move,improve
7149,10,449.82000000000005,10,420.09999999999866,move,improve
7150,10,436.6999999999996,10,420.09999999999866,move,improve
7151,10,436.6999999999996,10,420.09999999999866,move,improve
7152,10,436.6999999999996,10,420.09999999999866,swap,notBad
7153,10,436.6999999999996,10,420.09999999999866,2opt,improve
7154,10,437.29999999999944,10,420.09999999999866,swap,acceptBad
7155,10,437.29999999999944,10,420.09999999999866,swap,notBad
7156,10,437.29999999999944,10,420.09999999999866,swap,notBad
7157,10,437.29999999999944,10,420.09999999999866,swap,notBad
7158,10,437.29999999999944,10,420.09999999999866,swap,notBad
7159,10,437.29999999999944,10,420.09999999999866,swap,notBad
7160,10,437.29999999999944,10,420.09999999999866,2opt,notBad
7161,10,437.29999999999944,10,420.09999999999866,move,improve
7162,10,437.29999999999944,10,420.09999999999866,2opt,notBad
7163,10,437.29999999999944,10,420.09999999999866,swap,notBad
7164,10,437.29999999999944,10,420.09999999999866,move,improve
7165,10,437.29999999999944,10,420.09999999999866,move,improve
7166,10,437.29999999999944,10,420.09999999999866,move,improve
7167,10,437.29999999999944,10,420.09999999999866,2opt,notBad
7168,10,437.29999999999944,10,420.09999999999866,swap,notBad
7169,10,437.29999999999944,10,420.09999999999866,move,improve
7170,10,437.29999999999944,10,420.09999999999866,move,improve
7171,10,437.29999999999944,10,420.09999999999866,swap,notBad
7172,10,437.29999999999944,10,420.09999999999866,swap,notBad
7173,10,437.29999999999944,10,420.09999999999866,move,improve
7174,10,437.29999999999944,10,420.09999999999866,2opt,notBad
7175,10,439.45999999999935,10,420.09999999999866,swap,acceptBad
7176,10,439.45999999999935,10,420.09999999999866,swap,notBad
7177,10,439.45999999999935,10,420.09999999999866,swap,notBad
7178,10,439.45999999999935,10,420.09999999999866,move,improve
7179,10,439.45999999999935,10,420.09999999999866,swap,notBad
7180,10,439.45999999999935,10,420.09999999999866,move,improve
7181,10,439.45999999999935,10,420.09999999999866,swap,notBad
7182,10,439.45999999999935,10,420.09999999999866,2opt,notBad
7183,10,439.45999999999935,10,420.09999999999866,swap,notBad
7184,10,439.45999999999935,10,420.09999999999866,swap,notBad
7185,10,439.45999999999935,10,420.09999999999866,swap,notBad
7186,10,439.45999999999935,10,420.09999999999866,2opt,notBad
7187,10,439.45999999999935,10,420.09999999999866,2opt,notBad
7188,10,439.45999999999935,10,420.09999999999866,move,improve
7189,10,439.45999999999935,10,420.09999999999866,2opt,notBad
7190,10,439.45999999999935,10,420.09999999999866,swap,notBad
7191,10,438.27999999999975,10,420.09999999999866,move,improve
7192,10,438.27999999999975,10,420.09999999999866,move,improve
7193,10,438.27999999999975,10,420.09999999999866,swap,notBad
7194,10,438.27999999999975,10,420.09999999999866,2opt,notBad
7195,10,438.27999999999975,10,420.09999999999866,swap,notBad
7196,10,438.27999999999975,10,420.09999999999866,move,improve
7197,10,438.27999999999975,10,420.09999999999866,2opt,notBad
7198,10,438.27999999999975,10,420.09999999999866,2opt,notBad
7199,10,438.27999999999975,10,420.09999999999866,move,improve
7200,10,438.27999999999975,10,420.09999999999866,2opt,notBad
7201,10,438.27999999999975,10,420.09999999999866,swap,notBad
7202,10,437.3199999999997,10,420.09999999999866,move,improve
7203,10,437.3199999999997,10,420.09999999999866,swap,notBad
7204,10,437.3199999999997,10,420.09999999999866,move,improve
7205,10,437.3199999999997,10,420.09999999999866,2opt,notBad
7206,10,437.3199999999997,10,420.09999999999866,2opt,notBad
7207,10,437.3199999999997,10,420.09999999999866,move,improve
7208,10,437.3199999999997,10,420.09999999999866,swap,notBad
7209,10,437.3199999999997,10,420.09999999999866,swap,notBad
7210,10,437.3199999999997,10,420.09999999999866,swap,notBad
7211,10,437.3199999999997,10,420.09999999999866,2opt,notBad
7212,10,437.3199999999997,10,420.09999999999866,move,improve
7213,10,437.3199999999997,10,420.09999999999866,move,improve
7214,10,437.3199999999997,10,420.09999999999866,2opt,notBad
7215,10,437.3199999999997,10,420.09999999999866,2opt,notBad
7216,10,437.3199999999997,10,420.09999999999866,2opt,notBad
7217,10,437.3199999999997,10,420.09999999999866,move,improve
7218,10,437.3199999999997,10,420.09999999999866,swap,notBad
7219,10,437.3199999999997,10,420.09999999999866,2opt,notBad
7220,10,437.3199999999997,10,420.09999999999866,swap,notBad
7221,10,437.3199999999997,10,420.09999999999866,2opt,notBad
7222,10,437.3199999999997,10,420.09999999999866,swap,notBad
7223,10,437.3199999999997,10,420.09999999999866,swap,notBad
7224,10,437.3199999999997,10,420.09999999999866,swap,notBad
7225,10,437.3199999999997,10,420.09999999999866,swap,notBad
7226,10,437.3199999999997,10,420.09999999999866,swap,notBad
7227,10,437.3199999999997,10,420.09999999999866,2opt,notBad
7228,10,437.3199999999997,10,420.09999999999866,swap,notBad
7229,10,437.3199999999997,10,420.09999999999866,swap,notBad
7230,10,437.3199999999997,10,420.09999999999866,swap,notBad
7231,10,437.3199999999997,10,420.09999999999866,2opt,notBad
7232,10,437.3199999999997,10,420.09999999999866,2opt,notBad
7233,10,437.3199999999997,10,420.09999999999866,swap,notBad
7234,10,437.3199999999997,10,420.09999999999866,move,improve
7235,10,437.3199999999997,10,420.09999999999866,2opt,notBad
7236,10,437.3199999999997,10,420.09999999999866,move,improve
7237,10,437.3199999999997,10,420.09999999999866,2opt,notBad
7238,10,437.3199999999997,10,420.09999999999866,move,improve
7239,10,437.3199999999997,10,420.09999999999866,swap,notBad
7240,10,437.3199999999997,10,420.09999999999866,2opt,notBad
7241,10,437.3199999999997,10,420.09999999999866,swap,notBad
7242,10,437.3199999999997,10,420.09999999999866,swap,notBad
7243,10,437.3199999999997,10,420.09999999999866,swap,notBad
7244,10,443.5999999999991,10,420.09999999999866,move,acceptBad
7245,10,443.5999999999991,10,420.09999999999866,move,improve
7246,10,443.5999999999991,10,420.09999999999866,move,improve
7247,10,432.7799999999993,10,420.09999999999866,move,improve
7248,10,432.7799999999993,10,420.09999999999866,move,improve
7249,10,432.7799999999993,10,420.09999999999866,swap,notBad
7250,10,432.7799999999993,10,420.09999999999866,swap,notBad
7251,10,432.7799999999993,10,420.09999999999866,swap,notBad
7252,10,432.7799999999993,10,420.09999999999866,swap,notBad
7253,10,432.7799999999993,10,420.09999999999866,2opt,notBad
7254,10,432.7799999999993,10,420.09999999999866,2opt,notBad
7255,10,432.7799999999993,10,420.09999999999866,move,improve
7256,10,432.7799999999993,10,420.09999999999866,swap,notBad
7257,10,432.7799999999993,10,420.09999999999866,swap,notBad
7258,10,432.7799999999993,10,420.09999999999866,swap,notBad
7259,10,432.7799999999993,10,420.09999999999866,move,improve
7260,10,432.7799999999993,10,420.09999999999866,move,improve
7261,10,432.7799999999993,10,420.09999999999866,move,improve
7262,10,432.7799999999993,10,420.09999999999866,2opt,notBad
7263,10,432.7799999999993,10,420.09999999999866,2opt,notBad
7264,10,432.7799999999993,10,420.09999999999866,swap,notBad
7265,10,432.7799999999993,10,420.09999999999866,swap,notBad
7266,10,432.7799999999993,10,420.09999999999866,move,improve
7267,10,432.7799999999993,10,420.09999999999866,swap,notBad
7268,10,432.7799999999993,10,420.09999999999866,move,improve
7269,10,431.4999999999994,10,420.09999999999866,move,improve
7270,10,431.4999999999994,10,420.09999999999866,2opt,notBad
7271,10,431.4999999999994,10,420.09999999999866,move,improve
7272,10,431.4999999999994,10,420.09999999999866,move,improve
7273,10,431.4999999999994,10,420.09999999999866,swap,notBad
7274,10,431.4999999999994,10,420.09999999999866,swap,notBad
7275,10,431.4999999999994,10,420.09999999999866,2opt,notBad
7276,10,431.4999999999994,10,420.09999999999866,2opt,notBad
7277,10,431.4999999999994,10,420.09999999999866,2opt,notBad
7278,10,431.4999999999994,10,420.09999999999866,2opt,notBad
7279,10,431.4999999999994,10,420.09999999999866,swap,notBad
7280,10,431.4999999999994,10,420.09999999999866,swap,notBad
7281,10,424.28,10,420.09999999999866,move,improve
7282,10,424.28,10,420.09999999999866,2opt,notBad
7283,10,424.28,10,420.09999999999866,2opt,notBad
7284,10,424.28,10,420.09999999999866,2opt,notBad
7285,10,424.28,10,420.09999999999866,2opt,notBad
7286,10,424.28,10,420.09999999999866,swap,notBad
7287,10,424.28,10,420.09999999999866,swap,notBad
7288,10,424.28,10,420.09999999999866,swap,notBad
7289,10,424.28,10,420.09999999999866,move,improve
7290,10,424.28,10,420.09999999999866,move,improve
7291,10,424.28,10,420.09999999999866,move,improve
7292,10,424.28,10,420.09999999999866,2opt,notBad
7293,10,424.28,10,420.09999999999866,swap,notBad
7294,10,424.28,10,420.09999999999866,2opt,improve
7295,10,424.28,10,420.09999999999866,2opt,notBad
7296,10,424.28,10,420.09999999999866,move,improve
7297,10,424.28,10,420.09999999999866,swap,notBad
7298,10,424.28,10,420.09999999999866,2opt,notBad
7299,10,424.28,10,420.09999999999866,swap,notBad
7300,10,424.28,10,420.09999999999866,2opt,notBad
7301,10,424.28,10,420.09999999999866,swap,notBad
7302,10,424.28,10,420.09999999999866,swap,notBad
7303,10,424.28,10,420.09999999999866,2opt,notBad
7304,10,424.28,10,420.09999999999866,move,improve
7305,10,424.28,10,420.09999999999866,swap,notBad
7306,10,424.28,10,420.09999999999866,move,improve
7307,10,424.28,10,420.09999999999866,2opt,improve
7308,10,424.28,10,420.09999999999866,2opt,notBad
7309,10,424.28,10,420.09999999999866,swap,notBad
7310,10,424.28,10,420.09999999999866,2opt,notBad
7311,10,424.28,10,420.09999999999866,swap,notBad
7312,10,424.28,10,420.09999999999866,move,improve
7313,10,424.28,10,420.09999999999866,2opt,notBad
7314,10,424.28,10,420.09999999999866,swap,notBad
7315,10,424.28,10,420.09999999999866,move,improve
7316,10,424.28,10,420.09999999999866,2opt,notBad
7317,10,424.28,10,420.09999999999866,swap,notBad
7318,10,424.28,10,420.09999999999866,move,improve
7319,10,424.28,10,420.09999999999866,move,improve
7320,10,424.28,10,420.09999999999866,2opt,notBad
7321,10,424.28,10,420.09999999999866,swap,notBad
7322,10,424.28,10,420.09999999999866,move,improve
7323,10,424.28,10,420.09999999999866,move,improve
7324,10,424.28,10,420.09999999999866,2opt,improve
7325,10,424.28,10,420.09999999999866,move,improve
7326,10,424.28,10,420.09999999999866,swap,notBad
7327,10,424.28,10,420.09999999999866,move,improve
7328,10,424.28,10,420.09999999999866,swap,notBad
7329,10,424.28,10,420.09999999999866,move,improve
7330,10,424.28,10,420.09999999999866,move,improve
7331,10,424.28,10,420.09999999999866,swap,notBad
7332,10,424.28,10,420.09999999999866,move,improve
7333,10,424.28,10,420.09999999999866,swap,notBad
7334,10,424.28,10,420.09999999999866,move,improve
7335,10,424.28,10,420.09999999999866,2opt,notBad
7336,10,424.28,10,420.09999999999866,swap,notBad
7337,10,424.28,10,420.09999999999866,swap,notBad
7338,10,424.28,10,420.09999999999866,2opt,notBad
7339,10,424.28,10,420.09999999999866,move,improve
7340,10,424.28,10,420.09999999999866,swap,notBad
7341,10,424.28,10,420.09999999999866,move,improve
7342,10,421.64000000000016,10,420.09999999999866,swap,improve
7343,10,421.64000000000016,10,420.09999999999866,move,improve
7344,10,419.9400000000003,10,419.9400000000003,swap,newBest
7345,10,419.9400000000003,10,419.9400000000003,move,improve
7346,10,419.9400000000003,10,419.9400000000003,move,improve
7347,10,419.9400000000003,10,419.9400000000003,2opt,notBad
7348,10,419.9400000000003,10,419.9400000000003,2opt,notBad
7349,10,419.9400000000003,10,419.9400000000003,2opt,improve
7350,10,419.9400000000003,10,419.9400000000003,swap,notBad
7351,10,419.9400000000003,10,419.9400000000003,move,improve
7352,10,419.9400000000003,10,419.9400000000003,2opt,notBad
7353,10,419.9400000000003,10,419.9400000000003,2opt,notBad
7354,10,419.9400000000003,10,419.9400000000003,swap,notBad
7355,10,419.9400000000003,10,419.9400000000003,2opt,notBad
7356,10,419.9400000000003,10,419.9400000000003,move,improve
7357,10,419.9400000000003,10,419.9400000000003,swap,notBad
7358,10,419.9400000000003,10,419.9400000000003,move,improve
7359,10,419.9400000000003,10,419.9400000000003,2opt,notBad
7360,10,419.9400000000003,10,419.9400000000003,move,improve
7361,10,419.9400000000003,10,419.9400000000003,2opt,notBad
7362,10,419.9400000000003,10,419.9400000000003,swap,notBad
7363,10,419.9400000000003,10,419.9400000000003,move,improve
7364,10,419.9400000000003,10,419.9400000000003,move,improve
7365,10,419.9400000000003,10,419.9400000000003,move,improve
7366,10,419.9400000000003,10,419.9400000000003,2opt,notBad
7367,10,419.9400000000003,10,419.9400000000003,swap,notBad
7368,10,419.9400000000003,10,419.9400000000003,swap,notBad
7369,10,419.9400000000003,10,419.9400000000003,2opt,notBad
7370,10,419.9400000000003,10,419.9400000000003,2opt,notBad
7371,10,419.9400000000003,10,419.9400000000003,move,improve
7372,10,419.9400000000003,10,419.9400000000003,move,improve
7373,10,419.9400000000003,10,419.9400000000003,2opt,improve
7374,10,419.9400000000003,10,419.9400000000003,swap,notBad
7375,10,419.9400000000003,10,419.9400000000003,swap,notBad
7376,10,419.9400000000003,10,419.9400000000003,move,improve
7377,10,419.9400000000003,10,419.9400000000003,2opt,notBad
7378,10,419.9400000000003,10,419.9400000000003,swap,notBad
7379,10,419.9400000000003,10,419.9400000000003,swap,notBad
7380,10,419.9400000000003,10,419.9400000000003,2opt,notBad
7381,10,419.9400000000003,10,419.9400000000003,move,improve
7382,10,419.9400000000003,10,419.9400000000003,move,improve
7383,10,419.9400000000003,10,419.9400000000003,2opt,notBad
7384,10,419.9400000000003,10,419.9400000000003,swap,notBad
7385,10,419.9400000000003,10,419.9400000000003,swap,notBad
7386,10,419.9400000000003,10,419.9400000000003,2opt,notBad
7387,10,419.9400000000003,10,419.9400000000003,move,improve
7388,10,419.9400000000003,10,419.9400000000003,2opt,notBad
7389,10,419.9400000000003,10,419.9400000000003,move,improve
7390,10,419.9400000000003,10,419.9400000000003,move,improve
7391,10,419.9400000000003,10,419.9400000000003,2opt,notBad
7392,10,419.9400000000003,10,419.9400000000003,move,improve
7393,10,419.9400000000003,10,419.9400000000003,swap,notBad
7394,10,419.9400000000003,10,419.9400000000003,move,improve
7395,10,419.9400000000003,10,419.9400000000003,swap,notBad
7396,10,419.9400000000003,10,419.9400000000003,2opt,notBad
7397,10,419.9400000000003,10,419.9400000000003,2opt,notBad
7398,10,419.9400000000003,10,419.9400000000003,swap,notBad
7399,10,419.9400000000003,10,419.9400000000003,swap,notBad
7400,10,419.9400000000003,10,419.9400000000003,move,notBad
7401,10,419.9400000000003,10,419.9400000000003,move,improve
7402,10,419.9400000000003,10,419.9400000000003,move,improve
7403,10,419.9400000000003,10,419.9400000000003,2opt,notBad
7404,10,419.9400000000003,10,419.9400000000003,swap,notBad
7405,10,419.9400000000003,10,419.9400000000003,2opt,notBad
7406,10,419.9400000000003,10,419.9400000000003,2opt,notBad
7407,10,419.9400000000003,10,419.9400000000003,move,improve
7408,10,419.9400000000003,10,419.9400000000003,move,improve
7409,10,419.9400000000003,10,419.9400000000003,move,improve
7410,10,419.9400000000003,10,419.9400000000003,swap,notBad
7411,10,419.9400000000003,10,419.9400000000003,move,improve
7412,10,419.9400000000003,10,419.9400000000003,swap,notBad
7413,10,419.9400000000003,10,419.9400000000003,swap,notBad
7414,10,419.9400000000003,10,419.9400000000003,move,improve
7415,10,419.9400000000003,10,419.9400000000003,move,improve
7416,10,419.9400000000003,10,419.9400000000003,2opt,notBad
7417,10,419.9400000000003,10,419.9400000000003,2opt,notBad
7418,10,419.9400000000003,10,419.9400000000003,move,improve
7419,10,419.9400000000003,10,419.9400000000003,move,improve
7420,10,419.9400000000003,10,419.9400000000003,swap,notBad
7421,10,419.9400000000003,10,419.9400000000003,move,improve
7422,10,419.9400000000003,10,419.9400000000003,move,improve
7423,10,419.9400000000003,10,419.9400000000003,2opt,notBad
7424,10,419.9400000000003,10,419.9400000000003,swap,notBad
7425,10,419.9400000000003,10,419.9400000000003,swap,notBad
7426,10,419.9400000000003,10,419.9400000000003,2opt,notBad
7427,10,419.9400000000003,10,419.9400000000003,2opt,notBad
7428,10,419.9400000000003,10,419.9400000000003,2opt,notBad
7429,10,419.9400000000003,10,419.9400000000003,2opt,notBad
7430,10,419.9400000000003,10,419.9400000000003,swap,notBad
7431,10,419.9400000000003,10,419.9400000000003,swap,notBad
7432,10,419.9400000000003,10,419.9400000000003,move,improve
7433,10,419.9400000000003,10,419.9400000000003,swap,notBad
7434,10,419.9400000000003,10,419.9400000000003,2opt,notBad
7435,10,419.9400000000003,10,419.9400000000003,move,improve
7436,10,419.9400000000003,10,419.9400000000003,move,improve
7437,10,419.9400000000003,10,419.9400000000003,move,improve
7438,10,419.9400000000003,10,419.9400000000003,swap,notBad
7439,10,419.9400000000003,10,419.9400000000003,swap,notBad
7440,10,419.9400000000003,10,419.9400000000003,2opt,notBad
7441,10,419.9400000000003,10,419.9400000000003,move,improve
7442,10,419.9400000000003,10,419.9400000000003,move,improve
7443,10,419.9400000000003,10,419.9400000000003,2opt,notBad
7444,10,419.9400000000003,10,419.9400000000003,move,improve
7445,10,419.9400000000003,10,419.9400000000003,swap,notBad
7446,10,419.9400000000003,10,419.9400000000003,move,improve
7447,10,419.9400000000003,10,419.9400000000003,move,improve
7448,10,419.9400000000003,10,419.9400000000003,swap,notBad
7449,10,419.9400000000003,10,419.9400000000003,2opt,notBad
7450,10,419.9400000000003,10,419.9400000000003,swap,notBad
7451,10,419.9400000000003,10,419.9400000000003,swap,notBad
7452,10,419.9400000000003,10,419.9400000000003,move,improve
7453,10,419.9400000000003,10,419.9400000000003,2opt,notBad
7454,10,419.9400000000003,10,419.9400000000003,move,improve
7455,10,419.9400000000003,10,419.9400000000003,move,improve
7456,10,419.9400000000003,10,419.9400000000003,move,improve
7457,10,419.9400000000003,10,419.9400000000003,move,improve
7458,10,419.9400000000003,10,419.9400000000003,2opt,notBad
7459,10,419.9400000000003,10,419.9400000000003,move,improve
7460,10,419.9400000000003,10,419.9400000000003,move,improve
7461,10,419.9400000000003,10,419.9400000000003,2opt,notBad
7462,10,419.9400000000003,10,419.9400000000003,move,improve
7463,10,419.9400000000003,10,419.9400000000003,swap,notBad
7464,10,419.9400000000003,10,419.9400000000003,move,improve
7465,10,419.9400000000003,10,419.9400000000003,move,improve
7466,10,419.9400000000003,10,419.9400000000003,swap,notBad
7467,10,419.9400000000003,10,419.9400000000003,move,improve
7468,10,419.9400000000003,10,419.9400000000003,2opt,notBad
7469,10,419.9400000000003,10,419.9400000000003,2opt,notBad
7470,10,419.9400000000003,10,419.9400000000003,swap,notBad
7471,10,419.9400000000003,10,419.9400000000003,swap,notBad
7472,10,419.9400000000003,10,419.9400000000003,swap,notBad
7473,10,419.9400000000003,10,419.9400000000003,move,improve
7474,10,419.9400000000003,10,419.9400000000003,move,improve
7475,10,419.9400000000003,10,419.9400000000003,swap,notBad
7476,10,419.9400000000003,10,419.9400000000003,move,improve
7477,10,419.9400000000003,10,419.9400000000003,swap,notBad
7478,10,419.9400000000003,10,419.9400000000003,swap,notBad
7479,10,419.9400000000003,10,419.9400000000003,swap,notBad
7480,10,419.9400000000003,10,419.9400000000003,move,improve
7481,10,419.9400000000003,10,419.9400000000003,2opt,notBad
7482,10,419.9400000000003,10,419.9400000000003,move,improve
7483,10,419.9400000000003,10,419.9400000000003,2opt,notBad
7484,10,419.9400000000003,10,419.9400000000003,swap,notBad
7485,10,419.9400000000003,10,419.9400000000003,swap,notBad
7486,10,419.9400000000003,10,419.9400000000003,2opt,notBad
7487,10,419.9400000000003,10,419.9400000000003,swap,notBad
7488,10,419.9400000000003,10,419.9400000000003,move,improve
7489,10,419.9400000000003,10,419.9400000000003,move,improve
7490,10,419.9400000000003,10,419.9400000000003,swap,notBad
7491,10,419.9400000000003,10,419.9400000000003,swap,notBad
7492,10,419.9400000000003,10,419.9400000000003,move,improve
7493,10,419.9400000000003,10,419.9400000000003,swap,notBad
7494,10,419.9400000000003,10,419.9400000000003,move,improve
7495,10,419.9400000000003,10,419.9400000000003,2opt,notBad
7496,10,419.9400000000003,10,419.9400000000003,2opt,notBad
7497,10,419.9400000000003,10,419.9400000000003,2opt,notBad
7498,10,419.9400000000003,10,419.9400000000003,move,improve
7499,10,419.9400000000003,10,419.9400000000003,swap,notBad
7500,10,419.9400000000003,10,419.9400000000003,move,improve
7501,10,419.9400000000003,10,419.9400000000003,swap,notBad
7502,10,419.9400000000003,10,419.9400000000003,2opt,notBad
7503,10,419.9400000000003,10,419.9400000000003,swap,notBad
7504,10,419.9400000000003,10,419.9400000000003,swap,notBad
7505,10,419.9400000000003,10,419.9400000000003,move,improve
7506,10,419.9400000000003,10,419.9400000000003,move,improve
7507,10,419.9400000000003,10,419.9400000000003,2opt,improve
7508,10,419.9400000000003,10,419.9400000000003,move,improve
7509,10,419.9400000000003,10,419.9400000000003,swap,notBad
7510,10,419.9400000000003,10,419.9400000000003,move,improve
7511,10,419.9400000000003,10,419.9400000000003,move,improve
7512,10,419.9400000000003,10,419.9400000000003,move,improve
7513,10,419.9400000000003,10,419.9400000000003,swap,notBad
7514,10,419.9400000000003,10,419.9400000000003,2opt,notBad
7515,10,419.9400000000003,10,419.9400000000003,move,improve
7516,10,419.9400000000003,10,419.9400000000003,2opt,notBad
7517,10,419.9400000000003,10,419.9400000000003,move,improve
7518,10,419.9400000000003,10,419.9400000000003,move,improve
7519,10,419.9400000000003,10,419.9400000000003,move,improve
7520,10,419.9400000000003,10,419.9400000000003,move,improve
7521,10,419.9400000000003,10,419.9400000000003,swap,notBad
7522,10,419.9400000000003,10,419.9400000000003,2opt,notBad
7523,10,419.9400000000003,10,419.9400000000003,2opt,notBad
7524,10,419.9400000000003,10,419.9400000000003,2opt,notBad
7525,10,419.9400000000003,10,419.9400000000003,2opt,improve
7526,10,419.9400000000003,10,419.9400000000003,2opt,notBad
7527,10,419.9400000000003,10,419.9400000000003,move,improve
7528,10,419.9400000000003,10,419.9400000000003,move,improve
7529,10,419.9400000000003,10,419.9400000000003,move,improve
7530,10,419.9400000000003,10,419.9400000000003,swap,notBad
7531,10,419.9400000000003,10,419.9400000000003,2opt,notBad
7532,10,419.9400000000003,10,419.9400000000003,move,improve
7533,10,419.9400000000003,10,419.9400000000003,swap,notBad
7534,10,419.9400000000003,10,419.9400000000003,move,improve
7535,10,419.9400000000003,10,419.9400000000003,2opt,notBad
7536,10,419.9400000000003,10,419.9400000000003,2opt,notBad
7537,10,419.9400000000003,10,419.9400000000003,swap,notBad
7538,10,419.9400000000003,10,419.9400000000003,move,improve
7539,10,419.9400000000003,10,419.9400000000003,swap,notBad
7540,10,419.9400000000003,10,419.9400000000003,move,improve
7541,10,419.9400000000003,10,419.9400000000003,2opt,notBad
7542,10,419.9400000000003,10,419.9400000000003,move,improve
7543,10,419.9400000000003,10,419.9400000000003,2opt,notBad
7544,10,419.9400000000003,10,419.9400000000003,2opt,notBad
7545,10,419.9400000000003,10,419.9400000000003,move,improve
7546,10,419.9400000000003,10,419.9400000000003,2opt,notBad
7547,10,419.9400000000003,10,419.9400000000003,move,improve
7548,10,419.9400000000003,10,419.9400000000003,2opt,notBad
7549,10,419.9400000000003,10,419.9400000000003,move,improve
7550,10,419.9400000000003,10,419.9400000000003,move,improve
7551,10,419.9400000000003,10,419.9400000000003,move,improve
7552,10,419.9400000000003,10,419.9400000000003,move,improve
7553,10,419.9400000000003,10,419.9400000000003,swap,notBad
7554,10,419.9400000000003,10,419.9400000000003,move,improve
7555,10,419.9400000000003,10,419.9400000000003,swap,notBad
7556,10,419.9400000000003,10,419.9400000000003,2opt,notBad
7557,10,419.9400000000003,10,419.9400000000003,swap,notBad
7558,10,419.9400000000003,10,419.9400000000003,move,improve
7559,10,419.9400000000003,10,419.9400000000003,move,improve
7560,10,419.9400000000003,10,419.9400000000003,2opt,notBad
7561,10,419.9400000000003,10,419.9400000000003,move,improve
7562,10,419.9400000000003,10,419.9400000000003,swap,notBad
7563,10,419.9400000000003,10,419.9400000000003,swap,notBad
7564,10,419.9400000000003,10,419.9400000000003,move,improve
7565,10,419.9400000000003,10,419.9400000000003,swap,notBad
7566,10,419.9400000000003,10,419.9400000000003,swap,notBad
7567,10,419.9400000000003,10,419.9400000000003,swap,notBad
7568,10,419.9400000000003,10,419.9400000000003,swap,notBad
7569,10,419.9400000000003,10,419.9400000000003,2opt,notBad
7570,10,419.9400000000003,10,419.9400000000003,swap,notBad
7571,10,419.9400000000003,10,419.9400000000003,move,improve
7572,10,419.9400000000003,10,419.9400000000003,swap,notBad
7573,10,419.9400000000003,10,419.9400000000003,2opt,notBad
7574,10,419.9400000000003,10,419.9400000000003,move,improve
7575,10,419.9400000000003,10,419.9400000000003,swap,notBad
7576,10,419.9400000000003,10,419.9400000000003,2opt,notBad
7577,10,419.9400000000003,10,419.9400000000003,2opt,notBad
7578,10,419.9400000000003,10,419.9400000000003,move,notBad
7579,10,419.9400000000003,10,419.9400000000003,2opt,notBad
7580,10,419.9400000000003,10,419.9400000000003,swap,notBad
7581,10,419.9400000000003,10,419.9400000000003,2opt,notBad
7582,10,419.9400000000003,10,419.9400000000003,move,improve
7583,10,419.9400000000003,10,419.9400000000003,2opt,notBad
7584,10,419.9400000000003,10,419.9400000000003,2opt,notBad
7585,10,419.9400000000003,10,419.9400000000003,move,improve
7586,10,419.9400000000003,10,419.9400000000003,2opt,notBad
7587,10,419.9400000000003,10,419.9400000000003,move,improve
7588,10,419.9400000000003,10,419.9400000000003,swap,notBad
7589,10,419.9400000000003,10,419.9400000000003,move,improve
7590,10,419.9400000000003,10,419.9400000000003,move,improve
7591,10,419.9400000000003,10,419.9400000000003,move,improve
7592,10,419.9400000000003,10,419.9400000000003,swap,notBad
7593,10,419.9400000000003,10,419.9400000000003,2opt,notBad
7594,10,419.9400000000003,10,419.9400000000003,swap,notBad
7595,10,419.9400000000003,10,419.9400000000003,swap,notBad
7596,10,419.9400000000003,10,419.9400000000003,move,improve
7597,10,419.9400000000003,10,419.9400000000003,swap,notBad
7598,10,419.9400000000003,10,419.9400000000003,swap,notBad
7599,10,419.9400000000003,10,419.9400000000003,2opt,improve
7600,10,419.9400000000003,10,419.9400000000003,move,improve
7601,10,419.9400000000003,10,419.9400000000003,2opt,notBad
7602,10,419.9400000000003,10,419.9400000000003,move,improve
7603,10,419.9400000000003,10,419.9400000000003,swap,notBad
7604,10,419.9400000000003,10,419.9400000000003,move,improve
7605,10,419.9400000000003,10,419.9400000000003,move,improve
7606,10,419.9400000000003,10,419.9400000000003,swap,notBad
7607,10,419.9400000000003,10,419.9400000000003,2opt,notBad
7608,10,419.9400000000003,10,419.9400000000003,move,improve
7609,10,419.9400000000003,10,419.9400000000003,move,improve
7610,10,419.9400000000003,10,419.9400000000003,swap,notBad
7611,10,419.9400000000003,10,419.9400000000003,move,improve
7612,10,419.9400000000003,10,419.9400000000003,move,improve
7613,10,419.9400000000003,10,419.9400000000003,2opt,notBad
7614,10,419.9400000000003,10,419.9400000000003,2opt,notBad
7615,10,419.9400000000003,10,419.9400000000003,move,improve
7616,10,420.8600000000003,10,419.9400000000003,swap,acceptBad
7617,10,420.8600000000003,10,419.9400000000003,2opt,notBad
7618,10,420.8600000000003,10,419.9400000000003,2opt,notBad
7619,10,420.8600000000003,10,419.9400000000003,swap,notBad
7620,10,420.8600000000003,10,419.9400000000003,swap,notBad
7621,10,420.8600000000003,10,419.9400000000003,swap,notBad
7622,10,420.8600000000003,10,419.9400000000003,move,improve
7623,10,420.8600000000003,10,419.9400000000003,move,improve
7624,10,420.8600000000003,10,419.9400000000003,2opt,notBad
7625,10,420.8600000000003,10,419.9400000000003,swap,notBad
7626,10,420.8600000000003,10,419.9400000000003,2opt,notBad
7627,10,420.8600000000003,10,419.9400000000003,move,notBad
7628,10,420.8600000000003,10,419.9400000000003,swap,notBad
7629,10,420.8600000000003,10,419.9400000000003,swap,notBad
7630,10,420.8600000000003,10,419.9400000000003,move,improve
7631,10,420.8600000000003,10,419.9400000000003,move,improve
7632,10,420.8600000000003,10,419.9400000000003,2opt,improve
7633,10,420.8600000000003,10,419.9400000000003,2opt,notBad
7634,10,420.8600000000003,10,419.9400000000003,swap,notBad
7635,10,420.8600000000003,10,419.9400000000003,2opt,notBad
7636,10,420.8600000000003,10,419.9400000000003,2opt,notBad
7637,10,420.8600000000003,10,419.9400000000003,2opt,notBad
7638,10,420.8600000000003,10,419.9400000000003,swap,notBad
7639,10,420.8600000000003,10,419.9400000000003,swap,notBad
7640,10,420.8600000000003,10,419.9400000000003,move,improve
7641,10,420.8600000000003,10,419.9400000000003,2opt,improve
7642,10,420.8600000000003,10,419.9400000000003,move,improve
7643,10,420.8600000000003,10,419.9400000000003,2opt,notBad
7644,10,421.18,10,419.9400000000003,swap,acceptBad
7645,10,421.18,10,419.9400000000003,move,improve
7646,10,421.18,10,419.9400000000003,move,improve
7647,10,421.18,10,419.9400000000003,move,improve
7648,10,421.18,10,419.9400000000003,swap,notBad
7649,10,421.18,10,419.9400000000003,move,improve
7650,10,421.18,10,419.9400000000003,2opt,notBad
7651,10,421.18,10,419.9400000000003,2opt,notBad
7652,10,421.18,10,419.9400000000003,2opt,notBad
7653,10,421.18,10,419.9400000000003,swap,notBad
7654,10,421.18,10,419.9400000000003,move,improve
7655,10,421.18,10,419.9400000000003,move,improve
7656,10,421.18,10,419.9400000000003,swap,notBad
7657,10,421.18,10,419.9400000000003,2opt,notBad
7658,10,421.18,10,419.9400000000003,move,improve
7659,10,421.18,10,419.9400000000003,move,improve
7660,10,421.18,10,419.9400000000003,2opt,improve
7661,10,421.18,10,419.9400000000003,2opt,notBad
7662,10,421.18,10,419.9400000000003,move,improve
7663,10,421.18,10,419.9400000000003,move,improve
7664,10,421.18,10,419.9400000000003,2opt,notBad
7665,10,421.18,10,419.9400000000003,2opt,notBad
7666,10,421.18,10,419.9400000000003,swap,notBad
7667,10,421.18,10,419.9400000000003,move,improve
7668,10,421.18,10,419.9400000000003,swap,notBad
7669,10,421.18,10,419.9400000000003,swap,notBad
7670,10,421.18,10,419.9400000000003,2opt,notBad
7671,10,421.18,10,419.9400000000003,move,improve
7672,10,421.18,10,419.9400000000003,swap,notBad
7673,10,421.18,10,419.9400000000003,2opt,notBad
7674,10,421.18,10,419.9400000000003,swap,notBad
7675,10,421.18,10,419.9400000000003,move,improve
7676,10,421.18,10,419.9400000000003,move,improve
7677,10,421.18,10,419.9400000000003,2opt,notBad
7678,10,421.18,10,419.9400000000003,2opt,notBad
7679,10,424.6199999999998,10,419.9400000000003,2opt,acceptBad
7680,10,424.6199999999998,10,419.9400000000003,2opt,notBad
7681,10,424.6199999999998,10,419.9400000000003,swap,notBad
7682,10,424.6199999999998,10,419.9400000000003,swap,notBad
7683,10,424.6199999999998,10,419.9400000000003,move,improve
7684,10,424.6199999999998,10,419.9400000000003,swap,notBad
7685,10,424.6199999999998,10,419.9400000000003,move,improve
7686,10,424.6199999999998,10,419.9400000000003,2opt,notBad
7687,10,424.6199999999998,10,419.9400000000003,2opt,notBad
7688,10,424.6199999999998,10,419.9400000000003,swap,notBad
7689,10,424.6199999999998,10,419.9400000000003,move,improve
7690,10,424.6199999999998,10,419.9400000000003,2opt,notBad
7691,10,424.6199999999998,10,419.9400000000003,move,improve
7692,10,424.6199999999998,10,419.9400000000003,swap,notBad
7693,10,424.6199999999998,10,419.9400000000003,2opt,notBad
7694,10,424.6199999999998,10,419.9400000000003,move,improve
7695,10,424.6199999999998,10,419.9400000000003,2opt,notBad
7696,10,424.6199999999998,10,419.9400000000003,swap,notBad
7697,10,424.6199999999998,10,419.9400000000003,move,improve
7698,10,424.6199999999998,10,419.9400000000003,swap,notBad
7699,10,424.6199999999998,10,419.9400000000003,swap,notBad
7700,10,424.6199999999998,10,419.9400000000003,swap,notBad
7701,10,424.6199999999998,10,419.9400000000003,2opt,notBad
7702,10,424.6199999999998,10,419.9400000000003,swap,notBad
7703,10,424.6199999999998,10,419.9400000000003,move,improve
7704,10,424.6199999999998,10,419.9400000000003,move,improve
7705,10,424.6199999999998,10,419.9400000000003,move,improve
7706,10,424.6199999999998,10,419.9400000000003,swap,notBad
7707,10,424.6199999999998,10,419.9400000000003,move,improve
7708,10,424.6199999999998,10,419.9400000000003,move,improve
7709,10,424.6199999999998,10,419.9400000000003,swap,notBad
7710,10,424.6199999999998,10,419.9400000000003,swap,notBad
7711,10,424.6199999999998,10,419.9400000000003,move,improve
7712,10,424.6199999999998,10,419.9400000000003,2opt,notBad
7713,10,424.6199999999998,10,419.9400000000003,swap,notBad
7714,10,424.6199999999998,10,419.9400000000003,move,improve
7715,10,424.6199999999998,10,419.9400000000003,2opt,notBad
7716,10,424.6199999999998,10,419.9400000000003,2opt,notBad
7717,10,424.6199999999998,10,419.9400000000003,swap,notBad
7718,10,424.6199999999998,10,419.9400000000003,swap,notBad
7719,10,424.6199999999998,10,419.9400000000003,2opt,notBad
7720,10,424.6199999999998,10,419.9400000000003,2opt,notBad
7721,10,424.6199999999998,10,419.9400000000003,move,improve
7722,10,424.6199999999998,10,419.9400000000003,2opt,notBad
7723,10,424.6199999999998,10,419.9400000000003,swap,notBad
7724,10,424.6199999999998,10,419.9400000000003,move,improve
7725,10,424.6199999999998,10,419.9400000000003,swap,notBad
7726,10,424.6199999999998,10,419.9400000000003,move,improve
7727,10,424.6199999999998,10,419.9400000000003,2opt,notBad
7728,10,424.6199999999998,10,419.9400000000003,2opt,improve
7729,10,424.6199999999998,10,419.9400000000003,swap,notBad
7730,10,424.6199999999998,10,419.9400000000003,move,improve
7731,10,424.6199999999998,10,419.9400000000003,move,improve
7732,10,424.6199999999998,10,419.9400000000003,swap,notBad
7733,10,424.6199999999998,10,419.9400000000003,swap,notBad
7734,10,424.6199999999998,10,419.9400000000003,move,improve
7735,10,424.6199999999998,10,419.9400000000003,swap,notBad
7736,10,424.6199999999998,10,419.9400000000003,move,improve
7737,10,424.6199999999998,10,419.9400000000003,2opt,improve
7738,10,424.6199999999998,10,419.9400000000003,2opt,notBad
7739,10,424.6199999999998,10,419.9400000000003,move,improve
7740,10,424.6199999999998,10,419.9400000000003,2opt,notBad
7741,10,424.6199999999998,10,419.9400000000003,2opt,notBad
7742,10,424.6199999999998,10,419.9400000000003,2opt,notBad
7743,10,424.6199999999998,10,419.9400000000003,swap,notBad
7744,10,424.6199999999998,10,419.9400000000003,move,improve
7745,10,424.6199999999998,10,419.9400000000003,2opt,notBad
7746,10,424.6199999999998,10,419.9400000000003,move,improve
7747,10,424.6199999999998,10,419.9400000000003,2opt,notBad
7748,10,424.6199999999998,10,419.9400000000003,move,improve
7749,10,424.6199999999998,10,419.9400000000003,2opt,notBad
7750,10,424.6199999999998,10,419.9400000000003,2opt,improve
7751,10,424.6199999999998,10,419.9400000000003,swap,notBad
7752,10,424.6199999999998,10,419.9400000000003,move,improve
7753,10,424.6199999999998,10,419.9400000000003,2opt,notBad
7754,10,424.6199999999998,10,419.9400000000003,swap,notBad
7755,10,424.6199999999998,10,419.9400000000003,swap,notBad
7756,10,424.6199999999998,10,419.9400000000003,move,improve
7757,10,424.6199999999998,10,419.9400000000003,2opt,notBad
7758,10,424.6199999999998,10,419.9400000000003,move,improve
7759,10,424.6199999999998,10,419.9400000000003,move,improve
7760,10,424.6199999999998,10,419.9400000000003,move,improve
7761,10,424.6199999999998,10,419.9400000000003,2opt,notBad
7762,10,424.6199999999998,10,419.9400000000003,2opt,notBad
7763,10,424.6199999999998,10,419.9400000000003,2opt,notBad
7764,10,424.6199999999998,10,419.9400000000003,move,improve
7765,10,424.6199999999998,10,419.9400000000003,2opt,notBad
7766,10,424.6199999999998,10,419.9400000000003,2opt,notBad
7767,10,424.6199999999998,10,419.9400000000003,swap,notBad
7768,10,424.6199999999998,10,419.9400000000003,swap,notBad
7769,10,424.6199999999998,10,419.9400000000003,swap,notBad
7770,10,424.6199999999998,10,419.9400000000003,2opt,improve
7771,10,424.6199999999998,10,419.9400000000003,swap,notBad
7772,10,424.6199999999998,10,419.9400000000003,2opt,notBad
7773,10,424.6199999999998,10,419.9400000000003,move,improve
7774,10,424.6199999999998,10,419.9400000000003,move,improve
7775,10,424.6199999999998,10,419.9400000000003,swap,notBad
7776,10,424.6199999999998,10,419.9400000000003,swap,notBad
7777,10,424.6199999999998,10,419.9400000000003,move,improve
7778,10,424.6199999999998,10,419.9400000000003,2opt,notBad
7779,10,424.6199999999998,10,419.9400000000003,2opt,notBad
7780,10,424.6199999999998,10,419.9400000000003,swap,notBad
7781,10,424.6199999999998,10,419.9400000000003,move,improve
7782,10,424.6199999999998,10,419.9400000000003,2opt,notBad
7783,10,424.6199999999998,10,419.9400000000003,2opt,notBad
7784,10,424.6199999999998,10,419.9400000000003,move,improve
7785,10,424.6199999999998,10,419.9400000000003,move,improve
7786,10,424.6199999999998,10,419.9400000000003,move,improve
7787,10,424.6199999999998,10,419.9400000000003,swap,notBad
7788,10,424.6199999999998,10,419.9400000000003,2opt,notBad
7789,10,424.6199999999998,10,419.9400000000003,2opt,notBad
7790,10,424.6199999999998,10,419.9400000000003,swap,notBad
7791,10,424.6199999999998,10,419.9400000000003,move,improve
7792,10,424.6199999999998,10,419.9400000000003,2opt,notBad
7793,10,424.6199999999998,10,419.9400000000003,swap,notBad
7794,10,424.6199999999998,10,419.9400000000003,2opt,notBad
7795,10,424.6199999999998,10,419.9400000000003,2opt,notBad
7796,10,424.6199999999998,10,419.9400000000003,move,improve
7797,10,424.6199999999998,10,419.9400000000003,swap,notBad
7798,10,424.6199999999998,10,419.9400000000003,move,improve
7799,10,424.6199999999998,10,419.9400000000003,move,improve
7800,10,424.6199999999998,10,419.9400000000003,2opt,notBad
7801,10,424.6199999999998,10,419.9400000000003,2opt,notBad
7802,10,424.6199999999998,10,419.9400000000003,move,improve
7803,10,424.6199999999998,10,419.9400000000003,2opt,notBad
7804,10,424.6199999999998,10,419.9400000000003,2opt,notBad
7805,10,424.6199999999998,10,419.9400000000003,swap,notBad
7806,10,424.6199999999998,10,419.9400000000003,2opt,notBad
7807,10,424.6199999999998,10,419.9400000000003,move,improve
7808,10,424.6199999999998,10,419.9400000000003,move,improve
7809,10,424.6199999999998,10,419.9400000000003,2opt,notBad
7810,10,424.6199999999998,10,419.9400000000003,swap,notBad
7811,10,424.6199999999998,10,419.9400000000003,move,improve
7812,10,424.6199999999998,10,419.9400000000003,2opt,notBad
7813,10,424.6199999999998,10,419.9400000000003,swap,notBad
7814,10,424.6199999999998,10,419.9400000000003,swap,notBad
7815,10,424.6199999999998,10,419.9400000000003,2opt,notBad
7816,10,424.6199999999998,10,419.9400000000003,swap,notBad
7817,10,424.6199999999998,10,419.9400000000003,move,improve
7818,10,424.6199999999998,10,419.9400000000003,move,improve
7819,10,424.6199999999998,10,419.9400000000003,2opt,notBad
7820,10,424.6199999999998,10,419.9400000000003,move,improve
7821,10,424.6199999999998,10,419.9400000000003,2opt,notBad
7822,10,424.6199999999998,10,419.9400000000003,2opt,notBad
7823,10,424.6199999999998,10,419.9400000000003,swap,notBad
7824,10,424.6199999999998,10,419.9400000000003,swap,notBad
7825,10,424.6199999999998,10,419.9400000000003,move,improve
7826,10,424.6199999999998,10,419.9400000000003,swap,notBad
7827,10,424.6199999999998,10,419.9400000000003,2opt,notBad
7828,10,424.6199999999998,10,419.9400000000003,move,improve
7829,10,424.6199999999998,10,419.9400000000003,move,improve
7830,10,424.6199999999998,10,419.9400000000003,swap,notBad
7831,10,424.6199999999998,10,419.9400000000003,2opt,notBad
7832,10,424.6199999999998,10,419.9400000000003,2opt,notBad
7833,10,424.6199999999998,10,419.9400000000003,2opt,notBad
7834,10,424.6199999999998,10,419.9400000000003,swap,notBad
7835,10,424.6199999999998,10,419.9400000000003,move,improve
7836,10,424.6199999999998,10,419.9400000000003,swap,notBad
7837,10,424.6199999999998,10,419.9400000000003,swap,notBad
7838,10,424.6199999999998,10,419.9400000000003,2opt,notBad
7839,10,424.6199999999998,10,419.9400000000003,2opt,notBad
7840,10,424.6199999999998,10,419.9400000000003,move,improve
7841,10,424.6199999999998,10,419.9400000000003,swap,notBad
7842,10,424.6199999999998,10,419.9400000000003,move,improve
7843,10,424.6199999999998,10,419.9400000000003,move,improve
7844,10,424.6199999999998,10,419.9400000000003,2opt,notBad
7845,10,424.6199999999998,10,419.9400000000003,move,improve
7846,10,424.6199999999998,10,419.9400000000003,move,improve
7847,10,424.6199999999998,10,419.9400000000003,move,improve
7848,10,424.6199999999998,10,419.9400000000003,2opt,improve
7849,10,424.6199999999998,10,419.9400000000003,swap,notBad
7850,10,424.6199999999998,10,419.9400000000003,2opt,notBad
7851,10,424.6199999999998,10,419.9400000000003,move,improve
7852,10,424.6199999999998,10,419.9400000000003,move,improve
7853,10,424.6199999999998,10,419.9400000000003,swap,notBad
7854,10,424.6199999999998,10,419.9400000000003,2opt,notBad
7855,10,424.6199999999998,10,419.9400000000003,swap,notBad
7856,10,424.6199999999998,10,419.9400000000003,2opt,notBad
7857,10,424.6199999999998,10,419.9400000000003,move,notBad
7858,10,424.6199999999998,10,419.9400000000003,2opt,notBad
7859,10,424.6199999999998,10,419.9400000000003,move,improve
7860,10,424.6199999999998,10,419.9400000000003,2opt,notBad
7861,10,424.6199999999998,10,419.9400000000003,swap,notBad
7862,10,424.6199999999998,10,419.9400000000003,move,improve
7863,10,424.6199999999998,10,419.9400000000003,swap,notBad
7864,10,424.6199999999998,10,419.9400000000003,swap,notBad
7865,10,424.6199999999998,10,419.9400000000003,2opt,improve
7866,10,424.6199999999998,10,419.9400000000003,2opt,improve
7867,10,424.6199999999998,10,419.9400000000003,2opt,notBad
7868,10,424.6199999999998,10,419.9400000000003,move,improve
7869,10,424.6199999999998,10,419.9400000000003,move,improve
7870,10,424.6199999999998,10,419.9400000000003,move,improve
7871,10,424.6199999999998,10,419.9400000000003,2opt,notBad
7872,10,424.6199999999998,10,419.9400000000003,move,improve
7873,10,424.6199999999998,10,419.9400000000003,2opt,notBad
7874,10,422.4199999999999,10,419.9400000000003,2opt,improve
7875,10,422.4199999999999,10,419.9400000000003,move,improve
7876,10,422.4199999999999,10,419.9400000000003,2opt,notBad
7877,10,422.4199999999999,10,419.9400000000003,2opt,notBad
7878,10,422.4199999999999,10,419.9400000000003,move,improve
7879,10,429.47999999999945,10,419.9400000000003,swap,acceptBad
7880,10,429.47999999999945,10,419.9400000000003,2opt,notBad
7881,10,429.47999999999945,10,419.9400000000003,move,improve
7882,10,429.47999999999945,10,419.9400000000003,2opt,notBad
7883,10,429.47999999999945,10,419.9400000000003,move,improve
7884,10,429.47999999999945,10,419.9400000000003,move,improve
7885,10,429.47999999999945,10,419.9400000000003,move,improve
7886,10,429.47999999999945,10,419.9400000000003,swap,notBad
7887,10,429.47999999999945,10,419.9400000000003,2opt,notBad
7888,10,422.4199999999999,10,419.9400000000003,move,improve
7889,10,422.4199999999999,10,419.9400000000003,2opt,notBad
7890,10,422.4199999999999,10,419.9400000000003,move,improve
7891,10,422.4199999999999,10,419.9400000000003,move,improve
7892,10,422.4199999999999,10,419.9400000000003,2opt,notBad
7893,10,422.4199999999999,10,419.9400000000003,2opt,notBad
7894,10,422.4199999999999,10,419.9400000000003,2opt,notBad
7895,10,422.4199999999999,10,419.9400000000003,swap,notBad
7896,10,422.4199999999999,10,419.9400000000003,move,improve
7897,10,422.4199999999999,10,419.9400000000003,2opt,notBad
7898,10,422.4199999999999,10,419.9400000000003,move,improve
7899,10,422.4199999999999,10,419.9400000000003,move,improve
7900,10,422.4199999999999,10,419.9400000000003,move,improve
7901,10,422.4199999999999,10,419.9400000000003,swap,notBad
7902,10,422.4199999999999,10,419.9400000000003,2opt,notBad
7903,10,422.4199999999999,10,419.9400000000003,2opt,notBad
7904,10,422.4199999999999,10,419.9400000000003,2opt,notBad
7905,10,422.4199999999999,10,419.9400000000003,move,notBad
7906,10,422.4199999999999,10,419.9400000000003,move,improve
7907,10,422.4199999999999,10,419.9400000000003,swap,notBad
7908,10,422.4199999999999,10,419.9400000000003,swap,notBad
7909,10,422.4199999999999,10,419.9400000000003,2opt,notBad
7910,10,422.4199999999999,10,419.9400000000003,move,improve
7911,10,422.4199999999999,10,419.9400000000003,2opt,notBad
7912,10,422.4199999999999,10,419.9400000000003,2opt,notBad
7913,10,422.4199999999999,10,419.9400000000003,swap,notBad
7914,10,422.4199999999999,10,419.9400000000003,move,improve
7915,10,422.4199999999999,10,419.9400000000003,2opt,notBad
7916,10,422.4199999999999,10,419.9400000000003,move,improve
7917,10,422.4199999999999,10,419.9400000000003,2opt,notBad
7918,10,422.4199999999999,10,419.9400000000003,move,improve
7919,10,422.4199999999999,10,419.9400000000003,2opt,improve
7920,10,422.4199999999999,10,419.9400000000003,swap,notBad
7921,10,425.88,10,419.9400000000003,2opt,acceptBad
7922,10,425.88,10,419.9400000000003,move,improve
7923,10,425.88,10,419.9400000000003,move,improve
7924,10,425.88,10,419.9400000000003,move,improve
7925,10,425.88,10,419.9400000000003,swap,notBad
7926,10,425.88,10,419.9400000000003,2opt,notBad
7927,10,425.88,10,419.9400000000003,swap,notBad
7928,10,425.88,10,419.9400000000003,swap,notBad
7929,10,425.88,10,419.9400000000003,2opt,notBad
7930,10,425.88,10,419.9400000000003,2opt,notBad
7931,10,425.88,10,419.9400000000003,2opt,notBad
7932,10,425.88,10,419.9400000000003,2opt,notBad
7933,10,425.88,10,419.9400000000003,2opt,notBad
7934,10,425.88,10,419.9400000000003,swap,notBad
7935,10,425.88,10,419.9400000000003,swap,notBad
7936,10,425.88,10,419.9400000000003,2opt,notBad
7937,10,425.88,10,419.9400000000003,swap,notBad
7938,10,425.88,10,419.9400000000003,2opt,notBad
7939,10,425.88,10,419.9400000000003,2opt,notBad
7940,10,425.88,10,419.9400000000003,swap,notBad
7941,10,425.88,10,419.9400000000003,swap,notBad
7942,10,425.88,10,419.9400000000003,2opt,notBad
7943,10,425.88,10,419.9400000000003,swap,notBad
7944,10,425.88,10,419.9400000000003,2opt,notBad
7945,10,425.88,10,419.9400000000003,move,improve
7946,10,425.88,10,419.9400000000003,swap,notBad
7947,10,425.88,10,419.9400000000003,move,improve
7948,10,425.88,10,419.9400000000003,2opt,notBad
7949,10,425.88,10,419.9400000000003,2opt,notBad
7950,10,425.88,10,419.9400000000003,move,improve
7951,10,425.88,10,419.9400000000003,2opt,notBad
7952,10,425.88,10,419.9400000000003,2opt,notBad
7953,10,425.88,10,419.9400000000003,2opt,notBad
7954,10,425.88,10,419.9400000000003,2opt,notBad
7955,10,425.88,10,419.9400000000003,2opt,notBad
7956,10,425.88,10,419.9400000000003,swap,notBad
7957,10,425.88,10,419.9400000000003,2opt,notBad
7958,10,425.88,10,419.9400000000003,swap,notBad
7959,10,425.88,10,419.9400000000003,swap,notBad
7960,10,425.88,10,419.9400000000003,swap,notBad
7961,10,425.88,10,419.9400000000003,2opt,notBad
7962,10,425.88,10,419.9400000000003,swap,notBad
7963,10,425.88,10,419.9400000000003,move,improve
7964,10,425.88,10,419.9400000000003,swap,notBad
7965,10,425.88,10,419.9400000000003,move,improve
7966,10,425.88,10,419.9400000000003,move,improve
7967,10,425.88,10,419.9400000000003,swap,notBad
7968,10,425.88,10,419.9400000000003,swap,notBad
7969,10,425.88,10,419.9400000000003,swap,notBad
7970,10,425.88,10,419.9400000000003,swap,notBad
7971,10,425.88,10,419.9400000000003,move,improve
7972,10,425.88,10,419.9400000000003,2opt,notBad
7973,10,425.88,10,419.9400000000003,move,improve
7974,10,425.88,10,419.9400000000003,2opt,notBad
7975,10,427.35999999999973,10,419.9400000000003,swap,acceptBad
7976,10,427.35999999999973,10,419.9400000000003,move,improve
7977,10,427.35999999999973,10,419.9400000000003,swap,notBad
7978,10,427.35999999999973,10,419.9400000000003,swap,notBad
7979,10,427.35999999999973,10,419.9400000000003,move,improve
7980,10,427.35999999999973,10,419.9400000000003,2opt,notBad
7981,10,427.35999999999973,10,419.9400000000003,move,improve
7982,10,427.35999999999973,10,419.9400000000003,swap,notBad
7983,10,427.35999999999973,10,419.9400000000003,2opt,notBad
7984,10,427.35999999999973,10,419.9400000000003,2opt,notBad
7985,10,423.6599999999999,10,419.9400000000003,move,improve
7986,10,423.6599999999999,10,419.9400000000003,swap,notBad
7987,10,423.6599999999999,10,419.9400000000003,2opt,notBad
7988,10,423.5599999999999,10,419.9400000000003,move,improve
7989,10,423.5599999999999,10,419.9400000000003,swap,notBad
7990,10,423.5599999999999,10,419.9400000000003,move,improve
7991,10,423.5599999999999,10,419.9400000000003,move,improve
7992,10,423.5599999999999,10,419.9400000000003,swap,notBad
7993,10,423.5599999999999,10,419.9400000000003,2opt,notBad
7994,10,423.5599999999999,10,419.9400000000003,swap,notBad
7995,10,423.5599999999999,10,419.9400000000003,move,improve
7996,10,423.5599999999999,10,419.9400000000003,swap,notBad
7997,10,423.5599999999999,10,419.9400000000003,move,improve
7998,10,423.5599999999999,10,419.9400000000003,2opt,notBad
7999,10,423.5599999999999,10,419.9400000000003,2opt,notBad
8000,10,423.5599999999999,10,419.9400000000003,move,improve
8001,10,423.5599999999999,10,419.9400000000003,swap,notBad
8002,10,423.5599999999999,10,419.9400000000003,swap,notBad
8003,10,423.5599999999999,10,419.9400000000003,swap,notBad
8004,10,423.5599999999999,10,419.9400000000003,swap,notBad
8005,10,423.5599999999999,10,419.9400000000003,swap,notBad
8006,10,423.5599999999999,10,419.9400000000003,2opt,notBad
8007,10,423.5599999999999,10,419.9400000000003,2opt,notBad
8008,10,423.5599999999999,10,419.9400000000003,2opt,notBad
8009,10,423.5599999999999,10,419.9400000000003,swap,notBad
8010,10,423.5599999999999,10,419.9400000000003,2opt,notBad
8011,10,422.72000000000014,10,419.9400000000003,move,improve
8012,10,422.72000000000014,10,419.9400000000003,move,improve
8013,10,422.72000000000014,10,419.9400000000003,swap,notBad
8014,10,422.72000000000014,10,419.9400000000003,move,improve
8015,10,422.72000000000014,10,419.9400000000003,2opt,notBad
8016,10,422.72000000000014,10,419.9400000000003,swap,notBad
8017,10,422.72000000000014,10,419.9400000000003,2opt,notBad
8018,10,422.72000000000014,10,419.9400000000003,swap,notBad
8019,10,422.72000000000014,10,419.9400000000003,move,improve
8020,10,422.72000000000014,10,419.9400000000003,swap,notBad
8021,10,422.5600000000001,10,419.9400000000003,move,improve
8022,10,422.5600000000001,10,419.9400000000003,move,improve
8023,10,422.5600000000001,10,419.9400000000003,move,improve
8024,10,422.5600000000001,10,419.9400000000003,move,improve
8025,10,422.5600000000001,10,419.9400000000003,2opt,notBad
8026,10,422.5600000000001,10,419.9400000000003,move,improve
8027,10,422.5600000000001,10,419.9400000000003,swap,notBad
8028,10,422.5600000000001,10,419.9400000000003,move,improve
8029,10,422.5600000000001,10,419.9400000000003,swap,notBad
8030,10,422.5600000000001,10,419.9400000000003,move,improve
8031,10,422.5600000000001,10,419.9400000000003,swap,notBad
8032,10,422.5600000000001,10,419.9400000000003,swap,notBad
8033,10,422.5600000000001,10,419.9400000000003,2opt,improve
8034,10,422.5600000000001,10,419.9400000000003,move,improve
8035,10,422.5600000000001,10,419.9400000000003,2opt,notBad
8036,10,422.5600000000001,10,419.9400000000003,swap,notBad
8037,10,422.5600000000001,10,419.9400000000003,move,improve
8038,10,422.5600000000001,10,419.9400000000003,2opt,notBad
8039,10,422.5600000000001,10,419.9400000000003,2opt,notBad
8040,10,422.5600000000001,10,419.9400000000003,swap,notBad
8041,10,422.5600000000001,10,419.9400000000003,swap,notBad
8042,10,422.5600000000001,10,419.9400000000003,2opt,notBad
8043,10,422.5600000000001,10,419.9400000000003,swap,notBad
8044,10,422.5600000000001,10,419.9400000000003,move,improve
8045,10,422.5600000000001,10,419.9400000000003,2opt,notBad
8046,10,422.5600000000001,10,419.9400000000003,swap,notBad
8047,10,422.5600000000001,10,419.9400000000003,2opt,notBad
8048,10,422.5600000000001,10,419.9400000000003,swap,notBad
8049,10,436.73999999999984,10,419.9400000000003,move,acceptBad
8050,10,436.73999999999984,10,419.9400000000003,swap,notBad
8051,10,436.73999999999984,10,419.9400000000003,move,improve
8052,10,436.73999999999984,10,419.9400000000003,swap,notBad
8053,10,436.73999999999984,10,419.9400000000003,move,improve
8054,10,436.73999999999984,10,419.9400000000003,swap,notBad
8055,10,436.73999999999984,10,419.9400000000003,swap,notBad
8056,10,433.59999999999985,10,419.9400000000003,move,improve
8057,10,433.59999999999985,10,419.9400000000003,move,improve
8058,10,436.70000000000033,10,419.9400000000003,swap,acceptBad
8059,10,436.70000000000033,10,419.9400000000003,move,improve
8060,10,436.70000000000033,10,419.9400000000003,2opt,notBad
8061,10,436.70000000000033,10,419.9400000000003,swap,notBad
8062,10,436.70000000000033,10,419.9400000000003,swap,notBad
8063,10,436.70000000000033,10,419.9400000000003,2opt,notBad
8064,10,436.70000000000033,10,419.9400000000003,2opt,notBad
8065,10,436.70000000000033,10,419.9400000000003,swap,notBad
8066,10,436.70000000000033,10,419.9400000000003,2opt,notBad
8067,10,436.70000000000033,10,419.9400000000003,move,improve
8068,10,436.70000000000033,10,419.9400000000003,move,improve
8069,10,436.70000000000033,10,419.9400000000003,2opt,notBad
8070,10,436.70000000000033,10,419.9400000000003,swap,notBad
8071,10,436.70000000000033,10,419.9400000000003,swap,notBad
8072,10,436.70000000000033,10,419.9400000000003,2opt,notBad
8073,10,436.70000000000033,10,419.9400000000003,move,improve
8074,10,436.70000000000033,10,419.9400000000003,2opt,notBad
8075,10,436.70000000000033,10,419.9400000000003,move,improve
8076,10,436.70000000000033,10,419.9400000000003,swap,notBad
8077,10,436.70000000000033,10,419.9400000000003,swap,notBad
8078,10,435.9200000000002,10,419.9400000000003,move,improve
8079,10,435.9200000000002,10,419.9400000000003,move,improve
8080,10,435.9200000000002,10,419.9400000000003,swap,notBad
8081,10,435.9200000000002,10,419.9400000000003,swap,notBad
8082,10,435.9200000000002,10,419.9400000000003,2opt,notBad
8083,10,435.9200000000002,10,419.9400000000003,move,improve
8084,10,435.9200000000002,10,419.9400000000003,2opt,notBad
8085,10,435.9200000000002,10,419.9400000000003,move,improve
8086,10,435.9200000000002,10,419.9400000000003,2opt,notBad
8087,10,435.9200000000002,10,419.9400000000003,swap,notBad
8088,10,420.3000000000007,10,419.9400000000003,move,improve
8089,10,420.3000000000007,10,419.9400000000003,swap,notBad
8090,10,420.3000000000007,10,419.9400000000003,2opt,notBad
8091,10,420.3000000000007,10,419.9400000000003,swap,notBad
8092,10,420.3000000000007,10,419.9400000000003,swap,notBad
8093,10,420.3000000000007,10,419.9400000000003,move,improve
8094,10,420.3000000000007,10,419.9400000000003,swap,notBad
8095,10,420.3000000000007,10,419.9400000000003,swap,notBad
8096,10,420.3000000000007,10,419.9400000000003,swap,notBad
8097,10,420.3000000000007,10,419.9400000000003,move,improve
8098,10,420.3000000000007,10,419.9400000000003,swap,notBad
8099,10,420.3000000000007,10,419.9400000000003,swap,notBad
8100,10,420.3000000000007,10,419.9400000000003,swap,notBad
8101,10,420.3000000000007,10,419.9400000000003,2opt,notBad
8102,10,420.3000000000007,10,419.9400000000003,swap,notBad
8103,10,420.3000000000007,10,419.9400000000003,2opt,notBad
8104,10,420.3000000000007,10,419.9400000000003,2opt,notBad
8105,10,420.3000000000007,10,419.9400000000003,2opt,notBad
8106,10,420.3000000000007,10,419.9400000000003,2opt,notBad
8107,10,420.3000000000007,10,419.9400000000003,move,improve
8108,10,420.3000000000007,10,419.9400000000003,move,improve
8109,10,420.3000000000007,10,419.9400000000003,move,improve
8110,10,420.3000000000007,10,419.9400000000003,move,improve
8111,10,420.3000000000007,10,419.9400000000003,move,improve
8112,10,420.3000000000007,10,419.9400000000003,swap,notBad
8113,10,420.3000000000007,10,419.9400000000003,2opt,notBad
8114,10,420.3000000000007,10,419.9400000000003,swap,notBad
8115,10,420.3000000000007,10,419.9400000000003,move,improve
8116,10,420.3000000000007,10,419.9400000000003,move,improve
8117,10,420.3000000000007,10,419.9400000000003,move,improve
8118,10,420.3000000000007,10,419.9400000000003,move,improve
8119,10,420.3000000000007,10,419.9400000000003,2opt,notBad
8120,10,420.3000000000007,10,419.9400000000003,move,improve
8121,10,420.3000000000007,10,419.9400000000003,2opt,notBad
8122,10,420.3000000000007,10,419.9400000000003,move,improve
8123,10,420.3000000000007,10,419.9400000000003,swap,notBad
8124,10,420.3000000000007,10,419.9400000000003,2opt,notBad
8125,10,420.3000000000007,10,419.9400000000003,swap,notBad
8126,10,420.3000000000007,10,419.9400000000003,move,improve
8127,10,420.3000000000007,10,419.9400000000003,swap,notBad
8128,10,420.3000000000007,10,419.9400000000003,swap,notBad
8129,10,420.3000000000007,10,419.9400000000003,2opt,notBad
8130,10,420.3000000000007,10,419.9400000000003,move,improve
8131,10,420.3000000000007,10,419.9400000000003,2opt,notBad
8132,10,420.3000000000007,10,419.9400000000003,move,improve
8133,10,420.3000000000007,10,419.9400000000003,swap,notBad
8134,10,420.3000000000007,10,419.9400000000003,2opt,notBad
8135,10,420.3000000000007,10,419.9400000000003,move,improve
8136,10,420.3000000000007,10,419.9400000000003,move,improve
8137,10,420.3000000000007,10,419.9400000000003,swap,notBad
8138,10,420.3000000000007,10,419.9400000000003,swap,notBad
8139,10,420.3000000000007,10,419.9400000000003,2opt,notBad
8140,10,420.3000000000007,10,419.9400000000003,2opt,notBad
8141,10,420.3000000000007,10,419.9400000000003,swap,notBad
8142,10,420.3000000000007,10,419.9400000000003,move,improve
8143,10,420.3000000000007,10,419.9400000000003,move,improve
8144,10,420.3000000000007,10,419.9400000000003,swap,notBad
8145,10,420.3000000000007,10,419.9400000000003,swap,notBad
8146,10,420.3000000000007,10,419.9400000000003,2opt,improve
8147,10,420.3000000000007,10,419.9400000000003,swap,notBad
8148,10,420.3000000000007,10,419.9400000000003,2opt,notBad
8149,10,420.3000000000007,10,419.9400000000003,swap,notBad
8150,10,420.3000000000007,10,419.9400000000003,2opt,notBad
8151,10,420.3000000000007,10,419.9400000000003,swap,notBad
8152,10,420.3000000000007,10,419.9400000000003,swap,notBad
8153,10,420.3000000000007,10,419.9400000000003,move,improve
8154,10,420.3000000000007,10,419.9400000000003,move,improve
8155,10,420.3000000000007,10,419.9400000000003,swap,notBad
8156,10,420.3000000000007,10,419.9400000000003,swap,notBad
8157,10,420.3000000000007,10,419.9400000000003,2opt,notBad
8158,10,420.3000000000007,10,419.9400000000003,swap,notBad
8159,10,420.3000000000007,10,419.9400000000003,move,improve
8160,10,420.3000000000007,10,419.9400000000003,2opt,improve
8161,10,420.3000000000007,10,419.9400000000003,swap,notBad
8162,10,420.3000000000007,10,419.9400000000003,2opt,notBad
8163,10,420.3000000000007,10,419.9400000000003,move,improve
8164,10,427.92000000000024,10,419.9400000000003,swap,acceptBad
8165,10,427.92000000000024,10,419.9400000000003,move,improve
8166,10,427.92000000000024,10,419.9400000000003,move,improve
8167,10,427.92000000000024,10,419.9400000000003,swap,notBad
8168,10,427.92000000000024,10,419.9400000000003,move,improve
8169,10,427.92000000000024,10,419.9400000000003,2opt,notBad
8170,10,427.92000000000024,10,419.9400000000003,move,improve
8171,10,427.92000000000024,10,419.9400000000003,2opt,notBad
8172,10,427.92000000000024,10,419.9400000000003,2opt,notBad
8173,10,427.92000000000024,10,419.9400000000003,swap,notBad
8174,10,427.92000000000024,10,419.9400000000003,2opt,notBad
8175,10,427.92000000000024,10,419.9400000000003,2opt,notBad
8176,10,427.92000000000024,10,419.9400000000003,swap,notBad
8177,10,427.92000000000024,10,419.9400000000003,move,improve
8178,10,427.92000000000024,10,419.9400000000003,swap,notBad
8179,10,427.92000000000024,10,419.9400000000003,move,improve
8180,10,427.92000000000024,10,419.9400000000003,2opt,notBad
8181,10,427.92000000000024,10,419.9400000000003,move,improve
8182,10,427.92000000000024,10,419.9400000000003,2opt,notBad
8183,10,427.92000000000024,10,419.9400000000003,2opt,notBad
8184,10,427.92000000000024,10,419.9400000000003,move,improve
8185,10,427.92000000000024,10,419.9400000000003,swap,notBad
8186,10,427.92000000000024,10,419.9400000000003,move,improve
8187,10,427.92000000000024,10,419.9400000000003,2opt,notBad
8188,10,427.92000000000024,10,419.9400000000003,move,improve
8189,10,427.92000000000024,10,419.9400000000003,swap,notBad
8190,10,427.92000000000024,10,419.9400000000003,move,improve
8191,10,427.92000000000024,10,419.9400000000003,move,improve
8192,10,427.92000000000024,10,419.9400000000003,2opt,notBad
8193,10,427.92000000000024,10,419.9400000000003,move,improve
8194,10,427.92000000000024,10,419.9400000000003,swap,notBad
8195,10,427.92000000000024,10,419.9400000000003,swap,notBad
8196,10,427.92000000000024,10,419.9400000000003,2opt,notBad
8197,10,427.92000000000024,10,419.9400000000003,move,improve
8198,10,427.92000000000024,10,419.9400000000003,move,improve
8199,10,427.92000000000024,10,419.9400000000003,2opt,notBad
8200,10,427.92000000000024,10,419.9400000000003,2opt,notBad
8201,10,427.92000000000024,10,419.9400000000003,2opt,improve
8202,10,427.92000000000024,10,419.9400000000003,2opt,notBad
8203,10,420.3000000000007,10,419.9400000000003,move,improve
8204,10,420.3000000000007,10,419.9400000000003,move,improve
8205,10,420.3000000000007,10,419.9400000000003,move,improve
8206,10,420.3000000000007,10,419.9400000000003,2opt,notBad
8207,10,420.3000000000007,10,419.9400000000003,2opt,notBad
8208,10,420.3000000000007,10,419.9400000000003,move,improve
8209,10,420.3000000000007,10,419.9400000000003,swap,notBad
8210,10,420.3000000000007,10,419.9400000000003,swap,notBad
8211,10,420.3000000000007,10,419.9400000000003,2opt,notBad
8212,10,420.3000000000007,10,419.9400000000003,2opt,notBad
8213,10,420.3000000000007,10,419.9400000000003,2opt,notBad
8214,10,420.3000000000007,10,419.9400000000003,swap,notBad
8215,10,420.3000000000007,10,419.9400000000003,2opt,improve
8216,10,420.3000000000007,10,419.9400000000003,swap,notBad
8217,10,420.3000000000007,10,419.9400000000003,move,improve
8218,10,420.3000000000007,10,419.9400000000003,move,improve
8219,10,420.3000000000007,10,419.9400000000003,2opt,notBad
8220,10,420.3000000000007,10,419.9400000000003,2opt,notBad
8221,10,420.3000000000007,10,419.9400000000003,2opt,notBad
8222,10,420.3000000000007,10,419.9400000000003,swap,notBad
8223,10,420.3000000000007,10,419.9400000000003,move,improve
8224,10,420.3000000000007,10,419.9400000000003,move,improve
8225,10,420.3000000000007,10,419.9400000000003,swap,notBad
8226,10,420.3000000000007,10,419.9400000000003,2opt,notBad
8227,10,420.3000000000007,10,419.9400000000003,swap,notBad
8228,10,420.3000000000007,10,419.9400000000003,2opt,notBad
8229,10,421.10000000000014,10,419.9400000000003,swap,acceptBad
8230,10,421.10000000000014,10,419.9400000000003,2opt,notBad
8231,10,421.10000000000014,10,419.9400000000003,2opt,notBad
8232,10,421.10000000000014,10,419.9400000000003,swap,notBad
8233,10,421.10000000000014,10,419.9400000000003,swap,notBad
8234,10,421.10000000000014,10,419.9400000000003,2opt,notBad
8235,10,421.10000000000014,10,419.9400000000003,move,improve
8236,10,421.10000000000014,10,419.9400000000003,swap,notBad
8237,10,421.10000000000014,10,419.9400000000003,move,improve
8238,10,421.10000000000014,10,419.9400000000003,move,improve
8239,10,421.10000000000014,10,419.9400000000003,move,improve
8240,10,421.10000000000014,10,419.9400000000003,move,improve
8241,10,421.10000000000014,10,419.9400000000003,2opt,notBad
8242,10,421.10000000000014,10,419.9400000000003,move,improve
8243,10,421.10000000000014,10,419.9400000000003,swap,notBad
8244,10,421.10000000000014,10,419.9400000000003,2opt,notBad
8245,10,421.10000000000014,10,419.9400000000003,move,improve
8246,10,421.10000000000014,10,419.9400000000003,swap,notBad
8247,10,421.10000000000014,10,419.9400000000003,2opt,notBad
8248,10,421.10000000000014,10,419.9400000000003,2opt,notBad
8249,10,421.10000000000014,10,419.9400000000003,2opt,notBad
8250,10,421.10000000000014,10,419.9400000000003,move,improve
8251,10,421.10000000000014,10,419.9400000000003,2opt,notBad
8252,10,421.10000000000014,10,419.9400000000003,2opt,notBad
8253,10,421.10000000000014,10,419.9400000000003,2opt,notBad
8254,10,421.10000000000014,10,419.9400000000003,2opt,notBad
8255,10,421.10000000000014,10,419.9400000000003,2opt,notBad
8256,10,421.10000000000014,10,419.9400000000003,2opt,notBad
8257,10,418.3000000000003,10,418.3000000000003,move,newBest
8258,10,418.3000000000003,10,418.3000000000003,swap,notBad
8259,10,418.3000000000003,10,418.3000000000003,2opt,improve
8260,10,418.3000000000003,10,418.3000000000003,swap,notBad
8261,10,418.3000000000003,10,418.3000000000003,2opt,notBad
8262,10,418.3000000000003,10,418.3000000000003,swap,notBad
8263,10,418.3000000000003,10,418.3000000000003,move,improve
8264,10,418.3000000000003,10,418.3000000000003,swap,notBad
8265,10,418.3000000000003,10,418.3000000000003,swap,notBad
8266,10,418.3000000000003,10,418.3000000000003,2opt,notBad
8267,10,418.3000000000003,10,418.3000000000003,swap,notBad
8268,10,418.3000000000003,10,418.3000000000003,swap,notBad
8269,10,418.3000000000003,10,418.3000000000003,swap,notBad
8270,10,418.3000000000003,10,418.3000000000003,move,improve
8271,10,418.3000000000003,10,418.3000000000003,2opt,notBad
8272,10,418.3000000000003,10,418.3000000000003,swap,notBad
8273,10,418.3000000000003,10,418.3000000000003,move,improve
8274,10,418.3000000000003,10,418.3000000000003,2opt,notBad
8275,10,418.3000000000003,10,418.3000000000003,2opt,notBad
8276,10,418.3000000000003,10,418.3000000000003,move,improve
8277,10,418.3000000000003,10,418.3000000000003,move,improve
8278,10,418.3000000000003,10,418.3000000000003,swap,notBad
8279,10,418.3000000000003,10,418.3000000000003,swap,notBad
8280,10,418.3000000000003,10,418.3000000000003,move,improve
8281,10,418.3000000000003,10,418.3000000000003,move,improve
8282,10,418.3000000000003,10,418.3000000000003,swap,notBad
8283,10,418.3000000000003,10,418.3000000000003,swap,notBad
8284,10,418.3000000000003,10,418.3000000000003,swap,notBad
8285,10,418.3000000000003,10,418.3000000000003,swap,notBad
8286,10,418.3000000000003,10,418.3000000000003,swap,notBad
8287,10,418.3000000000003,10,418.3000000000003,move,improve
8288,10,433.59999999999985,10,418.3000000000003,move,acceptBad
8289,10,433.59999999999985,10,418.3000000000003,2opt,notBad
8290,10,433.59999999999985,10,418.3000000000003,move,improve
8291,10,433.59999999999985,10,418.3000000000003,swap,notBad
8292,10,428.7999999999995,10,418.3000000000003,swap,improve
8293,10,428.7999999999995,10,418.3000000000003,swap,notBad
8294,10,428.7999999999995,10,418.3000000000003,move,improve
8295,10,428.7999999999995,10,418.3000000000003,swap,notBad
8296,10,428.7999999999995,10,418.3000000000003,2opt,notBad
8297,10,428.7999999999995,10,418.3000000000003,2opt,notBad
8298,10,428.7999999999995,10,418.3000000000003,move,improve
8299,10,428.7999999999995,10,418.3000000000003,2opt,notBad
8300,10,428.7999999999995,10,418.3000000000003,move,improve
8301,10,428.7999999999995,10,418.3000000000003,move,improve
8302,10,428.7999999999995,10,418.3000000000003,swap,notBad
8303,10,428.7999999999995,10,418.3000000000003,move,improve
8304,10,428.7999999999995,10,418.3000000000003,move,improve
8305,10,428.7999999999995,10,418.3000000000003,swap,notBad
8306,10,428.7999999999995,10,418.3000000000003,2opt,notBad
8307,10,428.7999999999995,10,418.3000000000003,swap,notBad
8308,10,428.7999999999995,10,418.3000000000003,move,improve
8309,10,428.7999999999995,10,418.3000000000003,move,improve
8310,10,428.7999999999995,10,418.3000000000003,move,improve
8311,10,428.7999999999995,10,418.3000000000003,move,improve
8312,10,428.7999999999995,10,418.3000000000003,2opt,notBad
8313,10,428.7999999999995,10,418.3000000000003,swap,notBad
8314,10,428.7999999999995,10,418.3000000000003,2opt,notBad
8315,10,428.7999999999995,10,418.3000000000003,swap,notBad
8316,10,428.7999999999995,10,418.3000000000003,2opt,notBad
8317,10,428.7999999999995,10,418.3000000000003,move,improve
8318,10,428.7999999999995,10,418.3000000000003,move,improve
8319,10,428.7999999999995,10,418.3000000000003,move,improve
8320,10,428.7999999999995,10,418.3000000000003,swap,notBad
8321,10,428.7999999999995,10,418.3000000000003,2opt,improve
8322,10,428.7999999999995,10,418.3000000000003,2opt,notBad
8323,10,428.7999999999995,10,418.3000000000003,move,improve
8324,10,428.7999999999995,10,418.3000000000003,2opt,notBad
8325,10,428.7999999999995,10,418.3000000000003,move,improve
8326,10,428.7999999999995,10,418.3000000000003,swap,notBad
8327,10,428.7999999999995,10,418.3000000000003,2opt,improve
8328,10,428.7999999999995,10,418.3000000000003,2opt,notBad
8329,10,428.7999999999995,10,418.3000000000003,2opt,notBad
8330,10,428.7999999999995,10,418.3000000000003,swap,notBad
8331,10,428.7999999999995,10,418.3000000000003,swap,notBad
8332,10,428.7999999999995,10,418.3000000000003,swap,notBad
8333,10,428.7999999999995,10,418.3000000000003,move,improve
8334,10,428.7999999999995,10,418.3000000000003,swap,notBad
8335,10,428.7999999999995,10,418.3000000000003,move,improve
8336,10,428.7999999999995,10,418.3000000000003,swap,notBad
8337,10,428.7999999999995,10,418.3000000000003,swap,notBad
8338,10,428.7999999999995,10,418.3000000000003,swap,notBad
8339,10,428.7999999999995,10,418.3000000000003,move,improve
8340,10,428.7999999999995,10,418.3000000000003,swap,notBad
8341,10,428.7999999999995,10,418.3000000000003,swap,notBad
8342,10,428.7999999999995,10,418.3000000000003,2opt,notBad
8343,10,428.7999999999995,10,418.3000000000003,move,improve
8344,10,428.7999999999995,10,418.3000000000003,move,improve
8345,10,428.7999999999995,10,418.3000000000003,move,improve
8346,10,428.7999999999995,10,418.3000000000003,swap,notBad
8347,10,428.7999999999995,10,418.3000000000003,swap,notBad
8348,10,428.7999999999995,10,418.3000000000003,move,improve
8349,10,428.7999999999995,10,418.3000000000003,move,improve
8350,10,428.7999999999995,10,418.3000000000003,move,improve
8351,10,428.7999999999995,10,418.3000000000003,2opt,notBad
8352,10,428.7999999999995,10,418.3000000000003,2opt,notBad
8353,10,428.7999999999995,10,418.3000000000003,swap,notBad
8354,10,428.7999999999995,10,418.3000000000003,2opt,notBad
8355,10,428.7999999999995,10,418.3000000000003,2opt,notBad
8356,10,428.7999999999995,10,418.3000000000003,2opt,notBad
8357,10,428.7999999999995,10,418.3000000000003,swap,notBad
8358,10,428.7999999999995,10,418.3000000000003,move,improve
8359,10,428.7999999999995,10,418.3000000000003,swap,notBad
8360,10,428.7999999999995,10,418.3000000000003,swap,notBad
8361,10,428.7999999999995,10,418.3000000000003,swap,notBad
8362,10,428.7999999999995,10,418.3000000000003,swap,notBad
8363,10,428.7999999999995,10,418.3000000000003,move,improve
8364,10,428.7999999999995,10,418.3000000000003,move,improve
8365,10,428.7999999999995,10,418.3000000000003,swap,notBad
8366,10,428.7999999999995,10,418.3000000000003,move,improve
8367,10,428.7999999999995,10,418.3000000000003,swap,notBad
8368,10,428.7999999999995,10,418.3000000000003,move,improve
8369,10,428.7999999999995,10,418.3000000000003,2opt,notBad
8370,10,428.7999999999995,10,418.3000000000003,2opt,notBad
8371,10,428.7999999999995,10,418.3000000000003,2opt,notBad
8372,10,428.7999999999995,10,418.3000000000003,swap,notBad
8373,10,428.7999999999995,10,418.3000000000003,swap,notBad
8374,10,428.7999999999995,10,418.3000000000003,move,improve
8375,10,428.7999999999995,10,418.3000000000003,2opt,notBad
8376,10,428.7999999999995,10,418.3000000000003,swap,notBad
8377,10,428.7999999999995,10,418.3000000000003,move,improve
8378,10,428.7999999999995,10,418.3000000000003,move,improve
8379,10,428.7999999999995,10,418.3000000000003,2opt,notBad
8380,10,428.7999999999995,10,418.3000000000003,swap,notBad
8381,10,428.7999999999995,10,418.3000000000003,2opt,notBad
8382,10,428.7999999999995,10,418.3000000000003,2opt,notBad
8383,10,414.1399999999997,10,414.1399999999997,move,newBest
8384,10,414.1399999999997,10,414.1399999999997,move,improve
8385,10,414.1399999999997,10,414.1399999999997,2opt,notBad
8386,10,414.1399999999997,10,414.1399999999997,2opt,notBad
8387,10,414.1399999999997,10,414.1399999999997,move,improve
8388,10,414.1399999999997,10,414.1399999999997,2opt,notBad
8389,10,414.1399999999997,10,414.1399999999997,swap,notBad
8390,10,414.1399999999997,10,414.1399999999997,move,improve
8391,10,414.1399999999997,10,414.1399999999997,swap,notBad
8392,10,414.1399999999997,10,414.1399999999997,move,improve
8393,10,414.1399999999997,10,414.1399999999997,2opt,notBad
8394,10,414.1399999999997,10,414.1399999999997,swap,notBad
8395,10,414.1399999999997,10,414.1399999999997,swap,notBad
8396,10,414.1399999999997,10,414.1399999999997,2opt,notBad
8397,10,414.1399999999997,10,414.1399999999997,swap,notBad
8398,10,414.1399999999997,10,414.1399999999997,2opt,notBad
8399,10,414.1399999999997,10,414.1399999999997,swap,notBad
8400,10,414.1399999999997,10,414.1399999999997,swap,notBad
8401,10,414.1399999999997,10,414.1399999999997,2opt,notBad
8402,10,414.1399999999997,10,414.1399999999997,swap,notBad
8403,10,414.1399999999997,10,414.1399999999997,2opt,notBad
8404,10,414.1399999999997,10,414.1399999999997,swap,notBad
8405,10,414.1399999999997,10,414.1399999999997,2opt,notBad
8406,10,414.1399999999997,10,414.1399999999997,swap,notBad
8407,10,414.1399999999997,10,414.1399999999997,move,improve
8408,10,414.1399999999997,10,414.1399999999997,swap,notBad
8409,10,414.1399999999997,10,414.1399999999997,move,improve
8410,10,414.1399999999997,10,414.1399999999997,2opt,notBad
8411,10,414.1399999999997,10,414.1399999999997,2opt,notBad
8412,10,414.1399999999997,10,414.1399999999997,2opt,notBad
8413,10,414.1399999999997,10,414.1399999999997,move,improve
8414,10,414.1399999999997,10,414.1399999999997,swap,notBad
8415,10,414.1399999999997,10,414.1399999999997,move,improve
8416,10,414.1399999999997,10,414.1399999999997,2opt,notBad
8417,10,414.1399999999997,10,414.1399999999997,swap,notBad
8418,10,414.1399999999997,10,414.1399999999997,move,improve
8419,10,414.1399999999997,10,414.1399999999997,2opt,notBad
8420,10,414.1399999999997,10,414.1399999999997,2opt,notBad
8421,10,414.1399999999997,10,414.1399999999997,2opt,notBad
8422,10,414.1399999999997,10,414.1399999999997,swap,notBad
8423,10,414.1399999999997,10,414.1399999999997,swap,notBad
8424,10,414.1399999999997,10,414.1399999999997,swap,notBad
8425,10,414.1399999999997,10,414.1399999999997,move,improve
8426,10,414.1399999999997,10,414.1399999999997,2opt,notBad
8427,10,414.1399999999997,10,414.1399999999997,move,improve
8428,10,414.1399999999997,10,414.1399999999997,2opt,notBad
8429,10,414.1399999999997,10,414.1399999999997,2opt,notBad
8430,10,414.1399999999997,10,414.1399999999997,swap,notBad
8431,10,414.1399999999997,10,414.1399999999997,move,improve
8432,10,414.1399999999997,10,414.1399999999997,swap,notBad
8433,10,414.1399999999997,10,414.1399999999997,swap,notBad
8434,10,414.1399999999997,10,414.1399999999997,swap,notBad
8435,10,414.1399999999997,10,414.1399999999997,2opt,notBad
8436,10,414.1399999999997,10,414.1399999999997,2opt,notBad
8437,10,414.1399999999997,10,414.1399999999997,move,improve
8438,10,414.1399999999997,10,414.1399999999997,2opt,improve
8439,10,414.1399999999997,10,414.1399999999997,move,improve
8440,10,414.1399999999997,10,414.1399999999997,move,improve
8441,10,414.1399999999997,10,414.1399999999997,2opt,improve
8442,10,414.1399999999997,10,414.1399999999997,2opt,notBad
8443,10,414.1399999999997,10,414.1399999999997,swap,notBad
8444,10,414.1399999999997,10,414.1399999999997,move,improve
8445,10,414.1399999999997,10,414.1399999999997,move,improve
8446,10,414.1399999999997,10,414.1399999999997,move,improve
8447,10,414.1399999999997,10,414.1399999999997,move,improve
8448,10,414.1399999999997,10,414.1399999999997,2opt,notBad
8449,10,414.1399999999997,10,414.1399999999997,move,improve
8450,10,414.1399999999997,10,414.1399999999997,swap,notBad
8451,10,414.1399999999997,10,414.1399999999997,move,improve
8452,10,414.1399999999997,10,414.1399999999997,move,improve
8453,10,414.1399999999997,10,414.1399999999997,2opt,notBad
8454,10,414.1399999999997,10,414.1399999999997,2opt,notBad
8455,10,414.1399999999997,10,414.1399999999997,move,improve
8456,10,414.1399999999997,10,414.1399999999997,2opt,notBad
8457,10,414.1399999999997,10,414.1399999999997,move,improve
8458,10,414.1399999999997,10,414.1399999999997,2opt,improve
8459,10,414.1399999999997,10,414.1399999999997,move,improve
8460,10,414.1399999999997,10,414.1399999999997,swap,notBad
8461,10,414.1399999999997,10,414.1399999999997,swap,notBad
8462,10,414.1399999999997,10,414.1399999999997,swap,notBad
8463,10,414.1399999999997,10,414.1399999999997,2opt,notBad
8464,10,414.1399999999997,10,414.1399999999997,swap,notBad
8465,10,414.1399999999997,10,414.1399999999997,2opt,notBad
8466,10,414.1399999999997,10,414.1399999999997,move,improve
8467,10,414.1399999999997,10,414.1399999999997,swap,notBad
8468,10,414.1399999999997,10,414.1399999999997,2opt,notBad
8469,10,414.1399999999997,10,414.1399999999997,move,improve
8470,10,414.1399999999997,10,414.1399999999997,swap,notBad
8471,10,414.1399999999997,10,414.1399999999997,2opt,notBad
8472,10,414.1399999999997,10,414.1399999999997,swap,notBad
8473,10,414.1399999999997,10,414.1399999999997,swap,notBad
8474,10,414.1399999999997,10,414.1399999999997,move,improve
8475,10,414.1399999999997,10,414.1399999999997,swap,notBad
8476,10,414.1399999999997,10,414.1399999999997,2opt,notBad
8477,10,414.1399999999997,10,414.1399999999997,2opt,notBad
8478,10,414.1399999999997,10,414.1399999999997,2opt,notBad
8479,10,414.1399999999997,10,414.1399999999997,move,improve
8480,10,414.1399999999997,10,414.1399999999997,2opt,notBad
8481,10,414.1399999999997,10,414.1399999999997,move,improve
8482,10,414.1399999999997,10,414.1399999999997,move,improve
8483,10,414.1399999999997,10,414.1399999999997,move,improve
8484,10,414.1399999999997,10,414.1399999999997,2opt,notBad
8485,10,414.1399999999997,10,414.1399999999997,2opt,notBad
8486,10,414.1399999999997,10,414.1399999999997,move,improve
8487,10,414.1399999999997,10,414.1399999999997,2opt,notBad
8488,10,414.1399999999997,10,414.1399999999997,swap,notBad
8489,10,414.1399999999997,10,414.1399999999997,move,improve
8490,10,414.1399999999997,10,414.1399999999997,2opt,notBad
8491,10,414.1399999999997,10,414.1399999999997,move,improve
8492,10,414.1399999999997,10,414.1399999999997,2opt,notBad
8493,10,414.1399999999997,10,414.1399999999997,move,improve
8494,10,414.1399999999997,10,414.1399999999997,move,improve
8495,10,414.1399999999997,10,414.1399999999997,swap,notBad
8496,10,414.1399999999997,10,414.1399999999997,move,improve
8497,10,414.1399999999997,10,414.1399999999997,move,improve
8498,10,414.1399999999997,10,414.1399999999997,move,improve
8499,10,414.1399999999997,10,414.1399999999997,move,improve
8500,10,414.1399999999997,10,414.1399999999997,move,improve
8501,10,414.1399999999997,10,414.1399999999997,swap,notBad
8502,10,414.1399999999997,10,414.1399999999997,2opt,notBad
8503,10,414.1399999999997,10,414.1399999999997,move,improve
8504,10,414.1399999999997,10,414.1399999999997,swap,notBad
8505,10,414.1399999999997,10,414.1399999999997,2opt,notBad
8506,10,414.1399999999997,10,414.1399999999997,2opt,notBad
8507,10,414.1399999999997,10,414.1399999999997,swap,notBad
8508,10,414.1399999999997,10,414.1399999999997,2opt,notBad
8509,10,414.1399999999997,10,414.1399999999997,2opt,notBad
8510,10,414.1399999999997,10,414.1399999999997,2opt,notBad
8511,10,414.1399999999997,10,414.1399999999997,move,improve
8512,10,414.1399999999997,10,414.1399999999997,move,improve
8513,10,414.1399999999997,10,414.1399999999997,move,improve
8514,10,414.1399999999997,10,414.1399999999997,2opt,notBad
8515,10,414.1399999999997,10,414.1399999999997,swap,notBad
8516,10,414.1399999999997,10,414.1399999999997,move,improve
8517,10,414.1399999999997,10,414.1399999999997,swap,notBad
8518,10,414.1399999999997,10,414.1399999999997,move,improve
8519,10,414.1399999999997,10,414.1399999999997,2opt,notBad
8520,10,414.1399999999997,10,414.1399999999997,move,improve
8521,10,414.1399999999997,10,414.1399999999997,swap,notBad
8522,10,414.1399999999997,10,414.1399999999997,2opt,improve
8523,10,414.1399999999997,10,414.1399999999997,2opt,improve
8524,10,414.1399999999997,10,414.1399999999997,swap,notBad
8525,10,414.1399999999997,10,414.1399999999997,swap,notBad
8526,10,414.1399999999997,10,414.1399999999997,2opt,notBad
8527,10,414.1399999999997,10,414.1399999999997,move,improve
8528,10,414.1399999999997,10,414.1399999999997,swap,notBad
8529,10,414.1399999999997,10,414.1399999999997,2opt,notBad
8530,10,414.1399999999997,10,414.1399999999997,2opt,notBad
8531,10,414.1399999999997,10,414.1399999999997,2opt,notBad
8532,10,414.1399999999997,10,414.1399999999997,2opt,notBad
8533,10,414.1399999999997,10,414.1399999999997,2opt,notBad
8534,10,414.1399999999997,10,414.1399999999997,2opt,notBad
8535,10,414.1399999999997,10,414.1399999999997,swap,notBad
8536,10,414.1399999999997,10,414.1399999999997,swap,notBad
8537,10,414.1399999999997,10,414.1399999999997,move,improve
8538,10,414.1399999999997,10,414.1399999999997,2opt,notBad
8539,10,414.1399999999997,10,414.1399999999997,move,improve
8540,10,414.1399999999997,10,414.1399999999997,swap,notBad
8541,10,414.1399999999997,10,414.1399999999997,move,improve
8542,10,414.1399999999997,10,414.1399999999997,2opt,notBad
8543,10,414.1399999999997,10,414.1399999999997,2opt,improve
8544,10,414.1399999999997,10,414.1399999999997,swap,notBad
8545,10,414.1399999999997,10,414.1399999999997,2opt,notBad
8546,10,414.1399999999997,10,414.1399999999997,2opt,notBad
8547,10,414.1399999999997,10,414.1399999999997,move,improve
8548,10,414.1399999999997,10,414.1399999999997,swap,notBad
8549,10,414.1399999999997,10,414.1399999999997,2opt,notBad
8550,10,414.1399999999997,10,414.1399999999997,2opt,notBad
8551,10,414.1399999999997,10,414.1399999999997,2opt,notBad
8552,10,414.1399999999997,10,414.1399999999997,2opt,notBad
8553,10,414.1399999999997,10,414.1399999999997,swap,notBad
8554,10,414.1399999999997,10,414.1399999999997,2opt,notBad
8555,10,414.1399999999997,10,414.1399999999997,2opt,notBad
8556,10,414.1399999999997,10,414.1399999999997,swap,notBad
8557,10,414.1399999999997,10,414.1399999999997,move,improve
8558,10,414.1399999999997,10,414.1399999999997,move,improve
8559,10,414.1399999999997,10,414.1399999999997,move,improve
8560,10,414.1399999999997,10,414.1399999999997,2opt,notBad
8561,10,414.1399999999997,10,414.1399999999997,move,improve
8562,10,414.1399999999997,10,414.1399999999997,2opt,notBad
8563,10,414.1399999999997,10,414.1399999999997,move,improve
8564,10,414.1399999999997,10,414.1399999999997,2opt,notBad
8565,10,414.1399999999997,10,414.1399999999997,2opt,notBad
8566,10,414.1399999999997,10,414.1399999999997,move,improve
8567,10,414.1399999999997,10,414.1399999999997,2opt,notBad
8568,10,414.1399999999997,10,414.1399999999997,swap,notBad
8569,10,414.1399999999997,10,414.1399999999997,2opt,notBad
8570,10,414.1399999999997,10,414.1399999999997,2opt,notBad
8571,10,414.1399999999997,10,414.1399999999997,move,improve
8572,10,414.1399999999997,10,414.1399999999997,2opt,improve
8573,10,414.1399999999997,10,414.1399999999997,move,improve
8574,10,414.1399999999997,10,414.1399999999997,swap,notBad
8575,10,414.1399999999997,10,414.1399999999997,swap,notBad
8576,10,414.1399999999997,10,414.1399999999997,swap,notBad
8577,10,414.1399999999997,10,414.1399999999997,2opt,notBad
8578,10,414.1399999999997,10,414.1399999999997,move,improve
8579,10,414.1399999999997,10,414.1399999999997,2opt,notBad
8580,10,414.1399999999997,10,414.1399999999997,2opt,notBad
8581,10,414.1399999999997,10,414.1399999999997,swap,notBad
8582,10,414.1399999999997,10,414.1399999999997,move,improve
8583,10,414.1399999999997,10,414.1399999999997,swap,notBad
8584,10,414.1399999999997,10,414.1399999999997,move,improve
8585,10,414.1399999999997,10,414.1399999999997,swap,notBad
8586,10,414.1399999999997,10,414.1399999999997,move,improve
8587,10,414.1399999999997,10,414.1399999999997,2opt,notBad
8588,10,414.1399999999997,10,414.1399999999997,move,improve
8589,10,414.1399999999997,10,414.1399999999997,swap,notBad
8590,10,414.1399999999997,10,414.1399999999997,2opt,notBad
8591,10,414.1399999999997,10,414.1399999999997,2opt,improve
8592,10,414.1399999999997,10,414.1399999999997,2opt,notBad
8593,10,414.1399999999997,10,414.1399999999997,swap,notBad
8594,10,414.1399999999997,10,414.1399999999997,swap,notBad
8595,10,414.1399999999997,10,414.1399999999997,move,improve
8596,10,414.1399999999997,10,414.1399999999997,2opt,notBad
8597,10,414.1399999999997,10,414.1399999999997,swap,notBad
8598,10,414.1399999999997,10,414.1399999999997,2opt,notBad
8599,10,414.1399999999997,10,414.1399999999997,move,improve
8600,10,414.1399999999997,10,414.1399999999997,2opt,notBad
8601,10,417.2999999999994,10,414.1399999999997,swap,acceptBad
8602,10,417.2999999999994,10,414.1399999999997,move,improve
8603,10,417.2999999999994,10,414.1399999999997,2opt,notBad
8604,10,417.2999999999994,10,414.1399999999997,2opt,notBad
8605,10,417.2999999999994,10,414.1399999999997,swap,notBad
8606,10,417.2999999999994,10,414.1399999999997,move,improve
8607,10,417.2999999999994,10,414.1399999999997,move,improve
8608,10,417.2999999999994,10,414.1399999999997,2opt,notBad
8609,10,417.2999999999994,10,414.1399999999997,swap,notBad
8610,10,417.2999999999994,10,414.1399999999997,move,improve
8611,10,417.2999999999994,10,414.1399999999997,swap,notBad
8612,10,417.2999999999994,10,414.1399999999997,swap,notBad
8613,10,417.2999999999994,10,414.1399999999997,swap,notBad
8614,10,417.2999999999994,10,414.1399999999997,move,improve
8615,10,417.2999999999994,10,414.1399999999997,move,improve
8616,10,417.2999999999994,10,414.1399999999997,2opt,notBad
8617,10,417.2999999999994,10,414.1399999999997,2opt,notBad
8618,10,417.2999999999994,10,414.1399999999997,swap,notBad
8619,10,417.2999999999994,10,414.1399999999997,2opt,notBad
8620,10,417.2999999999994,10,414.1399999999997,2opt,notBad
8621,10,417.2999999999994,10,414.1399999999997,swap,notBad
8622,10,417.2999999999994,10,414.1399999999997,swap,notBad
8623,10,417.2999999999994,10,414.1399999999997,swap,notBad
8624,10,417.2999999999994,10,414.1399999999997,swap,notBad
8625,10,417.2999999999994,10,414.1399999999997,2opt,notBad
8626,10,417.2999999999994,10,414.1399999999997,2opt,notBad
8627,10,417.2999999999994,10,414.1399999999997,swap,notBad
8628,10,417.2999999999994,10,414.1399999999997,2opt,notBad
8629,10,417.2999999999994,10,414.1399999999997,2opt,notBad
8630,10,417.2999999999994,10,414.1399999999997,move,improve
8631,10,417.2999999999994,10,414.1399999999997,move,improve
8632,10,417.2999999999994,10,414.1399999999997,swap,notBad
8633,10,417.2999999999994,10,414.1399999999997,2opt,notBad
8634,10,417.2999999999994,10,414.1399999999997,swap,notBad
8635,10,417.2999999999994,10,414.1399999999997,move,improve
8636,10,417.2999999999994,10,414.1399999999997,move,improve
8637,10,417.2999999999994,10,414.1399999999997,2opt,notBad
8638,10,417.2999999999994,10,414.1399999999997,swap,notBad
8639,10,417.2999999999994,10,414.1399999999997,2opt,notBad
8640,10,417.2999999999994,10,414.1399999999997,2opt,notBad
8641,10,417.2999999999994,10,414.1399999999997,swap,notBad
8642,10,417.2999999999994,10,414.1399999999997,swap,notBad
8643,10,417.2999999999994,10,414.1399999999997,2opt,notBad
8644,10,417.2999999999994,10,414.1399999999997,swap,notBad
8645,10,417.2999999999994,10,414.1399999999997,2opt,notBad
8646,10,417.2999999999994,10,414.1399999999997,2opt,improve
8647,10,417.2999999999994,10,414.1399999999997,2opt,notBad
8648,10,417.2999999999994,10,414.1399999999997,2opt,notBad
8649,10,417.2999999999994,10,414.1399999999997,2opt,notBad
8650,10,417.2999999999994,10,414.1399999999997,move,improve
8651,10,417.2999999999994,10,414.1399999999997,swap,notBad
8652,10,417.2999999999994,10,414.1399999999997,move,improve
8653,10,417.2999999999994,10,414.1399999999997,move,improve
8654,10,417.2999999999994,10,414.1399999999997,swap,notBad
8655,10,417.2999999999994,10,414.1399999999997,move,improve
8656,10,417.2999999999994,10,414.1399999999997,swap,notBad
8657,10,417.2999999999994,10,414.1399999999997,2opt,notBad
8658,10,417.2999999999994,10,414.1399999999997,2opt,notBad
8659,10,417.2999999999994,10,414.1399999999997,2opt,notBad
8660,10,417.2999999999994,10,414.1399999999997,2opt,notBad
8661,10,417.2999999999994,10,414.1399999999997,move,improve
8662,10,417.2999999999994,10,414.1399999999997,2opt,improve
8663,10,417.2999999999994,10,414.1399999999997,move,improve
8664,10,417.2999999999994,10,414.1399999999997,swap,notBad
8665,10,417.2999999999994,10,414.1399999999997,2opt,notBad
8666,10,417.2999999999994,10,414.1399999999997,2opt,notBad
8667,10,417.2999999999994,10,414.1399999999997,move,improve
8668,10,417.2999999999994,10,414.1399999999997,2opt,notBad
8669,10,417.2999999999994,10,414.1399999999997,move,improve
8670,10,417.2999999999994,10,414.1399999999997,swap,notBad
8671,10,417.2999999999994,10,414.1399999999997,2opt,notBad
8672,10,417.2999999999994,10,414.1399999999997,2opt,notBad
8673,10,417.2999999999994,10,414.1399999999997,move,improve
8674,10,417.2999999999994,10,414.1399999999997,swap,notBad
8675,10,417.2999999999994,10,414.1399999999997,2opt,notBad
8676,10,417.2999999999994,10,414.1399999999997,swap,notBad
8677,10,417.2999999999994,10,414.1399999999997,swap,notBad
8678,10,417.2999999999994,10,414.1399999999997,swap,notBad
8679,10,417.2999999999994,10,414.1399999999997,move,improve
8680,10,417.2999999999994,10,414.1399999999997,2opt,notBad
8681,10,417.2999999999994,10,414.1399999999997,swap,notBad
8682,10,417.2999999999994,10,414.1399999999997,2opt,notBad
8683,10,417.2999999999994,10,414.1399999999997,move,improve
8684,10,417.2999999999994,10,414.1399999999997,swap,notBad
8685,10,417.2999999999994,10,414.1399999999997,move,improve
8686,10,417.2999999999994,10,414.1399999999997,swap,notBad
8687,10,417.2999999999994,10,414.1399999999997,swap,notBad
8688,10,417.2999999999994,10,414.1399999999997,2opt,notBad
8689,10,417.2999999999994,10,414.1399999999997,swap,notBad
8690,10,417.2999999999994,10,414.1399999999997,move,improve
8691,10,417.2999999999994,10,414.1399999999997,move,improve
8692,10,417.2999999999994,10,414.1399999999997,swap,notBad
8693,10,417.2999999999994,10,414.1399999999997,2opt,notBad
8694,10,417.2999999999994,10,414.1399999999997,move,improve
8695,10,417.2999999999994,10,414.1399999999997,2opt,notBad
8696,10,417.2999999999994,10,414.1399999999997,2opt,notBad
8697,10,417.2999999999994,10,414.1399999999997,2opt,notBad
8698,10,417.2999999999994,10,414.1399999999997,swap,notBad
8699,10,417.2999999999994,10,414.1399999999997,move,improve
8700,10,417.2999999999994,10,414.1399999999997,swap,notBad
8701,10,417.2999999999994,10,414.1399999999997,swap,notBad
8702,10,417.2999999999994,10,414.1399999999997,swap,notBad
8703,10,417.2999999999994,10,414.1399999999997,swap,notBad
8704,10,417.2999999999994,10,414.1399999999997,2opt,notBad
8705,10,417.2999999999994,10,414.1399999999997,2opt,notBad
8706,10,417.2999999999994,10,414.1399999999997,2opt,improve
8707,10,417.2999999999994,10,414.1399999999997,swap,notBad
8708,10,417.2999999999994,10,414.1399999999997,swap,notBad
8709,10,417.2999999999994,10,414.1399999999997,move,improve
8710,10,417.2999999999994,10,414.1399999999997,2opt,notBad
8711,10,417.2999999999994,10,414.1399999999997,swap,notBad
8712,10,417.2999999999994,10,414.1399999999997,2opt,notBad
8713,10,417.2999999999994,10,414.1399999999997,2opt,notBad
8714,10,417.2999999999994,10,414.1399999999997,swap,notBad
8715,10,417.2999999999994,10,414.1399999999997,swap,notBad
8716,10,417.2999999999994,10,414.1399999999997,2opt,notBad
8717,10,417.2999999999994,10,414.1399999999997,move,improve
8718,10,417.2999999999994,10,414.1399999999997,swap,notBad
8719,10,417.2999999999994,10,414.1399999999997,move,improve
8720,10,417.2999999999994,10,414.1399999999997,2opt,notBad
8721,10,417.2999999999994,10,414.1399999999997,swap,notBad
8722,10,417.2999999999994,10,414.1399999999997,swap,notBad
8723,10,417.2999999999994,10,414.1399999999997,2opt,notBad
8724,10,417.2999999999994,10,414.1399999999997,move,improve
8725,10,417.2999999999994,10,414.1399999999997,move,improve
8726,10,417.2999999999994,10,414.1399999999997,2opt,notBad
8727,10,417.2999999999994,10,414.1399999999997,move,improve
8728,10,417.2999999999994,10,414.1399999999997,swap,notBad
8729,10,417.2999999999994,10,414.1399999999997,move,improve
8730,10,417.2999999999994,10,414.1399999999997,move,improve
8731,10,417.2999999999994,10,414.1399999999997,2opt,notBad
8732,10,417.2999999999994,10,414.1399999999997,move,improve
8733,10,417.2999999999994,10,414.1399999999997,2opt,notBad
8734,10,417.2999999999994,10,414.1399999999997,move,improve
8735,10,417.2999999999994,10,414.1399999999997,move,improve
8736,10,417.2999999999994,10,414.1399999999997,move,improve
8737,10,417.2999999999994,10,414.1399999999997,swap,notBad
8738,10,417.2999999999994,10,414.1399999999997,move,improve
8739,10,417.2999999999994,10,414.1399999999997,swap,notBad
8740,10,417.2999999999994,10,414.1399999999997,2opt,notBad
8741,10,417.2999999999994,10,414.1399999999997,2opt,notBad
8742,10,417.2999999999994,10,414.1399999999997,move,improve
8743,10,417.2999999999994,10,414.1399999999997,move,improve
8744,10,417.2999999999994,10,414.1399999999997,move,improve
8745,10,417.2999999999994,10,414.1399999999997,2opt,notBad
8746,10,417.2999999999994,10,414.1399999999997,swap,notBad
8747,10,417.2999999999994,10,414.1399999999997,move,improve
8748,10,417.2999999999994,10,414.1399999999997,swap,notBad
8749,10,417.2999999999994,10,414.1399999999997,move,improve
8750,10,417.2999999999994,10,414.1399999999997,swap,notBad
8751,10,417.2999999999994,10,414.1399999999997,2opt,improve
8752,10,417.2999999999994,10,414.1399999999997,2opt,notBad
8753,10,417.2999999999994,10,414.1399999999997,2opt,notBad
8754,10,417.2999999999994,10,414.1399999999997,swap,notBad
8755,10,417.2999999999994,10,414.1399999999997,move,improve
8756,10,417.2999999999994,10,414.1399999999997,move,improve
8757,10,417.2999999999994,10,414.1399999999997,2opt,notBad
8758,10,417.2999999999994,10,414.1399999999997,swap,notBad
8759,10,417.2999999999994,10,414.1399999999997,2opt,notBad
8760,10,417.2999999999994,10,414.1399999999997,swap,notBad
8761,10,417.2999999999994,10,414.1399999999997,move,improve
8762,10,417.2999999999994,10,414.1399999999997,swap,notBad
8763,10,417.2999999999994,10,414.1399999999997,2opt,notBad
8764,10,417.2999999999994,10,414.1399999999997,move,notBad
8765,10,417.2999999999994,10,414.1399999999997,swap,notBad
8766,10,417.2999999999994,10,414.1399999999997,2opt,notBad
8767,10,417.2999999999994,10,414.1399999999997,swap,notBad
8768,10,417.2999999999994,10,414.1399999999997,swap,notBad
8769,10,417.2999999999994,10,414.1399999999997,2opt,notBad
8770,10,417.2999999999994,10,414.1399999999997,move,improve
8771,10,417.2999999999994,10,414.1399999999997,2opt,improve
8772,10,417.2999999999994,10,414.1399999999997,move,improve
8773,10,417.2999999999994,10,414.1399999999997,move,improve
8774,10,417.2999999999994,10,414.1399999999997,move,improve
8775,10,417.2999999999994,10,414.1399999999997,2opt,notBad
8776,10,417.2999999999994,10,414.1399999999997,swap,notBad
8777,10,417.2999999999994,10,414.1399999999997,move,improve
8778,10,417.2999999999994,10,414.1399999999997,2opt,notBad
8779,10,417.2999999999994,10,414.1399999999997,2opt,notBad
8780,10,417.2999999999994,10,414.1399999999997,move,improve
8781,10,417.2999999999994,10,414.1399999999997,2opt,notBad
8782,10,417.2999999999994,10,414.1399999999997,2opt,notBad
8783,10,417.2999999999994,10,414.1399999999997,swap,notBad
8784,10,417.2999999999994,10,414.1399999999997,move,improve
8785,10,417.2999999999994,10,414.1399999999997,move,improve
8786,10,417.2999999999994,10,414.1399999999997,move,improve
8787,10,417.2999999999994,10,414.1399999999997,2opt,notBad
8788,10,417.2999999999994,10,414.1399999999997,swap,notBad
8789,10,417.2999999999994,10,414.1399999999997,swap,notBad
8790,10,417.2999999999994,10,414.1399999999997,swap,notBad
8791,10,417.2999999999994,10,414.1399999999997,2opt,notBad
8792,10,417.2999999999994,10,414.1399999999997,move,improve
8793,10,417.2999999999994,10,414.1399999999997,swap,notBad
8794,10,417.2999999999994,10,414.1399999999997,2opt,notBad
8795,10,417.2999999999994,10,414.1399999999997,move,improve
8796,10,417.2999999999994,10,414.1399999999997,swap,notBad
8797,10,417.2999999999994,10,414.1399999999997,swap,notBad
8798,10,417.2999999999994,10,414.1399999999997,move,improve
8799,10,417.2999999999994,10,414.1399999999997,swap,notBad
8800,10,417.2999999999994,10,414.1399999999997,2opt,notBad
8801,10,417.2999999999994,10,414.1399999999997,2opt,notBad
8802,10,417.2999999999994,10,414.1399999999997,2opt,notBad
8803,10,417.2999999999994,10,414.1399999999997,move,improve
8804,10,417.2999999999994,10,414.1399999999997,swap,notBad
8805,10,417.2999999999994,10,414.1399999999997,2opt,notBad
8806,10,417.2999999999994,10,414.1399999999997,move,improve
8807,10,417.2999999999994,10,414.1399999999997,move,improve
8808,10,417.2999999999994,10,414.1399999999997,swap,notBad
8809,10,417.2999999999994,10,414.1399999999997,swap,notBad
8810,10,417.2999999999994,10,414.1399999999997,swap,notBad
8811,10,417.65999999999923,10,414.1399999999997,swap,acceptBad
8812,10,417.65999999999923,10,414.1399999999997,move,improve
8813,10,417.65999999999923,10,414.1399999999997,2opt,notBad
8814,10,417.65999999999923,10,414.1399999999997,2opt,notBad
8815,10,417.65999999999923,10,414.1399999999997,swap,notBad
8816,10,417.65999999999923,10,414.1399999999997,swap,notBad
8817,10,417.65999999999923,10,414.1399999999997,swap,notBad
8818,10,417.65999999999923,10,414.1399999999997,move,improve
8819,10,417.65999999999923,10,414.1399999999997,move,improve
8820,10,417.65999999999923,10,414.1399999999997,2opt,improve
8821,10,417.65999999999923,10,414.1399999999997,move,improve
8822,10,417.65999999999923,10,414.1399999999997,2opt,notBad
8823,10,417.65999999999923,10,414.1399999999997,2opt,notBad
8824,10,417.65999999999923,10,414.1399999999997,move,improve
8825,10,417.65999999999923,10,414.1399999999997,2opt,notBad
8826,10,417.65999999999923,10,414.1399999999997,swap,notBad
8827,10,417.65999999999923,10,414.1399999999997,swap,notBad
8828,10,417.2999999999994,10,414.1399999999997,move,improve
8829,10,417.2999999999994,10,414.1399999999997,swap,notBad
8830,10,417.2999999999994,10,414.1399999999997,2opt,notBad
8831,10,417.2999999999994,10,414.1399999999997,move,improve
8832,10,417.2999999999994,10,414.1399999999997,move,improve
8833,10,417.2999999999994,10,414.1399999999997,2opt,notBad
8834,10,417.2999999999994,10,414.1399999999997,move,improve
8835,10,417.2999999999994,10,414.1399999999997,2opt,notBad
8836,10,417.2999999999994,10,414.1399999999997,move,improve
8837,10,417.2999999999994,10,414.1399999999997,move,improve
8838,10,417.2999999999994,10,414.1399999999997,2opt,notBad
8839,10,417.2999999999994,10,414.1399999999997,2opt,notBad
8840,10,417.2999999999994,10,414.1399999999997,swap,notBad
8841,10,417.2999999999994,10,414.1399999999997,swap,notBad
8842,10,417.2999999999994,10,414.1399999999997,2opt,notBad
8843,10,417.2999999999994,10,414.1399999999997,move,improve
8844,10,417.2999999999994,10,414.1399999999997,swap,notBad
8845,10,417.2999999999994,10,414.1399999999997,move,improve
8846,10,417.2999999999994,10,414.1399999999997,2opt,notBad
8847,10,417.2999999999994,10,414.1399999999997,move,improve
8848,10,417.2999999999994,10,414.1399999999997,move,improve
8849,10,417.2999999999994,10,414.1399999999997,swap,notBad
8850,10,417.2999999999994,10,414.1399999999997,swap,notBad
8851,10,417.2999999999994,10,414.1399999999997,swap,notBad
8852,10,417.2999999999994,10,414.1399999999997,move,improve
8853,10,417.2999999999994,10,414.1399999999997,2opt,notBad
8854,10,417.2999999999994,10,414.1399999999997,2opt,notBad
8855,10,417.2999999999994,10,414.1399999999997,2opt,notBad
8856,10,417.2999999999994,10,414.1399999999997,swap,notBad
8857,10,417.2999999999994,10,414.1399999999997,move,improve
8858,10,417.2999999999994,10,414.1399999999997,swap,notBad
8859,10,417.2999999999994,10,414.1399999999997,swap,notBad
8860,10,417.2999999999994,10,414.1399999999997,2opt,notBad
8861,10,417.2999999999994,10,414.1399999999997,2opt,notBad
8862,10,417.2999999999994,10,414.1399999999997,move,improve
8863,10,417.2999999999994,10,414.1399999999997,2opt,notBad
8864,10,414.69999999999925,10,414.1399999999997,swap,improve
8865,10,414.69999999999925,10,414.1399999999997,2opt,notBad
8866,10,414.69999999999925,10,414.1399999999997,2opt,improve
8867,10,414.69999999999925,10,414.1399999999997,move,improve
8868,10,414.69999999999925,10,414.1399999999997,swap,notBad
8869,10,414.69999999999925,10,414.1399999999997,move,improve
8870,10,414.69999999999925,10,414.1399999999997,swap,notBad
8871,10,414.69999999999925,10,414.1399999999997,2opt,notBad
8872,10,414.69999999999925,10,414.1399999999997,2opt,notBad
8873,10,414.69999999999925,10,414.1399999999997,2opt,notBad
8874,10,414.69999999999925,10,414.1399999999997,move,improve
8875,10,414.69999999999925,10,414.1399999999997,move,improve
8876,10,414.69999999999925,10,414.1399999999997,2opt,notBad
8877,10,414.69999999999925,10,414.1399999999997,2opt,notBad
8878,10,414.69999999999925,10,414.1399999999997,2opt,notBad
8879,10,414.69999999999925,10,414.1399999999997,move,improve
8880,10,414.69999999999925,10,414.1399999999997,2opt,notBad
8881,10,414.69999999999925,10,414.1399999999997,2opt,notBad
8882,10,414.69999999999925,10,414.1399999999997,2opt,notBad
8883,10,414.69999999999925,10,414.1399999999997,move,improve
8884,10,414.69999999999925,10,414.1399999999997,swap,notBad
8885,10,414.69999999999925,10,414.1399999999997,move,improve
8886,10,414.69999999999925,10,414.1399999999997,2opt,notBad
8887,10,414.69999999999925,10,414.1399999999997,2opt,notBad
8888,10,414.69999999999925,10,414.1399999999997,swap,notBad
8889,10,414.69999999999925,10,414.1399999999997,move,improve
8890,10,414.69999999999925,10,414.1399999999997,swap,notBad
8891,10,414.69999999999925,10,414.1399999999997,2opt,notBad
8892,10,414.69999999999925,10,414.1399999999997,move,improve
8893,10,414.69999999999925,10,414.1399999999997,2opt,notBad
8894,10,414.69999999999925,10,414.1399999999997,swap,notBad
8895,10,414.69999999999925,10,414.1399999999997,2opt,notBad
8896,10,414.69999999999925,10,414.1399999999997,2opt,notBad
8897,10,414.69999999999925,10,414.1399999999997,swap,notBad
8898,10,414.69999999999925,10,414.1399999999997,2opt,notBad
8899,10,414.69999999999925,10,414.1399999999997,move,improve
8900,10,414.69999999999925,10,414.1399999999997,move,improve
8901,10,414.69999999999925,10,414.1399999999997,move,improve
8902,10,414.69999999999925,10,414.1399999999997,2opt,notBad
8903,10,414.69999999999925,10,414.1399999999997,2opt,notBad
8904,10,414.69999999999925,10,414.1399999999997,2opt,improve
8905,10,414.69999999999925,10,414.1399999999997,move,improve
8906,10,414.69999999999925,10,414.1399999999997,move,improve
8907,10,414.69999999999925,10,414.1399999999997,swap,notBad
8908,10,414.69999999999925,10,414.1399999999997,move,improve
8909,10,414.69999999999925,10,414.1399999999997,2opt,notBad
8910,10,414.69999999999925,10,414.1399999999997,2opt,notBad
8911,10,414.69999999999925,10,414.1399999999997,2opt,notBad
8912,10,414.69999999999925,10,414.1399999999997,swap,notBad
8913,10,414.69999999999925,10,414.1399999999997,2opt,notBad
8914,10,414.69999999999925,10,414.1399999999997,swap,notBad
8915,10,414.69999999999925,10,414.1399999999997,swap,notBad
8916,10,414.69999999999925,10,414.1399999999997,2opt,notBad
8917,10,414.69999999999925,10,414.1399999999997,move,improve
8918,10,414.69999999999925,10,414.1399999999997,move,improve
8919,10,414.69999999999925,10,414.1399999999997,swap,notBad
8920,10,414.69999999999925,10,414.1399999999997,move,improve
8921,10,414.69999999999925,10,414.1399999999997,swap,notBad
8922,10,414.69999999999925,10,414.1399999999997,2opt,notBad
8923,10,414.69999999999925,10,414.1399999999997,swap,notBad
8924,10,429.5199999999991,10,414.1399999999997,move,acceptBad
8925,10,429.5199999999991,10,414.1399999999997,swap,notBad
8926,10,429.5199999999991,10,414.1399999999997,swap,notBad
8927,10,429.5199999999991,10,414.1399999999997,move,improve
8928,10,429.5199999999991,10,414.1399999999997,move,improve
8929,10,429.5199999999991,10,414.1399999999997,swap,notBad
8930,10,429.5199999999991,10,414.1399999999997,2opt,notBad
8931,10,429.5199999999991,10,414.1399999999997,2opt,notBad
8932,10,429.5199999999991,10,414.1399999999997,swap,notBad
8933,10,429.5199999999991,10,414.1399999999997,swap,notBad
8934,10,429.5199999999991,10,414.1399999999997,swap,notBad
8935,10,429.5199999999991,10,414.1399999999997,move,improve
8936,10,429.5199999999991,10,414.1399999999997,swap,notBad
8937,10,429.5199999999991,10,414.1399999999997,move,improve
8938,10,429.5199999999991,10,414.1399999999997,swap,notBad
8939,10,429.5199999999991,10,414.1399999999997,swap,notBad
8940,10,429.5199999999991,10,414.1399999999997,move,improve
8941,10,429.5199999999991,10,414.1399999999997,move,improve
8942,10,429.5199999999991,10,414.1399999999997,swap,notBad
8943,10,429.5199999999991,10,414.1399999999997,swap,notBad
8944,10,429.5199999999991,10,414.1399999999997,swap,notBad
8945,10,429.5199999999991,10,414.1399999999997,2opt,notBad
8946,10,429.5199999999991,10,414.1399999999997,2opt,notBad
8947,10,429.5199999999991,10,414.1399999999997,swap,notBad
8948,10,429.5199999999991,10,414.1399999999997,2opt,improve
8949,10,429.5199999999991,10,414.1399999999997,2opt,notBad
8950,10,429.5199999999991,10,414.1399999999997,swap,notBad
8951,10,429.5199999999991,10,414.1399999999997,move,improve
8952,10,429.5199999999991,10,414.1399999999997,move,improve
8953,10,429.5199999999991,10,414.1399999999997,swap,notBad
8954,10,429.5199999999991,10,414.1399999999997,swap,notBad
8955,10,429.5199999999991,10,414.1399999999997,move,improve
8956,10,429.5199999999991,10,414.1399999999997,2opt,notBad
8957,10,429.5199999999991,10,414.1399999999997,move,improve
8958,10,429.5199999999991,10,414.1399999999997,move,improve
8959,10,429.5199999999991,10,414.1399999999997,move,improve
8960,10,429.5199999999991,10,414.1399999999997,move,improve
8961,10,429.5199999999991,10,414.1399999999997,move,improve
8962,10,429.5199999999991,10,414.1399999999997,move,improve
8963,10,429.5199999999991,10,414.1399999999997,2opt,notBad
8964,10,429.67999999999904,10,414.1399999999997,swap,acceptBad
8965,10,429.67999999999904,10,414.1399999999997,swap,notBad
8966,10,429.67999999999904,10,414.1399999999997,2opt,notBad
8967,10,429.67999999999904,10,414.1399999999997,swap,notBad
8968,10,429.67999999999904,10,414.1399999999997,swap,notBad
8969,10,429.67999999999904,10,414.1399999999997,swap,notBad
8970,10,429.67999999999904,10,414.1399999999997,2opt,notBad
8971,10,429.67999999999904,10,414.1399999999997,swap,notBad
8972,10,429.67999999999904,10,414.1399999999997,2opt,notBad
8973,10,429.67999999999904,10,414.1399999999997,swap,notBad
8974,10,429.67999999999904,10,414.1399999999997,swap,notBad
8975,10,429.67999999999904,10,414.1399999999997,2opt,notBad
8976,10,429.67999999999904,10,414.1399999999997,swap,notBad
8977,10,429.67999999999904,10,414.1399999999997,2opt,notBad
8978,10,429.67999999999904,10,414.1399999999997,2opt,notBad
8979,10,429.67999999999904,10,414.1399999999997,swap,notBad
8980,10,429.67999999999904,10,414.1399999999997,2opt,notBad
8981,10,429.67999999999904,10,414.1399999999997,2opt,notBad
8982,10,429.67999999999904,10,414.1399999999997,move,improve
8983,10,429.67999999999904,10,414.1399999999997,swap,notBad
8984,10,429.67999999999904,10,414.1399999999997,move,improve
8985,10,429.67999999999904,10,414.1399999999997,2opt,notBad
8986,10,429.67999999999904,10,414.1399999999997,2opt,improve
8987,10,429.67999999999904,10,414.1399999999997,2opt,notBad
8988,10,429.67999999999904,10,414.1399999999997,swap,notBad
8989,10,429.67999999999904,10,414.1399999999997,swap,notBad
8990,10,429.67999999999904,10,414.1399999999997,move,improve
8991,10,429.67999999999904,10,414.1399999999997,move,improve
8992,10,429.67999999999904,10,414.1399999999997,move,improve
8993,10,429.67999999999904,10,414.1399999999997,move,improve
8994,10,429.67999999999904,10,414.1399999999997,move,improve
8995,10,429.67999999999904,10,414.1399999999997,2opt,notBad
8996,10,429.67999999999904,10,414.1399999999997,swap,notBad
8997,10,429.67999999999904,10,414.1399999999997,move,improve
8998,10,429.67999999999904,10,414.1399999999997,move,improve
8999,10,429.67999999999904,10,414.1399999999997,move,improve
9000,10,429.67999999999904,10,414.1399999999997,2opt,notBad
9001,10,429.67999999999904,10,414.1399999999997,2opt,notBad
9002,10,429.67999999999904,10,414.1399999999997,swap,notBad
9003,10,429.67999999999904,10,414.1399999999997,swap,notBad
9004,10,429.67999999999904,10,414.1399999999997,move,improve
9005,10,429.67999999999904,10,414.1399999999997,2opt,notBad
9006,10,429.67999999999904,10,414.1399999999997,2opt,notBad
9007,10,429.67999999999904,10,414.1399999999997,move,improve
9008,10,429.67999999999904,10,414.1399999999997,swap,notBad
9009,10,429.67999999999904,10,414.1399999999997,move,improve
9010,10,429.67999999999904,10,414.1399999999997,move,improve
9011,10,429.67999999999904,10,414.1399999999997,swap,notBad
9012,10,429.67999999999904,10,414.1399999999997,2opt,notBad
9013,10,429.67999999999904,10,414.1399999999997,2opt,notBad
9014,10,429.67999999999904,10,414.1399999999997,swap,notBad
9015,10,429.67999999999904,10,414.1399999999997,move,improve
9016,10,429.67999999999904,10,414.1399999999997,swap,notBad
9017,10,429.67999999999904,10,414.1399999999997,move,improve
9018,10,429.67999999999904,10,414.1399999999997,2opt,improve
9019,10,429.67999999999904,10,414.1399999999997,2opt,improve
9020,10,429.67999999999904,10,414.1399999999997,swap,notBad
9021,10,429.67999999999904,10,414.1399999999997,move,improve
9022,10,429.67999999999904,10,414.1399999999997,move,improve
9023,10,429.67999999999904,10,414.1399999999997,2opt,notBad
9024,10,429.67999999999904,10,414.1399999999997,swap,notBad
9025,10,429.67999999999904,10,414.1399999999997,swap,notBad
9026,10,429.67999999999904,10,414.1399999999997,2opt,notBad
9027,10,429.67999999999904,10,414.1399999999997,move,improve
9028,10,429.67999999999904,10,414.1399999999997,2opt,notBad
9029,10,429.67999999999904,10,414.1399999999997,2opt,notBad
9030,10,429.67999999999904,10,414.1399999999997,2opt,notBad
9031,10,429.67999999999904,10,414.1399999999997,2opt,notBad
9032,10,429.67999999999904,10,414.1399999999997,swap,notBad
9033,10,429.67999999999904,10,414.1399999999997,move,improve
9034,10,435.0399999999998,10,414.1399999999997,swap,acceptBad
9035,10,434.8799999999998,10,414.1399999999997,move,improve
9036,10,434.8799999999998,10,414.1399999999997,2opt,notBad
9037,10,434.8799999999998,10,414.1399999999997,move,improve
9038,10,434.8799999999998,10,414.1399999999997,swap,notBad
9039,10,426.6399999999997,10,414.1399999999997,2opt,improve
9040,10,426.6399999999997,10,414.1399999999997,2opt,notBad
9041,10,426.6399999999997,10,414.1399999999997,2opt,notBad
9042,10,426.6399999999997,10,414.1399999999997,swap,notBad
9043,10,426.6399999999997,10,414.1399999999997,swap,notBad
9044,10,426.6399999999997,10,414.1399999999997,move,improve
9045,10,426.6399999999997,10,414.1399999999997,2opt,notBad
9046,10,426.6399999999997,10,414.1399999999997,move,improve
9047,10,426.6399999999997,10,414.1399999999997,swap,notBad
9048,10,426.6399999999997,10,414.1399999999997,move,improve
9049,10,426.6399999999997,10,414.1399999999997,swap,notBad
9050,10,426.6399999999997,10,414.1399999999997,swap,notBad
9051,10,426.6399999999997,10,414.1399999999997,move,improve
9052,10,426.6399999999997,10,414.1399999999997,2opt,notBad
9053,10,426.6399999999997,10,414.1399999999997,2opt,notBad
9054,10,426.6399999999997,10,414.1399999999997,swap,notBad
9055,10,426.6399999999997,10,414.1399999999997,move,improve
9056,10,426.6399999999997,10,414.1399999999997,swap,notBad
9057,10,426.6399999999997,10,414.1399999999997,swap,notBad
9058,10,426.6399999999997,10,414.1399999999997,2opt,notBad
9059,10,426.6399999999997,10,414.1399999999997,2opt,notBad
9060,10,426.6399999999997,10,414.1399999999997,2opt,notBad
9061,10,426.6399999999997,10,414.1399999999997,2opt,notBad
9062,10,426.6399999999997,10,414.1399999999997,move,improve
9063,10,426.6399999999997,10,414.1399999999997,move,improve
9064,10,426.6399999999997,10,414.1399999999997,swap,notBad
9065,10,426.6399999999997,10,414.1399999999997,move,improve
9066,10,426.6399999999997,10,414.1399999999997,2opt,notBad
9067,10,426.6399999999997,10,414.1399999999997,2opt,notBad
9068,10,426.6399999999997,10,414.1399999999997,2opt,notBad
9069,10,426.6399999999997,10,414.1399999999997,move,improve
9070,10,426.6399999999997,10,414.1399999999997,2opt,improve
9071,10,426.6399999999997,10,414.1399999999997,swap,notBad
9072,10,426.6399999999997,10,414.1399999999997,2opt,notBad
9073,10,426.6399999999997,10,414.1399999999997,swap,notBad
9074,10,430.9600000000004,10,414.1399999999997,swap,acceptBad
9075,10,430.9600000000004,10,414.1399999999997,move,improve
9076,10,430.9600000000004,10,414.1399999999997,2opt,notBad
9077,10,430.9600000000004,10,414.1399999999997,2opt,notBad
9078,10,430.9600000000004,10,414.1399999999997,move,improve
9079,10,430.9600000000004,10,414.1399999999997,2opt,notBad
9080,10,430.9600000000004,10,414.1399999999997,swap,notBad
9081,10,430.9600000000004,10,414.1399999999997,swap,notBad
9082,10,430.9600000000004,10,414.1399999999997,2opt,notBad
9083,10,430.9600000000004,10,414.1399999999997,move,improve
9084,10,430.9600000000004,10,414.1399999999997,swap,notBad
9085,10,430.9600000000004,10,414.1399999999997,2opt,notBad
9086,10,430.9600000000004,10,414.1399999999997,move,improve
9087,10,430.9600000000004,10,414.1399999999997,2opt,notBad
9088,10,427.53999999999996,10,414.1399999999997,move,improve
9089,10,427.53999999999996,10,414.1399999999997,move,improve
9090,10,427.53999999999996,10,414.1399999999997,move,improve
9091,10,427.53999999999996,10,414.1399999999997,2opt,notBad
9092,10,427.53999999999996,10,414.1399999999997,move,improve
9093,10,427.53999999999996,10,414.1399999999997,swap,notBad
9094,10,427.53999999999996,10,414.1399999999997,2opt,notBad
9095,10,427.53999999999996,10,414.1399999999997,swap,notBad
9096,10,427.53999999999996,10,414.1399999999997,swap,notBad
9097,10,426.62000000000006,10,414.1399999999997,move,improve
9098,10,426.62000000000006,10,414.1399999999997,swap,notBad
9099,10,426.62000000000006,10,414.1399999999997,move,improve
9100,10,426.62000000000006,10,414.1399999999997,swap,notBad
9101,10,426.62000000000006,10,414.1399999999997,2opt,notBad
9102,10,426.62000000000006,10,414.1399999999997,swap,notBad
9103,10,426.62000000000006,10,414.1399999999997,move,improve
9104,10,426.62000000000006,10,414.1399999999997,move,improve
9105,10,426.62000000000006,10,414.1399999999997,2opt,notBad
9106,10,426.62000000000006,10,414.1399999999997,move,improve
9107,10,426.62000000000006,10,414.1399999999997,swap,notBad
9108,10,426.62000000000006,10,414.1399999999997,2opt,notBad
9109,10,426.62000000000006,10,414.1399999999997,2opt,notBad
9110,10,426.62000000000006,10,414.1399999999997,2opt,notBad
9111,10,426.62000000000006,10,414.1399999999997,move,improve
9112,10,426.62000000000006,10,414.1399999999997,move,improve
9113,10,415.9599999999999,10,414.1399999999997,move,improve
9114,10,407.4799999999992,10,407.4799999999992,move,newBest
9115,10,407.4799999999992,10,407.4799999999992,2opt,notBad
9116,10,407.4799999999992,10,407.4799999999992,2opt,notBad
9117,10,407.4799999999992,10,407.4799999999992,move,improve
9118,10,407.4799999999992,10,407.4799999999992,2opt,notBad
9119,10,407.4799999999992,10,407.4799999999992,swap,notBad
9120,10,407.4799999999992,10,407.4799999999992,swap,notBad
9121,10,407.4799999999992,10,407.4799999999992,swap,notBad
9122,10,407.4799999999992,10,407.4799999999992,move,improve
9123,10,407.4799999999992,10,407.4799999999992,2opt,notBad
9124,10,407.4799999999992,10,407.4799999999992,swap,notBad
9125,10,407.4799999999992,10,407.4799999999992,swap,notBad
9126,10,407.4799999999992,10,407.4799999999992,2opt,notBad
9127,10,407.4799999999992,10,407.4799999999992,move,notBad
9128,10,407.4799999999992,10,407.4799999999992,move,improve
9129,10,407.4799999999992,10,407.4799999999992,2opt,notBad
9130,10,407.4799999999992,10,407.4799999999992,move,improve
9131,10,407.4799999999992,10,407.4799999999992,swap,notBad
9132,10,407.4799999999992,10,407.4799999999992,2opt,notBad
9133,10,407.4799999999992,10,407.4799999999992,move,improve
9134,10,407.4799999999992,10,407.4799999999992,swap,notBad
9135,10,407.4799999999992,10,407.4799999999992,2opt,improve
9136,10,407.4799999999992,10,407.4799999999992,swap,notBad
9137,10,407.4799999999992,10,407.4799999999992,swap,notBad
9138,10,407.4799999999992,10,407.4799999999992,2opt,improve
9139,10,406.819999999999,10,406.819999999999,move,newBest
9140,10,406.819999999999,10,406.819999999999,swap,notBad
9141,10,406.819999999999,10,406.819999999999,move,improve
9142,10,406.819999999999,10,406.819999999999,move,improve
9143,10,406.819999999999,10,406.819999999999,swap,notBad
9144,10,406.819999999999,10,406.819999999999,swap,notBad
9145,10,406.819999999999,10,406.819999999999,2opt,notBad
9146,10,406.819999999999,10,406.819999999999,move,improve
9147,10,406.819999999999,10,406.819999999999,swap,notBad
9148,10,406.819999999999,10,406.819999999999,2opt,improve
9149,10,406.819999999999,10,406.819999999999,2opt,notBad
9150,10,406.819999999999,10,406.819999999999,move,improve
9151,10,406.819999999999,10,406.819999999999,swap,notBad
9152,10,406.819999999999,10,406.819999999999,2opt,notBad
9153,10,406.819999999999,10,406.819999999999,2opt,notBad
9154,10,406.819999999999,10,406.819999999999,swap,notBad
9155,10,406.819999999999,10,406.819999999999,2opt,notBad
9156,10,406.819999999999,10,406.819999999999,move,improve
9157,10,406.819999999999,10,406.819999999999,2opt,notBad
9158,10,406.819999999999,10,406.819999999999,swap,notBad
9159,10,406.4599999999992,10,406.4599999999992,move,newBest
9160,10,406.4599999999992,10,406.4599999999992,swap,notBad
9161,10,406.4599999999992,10,406.4599999999992,move,improve
9162,10,406.4599999999992,10,406.4599999999992,swap,notBad
9163,10,406.4599999999992,10,406.4599999999992,move,improve
9164,10,406.4599999999992,10,406.4599999999992,swap,notBad
9165,10,406.4599999999992,10,406.4599999999992,swap,notBad
9166,10,406.4599999999992,10,406.4599999999992,2opt,improve
9167,10,406.4599999999992,10,406.4599999999992,swap,notBad
9168,10,406.4599999999992,10,406.4599999999992,move,improve
9169,10,406.4599999999992,10,406.4599999999992,move,improve
9170,10,406.4599999999992,10,406.4599999999992,swap,notBad
9171,10,406.4599999999992,10,406.4599999999992,move,improve
9172,10,406.4599999999992,10,406.4599999999992,2opt,notBad
9173,10,406.4599999999992,10,406.4599999999992,2opt,notBad
9174,10,406.4599999999992,10,406.4599999999992,move,improve
9175,10,406.4599999999992,10,406.4599999999992,swap,notBad
9176,10,406.4599999999992,10,406.4599999999992,move,improve
9177,10,406.4599999999992,10,406.4599999999992,move,improve
9178,10,406.4599999999992,10,406.4599999999992,2opt,notBad
9179,10,406.4599999999992,10,406.4599999999992,move,improve
9180,10,406.4599999999992,10,406.4599999999992,2opt,notBad
9181,10,406.4599999999992,10,406.4599999999992,move,improve
9182,10,406.4599999999992,10,406.4599999999992,move,improve
9183,10,406.4599999999992,10,406.4599999999992,move,improve
9184,10,406.4599999999992,10,406.4599999999992,move,improve
9185,10,406.4599999999992,10,406.4599999999992,2opt,notBad
9186,10,406.4599999999992,10,406.4599999999992,swap,notBad
9187,10,406.4599999999992,10,406.4599999999992,swap,notBad
9188,10,406.4599999999992,10,406.4599999999992,2opt,notBad
9189,10,406.4599999999992,10,406.4599999999992,move,improve
9190,10,406.4599999999992,10,406.4599999999992,2opt,notBad
9191,10,406.4599999999992,10,406.4599999999992,2opt,notBad
9192,10,406.4599999999992,10,406.4599999999992,swap,notBad
9193,10,406.4599999999992,10,406.4599999999992,swap,notBad
9194,10,406.4599999999992,10,406.4599999999992,swap,notBad
9195,10,406.4599999999992,10,406.4599999999992,swap,notBad
9196,10,406.4599999999992,10,406.4599999999992,move,improve
9197,10,406.4599999999992,10,406.4599999999992,swap,notBad
9198,10,406.4599999999992,10,406.4599999999992,move,improve
9199,10,406.4599999999992,10,406.4599999999992,2opt,notBad
9200,10,406.4599999999992,10,406.4599999999992,move,improve
9201,10,406.4599999999992,10,406.4599999999992,move,improve
9202,10,406.4599999999992,10,406.4599999999992,move,improve
9203,10,406.4599999999992,10,406.4599999999992,move,improve
9204,10,406.4599999999992,10,406.4599999999992,swap,notBad
9205,10,406.4599999999992,10,406.4599999999992,move,improve
9206,10,406.4599999999992,10,406.4599999999992,swap,notBad
9207,10,406.4599999999992,10,406.4599999999992,2opt,notBad
9208,10,406.4599999999992,10,406.4599999999992,move,improve
9209,10,406.4599999999992,10,406.4599999999992,move,improve
9210,10,406.4599999999992,10,406.4599999999992,2opt,improve
9211,10,406.4599999999992,10,406.4599999999992,move,improve
9212,10,406.4599999999992,10,406.4599999999992,2opt,notBad
9213,10,406.4599999999992,10,406.4599999999992,swap,notBad
9214,10,407.43999999999926,10,406.4599999999992,swap,acceptBad
9215,10,407.43999999999926,10,406.4599999999992,swap,notBad
9216,10,407.43999999999926,10,406.4599999999992,2opt,notBad
9217,10,407.43999999999926,10,406.4599999999992,move,improve
9218,10,407.43999999999926,10,406.4599999999992,2opt,notBad
9219,10,407.43999999999926,10,406.4599999999992,2opt,notBad
9220,10,407.43999999999926,10,406.4599999999992,move,improve
9221,10,407.43999999999926,10,406.4599999999992,2opt,notBad
9222,10,407.43999999999926,10,406.4599999999992,2opt,notBad
9223,10,407.43999999999926,10,406.4599999999992,swap,notBad
9224,10,407.43999999999926,10,406.4599999999992,2opt,notBad
9225,10,407.43999999999926,10,406.4599999999992,swap,notBad
9226,10,407.43999999999926,10,406.4599999999992,move,improve
9227,10,407.43999999999926,10,406.4599999999992,move,improve
9228,10,407.43999999999926,10,406.4599999999992,swap,notBad
9229,10,407.43999999999926,10,406.4599999999992,2opt,notBad
9230,10,407.43999999999926,10,406.4599999999992,2opt,notBad
9231,10,407.43999999999926,10,406.4599999999992,swap,notBad
9232,10,407.43999999999926,10,406.4599999999992,swap,notBad
9233,10,407.43999999999926,10,406.4599999999992,swap,notBad
9234,10,407.43999999999926,10,406.4599999999992,swap,notBad
9235,10,407.43999999999926,10,406.4599999999992,2opt,notBad
9236,10,407.43999999999926,10,406.4599999999992,move,improve
9237,10,407.43999999999926,10,406.4599999999992,2opt,notBad
9238,10,407.43999999999926,10,406.4599999999992,2opt,notBad
9239,10,407.43999999999926,10,406.4599999999992,move,improve
9240,10,407.43999999999926,10,406.4599999999992,2opt,notBad
9241,10,407.43999999999926,10,406.4599999999992,swap,notBad
9242,10,407.43999999999926,10,406.4599999999992,2opt,notBad
9243,10,407.43999999999926,10,406.4599999999992,swap,notBad
9244,10,407.43999999999926,10,406.4599999999992,move,improve
9245,10,407.43999999999926,10,406.4599999999992,swap,notBad
9246,10,407.43999999999926,10,406.4599999999992,2opt,improve
9247,10,407.43999999999926,10,406.4599999999992,swap,notBad
9248,10,407.43999999999926,10,406.4599999999992,2opt,notBad
9249,10,407.43999999999926,10,406.4599999999992,swap,notBad
9250,10,407.43999999999926,10,406.4599999999992,move,improve
9251,10,407.43999999999926,10,406.4599999999992,2opt,notBad
9252,10,407.43999999999926,10,406.4599999999992,move,improve
9253,10,407.43999999999926,10,406.4599999999992,move,improve
9254,10,407.43999999999926,10,406.4599999999992,move,improve
9255,10,407.43999999999926,10,406.4599999999992,swap,notBad
9256,10,407.43999999999926,10,406.4599999999992,swap,notBad
9257,10,407.43999999999926,10,406.4599999999992,2opt,notBad
9258,10,407.43999999999926,10,406.4599999999992,move,improve
9259,10,407.43999999999926,10,406.4599999999992,2opt,notBad
9260,10,407.43999999999926,10,406.4599999999992,move,improve
9261,10,407.43999999999926,10,406.4599999999992,swap,notBad
9262,10,407.43999999999926,10,406.4599999999992,2opt,notBad
9263,10,407.43999999999926,10,406.4599999999992,swap,notBad
9264,10,407.43999999999926,10,406.4599999999992,2opt,notBad
9265,10,407.43999999999926,10,406.4599999999992,swap,notBad
9266,10,407.43999999999926,10,406.4599999999992,swap,notBad
9267,10,407.43999999999926,10,406.4599999999992,2opt,notBad
9268,10,407.43999999999926,10,406.4599999999992,move,improve
9269,10,407.43999999999926,10,406.4599999999992,swap,notBad
9270,10,407.43999999999926,10,406.4599999999992,move,improve
9271,10,407.43999999999926,10,406.4599999999992,move,improve
9272,10,407.43999999999926,10,406.4599999999992,move,improve
9273,10,407.43999999999926,10,406.4599999999992,2opt,notBad
9274,10,407.43999999999926,10,406.4599999999992,swap,notBad
9275,10,407.43999999999926,10,406.4599999999992,swap,notBad
9276,10,407.43999999999926,10,406.4599999999992,2opt,notBad
9277,10,407.43999999999926,10,406.4599999999992,move,improve
9278,10,407.43999999999926,10,406.4599999999992,2opt,notBad
9279,10,407.43999999999926,10,406.4599999999992,swap,notBad
9280,10,407.43999999999926,10,406.4599999999992,move,improve
9281,10,407.43999999999926,10,406.4599999999992,2opt,notBad
9282,10,407.43999999999926,10,406.4599999999992,move,improve
9283,10,407.43999999999926,10,406.4599999999992,move,improve
9284,10,407.43999999999926,10,406.4599999999992,2opt,notBad
9285,10,407.43999999999926,10,406.4599999999992,swap,notBad
9286,10,407.43999999999926,10,406.4599999999992,2opt,notBad
9287,10,407.43999999999926,10,406.4599999999992,2opt,notBad
9288,10,407.43999999999926,10,406.4599999999992,2opt,notBad
9289,10,407.43999999999926,10,406.4599999999992,move,improve
9290,10,407.43999999999926,10,406.4599999999992,swap,notBad
9291,10,406.4599999999992,10,406.4599999999992,move,improve
9292,10,406.4599999999992,10,406.4599999999992,swap,notBad
9293,10,406.4599999999992,10,406.4599999999992,2opt,notBad
9294,10,406.2799999999992,10,406.2799999999992,move,newBest
9295,10,406.2799999999992,10,406.2799999999992,swap,notBad
9296,10,406.2799999999992,10,406.2799999999992,move,improve
9297,10,406.2799999999992,10,406.2799999999992,swap,notBad
9298,10,406.2799999999992,10,406.2799999999992,move,improve
9299,10,406.2799999999992,10,406.2799999999992,move,improve
9300,10,406.2799999999992,10,406.2799999999992,swap,notBad
9301,10,406.2799999999992,10,406.2799999999992,2opt,notBad
9302,10,406.2799999999992,10,406.2799999999992,swap,notBad
9303,10,406.2799999999992,10,406.2799999999992,move,improve
9304,10,406.2799999999992,10,406.2799999999992,2opt,notBad
9305,10,406.2799999999992,10,406.2799999999992,move,improve
9306,10,406.2799999999992,10,406.2799999999992,swap,notBad
9307,10,406.2799999999992,10,406.2799999999992,2opt,notBad
9308,10,406.2799999999992,10,406.2799999999992,move,improve
9309,10,406.2799999999992,10,406.2799999999992,2opt,notBad
9310,10,406.2799999999992,10,406.2799999999992,swap,notBad
9311,10,406.2799999999992,10,406.2799999999992,move,improve
9312,10,406.2799999999992,10,406.2799999999992,swap,notBad
9313,10,406.2799999999992,10,406.2799999999992,swap,notBad
9314,10,406.2799999999992,10,406.2799999999992,move,improve
9315,10,406.2799999999992,10,406.2799999999992,move,improve
9316,10,406.2799999999992,10,406.2799999999992,2opt,notBad
9317,10,406.2799999999992,10,406.2799999999992,swap,notBad
9318,10,406.2799999999992,10,406.2799999999992,2opt,notBad
9319,10,406.2799999999992,10,406.2799999999992,swap,notBad
9320,10,406.2799999999992,10,406.2799999999992,swap,notBad
9321,10,406.2799999999992,10,406.2799999999992,2opt,notBad
9322,10,406.2799999999992,10,406.2799999999992,swap,notBad
9323,10,406.2799999999992,10,406.2799999999992,2opt,notBad
9324,10,406.2799999999992,10,406.2799999999992,swap,notBad
9325,10,406.2799999999992,10,406.2799999999992,move,improve
9326,10,406.2799999999992,10,406.2799999999992,move,improve
9327,10,406.2799999999992,10,406.2799999999992,2opt,notBad
9328,10,406.2799999999992,10,406.2799999999992,swap,notBad
9329,10,406.2799999999992,10,406.2799999999992,swap,notBad
9330,10,406.2799999999992,10,406.2799999999992,move,improve
9331,10,406.2799999999992,10,406.2799999999992,move,improve
9332,10,406.2799999999992,10,406.2799999999992,2opt,improve
9333,10,406.2799999999992,10,406.2799999999992,move,improve
9334,10,406.2799999999992,10,406.2799999999992,2opt,notBad
9335,10,406.2799999999992,10,406.2799999999992,move,improve
9336,10,406.2799999999992,10,406.2799999999992,move,improve
9337,10,407.6799999999992,10,406.2799999999992,swap,acceptBad
9338,10,407.6799999999992,10,406.2799999999992,2opt,notBad
9339,10,407.6799999999992,10,406.2799999999992,move,improve
9340,10,407.6799999999992,10,406.2799999999992,2opt,improve
9341,10,407.6799999999992,10,406.2799999999992,move,improve
9342,10,407.6799999999992,10,406.2799999999992,swap,notBad
9343,10,407.6799999999992,10,406.2799999999992,swap,notBad
9344,10,407.6799999999992,10,406.2799999999992,swap,notBad
9345,10,407.6799999999992,10,406.2799999999992,2opt,notBad
9346,10,407.6799999999992,10,406.2799999999992,swap,notBad
9347,10,407.6799999999992,10,406.2799999999992,2opt,notBad
9348,10,407.6799999999992,10,406.2799999999992,move,improve
9349,10,407.6799999999992,10,406.2799999999992,move,improve
9350,10,407.6799999999992,10,406.2799999999992,2opt,notBad
9351,10,407.6799999999992,10,406.2799999999992,swap,notBad
9352,10,407.6799999999992,10,406.2799999999992,swap,notBad
9353,10,407.6799999999992,10,406.2799999999992,move,improve
9354,10,407.6799999999992,10,406.2799999999992,move,improve
9355,10,407.6799999999992,10,406.2799999999992,2opt,notBad
9356,10,407.6799999999992,10,406.2799999999992,move,improve
9357,10,407.6799999999992,10,406.2799999999992,swap,notBad
9358,10,407.6799999999992,10,406.2799999999992,swap,notBad
9359,10,407.6799999999992,10,406.2799999999992,move,improve
9360,10,407.6799999999992,10,406.2799999999992,move,improve
9361,10,407.6799999999992,10,406.2799999999992,swap,notBad
9362,10,407.6799999999992,10,406.2799999999992,swap,notBad
9363,10,407.6799999999992,10,406.2799999999992,move,improve
9364,10,407.6799999999992,10,406.2799999999992,2opt,notBad
9365,10,407.6799999999992,10,406.2799999999992,swap,notBad
9366,10,407.6799999999992,10,406.2799999999992,2opt,notBad
9367,10,407.6799999999992,10,406.2799999999992,swap,notBad
9368,10,407.6799999999992,10,406.2799999999992,swap,notBad
9369,10,407.6799999999992,10,406.2799999999992,swap,notBad
9370,10,407.6799999999992,10,406.2799999999992,2opt,notBad
9371,10,407.6799999999992,10,406.2799999999992,move,improve
9372,10,407.6799999999992,10,406.2799999999992,move,improve
9373,10,407.6799999999992,10,406.2799999999992,move,improve
9374,10,407.6799999999992,10,406.2799999999992,move,improve
9375,10,407.6799999999992,10,406.2799999999992,move,improve
9376,10,407.6799999999992,10,406.2799999999992,swap,notBad
9377,10,407.6799999999992,10,406.2799999999992,swap,notBad
9378,10,407.6799999999992,10,406.2799999999992,2opt,notBad
9379,10,407.6799999999992,10,406.2799999999992,swap,notBad
9380,10,407.6799999999992,10,406.2799999999992,2opt,notBad
9381,10,407.6799999999992,10,406.2799999999992,2opt,notBad
9382,10,407.6799999999992,10,406.2799999999992,swap,notBad
9383,10,407.6799999999992,10,406.2799999999992,swap,notBad
9384,10,407.6799999999992,10,406.2799999999992,swap,notBad
9385,10,407.6799999999992,10,406.2799999999992,2opt,notBad
9386,10,407.6799999999992,10,406.2799999999992,swap,notBad
9387,10,407.6799999999992,10,406.2799999999992,swap,notBad
9388,10,407.6799999999992,10,406.2799999999992,2opt,notBad
9389,10,407.6799999999992,10,406.2799999999992,2opt,notBad
9390,10,407.6799999999992,10,406.2799999999992,move,improve
9391,10,407.6799999999992,10,406.2799999999992,move,improve
9392,10,407.6799999999992,10,406.2799999999992,move,improve
9393,10,407.6799999999992,10,406.2799999999992,2opt,improve
9394,10,407.6799999999992,10,406.2799999999992,swap,notBad
9395,10,407.6799999999992,10,406.2799999999992,2opt,notBad
9396,10,407.6799999999992,10,406.2799999999992,2opt,notBad
9397,10,406.2799999999992,10,406.2799999999992,move,improve
9398,10,406.2799999999992,10,406.2799999999992,2opt,notBad
9399,10,406.2799999999992,10,406.2799999999992,move,improve
9400,10,406.2799999999992,10,406.2799999999992,move,improve
9401,10,406.2799999999992,10,406.2799999999992,2opt,notBad
9402,10,406.2799999999992,10,406.2799999999992,2opt,notBad
9403,10,406.2799999999992,10,406.2799999999992,2opt,notBad
9404,10,406.2799999999992,10,406.2799999999992,swap,notBad
9405,10,406.2799999999992,10,406.2799999999992,swap,notBad
9406,10,406.2799999999992,10,406.2799999999992,2opt,notBad
9407,10,406.2799999999992,10,406.2799999999992,swap,notBad
9408,10,406.2799999999992,10,406.2799999999992,2opt,notBad
9409,10,406.2799999999992,10,406.2799999999992,move,improve
9410,10,406.2799999999992,10,406.2799999999992,move,improve
9411,10,406.2799999999992,10,406.2799999999992,2opt,notBad
9412,10,406.2799999999992,10,406.2799999999992,move,improve
9413,10,406.2799999999992,10,406.2799999999992,2opt,notBad
9414,10,406.2799999999992,10,406.2799999999992,swap,notBad
9415,10,406.2799999999992,10,406.2799999999992,move,improve
9416,10,406.2799999999992,10,406.2799999999992,swap,notBad
9417,10,406.2799999999992,10,406.2799999999992,move,improve
9418,10,406.2799999999992,10,406.2799999999992,move,improve
9419,10,406.2799999999992,10,406.2799999999992,move,improve
9420,10,406.2799999999992,10,406.2799999999992,move,improve
9421,10,406.2799999999992,10,406.2799999999992,swap,notBad
9422,10,406.2799999999992,10,406.2799999999992,swap,notBad
9423,10,406.2799999999992,10,406.2799999999992,swap,notBad
9424,10,406.2799999999992,10,406.2799999999992,2opt,notBad
9425,10,406.2799999999992,10,406.2799999999992,2opt,notBad
9426,10,406.2799999999992,10,406.2799999999992,swap,notBad
9427,10,406.2799999999992,10,406.2799999999992,swap,notBad
9428,10,406.2799999999992,10,406.2799999999992,swap,notBad
9429,10,406.2799999999992,10,406.2799999999992,move,improve
9430,10,406.2799999999992,10,406.2799999999992,2opt,notBad
9431,10,406.2799999999992,10,406.2799999999992,2opt,notBad
9432,10,406.2799999999992,10,406.2799999999992,swap,notBad
9433,10,406.2799999999992,10,406.2799999999992,2opt,notBad
9434,10,406.2799999999992,10,406.2799999999992,swap,notBad
9435,10,406.2799999999992,10,406.2799999999992,swap,notBad
9436,10,406.2799999999992,10,406.2799999999992,move,improve
9437,10,406.2799999999992,10,406.2799999999992,2opt,improve
9438,10,406.2799999999992,10,406.2799999999992,2opt,notBad
9439,10,406.2799999999992,10,406.2799999999992,swap,notBad
9440,10,406.2799999999992,10,406.2799999999992,swap,notBad
9441,10,406.2799999999992,10,406.2799999999992,swap,notBad
9442,10,406.2799999999992,10,406.2799999999992,2opt,improve
9443,10,406.2799999999992,10,406.2799999999992,2opt,notBad
9444,10,406.2799999999992,10,406.2799999999992,2opt,notBad
9445,10,406.2799999999992,10,406.2799999999992,2opt,notBad
9446,10,406.2799999999992,10,406.2799999999992,2opt,notBad
9447,10,406.2799999999992,10,406.2799999999992,swap,notBad
9448,10,406.2799999999992,10,406.2799999999992,2opt,improve
9449,10,406.2799999999992,10,406.2799999999992,2opt,notBad
9450,10,406.2799999999992,10,406.2799999999992,swap,notBad
9451,10,406.2799999999992,10,406.2799999999992,swap,notBad
9452,10,406.2799999999992,10,406.2799999999992,swap,notBad
9453,10,406.2799999999992,10,406.2799999999992,swap,notBad
9454,10,406.2799999999992,10,406.2799999999992,move,improve
9455,10,406.2799999999992,10,406.2799999999992,move,improve
9456,10,406.2799999999992,10,406.2799999999992,move,improve
9457,10,406.2799999999992,10,406.2799999999992,2opt,notBad
9458,10,406.2799999999992,10,406.2799999999992,swap,notBad
9459,10,406.2799999999992,10,406.2799999999992,move,improve
9460,10,406.2799999999992,10,406.2799999999992,swap,notBad
9461,10,406.2799999999992,10,406.2799999999992,2opt,notBad
9462,10,406.2799999999992,10,406.2799999999992,move,improve
9463,10,406.2799999999992,10,406.2799999999992,2opt,notBad
9464,10,406.2799999999992,10,406.2799999999992,swap,notBad
9465,10,406.2799999999992,10,406.2799999999992,swap,notBad
9466,10,406.2799999999992,10,406.2799999999992,swap,notBad
9467,10,406.2799999999992,10,406.2799999999992,move,improve
9468,10,406.2799999999992,10,406.2799999999992,move,improve
9469,10,406.2799999999992,10,406.2799999999992,swap,notBad
9470,10,406.2799999999992,10,406.2799999999992,2opt,notBad
9471,10,406.2799999999992,10,406.2799999999992,swap,notBad
9472,10,406.2799999999992,10,406.2799999999992,2opt,notBad
9473,10,406.2799999999992,10,406.2799999999992,swap,notBad
9474,10,406.2799999999992,10,406.2799999999992,2opt,notBad
9475,10,406.2799999999992,10,406.2799999999992,swap,notBad
9476,10,406.2799999999992,10,406.2799999999992,swap,notBad
9477,10,406.2799999999992,10,406.2799999999992,swap,notBad
9478,10,406.2799999999992,10,406.2799999999992,move,improve
9479,10,406.2799999999992,10,406.2799999999992,move,improve
9480,10,406.2799999999992,10,406.2799999999992,swap,notBad
9481,10,406.2799999999992,10,406.2799999999992,swap,notBad
9482,10,406.2799999999992,10,406.2799999999992,swap,notBad
9483,10,406.2799999999992,10,406.2799999999992,swap,notBad
9484,10,406.2799999999992,10,406.2799999999992,move,improve
9485,10,406.2799999999992,10,406.2799999999992,move,improve
9486,10,406.2799999999992,10,406.2799999999992,move,improve
9487,10,406.2799999999992,10,406.2799999999992,2opt,notBad
9488,10,406.2799999999992,10,406.2799999999992,move,improve
9489,10,406.2799999999992,10,406.2799999999992,2opt,improve
9490,10,406.2799999999992,10,406.2799999999992,move,improve
9491,10,406.2799999999992,10,406.2799999999992,2opt,notBad
9492,10,406.2799999999992,10,406.2799999999992,swap,notBad
9493,10,406.2799999999992,10,406.2799999999992,swap,notBad
9494,10,406.2799999999992,10,406.2799999999992,2opt,notBad
9495,10,406.2799999999992,10,406.2799999999992,swap,notBad
9496,10,406.2799999999992,10,406.2799999999992,move,improve
9497,10,406.2799999999992,10,406.2799999999992,swap,notBad
9498,10,406.2799999999992,10,406.2799999999992,move,improve
9499,10,406.2799999999992,10,406.2799999999992,move,improve
9500,10,406.2799999999992,10,406.2799999999992,2opt,notBad
9501,10,406.2799999999992,10,406.2799999999992,move,improve
9502,10,406.2799999999992,10,406.2799999999992,2opt,notBad
9503,10,406.2799999999992,10,406.2799999999992,swap,notBad
9504,10,406.2799999999992,10,406.2799999999992,2opt,notBad
9505,10,406.2799999999992,10,406.2799999999992,move,improve
9506,10,406.2799999999992,10,406.2799999999992,move,improve
9507,10,406.2799999999992,10,406.2799999999992,swap,notBad
9508,10,406.2799999999992,10,406.2799999999992,swap,notBad
9509,10,406.2799999999992,10,406.2799999999992,2opt,notBad
9510,10,406.2799999999992,10,406.2799999999992,2opt,notBad
9511,10,406.2799999999992,10,406.2799999999992,2opt,notBad
9512,10,406.2799999999992,10,406.2799999999992,swap,notBad
9513,10,406.2799999999992,10,406.2799999999992,move,improve
9514,10,406.2799999999992,10,406.2799999999992,move,improve
9515,10,406.2799999999992,10,406.2799999999992,swap,notBad
9516,10,406.2799999999992,10,406.2799999999992,2opt,notBad
9517,10,406.2799999999992,10,406.2799999999992,move,improve
9518,10,406.2799999999992,10,406.2799999999992,2opt,notBad
9519,10,406.2799999999992,10,406.2799999999992,move,improve
9520,10,406.2799999999992,10,406.2799999999992,2opt,notBad
9521,10,406.2799999999992,10,406.2799999999992,move,improve
9522,10,406.2799999999992,10,406.2799999999992,2opt,notBad
9523,10,406.2799999999992,10,406.2799999999992,2opt,notBad
9524,10,406.2799999999992,10,406.2799999999992,2opt,notBad
9525,10,406.2799999999992,10,406.2799999999992,2opt,notBad
9526,10,406.2799999999992,10,406.2799999999992,move,improve
9527,10,406.2799999999992,10,406.2799999999992,swap,notBad
9528,10,406.2799999999992,10,406.2799999999992,move,improve
9529,10,406.2799999999992,10,406.2799999999992,2opt,notBad
9530,10,406.2799999999992,10,406.2799999999992,2opt,notBad
9531,10,406.2799999999992,10,406.2799999999992,move,improve
9532,10,406.2799999999992,10,406.2799999999992,move,improve
9533,10,406.2799999999992,10,406.2799999999992,swap,notBad
9534,10,406.2799999999992,10,406.2799999999992,swap,notBad
9535,10,406.2799999999992,10,406.2799999999992,swap,notBad
9536,10,406.2799999999992,10,406.2799999999992,2opt,notBad
9537,10,406.2799999999992,10,406.2799999999992,swap,notBad
9538,10,406.2799999999992,10,406.2799999999992,2opt,improve
9539,10,406.2799999999992,10,406.2799999999992,swap,notBad
9540,10,406.2799999999992,10,406.2799999999992,move,improve
9541,10,406.2799999999992,10,406.2799999999992,move,improve
9542,10,406.2799999999992,10,406.2799999999992,swap,notBad
9543,10,406.2799999999992,10,406.2799999999992,2opt,notBad
9544,10,406.2799999999992,10,406.2799999999992,move,improve
9545,10,406.2799999999992,10,406.2799999999992,move,improve
9546,10,406.2799999999992,10,406.2799999999992,move,improve
9547,10,406.2799999999992,10,406.2799999999992,swap,notBad
9548,10,406.2799999999992,10,406.2799999999992,2opt,notBad
9549,10,406.2799999999992,10,406.2799999999992,move,improve
9550,10,406.2799999999992,10,406.2799999999992,move,improve
9551,10,406.2799999999992,10,406.2799999999992,2opt,notBad
9552,10,406.2799999999992,10,406.2799999999992,2opt,notBad
9553,10,406.2799999999992,10,406.2799999999992,move,improve
9554,10,406.2799999999992,10,406.2799999999992,2opt,notBad
9555,10,406.2799999999992,10,406.2799999999992,move,improve
9556,10,406.2799999999992,10,406.2799999999992,move,improve
9557,10,406.2799999999992,10,406.2799999999992,move,improve
9558,10,406.2799999999992,10,406.2799999999992,swap,notBad
9559,10,406.2799999999992,10,406.2799999999992,2opt,notBad
9560,10,406.2799999999992,10,406.2799999999992,2opt,notBad
9561,10,406.2799999999992,10,406.2799999999992,2opt,improve
9562,10,406.2799999999992,10,406.2799999999992,move,improve
9563,10,406.2799999999992,10,406.2799999999992,swap,notBad
9564,10,406.2799999999992,10,406.2799999999992,swap,notBad
9565,10,406.2799999999992,10,406.2799999999992,2opt,notBad
9566,10,406.2799999999992,10,406.2799999999992,swap,notBad
9567,10,406.2799999999992,10,406.2799999999992,move,improve
9568,10,406.2799999999992,10,406.2799999999992,2opt,notBad
9569,10,406.2799999999992,10,406.2799999999992,swap,notBad
9570,10,406.2799999999992,10,406.2799999999992,2opt,notBad
9571,10,406.2799999999992,10,406.2799999999992,move,improve
9572,10,406.2799999999992,10,406.2799999999992,2opt,notBad
9573,10,406.2799999999992,10,406.2799999999992,swap,notBad
9574,10,406.2799999999992,10,406.2799999999992,move,improve
9575,10,406.2799999999992,10,406.2799999999992,swap,notBad
9576,10,406.2799999999992,10,406.2799999999992,swap,notBad
9577,10,406.2799999999992,10,406.2799999999992,2opt,notBad
9578,10,406.2799999999992,10,406.2799999999992,swap,notBad
9579,10,406.2799999999992,10,406.2799999999992,move,improve
9580,10,406.2799999999992,10,406.2799999999992,move,improve
9581,10,406.2799999999992,10,406.2799999999992,move,improve
9582,10,406.2799999999992,10,406.2799999999992,move,improve
9583,10,406.2799999999992,10,406.2799999999992,2opt,notBad
9584,10,406.2799999999992,10,406.2799999999992,swap,notBad
9585,10,406.2799999999992,10,406.2799999999992,move,improve
9586,10,406.2799999999992,10,406.2799999999992,move,improve
9587,10,406.2799999999992,10,406.2799999999992,swap,notBad
9588,10,406.2799999999992,10,406.2799999999992,2opt,notBad
9589,10,406.2799999999992,10,406.2799999999992,swap,notBad
9590,10,406.2799999999992,10,406.2799999999992,2opt,notBad
9591,10,406.2799999999992,10,406.2799999999992,2opt,notBad
9592,10,406.2799999999992,10,406.2799999999992,swap,notBad
9593,10,406.2799999999992,10,406.2799999999992,2opt,notBad
9594,10,406.2799999999992,10,406.2799999999992,2opt,notBad
9595,10,406.2799999999992,10,406.2799999999992,swap,notBad
9596,10,406.2799999999992,10,406.2799999999992,swap,notBad
9597,10,406.2799999999992,10,406.2799999999992,move,improve
9598,10,406.2799999999992,10,406.2799999999992,swap,notBad
9599,10,406.2799999999992,10,406.2799999999992,move,improve
9600,10,406.2799999999992,10,406.2799999999992,2opt,notBad
9601,10,406.2799999999992,10,406.2799999999992,move,improve
9602,10,406.2799999999992,10,406.2799999999992,2opt,notBad
9603,10,406.2799999999992,10,406.2799999999992,move,improve
9604,10,406.2799999999992,10,406.2799999999992,swap,notBad
9605,10,406.2799999999992,10,406.2799999999992,swap,notBad
9606,10,406.2799999999992,10,406.2799999999992,2opt,notBad
9607,10,406.2799999999992,10,406.2799999999992,swap,notBad
9608,10,406.2799999999992,10,406.2799999999992,swap,notBad
9609,10,406.2799999999992,10,406.2799999999992,swap,notBad
9610,10,406.2799999999992,10,406.2799999999992,swap,notBad
9611,10,406.2799999999992,10,406.2799999999992,swap,notBad
9612,10,406.2799999999992,10,406.2799999999992,swap,notBad
9613,10,406.2799999999992,10,406.2799999999992,move,improve
9614,10,406.2799999999992,10,406.2799999999992,2opt,notBad
9615,10,406.2799999999992,10,406.2799999999992,2opt,notBad
9616,10,406.2799999999992,10,406.2799999999992,move,improve
9617,10,406.2799999999992,10,406.2799999999992,move,improve
9618,10,406.2799999999992,10,406.2799999999992,swap,notBad
9619,10,406.2799999999992,10,406.2799999999992,2opt,notBad
9620,10,406.2799999999992,10,406.2799999999992,swap,notBad
9621,10,406.2799999999992,10,406.2799999999992,swap,notBad
9622,10,406.2799999999992,10,406.2799999999992,2opt,notBad
9623,10,406.2799999999992,10,406.2799999999992,2opt,notBad
9624,10,406.2799999999992,10,406.2799999999992,swap,notBad
9625,10,406.2799999999992,10,406.2799999999992,swap,notBad
9626,10,406.2799999999992,10,406.2799999999992,move,improve
9627,10,406.2799999999992,10,406.2799999999992,2opt,notBad
9628,10,406.2799999999992,10,406.2799999999992,move,improve
9629,10,406.2799999999992,10,406.2799999999992,swap,notBad
9630,10,406.2799999999992,10,406.2799999999992,swap,notBad
9631,10,406.2799999999992,10,406.2799999999992,2opt,notBad
9632,10,406.2799999999992,10,406.2799999999992,swap,notBad
9633,10,406.2799999999992,10,406.2799999999992,2opt,notBad
9634,10,406.2799999999992,10,406.2799999999992,move,improve
9635,10,406.2799999999992,10,406.2799999999992,2opt,notBad
9636,10,406.2799999999992,10,406.2799999999992,2opt,notBad
9637,10,406.2799999999992,10,406.2799999999992,2opt,notBad
9638,10,406.2799999999992,10,406.2799999999992,2opt,notBad
9639,10,406.2799999999992,10,406.2799999999992,swap,notBad
9640,10,406.2799999999992,10,406.2799999999992,swap,notBad
9641,10,406.2799999999992,10,406.2799999999992,move,improve
9642,10,406.2799999999992,10,406.2799999999992,move,improve
9643,10,406.2799999999992,10,406.2799999999992,swap,notBad
9644,10,406.2799999999992,10,406.2799999999992,move,improve
9645,10,406.2799999999992,10,406.2799999999992,swap,notBad
9646,10,406.2799999999992,10,406.2799999999992,2opt,notBad
9647,10,406.2799999999992,10,406.2799999999992,2opt,notBad
9648,10,406.2799999999992,10,406.2799999999992,2opt,notBad
9649,10,406.2799999999992,10,406.2799999999992,move,improve
9650,10,406.2799999999992,10,406.2799999999992,2opt,notBad
9651,10,406.2799999999992,10,406.2799999999992,move,notBad
9652,10,406.2799999999992,10,406.2799999999992,move,improve
9653,10,406.2799999999992,10,406.2799999999992,swap,notBad
9654,10,406.2799999999992,10,406.2799999999992,swap,notBad
9655,10,406.2799999999992,10,406.2799999999992,swap,notBad
9656,10,406.2799999999992,10,406.2799999999992,2opt,notBad
9657,10,406.2799999999992,10,406.2799999999992,swap,notBad
9658,10,406.2799999999992,10,406.2799999999992,move,improve
9659,10,406.2799999999992,10,406.2799999999992,2opt,notBad
9660,10,406.2799999999992,10,406.2799999999992,2opt,improve
9661,10,406.2799999999992,10,406.2799999999992,swap,notBad
9662,10,406.2799999999992,10,406.2799999999992,swap,notBad
9663,10,406.2799999999992,10,406.2799999999992,2opt,notBad
9664,10,406.2799999999992,10,406.2799999999992,2opt,notBad
9665,10,406.2799999999992,10,406.2799999999992,2opt,notBad
9666,10,406.2799999999992,10,406.2799999999992,move,improve
9667,10,406.2799999999992,10,406.2799999999992,swap,notBad
9668,10,406.2799999999992,10,406.2799999999992,2opt,notBad
9669,10,406.2799999999992,10,406.2799999999992,swap,notBad
9670,10,406.2799999999992,10,406.2799999999992,2opt,notBad
9671,10,406.2799999999992,10,406.2799999999992,move,improve
9672,10,406.2799999999992,10,406.2799999999992,swap,notBad
9673,10,406.2799999999992,10,406.2799999999992,move,improve
9674,10,406.2799999999992,10,406.2799999999992,2opt,improve
9675,10,406.2799999999992,10,406.2799999999992,2opt,notBad
9676,10,406.2799999999992,10,406.2799999999992,2opt,notBad
9677,10,406.2799999999992,10,406.2799999999992,2opt,notBad
9678,10,406.2799999999992,10,406.2799999999992,swap,notBad
9679,10,406.2799999999992,10,406.2799999999992,swap,notBad
9680,10,406.2799999999992,10,406.2799999999992,swap,notBad
9681,10,406.2799999999992,10,406.2799999999992,2opt,notBad
9682,10,406.2799999999992,10,406.2799999999992,swap,notBad
9683,10,406.2799999999992,10,406.2799999999992,move,improve
9684,10,406.2799999999992,10,406.2799999999992,2opt,notBad
9685,10,406.2799999999992,10,406.2799999999992,swap,notBad
9686,10,406.2799999999992,10,406.2799999999992,2opt,notBad
9687,10,406.2799999999992,10,406.2799999999992,2opt,notBad
9688,10,406.2799999999992,10,406.2799999999992,2opt,notBad
9689,10,406.2799999999992,10,406.2799999999992,swap,notBad
9690,10,406.2799999999992,10,406.2799999999992,swap,notBad
9691,10,406.2799999999992,10,406.2799999999992,swap,notBad
9692,10,406.2799999999992,10,406.2799999999992,2opt,improve
9693,10,406.2799999999992,10,406.2799999999992,2opt,notBad
9694,10,406.2799999999992,10,406.2799999999992,move,improve
9695,10,406.2799999999992,10,406.2799999999992,2opt,notBad
9696,10,406.2799999999992,10,406.2799999999992,swap,notBad
9697,10,406.2799999999992,10,406.2799999999992,swap,notBad
9698,10,406.2799999999992,10,406.2799999999992,swap,notBad
9699,10,406.2799999999992,10,406.2799999999992,2opt,notBad
9700,10,406.2799999999992,10,406.2799999999992,2opt,notBad
9701,10,406.2799999999992,10,406.2799999999992,move,improve
9702,10,406.2799999999992,10,406.2799999999992,swap,notBad
9703,10,406.2799999999992,10,406.2799999999992,swap,notBad
9704,10,406.2799999999992,10,406.2799999999992,2opt,notBad
9705,10,406.2799999999992,10,406.2799999999992,swap,notBad
9706,10,406.2799999999992,10,406.2799999999992,move,improve
9707,10,406.2799999999992,10,406.2799999999992,2opt,notBad
9708,10,406.2799999999992,10,406.2799999999992,swap,notBad
9709,10,406.2799999999992,10,406.2799999999992,2opt,notBad
9710,10,406.2799999999992,10,406.2799999999992,2opt,notBad
9711,10,406.2799999999992,10,406.2799999999992,swap,notBad
9712,10,406.2799999999992,10,406.2799999999992,move,improve
9713,10,406.2799999999992,10,406.2799999999992,swap,notBad
9714,10,406.2799999999992,10,406.2799999999992,swap,notBad
9715,10,406.2799999999992,10,406.2799999999992,2opt,notBad
9716,10,406.2799999999992,10,406.2799999999992,move,improve
9717,10,406.2799999999992,10,406.2799999999992,swap,notBad
9718,10,406.2799999999992,10,406.2799999999992,2opt,notBad
9719,10,406.2799999999992,10,406.2799999999992,move,improve
9720,10,406.2799999999992,10,406.2799999999992,move,improve
9721,10,406.2799999999992,10,406.2799999999992,2opt,notBad
9722,10,406.2799999999992,10,406.2799999999992,move,improve
9723,10,406.2799999999992,10,406.2799999999992,move,notBad
9724,10,406.2799999999992,10,406.2799999999992,swap,notBad
9725,10,406.2799999999992,10,406.2799999999992,swap,notBad
9726,10,406.2799999999992,10,406.2799999999992,move,improve
9727,10,406.2799999999992,10,406.2799999999992,swap,notBad
9728,10,406.2799999999992,10,406.2799999999992,swap,notBad
9729,10,406.2799999999992,10,406.2799999999992,swap,notBad
9730,10,406.2799999999992,10,406.2799999999992,move,improve
9731,10,406.2799999999992,10,406.2799999999992,swap,notBad
9732,10,406.2799999999992,10,406.2799999999992,move,improve
9733,10,406.2799999999992,10,406.2799999999992,2opt,notBad
9734,10,406.2799999999992,10,406.2799999999992,move,improve
9735,10,406.2799999999992,10,406.2799999999992,2opt,notBad
9736,10,406.2799999999992,10,406.2799999999992,swap,notBad
9737,10,406.2799999999992,10,406.2799999999992,move,improve
9738,10,406.2799999999992,10,406.2799999999992,swap,notBad
9739,10,406.2799999999992,10,406.2799999999992,move,improve
9740,10,406.2799999999992,10,406.2799999999992,move,improve
9741,10,406.2799999999992,10,406.2799999999992,2opt,notBad
9742,10,406.2799999999992,10,406.2799999999992,2opt,notBad
9743,10,406.2799999999992,10,406.2799999999992,swap,notBad
9744,10,406.2799999999992,10,406.2799999999992,move,improve
9745,10,406.2799999999992,10,406.2799999999992,2opt,notBad
9746,10,406.2799999999992,10,406.2799999999992,2opt,notBad
9747,10,406.2799999999992,10,406.2799999999992,move,improve
9748,10,406.2799999999992,10,406.2799999999992,swap,notBad
9749,10,406.2799999999992,10,406.2799999999992,swap,notBad
9750,10,406.2799999999992,10,406.2799999999992,2opt,notBad
9751,10,406.2799999999992,10,406.2799999999992,move,improve
9752,10,406.2799999999992,10,406.2799999999992,2opt,notBad
9753,10,406.2799999999992,10,406.2799999999992,swap,notBad
9754,10,406.2799999999992,10,406.2799999999992,2opt,notBad
9755,10,406.2799999999992,10,406.2799999999992,2opt,notBad
9756,10,406.2799999999992,10,406.2799999999992,move,improve
9757,10,406.2799999999992,10,406.2799999999992,move,improve
9758,10,406.2799999999992,10,406.2799999999992,move,improve
9759,10,406.2799999999992,10,406.2799999999992,2opt,notBad
9760,10,406.2799999999992,10,406.2799999999992,2opt,notBad
9761,10,406.2799999999992,10,406.2799999999992,swap,notBad
9762,10,406.2799999999992,10,406.2799999999992,move,improve
9763,10,406.2799999999992,10,406.2799999999992,swap,notBad
9764,10,406.2799999999992,10,406.2799999999992,move,improve
9765,10,406.2799999999992,10,406.2799999999992,swap,notBad
9766,10,406.2799999999992,10,406.2799999999992,swap,notBad
9767,10,406.2799999999992,10,406.2799999999992,move,improve
9768,10,406.2799999999992,10,406.2799999999992,move,improve
9769,10,406.2799999999992,10,406.2799999999992,move,improve
9770,10,406.2799999999992,10,406.2799999999992,swap,notBad
9771,10,406.2799999999992,10,406.2799999999992,move,notBad
9772,10,406.2799999999992,10,406.2799999999992,move,improve
9773,10,406.2799999999992,10,406.2799999999992,move,improve
9774,10,406.2799999999992,10,406.2799999999992,move,improve
9775,10,406.2799999999992,10,406.2799999999992,swap,notBad
9776,10,406.2799999999992,10,406.2799999999992,move,improve
9777,10,406.2799999999992,10,406.2799999999992,2opt,notBad
9778,10,406.2799999999992,10,406.2799999999992,swap,notBad
9779,10,406.2799999999992,10,406.2799999999992,2opt,notBad
9780,10,406.2799999999992,10,406.2799999999992,2opt,notBad
9781,10,406.2799999999992,10,406.2799999999992,swap,notBad
9782,10,406.2799999999992,10,406.2799999999992,move,improve
9783,10,406.2799999999992,10,406.2799999999992,2opt,notBad
9784,10,406.2799999999992,10,406.2799999999992,2opt,notBad
9785,10,406.2799999999992,10,406.2799999999992,swap,notBad
9786,10,406.2799999999992,10,406.2799999999992,2opt,notBad
9787,10,406.2799999999992,10,406.2799999999992,move,improve
9788,10,406.2799999999992,10,406.2799999999992,swap,notBad
9789,10,406.2799999999992,10,406.2799999999992,2opt,notBad
9790,10,406.2799999999992,10,406.2799999999992,swap,notBad
9791,10,406.2799999999992,10,406.2799999999992,2opt,notBad
9792,10,406.2799999999992,10,406.2799999999992,2opt,notBad
9793,10,406.2799999999992,10,406.2799999999992,2opt,notBad
9794,10,406.2799999999992,10,406.2799999999992,2opt,notBad
9795,10,406.2799999999992,10,406.2799999999992,swap,notBad
9796,10,406.2799999999992,10,406.2799999999992,swap,notBad
9797,10,406.2799999999992,10,406.2799999999992,2opt,notBad
9798,10,406.2799999999992,10,406.2799999999992,move,notBad
9799,10,406.2799999999992,10,406.2799999999992,swap,notBad
9800,10,406.2799999999992,10,406.2799999999992,2opt,notBad
9801,10,406.2799999999992,10,406.2799999999992,move,improve
9802,10,406.2799999999992,10,406.2799999999992,2opt,notBad
9803,10,406.2799999999992,10,406.2799999999992,2opt,notBad
9804,10,406.2799999999992,10,406.2799999999992,move,improve
9805,10,406.2799999999992,10,406.2799999999992,move,improve
9806,10,406.2799999999992,10,406.2799999999992,2opt,notBad
9807,10,406.2799999999992,10,406.2799999999992,2opt,notBad
9808,10,406.2799999999992,10,406.2799999999992,2opt,improve
9809,10,406.2799999999992,10,406.2799999999992,2opt,notBad
9810,10,406.2799999999992,10,406.2799999999992,swap,notBad
9811,10,406.2799999999992,10,406.2799999999992,swap,notBad
9812,10,406.2799999999992,10,406.2799999999992,swap,notBad
9813,10,406.2799999999992,10,406.2799999999992,move,improve
9814,10,406.2799999999992,10,406.2799999999992,move,improve
9815,10,406.2799999999992,10,406.2799999999992,move,improve
9816,10,406.2799999999992,10,406.2799999999992,2opt,improve
9817,10,406.2799999999992,10,406.2799999999992,move,improve
9818,10,406.2799999999992,10,406.2799999999992,2opt,notBad
9819,10,406.2799999999992,10,406.2799999999992,move,improve
9820,10,406.2799999999992,10,406.2799999999992,2opt,notBad
9821,10,406.2799999999992,10,406.2799999999992,move,improve
9822,10,406.2799999999992,10,406.2799999999992,swap,notBad
9823,10,406.2799999999992,10,406.2799999999992,move,improve
9824,10,406.2799999999992,10,406.2799999999992,2opt,notBad
9825,10,406.2799999999992,10,406.2799999999992,swap,notBad
9826,10,406.2799999999992,10,406.2799999999992,swap,notBad
9827,10,406.2799999999992,10,406.2799999999992,swap,notBad
9828,10,406.2799999999992,10,406.2799999999992,swap,notBad
9829,10,406.2799999999992,10,406.2799999999992,move,improve
9830,10,406.2799999999992,10,406.2799999999992,move,improve
9831,10,406.2799999999992,10,406.2799999999992,2opt,notBad
9832,10,406.2799999999992,10,406.2799999999992,move,improve
9833,10,406.2799999999992,10,406.2799999999992,swap,notBad
9834,10,406.2799999999992,10,406.2799999999992,move,improve
9835,10,406.2799999999992,10,406.2799999999992,2opt,notBad
9836,10,406.2799999999992,10,406.2799999999992,swap,notBad
9837,10,406.2799999999992,10,406.2799999999992,swap,notBad
9838,10,406.2799999999992,10,406.2799999999992,2opt,notBad
9839,10,406.2799999999992,10,406.2799999999992,move,improve
9840,10,406.2799999999992,10,406.2799999999992,swap,notBad
9841,10,406.2799999999992,10,406.2799999999992,swap,notBad
9842,10,406.2799999999992,10,406.2799999999992,swap,notBad
9843,10,406.2799999999992,10,406.2799999999992,move,improve
9844,10,406.2799999999992,10,406.2799999999992,2opt,notBad
9845,10,406.2799999999992,10,406.2799999999992,2opt,notBad
9846,10,406.2799999999992,10,406.2799999999992,swap,notBad
9847,10,406.2799999999992,10,406.2799999999992,swap,notBad
9848,10,406.2799999999992,10,406.2799999999992,move,improve
9849,10,406.2799999999992,10,406.2799999999992,swap,notBad
9850,10,406.2799999999992,10,406.2799999999992,swap,notBad
9851,10,406.2799999999992,10,406.2799999999992,move,improve
9852,10,406.2799999999992,10,406.2799999999992,move,improve
9853,10,406.2799999999992,10,406.2799999999992,2opt,notBad
9854,10,406.2799999999992,10,406.2799999999992,move,improve
9855,10,406.2799999999992,10,406.2799999999992,swap,notBad
9856,10,406.2799999999992,10,406.2799999999992,swap,notBad
9857,10,406.2799999999992,10,406.2799999999992,swap,notBad
9858,10,406.2799999999992,10,406.2799999999992,move,improve
9859,10,406.2799999999992,10,406.2799999999992,move,improve
9860,10,406.2799999999992,10,406.2799999999992,move,improve
9861,10,406.2799999999992,10,406.2799999999992,swap,notBad
9862,10,406.2799999999992,10,406.2799999999992,2opt,notBad
9863,10,406.2799999999992,10,406.2799999999992,move,improve
9864,10,406.2799999999992,10,406.2799999999992,swap,notBad
9865,10,406.2799999999992,10,406.2799999999992,2opt,notBad
9866,10,406.2799999999992,10,406.2799999999992,move,improve
9867,10,406.2799999999992,10,406.2799999999992,2opt,improve
9868,10,406.2799999999992,10,406.2799999999992,move,improve
9869,10,406.2799999999992,10,406.2799999999992,2opt,notBad
9870,10,406.2799999999992,10,406.2799999999992,move,improve
9871,10,406.2799999999992,10,406.2799999999992,move,improve
9872,10,406.2799999999992,10,406.2799999999992,move,improve
9873,10,406.2799999999992,10,406.2799999999992,swap,notBad
9874,10,406.2799999999992,10,406.2799999999992,2opt,notBad
9875,10,406.2799999999992,10,406.2799999999992,swap,notBad
9876,10,406.2799999999992,10,406.2799999999992,swap,notBad
9877,10,406.2799999999992,10,406.2799999999992,2opt,notBad
9878,10,406.2799999999992,10,406.2799999999992,2opt,notBad
9879,10,406.2799999999992,10,406.2799999999992,swap,notBad
9880,10,406.2799999999992,10,406.2799999999992,2opt,notBad
9881,10,406.2799999999992,10,406.2799999999992,move,improve
9882,10,406.2799999999992,10,406.2799999999992,move,improve
9883,10,406.2799999999992,10,406.2799999999992,2opt,notBad
9884,10,406.2799999999992,10,406.2799999999992,swap,notBad
9885,10,406.2799999999992,10,406.2799999999992,move,improve
9886,10,406.2799999999992,10,406.2799999999992,move,improve
9887,10,406.2799999999992,10,406.2799999999992,swap,notBad
9888,10,406.2799999999992,10,406.2799999999992,2opt,notBad
9889,10,406.2799999999992,10,406.2799999999992,2opt,notBad
9890,10,406.2799999999992,10,406.2799999999992,move,improve
9891,10,406.2799999999992,10,406.2799999999992,swap,notBad
9892,10,406.2799999999992,10,406.2799999999992,move,improve
9893,10,406.2799999999992,10,406.2799999999992,move,improve
9894,10,406.2799999999992,10,406.2799999999992,2opt,notBad
9895,10,406.2799999999992,10,406.2799999999992,move,improve
9896,10,406.2799999999992,10,406.2799999999992,2opt,notBad
9897,10,406.2799999999992,10,406.2799999999992,swap,notBad
9898,10,406.2799999999992,10,406.2799999999992,swap,notBad
9899,10,406.2799999999992,10,406.2799999999992,2opt,notBad
9900,10,406.2799999999992,10,406.2799999999992,2opt,notBad
9901,10,406.2799999999992,10,406.2799999999992,move,improve
9902,10,406.2799999999992,10,406.2799999999992,move,improve
9903,10,406.2799999999992,10,406.2799999999992,move,improve
9904,10,406.2799999999992,10,406.2799999999992,swap,notBad
9905,10,406.2799999999992,10,406.2799999999992,swap,notBad
9906,10,406.2799999999992,10,406.2799999999992,2opt,notBad
9907,10,406.2799999999992,10,406.2799999999992,swap,notBad
9908,10,406.2799999999992,10,406.2799999999992,move,improve
9909,10,406.2799999999992,10,406.2799999999992,2opt,improve
9910,10,406.2799999999992,10,406.2799999999992,swap,notBad
9911,10,406.2799999999992,10,406.2799999999992,move,notBad
9912,10,406.2799999999992,10,406.2799999999992,swap,notBad
9913,10,406.2799999999992,10,406.2799999999992,2opt,notBad
9914,10,406.2799999999992,10,406.2799999999992,swap,notBad
9915,10,406.2799999999992,10,406.2799999999992,move,improve
9916,10,406.2799999999992,10,406.2799999999992,swap,notBad
9917,10,406.2799999999992,10,406.2799999999992,move,improve
9918,10,406.2799999999992,10,406.2799999999992,swap,notBad
9919,10,406.2799999999992,10,406.2799999999992,2opt,notBad
9920,10,406.2799999999992,10,406.2799999999992,swap,notBad
9921,10,406.2799999999992,10,406.2799999999992,move,improve
9922,10,406.2799999999992,10,406.2799999999992,swap,notBad
9923,10,406.2799999999992,10,406.2799999999992,swap,notBad
9924,10,406.2799999999992,10,406.2799999999992,2opt,notBad
9925,10,406.2799999999992,10,406.2799999999992,move,improve
9926,10,406.2799999999992,10,406.2799999999992,2opt,improve
9927,10,406.2799999999992,10,406.2799999999992,move,improve
9928,10,406.2799999999992,10,406.2799999999992,move,improve
9929,10,406.2799999999992,10,406.2799999999992,2opt,notBad
9930,10,406.2799999999992,10,406.2799999999992,swap,notBad
9931,10,406.2799999999992,10,406.2799999999992,move,improve
9932,10,406.2799999999992,10,406.2799999999992,move,improve
9933,10,406.2799999999992,10,406.2799999999992,move,improve
9934,10,406.2799999999992,10,406.2799999999992,2opt,notBad
9935,10,406.2799999999992,10,406.2799999999992,swap,notBad
9936,10,406.2799999999992,10,406.2799999999992,2opt,notBad
9937,10,406.2799999999992,10,406.2799999999992,swap,notBad
9938,10,406.2799999999992,10,406.2799999999992,swap,notBad
9939,10,406.2799999999992,10,406.2799999999992,move,improve
9940,10,406.2799999999992,10,406.2799999999992,swap,notBad
9941,10,406.2799999999992,10,406.2799999999992,move,improve
9942,10,406.2799999999992,10,406.2799999999992,swap,notBad
9943,10,406.2799999999992,10,406.2799999999992,2opt,notBad
9944,10,406.2799999999992,10,406.2799999999992,move,improve
9945,10,406.2799999999992,10,406.2799999999992,move,improve
9946,10,406.2799999999992,10,406.2799999999992,swap,notBad
9947,10,406.2799999999992,10,406.2799999999992,swap,notBad
9948,10,406.2799999999992,10,406.2799999999992,move,improve
9949,10,406.2799999999992,10,406.2799999999992,2opt,notBad
9950,10,406.2799999999992,10,406.2799999999992,2opt,notBad
9951,10,406.2799999999992,10,406.2799999999992,swap,notBad
9952,10,406.2799999999992,10,406.2799999999992,swap,notBad
9953,10,406.2799999999992,10,406.2799999999992,move,improve
9954,10,406.2799999999992,10,406.2799999999992,2opt,notBad
9955,10,406.2799999999992,10,406.2799999999992,swap,notBad
9956,10,406.2799999999992,10,406.2799999999992,2opt,improve
9957,10,406.2799999999992,10,406.2799999999992,2opt,notBad
9958,10,406.2799999999992,10,406.2799999999992,swap,notBad
9959,10,406.2799999999992,10,406.2799999999992,swap,notBad
9960,10,406.2799999999992,10,406.2799999999992,2opt,notBad
9961,10,406.2799999999992,10,406.2799999999992,2opt,notBad
9962,10,406.2799999999992,10,406.2799999999992,2opt,notBad
9963,10,406.2799999999992,10,406.2799999999992,2opt,notBad
9964,10,406.2799999999992,10,406.2799999999992,2opt,notBad
9965,10,406.2799999999992,10,406.2799999999992,move,improve
9966,10,406.2799999999992,10,406.2799999999992,2opt,notBad
9967,10,406.2799999999992,10,406.2799999999992,swap,notBad
9968,10,406.2799999999992,10,406.2799999999992,move,improve
9969,10,406.2799999999992,10,406.2799999999992,swap,notBad
9970,10,406.2799999999992,10,406.2799999999992,move,improve
9971,10,406.2799999999992,10,406.2799999999992,move,improve
9972,10,406.2799999999992,10,406.2799999999992,2opt,notBad
9973,10,406.2799999999992,10,406.2799999999992,swap,notBad
9974,10,406.2799999999992,10,406.2799999999992,move,improve
9975,10,406.2799999999992,10,406.2799999999992,swap,notBad
9976,10,406.2799999999992,10,406.2799999999992,move,improve
9977,10,406.2799999999992,10,406.2799999999992,2opt,notBad
9978,10,406.2799999999992,10,406.2799999999992,swap,notBad
9979,10,406.2799999999992,10,406.2799999999992,move,improve
9980,10,406.2799999999992,10,406.2799999999992,swap,notBad
9981,10,406.2799999999992,10,406.2799999999992,2opt,improve
9982,10,406.2799999999992,10,406.2799999999992,2opt,improve
9983,10,406.2799999999992,10,406.2799999999992,2opt,notBad
9984,10,406.2799999999992,10,406.2799999999992,swap,notBad
9985,10,406.2799999999992,10,406.2799999999992,2opt,improve
9986,10,406.2799999999992,10,406.2799999999992,2opt,notBad
9987,10,406.2799999999992,10,406.2799999999992,swap,notBad
9988,10,406.2799999999992,10,406.2799999999992,2opt,notBad
9989,10,406.2799999999992,10,406.2799999999992,move,improve
9990,10,406.2799999999992,10,406.2799999999992,move,improve
9991,10,406.2799999999992,10,406.2799999999992,swap,notBad
9992,10,406.2799999999992,10,406.2799999999992,swap,notBad
9993,10,406.2799999999992,10,406.2799999999992,move,improve
9994,10,406.2799999999992,10,406.2799999999992,swap,notBad
9995,10,406.2799999999992,10,406.2799999999992,move,improve
9996,10,406.2799999999992,10,406.2799999999992,swap,notBad
9997,10,406.2799999999992,10,406.2799999999992,swap,notBad
9998,10,406.2799999999992,10,406.2799999999992,2opt,notBad
9999,10,406.2799999999992,10,406.2799999999992,swap,notBad
10000,10,406.2799999999992,10,406.2799999999992,swap,notBad
10001,10,406.2799999999992,10,406.2799999999992,swap,notBad
10002,10,406.2799999999992,10,406.2799999999992,move,improve
10003,10,406.2799999999992,10,406.2799999999992,move,improve
10004,10,406.2799999999992,10,406.2799999999992,2opt,improve
10005,10,406.2799999999992,10,406.2799999999992,swap,notBad
10006,10,406.2799999999992,10,406.2799999999992,2opt,notBad
10007,10,406.2799999999992,10,406.2799999999992,swap,notBad
10008,10,406.2799999999992,10,406.2799999999992,2opt,notBad
10009,10,406.2799999999992,10,406.2799999999992,2opt,notBad
10010,10,406.2799999999992,10,406.2799999999992,swap,notBad
10011,10,406.2799999999992,10,406.2799999999992,2opt,notBad
10012,10,406.2799999999992,10,406.2799999999992,swap,notBad
10013,10,406.2799999999992,10,406.2799999999992,2opt,notBad
10014,10,406.2799999999992,10,406.2799999999992,2opt,notBad
10015,10,406.2799999999992,10,406.2799999999992,2opt,notBad
10016,10,406.2799999999992,10,406.2799999999992,move,improve
10017,10,406.2799999999992,10,406.2799999999992,swap,notBad
10018,10,406.2799999999992,10,406.2799999999992,2opt,notBad
10019,10,406.2799999999992,10,406.2799999999992,2opt,notBad
10020,10,406.2799999999992,10,406.2799999999992,2opt,notBad
10021,10,406.2799999999992,10,406.2799999999992,2opt,notBad
10022,10,406.2799999999992,10,406.2799999999992,swap,notBad
10023,10,406.2799999999992,10,406.2799999999992,move,improve
10024,10,406.2799999999992,10,406.2799999999992,2opt,notBad
10025,10,406.2799999999992,10,406.2799999999992,move,improve
10026,10,406.2799999999992,10,406.2799999999992,move,improve
10027,10,406.2799999999992,10,406.2799999999992,2opt,notBad
10028,10,406.2799999999992,10,406.2799999999992,2opt,notBad
10029,10,406.2799999999992,10,406.2799999999992,move,improve
10030,10,406.2799999999992,10,406.2799999999992,2opt,improve
10031,10,406.2799999999992,10,406.2799999999992,swap,notBad
10032,10,406.2799999999992,10,406.2799999999992,swap,notBad
10033,10,406.2799999999992,10,406.2799999999992,swap,notBad
10034,10,406.2799999999992,10,406.2799999999992,swap,notBad
10035,10,406.2799999999992,10,406.2799999999992,2opt,notBad
10036,10,406.2799999999992,10,406.2799999999992,move,improve
10037,10,406.2799999999992,10,406.2799999999992,2opt,notBad
10038,10,406.2799999999992,10,406.2799999999992,move,improve
10039,10,406.2799999999992,10,406.2799999999992,swap,notBad
10040,10,409.6399999999993,10,406.2799999999992,swap,acceptBad
10041,10,409.6399999999993,10,406.2799999999992,swap,notBad
10042,10,409.6399999999993,10,406.2799999999992,swap,notBad
10043,10,409.6399999999993,10,406.2799999999992,2opt,notBad
10044,10,409.6399999999993,10,406.2799999999992,2opt,notBad
10045,10,409.6399999999993,10,406.2799999999992,move,improve
10046,10,409.6399999999993,10,406.2799999999992,2opt,notBad
10047,10,409.6399999999993,10,406.2799999999992,move,improve
10048,10,409.6399999999993,10,406.2799999999992,move,improve
10049,10,409.6399999999993,10,406.2799999999992,2opt,notBad
10050,10,409.6399999999993,10,406.2799999999992,move,improve
10051,10,409.6399999999993,10,406.2799999999992,swap,notBad
10052,10,409.6399999999993,10,406.2799999999992,2opt,notBad
10053,10,409.6399999999993,10,406.2799999999992,move,improve
10054,10,409.6399999999993,10,406.2799999999992,swap,notBad
10055,10,409.6399999999993,10,406.2799999999992,swap,notBad
10056,10,409.6399999999993,10,406.2799999999992,2opt,notBad
10057,10,409.6399999999993,10,406.2799999999992,swap,notBad
10058,10,409.6399999999993,10,406.2799999999992,swap,notBad
10059,10,409.6399999999993,10,406.2799999999992,swap,notBad
10060,10,409.6399999999993,10,406.2799999999992,swap,notBad
10061,10,409.6399999999993,10,406.2799999999992,2opt,notBad
10062,10,409.6399999999993,10,406.2799999999992,2opt,notBad
10063,10,409.6399999999993,10,406.2799999999992,move,improve
10064,10,409.6399999999993,10,406.2799999999992,move,improve
10065,10,409.6399999999993,10,406.2799999999992,swap,notBad
10066,10,409.6399999999993,10,406.2799999999992,2opt,notBad
10067,10,409.6399999999993,10,406.2799999999992,move,improve
10068,10,409.6399999999993,10,406.2799999999992,move,improve
10069,10,409.6399999999993,10,406.2799999999992,move,improve
10070,10,409.6399999999993,10,406.2799999999992,swap,notBad
10071,10,409.6399999999993,10,406.2799999999992,move,improve
10072,10,409.6399999999993,10,406.2799999999992,move,improve
10073,10,409.6399999999993,10,406.2799999999992,2opt,notBad
10074,10,409.6399999999993,10,406.2799999999992,2opt,notBad
10075,10,409.6399999999993,10,406.2799999999992,swap,notBad
10076,10,409.6399999999993,10,406.2799999999992,swap,notBad
10077,10,409.6399999999993,10,406.2799999999992,move,improve
10078,10,409.6399999999993,10,406.2799999999992,swap,notBad
10079,10,409.6399999999993,10,406.2799999999992,2opt,notBad
10080,10,409.6399999999993,10,406.2799999999992,swap,notBad
10081,10,409.6399999999993,10,406.2799999999992,swap,notBad
10082,10,409.6399999999993,10,406.2799999999992,move,improve
10083,10,409.6399999999993,10,406.2799999999992,2opt,notBad
10084,10,409.6399999999993,10,406.2799999999992,2opt,notBad
10085,10,409.6399999999993,10,406.2799999999992,2opt,notBad
10086,10,409.6399999999993,10,406.2799999999992,2opt,notBad
10087,10,409.6399999999993,10,406.2799999999992,move,improve
10088,10,409.6399999999993,10,406.2799999999992,move,improve
10089,10,409.6399999999993,10,406.2799999999992,move,improve
10090,10,409.6399999999993,10,406.2799999999992,swap,notBad
10091,10,409.6399999999993,10,406.2799999999992,move,improve
10092,10,409.6399999999993,10,406.2799999999992,2opt,notBad
10093,10,409.6399999999993,10,406.2799999999992,move,improve
10094,10,409.6399999999993,10,406.2799999999992,2opt,notBad
10095,10,409.6399999999993,10,406.2799999999992,move,improve
10096,10,409.6399999999993,10,406.2799999999992,move,improve
10097,10,409.6399999999993,10,406.2799999999992,swap,notBad
10098,10,407.09999999999917,10,406.2799999999992,move,improve
10099,10,407.09999999999917,10,406.2799999999992,move,improve
10100,10,407.09999999999917,10,406.2799999999992,swap,notBad
10101,10,407.09999999999917,10,406.2799999999992,swap,notBad
10102,10,407.09999999999917,10,406.2799999999992,move,improve
10103,10,407.09999999999917,10,406.2799999999992,swap,notBad
10104,10,407.09999999999917,10,406.2799999999992,move,improve
10105,10,407.09999999999917,10,406.2799999999992,2opt,notBad
10106,10,407.09999999999917,10,406.2799999999992,2opt,notBad
10107,10,407.09999999999917,10,406.2799999999992,move,improve
10108,10,407.09999999999917,10,406.2799999999992,move,improve
10109,10,407.09999999999917,10,406.2799999999992,swap,notBad
10110,10,407.09999999999917,10,406.2799999999992,2opt,notBad
10111,10,407.09999999999917,10,406.2799999999992,move,improve
10112,10,407.09999999999917,10,406.2799999999992,move,improve
10113,10,407.09999999999917,10,406.2799999999992,move,improve
10114,10,407.09999999999917,10,406.2799999999992,2opt,notBad
10115,10,407.09999999999917,10,406.2799999999992,swap,notBad
10116,10,407.09999999999917,10,406.2799999999992,swap,notBad
10117,10,407.09999999999917,10,406.2799999999992,swap,notBad
10118,10,407.09999999999917,10,406.2799999999992,move,improve
10119,10,407.09999999999917,10,406.2799999999992,move,improve
10120,10,407.09999999999917,10,406.2799999999992,move,improve
10121,10,407.09999999999917,10,406.2799999999992,swap,notBad
10122,10,407.09999999999917,10,406.2799999999992,swap,notBad
10123,10,407.09999999999917,10,406.2799999999992,move,improve
10124,10,407.09999999999917,10,406.2799999999992,2opt,notBad
10125,10,407.09999999999917,10,406.2799999999992,2opt,notBad
10126,10,407.09999999999917,10,406.2799999999992,2opt,notBad
10127,10,407.09999999999917,10,406.2799999999992,move,improve
10128,10,407.09999999999917,10,406.2799999999992,swap,notBad
10129,10,407.09999999999917,10,406.2799999999992,move,improve
10130,10,407.09999999999917,10,406.2799999999992,2opt,notBad
10131,10,407.09999999999917,10,406.2799999999992,2opt,notBad
10132,10,407.09999999999917,10,406.2799999999992,2opt,notBad
10133,10,407.09999999999917,10,406.2799999999992,move,improve
10134,10,407.09999999999917,10,406.2799999999992,swap,notBad
10135,10,407.09999999999917,10,406.2799999999992,2opt,notBad
10136,10,407.09999999999917,10,406.2799999999992,2opt,notBad
10137,10,407.09999999999917,10,406.2799999999992,swap,notBad
10138,10,407.09999999999917,10,406.2799999999992,move,improve
10139,10,407.09999999999917,10,406.2799999999992,move,improve
10140,10,407.09999999999917,10,406.2799999999992,move,improve
10141,10,407.09999999999917,10,406.2799999999992,move,improve
10142,10,407.09999999999917,10,406.2799999999992,2opt,notBad
10143,10,407.09999999999917,10,406.2799999999992,swap,notBad
10144,10,407.09999999999917,10,406.2799999999992,swap,notBad
10145,10,407.09999999999917,10,406.2799999999992,2opt,notBad
10146,10,407.09999999999917,10,406.2799999999992,swap,notBad
10147,10,407.09999999999917,10,406.2799999999992,move,improve
10148,10,407.09999999999917,10,406.2799999999992,move,improve
10149,10,407.09999999999917,10,406.2799999999992,move,improve
10150,10,407.09999999999917,10,406.2799999999992,2opt,notBad
10151,10,407.09999999999917,10,406.2799999999992,swap,notBad
10152,10,407.09999999999917,10,406.2799999999992,move,improve
10153,10,407.09999999999917,10,406.2799999999992,2opt,notBad
10154,10,407.09999999999917,10,406.2799999999992,swap,notBad
10155,10,407.09999999999917,10,406.2799999999992,move,improve
10156,10,407.09999999999917,10,406.2799999999992,2opt,notBad
10157,10,407.09999999999917,10,406.2799999999992,swap,notBad
10158,10,407.09999999999917,10,406.2799999999992,2opt,notBad
10159,10,407.09999999999917,10,406.2799999999992,swap,notBad
10160,10,407.09999999999917,10,406.2799999999992,move,improve
10161,10,407.09999999999917,10,406.2799999999992,2opt,notBad
10162,10,407.09999999999917,10,406.2799999999992,move,improve
10163,10,407.09999999999917,10,406.2799999999992,swap,notBad
10164,10,407.09999999999917,10,406.2799999999992,swap,notBad
10165,10,407.09999999999917,10,406.2799999999992,swap,notBad
10166,10,407.09999999999917,10,406.2799999999992,2opt,notBad
10167,10,407.09999999999917,10,406.2799999999992,2opt,notBad
10168,10,407.09999999999917,10,406.2799999999992,2opt,notBad
10169,10,407.09999999999917,10,406.2799999999992,2opt,notBad
10170,10,407.09999999999917,10,406.2799999999992,2opt,notBad
10171,10,407.09999999999917,10,406.2799999999992,move,improve
10172,10,407.09999999999917,10,406.2799999999992,move,improve
10173,10,407.09999999999917,10,406.2799999999992,2opt,notBad
10174,10,407.09999999999917,10,406.2799999999992,move,improve
10175,10,407.09999999999917,10,406.2799999999992,move,improve
10176,10,407.09999999999917,10,406.2799999999992,move,improve
10177,10,407.09999999999917,10,406.2799999999992,2opt,notBad
10178,10,407.09999999999917,10,406.2799999999992,move,improve
10179,10,407.09999999999917,10,406.2799999999992,swap,notBad
10180,10,407.09999999999917,10,406.2799999999992,2opt,notBad
10181,10,407.09999999999917,10,406.2799999999992,swap,notBad
10182,10,407.09999999999917,10,406.2799999999992,move,improve
10183,10,407.09999999999917,10,406.2799999999992,2opt,notBad
10184,10,407.09999999999917,10,406.2799999999992,2opt,improve
10185,10,407.09999999999917,10,406.2799999999992,swap,notBad
10186,10,407.09999999999917,10,406.2799999999992,swap,notBad
10187,10,407.09999999999917,10,406.2799999999992,2opt,notBad
10188,10,407.09999999999917,10,406.2799999999992,swap,notBad
10189,10,407.09999999999917,10,406.2799999999992,move,improve
10190,10,407.09999999999917,10,406.2799999999992,2opt,notBad
10191,10,407.09999999999917,10,406.2799999999992,swap,notBad
10192,10,407.09999999999917,10,406.2799999999992,2opt,notBad
10193,10,407.09999999999917,10,406.2799999999992,swap,notBad
10194,10,407.09999999999917,10,406.2799999999992,swap,notBad
10195,10,407.09999999999917,10,406.2799999999992,swap,notBad
10196,10,407.09999999999917,10,406.2799999999992,2opt,notBad
10197,10,407.09999999999917,10,406.2799999999992,swap,notBad
10198,10,407.09999999999917,10,406.2799999999992,move,improve
10199,10,407.09999999999917,10,406.2799999999992,2opt,notBad
10200,10,407.09999999999917,10,406.2799999999992,2opt,improve
10201,10,407.09999999999917,10,406.2799999999992,move,improve
10202,10,407.09999999999917,10,406.2799999999992,move,notBad
10203,10,407.09999999999917,10,406.2799999999992,move,improve
10204,10,407.09999999999917,10,406.2799999999992,2opt,notBad
10205,10,407.09999999999917,10,406.2799999999992,swap,notBad
10206,10,407.09999999999917,10,406.2799999999992,2opt,improve
10207,10,407.09999999999917,10,406.2799999999992,2opt,notBad
10208,10,407.09999999999917,10,406.2799999999992,swap,notBad
10209,10,407.09999999999917,10,406.2799999999992,move,improve
10210,10,407.09999999999917,10,406.2799999999992,swap,notBad
10211,10,407.09999999999917,10,406.2799999999992,swap,notBad
10212,10,407.09999999999917,10,406.2799999999992,swap,notBad
10213,10,407.09999999999917,10,406.2799999999992,swap,notBad
10214,10,407.09999999999917,10,406.2799999999992,2opt,notBad
10215,10,407.09999999999917,10,406.2799999999992,move,improve
10216,10,407.09999999999917,10,406.2799999999992,swap,notBad
10217,10,407.09999999999917,10,406.2799999999992,swap,notBad
10218,10,407.09999999999917,10,406.2799999999992,swap,notBad
10219,10,407.09999999999917,10,406.2799999999992,swap,notBad
10220,10,407.09999999999917,10,406.2799999999992,move,improve
10221,10,407.09999999999917,10,406.2799999999992,swap,notBad
10222,10,407.09999999999917,10,406.2799999999992,move,improve
10223,10,407.09999999999917,10,406.2799999999992,2opt,notBad
10224,10,407.09999999999917,10,406.2799999999992,swap,notBad
10225,10,407.09999999999917,10,406.2799999999992,2opt,notBad
10226,10,407.09999999999917,10,406.2799999999992,2opt,notBad
10227,10,407.09999999999917,10,406.2799999999992,swap,notBad
10228,10,407.09999999999917,10,406.2799999999992,swap,notBad
10229,10,407.09999999999917,10,406.2799999999992,move,improve
10230,10,407.09999999999917,10,406.2799999999992,move,improve
10231,10,407.09999999999917,10,406.2799999999992,swap,notBad
10232,10,407.09999999999917,10,406.2799999999992,2opt,notBad
10233,10,407.09999999999917,10,406.2799999999992,move,improve
10234,10,403.9399999999996,10,403.9399999999996,swap,newBest
10235,10,403.9399999999996,10,403.9399999999996,2opt,notBad
10236,10,403.9399999999996,10,403.9399999999996,swap,notBad
10237,10,403.9399999999996,10,403.9399999999996,move,improve
10238,10,403.9399999999996,10,403.9399999999996,swap,notBad
10239,10,403.9399999999996,10,403.9399999999996,2opt,notBad
10240,10,403.9399999999996,10,403.9399999999996,swap,notBad
10241,10,403.9399999999996,10,403.9399999999996,swap,notBad
10242,10,403.9399999999996,10,403.9399999999996,swap,notBad
10243,10,403.9399999999996,10,403.9399999999996,2opt,notBad
10244,10,403.9399999999996,10,403.9399999999996,swap,notBad
10245,10,403.9399999999996,10,403.9399999999996,2opt,notBad
10246,10,403.9399999999996,10,403.9399999999996,move,improve
10247,10,403.9399999999996,10,403.9399999999996,swap,notBad
10248,10,403.9399999999996,10,403.9399999999996,swap,notBad
10249,10,403.9399999999996,10,403.9399999999996,swap,notBad
10250,10,403.9399999999996,10,403.9399999999996,move,improve
10251,10,403.81999999999954,10,403.81999999999954,move,newBest
10252,10,403.81999999999954,10,403.81999999999954,swap,notBad
10253,10,403.81999999999954,10,403.81999999999954,move,improve
10254,10,403.81999999999954,10,403.81999999999954,swap,notBad
10255,10,403.81999999999954,10,403.81999999999954,2opt,notBad
10256,10,403.81999999999954,10,403.81999999999954,move,improve
10257,10,403.81999999999954,10,403.81999999999954,swap,notBad
10258,10,403.81999999999954,10,403.81999999999954,2opt,notBad
10259,10,403.81999999999954,10,403.81999999999954,move,improve
10260,10,403.81999999999954,10,403.81999999999954,swap,notBad
10261,10,403.81999999999954,10,403.81999999999954,move,improve
10262,10,403.81999999999954,10,403.81999999999954,move,improve
10263,10,403.81999999999954,10,403.81999999999954,2opt,notBad
10264,10,403.81999999999954,10,403.81999999999954,2opt,notBad
10265,10,403.81999999999954,10,403.81999999999954,swap,notBad
10266,10,403.81999999999954,10,403.81999999999954,move,improve
10267,10,403.81999999999954,10,403.81999999999954,swap,notBad
10268,10,403.81999999999954,10,403.81999999999954,2opt,notBad
10269,10,403.81999999999954,10,403.81999999999954,2opt,notBad
10270,10,403.81999999999954,10,403.81999999999954,swap,notBad
10271,10,403.81999999999954,10,403.81999999999954,2opt,notBad
10272,10,403.81999999999954,10,403.81999999999954,swap,notBad
10273,10,403.81999999999954,10,403.81999999999954,move,improve
10274,10,403.81999999999954,10,403.81999999999954,2opt,notBad
10275,10,403.81999999999954,10,403.81999999999954,swap,notBad
10276,10,403.81999999999954,10,403.81999999999954,move,improve
10277,10,403.81999999999954,10,403.81999999999954,swap,notBad
10278,10,403.81999999999954,10,403.81999999999954,move,improve
10279,10,403.81999999999954,10,403.81999999999954,move,improve
10280,10,403.81999999999954,10,403.81999999999954,swap,notBad
10281,10,403.81999999999954,10,403.81999999999954,move,improve
10282,10,403.81999999999954,10,403.81999999999954,swap,notBad
10283,10,403.81999999999954,10,403.81999999999954,swap,notBad
10284,10,403.81999999999954,10,403.81999999999954,2opt,notBad
10285,10,403.81999999999954,10,403.81999999999954,move,improve
10286,10,403.81999999999954,10,403.81999999999954,move,improve
10287,10,406.6199999999993,10,403.81999999999954,swap,acceptBad
10288,10,406.6199999999993,10,403.81999999999954,swap,notBad
10289,10,406.6199999999993,10,403.81999999999954,swap,notBad
10290,10,406.6199999999993,10,403.81999999999954,swap,notBad
10291,10,406.6199999999993,10,403.81999999999954,2opt,notBad
10292,10,406.6199999999993,10,403.81999999999954,2opt,notBad
10293,10,406.6199999999993,10,403.81999999999954,swap,notBad
10294,10,406.6199999999993,10,403.81999999999954,swap,notBad
10295,10,406.6199999999993,10,403.81999999999954,move,improve
10296,10,406.6199999999993,10,403.81999999999954,2opt,improve
10297,10,406.6199999999993,10,403.81999999999954,swap,notBad
10298,10,406.6199999999993,10,403.81999999999954,2opt,notBad
10299,10,406.6199999999993,10,403.81999999999954,swap,notBad
10300,10,406.6199999999993,10,403.81999999999954,move,improve
10301,10,406.6199999999993,10,403.81999999999954,swap,notBad
10302,10,406.6199999999993,10,403.81999999999954,2opt,notBad
10303,10,406.6199999999993,10,403.81999999999954,move,improve
10304,10,406.6199999999993,10,403.81999999999954,swap,notBad
10305,10,406.6199999999993,10,403.81999999999954,2opt,notBad
10306,10,406.6199999999993,10,403.81999999999954,swap,notBad
10307,10,406.6199999999993,10,403.81999999999954,2opt,notBad
10308,10,406.6199999999993,10,403.81999999999954,swap,notBad
10309,10,406.6199999999993,10,403.81999999999954,move,improve
10310,10,406.6199999999993,10,403.81999999999954,2opt,notBad
10311,10,406.6199999999993,10,403.81999999999954,swap,notBad
10312,10,406.6199999999993,10,403.81999999999954,2opt,notBad
10313,10,406.6199999999993,10,403.81999999999954,move,improve
10314,10,406.6199999999993,10,403.81999999999954,move,improve
10315,10,406.6199999999993,10,403.81999999999954,swap,notBad
10316,10,406.6199999999993,10,403.81999999999954,move,improve
10317,10,406.6199999999993,10,403.81999999999954,2opt,notBad
10318,10,406.6199999999993,10,403.81999999999954,swap,notBad
10319,10,406.6199999999993,10,403.81999999999954,swap,notBad
10320,10,406.6199999999993,10,403.81999999999954,swap,notBad
10321,10,406.6199999999993,10,403.81999999999954,move,improve
10322,10,406.6199999999993,10,403.81999999999954,move,improve
10323,10,406.6199999999993,10,403.81999999999954,2opt,notBad
10324,10,406.6199999999993,10,403.81999999999954,move,improve
10325,10,406.6199999999993,10,403.81999999999954,2opt,notBad
10326,10,406.6199999999993,10,403.81999999999954,swap,notBad
10327,10,406.6199999999993,10,403.81999999999954,2opt,notBad
10328,10,406.6199999999993,10,403.81999999999954,swap,notBad
10329,10,406.6199999999993,10,403.81999999999954,swap,notBad
10330,10,406.6199999999993,10,403.81999999999954,move,improve
10331,10,406.6199999999993,10,403.81999999999954,2opt,notBad
10332,10,406.6199999999993,10,403.81999999999954,2opt,notBad
10333,10,406.6199999999993,10,403.81999999999954,swap,notBad
10334,10,406.6199999999993,10,403.81999999999954,2opt,notBad
10335,10,406.6199999999993,10,403.81999999999954,swap,notBad
10336,10,406.6199999999993,10,403.81999999999954,2opt,notBad
10337,10,406.6199999999993,10,403.81999999999954,move,improve
10338,10,406.6199999999993,10,403.81999999999954,swap,notBad
10339,10,406.6199999999993,10,403.81999999999954,2opt,notBad
10340,10,406.6199999999993,10,403.81999999999954,2opt,notBad
10341,10,406.6199999999993,10,403.81999999999954,2opt,improve
10342,10,406.6199999999993,10,403.81999999999954,2opt,improve
10343,10,406.6199999999993,10,403.81999999999954,move,improve
10344,10,406.6199999999993,10,403.81999999999954,swap,notBad
10345,10,406.6199999999993,10,403.81999999999954,swap,notBad
10346,10,406.6199999999993,10,403.81999999999954,swap,notBad
10347,10,406.6199999999993,10,403.81999999999954,swap,notBad
10348,10,406.6199999999993,10,403.81999999999954,swap,notBad
10349,10,406.6199999999993,10,403.81999999999954,move,improve
10350,10,406.6199999999993,10,403.81999999999954,2opt,notBad
10351,10,406.6199999999993,10,403.81999999999954,swap,notBad
10352,10,406.6199999999993,10,403.81999999999954,2opt,improve
10353,10,406.6199999999993,10,403.81999999999954,2opt,notBad
10354,10,406.6199999999993,10,403.81999999999954,move,improve
10355,10,406.6199999999993,10,403.81999999999954,move,improve
10356,10,406.6199999999993,10,403.81999999999954,move,improve
10357,10,406.6199999999993,10,403.81999999999954,2opt,notBad
10358,10,406.6199999999993,10,403.81999999999954,move,improve
10359,10,406.6199999999993,10,403.81999999999954,swap,notBad
10360,10,406.6199999999993,10,403.81999999999954,move,improve
10361,10,406.6199999999993,10,403.81999999999954,move,improve
10362,10,406.6199999999993,10,403.81999999999954,move,improve
10363,10,406.6199999999993,10,403.81999999999954,swap,notBad
10364,10,406.6199999999993,10,403.81999999999954,swap,notBad
10365,10,406.6199999999993,10,403.81999999999954,2opt,notBad
10366,10,406.6199999999993,10,403.81999999999954,move,improve
10367,10,406.6199999999993,10,403.81999999999954,swap,notBad
10368,10,406.6199999999993,10,403.81999999999954,swap,notBad
10369,10,406.6199999999993,10,403.81999999999954,2opt,notBad
10370,10,406.6199999999993,10,403.81999999999954,2opt,notBad
10371,10,406.6199999999993,10,403.81999999999954,2opt,notBad
10372,10,406.6199999999993,10,403.81999999999954,move,improve
10373,10,406.6199999999993,10,403.81999999999954,swap,notBad
10374,10,406.6199999999993,10,403.81999999999954,2opt,notBad
10375,10,406.6199999999993,10,403.81999999999954,2opt,notBad
10376,10,406.6199999999993,10,403.81999999999954,swap,notBad
10377,10,406.6199999999993,10,403.81999999999954,swap,notBad
10378,10,406.6199999999993,10,403.81999999999954,2opt,notBad
10379,10,406.6199999999993,10,403.81999999999954,move,improve
10380,10,406.6199999999993,10,403.81999999999954,2opt,notBad
10381,10,406.6199999999993,10,403.81999999999954,2opt,notBad
10382,10,406.6199999999993,10,403.81999999999954,2opt,notBad
10383,10,406.6199999999993,10,403.81999999999954,move,improve
10384,10,406.6199999999993,10,403.81999999999954,swap,notBad
10385,10,406.6199999999993,10,403.81999999999954,2opt,notBad
10386,10,406.6199999999993,10,403.81999999999954,2opt,improve
10387,10,406.6199999999993,10,403.81999999999954,move,improve
10388,10,406.6199999999993,10,403.81999999999954,2opt,notBad
10389,10,406.6199999999993,10,403.81999999999954,move,improve
10390,10,403.81999999999954,10,403.81999999999954,move,improve
10391,10,403.81999999999954,10,403.81999999999954,swap,notBad
10392,10,403.81999999999954,10,403.81999999999954,swap,notBad
10393,10,403.81999999999954,10,403.81999999999954,swap,notBad
10394,10,403.81999999999954,10,403.81999999999954,swap,notBad
10395,10,403.81999999999954,10,403.81999999999954,swap,notBad
10396,10,403.81999999999954,10,403.81999999999954,2opt,notBad
10397,10,403.81999999999954,10,403.81999999999954,move,improve
10398,10,403.81999999999954,10,403.81999999999954,swap,notBad
10399,10,403.81999999999954,10,403.81999999999954,move,improve
10400,10,403.81999999999954,10,403.81999999999954,swap,notBad
10401,10,403.81999999999954,10,403.81999999999954,swap,notBad
10402,10,403.81999999999954,10,403.81999999999954,swap,notBad
10403,10,403.81999999999954,10,403.81999999999954,move,improve
10404,10,403.81999999999954,10,403.81999999999954,move,improve
10405,10,403.81999999999954,10,403.81999999999954,move,improve
10406,10,403.81999999999954,10,403.81999999999954,move,improve
10407,10,403.81999999999954,10,403.81999999999954,2opt,improve
10408,10,403.81999999999954,10,403.81999999999954,2opt,notBad
10409,10,403.81999999999954,10,403.81999999999954,swap,notBad
10410,10,403.81999999999954,10,403.81999999999954,swap,notBad
10411,10,403.81999999999954,10,403.81999999999954,move,improve
10412,10,403.81999999999954,10,403.81999999999954,2opt,notBad
10413,10,403.81999999999954,10,403.81999999999954,swap,notBad
10414,10,403.81999999999954,10,403.81999999999954,move,improve
10415,10,403.81999999999954,10,403.81999999999954,swap,notBad
10416,10,403.81999999999954,10,403.81999999999954,move,improve
10417,10,403.81999999999954,10,403.81999999999954,2opt,notBad
10418,10,403.81999999999954,10,403.81999999999954,swap,notBad
10419,10,403.81999999999954,10,403.81999999999954,swap,notBad
10420,10,403.81999999999954,10,403.81999999999954,swap,notBad
10421,10,403.81999999999954,10,403.81999999999954,2opt,notBad
10422,10,403.81999999999954,10,403.81999999999954,move,notBad
10423,10,403.81999999999954,10,403.81999999999954,move,improve
10424,10,403.81999999999954,10,403.81999999999954,move,improve
10425,10,403.81999999999954,10,403.81999999999954,2opt,notBad
10426,10,403.81999999999954,10,403.81999999999954,move,improve
10427,10,403.81999999999954,10,403.81999999999954,2opt,notBad
10428,10,403.81999999999954,10,403.81999999999954,2opt,notBad
10429,10,403.81999999999954,10,403.81999999999954,swap,notBad
10430,10,403.81999999999954,10,403.81999999999954,swap,notBad
10431,10,403.81999999999954,10,403.81999999999954,2opt,notBad
10432,10,403.81999999999954,10,403.81999999999954,move,improve
10433,10,403.81999999999954,10,403.81999999999954,swap,notBad
10434,10,403.81999999999954,10,403.81999999999954,move,improve
10435,10,403.81999999999954,10,403.81999999999954,swap,notBad
10436,10,403.81999999999954,10,403.81999999999954,2opt,notBad
10437,10,403.81999999999954,10,403.81999999999954,move,improve
10438,10,403.81999999999954,10,403.81999999999954,swap,notBad
10439,10,403.81999999999954,10,403.81999999999954,2opt,notBad
10440,10,403.81999999999954,10,403.81999999999954,move,improve
10441,10,403.81999999999954,10,403.81999999999954,2opt,notBad
10442,10,403.81999999999954,10,403.81999999999954,move,improve
10443,10,403.81999999999954,10,403.81999999999954,swap,notBad
10444,10,403.81999999999954,10,403.81999999999954,swap,notBad
10445,10,403.81999999999954,10,403.81999999999954,2opt,notBad
10446,10,403.81999999999954,10,403.81999999999954,move,improve
10447,10,403.81999999999954,10,403.81999999999954,move,improve
10448,10,403.81999999999954,10,403.81999999999954,move,improve
10449,10,403.81999999999954,10,403.81999999999954,2opt,notBad
10450,10,403.81999999999954,10,403.81999999999954,swap,notBad
10451,10,403.81999999999954,10,403.81999999999954,2opt,notBad
10452,10,403.81999999999954,10,403.81999999999954,move,improve
10453,10,403.81999999999954,10,403.81999999999954,move,improve
10454,10,403.81999999999954,10,403.81999999999954,2opt,notBad
10455,10,403.81999999999954,10,403.81999999999954,move,improve
10456,10,403.81999999999954,10,403.81999999999954,swap,notBad
10457,10,403.81999999999954,10,403.81999999999954,move,improve
10458,10,403.81999999999954,10,403.81999999999954,swap,notBad
10459,10,403.81999999999954,10,403.81999999999954,2opt,notBad
10460,10,403.81999999999954,10,403.81999999999954,move,improve
10461,10,403.81999999999954,10,403.81999999999954,move,improve
10462,10,403.81999999999954,10,403.81999999999954,2opt,notBad
10463,10,403.81999999999954,10,403.81999999999954,move,improve
10464,10,403.81999999999954,10,403.81999999999954,2opt,notBad
10465,10,403.81999999999954,10,403.81999999999954,move,improve
10466,10,403.81999999999954,10,403.81999999999954,swap,notBad
10467,10,403.81999999999954,10,403.81999999999954,move,improve
10468,10,403.81999999999954,10,403.81999999999954,move,improve
10469,10,403.81999999999954,10,403.81999999999954,swap,notBad
10470,10,403.81999999999954,10,403.81999999999954,2opt,notBad
10471,10,403.81999999999954,10,403.81999999999954,move,improve
10472,10,403.81999999999954,10,403.81999999999954,swap,notBad
10473,10,403.81999999999954,10,403.81999999999954,move,improve
10474,10,403.81999999999954,10,403.81999999999954,move,improve
10475,10,403.81999999999954,10,403.81999999999954,2opt,notBad
10476,10,403.81999999999954,10,403.81999999999954,2opt,notBad
10477,10,403.81999999999954,10,403.81999999999954,swap,notBad
10478,10,403.81999999999954,10,403.81999999999954,2opt,notBad
10479,10,403.81999999999954,10,403.81999999999954,2opt,notBad
10480,10,403.81999999999954,10,403.81999999999954,move,improve
10481,10,403.81999999999954,10,403.81999999999954,move,improve
10482,10,403.81999999999954,10,403.81999999999954,2opt,notBad
10483,10,403.81999999999954,10,403.81999999999954,2opt,notBad
10484,10,403.81999999999954,10,403.81999999999954,2opt,notBad
10485,10,403.81999999999954,10,403.81999999999954,swap,notBad
10486,10,403.81999999999954,10,403.81999999999954,2opt,notBad
10487,10,403.81999999999954,10,403.81999999999954,2opt,notBad
10488,10,403.81999999999954,10,403.81999999999954,swap,notBad
10489,10,403.81999999999954,10,403.81999999999954,2opt,notBad
10490,10,403.81999999999954,10,403.81999999999954,2opt,notBad
10491,10,403.81999999999954,10,403.81999999999954,move,improve
10492,10,403.81999999999954,10,403.81999999999954,2opt,notBad
10493,10,403.81999999999954,10,403.81999999999954,move,improve
10494,10,403.81999999999954,10,403.81999999999954,swap,notBad
10495,10,403.81999999999954,10,403.81999999999954,move,improve
10496,10,403.81999999999954,10,403.81999999999954,move,improve
10497,10,403.81999999999954,10,403.81999999999954,swap,notBad
10498,10,403.81999999999954,10,403.81999999999954,swap,notBad
10499,10,403.81999999999954,10,403.81999999999954,swap,notBad
10500,10,403.81999999999954,10,403.81999999999954,swap,notBad
10501,10,403.81999999999954,10,403.81999999999954,2opt,notBad
10502,10,403.81999999999954,10,403.81999999999954,swap,notBad
10503,10,403.81999999999954,10,403.81999999999954,2opt,notBad
10504,10,403.81999999999954,10,403.81999999999954,move,improve
10505,10,403.81999999999954,10,403.81999999999954,swap,notBad
10506,10,403.81999999999954,10,403.81999999999954,move,improve
10507,10,403.81999999999954,10,403.81999999999954,2opt,notBad
10508,10,403.81999999999954,10,403.81999999999954,move,improve
10509,10,403.81999999999954,10,403.81999999999954,swap,notBad
10510,10,403.81999999999954,10,403.81999999999954,swap,notBad
10511,10,403.81999999999954,10,403.81999999999954,2opt,notBad
10512,10,403.81999999999954,10,403.81999999999954,swap,notBad
10513,10,403.81999999999954,10,403.81999999999954,2opt,notBad
10514,10,403.81999999999954,10,403.81999999999954,swap,notBad
10515,10,403.81999999999954,10,403.81999999999954,2opt,notBad
10516,10,403.81999999999954,10,403.81999999999954,swap,notBad
10517,10,403.81999999999954,10,403.81999999999954,2opt,notBad
10518,10,403.81999999999954,10,403.81999999999954,2opt,notBad
10519,10,403.81999999999954,10,403.81999999999954,2opt,notBad
10520,10,403.81999999999954,10,403.81999999999954,move,improve
10521,10,403.81999999999954,10,403.81999999999954,2opt,notBad
10522,10,403.81999999999954,10,403.81999999999954,2opt,notBad
10523,10,403.81999999999954,10,403.81999999999954,2opt,notBad
10524,10,403.81999999999954,10,403.81999999999954,2opt,notBad
10525,10,403.81999999999954,10,403.81999999999954,2opt,notBad
10526,10,403.81999999999954,10,403.81999999999954,swap,notBad
10527,10,403.81999999999954,10,403.81999999999954,swap,notBad
10528,10,403.81999999999954,10,403.81999999999954,move,improve
10529,10,403.81999999999954,10,403.81999999999954,swap,notBad
10530,10,403.81999999999954,10,403.81999999999954,2opt,notBad
10531,10,403.81999999999954,10,403.81999999999954,move,improve
10532,10,403.81999999999954,10,403.81999999999954,swap,notBad
10533,10,403.81999999999954,10,403.81999999999954,2opt,notBad
10534,10,403.81999999999954,10,403.81999999999954,move,improve
10535,10,403.81999999999954,10,403.81999999999954,move,improve
10536,10,403.81999999999954,10,403.81999999999954,swap,notBad
10537,10,403.81999999999954,10,403.81999999999954,2opt,notBad
10538,10,403.81999999999954,10,403.81999999999954,move,improve
10539,10,403.81999999999954,10,403.81999999999954,2opt,notBad
10540,10,403.81999999999954,10,403.81999999999954,2opt,notBad
10541,10,403.81999999999954,10,403.81999999999954,move,improve
10542,10,403.81999999999954,10,403.81999999999954,swap,notBad
10543,10,403.81999999999954,10,403.81999999999954,2opt,notBad
10544,10,403.81999999999954,10,403.81999999999954,2opt,notBad
10545,10,403.81999999999954,10,403.81999999999954,swap,notBad
10546,10,403.81999999999954,10,403.81999999999954,2opt,notBad
10547,10,403.81999999999954,10,403.81999999999954,swap,notBad
10548,10,403.81999999999954,10,403.81999999999954,2opt,notBad
10549,10,403.81999999999954,10,403.81999999999954,swap,notBad
10550,10,403.81999999999954,10,403.81999999999954,move,improve
10551,10,403.81999999999954,10,403.81999999999954,2opt,notBad
10552,10,403.81999999999954,10,403.81999999999954,move,improve
10553,10,403.81999999999954,10,403.81999999999954,swap,notBad
10554,10,403.81999999999954,10,403.81999999999954,move,improve
10555,10,403.81999999999954,10,403.81999999999954,2opt,notBad
10556,10,403.81999999999954,10,403.81999999999954,swap,notBad
10557,10,403.81999999999954,10,403.81999999999954,swap,notBad
10558,10,403.81999999999954,10,403.81999999999954,move,improve
10559,10,403.81999999999954,10,403.81999999999954,swap,notBad
10560,10,403.81999999999954,10,403.81999999999954,move,improve
10561,10,403.81999999999954,10,403.81999999999954,2opt,notBad
10562,10,403.81999999999954,10,403.81999999999954,2opt,notBad
10563,10,403.81999999999954,10,403.81999999999954,2opt,notBad
10564,10,403.81999999999954,10,403.81999999999954,2opt,notBad
10565,10,403.81999999999954,10,403.81999999999954,swap,notBad
10566,10,403.81999999999954,10,403.81999999999954,2opt,notBad
10567,10,403.81999999999954,10,403.81999999999954,2opt,notBad
10568,10,403.81999999999954,10,403.81999999999954,swap,notBad
10569,10,403.81999999999954,10,403.81999999999954,swap,notBad
10570,10,403.81999999999954,10,403.81999999999954,2opt,notBad
10571,10,403.81999999999954,10,403.81999999999954,swap,notBad
10572,10,403.81999999999954,10,403.81999999999954,2opt,notBad
10573,10,403.81999999999954,10,403.81999999999954,swap,notBad
10574,10,403.81999999999954,10,403.81999999999954,2opt,notBad
10575,10,403.81999999999954,10,403.81999999999954,move,improve
10576,10,403.81999999999954,10,403.81999999999954,move,improve
10577,10,403.81999999999954,10,403.81999999999954,move,improve
10578,10,403.81999999999954,10,403.81999999999954,move,improve
10579,10,403.81999999999954,10,403.81999999999954,2opt,notBad
10580,10,403.81999999999954,10,403.81999999999954,swap,notBad
10581,10,403.81999999999954,10,403.81999999999954,move,improve
10582,10,403.81999999999954,10,403.81999999999954,2opt,notBad
10583,10,403.81999999999954,10,403.81999999999954,swap,notBad
10584,10,403.81999999999954,10,403.81999999999954,move,improve
10585,10,403.81999999999954,10,403.81999999999954,swap,notBad
10586,10,403.81999999999954,10,403.81999999999954,swap,notBad
10587,10,403.81999999999954,10,403.81999999999954,2opt,notBad
10588,10,403.81999999999954,10,403.81999999999954,2opt,notBad
10589,10,403.81999999999954,10,403.81999999999954,2opt,improve
10590,10,403.81999999999954,10,403.81999999999954,move,improve
10591,10,403.81999999999954,10,403.81999999999954,2opt,improve
10592,10,403.81999999999954,10,403.81999999999954,2opt,notBad
10593,10,403.81999999999954,10,403.81999999999954,move,improve
10594,10,403.81999999999954,10,403.81999999999954,2opt,notBad
10595,10,403.81999999999954,10,403.81999999999954,move,improve
10596,10,403.81999999999954,10,403.81999999999954,2opt,improve
10597,10,403.81999999999954,10,403.81999999999954,move,improve
10598,10,403.81999999999954,10,403.81999999999954,move,improve
10599,10,403.81999999999954,10,403.81999999999954,2opt,notBad
10600,10,403.81999999999954,10,403.81999999999954,2opt,improve
10601,10,403.81999999999954,10,403.81999999999954,move,improve
10602,10,403.81999999999954,10,403.81999999999954,swap,notBad
10603,10,403.81999999999954,10,403.81999999999954,move,improve
10604,10,403.81999999999954,10,403.81999999999954,swap,notBad
10605,10,403.81999999999954,10,403.81999999999954,move,improve
10606,10,403.81999999999954,10,403.81999999999954,move,improve
10607,10,403.81999999999954,10,403.81999999999954,2opt,notBad
10608,10,403.81999999999954,10,403.81999999999954,2opt,notBad
10609,10,403.81999999999954,10,403.81999999999954,move,improve
10610,10,403.81999999999954,10,403.81999999999954,2opt,notBad
10611,10,403.81999999999954,10,403.81999999999954,2opt,notBad
10612,10,403.81999999999954,10,403.81999999999954,move,improve
10613,10,403.81999999999954,10,403.81999999999954,2opt,notBad
10614,10,403.81999999999954,10,403.81999999999954,move,improve
10615,10,403.81999999999954,10,403.81999999999954,swap,notBad
10616,10,403.81999999999954,10,403.81999999999954,swap,notBad
10617,10,403.81999999999954,10,403.81999999999954,move,improve
10618,10,403.81999999999954,10,403.81999999999954,2opt,notBad
10619,10,403.81999999999954,10,403.81999999999954,2opt,notBad
10620,10,403.81999999999954,10,403.81999999999954,swap,notBad
10621,10,403.81999999999954,10,403.81999999999954,swap,notBad
10622,10,403.81999999999954,10,403.81999999999954,2opt,notBad
10623,10,403.81999999999954,10,403.81999999999954,swap,notBad
10624,10,403.81999999999954,10,403.81999999999954,swap,notBad
10625,10,403.81999999999954,10,403.81999999999954,2opt,notBad
10626,10,403.81999999999954,10,403.81999999999954,2opt,notBad
10627,10,403.81999999999954,10,403.81999999999954,move,improve
10628,10,403.81999999999954,10,403.81999999999954,move,improve
10629,10,403.81999999999954,10,403.81999999999954,move,improve
10630,10,403.81999999999954,10,403.81999999999954,swap,notBad
10631,10,403.81999999999954,10,403.81999999999954,move,improve
10632,10,403.81999999999954,10,403.81999999999954,swap,notBad
10633,10,403.81999999999954,10,403.81999999999954,2opt,improve
10634,10,403.81999999999954,10,403.81999999999954,move,improve
10635,10,403.81999999999954,10,403.81999999999954,swap,notBad
10636,10,403.81999999999954,10,403.81999999999954,2opt,notBad
10637,10,403.81999999999954,10,403.81999999999954,move,improve
10638,10,403.81999999999954,10,403.81999999999954,2opt,notBad
10639,10,403.81999999999954,10,403.81999999999954,swap,notBad
10640,10,403.81999999999954,10,403.81999999999954,2opt,notBad
10641,10,403.81999999999954,10,403.81999999999954,swap,notBad
10642,10,403.81999999999954,10,403.81999999999954,2opt,notBad
10643,10,403.81999999999954,10,403.81999999999954,2opt,notBad
10644,10,403.81999999999954,10,403.81999999999954,move,improve
10645,10,403.81999999999954,10,403.81999999999954,move,improve
10646,10,403.81999999999954,10,403.81999999999954,2opt,notBad
10647,10,403.81999999999954,10,403.81999999999954,swap,notBad
10648,10,403.81999999999954,10,403.81999999999954,2opt,notBad
10649,10,403.81999999999954,10,403.81999999999954,swap,notBad
10650,10,403.81999999999954,10,403.81999999999954,swap,notBad
10651,10,403.81999999999954,10,403.81999999999954,2opt,notBad
10652,10,403.81999999999954,10,403.81999999999954,move,improve
10653,10,403.81999999999954,10,403.81999999999954,2opt,notBad
10654,10,403.81999999999954,10,403.81999999999954,swap,notBad
10655,10,403.81999999999954,10,403.81999999999954,2opt,notBad
10656,10,403.81999999999954,10,403.81999999999954,2opt,notBad
10657,10,403.81999999999954,10,403.81999999999954,2opt,notBad
10658,10,403.81999999999954,10,403.81999999999954,move,improve
10659,10,403.81999999999954,10,403.81999999999954,2opt,notBad
10660,10,403.81999999999954,10,403.81999999999954,move,improve
10661,10,403.81999999999954,10,403.81999999999954,2opt,notBad
10662,10,403.81999999999954,10,403.81999999999954,swap,notBad
10663,10,403.81999999999954,10,403.81999999999954,swap,notBad
10664,10,403.81999999999954,10,403.81999999999954,2opt,notBad
10665,10,403.81999999999954,10,403.81999999999954,swap,notBad
10666,10,403.81999999999954,10,403.81999999999954,move,improve
10667,10,403.81999999999954,10,403.81999999999954,swap,notBad
10668,10,403.81999999999954,10,403.81999999999954,move,improve
10669,10,403.81999999999954,10,403.81999999999954,swap,notBad
10670,10,403.81999999999954,10,403.81999999999954,swap,notBad
10671,10,403.81999999999954,10,403.81999999999954,swap,notBad
10672,10,403.81999999999954,10,403.81999999999954,move,notBad
10673,10,403.81999999999954,10,403.81999999999954,2opt,notBad
10674,10,403.81999999999954,10,403.81999999999954,move,improve
10675,10,403.81999999999954,10,403.81999999999954,2opt,notBad
10676,10,403.81999999999954,10,403.81999999999954,move,improve
10677,10,403.81999999999954,10,403.81999999999954,swap,notBad
10678,10,403.81999999999954,10,403.81999999999954,move,improve
10679,10,403.81999999999954,10,403.81999999999954,2opt,notBad
10680,10,403.81999999999954,10,403.81999999999954,move,improve
10681,10,403.81999999999954,10,403.81999999999954,2opt,notBad
10682,10,403.81999999999954,10,403.81999999999954,move,improve
10683,10,403.81999999999954,10,403.81999999999954,swap,notBad
10684,10,403.81999999999954,10,403.81999999999954,move,improve
10685,10,403.81999999999954,10,403.81999999999954,swap,notBad
10686,10,403.81999999999954,10,403.81999999999954,swap,notBad
10687,10,403.81999999999954,10,403.81999999999954,2opt,notBad
10688,10,403.81999999999954,10,403.81999999999954,swap,notBad
10689,10,403.81999999999954,10,403.81999999999954,move,improve
10690,10,403.81999999999954,10,403.81999999999954,move,improve
10691,10,403.81999999999954,10,403.81999999999954,move,improve
10692,10,403.81999999999954,10,403.81999999999954,swap,notBad
10693,10,403.81999999999954,10,403.81999999999954,move,improve
10694,10,403.81999999999954,10,403.81999999999954,2opt,notBad
10695,10,403.81999999999954,10,403.81999999999954,move,improve
10696,10,403.81999999999954,10,403.81999999999954,2opt,notBad
10697,10,403.81999999999954,10,403.81999999999954,2opt,notBad
10698,10,403.81999999999954,10,403.81999999999954,move,improve
10699,10,403.81999999999954,10,403.81999999999954,2opt,notBad
10700,10,403.81999999999954,10,403.81999999999954,swap,notBad
10701,10,403.81999999999954,10,403.81999999999954,swap,notBad
10702,10,403.81999999999954,10,403.81999999999954,2opt,notBad
10703,10,403.81999999999954,10,403.81999999999954,swap,notBad
10704,10,403.81999999999954,10,403.81999999999954,swap,notBad
10705,10,403.81999999999954,10,403.81999999999954,2opt,improve
10706,10,403.81999999999954,10,403.81999999999954,swap,notBad
10707,10,403.81999999999954,10,403.81999999999954,move,improve
10708,10,403.81999999999954,10,403.81999999999954,2opt,notBad
10709,10,403.81999999999954,10,403.81999999999954,2opt,notBad
10710,10,403.81999999999954,10,403.81999999999954,swap,notBad
10711,10,403.81999999999954,10,403.81999999999954,move,improve
10712,10,403.81999999999954,10,403.81999999999954,2opt,notBad
10713,10,403.81999999999954,10,403.81999999999954,2opt,notBad
10714,10,403.81999999999954,10,403.81999999999954,move,improve
10715,10,403.81999999999954,10,403.81999999999954,swap,notBad
10716,10,403.81999999999954,10,403.81999999999954,move,improve
10717,10,403.81999999999954,10,403.81999999999954,2opt,notBad
10718,10,403.81999999999954,10,403.81999999999954,swap,notBad
10719,10,403.81999999999954,10,403.81999999999954,2opt,notBad
10720,10,403.81999999999954,10,403.81999999999954,2opt,notBad
10721,10,403.81999999999954,10,403.81999999999954,swap,notBad
10722,10,403.81999999999954,10,403.81999999999954,2opt,notBad
10723,10,403.81999999999954,10,403.81999999999954,2opt,notBad
10724,10,403.81999999999954,10,403.81999999999954,swap,notBad
10725,10,403.81999999999954,10,403.81999999999954,move,improve
10726,10,403.81999999999954,10,403.81999999999954,2opt,improve
10727,10,403.81999999999954,10,403.81999999999954,swap,notBad
10728,10,403.81999999999954,10,403.81999999999954,2opt,notBad
10729,10,403.81999999999954,10,403.81999999999954,swap,notBad
10730,10,403.81999999999954,10,403.81999999999954,2opt,notBad
10731,10,403.81999999999954,10,403.81999999999954,move,improve
10732,10,403.81999999999954,10,403.81999999999954,move,improve
10733,10,403.81999999999954,10,403.81999999999954,swap,notBad
10734,10,403.81999999999954,10,403.81999999999954,swap,notBad
10735,10,403.81999999999954,10,403.81999999999954,2opt,improve
10736,10,403.81999999999954,10,403.81999999999954,move,improve
10737,10,403.81999999999954,10,403.81999999999954,move,improve
10738,10,403.81999999999954,10,403.81999999999954,move,improve
10739,10,403.81999999999954,10,403.81999999999954,2opt,notBad
10740,10,403.81999999999954,10,403.81999999999954,swap,notBad
10741,10,403.81999999999954,10,403.81999999999954,2opt,notBad
10742,10,403.81999999999954,10,403.81999999999954,move,improve
10743,10,403.81999999999954,10,403.81999999999954,move,improve
10744,10,403.81999999999954,10,403.81999999999954,swap,notBad
10745,10,403.81999999999954,10,403.81999999999954,swap,notBad
10746,10,403.81999999999954,10,403.81999999999954,swap,notBad
10747,10,403.81999999999954,10,403.81999999999954,move,improve
10748,10,403.81999999999954,10,403.81999999999954,2opt,notBad
10749,10,403.81999999999954,10,403.81999999999954,swap,notBad
10750,10,403.81999999999954,10,403.81999999999954,2opt,notBad
10751,10,403.81999999999954,10,403.81999999999954,swap,notBad
10752,10,403.81999999999954,10,403.81999999999954,move,improve
10753,10,403.81999999999954,10,403.81999999999954,2opt,notBad
10754,10,403.81999999999954,10,403.81999999999954,move,improve
10755,10,403.81999999999954,10,403.81999999999954,swap,notBad
10756,10,403.81999999999954,10,403.81999999999954,move,improve
10757,10,403.81999999999954,10,403.81999999999954,move,improve
10758,10,403.81999999999954,10,403.81999999999954,2opt,notBad
10759,10,403.81999999999954,10,403.81999999999954,move,improve
10760,10,403.81999999999954,10,403.81999999999954,move,improve
10761,10,403.81999999999954,10,403.81999999999954,move,improve
10762,10,403.81999999999954,10,403.81999999999954,2opt,notBad
10763,10,403.81999999999954,10,403.81999999999954,move,improve
10764,10,403.81999999999954,10,403.81999999999954,swap,notBad
10765,10,403.81999999999954,10,403.81999999999954,swap,notBad
10766,10,403.81999999999954,10,403.81999999999954,swap,notBad
10767,10,403.81999999999954,10,403.81999999999954,move,notBad
10768,10,403.81999999999954,10,403.81999999999954,2opt,notBad
10769,10,403.81999999999954,10,403.81999999999954,2opt,notBad
10770,10,403.81999999999954,10,403.81999999999954,2opt,notBad
10771,10,403.81999999999954,10,403.81999999999954,2opt,notBad
10772,10,403.81999999999954,10,403.81999999999954,2opt,notBad
10773,10,403.81999999999954,10,403.81999999999954,2opt,notBad
10774,10,403.9399999999996,10,403.81999999999954,swap,acceptBad
10775,10,403.9399999999996,10,403.81999999999954,swap,notBad
10776,10,403.9399999999996,10,403.81999999999954,swap,notBad
10777,10,403.9399999999996,10,403.81999999999954,move,improve
10778,10,403.9399999999996,10,403.81999999999954,2opt,notBad
10779,10,403.9399999999996,10,403.81999999999954,2opt,notBad
10780,10,403.9399999999996,10,403.81999999999954,move,improve
10781,10,403.9399999999996,10,403.81999999999954,2opt,notBad
10782,10,403.9399999999996,10,403.81999999999954,swap,notBad
10783,10,403.9399999999996,10,403.81999999999954,2opt,notBad
10784,10,403.9399999999996,10,403.81999999999954,2opt,notBad
10785,10,403.9399999999996,10,403.81999999999954,move,improve
10786,10,403.9399999999996,10,403.81999999999954,move,improve
10787,10,403.9399999999996,10,403.81999999999954,move,improve
10788,10,403.9399999999996,10,403.81999999999954,swap,notBad
10789,10,403.9399999999996,10,403.81999999999954,move,improve
10790,10,403.81999999999954,10,403.81999999999954,move,improve
10791,10,403.81999999999954,10,403.81999999999954,swap,notBad
10792,10,403.81999999999954,10,403.81999999999954,swap,notBad
10793,10,403.81999999999954,10,403.81999999999954,swap,notBad
10794,10,403.81999999999954,10,403.81999999999954,move,improve
10795,10,403.81999999999954,10,403.81999999999954,swap,notBad
10796,10,403.81999999999954,10,403.81999999999954,move,improve
10797,10,403.81999999999954,10,403.81999999999954,swap,notBad
10798,10,403.81999999999954,10,403.81999999999954,swap,notBad
10799,10,403.81999999999954,10,403.81999999999954,swap,notBad
10800,10,403.81999999999954,10,403.81999999999954,2opt,notBad
10801,10,403.81999999999954,10,403.81999999999954,2opt,notBad
10802,10,403.81999999999954,10,403.81999999999954,swap,notBad
10803,10,403.81999999999954,10,403.81999999999954,swap,notBad
10804,10,403.81999999999954,10,403.81999999999954,move,improve
10805,10,403.81999999999954,10,403.81999999999954,swap,notBad
10806,10,403.81999999999954,10,403.81999999999954,2opt,notBad
10807,10,403.81999999999954,10,403.81999999999954,move,improve
10808,10,403.81999999999954,10,403.81999999999954,move,improve
10809,10,403.81999999999954,10,403.81999999999954,swap,notBad
10810,10,403.81999999999954,10,403.81999999999954,2opt,notBad
10811,10,403.81999999999954,10,403.81999999999954,swap,notBad
10812,10,404.0399999999995,10,403.81999999999954,swap,acceptBad
10813,10,404.0399999999995,10,403.81999999999954,2opt,notBad
10814,10,404.0399999999995,10,403.81999999999954,2opt,notBad
10815,10,404.0399999999995,10,403.81999999999954,2opt,notBad
10816,10,404.0399999999995,10,403.81999999999954,swap,notBad
10817,10,404.0399999999995,10,403.81999999999954,move,improve
10818,10,404.0399999999995,10,403.81999999999954,swap,notBad
10819,10,404.0399999999995,10,403.81999999999954,2opt,notBad
10820,10,404.0399999999995,10,403.81999999999954,swap,notBad
10821,10,404.0399999999995,10,403.81999999999954,move,improve
10822,10,404.0399999999995,10,403.81999999999954,2opt,notBad
10823,10,404.0399999999995,10,403.81999999999954,swap,notBad
10824,10,404.0399999999995,10,403.81999999999954,swap,notBad
10825,10,404.0399999999995,10,403.81999999999954,move,improve
10826,10,404.0399999999995,10,403.81999999999954,move,improve
10827,10,404.0399999999995,10,403.81999999999954,move,improve
10828,10,404.0399999999995,10,403.81999999999954,swap,notBad
10829,10,404.0399999999995,10,403.81999999999954,2opt,notBad
10830,10,404.0399999999995,10,403.81999999999954,2opt,notBad
10831,10,404.0399999999995,10,403.81999999999954,swap,notBad
10832,10,404.0399999999995,10,403.81999999999954,2opt,notBad
10833,10,404.0399999999995,10,403.81999999999954,swap,notBad
10834,10,404.0399999999995,10,403.81999999999954,2opt,notBad
10835,10,404.0399999999995,10,403.81999999999954,2opt,notBad
10836,10,404.0399999999995,10,403.81999999999954,2opt,notBad
10837,10,404.0399999999995,10,403.81999999999954,move,improve
10838,10,404.0399999999995,10,403.81999999999954,swap,notBad
10839,10,404.0399999999995,10,403.81999999999954,swap,notBad
10840,10,404.0399999999995,10,403.81999999999954,move,improve
10841,10,404.0399999999995,10,403.81999999999954,move,notBad
10842,10,404.0399999999995,10,403.81999999999954,swap,notBad
10843,10,404.0399999999995,10,403.81999999999954,move,improve
10844,10,404.0399999999995,10,403.81999999999954,2opt,notBad
10845,10,404.0399999999995,10,403.81999999999954,2opt,notBad
10846,10,404.0399999999995,10,403.81999999999954,swap,notBad
10847,10,404.0399999999995,10,403.81999999999954,2opt,notBad
10848,10,404.0399999999995,10,403.81999999999954,2opt,notBad
10849,10,404.0399999999995,10,403.81999999999954,move,improve
10850,10,404.0399999999995,10,403.81999999999954,swap,notBad
10851,10,404.0399999999995,10,403.81999999999954,2opt,notBad
10852,10,404.0399999999995,10,403.81999999999954,2opt,notBad
10853,10,404.0399999999995,10,403.81999999999954,move,improve
10854,10,404.0399999999995,10,403.81999999999954,2opt,notBad
10855,10,404.0399999999995,10,403.81999999999954,2opt,notBad
10856,10,404.0399999999995,10,403.81999999999954,swap,notBad
10857,10,404.0399999999995,10,403.81999999999954,swap,notBad
10858,10,404.0399999999995,10,403.81999999999954,move,improve
10859,10,404.0399999999995,10,403.81999999999954,move,improve
10860,10,404.0399999999995,10,403.81999999999954,2opt,notBad
10861,10,404.0399999999995,10,403.81999999999954,swap,notBad
10862,10,404.0399999999995,10,403.81999999999954,move,improve
10863,10,404.0399999999995,10,403.81999999999954,move,improve
10864,10,404.0399999999995,10,403.81999999999954,2opt,notBad
10865,10,404.0399999999995,10,403.81999999999954,swap,notBad
10866,10,403.81999999999954,10,403.81999999999954,move,improve
10867,10,403.81999999999954,10,403.81999999999954,swap,notBad
10868,10,403.81999999999954,10,403.81999999999954,swap,notBad
10869,10,403.81999999999954,10,403.81999999999954,2opt,notBad
10870,10,403.81999999999954,10,403.81999999999954,move,improve
10871,10,403.81999999999954,10,403.81999999999954,2opt,improve
10872,10,403.81999999999954,10,403.81999999999954,move,improve
10873,10,403.81999999999954,10,403.81999999999954,swap,notBad
10874,10,403.81999999999954,10,403.81999999999954,swap,notBad
10875,10,403.81999999999954,10,403.81999999999954,move,improve
10876,10,403.81999999999954,10,403.81999999999954,move,improve
10877,10,403.81999999999954,10,403.81999999999954,swap,notBad
10878,10,403.81999999999954,10,403.81999999999954,2opt,notBad
10879,10,403.81999999999954,10,403.81999999999954,2opt,notBad
10880,10,403.81999999999954,10,403.81999999999954,move,improve
10881,10,403.81999999999954,10,403.81999999999954,2opt,notBad
10882,10,403.81999999999954,10,403.81999999999954,move,improve
10883,10,403.81999999999954,10,403.81999999999954,swap,notBad
10884,10,403.81999999999954,10,403.81999999999954,2opt,notBad
10885,10,403.81999999999954,10,403.81999999999954,2opt,notBad
10886,10,403.81999999999954,10,403.81999999999954,swap,notBad
10887,10,403.81999999999954,10,403.81999999999954,move,improve
10888,10,403.81999999999954,10,403.81999999999954,move,improve
10889,10,403.81999999999954,10,403.81999999999954,2opt,notBad
10890,10,403.81999999999954,10,403.81999999999954,2opt,notBad
10891,10,403.81999999999954,10,403.81999999999954,2opt,notBad
10892,10,403.81999999999954,10,403.81999999999954,move,improve
10893,10,403.81999999999954,10,403.81999999999954,move,improve
10894,10,403.81999999999954,10,403.81999999999954,move,improve
10895,10,403.81999999999954,10,403.81999999999954,move,improve
10896,10,403.81999999999954,10,403.81999999999954,swap,notBad
10897,10,403.81999999999954,10,403.81999999999954,move,improve
10898,10,403.81999999999954,10,403.81999999999954,2opt,notBad
10899,10,403.81999999999954,10,403.81999999999954,2opt,notBad
10900,10,403.81999999999954,10,403.81999999999954,swap,notBad
10901,10,403.81999999999954,10,403.81999999999954,move,improve
10902,10,403.81999999999954,10,403.81999999999954,2opt,notBad
10903,10,403.81999999999954,10,403.81999999999954,2opt,notBad
10904,10,403.81999999999954,10,403.81999999999954,move,improve
10905,10,403.81999999999954,10,403.81999999999954,move,improve
10906,10,403.81999999999954,10,403.81999999999954,swap,notBad
10907,10,403.81999999999954,10,403.81999999999954,swap,notBad
10908,10,403.81999999999954,10,403.81999999999954,2opt,notBad
10909,10,403.81999999999954,10,403.81999999999954,2opt,notBad
10910,10,403.81999999999954,10,403.81999999999954,swap,notBad
10911,10,403.81999999999954,10,403.81999999999954,swap,notBad
10912,10,403.81999999999954,10,403.81999999999954,swap,notBad
10913,10,403.81999999999954,10,403.81999999999954,2opt,notBad
10914,10,403.81999999999954,10,403.81999999999954,swap,notBad
10915,10,403.81999999999954,10,403.81999999999954,move,improve
10916,10,403.81999999999954,10,403.81999999999954,move,improve
10917,10,403.81999999999954,10,403.81999999999954,2opt,notBad
10918,10,403.81999999999954,10,403.81999999999954,swap,notBad
10919,10,403.81999999999954,10,403.81999999999954,swap,notBad
10920,10,403.81999999999954,10,403.81999999999954,2opt,notBad
10921,10,403.81999999999954,10,403.81999999999954,move,improve
10922,10,403.81999999999954,10,403.81999999999954,move,improve
10923,10,403.81999999999954,10,403.81999999999954,move,improve
10924,10,403.81999999999954,10,403.81999999999954,move,improve
10925,10,403.81999999999954,10,403.81999999999954,move,improve
10926,10,403.81999999999954,10,403.81999999999954,2opt,notBad
10927,10,403.81999999999954,10,403.81999999999954,2opt,notBad
10928,10,403.81999999999954,10,403.81999999999954,2opt,notBad
10929,10,403.81999999999954,10,403.81999999999954,2opt,notBad
10930,10,403.81999999999954,10,403.81999999999954,2opt,notBad
10931,10,403.81999999999954,10,403.81999999999954,2opt,notBad
10932,10,403.81999999999954,10,403.81999999999954,2opt,notBad
10933,10,403.81999999999954,10,403.81999999999954,2opt,notBad
10934,10,403.81999999999954,10,403.81999999999954,swap,notBad
10935,10,403.81999999999954,10,403.81999999999954,2opt,notBad
10936,10,403.81999999999954,10,403.81999999999954,move,improve
10937,10,403.81999999999954,10,403.81999999999954,swap,notBad
10938,10,403.81999999999954,10,403.81999999999954,2opt,notBad
10939,10,403.81999999999954,10,403.81999999999954,swap,notBad
10940,10,403.81999999999954,10,403.81999999999954,swap,notBad
10941,10,403.81999999999954,10,403.81999999999954,2opt,notBad
10942,10,403.81999999999954,10,403.81999999999954,2opt,improve
10943,10,403.81999999999954,10,403.81999999999954,swap,notBad
10944,10,403.81999999999954,10,403.81999999999954,swap,notBad
10945,10,403.81999999999954,10,403.81999999999954,2opt,notBad
10946,10,403.81999999999954,10,403.81999999999954,2opt,notBad
10947,10,403.81999999999954,10,403.81999999999954,swap,notBad
10948,10,403.81999999999954,10,403.81999999999954,swap,notBad
10949,10,403.81999999999954,10,403.81999999999954,2opt,notBad
10950,10,403.81999999999954,10,403.81999999999954,move,improve
10951,10,403.81999999999954,10,403.81999999999954,move,improve
10952,10,403.81999999999954,10,403.81999999999954,2opt,notBad
10953,10,403.81999999999954,10,403.81999999999954,move,improve
10954,10,403.81999999999954,10,403.81999999999954,swap,notBad
10955,10,403.81999999999954,10,403.81999999999954,swap,notBad
10956,10,403.81999999999954,10,403.81999999999954,move,improve
10957,10,403.81999999999954,10,403.81999999999954,swap,notBad
10958,10,403.81999999999954,10,403.81999999999954,swap,notBad
10959,10,403.81999999999954,10,403.81999999999954,swap,notBad
10960,10,403.81999999999954,10,403.81999999999954,swap,notBad
10961,10,403.81999999999954,10,403.81999999999954,move,improve
10962,10,403.81999999999954,10,403.81999999999954,2opt,notBad
10963,10,403.81999999999954,10,403.81999999999954,move,improve
10964,10,403.81999999999954,10,403.81999999999954,move,improve
10965,10,403.81999999999954,10,403.81999999999954,move,improve
10966,10,403.81999999999954,10,403.81999999999954,2opt,notBad
10967,10,403.81999999999954,10,403.81999999999954,2opt,notBad
10968,10,403.81999999999954,10,403.81999999999954,move,improve
10969,10,403.81999999999954,10,403.81999999999954,2opt,notBad
10970,10,403.81999999999954,10,403.81999999999954,2opt,notBad
10971,10,403.81999999999954,10,403.81999999999954,swap,notBad
10972,10,403.81999999999954,10,403.81999999999954,move,improve
10973,10,403.81999999999954,10,403.81999999999954,swap,notBad
10974,10,403.81999999999954,10,403.81999999999954,move,improve
10975,10,403.81999999999954,10,403.81999999999954,swap,notBad
10976,10,403.81999999999954,10,403.81999999999954,move,improve
10977,10,403.81999999999954,10,403.81999999999954,2opt,notBad
10978,10,403.81999999999954,10,403.81999999999954,2opt,notBad
10979,10,403.81999999999954,10,403.81999999999954,2opt,notBad
10980,10,403.81999999999954,10,403.81999999999954,swap,notBad
10981,10,403.81999999999954,10,403.81999999999954,move,improve
10982,10,403.81999999999954,10,403.81999999999954,move,improve
10983,10,403.81999999999954,10,403.81999999999954,move,improve
10984,10,403.81999999999954,10,403.81999999999954,swap,notBad
10985,10,403.81999999999954,10,403.81999999999954,move,improve
10986,10,403.81999999999954,10,403.81999999999954,move,improve
10987,10,403.81999999999954,10,403.81999999999954,swap,notBad
10988,10,403.81999999999954,10,403.81999999999954,2opt,notBad
10989,10,403.81999999999954,10,403.81999999999954,swap,notBad
10990,10,403.81999999999954,10,403.81999999999954,swap,notBad
10991,10,403.81999999999954,10,403.81999999999954,2opt,notBad
10992,10,403.81999999999954,10,403.81999999999954,move,improve
10993,10,403.81999999999954,10,403.81999999999954,move,improve
10994,10,403.81999999999954,10,403.81999999999954,move,improve
10995,10,403.81999999999954,10,403.81999999999954,move,improve
10996,10,403.81999999999954,10,403.81999999999954,2opt,notBad
10997,10,403.81999999999954,10,403.81999999999954,2opt,notBad
10998,10,403.81999999999954,10,403.81999999999954,move,improve
10999,10,403.81999999999954,10,403.81999999999954,swap,notBad
11000,10,403.81999999999954,10,403.81999999999954,move,improve
11001,10,403.81999999999954,10,403.81999999999954,swap,notBad
11002,10,403.81999999999954,10,403.81999999999954,move,improve
11003,10,403.81999999999954,10,403.81999999999954,swap,notBad
11004,10,403.81999999999954,10,403.81999999999954,2opt,notBad
11005,10,403.81999999999954,10,403.81999999999954,move,improve
11006,10,403.81999999999954,10,403.81999999999954,2opt,notBad
11007,10,403.81999999999954,10,403.81999999999954,2opt,notBad
11008,10,403.81999999999954,10,403.81999999999954,move,improve
11009,10,403.81999999999954,10,403.81999999999954,move,improve
11010,10,403.81999999999954,10,403.81999999999954,move,improve
11011,10,403.81999999999954,10,403.81999999999954,swap,notBad
11012,10,403.81999999999954,10,403.81999999999954,2opt,notBad
11013,10,403.81999999999954,10,403.81999999999954,move,improve
11014,10,403.81999999999954,10,403.81999999999954,swap,notBad
11015,10,403.81999999999954,10,403.81999999999954,swap,notBad
11016,10,403.81999999999954,10,403.81999999999954,move,improve
11017,10,403.81999999999954,10,403.81999999999954,swap,notBad
11018,10,403.81999999999954,10,403.81999999999954,swap,notBad
11019,10,403.81999999999954,10,403.81999999999954,swap,notBad
11020,10,403.81999999999954,10,403.81999999999954,2opt,notBad
11021,10,403.81999999999954,10,403.81999999999954,2opt,notBad
11022,10,403.81999999999954,10,403.81999999999954,move,improve
11023,10,403.81999999999954,10,403.81999999999954,swap,notBad
11024,10,403.81999999999954,10,403.81999999999954,swap,notBad
11025,10,403.81999999999954,10,403.81999999999954,move,improve
11026,10,403.81999999999954,10,403.81999999999954,2opt,notBad
11027,10,403.81999999999954,10,403.81999999999954,swap,notBad
11028,10,403.81999999999954,10,403.81999999999954,swap,notBad
11029,10,403.81999999999954,10,403.81999999999954,swap,notBad
11030,10,403.81999999999954,10,403.81999999999954,move,improve
11031,10,403.81999999999954,10,403.81999999999954,2opt,notBad
11032,10,403.81999999999954,10,403.81999999999954,2opt,notBad
11033,10,403.81999999999954,10,403.81999999999954,swap,notBad
11034,10,403.81999999999954,10,403.81999999999954,2opt,notBad
11035,10,403.81999999999954,10,403.81999999999954,swap,notBad
11036,10,403.81999999999954,10,403.81999999999954,swap,notBad
11037,10,403.81999999999954,10,403.81999999999954,move,improve
11038,10,403.81999999999954,10,403.81999999999954,swap,notBad
11039,10,403.81999999999954,10,403.81999999999954,2opt,notBad
11040,10,403.81999999999954,10,403.81999999999954,move,improve
11041,10,403.81999999999954,10,403.81999999999954,2opt,notBad
11042,10,403.81999999999954,10,403.81999999999954,move,improve
11043,10,403.81999999999954,10,403.81999999999954,swap,notBad
11044,10,403.81999999999954,10,403.81999999999954,2opt,notBad
11045,10,403.81999999999954,10,403.81999999999954,move,improve
11046,10,403.81999999999954,10,403.81999999999954,swap,notBad
11047,10,403.81999999999954,10,403.81999999999954,2opt,notBad
11048,10,403.81999999999954,10,403.81999999999954,move,improve
11049,10,403.81999999999954,10,403.81999999999954,2opt,notBad
11050,10,403.81999999999954,10,403.81999999999954,swap,notBad
11051,10,403.81999999999954,10,403.81999999999954,move,improve
11052,10,403.81999999999954,10,403.81999999999954,swap,notBad
11053,10,403.81999999999954,10,403.81999999999954,2opt,notBad
11054,10,403.81999999999954,10,403.81999999999954,2opt,notBad
11055,10,403.81999999999954,10,403.81999999999954,2opt,notBad
11056,10,403.81999999999954,10,403.81999999999954,swap,notBad
11057,10,403.81999999999954,10,403.81999999999954,swap,notBad
11058,10,403.81999999999954,10,403.81999999999954,2opt,notBad
11059,10,403.81999999999954,10,403.81999999999954,2opt,notBad
11060,10,403.81999999999954,10,403.81999999999954,2opt,notBad
11061,10,403.81999999999954,10,403.81999999999954,2opt,notBad
11062,10,403.81999999999954,10,403.81999999999954,2opt,notBad
11063,10,403.81999999999954,10,403.81999999999954,move,improve
11064,10,403.81999999999954,10,403.81999999999954,move,improve
11065,10,403.81999999999954,10,403.81999999999954,move,improve
11066,10,403.81999999999954,10,403.81999999999954,swap,notBad
11067,10,403.81999999999954,10,403.81999999999954,swap,notBad
11068,10,403.81999999999954,10,403.81999999999954,swap,notBad
11069,10,403.81999999999954,10,403.81999999999954,2opt,notBad
11070,10,403.81999999999954,10,403.81999999999954,swap,notBad
11071,10,403.81999999999954,10,403.81999999999954,2opt,notBad
11072,10,403.81999999999954,10,403.81999999999954,move,improve
11073,10,403.81999999999954,10,403.81999999999954,swap,notBad
11074,10,403.81999999999954,10,403.81999999999954,move,improve
11075,10,403.81999999999954,10,403.81999999999954,move,improve
11076,10,403.81999999999954,10,403.81999999999954,2opt,notBad
11077,10,403.81999999999954,10,403.81999999999954,2opt,notBad
11078,10,403.81999999999954,10,403.81999999999954,2opt,notBad
11079,10,403.81999999999954,10,403.81999999999954,2opt,notBad
11080,10,403.81999999999954,10,403.81999999999954,2opt,notBad
11081,10,403.81999999999954,10,403.81999999999954,swap,notBad
11082,10,403.81999999999954,10,403.81999999999954,swap,notBad
11083,10,403.81999999999954,10,403.81999999999954,swap,notBad
11084,10,403.81999999999954,10,403.81999999999954,move,improve
11085,10,403.81999999999954,10,403.81999999999954,2opt,notBad
11086,10,403.81999999999954,10,403.81999999999954,swap,notBad
11087,10,403.81999999999954,10,403.81999999999954,2opt,notBad
11088,10,403.81999999999954,10,403.81999999999954,2opt,notBad
11089,10,403.81999999999954,10,403.81999999999954,2opt,notBad
11090,10,403.81999999999954,10,403.81999999999954,2opt,notBad
11091,10,403.81999999999954,10,403.81999999999954,swap,notBad
11092,10,403.81999999999954,10,403.81999999999954,2opt,notBad
11093,10,403.81999999999954,10,403.81999999999954,move,improve
11094,10,403.81999999999954,10,403.81999999999954,2opt,notBad
11095,10,403.81999999999954,10,403.81999999999954,swap,notBad
11096,10,403.81999999999954,10,403.81999999999954,2opt,notBad
11097,10,403.81999999999954,10,403.81999999999954,move,improve
11098,10,403.81999999999954,10,403.81999999999954,swap,notBad
11099,10,403.81999999999954,10,403.81999999999954,move,improve
11100,10,403.81999999999954,10,403.81999999999954,2opt,improve
11101,10,403.81999999999954,10,403.81999999999954,move,improve
11102,10,403.81999999999954,10,403.81999999999954,2opt,notBad
11103,10,403.81999999999954,10,403.81999999999954,swap,notBad
11104,10,403.81999999999954,10,403.81999999999954,2opt,notBad
11105,10,403.81999999999954,10,403.81999999999954,move,improve
11106,10,403.81999999999954,10,403.81999999999954,2opt,notBad
11107,10,403.81999999999954,10,403.81999999999954,move,improve
11108,10,403.81999999999954,10,403.81999999999954,swap,notBad
11109,10,403.81999999999954,10,403.81999999999954,move,improve
11110,10,403.81999999999954,10,403.81999999999954,swap,notBad
11111,10,403.81999999999954,10,403.81999999999954,swap,notBad
11112,10,403.81999999999954,10,403.81999999999954,move,improve
11113,10,403.81999999999954,10,403.81999999999954,move,improve
11114,10,403.81999999999954,10,403.81999999999954,2opt,notBad
11115,10,403.81999999999954,10,403.81999999999954,move,improve
11116,10,403.81999999999954,10,403.81999999999954,swap,notBad
11117,10,403.81999999999954,10,403.81999999999954,move,improve
11118,10,403.81999999999954,10,403.81999999999954,move,improve
11119,10,403.81999999999954,10,403.81999999999954,2opt,notBad
11120,10,403.81999999999954,10,403.81999999999954,2opt,notBad
11121,10,403.81999999999954,10,403.81999999999954,swap,notBad
11122,10,403.81999999999954,10,403.81999999999954,move,improve
11123,10,403.81999999999954,10,403.81999999999954,2opt,notBad
11124,10,403.81999999999954,10,403.81999999999954,move,improve
11125,10,403.81999999999954,10,403.81999999999954,2opt,notBad
11126,10,403.81999999999954,10,403.81999999999954,2opt,notBad
11127,10,403.81999999999954,10,403.81999999999954,swap,notBad
11128,10,403.81999999999954,10,403.81999999999954,2opt,notBad
11129,10,403.81999999999954,10,403.81999999999954,move,improve
11130,10,403.81999999999954,10,403.81999999999954,swap,notBad
11131,10,403.81999999999954,10,403.81999999999954,swap,notBad
11132,10,403.81999999999954,10,403.81999999999954,2opt,improve
11133,10,403.81999999999954,10,403.81999999999954,2opt,notBad
11134,10,403.81999999999954,10,403.81999999999954,move,improve
11135,10,403.81999999999954,10,403.81999999999954,swap,notBad
11136,10,403.81999999999954,10,403.81999999999954,2opt,notBad
11137,10,403.81999999999954,10,403.81999999999954,move,improve
11138,10,403.81999999999954,10,403.81999999999954,2opt,notBad
11139,10,403.81999999999954,10,403.81999999999954,swap,notBad
11140,10,403.81999999999954,10,403.81999999999954,swap,notBad
11141,10,403.81999999999954,10,403.81999999999954,move,improve
11142,10,403.81999999999954,10,403.81999999999954,move,improve
11143,10,403.81999999999954,10,403.81999999999954,2opt,notBad
11144,10,403.81999999999954,10,403.81999999999954,swap,notBad
11145,10,403.81999999999954,10,403.81999999999954,swap,notBad
11146,10,403.81999999999954,10,403.81999999999954,2opt,notBad
11147,10,403.81999999999954,10,403.81999999999954,move,improve
11148,10,403.81999999999954,10,403.81999999999954,move,improve
11149,10,403.81999999999954,10,403.81999999999954,2opt,notBad
11150,10,403.81999999999954,10,403.81999999999954,2opt,notBad
11151,10,403.81999999999954,10,403.81999999999954,move,improve
11152,10,403.81999999999954,10,403.81999999999954,2opt,notBad
11153,10,403.81999999999954,10,403.81999999999954,swap,notBad
11154,10,403.81999999999954,10,403.81999999999954,swap,notBad
11155,10,403.81999999999954,10,403.81999999999954,move,improve
11156,10,403.81999999999954,10,403.81999999999954,move,improve
11157,10,403.81999999999954,10,403.81999999999954,2opt,notBad
11158,10,403.81999999999954,10,403.81999999999954,move,improve
11159,10,403.81999999999954,10,403.81999999999954,swap,notBad
11160,10,403.81999999999954,10,403.81999999999954,2opt,notBad
11161,10,403.81999999999954,10,403.81999999999954,2opt,notBad
11162,10,403.81999999999954,10,403.81999999999954,2opt,improve
11163,10,403.81999999999954,10,403.81999999999954,2opt,notBad
11164,10,403.81999999999954,10,403.81999999999954,move,improve
11165,10,403.81999999999954,10,403.81999999999954,2opt,notBad
11166,10,403.81999999999954,10,403.81999999999954,swap,notBad
11167,10,403.81999999999954,10,403.81999999999954,swap,notBad
11168,10,403.81999999999954,10,403.81999999999954,2opt,notBad
11169,10,403.81999999999954,10,403.81999999999954,swap,notBad
11170,10,403.81999999999954,10,403.81999999999954,2opt,notBad
11171,10,403.81999999999954,10,403.81999999999954,move,improve
11172,10,403.81999999999954,10,403.81999999999954,move,improve
11173,10,403.81999999999954,10,403.81999999999954,move,improve
11174,10,403.81999999999954,10,403.81999999999954,2opt,notBad
11175,10,403.81999999999954,10,403.81999999999954,move,improve
11176,10,403.81999999999954,10,403.81999999999954,swap,notBad
11177,10,403.81999999999954,10,403.81999999999954,swap,notBad
11178,10,403.81999999999954,10,403.81999999999954,swap,notBad
11179,10,403.81999999999954,10,403.81999999999954,swap,notBad
11180,10,403.81999999999954,10,403.81999999999954,2opt,notBad
11181,10,403.81999999999954,10,403.81999999999954,swap,notBad
11182,10,403.81999999999954,10,403.81999999999954,swap,notBad
11183,10,403.81999999999954,10,403.81999999999954,swap,notBad
11184,10,403.81999999999954,10,403.81999999999954,2opt,notBad
11185,10,403.81999999999954,10,403.81999999999954,2opt,notBad
11186,10,403.81999999999954,10,403.81999999999954,swap,notBad
11187,10,408.1799999999998,10,403.81999999999954,swap,acceptBad
11188,10,408.1799999999998,10,403.81999999999954,2opt,notBad
11189,10,408.1799999999998,10,403.81999999999954,swap,notBad
11190,10,408.1799999999998,10,403.81999999999954,2opt,notBad
11191,10,408.1799999999998,10,403.81999999999954,swap,notBad
11192,10,408.1799999999998,10,403.81999999999954,swap,notBad
11193,10,408.1799999999998,10,403.81999999999954,move,improve
11194,10,408.1799999999998,10,403.81999999999954,swap,notBad
11195,10,408.1799999999998,10,403.81999999999954,swap,notBad
11196,10,408.1799999999998,10,403.81999999999954,swap,notBad
11197,10,408.1799999999998,10,403.81999999999954,move,improve
11198,10,408.1799999999998,10,403.81999999999954,move,improve
11199,10,408.1799999999998,10,403.81999999999954,move,improve
11200,10,408.1799999999998,10,403.81999999999954,2opt,notBad
11201,10,408.1799999999998,10,403.81999999999954,2opt,notBad
11202,10,408.1799999999998,10,403.81999999999954,swap,notBad
11203,10,408.1799999999998,10,403.81999999999954,move,improve
11204,10,408.1799999999998,10,403.81999999999954,move,improve
11205,10,408.1799999999998,10,403.81999999999954,move,improve
11206,10,408.1799999999998,10,403.81999999999954,swap,notBad
11207,10,408.1799999999998,10,403.81999999999954,move,improve
11208,10,408.1799999999998,10,403.81999999999954,2opt,notBad
11209,10,408.1799999999998,10,403.81999999999954,move,improve
11210,10,408.1799999999998,10,403.81999999999954,swap,notBad
11211,10,408.1799999999998,10,403.81999999999954,2opt,notBad
11212,10,408.1799999999998,10,403.81999999999954,2opt,notBad
11213,10,408.1799999999998,10,403.81999999999954,move,improve
11214,10,403.81999999999954,10,403.81999999999954,move,improve
11215,10,403.81999999999954,10,403.81999999999954,move,improve
11216,10,403.81999999999954,10,403.81999999999954,2opt,notBad
11217,10,403.81999999999954,10,403.81999999999954,move,improve
11218,10,403.81999999999954,10,403.81999999999954,swap,notBad
11219,10,403.81999999999954,10,403.81999999999954,move,improve
11220,10,403.81999999999954,10,403.81999999999954,swap,notBad
11221,10,404.0399999999995,10,403.81999999999954,swap,acceptBad
11222,10,404.0399999999995,10,403.81999999999954,swap,notBad
11223,10,404.0399999999995,10,403.81999999999954,move,improve
11224,10,404.0399999999995,10,403.81999999999954,move,improve
11225,10,403.81999999999954,10,403.81999999999954,move,improve
11226,10,403.81999999999954,10,403.81999999999954,move,improve
11227,10,403.81999999999954,10,403.81999999999954,swap,notBad
11228,10,403.81999999999954,10,403.81999999999954,2opt,improve
11229,10,403.81999999999954,10,403.81999999999954,move,improve
11230,10,403.81999999999954,10,403.81999999999954,move,improve
11231,10,403.81999999999954,10,403.81999999999954,2opt,notBad
11232,10,403.81999999999954,10,403.81999999999954,swap,notBad
11233,10,403.81999999999954,10,403.81999999999954,swap,notBad
11234,10,403.81999999999954,10,403.81999999999954,swap,notBad
11235,10,403.81999999999954,10,403.81999999999954,2opt,improve
11236,10,403.81999999999954,10,403.81999999999954,swap,notBad
11237,10,403.81999999999954,10,403.81999999999954,2opt,notBad
11238,10,403.81999999999954,10,403.81999999999954,swap,notBad
11239,10,403.81999999999954,10,403.81999999999954,2opt,improve
11240,10,403.81999999999954,10,403.81999999999954,swap,notBad
11241,10,403.81999999999954,10,403.81999999999954,2opt,notBad
11242,10,403.81999999999954,10,403.81999999999954,2opt,notBad
11243,10,403.81999999999954,10,403.81999999999954,2opt,notBad
11244,10,403.81999999999954,10,403.81999999999954,swap,notBad
11245,10,403.81999999999954,10,403.81999999999954,2opt,notBad
11246,10,403.81999999999954,10,403.81999999999954,2opt,notBad
11247,10,403.81999999999954,10,403.81999999999954,move,improve
11248,10,403.81999999999954,10,403.81999999999954,2opt,notBad
11249,10,403.81999999999954,10,403.81999999999954,move,improve
11250,10,403.81999999999954,10,403.81999999999954,swap,notBad
11251,10,403.81999999999954,10,403.81999999999954,move,improve
11252,10,403.81999999999954,10,403.81999999999954,2opt,notBad
11253,10,403.81999999999954,10,403.81999999999954,2opt,notBad
11254,10,403.81999999999954,10,403.81999999999954,2opt,notBad
11255,10,403.81999999999954,10,403.81999999999954,2opt,notBad
11256,10,403.81999999999954,10,403.81999999999954,2opt,notBad
11257,10,403.81999999999954,10,403.81999999999954,swap,notBad
11258,10,403.81999999999954,10,403.81999999999954,2opt,notBad
11259,10,403.81999999999954,10,403.81999999999954,move,improve
11260,10,403.81999999999954,10,403.81999999999954,move,improve
11261,10,403.81999999999954,10,403.81999999999954,2opt,notBad
11262,10,403.81999999999954,10,403.81999999999954,move,improve
11263,10,403.81999999999954,10,403.81999999999954,2opt,notBad
11264,10,403.81999999999954,10,403.81999999999954,move,improve
11265,10,403.81999999999954,10,403.81999999999954,move,improve
11266,10,403.81999999999954,10,403.81999999999954,2opt,notBad
11267,10,403.81999999999954,10,403.81999999999954,swap,notBad
11268,10,403.81999999999954,10,403.81999999999954,swap,notBad
11269,10,403.81999999999954,10,403.81999999999954,2opt,notBad
11270,10,403.81999999999954,10,403.81999999999954,move,improve
11271,10,403.81999999999954,10,403.81999999999954,2opt,improve
11272,10,403.81999999999954,10,403.81999999999954,move,improve
11273,10,403.81999999999954,10,403.81999999999954,2opt,notBad
11274,10,403.81999999999954,10,403.81999999999954,move,improve
11275,10,403.81999999999954,10,403.81999999999954,2opt,notBad
11276,10,403.81999999999954,10,403.81999999999954,move,improve
11277,10,403.81999999999954,10,403.81999999999954,move,improve
11278,10,403.81999999999954,10,403.81999999999954,move,improve
11279,10,403.81999999999954,10,403.81999999999954,swap,notBad
11280,10,403.81999999999954,10,403.81999999999954,2opt,notBad
11281,10,403.81999999999954,10,403.81999999999954,2opt,notBad
11282,10,403.81999999999954,10,403.81999999999954,move,improve
11283,10,403.81999999999954,10,403.81999999999954,swap,notBad
11284,10,403.81999999999954,10,403.81999999999954,swap,notBad
11285,10,403.81999999999954,10,403.81999999999954,move,improve
11286,10,403.81999999999954,10,403.81999999999954,move,improve
11287,10,403.81999999999954,10,403.81999999999954,2opt,notBad
11288,10,403.81999999999954,10,403.81999999999954,swap,notBad
11289,10,403.81999999999954,10,403.81999999999954,swap,notBad
11290,10,403.81999999999954,10,403.81999999999954,move,improve
11291,10,403.81999999999954,10,403.81999999999954,swap,notBad
11292,10,403.81999999999954,10,403.81999999999954,move,improve
11293,10,403.81999999999954,10,403.81999999999954,2opt,notBad
11294,10,403.81999999999954,10,403.81999999999954,move,improve
11295,10,403.81999999999954,10,403.81999999999954,move,improve
11296,10,403.81999999999954,10,403.81999999999954,move,improve
11297,10,403.81999999999954,10,403.81999999999954,2opt,notBad
11298,10,403.81999999999954,10,403.81999999999954,2opt,notBad
11299,10,403.81999999999954,10,403.81999999999954,2opt,improve
11300,10,403.81999999999954,10,403.81999999999954,2opt,notBad
11301,10,403.81999999999954,10,403.81999999999954,2opt,notBad
11302,10,403.81999999999954,10,403.81999999999954,move,improve
11303,10,403.81999999999954,10,403.81999999999954,move,improve
11304,10,403.81999999999954,10,403.81999999999954,2opt,improve
11305,10,403.81999999999954,10,403.81999999999954,2opt,notBad
11306,10,403.81999999999954,10,403.81999999999954,2opt,notBad
11307,10,403.81999999999954,10,403.81999999999954,2opt,notBad
11308,10,403.81999999999954,10,403.81999999999954,2opt,notBad
11309,10,403.81999999999954,10,403.81999999999954,swap,notBad
11310,10,403.81999999999954,10,403.81999999999954,move,improve
11311,10,403.81999999999954,10,403.81999999999954,move,improve
11312,10,403.81999999999954,10,403.81999999999954,2opt,notBad
11313,10,403.81999999999954,10,403.81999999999954,2opt,notBad
11314,10,403.81999999999954,10,403.81999999999954,swap,notBad
11315,10,403.81999999999954,10,403.81999999999954,move,improve
11316,10,403.81999999999954,10,403.81999999999954,swap,notBad
11317,10,403.81999999999954,10,403.81999999999954,2opt,notBad
11318,10,403.81999999999954,10,403.81999999999954,move,improve
11319,10,403.81999999999954,10,403.81999999999954,2opt,notBad
11320,10,403.81999999999954,10,403.81999999999954,2opt,notBad
11321,10,403.81999999999954,10,403.81999999999954,2opt,notBad
11322,10,403.81999999999954,10,403.81999999999954,swap,notBad
11323,10,403.81999999999954,10,403.81999999999954,2opt,notBad
11324,10,403.81999999999954,10,403.81999999999954,move,improve
11325,10,403.81999999999954,10,403.81999999999954,move,improve
11326,10,403.81999999999954,10,403.81999999999954,move,improve
11327,10,403.81999999999954,10,403.81999999999954,move,improve
11328,10,403.81999999999954,10,403.81999999999954,swap,notBad
11329,10,403.81999999999954,10,403.81999999999954,swap,notBad
11330,10,403.81999999999954,10,403.81999999999954,swap,notBad
11331,10,403.81999999999954,10,403.81999999999954,2opt,notBad
11332,10,403.81999999999954,10,403.81999999999954,swap,notBad
11333,10,403.81999999999954,10,403.81999999999954,swap,notBad
11334,10,403.81999999999954,10,403.81999999999954,move,improve
11335,10,403.81999999999954,10,403.81999999999954,2opt,improve
11336,10,403.81999999999954,10,403.81999999999954,swap,notBad
11337,10,403.81999999999954,10,403.81999999999954,move,improve
11338,10,403.81999999999954,10,403.81999999999954,2opt,notBad
11339,10,403.81999999999954,10,403.81999999999954,swap,notBad
11340,10,403.81999999999954,10,403.81999999999954,2opt,notBad
11341,10,403.81999999999954,10,403.81999999999954,move,improve
11342,10,403.81999999999954,10,403.81999999999954,swap,notBad
11343,10,403.81999999999954,10,403.81999999999954,2opt,notBad
11344,10,403.81999999999954,10,403.81999999999954,move,improve
11345,10,403.81999999999954,10,403.81999999999954,swap,notBad
11346,10,403.81999999999954,10,403.81999999999954,move,improve
11347,10,403.81999999999954,10,403.81999999999954,2opt,notBad
11348,10,403.81999999999954,10,403.81999999999954,swap,notBad
11349,10,403.81999999999954,10,403.81999999999954,move,improve
11350,10,403.81999999999954,10,403.81999999999954,swap,notBad
11351,10,403.81999999999954,10,403.81999999999954,move,improve
11352,10,403.81999999999954,10,403.81999999999954,move,improve
11353,10,403.81999999999954,10,403.81999999999954,move,improve
11354,10,403.81999999999954,10,403.81999999999954,2opt,notBad
11355,10,403.81999999999954,10,403.81999999999954,2opt,notBad
11356,10,403.81999999999954,10,403.81999999999954,move,improve
11357,10,403.81999999999954,10,403.81999999999954,move,improve
11358,10,403.81999999999954,10,403.81999999999954,move,improve
11359,10,403.81999999999954,10,403.81999999999954,swap,notBad
11360,10,403.81999999999954,10,403.81999999999954,swap,notBad
11361,10,403.81999999999954,10,403.81999999999954,move,improve
11362,10,403.81999999999954,10,403.81999999999954,move,improve
11363,10,403.81999999999954,10,403.81999999999954,move,improve
11364,10,403.81999999999954,10,403.81999999999954,2opt,notBad
11365,10,403.81999999999954,10,403.81999999999954,swap,notBad
11366,10,403.81999999999954,10,403.81999999999954,move,improve
11367,10,403.81999999999954,10,403.81999999999954,2opt,notBad
11368,10,403.81999999999954,10,403.81999999999954,2opt,notBad
11369,10,403.81999999999954,10,403.81999999999954,2opt,notBad
11370,10,403.81999999999954,10,403.81999999999954,move,improve
11371,10,403.81999999999954,10,403.81999999999954,move,improve
11372,10,403.81999999999954,10,403.81999999999954,2opt,notBad
11373,10,403.81999999999954,10,403.81999999999954,move,improve
11374,10,403.81999999999954,10,403.81999999999954,move,improve
11375,10,403.81999999999954,10,403.81999999999954,move,improve
11376,10,403.81999999999954,10,403.81999999999954,2opt,notBad
11377,10,403.81999999999954,10,403.81999999999954,2opt,notBad
11378,10,403.81999999999954,10,403.81999999999954,2opt,notBad
11379,10,403.81999999999954,10,403.81999999999954,2opt,notBad
11380,10,403.81999999999954,10,403.81999999999954,swap,notBad
11381,10,403.81999999999954,10,403.81999999999954,swap,notBad
11382,10,403.81999999999954,10,403.81999999999954,move,improve
11383,10,403.81999999999954,10,403.81999999999954,swap,notBad
11384,10,403.81999999999954,10,403.81999999999954,2opt,notBad
11385,10,403.81999999999954,10,403.81999999999954,2opt,improve
11386,10,403.81999999999954,10,403.81999999999954,2opt,notBad
11387,10,403.81999999999954,10,403.81999999999954,2opt,notBad
11388,10,403.81999999999954,10,403.81999999999954,swap,notBad
11389,10,403.81999999999954,10,403.81999999999954,swap,notBad
11390,10,403.81999999999954,10,403.81999999999954,move,improve
11391,10,403.81999999999954,10,403.81999999999954,move,improve
11392,10,403.81999999999954,10,403.81999999999954,2opt,notBad
11393,10,403.81999999999954,10,403.81999999999954,swap,notBad
11394,10,403.81999999999954,10,403.81999999999954,2opt,notBad
11395,10,403.81999999999954,10,403.81999999999954,swap,notBad
11396,10,403.81999999999954,10,403.81999999999954,move,improve
11397,10,403.81999999999954,10,403.81999999999954,swap,notBad
11398,10,403.81999999999954,10,403.81999999999954,swap,notBad
11399,10,403.81999999999954,10,403.81999999999954,2opt,notBad
11400,10,403.81999999999954,10,403.81999999999954,move,improve
11401,10,403.81999999999954,10,403.81999999999954,move,improve
11402,10,403.81999999999954,10,403.81999999999954,swap,notBad
11403,10,403.81999999999954,10,403.81999999999954,move,improve
11404,10,403.81999999999954,10,403.81999999999954,swap,notBad
11405,10,403.81999999999954,10,403.81999999999954,swap,notBad
11406,10,403.81999999999954,10,403.81999999999954,move,improve
11407,10,403.81999999999954,10,403.81999999999954,2opt,notBad
11408,10,403.81999999999954,10,403.81999999999954,2opt,notBad
11409,10,403.81999999999954,10,403.81999999999954,2opt,notBad
11410,10,403.81999999999954,10,403.81999999999954,swap,notBad
11411,10,403.81999999999954,10,403.81999999999954,move,improve
11412,10,403.81999999999954,10,403.81999999999954,move,improve
11413,10,403.81999999999954,10,403.81999999999954,swap,notBad
11414,10,403.81999999999954,10,403.81999999999954,2opt,notBad
11415,10,403.81999999999954,10,403.81999999999954,2opt,notBad
11416,10,403.81999999999954,10,403.81999999999954,swap,notBad
11417,10,403.81999999999954,10,403.81999999999954,move,improve
11418,10,403.81999999999954,10,403.81999999999954,move,improve
11419,10,403.81999999999954,10,403.81999999999954,move,improve
11420,10,403.81999999999954,10,403.81999999999954,move,improve
11421,10,403.81999999999954,10,403.81999999999954,move,improve
11422,10,403.81999999999954,10,403.81999999999954,move,improve
11423,10,403.81999999999954,10,403.81999999999954,move,improve
11424,10,403.81999999999954,10,403.81999999999954,swap,notBad
11425,10,403.81999999999954,10,403.81999999999954,2opt,notBad
11426,10,403.81999999999954,10,403.81999999999954,swap,notBad
11427,10,403.81999999999954,10,403.81999999999954,move,improve
11428,10,403.81999999999954,10,403.81999999999954,swap,notBad
11429,10,403.81999999999954,10,403.81999999999954,2opt,notBad
11430,10,403.81999999999954,10,403.81999999999954,2opt,notBad
11431,10,403.81999999999954,10,403.81999999999954,2opt,notBad
11432,10,403.81999999999954,10,403.81999999999954,swap,notBad
11433,10,403.81999999999954,10,403.81999999999954,move,improve
11434,10,403.81999999999954,10,403.81999999999954,swap,notBad
11435,10,403.81999999999954,10,403.81999999999954,2opt,notBad
11436,10,403.81999999999954,10,403.81999999999954,2opt,notBad
11437,10,403.81999999999954,10,403.81999999999954,swap,notBad
11438,10,403.81999999999954,10,403.81999999999954,swap,notBad
11439,10,403.81999999999954,10,403.81999999999954,2opt,improve
11440,10,403.81999999999954,10,403.81999999999954,2opt,notBad
11441,10,403.81999999999954,10,403.81999999999954,move,improve
11442,10,403.81999999999954,10,403.81999999999954,swap,notBad
11443,10,403.81999999999954,10,403.81999999999954,2opt,notBad
11444,10,403.81999999999954,10,403.81999999999954,move,improve
11445,10,403.81999999999954,10,403.81999999999954,move,improve
11446,10,403.81999999999954,10,403.81999999999954,swap,notBad
11447,10,403.81999999999954,10,403.81999999999954,2opt,notBad
11448,10,403.81999999999954,10,403.81999999999954,swap,notBad
11449,10,403.81999999999954,10,403.81999999999954,move,notBad
11450,10,403.81999999999954,10,403.81999999999954,move,improve
11451,10,403.81999999999954,10,403.81999999999954,move,improve
11452,10,403.81999999999954,10,403.81999999999954,2opt,notBad
11453,10,403.81999999999954,10,403.81999999999954,swap,notBad
11454,10,403.81999999999954,10,403.81999999999954,move,improve
11455,10,403.81999999999954,10,403.81999999999954,move,improve
11456,10,403.81999999999954,10,403.81999999999954,2opt,improve
11457,10,403.81999999999954,10,403.81999999999954,2opt,notBad
11458,10,403.81999999999954,10,403.81999999999954,swap,notBad
11459,10,403.81999999999954,10,403.81999999999954,move,notBad
11460,10,403.81999999999954,10,403.81999999999954,2opt,notBad
11461,10,403.81999999999954,10,403.81999999999954,2opt,notBad
11462,10,403.81999999999954,10,403.81999999999954,2opt,notBad
11463,10,403.81999999999954,10,403.81999999999954,swap,notBad
11464,10,403.81999999999954,10,403.81999999999954,move,improve
11465,10,403.81999999999954,10,403.81999999999954,2opt,notBad
11466,10,403.81999999999954,10,403.81999999999954,move,improve
11467,10,403.81999999999954,10,403.81999999999954,swap,notBad
11468,10,403.81999999999954,10,403.81999999999954,move,improve
11469,10,403.81999999999954,10,403.81999999999954,swap,notBad
11470,10,403.81999999999954,10,403.81999999999954,move,improve
11471,10,403.81999999999954,10,403.81999999999954,2opt,improve
11472,10,403.81999999999954,10,403.81999999999954,2opt,notBad
11473,10,403.81999999999954,10,403.81999999999954,swap,notBad
11474,10,403.81999999999954,10,403.81999999999954,2opt,notBad
11475,10,403.81999999999954,10,403.81999999999954,2opt,notBad
11476,10,403.81999999999954,10,403.81999999999954,2opt,notBad
11477,10,403.81999999999954,10,403.81999999999954,swap,notBad
11478,10,403.81999999999954,10,403.81999999999954,move,improve
11479,10,403.81999999999954,10,403.81999999999954,2opt,notBad
11480,10,403.81999999999954,10,403.81999999999954,move,improve
11481,10,403.81999999999954,10,403.81999999999954,move,improve
11482,10,403.81999999999954,10,403.81999999999954,swap,notBad
11483,10,403.81999999999954,10,403.81999999999954,2opt,notBad
11484,10,403.81999999999954,10,403.81999999999954,swap,notBad
11485,10,403.81999999999954,10,403.81999999999954,swap,notBad
11486,10,403.81999999999954,10,403.81999999999954,swap,notBad
11487,10,403.81999999999954,10,403.81999999999954,2opt,notBad
11488,10,403.81999999999954,10,403.81999999999954,move,improve
11489,10,403.81999999999954,10,403.81999999999954,swap,notBad
11490,10,403.81999999999954,10,403.81999999999954,2opt,notBad
11491,10,403.81999999999954,10,403.81999999999954,swap,notBad
11492,10,403.81999999999954,10,403.81999999999954,swap,notBad
11493,10,403.81999999999954,10,403.81999999999954,swap,notBad
11494,10,403.81999999999954,10,403.81999999999954,2opt,notBad
11495,10,403.81999999999954,10,403.81999999999954,move,improve
11496,10,403.81999999999954,10,403.81999999999954,2opt,improve
11497,10,403.81999999999954,10,403.81999999999954,move,improve
11498,10,403.81999999999954,10,403.81999999999954,swap,notBad
11499,10,403.81999999999954,10,403.81999999999954,swap,notBad
11500,10,403.81999999999954,10,403.81999999999954,2opt,notBad
11501,10,403.81999999999954,10,403.81999999999954,move,improve
11502,10,403.81999999999954,10,403.81999999999954,move,improve
11503,10,403.81999999999954,10,403.81999999999954,move,improve
11504,10,403.81999999999954,10,403.81999999999954,swap,notBad
11505,10,403.81999999999954,10,403.81999999999954,2opt,notBad
11506,10,403.81999999999954,10,403.81999999999954,move,improve
11507,10,403.81999999999954,10,403.81999999999954,2opt,improve
11508,10,403.81999999999954,10,403.81999999999954,2opt,improve
11509,10,403.81999999999954,10,403.81999999999954,2opt,notBad
11510,10,403.81999999999954,10,403.81999999999954,move,improve
11511,10,403.81999999999954,10,403.81999999999954,2opt,notBad
11512,10,403.81999999999954,10,403.81999999999954,move,improve
11513,10,403.81999999999954,10,403.81999999999954,2opt,notBad
11514,10,403.81999999999954,10,403.81999999999954,swap,notBad
11515,10,403.81999999999954,10,403.81999999999954,2opt,notBad
11516,10,403.81999999999954,10,403.81999999999954,move,improve
11517,10,403.81999999999954,10,403.81999999999954,move,improve
11518,10,403.81999999999954,10,403.81999999999954,swap,notBad
11519,10,403.81999999999954,10,403.81999999999954,swap,notBad
11520,10,403.81999999999954,10,403.81999999999954,swap,notBad
11521,10,403.81999999999954,10,403.81999999999954,move,improve
11522,10,403.81999999999954,10,403.81999999999954,2opt,notBad
11523,10,403.81999999999954,10,403.81999999999954,swap,notBad
11524,10,403.81999999999954,10,403.81999999999954,move,improve
11525,10,403.81999999999954,10,403.81999999999954,move,improve
11526,10,403.81999999999954,10,403.81999999999954,2opt,notBad
11527,10,403.81999999999954,10,403.81999999999954,swap,notBad
11528,10,403.81999999999954,10,403.81999999999954,swap,notBad
11529,10,403.81999999999954,10,403.81999999999954,move,improve
11530,10,403.81999999999954,10,403.81999999999954,swap,notBad
11531,10,403.81999999999954,10,403.81999999999954,move,improve
11532,10,403.81999999999954,10,403.81999999999954,move,improve
11533,10,403.81999999999954,10,403.81999999999954,2opt,notBad
11534,10,403.81999999999954,10,403.81999999999954,move,improve
11535,10,403.81999999999954,10,403.81999999999954,swap,notBad
11536,10,403.81999999999954,10,403.81999999999954,2opt,notBad
11537,10,403.81999999999954,10,403.81999999999954,2opt,improve
11538,10,403.81999999999954,10,403.81999999999954,2opt,notBad
11539,10,403.81999999999954,10,403.81999999999954,swap,notBad
11540,10,403.81999999999954,10,403.81999999999954,swap,notBad
11541,10,403.81999999999954,10,403.81999999999954,move,improve
11542,10,403.81999999999954,10,403.81999999999954,2opt,notBad
11543,10,403.81999999999954,10,403.81999999999954,swap,notBad
11544,10,403.81999999999954,10,403.81999999999954,2opt,notBad
11545,10,403.81999999999954,10,403.81999999999954,swap,notBad
11546,10,403.81999999999954,10,403.81999999999954,move,improve
11547,10,403.81999999999954,10,403.81999999999954,move,improve
11548,10,403.81999999999954,10,403.81999999999954,swap,notBad
11549,10,403.81999999999954,10,403.81999999999954,move,improve
11550,10,403.81999999999954,10,403.81999999999954,move,improve
11551,10,403.81999999999954,10,403.81999999999954,2opt,notBad
11552,10,403.81999999999954,10,403.81999999999954,swap,notBad
11553,10,403.81999999999954,10,403.81999999999954,move,improve
11554,10,403.81999999999954,10,403.81999999999954,move,improve
11555,10,403.81999999999954,10,403.81999999999954,2opt,notBad
11556,10,403.81999999999954,10,403.81999999999954,2opt,notBad
11557,10,403.81999999999954,10,403.81999999999954,2opt,notBad
11558,10,403.81999999999954,10,403.81999999999954,2opt,notBad
11559,10,403.81999999999954,10,403.81999999999954,2opt,notBad
11560,10,403.81999999999954,10,403.81999999999954,2opt,notBad
11561,10,403.81999999999954,10,403.81999999999954,move,improve
11562,10,403.81999999999954,10,403.81999999999954,swap,notBad
11563,10,403.81999999999954,10,403.81999999999954,move,improve
11564,10,403.81999999999954,10,403.81999999999954,move,improve
11565,10,403.81999999999954,10,403.81999999999954,2opt,notBad
11566,10,403.81999999999954,10,403.81999999999954,2opt,notBad
11567,10,403.81999999999954,10,403.81999999999954,move,improve
11568,10,403.81999999999954,10,403.81999999999954,swap,notBad
11569,10,403.81999999999954,10,403.81999999999954,move,improve
11570,10,403.81999999999954,10,403.81999999999954,move,improve
11571,10,403.81999999999954,10,403.81999999999954,2opt,improve
11572,10,403.81999999999954,10,403.81999999999954,2opt,notBad
11573,10,403.81999999999954,10,403.81999999999954,swap,notBad
11574,10,403.81999999999954,10,403.81999999999954,2opt,notBad
11575,10,403.81999999999954,10,403.81999999999954,2opt,notBad
11576,10,403.81999999999954,10,403.81999999999954,move,improve
11577,10,403.81999999999954,10,403.81999999999954,move,improve
11578,10,403.81999999999954,10,403.81999999999954,2opt,notBad
11579,10,403.81999999999954,10,403.81999999999954,2opt,notBad
11580,10,403.81999999999954,10,403.81999999999954,2opt,notBad
11581,10,403.81999999999954,10,403.81999999999954,2opt,notBad
11582,10,403.81999999999954,10,403.81999999999954,swap,notBad
11583,10,403.81999999999954,10,403.81999999999954,move,improve
11584,10,403.81999999999954,10,403.81999999999954,2opt,notBad
11585,10,403.81999999999954,10,403.81999999999954,swap,notBad
11586,10,403.81999999999954,10,403.81999999999954,2opt,notBad
11587,10,403.81999999999954,10,403.81999999999954,2opt,notBad
11588,10,403.81999999999954,10,403.81999999999954,swap,notBad
11589,10,403.81999999999954,10,403.81999999999954,2opt,notBad
11590,10,403.81999999999954,10,403.81999999999954,swap,notBad
11591,10,403.81999999999954,10,403.81999999999954,move,improve
11592,10,403.81999999999954,10,403.81999999999954,move,improve
11593,10,403.81999999999954,10,403.81999999999954,move,improve
11594,10,403.81999999999954,10,403.81999999999954,move,improve
11595,10,403.81999999999954,10,403.81999999999954,2opt,notBad
11596,10,403.81999999999954,10,403.81999999999954,move,improve
11597,10,403.81999999999954,10,403.81999999999954,2opt,improve
11598,10,403.81999999999954,10,403.81999999999954,move,improve
11599,10,403.81999999999954,10,403.81999999999954,move,improve
11600,10,403.81999999999954,10,403.81999999999954,2opt,notBad
11601,10,403.81999999999954,10,403.81999999999954,swap,notBad
11602,10,403.81999999999954,10,403.81999999999954,2opt,notBad
11603,10,403.81999999999954,10,403.81999999999954,swap,notBad
11604,10,403.81999999999954,10,403.81999999999954,2opt,notBad
11605,10,403.81999999999954,10,403.81999999999954,move,improve
11606,10,403.81999999999954,10,403.81999999999954,move,improve
11607,10,403.81999999999954,10,403.81999999999954,2opt,notBad
11608,10,403.81999999999954,10,403.81999999999954,2opt,notBad
11609,10,403.81999999999954,10,403.81999999999954,2opt,improve
11610,10,403.81999999999954,10,403.81999999999954,move,improve
11611,10,403.81999999999954,10,403.81999999999954,2opt,improve
11612,10,403.81999999999954,10,403.81999999999954,move,improve
11613,10,403.81999999999954,10,403.81999999999954,2opt,notBad
11614,10,403.81999999999954,10,403.81999999999954,move,improve
11615,10,403.81999999999954,10,403.81999999999954,swap,notBad
11616,10,403.81999999999954,10,403.81999999999954,2opt,notBad
11617,10,403.81999999999954,10,403.81999999999954,swap,notBad
11618,10,403.81999999999954,10,403.81999999999954,swap,notBad
11619,10,403.81999999999954,10,403.81999999999954,2opt,notBad
11620,10,403.81999999999954,10,403.81999999999954,2opt,notBad
11621,10,403.81999999999954,10,403.81999999999954,2opt,notBad
11622,10,403.81999999999954,10,403.81999999999954,move,improve
11623,10,403.81999999999954,10,403.81999999999954,swap,notBad
11624,10,403.81999999999954,10,403.81999999999954,2opt,notBad
11625,10,403.81999999999954,10,403.81999999999954,move,notBad
11626,10,403.81999999999954,10,403.81999999999954,move,improve
11627,10,403.81999999999954,10,403.81999999999954,2opt,improve
11628,10,403.81999999999954,10,403.81999999999954,swap,notBad
11629,10,403.81999999999954,10,403.81999999999954,move,improve
11630,10,403.81999999999954,10,403.81999999999954,swap,notBad
11631,10,403.81999999999954,10,403.81999999999954,move,improve
11632,10,403.81999999999954,10,403.81999999999954,swap,notBad
11633,10,403.81999999999954,10,403.81999999999954,swap,notBad
11634,10,403.81999999999954,10,403.81999999999954,move,improve
11635,10,403.81999999999954,10,403.81999999999954,swap,notBad
11636,10,403.81999999999954,10,403.81999999999954,2opt,improve
11637,10,403.81999999999954,10,403.81999999999954,move,improve
11638,10,403.81999999999954,10,403.81999999999954,move,improve
11639,10,403.81999999999954,10,403.81999999999954,swap,notBad
11640,10,403.81999999999954,10,403.81999999999954,move,improve
11641,10,403.81999999999954,10,403.81999999999954,swap,notBad
11642,10,403.81999999999954,10,403.81999999999954,2opt,notBad
11643,10,403.81999999999954,10,403.81999999999954,2opt,notBad
11644,10,403.81999999999954,10,403.81999999999954,move,improve
11645,10,403.81999999999954,10,403.81999999999954,2opt,notBad
11646,10,403.81999999999954,10,403.81999999999954,swap,notBad
11647,10,403.81999999999954,10,403.81999999999954,move,improve
11648,10,403.81999999999954,10,403.81999999999954,2opt,notBad
11649,10,403.81999999999954,10,403.81999999999954,2opt,notBad
11650,10,403.81999999999954,10,403.81999999999954,swap,notBad
11651,10,403.81999999999954,10,403.81999999999954,swap,notBad
11652,10,403.81999999999954,10,403.81999999999954,2opt,notBad
11653,10,403.81999999999954,10,403.81999999999954,move,improve
11654,10,403.81999999999954,10,403.81999999999954,swap,notBad
11655,10,403.81999999999954,10,403.81999999999954,swap,notBad
11656,10,403.81999999999954,10,403.81999999999954,swap,notBad
11657,10,403.81999999999954,10,403.81999999999954,2opt,notBad
11658,10,403.81999999999954,10,403.81999999999954,move,improve
11659,10,403.81999999999954,10,403.81999999999954,move,improve
11660,10,403.81999999999954,10,403.81999999999954,2opt,notBad
11661,10,403.81999999999954,10,403.81999999999954,swap,notBad
11662,10,403.81999999999954,10,403.81999999999954,swap,notBad
11663,10,403.81999999999954,10,403.81999999999954,2opt,notBad
11664,10,403.81999999999954,10,403.81999999999954,move,improve
11665,10,403.81999999999954,10,403.81999999999954,2opt,notBad
11666,10,403.81999999999954,10,403.81999999999954,2opt,improve
11667,10,403.81999999999954,10,403.81999999999954,swap,notBad
11668,10,403.81999999999954,10,403.81999999999954,2opt,notBad
11669,10,403.81999999999954,10,403.81999999999954,move,improve
11670,10,403.81999999999954,10,403.81999999999954,2opt,notBad
11671,10,403.81999999999954,10,403.81999999999954,swap,notBad
11672,10,403.81999999999954,10,403.81999999999954,2opt,notBad
11673,10,403.81999999999954,10,403.81999999999954,2opt,notBad
11674,10,403.81999999999954,10,403.81999999999954,move,improve
11675,10,403.81999999999954,10,403.81999999999954,2opt,notBad
11676,10,403.81999999999954,10,403.81999999999954,2opt,notBad
11677,10,403.81999999999954,10,403.81999999999954,swap,notBad
11678,10,403.81999999999954,10,403.81999999999954,2opt,notBad
11679,10,403.81999999999954,10,403.81999999999954,move,improve
11680,10,403.81999999999954,10,403.81999999999954,2opt,notBad
11681,10,403.81999999999954,10,403.81999999999954,move,improve
11682,10,403.81999999999954,10,403.81999999999954,swap,notBad
11683,10,403.81999999999954,10,403.81999999999954,move,improve
11684,10,403.81999999999954,10,403.81999999999954,move,improve
11685,10,403.81999999999954,10,403.81999999999954,move,improve
11686,10,403.81999999999954,10,403.81999999999954,swap,notBad
11687,10,403.81999999999954,10,403.81999999999954,swap,notBad
11688,10,403.81999999999954,10,403.81999999999954,2opt,notBad
11689,10,403.81999999999954,10,403.81999999999954,2opt,notBad
11690,10,403.81999999999954,10,403.81999999999954,move,improve
11691,10,403.81999999999954,10,403.81999999999954,2opt,notBad
11692,10,403.81999999999954,10,403.81999999999954,move,improve
11693,10,403.81999999999954,10,403.81999999999954,swap,notBad
11694,10,403.81999999999954,10,403.81999999999954,swap,notBad
11695,10,403.81999999999954,10,403.81999999999954,swap,notBad
11696,10,403.81999999999954,10,403.81999999999954,2opt,notBad
11697,10,403.81999999999954,10,403.81999999999954,move,improve
11698,10,403.81999999999954,10,403.81999999999954,swap,notBad
11699,10,403.81999999999954,10,403.81999999999954,move,improve
11700,10,403.81999999999954,10,403.81999999999954,swap,notBad
11701,10,403.81999999999954,10,403.81999999999954,swap,notBad
11702,10,403.81999999999954,10,403.81999999999954,swap,notBad
11703,10,403.81999999999954,10,403.81999999999954,2opt,notBad
11704,10,403.81999999999954,10,403.81999999999954,move,improve
11705,10,403.81999999999954,10,403.81999999999954,2opt,notBad
11706,10,403.81999999999954,10,403.81999999999954,swap,notBad
11707,10,403.81999999999954,10,403.81999999999954,swap,notBad
11708,10,403.81999999999954,10,403.81999999999954,2opt,notBad
11709,10,403.81999999999954,10,403.81999999999954,2opt,notBad
11710,10,403.81999999999954,10,403.81999999999954,move,improve
11711,10,403.81999999999954,10,403.81999999999954,swap,notBad
11712,10,403.81999999999954,10,403.81999999999954,swap,notBad
11713,10,403.81999999999954,10,403.81999999999954,move,improve
11714,10,403.81999999999954,10,403.81999999999954,2opt,notBad
11715,10,403.81999999999954,10,403.81999999999954,swap,notBad
11716,10,403.81999999999954,10,403.81999999999954,swap,notBad
11717,10,403.81999999999954,10,403.81999999999954,move,improve
11718,10,403.81999999999954,10,403.81999999999954,swap,notBad
11719,10,403.81999999999954,10,403.81999999999954,move,improve
11720,10,403.81999999999954,10,403.81999999999954,move,improve
11721,10,403.81999999999954,10,403.81999999999954,swap,notBad
11722,10,403.81999999999954,10,403.81999999999954,swap,notBad
11723,10,403.81999999999954,10,403.81999999999954,move,improve
11724,10,403.81999999999954,10,403.81999999999954,2opt,notBad
11725,10,403.81999999999954,10,403.81999999999954,swap,notBad
11726,10,403.81999999999954,10,403.81999999999954,2opt,notBad
11727,10,403.81999999999954,10,403.81999999999954,2opt,notBad
11728,10,403.81999999999954,10,403.81999999999954,move,improve
11729,10,403.81999999999954,10,403.81999999999954,2opt,notBad
11730,10,403.81999999999954,10,403.81999999999954,2opt,notBad
11731,10,403.81999999999954,10,403.81999999999954,2opt,notBad
11732,10,403.81999999999954,10,403.81999999999954,swap,notBad
11733,10,403.81999999999954,10,403.81999999999954,swap,notBad
11734,10,403.81999999999954,10,403.81999999999954,2opt,notBad
11735,10,403.81999999999954,10,403.81999999999954,2opt,notBad
11736,10,403.81999999999954,10,403.81999999999954,swap,notBad
11737,10,403.81999999999954,10,403.81999999999954,2opt,notBad
11738,10,403.81999999999954,10,403.81999999999954,2opt,notBad
11739,10,403.81999999999954,10,403.81999999999954,2opt,improve
11740,10,403.81999999999954,10,403.81999999999954,move,improve
11741,10,403.81999999999954,10,403.81999999999954,move,improve
11742,10,403.81999999999954,10,403.81999999999954,move,improve
11743,10,403.81999999999954,10,403.81999999999954,swap,notBad
11744,10,403.81999999999954,10,403.81999999999954,swap,notBad
11745,10,403.81999999999954,10,403.81999999999954,2opt,notBad
11746,10,403.81999999999954,10,403.81999999999954,move,improve
11747,10,403.81999999999954,10,403.81999999999954,2opt,notBad
11748,10,403.81999999999954,10,403.81999999999954,swap,notBad
11749,10,403.81999999999954,10,403.81999999999954,move,improve
11750,10,403.81999999999954,10,403.81999999999954,2opt,notBad
11751,10,403.81999999999954,10,403.81999999999954,swap,notBad
11752,10,403.81999999999954,10,403.81999999999954,swap,notBad
11753,10,403.81999999999954,10,403.81999999999954,2opt,improve
11754,10,403.81999999999954,10,403.81999999999954,move,improve
11755,10,403.81999999999954,10,403.81999999999954,2opt,notBad
11756,10,403.81999999999954,10,403.81999999999954,2opt,notBad
11757,10,403.81999999999954,10,403.81999999999954,move,improve
11758,10,403.81999999999954,10,403.81999999999954,2opt,notBad
11759,10,403.81999999999954,10,403.81999999999954,2opt,notBad
11760,10,403.81999999999954,10,403.81999999999954,2opt,notBad
11761,10,403.81999999999954,10,403.81999999999954,swap,notBad
11762,10,403.81999999999954,10,403.81999999999954,2opt,notBad
11763,10,403.81999999999954,10,403.81999999999954,2opt,notBad
11764,10,403.81999999999954,10,403.81999999999954,swap,notBad
11765,10,403.81999999999954,10,403.81999999999954,2opt,notBad
11766,10,403.81999999999954,10,403.81999999999954,swap,notBad
11767,10,403.81999999999954,10,403.81999999999954,swap,notBad
11768,10,403.81999999999954,10,403.81999999999954,2opt,notBad
11769,10,403.81999999999954,10,403.81999999999954,move,improve
11770,10,403.81999999999954,10,403.81999999999954,2opt,notBad
11771,10,403.81999999999954,10,403.81999999999954,swap,notBad
11772,10,403.81999999999954,10,403.81999999999954,2opt,notBad
11773,10,403.81999999999954,10,403.81999999999954,move,improve
11774,10,403.81999999999954,10,403.81999999999954,move,improve
11775,10,403.81999999999954,10,403.81999999999954,2opt,notBad
11776,10,403.81999999999954,10,403.81999999999954,swap,notBad
11777,10,403.81999999999954,10,403.81999999999954,move,improve
11778,10,403.81999999999954,10,403.81999999999954,2opt,notBad
11779,10,403.81999999999954,10,403.81999999999954,2opt,notBad
11780,10,403.81999999999954,10,403.81999999999954,2opt,improve
11781,10,403.81999999999954,10,403.81999999999954,swap,notBad
11782,10,403.81999999999954,10,403.81999999999954,move,improve
11783,10,403.81999999999954,10,403.81999999999954,2opt,notBad
11784,10,403.81999999999954,10,403.81999999999954,2opt,notBad
11785,10,403.81999999999954,10,403.81999999999954,2opt,notBad
11786,10,403.81999999999954,10,403.81999999999954,move,improve
11787,10,403.81999999999954,10,403.81999999999954,2opt,notBad
11788,10,403.81999999999954,10,403.81999999999954,2opt,notBad
11789,10,403.81999999999954,10,403.81999999999954,move,improve
11790,10,403.81999999999954,10,403.81999999999954,move,improve
11791,10,403.81999999999954,10,403.81999999999954,2opt,notBad
11792,10,403.81999999999954,10,403.81999999999954,swap,notBad
11793,10,403.81999999999954,10,403.81999999999954,swap,notBad
11794,10,403.81999999999954,10,403.81999999999954,move,improve
11795,10,403.81999999999954,10,403.81999999999954,2opt,notBad
11796,10,403.81999999999954,10,403.81999999999954,2opt,notBad
11797,10,403.81999999999954,10,403.81999999999954,swap,notBad
11798,10,403.81999999999954,10,403.81999999999954,swap,notBad
11799,10,403.81999999999954,10,403.81999999999954,move,notBad
11800,10,403.81999999999954,10,403.81999999999954,2opt,notBad
11801,10,403.81999999999954,10,403.81999999999954,2opt,notBad
11802,10,403.81999999999954,10,403.81999999999954,2opt,notBad
11803,10,403.81999999999954,10,403.81999999999954,swap,notBad
11804,10,403.81999999999954,10,403.81999999999954,move,improve
11805,10,403.81999999999954,10,403.81999999999954,2opt,notBad
11806,10,403.81999999999954,10,403.81999999999954,swap,notBad
11807,10,403.81999999999954,10,403.81999999999954,2opt,notBad
11808,10,403.81999999999954,10,403.81999999999954,move,improve
11809,10,403.81999999999954,10,403.81999999999954,swap,notBad
11810,10,403.81999999999954,10,403.81999999999954,move,improve
11811,10,403.81999999999954,10,403.81999999999954,move,improve
11812,10,403.81999999999954,10,403.81999999999954,swap,notBad
11813,10,403.81999999999954,10,403.81999999999954,swap,notBad
11814,10,403.81999999999954,10,403.81999999999954,2opt,notBad
11815,10,403.81999999999954,10,403.81999999999954,swap,notBad
11816,10,403.81999999999954,10,403.81999999999954,2opt,notBad
11817,10,403.81999999999954,10,403.81999999999954,2opt,notBad
11818,10,403.81999999999954,10,403.81999999999954,move,improve
11819,10,403.81999999999954,10,403.81999999999954,swap,notBad
11820,10,403.81999999999954,10,403.81999999999954,swap,notBad
11821,10,403.81999999999954,10,403.81999999999954,swap,notBad
11822,10,403.81999999999954,10,403.81999999999954,2opt,notBad
11823,10,403.81999999999954,10,403.81999999999954,swap,notBad
11824,10,403.81999999999954,10,403.81999999999954,move,improve
11825,10,403.81999999999954,10,403.81999999999954,swap,notBad
11826,10,403.81999999999954,10,403.81999999999954,move,improve
11827,10,403.81999999999954,10,403.81999999999954,swap,notBad
11828,10,403.81999999999954,10,403.81999999999954,move,improve
11829,10,403.81999999999954,10,403.81999999999954,2opt,notBad
11830,10,403.81999999999954,10,403.81999999999954,swap,notBad
11831,10,403.81999999999954,10,403.81999999999954,move,improve
11832,10,403.81999999999954,10,403.81999999999954,swap,notBad
11833,10,403.81999999999954,10,403.81999999999954,swap,notBad
11834,10,403.81999999999954,10,403.81999999999954,swap,notBad
11835,10,403.81999999999954,10,403.81999999999954,2opt,notBad
11836,10,403.81999999999954,10,403.81999999999954,2opt,notBad
11837,10,403.81999999999954,10,403.81999999999954,swap,notBad
11838,10,403.81999999999954,10,403.81999999999954,move,improve
11839,10,403.81999999999954,10,403.81999999999954,swap,notBad
11840,10,403.81999999999954,10,403.81999999999954,swap,notBad
11841,10,403.81999999999954,10,403.81999999999954,move,improve
11842,10,403.81999999999954,10,403.81999999999954,swap,notBad
11843,10,403.81999999999954,10,403.81999999999954,2opt,notBad
11844,10,403.81999999999954,10,403.81999999999954,move,improve
11845,10,403.81999999999954,10,403.81999999999954,move,improve
11846,10,403.81999999999954,10,403.81999999999954,swap,notBad
11847,10,403.81999999999954,10,403.81999999999954,2opt,notBad
11848,10,403.81999999999954,10,403.81999999999954,move,improve
11849,10,403.81999999999954,10,403.81999999999954,2opt,notBad
11850,10,403.81999999999954,10,403.81999999999954,swap,notBad
11851,10,403.81999999999954,10,403.81999999999954,2opt,notBad
11852,10,403.81999999999954,10,403.81999999999954,move,improve
11853,10,403.81999999999954,10,403.81999999999954,move,improve
11854,10,403.81999999999954,10,403.81999999999954,move,improve
11855,10,403.81999999999954,10,403.81999999999954,move,improve
11856,10,403.81999999999954,10,403.81999999999954,swap,notBad
11857,10,403.81999999999954,10,403.81999999999954,move,improve
11858,10,403.81999999999954,10,403.81999999999954,move,improve
11859,10,403.81999999999954,10,403.81999999999954,2opt,notBad
11860,10,403.81999999999954,10,403.81999999999954,swap,notBad
11861,10,403.81999999999954,10,403.81999999999954,move,improve
11862,10,403.81999999999954,10,403.81999999999954,move,improve
11863,10,403.81999999999954,10,403.81999999999954,swap,notBad
11864,10,403.81999999999954,10,403.81999999999954,move,improve
11865,10,403.81999999999954,10,403.81999999999954,2opt,notBad
11866,10,403.81999999999954,10,403.81999999999954,swap,notBad
11867,10,403.81999999999954,10,403.81999999999954,2opt,notBad
11868,10,403.81999999999954,10,403.81999999999954,move,improve
11869,10,403.81999999999954,10,403.81999999999954,2opt,notBad
11870,10,403.81999999999954,10,403.81999999999954,2opt,notBad
11871,10,403.81999999999954,10,403.81999999999954,swap,notBad
11872,10,403.81999999999954,10,403.81999999999954,2opt,notBad
11873,10,403.81999999999954,10,403.81999999999954,swap,notBad
11874,10,403.81999999999954,10,403.81999999999954,swap,notBad
11875,10,403.81999999999954,10,403.81999999999954,swap,notBad
11876,10,403.81999999999954,10,403.81999999999954,swap,notBad
11877,10,403.81999999999954,10,403.81999999999954,swap,notBad
11878,10,403.81999999999954,10,403.81999999999954,move,improve
11879,10,403.81999999999954,10,403.81999999999954,move,improve
11880,10,403.81999999999954,10,403.81999999999954,2opt,notBad
11881,10,403.81999999999954,10,403.81999999999954,move,improve
11882,10,403.81999999999954,10,403.81999999999954,2opt,notBad
11883,10,403.81999999999954,10,403.81999999999954,2opt,notBad
11884,10,403.81999999999954,10,403.81999999999954,swap,notBad
11885,10,403.81999999999954,10,403.81999999999954,move,improve
11886,10,403.81999999999954,10,403.81999999999954,move,improve
11887,10,403.81999999999954,10,403.81999999999954,move,improve
11888,10,403.81999999999954,10,403.81999999999954,swap,notBad
11889,10,403.81999999999954,10,403.81999999999954,swap,notBad
11890,10,403.81999999999954,10,403.81999999999954,move,improve
11891,10,403.81999999999954,10,403.81999999999954,move,improve
11892,10,403.81999999999954,10,403.81999999999954,swap,notBad
11893,10,403.81999999999954,10,403.81999999999954,move,improve
11894,10,403.81999999999954,10,403.81999999999954,swap,notBad
11895,10,403.81999999999954,10,403.81999999999954,swap,notBad
11896,10,403.81999999999954,10,403.81999999999954,move,improve
11897,10,403.81999999999954,10,403.81999999999954,move,improve
11898,10,403.81999999999954,10,403.81999999999954,2opt,notBad
11899,10,403.81999999999954,10,403.81999999999954,2opt,notBad
11900,10,403.81999999999954,10,403.81999999999954,2opt,notBad
11901,10,403.81999999999954,10,403.81999999999954,swap,notBad
11902,10,403.81999999999954,10,403.81999999999954,swap,notBad
11903,10,403.81999999999954,10,403.81999999999954,move,improve
11904,10,403.81999999999954,10,403.81999999999954,move,improve
11905,10,403.81999999999954,10,403.81999999999954,move,improve
11906,10,403.81999999999954,10,403.81999999999954,2opt,notBad
11907,10,403.81999999999954,10,403.81999999999954,2opt,notBad
11908,10,403.81999999999954,10,403.81999999999954,swap,notBad
11909,10,403.81999999999954,10,403.81999999999954,2opt,notBad
11910,10,403.81999999999954,10,403.81999999999954,swap,notBad
11911,10,403.81999999999954,10,403.81999999999954,move,improve
11912,10,403.81999999999954,10,403.81999999999954,move,improve
11913,10,403.81999999999954,10,403.81999999999954,2opt,notBad
11914,10,403.81999999999954,10,403.81999999999954,move,improve
11915,10,403.81999999999954,10,403.81999999999954,move,improve
11916,10,403.81999999999954,10,403.81999999999954,2opt,notBad
11917,10,403.81999999999954,10,403.81999999999954,2opt,improve
11918,10,403.81999999999954,10,403.81999999999954,2opt,notBad
11919,10,403.81999999999954,10,403.81999999999954,swap,notBad
11920,10,403.81999999999954,10,403.81999999999954,swap,notBad
11921,10,403.81999999999954,10,403.81999999999954,swap,notBad
11922,10,403.81999999999954,10,403.81999999999954,2opt,notBad
11923,10,403.81999999999954,10,403.81999999999954,swap,notBad
11924,10,403.81999999999954,10,403.81999999999954,move,improve
11925,10,403.81999999999954,10,403.81999999999954,move,improve
11926,10,403.81999999999954,10,403.81999999999954,swap,notBad
11927,10,403.81999999999954,10,403.81999999999954,2opt,notBad
11928,10,403.81999999999954,10,403.81999999999954,2opt,notBad
11929,10,403.81999999999954,10,403.81999999999954,move,improve
11930,10,403.81999999999954,10,403.81999999999954,move,improve
11931,10,403.81999999999954,10,403.81999999999954,swap,notBad
11932,10,403.81999999999954,10,403.81999999999954,swap,notBad
11933,10,403.81999999999954,10,403.81999999999954,2opt,notBad
11934,10,403.81999999999954,10,403.81999999999954,2opt,notBad
11935,10,403.81999999999954,10,403.81999999999954,2opt,notBad
11936,10,403.81999999999954,10,403.81999999999954,move,improve
11937,10,403.81999999999954,10,403.81999999999954,move,improve
11938,10,403.81999999999954,10,403.81999999999954,swap,notBad
11939,10,403.81999999999954,10,403.81999999999954,move,improve
11940,10,403.81999999999954,10,403.81999999999954,move,improve
11941,10,403.81999999999954,10,403.81999999999954,swap,notBad
11942,10,403.81999999999954,10,403.81999999999954,swap,notBad
11943,10,403.81999999999954,10,403.81999999999954,2opt,notBad
11944,10,403.81999999999954,10,403.81999999999954,2opt,improve
11945,10,403.81999999999954,10,403.81999999999954,move,improve
11946,10,403.81999999999954,10,403.81999999999954,move,improve
11947,10,403.81999999999954,10,403.81999999999954,move,improve
11948,10,403.81999999999954,10,403.81999999999954,2opt,notBad
11949,10,403.81999999999954,10,403.81999999999954,move,improve
11950,10,403.81999999999954,10,403.81999999999954,2opt,notBad
11951,10,403.81999999999954,10,403.81999999999954,move,improve
11952,10,403.81999999999954,10,403.81999999999954,swap,notBad
11953,10,403.81999999999954,10,403.81999999999954,2opt,notBad
11954,10,403.81999999999954,10,403.81999999999954,move,improve
11955,10,403.81999999999954,10,403.81999999999954,swap,notBad
11956,10,403.81999999999954,10,403.81999999999954,2opt,notBad
11957,10,403.81999999999954,10,403.81999999999954,swap,notBad
11958,10,403.81999999999954,10,403.81999999999954,2opt,notBad
11959,10,403.81999999999954,10,403.81999999999954,swap,notBad
11960,10,403.81999999999954,10,403.81999999999954,swap,notBad
11961,10,403.81999999999954,10,403.81999999999954,move,improve
11962,10,403.81999999999954,10,403.81999999999954,move,improve
11963,10,403.81999999999954,10,403.81999999999954,2opt,improve
11964,10,403.81999999999954,10,403.81999999999954,move,improve
11965,10,403.81999999999954,10,403.81999999999954,2opt,notBad
11966,10,403.81999999999954,10,403.81999999999954,swap,notBad
11967,10,403.81999999999954,10,403.81999999999954,2opt,notBad
11968,10,403.81999999999954,10,403.81999999999954,move,improve
11969,10,403.81999999999954,10,403.81999999999954,swap,notBad
11970,10,403.81999999999954,10,403.81999999999954,move,improve
11971,10,403.81999999999954,10,403.81999999999954,2opt,notBad
11972,10,403.81999999999954,10,403.81999999999954,swap,notBad
11973,10,403.81999999999954,10,403.81999999999954,move,improve
11974,10,403.81999999999954,10,403.81999999999954,move,improve
11975,10,403.81999999999954,10,403.81999999999954,2opt,notBad
11976,10,403.81999999999954,10,403.81999999999954,2opt,notBad
11977,10,403.81999999999954,10,403.81999999999954,2opt,notBad
11978,10,403.81999999999954,10,403.81999999999954,2opt,improve
11979,10,403.81999999999954,10,403.81999999999954,move,improve
11980,10,403.81999999999954,10,403.81999999999954,swap,notBad
11981,10,403.81999999999954,10,403.81999999999954,move,improve
11982,10,403.81999999999954,10,403.81999999999954,2opt,notBad
11983,10,403.81999999999954,10,403.81999999999954,move,improve
11984,10,403.81999999999954,10,403.81999999999954,2opt,notBad
11985,10,403.81999999999954,10,403.81999999999954,2opt,notBad
11986,10,403.81999999999954,10,403.81999999999954,2opt,notBad
11987,10,403.81999999999954,10,403.81999999999954,move,improve
11988,10,403.81999999999954,10,403.81999999999954,move,improve
11989,10,403.81999999999954,10,403.81999999999954,2opt,notBad
11990,10,403.81999999999954,10,403.81999999999954,move,improve
11991,10,403.81999999999954,10,403.81999999999954,2opt,notBad
11992,10,403.81999999999954,10,403.81999999999954,swap,notBad
11993,10,403.81999999999954,10,403.81999999999954,swap,notBad
11994,10,403.81999999999954,10,403.81999999999954,move,improve
11995,10,403.81999999999954,10,403.81999999999954,move,improve
11996,10,403.81999999999954,10,403.81999999999954,move,improve
11997,10,403.81999999999954,10,403.81999999999954,swap,notBad
11998,10,403.81999999999954,10,403.81999999999954,2opt,notBad
11999,10,403.81999999999954,10,403.81999999999954,swap,notBad
12000,10,403.81999999999954,10,403.81999999999954,move,improve
12001,10,403.81999999999954,10,403.81999999999954,move,improve
12002,10,403.81999999999954,10,403.81999999999954,swap,notBad
12003,10,403.81999999999954,10,403.81999999999954,2opt,notBad
12004,10,403.81999999999954,10,403.81999999999954,swap,notBad
12005,10,403.81999999999954,10,403.81999999999954,swap,notBad
12006,10,403.81999999999954,10,403.81999999999954,move,improve
12007,10,403.81999999999954,10,403.81999999999954,move,improve
12008,10,403.81999999999954,10,403.81999999999954,2opt,notBad
12009,10,403.81999999999954,10,403.81999999999954,move,improve
12010,10,403.81999999999954,10,403.81999999999954,2opt,notBad
12011,10,403.81999999999954,10,403.81999999999954,swap,notBad
12012,10,403.81999999999954,10,403.81999999999954,2opt,notBad
12013,10,403.81999999999954,10,403.81999999999954,move,improve
12014,10,403.81999999999954,10,403.81999999999954,move,improve
12015,10,403.81999999999954,10,403.81999999999954,move,improve
12016,10,403.81999999999954,10,403.81999999999954,2opt,improve
12017,10,403.81999999999954,10,403.81999999999954,2opt,notBad
12018,10,403.81999999999954,10,403.81999999999954,2opt,notBad
12019,10,403.81999999999954,10,403.81999999999954,swap,notBad
12020,10,403.81999999999954,10,403.81999999999954,move,improve
12021,10,403.81999999999954,10,403.81999999999954,2opt,notBad
12022,10,403.81999999999954,10,403.81999999999954,swap,notBad
12023,10,403.81999999999954,10,403.81999999999954,move,improve
12024,10,403.81999999999954,10,403.81999999999954,move,improve
12025,10,403.81999999999954,10,403.81999999999954,swap,notBad
12026,10,403.81999999999954,10,403.81999999999954,swap,notBad
12027,10,403.81999999999954,10,403.81999999999954,2opt,notBad
12028,10,403.81999999999954,10,403.81999999999954,move,improve
12029,10,403.81999999999954,10,403.81999999999954,2opt,notBad
12030,10,403.81999999999954,10,403.81999999999954,2opt,notBad
12031,10,403.81999999999954,10,403.81999999999954,swap,notBad
12032,10,405.2199999999995,10,403.81999999999954,swap,acceptBad
12033,10,405.2199999999995,10,403.81999999999954,swap,notBad
12034,10,405.2199999999995,10,403.81999999999954,2opt,notBad
12035,10,405.2199999999995,10,403.81999999999954,swap,notBad
12036,10,405.2199999999995,10,403.81999999999954,swap,notBad
12037,10,405.2199999999995,10,403.81999999999954,move,improve
12038,10,405.2199999999995,10,403.81999999999954,2opt,notBad
12039,10,405.2199999999995,10,403.81999999999954,swap,notBad
12040,10,405.2199999999995,10,403.81999999999954,2opt,notBad
12041,10,405.2199999999995,10,403.81999999999954,move,improve
12042,10,405.2199999999995,10,403.81999999999954,move,improve
12043,10,405.2199999999995,10,403.81999999999954,2opt,notBad
12044,10,403.81999999999954,10,403.81999999999954,move,improve
12045,10,403.81999999999954,10,403.81999999999954,move,improve
12046,10,403.81999999999954,10,403.81999999999954,swap,notBad
12047,10,403.81999999999954,10,403.81999999999954,move,improve
12048,10,403.81999999999954,10,403.81999999999954,move,improve
12049,10,403.81999999999954,10,403.81999999999954,swap,notBad
12050,10,403.81999999999954,10,403.81999999999954,2opt,notBad
12051,10,403.81999999999954,10,403.81999999999954,2opt,notBad
12052,10,403.81999999999954,10,403.81999999999954,swap,notBad
12053,10,403.81999999999954,10,403.81999999999954,2opt,notBad
12054,10,403.81999999999954,10,403.81999999999954,swap,notBad
12055,10,403.81999999999954,10,403.81999999999954,2opt,notBad
12056,10,403.81999999999954,10,403.81999999999954,move,improve
12057,10,403.81999999999954,10,403.81999999999954,move,improve
12058,10,403.81999999999954,10,403.81999999999954,move,improve
12059,10,403.81999999999954,10,403.81999999999954,move,improve
12060,10,403.81999999999954,10,403.81999999999954,move,improve
12061,10,403.81999999999954,10,403.81999999999954,move,improve
12062,10,403.81999999999954,10,403.81999999999954,2opt,improve
12063,10,403.81999999999954,10,403.81999999999954,2opt,notBad
12064,10,403.81999999999954,10,403.81999999999954,move,improve
12065,10,403.81999999999954,10,403.81999999999954,2opt,notBad
12066,10,403.81999999999954,10,403.81999999999954,move,improve
12067,10,403.81999999999954,10,403.81999999999954,2opt,notBad
12068,10,403.81999999999954,10,403.81999999999954,move,notBad
12069,10,403.81999999999954,10,403.81999999999954,swap,notBad
12070,10,403.81999999999954,10,403.81999999999954,swap,notBad
12071,10,403.81999999999954,10,403.81999999999954,move,improve
12072,10,403.81999999999954,10,403.81999999999954,swap,notBad
12073,10,403.81999999999954,10,403.81999999999954,move,improve
12074,10,403.81999999999954,10,403.81999999999954,swap,notBad
12075,10,403.81999999999954,10,403.81999999999954,2opt,notBad
12076,10,403.81999999999954,10,403.81999999999954,move,improve
12077,10,403.81999999999954,10,403.81999999999954,2opt,improve
12078,10,403.81999999999954,10,403.81999999999954,swap,notBad
12079,10,403.81999999999954,10,403.81999999999954,swap,notBad
12080,10,403.81999999999954,10,403.81999999999954,swap,notBad
12081,10,403.81999999999954,10,403.81999999999954,swap,notBad
12082,10,403.81999999999954,10,403.81999999999954,swap,notBad
12083,10,403.81999999999954,10,403.81999999999954,swap,notBad
12084,10,403.81999999999954,10,403.81999999999954,swap,notBad
12085,10,403.81999999999954,10,403.81999999999954,2opt,notBad
12086,10,403.81999999999954,10,403.81999999999954,swap,notBad
12087,10,403.81999999999954,10,403.81999999999954,swap,notBad
12088,10,403.81999999999954,10,403.81999999999954,2opt,notBad
12089,10,403.81999999999954,10,403.81999999999954,2opt,notBad
12090,10,403.81999999999954,10,403.81999999999954,swap,notBad
12091,10,403.81999999999954,10,403.81999999999954,2opt,notBad
12092,10,403.81999999999954,10,403.81999999999954,move,improve
12093,10,403.81999999999954,10,403.81999999999954,2opt,notBad
12094,10,403.81999999999954,10,403.81999999999954,swap,notBad
12095,10,403.81999999999954,10,403.81999999999954,swap,notBad
12096,10,403.81999999999954,10,403.81999999999954,2opt,notBad
12097,10,403.81999999999954,10,403.81999999999954,2opt,notBad
12098,10,403.81999999999954,10,403.81999999999954,swap,notBad
12099,10,403.81999999999954,10,403.81999999999954,2opt,notBad
12100,10,403.81999999999954,10,403.81999999999954,move,improve
12101,10,403.81999999999954,10,403.81999999999954,swap,notBad
12102,10,403.81999999999954,10,403.81999999999954,swap,notBad
12103,10,403.81999999999954,10,403.81999999999954,move,improve
12104,10,403.81999999999954,10,403.81999999999954,swap,notBad
12105,10,403.81999999999954,10,403.81999999999954,move,improve
12106,10,403.81999999999954,10,403.81999999999954,swap,notBad
12107,10,403.81999999999954,10,403.81999999999954,swap,notBad
12108,10,403.81999999999954,10,403.81999999999954,2opt,notBad
12109,10,403.81999999999954,10,403.81999999999954,swap,notBad
12110,10,403.81999999999954,10,403.81999999999954,move,improve
12111,10,403.81999999999954,10,403.81999999999954,swap,notBad
12112,10,403.81999999999954,10,403.81999999999954,move,improve
12113,10,403.81999999999954,10,403.81999999999954,move,improve
12114,10,403.81999999999954,10,403.81999999999954,swap,notBad
12115,10,403.81999999999954,10,403.81999999999954,move,improve
12116,10,403.81999999999954,10,403.81999999999954,swap,notBad
12117,10,403.81999999999954,10,403.81999999999954,move,improve
12118,10,403.81999999999954,10,403.81999999999954,swap,notBad
12119,10,403.81999999999954,10,403.81999999999954,2opt,notBad
12120,10,403.81999999999954,10,403.81999999999954,move,improve
12121,10,403.81999999999954,10,403.81999999999954,move,improve
12122,10,403.81999999999954,10,403.81999999999954,2opt,notBad
12123,10,403.81999999999954,10,403.81999999999954,2opt,notBad
12124,10,403.81999999999954,10,403.81999999999954,swap,notBad
12125,10,403.81999999999954,10,403.81999999999954,2opt,notBad
12126,10,403.81999999999954,10,403.81999999999954,2opt,notBad
12127,10,403.81999999999954,10,403.81999999999954,2opt,improve
12128,10,403.81999999999954,10,403.81999999999954,move,improve
12129,10,403.81999999999954,10,403.81999999999954,2opt,notBad
12130,10,403.81999999999954,10,403.81999999999954,move,improve
12131,10,403.81999999999954,10,403.81999999999954,swap,notBad
12132,10,403.81999999999954,10,403.81999999999954,move,improve
12133,10,403.81999999999954,10,403.81999999999954,move,improve
12134,10,403.81999999999954,10,403.81999999999954,swap,notBad
12135,10,403.81999999999954,10,403.81999999999954,move,improve
12136,10,403.81999999999954,10,403.81999999999954,swap,notBad
12137,10,403.81999999999954,10,403.81999999999954,move,improve
12138,10,403.81999999999954,10,403.81999999999954,2opt,notBad
12139,10,403.81999999999954,10,403.81999999999954,2opt,notBad
12140,10,403.81999999999954,10,403.81999999999954,swap,notBad
12141,10,403.81999999999954,10,403.81999999999954,swap,notBad
12142,10,403.81999999999954,10,403.81999999999954,2opt,notBad
12143,10,403.81999999999954,10,403.81999999999954,swap,notBad
12144,10,403.81999999999954,10,403.81999999999954,move,improve
12145,10,403.81999999999954,10,403.81999999999954,move,notBad
12146,10,403.81999999999954,10,403.81999999999954,move,improve
12147,10,403.81999999999954,10,403.81999999999954,2opt,notBad
12148,10,403.81999999999954,10,403.81999999999954,2opt,notBad
12149,10,403.81999999999954,10,403.81999999999954,2opt,notBad
12150,10,403.81999999999954,10,403.81999999999954,2opt,notBad
12151,10,403.81999999999954,10,403.81999999999954,move,improve
12152,10,403.81999999999954,10,403.81999999999954,swap,notBad
12153,10,403.81999999999954,10,403.81999999999954,2opt,improve
12154,10,403.81999999999954,10,403.81999999999954,swap,notBad
12155,10,403.81999999999954,10,403.81999999999954,2opt,notBad
12156,10,403.81999999999954,10,403.81999999999954,2opt,notBad
12157,10,403.81999999999954,10,403.81999999999954,swap,notBad
12158,10,403.81999999999954,10,403.81999999999954,2opt,notBad
12159,10,403.81999999999954,10,403.81999999999954,swap,notBad
12160,10,403.81999999999954,10,403.81999999999954,swap,notBad
12161,10,403.81999999999954,10,403.81999999999954,move,improve
12162,10,403.81999999999954,10,403.81999999999954,swap,notBad
12163,10,403.81999999999954,10,403.81999999999954,move,improve
12164,10,403.81999999999954,10,403.81999999999954,move,improve
12165,10,403.81999999999954,10,403.81999999999954,2opt,notBad
12166,10,403.81999999999954,10,403.81999999999954,swap,notBad
12167,10,403.81999999999954,10,403.81999999999954,2opt,notBad
12168,10,403.81999999999954,10,403.81999999999954,swap,notBad
12169,10,403.81999999999954,10,403.81999999999954,move,improve
12170,10,403.81999999999954,10,403.81999999999954,move,improve
12171,10,403.81999999999954,10,403.81999999999954,2opt,notBad
12172,10,403.81999999999954,10,403.81999999999954,2opt,notBad
12173,10,403.81999999999954,10,403.81999999999954,move,improve
12174,10,403.81999999999954,10,403.81999999999954,swap,notBad
12175,10,403.81999999999954,10,403.81999999999954,move,improve
12176,10,403.81999999999954,10,403.81999999999954,2opt,notBad
12177,10,403.81999999999954,10,403.81999999999954,2opt,notBad
12178,10,403.81999999999954,10,403.81999999999954,swap,notBad
12179,10,403.81999999999954,10,403.81999999999954,swap,notBad
12180,10,403.81999999999954,10,403.81999999999954,2opt,notBad
12181,10,403.81999999999954,10,403.81999999999954,2opt,notBad
12182,10,403.81999999999954,10,403.81999999999954,swap,notBad
12183,10,403.81999999999954,10,403.81999999999954,swap,notBad
12184,10,403.81999999999954,10,403.81999999999954,2opt,notBad
12185,10,403.81999999999954,10,403.81999999999954,move,improve
12186,10,403.81999999999954,10,403.81999999999954,move,improve
12187,10,403.81999999999954,10,403.81999999999954,swap,notBad
12188,10,403.81999999999954,10,403.81999999999954,move,improve
12189,10,403.81999999999954,10,403.81999999999954,swap,notBad
12190,10,403.81999999999954,10,403.81999999999954,move,improve
12191,10,403.81999999999954,10,403.81999999999954,2opt,notBad
12192,10,403.81999999999954,10,403.81999999999954,swap,notBad
12193,10,403.81999999999954,10,403.81999999999954,swap,notBad
12194,10,403.81999999999954,10,403.81999999999954,swap,notBad
12195,10,403.81999999999954,10,403.81999999999954,2opt,notBad
12196,10,403.81999999999954,10,403.81999999999954,swap,notBad
12197,10,403.81999999999954,10,403.81999999999954,move,improve
12198,10,403.81999999999954,10,403.81999999999954,move,improve
12199,10,403.81999999999954,10,403.81999999999954,move,improve
12200,10,403.81999999999954,10,403.81999999999954,move,notBad
12201,10,403.81999999999954,10,403.81999999999954,2opt,notBad
12202,10,403.81999999999954,10,403.81999999999954,swap,notBad
12203,10,403.81999999999954,10,403.81999999999954,move,improve
12204,10,403.81999999999954,10,403.81999999999954,move,improve
12205,10,403.81999999999954,10,403.81999999999954,2opt,improve
12206,10,403.81999999999954,10,403.81999999999954,move,improve
12207,10,403.81999999999954,10,403.81999999999954,2opt,notBad
12208,10,403.81999999999954,10,403.81999999999954,move,improve
12209,10,403.81999999999954,10,403.81999999999954,2opt,notBad
12210,10,403.81999999999954,10,403.81999999999954,swap,notBad
12211,10,403.81999999999954,10,403.81999999999954,move,improve
12212,10,403.81999999999954,10,403.81999999999954,swap,notBad
12213,10,403.81999999999954,10,403.81999999999954,2opt,notBad
12214,10,403.81999999999954,10,403.81999999999954,2opt,improve
12215,10,403.81999999999954,10,403.81999999999954,move,improve
12216,10,403.81999999999954,10,403.81999999999954,swap,notBad
12217,10,403.81999999999954,10,403.81999999999954,swap,notBad
12218,10,403.81999999999954,10,403.81999999999954,swap,notBad
12219,10,403.81999999999954,10,403.81999999999954,move,improve
12220,10,403.81999999999954,10,403.81999999999954,swap,notBad
12221,10,403.81999999999954,10,403.81999999999954,swap,notBad
12222,10,403.81999999999954,10,403.81999999999954,move,improve
12223,10,403.81999999999954,10,403.81999999999954,2opt,notBad
12224,10,403.81999999999954,10,403.81999999999954,2opt,notBad
12225,10,403.81999999999954,10,403.81999999999954,move,improve
12226,10,403.81999999999954,10,403.81999999999954,2opt,notBad
12227,10,403.81999999999954,10,403.81999999999954,swap,notBad
12228,10,403.81999999999954,10,403.81999999999954,move,improve
12229,10,403.81999999999954,10,403.81999999999954,swap,notBad
12230,10,403.81999999999954,10,403.81999999999954,2opt,improve
12231,10,403.81999999999954,10,403.81999999999954,move,improve
12232,10,403.81999999999954,10,403.81999999999954,move,improve
12233,10,403.81999999999954,10,403.81999999999954,swap,notBad
12234,10,403.81999999999954,10,403.81999999999954,2opt,notBad
12235,10,403.81999999999954,10,403.81999999999954,swap,notBad
12236,10,403.81999999999954,10,403.81999999999954,swap,notBad
12237,10,403.81999999999954,10,403.81999999999954,2opt,improve
12238,10,403.81999999999954,10,403.81999999999954,swap,notBad
12239,10,403.81999999999954,10,403.81999999999954,move,improve
12240,10,403.81999999999954,10,403.81999999999954,2opt,notBad
12241,10,403.81999999999954,10,403.81999999999954,2opt,notBad
12242,10,403.81999999999954,10,403.81999999999954,swap,notBad
12243,10,403.81999999999954,10,403.81999999999954,swap,notBad
12244,10,403.81999999999954,10,403.81999999999954,swap,notBad
12245,10,403.81999999999954,10,403.81999999999954,swap,notBad
12246,10,403.81999999999954,10,403.81999999999954,swap,notBad
12247,10,403.81999999999954,10,403.81999999999954,move,improve
12248,10,403.81999999999954,10,403.81999999999954,move,improve
12249,10,403.81999999999954,10,403.81999999999954,swap,notBad
12250,10,403.81999999999954,10,403.81999999999954,2opt,notBad
12251,10,403.81999999999954,10,403.81999999999954,swap,notBad
12252,10,403.81999999999954,10,403.81999999999954,swap,notBad
12253,10,403.81999999999954,10,403.81999999999954,2opt,notBad
12254,10,403.81999999999954,10,403.81999999999954,move,improve
12255,10,403.81999999999954,10,403.81999999999954,move,improve
12256,10,403.81999999999954,10,403.81999999999954,2opt,notBad
12257,10,403.81999999999954,10,403.81999999999954,2opt,notBad
12258,10,403.81999999999954,10,403.81999999999954,2opt,notBad
12259,10,403.81999999999954,10,403.81999999999954,move,improve
12260,10,403.81999999999954,10,403.81999999999954,2opt,notBad
12261,10,403.81999999999954,10,403.81999999999954,move,improve
12262,10,403.81999999999954,10,403.81999999999954,2opt,notBad
12263,10,403.81999999999954,10,403.81999999999954,swap,notBad
12264,10,403.81999999999954,10,403.81999999999954,swap,notBad
12265,10,403.81999999999954,10,403.81999999999954,2opt,notBad
12266,10,403.81999999999954,10,403.81999999999954,2opt,notBad
12267,10,403.81999999999954,10,403.81999999999954,2opt,notBad
12268,10,403.81999999999954,10,403.81999999999954,swap,notBad
12269,10,403.81999999999954,10,403.81999999999954,swap,notBad
12270,10,403.81999999999954,10,403.81999999999954,move,improve
12271,10,403.81999999999954,10,403.81999999999954,move,improve
12272,10,403.81999999999954,10,403.81999999999954,move,improve
12273,10,403.81999999999954,10,403.81999999999954,move,improve
12274,10,403.81999999999954,10,403.81999999999954,swap,notBad
12275,10,403.81999999999954,10,403.81999999999954,move,improve
12276,10,403.81999999999954,10,403.81999999999954,move,improve
12277,10,403.81999999999954,10,403.81999999999954,2opt,notBad
12278,10,403.81999999999954,10,403.81999999999954,2opt,notBad
12279,10,403.81999999999954,10,403.81999999999954,2opt,notBad
12280,10,403.81999999999954,10,403.81999999999954,swap,notBad
12281,10,403.81999999999954,10,403.81999999999954,swap,notBad
12282,10,403.81999999999954,10,403.81999999999954,swap,notBad
12283,10,403.81999999999954,10,403.81999999999954,move,improve
12284,10,403.81999999999954,10,403.81999999999954,2opt,notBad
12285,10,403.81999999999954,10,403.81999999999954,swap,notBad
12286,10,403.81999999999954,10,403.81999999999954,swap,notBad
12287,10,403.81999999999954,10,403.81999999999954,2opt,notBad
12288,10,403.81999999999954,10,403.81999999999954,move,improve
12289,10,403.81999999999954,10,403.81999999999954,2opt,notBad
12290,10,403.81999999999954,10,403.81999999999954,move,improve
12291,10,403.81999999999954,10,403.81999999999954,2opt,notBad
12292,10,403.81999999999954,10,403.81999999999954,move,improve
12293,10,403.81999999999954,10,403.81999999999954,2opt,notBad
12294,10,403.81999999999954,10,403.81999999999954,swap,notBad
12295,10,403.81999999999954,10,403.81999999999954,swap,notBad
12296,10,403.81999999999954,10,403.81999999999954,swap,notBad
12297,10,403.81999999999954,10,403.81999999999954,move,improve
12298,10,403.81999999999954,10,403.81999999999954,2opt,notBad
12299,10,403.81999999999954,10,403.81999999999954,swap,notBad
12300,10,403.81999999999954,10,403.81999999999954,move,improve
12301,10,403.81999999999954,10,403.81999999999954,swap,notBad
12302,10,403.81999999999954,10,403.81999999999954,2opt,notBad
12303,10,403.81999999999954,10,403.81999999999954,2opt,notBad
12304,10,403.81999999999954,10,403.81999999999954,2opt,notBad
12305,10,403.81999999999954,10,403.81999999999954,move,improve
12306,10,403.81999999999954,10,403.81999999999954,swap,notBad
12307,10,403.81999999999954,10,403.81999999999954,2opt,notBad
12308,10,403.81999999999954,10,403.81999999999954,2opt,notBad
12309,10,403.81999999999954,10,403.81999999999954,move,improve
12310,10,403.81999999999954,10,403.81999999999954,move,improve
12311,10,403.81999999999954,10,403.81999999999954,2opt,notBad
12312,10,403.81999999999954,10,403.81999999999954,2opt,notBad
12313,10,403.81999999999954,10,403.81999999999954,2opt,notBad
12314,10,403.81999999999954,10,403.81999999999954,move,improve
12315,10,403.81999999999954,10,403.81999999999954,swap,notBad
12316,10,403.81999999999954,10,403.81999999999954,2opt,notBad
12317,10,403.81999999999954,10,403.81999999999954,swap,notBad
12318,10,403.81999999999954,10,403.81999999999954,move,improve
12319,10,403.81999999999954,10,403.81999999999954,2opt,notBad
12320,10,403.81999999999954,10,403.81999999999954,move,improve
12321,10,403.81999999999954,10,403.81999999999954,2opt,improve
12322,10,403.81999999999954,10,403.81999999999954,move,improve
12323,10,403.81999999999954,10,403.81999999999954,move,improve
12324,10,403.81999999999954,10,403.81999999999954,2opt,notBad
12325,10,403.81999999999954,10,403.81999999999954,2opt,notBad
12326,10,403.81999999999954,10,403.81999999999954,swap,notBad
12327,10,403.81999999999954,10,403.81999999999954,swap,notBad
12328,10,403.81999999999954,10,403.81999999999954,2opt,notBad
12329,10,403.81999999999954,10,403.81999999999954,2opt,notBad
12330,10,403.81999999999954,10,403.81999999999954,swap,notBad
12331,10,403.81999999999954,10,403.81999999999954,2opt,notBad
12332,10,403.81999999999954,10,403.81999999999954,2opt,notBad
12333,10,403.81999999999954,10,403.81999999999954,move,improve
12334,10,403.81999999999954,10,403.81999999999954,2opt,notBad
12335,10,403.81999999999954,10,403.81999999999954,move,improve
12336,10,403.81999999999954,10,403.81999999999954,2opt,notBad
12337,10,403.81999999999954,10,403.81999999999954,move,improve
12338,10,403.81999999999954,10,403.81999999999954,swap,notBad
12339,10,403.81999999999954,10,403.81999999999954,move,notBad
12340,10,403.81999999999954,10,403.81999999999954,swap,notBad
12341,10,403.81999999999954,10,403.81999999999954,swap,notBad
12342,10,403.81999999999954,10,403.81999999999954,2opt,notBad
12343,10,403.81999999999954,10,403.81999999999954,move,notBad
12344,10,403.81999999999954,10,403.81999999999954,2opt,notBad
12345,10,403.81999999999954,10,403.81999999999954,move,improve
12346,10,403.81999999999954,10,403.81999999999954,swap,notBad
12347,10,403.81999999999954,10,403.81999999999954,move,improve
12348,10,403.81999999999954,10,403.81999999999954,swap,notBad
12349,10,403.81999999999954,10,403.81999999999954,swap,notBad
12350,10,403.81999999999954,10,403.81999999999954,swap,notBad
12351,10,403.81999999999954,10,403.81999999999954,move,improve
12352,10,403.81999999999954,10,403.81999999999954,2opt,notBad
12353,10,403.81999999999954,10,403.81999999999954,move,improve
12354,10,403.81999999999954,10,403.81999999999954,move,improve
12355,10,403.81999999999954,10,403.81999999999954,2opt,improve
12356,10,403.81999999999954,10,403.81999999999954,move,improve
12357,10,403.81999999999954,10,403.81999999999954,move,improve
12358,10,403.81999999999954,10,403.81999999999954,2opt,notBad
12359,10,403.81999999999954,10,403.81999999999954,move,improve
12360,10,403.81999999999954,10,403.81999999999954,2opt,notBad
12361,10,403.81999999999954,10,403.81999999999954,2opt,notBad
12362,10,403.81999999999954,10,403.81999999999954,swap,notBad
12363,10,403.81999999999954,10,403.81999999999954,swap,notBad
12364,10,403.81999999999954,10,403.81999999999954,move,improve
12365,10,403.81999999999954,10,403.81999999999954,2opt,notBad
12366,10,403.81999999999954,10,403.81999999999954,swap,notBad
12367,10,403.81999999999954,10,403.81999999999954,swap,notBad
12368,10,403.81999999999954,10,403.81999999999954,move,improve
12369,10,403.81999999999954,10,403.81999999999954,move,improve
12370,10,403.81999999999954,10,403.81999999999954,swap,notBad
12371,10,403.81999999999954,10,403.81999999999954,2opt,notBad
12372,10,403.81999999999954,10,403.81999999999954,move,improve
12373,10,403.81999999999954,10,403.81999999999954,2opt,notBad
12374,10,403.81999999999954,10,403.81999999999954,2opt,notBad
12375,10,403.81999999999954,10,403.81999999999954,swap,notBad
12376,10,403.81999999999954,10,403.81999999999954,2opt,notBad
12377,10,403.81999999999954,10,403.81999999999954,move,improve
12378,10,403.81999999999954,10,403.81999999999954,swap,notBad
12379,10,403.81999999999954,10,403.81999999999954,swap,notBad
12380,10,403.81999999999954,10,403.81999999999954,swap,notBad
12381,10,403.81999999999954,10,403.81999999999954,2opt,improve
12382,10,403.81999999999954,10,403.81999999999954,move,improve
12383,10,403.81999999999954,10,403.81999999999954,2opt,notBad
12384,10,403.81999999999954,10,403.81999999999954,2opt,notBad
12385,10,403.81999999999954,10,403.81999999999954,swap,notBad
12386,10,403.81999999999954,10,403.81999999999954,swap,notBad
12387,10,403.81999999999954,10,403.81999999999954,move,improve
12388,10,403.81999999999954,10,403.81999999999954,move,improve
12389,10,403.81999999999954,10,403.81999999999954,move,improve
12390,10,403.81999999999954,10,403.81999999999954,move,improve
12391,10,403.81999999999954,10,403.81999999999954,2opt,notBad
12392,10,403.81999999999954,10,403.81999999999954,swap,notBad
12393,10,403.81999999999954,10,403.81999999999954,move,improve
12394,10,403.81999999999954,10,403.81999999999954,swap,notBad
12395,10,403.81999999999954,10,403.81999999999954,2opt,notBad
12396,10,403.81999999999954,10,403.81999999999954,move,improve
12397,10,403.81999999999954,10,403.81999999999954,2opt,notBad
12398,10,403.81999999999954,10,403.81999999999954,swap,notBad
12399,10,403.81999999999954,10,403.81999999999954,swap,notBad
12400,10,403.81999999999954,10,403.81999999999954,swap,notBad
12401,10,403.81999999999954,10,403.81999999999954,move,improve
12402,10,403.81999999999954,10,403.81999999999954,swap,notBad
12403,10,403.81999999999954,10,403.81999999999954,swap,notBad
12404,10,403.81999999999954,10,403.81999999999954,move,improve
12405,10,403.81999999999954,10,403.81999999999954,move,improve
12406,10,403.81999999999954,10,403.81999999999954,swap,notBad
12407,10,403.81999999999954,10,403.81999999999954,move,improve
12408,10,403.81999999999954,10,403.81999999999954,move,improve
12409,10,403.81999999999954,10,403.81999999999954,swap,notBad
12410,10,403.81999999999954,10,403.81999999999954,swap,notBad
12411,10,403.81999999999954,10,403.81999999999954,swap,notBad
12412,10,403.81999999999954,10,403.81999999999954,move,improve
12413,10,403.81999999999954,10,403.81999999999954,2opt,notBad
12414,10,403.81999999999954,10,403.81999999999954,swap,notBad
12415,10,403.81999999999954,10,403.81999999999954,swap,notBad
12416,10,403.81999999999954,10,403.81999999999954,move,improve
12417,10,403.81999999999954,10,403.81999999999954,2opt,notBad
12418,10,403.81999999999954,10,403.81999999999954,2opt,notBad
12419,10,403.81999999999954,10,403.81999999999954,move,improve
12420,10,403.81999999999954,10,403.81999999999954,swap,notBad
12421,10,403.81999999999954,10,403.81999999999954,move,improve
12422,10,403.81999999999954,10,403.81999999999954,swap,notBad
12423,10,403.81999999999954,10,403.81999999999954,move,improve
12424,10,403.81999999999954,10,403.81999999999954,2opt,notBad
12425,10,403.81999999999954,10,403.81999999999954,2opt,notBad
12426,10,403.81999999999954,10,403.81999999999954,swap,notBad
12427,10,403.81999999999954,10,403.81999999999954,move,improve
12428,10,403.81999999999954,10,403.81999999999954,2opt,improve
12429,10,403.81999999999954,10,403.81999999999954,move,improve
12430,10,403.81999999999954,10,403.81999999999954,move,improve
12431,10,403.81999999999954,10,403.81999999999954,2opt,notBad
12432,10,403.81999999999954,10,403.81999999999954,2opt,notBad
12433,10,403.81999999999954,10,403.81999999999954,swap,notBad
12434,10,403.81999999999954,10,403.81999999999954,swap,notBad
12435,10,403.81999999999954,10,403.81999999999954,move,improve
12436,10,403.81999999999954,10,403.81999999999954,move,improve
12437,10,403.81999999999954,10,403.81999999999954,2opt,notBad
12438,10,403.81999999999954,10,403.81999999999954,swap,notBad
12439,10,403.81999999999954,10,403.81999999999954,swap,notBad
12440,10,403.81999999999954,10,403.81999999999954,swap,notBad
12441,10,403.81999999999954,10,403.81999999999954,swap,notBad
12442,10,403.81999999999954,10,403.81999999999954,2opt,notBad
12443,10,403.81999999999954,10,403.81999999999954,swap,notBad
12444,10,403.81999999999954,10,403.81999999999954,move,improve
12445,10,403.81999999999954,10,403.81999999999954,2opt,improve
12446,10,403.81999999999954,10,403.81999999999954,swap,notBad
12447,10,403.81999999999954,10,403.81999999999954,move,improve
12448,10,403.81999999999954,10,403.81999999999954,2opt,improve
12449,10,403.81999999999954,10,403.81999999999954,2opt,notBad
12450,10,403.81999999999954,10,403.81999999999954,2opt,notBad
12451,10,403.81999999999954,10,403.81999999999954,move,improve
12452,10,403.81999999999954,10,403.81999999999954,move,improve
12453,10,403.81999999999954,10,403.81999999999954,2opt,improve
12454,10,403.81999999999954,10,403.81999999999954,move,improve
12455,10,403.81999999999954,10,403.81999999999954,swap,notBad
12456,10,403.81999999999954,10,403.81999999999954,move,improve
12457,10,403.81999999999954,10,403.81999999999954,swap,notBad
12458,10,403.81999999999954,10,403.81999999999954,2opt,notBad
12459,10,403.81999999999954,10,403.81999999999954,2opt,notBad
12460,10,403.81999999999954,10,403.81999999999954,move,improve
12461,10,403.81999999999954,10,403.81999999999954,2opt,notBad
12462,10,403.81999999999954,10,403.81999999999954,2opt,notBad
12463,10,403.81999999999954,10,403.81999999999954,2opt,notBad
12464,10,403.81999999999954,10,403.81999999999954,swap,notBad
12465,10,403.81999999999954,10,403.81999999999954,2opt,notBad
12466,10,403.81999999999954,10,403.81999999999954,2opt,notBad
12467,10,403.81999999999954,10,403.81999999999954,swap,notBad
12468,10,403.81999999999954,10,403.81999999999954,swap,notBad
12469,10,403.81999999999954,10,403.81999999999954,swap,notBad
12470,10,403.81999999999954,10,403.81999999999954,2opt,notBad
12471,10,403.81999999999954,10,403.81999999999954,move,improve
12472,10,403.81999999999954,10,403.81999999999954,move,improve
12473,10,403.81999999999954,10,403.81999999999954,swap,notBad
12474,10,403.81999999999954,10,403.81999999999954,swap,notBad
12475,10,403.81999999999954,10,403.81999999999954,2opt,notBad
12476,10,403.81999999999954,10,403.81999999999954,move,improve
12477,10,403.81999999999954,10,403.81999999999954,2opt,improve
12478,10,403.81999999999954,10,403.81999999999954,move,improve
12479,10,403.81999999999954,10,403.81999999999954,2opt,notBad
12480,10,403.81999999999954,10,403.81999999999954,2opt,notBad
12481,10,403.81999999999954,10,403.81999999999954,2opt,notBad
12482,10,403.81999999999954,10,403.81999999999954,2opt,notBad
12483,10,403.81999999999954,10,403.81999999999954,2opt,notBad
12484,10,403.81999999999954,10,403.81999999999954,swap,notBad
12485,10,403.81999999999954,10,403.81999999999954,swap,notBad
12486,10,403.81999999999954,10,403.81999999999954,move,improve
12487,10,403.81999999999954,10,403.81999999999954,swap,notBad
12488,10,403.81999999999954,10,403.81999999999954,2opt,notBad
12489,10,403.81999999999954,10,403.81999999999954,move,improve
12490,10,403.81999999999954,10,403.81999999999954,move,improve
12491,10,403.81999999999954,10,403.81999999999954,move,improve
12492,10,403.81999999999954,10,403.81999999999954,move,improve
12493,10,403.81999999999954,10,403.81999999999954,swap,notBad
12494,10,403.81999999999954,10,403.81999999999954,2opt,notBad
12495,10,403.81999999999954,10,403.81999999999954,swap,notBad
12496,10,403.81999999999954,10,403.81999999999954,swap,notBad
12497,10,403.81999999999954,10,403.81999999999954,2opt,notBad
12498,10,403.81999999999954,10,403.81999999999954,move,improve
12499,10,403.81999999999954,10,403.81999999999954,2opt,notBad
12500,10,403.81999999999954,10,403.81999999999954,swap,notBad
12501,10,403.81999999999954,10,403.81999999999954,move,improve
12502,10,403.81999999999954,10,403.81999999999954,swap,notBad
12503,10,403.81999999999954,10,403.81999999999954,move,improve
12504,10,403.81999999999954,10,403.81999999999954,move,improve
12505,10,403.81999999999954,10,403.81999999999954,2opt,notBad
12506,10,403.81999999999954,10,403.81999999999954,move,improve
12507,10,403.81999999999954,10,403.81999999999954,2opt,notBad
12508,10,403.81999999999954,10,403.81999999999954,swap,notBad
12509,10,403.81999999999954,10,403.81999999999954,swap,notBad
12510,10,403.81999999999954,10,403.81999999999954,move,improve
12511,10,403.81999999999954,10,403.81999999999954,2opt,notBad
12512,10,403.81999999999954,10,403.81999999999954,2opt,notBad
12513,10,403.81999999999954,10,403.81999999999954,swap,notBad
12514,10,403.81999999999954,10,403.81999999999954,move,improve
12515,10,403.81999999999954,10,403.81999999999954,swap,notBad
12516,10,403.81999999999954,10,403.81999999999954,2opt,notBad
12517,10,403.81999999999954,10,403.81999999999954,move,improve
12518,10,403.81999999999954,10,403.81999999999954,2opt,notBad
12519,10,403.81999999999954,10,403.81999999999954,move,improve
12520,10,403.81999999999954,10,403.81999999999954,2opt,notBad
12521,10,403.81999999999954,10,403.81999999999954,move,improve
12522,10,403.81999999999954,10,403.81999999999954,move,improve
12523,10,403.81999999999954,10,403.81999999999954,move,improve
12524,10,403.81999999999954,10,403.81999999999954,swap,notBad
12525,10,403.81999999999954,10,403.81999999999954,move,improve
12526,10,403.81999999999954,10,403.81999999999954,move,improve
12527,10,403.81999999999954,10,403.81999999999954,swap,notBad
12528,10,403.81999999999954,10,403.81999999999954,swap,notBad
12529,10,403.81999999999954,10,403.81999999999954,2opt,notBad
12530,10,403.81999999999954,10,403.81999999999954,2opt,notBad
12531,10,403.81999999999954,10,403.81999999999954,2opt,notBad
12532,10,403.81999999999954,10,403.81999999999954,swap,notBad
12533,10,403.81999999999954,10,403.81999999999954,move,improve
12534,10,403.81999999999954,10,403.81999999999954,2opt,notBad
12535,10,403.81999999999954,10,403.81999999999954,2opt,notBad
12536,10,403.81999999999954,10,403.81999999999954,2opt,notBad
12537,10,403.81999999999954,10,403.81999999999954,move,improve
12538,10,403.81999999999954,10,403.81999999999954,2opt,improve
12539,10,403.81999999999954,10,403.81999999999954,2opt,notBad
12540,10,403.81999999999954,10,403.81999999999954,move,improve
12541,10,403.81999999999954,10,403.81999999999954,2opt,notBad
12542,10,403.81999999999954,10,403.81999999999954,2opt,notBad
12543,10,403.81999999999954,10,403.81999999999954,2opt,improve
12544,10,403.81999999999954,10,403.81999999999954,swap,notBad
12545,10,403.81999999999954,10,403.81999999999954,2opt,notBad
12546,10,403.81999999999954,10,403.81999999999954,move,improve
12547,10,403.81999999999954,10,403.81999999999954,move,improve
12548,10,403.81999999999954,10,403.81999999999954,move,improve
12549,10,403.81999999999954,10,403.81999999999954,move,improve
12550,10,403.81999999999954,10,403.81999999999954,move,improve
12551,10,403.81999999999954,10,403.81999999999954,move,improve
12552,10,403.81999999999954,10,403.81999999999954,swap,notBad
12553,10,403.81999999999954,10,403.81999999999954,swap,notBad
12554,10,403.81999999999954,10,403.81999999999954,move,improve
12555,10,403.81999999999954,10,403.81999999999954,swap,notBad
12556,10,403.81999999999954,10,403.81999999999954,move,improve
12557,10,403.81999999999954,10,403.81999999999954,2opt,notBad
12558,10,403.81999999999954,10,403.81999999999954,2opt,notBad
12559,10,403.81999999999954,10,403.81999999999954,2opt,notBad
12560,10,403.81999999999954,10,403.81999999999954,swap,notBad
12561,10,403.81999999999954,10,403.81999999999954,move,improve
12562,10,403.81999999999954,10,403.81999999999954,2opt,notBad
12563,10,403.81999999999954,10,403.81999999999954,swap,notBad
12564,10,403.81999999999954,10,403.81999999999954,swap,notBad
12565,10,403.81999999999954,10,403.81999999999954,move,improve
12566,10,403.81999999999954,10,403.81999999999954,2opt,notBad
12567,10,403.81999999999954,10,403.81999999999954,swap,notBad
12568,10,403.81999999999954,10,403.81999999999954,move,improve
12569,10,403.81999999999954,10,403.81999999999954,2opt,notBad
12570,10,403.81999999999954,10,403.81999999999954,2opt,notBad
12571,10,403.81999999999954,10,403.81999999999954,move,improve
12572,10,403.81999999999954,10,403.81999999999954,swap,notBad
12573,10,403.81999999999954,10,403.81999999999954,swap,notBad
12574,10,403.81999999999954,10,403.81999999999954,2opt,notBad
12575,10,403.81999999999954,10,403.81999999999954,move,improve
12576,10,403.81999999999954,10,403.81999999999954,move,improve
12577,10,403.81999999999954,10,403.81999999999954,move,improve
12578,10,403.81999999999954,10,403.81999999999954,move,improve
12579,10,403.81999999999954,10,403.81999999999954,swap,notBad
12580,10,403.81999999999954,10,403.81999999999954,swap,notBad
12581,10,403.81999999999954,10,403.81999999999954,2opt,notBad
12582,10,403.81999999999954,10,403.81999999999954,2opt,notBad
12583,10,403.81999999999954,10,403.81999999999954,move,improve
12584,10,403.81999999999954,10,403.81999999999954,move,improve
12585,10,403.81999999999954,10,403.81999999999954,2opt,notBad
12586,10,403.81999999999954,10,403.81999999999954,swap,notBad
12587,10,403.81999999999954,10,403.81999999999954,swap,notBad
12588,10,403.81999999999954,10,403.81999999999954,swap,notBad
12589,10,403.81999999999954,10,403.81999999999954,swap,notBad
12590,10,403.81999999999954,10,403.81999999999954,move,improve
12591,10,403.81999999999954,10,403.81999999999954,2opt,improve
12592,10,403.81999999999954,10,403.81999999999954,move,improve
12593,10,403.81999999999954,10,403.81999999999954,swap,notBad
12594,10,403.81999999999954,10,403.81999999999954,2opt,improve
12595,10,403.81999999999954,10,403.81999999999954,swap,notBad
12596,10,403.81999999999954,10,403.81999999999954,2opt,notBad
12597,10,403.81999999999954,10,403.81999999999954,2opt,notBad
12598,10,403.81999999999954,10,403.81999999999954,swap,notBad
12599,10,403.81999999999954,10,403.81999999999954,move,improve
12600,10,403.81999999999954,10,403.81999999999954,swap,notBad
12601,10,403.81999999999954,10,403.81999999999954,move,improve
12602,10,403.81999999999954,10,403.81999999999954,2opt,notBad
12603,10,403.81999999999954,10,403.81999999999954,swap,notBad
12604,10,403.81999999999954,10,403.81999999999954,move,improve
12605,10,403.81999999999954,10,403.81999999999954,move,improve
12606,10,403.81999999999954,10,403.81999999999954,swap,notBad
12607,10,403.81999999999954,10,403.81999999999954,move,improve
12608,10,403.81999999999954,10,403.81999999999954,move,improve
12609,10,403.81999999999954,10,403.81999999999954,swap,notBad
12610,10,403.81999999999954,10,403.81999999999954,2opt,improve
12611,10,403.81999999999954,10,403.81999999999954,swap,notBad
12612,10,403.81999999999954,10,403.81999999999954,swap,notBad
12613,10,403.81999999999954,10,403.81999999999954,swap,notBad
12614,10,403.81999999999954,10,403.81999999999954,move,improve
12615,10,403.81999999999954,10,403.81999999999954,swap,notBad
12616,10,403.81999999999954,10,403.81999999999954,swap,notBad
12617,10,403.81999999999954,10,403.81999999999954,2opt,notBad
12618,10,403.81999999999954,10,403.81999999999954,swap,notBad
12619,10,403.81999999999954,10,403.81999999999954,swap,notBad
12620,10,403.81999999999954,10,403.81999999999954,move,improve
12621,10,403.81999999999954,10,403.81999999999954,swap,notBad
12622,10,403.81999999999954,10,403.81999999999954,swap,notBad
12623,10,403.81999999999954,10,403.81999999999954,2opt,notBad
12624,10,403.81999999999954,10,403.81999999999954,2opt,notBad
12625,10,403.81999999999954,10,403.81999999999954,swap,notBad
12626,10,403.81999999999954,10,403.81999999999954,move,improve
12627,10,403.81999999999954,10,403.81999999999954,move,improve
12628,10,403.81999999999954,10,403.81999999999954,swap,notBad
12629,10,403.81999999999954,10,403.81999999999954,2opt,notBad
12630,10,403.81999999999954,10,403.81999999999954,2opt,notBad
12631,10,403.81999999999954,10,403.81999999999954,2opt,notBad
12632,10,403.81999999999954,10,403.81999999999954,move,improve
12633,10,403.81999999999954,10,403.81999999999954,2opt,notBad
12634,10,403.81999999999954,10,403.81999999999954,swap,notBad
12635,10,403.81999999999954,10,403.81999999999954,2opt,notBad
12636,10,403.81999999999954,10,403.81999999999954,move,improve
12637,10,403.81999999999954,10,403.81999999999954,2opt,improve
12638,10,403.81999999999954,10,403.81999999999954,swap,notBad
12639,10,403.81999999999954,10,403.81999999999954,2opt,notBad
12640,10,403.81999999999954,10,403.81999999999954,move,improve
12641,10,403.81999999999954,10,403.81999999999954,2opt,notBad
12642,10,403.81999999999954,10,403.81999999999954,move,improve
12643,10,403.81999999999954,10,403.81999999999954,move,improve
12644,10,403.81999999999954,10,403.81999999999954,swap,notBad
12645,10,403.81999999999954,10,403.81999999999954,move,improve
12646,10,403.81999999999954,10,403.81999999999954,2opt,notBad
12647,10,403.81999999999954,10,403.81999999999954,swap,notBad
12648,10,403.81999999999954,10,403.81999999999954,2opt,notBad
12649,10,403.81999999999954,10,403.81999999999954,swap,notBad
12650,10,403.81999999999954,10,403.81999999999954,2opt,notBad
12651,10,403.81999999999954,10,403.81999999999954,swap,notBad
12652,10,403.81999999999954,10,403.81999999999954,move,improve
12653,10,403.81999999999954,10,403.81999999999954,swap,notBad
12654,10,403.81999999999954,10,403.81999999999954,2opt,notBad
12655,10,403.81999999999954,10,403.81999999999954,2opt,notBad
12656,10,403.81999999999954,10,403.81999999999954,2opt,notBad
12657,10,403.81999999999954,10,403.81999999999954,swap,notBad
12658,10,403.81999999999954,10,403.81999999999954,move,improve
12659,10,403.81999999999954,10,403.81999999999954,swap,notBad
12660,10,403.81999999999954,10,403.81999999999954,move,improve
12661,10,403.81999999999954,10,403.81999999999954,move,improve
12662,10,403.81999999999954,10,403.81999999999954,move,notBad
12663,10,403.81999999999954,10,403.81999999999954,2opt,notBad
12664,10,403.81999999999954,10,403.81999999999954,2opt,improve
12665,10,403.81999999999954,10,403.81999999999954,move,improve
12666,10,403.81999999999954,10,403.81999999999954,move,improve
12667,10,403.81999999999954,10,403.81999999999954,move,improve
12668,10,403.81999999999954,10,403.81999999999954,move,improve
12669,10,403.81999999999954,10,403.81999999999954,swap,notBad
12670,10,403.81999999999954,10,403.81999999999954,swap,notBad
12671,10,403.81999999999954,10,403.81999999999954,swap,notBad
12672,10,403.81999999999954,10,403.81999999999954,swap,notBad
12673,10,403.81999999999954,10,403.81999999999954,2opt,notBad
12674,10,403.81999999999954,10,403.81999999999954,swap,notBad
12675,10,403.81999999999954,10,403.81999999999954,move,improve
12676,10,403.81999999999954,10,403.81999999999954,2opt,notBad
12677,10,403.81999999999954,10,403.81999999999954,move,improve
12678,10,403.81999999999954,10,403.81999999999954,2opt,notBad
12679,10,403.81999999999954,10,403.81999999999954,swap,notBad
12680,10,403.81999999999954,10,403.81999999999954,swap,notBad
12681,10,403.81999999999954,10,403.81999999999954,swap,notBad
12682,10,403.81999999999954,10,403.81999999999954,move,improve
12683,10,403.81999999999954,10,403.81999999999954,swap,notBad
12684,10,403.81999999999954,10,403.81999999999954,2opt,notBad
12685,10,403.81999999999954,10,403.81999999999954,move,improve
12686,10,403.81999999999954,10,403.81999999999954,swap,notBad
12687,10,403.81999999999954,10,403.81999999999954,swap,notBad
12688,10,403.81999999999954,10,403.81999999999954,swap,notBad
12689,10,403.81999999999954,10,403.81999999999954,swap,notBad
12690,10,403.81999999999954,10,403.81999999999954,2opt,notBad
12691,10,403.81999999999954,10,403.81999999999954,swap,notBad
12692,10,403.81999999999954,10,403.81999999999954,swap,notBad
12693,10,403.81999999999954,10,403.81999999999954,swap,notBad
12694,10,403.81999999999954,10,403.81999999999954,swap,notBad
12695,10,403.81999999999954,10,403.81999999999954,2opt,notBad
12696,10,403.81999999999954,10,403.81999999999954,move,improve
12697,10,403.81999999999954,10,403.81999999999954,2opt,notBad
12698,10,403.81999999999954,10,403.81999999999954,2opt,notBad
12699,10,403.81999999999954,10,403.81999999999954,swap,notBad
12700,10,403.81999999999954,10,403.81999999999954,move,improve
12701,10,403.81999999999954,10,403.81999999999954,2opt,notBad
12702,10,403.81999999999954,10,403.81999999999954,2opt,improve
12703,10,403.81999999999954,10,403.81999999999954,move,improve
12704,10,403.81999999999954,10,403.81999999999954,2opt,notBad
12705,10,403.81999999999954,10,403.81999999999954,2opt,notBad
12706,10,403.81999999999954,10,403.81999999999954,move,improve
12707,10,403.81999999999954,10,403.81999999999954,move,improve
12708,10,403.81999999999954,10,403.81999999999954,2opt,notBad
12709,10,403.81999999999954,10,403.81999999999954,move,improve
12710,10,403.81999999999954,10,403.81999999999954,swap,notBad
12711,10,403.81999999999954,10,403.81999999999954,2opt,notBad
12712,10,403.81999999999954,10,403.81999999999954,move,improve
12713,10,403.81999999999954,10,403.81999999999954,2opt,notBad
12714,10,403.81999999999954,10,403.81999999999954,move,improve
12715,10,403.81999999999954,10,403.81999999999954,move,improve
12716,10,403.81999999999954,10,403.81999999999954,swap,notBad
12717,10,403.81999999999954,10,403.81999999999954,swap,notBad
12718,10,403.81999999999954,10,403.81999999999954,move,improve
12719,10,403.81999999999954,10,403.81999999999954,swap,notBad
12720,10,403.81999999999954,10,403.81999999999954,swap,notBad
12721,10,403.81999999999954,10,403.81999999999954,move,improve
12722,10,403.81999999999954,10,403.81999999999954,swap,notBad
12723,10,403.81999999999954,10,403.81999999999954,swap,notBad
12724,10,403.81999999999954,10,403.81999999999954,move,improve
12725,10,403.81999999999954,10,403.81999999999954,2opt,notBad
12726,10,403.81999999999954,10,403.81999999999954,swap,notBad
12727,10,403.81999999999954,10,403.81999999999954,2opt,improve
12728,10,403.81999999999954,10,403.81999999999954,2opt,notBad
12729,10,403.81999999999954,10,403.81999999999954,swap,notBad
12730,10,403.81999999999954,10,403.81999999999954,2opt,notBad
12731,10,403.81999999999954,10,403.81999999999954,swap,notBad
12732,10,403.81999999999954,10,403.81999999999954,move,improve
12733,10,403.81999999999954,10,403.81999999999954,swap,notBad
12734,10,403.81999999999954,10,403.81999999999954,2opt,notBad
12735,10,403.81999999999954,10,403.81999999999954,move,improve
12736,10,403.81999999999954,10,403.81999999999954,2opt,notBad
12737,10,403.81999999999954,10,403.81999999999954,move,improve
12738,10,403.81999999999954,10,403.81999999999954,swap,notBad
12739,10,403.81999999999954,10,403.81999999999954,2opt,improve
12740,10,403.81999999999954,10,403.81999999999954,swap,notBad
12741,10,403.81999999999954,10,403.81999999999954,swap,notBad
12742,10,403.81999999999954,10,403.81999999999954,swap,notBad
12743,10,403.81999999999954,10,403.81999999999954,2opt,notBad
12744,10,403.81999999999954,10,403.81999999999954,2opt,notBad
12745,10,403.81999999999954,10,403.81999999999954,swap,notBad
12746,10,403.81999999999954,10,403.81999999999954,2opt,notBad
12747,10,403.81999999999954,10,403.81999999999954,swap,notBad
12748,10,403.81999999999954,10,403.81999999999954,swap,notBad
12749,10,403.81999999999954,10,403.81999999999954,2opt,notBad
12750,10,403.81999999999954,10,403.81999999999954,move,improve
12751,10,403.81999999999954,10,403.81999999999954,move,improve
12752,10,403.81999999999954,10,403.81999999999954,2opt,notBad
12753,10,403.81999999999954,10,403.81999999999954,move,improve
12754,10,403.81999999999954,10,403.81999999999954,swap,notBad
12755,10,403.81999999999954,10,403.81999999999954,2opt,notBad
12756,10,403.81999999999954,10,403.81999999999954,swap,notBad
12757,10,403.81999999999954,10,403.81999999999954,move,improve
12758,10,403.81999999999954,10,403.81999999999954,swap,notBad
12759,10,403.81999999999954,10,403.81999999999954,move,improve
12760,10,403.81999999999954,10,403.81999999999954,swap,notBad
12761,10,403.81999999999954,10,403.81999999999954,swap,notBad
12762,10,403.81999999999954,10,403.81999999999954,2opt,notBad
12763,10,403.81999999999954,10,403.81999999999954,swap,notBad
12764,10,403.81999999999954,10,403.81999999999954,swap,notBad
12765,10,403.81999999999954,10,403.81999999999954,move,improve
12766,10,403.81999999999954,10,403.81999999999954,swap,notBad
12767,10,403.81999999999954,10,403.81999999999954,swap,notBad
12768,10,403.81999999999954,10,403.81999999999954,move,improve
12769,10,403.81999999999954,10,403.81999999999954,swap,notBad
12770,10,403.81999999999954,10,403.81999999999954,swap,notBad
12771,10,403.81999999999954,10,403.81999999999954,move,improve
12772,10,403.81999999999954,10,403.81999999999954,2opt,notBad
12773,10,403.81999999999954,10,403.81999999999954,2opt,notBad
12774,10,403.81999999999954,10,403.81999999999954,move,improve
12775,10,403.81999999999954,10,403.81999999999954,move,improve
12776,10,403.81999999999954,10,403.81999999999954,2opt,notBad
12777,10,403.81999999999954,10,403.81999999999954,move,improve
12778,10,403.81999999999954,10,403.81999999999954,swap,notBad
12779,10,403.81999999999954,10,403.81999999999954,swap,notBad
12780,10,403.81999999999954,10,403.81999999999954,swap,notBad
12781,10,403.81999999999954,10,403.81999999999954,swap,notBad
12782,10,403.81999999999954,10,403.81999999999954,swap,notBad
12783,10,403.81999999999954,10,403.81999999999954,move,improve
12784,10,403.81999999999954,10,403.81999999999954,move,improve
12785,10,403.81999999999954,10,403.81999999999954,move,improve
12786,10,403.81999999999954,10,403.81999999999954,move,improve
12787,10,403.81999999999954,10,403.81999999999954,move,improve
12788,10,403.81999999999954,10,403.81999999999954,move,improve
12789,10,403.81999999999954,10,403.81999999999954,2opt,improve
12790,10,403.81999999999954,10,403.81999999999954,2opt,notBad
12791,10,403.81999999999954,10,403.81999999999954,swap,notBad
12792,10,403.81999999999954,10,403.81999999999954,2opt,notBad
12793,10,403.81999999999954,10,403.81999999999954,2opt,notBad
12794,10,403.81999999999954,10,403.81999999999954,2opt,notBad
12795,10,403.81999999999954,10,403.81999999999954,2opt,notBad
12796,10,403.81999999999954,10,403.81999999999954,2opt,notBad
12797,10,403.81999999999954,10,403.81999999999954,swap,notBad
12798,10,403.81999999999954,10,403.81999999999954,2opt,notBad
12799,10,403.81999999999954,10,403.81999999999954,swap,notBad
12800,10,403.81999999999954,10,403.81999999999954,2opt,notBad
12801,10,403.81999999999954,10,403.81999999999954,swap,notBad
12802,10,403.81999999999954,10,403.81999999999954,move,improve
12803,10,403.81999999999954,10,403.81999999999954,move,improve
12804,10,403.81999999999954,10,403.81999999999954,2opt,notBad
12805,10,403.81999999999954,10,403.81999999999954,swap,notBad
12806,10,403.81999999999954,10,403.81999999999954,swap,notBad
12807,10,403.81999999999954,10,403.81999999999954,swap,notBad
12808,10,403.81999999999954,10,403.81999999999954,move,improve
12809,10,403.81999999999954,10,403.81999999999954,2opt,notBad
12810,10,403.81999999999954,10,403.81999999999954,2opt,notBad
12811,10,403.81999999999954,10,403.81999999999954,move,improve
12812,10,403.81999999999954,10,403.81999999999954,move,improve
12813,10,403.81999999999954,10,403.81999999999954,2opt,notBad
12814,10,403.81999999999954,10,403.81999999999954,swap,notBad
12815,10,403.81999999999954,10,403.81999999999954,swap,notBad
12816,10,403.81999999999954,10,403.81999999999954,swap,notBad
12817,10,403.81999999999954,10,403.81999999999954,2opt,notBad
12818,10,403.81999999999954,10,403.81999999999954,2opt,notBad
12819,10,403.81999999999954,10,403.81999999999954,move,improve
12820,10,403.81999999999954,10,403.81999999999954,2opt,notBad
12821,10,403.81999999999954,10,403.81999999999954,move,improve
12822,10,403.81999999999954,10,403.81999999999954,move,improve
12823,10,403.81999999999954,10,403.81999999999954,2opt,notBad
12824,10,403.81999999999954,10,403.81999999999954,2opt,notBad
12825,10,403.81999999999954,10,403.81999999999954,move,improve
12826,10,403.81999999999954,10,403.81999999999954,move,improve
12827,10,403.81999999999954,10,403.81999999999954,2opt,notBad
12828,10,403.81999999999954,10,403.81999999999954,move,improve
12829,10,403.81999999999954,10,403.81999999999954,2opt,notBad
12830,10,403.81999999999954,10,403.81999999999954,2opt,notBad
12831,10,403.81999999999954,10,403.81999999999954,move,improve
12832,10,403.81999999999954,10,403.81999999999954,2opt,improve
12833,10,403.81999999999954,10,403.81999999999954,2opt,improve
12834,10,403.81999999999954,10,403.81999999999954,move,improve
12835,10,403.81999999999954,10,403.81999999999954,move,improve
12836,10,403.81999999999954,10,403.81999999999954,2opt,notBad
12837,10,403.81999999999954,10,403.81999999999954,swap,notBad
12838,10,403.81999999999954,10,403.81999999999954,swap,notBad
12839,10,403.81999999999954,10,403.81999999999954,move,improve
12840,10,403.81999999999954,10,403.81999999999954,swap,notBad
12841,10,403.81999999999954,10,403.81999999999954,move,improve
12842,10,403.81999999999954,10,403.81999999999954,swap,notBad
12843,10,403.81999999999954,10,403.81999999999954,2opt,notBad
12844,10,403.81999999999954,10,403.81999999999954,swap,notBad
12845,10,403.81999999999954,10,403.81999999999954,move,improve
12846,10,403.81999999999954,10,403.81999999999954,move,improve
12847,10,403.81999999999954,10,403.81999999999954,2opt,notBad
12848,10,403.81999999999954,10,403.81999999999954,swap,notBad
12849,10,403.81999999999954,10,403.81999999999954,swap,notBad
12850,10,403.81999999999954,10,403.81999999999954,swap,notBad
12851,10,403.81999999999954,10,403.81999999999954,swap,notBad
12852,10,403.81999999999954,10,403.81999999999954,swap,notBad
12853,10,403.81999999999954,10,403.81999999999954,move,improve
12854,10,403.81999999999954,10,403.81999999999954,2opt,notBad
12855,10,403.81999999999954,10,403.81999999999954,swap,notBad
12856,10,403.81999999999954,10,403.81999999999954,swap,notBad
12857,10,403.81999999999954,10,403.81999999999954,swap,notBad
12858,10,403.81999999999954,10,403.81999999999954,move,improve
12859,10,403.81999999999954,10,403.81999999999954,swap,notBad
12860,10,403.81999999999954,10,403.81999999999954,swap,notBad
12861,10,403.81999999999954,10,403.81999999999954,swap,notBad
12862,10,403.81999999999954,10,403.81999999999954,swap,notBad
12863,10,403.81999999999954,10,403.81999999999954,move,improve
12864,10,403.81999999999954,10,403.81999999999954,swap,notBad
12865,10,403.81999999999954,10,403.81999999999954,move,improve
12866,10,403.81999999999954,10,403.81999999999954,2opt,notBad
12867,10,403.81999999999954,10,403.81999999999954,2opt,notBad
12868,10,403.81999999999954,10,403.81999999999954,swap,notBad
12869,10,403.81999999999954,10,403.81999999999954,move,improve
12870,10,403.81999999999954,10,403.81999999999954,swap,notBad
12871,10,403.81999999999954,10,403.81999999999954,swap,notBad
12872,10,403.81999999999954,10,403.81999999999954,move,improve
12873,10,403.81999999999954,10,403.81999999999954,swap,notBad
12874,10,403.81999999999954,10,403.81999999999954,move,improve
12875,10,403.81999999999954,10,403.81999999999954,2opt,notBad
12876,10,403.81999999999954,10,403.81999999999954,move,improve
12877,10,403.81999999999954,10,403.81999999999954,2opt,notBad
12878,10,403.81999999999954,10,403.81999999999954,2opt,notBad
12879,10,403.81999999999954,10,403.81999999999954,move,improve
12880,10,403.81999999999954,10,403.81999999999954,swap,notBad
12881,10,403.81999999999954,10,403.81999999999954,move,improve
12882,10,403.81999999999954,10,403.81999999999954,swap,notBad
12883,10,403.81999999999954,10,403.81999999999954,move,improve
12884,10,403.81999999999954,10,403.81999999999954,2opt,notBad
12885,10,403.81999999999954,10,403.81999999999954,swap,notBad
12886,10,403.81999999999954,10,403.81999999999954,move,improve
12887,10,403.81999999999954,10,403.81999999999954,2opt,notBad
12888,10,403.81999999999954,10,403.81999999999954,swap,notBad
12889,10,405.2199999999995,10,403.81999999999954,swap,acceptBad
12890,10,405.2199999999995,10,403.81999999999954,swap,notBad
12891,10,405.2199999999995,10,403.81999999999954,2opt,notBad
12892,10,405.2199999999995,10,403.81999999999954,move,improve
12893,10,405.2199999999995,10,403.81999999999954,swap,notBad
12894,10,405.2199999999995,10,403.81999999999954,move,improve
12895,10,405.2199999999995,10,403.81999999999954,swap,notBad
12896,10,405.2199999999995,10,403.81999999999954,swap,notBad
12897,10,405.2199999999995,10,403.81999999999954,2opt,notBad
12898,10,403.81999999999954,10,403.81999999999954,move,improve
12899,10,403.81999999999954,10,403.81999999999954,2opt,notBad
12900,10,403.81999999999954,10,403.81999999999954,move,improve
12901,10,403.81999999999954,10,403.81999999999954,2opt,notBad
12902,10,403.81999999999954,10,403.81999999999954,swap,notBad
12903,10,403.81999999999954,10,403.81999999999954,2opt,notBad
12904,10,403.81999999999954,10,403.81999999999954,move,improve
12905,10,403.81999999999954,10,403.81999999999954,2opt,notBad
12906,10,403.81999999999954,10,403.81999999999954,move,improve
12907,10,403.81999999999954,10,403.81999999999954,swap,notBad
12908,10,403.81999999999954,10,403.81999999999954,move,improve
12909,10,403.81999999999954,10,403.81999999999954,move,improve
12910,10,403.81999999999954,10,403.81999999999954,move,improve
12911,10,403.81999999999954,10,403.81999999999954,move,improve
12912,10,403.81999999999954,10,403.81999999999954,move,improve
12913,10,403.81999999999954,10,403.81999999999954,move,improve
12914,10,403.81999999999954,10,403.81999999999954,swap,notBad
12915,10,403.81999999999954,10,403.81999999999954,move,improve
12916,10,403.81999999999954,10,403.81999999999954,swap,notBad
12917,10,403.81999999999954,10,403.81999999999954,move,improve
12918,10,403.81999999999954,10,403.81999999999954,swap,notBad
12919,10,403.81999999999954,10,403.81999999999954,2opt,improve
12920,10,403.81999999999954,10,403.81999999999954,swap,notBad
12921,10,403.81999999999954,10,403.81999999999954,2opt,improve
12922,10,403.81999999999954,10,403.81999999999954,swap,notBad
12923,10,403.81999999999954,10,403.81999999999954,swap,notBad
12924,10,403.81999999999954,10,403.81999999999954,move,improve
12925,10,403.81999999999954,10,403.81999999999954,2opt,notBad
12926,10,403.81999999999954,10,403.81999999999954,swap,notBad
12927,10,403.81999999999954,10,403.81999999999954,2opt,notBad
12928,10,403.81999999999954,10,403.81999999999954,2opt,notBad
12929,10,403.81999999999954,10,403.81999999999954,swap,notBad
12930,10,403.81999999999954,10,403.81999999999954,move,improve
12931,10,403.81999999999954,10,403.81999999999954,2opt,notBad
12932,10,403.81999999999954,10,403.81999999999954,move,improve
12933,10,403.81999999999954,10,403.81999999999954,swap,notBad
12934,10,403.81999999999954,10,403.81999999999954,swap,notBad
12935,10,403.81999999999954,10,403.81999999999954,swap,notBad
12936,10,403.81999999999954,10,403.81999999999954,move,improve
12937,10,403.81999999999954,10,403.81999999999954,swap,notBad
12938,10,403.81999999999954,10,403.81999999999954,move,improve
12939,10,403.81999999999954,10,403.81999999999954,swap,notBad
12940,10,403.81999999999954,10,403.81999999999954,move,improve
12941,10,403.81999999999954,10,403.81999999999954,move,improve
12942,10,403.81999999999954,10,403.81999999999954,swap,notBad
12943,10,403.81999999999954,10,403.81999999999954,move,improve
12944,10,403.81999999999954,10,403.81999999999954,swap,notBad
12945,10,403.81999999999954,10,403.81999999999954,move,improve
12946,10,403.81999999999954,10,403.81999999999954,move,improve
12947,10,403.81999999999954,10,403.81999999999954,2opt,improve
12948,10,403.81999999999954,10,403.81999999999954,move,improve
12949,10,403.81999999999954,10,403.81999999999954,move,notBad
12950,10,403.81999999999954,10,403.81999999999954,swap,notBad
12951,10,403.81999999999954,10,403.81999999999954,2opt,notBad
12952,10,403.81999999999954,10,403.81999999999954,2opt,improve
12953,10,403.81999999999954,10,403.81999999999954,move,improve
12954,10,404.0399999999995,10,403.81999999999954,swap,acceptBad
12955,10,404.0399999999995,10,403.81999999999954,swap,notBad
12956,10,404.0399999999995,10,403.81999999999954,2opt,notBad
12957,10,404.0399999999995,10,403.81999999999954,move,improve
12958,10,404.0399999999995,10,403.81999999999954,swap,notBad
12959,10,404.0399999999995,10,403.81999999999954,swap,notBad
12960,10,404.0399999999995,10,403.81999999999954,move,improve
12961,10,404.0399999999995,10,403.81999999999954,swap,notBad
12962,10,404.0399999999995,10,403.81999999999954,move,improve
12963,10,404.0399999999995,10,403.81999999999954,2opt,improve
12964,10,404.0399999999995,10,403.81999999999954,move,improve
12965,10,404.0399999999995,10,403.81999999999954,move,improve
12966,10,404.0399999999995,10,403.81999999999954,swap,notBad
12967,10,404.0399999999995,10,403.81999999999954,swap,notBad
12968,10,404.0399999999995,10,403.81999999999954,2opt,notBad
12969,10,404.0399999999995,10,403.81999999999954,move,improve
12970,10,404.0399999999995,10,403.81999999999954,2opt,notBad
12971,10,404.0399999999995,10,403.81999999999954,swap,notBad
12972,10,404.0399999999995,10,403.81999999999954,2opt,notBad
12973,10,404.0399999999995,10,403.81999999999954,swap,notBad
12974,10,404.0399999999995,10,403.81999999999954,move,improve
12975,10,404.0399999999995,10,403.81999999999954,2opt,notBad
12976,10,404.0399999999995,10,403.81999999999954,2opt,notBad
12977,10,404.0399999999995,10,403.81999999999954,move,improve
12978,10,404.0399999999995,10,403.81999999999954,swap,notBad
12979,10,404.0399999999995,10,403.81999999999954,2opt,notBad
12980,10,404.0399999999995,10,403.81999999999954,swap,notBad
12981,10,404.0399999999995,10,403.81999999999954,2opt,notBad
12982,10,404.0399999999995,10,403.81999999999954,swap,notBad
12983,10,404.0399999999995,10,403.81999999999954,move,improve
12984,10,404.0399999999995,10,403.81999999999954,2opt,notBad
12985,10,404.0399999999995,10,403.81999999999954,2opt,notBad
12986,10,404.0399999999995,10,403.81999999999954,swap,notBad
12987,10,404.0399999999995,10,403.81999999999954,2opt,notBad
12988,10,404.0399999999995,10,403.81999999999954,move,improve
12989,10,404.0399999999995,10,403.81999999999954,2opt,notBad
12990,10,404.0399999999995,10,403.81999999999954,move,improve
12991,10,404.0399999999995,10,403.81999999999954,2opt,improve
12992,10,404.0399999999995,10,403.81999999999954,move,improve
12993,10,404.0399999999995,10,403.81999999999954,swap,notBad
12994,10,404.0399999999995,10,403.81999999999954,move,improve
12995,10,404.0399999999995,10,403.81999999999954,move,improve
12996,10,404.0399999999995,10,403.81999999999954,move,improve
12997,10,404.0399999999995,10,403.81999999999954,swap,notBad
12998,10,404.0399999999995,10,403.81999999999954,2opt,notBad
12999,10,403.81999999999954,10,403.81999999999954,move,improve
13000,10,403.81999999999954,10,403.81999999999954,2opt,notBad
13001,10,403.81999999999954,10,403.81999999999954,swap,notBad
13002,10,403.81999999999954,10,403.81999999999954,swap,notBad
13003,10,403.81999999999954,10,403.81999999999954,swap,notBad
13004,10,403.81999999999954,10,403.81999999999954,2opt,notBad
13005,10,403.81999999999954,10,403.81999999999954,move,notBad
13006,10,403.81999999999954,10,403.81999999999954,2opt,notBad
13007,10,403.81999999999954,10,403.81999999999954,swap,notBad
13008,10,403.81999999999954,10,403.81999999999954,move,improve
13009,10,403.81999999999954,10,403.81999999999954,2opt,notBad
13010,10,403.81999999999954,10,403.81999999999954,swap,notBad
13011,10,403.81999999999954,10,403.81999999999954,2opt,notBad
13012,10,403.81999999999954,10,403.81999999999954,swap,notBad
13013,10,403.81999999999954,10,403.81999999999954,move,improve
13014,10,403.81999999999954,10,403.81999999999954,move,improve
13015,10,403.81999999999954,10,403.81999999999954,2opt,notBad
13016,10,403.81999999999954,10,403.81999999999954,2opt,notBad
13017,10,403.81999999999954,10,403.81999999999954,swap,notBad
13018,10,403.81999999999954,10,403.81999999999954,swap,notBad
13019,10,403.81999999999954,10,403.81999999999954,move,improve
13020,10,403.81999999999954,10,403.81999999999954,move,improve
13021,10,403.81999999999954,10,403.81999999999954,swap,notBad
13022,10,403.81999999999954,10,403.81999999999954,swap,notBad
13023,10,403.81999999999954,10,403.81999999999954,swap,notBad
13024,10,403.81999999999954,10,403.81999999999954,swap,notBad
13025,10,403.81999999999954,10,403.81999999999954,2opt,notBad
13026,10,403.81999999999954,10,403.81999999999954,2opt,notBad
13027,10,403.81999999999954,10,403.81999999999954,move,improve
13028,10,403.81999999999954,10,403.81999999999954,swap,notBad
13029,10,403.81999999999954,10,403.81999999999954,move,improve
13030,10,403.81999999999954,10,403.81999999999954,swap,notBad
13031,10,403.81999999999954,10,403.81999999999954,2opt,notBad
13032,10,403.81999999999954,10,403.81999999999954,move,improve
13033,10,403.81999999999954,10,403.81999999999954,2opt,notBad
13034,10,403.81999999999954,10,403.81999999999954,move,improve
13035,10,403.81999999999954,10,403.81999999999954,swap,notBad
13036,10,403.81999999999954,10,403.81999999999954,swap,notBad
13037,10,403.81999999999954,10,403.81999999999954,move,improve
13038,10,403.81999999999954,10,403.81999999999954,2opt,notBad
13039,10,403.81999999999954,10,403.81999999999954,move,improve
13040,10,403.81999999999954,10,403.81999999999954,swap,notBad
13041,10,403.81999999999954,10,403.81999999999954,move,improve
13042,10,403.81999999999954,10,403.81999999999954,move,improve
13043,10,403.81999999999954,10,403.81999999999954,2opt,notBad
13044,10,403.81999999999954,10,403.81999999999954,move,improve
13045,10,403.81999999999954,10,403.81999999999954,swap,notBad
13046,10,403.81999999999954,10,403.81999999999954,swap,notBad
13047,10,403.81999999999954,10,403.81999999999954,2opt,notBad
13048,10,403.81999999999954,10,403.81999999999954,swap,notBad
13049,10,403.81999999999954,10,403.81999999999954,swap,notBad
13050,10,403.81999999999954,10,403.81999999999954,move,improve
13051,10,403.81999999999954,10,403.81999999999954,swap,notBad
13052,10,403.81999999999954,10,403.81999999999954,move,improve
13053,10,403.81999999999954,10,403.81999999999954,swap,notBad
13054,10,403.81999999999954,10,403.81999999999954,move,improve
13055,10,403.81999999999954,10,403.81999999999954,swap,notBad
13056,10,403.81999999999954,10,403.81999999999954,swap,notBad
13057,10,403.81999999999954,10,403.81999999999954,swap,notBad
13058,10,403.81999999999954,10,403.81999999999954,2opt,improve
13059,10,403.81999999999954,10,403.81999999999954,move,improve
13060,10,403.81999999999954,10,403.81999999999954,2opt,notBad
13061,10,403.81999999999954,10,403.81999999999954,move,improve
13062,10,403.81999999999954,10,403.81999999999954,move,improve
13063,10,403.81999999999954,10,403.81999999999954,2opt,notBad
13064,10,403.81999999999954,10,403.81999999999954,2opt,notBad
13065,10,403.81999999999954,10,403.81999999999954,2opt,notBad
13066,10,403.81999999999954,10,403.81999999999954,2opt,notBad
13067,10,403.81999999999954,10,403.81999999999954,move,improve
13068,10,403.81999999999954,10,403.81999999999954,swap,notBad
13069,10,403.81999999999954,10,403.81999999999954,2opt,notBad
13070,10,403.81999999999954,10,403.81999999999954,move,improve
13071,10,403.81999999999954,10,403.81999999999954,swap,notBad
13072,10,403.81999999999954,10,403.81999999999954,2opt,notBad
13073,10,403.81999999999954,10,403.81999999999954,swap,notBad
13074,10,403.81999999999954,10,403.81999999999954,swap,notBad
13075,10,403.81999999999954,10,403.81999999999954,move,improve
13076,10,403.81999999999954,10,403.81999999999954,2opt,notBad
13077,10,403.81999999999954,10,403.81999999999954,swap,notBad
13078,10,403.81999999999954,10,403.81999999999954,move,improve
13079,10,403.81999999999954,10,403.81999999999954,2opt,notBad
13080,10,403.81999999999954,10,403.81999999999954,move,improve
13081,10,403.81999999999954,10,403.81999999999954,2opt,notBad
13082,10,403.81999999999954,10,403.81999999999954,2opt,notBad
13083,10,403.81999999999954,10,403.81999999999954,2opt,notBad
13084,10,403.81999999999954,10,403.81999999999954,swap,notBad
13085,10,403.81999999999954,10,403.81999999999954,2opt,notBad
13086,10,403.81999999999954,10,403.81999999999954,swap,notBad
13087,10,403.81999999999954,10,403.81999999999954,move,improve
13088,10,403.81999999999954,10,403.81999999999954,swap,notBad
13089,10,403.81999999999954,10,403.81999999999954,move,improve
13090,10,403.81999999999954,10,403.81999999999954,swap,notBad
13091,10,403.81999999999954,10,403.81999999999954,swap,notBad
13092,10,403.81999999999954,10,403.81999999999954,move,improve
13093,10,403.81999999999954,10,403.81999999999954,move,improve
13094,10,403.81999999999954,10,403.81999999999954,swap,notBad
13095,10,403.81999999999954,10,403.81999999999954,swap,notBad
13096,10,403.81999999999954,10,403.81999999999954,2opt,notBad
13097,10,403.81999999999954,10,403.81999999999954,move,improve
13098,10,403.81999999999954,10,403.81999999999954,move,improve
13099,10,403.81999999999954,10,403.81999999999954,swap,notBad
13100,10,403.81999999999954,10,403.81999999999954,swap,notBad
13101,10,403.81999999999954,10,403.81999999999954,2opt,notBad
13102,10,403.81999999999954,10,403.81999999999954,swap,notBad
13103,10,403.81999999999954,10,403.81999999999954,2opt,notBad
13104,10,403.81999999999954,10,403.81999999999954,2opt,notBad
13105,10,403.81999999999954,10,403.81999999999954,move,improve
13106,10,403.81999999999954,10,403.81999999999954,swap,notBad
13107,10,403.81999999999954,10,403.81999999999954,2opt,notBad
13108,10,403.81999999999954,10,403.81999999999954,swap,notBad
13109,10,403.81999999999954,10,403.81999999999954,swap,notBad
13110,10,403.81999999999954,10,403.81999999999954,move,improve
13111,10,403.81999999999954,10,403.81999999999954,2opt,notBad
13112,10,403.81999999999954,10,403.81999999999954,2opt,notBad
13113,10,403.81999999999954,10,403.81999999999954,move,improve
13114,10,403.81999999999954,10,403.81999999999954,2opt,notBad
13115,10,403.81999999999954,10,403.81999999999954,move,improve
13116,10,403.81999999999954,10,403.81999999999954,2opt,notBad
13117,10,403.81999999999954,10,403.81999999999954,swap,notBad
13118,10,403.81999999999954,10,403.81999999999954,2opt,improve
13119,10,403.81999999999954,10,403.81999999999954,move,improve
13120,10,403.81999999999954,10,403.81999999999954,swap,notBad
13121,10,403.81999999999954,10,403.81999999999954,move,improve
13122,10,403.81999999999954,10,403.81999999999954,2opt,notBad
13123,10,403.81999999999954,10,403.81999999999954,swap,notBad
13124,10,403.81999999999954,10,403.81999999999954,2opt,notBad
13125,10,403.81999999999954,10,403.81999999999954,swap,notBad
13126,10,403.81999999999954,10,403.81999999999954,2opt,notBad
13127,10,403.81999999999954,10,403.81999999999954,move,improve
13128,10,403.81999999999954,10,403.81999999999954,swap,notBad
13129,10,403.81999999999954,10,403.81999999999954,move,improve
13130,10,403.81999999999954,10,403.81999999999954,move,improve
13131,10,403.81999999999954,10,403.81999999999954,move,improve
13132,10,403.81999999999954,10,403.81999999999954,move,improve
13133,10,403.81999999999954,10,403.81999999999954,move,improve
13134,10,403.81999999999954,10,403.81999999999954,move,improve
13135,10,403.81999999999954,10,403.81999999999954,2opt,notBad
13136,10,403.81999999999954,10,403.81999999999954,2opt,notBad
13137,10,403.81999999999954,10,403.81999999999954,move,improve
13138,10,403.81999999999954,10,403.81999999999954,swap,notBad
13139,10,403.81999999999954,10,403.81999999999954,2opt,notBad
13140,10,403.81999999999954,10,403.81999999999954,move,improve
13141,10,403.81999999999954,10,403.81999999999954,2opt,notBad
13142,10,403.81999999999954,10,403.81999999999954,2opt,notBad
13143,10,403.81999999999954,10,403.81999999999954,swap,notBad
13144,10,403.81999999999954,10,403.81999999999954,2opt,notBad
13145,10,403.81999999999954,10,403.81999999999954,swap,notBad
13146,10,403.81999999999954,10,403.81999999999954,swap,notBad
13147,10,403.81999999999954,10,403.81999999999954,2opt,notBad
13148,10,403.81999999999954,10,403.81999999999954,move,improve
13149,10,403.81999999999954,10,403.81999999999954,2opt,notBad
13150,10,403.81999999999954,10,403.81999999999954,swap,notBad
13151,10,403.81999999999954,10,403.81999999999954,swap,notBad
13152,10,403.81999999999954,10,403.81999999999954,swap,notBad
13153,10,403.81999999999954,10,403.81999999999954,swap,notBad
13154,10,403.81999999999954,10,403.81999999999954,swap,notBad
13155,10,403.81999999999954,10,403.81999999999954,2opt,notBad
13156,10,403.81999999999954,10,403.81999999999954,2opt,notBad
13157,10,403.81999999999954,10,403.81999999999954,2opt,notBad
13158,10,403.81999999999954,10,403.81999999999954,swap,notBad
13159,10,403.81999999999954,10,403.81999999999954,2opt,notBad
13160,10,403.81999999999954,10,403.81999999999954,move,improve
13161,10,403.81999999999954,10,403.81999999999954,swap,notBad
13162,10,403.81999999999954,10,403.81999999999954,2opt,notBad
13163,10,403.81999999999954,10,403.81999999999954,2opt,notBad
13164,10,403.81999999999954,10,403.81999999999954,move,improve
13165,10,403.81999999999954,10,403.81999999999954,swap,notBad
13166,10,403.81999999999954,10,403.81999999999954,swap,notBad
13167,10,403.81999999999954,10,403.81999999999954,swap,notBad
13168,10,403.81999999999954,10,403.81999999999954,swap,notBad
13169,10,403.81999999999954,10,403.81999999999954,move,improve
13170,10,403.81999999999954,10,403.81999999999954,2opt,notBad
13171,10,403.81999999999954,10,403.81999999999954,2opt,notBad
13172,10,403.81999999999954,10,403.81999999999954,move,improve
13173,10,403.81999999999954,10,403.81999999999954,move,improve
13174,10,403.81999999999954,10,403.81999999999954,swap,notBad
13175,10,403.81999999999954,10,403.81999999999954,2opt,notBad
13176,10,403.81999999999954,10,403.81999999999954,2opt,notBad
13177,10,403.81999999999954,10,403.81999999999954,swap,notBad
13178,10,403.81999999999954,10,403.81999999999954,move,improve
13179,10,403.81999999999954,10,403.81999999999954,swap,notBad
13180,10,403.81999999999954,10,403.81999999999954,swap,notBad
13181,10,403.81999999999954,10,403.81999999999954,2opt,notBad
13182,10,403.81999999999954,10,403.81999999999954,2opt,notBad
13183,10,403.81999999999954,10,403.81999999999954,move,improve
13184,10,403.81999999999954,10,403.81999999999954,swap,notBad
13185,10,403.81999999999954,10,403.81999999999954,move,improve
13186,10,403.81999999999954,10,403.81999999999954,swap,notBad
13187,10,403.81999999999954,10,403.81999999999954,move,improve
13188,10,403.81999999999954,10,403.81999999999954,move,improve
13189,10,403.81999999999954,10,403.81999999999954,move,improve
13190,10,403.81999999999954,10,403.81999999999954,swap,notBad
13191,10,403.81999999999954,10,403.81999999999954,2opt,notBad
13192,10,403.81999999999954,10,403.81999999999954,2opt,notBad
13193,10,403.81999999999954,10,403.81999999999954,move,improve
13194,10,403.81999999999954,10,403.81999999999954,move,improve
13195,10,403.81999999999954,10,403.81999999999954,move,improve
13196,10,403.81999999999954,10,403.81999999999954,swap,notBad
13197,10,403.81999999999954,10,403.81999999999954,swap,notBad
13198,10,403.81999999999954,10,403.81999999999954,move,improve
13199,10,403.81999999999954,10,403.81999999999954,move,improve
13200,10,403.81999999999954,10,403.81999999999954,swap,notBad
13201,10,403.81999999999954,10,403.81999999999954,2opt,notBad
13202,10,403.81999999999954,10,403.81999999999954,swap,notBad
13203,10,403.81999999999954,10,403.81999999999954,2opt,notBad
13204,10,403.81999999999954,10,403.81999999999954,swap,notBad
13205,10,403.81999999999954,10,403.81999999999954,2opt,notBad
13206,10,403.81999999999954,10,403.81999999999954,swap,notBad
13207,10,403.81999999999954,10,403.81999999999954,move,improve
13208,10,403.81999999999954,10,403.81999999999954,2opt,notBad
13209,10,403.81999999999954,10,403.81999999999954,move,improve
13210,10,403.81999999999954,10,403.81999999999954,swap,notBad
13211,10,403.81999999999954,10,403.81999999999954,move,improve
13212,10,403.81999999999954,10,403.81999999999954,swap,notBad
13213,10,403.81999999999954,10,403.81999999999954,move,improve
13214,10,403.81999999999954,10,403.81999999999954,move,improve
13215,10,403.81999999999954,10,403.81999999999954,2opt,notBad
13216,10,403.81999999999954,10,403.81999999999954,move,improve
13217,10,403.81999999999954,10,403.81999999999954,move,improve
13218,10,403.81999999999954,10,403.81999999999954,swap,notBad
13219,10,403.81999999999954,10,403.81999999999954,2opt,notBad
13220,10,403.81999999999954,10,403.81999999999954,move,improve
13221,10,403.81999999999954,10,403.81999999999954,move,improve
13222,10,403.81999999999954,10,403.81999999999954,move,improve
13223,10,403.81999999999954,10,403.81999999999954,swap,notBad
13224,10,403.81999999999954,10,403.81999999999954,move,improve
13225,10,403.81999999999954,10,403.81999999999954,move,improve
13226,10,403.81999999999954,10,403.81999999999954,move,improve
13227,10,403.81999999999954,10,403.81999999999954,2opt,notBad
13228,10,403.81999999999954,10,403.81999999999954,2opt,notBad
13229,10,403.81999999999954,10,403.81999999999954,2opt,notBad
13230,10,403.81999999999954,10,403.81999999999954,move,improve
13231,10,403.81999999999954,10,403.81999999999954,2opt,notBad
13232,10,403.81999999999954,10,403.81999999999954,move,improve
13233,10,403.81999999999954,10,403.81999999999954,move,improve
13234,10,403.81999999999954,10,403.81999999999954,2opt,notBad
13235,10,403.81999999999954,10,403.81999999999954,2opt,notBad
13236,10,403.81999999999954,10,403.81999999999954,2opt,notBad
13237,10,403.81999999999954,10,403.81999999999954,2opt,notBad
13238,10,403.81999999999954,10,403.81999999999954,move,improve
13239,10,403.81999999999954,10,403.81999999999954,swap,notBad
13240,10,403.81999999999954,10,403.81999999999954,move,improve
13241,10,403.81999999999954,10,403.81999999999954,move,improve
13242,10,403.81999999999954,10,403.81999999999954,swap,notBad
13243,10,403.81999999999954,10,403.81999999999954,swap,notBad
13244,10,403.81999999999954,10,403.81999999999954,swap,notBad
13245,10,403.81999999999954,10,403.81999999999954,swap,notBad
13246,10,403.81999999999954,10,403.81999999999954,swap,notBad
13247,10,403.81999999999954,10,403.81999999999954,2opt,notBad
13248,10,403.81999999999954,10,403.81999999999954,move,improve
13249,10,403.81999999999954,10,403.81999999999954,swap,notBad
13250,10,403.81999999999954,10,403.81999999999954,move,improve
13251,10,403.81999999999954,10,403.81999999999954,2opt,notBad
13252,10,403.81999999999954,10,403.81999999999954,swap,notBad
13253,10,403.81999999999954,10,403.81999999999954,move,improve
13254,10,403.81999999999954,10,403.81999999999954,move,improve
13255,10,403.81999999999954,10,403.81999999999954,swap,notBad
13256,10,403.81999999999954,10,403.81999999999954,move,improve
13257,10,403.81999999999954,10,403.81999999999954,swap,notBad
13258,10,403.81999999999954,10,403.81999999999954,move,improve
13259,10,403.81999999999954,10,403.81999999999954,swap,notBad
13260,10,403.81999999999954,10,403.81999999999954,2opt,notBad
13261,10,403.81999999999954,10,403.81999999999954,2opt,notBad
13262,10,403.81999999999954,10,403.81999999999954,move,improve
13263,10,403.81999999999954,10,403.81999999999954,2opt,notBad
13264,10,403.81999999999954,10,403.81999999999954,move,improve
13265,10,403.81999999999954,10,403.81999999999954,2opt,notBad
13266,10,403.81999999999954,10,403.81999999999954,2opt,notBad
13267,10,403.81999999999954,10,403.81999999999954,move,improve
13268,10,403.81999999999954,10,403.81999999999954,swap,notBad
13269,10,403.81999999999954,10,403.81999999999954,swap,notBad
13270,10,403.81999999999954,10,403.81999999999954,2opt,notBad
13271,10,403.81999999999954,10,403.81999999999954,swap,notBad
13272,10,403.81999999999954,10,403.81999999999954,move,improve
13273,10,403.81999999999954,10,403.81999999999954,move,improve
13274,10,403.81999999999954,10,403.81999999999954,2opt,notBad
13275,10,403.81999999999954,10,403.81999999999954,swap,notBad
13276,10,403.81999999999954,10,403.81999999999954,2opt,notBad
13277,10,403.81999999999954,10,403.81999999999954,swap,notBad
13278,10,403.81999999999954,10,403.81999999999954,move,notBad
13279,10,403.81999999999954,10,403.81999999999954,swap,notBad
13280,10,403.81999999999954,10,403.81999999999954,move,improve
13281,10,403.81999999999954,10,403.81999999999954,move,improve
13282,10,403.81999999999954,10,403.81999999999954,move,improve
13283,10,403.81999999999954,10,403.81999999999954,2opt,notBad
13284,10,403.81999999999954,10,403.81999999999954,swap,notBad
13285,10,403.81999999999954,10,403.81999999999954,swap,notBad
13286,10,403.81999999999954,10,403.81999999999954,swap,notBad
13287,10,403.81999999999954,10,403.81999999999954,2opt,notBad
13288,10,403.81999999999954,10,403.81999999999954,move,improve
13289,10,403.81999999999954,10,403.81999999999954,swap,notBad
13290,10,403.81999999999954,10,403.81999999999954,2opt,notBad
13291,10,403.81999999999954,10,403.81999999999954,move,improve
13292,10,403.81999999999954,10,403.81999999999954,swap,notBad
13293,10,403.81999999999954,10,403.81999999999954,move,improve
13294,10,403.81999999999954,10,403.81999999999954,swap,notBad
13295,10,403.81999999999954,10,403.81999999999954,swap,notBad
13296,10,403.81999999999954,10,403.81999999999954,2opt,notBad
13297,10,403.81999999999954,10,403.81999999999954,swap,notBad
13298,10,403.81999999999954,10,403.81999999999954,2opt,notBad
13299,10,403.81999999999954,10,403.81999999999954,move,improve
13300,10,403.81999999999954,10,403.81999999999954,swap,notBad
13301,10,403.81999999999954,10,403.81999999999954,move,improve
13302,10,403.81999999999954,10,403.81999999999954,move,improve
13303,10,403.81999999999954,10,403.81999999999954,2opt,notBad
13304,10,403.81999999999954,10,403.81999999999954,swap,notBad
13305,10,403.81999999999954,10,403.81999999999954,2opt,notBad
13306,10,403.81999999999954,10,403.81999999999954,2opt,notBad
13307,10,403.81999999999954,10,403.81999999999954,move,improve
13308,10,403.81999999999954,10,403.81999999999954,swap,notBad
13309,10,403.81999999999954,10,403.81999999999954,2opt,notBad
13310,10,403.81999999999954,10,403.81999999999954,swap,notBad
13311,10,403.81999999999954,10,403.81999999999954,move,improve
13312,10,403.81999999999954,10,403.81999999999954,move,improve
13313,10,403.81999999999954,10,403.81999999999954,2opt,notBad
13314,10,403.81999999999954,10,403.81999999999954,move,improve
13315,10,403.81999999999954,10,403.81999999999954,swap,notBad
13316,10,403.81999999999954,10,403.81999999999954,move,improve
13317,10,403.81999999999954,10,403.81999999999954,swap,notBad
13318,10,403.81999999999954,10,403.81999999999954,2opt,improve
13319,10,403.81999999999954,10,403.81999999999954,move,improve
13320,10,403.81999999999954,10,403.81999999999954,swap,notBad
13321,10,403.81999999999954,10,403.81999999999954,move,improve
13322,10,403.81999999999954,10,403.81999999999954,2opt,improve
13323,10,403.81999999999954,10,403.81999999999954,swap,notBad
13324,10,403.81999999999954,10,403.81999999999954,2opt,improve
13325,10,403.81999999999954,10,403.81999999999954,move,improve
13326,10,403.81999999999954,10,403.81999999999954,swap,notBad
13327,10,403.81999999999954,10,403.81999999999954,move,improve
13328,10,403.81999999999954,10,403.81999999999954,2opt,notBad
13329,10,403.81999999999954,10,403.81999999999954,move,improve
13330,10,403.81999999999954,10,403.81999999999954,move,improve
13331,10,403.81999999999954,10,403.81999999999954,2opt,notBad
13332,10,403.81999999999954,10,403.81999999999954,move,improve
13333,10,403.81999999999954,10,403.81999999999954,2opt,notBad
13334,10,403.81999999999954,10,403.81999999999954,2opt,notBad
13335,10,403.81999999999954,10,403.81999999999954,move,improve
13336,10,403.81999999999954,10,403.81999999999954,swap,notBad
13337,10,403.81999999999954,10,403.81999999999954,2opt,notBad
13338,10,403.81999999999954,10,403.81999999999954,move,improve
13339,10,403.81999999999954,10,403.81999999999954,2opt,notBad
13340,10,403.81999999999954,10,403.81999999999954,move,improve
13341,10,403.81999999999954,10,403.81999999999954,2opt,notBad
13342,10,403.81999999999954,10,403.81999999999954,swap,notBad
13343,10,403.81999999999954,10,403.81999999999954,move,improve
13344,10,403.81999999999954,10,403.81999999999954,move,improve
13345,10,403.81999999999954,10,403.81999999999954,2opt,notBad
13346,10,403.81999999999954,10,403.81999999999954,swap,notBad
13347,10,403.81999999999954,10,403.81999999999954,swap,notBad
13348,10,403.81999999999954,10,403.81999999999954,move,improve
13349,10,403.81999999999954,10,403.81999999999954,swap,notBad
13350,10,403.81999999999954,10,403.81999999999954,move,improve
13351,10,403.81999999999954,10,403.81999999999954,swap,notBad
13352,10,403.81999999999954,10,403.81999999999954,move,improve
13353,10,403.81999999999954,10,403.81999999999954,swap,notBad
13354,10,403.81999999999954,10,403.81999999999954,swap,notBad
13355,10,403.81999999999954,10,403.81999999999954,2opt,notBad
13356,10,403.81999999999954,10,403.81999999999954,move,improve
13357,10,403.81999999999954,10,403.81999999999954,2opt,notBad
13358,10,403.81999999999954,10,403.81999999999954,swap,notBad
13359,10,403.81999999999954,10,403.81999999999954,move,improve
13360,10,403.81999999999954,10,403.81999999999954,move,improve
13361,10,403.81999999999954,10,403.81999999999954,2opt,notBad
13362,10,403.81999999999954,10,403.81999999999954,move,improve
13363,10,403.81999999999954,10,403.81999999999954,move,improve
13364,10,403.81999999999954,10,403.81999999999954,swap,notBad
13365,10,403.81999999999954,10,403.81999999999954,move,improve
13366,10,403.81999999999954,10,403.81999999999954,swap,notBad
13367,10,403.81999999999954,10,403.81999999999954,2opt,notBad
13368,10,403.81999999999954,10,403.81999999999954,2opt,notBad
13369,10,403.81999999999954,10,403.81999999999954,2opt,notBad
13370,10,403.81999999999954,10,403.81999999999954,move,improve
13371,10,403.81999999999954,10,403.81999999999954,swap,notBad
13372,10,403.81999999999954,10,403.81999999999954,swap,notBad
13373,10,403.81999999999954,10,403.81999999999954,2opt,notBad
13374,10,403.81999999999954,10,403.81999999999954,swap,notBad
13375,10,403.81999999999954,10,403.81999999999954,swap,notBad
13376,10,403.81999999999954,10,403.81999999999954,move,improve
13377,10,403.81999999999954,10,403.81999999999954,2opt,notBad
13378,10,403.81999999999954,10,403.81999999999954,swap,notBad
13379,10,403.81999999999954,10,403.81999999999954,swap,notBad
13380,10,403.81999999999954,10,403.81999999999954,swap,notBad
13381,10,403.81999999999954,10,403.81999999999954,swap,notBad
13382,10,403.81999999999954,10,403.81999999999954,2opt,notBad
13383,10,403.81999999999954,10,403.81999999999954,2opt,notBad
13384,10,403.81999999999954,10,403.81999999999954,move,improve
13385,10,403.81999999999954,10,403.81999999999954,2opt,notBad
13386,10,403.81999999999954,10,403.81999999999954,move,improve
13387,10,403.81999999999954,10,403.81999999999954,2opt,notBad
13388,10,403.81999999999954,10,403.81999999999954,swap,notBad
13389,10,403.81999999999954,10,403.81999999999954,2opt,notBad
13390,10,403.81999999999954,10,403.81999999999954,move,improve
13391,10,403.81999999999954,10,403.81999999999954,swap,notBad
13392,10,403.81999999999954,10,403.81999999999954,move,improve
13393,10,403.81999999999954,10,403.81999999999954,2opt,improve
13394,10,403.81999999999954,10,403.81999999999954,swap,notBad
13395,10,403.81999999999954,10,403.81999999999954,move,improve
13396,10,403.81999999999954,10,403.81999999999954,2opt,notBad
13397,10,403.81999999999954,10,403.81999999999954,2opt,notBad
13398,10,403.81999999999954,10,403.81999999999954,2opt,notBad
13399,10,403.81999999999954,10,403.81999999999954,swap,notBad
13400,10,403.9399999999996,10,403.81999999999954,swap,acceptBad
13401,10,403.9399999999996,10,403.81999999999954,swap,notBad
13402,10,403.9399999999996,10,403.81999999999954,swap,notBad
13403,10,403.9399999999996,10,403.81999999999954,2opt,notBad
13404,10,403.9399999999996,10,403.81999999999954,move,improve
13405,10,403.9399999999996,10,403.81999999999954,move,improve
13406,10,403.9399999999996,10,403.81999999999954,move,improve
13407,10,403.9399999999996,10,403.81999999999954,move,improve
13408,10,403.9399999999996,10,403.81999999999954,swap,notBad
13409,10,403.9399999999996,10,403.81999999999954,2opt,notBad
13410,10,403.9399999999996,10,403.81999999999954,2opt,notBad
13411,10,403.9399999999996,10,403.81999999999954,move,improve
13412,10,403.9399999999996,10,403.81999999999954,2opt,notBad
13413,10,403.9399999999996,10,403.81999999999954,2opt,notBad
13414,10,403.9399999999996,10,403.81999999999954,2opt,notBad
13415,10,403.9399999999996,10,403.81999999999954,swap,notBad
13416,10,403.9399999999996,10,403.81999999999954,move,improve
13417,10,403.9399999999996,10,403.81999999999954,2opt,notBad
13418,10,403.9399999999996,10,403.81999999999954,move,improve
13419,10,403.9399999999996,10,403.81999999999954,2opt,notBad
13420,10,403.9399999999996,10,403.81999999999954,2opt,notBad
13421,10,403.9399999999996,10,403.81999999999954,2opt,notBad
13422,10,403.9399999999996,10,403.81999999999954,swap,notBad
13423,10,403.9399999999996,10,403.81999999999954,2opt,notBad
13424,10,403.9399999999996,10,403.81999999999954,2opt,notBad
13425,10,403.9399999999996,10,403.81999999999954,2opt,notBad
13426,10,403.9399999999996,10,403.81999999999954,2opt,notBad
13427,10,403.9399999999996,10,403.81999999999954,swap,notBad
13428,10,403.9399999999996,10,403.81999999999954,2opt,notBad
13429,10,403.9399999999996,10,403.81999999999954,swap,notBad
13430,10,403.9399999999996,10,403.81999999999954,2opt,improve
13431,10,403.9399999999996,10,403.81999999999954,2opt,notBad
13432,10,403.9399999999996,10,403.81999999999954,2opt,notBad
13433,10,403.9399999999996,10,403.81999999999954,move,improve
13434,10,403.9399999999996,10,403.81999999999954,2opt,notBad
13435,10,403.9399999999996,10,403.81999999999954,move,improve
13436,10,403.9399999999996,10,403.81999999999954,2opt,notBad
13437,10,403.9399999999996,10,403.81999999999954,2opt,notBad
13438,10,403.9399999999996,10,403.81999999999954,swap,notBad
13439,10,403.9399999999996,10,403.81999999999954,move,improve
13440,10,403.9399999999996,10,403.81999999999954,move,improve
13441,10,403.9399999999996,10,403.81999999999954,2opt,notBad
13442,10,403.9399999999996,10,403.81999999999954,2opt,notBad
13443,10,403.9399999999996,10,403.81999999999954,swap,notBad
13444,10,403.9399999999996,10,403.81999999999954,move,improve
13445,10,403.9399999999996,10,403.81999999999954,2opt,notBad
13446,10,403.9399999999996,10,403.81999999999954,2opt,notBad
13447,10,403.9399999999996,10,403.81999999999954,swap,notBad
13448,10,403.9399999999996,10,403.81999999999954,2opt,notBad
13449,10,403.9399999999996,10,403.81999999999954,move,improve
13450,10,403.9399999999996,10,403.81999999999954,swap,notBad
13451,10,403.9399999999996,10,403.81999999999954,move,improve
13452,10,403.9399999999996,10,403.81999999999954,2opt,notBad
13453,10,403.9399999999996,10,403.81999999999954,2opt,notBad
13454,10,403.9399999999996,10,403.81999999999954,swap,notBad
13455,10,403.9399999999996,10,403.81999999999954,swap,notBad
13456,10,403.9399999999996,10,403.81999999999954,2opt,improve
13457,10,403.9399999999996,10,403.81999999999954,swap,notBad
13458,10,403.9399999999996,10,403.81999999999954,2opt,notBad
13459,10,403.9399999999996,10,403.81999999999954,swap,notBad
13460,10,403.9399999999996,10,403.81999999999954,2opt,notBad
13461,10,403.9399999999996,10,403.81999999999954,move,improve
13462,10,403.9399999999996,10,403.81999999999954,move,improve
13463,10,403.9399999999996,10,403.81999999999954,swap,notBad
13464,10,403.9399999999996,10,403.81999999999954,2opt,notBad
13465,10,403.9399999999996,10,403.81999999999954,move,improve
13466,10,403.9399999999996,10,403.81999999999954,2opt,improve
13467,10,403.9399999999996,10,403.81999999999954,move,improve
13468,10,403.9399999999996,10,403.81999999999954,swap,notBad
13469,10,403.9399999999996,10,403.81999999999954,swap,notBad
13470,10,403.9399999999996,10,403.81999999999954,2opt,notBad
13471,10,403.9399999999996,10,403.81999999999954,move,improve
13472,10,403.9399999999996,10,403.81999999999954,move,improve
13473,10,403.9399999999996,10,403.81999999999954,2opt,notBad
13474,10,403.9399999999996,10,403.81999999999954,2opt,notBad
13475,10,403.9399999999996,10,403.81999999999954,2opt,notBad
13476,10,403.9399999999996,10,403.81999999999954,2opt,notBad
13477,10,403.9399999999996,10,403.81999999999954,swap,notBad
13478,10,403.9399999999996,10,403.81999999999954,swap,notBad
13479,10,403.9399999999996,10,403.81999999999954,swap,notBad
13480,10,403.9399999999996,10,403.81999999999954,move,improve
13481,10,403.9399999999996,10,403.81999999999954,2opt,notBad
13482,10,403.9399999999996,10,403.81999999999954,move,improve
13483,10,403.9399999999996,10,403.81999999999954,swap,notBad
13484,10,403.9399999999996,10,403.81999999999954,2opt,notBad
13485,10,403.9399999999996,10,403.81999999999954,2opt,notBad
13486,10,403.9399999999996,10,403.81999999999954,move,improve
13487,10,403.9399999999996,10,403.81999999999954,move,improve
13488,10,403.9399999999996,10,403.81999999999954,2opt,notBad
13489,10,403.9399999999996,10,403.81999999999954,swap,notBad
13490,10,403.9399999999996,10,403.81999999999954,move,improve
13491,10,403.9399999999996,10,403.81999999999954,swap,notBad
13492,10,403.9399999999996,10,403.81999999999954,move,improve
13493,10,403.9399999999996,10,403.81999999999954,swap,notBad
13494,10,403.9399999999996,10,403.81999999999954,move,improve
13495,10,403.9399999999996,10,403.81999999999954,swap,notBad
13496,10,403.9399999999996,10,403.81999999999954,move,improve
13497,10,403.9399999999996,10,403.81999999999954,move,improve
13498,10,403.9399999999996,10,403.81999999999954,move,improve
13499,10,403.9399999999996,10,403.81999999999954,swap,notBad
13500,10,403.9399999999996,10,403.81999999999954,swap,notBad
13501,10,403.9399999999996,10,403.81999999999954,swap,notBad
13502,10,403.9399999999996,10,403.81999999999954,swap,notBad
13503,10,403.9399999999996,10,403.81999999999954,move,improve
13504,10,403.9399999999996,10,403.81999999999954,move,improve
13505,10,403.9399999999996,10,403.81999999999954,2opt,notBad
13506,10,403.9399999999996,10,403.81999999999954,swap,notBad
13507,10,403.9399999999996,10,403.81999999999954,swap,notBad
13508,10,403.9399999999996,10,403.81999999999954,swap,notBad
13509,10,403.9399999999996,10,403.81999999999954,move,improve
13510,10,403.9399999999996,10,403.81999999999954,2opt,notBad
13511,10,403.9399999999996,10,403.81999999999954,2opt,notBad
13512,10,403.9399999999996,10,403.81999999999954,2opt,notBad
13513,10,403.9399999999996,10,403.81999999999954,swap,notBad
13514,10,403.9399999999996,10,403.81999999999954,swap,notBad
13515,10,403.9399999999996,10,403.81999999999954,move,improve
13516,10,403.9399999999996,10,403.81999999999954,2opt,notBad
13517,10,403.9399999999996,10,403.81999999999954,swap,notBad
13518,10,403.9399999999996,10,403.81999999999954,swap,notBad
13519,10,403.9399999999996,10,403.81999999999954,swap,notBad
13520,10,403.9399999999996,10,403.81999999999954,2opt,notBad
13521,10,403.9399999999996,10,403.81999999999954,move,improve
13522,10,403.9399999999996,10,403.81999999999954,swap,notBad
13523,10,403.9399999999996,10,403.81999999999954,move,improve
13524,10,403.9399999999996,10,403.81999999999954,2opt,notBad
13525,10,403.9399999999996,10,403.81999999999954,move,improve
13526,10,403.9399999999996,10,403.81999999999954,swap,notBad
13527,10,403.9399999999996,10,403.81999999999954,2opt,notBad
13528,10,403.9399999999996,10,403.81999999999954,swap,notBad
13529,10,403.9399999999996,10,403.81999999999954,swap,notBad
13530,10,403.9399999999996,10,403.81999999999954,move,improve
13531,10,403.9399999999996,10,403.81999999999954,swap,notBad
13532,10,403.9399999999996,10,403.81999999999954,swap,notBad
13533,10,403.9399999999996,10,403.81999999999954,2opt,notBad
13534,10,403.9399999999996,10,403.81999999999954,2opt,notBad
13535,10,403.9399999999996,10,403.81999999999954,swap,notBad
13536,10,403.81999999999954,10,403.81999999999954,move,improve
13537,10,403.81999999999954,10,403.81999999999954,move,improve
13538,10,403.81999999999954,10,403.81999999999954,move,improve
13539,10,403.81999999999954,10,403.81999999999954,move,improve
13540,10,403.81999999999954,10,403.81999999999954,move,improve
13541,10,403.81999999999954,10,403.81999999999954,2opt,notBad
13542,10,403.81999999999954,10,403.81999999999954,swap,notBad
13543,10,403.81999999999954,10,403.81999999999954,swap,notBad
13544,10,403.81999999999954,10,403.81999999999954,2opt,notBad
13545,10,403.81999999999954,10,403.81999999999954,swap,notBad
13546,10,403.81999999999954,10,403.81999999999954,swap,notBad
13547,10,403.81999999999954,10,403.81999999999954,swap,notBad
13548,10,403.81999999999954,10,403.81999999999954,move,improve
13549,10,403.81999999999954,10,403.81999999999954,swap,notBad
13550,10,403.81999999999954,10,403.81999999999954,swap,notBad
13551,10,403.81999999999954,10,403.81999999999954,swap,notBad
13552,10,403.81999999999954,10,403.81999999999954,move,improve
13553,10,403.81999999999954,10,403.81999999999954,2opt,notBad
13554,10,403.81999999999954,10,403.81999999999954,swap,notBad
13555,10,403.81999999999954,10,403.81999999999954,2opt,notBad
13556,10,403.81999999999954,10,403.81999999999954,move,improve
13557,10,403.81999999999954,10,403.81999999999954,2opt,notBad
13558,10,403.81999999999954,10,403.81999999999954,move,improve
13559,10,403.81999999999954,10,403.81999999999954,2opt,notBad
13560,10,403.81999999999954,10,403.81999999999954,swap,notBad
13561,10,403.81999999999954,10,403.81999999999954,swap,notBad
13562,10,403.81999999999954,10,403.81999999999954,move,improve
13563,10,403.81999999999954,10,403.81999999999954,swap,notBad
13564,10,403.81999999999954,10,403.81999999999954,2opt,notBad
13565,10,403.81999999999954,10,403.81999999999954,move,improve
13566,10,403.81999999999954,10,403.81999999999954,move,improve
13567,10,403.81999999999954,10,403.81999999999954,2opt,improve
13568,10,403.81999999999954,10,403.81999999999954,move,improve
13569,10,403.81999999999954,10,403.81999999999954,2opt,notBad
13570,10,403.81999999999954,10,403.81999999999954,move,improve
13571,10,403.81999999999954,10,403.81999999999954,2opt,improve
13572,10,403.81999999999954,10,403.81999999999954,2opt,notBad
13573,10,403.81999999999954,10,403.81999999999954,move,improve
13574,10,403.81999999999954,10,403.81999999999954,swap,notBad
13575,10,403.81999999999954,10,403.81999999999954,move,improve
13576,10,403.81999999999954,10,403.81999999999954,swap,notBad
13577,10,404.31999999999965,10,403.81999999999954,swap,acceptBad
13578,10,404.31999999999965,10,403.81999999999954,swap,notBad
13579,10,404.31999999999965,10,403.81999999999954,swap,notBad
13580,10,404.31999999999965,10,403.81999999999954,swap,notBad
13581,10,404.31999999999965,10,403.81999999999954,swap,notBad
13582,10,404.31999999999965,10,403.81999999999954,swap,notBad
13583,10,404.31999999999965,10,403.81999999999954,move,improve
13584,10,404.31999999999965,10,403.81999999999954,swap,notBad
13585,10,404.31999999999965,10,403.81999999999954,swap,notBad
13586,10,404.31999999999965,10,403.81999999999954,move,improve
13587,10,404.31999999999965,10,403.81999999999954,swap,notBad
13588,10,404.31999999999965,10,403.81999999999954,move,improve
13589,10,404.31999999999965,10,403.81999999999954,2opt,notBad
13590,10,404.31999999999965,10,403.81999999999954,2opt,notBad
13591,10,404.31999999999965,10,403.81999999999954,2opt,notBad
13592,10,404.31999999999965,10,403.81999999999954,move,improve
13593,10,404.31999999999965,10,403.81999999999954,swap,notBad
13594,10,404.31999999999965,10,403.81999999999954,swap,notBad
13595,10,404.31999999999965,10,403.81999999999954,swap,notBad
13596,10,404.31999999999965,10,403.81999999999954,2opt,notBad
13597,10,404.31999999999965,10,403.81999999999954,swap,notBad
13598,10,404.31999999999965,10,403.81999999999954,move,improve
13599,10,404.31999999999965,10,403.81999999999954,swap,notBad
13600,10,404.31999999999965,10,403.81999999999954,move,improve
13601,10,404.31999999999965,10,403.81999999999954,swap,notBad
13602,10,404.31999999999965,10,403.81999999999954,move,improve
13603,10,404.31999999999965,10,403.81999999999954,swap,notBad
13604,10,404.31999999999965,10,403.81999999999954,move,improve
13605,10,404.31999999999965,10,403.81999999999954,2opt,notBad
13606,10,404.31999999999965,10,403.81999999999954,swap,notBad
13607,10,404.31999999999965,10,403.81999999999954,2opt,notBad
13608,10,404.31999999999965,10,403.81999999999954,2opt,improve
13609,10,404.31999999999965,10,403.81999999999954,move,improve
13610,10,404.31999999999965,10,403.81999999999954,2opt,notBad
13611,10,404.31999999999965,10,403.81999999999954,swap,notBad
13612,10,404.31999999999965,10,403.81999999999954,move,improve
13613,10,404.31999999999965,10,403.81999999999954,2opt,notBad
13614,10,404.31999999999965,10,403.81999999999954,move,improve
13615,10,404.31999999999965,10,403.81999999999954,move,improve
13616,10,404.31999999999965,10,403.81999999999954,swap,notBad
13617,10,404.31999999999965,10,403.81999999999954,2opt,notBad
13618,10,404.31999999999965,10,403.81999999999954,2opt,notBad
13619,10,404.31999999999965,10,403.81999999999954,move,improve
13620,10,404.31999999999965,10,403.81999999999954,2opt,notBad
13621,10,404.31999999999965,10,403.81999999999954,2opt,notBad
13622,10,404.31999999999965,10,403.81999999999954,swap,notBad
13623,10,404.31999999999965,10,403.81999999999954,2opt,notBad
13624,10,404.31999999999965,10,403.81999999999954,2opt,notBad
13625,10,404.31999999999965,10,403.81999999999954,move,improve
13626,10,404.31999999999965,10,403.81999999999954,move,improve
13627,10,404.31999999999965,10,403.81999999999954,2opt,notBad
13628,10,404.31999999999965,10,403.81999999999954,2opt,notBad
13629,10,404.31999999999965,10,403.81999999999954,2opt,notBad
13630,10,404.31999999999965,10,403.81999999999954,2opt,notBad
13631,10,404.31999999999965,10,403.81999999999954,move,improve
13632,10,404.31999999999965,10,403.81999999999954,move,improve
13633,10,404.31999999999965,10,403.81999999999954,move,improve
13634,10,404.31999999999965,10,403.81999999999954,move,improve
13635,10,404.31999999999965,10,403.81999999999954,move,improve
13636,10,404.31999999999965,10,403.81999999999954,move,improve
13637,10,404.31999999999965,10,403.81999999999954,swap,notBad
13638,10,404.31999999999965,10,403.81999999999954,2opt,notBad
13639,10,404.31999999999965,10,403.81999999999954,2opt,notBad
13640,10,404.31999999999965,10,403.81999999999954,move,improve
13641,10,404.31999999999965,10,403.81999999999954,2opt,notBad
13642,10,404.31999999999965,10,403.81999999999954,2opt,improve
13643,10,404.31999999999965,10,403.81999999999954,swap,notBad
13644,10,404.31999999999965,10,403.81999999999954,swap,notBad
13645,10,404.31999999999965,10,403.81999999999954,swap,notBad
13646,10,404.31999999999965,10,403.81999999999954,swap,notBad
13647,10,404.31999999999965,10,403.81999999999954,swap,notBad
13648,10,404.31999999999965,10,403.81999999999954,2opt,notBad
13649,10,404.31999999999965,10,403.81999999999954,2opt,notBad
13650,10,404.31999999999965,10,403.81999999999954,move,improve
13651,10,404.31999999999965,10,403.81999999999954,swap,notBad
13652,10,404.31999999999965,10,403.81999999999954,2opt,notBad
13653,10,404.31999999999965,10,403.81999999999954,swap,notBad
13654,10,403.81999999999954,10,403.81999999999954,move,improve
13655,10,403.81999999999954,10,403.81999999999954,move,improve
13656,10,403.81999999999954,10,403.81999999999954,move,improve
13657,10,403.81999999999954,10,403.81999999999954,swap,notBad
13658,10,403.81999999999954,10,403.81999999999954,swap,notBad
13659,10,403.81999999999954,10,403.81999999999954,swap,notBad
13660,10,403.81999999999954,10,403.81999999999954,2opt,notBad
13661,10,403.81999999999954,10,403.81999999999954,2opt,notBad
13662,10,403.81999999999954,10,403.81999999999954,2opt,notBad
13663,10,403.81999999999954,10,403.81999999999954,2opt,notBad
13664,10,403.81999999999954,10,403.81999999999954,2opt,notBad
13665,10,403.81999999999954,10,403.81999999999954,swap,notBad
13666,10,403.81999999999954,10,403.81999999999954,2opt,notBad
13667,10,403.81999999999954,10,403.81999999999954,move,improve
13668,10,403.81999999999954,10,403.81999999999954,2opt,improve
13669,10,403.81999999999954,10,403.81999999999954,move,improve
13670,10,403.81999999999954,10,403.81999999999954,move,improve
13671,10,403.81999999999954,10,403.81999999999954,2opt,notBad
13672,10,403.81999999999954,10,403.81999999999954,swap,notBad
13673,10,403.81999999999954,10,403.81999999999954,swap,notBad
13674,10,403.81999999999954,10,403.81999999999954,2opt,improve
13675,10,403.81999999999954,10,403.81999999999954,swap,notBad
13676,10,403.81999999999954,10,403.81999999999954,2opt,notBad
13677,10,403.81999999999954,10,403.81999999999954,swap,notBad
13678,10,403.81999999999954,10,403.81999999999954,move,improve
13679,10,403.81999999999954,10,403.81999999999954,move,improve
13680,10,403.81999999999954,10,403.81999999999954,swap,notBad
13681,10,403.81999999999954,10,403.81999999999954,swap,notBad
13682,10,403.81999999999954,10,403.81999999999954,2opt,notBad
13683,10,403.81999999999954,10,403.81999999999954,2opt,notBad
13684,10,403.81999999999954,10,403.81999999999954,2opt,notBad
13685,10,403.81999999999954,10,403.81999999999954,move,improve
13686,10,403.81999999999954,10,403.81999999999954,move,improve
13687,10,403.81999999999954,10,403.81999999999954,move,improve
13688,10,403.81999999999954,10,403.81999999999954,2opt,notBad
13689,10,403.81999999999954,10,403.81999999999954,swap,notBad
13690,10,403.81999999999954,10,403.81999999999954,swap,notBad
13691,10,403.81999999999954,10,403.81999999999954,swap,notBad
13692,10,403.81999999999954,10,403.81999999999954,move,improve
13693,10,403.81999999999954,10,403.81999999999954,swap,notBad
13694,10,403.81999999999954,10,403.81999999999954,move,improve
13695,10,403.81999999999954,10,403.81999999999954,move,improve
13696,10,403.81999999999954,10,403.81999999999954,2opt,notBad
13697,10,403.81999999999954,10,403.81999999999954,2opt,notBad
13698,10,403.81999999999954,10,403.81999999999954,move,improve
13699,10,403.81999999999954,10,403.81999999999954,move,improve
13700,10,403.81999999999954,10,403.81999999999954,move,improve
13701,10,403.81999999999954,10,403.81999999999954,move,improve
13702,10,403.81999999999954,10,403.81999999999954,swap,notBad
13703,10,403.81999999999954,10,403.81999999999954,2opt,notBad
13704,10,403.81999999999954,10,403.81999999999954,swap,notBad
13705,10,403.81999999999954,10,403.81999999999954,move,improve
13706,10,403.81999999999954,10,403.81999999999954,swap,notBad
13707,10,403.81999999999954,10,403.81999999999954,swap,notBad
13708,10,403.81999999999954,10,403.81999999999954,2opt,improve
13709,10,403.81999999999954,10,403.81999999999954,swap,notBad
13710,10,403.81999999999954,10,403.81999999999954,move,improve
13711,10,403.81999999999954,10,403.81999999999954,2opt,notBad
13712,10,403.81999999999954,10,403.81999999999954,move,improve
13713,10,403.81999999999954,10,403.81999999999954,2opt,notBad
13714,10,403.81999999999954,10,403.81999999999954,2opt,notBad
13715,10,403.81999999999954,10,403.81999999999954,move,improve
13716,10,403.81999999999954,10,403.81999999999954,move,improve
13717,10,403.81999999999954,10,403.81999999999954,swap,notBad
13718,10,403.81999999999954,10,403.81999999999954,move,improve
13719,10,403.81999999999954,10,403.81999999999954,2opt,notBad
13720,10,403.81999999999954,10,403.81999999999954,2opt,notBad
13721,10,403.81999999999954,10,403.81999999999954,swap,notBad
13722,10,403.81999999999954,10,403.81999999999954,swap,notBad
13723,10,403.81999999999954,10,403.81999999999954,move,improve
13724,10,403.81999999999954,10,403.81999999999954,move,improve
13725,10,403.81999999999954,10,403.81999999999954,2opt,notBad
13726,10,403.81999999999954,10,403.81999999999954,move,improve
13727,10,403.81999999999954,10,403.81999999999954,move,improve
13728,10,403.81999999999954,10,403.81999999999954,swap,notBad
13729,10,403.81999999999954,10,403.81999999999954,swap,notBad
13730,10,403.81999999999954,10,403.81999999999954,move,improve
13731,10,403.81999999999954,10,403.81999999999954,2opt,improve
13732,10,403.81999999999954,10,403.81999999999954,move,improve
13733,10,403.81999999999954,10,403.81999999999954,move,improve
13734,10,403.81999999999954,10,403.81999999999954,2opt,notBad
13735,10,403.81999999999954,10,403.81999999999954,2opt,notBad
13736,10,403.81999999999954,10,403.81999999999954,move,improve
13737,10,403.81999999999954,10,403.81999999999954,move,improve
13738,10,403.81999999999954,10,403.81999999999954,2opt,notBad
13739,10,403.81999999999954,10,403.81999999999954,move,improve
13740,10,403.81999999999954,10,403.81999999999954,swap,notBad
13741,10,403.81999999999954,10,403.81999999999954,swap,notBad
13742,10,403.81999999999954,10,403.81999999999954,swap,notBad
13743,10,403.81999999999954,10,403.81999999999954,2opt,notBad
13744,10,403.81999999999954,10,403.81999999999954,2opt,notBad
13745,10,403.81999999999954,10,403.81999999999954,move,improve
13746,10,403.81999999999954,10,403.81999999999954,2opt,notBad
13747,10,403.81999999999954,10,403.81999999999954,move,improve
13748,10,403.81999999999954,10,403.81999999999954,move,improve
13749,10,403.81999999999954,10,403.81999999999954,swap,notBad
13750,10,403.81999999999954,10,403.81999999999954,2opt,notBad
13751,10,403.81999999999954,10,403.81999999999954,swap,notBad
13752,10,403.81999999999954,10,403.81999999999954,swap,notBad
13753,10,403.81999999999954,10,403.81999999999954,swap,notBad
13754,10,403.81999999999954,10,403.81999999999954,move,improve
13755,10,403.81999999999954,10,403.81999999999954,2opt,notBad
13756,10,403.81999999999954,10,403.81999999999954,2opt,notBad
13757,10,403.81999999999954,10,403.81999999999954,swap,notBad
13758,10,403.81999999999954,10,403.81999999999954,swap,notBad
13759,10,403.81999999999954,10,403.81999999999954,swap,notBad
13760,10,403.81999999999954,10,403.81999999999954,move,improve
13761,10,403.81999999999954,10,403.81999999999954,move,improve
13762,10,403.81999999999954,10,403.81999999999954,swap,notBad
13763,10,403.81999999999954,10,403.81999999999954,swap,notBad
13764,10,403.81999999999954,10,403.81999999999954,move,notBad
13765,10,403.81999999999954,10,403.81999999999954,move,improve
13766,10,403.81999999999954,10,403.81999999999954,move,improve
13767,10,403.81999999999954,10,403.81999999999954,2opt,notBad
13768,10,403.81999999999954,10,403.81999999999954,2opt,improve
13769,10,403.81999999999954,10,403.81999999999954,2opt,improve
13770,10,403.81999999999954,10,403.81999999999954,swap,notBad
13771,10,403.81999999999954,10,403.81999999999954,swap,notBad
13772,10,403.81999999999954,10,403.81999999999954,swap,notBad
13773,10,403.81999999999954,10,403.81999999999954,move,improve
13774,10,403.81999999999954,10,403.81999999999954,swap,notBad
13775,10,403.81999999999954,10,403.81999999999954,2opt,notBad
13776,10,403.81999999999954,10,403.81999999999954,move,improve
13777,10,403.81999999999954,10,403.81999999999954,2opt,notBad
13778,10,403.81999999999954,10,403.81999999999954,move,improve
13779,10,403.81999999999954,10,403.81999999999954,swap,notBad
13780,10,403.81999999999954,10,403.81999999999954,swap,notBad
13781,10,403.81999999999954,10,403.81999999999954,2opt,notBad
13782,10,403.81999999999954,10,403.81999999999954,move,improve
13783,10,403.81999999999954,10,403.81999999999954,2opt,notBad
13784,10,403.81999999999954,10,403.81999999999954,move,improve
13785,10,403.81999999999954,10,403.81999999999954,move,improve
13786,10,403.81999999999954,10,403.81999999999954,move,improve
13787,10,403.81999999999954,10,403.81999999999954,swap,notBad
13788,10,403.81999999999954,10,403.81999999999954,swap,notBad
13789,10,403.81999999999954,10,403.81999999999954,2opt,notBad
13790,10,403.81999999999954,10,403.81999999999954,move,improve
13791,10,403.81999999999954,10,403.81999999999954,swap,notBad
13792,10,403.81999999999954,10,403.81999999999954,2opt,notBad
13793,10,403.81999999999954,10,403.81999999999954,move,improve
13794,10,403.81999999999954,10,403.81999999999954,2opt,notBad
13795,10,403.81999999999954,10,403.81999999999954,swap,notBad
13796,10,403.81999999999954,10,403.81999999999954,2opt,notBad
13797,10,403.81999999999954,10,403.81999999999954,swap,notBad
13798,10,403.81999999999954,10,403.81999999999954,swap,notBad
13799,10,403.81999999999954,10,403.81999999999954,move,improve
13800,10,403.81999999999954,10,403.81999999999954,move,improve
13801,10,403.81999999999954,10,403.81999999999954,2opt,notBad
13802,10,403.81999999999954,10,403.81999999999954,2opt,notBad
13803,10,403.81999999999954,10,403.81999999999954,swap,notBad
13804,10,403.81999999999954,10,403.81999999999954,2opt,notBad
13805,10,403.81999999999954,10,403.81999999999954,swap,notBad
13806,10,403.81999999999954,10,403.81999999999954,swap,notBad
13807,10,403.81999999999954,10,403.81999999999954,swap,notBad
13808,10,403.81999999999954,10,403.81999999999954,swap,notBad
13809,10,403.81999999999954,10,403.81999999999954,move,improve
13810,10,403.81999999999954,10,403.81999999999954,move,improve
13811,10,403.81999999999954,10,403.81999999999954,move,improve
13812,10,403.81999999999954,10,403.81999999999954,swap,notBad
13813,10,403.81999999999954,10,403.81999999999954,swap,notBad
13814,10,403.81999999999954,10,403.81999999999954,move,improve
13815,10,403.81999999999954,10,403.81999999999954,swap,notBad
13816,10,403.81999999999954,10,403.81999999999954,move,improve
13817,10,403.81999999999954,10,403.81999999999954,2opt,notBad
13818,10,403.81999999999954,10,403.81999999999954,swap,notBad
13819,10,403.81999999999954,10,403.81999999999954,2opt,notBad
13820,10,403.81999999999954,10,403.81999999999954,swap,notBad
13821,10,403.81999999999954,10,403.81999999999954,move,improve
13822,10,403.81999999999954,10,403.81999999999954,move,improve
13823,10,403.81999999999954,10,403.81999999999954,swap,notBad
13824,10,403.81999999999954,10,403.81999999999954,swap,notBad
13825,10,403.81999999999954,10,403.81999999999954,swap,notBad
13826,10,403.81999999999954,10,403.81999999999954,move,improve
13827,10,403.81999999999954,10,403.81999999999954,swap,notBad
13828,10,403.81999999999954,10,403.81999999999954,swap,notBad
13829,10,403.81999999999954,10,403.81999999999954,move,improve
13830,10,403.81999999999954,10,403.81999999999954,swap,notBad
13831,10,403.81999999999954,10,403.81999999999954,swap,notBad
13832,10,403.81999999999954,10,403.81999999999954,move,improve
13833,10,403.81999999999954,10,403.81999999999954,move,improve
13834,10,403.81999999999954,10,403.81999999999954,move,improve
13835,10,403.81999999999954,10,403.81999999999954,2opt,improve
13836,10,403.81999999999954,10,403.81999999999954,move,improve
13837,10,403.81999999999954,10,403.81999999999954,move,improve
13838,10,403.81999999999954,10,403.81999999999954,swap,notBad
13839,10,403.81999999999954,10,403.81999999999954,swap,notBad
13840,10,403.81999999999954,10,403.81999999999954,move,notBad
13841,10,403.81999999999954,10,403.81999999999954,swap,notBad
13842,10,403.81999999999954,10,403.81999999999954,move,improve
13843,10,403.81999999999954,10,403.81999999999954,move,improve
13844,10,403.81999999999954,10,403.81999999999954,move,improve
13845,10,403.81999999999954,10,403.81999999999954,2opt,notBad
13846,10,403.81999999999954,10,403.81999999999954,2opt,notBad
13847,10,403.81999999999954,10,403.81999999999954,swap,notBad
13848,10,403.81999999999954,10,403.81999999999954,2opt,notBad
13849,10,403.81999999999954,10,403.81999999999954,move,improve
13850,10,403.81999999999954,10,403.81999999999954,move,improve
13851,10,403.81999999999954,10,403.81999999999954,2opt,notBad
13852,10,403.81999999999954,10,403.81999999999954,move,improve
13853,10,403.81999999999954,10,403.81999999999954,move,improve
13854,10,403.81999999999954,10,403.81999999999954,swap,notBad
13855,10,403.81999999999954,10,403.81999999999954,move,improve
13856,10,403.81999999999954,10,403.81999999999954,swap,notBad
13857,10,403.81999999999954,10,403.81999999999954,2opt,notBad
13858,10,403.81999999999954,10,403.81999999999954,2opt,notBad
13859,10,403.81999999999954,10,403.81999999999954,2opt,notBad
13860,10,403.81999999999954,10,403.81999999999954,2opt,notBad
13861,10,403.81999999999954,10,403.81999999999954,2opt,notBad
13862,10,403.81999999999954,10,403.81999999999954,swap,notBad
13863,10,403.81999999999954,10,403.81999999999954,swap,notBad
13864,10,403.81999999999954,10,403.81999999999954,move,improve
13865,10,403.81999999999954,10,403.81999999999954,move,improve
13866,10,403.81999999999954,10,403.81999999999954,move,improve
13867,10,403.81999999999954,10,403.81999999999954,2opt,notBad
13868,10,403.81999999999954,10,403.81999999999954,move,improve
13869,10,403.81999999999954,10,403.81999999999954,move,improve
13870,10,403.81999999999954,10,403.81999999999954,move,improve
13871,10,403.81999999999954,10,403.81999999999954,move,improve
13872,10,403.81999999999954,10,403.81999999999954,2opt,notBad
13873,10,403.81999999999954,10,403.81999999999954,move,improve
13874,10,403.81999999999954,10,403.81999999999954,move,improve
13875,10,403.81999999999954,10,403.81999999999954,2opt,notBad
13876,10,403.81999999999954,10,403.81999999999954,move,improve
13877,10,403.81999999999954,10,403.81999999999954,2opt,notBad
13878,10,403.81999999999954,10,403.81999999999954,swap,notBad
13879,10,403.81999999999954,10,403.81999999999954,2opt,notBad
13880,10,403.81999999999954,10,403.81999999999954,2opt,notBad
13881,10,403.81999999999954,10,403.81999999999954,swap,notBad
13882,10,403.81999999999954,10,403.81999999999954,2opt,notBad
13883,10,403.81999999999954,10,403.81999999999954,move,improve
13884,10,403.81999999999954,10,403.81999999999954,move,improve
13885,10,403.81999999999954,10,403.81999999999954,move,improve
13886,10,403.81999999999954,10,403.81999999999954,swap,notBad
13887,10,403.81999999999954,10,403.81999999999954,swap,notBad
13888,10,403.81999999999954,10,403.81999999999954,swap,notBad
13889,10,403.81999999999954,10,403.81999999999954,move,improve
13890,10,403.81999999999954,10,403.81999999999954,move,improve
13891,10,403.81999999999954,10,403.81999999999954,move,improve
13892,10,403.81999999999954,10,403.81999999999954,move,improve
13893,10,403.81999999999954,10,403.81999999999954,move,improve
13894,10,403.81999999999954,10,403.81999999999954,2opt,notBad
13895,10,403.81999999999954,10,403.81999999999954,2opt,notBad
13896,10,403.81999999999954,10,403.81999999999954,move,improve
13897,10,403.81999999999954,10,403.81999999999954,swap,notBad
13898,10,403.81999999999954,10,403.81999999999954,2opt,notBad
13899,10,403.81999999999954,10,403.81999999999954,swap,notBad
13900,10,403.81999999999954,10,403.81999999999954,move,improve
13901,10,403.81999999999954,10,403.81999999999954,2opt,notBad
13902,10,403.81999999999954,10,403.81999999999954,swap,notBad
13903,10,403.81999999999954,10,403.81999999999954,swap,notBad
13904,10,403.81999999999954,10,403.81999999999954,swap,notBad
13905,10,403.81999999999954,10,403.81999999999954,2opt,notBad
13906,10,403.81999999999954,10,403.81999999999954,move,improve
13907,10,403.81999999999954,10,403.81999999999954,swap,notBad
13908,10,403.81999999999954,10,403.81999999999954,2opt,notBad
13909,10,403.81999999999954,10,403.81999999999954,move,improve
13910,10,403.81999999999954,10,403.81999999999954,2opt,improve
13911,10,403.81999999999954,10,403.81999999999954,swap,notBad
13912,10,403.81999999999954,10,403.81999999999954,swap,notBad
13913,10,403.81999999999954,10,403.81999999999954,2opt,notBad
13914,10,403.81999999999954,10,403.81999999999954,move,improve
13915,10,403.81999999999954,10,403.81999999999954,2opt,notBad
13916,10,403.81999999999954,10,403.81999999999954,2opt,notBad
13917,10,403.81999999999954,10,403.81999999999954,2opt,notBad
13918,10,403.81999999999954,10,403.81999999999954,move,improve
13919,10,403.81999999999954,10,403.81999999999954,move,improve
13920,10,403.81999999999954,10,403.81999999999954,2opt,notBad
13921,10,403.81999999999954,10,403.81999999999954,swap,notBad
13922,10,403.81999999999954,10,403.81999999999954,2opt,notBad
13923,10,403.81999999999954,10,403.81999999999954,swap,notBad
13924,10,403.81999999999954,10,403.81999999999954,2opt,notBad
13925,10,403.81999999999954,10,403.81999999999954,2opt,notBad
13926,10,403.81999999999954,10,403.81999999999954,move,improve
13927,10,403.81999999999954,10,403.81999999999954,swap,notBad
13928,10,403.81999999999954,10,403.81999999999954,2opt,notBad
13929,10,403.81999999999954,10,403.81999999999954,move,improve
13930,10,403.81999999999954,10,403.81999999999954,2opt,notBad
13931,10,403.81999999999954,10,403.81999999999954,move,improve
13932,10,403.81999999999954,10,403.81999999999954,swap,notBad
13933,10,403.81999999999954,10,403.81999999999954,2opt,notBad
13934,10,403.81999999999954,10,403.81999999999954,swap,notBad
13935,10,403.81999999999954,10,403.81999999999954,move,improve
13936,10,403.81999999999954,10,403.81999999999954,move,improve
13937,10,403.81999999999954,10,403.81999999999954,swap,notBad
13938,10,403.81999999999954,10,403.81999999999954,2opt,notBad
13939,10,403.81999999999954,10,403.81999999999954,swap,notBad
13940,10,403.81999999999954,10,403.81999999999954,swap,notBad
13941,10,403.81999999999954,10,403.81999999999954,2opt,notBad
13942,10,403.81999999999954,10,403.81999999999954,2opt,notBad
13943,10,403.81999999999954,10,403.81999999999954,2opt,notBad
13944,10,403.81999999999954,10,403.81999999999954,2opt,notBad
13945,10,403.81999999999954,10,403.81999999999954,move,improve
13946,10,403.81999999999954,10,403.81999999999954,swap,notBad
13947,10,403.81999999999954,10,403.81999999999954,swap,notBad
13948,10,403.81999999999954,10,403.81999999999954,move,improve
13949,10,403.81999999999954,10,403.81999999999954,swap,notBad
13950,10,403.81999999999954,10,403.81999999999954,swap,notBad
13951,10,403.81999999999954,10,403.81999999999954,2opt,notBad
13952,10,403.81999999999954,10,403.81999999999954,2opt,notBad
13953,10,403.81999999999954,10,403.81999999999954,move,improve
13954,10,403.81999999999954,10,403.81999999999954,swap,notBad
13955,10,403.81999999999954,10,403.81999999999954,2opt,notBad
13956,10,403.81999999999954,10,403.81999999999954,move,improve
13957,10,403.81999999999954,10,403.81999999999954,2opt,notBad
13958,10,403.81999999999954,10,403.81999999999954,swap,notBad
13959,10,403.81999999999954,10,403.81999999999954,2opt,notBad
13960,10,403.81999999999954,10,403.81999999999954,2opt,improve
13961,10,403.81999999999954,10,403.81999999999954,move,improve
13962,10,403.81999999999954,10,403.81999999999954,2opt,notBad
13963,10,403.81999999999954,10,403.81999999999954,2opt,improve
13964,10,403.81999999999954,10,403.81999999999954,move,improve
13965,10,403.81999999999954,10,403.81999999999954,swap,notBad
13966,10,403.81999999999954,10,403.81999999999954,swap,notBad
13967,10,403.81999999999954,10,403.81999999999954,2opt,notBad
13968,10,403.81999999999954,10,403.81999999999954,swap,notBad
13969,10,403.81999999999954,10,403.81999999999954,swap,notBad
13970,10,403.81999999999954,10,403.81999999999954,move,improve
13971,10,403.81999999999954,10,403.81999999999954,2opt,notBad
13972,10,403.81999999999954,10,403.81999999999954,2opt,notBad
13973,10,403.81999999999954,10,403.81999999999954,swap,notBad
13974,10,403.81999999999954,10,403.81999999999954,move,improve
13975,10,403.81999999999954,10,403.81999999999954,swap,notBad
13976,10,403.81999999999954,10,403.81999999999954,swap,notBad
13977,10,403.81999999999954,10,403.81999999999954,move,improve
13978,10,403.81999999999954,10,403.81999999999954,swap,notBad
13979,10,403.81999999999954,10,403.81999999999954,2opt,notBad
13980,10,403.81999999999954,10,403.81999999999954,move,improve
13981,10,403.81999999999954,10,403.81999999999954,move,improve
13982,10,403.81999999999954,10,403.81999999999954,2opt,notBad
13983,10,403.81999999999954,10,403.81999999999954,move,improve
13984,10,403.81999999999954,10,403.81999999999954,move,improve
13985,10,403.81999999999954,10,403.81999999999954,2opt,notBad
13986,10,403.81999999999954,10,403.81999999999954,move,improve
13987,10,403.81999999999954,10,403.81999999999954,2opt,notBad
13988,10,403.81999999999954,10,403.81999999999954,2opt,notBad
13989,10,403.81999999999954,10,403.81999999999954,swap,notBad
13990,10,403.81999999999954,10,403.81999999999954,move,improve
13991,10,403.81999999999954,10,403.81999999999954,swap,notBad
13992,10,403.81999999999954,10,403.81999999999954,2opt,improve
13993,10,403.81999999999954,10,403.81999999999954,swap,notBad
13994,10,403.81999999999954,10,403.81999999999954,move,improve
13995,10,403.81999999999954,10,403.81999999999954,swap,notBad
13996,10,403.81999999999954,10,403.81999999999954,move,improve
13997,10,403.81999999999954,10,403.81999999999954,2opt,notBad
13998,10,403.81999999999954,10,403.81999999999954,2opt,notBad
13999,10,403.81999999999954,10,403.81999999999954,move,improve
14000,10,403.81999999999954,10,403.81999999999954,swap,notBad
14001,10,403.81999999999954,10,403.81999999999954,move,improve
14002,10,403.81999999999954,10,403.81999999999954,2opt,notBad
14003,10,403.81999999999954,10,403.81999999999954,move,improve
14004,10,403.81999999999954,10,403.81999999999954,swap,notBad
14005,10,403.81999999999954,10,403.81999999999954,2opt,notBad
14006,10,403.81999999999954,10,403.81999999999954,move,improve
14007,10,403.81999999999954,10,403.81999999999954,swap,notBad
14008,10,403.81999999999954,10,403.81999999999954,move,improve
14009,10,403.81999999999954,10,403.81999999999954,2opt,notBad
14010,10,403.81999999999954,10,403.81999999999954,2opt,notBad
14011,10,403.81999999999954,10,403.81999999999954,move,improve
14012,10,403.81999999999954,10,403.81999999999954,swap,notBad
14013,10,403.81999999999954,10,403.81999999999954,2opt,notBad
14014,10,403.81999999999954,10,403.81999999999954,move,improve
14015,10,403.81999999999954,10,403.81999999999954,swap,notBad
14016,10,403.81999999999954,10,403.81999999999954,swap,notBad
14017,10,403.81999999999954,10,403.81999999999954,move,improve
14018,10,403.81999999999954,10,403.81999999999954,move,improve
14019,10,403.81999999999954,10,403.81999999999954,move,notBad
14020,10,403.81999999999954,10,403.81999999999954,2opt,notBad
14021,10,403.81999999999954,10,403.81999999999954,swap,notBad
14022,10,403.81999999999954,10,403.81999999999954,2opt,notBad
14023,10,403.81999999999954,10,403.81999999999954,move,improve
14024,10,403.81999999999954,10,403.81999999999954,swap,notBad
14025,10,403.81999999999954,10,403.81999999999954,2opt,notBad
14026,10,403.81999999999954,10,403.81999999999954,2opt,improve
14027,10,403.81999999999954,10,403.81999999999954,2opt,notBad
14028,10,403.81999999999954,10,403.81999999999954,swap,notBad
14029,10,403.81999999999954,10,403.81999999999954,2opt,notBad
14030,10,403.81999999999954,10,403.81999999999954,move,improve
14031,10,403.81999999999954,10,403.81999999999954,swap,notBad
14032,10,403.81999999999954,10,403.81999999999954,2opt,notBad
14033,10,403.81999999999954,10,403.81999999999954,move,improve
14034,10,403.81999999999954,10,403.81999999999954,swap,notBad
14035,10,403.81999999999954,10,403.81999999999954,2opt,improve
14036,10,403.81999999999954,10,403.81999999999954,swap,notBad
14037,10,403.81999999999954,10,403.81999999999954,swap,notBad
14038,10,403.81999999999954,10,403.81999999999954,2opt,improve
14039,10,403.81999999999954,10,403.81999999999954,swap,notBad
14040,10,403.81999999999954,10,403.81999999999954,move,improve
14041,10,403.81999999999954,10,403.81999999999954,2opt,notBad
14042,10,403.81999999999954,10,403.81999999999954,2opt,notBad
14043,10,403.81999999999954,10,403.81999999999954,swap,notBad
14044,10,403.81999999999954,10,403.81999999999954,swap,notBad
14045,10,403.81999999999954,10,403.81999999999954,2opt,notBad
14046,10,403.81999999999954,10,403.81999999999954,2opt,notBad
14047,10,403.81999999999954,10,403.81999999999954,2opt,notBad
14048,10,403.81999999999954,10,403.81999999999954,swap,notBad
14049,10,403.81999999999954,10,403.81999999999954,swap,notBad
14050,10,403.81999999999954,10,403.81999999999954,swap,notBad
14051,10,403.81999999999954,10,403.81999999999954,swap,notBad
14052,10,403.81999999999954,10,403.81999999999954,swap,notBad
14053,10,403.81999999999954,10,403.81999999999954,move,improve
14054,10,403.81999999999954,10,403.81999999999954,swap,notBad
14055,10,403.81999999999954,10,403.81999999999954,swap,notBad
14056,10,403.81999999999954,10,403.81999999999954,2opt,improve
14057,10,403.81999999999954,10,403.81999999999954,2opt,notBad
14058,10,403.81999999999954,10,403.81999999999954,2opt,notBad
14059,10,403.81999999999954,10,403.81999999999954,2opt,notBad
14060,10,403.81999999999954,10,403.81999999999954,swap,notBad
14061,10,403.81999999999954,10,403.81999999999954,2opt,notBad
14062,10,403.81999999999954,10,403.81999999999954,2opt,notBad
14063,10,403.81999999999954,10,403.81999999999954,swap,notBad
14064,10,403.81999999999954,10,403.81999999999954,swap,notBad
14065,10,403.81999999999954,10,403.81999999999954,swap,notBad
14066,10,403.81999999999954,10,403.81999999999954,2opt,notBad
14067,10,403.81999999999954,10,403.81999999999954,2opt,notBad
14068,10,403.81999999999954,10,403.81999999999954,swap,notBad
14069,10,403.81999999999954,10,403.81999999999954,move,improve
14070,10,403.81999999999954,10,403.81999999999954,move,improve
14071,10,403.81999999999954,10,403.81999999999954,2opt,notBad
14072,10,403.81999999999954,10,403.81999999999954,swap,notBad
14073,10,403.81999999999954,10,403.81999999999954,swap,notBad
14074,10,403.81999999999954,10,403.81999999999954,2opt,notBad
14075,10,403.81999999999954,10,403.81999999999954,swap,notBad
14076,10,403.81999999999954,10,403.81999999999954,swap,notBad
14077,10,403.81999999999954,10,403.81999999999954,swap,notBad
14078,10,403.81999999999954,10,403.81999999999954,move,improve
14079,10,403.81999999999954,10,403.81999999999954,2opt,notBad
14080,10,403.81999999999954,10,403.81999999999954,move,improve
14081,10,403.81999999999954,10,403.81999999999954,move,improve
14082,10,403.81999999999954,10,403.81999999999954,swap,notBad
14083,10,403.81999999999954,10,403.81999999999954,move,improve
14084,10,403.81999999999954,10,403.81999999999954,move,improve
14085,10,403.81999999999954,10,403.81999999999954,move,improve
14086,10,403.81999999999954,10,403.81999999999954,2opt,notBad
14087,10,403.81999999999954,10,403.81999999999954,swap,notBad
14088,10,403.81999999999954,10,403.81999999999954,2opt,notBad
14089,10,403.81999999999954,10,403.81999999999954,2opt,notBad
14090,10,403.81999999999954,10,403.81999999999954,2opt,notBad
14091,10,403.81999999999954,10,403.81999999999954,move,improve
14092,10,403.81999999999954,10,403.81999999999954,2opt,improve
14093,10,403.81999999999954,10,403.81999999999954,2opt,notBad
14094,10,403.81999999999954,10,403.81999999999954,swap,notBad
14095,10,403.81999999999954,10,403.81999999999954,move,improve
14096,10,403.81999999999954,10,403.81999999999954,2opt,improve
14097,10,403.81999999999954,10,403.81999999999954,swap,notBad
14098,10,403.81999999999954,10,403.81999999999954,swap,notBad
14099,10,403.81999999999954,10,403.81999999999954,2opt,notBad
14100,10,403.81999999999954,10,403.81999999999954,move,improve
14101,10,403.81999999999954,10,403.81999999999954,move,improve
14102,10,403.81999999999954,10,403.81999999999954,2opt,notBad
14103,10,403.81999999999954,10,403.81999999999954,swap,notBad
14104,10,403.81999999999954,10,403.81999999999954,swap,notBad
14105,10,403.81999999999954,10,403.81999999999954,swap,notBad
14106,10,403.81999999999954,10,403.81999999999954,swap,notBad
14107,10,403.81999999999954,10,403.81999999999954,move,improve
14108,10,403.81999999999954,10,403.81999999999954,swap,notBad
14109,10,403.81999999999954,10,403.81999999999954,swap,notBad
14110,10,403.81999999999954,10,403.81999999999954,2opt,notBad
14111,10,403.81999999999954,10,403.81999999999954,move,improve
14112,10,403.81999999999954,10,403.81999999999954,move,improve
14113,10,403.81999999999954,10,403.81999999999954,2opt,notBad
14114,10,403.81999999999954,10,403.81999999999954,swap,notBad
14115,10,403.81999999999954,10,403.81999999999954,2opt,notBad
14116,10,403.81999999999954,10,403.81999999999954,move,improve
14117,10,403.81999999999954,10,403.81999999999954,2opt,notBad
14118,10,403.81999999999954,10,403.81999999999954,2opt,notBad
14119,10,403.81999999999954,10,403.81999999999954,move,improve
14120,10,403.81999999999954,10,403.81999999999954,move,improve
14121,10,403.81999999999954,10,403.81999999999954,move,improve
14122,10,403.81999999999954,10,403.81999999999954,2opt,notBad
14123,10,403.81999999999954,10,403.81999999999954,2opt,notBad
14124,10,403.81999999999954,10,403.81999999999954,2opt,notBad
14125,10,403.81999999999954,10,403.81999999999954,2opt,notBad
14126,10,403.81999999999954,10,403.81999999999954,2opt,notBad
14127,10,403.81999999999954,10,403.81999999999954,2opt,notBad
14128,10,403.81999999999954,10,403.81999999999954,2opt,notBad
14129,10,403.81999999999954,10,403.81999999999954,swap,notBad
14130,10,403.81999999999954,10,403.81999999999954,swap,notBad
14131,10,403.81999999999954,10,403.81999999999954,2opt,notBad
14132,10,403.81999999999954,10,403.81999999999954,2opt,notBad
14133,10,403.81999999999954,10,403.81999999999954,2opt,notBad
14134,10,403.81999999999954,10,403.81999999999954,2opt,improve
14135,10,403.81999999999954,10,403.81999999999954,swap,notBad
14136,10,403.81999999999954,10,403.81999999999954,move,improve
14137,10,403.81999999999954,10,403.81999999999954,swap,notBad
14138,10,403.81999999999954,10,403.81999999999954,move,improve
14139,10,403.81999999999954,10,403.81999999999954,move,improve
14140,10,403.81999999999954,10,403.81999999999954,move,improve
14141,10,403.81999999999954,10,403.81999999999954,2opt,notBad
14142,10,403.81999999999954,10,403.81999999999954,move,improve
14143,10,403.81999999999954,10,403.81999999999954,2opt,notBad
14144,10,403.81999999999954,10,403.81999999999954,move,improve
14145,10,403.81999999999954,10,403.81999999999954,move,improve
14146,10,403.81999999999954,10,403.81999999999954,swap,notBad
14147,10,403.81999999999954,10,403.81999999999954,swap,notBad
14148,10,403.81999999999954,10,403.81999999999954,move,improve
14149,10,403.81999999999954,10,403.81999999999954,swap,notBad
14150,10,403.81999999999954,10,403.81999999999954,swap,notBad
14151,10,403.81999999999954,10,403.81999999999954,swap,notBad
14152,10,403.81999999999954,10,403.81999999999954,move,improve
14153,10,403.81999999999954,10,403.81999999999954,move,improve
14154,10,403.81999999999954,10,403.81999999999954,2opt,notBad
14155,10,403.81999999999954,10,403.81999999999954,swap,notBad
14156,10,403.81999999999954,10,403.81999999999954,move,improve
14157,10,404.31999999999965,10,403.81999999999954,swap,acceptBad
14158,10,404.31999999999965,10,403.81999999999954,move,improve
14159,10,404.31999999999965,10,403.81999999999954,move,improve
14160,10,404.31999999999965,10,403.81999999999954,2opt,notBad
14161,10,404.31999999999965,10,403.81999999999954,move,improve
14162,10,404.31999999999965,10,403.81999999999954,swap,notBad
14163,10,404.31999999999965,10,403.81999999999954,move,improve
14164,10,404.31999999999965,10,403.81999999999954,move,improve
14165,10,404.31999999999965,10,403.81999999999954,2opt,notBad
14166,10,404.31999999999965,10,403.81999999999954,swap,notBad
14167,10,404.31999999999965,10,403.81999999999954,2opt,notBad
14168,10,404.31999999999965,10,403.81999999999954,2opt,notBad
14169,10,404.31999999999965,10,403.81999999999954,swap,notBad
14170,10,404.31999999999965,10,403.81999999999954,swap,notBad
14171,10,404.31999999999965,10,403.81999999999954,2opt,notBad
14172,10,404.31999999999965,10,403.81999999999954,2opt,notBad
14173,10,404.31999999999965,10,403.81999999999954,2opt,improve
14174,10,404.31999999999965,10,403.81999999999954,swap,notBad
14175,10,404.31999999999965,10,403.81999999999954,move,improve
14176,10,404.31999999999965,10,403.81999999999954,swap,notBad
14177,10,404.31999999999965,10,403.81999999999954,move,improve
14178,10,404.31999999999965,10,403.81999999999954,swap,notBad
14179,10,404.31999999999965,10,403.81999999999954,move,improve
14180,10,404.31999999999965,10,403.81999999999954,2opt,improve
14181,10,404.31999999999965,10,403.81999999999954,move,improve
14182,10,404.31999999999965,10,403.81999999999954,2opt,notBad
14183,10,404.31999999999965,10,403.81999999999954,2opt,notBad
14184,10,404.31999999999965,10,403.81999999999954,2opt,notBad
14185,10,404.31999999999965,10,403.81999999999954,move,improve
14186,10,404.31999999999965,10,403.81999999999954,2opt,improve
14187,10,404.31999999999965,10,403.81999999999954,move,improve
14188,10,404.31999999999965,10,403.81999999999954,swap,notBad
14189,10,404.31999999999965,10,403.81999999999954,move,improve
14190,10,404.31999999999965,10,403.81999999999954,2opt,notBad
14191,10,404.31999999999965,10,403.81999999999954,swap,notBad
14192,10,404.31999999999965,10,403.81999999999954,2opt,notBad
14193,10,404.31999999999965,10,403.81999999999954,swap,notBad
14194,10,404.31999999999965,10,403.81999999999954,swap,notBad
14195,10,404.31999999999965,10,403.81999999999954,move,notBad
14196,10,404.31999999999965,10,403.81999999999954,move,improve
14197,10,404.31999999999965,10,403.81999999999954,2opt,notBad
14198,10,404.31999999999965,10,403.81999999999954,2opt,notBad
14199,10,404.31999999999965,10,403.81999999999954,2opt,notBad
14200,10,404.31999999999965,10,403.81999999999954,move,improve
14201,10,404.31999999999965,10,403.81999999999954,2opt,notBad
14202,10,404.31999999999965,10,403.81999999999954,swap,notBad
14203,10,404.31999999999965,10,403.81999999999954,2opt,notBad
14204,10,404.31999999999965,10,403.81999999999954,move,improve
14205,10,404.31999999999965,10,403.81999999999954,2opt,notBad
14206,10,404.31999999999965,10,403.81999999999954,move,improve
14207,10,404.31999999999965,10,403.81999999999954,2opt,notBad
14208,10,404.31999999999965,10,403.81999999999954,swap,notBad
14209,10,404.31999999999965,10,403.81999999999954,swap,notBad
14210,10,404.31999999999965,10,403.81999999999954,2opt,notBad
14211,10,404.31999999999965,10,403.81999999999954,swap,notBad
14212,10,404.31999999999965,10,403.81999999999954,2opt,notBad
14213,10,404.31999999999965,10,403.81999999999954,move,improve
14214,10,404.31999999999965,10,403.81999999999954,move,improve
14215,10,404.31999999999965,10,403.81999999999954,2opt,notBad
14216,10,404.31999999999965,10,403.81999999999954,2opt,notBad
14217,10,404.31999999999965,10,403.81999999999954,swap,notBad
14218,10,404.31999999999965,10,403.81999999999954,swap,notBad
14219,10,404.31999999999965,10,403.81999999999954,move,improve
14220,10,404.31999999999965,10,403.81999999999954,swap,notBad
14221,10,404.31999999999965,10,403.81999999999954,2opt,notBad
14222,10,404.31999999999965,10,403.81999999999954,2opt,notBad
14223,10,404.31999999999965,10,403.81999999999954,swap,notBad
14224,10,404.31999999999965,10,403.81999999999954,swap,notBad
14225,10,404.31999999999965,10,403.81999999999954,swap,notBad
14226,10,404.31999999999965,10,403.81999999999954,swap,notBad
14227,10,404.31999999999965,10,403.81999999999954,2opt,notBad
14228,10,404.31999999999965,10,403.81999999999954,2opt,notBad
14229,10,404.31999999999965,10,403.81999999999954,move,improve
14230,10,404.31999999999965,10,403.81999999999954,2opt,notBad
14231,10,404.31999999999965,10,403.81999999999954,move,improve
14232,10,404.31999999999965,10,403.81999999999954,2opt,notBad
14233,10,404.31999999999965,10,403.81999999999954,swap,notBad
14234,10,404.31999999999965,10,403.81999999999954,swap,notBad
14235,10,404.31999999999965,10,403.81999999999954,move,improve
14236,10,404.31999999999965,10,403.81999999999954,move,improve
14237,10,404.31999999999965,10,403.81999999999954,swap,notBad
14238,10,404.31999999999965,10,403.81999999999954,move,improve
14239,10,404.31999999999965,10,403.81999999999954,move,improve
14240,10,404.31999999999965,10,403.81999999999954,swap,notBad
14241,10,404.31999999999965,10,403.81999999999954,2opt,notBad
14242,10,404.31999999999965,10,403.81999999999954,swap,notBad
14243,10,404.31999999999965,10,403.81999999999954,swap,notBad
14244,10,404.31999999999965,10,403.81999999999954,swap,notBad
14245,10,404.31999999999965,10,403.81999999999954,swap,notBad
14246,10,404.31999999999965,10,403.81999999999954,2opt,improve
14247,10,404.31999999999965,10,403.81999999999954,2opt,notBad
14248,10,404.31999999999965,10,403.81999999999954,2opt,notBad
14249,10,404.31999999999965,10,403.81999999999954,move,improve
14250,10,404.31999999999965,10,403.81999999999954,swap,notBad
14251,10,404.31999999999965,10,403.81999999999954,move,notBad
14252,10,404.31999999999965,10,403.81999999999954,2opt,notBad
14253,10,404.31999999999965,10,403.81999999999954,2opt,notBad
14254,10,404.31999999999965,10,403.81999999999954,2opt,notBad
14255,10,404.31999999999965,10,403.81999999999954,swap,notBad
14256,10,404.31999999999965,10,403.81999999999954,2opt,notBad
14257,10,404.31999999999965,10,403.81999999999954,2opt,notBad
14258,10,404.31999999999965,10,403.81999999999954,move,improve
14259,10,404.31999999999965,10,403.81999999999954,move,improve
14260,10,404.31999999999965,10,403.81999999999954,swap,notBad
14261,10,404.31999999999965,10,403.81999999999954,move,improve
14262,10,404.31999999999965,10,403.81999999999954,move,improve
14263,10,404.31999999999965,10,403.81999999999954,swap,notBad
14264,10,403.81999999999954,10,403.81999999999954,move,improve
14265,10,403.81999999999954,10,403.81999999999954,swap,notBad
14266,10,403.81999999999954,10,403.81999999999954,swap,notBad
14267,10,403.81999999999954,10,403.81999999999954,2opt,notBad
14268,10,403.81999999999954,10,403.81999999999954,move,improve
14269,10,403.81999999999954,10,403.81999999999954,2opt,notBad
14270,10,403.81999999999954,10,403.81999999999954,2opt,notBad
14271,10,403.81999999999954,10,403.81999999999954,move,improve
14272,10,403.81999999999954,10,403.81999999999954,move,improve
14273,10,403.81999999999954,10,403.81999999999954,swap,notBad
14274,10,403.81999999999954,10,403.81999999999954,2opt,notBad
14275,10,403.81999999999954,10,403.81999999999954,swap,notBad
14276,10,403.81999999999954,10,403.81999999999954,swap,notBad
14277,10,403.81999999999954,10,403.81999999999954,2opt,notBad
14278,10,403.81999999999954,10,403.81999999999954,2opt,notBad
14279,10,403.81999999999954,10,403.81999999999954,swap,notBad
14280,10,403.81999999999954,10,403.81999999999954,swap,notBad
14281,10,403.81999999999954,10,403.81999999999954,swap,notBad
14282,10,403.81999999999954,10,403.81999999999954,move,improve
14283,10,403.81999999999954,10,403.81999999999954,swap,notBad
14284,10,403.81999999999954,10,403.81999999999954,move,improve
14285,10,403.81999999999954,10,403.81999999999954,swap,notBad
14286,10,403.81999999999954,10,403.81999999999954,swap,notBad
14287,10,403.81999999999954,10,403.81999999999954,swap,notBad
14288,10,403.81999999999954,10,403.81999999999954,swap,notBad
14289,10,403.81999999999954,10,403.81999999999954,2opt,notBad
14290,10,403.81999999999954,10,403.81999999999954,2opt,notBad
14291,10,403.81999999999954,10,403.81999999999954,swap,notBad
14292,10,403.81999999999954,10,403.81999999999954,move,improve
14293,10,403.81999999999954,10,403.81999999999954,swap,notBad
14294,10,403.81999999999954,10,403.81999999999954,swap,notBad
14295,10,403.81999999999954,10,403.81999999999954,swap,notBad
14296,10,403.81999999999954,10,403.81999999999954,swap,notBad
14297,10,403.81999999999954,10,403.81999999999954,move,improve
14298,10,403.81999999999954,10,403.81999999999954,2opt,notBad
14299,10,403.81999999999954,10,403.81999999999954,swap,notBad
14300,10,403.81999999999954,10,403.81999999999954,move,improve
14301,10,403.81999999999954,10,403.81999999999954,swap,notBad
14302,10,403.81999999999954,10,403.81999999999954,swap,notBad
14303,10,403.81999999999954,10,403.81999999999954,2opt,notBad
14304,10,403.81999999999954,10,403.81999999999954,move,improve
14305,10,403.81999999999954,10,403.81999999999954,2opt,notBad
14306,10,403.81999999999954,10,403.81999999999954,2opt,notBad
14307,10,403.81999999999954,10,403.81999999999954,2opt,notBad
14308,10,403.81999999999954,10,403.81999999999954,swap,notBad
14309,10,403.81999999999954,10,403.81999999999954,move,improve
14310,10,403.81999999999954,10,403.81999999999954,move,improve
14311,10,403.81999999999954,10,403.81999999999954,2opt,notBad
14312,10,403.81999999999954,10,403.81999999999954,move,improve
14313,10,403.81999999999954,10,403.81999999999954,move,improve
14314,10,403.81999999999954,10,403.81999999999954,swap,notBad
14315,10,403.81999999999954,10,403.81999999999954,2opt,notBad
14316,10,403.81999999999954,10,403.81999999999954,move,improve
14317,10,403.81999999999954,10,403.81999999999954,move,improve
14318,10,403.81999999999954,10,403.81999999999954,move,improve
14319,10,403.81999999999954,10,403.81999999999954,2opt,notBad
14320,10,403.81999999999954,10,403.81999999999954,swap,notBad
14321,10,403.81999999999954,10,403.81999999999954,swap,notBad
14322,10,403.81999999999954,10,403.81999999999954,move,improve
14323,10,403.81999999999954,10,403.81999999999954,swap,notBad
14324,10,403.81999999999954,10,403.81999999999954,2opt,notBad
14325,10,403.81999999999954,10,403.81999999999954,swap,notBad
14326,10,403.81999999999954,10,403.81999999999954,move,improve
14327,10,403.81999999999954,10,403.81999999999954,swap,notBad
14328,10,403.81999999999954,10,403.81999999999954,2opt,notBad
14329,10,403.81999999999954,10,403.81999999999954,move,improve
14330,10,403.81999999999954,10,403.81999999999954,2opt,notBad
14331,10,403.81999999999954,10,403.81999999999954,move,improve
14332,10,403.81999999999954,10,403.81999999999954,swap,notBad
14333,10,403.81999999999954,10,403.81999999999954,swap,notBad
14334,10,403.81999999999954,10,403.81999999999954,2opt,notBad
14335,10,403.81999999999954,10,403.81999999999954,move,improve
14336,10,403.81999999999954,10,403.81999999999954,swap,notBad
14337,10,403.81999999999954,10,403.81999999999954,2opt,notBad
14338,10,403.81999999999954,10,403.81999999999954,swap,notBad
14339,10,403.81999999999954,10,403.81999999999954,move,improve
14340,10,403.81999999999954,10,403.81999999999954,swap,notBad
14341,10,403.81999999999954,10,403.81999999999954,move,improve
14342,10,403.81999999999954,10,403.81999999999954,2opt,notBad
14343,10,403.81999999999954,10,403.81999999999954,swap,notBad
14344,10,403.81999999999954,10,403.81999999999954,move,improve
14345,10,403.81999999999954,10,403.81999999999954,move,improve
14346,10,403.81999999999954,10,403.81999999999954,move,improve
14347,10,403.81999999999954,10,403.81999999999954,2opt,notBad
14348,10,403.81999999999954,10,403.81999999999954,swap,notBad
14349,10,403.81999999999954,10,403.81999999999954,move,improve
14350,10,403.81999999999954,10,403.81999999999954,move,improve
14351,10,403.81999999999954,10,403.81999999999954,swap,notBad
14352,10,403.81999999999954,10,403.81999999999954,2opt,notBad
14353,10,403.81999999999954,10,403.81999999999954,swap,notBad
14354,10,403.81999999999954,10,403.81999999999954,swap,notBad
14355,10,403.81999999999954,10,403.81999999999954,move,improve
14356,10,403.81999999999954,10,403.81999999999954,move,improve
14357,10,403.81999999999954,10,403.81999999999954,move,improve
14358,10,403.81999999999954,10,403.81999999999954,2opt,notBad
14359,10,403.81999999999954,10,403.81999999999954,swap,notBad
14360,10,403.81999999999954,10,403.81999999999954,move,improve
14361,10,403.81999999999954,10,403.81999999999954,move,improve
14362,10,403.81999999999954,10,403.81999999999954,swap,notBad
14363,10,403.81999999999954,10,403.81999999999954,move,improve
14364,10,403.81999999999954,10,403.81999999999954,2opt,notBad
14365,10,403.81999999999954,10,403.81999999999954,2opt,notBad
14366,10,403.81999999999954,10,403.81999999999954,swap,notBad
14367,10,403.81999999999954,10,403.81999999999954,2opt,notBad
14368,10,403.81999999999954,10,403.81999999999954,2opt,notBad
14369,10,403.81999999999954,10,403.81999999999954,swap,notBad
14370,10,403.81999999999954,10,403.81999999999954,move,improve
14371,10,403.81999999999954,10,403.81999999999954,swap,notBad
14372,10,403.81999999999954,10,403.81999999999954,2opt,notBad
14373,10,403.81999999999954,10,403.81999999999954,swap,notBad
14374,10,403.81999999999954,10,403.81999999999954,2opt,notBad
14375,10,403.81999999999954,10,403.81999999999954,swap,notBad
14376,10,403.81999999999954,10,403.81999999999954,swap,notBad
14377,10,403.81999999999954,10,403.81999999999954,2opt,notBad
14378,10,403.81999999999954,10,403.81999999999954,swap,notBad
14379,10,403.81999999999954,10,403.81999999999954,2opt,notBad
14380,10,403.81999999999954,10,403.81999999999954,swap,notBad
14381,10,403.81999999999954,10,403.81999999999954,swap,notBad
14382,10,403.81999999999954,10,403.81999999999954,move,improve
14383,10,403.81999999999954,10,403.81999999999954,2opt,notBad
14384,10,403.81999999999954,10,403.81999999999954,move,improve
14385,10,403.81999999999954,10,403.81999999999954,move,improve
14386,10,403.81999999999954,10,403.81999999999954,swap,notBad
14387,10,403.81999999999954,10,403.81999999999954,move,improve
14388,10,403.81999999999954,10,403.81999999999954,2opt,notBad
14389,10,403.81999999999954,10,403.81999999999954,move,improve
14390,10,403.81999999999954,10,403.81999999999954,swap,notBad
14391,10,403.81999999999954,10,403.81999999999954,move,improve
14392,10,403.81999999999954,10,403.81999999999954,move,improve
14393,10,403.81999999999954,10,403.81999999999954,move,improve
14394,10,403.81999999999954,10,403.81999999999954,2opt,notBad
14395,10,403.81999999999954,10,403.81999999999954,2opt,notBad
14396,10,403.81999999999954,10,403.81999999999954,2opt,notBad
14397,10,403.81999999999954,10,403.81999999999954,move,improve
14398,10,403.81999999999954,10,403.81999999999954,swap,notBad
14399,10,403.81999999999954,10,403.81999999999954,2opt,improve
14400,10,403.81999999999954,10,403.81999999999954,2opt,improve
14401,10,403.81999999999954,10,403.81999999999954,swap,notBad
14402,10,403.81999999999954,10,403.81999999999954,move,improve
14403,10,403.81999999999954,10,403.81999999999954,swap,notBad
14404,10,403.81999999999954,10,403.81999999999954,2opt,notBad
14405,10,403.81999999999954,10,403.81999999999954,2opt,notBad
14406,10,403.81999999999954,10,403.81999999999954,2opt,notBad
14407,10,403.81999999999954,10,403.81999999999954,2opt,notBad
14408,10,403.81999999999954,10,403.81999999999954,2opt,notBad
14409,10,403.81999999999954,10,403.81999999999954,2opt,notBad
14410,10,403.81999999999954,10,403.81999999999954,2opt,notBad
14411,10,403.81999999999954,10,403.81999999999954,move,improve
14412,10,403.81999999999954,10,403.81999999999954,move,improve
14413,10,403.81999999999954,10,403.81999999999954,move,improve
14414,10,403.81999999999954,10,403.81999999999954,2opt,notBad
14415,10,403.81999999999954,10,403.81999999999954,swap,notBad
14416,10,403.81999999999954,10,403.81999999999954,move,improve
14417,10,403.81999999999954,10,403.81999999999954,move,improve
14418,10,403.81999999999954,10,403.81999999999954,swap,notBad
14419,10,403.81999999999954,10,403.81999999999954,swap,notBad
14420,10,403.81999999999954,10,403.81999999999954,swap,notBad
14421,10,403.81999999999954,10,403.81999999999954,swap,notBad
14422,10,403.81999999999954,10,403.81999999999954,2opt,notBad
14423,10,403.81999999999954,10,403.81999999999954,swap,notBad
14424,10,403.81999999999954,10,403.81999999999954,swap,notBad
14425,10,404.31999999999965,10,403.81999999999954,swap,acceptBad
14426,10,404.31999999999965,10,403.81999999999954,2opt,notBad
14427,10,403.81999999999954,10,403.81999999999954,move,improve
14428,10,403.81999999999954,10,403.81999999999954,2opt,notBad
14429,10,403.81999999999954,10,403.81999999999954,move,improve
14430,10,403.81999999999954,10,403.81999999999954,2opt,notBad
14431,10,403.81999999999954,10,403.81999999999954,move,improve
14432,10,403.81999999999954,10,403.81999999999954,move,improve
14433,10,403.81999999999954,10,403.81999999999954,swap,notBad
14434,10,403.81999999999954,10,403.81999999999954,swap,notBad
14435,10,403.81999999999954,10,403.81999999999954,2opt,notBad
14436,10,403.81999999999954,10,403.81999999999954,swap,notBad
14437,10,403.81999999999954,10,403.81999999999954,2opt,notBad
14438,10,403.81999999999954,10,403.81999999999954,swap,notBad
14439,10,403.81999999999954,10,403.81999999999954,2opt,notBad
14440,10,403.81999999999954,10,403.81999999999954,swap,notBad
14441,10,403.81999999999954,10,403.81999999999954,move,improve
14442,10,403.81999999999954,10,403.81999999999954,move,improve
14443,10,403.81999999999954,10,403.81999999999954,2opt,notBad
14444,10,403.81999999999954,10,403.81999999999954,move,improve
14445,10,403.81999999999954,10,403.81999999999954,2opt,notBad
14446,10,403.81999999999954,10,403.81999999999954,move,improve
14447,10,403.81999999999954,10,403.81999999999954,2opt,notBad
14448,10,403.81999999999954,10,403.81999999999954,move,improve
14449,10,403.81999999999954,10,403.81999999999954,2opt,notBad
14450,10,403.81999999999954,10,403.81999999999954,move,improve
14451,10,403.81999999999954,10,403.81999999999954,swap,notBad
14452,10,403.81999999999954,10,403.81999999999954,move,improve
14453,10,403.81999999999954,10,403.81999999999954,2opt,notBad
14454,10,403.81999999999954,10,403.81999999999954,swap,notBad
14455,10,403.81999999999954,10,403.81999999999954,2opt,notBad
14456,10,403.81999999999954,10,403.81999999999954,2opt,notBad
14457,10,403.81999999999954,10,403.81999999999954,2opt,notBad
14458,10,403.81999999999954,10,403.81999999999954,2opt,notBad
14459,10,403.81999999999954,10,403.81999999999954,move,improve
14460,10,403.81999999999954,10,403.81999999999954,swap,notBad
14461,10,403.81999999999954,10,403.81999999999954,move,improve
14462,10,403.81999999999954,10,403.81999999999954,move,improve
14463,10,403.81999999999954,10,403.81999999999954,swap,notBad
14464,10,403.81999999999954,10,403.81999999999954,move,improve
14465,10,403.81999999999954,10,403.81999999999954,swap,notBad
14466,10,403.81999999999954,10,403.81999999999954,move,improve
14467,10,403.81999999999954,10,403.81999999999954,swap,notBad
14468,10,403.81999999999954,10,403.81999999999954,2opt,notBad
14469,10,403.81999999999954,10,403.81999999999954,move,improve
14470,10,403.81999999999954,10,403.81999999999954,move,improve
14471,10,403.81999999999954,10,403.81999999999954,swap,notBad
14472,10,403.81999999999954,10,403.81999999999954,2opt,notBad
14473,10,403.81999999999954,10,403.81999999999954,move,improve
14474,10,403.81999999999954,10,403.81999999999954,swap,notBad
14475,10,403.81999999999954,10,403.81999999999954,2opt,notBad
14476,10,403.81999999999954,10,403.81999999999954,2opt,improve
14477,10,403.81999999999954,10,403.81999999999954,swap,notBad
14478,10,403.81999999999954,10,403.81999999999954,move,improve
14479,10,403.81999999999954,10,403.81999999999954,swap,notBad
14480,10,403.81999999999954,10,403.81999999999954,swap,notBad
14481,10,403.81999999999954,10,403.81999999999954,2opt,notBad
14482,10,403.81999999999954,10,403.81999999999954,2opt,notBad
14483,10,403.81999999999954,10,403.81999999999954,move,improve
14484,10,403.81999999999954,10,403.81999999999954,swap,notBad
14485,10,403.81999999999954,10,403.81999999999954,2opt,notBad
14486,10,403.81999999999954,10,403.81999999999954,move,improve
14487,10,403.81999999999954,10,403.81999999999954,swap,notBad
14488,10,403.81999999999954,10,403.81999999999954,swap,notBad
14489,10,403.81999999999954,10,403.81999999999954,swap,notBad
14490,10,403.81999999999954,10,403.81999999999954,2opt,notBad
14491,10,403.81999999999954,10,403.81999999999954,swap,notBad
14492,10,403.81999999999954,10,403.81999999999954,2opt,notBad
14493,10,403.81999999999954,10,403.81999999999954,move,improve
14494,10,403.81999999999954,10,403.81999999999954,2opt,notBad
14495,10,403.81999999999954,10,403.81999999999954,2opt,notBad
14496,10,403.81999999999954,10,403.81999999999954,swap,notBad
14497,10,403.81999999999954,10,403.81999999999954,move,improve
14498,10,403.81999999999954,10,403.81999999999954,move,improve
14499,10,403.81999999999954,10,403.81999999999954,move,improve
14500,10,403.81999999999954,10,403.81999999999954,swap,notBad
14501,10,403.81999999999954,10,403.81999999999954,move,improve
14502,10,403.81999999999954,10,403.81999999999954,2opt,notBad
14503,10,403.81999999999954,10,403.81999999999954,swap,notBad
14504,10,403.81999999999954,10,403.81999999999954,swap,notBad
14505,10,403.81999999999954,10,403.81999999999954,move,improve
14506,10,403.81999999999954,10,403.81999999999954,2opt,notBad
14507,10,403.81999999999954,10,403.81999999999954,move,improve
14508,10,403.81999999999954,10,403.81999999999954,move,improve
14509,10,403.81999999999954,10,403.81999999999954,move,improve
14510,10,403.81999999999954,10,403.81999999999954,swap,notBad
14511,10,403.81999999999954,10,403.81999999999954,swap,notBad
14512,10,403.81999999999954,10,403.81999999999954,2opt,notBad
14513,10,403.81999999999954,10,403.81999999999954,swap,notBad
14514,10,403.81999999999954,10,403.81999999999954,swap,notBad
14515,10,403.81999999999954,10,403.81999999999954,swap,notBad
14516,10,403.81999999999954,10,403.81999999999954,swap,notBad
14517,10,403.81999999999954,10,403.81999999999954,swap,notBad
14518,10,403.81999999999954,10,403.81999999999954,swap,notBad
14519,10,403.81999999999954,10,403.81999999999954,2opt,notBad
14520,10,403.81999999999954,10,403.81999999999954,move,improve
14521,10,403.81999999999954,10,403.81999999999954,2opt,notBad
14522,10,403.81999999999954,10,403.81999999999954,move,improve
14523,10,403.81999999999954,10,403.81999999999954,swap,notBad
14524,10,403.81999999999954,10,403.81999999999954,swap,notBad
14525,10,403.81999999999954,10,403.81999999999954,2opt,notBad
14526,10,403.81999999999954,10,403.81999999999954,move,improve
14527,10,403.81999999999954,10,403.81999999999954,2opt,notBad
14528,10,403.81999999999954,10,403.81999999999954,swap,notBad
14529,10,403.81999999999954,10,403.81999999999954,2opt,notBad
14530,10,403.81999999999954,10,403.81999999999954,swap,notBad
14531,10,403.81999999999954,10,403.81999999999954,2opt,notBad
14532,10,403.81999999999954,10,403.81999999999954,move,improve
14533,10,403.81999999999954,10,403.81999999999954,2opt,notBad
14534,10,403.81999999999954,10,403.81999999999954,move,improve
14535,10,403.81999999999954,10,403.81999999999954,swap,notBad
14536,10,403.81999999999954,10,403.81999999999954,2opt,notBad
14537,10,403.81999999999954,10,403.81999999999954,swap,notBad
14538,10,403.81999999999954,10,403.81999999999954,2opt,notBad
14539,10,403.81999999999954,10,403.81999999999954,swap,notBad
14540,10,403.81999999999954,10,403.81999999999954,swap,notBad
14541,10,403.81999999999954,10,403.81999999999954,swap,notBad
14542,10,403.81999999999954,10,403.81999999999954,2opt,notBad
14543,10,403.81999999999954,10,403.81999999999954,move,improve
14544,10,403.81999999999954,10,403.81999999999954,2opt,notBad
14545,10,403.81999999999954,10,403.81999999999954,2opt,notBad
14546,10,403.81999999999954,10,403.81999999999954,swap,notBad
14547,10,403.81999999999954,10,403.81999999999954,swap,notBad
14548,10,403.81999999999954,10,403.81999999999954,swap,notBad
14549,10,403.81999999999954,10,403.81999999999954,swap,notBad
14550,10,403.81999999999954,10,403.81999999999954,swap,notBad
14551,10,403.81999999999954,10,403.81999999999954,move,improve
14552,10,403.81999999999954,10,403.81999999999954,2opt,notBad
14553,10,403.81999999999954,10,403.81999999999954,2opt,notBad
14554,10,403.81999999999954,10,403.81999999999954,move,improve
14555,10,403.81999999999954,10,403.81999999999954,swap,notBad
14556,10,403.81999999999954,10,403.81999999999954,2opt,notBad
14557,10,403.81999999999954,10,403.81999999999954,move,improve
14558,10,403.81999999999954,10,403.81999999999954,2opt,notBad
14559,10,403.81999999999954,10,403.81999999999954,move,improve
14560,10,403.81999999999954,10,403.81999999999954,2opt,notBad
14561,10,403.81999999999954,10,403.81999999999954,move,improve
14562,10,403.81999999999954,10,403.81999999999954,swap,notBad
14563,10,403.81999999999954,10,403.81999999999954,2opt,notBad
14564,10,403.81999999999954,10,403.81999999999954,2opt,notBad
14565,10,403.81999999999954,10,403.81999999999954,move,improve
14566,10,403.81999999999954,10,403.81999999999954,move,improve
14567,10,403.81999999999954,10,403.81999999999954,2opt,notBad
14568,10,403.81999999999954,10,403.81999999999954,swap,notBad
14569,10,403.81999999999954,10,403.81999999999954,swap,notBad
14570,10,403.81999999999954,10,403.81999999999954,2opt,notBad
14571,10,403.81999999999954,10,403.81999999999954,2opt,notBad
14572,10,403.81999999999954,10,403.81999999999954,2opt,notBad
14573,10,403.81999999999954,10,403.81999999999954,swap,notBad
14574,10,403.81999999999954,10,403.81999999999954,swap,notBad
14575,10,403.81999999999954,10,403.81999999999954,swap,notBad
14576,10,403.81999999999954,10,403.81999999999954,swap,notBad
14577,10,403.81999999999954,10,403.81999999999954,2opt,notBad
14578,10,403.81999999999954,10,403.81999999999954,swap,notBad
14579,10,403.81999999999954,10,403.81999999999954,swap,notBad
14580,10,403.81999999999954,10,403.81999999999954,move,improve
14581,10,403.81999999999954,10,403.81999999999954,move,improve
14582,10,403.81999999999954,10,403.81999999999954,swap,notBad
14583,10,403.81999999999954,10,403.81999999999954,2opt,notBad
14584,10,403.81999999999954,10,403.81999999999954,2opt,notBad
14585,10,403.81999999999954,10,403.81999999999954,swap,notBad
14586,10,403.81999999999954,10,403.81999999999954,2opt,notBad
14587,10,403.81999999999954,10,403.81999999999954,swap,notBad
14588,10,403.81999999999954,10,403.81999999999954,move,improve
14589,10,403.81999999999954,10,403.81999999999954,2opt,improve
14590,10,403.81999999999954,10,403.81999999999954,swap,notBad
14591,10,403.81999999999954,10,403.81999999999954,swap,notBad
14592,10,403.81999999999954,10,403.81999999999954,2opt,notBad
14593,10,403.81999999999954,10,403.81999999999954,swap,notBad
14594,10,403.81999999999954,10,403.81999999999954,swap,notBad
14595,10,403.81999999999954,10,403.81999999999954,2opt,notBad
14596,10,403.81999999999954,10,403.81999999999954,swap,notBad
14597,10,403.81999999999954,10,403.81999999999954,2opt,notBad
14598,10,403.81999999999954,10,403.81999999999954,swap,notBad
14599,10,403.81999999999954,10,403.81999999999954,swap,notBad
14600,10,403.81999999999954,10,403.81999999999954,swap,notBad
14601,10,403.81999999999954,10,403.81999999999954,move,improve
14602,10,403.81999999999954,10,403.81999999999954,2opt,notBad
14603,10,403.81999999999954,10,403.81999999999954,2opt,notBad
14604,10,403.81999999999954,10,403.81999999999954,2opt,notBad
14605,10,403.81999999999954,10,403.81999999999954,swap,notBad
14606,10,403.81999999999954,10,403.81999999999954,2opt,notBad
14607,10,403.81999999999954,10,403.81999999999954,swap,notBad
14608,10,403.81999999999954,10,403.81999999999954,2opt,notBad
14609,10,403.81999999999954,10,403.81999999999954,swap,notBad
14610,10,403.81999999999954,10,403.81999999999954,move,improve
14611,10,403.81999999999954,10,403.81999999999954,swap,notBad
14612,10,403.81999999999954,10,403.81999999999954,2opt,notBad
14613,10,403.81999999999954,10,403.81999999999954,move,improve
14614,10,403.81999999999954,10,403.81999999999954,2opt,notBad
14615,10,403.81999999999954,10,403.81999999999954,2opt,notBad
14616,10,403.81999999999954,10,403.81999999999954,2opt,improve
14617,10,403.81999999999954,10,403.81999999999954,move,improve
14618,10,403.81999999999954,10,403.81999999999954,2opt,notBad
14619,10,403.81999999999954,10,403.81999999999954,2opt,notBad
14620,10,403.81999999999954,10,403.81999999999954,swap,notBad
14621,10,403.81999999999954,10,403.81999999999954,2opt,notBad
14622,10,403.81999999999954,10,403.81999999999954,2opt,notBad
14623,10,403.81999999999954,10,403.81999999999954,move,improve
14624,10,403.81999999999954,10,403.81999999999954,swap,notBad
14625,10,403.81999999999954,10,403.81999999999954,2opt,notBad
14626,10,403.81999999999954,10,403.81999999999954,2opt,notBad
14627,10,403.81999999999954,10,403.81999999999954,swap,notBad
14628,10,403.81999999999954,10,403.81999999999954,move,improve
14629,10,403.81999999999954,10,403.81999999999954,swap,notBad
14630,10,403.81999999999954,10,403.81999999999954,2opt,notBad
14631,10,403.81999999999954,10,403.81999999999954,2opt,notBad
14632,10,403.81999999999954,10,403.81999999999954,2opt,notBad
14633,10,403.81999999999954,10,403.81999999999954,swap,notBad
14634,10,403.81999999999954,10,403.81999999999954,swap,notBad
14635,10,403.81999999999954,10,403.81999999999954,2opt,notBad
14636,10,403.81999999999954,10,403.81999999999954,move,improve
14637,10,403.81999999999954,10,403.81999999999954,move,improve
14638,10,403.81999999999954,10,403.81999999999954,move,improve
14639,10,403.81999999999954,10,403.81999999999954,move,improve
14640,10,403.81999999999954,10,403.81999999999954,swap,notBad
14641,10,403.81999999999954,10,403.81999999999954,2opt,notBad
14642,10,403.81999999999954,10,403.81999999999954,swap,notBad
14643,10,403.81999999999954,10,403.81999999999954,2opt,notBad
14644,10,403.81999999999954,10,403.81999999999954,move,improve
14645,10,403.81999999999954,10,403.81999999999954,2opt,notBad
14646,10,403.81999999999954,10,403.81999999999954,move,improve
14647,10,403.81999999999954,10,403.81999999999954,move,improve
14648,10,403.81999999999954,10,403.81999999999954,2opt,notBad
14649,10,403.81999999999954,10,403.81999999999954,swap,notBad
14650,10,403.81999999999954,10,403.81999999999954,move,notBad
14651,10,403.81999999999954,10,403.81999999999954,swap,notBad
14652,10,403.81999999999954,10,403.81999999999954,2opt,notBad
14653,10,403.81999999999954,10,403.81999999999954,move,improve
14654,10,403.81999999999954,10,403.81999999999954,2opt,notBad
14655,10,403.81999999999954,10,403.81999999999954,2opt,notBad
14656,10,403.81999999999954,10,403.81999999999954,move,improve
14657,10,403.81999999999954,10,403.81999999999954,2opt,notBad
14658,10,403.81999999999954,10,403.81999999999954,2opt,notBad
14659,10,403.81999999999954,10,403.81999999999954,move,improve
14660,10,403.81999999999954,10,403.81999999999954,2opt,notBad
14661,10,403.81999999999954,10,403.81999999999954,move,improve
14662,10,403.81999999999954,10,403.81999999999954,swap,notBad
14663,10,403.81999999999954,10,403.81999999999954,2opt,notBad
14664,10,403.81999999999954,10,403.81999999999954,move,improve
14665,10,403.81999999999954,10,403.81999999999954,2opt,notBad
14666,10,403.81999999999954,10,403.81999999999954,move,improve
14667,10,403.81999999999954,10,403.81999999999954,2opt,notBad
14668,10,403.81999999999954,10,403.81999999999954,swap,notBad
14669,10,403.81999999999954,10,403.81999999999954,move,improve
14670,10,403.81999999999954,10,403.81999999999954,move,improve
14671,10,403.81999999999954,10,403.81999999999954,2opt,notBad
14672,10,403.81999999999954,10,403.81999999999954,2opt,notBad
14673,10,403.81999999999954,10,403.81999999999954,move,improve
14674,10,403.81999999999954,10,403.81999999999954,move,improve
14675,10,403.81999999999954,10,403.81999999999954,2opt,notBad
14676,10,403.81999999999954,10,403.81999999999954,2opt,notBad
14677,10,403.81999999999954,10,403.81999999999954,2opt,notBad
14678,10,403.81999999999954,10,403.81999999999954,swap,notBad
14679,10,403.81999999999954,10,403.81999999999954,move,notBad
14680,10,403.81999999999954,10,403.81999999999954,2opt,notBad
14681,10,403.81999999999954,10,403.81999999999954,move,improve
14682,10,403.81999999999954,10,403.81999999999954,move,improve
14683,10,403.81999999999954,10,403.81999999999954,2opt,notBad
14684,10,403.81999999999954,10,403.81999999999954,move,improve
14685,10,403.81999999999954,10,403.81999999999954,move,improve
14686,10,403.81999999999954,10,403.81999999999954,2opt,notBad
14687,10,403.81999999999954,10,403.81999999999954,swap,notBad
14688,10,403.81999999999954,10,403.81999999999954,2opt,notBad
14689,10,403.81999999999954,10,403.81999999999954,swap,notBad
14690,10,403.81999999999954,10,403.81999999999954,2opt,notBad
14691,10,403.81999999999954,10,403.81999999999954,move,improve
14692,10,403.81999999999954,10,403.81999999999954,move,improve
14693,10,403.81999999999954,10,403.81999999999954,move,improve
14694,10,403.81999999999954,10,403.81999999999954,2opt,notBad
14695,10,403.81999999999954,10,403.81999999999954,2opt,notBad
14696,10,403.81999999999954,10,403.81999999999954,swap,notBad
14697,10,403.81999999999954,10,403.81999999999954,swap,notBad
14698,10,403.81999999999954,10,403.81999999999954,2opt,notBad
14699,10,403.81999999999954,10,403.81999999999954,2opt,notBad
14700,10,403.81999999999954,10,403.81999999999954,2opt,notBad
14701,10,403.81999999999954,10,403.81999999999954,2opt,notBad
14702,10,403.81999999999954,10,403.81999999999954,move,improve
14703,10,403.81999999999954,10,403.81999999999954,move,improve
14704,10,403.81999999999954,10,403.81999999999954,swap,notBad
14705,10,403.81999999999954,10,403.81999999999954,swap,notBad
14706,10,403.81999999999954,10,403.81999999999954,swap,notBad
14707,10,403.81999999999954,10,403.81999999999954,2opt,notBad
14708,10,403.81999999999954,10,403.81999999999954,swap,notBad
14709,10,403.81999999999954,10,403.81999999999954,swap,notBad
14710,10,403.81999999999954,10,403.81999999999954,2opt,notBad
14711,10,403.81999999999954,10,403.81999999999954,2opt,notBad
14712,10,403.81999999999954,10,403.81999999999954,move,improve
14713,10,403.81999999999954,10,403.81999999999954,swap,notBad
14714,10,403.81999999999954,10,403.81999999999954,move,improve
14715,10,403.81999999999954,10,403.81999999999954,move,improve
14716,10,403.81999999999954,10,403.81999999999954,swap,notBad
14717,10,403.81999999999954,10,403.81999999999954,2opt,improve
14718,10,403.81999999999954,10,403.81999999999954,2opt,notBad
14719,10,403.81999999999954,10,403.81999999999954,move,improve
14720,10,403.81999999999954,10,403.81999999999954,2opt,notBad
14721,10,403.81999999999954,10,403.81999999999954,move,improve
14722,10,403.81999999999954,10,403.81999999999954,2opt,notBad
14723,10,403.81999999999954,10,403.81999999999954,2opt,notBad
14724,10,403.81999999999954,10,403.81999999999954,2opt,improve
14725,10,403.81999999999954,10,403.81999999999954,2opt,notBad
14726,10,403.81999999999954,10,403.81999999999954,2opt,notBad
14727,10,403.81999999999954,10,403.81999999999954,move,improve
14728,10,403.81999999999954,10,403.81999999999954,2opt,notBad
14729,10,403.81999999999954,10,403.81999999999954,move,improve
14730,10,403.81999999999954,10,403.81999999999954,swap,notBad
14731,10,403.81999999999954,10,403.81999999999954,swap,notBad
14732,10,403.81999999999954,10,403.81999999999954,move,improve
14733,10,403.81999999999954,10,403.81999999999954,swap,notBad
14734,10,403.81999999999954,10,403.81999999999954,swap,notBad
14735,10,403.81999999999954,10,403.81999999999954,move,improve
14736,10,403.81999999999954,10,403.81999999999954,swap,notBad
14737,10,403.81999999999954,10,403.81999999999954,move,improve
14738,10,403.81999999999954,10,403.81999999999954,2opt,notBad
14739,10,403.81999999999954,10,403.81999999999954,swap,notBad
14740,10,403.81999999999954,10,403.81999999999954,2opt,notBad
14741,10,403.81999999999954,10,403.81999999999954,swap,notBad
14742,10,403.81999999999954,10,403.81999999999954,swap,notBad
14743,10,403.81999999999954,10,403.81999999999954,move,notBad
14744,10,403.81999999999954,10,403.81999999999954,2opt,notBad
14745,10,403.81999999999954,10,403.81999999999954,move,improve
14746,10,403.81999999999954,10,403.81999999999954,2opt,improve
14747,10,403.81999999999954,10,403.81999999999954,move,improve
14748,10,403.81999999999954,10,403.81999999999954,move,improve
14749,10,403.81999999999954,10,403.81999999999954,2opt,notBad
14750,10,403.81999999999954,10,403.81999999999954,2opt,notBad
14751,10,403.81999999999954,10,403.81999999999954,swap,notBad
14752,10,403.81999999999954,10,403.81999999999954,move,improve
14753,10,403.81999999999954,10,403.81999999999954,move,improve
14754,10,403.81999999999954,10,403.81999999999954,swap,notBad
14755,10,403.81999999999954,10,403.81999999999954,2opt,improve
14756,10,403.81999999999954,10,403.81999999999954,swap,notBad
14757,10,403.81999999999954,10,403.81999999999954,move,improve
14758,10,403.81999999999954,10,403.81999999999954,2opt,notBad
14759,10,403.81999999999954,10,403.81999999999954,swap,notBad
14760,10,403.81999999999954,10,403.81999999999954,move,improve
14761,10,403.81999999999954,10,403.81999999999954,2opt,notBad
14762,10,403.81999999999954,10,403.81999999999954,swap,notBad
14763,10,403.81999999999954,10,403.81999999999954,2opt,notBad
14764,10,403.81999999999954,10,403.81999999999954,swap,notBad
14765,10,403.81999999999954,10,403.81999999999954,move,improve
14766,10,403.81999999999954,10,403.81999999999954,move,improve
14767,10,403.81999999999954,10,403.81999999999954,swap,notBad
14768,10,403.81999999999954,10,403.81999999999954,swap,notBad
14769,10,403.81999999999954,10,403.81999999999954,swap,notBad
14770,10,403.81999999999954,10,403.81999999999954,swap,notBad
14771,10,403.81999999999954,10,403.81999999999954,2opt,notBad
14772,10,403.81999999999954,10,403.81999999999954,swap,notBad
14773,10,403.81999999999954,10,403.81999999999954,swap,notBad
14774,10,403.81999999999954,10,403.81999999999954,move,improve
14775,10,403.81999999999954,10,403.81999999999954,move,improve
14776,10,403.81999999999954,10,403.81999999999954,2opt,notBad
14777,10,403.81999999999954,10,403.81999999999954,swap,notBad
14778,10,403.81999999999954,10,403.81999999999954,move,improve
14779,10,403.81999999999954,10,403.81999999999954,move,improve
14780,10,403.81999999999954,10,403.81999999999954,swap,notBad
14781,10,403.81999999999954,10,403.81999999999954,move,improve
14782,10,403.81999999999954,10,403.81999999999954,move,improve
14783,10,403.81999999999954,10,403.81999999999954,2opt,notBad
14784,10,403.81999999999954,10,403.81999999999954,swap,notBad
14785,10,403.81999999999954,10,403.81999999999954,move,improve
14786,10,403.81999999999954,10,403.81999999999954,move,improve
14787,10,403.81999999999954,10,403.81999999999954,swap,notBad
14788,10,403.81999999999954,10,403.81999999999954,2opt,notBad
14789,10,403.81999999999954,10,403.81999999999954,2opt,improve
14790,10,403.81999999999954,10,403.81999999999954,move,improve
14791,10,403.81999999999954,10,403.81999999999954,2opt,notBad
14792,10,403.81999999999954,10,403.81999999999954,move,improve
14793,10,403.81999999999954,10,403.81999999999954,2opt,notBad
14794,10,403.81999999999954,10,403.81999999999954,swap,notBad
14795,10,403.81999999999954,10,403.81999999999954,move,improve
14796,10,403.81999999999954,10,403.81999999999954,2opt,notBad
14797,10,403.81999999999954,10,403.81999999999954,2opt,notBad
14798,10,403.81999999999954,10,403.81999999999954,swap,notBad
14799,10,403.81999999999954,10,403.81999999999954,move,improve
14800,10,403.81999999999954,10,403.81999999999954,move,improve
14801,10,403.81999999999954,10,403.81999999999954,move,improve
14802,10,403.81999999999954,10,403.81999999999954,swap,notBad
14803,10,403.81999999999954,10,403.81999999999954,2opt,notBad
14804,10,403.81999999999954,10,403.81999999999954,2opt,notBad
14805,10,403.81999999999954,10,403.81999999999954,move,improve
14806,10,403.81999999999954,10,403.81999999999954,swap,notBad
14807,10,403.81999999999954,10,403.81999999999954,move,improve
14808,10,403.81999999999954,10,403.81999999999954,2opt,notBad
14809,10,403.81999999999954,10,403.81999999999954,move,improve
14810,10,403.81999999999954,10,403.81999999999954,move,improve
14811,10,403.81999999999954,10,403.81999999999954,move,improve
14812,10,403.81999999999954,10,403.81999999999954,swap,notBad
14813,10,403.81999999999954,10,403.81999999999954,2opt,notBad
14814,10,403.81999999999954,10,403.81999999999954,move,improve
14815,10,403.81999999999954,10,403.81999999999954,swap,notBad
14816,10,403.81999999999954,10,403.81999999999954,2opt,notBad
14817,10,403.81999999999954,10,403.81999999999954,swap,notBad
14818,10,403.81999999999954,10,403.81999999999954,2opt,notBad
14819,10,403.81999999999954,10,403.81999999999954,swap,notBad
14820,10,403.81999999999954,10,403.81999999999954,2opt,notBad
14821,10,403.81999999999954,10,403.81999999999954,swap,notBad
14822,10,403.81999999999954,10,403.81999999999954,2opt,notBad
14823,10,403.81999999999954,10,403.81999999999954,2opt,notBad
14824,10,403.81999999999954,10,403.81999999999954,2opt,notBad
14825,10,403.81999999999954,10,403.81999999999954,2opt,notBad
14826,10,403.81999999999954,10,403.81999999999954,2opt,notBad
14827,10,403.81999999999954,10,403.81999999999954,move,improve
14828,10,403.81999999999954,10,403.81999999999954,move,improve
14829,10,403.81999999999954,10,403.81999999999954,move,improve
14830,10,403.81999999999954,10,403.81999999999954,swap,notBad
14831,10,403.81999999999954,10,403.81999999999954,move,improve
14832,10,403.81999999999954,10,403.81999999999954,move,improve
14833,10,403.81999999999954,10,403.81999999999954,2opt,improve
14834,10,403.81999999999954,10,403.81999999999954,swap,notBad
14835,10,403.81999999999954,10,403.81999999999954,swap,notBad
14836,10,403.81999999999954,10,403.81999999999954,2opt,notBad
14837,10,403.81999999999954,10,403.81999999999954,2opt,notBad
14838,10,403.81999999999954,10,403.81999999999954,swap,notBad
14839,10,403.81999999999954,10,403.81999999999954,2opt,notBad
14840,10,403.81999999999954,10,403.81999999999954,swap,notBad
14841,10,403.81999999999954,10,403.81999999999954,swap,notBad
14842,10,403.81999999999954,10,403.81999999999954,2opt,notBad
14843,10,403.81999999999954,10,403.81999999999954,2opt,notBad
14844,10,403.81999999999954,10,403.81999999999954,swap,notBad
14845,10,403.81999999999954,10,403.81999999999954,2opt,notBad
14846,10,403.81999999999954,10,403.81999999999954,swap,notBad
14847,10,403.81999999999954,10,403.81999999999954,move,improve
14848,10,403.81999999999954,10,403.81999999999954,2opt,notBad
14849,10,403.81999999999954,10,403.81999999999954,move,improve
14850,10,403.81999999999954,10,403.81999999999954,swap,notBad
14851,10,403.81999999999954,10,403.81999999999954,swap,notBad
14852,10,403.81999999999954,10,403.81999999999954,move,improve
14853,10,403.81999999999954,10,403.81999999999954,2opt,notBad
14854,10,403.81999999999954,10,403.81999999999954,move,improve
14855,10,403.81999999999954,10,403.81999999999954,2opt,notBad
14856,10,403.81999999999954,10,403.81999999999954,move,improve
14857,10,403.81999999999954,10,403.81999999999954,move,improve
14858,10,403.81999999999954,10,403.81999999999954,2opt,notBad
14859,10,403.81999999999954,10,403.81999999999954,swap,notBad
14860,10,403.81999999999954,10,403.81999999999954,move,improve
14861,10,403.81999999999954,10,403.81999999999954,swap,notBad
14862,10,403.81999999999954,10,403.81999999999954,swap,notBad
14863,10,403.81999999999954,10,403.81999999999954,2opt,notBad
14864,10,403.81999999999954,10,403.81999999999954,swap,notBad
14865,10,403.81999999999954,10,403.81999999999954,swap,notBad
14866,10,403.81999999999954,10,403.81999999999954,2opt,notBad
14867,10,403.81999999999954,10,403.81999999999954,2opt,notBad
14868,10,403.81999999999954,10,403.81999999999954,move,improve
14869,10,403.81999999999954,10,403.81999999999954,move,improve
14870,10,403.81999999999954,10,403.81999999999954,2opt,notBad
14871,10,403.81999999999954,10,403.81999999999954,swap,notBad
14872,10,403.81999999999954,10,403.81999999999954,swap,notBad
14873,10,403.81999999999954,10,403.81999999999954,move,improve
14874,10,403.81999999999954,10,403.81999999999954,swap,notBad
14875,10,403.81999999999954,10,403.81999999999954,move,improve
14876,10,403.81999999999954,10,403.81999999999954,move,improve
14877,10,403.81999999999954,10,403.81999999999954,swap,notBad
14878,10,403.81999999999954,10,403.81999999999954,move,improve
14879,10,403.81999999999954,10,403.81999999999954,2opt,notBad
14880,10,403.81999999999954,10,403.81999999999954,2opt,notBad
14881,10,403.81999999999954,10,403.81999999999954,swap,notBad
14882,10,403.81999999999954,10,403.81999999999954,2opt,notBad
14883,10,403.81999999999954,10,403.81999999999954,2opt,notBad
14884,10,403.81999999999954,10,403.81999999999954,move,improve
14885,10,403.81999999999954,10,403.81999999999954,swap,notBad
14886,10,403.81999999999954,10,403.81999999999954,swap,notBad
14887,10,403.81999999999954,10,403.81999999999954,swap,notBad
14888,10,403.81999999999954,10,403.81999999999954,swap,notBad
14889,10,403.81999999999954,10,403.81999999999954,2opt,notBad
14890,10,403.81999999999954,10,403.81999999999954,2opt,notBad
14891,10,403.81999999999954,10,403.81999999999954,move,improve
14892,10,403.81999999999954,10,403.81999999999954,2opt,notBad
14893,10,403.81999999999954,10,403.81999999999954,swap,notBad
14894,10,403.81999999999954,10,403.81999999999954,move,improve
14895,10,403.81999999999954,10,403.81999999999954,move,improve
14896,10,403.81999999999954,10,403.81999999999954,move,improve
14897,10,403.81999999999954,10,403.81999999999954,2opt,notBad
14898,10,403.81999999999954,10,403.81999999999954,swap,notBad
14899,10,403.81999999999954,10,403.81999999999954,swap,notBad
14900,10,403.81999999999954,10,403.81999999999954,move,improve
14901,10,403.81999999999954,10,403.81999999999954,swap,notBad
14902,10,403.81999999999954,10,403.81999999999954,swap,notBad
14903,10,403.81999999999954,10,403.81999999999954,move,improve
14904,10,403.81999999999954,10,403.81999999999954,move,improve
14905,10,403.81999999999954,10,403.81999999999954,move,improve
14906,10,403.81999999999954,10,403.81999999999954,move,improve
14907,10,403.81999999999954,10,403.81999999999954,swap,notBad
14908,10,403.81999999999954,10,403.81999999999954,move,improve
14909,10,403.81999999999954,10,403.81999999999954,swap,notBad
14910,10,403.81999999999954,10,403.81999999999954,2opt,notBad
14911,10,403.81999999999954,10,403.81999999999954,swap,notBad
14912,10,403.81999999999954,10,403.81999999999954,swap,notBad
14913,10,403.81999999999954,10,403.81999999999954,move,improve
14914,10,403.81999999999954,10,403.81999999999954,swap,notBad
14915,10,403.81999999999954,10,403.81999999999954,move,improve
14916,10,403.81999999999954,10,403.81999999999954,swap,notBad
14917,10,403.81999999999954,10,403.81999999999954,2opt,notBad
14918,10,403.81999999999954,10,403.81999999999954,move,improve
14919,10,403.81999999999954,10,403.81999999999954,swap,notBad
14920,10,403.81999999999954,10,403.81999999999954,swap,notBad
14921,10,403.81999999999954,10,403.81999999999954,swap,notBad
14922,10,403.81999999999954,10,403.81999999999954,swap,notBad
14923,10,403.81999999999954,10,403.81999999999954,swap,notBad
14924,10,403.81999999999954,10,403.81999999999954,2opt,notBad
14925,10,403.81999999999954,10,403.81999999999954,move,improve
14926,10,403.81999999999954,10,403.81999999999954,2opt,notBad
14927,10,403.81999999999954,10,403.81999999999954,swap,notBad
14928,10,403.81999999999954,10,403.81999999999954,swap,notBad
14929,10,403.81999999999954,10,403.81999999999954,2opt,notBad
14930,10,403.81999999999954,10,403.81999999999954,move,improve
14931,10,403.81999999999954,10,403.81999999999954,2opt,notBad
14932,10,403.81999999999954,10,403.81999999999954,move,improve
14933,10,403.81999999999954,10,403.81999999999954,2opt,notBad
14934,10,403.81999999999954,10,403.81999999999954,swap,notBad
14935,10,403.81999999999954,10,403.81999999999954,swap,notBad
14936,10,403.81999999999954,10,403.81999999999954,move,improve
14937,10,403.81999999999954,10,403.81999999999954,swap,notBad
14938,10,403.81999999999954,10,403.81999999999954,swap,notBad
14939,10,403.81999999999954,10,403.81999999999954,2opt,notBad
14940,10,403.81999999999954,10,403.81999999999954,swap,notBad
14941,10,403.81999999999954,10,403.81999999999954,2opt,notBad
14942,10,403.81999999999954,10,403.81999999999954,2opt,notBad
14943,10,403.81999999999954,10,403.81999999999954,move,improve
14944,10,403.81999999999954,10,403.81999999999954,2opt,notBad
14945,10,403.81999999999954,10,403.81999999999954,2opt,improve
14946,10,403.81999999999954,10,403.81999999999954,move,improve
14947,10,403.81999999999954,10,403.81999999999954,move,improve
14948,10,403.81999999999954,10,403.81999999999954,2opt,notBad
14949,10,403.81999999999954,10,403.81999999999954,swap,notBad
14950,10,403.81999999999954,10,403.81999999999954,swap,notBad
14951,10,403.81999999999954,10,403.81999999999954,2opt,notBad
14952,10,403.81999999999954,10,403.81999999999954,move,improve
14953,10,403.81999999999954,10,403.81999999999954,move,improve
14954,10,403.81999999999954,10,403.81999999999954,swap,notBad
14955,10,403.81999999999954,10,403.81999999999954,2opt,notBad
14956,10,403.81999999999954,10,403.81999999999954,swap,notBad
14957,10,403.81999999999954,10,403.81999999999954,2opt,notBad
14958,10,403.81999999999954,10,403.81999999999954,move,improve
14959,10,403.81999999999954,10,403.81999999999954,2opt,notBad
14960,10,403.81999999999954,10,403.81999999999954,swap,notBad
14961,10,403.81999999999954,10,403.81999999999954,swap,notBad
14962,10,403.81999999999954,10,403.81999999999954,2opt,notBad
14963,10,403.81999999999954,10,403.81999999999954,2opt,notBad
14964,10,403.81999999999954,10,403.81999999999954,move,improve
14965,10,403.81999999999954,10,403.81999999999954,move,improve
14966,10,403.81999999999954,10,403.81999999999954,swap,notBad
14967,10,403.81999999999954,10,403.81999999999954,2opt,notBad
14968,10,403.81999999999954,10,403.81999999999954,swap,notBad
14969,10,403.81999999999954,10,403.81999999999954,swap,notBad
14970,10,403.81999999999954,10,403.81999999999954,swap,notBad
14971,10,403.81999999999954,10,403.81999999999954,swap,notBad
14972,10,403.81999999999954,10,403.81999999999954,2opt,notBad
14973,10,403.81999999999954,10,403.81999999999954,2opt,notBad
14974,10,403.81999999999954,10,403.81999999999954,swap,notBad
14975,10,403.81999999999954,10,403.81999999999954,move,improve
14976,10,403.81999999999954,10,403.81999999999954,swap,notBad
14977,10,403.81999999999954,10,403.81999999999954,swap,notBad
14978,10,403.81999999999954,10,403.81999999999954,2opt,notBad
14979,10,403.81999999999954,10,403.81999999999954,2opt,notBad
14980,10,403.81999999999954,10,403.81999999999954,swap,notBad
14981,10,403.81999999999954,10,403.81999999999954,swap,notBad
14982,10,403.81999999999954,10,403.81999999999954,swap,notBad
14983,10,403.81999999999954,10,403.81999999999954,swap,notBad
14984,10,403.81999999999954,10,403.81999999999954,2opt,notBad
14985,10,403.81999999999954,10,403.81999999999954,2opt,notBad
14986,10,403.81999999999954,10,403.81999999999954,move,improve
14987,10,403.81999999999954,10,403.81999999999954,move,improve
14988,10,403.81999999999954,10,403.81999999999954,2opt,notBad
14989,10,403.81999999999954,10,403.81999999999954,swap,notBad
14990,10,403.81999999999954,10,403.81999999999954,swap,notBad
14991,10,403.81999999999954,10,403.81999999999954,2opt,notBad
14992,10,403.81999999999954,10,403.81999999999954,move,improve
14993,10,403.81999999999954,10,403.81999999999954,move,improve
14994,10,403.81999999999954,10,403.81999999999954,2opt,notBad
14995,10,403.81999999999954,10,403.81999999999954,move,improve
14996,10,403.81999999999954,10,403.81999999999954,swap,notBad
14997,10,403.81999999999954,10,403.81999999999954,swap,notBad
14998,10,403.81999999999954,10,403.81999999999954,move,improve
14999,10,403.81999999999954,10,403.81999999999954,move,improve
15000,10,403.81999999999954,10,403.81999999999954,swap,notBad
15001,10,403.81999999999954,10,403.81999999999954,swap,notBad
15002,10,403.81999999999954,10,403.81999999999954,2opt,notBad
15003,10,403.81999999999954,10,403.81999999999954,2opt,notBad
15004,10,403.81999999999954,10,403.81999999999954,2opt,notBad
15005,10,403.81999999999954,10,403.81999999999954,move,improve
15006,10,403.81999999999954,10,403.81999999999954,swap,notBad
15007,10,403.81999999999954,10,403.81999999999954,move,improve
15008,10,403.81999999999954,10,403.81999999999954,2opt,notBad
15009,10,403.81999999999954,10,403.81999999999954,2opt,notBad
15010,10,403.81999999999954,10,403.81999999999954,2opt,notBad
15011,10,403.81999999999954,10,403.81999999999954,move,improve
15012,10,403.81999999999954,10,403.81999999999954,2opt,notBad
15013,10,403.81999999999954,10,403.81999999999954,move,improve
15014,10,403.81999999999954,10,403.81999999999954,move,improve
15015,10,403.81999999999954,10,403.81999999999954,swap,notBad
15016,10,403.81999999999954,10,403.81999999999954,swap,notBad
15017,10,403.81999999999954,10,403.81999999999954,2opt,notBad
15018,10,403.81999999999954,10,403.81999999999954,move,improve
15019,10,403.81999999999954,10,403.81999999999954,move,improve
15020,10,403.81999999999954,10,403.81999999999954,move,improve
15021,10,403.81999999999954,10,403.81999999999954,move,improve
15022,10,403.81999999999954,10,403.81999999999954,2opt,notBad
15023,10,403.81999999999954,10,403.81999999999954,move,improve
15024,10,403.81999999999954,10,403.81999999999954,2opt,notBad
15025,10,403.81999999999954,10,403.81999999999954,move,improve
15026,10,403.81999999999954,10,403.81999999999954,swap,notBad
15027,10,403.81999999999954,10,403.81999999999954,move,improve
15028,10,403.81999999999954,10,403.81999999999954,swap,notBad
15029,10,403.81999999999954,10,403.81999999999954,2opt,notBad
15030,10,403.81999999999954,10,403.81999999999954,move,improve
15031,10,403.81999999999954,10,403.81999999999954,swap,notBad
15032,10,403.81999999999954,10,403.81999999999954,2opt,notBad
15033,10,403.81999999999954,10,403.81999999999954,move,improve
15034,10,403.81999999999954,10,403.81999999999954,2opt,notBad
15035,10,403.81999999999954,10,403.81999999999954,swap,notBad
15036,10,403.81999999999954,10,403.81999999999954,move,improve
15037,10,403.81999999999954,10,403.81999999999954,move,improve
15038,10,403.81999999999954,10,403.81999999999954,2opt,notBad
15039,10,403.81999999999954,10,403.81999999999954,move,improve
15040,10,403.81999999999954,10,403.81999999999954,move,improve
15041,10,403.81999999999954,10,403.81999999999954,move,improve
15042,10,403.81999999999954,10,403.81999999999954,swap,notBad
15043,10,403.81999999999954,10,403.81999999999954,swap,notBad
15044,10,403.81999999999954,10,403.81999999999954,2opt,notBad
15045,10,403.81999999999954,10,403.81999999999954,2opt,notBad
15046,10,403.81999999999954,10,403.81999999999954,move,improve
15047,10,403.81999999999954,10,403.81999999999954,move,improve
15048,10,403.81999999999954,10,403.81999999999954,move,improve
15049,10,403.81999999999954,10,403.81999999999954,2opt,notBad
15050,10,403.81999999999954,10,403.81999999999954,move,improve
15051,10,403.81999999999954,10,403.81999999999954,swap,notBad
15052,10,403.81999999999954,10,403.81999999999954,swap,notBad
15053,10,403.81999999999954,10,403.81999999999954,swap,notBad
15054,10,403.81999999999954,10,403.81999999999954,swap,notBad
15055,10,403.81999999999954,10,403.81999999999954,swap,notBad
15056,10,403.81999999999954,10,403.81999999999954,move,improve
15057,10,403.81999999999954,10,403.81999999999954,swap,notBad
15058,10,403.81999999999954,10,403.81999999999954,2opt,improve
15059,10,403.81999999999954,10,403.81999999999954,2opt,notBad
15060,10,403.81999999999954,10,403.81999999999954,move,improve
15061,10,403.81999999999954,10,403.81999999999954,move,improve
15062,10,403.81999999999954,10,403.81999999999954,move,improve
15063,10,403.81999999999954,10,403.81999999999954,move,improve
15064,10,403.81999999999954,10,403.81999999999954,2opt,notBad
15065,10,403.81999999999954,10,403.81999999999954,swap,notBad
15066,10,403.81999999999954,10,403.81999999999954,move,improve
15067,10,403.81999999999954,10,403.81999999999954,move,improve
15068,10,403.81999999999954,10,403.81999999999954,2opt,notBad
15069,10,403.81999999999954,10,403.81999999999954,2opt,notBad
15070,10,403.81999999999954,10,403.81999999999954,swap,notBad
15071,10,403.81999999999954,10,403.81999999999954,2opt,notBad
15072,10,403.81999999999954,10,403.81999999999954,move,notBad
15073,10,403.81999999999954,10,403.81999999999954,2opt,notBad
15074,10,403.81999999999954,10,403.81999999999954,move,improve
15075,10,403.81999999999954,10,403.81999999999954,move,improve
15076,10,403.81999999999954,10,403.81999999999954,swap,notBad
15077,10,403.81999999999954,10,403.81999999999954,swap,notBad
15078,10,403.81999999999954,10,403.81999999999954,2opt,notBad
15079,10,403.81999999999954,10,403.81999999999954,swap,notBad
15080,10,403.81999999999954,10,403.81999999999954,2opt,notBad
15081,10,403.81999999999954,10,403.81999999999954,swap,notBad
15082,10,403.81999999999954,10,403.81999999999954,swap,notBad
15083,10,403.81999999999954,10,403.81999999999954,2opt,notBad
15084,10,403.81999999999954,10,403.81999999999954,swap,notBad
15085,10,403.81999999999954,10,403.81999999999954,2opt,notBad
15086,10,403.81999999999954,10,403.81999999999954,2opt,notBad
15087,10,403.81999999999954,10,403.81999999999954,move,improve
15088,10,403.81999999999954,10,403.81999999999954,move,improve
15089,10,403.81999999999954,10,403.81999999999954,2opt,notBad
15090,10,403.81999999999954,10,403.81999999999954,swap,notBad
15091,10,403.81999999999954,10,403.81999999999954,move,improve
15092,10,403.81999999999954,10,403.81999999999954,move,improve
15093,10,403.81999999999954,10,403.81999999999954,2opt,improve
15094,10,403.81999999999954,10,403.81999999999954,2opt,notBad
15095,10,403.81999999999954,10,403.81999999999954,2opt,notBad
15096,10,403.81999999999954,10,403.81999999999954,swap,notBad
15097,10,403.81999999999954,10,403.81999999999954,swap,notBad
15098,10,403.81999999999954,10,403.81999999999954,2opt,notBad
15099,10,403.81999999999954,10,403.81999999999954,swap,notBad
15100,10,403.81999999999954,10,403.81999999999954,2opt,improve
15101,10,403.81999999999954,10,403.81999999999954,2opt,notBad
15102,10,403.81999999999954,10,403.81999999999954,swap,notBad
15103,10,403.81999999999954,10,403.81999999999954,2opt,notBad
15104,10,403.81999999999954,10,403.81999999999954,2opt,notBad
15105,10,403.81999999999954,10,403.81999999999954,2opt,notBad
15106,10,403.81999999999954,10,403.81999999999954,swap,notBad
15107,10,403.81999999999954,10,403.81999999999954,swap,notBad
15108,10,403.81999999999954,10,403.81999999999954,swap,notBad
15109,10,403.81999999999954,10,403.81999999999954,swap,notBad
15110,10,403.81999999999954,10,403.81999999999954,swap,notBad
15111,10,403.81999999999954,10,403.81999999999954,2opt,notBad
15112,10,403.81999999999954,10,403.81999999999954,swap,notBad
15113,10,403.81999999999954,10,403.81999999999954,move,improve
15114,10,403.81999999999954,10,403.81999999999954,move,improve
15115,10,403.81999999999954,10,403.81999999999954,2opt,notBad
15116,10,403.81999999999954,10,403.81999999999954,move,improve
15117,10,403.81999999999954,10,403.81999999999954,2opt,notBad
15118,10,403.81999999999954,10,403.81999999999954,swap,notBad
15119,10,403.81999999999954,10,403.81999999999954,2opt,notBad
15120,10,405.2199999999995,10,403.81999999999954,swap,acceptBad
15121,10,405.2199999999995,10,403.81999999999954,2opt,notBad
15122,10,405.2199999999995,10,403.81999999999954,move,improve
15123,10,405.2199999999995,10,403.81999999999954,swap,notBad
15124,10,405.2199999999995,10,403.81999999999954,2opt,notBad
15125,10,405.2199999999995,10,403.81999999999954,2opt,notBad
15126,10,405.2199999999995,10,403.81999999999954,move,improve
15127,10,405.2199999999995,10,403.81999999999954,move,improve
15128,10,405.2199999999995,10,403.81999999999954,2opt,notBad
15129,10,405.2199999999995,10,403.81999999999954,2opt,notBad
15130,10,405.2199999999995,10,403.81999999999954,move,improve
15131,10,405.2199999999995,10,403.81999999999954,swap,notBad
15132,10,405.2199999999995,10,403.81999999999954,2opt,notBad
15133,10,405.2199999999995,10,403.81999999999954,move,improve
15134,10,405.2199999999995,10,403.81999999999954,2opt,notBad
15135,10,405.2199999999995,10,403.81999999999954,2opt,notBad
15136,10,405.2199999999995,10,403.81999999999954,swap,notBad
15137,10,405.2199999999995,10,403.81999999999954,move,improve
15138,10,405.2199999999995,10,403.81999999999954,move,improve
15139,10,405.2199999999995,10,403.81999999999954,2opt,notBad
15140,10,405.2199999999995,10,403.81999999999954,move,improve
15141,10,405.2199999999995,10,403.81999999999954,move,improve
15142,10,405.2199999999995,10,403.81999999999954,swap,notBad
15143,10,405.2199999999995,10,403.81999999999954,move,improve
15144,10,405.2199999999995,10,403.81999999999954,2opt,notBad
15145,10,405.2199999999995,10,403.81999999999954,swap,notBad
15146,10,405.2199999999995,10,403.81999999999954,swap,notBad
15147,10,403.81999999999954,10,403.81999999999954,move,improve
15148,10,403.81999999999954,10,403.81999999999954,move,improve
15149,10,403.81999999999954,10,403.81999999999954,move,improve
15150,10,403.81999999999954,10,403.81999999999954,move,improve
15151,10,403.81999999999954,10,403.81999999999954,swap,notBad
15152,10,403.81999999999954,10,403.81999999999954,swap,notBad
15153,10,403.81999999999954,10,403.81999999999954,2opt,notBad
15154,10,403.81999999999954,10,403.81999999999954,swap,notBad
15155,10,403.81999999999954,10,403.81999999999954,swap,notBad
15156,10,403.81999999999954,10,403.81999999999954,swap,notBad
15157,10,403.81999999999954,10,403.81999999999954,2opt,improve
15158,10,403.81999999999954,10,403.81999999999954,move,improve
15159,10,403.81999999999954,10,403.81999999999954,move,improve
15160,10,403.81999999999954,10,403.81999999999954,move,improve
15161,10,403.81999999999954,10,403.81999999999954,2opt,improve
15162,10,403.81999999999954,10,403.81999999999954,2opt,notBad
15163,10,403.81999999999954,10,403.81999999999954,swap,notBad
15164,10,403.81999999999954,10,403.81999999999954,swap,notBad
15165,10,403.81999999999954,10,403.81999999999954,move,improve
15166,10,403.81999999999954,10,403.81999999999954,swap,notBad
15167,10,403.81999999999954,10,403.81999999999954,swap,notBad
15168,10,403.81999999999954,10,403.81999999999954,2opt,notBad
15169,10,403.81999999999954,10,403.81999999999954,2opt,notBad
15170,10,403.81999999999954,10,403.81999999999954,2opt,improve
15171,10,403.81999999999954,10,403.81999999999954,swap,notBad
15172,10,403.81999999999954,10,403.81999999999954,swap,notBad
15173,10,403.81999999999954,10,403.81999999999954,move,improve
15174,10,403.81999999999954,10,403.81999999999954,2opt,notBad
15175,10,403.81999999999954,10,403.81999999999954,swap,notBad
15176,10,403.81999999999954,10,403.81999999999954,2opt,notBad
15177,10,403.81999999999954,10,403.81999999999954,swap,notBad
15178,10,403.81999999999954,10,403.81999999999954,move,improve
15179,10,403.81999999999954,10,403.81999999999954,swap,notBad
15180,10,403.81999999999954,10,403.81999999999954,move,improve
15181,10,403.81999999999954,10,403.81999999999954,swap,notBad
15182,10,403.81999999999954,10,403.81999999999954,move,improve
15183,10,403.81999999999954,10,403.81999999999954,2opt,notBad
15184,10,403.81999999999954,10,403.81999999999954,move,improve
15185,10,403.81999999999954,10,403.81999999999954,swap,notBad
15186,10,403.81999999999954,10,403.81999999999954,2opt,notBad
15187,10,403.81999999999954,10,403.81999999999954,2opt,notBad
15188,10,403.81999999999954,10,403.81999999999954,move,improve
15189,10,403.81999999999954,10,403.81999999999954,move,improve
15190,10,403.81999999999954,10,403.81999999999954,move,improve
15191,10,403.81999999999954,10,403.81999999999954,swap,notBad
15192,10,403.81999999999954,10,403.81999999999954,swap,notBad
15193,10,403.81999999999954,10,403.81999999999954,swap,notBad
15194,10,403.81999999999954,10,403.81999999999954,swap,notBad
15195,10,403.81999999999954,10,403.81999999999954,swap,notBad
15196,10,403.81999999999954,10,403.81999999999954,move,improve
15197,10,403.81999999999954,10,403.81999999999954,2opt,notBad
15198,10,403.81999999999954,10,403.81999999999954,swap,notBad
15199,10,403.81999999999954,10,403.81999999999954,move,improve
15200,10,403.81999999999954,10,403.81999999999954,swap,notBad
15201,10,403.81999999999954,10,403.81999999999954,move,improve
15202,10,403.81999999999954,10,403.81999999999954,swap,notBad
15203,10,403.81999999999954,10,403.81999999999954,swap,notBad
15204,10,403.81999999999954,10,403.81999999999954,2opt,notBad
15205,10,403.81999999999954,10,403.81999999999954,swap,notBad
15206,10,403.81999999999954,10,403.81999999999954,2opt,notBad
15207,10,403.81999999999954,10,403.81999999999954,2opt,notBad
15208,10,403.81999999999954,10,403.81999999999954,2opt,improve
15209,10,403.81999999999954,10,403.81999999999954,swap,notBad
15210,10,403.81999999999954,10,403.81999999999954,2opt,notBad
15211,10,403.81999999999954,10,403.81999999999954,swap,notBad
15212,10,403.81999999999954,10,403.81999999999954,2opt,notBad
15213,10,403.81999999999954,10,403.81999999999954,swap,notBad
15214,10,403.81999999999954,10,403.81999999999954,move,improve
15215,10,403.81999999999954,10,403.81999999999954,2opt,notBad
15216,10,403.81999999999954,10,403.81999999999954,2opt,notBad
15217,10,403.81999999999954,10,403.81999999999954,move,improve
15218,10,403.81999999999954,10,403.81999999999954,2opt,notBad
15219,10,403.81999999999954,10,403.81999999999954,move,improve
15220,10,403.81999999999954,10,403.81999999999954,move,improve
15221,10,403.81999999999954,10,403.81999999999954,move,improve
15222,10,403.81999999999954,10,403.81999999999954,2opt,notBad
15223,10,403.81999999999954,10,403.81999999999954,2opt,notBad
15224,10,403.81999999999954,10,403.81999999999954,2opt,notBad
15225,10,403.81999999999954,10,403.81999999999954,move,improve
15226,10,403.81999999999954,10,403.81999999999954,2opt,notBad
15227,10,403.81999999999954,10,403.81999999999954,2opt,notBad
15228,10,403.81999999999954,10,403.81999999999954,move,improve
15229,10,403.81999999999954,10,403.81999999999954,swap,notBad
15230,10,403.81999999999954,10,403.81999999999954,2opt,notBad
15231,10,403.81999999999954,10,403.81999999999954,swap,notBad
15232,10,403.81999999999954,10,403.81999999999954,2opt,notBad
15233,10,403.81999999999954,10,403.81999999999954,2opt,notBad
15234,10,403.81999999999954,10,403.81999999999954,move,improve
15235,10,403.81999999999954,10,403.81999999999954,move,improve
15236,10,403.81999999999954,10,403.81999999999954,2opt,notBad
15237,10,403.81999999999954,10,403.81999999999954,2opt,improve
15238,10,403.81999999999954,10,403.81999999999954,move,improve
15239,10,403.81999999999954,10,403.81999999999954,move,improve
15240,10,403.81999999999954,10,403.81999999999954,swap,notBad
15241,10,403.81999999999954,10,403.81999999999954,swap,notBad
15242,10,403.81999999999954,10,403.81999999999954,2opt,notBad
15243,10,403.81999999999954,10,403.81999999999954,swap,notBad
15244,10,403.81999999999954,10,403.81999999999954,move,improve
15245,10,403.81999999999954,10,403.81999999999954,move,improve
15246,10,403.81999999999954,10,403.81999999999954,swap,notBad
15247,10,403.81999999999954,10,403.81999999999954,2opt,notBad
15248,10,403.81999999999954,10,403.81999999999954,2opt,notBad
15249,10,403.81999999999954,10,403.81999999999954,swap,notBad
15250,10,403.81999999999954,10,403.81999999999954,swap,notBad
15251,10,403.81999999999954,10,403.81999999999954,swap,notBad
15252,10,403.81999999999954,10,403.81999999999954,move,improve
15253,10,403.81999999999954,10,403.81999999999954,move,improve
15254,10,403.81999999999954,10,403.81999999999954,move,improve
15255,10,403.81999999999954,10,403.81999999999954,2opt,notBad
15256,10,403.81999999999954,10,403.81999999999954,2opt,notBad
15257,10,403.81999999999954,10,403.81999999999954,swap,notBad
15258,10,403.81999999999954,10,403.81999999999954,move,improve
15259,10,403.81999999999954,10,403.81999999999954,swap,notBad
15260,10,403.81999999999954,10,403.81999999999954,move,improve
15261,10,403.81999999999954,10,403.81999999999954,2opt,notBad
15262,10,403.81999999999954,10,403.81999999999954,move,improve
15263,10,403.81999999999954,10,403.81999999999954,swap,notBad
15264,10,403.81999999999954,10,403.81999999999954,move,improve
15265,10,403.81999999999954,10,403.81999999999954,2opt,notBad
15266,10,403.81999999999954,10,403.81999999999954,swap,notBad
15267,10,403.81999999999954,10,403.81999999999954,move,improve
15268,10,403.81999999999954,10,403.81999999999954,2opt,notBad
15269,10,403.81999999999954,10,403.81999999999954,2opt,notBad
15270,10,403.81999999999954,10,403.81999999999954,2opt,notBad
15271,10,403.81999999999954,10,403.81999999999954,swap,notBad
15272,10,403.81999999999954,10,403.81999999999954,move,improve
15273,10,403.81999999999954,10,403.81999999999954,swap,notBad
15274,10,403.81999999999954,10,403.81999999999954,move,improve
15275,10,403.81999999999954,10,403.81999999999954,swap,notBad
15276,10,403.81999999999954,10,403.81999999999954,2opt,notBad
15277,10,403.81999999999954,10,403.81999999999954,swap,notBad
15278,10,403.81999999999954,10,403.81999999999954,move,improve
15279,10,403.81999999999954,10,403.81999999999954,move,improve
15280,10,403.81999999999954,10,403.81999999999954,swap,notBad
15281,10,403.81999999999954,10,403.81999999999954,move,improve
15282,10,403.81999999999954,10,403.81999999999954,swap,notBad
15283,10,403.81999999999954,10,403.81999999999954,swap,notBad
15284,10,403.81999999999954,10,403.81999999999954,swap,notBad
15285,10,403.81999999999954,10,403.81999999999954,swap,notBad
15286,10,403.81999999999954,10,403.81999999999954,swap,notBad
15287,10,403.81999999999954,10,403.81999999999954,swap,notBad
15288,10,403.81999999999954,10,403.81999999999954,move,improve
15289,10,403.81999999999954,10,403.81999999999954,2opt,notBad
15290,10,403.81999999999954,10,403.81999999999954,swap,notBad
15291,10,403.81999999999954,10,403.81999999999954,swap,notBad
15292,10,403.81999999999954,10,403.81999999999954,swap,notBad
15293,10,403.81999999999954,10,403.81999999999954,2opt,notBad
15294,10,403.81999999999954,10,403.81999999999954,swap,notBad
15295,10,403.81999999999954,10,403.81999999999954,2opt,notBad
15296,10,403.81999999999954,10,403.81999999999954,2opt,notBad
15297,10,403.81999999999954,10,403.81999999999954,2opt,notBad
15298,10,403.81999999999954,10,403.81999999999954,move,improve
15299,10,403.81999999999954,10,403.81999999999954,swap,notBad
15300,10,403.81999999999954,10,403.81999999999954,move,improve
15301,10,403.81999999999954,10,403.81999999999954,move,improve
15302,10,403.81999999999954,10,403.81999999999954,move,improve
15303,10,403.81999999999954,10,403.81999999999954,move,improve
15304,10,403.81999999999954,10,403.81999999999954,move,improve
15305,10,403.81999999999954,10,403.81999999999954,move,improve
15306,10,403.81999999999954,10,403.81999999999954,swap,notBad
15307,10,403.81999999999954,10,403.81999999999954,move,improve
15308,10,403.81999999999954,10,403.81999999999954,2opt,notBad
15309,10,403.81999999999954,10,403.81999999999954,swap,notBad
15310,10,403.81999999999954,10,403.81999999999954,swap,notBad
15311,10,403.81999999999954,10,403.81999999999954,2opt,notBad
15312,10,403.81999999999954,10,403.81999999999954,2opt,notBad
15313,10,403.81999999999954,10,403.81999999999954,move,improve
15314,10,403.81999999999954,10,403.81999999999954,swap,notBad
15315,10,403.81999999999954,10,403.81999999999954,move,improve
15316,10,403.81999999999954,10,403.81999999999954,move,improve
15317,10,403.81999999999954,10,403.81999999999954,move,improve
15318,10,403.81999999999954,10,403.81999999999954,move,improve
15319,10,403.81999999999954,10,403.81999999999954,swap,notBad
15320,10,403.81999999999954,10,403.81999999999954,swap,notBad
15321,10,403.81999999999954,10,403.81999999999954,swap,notBad
15322,10,403.81999999999954,10,403.81999999999954,2opt,notBad
15323,10,403.81999999999954,10,403.81999999999954,move,improve
15324,10,403.81999999999954,10,403.81999999999954,move,improve
15325,10,403.81999999999954,10,403.81999999999954,swap,notBad
15326,10,403.81999999999954,10,403.81999999999954,move,improve
15327,10,403.81999999999954,10,403.81999999999954,2opt,improve
15328,10,403.81999999999954,10,403.81999999999954,2opt,notBad
15329,10,403.81999999999954,10,403.81999999999954,swap,notBad
15330,10,403.81999999999954,10,403.81999999999954,swap,notBad
15331,10,403.81999999999954,10,403.81999999999954,swap,notBad
15332,10,403.81999999999954,10,403.81999999999954,2opt,notBad
15333,10,403.81999999999954,10,403.81999999999954,swap,notBad
15334,10,403.81999999999954,10,403.81999999999954,2opt,notBad
15335,10,403.81999999999954,10,403.81999999999954,2opt,notBad
15336,10,403.81999999999954,10,403.81999999999954,swap,notBad
15337,10,403.81999999999954,10,403.81999999999954,swap,notBad
15338,10,403.81999999999954,10,403.81999999999954,swap,notBad
15339,10,403.81999999999954,10,403.81999999999954,2opt,improve
15340,10,403.81999999999954,10,403.81999999999954,move,improve
15341,10,403.81999999999954,10,403.81999999999954,move,notBad
15342,10,403.81999999999954,10,403.81999999999954,move,improve
15343,10,403.81999999999954,10,403.81999999999954,swap,notBad
15344,10,403.81999999999954,10,403.81999999999954,move,improve
15345,10,403.81999999999954,10,403.81999999999954,swap,notBad
15346,10,403.81999999999954,10,403.81999999999954,2opt,notBad
15347,10,403.81999999999954,10,403.81999999999954,move,improve
15348,10,403.81999999999954,10,403.81999999999954,move,improve
15349,10,403.81999999999954,10,403.81999999999954,2opt,notBad
15350,10,403.81999999999954,10,403.81999999999954,move,improve
15351,10,403.81999999999954,10,403.81999999999954,move,improve
15352,10,403.81999999999954,10,403.81999999999954,swap,notBad
15353,10,403.81999999999954,10,403.81999999999954,2opt,notBad
15354,10,403.81999999999954,10,403.81999999999954,swap,notBad
15355,10,403.81999999999954,10,403.81999999999954,swap,notBad
15356,10,403.81999999999954,10,403.81999999999954,move,improve
15357,10,403.81999999999954,10,403.81999999999954,move,improve
15358,10,403.81999999999954,10,403.81999999999954,swap,notBad
15359,10,403.81999999999954,10,403.81999999999954,2opt,improve
15360,10,403.81999999999954,10,403.81999999999954,2opt,notBad
15361,10,403.81999999999954,10,403.81999999999954,move,improve
15362,10,403.81999999999954,10,403.81999999999954,swap,notBad
15363,10,403.81999999999954,10,403.81999999999954,2opt,notBad
15364,10,403.81999999999954,10,403.81999999999954,2opt,notBad
15365,10,403.81999999999954,10,403.81999999999954,move,improve
15366,10,403.81999999999954,10,403.81999999999954,move,improve
15367,10,403.81999999999954,10,403.81999999999954,move,improve
15368,10,403.81999999999954,10,403.81999999999954,2opt,notBad
15369,10,403.81999999999954,10,403.81999999999954,2opt,improve
15370,10,403.81999999999954,10,403.81999999999954,2opt,notBad
15371,10,403.81999999999954,10,403.81999999999954,2opt,notBad
15372,10,403.81999999999954,10,403.81999999999954,swap,notBad
15373,10,403.81999999999954,10,403.81999999999954,swap,notBad
15374,10,403.81999999999954,10,403.81999999999954,2opt,notBad
15375,10,403.81999999999954,10,403.81999999999954,swap,notBad
15376,10,403.81999999999954,10,403.81999999999954,move,improve
15377,10,403.81999999999954,10,403.81999999999954,2opt,notBad
15378,10,403.81999999999954,10,403.81999999999954,move,improve
15379,10,403.81999999999954,10,403.81999999999954,2opt,notBad
15380,10,403.81999999999954,10,403.81999999999954,move,improve
15381,10,403.81999999999954,10,403.81999999999954,2opt,notBad
15382,10,403.81999999999954,10,403.81999999999954,2opt,notBad
15383,10,403.81999999999954,10,403.81999999999954,swap,notBad
15384,10,403.81999999999954,10,403.81999999999954,2opt,notBad
15385,10,403.81999999999954,10,403.81999999999954,2opt,notBad
15386,10,403.81999999999954,10,403.81999999999954,2opt,notBad
15387,10,403.81999999999954,10,403.81999999999954,2opt,notBad
15388,10,403.81999999999954,10,403.81999999999954,swap,notBad
15389,10,403.81999999999954,10,403.81999999999954,move,improve
15390,10,403.81999999999954,10,403.81999999999954,swap,notBad
15391,10,403.81999999999954,10,403.81999999999954,swap,notBad
15392,10,403.81999999999954,10,403.81999999999954,move,improve
15393,10,403.81999999999954,10,403.81999999999954,swap,notBad
15394,10,403.81999999999954,10,403.81999999999954,2opt,notBad
15395,10,403.81999999999954,10,403.81999999999954,2opt,notBad
15396,10,403.81999999999954,10,403.81999999999954,swap,notBad
15397,10,403.81999999999954,10,403.81999999999954,2opt,notBad
15398,10,403.81999999999954,10,403.81999999999954,swap,notBad
15399,10,403.81999999999954,10,403.81999999999954,move,improve
15400,10,403.81999999999954,10,403.81999999999954,2opt,notBad
15401,10,403.81999999999954,10,403.81999999999954,move,improve
15402,10,403.81999999999954,10,403.81999999999954,move,improve
15403,10,403.81999999999954,10,403.81999999999954,swap,notBad
15404,10,403.81999999999954,10,403.81999999999954,2opt,notBad
15405,10,403.81999999999954,10,403.81999999999954,2opt,notBad
15406,10,403.81999999999954,10,403.81999999999954,move,improve
15407,10,403.81999999999954,10,403.81999999999954,swap,notBad
15408,10,403.81999999999954,10,403.81999999999954,2opt,notBad
15409,10,403.81999999999954,10,403.81999999999954,swap,notBad
15410,10,403.81999999999954,10,403.81999999999954,2opt,notBad
15411,10,403.81999999999954,10,403.81999999999954,2opt,notBad
15412,10,403.81999999999954,10,403.81999999999954,2opt,notBad
15413,10,403.81999999999954,10,403.81999999999954,move,improve
15414,10,403.81999999999954,10,403.81999999999954,2opt,notBad
15415,10,403.81999999999954,10,403.81999999999954,swap,notBad
15416,10,403.81999999999954,10,403.81999999999954,2opt,notBad
15417,10,403.81999999999954,10,403.81999999999954,swap,notBad
15418,10,403.81999999999954,10,403.81999999999954,2opt,notBad
15419,10,403.81999999999954,10,403.81999999999954,move,improve
15420,10,403.81999999999954,10,403.81999999999954,swap,notBad
15421,10,403.81999999999954,10,403.81999999999954,move,improve
15422,10,403.81999999999954,10,403.81999999999954,2opt,notBad
15423,10,403.81999999999954,10,403.81999999999954,2opt,notBad
15424,10,403.81999999999954,10,403.81999999999954,2opt,notBad
15425,10,403.81999999999954,10,403.81999999999954,move,improve
15426,10,403.81999999999954,10,403.81999999999954,move,improve
15427,10,403.81999999999954,10,403.81999999999954,2opt,notBad
15428,10,403.81999999999954,10,403.81999999999954,swap,notBad
15429,10,403.81999999999954,10,403.81999999999954,move,improve
15430,10,403.81999999999954,10,403.81999999999954,2opt,notBad
15431,10,403.81999999999954,10,403.81999999999954,swap,notBad
15432,10,403.81999999999954,10,403.81999999999954,move,improve
15433,10,403.81999999999954,10,403.81999999999954,move,improve
15434,10,403.81999999999954,10,403.81999999999954,move,improve
15435,10,403.81999999999954,10,403.81999999999954,swap,notBad
15436,10,403.81999999999954,10,403.81999999999954,move,improve
15437,10,403.81999999999954,10,403.81999999999954,move,improve
15438,10,403.81999999999954,10,403.81999999999954,2opt,notBad
15439,10,403.81999999999954,10,403.81999999999954,move,improve
15440,10,403.81999999999954,10,403.81999999999954,move,improve
15441,10,403.81999999999954,10,403.81999999999954,swap,notBad
15442,10,403.81999999999954,10,403.81999999999954,move,improve
15443,10,403.81999999999954,10,403.81999999999954,swap,notBad
15444,10,403.81999999999954,10,403.81999999999954,move,improve
15445,10,403.81999999999954,10,403.81999999999954,swap,notBad
15446,10,403.81999999999954,10,403.81999999999954,move,improve
15447,10,403.81999999999954,10,403.81999999999954,move,improve
15448,10,403.81999999999954,10,403.81999999999954,swap,notBad
15449,10,403.81999999999954,10,403.81999999999954,swap,notBad
15450,10,403.81999999999954,10,403.81999999999954,swap,notBad
15451,10,403.81999999999954,10,403.81999999999954,move,improve
15452,10,403.81999999999954,10,403.81999999999954,move,improve
15453,10,403.81999999999954,10,403.81999999999954,2opt,notBad
15454,10,403.81999999999954,10,403.81999999999954,move,improve
15455,10,403.81999999999954,10,403.81999999999954,swap,notBad
15456,10,403.81999999999954,10,403.81999999999954,swap,notBad
15457,10,403.81999999999954,10,403.81999999999954,swap,notBad
15458,10,403.81999999999954,10,403.81999999999954,move,improve
15459,10,403.81999999999954,10,403.81999999999954,move,improve
15460,10,403.81999999999954,10,403.81999999999954,swap,notBad
15461,10,403.81999999999954,10,403.81999999999954,2opt,notBad
15462,10,403.81999999999954,10,403.81999999999954,move,improve
15463,10,403.81999999999954,10,403.81999999999954,swap,notBad
15464,10,403.81999999999954,10,403.81999999999954,move,improve
15465,10,403.81999999999954,10,403.81999999999954,2opt,notBad
15466,10,403.81999999999954,10,403.81999999999954,2opt,improve
15467,10,403.81999999999954,10,403.81999999999954,move,improve
15468,10,403.81999999999954,10,403.81999999999954,swap,notBad
15469,10,403.81999999999954,10,403.81999999999954,move,improve
15470,10,403.81999999999954,10,403.81999999999954,swap,notBad
15471,10,403.81999999999954,10,403.81999999999954,move,improve
15472,10,403.81999999999954,10,403.81999999999954,2opt,notBad
15473,10,403.81999999999954,10,403.81999999999954,2opt,notBad
15474,10,403.81999999999954,10,403.81999999999954,move,improve
15475,10,403.81999999999954,10,403.81999999999954,move,improve
15476,10,403.81999999999954,10,403.81999999999954,2opt,notBad
15477,10,403.81999999999954,10,403.81999999999954,swap,notBad
15478,10,403.81999999999954,10,403.81999999999954,swap,notBad
15479,10,403.81999999999954,10,403.81999999999954,2opt,notBad
15480,10,403.81999999999954,10,403.81999999999954,2opt,notBad
15481,10,403.81999999999954,10,403.81999999999954,2opt,notBad
15482,10,403.81999999999954,10,403.81999999999954,2opt,notBad
15483,10,403.81999999999954,10,403.81999999999954,swap,notBad
15484,10,403.81999999999954,10,403.81999999999954,move,notBad
15485,10,403.81999999999954,10,403.81999999999954,2opt,notBad
15486,10,403.81999999999954,10,403.81999999999954,swap,notBad
15487,10,403.81999999999954,10,403.81999999999954,move,improve
15488,10,403.81999999999954,10,403.81999999999954,move,improve
15489,10,403.81999999999954,10,403.81999999999954,move,improve
15490,10,403.81999999999954,10,403.81999999999954,move,improve
15491,10,403.81999999999954,10,403.81999999999954,swap,notBad
15492,10,403.81999999999954,10,403.81999999999954,move,improve
15493,10,403.81999999999954,10,403.81999999999954,swap,notBad
15494,10,403.81999999999954,10,403.81999999999954,swap,notBad
15495,10,403.81999999999954,10,403.81999999999954,swap,notBad
15496,10,403.81999999999954,10,403.81999999999954,2opt,notBad
15497,10,403.81999999999954,10,403.81999999999954,2opt,notBad
15498,10,403.81999999999954,10,403.81999999999954,2opt,notBad
15499,10,403.81999999999954,10,403.81999999999954,move,improve
15500,10,403.81999999999954,10,403.81999999999954,swap,notBad
15501,10,403.81999999999954,10,403.81999999999954,swap,notBad
15502,10,403.81999999999954,10,403.81999999999954,move,improve
15503,10,403.81999999999954,10,403.81999999999954,2opt,notBad
15504,10,403.81999999999954,10,403.81999999999954,swap,notBad
15505,10,403.81999999999954,10,403.81999999999954,move,improve
15506,10,403.81999999999954,10,403.81999999999954,2opt,notBad
15507,10,403.81999999999954,10,403.81999999999954,2opt,notBad
15508,10,403.81999999999954,10,403.81999999999954,move,improve
15509,10,403.81999999999954,10,403.81999999999954,move,improve
15510,10,403.81999999999954,10,403.81999999999954,2opt,notBad
15511,10,403.81999999999954,10,403.81999999999954,swap,notBad
15512,10,403.81999999999954,10,403.81999999999954,move,improve
15513,10,403.81999999999954,10,403.81999999999954,swap,notBad
15514,10,403.81999999999954,10,403.81999999999954,move,improve
15515,10,403.81999999999954,10,403.81999999999954,swap,notBad
15516,10,403.81999999999954,10,403.81999999999954,swap,notBad
15517,10,403.81999999999954,10,403.81999999999954,swap,notBad
15518,10,403.81999999999954,10,403.81999999999954,2opt,notBad
15519,10,403.81999999999954,10,403.81999999999954,2opt,notBad
15520,10,403.81999999999954,10,403.81999999999954,move,improve
15521,10,403.81999999999954,10,403.81999999999954,swap,notBad
15522,10,403.81999999999954,10,403.81999999999954,swap,notBad
15523,10,403.81999999999954,10,403.81999999999954,move,improve
15524,10,403.81999999999954,10,403.81999999999954,swap,notBad
15525,10,403.81999999999954,10,403.81999999999954,2opt,notBad
15526,10,403.81999999999954,10,403.81999999999954,swap,notBad
15527,10,403.81999999999954,10,403.81999999999954,swap,notBad
15528,10,403.81999999999954,10,403.81999999999954,move,improve
15529,10,403.81999999999954,10,403.81999999999954,move,notBad
15530,10,403.81999999999954,10,403.81999999999954,swap,notBad
15531,10,403.81999999999954,10,403.81999999999954,move,improve
15532,10,403.81999999999954,10,403.81999999999954,swap,notBad
15533,10,403.81999999999954,10,403.81999999999954,2opt,notBad
15534,10,403.81999999999954,10,403.81999999999954,swap,notBad
15535,10,403.81999999999954,10,403.81999999999954,swap,notBad
15536,10,403.81999999999954,10,403.81999999999954,move,improve
15537,10,403.81999999999954,10,403.81999999999954,2opt,notBad
15538,10,403.81999999999954,10,403.81999999999954,2opt,notBad
15539,10,403.81999999999954,10,403.81999999999954,swap,notBad
15540,10,403.81999999999954,10,403.81999999999954,move,improve
15541,10,403.81999999999954,10,403.81999999999954,2opt,notBad
15542,10,403.81999999999954,10,403.81999999999954,2opt,notBad
15543,10,403.81999999999954,10,403.81999999999954,swap,notBad
15544,10,403.81999999999954,10,403.81999999999954,swap,notBad
15545,10,403.81999999999954,10,403.81999999999954,move,improve
15546,10,403.81999999999954,10,403.81999999999954,move,improve
15547,10,403.81999999999954,10,403.81999999999954,move,improve
15548,10,403.81999999999954,10,403.81999999999954,move,improve
15549,10,403.81999999999954,10,403.81999999999954,2opt,notBad
15550,10,403.81999999999954,10,403.81999999999954,swap,notBad
15551,10,403.81999999999954,10,403.81999999999954,move,improve
15552,10,403.81999999999954,10,403.81999999999954,2opt,improve
15553,10,403.81999999999954,10,403.81999999999954,swap,notBad
15554,10,403.81999999999954,10,403.81999999999954,move,improve
15555,10,403.81999999999954,10,403.81999999999954,swap,notBad
15556,10,403.81999999999954,10,403.81999999999954,2opt,notBad
15557,10,403.81999999999954,10,403.81999999999954,2opt,notBad
15558,10,403.81999999999954,10,403.81999999999954,swap,notBad
15559,10,403.81999999999954,10,403.81999999999954,swap,notBad
15560,10,403.81999999999954,10,403.81999999999954,2opt,notBad
15561,10,404.31999999999965,10,403.81999999999954,swap,acceptBad
15562,10,404.31999999999965,10,403.81999999999954,swap,notBad
15563,10,404.31999999999965,10,403.81999999999954,move,improve
15564,10,404.31999999999965,10,403.81999999999954,2opt,notBad
15565,10,404.31999999999965,10,403.81999999999954,move,improve
15566,10,404.31999999999965,10,403.81999999999954,2opt,notBad
15567,10,404.31999999999965,10,403.81999999999954,2opt,notBad
15568,10,404.31999999999965,10,403.81999999999954,swap,notBad
15569,10,404.31999999999965,10,403.81999999999954,2opt,notBad
15570,10,404.31999999999965,10,403.81999999999954,move,improve
15571,10,404.31999999999965,10,403.81999999999954,2opt,notBad
15572,10,404.31999999999965,10,403.81999999999954,swap,notBad
15573,10,404.31999999999965,10,403.81999999999954,2opt,notBad
15574,10,404.31999999999965,10,403.81999999999954,swap,notBad
15575,10,404.31999999999965,10,403.81999999999954,move,improve
15576,10,404.31999999999965,10,403.81999999999954,move,improve
15577,10,404.31999999999965,10,403.81999999999954,2opt,notBad
15578,10,404.31999999999965,10,403.81999999999954,move,improve
15579,10,404.31999999999965,10,403.81999999999954,swap,notBad
15580,10,404.31999999999965,10,403.81999999999954,swap,notBad
15581,10,404.31999999999965,10,403.81999999999954,move,improve
15582,10,404.31999999999965,10,403.81999999999954,move,improve
15583,10,404.31999999999965,10,403.81999999999954,swap,notBad
15584,10,404.31999999999965,10,403.81999999999954,move,improve
15585,10,404.31999999999965,10,403.81999999999954,move,improve
15586,10,404.31999999999965,10,403.81999999999954,move,improve
15587,10,404.31999999999965,10,403.81999999999954,swap,notBad
15588,10,404.31999999999965,10,403.81999999999954,swap,notBad
15589,10,404.31999999999965,10,403.81999999999954,swap,notBad
15590,10,404.31999999999965,10,403.81999999999954,2opt,notBad
15591,10,404.31999999999965,10,403.81999999999954,swap,notBad
15592,10,404.31999999999965,10,403.81999999999954,move,improve
15593,10,404.31999999999965,10,403.81999999999954,move,improve
15594,10,404.31999999999965,10,403.81999999999954,move,improve
15595,10,404.31999999999965,10,403.81999999999954,2opt,notBad
15596,10,404.31999999999965,10,403.81999999999954,swap,notBad
15597,10,404.31999999999965,10,403.81999999999954,move,improve
15598,10,404.31999999999965,10,403.81999999999954,2opt,notBad
15599,10,404.31999999999965,10,403.81999999999954,swap,notBad
15600,10,404.31999999999965,10,403.81999999999954,2opt,notBad
15601,10,404.31999999999965,10,403.81999999999954,2opt,notBad
15602,10,404.31999999999965,10,403.81999999999954,swap,notBad
15603,10,404.31999999999965,10,403.81999999999954,swap,notBad
15604,10,404.31999999999965,10,403.81999999999954,2opt,notBad
15605,10,404.31999999999965,10,403.81999999999954,swap,notBad
15606,10,404.31999999999965,10,403.81999999999954,swap,notBad
15607,10,404.31999999999965,10,403.81999999999954,2opt,notBad
15608,10,404.31999999999965,10,403.81999999999954,move,notBad
15609,10,404.31999999999965,10,403.81999999999954,2opt,improve
15610,10,404.31999999999965,10,403.81999999999954,swap,notBad
15611,10,404.31999999999965,10,403.81999999999954,move,improve
15612,10,404.31999999999965,10,403.81999999999954,swap,notBad
15613,10,404.31999999999965,10,403.81999999999954,2opt,notBad
15614,10,404.31999999999965,10,403.81999999999954,swap,notBad
15615,10,404.31999999999965,10,403.81999999999954,move,improve
15616,10,404.31999999999965,10,403.81999999999954,2opt,notBad
15617,10,404.31999999999965,10,403.81999999999954,move,improve
15618,10,404.31999999999965,10,403.81999999999954,swap,notBad
15619,10,404.31999999999965,10,403.81999999999954,swap,notBad
15620,10,404.31999999999965,10,403.81999999999954,2opt,notBad
15621,10,404.31999999999965,10,403.81999999999954,2opt,notBad
15622,10,404.31999999999965,10,403.81999999999954,swap,notBad
15623,10,404.31999999999965,10,403.81999999999954,move,improve
15624,10,404.31999999999965,10,403.81999999999954,move,notBad
15625,10,404.31999999999965,10,403.81999999999954,2opt,notBad
15626,10,404.31999999999965,10,403.81999999999954,move,improve
15627,10,404.31999999999965,10,403.81999999999954,swap,notBad
15628,10,404.31999999999965,10,403.81999999999954,swap,notBad
15629,10,404.31999999999965,10,403.81999999999954,move,improve
15630,10,404.31999999999965,10,403.81999999999954,2opt,improve
15631,10,404.31999999999965,10,403.81999999999954,move,improve
15632,10,404.31999999999965,10,403.81999999999954,swap,notBad
15633,10,404.31999999999965,10,403.81999999999954,2opt,notBad
15634,10,404.31999999999965,10,403.81999999999954,swap,notBad
15635,10,404.31999999999965,10,403.81999999999954,2opt,improve
15636,10,404.31999999999965,10,403.81999999999954,move,improve
15637,10,404.31999999999965,10,403.81999999999954,2opt,improve
15638,10,404.31999999999965,10,403.81999999999954,swap,notBad
15639,10,404.31999999999965,10,403.81999999999954,2opt,notBad
15640,10,404.31999999999965,10,403.81999999999954,move,improve
15641,10,404.31999999999965,10,403.81999999999954,2opt,notBad
15642,10,404.31999999999965,10,403.81999999999954,2opt,notBad
15643,10,404.31999999999965,10,403.81999999999954,move,improve
15644,10,404.31999999999965,10,403.81999999999954,2opt,notBad
15645,10,404.31999999999965,10,403.81999999999954,2opt,notBad
15646,10,404.31999999999965,10,403.81999999999954,2opt,notBad
15647,10,404.31999999999965,10,403.81999999999954,2opt,notBad
15648,10,404.31999999999965,10,403.81999999999954,move,improve
15649,10,404.31999999999965,10,403.81999999999954,swap,notBad
15650,10,404.31999999999965,10,403.81999999999954,swap,notBad
15651,10,404.31999999999965,10,403.81999999999954,move,notBad
15652,10,404.31999999999965,10,403.81999999999954,move,improve
15653,10,404.31999999999965,10,403.81999999999954,2opt,improve
15654,10,404.31999999999965,10,403.81999999999954,swap,notBad
15655,10,404.31999999999965,10,403.81999999999954,move,improve
15656,10,404.31999999999965,10,403.81999999999954,move,improve
15657,10,404.31999999999965,10,403.81999999999954,move,improve
15658,10,404.31999999999965,10,403.81999999999954,move,improve
15659,10,404.31999999999965,10,403.81999999999954,2opt,notBad
15660,10,404.31999999999965,10,403.81999999999954,2opt,notBad
15661,10,404.31999999999965,10,403.81999999999954,move,improve
15662,10,404.31999999999965,10,403.81999999999954,swap,notBad
15663,10,404.31999999999965,10,403.81999999999954,swap,notBad
15664,10,404.31999999999965,10,403.81999999999954,2opt,notBad
15665,10,404.31999999999965,10,403.81999999999954,2opt,notBad
15666,10,404.31999999999965,10,403.81999999999954,swap,notBad
15667,10,404.31999999999965,10,403.81999999999954,swap,notBad
15668,10,404.31999999999965,10,403.81999999999954,2opt,notBad
15669,10,404.31999999999965,10,403.81999999999954,swap,notBad
15670,10,404.31999999999965,10,403.81999999999954,2opt,notBad
15671,10,404.31999999999965,10,403.81999999999954,move,improve
15672,10,404.31999999999965,10,403.81999999999954,swap,notBad
15673,10,404.31999999999965,10,403.81999999999954,move,improve
15674,10,404.31999999999965,10,403.81999999999954,swap,notBad
15675,10,404.31999999999965,10,403.81999999999954,move,improve
15676,10,404.31999999999965,10,403.81999999999954,swap,notBad
15677,10,404.31999999999965,10,403.81999999999954,2opt,notBad
15678,10,404.31999999999965,10,403.81999999999954,2opt,notBad
15679,10,404.31999999999965,10,403.81999999999954,2opt,improve
15680,10,404.31999999999965,10,403.81999999999954,swap,notBad
15681,10,404.31999999999965,10,403.81999999999954,move,improve
15682,10,404.31999999999965,10,403.81999999999954,swap,notBad
15683,10,404.31999999999965,10,403.81999999999954,move,improve
15684,10,404.31999999999965,10,403.81999999999954,move,improve
15685,10,404.31999999999965,10,403.81999999999954,2opt,improve
15686,10,404.31999999999965,10,403.81999999999954,move,improve
15687,10,404.31999999999965,10,403.81999999999954,move,improve
15688,10,404.31999999999965,10,403.81999999999954,2opt,notBad
15689,10,404.31999999999965,10,403.81999999999954,move,improve
15690,10,404.31999999999965,10,403.81999999999954,2opt,notBad
15691,10,404.31999999999965,10,403.81999999999954,2opt,notBad
15692,10,404.31999999999965,10,403.81999999999954,2opt,notBad
15693,10,404.31999999999965,10,403.81999999999954,2opt,notBad
15694,10,404.31999999999965,10,403.81999999999954,2opt,notBad
15695,10,404.31999999999965,10,403.81999999999954,swap,notBad
15696,10,404.31999999999965,10,403.81999999999954,move,improve
15697,10,404.31999999999965,10,403.81999999999954,move,improve
15698,10,404.31999999999965,10,403.81999999999954,swap,notBad
15699,10,404.31999999999965,10,403.81999999999954,swap,notBad
15700,10,404.31999999999965,10,403.81999999999954,swap,notBad
15701,10,404.31999999999965,10,403.81999999999954,swap,notBad
15702,10,404.31999999999965,10,403.81999999999954,2opt,notBad
15703,10,404.31999999999965,10,403.81999999999954,move,improve
15704,10,404.31999999999965,10,403.81999999999954,swap,notBad
15705,10,404.31999999999965,10,403.81999999999954,swap,notBad
15706,10,404.31999999999965,10,403.81999999999954,move,notBad
15707,10,404.31999999999965,10,403.81999999999954,swap,notBad
15708,10,404.31999999999965,10,403.81999999999954,swap,notBad
15709,10,404.31999999999965,10,403.81999999999954,move,improve
15710,10,404.31999999999965,10,403.81999999999954,move,improve
15711,10,404.31999999999965,10,403.81999999999954,move,improve
15712,10,404.31999999999965,10,403.81999999999954,move,improve
15713,10,404.31999999999965,10,403.81999999999954,2opt,improve
15714,10,404.31999999999965,10,403.81999999999954,2opt,notBad
15715,10,404.31999999999965,10,403.81999999999954,move,improve
15716,10,404.31999999999965,10,403.81999999999954,move,improve
15717,10,404.31999999999965,10,403.81999999999954,2opt,notBad
15718,10,404.31999999999965,10,403.81999999999954,swap,notBad
15719,10,404.31999999999965,10,403.81999999999954,move,improve
15720,10,404.31999999999965,10,403.81999999999954,2opt,improve
15721,10,404.31999999999965,10,403.81999999999954,move,improve
15722,10,404.31999999999965,10,403.81999999999954,2opt,notBad
15723,10,404.31999999999965,10,403.81999999999954,move,improve
15724,10,404.31999999999965,10,403.81999999999954,2opt,notBad
15725,10,404.31999999999965,10,403.81999999999954,swap,notBad
15726,10,404.31999999999965,10,403.81999999999954,2opt,notBad
15727,10,404.31999999999965,10,403.81999999999954,move,improve
15728,10,404.31999999999965,10,403.81999999999954,swap,notBad
15729,10,404.31999999999965,10,403.81999999999954,move,improve
15730,10,404.31999999999965,10,403.81999999999954,2opt,improve
15731,10,404.31999999999965,10,403.81999999999954,move,improve
15732,10,404.31999999999965,10,403.81999999999954,move,improve
15733,10,404.31999999999965,10,403.81999999999954,move,improve
15734,10,404.31999999999965,10,403.81999999999954,swap,notBad
15735,10,404.31999999999965,10,403.81999999999954,move,improve
15736,10,404.31999999999965,10,403.81999999999954,2opt,notBad
15737,10,404.31999999999965,10,403.81999999999954,swap,notBad
15738,10,404.31999999999965,10,403.81999999999954,swap,notBad
15739,10,404.31999999999965,10,403.81999999999954,move,improve
15740,10,404.31999999999965,10,403.81999999999954,move,improve
15741,10,404.31999999999965,10,403.81999999999954,swap,notBad
15742,10,404.31999999999965,10,403.81999999999954,2opt,notBad
15743,10,404.31999999999965,10,403.81999999999954,swap,notBad
15744,10,404.31999999999965,10,403.81999999999954,2opt,notBad
15745,10,404.31999999999965,10,403.81999999999954,swap,notBad
15746,10,404.31999999999965,10,403.81999999999954,swap,notBad
15747,10,404.31999999999965,10,403.81999999999954,move,improve
15748,10,404.31999999999965,10,403.81999999999954,swap,notBad
15749,10,404.31999999999965,10,403.81999999999954,swap,notBad
15750,10,404.31999999999965,10,403.81999999999954,move,improve
15751,10,404.31999999999965,10,403.81999999999954,2opt,notBad
15752,10,404.31999999999965,10,403.81999999999954,move,improve
15753,10,404.31999999999965,10,403.81999999999954,move,improve
15754,10,404.31999999999965,10,403.81999999999954,move,improve
15755,10,404.31999999999965,10,403.81999999999954,2opt,notBad
15756,10,404.31999999999965,10,403.81999999999954,move,improve
15757,10,404.31999999999965,10,403.81999999999954,2opt,notBad
15758,10,404.31999999999965,10,403.81999999999954,move,improve
15759,10,404.31999999999965,10,403.81999999999954,swap,notBad
15760,10,404.31999999999965,10,403.81999999999954,swap,notBad
15761,10,404.31999999999965,10,403.81999999999954,2opt,notBad
15762,10,404.31999999999965,10,403.81999999999954,move,improve
15763,10,404.31999999999965,10,403.81999999999954,move,improve
15764,10,404.31999999999965,10,403.81999999999954,move,improve
15765,10,404.31999999999965,10,403.81999999999954,move,notBad
15766,10,404.31999999999965,10,403.81999999999954,swap,notBad
15767,10,404.31999999999965,10,403.81999999999954,2opt,notBad
15768,10,404.31999999999965,10,403.81999999999954,2opt,notBad
15769,10,404.31999999999965,10,403.81999999999954,move,improve
15770,10,404.31999999999965,10,403.81999999999954,swap,notBad
15771,10,404.31999999999965,10,403.81999999999954,2opt,notBad
15772,10,404.31999999999965,10,403.81999999999954,2opt,notBad
15773,10,404.31999999999965,10,403.81999999999954,move,improve
15774,10,404.31999999999965,10,403.81999999999954,swap,notBad
15775,10,404.31999999999965,10,403.81999999999954,2opt,notBad
15776,10,404.31999999999965,10,403.81999999999954,2opt,notBad
15777,10,404.31999999999965,10,403.81999999999954,swap,notBad
15778,10,404.31999999999965,10,403.81999999999954,move,improve
15779,10,404.31999999999965,10,403.81999999999954,2opt,notBad
15780,10,404.31999999999965,10,403.81999999999954,move,improve
15781,10,404.31999999999965,10,403.81999999999954,swap,notBad
15782,10,403.81999999999954,10,403.81999999999954,move,improve
15783,10,403.81999999999954,10,403.81999999999954,move,improve
15784,10,403.81999999999954,10,403.81999999999954,move,improve
15785,10,403.81999999999954,10,403.81999999999954,swap,notBad
15786,10,403.81999999999954,10,403.81999999999954,2opt,notBad
15787,10,403.81999999999954,10,403.81999999999954,swap,notBad
15788,10,403.81999999999954,10,403.81999999999954,move,improve
15789,10,403.81999999999954,10,403.81999999999954,swap,notBad
15790,10,403.81999999999954,10,403.81999999999954,swap,notBad
15791,10,403.81999999999954,10,403.81999999999954,swap,notBad
15792,10,403.81999999999954,10,403.81999999999954,swap,notBad
15793,10,403.81999999999954,10,403.81999999999954,swap,notBad
15794,10,403.81999999999954,10,403.81999999999954,move,improve
15795,10,403.81999999999954,10,403.81999999999954,swap,notBad
15796,10,403.81999999999954,10,403.81999999999954,2opt,notBad
15797,10,403.81999999999954,10,403.81999999999954,2opt,notBad
15798,10,403.81999999999954,10,403.81999999999954,move,improve
15799,10,403.81999999999954,10,403.81999999999954,2opt,notBad
15800,10,403.81999999999954,10,403.81999999999954,swap,notBad
15801,10,403.81999999999954,10,403.81999999999954,swap,notBad
15802,10,403.81999999999954,10,403.81999999999954,2opt,notBad
15803,10,403.81999999999954,10,403.81999999999954,2opt,notBad
15804,10,403.81999999999954,10,403.81999999999954,2opt,notBad
15805,10,403.81999999999954,10,403.81999999999954,swap,notBad
15806,10,403.81999999999954,10,403.81999999999954,move,improve
15807,10,403.81999999999954,10,403.81999999999954,swap,notBad
15808,10,403.81999999999954,10,403.81999999999954,2opt,notBad
15809,10,403.81999999999954,10,403.81999999999954,2opt,notBad
15810,10,403.81999999999954,10,403.81999999999954,swap,notBad
15811,10,403.81999999999954,10,403.81999999999954,move,improve
15812,10,403.81999999999954,10,403.81999999999954,move,improve
15813,10,403.81999999999954,10,403.81999999999954,move,improve
15814,10,403.81999999999954,10,403.81999999999954,move,improve
15815,10,403.81999999999954,10,403.81999999999954,move,improve
15816,10,403.81999999999954,10,403.81999999999954,2opt,notBad
15817,10,403.81999999999954,10,403.81999999999954,swap,notBad
15818,10,403.81999999999954,10,403.81999999999954,swap,notBad
15819,10,403.81999999999954,10,403.81999999999954,move,improve
15820,10,403.81999999999954,10,403.81999999999954,move,improve
15821,10,403.81999999999954,10,403.81999999999954,move,improve
15822,10,403.81999999999954,10,403.81999999999954,2opt,notBad
15823,10,403.81999999999954,10,403.81999999999954,2opt,notBad
15824,10,403.81999999999954,10,403.81999999999954,move,improve
15825,10,403.81999999999954,10,403.81999999999954,move,improve
15826,10,403.81999999999954,10,403.81999999999954,2opt,notBad
15827,10,403.81999999999954,10,403.81999999999954,swap,notBad
15828,10,403.81999999999954,10,403.81999999999954,move,improve
15829,10,403.81999999999954,10,403.81999999999954,move,improve
15830,10,403.81999999999954,10,403.81999999999954,swap,notBad
15831,10,403.81999999999954,10,403.81999999999954,swap,notBad
15832,10,403.81999999999954,10,403.81999999999954,move,improve
15833,10,403.81999999999954,10,403.81999999999954,move,improve
15834,10,403.81999999999954,10,403.81999999999954,swap,notBad
15835,10,403.81999999999954,10,403.81999999999954,2opt,notBad
15836,10,403.81999999999954,10,403.81999999999954,move,improve
15837,10,403.81999999999954,10,403.81999999999954,swap,notBad
15838,10,403.81999999999954,10,403.81999999999954,move,improve
15839,10,403.81999999999954,10,403.81999999999954,2opt,notBad
15840,10,403.81999999999954,10,403.81999999999954,swap,notBad
15841,10,403.81999999999954,10,403.81999999999954,move,improve
15842,10,403.81999999999954,10,403.81999999999954,swap,notBad
15843,10,403.81999999999954,10,403.81999999999954,move,improve
15844,10,403.81999999999954,10,403.81999999999954,move,improve
15845,10,403.81999999999954,10,403.81999999999954,swap,notBad
15846,10,403.81999999999954,10,403.81999999999954,2opt,notBad
15847,10,403.81999999999954,10,403.81999999999954,2opt,notBad
15848,10,403.81999999999954,10,403.81999999999954,2opt,notBad
15849,10,403.81999999999954,10,403.81999999999954,swap,notBad
15850,10,403.81999999999954,10,403.81999999999954,swap,notBad
15851,10,403.81999999999954,10,403.81999999999954,move,improve
15852,10,403.81999999999954,10,403.81999999999954,move,improve
15853,10,403.81999999999954,10,403.81999999999954,2opt,notBad
15854,10,403.81999999999954,10,403.81999999999954,move,improve
15855,10,403.81999999999954,10,403.81999999999954,swap,notBad
15856,10,403.81999999999954,10,403.81999999999954,move,improve
15857,10,403.81999999999954,10,403.81999999999954,move,improve
15858,10,403.81999999999954,10,403.81999999999954,swap,notBad
15859,10,403.81999999999954,10,403.81999999999954,move,improve
15860,10,403.81999999999954,10,403.81999999999954,swap,notBad
15861,10,403.81999999999954,10,403.81999999999954,2opt,notBad
15862,10,403.81999999999954,10,403.81999999999954,swap,notBad
15863,10,403.81999999999954,10,403.81999999999954,2opt,notBad
15864,10,403.81999999999954,10,403.81999999999954,2opt,notBad
15865,10,403.81999999999954,10,403.81999999999954,2opt,improve
15866,10,403.81999999999954,10,403.81999999999954,move,improve
15867,10,403.81999999999954,10,403.81999999999954,move,improve
15868,10,403.81999999999954,10,403.81999999999954,swap,notBad
15869,10,403.81999999999954,10,403.81999999999954,2opt,notBad
15870,10,403.81999999999954,10,403.81999999999954,move,improve
15871,10,403.81999999999954,10,403.81999999999954,2opt,notBad
15872,10,403.81999999999954,10,403.81999999999954,2opt,improve
15873,10,403.81999999999954,10,403.81999999999954,swap,notBad
15874,10,403.81999999999954,10,403.81999999999954,2opt,notBad
15875,10,403.81999999999954,10,403.81999999999954,move,improve
15876,10,403.81999999999954,10,403.81999999999954,move,improve
15877,10,403.81999999999954,10,403.81999999999954,2opt,notBad
15878,10,403.81999999999954,10,403.81999999999954,swap,notBad
15879,10,403.81999999999954,10,403.81999999999954,swap,notBad
15880,10,403.81999999999954,10,403.81999999999954,move,improve
15881,10,403.81999999999954,10,403.81999999999954,swap,notBad
15882,10,403.81999999999954,10,403.81999999999954,move,improve
15883,10,403.81999999999954,10,403.81999999999954,swap,notBad
15884,10,403.81999999999954,10,403.81999999999954,swap,notBad
15885,10,403.81999999999954,10,403.81999999999954,swap,notBad
15886,10,403.81999999999954,10,403.81999999999954,swap,notBad
15887,10,403.81999999999954,10,403.81999999999954,2opt,notBad
15888,10,403.81999999999954,10,403.81999999999954,2opt,notBad
15889,10,403.81999999999954,10,403.81999999999954,swap,notBad
15890,10,403.81999999999954,10,403.81999999999954,2opt,notBad
15891,10,403.81999999999954,10,403.81999999999954,2opt,notBad
15892,10,403.81999999999954,10,403.81999999999954,move,improve
15893,10,403.81999999999954,10,403.81999999999954,move,improve
15894,10,403.81999999999954,10,403.81999999999954,swap,notBad
15895,10,403.81999999999954,10,403.81999999999954,move,improve
15896,10,403.81999999999954,10,403.81999999999954,swap,notBad
15897,10,403.81999999999954,10,403.81999999999954,swap,notBad
15898,10,403.81999999999954,10,403.81999999999954,swap,notBad
15899,10,403.81999999999954,10,403.81999999999954,2opt,notBad
15900,10,403.81999999999954,10,403.81999999999954,move,improve
15901,10,403.81999999999954,10,403.81999999999954,swap,notBad
15902,10,403.81999999999954,10,403.81999999999954,swap,notBad
15903,10,403.81999999999954,10,403.81999999999954,swap,notBad
15904,10,403.81999999999954,10,403.81999999999954,move,improve
15905,10,403.81999999999954,10,403.81999999999954,move,improve
15906,10,403.81999999999954,10,403.81999999999954,2opt,improve
15907,10,403.81999999999954,10,403.81999999999954,swap,notBad
15908,10,403.81999999999954,10,403.81999999999954,swap,notBad
15909,10,403.81999999999954,10,403.81999999999954,swap,notBad
15910,10,403.81999999999954,10,403.81999999999954,2opt,notBad
15911,10,403.81999999999954,10,403.81999999999954,move,improve
15912,10,403.81999999999954,10,403.81999999999954,swap,notBad
15913,10,403.81999999999954,10,403.81999999999954,swap,notBad
15914,10,403.81999999999954,10,403.81999999999954,2opt,notBad
15915,10,403.81999999999954,10,403.81999999999954,swap,notBad
15916,10,403.81999999999954,10,403.81999999999954,swap,notBad
15917,10,403.81999999999954,10,403.81999999999954,move,improve
15918,10,403.81999999999954,10,403.81999999999954,2opt,notBad
15919,10,403.81999999999954,10,403.81999999999954,2opt,notBad
15920,10,403.81999999999954,10,403.81999999999954,2opt,notBad
15921,10,403.81999999999954,10,403.81999999999954,2opt,notBad
15922,10,403.81999999999954,10,403.81999999999954,move,improve
15923,10,403.81999999999954,10,403.81999999999954,move,improve
15924,10,403.81999999999954,10,403.81999999999954,move,improve
15925,10,403.81999999999954,10,403.81999999999954,2opt,notBad
15926,10,403.81999999999954,10,403.81999999999954,move,improve
15927,10,403.81999999999954,10,403.81999999999954,swap,notBad
15928,10,403.81999999999954,10,403.81999999999954,2opt,notBad
15929,10,403.81999999999954,10,403.81999999999954,move,improve
15930,10,403.81999999999954,10,403.81999999999954,move,improve
15931,10,403.81999999999954,10,403.81999999999954,swap,notBad
15932,10,403.81999999999954,10,403.81999999999954,move,improve
15933,10,403.81999999999954,10,403.81999999999954,swap,notBad
15934,10,403.81999999999954,10,403.81999999999954,swap,notBad
15935,10,403.81999999999954,10,403.81999999999954,move,improve
15936,10,403.81999999999954,10,403.81999999999954,move,improve
15937,10,403.81999999999954,10,403.81999999999954,swap,notBad
15938,10,403.81999999999954,10,403.81999999999954,move,improve
15939,10,403.81999999999954,10,403.81999999999954,swap,notBad
15940,10,403.81999999999954,10,403.81999999999954,move,improve
15941,10,403.81999999999954,10,403.81999999999954,2opt,notBad
15942,10,403.81999999999954,10,403.81999999999954,swap,notBad
15943,10,403.81999999999954,10,403.81999999999954,move,improve
15944,10,403.81999999999954,10,403.81999999999954,swap,notBad
15945,10,403.81999999999954,10,403.81999999999954,2opt,notBad
15946,10,403.81999999999954,10,403.81999999999954,swap,notBad
15947,10,403.81999999999954,10,403.81999999999954,2opt,notBad
15948,10,403.81999999999954,10,403.81999999999954,swap,notBad
15949,10,403.81999999999954,10,403.81999999999954,move,improve
15950,10,403.81999999999954,10,403.81999999999954,move,improve
15951,10,403.81999999999954,10,403.81999999999954,move,improve
15952,10,403.81999999999954,10,403.81999999999954,move,improve
15953,10,403.81999999999954,10,403.81999999999954,move,improve
15954,10,403.81999999999954,10,403.81999999999954,swap,notBad
15955,10,403.81999999999954,10,403.81999999999954,move,improve
15956,10,403.81999999999954,10,403.81999999999954,2opt,notBad
15957,10,403.81999999999954,10,403.81999999999954,move,improve
15958,10,403.81999999999954,10,403.81999999999954,2opt,notBad
15959,10,403.81999999999954,10,403.81999999999954,swap,notBad
15960,10,403.81999999999954,10,403.81999999999954,2opt,notBad
15961,10,403.81999999999954,10,403.81999999999954,move,improve
15962,10,403.81999999999954,10,403.81999999999954,swap,notBad
15963,10,403.81999999999954,10,403.81999999999954,move,improve
15964,10,403.81999999999954,10,403.81999999999954,move,improve
15965,10,403.81999999999954,10,403.81999999999954,swap,notBad
15966,10,403.81999999999954,10,403.81999999999954,swap,notBad
15967,10,403.81999999999954,10,403.81999999999954,swap,notBad
15968,10,403.81999999999954,10,403.81999999999954,2opt,improve
15969,10,403.81999999999954,10,403.81999999999954,move,improve
15970,10,403.81999999999954,10,403.81999999999954,move,improve
15971,10,403.81999999999954,10,403.81999999999954,move,improve
15972,10,403.81999999999954,10,403.81999999999954,2opt,notBad
15973,10,403.81999999999954,10,403.81999999999954,2opt,notBad
15974,10,403.81999999999954,10,403.81999999999954,swap,notBad
15975,10,403.81999999999954,10,403.81999999999954,swap,notBad
15976,10,403.81999999999954,10,403.81999999999954,2opt,notBad
15977,10,403.81999999999954,10,403.81999999999954,swap,notBad
15978,10,403.81999999999954,10,403.81999999999954,2opt,notBad
15979,10,403.81999999999954,10,403.81999999999954,move,improve
15980,10,403.81999999999954,10,403.81999999999954,move,improve
15981,10,403.81999999999954,10,403.81999999999954,move,improve
15982,10,403.81999999999954,10,403.81999999999954,2opt,notBad
15983,10,403.81999999999954,10,403.81999999999954,swap,notBad
15984,10,403.81999999999954,10,403.81999999999954,move,improve
15985,10,403.81999999999954,10,403.81999999999954,2opt,notBad
15986,10,403.81999999999954,10,403.81999999999954,2opt,notBad
15987,10,403.81999999999954,10,403.81999999999954,2opt,notBad
15988,10,403.81999999999954,10,403.81999999999954,2opt,notBad
15989,10,403.81999999999954,10,403.81999999999954,2opt,notBad
15990,10,403.81999999999954,10,403.81999999999954,swap,notBad
15991,10,403.81999999999954,10,403.81999999999954,swap,notBad
15992,10,403.81999999999954,10,403.81999999999954,move,improve
15993,10,403.81999999999954,10,403.81999999999954,move,improve
15994,10,403.81999999999954,10,403.81999999999954,swap,notBad
15995,10,403.81999999999954,10,403.81999999999954,swap,notBad
15996,10,403.81999999999954,10,403.81999999999954,move,improve
15997,10,403.81999999999954,10,403.81999999999954,move,improve
15998,10,403.81999999999954,10,403.81999999999954,2opt,notBad
15999,10,403.81999999999954,10,403.81999999999954,swap,notBad
16000,10,403.81999999999954,10,403.81999999999954,move,improve
16001,10,403.81999999999954,10,403.81999999999954,2opt,notBad
16002,10,403.81999999999954,10,403.81999999999954,move,improve
16003,10,403.81999999999954,10,403.81999999999954,2opt,notBad
16004,10,403.81999999999954,10,403.81999999999954,swap,notBad
16005,10,403.81999999999954,10,403.81999999999954,2opt,notBad
16006,10,403.81999999999954,10,403.81999999999954,swap,notBad
16007,10,403.81999999999954,10,403.81999999999954,2opt,notBad
16008,10,403.81999999999954,10,403.81999999999954,2opt,notBad
16009,10,403.81999999999954,10,403.81999999999954,move,improve
16010,10,403.81999999999954,10,403.81999999999954,move,improve
16011,10,403.81999999999954,10,403.81999999999954,move,improve
16012,10,403.81999999999954,10,403.81999999999954,2opt,notBad
16013,10,403.81999999999954,10,403.81999999999954,swap,notBad
16014,10,403.81999999999954,10,403.81999999999954,2opt,notBad
16015,10,403.81999999999954,10,403.81999999999954,move,improve
16016,10,403.81999999999954,10,403.81999999999954,swap,notBad
16017,10,403.81999999999954,10,403.81999999999954,swap,notBad
16018,10,403.81999999999954,10,403.81999999999954,2opt,notBad
16019,10,403.81999999999954,10,403.81999999999954,move,improve
16020,10,403.81999999999954,10,403.81999999999954,swap,notBad
16021,10,403.81999999999954,10,403.81999999999954,swap,notBad
16022,10,403.81999999999954,10,403.81999999999954,2opt,notBad
16023,10,403.81999999999954,10,403.81999999999954,swap,notBad
16024,10,403.81999999999954,10,403.81999999999954,move,improve
16025,10,403.81999999999954,10,403.81999999999954,swap,notBad
16026,10,403.81999999999954,10,403.81999999999954,2opt,notBad
16027,10,403.81999999999954,10,403.81999999999954,2opt,notBad
16028,10,403.81999999999954,10,403.81999999999954,2opt,improve
16029,10,403.81999999999954,10,403.81999999999954,2opt,notBad
16030,10,403.81999999999954,10,403.81999999999954,swap,notBad
16031,10,403.81999999999954,10,403.81999999999954,move,improve
16032,10,403.81999999999954,10,403.81999999999954,swap,notBad
16033,10,403.81999999999954,10,403.81999999999954,swap,notBad
16034,10,403.81999999999954,10,403.81999999999954,2opt,notBad
16035,10,403.81999999999954,10,403.81999999999954,move,improve
16036,10,403.81999999999954,10,403.81999999999954,2opt,notBad
16037,10,403.81999999999954,10,403.81999999999954,2opt,notBad
16038,10,403.81999999999954,10,403.81999999999954,move,improve
16039,10,403.81999999999954,10,403.81999999999954,move,improve
16040,10,403.81999999999954,10,403.81999999999954,move,improve
16041,10,403.81999999999954,10,403.81999999999954,swap,notBad
16042,10,403.81999999999954,10,403.81999999999954,swap,notBad
16043,10,403.81999999999954,10,403.81999999999954,2opt,notBad
16044,10,403.81999999999954,10,403.81999999999954,swap,notBad
16045,10,403.81999999999954,10,403.81999999999954,2opt,notBad
16046,10,403.81999999999954,10,403.81999999999954,2opt,notBad
16047,10,403.81999999999954,10,403.81999999999954,2opt,improve
16048,10,403.81999999999954,10,403.81999999999954,swap,notBad
16049,10,403.81999999999954,10,403.81999999999954,2opt,notBad
16050,10,403.81999999999954,10,403.81999999999954,move,notBad
16051,10,403.81999999999954,10,403.81999999999954,2opt,notBad
16052,10,403.81999999999954,10,403.81999999999954,move,improve
16053,10,403.81999999999954,10,403.81999999999954,2opt,notBad
16054,10,403.81999999999954,10,403.81999999999954,2opt,notBad
16055,10,403.81999999999954,10,403.81999999999954,swap,notBad
16056,10,403.81999999999954,10,403.81999999999954,2opt,improve
16057,10,403.81999999999954,10,403.81999999999954,swap,notBad
16058,10,403.81999999999954,10,403.81999999999954,2opt,notBad
16059,10,403.81999999999954,10,403.81999999999954,move,improve
16060,10,403.81999999999954,10,403.81999999999954,move,improve
16061,10,403.81999999999954,10,403.81999999999954,2opt,notBad
16062,10,403.81999999999954,10,403.81999999999954,move,improve
16063,10,403.81999999999954,10,403.81999999999954,swap,notBad
16064,10,403.81999999999954,10,403.81999999999954,move,improve
16065,10,403.81999999999954,10,403.81999999999954,move,improve
16066,10,403.81999999999954,10,403.81999999999954,2opt,notBad
16067,10,403.81999999999954,10,403.81999999999954,2opt,improve
16068,10,403.81999999999954,10,403.81999999999954,move,improve
16069,10,403.81999999999954,10,403.81999999999954,move,improve
16070,10,403.81999999999954,10,403.81999999999954,swap,notBad
16071,10,403.81999999999954,10,403.81999999999954,swap,notBad
16072,10,403.81999999999954,10,403.81999999999954,2opt,notBad
16073,10,403.81999999999954,10,403.81999999999954,2opt,notBad
16074,10,403.81999999999954,10,403.81999999999954,move,improve
16075,10,403.81999999999954,10,403.81999999999954,move,improve
16076,10,403.81999999999954,10,403.81999999999954,move,improve
16077,10,403.81999999999954,10,403.81999999999954,move,improve
16078,10,403.81999999999954,10,403.81999999999954,2opt,notBad
16079,10,403.81999999999954,10,403.81999999999954,move,improve
16080,10,403.81999999999954,10,403.81999999999954,2opt,notBad
16081,10,403.81999999999954,10,403.81999999999954,move,improve
16082,10,403.81999999999954,10,403.81999999999954,move,improve
16083,10,403.81999999999954,10,403.81999999999954,move,improve
16084,10,403.81999999999954,10,403.81999999999954,move,improve
16085,10,403.81999999999954,10,403.81999999999954,move,improve
16086,10,403.81999999999954,10,403.81999999999954,move,improve
16087,10,403.81999999999954,10,403.81999999999954,2opt,notBad
16088,10,403.81999999999954,10,403.81999999999954,2opt,notBad
16089,10,403.81999999999954,10,403.81999999999954,swap,notBad
16090,10,403.81999999999954,10,403.81999999999954,move,improve
16091,10,403.81999999999954,10,403.81999999999954,2opt,notBad
16092,10,403.81999999999954,10,403.81999999999954,move,improve
16093,10,403.81999999999954,10,403.81999999999954,2opt,notBad
16094,10,403.81999999999954,10,403.81999999999954,move,improve
16095,10,403.81999999999954,10,403.81999999999954,move,improve
16096,10,403.81999999999954,10,403.81999999999954,swap,notBad
16097,10,403.81999999999954,10,403.81999999999954,swap,notBad
16098,10,403.81999999999954,10,403.81999999999954,2opt,notBad
16099,10,403.81999999999954,10,403.81999999999954,2opt,notBad
16100,10,403.81999999999954,10,403.81999999999954,move,improve
16101,10,403.81999999999954,10,403.81999999999954,swap,notBad
16102,10,403.81999999999954,10,403.81999999999954,move,improve
16103,10,403.81999999999954,10,403.81999999999954,swap,notBad
16104,10,403.81999999999954,10,403.81999999999954,swap,notBad
16105,10,403.81999999999954,10,403.81999999999954,move,improve
16106,10,403.81999999999954,10,403.81999999999954,swap,notBad
16107,10,403.81999999999954,10,403.81999999999954,swap,notBad
16108,10,403.81999999999954,10,403.81999999999954,swap,notBad
16109,10,403.81999999999954,10,403.81999999999954,move,improve
16110,10,403.81999999999954,10,403.81999999999954,move,improve
16111,10,403.81999999999954,10,403.81999999999954,2opt,notBad
16112,10,403.81999999999954,10,403.81999999999954,swap,notBad
16113,10,403.81999999999954,10,403.81999999999954,2opt,notBad
16114,10,403.81999999999954,10,403.81999999999954,2opt,notBad
16115,10,403.81999999999954,10,403.81999999999954,swap,notBad
16116,10,403.81999999999954,10,403.81999999999954,move,improve
16117,10,403.81999999999954,10,403.81999999999954,2opt,improve
16118,10,403.81999999999954,10,403.81999999999954,move,improve
16119,10,403.81999999999954,10,403.81999999999954,2opt,improve
16120,10,403.81999999999954,10,403.81999999999954,move,improve
16121,10,403.81999999999954,10,403.81999999999954,2opt,notBad
16122,10,403.81999999999954,10,403.81999999999954,2opt,improve
16123,10,403.81999999999954,10,403.81999999999954,2opt,notBad
16124,10,403.81999999999954,10,403.81999999999954,swap,notBad
16125,10,403.81999999999954,10,403.81999999999954,move,improve
16126,10,403.81999999999954,10,403.81999999999954,swap,notBad
16127,10,403.81999999999954,10,403.81999999999954,2opt,notBad
16128,10,403.81999999999954,10,403.81999999999954,2opt,notBad
16129,10,403.81999999999954,10,403.81999999999954,move,improve
16130,10,403.81999999999954,10,403.81999999999954,move,improve
16131,10,403.81999999999954,10,403.81999999999954,swap,notBad
16132,10,403.81999999999954,10,403.81999999999954,move,improve
16133,10,403.81999999999954,10,403.81999999999954,2opt,improve
16134,10,403.81999999999954,10,403.81999999999954,move,improve
16135,10,403.81999999999954,10,403.81999999999954,2opt,notBad
16136,10,403.81999999999954,10,403.81999999999954,swap,notBad
16137,10,403.81999999999954,10,403.81999999999954,swap,notBad
16138,10,403.81999999999954,10,403.81999999999954,move,improve
16139,10,403.81999999999954,10,403.81999999999954,2opt,notBad
16140,10,403.81999999999954,10,403.81999999999954,2opt,notBad
16141,10,403.81999999999954,10,403.81999999999954,swap,notBad
16142,10,403.81999999999954,10,403.81999999999954,swap,notBad
16143,10,403.81999999999954,10,403.81999999999954,move,improve
16144,10,403.81999999999954,10,403.81999999999954,swap,notBad
16145,10,403.81999999999954,10,403.81999999999954,swap,notBad
16146,10,403.81999999999954,10,403.81999999999954,swap,notBad
16147,10,403.81999999999954,10,403.81999999999954,move,improve
16148,10,403.81999999999954,10,403.81999999999954,move,improve
16149,10,403.81999999999954,10,403.81999999999954,move,improve
16150,10,403.81999999999954,10,403.81999999999954,move,improve
16151,10,403.81999999999954,10,403.81999999999954,move,improve
16152,10,403.81999999999954,10,403.81999999999954,2opt,notBad
16153,10,403.81999999999954,10,403.81999999999954,2opt,notBad
16154,10,403.81999999999954,10,403.81999999999954,swap,notBad
16155,10,403.81999999999954,10,403.81999999999954,move,improve
16156,10,403.81999999999954,10,403.81999999999954,move,improve
16157,10,403.81999999999954,10,403.81999999999954,swap,notBad
16158,10,403.81999999999954,10,403.81999999999954,swap,notBad
16159,10,403.81999999999954,10,403.81999999999954,2opt,notBad
16160,10,403.81999999999954,10,403.81999999999954,move,improve
16161,10,403.81999999999954,10,403.81999999999954,move,improve
16162,10,403.81999999999954,10,403.81999999999954,2opt,improve
16163,10,403.81999999999954,10,403.81999999999954,swap,notBad
16164,10,403.81999999999954,10,403.81999999999954,swap,notBad
16165,10,403.81999999999954,10,403.81999999999954,move,improve
16166,10,403.81999999999954,10,403.81999999999954,move,improve
16167,10,403.81999999999954,10,403.81999999999954,move,improve
16168,10,403.81999999999954,10,403.81999999999954,swap,notBad
16169,10,403.81999999999954,10,403.81999999999954,swap,notBad
16170,10,403.81999999999954,10,403.81999999999954,move,improve
16171,10,403.81999999999954,10,403.81999999999954,2opt,notBad
16172,10,403.81999999999954,10,403.81999999999954,move,improve
16173,10,403.81999999999954,10,403.81999999999954,2opt,notBad
16174,10,403.81999999999954,10,403.81999999999954,move,improve
16175,10,403.81999999999954,10,403.81999999999954,swap,notBad
16176,10,403.81999999999954,10,403.81999999999954,swap,notBad
16177,10,403.81999999999954,10,403.81999999999954,2opt,notBad
16178,10,403.81999999999954,10,403.81999999999954,move,improve
16179,10,403.81999999999954,10,403.81999999999954,swap,notBad
16180,10,403.81999999999954,10,403.81999999999954,move,improve
16181,10,403.81999999999954,10,403.81999999999954,move,improve
16182,10,403.81999999999954,10,403.81999999999954,move,improve
16183,10,403.81999999999954,10,403.81999999999954,2opt,notBad
16184,10,403.81999999999954,10,403.81999999999954,swap,notBad
16185,10,403.81999999999954,10,403.81999999999954,2opt,notBad
16186,10,403.81999999999954,10,403.81999999999954,move,improve
16187,10,403.81999999999954,10,403.81999999999954,swap,notBad
16188,10,403.81999999999954,10,403.81999999999954,move,improve
16189,10,403.81999999999954,10,403.81999999999954,swap,notBad
16190,10,403.81999999999954,10,403.81999999999954,move,improve
16191,10,403.81999999999954,10,403.81999999999954,2opt,notBad
16192,10,403.81999999999954,10,403.81999999999954,move,improve
16193,10,403.81999999999954,10,403.81999999999954,2opt,notBad
16194,10,403.81999999999954,10,403.81999999999954,2opt,notBad
16195,10,403.81999999999954,10,403.81999999999954,move,improve
16196,10,403.81999999999954,10,403.81999999999954,move,improve
16197,10,403.81999999999954,10,403.81999999999954,move,improve
16198,10,403.81999999999954,10,403.81999999999954,2opt,notBad
16199,10,403.81999999999954,10,403.81999999999954,swap,notBad
16200,10,403.81999999999954,10,403.81999999999954,move,improve
16201,10,403.81999999999954,10,403.81999999999954,swap,notBad
16202,10,403.81999999999954,10,403.81999999999954,move,improve
16203,10,403.81999999999954,10,403.81999999999954,move,improve
16204,10,403.81999999999954,10,403.81999999999954,swap,notBad
16205,10,403.81999999999954,10,403.81999999999954,move,improve
16206,10,404.31999999999965,10,403.81999999999954,swap,acceptBad
16207,10,404.31999999999965,10,403.81999999999954,swap,notBad
16208,10,404.31999999999965,10,403.81999999999954,2opt,notBad
16209,10,404.31999999999965,10,403.81999999999954,swap,notBad
16210,10,404.31999999999965,10,403.81999999999954,move,improve
16211,10,404.31999999999965,10,403.81999999999954,2opt,notBad
16212,10,404.31999999999965,10,403.81999999999954,move,improve
16213,10,404.31999999999965,10,403.81999999999954,2opt,notBad
16214,10,404.31999999999965,10,403.81999999999954,2opt,notBad
16215,10,404.31999999999965,10,403.81999999999954,2opt,notBad
16216,10,404.31999999999965,10,403.81999999999954,2opt,notBad
16217,10,404.31999999999965,10,403.81999999999954,2opt,notBad
16218,10,404.31999999999965,10,403.81999999999954,move,improve
16219,10,404.31999999999965,10,403.81999999999954,swap,notBad
16220,10,404.31999999999965,10,403.81999999999954,move,improve
16221,10,404.31999999999965,10,403.81999999999954,2opt,notBad
16222,10,404.31999999999965,10,403.81999999999954,swap,notBad
16223,10,404.31999999999965,10,403.81999999999954,2opt,notBad
16224,10,404.31999999999965,10,403.81999999999954,swap,notBad
16225,10,404.31999999999965,10,403.81999999999954,swap,notBad
16226,10,404.31999999999965,10,403.81999999999954,move,improve
16227,10,404.31999999999965,10,403.81999999999954,move,improve
16228,10,404.31999999999965,10,403.81999999999954,2opt,notBad
16229,10,404.31999999999965,10,403.81999999999954,2opt,notBad
16230,10,404.31999999999965,10,403.81999999999954,2opt,notBad
16231,10,404.31999999999965,10,403.81999999999954,2opt,notBad
16232,10,404.31999999999965,10,403.81999999999954,2opt,notBad
16233,10,404.31999999999965,10,403.81999999999954,swap,notBad
16234,10,404.31999999999965,10,403.81999999999954,swap,notBad
16235,10,404.31999999999965,10,403.81999999999954,2opt,notBad
16236,10,404.31999999999965,10,403.81999999999954,move,improve
16237,10,404.31999999999965,10,403.81999999999954,move,improve
16238,10,404.31999999999965,10,403.81999999999954,2opt,notBad
16239,10,404.31999999999965,10,403.81999999999954,swap,notBad
16240,10,404.31999999999965,10,403.81999999999954,swap,notBad
16241,10,404.31999999999965,10,403.81999999999954,swap,notBad
16242,10,404.31999999999965,10,403.81999999999954,swap,notBad
16243,10,404.31999999999965,10,403.81999999999954,2opt,notBad
16244,10,404.31999999999965,10,403.81999999999954,2opt,notBad
16245,10,404.31999999999965,10,403.81999999999954,2opt,notBad
16246,10,404.31999999999965,10,403.81999999999954,move,improve
16247,10,404.31999999999965,10,403.81999999999954,2opt,improve
16248,10,404.31999999999965,10,403.81999999999954,2opt,notBad
16249,10,404.31999999999965,10,403.81999999999954,move,improve
16250,10,404.31999999999965,10,403.81999999999954,swap,notBad
16251,10,404.31999999999965,10,403.81999999999954,move,improve
16252,10,404.31999999999965,10,403.81999999999954,2opt,notBad
16253,10,404.31999999999965,10,403.81999999999954,swap,notBad
16254,10,404.31999999999965,10,403.81999999999954,2opt,notBad
16255,10,404.31999999999965,10,403.81999999999954,2opt,improve
16256,10,404.31999999999965,10,403.81999999999954,swap,notBad
16257,10,404.31999999999965,10,403.81999999999954,swap,notBad
16258,10,404.31999999999965,10,403.81999999999954,swap,notBad
16259,10,404.31999999999965,10,403.81999999999954,2opt,notBad
16260,10,404.31999999999965,10,403.81999999999954,2opt,improve
16261,10,404.31999999999965,10,403.81999999999954,2opt,notBad
16262,10,404.31999999999965,10,403.81999999999954,swap,notBad
16263,10,404.31999999999965,10,403.81999999999954,move,improve
16264,10,404.31999999999965,10,403.81999999999954,swap,notBad
16265,10,404.31999999999965,10,403.81999999999954,swap,notBad
16266,10,404.31999999999965,10,403.81999999999954,2opt,notBad
16267,10,404.31999999999965,10,403.81999999999954,swap,notBad
16268,10,404.31999999999965,10,403.81999999999954,swap,notBad
16269,10,404.31999999999965,10,403.81999999999954,2opt,notBad
16270,10,404.31999999999965,10,403.81999999999954,swap,notBad
16271,10,404.31999999999965,10,403.81999999999954,move,improve
16272,10,404.31999999999965,10,403.81999999999954,2opt,improve
16273,10,404.31999999999965,10,403.81999999999954,2opt,notBad
16274,10,404.31999999999965,10,403.81999999999954,2opt,notBad
16275,10,404.31999999999965,10,403.81999999999954,swap,notBad
16276,10,404.31999999999965,10,403.81999999999954,swap,notBad
16277,10,404.31999999999965,10,403.81999999999954,swap,notBad
16278,10,404.31999999999965,10,403.81999999999954,move,improve
16279,10,404.31999999999965,10,403.81999999999954,swap,notBad
16280,10,404.31999999999965,10,403.81999999999954,move,improve
16281,10,404.31999999999965,10,403.81999999999954,swap,notBad
16282,10,404.31999999999965,10,403.81999999999954,2opt,notBad
16283,10,404.31999999999965,10,403.81999999999954,swap,notBad
16284,10,404.31999999999965,10,403.81999999999954,move,improve
16285,10,404.31999999999965,10,403.81999999999954,swap,notBad
16286,10,404.31999999999965,10,403.81999999999954,2opt,notBad
16287,10,404.31999999999965,10,403.81999999999954,2opt,notBad
16288,10,404.31999999999965,10,403.81999999999954,2opt,notBad
16289,10,404.31999999999965,10,403.81999999999954,move,improve
16290,10,404.31999999999965,10,403.81999999999954,2opt,notBad
16291,10,404.31999999999965,10,403.81999999999954,2opt,notBad
16292,10,404.31999999999965,10,403.81999999999954,2opt,notBad
16293,10,404.31999999999965,10,403.81999999999954,swap,notBad
16294,10,404.31999999999965,10,403.81999999999954,move,improve
16295,10,404.31999999999965,10,403.81999999999954,2opt,notBad
16296,10,404.31999999999965,10,403.81999999999954,move,improve
16297,10,404.31999999999965,10,403.81999999999954,move,improve
16298,10,404.31999999999965,10,403.81999999999954,move,improve
16299,10,404.31999999999965,10,403.81999999999954,move,improve
16300,10,404.31999999999965,10,403.81999999999954,2opt,notBad
16301,10,404.31999999999965,10,403.81999999999954,swap,notBad
16302,10,404.31999999999965,10,403.81999999999954,move,improve
16303,10,404.31999999999965,10,403.81999999999954,move,improve
16304,10,404.31999999999965,10,403.81999999999954,2opt,notBad
16305,10,404.31999999999965,10,403.81999999999954,move,improve
16306,10,404.31999999999965,10,403.81999999999954,swap,notBad
16307,10,404.31999999999965,10,403.81999999999954,swap,notBad
16308,10,404.31999999999965,10,403.81999999999954,2opt,notBad
16309,10,404.31999999999965,10,403.81999999999954,move,improve
16310,10,404.31999999999965,10,403.81999999999954,2opt,notBad
16311,10,404.31999999999965,10,403.81999999999954,2opt,notBad
16312,10,404.31999999999965,10,403.81999999999954,swap,notBad
16313,10,404.31999999999965,10,403.81999999999954,swap,notBad
16314,10,404.31999999999965,10,403.81999999999954,move,improve
16315,10,404.31999999999965,10,403.81999999999954,swap,notBad
16316,10,404.31999999999965,10,403.81999999999954,move,improve
16317,10,404.31999999999965,10,403.81999999999954,move,improve
16318,10,404.31999999999965,10,403.81999999999954,move,improve
16319,10,404.31999999999965,10,403.81999999999954,2opt,notBad
16320,10,404.31999999999965,10,403.81999999999954,swap,notBad
16321,10,404.31999999999965,10,403.81999999999954,swap,notBad
16322,10,404.31999999999965,10,403.81999999999954,move,improve
16323,10,404.31999999999965,10,403.81999999999954,swap,notBad
16324,10,404.31999999999965,10,403.81999999999954,2opt,notBad
16325,10,404.31999999999965,10,403.81999999999954,move,improve
16326,10,404.31999999999965,10,403.81999999999954,2opt,notBad
16327,10,404.31999999999965,10,403.81999999999954,move,improve
16328,10,404.31999999999965,10,403.81999999999954,move,improve
16329,10,404.31999999999965,10,403.81999999999954,swap,notBad
16330,10,404.31999999999965,10,403.81999999999954,move,improve
16331,10,404.31999999999965,10,403.81999999999954,2opt,notBad
16332,10,404.31999999999965,10,403.81999999999954,swap,notBad
16333,10,404.31999999999965,10,403.81999999999954,move,improve
16334,10,404.31999999999965,10,403.81999999999954,move,improve
16335,10,404.31999999999965,10,403.81999999999954,2opt,notBad
16336,10,404.31999999999965,10,403.81999999999954,swap,notBad
16337,10,404.31999999999965,10,403.81999999999954,2opt,notBad
16338,10,404.31999999999965,10,403.81999999999954,move,improve
16339,10,404.31999999999965,10,403.81999999999954,move,improve
16340,10,404.31999999999965,10,403.81999999999954,swap,notBad
16341,10,404.31999999999965,10,403.81999999999954,2opt,improve
16342,10,404.31999999999965,10,403.81999999999954,move,improve
16343,10,404.31999999999965,10,403.81999999999954,2opt,notBad
16344,10,404.31999999999965,10,403.81999999999954,move,improve
16345,10,404.5399999999996,10,403.81999999999954,swap,acceptBad
16346,10,404.5399999999996,10,403.81999999999954,swap,notBad
16347,10,404.5399999999996,10,403.81999999999954,2opt,improve
16348,10,404.0399999999995,10,403.81999999999954,move,improve
16349,10,404.0399999999995,10,403.81999999999954,move,improve
16350,10,404.0399999999995,10,403.81999999999954,swap,notBad
16351,10,404.0399999999995,10,403.81999999999954,2opt,notBad
16352,10,404.0399999999995,10,403.81999999999954,swap,notBad
16353,10,404.0399999999995,10,403.81999999999954,move,improve
16354,10,404.0399999999995,10,403.81999999999954,swap,notBad
16355,10,404.0399999999995,10,403.81999999999954,2opt,improve
16356,10,404.0399999999995,10,403.81999999999954,swap,notBad
16357,10,404.0399999999995,10,403.81999999999954,swap,notBad
16358,10,404.0399999999995,10,403.81999999999954,move,improve
16359,10,404.0399999999995,10,403.81999999999954,swap,notBad
16360,10,404.0399999999995,10,403.81999999999954,move,improve
16361,10,404.0399999999995,10,403.81999999999954,swap,notBad
16362,10,404.0399999999995,10,403.81999999999954,move,improve
16363,10,404.0399999999995,10,403.81999999999954,2opt,notBad
16364,10,404.0399999999995,10,403.81999999999954,move,improve
16365,10,404.0399999999995,10,403.81999999999954,move,improve
16366,10,404.0399999999995,10,403.81999999999954,swap,notBad
16367,10,404.0399999999995,10,403.81999999999954,swap,notBad
16368,10,404.0399999999995,10,403.81999999999954,move,improve
16369,10,404.0399999999995,10,403.81999999999954,2opt,notBad
16370,10,404.0399999999995,10,403.81999999999954,swap,notBad
16371,10,404.0399999999995,10,403.81999999999954,move,improve
16372,10,404.0399999999995,10,403.81999999999954,move,improve
16373,10,404.0399999999995,10,403.81999999999954,swap,notBad
16374,10,404.0399999999995,10,403.81999999999954,swap,notBad
16375,10,404.0399999999995,10,403.81999999999954,swap,notBad
16376,10,404.0399999999995,10,403.81999999999954,swap,notBad
16377,10,404.0399999999995,10,403.81999999999954,swap,notBad
16378,10,404.0399999999995,10,403.81999999999954,swap,notBad
16379,10,404.0399999999995,10,403.81999999999954,swap,notBad
16380,10,404.0399999999995,10,403.81999999999954,swap,notBad
16381,10,404.0399999999995,10,403.81999999999954,swap,notBad
16382,10,404.0399999999995,10,403.81999999999954,swap,notBad
16383,10,404.0399999999995,10,403.81999999999954,move,improve
16384,10,404.0399999999995,10,403.81999999999954,swap,notBad
16385,10,404.0399999999995,10,403.81999999999954,swap,notBad
16386,10,404.0399999999995,10,403.81999999999954,swap,notBad
16387,10,404.0399999999995,10,403.81999999999954,move,improve
16388,10,404.0399999999995,10,403.81999999999954,move,improve
16389,10,404.0399999999995,10,403.81999999999954,move,improve
16390,10,404.0399999999995,10,403.81999999999954,swap,notBad
16391,10,404.0399999999995,10,403.81999999999954,2opt,notBad
16392,10,404.0399999999995,10,403.81999999999954,2opt,notBad
16393,10,404.0399999999995,10,403.81999999999954,2opt,improve
16394,10,404.0399999999995,10,403.81999999999954,swap,notBad
16395,10,404.0399999999995,10,403.81999999999954,swap,notBad
16396,10,404.0399999999995,10,403.81999999999954,move,improve
16397,10,404.0399999999995,10,403.81999999999954,swap,notBad
16398,10,404.0399999999995,10,403.81999999999954,swap,notBad
16399,10,404.0399999999995,10,403.81999999999954,swap,notBad
16400,10,404.0399999999995,10,403.81999999999954,move,improve
16401,10,404.0399999999995,10,403.81999999999954,swap,notBad
16402,10,404.0399999999995,10,403.81999999999954,swap,notBad
16403,10,404.0399999999995,10,403.81999999999954,move,improve
16404,10,404.0399999999995,10,403.81999999999954,swap,notBad
16405,10,404.0399999999995,10,403.81999999999954,swap,notBad
16406,10,404.0399999999995,10,403.81999999999954,2opt,notBad
16407,10,404.0399999999995,10,403.81999999999954,swap,notBad
16408,10,404.0399999999995,10,403.81999999999954,move,improve
16409,10,404.0399999999995,10,403.81999999999954,swap,notBad
16410,10,404.0399999999995,10,403.81999999999954,swap,notBad
16411,10,404.0399999999995,10,403.81999999999954,move,improve
16412,10,404.0399999999995,10,403.81999999999954,swap,notBad
16413,10,404.0399999999995,10,403.81999999999954,2opt,notBad
16414,10,404.0399999999995,10,403.81999999999954,swap,notBad
16415,10,404.0399999999995,10,403.81999999999954,move,improve
16416,10,404.0399999999995,10,403.81999999999954,swap,notBad
16417,10,404.0399999999995,10,403.81999999999954,2opt,notBad
16418,10,404.0399999999995,10,403.81999999999954,move,improve
16419,10,404.0399999999995,10,403.81999999999954,swap,notBad
16420,10,404.0399999999995,10,403.81999999999954,2opt,notBad
16421,10,404.0399999999995,10,403.81999999999954,2opt,notBad
16422,10,404.0399999999995,10,403.81999999999954,swap,notBad
16423,10,404.0399999999995,10,403.81999999999954,2opt,notBad
16424,10,404.0399999999995,10,403.81999999999954,2opt,notBad
16425,10,404.0399999999995,10,403.81999999999954,move,improve
16426,10,404.0399999999995,10,403.81999999999954,move,improve
16427,10,404.0399999999995,10,403.81999999999954,swap,notBad
16428,10,404.0399999999995,10,403.81999999999954,swap,notBad
16429,10,404.0399999999995,10,403.81999999999954,move,improve
16430,10,404.0399999999995,10,403.81999999999954,2opt,notBad
16431,10,404.0399999999995,10,403.81999999999954,2opt,improve
16432,10,404.0399999999995,10,403.81999999999954,2opt,notBad
16433,10,404.0399999999995,10,403.81999999999954,move,improve
16434,10,404.0399999999995,10,403.81999999999954,swap,notBad
16435,10,404.0399999999995,10,403.81999999999954,move,improve
16436,10,404.0399999999995,10,403.81999999999954,swap,notBad
16437,10,404.0399999999995,10,403.81999999999954,2opt,notBad
16438,10,404.0399999999995,10,403.81999999999954,2opt,improve
16439,10,404.0399999999995,10,403.81999999999954,2opt,notBad
16440,10,404.0399999999995,10,403.81999999999954,2opt,notBad
16441,10,404.0399999999995,10,403.81999999999954,move,improve
16442,10,404.0399999999995,10,403.81999999999954,move,improve
16443,10,404.0399999999995,10,403.81999999999954,swap,notBad
16444,10,404.0399999999995,10,403.81999999999954,swap,notBad
16445,10,404.0399999999995,10,403.81999999999954,swap,notBad
16446,10,404.0399999999995,10,403.81999999999954,swap,notBad
16447,10,404.0399999999995,10,403.81999999999954,move,improve
16448,10,404.0399999999995,10,403.81999999999954,move,improve
16449,10,404.0399999999995,10,403.81999999999954,2opt,notBad
16450,10,404.0399999999995,10,403.81999999999954,move,improve
16451,10,404.0399999999995,10,403.81999999999954,2opt,notBad
16452,10,404.0399999999995,10,403.81999999999954,2opt,notBad
16453,10,404.0399999999995,10,403.81999999999954,2opt,improve
16454,10,404.0399999999995,10,403.81999999999954,2opt,improve
16455,10,404.0399999999995,10,403.81999999999954,move,improve
16456,10,404.0399999999995,10,403.81999999999954,swap,notBad
16457,10,403.81999999999954,10,403.81999999999954,move,improve
16458,10,403.81999999999954,10,403.81999999999954,2opt,notBad
16459,10,403.81999999999954,10,403.81999999999954,swap,notBad
16460,10,403.81999999999954,10,403.81999999999954,swap,notBad
16461,10,403.81999999999954,10,403.81999999999954,swap,notBad
16462,10,403.81999999999954,10,403.81999999999954,move,improve
16463,10,403.81999999999954,10,403.81999999999954,2opt,notBad
16464,10,403.81999999999954,10,403.81999999999954,2opt,notBad
16465,10,403.81999999999954,10,403.81999999999954,2opt,notBad
16466,10,403.81999999999954,10,403.81999999999954,move,improve
16467,10,403.81999999999954,10,403.81999999999954,2opt,notBad
16468,10,403.81999999999954,10,403.81999999999954,2opt,notBad
16469,10,403.81999999999954,10,403.81999999999954,2opt,notBad
16470,10,403.81999999999954,10,403.81999999999954,swap,notBad
16471,10,403.81999999999954,10,403.81999999999954,2opt,notBad
16472,10,403.81999999999954,10,403.81999999999954,swap,notBad
16473,10,403.81999999999954,10,403.81999999999954,move,improve
16474,10,403.81999999999954,10,403.81999999999954,2opt,notBad
16475,10,403.81999999999954,10,403.81999999999954,swap,notBad
16476,10,403.81999999999954,10,403.81999999999954,move,improve
16477,10,403.81999999999954,10,403.81999999999954,move,improve
16478,10,403.81999999999954,10,403.81999999999954,2opt,notBad
16479,10,403.81999999999954,10,403.81999999999954,move,improve
16480,10,403.81999999999954,10,403.81999999999954,2opt,improve
16481,10,403.81999999999954,10,403.81999999999954,swap,notBad
16482,10,403.81999999999954,10,403.81999999999954,swap,notBad
16483,10,403.81999999999954,10,403.81999999999954,swap,notBad
16484,10,403.81999999999954,10,403.81999999999954,swap,notBad
16485,10,403.81999999999954,10,403.81999999999954,move,improve
16486,10,403.81999999999954,10,403.81999999999954,2opt,notBad
16487,10,403.81999999999954,10,403.81999999999954,swap,notBad
16488,10,403.81999999999954,10,403.81999999999954,swap,notBad
16489,10,403.81999999999954,10,403.81999999999954,move,improve
16490,10,403.81999999999954,10,403.81999999999954,move,improve
16491,10,403.81999999999954,10,403.81999999999954,2opt,notBad
16492,10,403.81999999999954,10,403.81999999999954,swap,notBad
16493,10,403.81999999999954,10,403.81999999999954,move,improve
16494,10,403.81999999999954,10,403.81999999999954,move,improve
16495,10,403.81999999999954,10,403.81999999999954,move,improve
16496,10,403.81999999999954,10,403.81999999999954,2opt,notBad
16497,10,403.81999999999954,10,403.81999999999954,2opt,notBad
16498,10,403.81999999999954,10,403.81999999999954,move,improve
16499,10,403.81999999999954,10,403.81999999999954,swap,notBad
16500,10,403.81999999999954,10,403.81999999999954,move,improve
16501,10,403.81999999999954,10,403.81999999999954,move,improve
16502,10,403.81999999999954,10,403.81999999999954,2opt,notBad
16503,10,403.81999999999954,10,403.81999999999954,2opt,notBad
16504,10,403.81999999999954,10,403.81999999999954,swap,notBad
16505,10,403.81999999999954,10,403.81999999999954,swap,notBad
16506,10,403.81999999999954,10,403.81999999999954,move,improve
16507,10,403.81999999999954,10,403.81999999999954,swap,notBad
16508,10,403.81999999999954,10,403.81999999999954,2opt,improve
16509,10,403.81999999999954,10,403.81999999999954,move,improve
16510,10,403.81999999999954,10,403.81999999999954,move,improve
16511,10,403.81999999999954,10,403.81999999999954,2opt,notBad
16512,10,403.81999999999954,10,403.81999999999954,swap,notBad
16513,10,403.81999999999954,10,403.81999999999954,move,improve
16514,10,403.81999999999954,10,403.81999999999954,swap,notBad
16515,10,403.81999999999954,10,403.81999999999954,move,improve
16516,10,403.81999999999954,10,403.81999999999954,move,improve
16517,10,403.81999999999954,10,403.81999999999954,swap,notBad
16518,10,403.81999999999954,10,403.81999999999954,move,improve
16519,10,403.81999999999954,10,403.81999999999954,move,improve
16520,10,403.81999999999954,10,403.81999999999954,swap,notBad
16521,10,403.81999999999954,10,403.81999999999954,move,improve
16522,10,403.81999999999954,10,403.81999999999954,move,improve
16523,10,403.81999999999954,10,403.81999999999954,swap,notBad
16524,10,403.81999999999954,10,403.81999999999954,2opt,notBad
16525,10,403.81999999999954,10,403.81999999999954,swap,notBad
16526,10,403.81999999999954,10,403.81999999999954,2opt,notBad
16527,10,403.81999999999954,10,403.81999999999954,2opt,notBad
16528,10,403.81999999999954,10,403.81999999999954,move,improve
16529,10,403.81999999999954,10,403.81999999999954,swap,notBad
16530,10,403.81999999999954,10,403.81999999999954,move,improve
16531,10,403.81999999999954,10,403.81999999999954,2opt,notBad
16532,10,403.81999999999954,10,403.81999999999954,swap,notBad
16533,10,403.81999999999954,10,403.81999999999954,move,improve
16534,10,403.81999999999954,10,403.81999999999954,move,improve
16535,10,403.81999999999954,10,403.81999999999954,swap,notBad
16536,10,403.81999999999954,10,403.81999999999954,move,improve
16537,10,403.81999999999954,10,403.81999999999954,swap,notBad
16538,10,403.81999999999954,10,403.81999999999954,move,improve
16539,10,403.81999999999954,10,403.81999999999954,move,improve
16540,10,403.81999999999954,10,403.81999999999954,swap,notBad
16541,10,403.81999999999954,10,403.81999999999954,move,improve
16542,10,403.81999999999954,10,403.81999999999954,swap,notBad
16543,10,403.81999999999954,10,403.81999999999954,2opt,notBad
16544,10,403.81999999999954,10,403.81999999999954,swap,notBad
16545,10,403.81999999999954,10,403.81999999999954,move,improve
16546,10,403.81999999999954,10,403.81999999999954,swap,notBad
16547,10,403.81999999999954,10,403.81999999999954,2opt,notBad
16548,10,403.81999999999954,10,403.81999999999954,move,improve
16549,10,403.81999999999954,10,403.81999999999954,move,improve
16550,10,403.81999999999954,10,403.81999999999954,move,improve
16551,10,403.81999999999954,10,403.81999999999954,2opt,improve
16552,10,403.81999999999954,10,403.81999999999954,2opt,notBad
16553,10,403.81999999999954,10,403.81999999999954,swap,notBad
16554,10,403.81999999999954,10,403.81999999999954,move,improve
16555,10,403.81999999999954,10,403.81999999999954,2opt,notBad
16556,10,403.81999999999954,10,403.81999999999954,move,improve
16557,10,403.81999999999954,10,403.81999999999954,2opt,notBad
16558,10,403.81999999999954,10,403.81999999999954,swap,notBad
16559,10,403.81999999999954,10,403.81999999999954,swap,notBad
16560,10,403.81999999999954,10,403.81999999999954,move,improve
16561,10,403.81999999999954,10,403.81999999999954,swap,notBad
16562,10,403.81999999999954,10,403.81999999999954,2opt,notBad
16563,10,403.81999999999954,10,403.81999999999954,move,improve
16564,10,403.81999999999954,10,403.81999999999954,swap,notBad
16565,10,403.81999999999954,10,403.81999999999954,move,improve
16566,10,403.81999999999954,10,403.81999999999954,move,improve
16567,10,403.81999999999954,10,403.81999999999954,move,improve
16568,10,403.81999999999954,10,403.81999999999954,2opt,notBad
16569,10,403.81999999999954,10,403.81999999999954,2opt,notBad
16570,10,403.81999999999954,10,403.81999999999954,move,improve
16571,10,403.81999999999954,10,403.81999999999954,swap,notBad
16572,10,403.81999999999954,10,403.81999999999954,2opt,notBad
16573,10,403.81999999999954,10,403.81999999999954,swap,notBad
16574,10,403.81999999999954,10,403.81999999999954,2opt,notBad
16575,10,403.81999999999954,10,403.81999999999954,2opt,notBad
16576,10,403.81999999999954,10,403.81999999999954,2opt,notBad
16577,10,403.81999999999954,10,403.81999999999954,swap,notBad
16578,10,403.81999999999954,10,403.81999999999954,swap,notBad
16579,10,403.81999999999954,10,403.81999999999954,move,improve
16580,10,403.81999999999954,10,403.81999999999954,2opt,notBad
16581,10,403.81999999999954,10,403.81999999999954,2opt,improve
16582,10,403.81999999999954,10,403.81999999999954,move,improve
16583,10,403.81999999999954,10,403.81999999999954,2opt,notBad
16584,10,403.81999999999954,10,403.81999999999954,swap,notBad
16585,10,403.81999999999954,10,403.81999999999954,swap,notBad
16586,10,403.81999999999954,10,403.81999999999954,2opt,notBad
16587,10,403.81999999999954,10,403.81999999999954,2opt,notBad
16588,10,403.81999999999954,10,403.81999999999954,swap,notBad
16589,10,403.81999999999954,10,403.81999999999954,swap,notBad
16590,10,403.81999999999954,10,403.81999999999954,swap,notBad
16591,10,403.81999999999954,10,403.81999999999954,2opt,notBad
16592,10,403.81999999999954,10,403.81999999999954,2opt,notBad
16593,10,403.81999999999954,10,403.81999999999954,2opt,notBad
16594,10,403.81999999999954,10,403.81999999999954,2opt,notBad
16595,10,403.81999999999954,10,403.81999999999954,2opt,notBad
16596,10,403.81999999999954,10,403.81999999999954,swap,notBad
16597,10,403.81999999999954,10,403.81999999999954,2opt,notBad
16598,10,403.81999999999954,10,403.81999999999954,move,improve
16599,10,403.81999999999954,10,403.81999999999954,swap,notBad
16600,10,403.81999999999954,10,403.81999999999954,2opt,notBad
16601,10,403.81999999999954,10,403.81999999999954,2opt,notBad
16602,10,403.81999999999954,10,403.81999999999954,2opt,notBad
16603,10,403.81999999999954,10,403.81999999999954,move,improve
16604,10,403.81999999999954,10,403.81999999999954,swap,notBad
16605,10,403.81999999999954,10,403.81999999999954,move,improve
16606,10,403.81999999999954,10,403.81999999999954,move,improve
16607,10,403.81999999999954,10,403.81999999999954,2opt,improve
16608,10,403.81999999999954,10,403.81999999999954,move,improve
16609,10,403.81999999999954,10,403.81999999999954,2opt,notBad
16610,10,403.81999999999954,10,403.81999999999954,move,improve
16611,10,403.81999999999954,10,403.81999999999954,2opt,improve
16612,10,403.81999999999954,10,403.81999999999954,2opt,notBad
16613,10,403.81999999999954,10,403.81999999999954,move,improve
16614,10,403.81999999999954,10,403.81999999999954,move,improve
16615,10,403.81999999999954,10,403.81999999999954,swap,notBad
16616,10,403.81999999999954,10,403.81999999999954,move,improve
16617,10,403.81999999999954,10,403.81999999999954,swap,notBad
16618,10,403.81999999999954,10,403.81999999999954,swap,notBad
16619,10,403.81999999999954,10,403.81999999999954,move,improve
16620,10,403.81999999999954,10,403.81999999999954,2opt,notBad
16621,10,403.81999999999954,10,403.81999999999954,swap,notBad
16622,10,403.81999999999954,10,403.81999999999954,move,improve
16623,10,403.81999999999954,10,403.81999999999954,2opt,notBad
16624,10,403.81999999999954,10,403.81999999999954,swap,notBad
16625,10,403.81999999999954,10,403.81999999999954,swap,notBad
16626,10,403.81999999999954,10,403.81999999999954,move,improve
16627,10,403.81999999999954,10,403.81999999999954,2opt,notBad
16628,10,403.81999999999954,10,403.81999999999954,move,improve
16629,10,403.81999999999954,10,403.81999999999954,move,improve
16630,10,403.81999999999954,10,403.81999999999954,2opt,notBad
16631,10,403.81999999999954,10,403.81999999999954,swap,notBad
16632,10,403.81999999999954,10,403.81999999999954,2opt,notBad
16633,10,403.81999999999954,10,403.81999999999954,swap,notBad
16634,10,403.81999999999954,10,403.81999999999954,move,improve
16635,10,403.81999999999954,10,403.81999999999954,move,improve
16636,10,403.81999999999954,10,403.81999999999954,2opt,notBad
16637,10,403.81999999999954,10,403.81999999999954,swap,notBad
16638,10,403.81999999999954,10,403.81999999999954,2opt,notBad
16639,10,403.81999999999954,10,403.81999999999954,swap,notBad
16640,10,403.81999999999954,10,403.81999999999954,swap,notBad
16641,10,403.81999999999954,10,403.81999999999954,swap,notBad
16642,10,403.81999999999954,10,403.81999999999954,move,improve
16643,10,403.81999999999954,10,403.81999999999954,swap,notBad
16644,10,403.81999999999954,10,403.81999999999954,move,improve
16645,10,403.81999999999954,10,403.81999999999954,move,improve
16646,10,403.81999999999954,10,403.81999999999954,move,improve
16647,10,403.81999999999954,10,403.81999999999954,2opt,notBad
16648,10,403.81999999999954,10,403.81999999999954,move,improve
16649,10,403.81999999999954,10,403.81999999999954,move,improve
16650,10,403.81999999999954,10,403.81999999999954,2opt,notBad
16651,10,403.81999999999954,10,403.81999999999954,2opt,notBad
16652,10,403.81999999999954,10,403.81999999999954,move,improve
16653,10,403.81999999999954,10,403.81999999999954,move,improve
16654,10,403.81999999999954,10,403.81999999999954,swap,notBad
16655,10,403.81999999999954,10,403.81999999999954,2opt,notBad
16656,10,403.81999999999954,10,403.81999999999954,move,improve
16657,10,403.81999999999954,10,403.81999999999954,2opt,notBad
16658,10,403.81999999999954,10,403.81999999999954,2opt,notBad
16659,10,403.81999999999954,10,403.81999999999954,swap,notBad
16660,10,403.81999999999954,10,403.81999999999954,swap,notBad
16661,10,403.81999999999954,10,403.81999999999954,2opt,notBad
16662,10,403.81999999999954,10,403.81999999999954,2opt,improve
16663,10,403.81999999999954,10,403.81999999999954,2opt,notBad
16664,10,403.81999999999954,10,403.81999999999954,swap,notBad
16665,10,403.81999999999954,10,403.81999999999954,2opt,notBad
16666,10,403.81999999999954,10,403.81999999999954,2opt,notBad
16667,10,403.81999999999954,10,403.81999999999954,swap,notBad
16668,10,403.81999999999954,10,403.81999999999954,move,improve
16669,10,403.81999999999954,10,403.81999999999954,2opt,notBad
16670,10,403.81999999999954,10,403.81999999999954,2opt,notBad
16671,10,403.81999999999954,10,403.81999999999954,move,improve
16672,10,403.81999999999954,10,403.81999999999954,2opt,notBad
16673,10,403.81999999999954,10,403.81999999999954,2opt,notBad
16674,10,403.81999999999954,10,403.81999999999954,move,improve
16675,10,403.81999999999954,10,403.81999999999954,2opt,notBad
16676,10,403.81999999999954,10,403.81999999999954,move,improve
16677,10,403.81999999999954,10,403.81999999999954,2opt,notBad
16678,10,403.81999999999954,10,403.81999999999954,2opt,notBad
16679,10,403.81999999999954,10,403.81999999999954,2opt,notBad
16680,10,403.81999999999954,10,403.81999999999954,2opt,improve
16681,10,403.81999999999954,10,403.81999999999954,2opt,notBad
16682,10,403.81999999999954,10,403.81999999999954,swap,notBad
16683,10,403.81999999999954,10,403.81999999999954,move,improve
16684,10,403.81999999999954,10,403.81999999999954,2opt,notBad
16685,10,403.81999999999954,10,403.81999999999954,move,notBad
16686,10,403.81999999999954,10,403.81999999999954,move,improve
16687,10,403.81999999999954,10,403.81999999999954,2opt,notBad
16688,10,403.81999999999954,10,403.81999999999954,move,improve
16689,10,403.81999999999954,10,403.81999999999954,swap,notBad
16690,10,403.81999999999954,10,403.81999999999954,move,improve
16691,10,403.81999999999954,10,403.81999999999954,move,improve
16692,10,403.81999999999954,10,403.81999999999954,2opt,improve
16693,10,403.81999999999954,10,403.81999999999954,swap,notBad
16694,10,403.81999999999954,10,403.81999999999954,2opt,improve
16695,10,403.81999999999954,10,403.81999999999954,move,improve
16696,10,403.81999999999954,10,403.81999999999954,2opt,notBad
16697,10,403.81999999999954,10,403.81999999999954,move,improve
16698,10,403.81999999999954,10,403.81999999999954,move,improve
16699,10,403.81999999999954,10,403.81999999999954,2opt,notBad
16700,10,403.81999999999954,10,403.81999999999954,move,improve
16701,10,403.81999999999954,10,403.81999999999954,swap,notBad
16702,10,403.81999999999954,10,403.81999999999954,2opt,notBad
16703,10,403.81999999999954,10,403.81999999999954,swap,notBad
16704,10,403.81999999999954,10,403.81999999999954,swap,notBad
16705,10,403.81999999999954,10,403.81999999999954,swap,notBad
16706,10,403.81999999999954,10,403.81999999999954,2opt,improve
16707,10,403.81999999999954,10,403.81999999999954,2opt,notBad
16708,10,403.81999999999954,10,403.81999999999954,2opt,notBad
16709,10,403.81999999999954,10,403.81999999999954,move,improve
16710,10,403.81999999999954,10,403.81999999999954,2opt,notBad
16711,10,403.81999999999954,10,403.81999999999954,2opt,notBad
16712,10,403.81999999999954,10,403.81999999999954,swap,notBad
16713,10,403.81999999999954,10,403.81999999999954,swap,notBad
16714,10,403.81999999999954,10,403.81999999999954,move,improve
16715,10,403.81999999999954,10,403.81999999999954,2opt,notBad
16716,10,403.81999999999954,10,403.81999999999954,move,improve
16717,10,403.81999999999954,10,403.81999999999954,move,improve
16718,10,403.81999999999954,10,403.81999999999954,move,improve
16719,10,403.81999999999954,10,403.81999999999954,move,improve
16720,10,403.81999999999954,10,403.81999999999954,swap,notBad
16721,10,403.81999999999954,10,403.81999999999954,move,improve
16722,10,403.81999999999954,10,403.81999999999954,move,improve
16723,10,403.81999999999954,10,403.81999999999954,2opt,improve
16724,10,403.81999999999954,10,403.81999999999954,move,improve
16725,10,403.81999999999954,10,403.81999999999954,move,improve
16726,10,403.81999999999954,10,403.81999999999954,swap,notBad
16727,10,403.81999999999954,10,403.81999999999954,swap,notBad
16728,10,403.81999999999954,10,403.81999999999954,move,improve
16729,10,403.81999999999954,10,403.81999999999954,swap,notBad
16730,10,403.81999999999954,10,403.81999999999954,move,improve
16731,10,403.81999999999954,10,403.81999999999954,2opt,notBad
16732,10,403.81999999999954,10,403.81999999999954,move,improve
16733,10,403.81999999999954,10,403.81999999999954,swap,notBad
16734,10,403.81999999999954,10,403.81999999999954,swap,notBad
16735,10,403.81999999999954,10,403.81999999999954,2opt,notBad
16736,10,403.81999999999954,10,403.81999999999954,2opt,notBad
16737,10,403.81999999999954,10,403.81999999999954,move,improve
16738,10,403.81999999999954,10,403.81999999999954,move,improve
16739,10,403.81999999999954,10,403.81999999999954,swap,notBad
16740,10,403.81999999999954,10,403.81999999999954,swap,notBad
16741,10,403.81999999999954,10,403.81999999999954,swap,notBad
16742,10,403.81999999999954,10,403.81999999999954,move,improve
16743,10,403.81999999999954,10,403.81999999999954,move,improve
16744,10,403.81999999999954,10,403.81999999999954,swap,notBad
16745,10,403.81999999999954,10,403.81999999999954,move,improve
16746,10,403.81999999999954,10,403.81999999999954,move,improve
16747,10,403.81999999999954,10,403.81999999999954,2opt,notBad
16748,10,403.81999999999954,10,403.81999999999954,swap,notBad
16749,10,403.81999999999954,10,403.81999999999954,move,improve
16750,10,403.81999999999954,10,403.81999999999954,swap,notBad
16751,10,403.81999999999954,10,403.81999999999954,move,improve
16752,10,403.81999999999954,10,403.81999999999954,swap,notBad
16753,10,403.81999999999954,10,403.81999999999954,swap,notBad
16754,10,403.81999999999954,10,403.81999999999954,move,improve
16755,10,403.81999999999954,10,403.81999999999954,move,improve
16756,10,403.81999999999954,10,403.81999999999954,2opt,notBad
16757,10,403.81999999999954,10,403.81999999999954,swap,notBad
16758,10,403.81999999999954,10,403.81999999999954,swap,notBad
16759,10,403.81999999999954,10,403.81999999999954,2opt,notBad
16760,10,403.81999999999954,10,403.81999999999954,move,improve
16761,10,403.81999999999954,10,403.81999999999954,swap,notBad
16762,10,403.81999999999954,10,403.81999999999954,2opt,notBad
16763,10,403.81999999999954,10,403.81999999999954,move,improve
16764,10,403.81999999999954,10,403.81999999999954,move,improve
16765,10,403.81999999999954,10,403.81999999999954,swap,notBad
16766,10,403.81999999999954,10,403.81999999999954,swap,notBad
16767,10,403.81999999999954,10,403.81999999999954,swap,notBad
16768,10,403.81999999999954,10,403.81999999999954,move,improve
16769,10,403.81999999999954,10,403.81999999999954,move,improve
16770,10,403.81999999999954,10,403.81999999999954,move,improve
16771,10,403.81999999999954,10,403.81999999999954,swap,notBad
16772,10,403.81999999999954,10,403.81999999999954,2opt,notBad
16773,10,403.81999999999954,10,403.81999999999954,move,improve
16774,10,403.81999999999954,10,403.81999999999954,2opt,notBad
16775,10,403.81999999999954,10,403.81999999999954,move,improve
16776,10,403.81999999999954,10,403.81999999999954,move,improve
16777,10,403.81999999999954,10,403.81999999999954,move,improve
16778,10,403.81999999999954,10,403.81999999999954,swap,notBad
16779,10,403.81999999999954,10,403.81999999999954,move,improve
16780,10,403.81999999999954,10,403.81999999999954,move,improve
16781,10,403.81999999999954,10,403.81999999999954,2opt,notBad
16782,10,403.81999999999954,10,403.81999999999954,swap,notBad
16783,10,403.81999999999954,10,403.81999999999954,move,improve
16784,10,403.81999999999954,10,403.81999999999954,move,improve
16785,10,403.81999999999954,10,403.81999999999954,swap,notBad
16786,10,403.81999999999954,10,403.81999999999954,swap,notBad
16787,10,403.81999999999954,10,403.81999999999954,swap,notBad
16788,10,403.81999999999954,10,403.81999999999954,2opt,notBad
16789,10,403.81999999999954,10,403.81999999999954,2opt,notBad
16790,10,403.81999999999954,10,403.81999999999954,swap,notBad
16791,10,403.81999999999954,10,403.81999999999954,move,improve
16792,10,403.81999999999954,10,403.81999999999954,2opt,notBad
16793,10,403.81999999999954,10,403.81999999999954,move,improve
16794,10,403.81999999999954,10,403.81999999999954,move,improve
16795,10,403.81999999999954,10,403.81999999999954,move,improve
16796,10,403.81999999999954,10,403.81999999999954,move,improve
16797,10,403.81999999999954,10,403.81999999999954,2opt,notBad
16798,10,403.81999999999954,10,403.81999999999954,swap,notBad
16799,10,403.81999999999954,10,403.81999999999954,swap,notBad
16800,10,403.81999999999954,10,403.81999999999954,move,improve
16801,10,403.81999999999954,10,403.81999999999954,swap,notBad
16802,10,403.81999999999954,10,403.81999999999954,swap,notBad
16803,10,403.81999999999954,10,403.81999999999954,move,improve
16804,10,403.81999999999954,10,403.81999999999954,2opt,notBad
16805,10,403.81999999999954,10,403.81999999999954,swap,notBad
16806,10,403.81999999999954,10,403.81999999999954,2opt,notBad
16807,10,403.81999999999954,10,403.81999999999954,2opt,notBad
16808,10,403.81999999999954,10,403.81999999999954,2opt,notBad
16809,10,403.81999999999954,10,403.81999999999954,swap,notBad
16810,10,403.81999999999954,10,403.81999999999954,2opt,notBad
16811,10,403.81999999999954,10,403.81999999999954,swap,notBad
16812,10,403.81999999999954,10,403.81999999999954,2opt,notBad
16813,10,403.81999999999954,10,403.81999999999954,2opt,notBad
16814,10,403.81999999999954,10,403.81999999999954,move,improve
16815,10,403.81999999999954,10,403.81999999999954,swap,notBad
16816,10,403.81999999999954,10,403.81999999999954,move,notBad
16817,10,403.81999999999954,10,403.81999999999954,move,improve
16818,10,403.81999999999954,10,403.81999999999954,swap,notBad
16819,10,403.81999999999954,10,403.81999999999954,2opt,improve
16820,10,403.81999999999954,10,403.81999999999954,move,improve
16821,10,403.81999999999954,10,403.81999999999954,swap,notBad
16822,10,403.81999999999954,10,403.81999999999954,swap,notBad
16823,10,403.81999999999954,10,403.81999999999954,move,notBad
16824,10,403.81999999999954,10,403.81999999999954,2opt,notBad
16825,10,403.81999999999954,10,403.81999999999954,2opt,notBad
16826,10,403.81999999999954,10,403.81999999999954,2opt,notBad
16827,10,403.81999999999954,10,403.81999999999954,2opt,notBad
16828,10,403.81999999999954,10,403.81999999999954,move,improve
16829,10,403.81999999999954,10,403.81999999999954,move,improve
16830,10,403.81999999999954,10,403.81999999999954,swap,notBad
16831,10,403.81999999999954,10,403.81999999999954,move,improve
16832,10,403.81999999999954,10,403.81999999999954,2opt,notBad
16833,10,403.81999999999954,10,403.81999999999954,2opt,notBad
16834,10,403.81999999999954,10,403.81999999999954,2opt,notBad
16835,10,403.81999999999954,10,403.81999999999954,2opt,improve
16836,10,403.81999999999954,10,403.81999999999954,2opt,notBad
16837,10,403.81999999999954,10,403.81999999999954,2opt,notBad
16838,10,403.81999999999954,10,403.81999999999954,2opt,notBad
16839,10,403.81999999999954,10,403.81999999999954,move,improve
16840,10,403.81999999999954,10,403.81999999999954,2opt,notBad
16841,10,403.81999999999954,10,403.81999999999954,2opt,notBad
16842,10,403.81999999999954,10,403.81999999999954,swap,notBad
16843,10,403.81999999999954,10,403.81999999999954,swap,notBad
16844,10,403.81999999999954,10,403.81999999999954,2opt,notBad
16845,10,403.81999999999954,10,403.81999999999954,swap,notBad
16846,10,403.81999999999954,10,403.81999999999954,2opt,notBad
16847,10,403.81999999999954,10,403.81999999999954,move,improve
16848,10,403.81999999999954,10,403.81999999999954,2opt,notBad
16849,10,403.81999999999954,10,403.81999999999954,move,improve
16850,10,403.81999999999954,10,403.81999999999954,swap,notBad
16851,10,403.81999999999954,10,403.81999999999954,swap,notBad
16852,10,403.81999999999954,10,403.81999999999954,move,improve
16853,10,403.81999999999954,10,403.81999999999954,swap,notBad
16854,10,403.81999999999954,10,403.81999999999954,2opt,notBad
16855,10,403.81999999999954,10,403.81999999999954,move,improve
16856,10,403.81999999999954,10,403.81999999999954,move,improve
16857,10,403.81999999999954,10,403.81999999999954,swap,notBad
16858,10,403.81999999999954,10,403.81999999999954,move,improve
16859,10,403.81999999999954,10,403.81999999999954,move,improve
16860,10,403.81999999999954,10,403.81999999999954,2opt,notBad
16861,10,403.81999999999954,10,403.81999999999954,move,improve
16862,10,403.81999999999954,10,403.81999999999954,swap,notBad
16863,10,403.81999999999954,10,403.81999999999954,swap,notBad
16864,10,403.81999999999954,10,403.81999999999954,move,improve
16865,10,403.81999999999954,10,403.81999999999954,swap,notBad
16866,10,403.81999999999954,10,403.81999999999954,move,improve
16867,10,403.81999999999954,10,403.81999999999954,move,improve
16868,10,403.81999999999954,10,403.81999999999954,move,improve
16869,10,403.81999999999954,10,403.81999999999954,2opt,notBad
16870,10,403.81999999999954,10,403.81999999999954,swap,notBad
16871,10,403.81999999999954,10,403.81999999999954,2opt,notBad
16872,10,403.81999999999954,10,403.81999999999954,swap,notBad
16873,10,403.81999999999954,10,403.81999999999954,2opt,notBad
16874,10,403.81999999999954,10,403.81999999999954,2opt,notBad
16875,10,403.81999999999954,10,403.81999999999954,swap,notBad
16876,10,403.81999999999954,10,403.81999999999954,move,improve
16877,10,403.81999999999954,10,403.81999999999954,swap,notBad
16878,10,403.81999999999954,10,403.81999999999954,2opt,notBad
16879,10,403.81999999999954,10,403.81999999999954,2opt,notBad
16880,10,403.81999999999954,10,403.81999999999954,move,improve
16881,10,403.81999999999954,10,403.81999999999954,move,improve
16882,10,403.81999999999954,10,403.81999999999954,swap,notBad
16883,10,403.81999999999954,10,403.81999999999954,move,improve
16884,10,403.81999999999954,10,403.81999999999954,move,improve
16885,10,403.81999999999954,10,403.81999999999954,2opt,improve
16886,10,403.81999999999954,10,403.81999999999954,swap,notBad
16887,10,403.81999999999954,10,403.81999999999954,2opt,notBad
16888,10,403.81999999999954,10,403.81999999999954,swap,notBad
16889,10,403.81999999999954,10,403.81999999999954,swap,notBad
16890,10,403.81999999999954,10,403.81999999999954,move,improve
16891,10,403.81999999999954,10,403.81999999999954,move,improve
16892,10,403.81999999999954,10,403.81999999999954,2opt,notBad
16893,10,403.81999999999954,10,403.81999999999954,2opt,notBad
16894,10,403.81999999999954,10,403.81999999999954,move,improve
16895,10,403.81999999999954,10,403.81999999999954,2opt,notBad
16896,10,403.81999999999954,10,403.81999999999954,swap,notBad
16897,10,403.81999999999954,10,403.81999999999954,move,improve
16898,10,403.81999999999954,10,403.81999999999954,swap,notBad
16899,10,403.81999999999954,10,403.81999999999954,swap,notBad
16900,10,403.81999999999954,10,403.81999999999954,2opt,notBad
16901,10,403.81999999999954,10,403.81999999999954,swap,notBad
16902,10,403.81999999999954,10,403.81999999999954,move,notBad
16903,10,403.81999999999954,10,403.81999999999954,2opt,notBad
16904,10,403.81999999999954,10,403.81999999999954,2opt,notBad
16905,10,403.81999999999954,10,403.81999999999954,move,improve
16906,10,403.81999999999954,10,403.81999999999954,swap,notBad
16907,10,403.81999999999954,10,403.81999999999954,2opt,notBad
16908,10,403.81999999999954,10,403.81999999999954,2opt,notBad
16909,10,403.81999999999954,10,403.81999999999954,move,improve
16910,10,403.81999999999954,10,403.81999999999954,move,improve
16911,10,403.81999999999954,10,403.81999999999954,swap,notBad
16912,10,403.81999999999954,10,403.81999999999954,swap,notBad
16913,10,403.81999999999954,10,403.81999999999954,move,improve
16914,10,403.81999999999954,10,403.81999999999954,2opt,notBad
16915,10,403.81999999999954,10,403.81999999999954,move,improve
16916,10,403.81999999999954,10,403.81999999999954,swap,notBad
16917,10,403.81999999999954,10,403.81999999999954,2opt,improve
16918,10,403.81999999999954,10,403.81999999999954,2opt,notBad
16919,10,403.81999999999954,10,403.81999999999954,2opt,notBad
16920,10,403.81999999999954,10,403.81999999999954,2opt,notBad
16921,10,403.81999999999954,10,403.81999999999954,2opt,notBad
16922,10,403.81999999999954,10,403.81999999999954,move,improve
16923,10,403.81999999999954,10,403.81999999999954,2opt,notBad
16924,10,403.81999999999954,10,403.81999999999954,2opt,notBad
16925,10,403.81999999999954,10,403.81999999999954,swap,notBad
16926,10,403.81999999999954,10,403.81999999999954,move,improve
16927,10,403.81999999999954,10,403.81999999999954,move,improve
16928,10,403.81999999999954,10,403.81999999999954,move,improve
16929,10,403.81999999999954,10,403.81999999999954,2opt,notBad
16930,10,403.81999999999954,10,403.81999999999954,2opt,notBad
16931,10,403.81999999999954,10,403.81999999999954,swap,notBad
16932,10,403.81999999999954,10,403.81999999999954,move,improve
16933,10,403.81999999999954,10,403.81999999999954,2opt,notBad
16934,10,403.81999999999954,10,403.81999999999954,2opt,notBad
16935,10,403.81999999999954,10,403.81999999999954,2opt,notBad
16936,10,403.81999999999954,10,403.81999999999954,move,improve
16937,10,403.81999999999954,10,403.81999999999954,swap,notBad
16938,10,403.81999999999954,10,403.81999999999954,move,improve
16939,10,403.81999999999954,10,403.81999999999954,move,improve
16940,10,403.81999999999954,10,403.81999999999954,move,improve
16941,10,403.81999999999954,10,403.81999999999954,swap,notBad
16942,10,403.81999999999954,10,403.81999999999954,move,improve
16943,10,403.81999999999954,10,403.81999999999954,swap,notBad
16944,10,403.81999999999954,10,403.81999999999954,move,improve
16945,10,403.81999999999954,10,403.81999999999954,2opt,notBad
16946,10,403.81999999999954,10,403.81999999999954,move,improve
16947,10,403.81999999999954,10,403.81999999999954,2opt,notBad
16948,10,403.81999999999954,10,403.81999999999954,move,improve
16949,10,403.81999999999954,10,403.81999999999954,swap,notBad
16950,10,403.81999999999954,10,403.81999999999954,move,improve
16951,10,403.81999999999954,10,403.81999999999954,swap,notBad
16952,10,403.81999999999954,10,403.81999999999954,swap,notBad
16953,10,403.81999999999954,10,403.81999999999954,move,improve
16954,10,403.81999999999954,10,403.81999999999954,2opt,notBad
16955,10,403.81999999999954,10,403.81999999999954,swap,notBad
16956,10,403.81999999999954,10,403.81999999999954,swap,notBad
16957,10,403.81999999999954,10,403.81999999999954,swap,notBad
16958,10,403.81999999999954,10,403.81999999999954,swap,notBad
16959,10,403.81999999999954,10,403.81999999999954,2opt,notBad
16960,10,403.81999999999954,10,403.81999999999954,swap,notBad
16961,10,403.81999999999954,10,403.81999999999954,move,improve
16962,10,403.81999999999954,10,403.81999999999954,move,improve
16963,10,403.81999999999954,10,403.81999999999954,2opt,improve
16964,10,403.81999999999954,10,403.81999999999954,move,improve
16965,10,403.81999999999954,10,403.81999999999954,move,improve
16966,10,403.81999999999954,10,403.81999999999954,swap,notBad
16967,10,403.81999999999954,10,403.81999999999954,swap,notBad
16968,10,403.81999999999954,10,403.81999999999954,2opt,notBad
16969,10,403.81999999999954,10,403.81999999999954,swap,notBad
16970,10,403.81999999999954,10,403.81999999999954,move,improve
16971,10,403.81999999999954,10,403.81999999999954,swap,notBad
16972,10,403.81999999999954,10,403.81999999999954,move,improve
16973,10,403.81999999999954,10,403.81999999999954,move,improve
16974,10,403.81999999999954,10,403.81999999999954,move,improve
16975,10,403.81999999999954,10,403.81999999999954,move,improve
16976,10,403.81999999999954,10,403.81999999999954,move,improve
16977,10,403.81999999999954,10,403.81999999999954,2opt,notBad
16978,10,403.81999999999954,10,403.81999999999954,move,improve
16979,10,403.81999999999954,10,403.81999999999954,move,improve
16980,10,403.81999999999954,10,403.81999999999954,2opt,notBad
16981,10,403.81999999999954,10,403.81999999999954,move,improve
16982,10,403.81999999999954,10,403.81999999999954,move,improve
16983,10,403.81999999999954,10,403.81999999999954,2opt,notBad
16984,10,403.81999999999954,10,403.81999999999954,swap,notBad
16985,10,403.81999999999954,10,403.81999999999954,swap,notBad
16986,10,403.81999999999954,10,403.81999999999954,move,improve
16987,10,403.81999999999954,10,403.81999999999954,swap,notBad
16988,10,403.81999999999954,10,403.81999999999954,move,improve
16989,10,403.81999999999954,10,403.81999999999954,swap,notBad
16990,10,403.81999999999954,10,403.81999999999954,2opt,notBad
16991,10,403.81999999999954,10,403.81999999999954,swap,notBad
16992,10,403.81999999999954,10,403.81999999999954,swap,notBad
16993,10,403.81999999999954,10,403.81999999999954,swap,notBad
16994,10,403.81999999999954,10,403.81999999999954,2opt,notBad
16995,10,403.81999999999954,10,403.81999999999954,2opt,notBad
16996,10,403.81999999999954,10,403.81999999999954,swap,notBad
16997,10,403.81999999999954,10,403.81999999999954,move,improve
16998,10,403.81999999999954,10,403.81999999999954,move,improve
16999,10,403.81999999999954,10,403.81999999999954,2opt,notBad
17000,10,403.81999999999954,10,403.81999999999954,move,improve
17001,10,403.81999999999954,10,403.81999999999954,move,improve
17002,10,403.81999999999954,10,403.81999999999954,swap,notBad
17003,10,403.81999999999954,10,403.81999999999954,move,improve
17004,10,403.81999999999954,10,403.81999999999954,move,improve
17005,10,403.81999999999954,10,403.81999999999954,move,improve
17006,10,403.81999999999954,10,403.81999999999954,swap,notBad
17007,10,403.81999999999954,10,403.81999999999954,2opt,notBad
17008,10,403.81999999999954,10,403.81999999999954,move,improve
17009,10,403.81999999999954,10,403.81999999999954,swap,notBad
17010,10,403.81999999999954,10,403.81999999999954,move,improve
17011,10,403.81999999999954,10,403.81999999999954,2opt,notBad
17012,10,403.81999999999954,10,403.81999999999954,2opt,notBad
17013,10,403.81999999999954,10,403.81999999999954,swap,notBad
17014,10,403.81999999999954,10,403.81999999999954,2opt,notBad
17015,10,403.81999999999954,10,403.81999999999954,2opt,notBad
17016,10,403.81999999999954,10,403.81999999999954,move,improve
17017,10,403.81999999999954,10,403.81999999999954,swap,notBad
17018,10,403.81999999999954,10,403.81999999999954,swap,notBad
17019,10,403.81999999999954,10,403.81999999999954,move,improve
17020,10,403.81999999999954,10,403.81999999999954,move,improve
17021,10,403.81999999999954,10,403.81999999999954,move,improve
17022,10,403.81999999999954,10,403.81999999999954,swap,notBad
17023,10,403.81999999999954,10,403.81999999999954,swap,notBad
17024,10,403.81999999999954,10,403.81999999999954,2opt,notBad
17025,10,403.81999999999954,10,403.81999999999954,2opt,notBad
17026,10,403.81999999999954,10,403.81999999999954,swap,notBad
17027,10,403.81999999999954,10,403.81999999999954,swap,notBad
17028,10,403.81999999999954,10,403.81999999999954,2opt,notBad
17029,10,403.81999999999954,10,403.81999999999954,2opt,notBad
17030,10,403.81999999999954,10,403.81999999999954,2opt,notBad
17031,10,403.81999999999954,10,403.81999999999954,move,improve
17032,10,403.81999999999954,10,403.81999999999954,swap,notBad
17033,10,403.81999999999954,10,403.81999999999954,move,improve
17034,10,403.81999999999954,10,403.81999999999954,2opt,notBad
17035,10,403.81999999999954,10,403.81999999999954,swap,notBad
17036,10,403.81999999999954,10,403.81999999999954,move,improve
17037,10,403.81999999999954,10,403.81999999999954,swap,notBad
17038,10,403.81999999999954,10,403.81999999999954,2opt,notBad
17039,10,403.81999999999954,10,403.81999999999954,move,improve
17040,10,403.81999999999954,10,403.81999999999954,swap,notBad
17041,10,403.81999999999954,10,403.81999999999954,move,improve
17042,10,403.81999999999954,10,403.81999999999954,swap,notBad
17043,10,403.81999999999954,10,403.81999999999954,2opt,improve
17044,10,403.81999999999954,10,403.81999999999954,swap,notBad
17045,10,403.81999999999954,10,403.81999999999954,swap,notBad
17046,10,403.81999999999954,10,403.81999999999954,move,improve
17047,10,403.81999999999954,10,403.81999999999954,move,improve
17048,10,403.81999999999954,10,403.81999999999954,swap,notBad
17049,10,403.81999999999954,10,403.81999999999954,swap,notBad
17050,10,403.81999999999954,10,403.81999999999954,swap,notBad
17051,10,403.81999999999954,10,403.81999999999954,2opt,notBad
17052,10,403.81999999999954,10,403.81999999999954,swap,notBad
17053,10,403.81999999999954,10,403.81999999999954,swap,notBad
17054,10,403.81999999999954,10,403.81999999999954,2opt,notBad
17055,10,403.81999999999954,10,403.81999999999954,swap,notBad
17056,10,403.81999999999954,10,403.81999999999954,2opt,notBad
17057,10,403.81999999999954,10,403.81999999999954,2opt,notBad
17058,10,403.81999999999954,10,403.81999999999954,2opt,notBad
17059,10,403.81999999999954,10,403.81999999999954,swap,notBad
17060,10,403.81999999999954,10,403.81999999999954,swap,notBad
17061,10,403.81999999999954,10,403.81999999999954,2opt,notBad
17062,10,403.81999999999954,10,403.81999999999954,swap,notBad
17063,10,403.81999999999954,10,403.81999999999954,2opt,notBad
17064,10,403.81999999999954,10,403.81999999999954,move,improve
17065,10,403.81999999999954,10,403.81999999999954,2opt,notBad
17066,10,403.81999999999954,10,403.81999999999954,move,improve
17067,10,403.81999999999954,10,403.81999999999954,move,improve
17068,10,403.81999999999954,10,403.81999999999954,swap,notBad
17069,10,403.81999999999954,10,403.81999999999954,2opt,notBad
17070,10,403.81999999999954,10,403.81999999999954,2opt,notBad
17071,10,403.81999999999954,10,403.81999999999954,2opt,notBad
17072,10,403.81999999999954,10,403.81999999999954,swap,notBad
17073,10,403.81999999999954,10,403.81999999999954,move,improve
17074,10,403.81999999999954,10,403.81999999999954,2opt,notBad
17075,10,403.81999999999954,10,403.81999999999954,2opt,notBad
17076,10,403.81999999999954,10,403.81999999999954,2opt,notBad
17077,10,403.81999999999954,10,403.81999999999954,swap,notBad
17078,10,403.81999999999954,10,403.81999999999954,swap,notBad
17079,10,403.81999999999954,10,403.81999999999954,2opt,notBad
17080,10,403.81999999999954,10,403.81999999999954,move,improve
17081,10,403.81999999999954,10,403.81999999999954,swap,notBad
17082,10,403.81999999999954,10,403.81999999999954,swap,notBad
17083,10,403.81999999999954,10,403.81999999999954,swap,notBad
17084,10,403.81999999999954,10,403.81999999999954,move,improve
17085,10,403.81999999999954,10,403.81999999999954,swap,notBad
17086,10,403.81999999999954,10,403.81999999999954,move,notBad
17087,10,403.81999999999954,10,403.81999999999954,swap,notBad
17088,10,403.81999999999954,10,403.81999999999954,move,improve
17089,10,403.81999999999954,10,403.81999999999954,move,improve
17090,10,403.81999999999954,10,403.81999999999954,2opt,notBad
17091,10,403.81999999999954,10,403.81999999999954,2opt,notBad
17092,10,403.81999999999954,10,403.81999999999954,move,improve
17093,10,403.81999999999954,10,403.81999999999954,2opt,notBad
17094,10,403.81999999999954,10,403.81999999999954,move,improve
17095,10,403.81999999999954,10,403.81999999999954,swap,notBad
17096,10,403.81999999999954,10,403.81999999999954,swap,notBad
17097,10,403.81999999999954,10,403.81999999999954,2opt,notBad
17098,10,403.81999999999954,10,403.81999999999954,swap,notBad
17099,10,403.81999999999954,10,403.81999999999954,2opt,notBad
17100,10,403.81999999999954,10,403.81999999999954,swap,notBad
17101,10,403.81999999999954,10,403.81999999999954,2opt,notBad
17102,10,403.81999999999954,10,403.81999999999954,move,improve
17103,10,403.81999999999954,10,403.81999999999954,2opt,notBad
17104,10,403.81999999999954,10,403.81999999999954,swap,notBad
17105,10,403.81999999999954,10,403.81999999999954,swap,notBad
17106,10,403.81999999999954,10,403.81999999999954,swap,notBad
17107,10,403.81999999999954,10,403.81999999999954,swap,notBad
17108,10,403.81999999999954,10,403.81999999999954,2opt,notBad
17109,10,403.81999999999954,10,403.81999999999954,move,improve
17110,10,403.81999999999954,10,403.81999999999954,swap,notBad
17111,10,403.81999999999954,10,403.81999999999954,swap,notBad
17112,10,403.81999999999954,10,403.81999999999954,swap,notBad
17113,10,403.81999999999954,10,403.81999999999954,move,improve
17114,10,403.81999999999954,10,403.81999999999954,2opt,notBad
17115,10,403.81999999999954,10,403.81999999999954,2opt,notBad
17116,10,403.81999999999954,10,403.81999999999954,move,improve
17117,10,403.81999999999954,10,403.81999999999954,2opt,notBad
17118,10,403.81999999999954,10,403.81999999999954,2opt,notBad
17119,10,403.81999999999954,10,403.81999999999954,swap,notBad
17120,10,403.81999999999954,10,403.81999999999954,move,improve
17121,10,403.81999999999954,10,403.81999999999954,2opt,improve
17122,10,403.81999999999954,10,403.81999999999954,2opt,notBad
17123,10,403.81999999999954,10,403.81999999999954,2opt,notBad
17124,10,403.81999999999954,10,403.81999999999954,move,improve
17125,10,403.81999999999954,10,403.81999999999954,move,improve
17126,10,403.81999999999954,10,403.81999999999954,move,improve
17127,10,403.81999999999954,10,403.81999999999954,move,improve
17128,10,403.81999999999954,10,403.81999999999954,swap,notBad
17129,10,403.81999999999954,10,403.81999999999954,move,improve
17130,10,403.81999999999954,10,403.81999999999954,2opt,notBad
17131,10,403.81999999999954,10,403.81999999999954,2opt,notBad
17132,10,403.81999999999954,10,403.81999999999954,move,improve
17133,10,403.81999999999954,10,403.81999999999954,move,improve
17134,10,403.81999999999954,10,403.81999999999954,move,improve
17135,10,403.81999999999954,10,403.81999999999954,swap,notBad
17136,10,403.81999999999954,10,403.81999999999954,2opt,notBad
17137,10,403.81999999999954,10,403.81999999999954,move,notBad
17138,10,403.81999999999954,10,403.81999999999954,2opt,notBad
17139,10,403.81999999999954,10,403.81999999999954,move,improve
17140,10,403.81999999999954,10,403.81999999999954,move,improve
17141,10,403.81999999999954,10,403.81999999999954,2opt,notBad
17142,10,403.81999999999954,10,403.81999999999954,swap,notBad
17143,10,403.81999999999954,10,403.81999999999954,swap,notBad
17144,10,403.81999999999954,10,403.81999999999954,move,improve
17145,10,403.81999999999954,10,403.81999999999954,move,improve
17146,10,403.81999999999954,10,403.81999999999954,2opt,notBad
17147,10,403.81999999999954,10,403.81999999999954,move,improve
17148,10,403.81999999999954,10,403.81999999999954,2opt,notBad
17149,10,403.81999999999954,10,403.81999999999954,swap,notBad
17150,10,403.81999999999954,10,403.81999999999954,swap,notBad
17151,10,403.81999999999954,10,403.81999999999954,2opt,notBad
17152,10,403.81999999999954,10,403.81999999999954,2opt,notBad
17153,10,403.81999999999954,10,403.81999999999954,swap,notBad
17154,10,403.81999999999954,10,403.81999999999954,swap,notBad
17155,10,403.81999999999954,10,403.81999999999954,2opt,notBad
17156,10,403.81999999999954,10,403.81999999999954,swap,notBad
17157,10,403.81999999999954,10,403.81999999999954,swap,notBad
17158,10,403.81999999999954,10,403.81999999999954,swap,notBad
17159,10,403.81999999999954,10,403.81999999999954,move,improve
17160,10,403.81999999999954,10,403.81999999999954,move,improve
17161,10,403.81999999999954,10,403.81999999999954,swap,notBad
17162,10,403.81999999999954,10,403.81999999999954,2opt,improve
17163,10,403.81999999999954,10,403.81999999999954,2opt,notBad
17164,10,403.81999999999954,10,403.81999999999954,2opt,notBad
17165,10,403.81999999999954,10,403.81999999999954,swap,notBad
17166,10,403.81999999999954,10,403.81999999999954,swap,notBad
17167,10,403.81999999999954,10,403.81999999999954,2opt,notBad
17168,10,403.81999999999954,10,403.81999999999954,move,improve
17169,10,403.81999999999954,10,403.81999999999954,2opt,notBad
17170,10,403.81999999999954,10,403.81999999999954,move,improve
17171,10,403.81999999999954,10,403.81999999999954,swap,notBad
17172,10,403.81999999999954,10,403.81999999999954,move,improve
17173,10,403.81999999999954,10,403.81999999999954,move,improve
17174,10,403.81999999999954,10,403.81999999999954,swap,notBad
17175,10,403.81999999999954,10,403.81999999999954,swap,notBad
17176,10,403.81999999999954,10,403.81999999999954,2opt,notBad
17177,10,403.81999999999954,10,403.81999999999954,2opt,notBad
17178,10,403.81999999999954,10,403.81999999999954,move,improve
17179,10,403.81999999999954,10,403.81999999999954,move,improve
17180,10,403.81999999999954,10,403.81999999999954,move,notBad
17181,10,403.81999999999954,10,403.81999999999954,move,improve
17182,10,403.81999999999954,10,403.81999999999954,swap,notBad
17183,10,403.81999999999954,10,403.81999999999954,2opt,notBad
17184,10,403.81999999999954,10,403.81999999999954,2opt,notBad
17185,10,403.81999999999954,10,403.81999999999954,2opt,notBad
17186,10,403.81999999999954,10,403.81999999999954,2opt,notBad
17187,10,403.81999999999954,10,403.81999999999954,2opt,notBad
17188,10,403.81999999999954,10,403.81999999999954,move,improve
17189,10,403.81999999999954,10,403.81999999999954,2opt,notBad
17190,10,403.81999999999954,10,403.81999999999954,2opt,notBad
17191,10,403.81999999999954,10,403.81999999999954,swap,notBad
17192,10,403.81999999999954,10,403.81999999999954,swap,notBad
17193,10,403.81999999999954,10,403.81999999999954,2opt,notBad
17194,10,403.81999999999954,10,403.81999999999954,2opt,notBad
17195,10,403.81999999999954,10,403.81999999999954,move,improve
17196,10,403.81999999999954,10,403.81999999999954,2opt,notBad
17197,10,403.81999999999954,10,403.81999999999954,move,improve
17198,10,403.81999999999954,10,403.81999999999954,2opt,notBad
17199,10,403.81999999999954,10,403.81999999999954,move,improve
17200,10,403.81999999999954,10,403.81999999999954,move,improve
17201,10,403.81999999999954,10,403.81999999999954,swap,notBad
17202,10,403.81999999999954,10,403.81999999999954,move,improve
17203,10,403.81999999999954,10,403.81999999999954,2opt,notBad
17204,10,403.81999999999954,10,403.81999999999954,swap,notBad
17205,10,403.81999999999954,10,403.81999999999954,swap,notBad
17206,10,403.81999999999954,10,403.81999999999954,2opt,notBad
17207,10,403.81999999999954,10,403.81999999999954,swap,notBad
17208,10,403.81999999999954,10,403.81999999999954,move,improve
17209,10,403.81999999999954,10,403.81999999999954,move,improve
17210,10,403.81999999999954,10,403.81999999999954,swap,notBad
17211,10,403.81999999999954,10,403.81999999999954,move,improve
17212,10,403.81999999999954,10,403.81999999999954,2opt,notBad
17213,10,403.81999999999954,10,403.81999999999954,swap,notBad
17214,10,403.81999999999954,10,403.81999999999954,swap,notBad
17215,10,403.81999999999954,10,403.81999999999954,swap,notBad
17216,10,403.81999999999954,10,403.81999999999954,2opt,notBad
17217,10,403.81999999999954,10,403.81999999999954,move,improve
17218,10,403.81999999999954,10,403.81999999999954,move,improve
17219,10,403.81999999999954,10,403.81999999999954,swap,notBad
17220,10,403.81999999999954,10,403.81999999999954,swap,notBad
17221,10,403.81999999999954,10,403.81999999999954,move,improve
17222,10,403.81999999999954,10,403.81999999999954,swap,notBad
17223,10,403.81999999999954,10,403.81999999999954,move,improve
17224,10,403.81999999999954,10,403.81999999999954,2opt,notBad
17225,10,403.81999999999954,10,403.81999999999954,2opt,notBad
17226,10,403.81999999999954,10,403.81999999999954,swap,notBad
17227,10,403.81999999999954,10,403.81999999999954,swap,notBad
17228,10,403.81999999999954,10,403.81999999999954,move,improve
17229,10,403.81999999999954,10,403.81999999999954,move,improve
17230,10,403.81999999999954,10,403.81999999999954,move,improve
17231,10,403.81999999999954,10,403.81999999999954,move,improve
17232,10,403.81999999999954,10,403.81999999999954,swap,notBad
17233,10,403.81999999999954,10,403.81999999999954,move,improve
17234,10,403.81999999999954,10,403.81999999999954,move,improve
17235,10,403.81999999999954,10,403.81999999999954,swap,notBad
17236,10,403.81999999999954,10,403.81999999999954,2opt,notBad
17237,10,403.81999999999954,10,403.81999999999954,swap,notBad
17238,10,403.81999999999954,10,403.81999999999954,move,improve
17239,10,403.81999999999954,10,403.81999999999954,move,improve
17240,10,403.81999999999954,10,403.81999999999954,move,improve
17241,10,403.81999999999954,10,403.81999999999954,swap,notBad
17242,10,403.81999999999954,10,403.81999999999954,2opt,notBad
17243,10,403.81999999999954,10,403.81999999999954,swap,notBad
17244,10,403.81999999999954,10,403.81999999999954,swap,notBad
17245,10,403.81999999999954,10,403.81999999999954,2opt,improve
17246,10,403.81999999999954,10,403.81999999999954,2opt,notBad
17247,10,403.81999999999954,10,403.81999999999954,swap,notBad
17248,10,403.81999999999954,10,403.81999999999954,swap,notBad
17249,10,403.81999999999954,10,403.81999999999954,move,improve
17250,10,403.81999999999954,10,403.81999999999954,move,improve
17251,10,403.81999999999954,10,403.81999999999954,move,improve
17252,10,403.81999999999954,10,403.81999999999954,move,improve
17253,10,403.81999999999954,10,403.81999999999954,2opt,improve
17254,10,403.81999999999954,10,403.81999999999954,swap,notBad
17255,10,403.81999999999954,10,403.81999999999954,move,improve
17256,10,403.81999999999954,10,403.81999999999954,2opt,notBad
17257,10,403.81999999999954,10,403.81999999999954,swap,notBad
17258,10,403.81999999999954,10,403.81999999999954,2opt,notBad
17259,10,403.81999999999954,10,403.81999999999954,move,improve
17260,10,403.81999999999954,10,403.81999999999954,move,improve
17261,10,403.81999999999954,10,403.81999999999954,move,improve
17262,10,403.81999999999954,10,403.81999999999954,move,improve
17263,10,403.81999999999954,10,403.81999999999954,2opt,notBad
17264,10,403.81999999999954,10,403.81999999999954,move,improve
17265,10,403.81999999999954,10,403.81999999999954,swap,notBad
17266,10,403.81999999999954,10,403.81999999999954,2opt,notBad
17267,10,403.81999999999954,10,403.81999999999954,move,improve
17268,10,403.81999999999954,10,403.81999999999954,swap,notBad
17269,10,403.81999999999954,10,403.81999999999954,move,improve
17270,10,403.81999999999954,10,403.81999999999954,swap,notBad
17271,10,403.81999999999954,10,403.81999999999954,swap,notBad
17272,10,403.81999999999954,10,403.81999999999954,move,improve
17273,10,403.81999999999954,10,403.81999999999954,swap,notBad
17274,10,403.81999999999954,10,403.81999999999954,2opt,notBad
17275,10,403.81999999999954,10,403.81999999999954,move,improve
17276,10,403.81999999999954,10,403.81999999999954,move,improve
17277,10,403.81999999999954,10,403.81999999999954,swap,notBad
17278,10,403.81999999999954,10,403.81999999999954,swap,notBad
17279,10,403.81999999999954,10,403.81999999999954,swap,notBad
17280,10,403.81999999999954,10,403.81999999999954,swap,notBad
17281,10,403.81999999999954,10,403.81999999999954,move,improve
17282,10,403.81999999999954,10,403.81999999999954,2opt,notBad
17283,10,403.81999999999954,10,403.81999999999954,swap,notBad
17284,10,403.81999999999954,10,403.81999999999954,move,improve
17285,10,403.81999999999954,10,403.81999999999954,swap,notBad
17286,10,403.81999999999954,10,403.81999999999954,2opt,notBad
17287,10,403.81999999999954,10,403.81999999999954,swap,notBad
17288,10,403.81999999999954,10,403.81999999999954,move,improve
17289,10,403.81999999999954,10,403.81999999999954,move,improve
17290,10,403.81999999999954,10,403.81999999999954,move,improve
17291,10,403.81999999999954,10,403.81999999999954,2opt,notBad
17292,10,403.81999999999954,10,403.81999999999954,swap,notBad
17293,10,403.81999999999954,10,403.81999999999954,swap,notBad
17294,10,403.81999999999954,10,403.81999999999954,swap,notBad
17295,10,403.81999999999954,10,403.81999999999954,swap,notBad
17296,10,403.81999999999954,10,403.81999999999954,move,improve
17297,10,403.81999999999954,10,403.81999999999954,2opt,notBad
17298,10,403.81999999999954,10,403.81999999999954,move,improve
17299,10,403.81999999999954,10,403.81999999999954,swap,notBad
17300,10,403.81999999999954,10,403.81999999999954,2opt,notBad
17301,10,403.81999999999954,10,403.81999999999954,2opt,notBad
17302,10,403.81999999999954,10,403.81999999999954,swap,notBad
17303,10,403.81999999999954,10,403.81999999999954,move,improve
17304,10,403.81999999999954,10,403.81999999999954,swap,notBad
17305,10,403.81999999999954,10,403.81999999999954,move,improve
17306,10,403.81999999999954,10,403.81999999999954,swap,notBad
17307,10,403.81999999999954,10,403.81999999999954,2opt,improve
17308,10,403.81999999999954,10,403.81999999999954,2opt,notBad
17309,10,403.81999999999954,10,403.81999999999954,swap,notBad
17310,10,403.81999999999954,10,403.81999999999954,2opt,notBad
17311,10,403.81999999999954,10,403.81999999999954,2opt,notBad
17312,10,403.81999999999954,10,403.81999999999954,swap,notBad
17313,10,403.81999999999954,10,403.81999999999954,swap,notBad
17314,10,403.81999999999954,10,403.81999999999954,swap,notBad
17315,10,403.81999999999954,10,403.81999999999954,2opt,notBad
17316,10,403.81999999999954,10,403.81999999999954,2opt,notBad
17317,10,403.81999999999954,10,403.81999999999954,2opt,notBad
17318,10,403.81999999999954,10,403.81999999999954,move,improve
17319,10,403.81999999999954,10,403.81999999999954,swap,notBad
17320,10,403.81999999999954,10,403.81999999999954,swap,notBad
17321,10,403.81999999999954,10,403.81999999999954,move,improve
17322,10,403.81999999999954,10,403.81999999999954,move,improve
17323,10,403.81999999999954,10,403.81999999999954,move,improve
17324,10,403.81999999999954,10,403.81999999999954,2opt,notBad
17325,10,403.81999999999954,10,403.81999999999954,move,improve
17326,10,403.81999999999954,10,403.81999999999954,swap,notBad
17327,10,403.81999999999954,10,403.81999999999954,swap,notBad
17328,10,403.81999999999954,10,403.81999999999954,swap,notBad
17329,10,403.81999999999954,10,403.81999999999954,swap,notBad
17330,10,403.81999999999954,10,403.81999999999954,swap,notBad
17331,10,403.81999999999954,10,403.81999999999954,move,improve
17332,10,403.81999999999954,10,403.81999999999954,swap,notBad
17333,10,403.81999999999954,10,403.81999999999954,2opt,notBad
17334,10,403.81999999999954,10,403.81999999999954,2opt,notBad
17335,10,403.81999999999954,10,403.81999999999954,swap,notBad
17336,10,403.81999999999954,10,403.81999999999954,move,improve
17337,10,403.81999999999954,10,403.81999999999954,move,improve
17338,10,403.81999999999954,10,403.81999999999954,swap,notBad
17339,10,403.81999999999954,10,403.81999999999954,swap,notBad
17340,10,403.81999999999954,10,403.81999999999954,2opt,notBad
17341,10,403.81999999999954,10,403.81999999999954,swap,notBad
17342,10,403.81999999999954,10,403.81999999999954,move,improve
17343,10,403.81999999999954,10,403.81999999999954,2opt,improve
17344,10,403.81999999999954,10,403.81999999999954,2opt,notBad
