i,vehi,obj,vehiBest,objBest,loFunc,note
1,12,1131.3,12,1131.0,swap,acceptBad
2,12,1131.3,12,1131.0,2opt,improve
3,12,1131.3,12,1131.0,2opt,improve
4,12,1409.0300000000004,12,1131.0,swap,acceptBad
5,13,2458.2000000000007,12,1131.0,2opt,acceptBad
6,13,2361.67,12,1131.0,swap,improve
7,13,2535.6000000000004,12,1131.0,swap,acceptBad
8,13,1815.9400000000003,12,1131.0,move,improve
9,13,1846.0799999999997,12,1131.0,swap,acceptBad
10,13,1846.0799999999997,12,1131.0,move,improve
11,13,1843.8799999999992,12,1131.0,move,improve
12,13,1767.6799999999998,12,1131.0,swap,improve
13,13,1759.6500000000003,12,1131.0,move,improve
14,13,1759.6500000000003,12,1131.0,move,improve
15,13,1758.4999999999995,12,1131.0,move,improve
16,14,2842.0599999999995,12,1131.0,2opt,acceptBad
17,14,2730.819999999999,12,1131.0,2opt,improve
18,13,1771.58,12,1131.0,move,improve
19,13,1771.58,12,1131.0,2opt,improve
20,13,1815.8499999999997,12,1131.0,swap,acceptBad
21,13,1566.51,12,1131.0,move,improve
22,13,1652.4499999999998,12,1131.0,swap,acceptBad
23,13,1455.9699999999998,12,1131.0,move,improve
24,13,1468.5699999999997,12,1131.0,swap,acceptBad
25,14,2512.1499999999996,12,1131.0,2opt,acceptBad
26,14,2704.26,12,1131.0,swap,acceptBad
27,14,2631.120000000001,12,1131.0,2opt,improve
28,14,2558.0400000000004,12,1131.0,swap,improve
29,14,2593.5200000000013,12,1131.0,swap,acceptBad
30,14,2281.4300000000007,12,1131.0,2opt,improve
31,14,1818.3399999999997,12,1131.0,move,improve
32,15,2778.210000000001,12,1131.0,2opt,acceptBad
33,15,2720.9,12,1131.0,2opt,improve
34,15,2460.2899999999995,12,1131.0,move,improve
35,15,2460.2899999999995,12,1131.0,2opt,improve
36,15,2152.3699999999994,12,1131.0,move,improve
37,15,2083.7700000000004,12,1131.0,2opt,improve
38,15,2083.7700000000004,12,1131.0,move,improve
39,15,2528.7,12,1131.0,swap,acceptBad
40,15,2498.1899999999996,12,1131.0,swap,improve
41,15,2498.1899999999996,12,1131.0,2opt,improve
42,15,2502.44,12,1131.0,2opt,acceptBad
43,15,2404.2299999999996,12,1131.0,move,improve
44,15,2927.809999999999,12,1131.0,swap,acceptBad
45,15,2878.4399999999996,12,1131.0,swap,improve
46,15,2932.819999999999,12,1131.0,swap,acceptBad
47,15,2688.43,12,1131.0,swap,improve
48,15,2179.6699999999996,12,1131.0,move,improve
49,15,2506.039999999999,12,1131.0,2opt,acceptBad
50,15,2843.0299999999984,12,1131.0,swap,acceptBad
51,15,2866.8099999999995,12,1131.0,2opt,acceptBad
52,15,2896.8199999999997,12,1131.0,swap,acceptBad
53,15,2896.8199999999997,12,1131.0,move,improve
54,15,2544.01,12,1131.0,2opt,improve
55,15,2294.459999999999,12,1131.0,move,improve
56,15,2382.9799999999996,12,1131.0,swap,acceptBad
57,15,2382.9799999999996,12,1131.0,move,improve
58,15,2317.62,12,1131.0,move,improve
59,15,2315.75,12,1131.0,move,improve
60,15,2315.75,12,1131.0,move,improve
61,15,2206.29,12,1131.0,2opt,improve
62,15,2206.29,12,1131.0,move,improve
63,15,2193.79,12,1131.0,swap,improve
64,15,2355.250000000001,12,1131.0,swap,acceptBad
65,15,2791.8100000000004,12,1131.0,swap,acceptBad
66,15,2654.86,12,1131.0,swap,improve
67,15,3082.7600000000016,12,1131.0,2opt,acceptBad
68,15,2975.3800000000006,12,1131.0,swap,improve
69,15,3106.34,12,1131.0,swap,acceptBad
70,15,3356.2500000000005,12,1131.0,swap,acceptBad
71,15,3623.12,12,1131.0,swap,acceptBad
72,15,3288.8899999999994,12,1131.0,move,improve
73,16,4861.720000000001,12,1131.0,2opt,acceptBad
74,16,4234.56,12,1131.0,move,improve
75,16,3983.2200000000007,12,1131.0,2opt,improve
76,16,3325.8499999999995,12,1131.0,move,improve
77,16,3325.8499999999995,12,1131.0,move,improve
78,16,2844.5299999999997,12,1131.0,move,improve
79,16,2641.7799999999993,12,1131.0,move,improve
80,16,2641.7799999999993,12,1131.0,move,improve
81,16,2918.5199999999986,12,1131.0,swap,acceptBad
82,16,2870.7599999999993,12,1131.0,swap,improve
83,16,2870.7599999999993,12,1131.0,move,improve
84,16,3061.4599999999996,12,1131.0,swap,acceptBad
85,16,3041.0899999999992,12,1131.0,move,improve
86,16,3364.049999999999,12,1131.0,2opt,acceptBad
87,16,3064.3499999999995,12,1131.0,move,improve
88,16,3041.309999999999,12,1131.0,swap,improve
89,16,2904.7300000000005,12,1131.0,swap,improve
90,16,2904.7300000000005,12,1131.0,move,improve
91,16,3192.6900000000005,12,1131.0,swap,acceptBad
92,16,3255.2600000000007,12,1131.0,2opt,acceptBad
93,16,3001.41,12,1131.0,move,improve
94,16,2982.42,12,1131.0,swap,improve
95,16,2931.7800000000007,12,1131.0,swap,improve
96,16,2689.4399999999996,12,1131.0,2opt,improve
97,16,2843.6199999999985,12,1131.0,2opt,acceptBad
98,16,2848.2599999999993,12,1131.0,2opt,acceptBad
99,16,2754.0599999999986,12,1131.0,swap,improve
100,16,2789.1399999999994,12,1131.0,swap,acceptBad
101,16,3470.899999999998,12,1131.0,2opt,acceptBad
102,16,3421.0399999999986,12,1131.0,swap,improve
103,16,2987.5399999999986,12,1131.0,move,improve
104,16,2951.1999999999994,12,1131.0,swap,improve
105,16,2819.999999999999,12,1131.0,move,improve
106,16,3163.609999999999,12,1131.0,2opt,acceptBad
107,16,2921.4499999999994,12,1131.0,move,improve
108,16,2794.6099999999988,12,1131.0,swap,improve
109,16,2700.1800000000003,12,1131.0,move,improve
110,16,2706.7700000000004,12,1131.0,swap,acceptBad
111,16,2638.6299999999997,12,1131.0,move,improve
112,16,2897.59,12,1131.0,swap,acceptBad
113,16,2776.849999999999,12,1131.0,swap,improve
114,16,2755.569999999999,12,1131.0,2opt,improve
115,16,2686.2899999999986,12,1131.0,move,improve
116,16,2753.109999999999,12,1131.0,2opt,acceptBad
117,16,2712.669999999998,12,1131.0,2opt,improve
118,16,2712.669999999998,12,1131.0,move,improve
119,16,2779.1299999999997,12,1131.0,2opt,acceptBad
120,16,2779.1299999999997,12,1131.0,move,improve
121,16,2703.8500000000004,12,1131.0,move,improve
122,16,2703.8500000000004,12,1131.0,2opt,improve
123,16,2701.6500000000005,12,1131.0,move,improve
124,17,3068.1800000000007,12,1131.0,2opt,acceptBad
125,17,3068.1800000000007,12,1131.0,move,improve
126,17,3068.1800000000007,12,1131.0,move,improve
127,17,3216.2999999999993,12,1131.0,swap,acceptBad
128,17,3068.889999999999,12,1131.0,move,improve
129,17,3262.6299999999987,12,1131.0,swap,acceptBad
130,17,3329.1299999999997,12,1131.0,2opt,acceptBad
131,17,3547.3399999999974,12,1131.0,swap,acceptBad
132,17,3431.079999999997,12,1131.0,move,improve
133,17,3460.2499999999973,12,1131.0,2opt,acceptBad
134,17,3414.6399999999985,12,1131.0,2opt,improve
135,17,3560.6099999999988,12,1131.0,swap,acceptBad
136,17,3752.6599999999994,12,1131.0,2opt,acceptBad
137,17,3591.8599999999997,12,1131.0,2opt,improve
138,17,3295.4399999999982,12,1131.0,2opt,improve
139,17,3793.659999999999,12,1131.0,2opt,acceptBad
140,17,3843.959999999998,12,1131.0,2opt,acceptBad
141,17,3819.159999999999,12,1131.0,2opt,improve
142,17,3571.8099999999986,12,1131.0,move,improve
143,17,3567.279999999999,12,1131.0,2opt,improve
144,17,3828.95,12,1131.0,2opt,acceptBad
145,17,3827.87,12,1131.0,move,improve
146,17,3615.319999999999,12,1131.0,move,improve
147,17,3317.26,12,1131.0,swap,improve
148,17,2609.7100000000005,12,1131.0,swap,improve
149,17,2810.1800000000007,12,1131.0,swap,acceptBad
150,17,2810.1800000000007,12,1131.0,2opt,improve
151,17,2805.7599999999993,12,1131.0,swap,improve
152,17,3123.439999999999,12,1131.0,2opt,acceptBad
153,17,3120.419999999999,12,1131.0,move,improve
154,17,4113.059999999999,12,1131.0,swap,acceptBad
155,17,4113.059999999999,12,1131.0,2opt,improve
156,17,3080.9099999999994,12,1131.0,move,improve
157,17,3522.169999999998,12,1131.0,swap,acceptBad
158,17,3459.7599999999993,12,1131.0,move,improve
159,17,3174.72,12,1131.0,swap,improve
160,17,3316.39,12,1131.0,swap,acceptBad
161,17,3278.12,12,1131.0,move,improve
162,17,3930.7,12,1131.0,swap,acceptBad
163,17,4142.620000000002,12,1131.0,swap,acceptBad
164,17,4120.929999999999,12,1131.0,2opt,improve
165,17,4500.12,12,1131.0,2opt,acceptBad
166,17,5077.209999999999,12,1131.0,swap,acceptBad
167,17,4535.309999999998,12,1131.0,move,improve
168,17,4147.389999999999,12,1131.0,move,improve
169,17,3738.039999999999,12,1131.0,swap,improve
170,18,5672.81,12,1131.0,2opt,acceptBad
171,18,4295.51,12,1131.0,move,improve
172,18,4331.78,12,1131.0,move,acceptBad
173,18,4714.610000000001,12,1131.0,swap,acceptBad
174,18,4714.610000000001,12,1131.0,move,improve
175,18,4714.490000000001,12,1131.0,swap,improve
176,18,5163.909999999999,12,1131.0,swap,acceptBad
177,18,4456.539999999998,12,1131.0,move,improve
178,18,3795.2,12,1131.0,move,improve
179,18,3795.2,12,1131.0,move,improve
180,18,3730.789999999999,12,1131.0,move,improve
181,18,3874.0499999999997,12,1131.0,swap,acceptBad
182,18,3487.599999999999,12,1131.0,move,improve
183,18,4381.849999999999,12,1131.0,2opt,acceptBad
184,18,4806.12,12,1131.0,2opt,acceptBad
185,18,5392.040000000001,12,1131.0,2opt,acceptBad
186,18,4833.41,12,1131.0,move,improve
187,18,4833.41,12,1131.0,2opt,improve
188,18,4821.71,12,1131.0,move,improve
189,18,5032.080000000001,12,1131.0,2opt,acceptBad
190,18,4972.870000000001,12,1131.0,move,improve
191,18,4392.550000000001,12,1131.0,2opt,improve
192,18,4334.41,12,1131.0,2opt,improve
193,18,4331.180000000002,12,1131.0,2opt,improve
194,18,4311.580000000002,12,1131.0,swap,improve
195,18,4311.580000000002,12,1131.0,2opt,improve
196,18,4692.120000000003,12,1131.0,swap,acceptBad
197,18,4856.360000000003,12,1131.0,2opt,acceptBad
198,18,4421.55,12,1131.0,move,improve
199,18,4744.590000000002,12,1131.0,swap,acceptBad
200,18,4573.599999999999,12,1131.0,swap,improve
201,18,4230.11,12,1131.0,swap,improve
202,18,4806.040000000003,12,1131.0,swap,acceptBad
203,18,4806.040000000003,12,1131.0,2opt,improve
204,18,4012.9100000000017,12,1131.0,move,improve
205,18,4477.03,12,1131.0,2opt,acceptBad
206,18,4891.870000000002,12,1131.0,2opt,acceptBad
207,18,4221.570000000001,12,1131.0,move,improve
208,18,4250.990000000001,12,1131.0,swap,acceptBad
209,18,4087.2200000000016,12,1131.0,swap,improve
210,18,4378.3600000000015,12,1131.0,swap,acceptBad
211,18,4229.64,12,1131.0,move,improve
212,18,4589.840000000001,12,1131.0,2opt,acceptBad
213,18,4589.840000000001,12,1131.0,move,improve
214,18,4554.480000000001,12,1131.0,swap,improve
215,18,4355.59,12,1131.0,move,improve
216,18,4481.39,12,1131.0,2opt,acceptBad
217,18,5620.58,12,1131.0,swap,acceptBad
218,18,5604.129999999999,12,1131.0,swap,improve
219,18,4598.699999999998,12,1131.0,move,improve
220,18,4947.969999999998,12,1131.0,swap,acceptBad
221,18,4519.24,12,1131.0,move,improve
222,18,4519.24,12,1131.0,2opt,improve
223,18,4220.819999999999,12,1131.0,move,improve
224,18,4328.860000000002,12,1131.0,2opt,acceptBad
225,18,4411.330000000002,12,1131.0,swap,acceptBad
226,18,4330.3600000000015,12,1131.0,swap,improve
227,18,4610.56,12,1131.0,swap,acceptBad
228,18,4614.900000000001,12,1131.0,swap,acceptBad
229,18,4076.6100000000006,12,1131.0,move,improve
230,18,4307.530000000003,12,1131.0,2opt,acceptBad
231,18,4572.49,12,1131.0,2opt,acceptBad
232,18,4549.829999999999,12,1131.0,swap,improve
233,18,5245.649999999997,12,1131.0,2opt,acceptBad
234,18,4154.169999999999,12,1131.0,move,improve
235,18,3669.3899999999994,12,1131.0,move,improve
236,18,3590.3199999999993,12,1131.0,swap,improve
237,18,3189.7,12,1131.0,move,improve
238,18,3290.79,12,1131.0,2opt,acceptBad
239,18,3992.719999999999,12,1131.0,swap,acceptBad
240,18,3992.719999999999,12,1131.0,move,improve
241,19,4978.560000000001,12,1131.0,2opt,acceptBad
242,18,3025.7399999999993,12,1131.0,move,improve
243,18,3105.579999999999,12,1131.0,2opt,acceptBad
244,18,3606.749999999998,12,1131.0,2opt,acceptBad
245,18,3477.5699999999997,12,1131.0,2opt,improve
246,18,3670.4299999999985,12,1131.0,2opt,acceptBad
247,18,3919.6999999999985,12,1131.0,swap,acceptBad
248,18,3919.6999999999985,12,1131.0,move,improve
249,18,3486.249999999998,12,1131.0,move,improve
250,18,3796.589999999999,12,1131.0,swap,acceptBad
251,18,3441.2000000000007,12,1131.0,2opt,improve
252,18,3595.480000000001,12,1131.0,swap,acceptBad
253,18,3409.4799999999987,12,1131.0,2opt,improve
254,18,3778.579999999999,12,1131.0,2opt,acceptBad
255,18,3157.679999999999,12,1131.0,move,improve
256,18,2986.8799999999997,12,1131.0,swap,improve
257,18,3080.5899999999992,12,1131.0,swap,acceptBad
258,18,2616.730000000002,12,1131.0,move,improve
259,18,3324.359999999999,12,1131.0,2opt,acceptBad
260,18,3321.0299999999993,12,1131.0,swap,improve
261,18,3321.0299999999993,12,1131.0,2opt,improve
262,18,3877.95,12,1131.0,swap,acceptBad
263,18,4638.479999999998,12,1131.0,swap,acceptBad
264,18,4926.579999999999,12,1131.0,2opt,acceptBad
265,18,4999.479999999999,12,1131.0,swap,acceptBad
266,18,5006.569999999999,12,1131.0,2opt,acceptBad
267,18,5006.569999999999,12,1131.0,move,improve
268,18,4415.059999999998,12,1131.0,move,improve
269,18,3979.0599999999995,12,1131.0,move,improve
270,18,3913.8,12,1131.0,swap,improve
271,18,3913.8,12,1131.0,move,improve
272,18,3968.190000000002,12,1131.0,swap,acceptBad
273,18,3714.6699999999996,12,1131.0,move,improve
274,18,3669.3,12,1131.0,swap,improve
275,18,3424.38,12,1131.0,move,improve
276,18,3430.4099999999994,12,1131.0,swap,acceptBad
277,18,3171.85,12,1131.0,swap,improve
278,18,2992.690000000001,12,1131.0,swap,improve
279,18,3309.8500000000004,12,1131.0,2opt,acceptBad
280,18,2879.290000000001,12,1131.0,move,improve
281,18,2922.6600000000008,12,1131.0,swap,acceptBad
282,18,2694.2200000000003,12,1131.0,swap,improve
283,18,2639.3100000000004,12,1131.0,swap,improve
284,18,2833.65,12,1131.0,2opt,acceptBad
285,18,3325.8100000000004,12,1131.0,swap,acceptBad
286,18,3002.4500000000003,12,1131.0,2opt,improve
287,18,2795.570000000001,12,1131.0,move,improve
288,18,2795.570000000001,12,1131.0,2opt,improve
289,18,2795.570000000001,12,1131.0,move,improve
290,18,3165.95,12,1131.0,2opt,acceptBad
291,18,3165.95,12,1131.0,2opt,improve
292,18,3122.610000000001,12,1131.0,move,improve
293,18,3653.050000000003,12,1131.0,2opt,acceptBad
294,18,4068.5300000000016,12,1131.0,swap,acceptBad
295,18,4086.3600000000024,12,1131.0,swap,acceptBad
296,18,3753.7100000000014,12,1131.0,move,improve
297,18,4063.460000000002,12,1131.0,2opt,acceptBad
298,18,4014.610000000002,12,1131.0,2opt,improve
299,18,4001.1200000000003,12,1131.0,2opt,improve
300,18,3660.84,12,1131.0,swap,improve
301,18,2543.900000000001,12,1131.0,move,improve
302,18,2543.900000000001,12,1131.0,move,improve
303,18,2594.5800000000013,12,1131.0,swap,acceptBad
304,18,2603.460000000001,12,1131.0,2opt,acceptBad
305,18,2980.1200000000003,12,1131.0,2opt,acceptBad
306,18,2796.3400000000006,12,1131.0,move,improve
307,18,2873.82,12,1131.0,swap,acceptBad
308,18,2207.9800000000005,12,1131.0,move,improve
309,18,2207.9800000000005,12,1131.0,move,improve
310,18,2167.87,12,1131.0,move,improve
311,18,3580.7499999999995,12,1131.0,swap,acceptBad
312,18,3683.13,12,1131.0,2opt,acceptBad
313,18,3586.3400000000006,12,1131.0,2opt,improve
314,18,4221.4299999999985,12,1131.0,swap,acceptBad
315,18,4011.4899999999993,12,1131.0,swap,improve
316,18,3501.8799999999997,12,1131.0,move,improve
317,18,2864.49,12,1131.0,move,improve
318,18,2827.419999999999,12,1131.0,swap,improve
319,18,2533.1699999999996,12,1131.0,move,improve
320,18,2533.1699999999996,12,1131.0,move,improve
321,18,2370.9399999999987,12,1131.0,move,improve
322,18,2633.549999999999,12,1131.0,2opt,acceptBad
323,18,2852.769999999999,12,1131.0,2opt,acceptBad
324,18,3226.689999999998,12,1131.0,2opt,acceptBad
325,18,2567.079999999998,12,1131.0,move,improve
326,18,2754.1199999999976,12,1131.0,swap,acceptBad
327,18,2674.7899999999977,12,1131.0,move,improve
328,18,2478.299999999998,12,1131.0,move,improve
329,18,2512.889999999999,12,1131.0,2opt,acceptBad
330,18,3260.3699999999985,12,1131.0,swap,acceptBad
331,18,3052.9899999999984,12,1131.0,move,improve
332,18,2831.739999999998,12,1131.0,move,improve
333,18,2831.739999999998,12,1131.0,move,improve
334,18,3063.419999999999,12,1131.0,swap,acceptBad
335,18,3323.969999999999,12,1131.0,swap,acceptBad
336,18,3310.099999999999,12,1131.0,2opt,improve
337,18,3322.2999999999997,12,1131.0,2opt,acceptBad
338,18,3041.0999999999995,12,1131.0,move,improve
339,18,3279.2599999999993,12,1131.0,2opt,acceptBad
340,18,3250.04,12,1131.0,2opt,improve
341,18,3250.04,12,1131.0,2opt,improve
342,18,3379.6200000000013,12,1131.0,swap,acceptBad
343,18,2917.3199999999997,12,1131.0,move,improve
344,18,2348.4500000000003,12,1131.0,swap,improve
345,18,2385.6100000000015,12,1131.0,swap,acceptBad
346,18,2584.470000000002,12,1131.0,2opt,acceptBad
347,18,2503.1200000000017,12,1131.0,move,improve
348,18,2354.5200000000013,12,1131.0,move,improve
349,18,3443.0800000000013,12,1131.0,swap,acceptBad
350,18,3443.0800000000013,12,1131.0,move,improve
351,18,3106.4400000000014,12,1131.0,move,improve
352,18,2688.610000000002,12,1131.0,move,improve
353,18,2818.37,12,1131.0,2opt,acceptBad
354,18,2871.86,12,1131.0,2opt,acceptBad
355,18,3018.549999999999,12,1131.0,swap,acceptBad
356,18,2752.319999999999,12,1131.0,2opt,improve
357,18,2622.9899999999993,12,1131.0,swap,improve
358,18,2479.5299999999993,12,1131.0,move,improve
359,18,2151.270000000001,12,1131.0,move,improve
360,18,2056.7200000000003,12,1131.0,2opt,improve
361,18,2549.4999999999995,12,1131.0,2opt,acceptBad
362,18,2807.12,12,1131.0,swap,acceptBad
363,18,2611.98,12,1131.0,swap,improve
364,18,2611.98,12,1131.0,move,improve
365,18,2611.98,12,1131.0,move,improve
366,18,2521.359999999999,12,1131.0,swap,improve
367,18,2459.7200000000003,12,1131.0,2opt,improve
368,18,2459.7200000000003,12,1131.0,move,improve
369,18,2593.579999999998,12,1131.0,2opt,acceptBad
370,18,2593.579999999998,12,1131.0,move,improve
371,18,2806.919999999998,12,1131.0,swap,acceptBad
372,18,2557.5399999999995,12,1131.0,2opt,improve
373,18,2345.8399999999997,12,1131.0,move,improve
374,18,2230.8199999999993,12,1131.0,move,improve
375,17,2071.26,12,1131.0,move,improve
376,17,2022.320000000001,12,1131.0,swap,improve
377,17,2022.320000000001,12,1131.0,move,improve
378,17,2201.6900000000014,12,1131.0,2opt,acceptBad
379,17,2254.550000000001,12,1131.0,swap,acceptBad
380,17,2188.5800000000004,12,1131.0,swap,improve
381,17,2330.8800000000006,12,1131.0,2opt,acceptBad
382,17,2330.8800000000006,12,1131.0,move,improve
383,17,2280.8100000000004,12,1131.0,move,improve
384,17,3285.349999999999,12,1131.0,2opt,acceptBad
385,16,2027.8100000000002,12,1131.0,2opt,improve
386,16,2218.05,12,1131.0,2opt,acceptBad
387,16,2644.8900000000003,12,1131.0,swap,acceptBad
388,16,2627.27,12,1131.0,2opt,improve
389,16,2627.27,12,1131.0,move,improve
390,16,2627.27,12,1131.0,move,improve
391,16,2627.27,12,1131.0,2opt,improve
392,16,2763.899999999999,12,1131.0,2opt,acceptBad
393,16,2581.6499999999983,12,1131.0,swap,improve
394,16,2508.4599999999987,12,1131.0,move,improve
395,16,2508.4599999999987,12,1131.0,move,improve
396,16,2221.7499999999986,12,1131.0,move,improve
397,16,2330.4399999999987,12,1131.0,2opt,acceptBad
398,16,2322.83,12,1131.0,move,improve
399,16,2028.2999999999995,12,1131.0,swap,improve
400,16,2034.5100000000002,12,1131.0,swap,acceptBad
401,16,2356.47,12,1131.0,swap,acceptBad
402,16,2486.649999999999,12,1131.0,2opt,acceptBad
403,16,1728.9399999999996,12,1131.0,move,improve
404,16,1598.1699999999992,12,1131.0,move,improve
405,16,1612.9999999999998,12,1131.0,swap,acceptBad
406,16,1974.4999999999993,12,1131.0,swap,acceptBad
407,16,1976.5799999999992,12,1131.0,swap,acceptBad
408,16,2140.9500000000003,12,1131.0,swap,acceptBad
409,16,1842.1300000000006,12,1131.0,move,improve
410,16,2061.9000000000005,12,1131.0,2opt,acceptBad
411,16,2059.7400000000007,12,1131.0,move,improve
412,16,2044.5500000000002,12,1131.0,move,improve
413,16,1651.7400000000005,12,1131.0,move,improve
414,16,1749.1400000000012,12,1131.0,2opt,acceptBad
415,16,1753.4800000000016,12,1131.0,swap,acceptBad
416,16,1753.4800000000016,12,1131.0,move,improve
417,16,1722.6000000000008,12,1131.0,swap,improve
418,16,1486.1900000000012,12,1131.0,move,improve
419,16,1704.3300000000017,12,1131.0,2opt,acceptBad
420,16,1703.9700000000012,12,1131.0,2opt,improve
421,16,1950.730000000001,12,1131.0,swap,acceptBad
422,16,1820.4100000000008,12,1131.0,move,improve
423,16,1934.370000000001,12,1131.0,swap,acceptBad
424,16,2032.2600000000002,12,1131.0,swap,acceptBad
425,16,2006.8300000000004,12,1131.0,swap,improve
426,16,2207.5399999999986,12,1131.0,2opt,acceptBad
427,16,2231.7199999999984,12,1131.0,swap,acceptBad
428,16,2382.74,12,1131.0,swap,acceptBad
429,16,2382.74,12,1131.0,move,improve
430,16,2488.659999999999,12,1131.0,swap,acceptBad
431,16,2518.679999999998,12,1131.0,2opt,acceptBad
432,16,2684.99,12,1131.0,swap,acceptBad
433,16,2667.250000000001,12,1131.0,2opt,improve
434,16,2685.6900000000014,12,1131.0,swap,acceptBad
435,16,2551.9700000000016,12,1131.0,move,improve
436,16,2551.9700000000016,12,1131.0,move,improve
437,16,2543.570000000001,12,1131.0,move,improve
438,16,2604.7200000000007,12,1131.0,2opt,acceptBad
439,16,2586.59,12,1131.0,move,improve
440,16,2622.09,12,1131.0,swap,acceptBad
441,16,2622.09,12,1131.0,move,improve
442,16,2696.8599999999997,12,1131.0,2opt,acceptBad
443,16,2562.37,12,1131.0,move,improve
444,16,2562.37,12,1131.0,move,improve
445,16,2562.37,12,1131.0,2opt,improve
446,16,2481.8700000000003,12,1131.0,2opt,improve
447,16,2898.6400000000012,12,1131.0,2opt,acceptBad
448,16,2351.7000000000007,12,1131.0,move,improve
449,16,2270.6600000000003,12,1131.0,move,improve
450,16,2556.160000000001,12,1131.0,2opt,acceptBad
451,16,2556.160000000001,12,1131.0,move,improve
452,17,3785.69,12,1131.0,2opt,acceptBad
453,17,2830.8299999999995,12,1131.0,move,improve
454,17,2815.8099999999995,12,1131.0,move,improve
455,17,2489.56,12,1131.0,move,improve
456,17,2800.8599999999997,12,1131.0,2opt,acceptBad
457,17,2800.8599999999997,12,1131.0,move,improve
458,17,3187.819999999999,12,1131.0,swap,acceptBad
459,17,3412.9899999999975,12,1131.0,2opt,acceptBad
460,17,3049.6099999999988,12,1131.0,swap,improve
461,17,3142.579999999999,12,1131.0,swap,acceptBad
462,18,4384.829999999995,12,1131.0,2opt,acceptBad
463,18,4359.309999999997,12,1131.0,move,improve
464,18,4280.829999999998,12,1131.0,swap,improve
465,18,4095.7699999999973,12,1131.0,2opt,improve
466,18,3599.7499999999995,12,1131.0,move,improve
467,18,3456.38,12,1131.0,move,improve
468,18,3265.8100000000013,12,1131.0,move,improve
469,18,4002.2699999999995,12,1131.0,swap,acceptBad
470,18,4002.2699999999995,12,1131.0,move,improve
471,18,4065.36,12,1131.0,2opt,acceptBad
472,18,4370.87,12,1131.0,swap,acceptBad
473,18,4621.940000000002,12,1131.0,swap,acceptBad
474,18,4622.350000000002,12,1131.0,swap,acceptBad
475,18,5207.57,12,1131.0,swap,acceptBad
476,18,5209.229999999997,12,1131.0,2opt,acceptBad
477,18,4933.829999999997,12,1131.0,move,improve
478,18,4932.499999999998,12,1131.0,2opt,improve
479,18,4495.02,12,1131.0,2opt,improve
480,18,3877.8299999999995,12,1131.0,move,improve
481,18,3778.6300000000006,12,1131.0,2opt,improve
482,18,4666.87,12,1131.0,2opt,acceptBad
483,18,3870.5700000000015,12,1131.0,move,improve
484,18,4361.13,12,1131.0,2opt,acceptBad
485,18,4314.749999999999,12,1131.0,2opt,improve
486,18,4098.69,12,1131.0,move,improve
487,18,3936.600000000001,12,1131.0,move,improve
488,18,3826.02,12,1131.0,2opt,improve
489,17,2970.0499999999997,12,1131.0,move,improve
490,17,3943.02,12,1131.0,2opt,acceptBad
491,17,3798.91,12,1131.0,move,improve
492,17,4027.269999999999,12,1131.0,2opt,acceptBad
493,17,3834.03,12,1131.0,move,improve
494,17,3844.699999999999,12,1131.0,2opt,acceptBad
495,17,3723.959999999999,12,1131.0,move,improve
496,17,3564.19,12,1131.0,move,improve
497,17,3486.8999999999996,12,1131.0,move,improve
498,17,3483.5299999999997,12,1131.0,swap,improve
499,17,3465.0799999999995,12,1131.0,move,improve
500,17,3477.37,12,1131.0,swap,acceptBad
501,17,3588.6500000000015,12,1131.0,2opt,acceptBad
502,17,3513.1600000000008,12,1131.0,swap,improve
503,17,3513.1600000000008,12,1131.0,move,improve
504,17,3498.920000000001,12,1131.0,swap,improve
505,17,3321.710000000001,12,1131.0,move,improve
506,16,3327.550000000001,12,1131.0,2opt,acceptBad
507,16,3226.510000000001,12,1131.0,swap,improve
508,16,3290.710000000001,12,1131.0,swap,acceptBad
509,16,3160.15,12,1131.0,move,improve
510,16,3706.5,12,1131.0,2opt,acceptBad
511,17,4884.240000000001,12,1131.0,2opt,acceptBad
512,17,4428.160000000001,12,1131.0,swap,improve
513,17,5260.879999999999,12,1131.0,swap,acceptBad
514,17,5010.73,12,1131.0,swap,improve
515,17,5010.73,12,1131.0,move,improve
516,17,4270.030000000001,12,1131.0,swap,improve
517,17,4560.0,12,1131.0,2opt,acceptBad
518,17,4551.310000000001,12,1131.0,move,improve
519,17,4540.84,12,1131.0,swap,improve
520,17,4078.64,12,1131.0,move,improve
521,17,4078.600000000001,12,1131.0,2opt,improve
522,17,4006.64,12,1131.0,move,improve
523,18,4445.040000000002,12,1131.0,2opt,acceptBad
524,18,4445.040000000002,12,1131.0,move,improve
525,18,4391.060000000002,12,1131.0,move,improve
526,18,3872.430000000001,12,1131.0,move,improve
527,18,3872.430000000001,12,1131.0,move,improve
528,18,3872.430000000001,12,1131.0,move,improve
529,18,3686.2100000000014,12,1131.0,2opt,improve
530,18,2758.760000000002,12,1131.0,swap,improve
531,18,2756.2000000000016,12,1131.0,2opt,improve
532,18,2519.6300000000006,12,1131.0,move,improve
533,18,2519.6300000000006,12,1131.0,move,improve
534,18,2519.390000000002,12,1131.0,2opt,improve
535,18,2228.5600000000004,12,1131.0,move,improve
536,18,2224.1800000000003,12,1131.0,2opt,improve
537,19,4000.450000000001,12,1131.0,2opt,acceptBad
538,19,3312.190000000001,12,1131.0,move,improve
539,19,3494.790000000001,12,1131.0,2opt,acceptBad
540,19,4170.060000000001,12,1131.0,2opt,acceptBad
541,19,4626.579999999999,12,1131.0,2opt,acceptBad
542,19,3403.6999999999994,12,1131.0,move,improve
543,19,3220.199999999999,12,1131.0,move,improve
544,19,3806.8700000000003,12,1131.0,2opt,acceptBad
545,19,3866.4100000000008,12,1131.0,swap,acceptBad
546,19,4402.739999999996,12,1131.0,swap,acceptBad
547,19,3867.2100000000014,12,1131.0,move,improve
548,19,4048.619999999999,12,1131.0,swap,acceptBad
549,19,4100.049999999999,12,1131.0,swap,acceptBad
550,19,4063.559999999999,12,1131.0,swap,improve
551,19,4103.41,12,1131.0,swap,acceptBad
552,19,4761.890000000001,12,1131.0,2opt,acceptBad
553,19,4817.640000000002,12,1131.0,swap,acceptBad
554,19,4006.750000000002,12,1131.0,move,improve
555,20,6238.7800000000025,12,1131.0,2opt,acceptBad
556,20,5407.300000000001,12,1131.0,move,improve
557,20,5506.060000000002,12,1131.0,2opt,acceptBad
558,20,5071.62,12,1131.0,2opt,improve
559,20,5049.919999999999,12,1131.0,swap,improve
560,20,5048.04,12,1131.0,2opt,improve
561,20,5043.719999999998,12,1131.0,swap,improve
562,19,4350.62,12,1131.0,2opt,improve
563,19,3750.8399999999992,12,1131.0,swap,improve
564,19,4546.509999999999,12,1131.0,swap,acceptBad
565,19,4546.509999999999,12,1131.0,move,improve
566,19,4600.109999999999,12,1131.0,swap,acceptBad
567,19,4219.95,12,1131.0,swap,improve
568,19,4402.800000000001,12,1131.0,2opt,acceptBad
569,19,4787.320000000001,12,1131.0,2opt,acceptBad
570,19,4615.0599999999995,12,1131.0,move,improve
571,19,4777.090000000001,12,1131.0,swap,acceptBad
572,20,6198.500000000003,12,1131.0,2opt,acceptBad
573,20,5572.3600000000015,12,1131.0,move,improve
574,20,4462.35,12,1131.0,move,improve
575,19,3719.989999999999,12,1131.0,move,improve
576,19,3606.9199999999996,12,1131.0,swap,improve
577,19,3393.0700000000006,12,1131.0,move,improve
578,19,3393.0700000000006,12,1131.0,move,improve
579,19,3349.5899999999997,12,1131.0,move,improve
580,19,3374.9799999999996,12,1131.0,swap,acceptBad
581,19,3374.9799999999996,12,1131.0,move,improve
582,19,3374.9799999999996,12,1131.0,2opt,improve
583,18,2621.399999999999,12,1131.0,move,improve
584,18,2507.8100000000004,12,1131.0,move,improve
585,18,2492.13,12,1131.0,2opt,improve
586,18,2492.13,12,1131.0,move,improve
587,18,3715.7700000000004,12,1131.0,2opt,acceptBad
588,18,3746.7200000000003,12,1131.0,2opt,acceptBad
589,19,5349.370000000001,12,1131.0,2opt,acceptBad
590,19,5409.770000000001,12,1131.0,swap,acceptBad
591,19,5678.209999999997,12,1131.0,2opt,acceptBad
592,19,5678.209999999997,12,1131.0,move,improve
593,19,5678.209999999997,12,1131.0,move,improve
594,19,4905.039999999997,12,1131.0,move,improve
595,19,4546.209999999998,12,1131.0,move,improve
596,19,4557.17,12,1131.0,2opt,acceptBad
597,19,4537.47,12,1131.0,move,improve
598,19,4537.47,12,1131.0,move,improve
599,19,4355.099999999999,12,1131.0,swap,improve
600,19,4032.490000000001,12,1131.0,move,improve
601,19,4032.490000000001,12,1131.0,move,improve
602,19,4031.83,12,1131.0,2opt,improve
603,19,4034.75,12,1131.0,swap,acceptBad
604,19,3915.5199999999995,12,1131.0,swap,improve
605,19,3225.6400000000012,12,1131.0,2opt,improve
606,19,3225.6400000000012,12,1131.0,move,improve
607,19,3029.490000000001,12,1131.0,move,improve
608,19,3314.230000000001,12,1131.0,swap,acceptBad
609,19,3401.84,12,1131.0,swap,acceptBad
610,19,3401.84,12,1131.0,2opt,improve
611,20,5867.430000000001,12,1131.0,2opt,acceptBad
612,20,5349.550000000005,12,1131.0,move,improve
613,20,5621.6799999999985,12,1131.0,2opt,acceptBad
614,20,5535.6799999999985,12,1131.0,swap,improve
615,20,6168.649999999999,12,1131.0,2opt,acceptBad
616,20,6221.029999999998,12,1131.0,swap,acceptBad
617,20,6221.029999999998,12,1131.0,2opt,notBad
618,20,5879.029999999997,12,1131.0,move,improve
619,20,5379.629999999999,12,1131.0,2opt,improve
620,20,4217.729999999997,12,1131.0,move,improve
621,20,3968.229999999997,12,1131.0,move,improve
622,20,3881.4599999999978,12,1131.0,move,improve
623,20,3881.4599999999978,12,1131.0,move,improve
624,20,3254.3599999999983,12,1131.0,move,improve
625,20,3263.3099999999977,12,1131.0,swap,acceptBad
626,20,3230.4299999999976,12,1131.0,2opt,improve
627,20,3230.4299999999976,12,1131.0,move,improve
628,20,3711.6899999999987,12,1131.0,swap,acceptBad
629,20,3769.0099999999975,12,1131.0,2opt,acceptBad
630,20,3386.339999999999,12,1131.0,move,improve
631,20,3285.159999999998,12,1131.0,move,improve
632,20,3285.159999999998,12,1131.0,move,improve
633,20,3617.8499999999963,12,1131.0,swap,acceptBad
634,20,3152.499999999998,12,1131.0,swap,improve
635,20,3342.889999999999,12,1131.0,swap,acceptBad
636,20,3246.599999999998,12,1131.0,move,improve
637,20,3010.449999999999,12,1131.0,move,improve
638,20,3474.9299999999976,12,1131.0,swap,acceptBad
639,20,3474.9299999999976,12,1131.0,move,improve
640,20,3474.9299999999976,12,1131.0,move,improve
641,20,3662.3999999999983,12,1131.0,swap,acceptBad
642,20,3646.4399999999987,12,1131.0,swap,improve
643,20,3646.4399999999987,12,1131.0,move,improve
644,20,4441.12,12,1131.0,2opt,acceptBad
645,20,3613.7699999999973,12,1131.0,move,improve
646,20,3657.949999999996,12,1131.0,2opt,acceptBad
647,20,3657.949999999996,12,1131.0,move,improve
648,20,4568.8899999999985,12,1131.0,2opt,acceptBad
649,20,4847.5499999999965,12,1131.0,swap,acceptBad
650,20,5061.919999999997,12,1131.0,2opt,acceptBad
651,20,5027.199999999997,12,1131.0,swap,improve
652,20,4516.329999999998,12,1131.0,move,improve
653,20,4867.510000000001,12,1131.0,move,acceptBad
654,20,5065.680000000001,12,1131.0,2opt,acceptBad
655,20,5079.600000000001,12,1131.0,swap,acceptBad
656,20,4838.919999999999,12,1131.0,move,improve
657,20,4838.919999999999,12,1131.0,2opt,improve
658,20,4739.22,12,1131.0,swap,improve
659,20,4732.439999999999,12,1131.0,swap,improve
660,20,4408.799999999998,12,1131.0,swap,improve
661,20,4051.199999999998,12,1131.0,move,improve
662,20,4242.779999999998,12,1131.0,swap,acceptBad
663,20,4242.779999999998,12,1131.0,move,improve
664,20,4001.9999999999977,12,1131.0,move,improve
665,20,4001.9999999999977,12,1131.0,move,improve
666,20,4134.879999999998,12,1131.0,2opt,acceptBad
667,20,3960.199999999996,12,1131.0,2opt,improve
668,20,3960.199999999996,12,1131.0,move,improve
669,20,4144.459999999999,12,1131.0,swap,acceptBad
670,20,4393.950000000002,12,1131.0,2opt,acceptBad
671,20,4088.220000000001,12,1131.0,move,improve
672,20,4119.85,12,1131.0,2opt,acceptBad
673,20,3958.330000000001,12,1131.0,2opt,improve
674,20,3919.160000000003,12,1131.0,swap,improve
675,20,4023.370000000001,12,1131.0,swap,acceptBad
676,20,4023.370000000001,12,1131.0,move,improve
677,20,4023.370000000001,12,1131.0,move,improve
678,20,3829.6100000000006,12,1131.0,move,improve
679,20,3829.6100000000006,12,1131.0,move,improve
680,21,4100.78,12,1131.0,2opt,acceptBad
681,20,4117.7699999999995,12,1131.0,2opt,acceptBad
682,20,4117.7699999999995,12,1131.0,move,improve
683,20,4716.690000000002,12,1131.0,2opt,acceptBad
684,20,4711.1500000000015,12,1131.0,2opt,improve
685,20,5022.8499999999985,12,1131.0,swap,acceptBad
686,20,4961.809999999999,12,1131.0,2opt,improve
687,20,4446.549999999998,12,1131.0,move,improve
688,20,4009.0699999999993,12,1131.0,move,improve
689,20,4009.149999999997,12,1131.0,2opt,acceptBad
690,20,4009.149999999997,12,1131.0,swap,improve
691,20,3708.2499999999986,12,1131.0,move,improve
692,20,4523.349999999999,12,1131.0,swap,acceptBad
693,20,4374.749999999997,12,1131.0,2opt,improve
694,20,4038.019999999999,12,1131.0,move,improve
695,20,4055.9999999999973,12,1131.0,swap,acceptBad
696,20,4114.899999999999,12,1131.0,swap,acceptBad
697,20,3540.619999999999,12,1131.0,move,improve
698,20,3838.22,12,1131.0,2opt,acceptBad
699,20,3754.2000000000007,12,1131.0,move,improve
700,20,3754.2000000000007,12,1131.0,move,improve
701,20,3754.2000000000007,12,1131.0,move,improve
702,20,3331.0099999999998,12,1131.0,move,improve
703,20,3331.0099999999998,12,1131.0,move,improve
704,20,3775.61,12,1131.0,swap,acceptBad
705,20,5109.949999999999,12,1131.0,swap,acceptBad
706,20,5274.289999999997,12,1131.0,swap,acceptBad
707,20,5432.949999999996,12,1131.0,swap,acceptBad
708,20,5350.469999999996,12,1131.0,move,improve
709,20,3775.19,12,1131.0,move,improve
710,20,3744.829999999999,12,1131.0,swap,improve
711,20,3608.8599999999997,12,1131.0,2opt,improve
712,20,4389.609999999999,12,1131.0,swap,acceptBad
713,20,4302.740000000001,12,1131.0,move,improve
714,20,4302.740000000001,12,1131.0,move,improve
715,20,3093.3000000000006,12,1131.0,move,improve
716,20,3093.3000000000006,12,1131.0,move,improve
717,20,3830.0100000000007,12,1131.0,swap,acceptBad
718,20,3830.0100000000007,12,1131.0,move,improve
719,20,4063.3199999999983,12,1131.0,swap,acceptBad
720,20,4026.6900000000014,12,1131.0,move,improve
721,20,4870.590000000002,12,1131.0,2opt,acceptBad
722,20,4572.2199999999975,12,1131.0,2opt,improve
723,20,4171.599999999998,12,1131.0,swap,improve
724,20,3572.58,12,1131.0,move,improve
725,20,4822.220000000002,12,1131.0,2opt,acceptBad
726,20,5557.459999999998,12,1131.0,2opt,acceptBad
727,20,5604.579999999999,12,1131.0,2opt,acceptBad
728,20,5698.96,12,1131.0,swap,acceptBad
729,20,5344.0099999999975,12,1131.0,move,improve
730,20,4884.849999999999,12,1131.0,move,improve
731,20,4798.429999999999,12,1131.0,move,improve
732,20,4066.7999999999997,12,1131.0,swap,improve
733,20,4099.659999999997,12,1131.0,2opt,acceptBad
734,20,4077.6199999999976,12,1131.0,swap,improve
735,21,5379.539999999998,12,1131.0,2opt,acceptBad
736,21,5379.539999999998,12,1131.0,2opt,notBad
737,21,4926.450000000001,12,1131.0,move,improve
738,21,4607.720000000001,12,1131.0,move,improve
739,21,5383.680000000001,12,1131.0,2opt,acceptBad
740,21,5594.260000000001,12,1131.0,swap,acceptBad
741,21,5560.310000000003,12,1131.0,2opt,improve
742,21,5192.780000000003,12,1131.0,move,improve
743,21,5720.270000000009,12,1131.0,swap,acceptBad
744,21,5716.400000000009,12,1131.0,swap,improve
745,21,5385.430000000007,12,1131.0,move,improve
746,21,5850.510000000007,12,1131.0,swap,acceptBad
747,21,6620.370000000006,12,1131.0,swap,acceptBad
748,21,6420.330000000007,12,1131.0,move,improve
749,21,6420.320000000007,12,1131.0,2opt,improve
750,21,5438.440000000008,12,1131.0,move,improve
751,21,5438.440000000008,12,1131.0,move,improve
752,21,5918.090000000002,12,1131.0,2opt,acceptBad
753,21,5918.090000000002,12,1131.0,move,improve
754,21,7547.590000000003,12,1131.0,swap,acceptBad
755,21,7916.960000000001,12,1131.0,swap,acceptBad
756,21,6838.52,12,1131.0,move,improve
757,21,6838.52,12,1131.0,2opt,notBad
758,21,7991.2599999999975,12,1131.0,2opt,acceptBad
759,21,8940.180000000002,12,1131.0,swap,acceptBad
760,21,7934.519999999998,12,1131.0,move,improve
761,21,7934.519999999998,12,1131.0,move,improve
762,21,7742.26,12,1131.0,2opt,improve
763,21,7594.07,12,1131.0,swap,improve
764,21,7179.549999999999,12,1131.0,move,improve
765,21,7603.919999999998,12,1131.0,swap,acceptBad
766,21,7649.079999999995,12,1131.0,swap,acceptBad
767,21,7632.749999999998,12,1131.0,swap,improve
768,21,7632.789999999998,12,1131.0,swap,acceptBad
769,21,7990.929999999997,12,1131.0,swap,acceptBad
770,21,7990.929999999997,12,1131.0,move,improve
771,21,7744.660000000001,12,1131.0,2opt,improve
772,21,7815.500000000001,12,1131.0,2opt,acceptBad
773,21,8178.980000000006,12,1131.0,swap,acceptBad
774,21,8178.980000000006,12,1131.0,2opt,improve
775,21,8569.470000000007,12,1131.0,2opt,acceptBad
776,21,8775.020000000002,12,1131.0,swap,acceptBad
777,21,7548.310000000003,12,1131.0,move,improve
778,21,7548.310000000003,12,1131.0,move,improve
779,21,7422.009999999998,12,1131.0,swap,improve
780,21,7417.549999999999,12,1131.0,swap,improve
781,21,7737.569999999996,12,1131.0,2opt,acceptBad
782,21,7526.369999999995,12,1131.0,2opt,improve
783,21,7526.369999999995,12,1131.0,move,improve
784,21,7105.389999999995,12,1131.0,move,improve
785,21,6345.36,12,1131.0,move,improve
786,21,5653.929999999998,12,1131.0,move,improve
787,21,6233.05,12,1131.0,2opt,acceptBad
788,21,5927.450000000002,12,1131.0,swap,improve
789,21,6073.139999999998,12,1131.0,swap,acceptBad
790,21,5143.249999999999,12,1131.0,move,improve
791,21,4970.309999999998,12,1131.0,move,improve
792,21,4934.549999999998,12,1131.0,move,improve
793,21,5256.620000000002,12,1131.0,2opt,acceptBad
794,21,5429.48,12,1131.0,swap,acceptBad
795,21,5522.589999999998,12,1131.0,2opt,acceptBad
796,21,6714.029999999997,12,1131.0,swap,acceptBad
797,21,6728.619999999996,12,1131.0,2opt,acceptBad
798,21,6760.229999999993,12,1131.0,swap,acceptBad
799,21,6733.379999999998,12,1131.0,move,improve
800,21,6378.959999999997,12,1131.0,move,improve
801,21,6333.150000000001,12,1131.0,swap,improve
802,21,6268.499999999999,12,1131.0,swap,improve
803,21,6721.849999999996,12,1131.0,2opt,acceptBad
804,21,7920.140000000002,12,1131.0,swap,acceptBad
805,21,7978.310000000004,12,1131.0,swap,acceptBad
806,21,7373.81,12,1131.0,2opt,improve
807,21,7937.540000000002,12,1131.0,2opt,acceptBad
808,21,7200.11,12,1131.0,move,improve
809,21,8122.84,12,1131.0,2opt,acceptBad
810,21,8070.630000000002,12,1131.0,swap,improve
811,21,9018.57,12,1131.0,swap,acceptBad
812,21,8794.23,12,1131.0,2opt,improve
813,21,7771.569999999996,12,1131.0,move,improve
814,21,8027.6399999999985,12,1131.0,swap,acceptBad
815,21,7739.189999999995,12,1131.0,swap,improve
816,21,7777.819999999999,12,1131.0,2opt,acceptBad
817,21,7470.31,12,1131.0,swap,improve
818,21,6918.270000000001,12,1131.0,move,improve
819,21,7263.430000000001,12,1131.0,swap,acceptBad
820,21,7244.380000000003,12,1131.0,swap,improve
821,21,7119.780000000003,12,1131.0,move,improve
822,21,7117.8700000000035,12,1131.0,swap,improve
823,21,6993.470000000002,12,1131.0,2opt,improve
824,21,7153.930000000002,12,1131.0,swap,acceptBad
825,21,7267.480000000002,12,1131.0,swap,acceptBad
826,21,7267.480000000002,12,1131.0,2opt,improve
827,21,7177.04,12,1131.0,2opt,improve
828,21,7110.330000000002,12,1131.0,2opt,improve
829,21,6628.530000000001,12,1131.0,2opt,improve
830,21,6601.330000000001,12,1131.0,swap,improve
831,21,7229.969999999996,12,1131.0,2opt,acceptBad
832,21,7231.549999999996,12,1131.0,2opt,acceptBad
833,21,6869.18,12,1131.0,move,improve
834,21,6636.840000000001,12,1131.0,2opt,improve
835,21,6307.620000000002,12,1131.0,move,improve
836,21,6630.950000000001,12,1131.0,swap,acceptBad
837,21,6195.200000000001,12,1131.0,move,improve
838,21,5786.540000000002,12,1131.0,swap,improve
839,21,5570.700000000003,12,1131.0,2opt,improve
840,21,6364.720000000002,12,1131.0,swap,acceptBad
841,21,6149.030000000008,12,1131.0,2opt,improve
842,21,6173.860000000006,12,1131.0,2opt,acceptBad
843,21,6171.8800000000065,12,1131.0,2opt,improve
844,21,6124.090000000005,12,1131.0,swap,improve
845,21,5500.440000000005,12,1131.0,move,improve
846,21,5485.550000000002,12,1131.0,2opt,improve
847,21,5275.190000000001,12,1131.0,move,improve
848,21,5502.1799999999985,12,1131.0,2opt,acceptBad
849,21,5695.299999999997,12,1131.0,swap,acceptBad
850,21,5695.299999999997,12,1131.0,move,improve
851,21,5812.129999999997,12,1131.0,2opt,acceptBad
852,21,5812.129999999997,12,1131.0,2opt,improve
853,21,4776.989999999998,12,1131.0,move,improve
854,21,4617.089999999998,12,1131.0,move,improve
855,21,5164.489999999997,12,1131.0,swap,acceptBad
856,21,5164.489999999997,12,1131.0,move,improve
857,21,5062.029999999999,12,1131.0,move,improve
858,21,5062.029999999999,12,1131.0,move,improve
859,21,5062.029999999999,12,1131.0,move,improve
860,21,5301.1799999999985,12,1131.0,swap,acceptBad
861,21,5728.239999999997,12,1131.0,2opt,acceptBad
862,21,5920.919999999995,12,1131.0,2opt,acceptBad
863,21,6020.2999999999965,12,1131.0,2opt,acceptBad
864,21,6020.2999999999965,12,1131.0,2opt,improve
865,21,6019.919999999999,12,1131.0,2opt,improve
866,21,6019.919999999999,12,1131.0,move,improve
867,21,6189.14,12,1131.0,2opt,acceptBad
868,21,5623.19,12,1131.0,move,improve
869,21,5661.250000000001,12,1131.0,swap,acceptBad
870,21,5910.289999999998,12,1131.0,swap,acceptBad
871,21,5409.219999999999,12,1131.0,swap,improve
872,21,5325.899999999998,12,1131.0,2opt,improve
873,21,5009.800000000003,12,1131.0,2opt,improve
874,21,5009.800000000003,12,1131.0,2opt,improve
875,21,4588.460000000001,12,1131.0,2opt,improve
876,21,4588.460000000001,12,1131.0,move,improve
877,21,4699.609999999999,12,1131.0,2opt,acceptBad
878,21,4737.41,12,1131.0,2opt,acceptBad
879,21,4743.829999999999,12,1131.0,2opt,acceptBad
880,21,5418.34,12,1131.0,swap,acceptBad
881,21,5418.34,12,1131.0,move,improve
882,21,5718.529999999999,12,1131.0,2opt,acceptBad
883,21,5308.789999999998,12,1131.0,move,improve
884,21,5382.779999999995,12,1131.0,swap,acceptBad
885,21,5483.169999999996,12,1131.0,2opt,acceptBad
886,21,5324.839999999997,12,1131.0,swap,improve
887,21,5261.129999999999,12,1131.0,move,improve
888,21,6221.259999999998,12,1131.0,2opt,acceptBad
889,21,6061.470000000001,12,1131.0,2opt,improve
890,21,6062.539999999999,12,1131.0,2opt,acceptBad
891,21,6599.789999999999,12,1131.0,swap,acceptBad
892,21,5873.89,12,1131.0,move,improve
893,21,5900.84,12,1131.0,swap,acceptBad
894,21,5850.670000000002,12,1131.0,2opt,improve
895,21,6568.460000000002,12,1131.0,2opt,acceptBad
896,21,5639.890000000003,12,1131.0,move,improve
897,21,5247.089999999999,12,1131.0,move,improve
898,21,4019.649999999999,12,1131.0,move,improve
899,21,3816.600000000001,12,1131.0,swap,improve
900,21,3816.600000000001,12,1131.0,2opt,improve
901,21,3876.439999999999,12,1131.0,2opt,acceptBad
902,21,3918.089999999998,12,1131.0,swap,acceptBad
903,21,3918.089999999998,12,1131.0,move,improve
904,21,4153.130000000001,12,1131.0,swap,acceptBad
905,21,4457.6900000000005,12,1131.0,2opt,acceptBad
906,21,4462.59,12,1131.0,swap,acceptBad
907,21,4624.130000000001,12,1131.0,2opt,acceptBad
908,21,6249.810000000002,12,1131.0,swap,acceptBad
909,21,5324.210000000002,12,1131.0,move,improve
910,21,5012.960000000002,12,1131.0,2opt,improve
911,21,5121.959999999999,12,1131.0,swap,acceptBad
912,21,5370.530000000001,12,1131.0,swap,acceptBad
913,21,5804.249999999999,12,1131.0,swap,acceptBad
914,21,5857.0599999999995,12,1131.0,swap,acceptBad
915,21,5622.2300000000005,12,1131.0,2opt,improve
916,21,5622.2300000000005,12,1131.0,move,improve
917,21,4958.360000000002,12,1131.0,move,improve
918,21,4958.360000000002,12,1131.0,move,improve
919,21,4955.140000000001,12,1131.0,2opt,improve
920,21,5387.6500000000015,12,1131.0,2opt,acceptBad
921,21,5491.72,12,1131.0,2opt,acceptBad
922,21,4871.009999999999,12,1131.0,move,improve
923,21,4973.640000000001,12,1131.0,swap,acceptBad
924,21,5007.190000000001,12,1131.0,swap,acceptBad
925,21,4906.6500000000015,12,1131.0,move,improve
926,21,4927.090000000003,12,1131.0,swap,acceptBad
927,21,4860.370000000003,12,1131.0,swap,improve
928,21,4829.4800000000005,12,1131.0,swap,improve
929,21,4803.370000000003,12,1131.0,2opt,improve
930,21,4803.370000000003,12,1131.0,2opt,improve
931,21,5337.759999999998,12,1131.0,2opt,acceptBad
932,21,5387.119999999999,12,1131.0,2opt,acceptBad
933,21,5591.630000000001,12,1131.0,2opt,acceptBad
934,21,5488.750000000001,12,1131.0,swap,improve
935,21,5488.750000000001,12,1131.0,2opt,notBad
936,21,5736.829999999998,12,1131.0,swap,acceptBad
937,21,5865.620000000003,12,1131.0,2opt,acceptBad
938,21,5885.090000000003,12,1131.0,swap,acceptBad
939,21,5350.7,12,1131.0,2opt,improve
940,21,4781.569999999999,12,1131.0,move,improve
941,21,4725.919999999999,12,1131.0,swap,improve
942,21,4779.360000000001,12,1131.0,swap,acceptBad
943,21,4463.420000000002,12,1131.0,2opt,improve
944,21,4242.16,12,1131.0,swap,improve
945,21,4242.619999999999,12,1131.0,2opt,acceptBad
946,21,3475.6,12,1131.0,move,improve
947,21,3475.6,12,1131.0,move,improve
948,21,2726.0299999999993,12,1131.0,move,improve
949,21,2995.6499999999996,12,1131.0,2opt,acceptBad
950,21,3042.81,12,1131.0,swap,acceptBad
951,21,4634.680000000002,12,1131.0,2opt,acceptBad
952,21,5580.900000000004,12,1131.0,swap,acceptBad
953,21,5195.890000000002,12,1131.0,move,improve
954,21,3822.149999999999,12,1131.0,move,improve
955,21,3847.939999999999,12,1131.0,2opt,acceptBad
956,21,3847.939999999999,12,1131.0,move,improve
957,21,3842.549999999999,12,1131.0,2opt,improve
958,21,3842.549999999999,12,1131.0,move,improve
959,21,3034.709999999999,12,1131.0,move,improve
960,21,3114.710000000001,12,1131.0,2opt,acceptBad
961,21,3647.0,12,1131.0,swap,acceptBad
962,21,3647.0,12,1131.0,2opt,notBad
963,21,2906.050000000001,12,1131.0,move,improve
964,21,2774.59,12,1131.0,swap,improve
965,21,3619.149999999999,12,1131.0,move,acceptBad
966,21,3391.4399999999987,12,1131.0,move,improve
967,21,5746.570000000008,12,1131.0,swap,acceptBad
968,21,5929.090000000007,12,1131.0,swap,acceptBad
969,21,5961.740000000006,12,1131.0,swap,acceptBad
970,21,5061.490000000004,12,1131.0,move,improve
971,21,5228.160000000005,12,1131.0,swap,acceptBad
972,21,5105.490000000007,12,1131.0,2opt,improve
973,21,5017.610000000005,12,1131.0,move,improve
974,21,5211.3000000000075,12,1131.0,swap,acceptBad
975,21,5211.3000000000075,12,1131.0,move,improve
976,21,5211.3000000000075,12,1131.0,move,improve
977,21,4212.250000000002,12,1131.0,swap,improve
978,21,3524.5600000000013,12,1131.0,2opt,improve
979,21,3636.870000000001,12,1131.0,2opt,acceptBad
980,21,4203.980000000001,12,1131.0,swap,acceptBad
981,21,4339.030000000002,12,1131.0,2opt,acceptBad
982,21,3669.2700000000013,12,1131.0,move,improve
983,21,2951.9000000000005,12,1131.0,move,improve
984,21,2951.9000000000005,12,1131.0,move,improve
985,21,2982.4800000000005,12,1131.0,2opt,acceptBad
986,21,2953.749999999999,12,1131.0,2opt,improve
987,21,2358.559999999999,12,1131.0,move,improve
988,21,2767.2400000000007,12,1131.0,swap,acceptBad
989,21,2757.2100000000005,12,1131.0,swap,improve
990,21,3369.4199999999996,12,1131.0,swap,acceptBad
991,21,3599.6400000000012,12,1131.0,swap,acceptBad
992,21,4445.379999999998,12,1131.0,swap,acceptBad
993,21,5271.859999999996,12,1131.0,2opt,acceptBad
994,21,6681.619999999996,12,1131.0,2opt,acceptBad
995,21,6682.599999999993,12,1131.0,2opt,acceptBad
996,21,6699.949999999995,12,1131.0,swap,acceptBad
997,21,5960.1,12,1131.0,move,improve
998,21,5673.590000000005,12,1131.0,move,improve
999,21,6103.140000000006,12,1131.0,swap,acceptBad
1000,21,6236.500000000003,12,1131.0,2opt,acceptBad
1001,21,5983.760000000003,12,1131.0,move,improve
1002,21,6885.540000000006,12,1131.0,2opt,acceptBad
1003,21,7956.900000000006,12,1131.0,swap,acceptBad
1004,21,8155.49,12,1131.0,2opt,acceptBad
1005,21,7741.7,12,1131.0,move,improve
1006,21,7463.4400000000005,12,1131.0,swap,improve
1007,21,6981.020000000001,12,1131.0,2opt,improve
1008,21,5515.35,12,1131.0,move,improve
1009,21,5515.35,12,1131.0,move,improve
1010,21,5788.050000000001,12,1131.0,swap,acceptBad
1011,21,5764.100000000002,12,1131.0,move,improve
1012,21,5182.8,12,1131.0,move,improve
1013,21,4821.769999999997,12,1131.0,move,improve
1014,21,5393.689999999995,12,1131.0,swap,acceptBad
1015,21,5941.959999999997,12,1131.0,swap,acceptBad
1016,21,5881.109999999999,12,1131.0,swap,improve
1017,21,5598.190000000004,12,1131.0,2opt,improve
1018,21,5597.310000000006,12,1131.0,2opt,improve
1019,21,5657.970000000006,12,1131.0,swap,acceptBad
1020,21,5469.06,12,1131.0,swap,improve
1021,21,6955.0000000000055,12,1131.0,swap,acceptBad
1022,21,7017.410000000002,12,1131.0,2opt,acceptBad
1023,20,6704.59,12,1131.0,2opt,improve
1024,19,4602.12,12,1131.0,move,improve
1025,19,4756.400000000002,12,1131.0,2opt,acceptBad
1026,19,4776.08,12,1131.0,2opt,acceptBad
1027,19,5389.779999999999,12,1131.0,2opt,acceptBad
1028,19,5055.939999999997,12,1131.0,swap,improve
1029,19,4923.169999999998,12,1131.0,move,improve
1030,19,4881.020000000002,12,1131.0,swap,improve
1031,19,5436.969999999999,12,1131.0,swap,acceptBad
1032,19,5442.139999999999,12,1131.0,2opt,acceptBad
1033,19,5470.999999999999,12,1131.0,swap,acceptBad
1034,19,5569.04,12,1131.0,swap,acceptBad
1035,19,5374.13,12,1131.0,swap,improve
1036,18,4310.58,12,1131.0,move,improve
1037,18,4214.6,12,1131.0,swap,improve
1038,18,4214.6,12,1131.0,move,improve
1039,18,3721.7400000000007,12,1131.0,2opt,improve
1040,18,3643.1000000000013,12,1131.0,move,improve
1041,18,3334.100000000001,12,1131.0,move,improve
1042,18,3334.100000000001,12,1131.0,move,improve
1043,18,4405.489999999999,12,1131.0,swap,acceptBad
1044,18,3958.5199999999995,12,1131.0,move,improve
1045,18,3686.309999999999,12,1131.0,swap,improve
1046,18,3662.8399999999997,12,1131.0,swap,improve
1047,18,4215.08,12,1131.0,2opt,acceptBad
1048,18,4168.449999999999,12,1131.0,swap,improve
1049,18,3819.2499999999995,12,1131.0,move,improve
1050,18,3204.9399999999996,12,1131.0,move,improve
1051,18,3350.869999999999,12,1131.0,swap,acceptBad
1052,18,2850.159999999999,12,1131.0,move,improve
1053,18,2840.8599999999988,12,1131.0,move,improve
1054,18,2726.6899999999996,12,1131.0,swap,improve
1055,18,2679.32,12,1131.0,move,improve
1056,18,3196.7599999999998,12,1131.0,swap,acceptBad
1057,18,3301.5200000000004,12,1131.0,2opt,acceptBad
1058,18,2918.51,12,1131.0,move,improve
1059,18,2918.51,12,1131.0,move,improve
1060,18,2608.829999999999,12,1131.0,move,improve
1061,18,2608.829999999999,12,1131.0,2opt,improve
1062,18,3448.1099999999997,12,1131.0,swap,acceptBad
1063,18,3492.6300000000006,12,1131.0,swap,acceptBad
1064,18,2769.4100000000003,12,1131.0,move,improve
1065,18,2589.9600000000005,12,1131.0,move,improve
1066,18,2698.5100000000016,12,1131.0,2opt,acceptBad
1067,18,2629.2300000000005,12,1131.0,swap,improve
1068,18,2630.860000000001,12,1131.0,swap,acceptBad
1069,18,2630.860000000001,12,1131.0,2opt,improve
1070,18,2630.860000000001,12,1131.0,2opt,improve
1071,18,3178.9000000000005,12,1131.0,2opt,acceptBad
1072,18,3210.6199999999994,12,1131.0,swap,acceptBad
1073,18,3122.5000000000005,12,1131.0,swap,improve
1074,18,3105.000000000001,12,1131.0,move,improve
1075,18,3426.6500000000024,12,1131.0,swap,acceptBad
1076,18,3234.220000000002,12,1131.0,2opt,improve
1077,18,3624.5500000000025,12,1131.0,swap,acceptBad
1078,18,3624.0600000000027,12,1131.0,2opt,improve
1079,18,3569.7800000000025,12,1131.0,move,improve
1080,18,3567.4100000000026,12,1131.0,swap,improve
1081,18,3527.680000000003,12,1131.0,move,improve
1082,18,3580.010000000001,12,1131.0,2opt,acceptBad
1083,18,3287.9800000000027,12,1131.0,move,improve
1084,18,3664.6100000000015,12,1131.0,move,acceptBad
1085,17,3231.0900000000015,12,1131.0,move,improve
1086,17,3231.0900000000015,12,1131.0,move,improve
1087,17,3315.6000000000004,12,1131.0,2opt,acceptBad
1088,17,3380.330000000001,12,1131.0,2opt,acceptBad
1089,17,3380.330000000001,12,1131.0,move,improve
1090,17,3076.3899999999994,12,1131.0,swap,improve
1091,17,2451.990000000001,12,1131.0,move,improve
1092,17,2454.030000000001,12,1131.0,swap,acceptBad
1093,17,2454.030000000001,12,1131.0,2opt,improve
1094,17,2435.170000000001,12,1131.0,move,improve
1095,18,3074.239999999999,12,1131.0,2opt,acceptBad
1096,18,4077.149999999999,12,1131.0,2opt,acceptBad
1097,18,4088.499999999999,12,1131.0,swap,acceptBad
1098,18,3851.379999999999,12,1131.0,move,improve
1099,18,3832.6699999999996,12,1131.0,move,improve
1100,18,3794.7200000000007,12,1131.0,move,improve
1101,18,3089.7699999999986,12,1131.0,move,improve
1102,18,3023.779999999999,12,1131.0,move,improve
1103,18,3024.319999999999,12,1131.0,2opt,acceptBad
1104,18,2730.3599999999997,12,1131.0,2opt,improve
1105,18,2599.129999999999,12,1131.0,2opt,improve
1106,18,2594.309999999999,12,1131.0,move,improve
1107,18,2726.95,12,1131.0,2opt,acceptBad
1108,18,2775.299999999999,12,1131.0,swap,acceptBad
1109,18,2834.7399999999984,12,1131.0,2opt,acceptBad
1110,19,3948.4299999999985,12,1131.0,2opt,acceptBad
1111,19,3312.2499999999986,12,1131.0,move,improve
1112,19,3909.91,12,1131.0,swap,acceptBad
1113,19,3553.599999999999,12,1131.0,2opt,improve
1114,19,3553.599999999999,12,1131.0,move,improve
1115,19,3553.599999999999,12,1131.0,2opt,notBad
1116,19,3446.039999999998,12,1131.0,swap,improve
1117,19,3646.799999999999,12,1131.0,2opt,acceptBad
1118,19,3646.799999999999,12,1131.0,2opt,improve
1119,19,4383.209999999999,12,1131.0,swap,acceptBad
1120,19,4200.509999999998,12,1131.0,swap,improve
1121,19,4200.509999999998,12,1131.0,move,improve
1122,19,4081.5600000000004,12,1131.0,2opt,improve
1123,19,3855.7499999999995,12,1131.0,swap,improve
1124,19,3041.04,12,1131.0,move,improve
1125,19,3041.04,12,1131.0,move,improve
1126,19,3197.799999999998,12,1131.0,swap,acceptBad
1127,19,3086.1799999999976,12,1131.0,move,improve
1128,19,3086.1799999999976,12,1131.0,move,improve
1129,19,3046.059999999998,12,1131.0,swap,improve
1130,19,3270.4699999999993,12,1131.0,2opt,acceptBad
1131,19,3270.4699999999993,12,1131.0,move,improve
1132,19,2359.1499999999987,12,1131.0,move,improve
1133,18,2037.079999999999,12,1131.0,move,improve
1134,18,2328.63,12,1131.0,2opt,acceptBad
1135,18,2225.7099999999996,12,1131.0,move,improve
1136,18,2858.499999999999,12,1131.0,swap,acceptBad
1137,18,2470.7300000000005,12,1131.0,move,improve
1138,18,2538.0399999999995,12,1131.0,swap,acceptBad
1139,18,2538.0399999999995,12,1131.0,move,improve
1140,18,2538.0399999999995,12,1131.0,move,improve
1141,18,2430.2300000000005,12,1131.0,swap,improve
1142,18,2486.7900000000013,12,1131.0,swap,acceptBad
1143,18,2794.2100000000023,12,1131.0,swap,acceptBad
1144,18,2794.2100000000023,12,1131.0,move,improve
1145,18,2883.990000000002,12,1131.0,swap,acceptBad
1146,18,2877.0700000000006,12,1131.0,swap,improve
1147,18,2877.0700000000006,12,1131.0,move,improve
1148,18,2918.2400000000002,12,1131.0,swap,acceptBad
1149,18,2886.460000000001,12,1131.0,swap,improve
1150,18,2868.4,12,1131.0,swap,improve
1151,18,2928.1500000000005,12,1131.0,swap,acceptBad
1152,18,2967.900000000001,12,1131.0,2opt,acceptBad
1153,18,2917.96,12,1131.0,2opt,improve
1154,18,3433.66,12,1131.0,2opt,acceptBad
1155,18,3306.7500000000005,12,1131.0,move,improve
1156,18,3479.629999999999,12,1131.0,2opt,acceptBad
1157,18,3479.629999999999,12,1131.0,move,improve
1158,18,3199.6600000000008,12,1131.0,move,improve
1159,18,3127.780000000001,12,1131.0,move,improve
1160,18,3275.079999999998,12,1131.0,swap,acceptBad
1161,18,3253.4799999999996,12,1131.0,swap,improve
1162,18,3703.3599999999997,12,1131.0,2opt,acceptBad
1163,18,3526.8799999999997,12,1131.0,move,improve
1164,18,3133.139999999999,12,1131.0,move,improve
1165,18,3219.2599999999984,12,1131.0,swap,acceptBad
1166,18,3596.3999999999983,12,1131.0,swap,acceptBad
1167,18,3759.5699999999997,12,1131.0,swap,acceptBad
1168,18,4193.869999999997,12,1131.0,2opt,acceptBad
1169,18,4193.869999999997,12,1131.0,2opt,improve
1170,18,4456.669999999999,12,1131.0,2opt,acceptBad
1171,18,4110.85,12,1131.0,move,improve
1172,18,4094.8600000000015,12,1131.0,2opt,improve
1173,18,4438.880000000002,12,1131.0,swap,acceptBad
1174,18,4397.680000000002,12,1131.0,swap,improve
1175,18,4150.359999999999,12,1131.0,2opt,improve
1176,18,3977.2199999999993,12,1131.0,swap,improve
1177,18,3688.7199999999984,12,1131.0,swap,improve
1178,18,3285.880000000001,12,1131.0,move,improve
1179,18,2475.629999999999,12,1131.0,move,improve
1180,18,2360.72,12,1131.0,2opt,improve
1181,19,4130.740000000002,12,1131.0,2opt,acceptBad
1182,19,4272.840000000004,12,1131.0,2opt,acceptBad
1183,19,4604.980000000001,12,1131.0,swap,acceptBad
1184,19,4289.090000000003,12,1131.0,move,improve
1185,19,4843.210000000002,12,1131.0,swap,acceptBad
1186,19,4137.929999999999,12,1131.0,move,improve
1187,19,4022.93,12,1131.0,move,improve
1188,19,4022.93,12,1131.0,move,improve
1189,19,4167.229999999999,12,1131.0,2opt,acceptBad
1190,19,5230.350000000001,12,1131.0,2opt,acceptBad
1191,19,4465.480000000001,12,1131.0,move,improve
1192,19,4349.770000000004,12,1131.0,move,improve
1193,19,5084.910000000001,12,1131.0,swap,acceptBad
1194,19,5537.380000000002,12,1131.0,swap,acceptBad
1195,19,5185.64,12,1131.0,swap,improve
1196,19,5674.700000000002,12,1131.0,swap,acceptBad
1197,19,5806.830000000001,12,1131.0,swap,acceptBad
1198,19,5450.670000000004,12,1131.0,move,improve
1199,19,4677.050000000005,12,1131.0,move,improve
1200,19,4598.610000000005,12,1131.0,swap,improve
1201,19,4598.610000000005,12,1131.0,move,improve
1202,19,4058.2300000000027,12,1131.0,move,improve
1203,19,4999.540000000003,12,1131.0,2opt,acceptBad
1204,19,4162.8300000000045,12,1131.0,move,improve
1205,19,4118.880000000003,12,1131.0,move,improve
1206,19,4149.170000000003,12,1131.0,swap,acceptBad
1207,19,4149.170000000003,12,1131.0,move,improve
1208,19,3769.3500000000026,12,1131.0,move,improve
1209,19,3251.710000000002,12,1131.0,swap,improve
1210,19,3314.8400000000024,12,1131.0,swap,acceptBad
1211,19,3728.530000000003,12,1131.0,2opt,acceptBad
1212,19,4182.779999999999,12,1131.0,swap,acceptBad
1213,19,4182.779999999999,12,1131.0,move,improve
1214,19,4452.62,12,1131.0,swap,acceptBad
1215,19,4236.77,12,1131.0,2opt,improve
1216,19,4183.3200000000015,12,1131.0,2opt,improve
1217,19,4073.75,12,1131.0,2opt,improve
1218,19,4562.48,12,1131.0,2opt,acceptBad
1219,19,4973.829999999997,12,1131.0,swap,acceptBad
1220,19,4652.379999999999,12,1131.0,move,improve
1221,19,5029.71,12,1131.0,swap,acceptBad
1222,19,5029.71,12,1131.0,move,improve
1223,19,4487.780000000002,12,1131.0,move,improve
1224,19,4487.780000000002,12,1131.0,2opt,notBad
1225,19,4487.780000000002,12,1131.0,2opt,notBad
1226,19,4092.9200000000005,12,1131.0,move,improve
1227,19,4091.7600000000007,12,1131.0,swap,improve
1228,19,3998.8800000000015,12,1131.0,2opt,improve
1229,19,3453.3800000000015,12,1131.0,move,improve
1230,19,3189.4000000000024,12,1131.0,move,improve
1231,19,2987.6900000000023,12,1131.0,move,improve
1232,19,3033.420000000002,12,1131.0,2opt,acceptBad
1233,19,2920.560000000002,12,1131.0,swap,improve
1234,19,2920.560000000002,12,1131.0,move,improve
1235,19,3799.6700000000014,12,1131.0,2opt,acceptBad
1236,19,3253.7500000000023,12,1131.0,move,improve
1237,19,3222.300000000002,12,1131.0,swap,improve
1238,19,3130.510000000002,12,1131.0,swap,improve
1239,19,3129.790000000002,12,1131.0,2opt,improve
1240,19,3078.0600000000013,12,1131.0,move,improve
1241,19,3078.0600000000013,12,1131.0,move,improve
1242,19,3502.170000000002,12,1131.0,swap,acceptBad
1243,19,3363.0500000000015,12,1131.0,swap,improve
1244,19,3363.0500000000015,12,1131.0,move,improve
1245,19,3363.0500000000015,12,1131.0,move,improve
1246,19,3363.0500000000015,12,1131.0,move,improve
1247,19,3458.480000000001,12,1131.0,swap,acceptBad
1248,19,3418.8200000000006,12,1131.0,2opt,improve
1249,19,4388.34,12,1131.0,2opt,acceptBad
1250,19,4126.34,12,1131.0,swap,improve
1251,19,4341.32,12,1131.0,2opt,acceptBad
1252,19,4880.080000000004,12,1131.0,swap,acceptBad
1253,19,5209.260000000002,12,1131.0,2opt,acceptBad
1254,19,5209.260000000002,12,1131.0,move,improve
1255,19,5209.260000000002,12,1131.0,2opt,improve
1256,19,5240.520000000004,12,1131.0,2opt,acceptBad
1257,19,5470.300000000003,12,1131.0,swap,acceptBad
1258,19,4715.090000000003,12,1131.0,2opt,improve
1259,19,4315.6500000000015,12,1131.0,2opt,improve
1260,19,4687.960000000004,12,1131.0,swap,acceptBad
1261,19,4961.790000000002,12,1131.0,swap,acceptBad
1262,19,4621.210000000002,12,1131.0,move,improve
1263,19,5904.360000000002,12,1131.0,2opt,acceptBad
1264,19,5724.400000000005,12,1131.0,2opt,improve
1265,19,4627.550000000001,12,1131.0,move,improve
1266,19,4144.989999999999,12,1131.0,2opt,improve
1267,19,4180.649999999998,12,1131.0,2opt,acceptBad
1268,19,4196.9299999999985,12,1131.0,2opt,acceptBad
1269,19,4478.089999999999,12,1131.0,swap,acceptBad
1270,19,4503.319999999998,12,1131.0,swap,acceptBad
1271,19,3991.789999999999,12,1131.0,move,improve
1272,19,3991.789999999999,12,1131.0,move,improve
1273,19,4304.489999999999,12,1131.0,2opt,acceptBad
1274,19,4483.459999999998,12,1131.0,swap,acceptBad
1275,19,4509.969999999999,12,1131.0,swap,acceptBad
1276,19,4624.289999999999,12,1131.0,swap,acceptBad
1277,19,4587.990000000001,12,1131.0,swap,improve
1278,19,4587.990000000001,12,1131.0,2opt,improve
1279,18,4773.879999999998,12,1131.0,2opt,acceptBad
1280,18,4743.379999999998,12,1131.0,move,improve
1281,18,4422.120000000001,12,1131.0,move,improve
1282,18,4354.540000000003,12,1131.0,2opt,improve
1283,18,4348.270000000004,12,1131.0,swap,improve
1284,18,4169.270000000001,12,1131.0,swap,improve
1285,18,4179.139999999998,12,1131.0,2opt,acceptBad
1286,18,4180.3499999999985,12,1131.0,2opt,acceptBad
1287,18,3396.6899999999996,12,1131.0,move,improve
1288,18,3510.54,12,1131.0,swap,acceptBad
1289,18,3284.6299999999997,12,1131.0,move,improve
1290,18,3330.2400000000007,12,1131.0,2opt,acceptBad
1291,18,3256.870000000001,12,1131.0,swap,improve
1292,18,3224.610000000001,12,1131.0,move,improve
1293,18,3864.28,12,1131.0,swap,acceptBad
1294,18,3762.360000000002,12,1131.0,2opt,improve
1295,18,3457.9000000000015,12,1131.0,swap,improve
1296,18,3484.220000000002,12,1131.0,2opt,acceptBad
1297,18,3156.080000000001,12,1131.0,move,improve
1298,18,3739.920000000002,12,1131.0,swap,acceptBad
1299,18,3692.280000000001,12,1131.0,swap,improve
1300,18,4111.800000000001,12,1131.0,swap,acceptBad
1301,18,4116.420000000001,12,1131.0,2opt,acceptBad
1302,18,5178.4,12,1131.0,swap,acceptBad
1303,18,5387.79,12,1131.0,2opt,acceptBad
1304,18,5674.640000000001,12,1131.0,swap,acceptBad
1305,17,4186.399999999999,12,1131.0,move,improve
1306,17,4145.26,12,1131.0,2opt,improve
1307,17,4292.04,12,1131.0,2opt,acceptBad
1308,17,4203.6500000000015,12,1131.0,swap,improve
1309,17,4203.6500000000015,12,1131.0,2opt,notBad
1310,17,3528.480000000001,12,1131.0,move,improve
1311,17,3528.480000000001,12,1131.0,move,improve
1312,17,3421.7000000000003,12,1131.0,move,improve
1313,17,3550.3899999999994,12,1131.0,swap,acceptBad
1314,17,3017.7499999999995,12,1131.0,move,improve
1315,17,3611.2500000000005,12,1131.0,2opt,acceptBad
1316,17,3705.6900000000005,12,1131.0,swap,acceptBad
1317,17,3726.540000000002,12,1131.0,2opt,acceptBad
1318,17,4283.900000000003,12,1131.0,swap,acceptBad
1319,17,3598.410000000001,12,1131.0,swap,improve
1320,17,3924.7200000000007,12,1131.0,swap,acceptBad
1321,17,4026.960000000001,12,1131.0,2opt,acceptBad
1322,17,3796.9599999999996,12,1131.0,swap,improve
1323,17,3776.3799999999997,12,1131.0,move,improve
1324,17,4255.090000000001,12,1131.0,swap,acceptBad
1325,17,4069.2799999999993,12,1131.0,swap,improve
1326,17,4078.450000000001,12,1131.0,2opt,acceptBad
1327,17,3634.4000000000015,12,1131.0,move,improve
1328,17,3887.2000000000016,12,1131.0,2opt,acceptBad
1329,17,3887.2000000000016,12,1131.0,move,improve
1330,17,4083.180000000002,12,1131.0,swap,acceptBad
1331,18,5282.600000000002,12,1131.0,2opt,acceptBad
1332,18,5282.600000000002,12,1131.0,2opt,notBad
1333,18,4472.88,12,1131.0,move,improve
1334,18,4016.1200000000003,12,1131.0,move,improve
1335,18,3977.040000000002,12,1131.0,2opt,improve
1336,18,3421.7500000000014,12,1131.0,2opt,improve
1337,18,3132.880000000002,12,1131.0,move,improve
1338,18,3200.250000000002,12,1131.0,swap,acceptBad
1339,18,3277.7600000000025,12,1131.0,2opt,acceptBad
1340,18,3358.71,12,1131.0,2opt,acceptBad
1341,18,3358.71,12,1131.0,move,improve
1342,18,3010.4900000000007,12,1131.0,move,improve
1343,18,2828.0000000000005,12,1131.0,move,improve
1344,18,2929.5599999999995,12,1131.0,swap,acceptBad
1345,18,2665.7799999999993,12,1131.0,move,improve
1346,18,2494.2300000000005,12,1131.0,move,improve
1347,18,2966.189999999999,12,1131.0,swap,acceptBad
1348,18,3110.4699999999975,12,1131.0,2opt,acceptBad
1349,18,3013.0599999999977,12,1131.0,move,improve
1350,18,3013.0599999999977,12,1131.0,move,improve
1351,18,2937.979999999999,12,1131.0,swap,improve
1352,18,2642.5699999999993,12,1131.0,swap,improve
1353,18,2924.2399999999993,12,1131.0,swap,acceptBad
1354,18,2614.41,12,1131.0,move,improve
1355,18,2626.79,12,1131.0,swap,acceptBad
1356,18,2626.79,12,1131.0,move,improve
1357,18,2498.0500000000006,12,1131.0,swap,improve
1358,18,3038.41,12,1131.0,2opt,acceptBad
1359,18,3038.41,12,1131.0,move,improve
1360,18,3038.41,12,1131.0,2opt,notBad
1361,18,2807.0499999999997,12,1131.0,move,improve
1362,18,2814.8099999999995,12,1131.0,swap,acceptBad
1363,18,4243.860000000001,12,1131.0,swap,acceptBad
1364,18,3543.9399999999996,12,1131.0,move,improve
1365,18,2491.1699999999996,12,1131.0,move,improve
1366,18,2491.1699999999996,12,1131.0,move,improve
1367,18,2406.35,12,1131.0,move,improve
1368,18,2359.2300000000005,12,1131.0,swap,improve
1369,18,2284.1500000000005,12,1131.0,move,improve
1370,18,2279.260000000001,12,1131.0,2opt,improve
1371,18,2664.94,12,1131.0,swap,acceptBad
1372,18,2716.7400000000002,12,1131.0,2opt,acceptBad
1373,18,2716.7400000000002,12,1131.0,move,improve
1374,18,3539.7499999999995,12,1131.0,swap,acceptBad
1375,18,3180.16,12,1131.0,2opt,improve
1376,18,3378.0599999999995,12,1131.0,swap,acceptBad
1377,18,3489.4599999999996,12,1131.0,swap,acceptBad
1378,18,3720.119999999999,12,1131.0,swap,acceptBad
1379,18,3225.59,12,1131.0,swap,improve
1380,18,3282.140000000001,12,1131.0,swap,acceptBad
1381,18,3269.4499999999994,12,1131.0,2opt,improve
1382,18,2629.5599999999995,12,1131.0,move,improve
1383,18,2546.8899999999994,12,1131.0,2opt,improve
1384,18,2160.7599999999998,12,1131.0,move,improve
1385,18,2148.979999999999,12,1131.0,swap,improve
1386,18,2148.979999999999,12,1131.0,move,improve
1387,18,2140.5399999999995,12,1131.0,move,improve
1388,18,2303.3799999999983,12,1131.0,2opt,acceptBad
1389,18,2360.4200000000005,12,1131.0,swap,acceptBad
1390,18,2788.3300000000004,12,1131.0,swap,acceptBad
1391,18,2788.3300000000004,12,1131.0,2opt,improve
1392,18,2404.7000000000016,12,1131.0,move,improve
1393,18,2244.380000000001,12,1131.0,swap,improve
1394,18,2307.8200000000006,12,1131.0,swap,acceptBad
1395,18,2175.52,12,1131.0,swap,improve
1396,18,2175.52,12,1131.0,move,improve
1397,18,1778.48,12,1131.0,swap,improve
1398,18,1512.7700000000011,12,1131.0,move,improve
1399,18,1683.99,12,1131.0,swap,acceptBad
1400,18,1683.99,12,1131.0,move,improve
1401,18,1899.9099999999996,12,1131.0,2opt,acceptBad
1402,18,1800.7699999999995,12,1131.0,move,improve
1403,18,2160.2300000000005,12,1131.0,swap,acceptBad
1404,18,2107.0500000000006,12,1131.0,move,improve
1405,18,2041.5600000000009,12,1131.0,move,improve
1406,18,2041.5600000000009,12,1131.0,2opt,notBad
1407,18,2041.5600000000009,12,1131.0,2opt,notBad
1408,18,2041.5600000000009,12,1131.0,move,improve
1409,18,2102.2000000000007,12,1131.0,swap,acceptBad
1410,18,2042.8500000000008,12,1131.0,swap,improve
1411,18,2434.4700000000003,12,1131.0,swap,acceptBad
1412,18,2435.9700000000003,12,1131.0,swap,acceptBad
1413,18,2026.8900000000008,12,1131.0,move,improve
1414,18,2458.9100000000003,12,1131.0,swap,acceptBad
1415,18,2458.9100000000003,12,1131.0,2opt,improve
1416,18,2635.7500000000014,12,1131.0,2opt,acceptBad
1417,18,2515.759999999999,12,1131.0,2opt,improve
1418,18,2515.759999999999,12,1131.0,2opt,notBad
1419,18,2515.759999999999,12,1131.0,move,improve
1420,18,2515.759999999999,12,1131.0,2opt,improve
1421,18,2536.3999999999987,12,1131.0,swap,acceptBad
1422,18,2620.769999999999,12,1131.0,2opt,acceptBad
1423,18,2662.6200000000003,12,1131.0,move,acceptBad
1424,18,2902.26,12,1131.0,swap,acceptBad
1425,18,2678.24,12,1131.0,move,improve
1426,18,2426.6599999999994,12,1131.0,move,improve
1427,18,2286.2200000000003,12,1131.0,move,improve
1428,18,2286.2200000000003,12,1131.0,move,improve
1429,18,2102.96,12,1131.0,move,improve
1430,18,2534.9099999999994,12,1131.0,swap,acceptBad
1431,18,2401.5100000000007,12,1131.0,swap,improve
1432,18,2403.0700000000006,12,1131.0,swap,acceptBad
1433,18,3379.7300000000023,12,1131.0,swap,acceptBad
1434,18,3677.760000000001,12,1131.0,swap,acceptBad
1435,18,3680.4300000000017,12,1131.0,swap,acceptBad
1436,18,4381.170000000003,12,1131.0,swap,acceptBad
1437,18,2922.6200000000003,12,1131.0,move,improve
1438,18,2924.67,12,1131.0,2opt,acceptBad
1439,18,3316.3099999999995,12,1131.0,swap,acceptBad
1440,18,3059.1199999999994,12,1131.0,2opt,improve
1441,18,3059.1199999999994,12,1131.0,swap,notBad
1442,18,3059.1199999999994,12,1131.0,move,improve
1443,18,3059.1199999999994,12,1131.0,2opt,improve
1444,18,3059.1199999999994,12,1131.0,2opt,notBad
1445,18,3020.9800000000005,12,1131.0,swap,improve
1446,18,3020.9800000000005,12,1131.0,2opt,improve
1447,18,3605.3900000000003,12,1131.0,2opt,acceptBad
1448,18,4101.56,12,1131.0,swap,acceptBad
1449,18,3622.9,12,1131.0,move,improve
1450,18,4233.4800000000005,12,1131.0,swap,acceptBad
1451,18,4249.730000000002,12,1131.0,swap,acceptBad
1452,18,3937.940000000002,12,1131.0,swap,improve
1453,18,3698.1400000000003,12,1131.0,2opt,improve
1454,18,3838.7199999999993,12,1131.0,2opt,acceptBad
1455,18,3975.600000000001,12,1131.0,2opt,acceptBad
1456,18,4045.7300000000014,12,1131.0,swap,acceptBad
1457,18,4045.7300000000014,12,1131.0,2opt,notBad
1458,18,3219.249999999999,12,1131.0,move,improve
1459,18,3223.7800000000016,12,1131.0,2opt,acceptBad
1460,18,3536.9100000000008,12,1131.0,swap,acceptBad
1461,18,3446.3699999999985,12,1131.0,swap,improve
1462,18,3206.3399999999983,12,1131.0,move,improve
1463,18,3160.4399999999964,12,1131.0,move,improve
1464,18,3206.0599999999968,12,1131.0,2opt,acceptBad
1465,18,3129.939999999997,12,1131.0,2opt,improve
1466,18,2982.7499999999977,12,1131.0,2opt,improve
1467,18,2777.0499999999997,12,1131.0,move,improve
1468,18,2841.289999999999,12,1131.0,swap,acceptBad
1469,18,2884.4399999999987,12,1131.0,2opt,acceptBad
1470,18,2751.019999999998,12,1131.0,move,improve
1471,18,2751.019999999998,12,1131.0,2opt,notBad
1472,18,2223.8099999999995,12,1131.0,move,improve
1473,18,2258.1099999999983,12,1131.0,2opt,acceptBad
1474,18,2258.1099999999983,12,1131.0,move,improve
1475,18,2176.229999999999,12,1131.0,move,improve
1476,18,2176.229999999999,12,1131.0,2opt,notBad
1477,18,2145.5999999999995,12,1131.0,swap,improve
1478,18,2145.5999999999995,12,1131.0,move,improve
1479,18,1963.8000000000002,12,1131.0,move,improve
1480,18,2490.369999999999,12,1131.0,2opt,acceptBad
1481,18,2225.0499999999993,12,1131.0,move,improve
1482,18,3175.8599999999983,12,1131.0,swap,acceptBad
1483,18,3413.5999999999995,12,1131.0,2opt,acceptBad
1484,18,3413.5999999999995,12,1131.0,move,improve
1485,18,3413.5999999999995,12,1131.0,move,improve
1486,18,3413.5999999999995,12,1131.0,2opt,notBad
1487,18,3479.2399999999975,12,1131.0,2opt,acceptBad
1488,18,3521.4599999999996,12,1131.0,2opt,acceptBad
1489,18,3644.27,12,1131.0,2opt,acceptBad
1490,18,3638.659999999999,12,1131.0,move,improve
1491,18,3638.659999999999,12,1131.0,move,improve
1492,18,4094.269999999999,12,1131.0,2opt,acceptBad
1493,18,4034.949999999998,12,1131.0,swap,improve
1494,18,4283.01,12,1131.0,swap,acceptBad
1495,18,3500.009999999998,12,1131.0,move,improve
1496,18,3721.9299999999967,12,1131.0,2opt,acceptBad
1497,18,3721.9299999999967,12,1131.0,move,improve
1498,18,4592.869999999999,12,1131.0,swap,acceptBad
1499,18,4592.869999999999,12,1131.0,2opt,notBad
1500,18,4464.14,12,1131.0,2opt,improve
1501,18,4335.600000000003,12,1131.0,move,improve
1502,18,4335.600000000003,12,1131.0,2opt,improve
1503,18,3981.490000000002,12,1131.0,move,improve
1504,17,3565.28,12,1131.0,move,improve
1505,17,3495.86,12,1131.0,swap,improve
1506,17,3495.86,12,1131.0,2opt,notBad
1507,17,3486.1800000000017,12,1131.0,2opt,improve
1508,17,3605.6500000000015,12,1131.0,2opt,acceptBad
1509,17,3605.6500000000015,12,1131.0,move,improve
1510,17,3461.910000000002,12,1131.0,swap,improve
1511,17,3255.590000000001,12,1131.0,2opt,improve
1512,17,2708.840000000001,12,1131.0,move,improve
1513,17,2634.91,12,1131.0,move,improve
1514,17,2634.91,12,1131.0,2opt,notBad
1515,17,2634.91,12,1131.0,move,improve
1516,17,2634.91,12,1131.0,2opt,notBad
1517,17,2634.91,12,1131.0,move,improve
1518,17,2937.8200000000006,12,1131.0,swap,acceptBad
1519,17,2937.8200000000006,12,1131.0,2opt,notBad
1520,17,3095.4900000000007,12,1131.0,swap,acceptBad
1521,17,3095.4900000000007,12,1131.0,move,improve
1522,17,3095.4900000000007,12,1131.0,2opt,notBad
1523,17,3095.4900000000007,12,1131.0,2opt,improve
1524,17,3095.4900000000007,12,1131.0,2opt,notBad
1525,17,3653.3799999999987,12,1131.0,swap,acceptBad
1526,17,3570.89,12,1131.0,move,improve
1527,17,3570.89,12,1131.0,swap,notBad
1528,17,3570.89,12,1131.0,move,improve
1529,17,3684.0499999999993,12,1131.0,swap,acceptBad
1530,17,3504.4799999999996,12,1131.0,swap,improve
1531,17,3391.839999999999,12,1131.0,2opt,improve
1532,17,3140.5200000000004,12,1131.0,move,improve
1533,17,3140.5200000000004,12,1131.0,move,improve
1534,17,2625.9700000000003,12,1131.0,2opt,improve
1535,17,2493.210000000001,12,1131.0,move,improve
1536,17,2356.030000000001,12,1131.0,move,improve
1537,17,1980.4900000000007,12,1131.0,move,improve
1538,17,1971.1000000000008,12,1131.0,move,improve
1539,17,1947.069999999999,12,1131.0,2opt,improve
1540,17,1939.8999999999994,12,1131.0,move,improve
1541,17,1939.8999999999994,12,1131.0,2opt,notBad
1542,17,1939.8999999999994,12,1131.0,2opt,notBad
1543,17,1938.02,12,1131.0,move,improve
1544,17,1671.52,12,1131.0,move,improve
1545,17,2453.33,12,1131.0,swap,acceptBad
1546,17,2453.33,12,1131.0,move,improve
1547,17,2453.33,12,1131.0,2opt,notBad
1548,17,2552.689999999999,12,1131.0,2opt,acceptBad
1549,17,2606.0999999999995,12,1131.0,swap,acceptBad
1550,17,2606.0999999999995,12,1131.0,2opt,notBad
1551,17,2373.4100000000003,12,1131.0,move,improve
1552,17,2362.3600000000006,12,1131.0,swap,improve
1553,17,2804.349999999999,12,1131.0,swap,acceptBad
1554,17,3171.3999999999987,12,1131.0,2opt,acceptBad
1555,17,3246.1299999999974,12,1131.0,swap,acceptBad
1556,17,3226.279999999998,12,1131.0,swap,improve
1557,17,3315.2499999999973,12,1131.0,swap,acceptBad
1558,17,3315.2499999999973,12,1131.0,move,improve
1559,17,3640.339999999997,12,1131.0,swap,acceptBad
1560,17,3536.729999999998,12,1131.0,swap,improve
1561,17,3159.669999999998,12,1131.0,move,improve
1562,17,3297.7799999999993,12,1131.0,swap,acceptBad
1563,17,3795.1299999999987,12,1131.0,swap,acceptBad
1564,17,3269.6599999999994,12,1131.0,move,improve
1565,17,3926.3599999999988,12,1131.0,swap,acceptBad
1566,17,3960.0300000000007,12,1131.0,swap,acceptBad
1567,17,3993.29,12,1131.0,swap,acceptBad
1568,17,4602.789999999999,12,1131.0,swap,acceptBad
1569,17,3807.350000000001,12,1131.0,2opt,improve
1570,17,3695.74,12,1131.0,swap,improve
1571,17,3920.92,12,1131.0,swap,acceptBad
1572,17,3700.1699999999996,12,1131.0,swap,improve
1573,17,3514.959999999999,12,1131.0,swap,improve
1574,17,3723.34,12,1131.0,swap,acceptBad
1575,17,3906.6800000000003,12,1131.0,swap,acceptBad
1576,17,3955.4299999999994,12,1131.0,2opt,acceptBad
1577,17,3658.839999999999,12,1131.0,move,improve
1578,17,3498.979999999999,12,1131.0,move,improve
1579,17,3909.59,12,1131.0,swap,acceptBad
1580,17,3835.1,12,1131.0,swap,improve
1581,17,3498.51,12,1131.0,move,improve
1582,17,3777.529999999999,12,1131.0,swap,acceptBad
1583,17,4895.22,12,1131.0,swap,acceptBad
1584,17,4895.22,12,1131.0,2opt,notBad
1585,17,4939.02,12,1131.0,swap,acceptBad
1586,17,5563.779999999998,12,1131.0,swap,acceptBad
1587,17,5324.629999999998,12,1131.0,2opt,improve
1588,17,4528.199999999998,12,1131.0,2opt,improve
1589,17,4163.809999999998,12,1131.0,move,improve
1590,17,4124.989999999999,12,1131.0,move,improve
1591,17,4055.7,12,1131.0,swap,improve
1592,17,4300.299999999999,12,1131.0,swap,acceptBad
1593,17,4448.27,12,1131.0,2opt,acceptBad
1594,17,4617.860000000001,12,1131.0,swap,acceptBad
1595,17,4582.450000000003,12,1131.0,2opt,improve
1596,17,4499.660000000002,12,1131.0,move,improve
1597,17,4499.660000000002,12,1131.0,move,improve
1598,17,4390.84,12,1131.0,move,improve
1599,17,4419.4400000000005,12,1131.0,swap,acceptBad
1600,17,4338.91,12,1131.0,move,improve
1601,17,4338.91,12,1131.0,2opt,improve
1602,17,4231.320000000001,12,1131.0,swap,improve
1603,17,3507.4400000000005,12,1131.0,move,improve
1604,17,3349.1099999999988,12,1131.0,move,improve
1605,17,3029.7400000000007,12,1131.0,2opt,improve
1606,17,2926.97,12,1131.0,move,improve
1607,17,3170.8800000000006,12,1131.0,swap,acceptBad
1608,17,3341.9100000000003,12,1131.0,swap,acceptBad
1609,17,3417.29,12,1131.0,2opt,acceptBad
1610,17,3290.6800000000003,12,1131.0,swap,improve
1611,17,3290.6800000000003,12,1131.0,2opt,notBad
1612,17,3290.6800000000003,12,1131.0,2opt,improve
1613,17,3625.8399999999997,12,1131.0,swap,acceptBad
1614,17,3753.120000000001,12,1131.0,2opt,acceptBad
1615,17,3889.02,12,1131.0,swap,acceptBad
1616,17,3889.02,12,1131.0,move,improve
1617,17,3889.02,12,1131.0,2opt,improve
1618,17,3711.2999999999993,12,1131.0,swap,improve
1619,17,3711.2999999999993,12,1131.0,swap,notBad
1620,17,3816.1199999999985,12,1131.0,swap,acceptBad
1621,17,3579.9599999999987,12,1131.0,move,improve
1622,17,3456.6099999999997,12,1131.0,swap,improve
1623,17,3444.829999999999,12,1131.0,move,improve
1624,17,3444.829999999999,12,1131.0,2opt,improve
1625,17,3628.7999999999997,12,1131.0,swap,acceptBad
1626,17,3675.6699999999996,12,1131.0,swap,acceptBad
1627,17,3637.059999999999,12,1131.0,move,improve
1628,17,3611.4799999999987,12,1131.0,swap,improve
1629,17,3611.4799999999987,12,1131.0,2opt,notBad
1630,17,3600.3899999999994,12,1131.0,move,improve
1631,17,3275.649999999999,12,1131.0,move,improve
1632,17,3033.14,12,1131.0,swap,improve
1633,17,3016.15,12,1131.0,2opt,improve
1634,18,2873.5200000000004,12,1131.0,2opt,improve
1635,18,2873.5200000000004,12,1131.0,2opt,notBad
1636,18,2873.5200000000004,12,1131.0,move,improve
1637,18,2873.5200000000004,12,1131.0,2opt,notBad
1638,18,2873.5200000000004,12,1131.0,swap,notBad
1639,18,2875.839999999999,12,1131.0,2opt,acceptBad
1640,18,2883.9899999999984,12,1131.0,2opt,acceptBad
1641,18,2719.1299999999983,12,1131.0,move,improve
1642,18,3032.169999999999,12,1131.0,swap,acceptBad
1643,18,3333.529999999998,12,1131.0,swap,acceptBad
1644,18,3402.3899999999985,12,1131.0,swap,acceptBad
1645,18,3131.579999999999,12,1131.0,move,improve
1646,18,2906.7399999999993,12,1131.0,move,improve
1647,18,2877.469999999999,12,1131.0,swap,improve
1648,18,2877.469999999999,12,1131.0,2opt,improve
1649,18,2878.48,12,1131.0,2opt,acceptBad
1650,18,2878.48,12,1131.0,2opt,notBad
1651,18,2958.1800000000007,12,1131.0,2opt,acceptBad
1652,18,2843.0500000000006,12,1131.0,move,improve
1653,18,2672.3600000000006,12,1131.0,move,improve
1654,18,2907.4500000000007,12,1131.0,2opt,acceptBad
1655,18,2578.070000000001,12,1131.0,2opt,improve
1656,18,2511.74,12,1131.0,move,improve
1657,18,2511.74,12,1131.0,move,improve
1658,18,2511.74,12,1131.0,move,improve
1659,18,2511.74,12,1131.0,swap,notBad
1660,18,2511.74,12,1131.0,2opt,notBad
1661,18,2511.74,12,1131.0,move,improve
1662,18,2511.74,12,1131.0,move,improve
1663,18,2287.7799999999997,12,1131.0,swap,improve
1664,18,2287.7799999999997,12,1131.0,2opt,notBad
1665,17,1930.2400000000002,12,1131.0,move,improve
1666,17,1930.2400000000002,12,1131.0,2opt,notBad
1667,17,2480.92,12,1131.0,swap,acceptBad
1668,17,2352.339999999999,12,1131.0,move,improve
1669,17,2352.339999999999,12,1131.0,move,improve
1670,17,2586.6800000000007,12,1131.0,swap,acceptBad
1671,17,2586.6800000000007,12,1131.0,2opt,notBad
1672,16,1731.12,12,1131.0,move,improve
1673,16,1731.12,12,1131.0,2opt,improve
1674,16,1731.12,12,1131.0,2opt,notBad
1675,16,1731.12,12,1131.0,2opt,notBad
1676,16,1665.7799999999993,12,1131.0,move,improve
1677,16,1953.9700000000003,12,1131.0,swap,acceptBad
1678,16,1953.9700000000003,12,1131.0,move,improve
1679,16,1953.9700000000003,12,1131.0,move,improve
1680,16,2016.2000000000003,12,1131.0,swap,acceptBad
1681,16,2016.2000000000003,12,1131.0,2opt,improve
1682,16,1920.6200000000008,12,1131.0,swap,improve
1683,16,1689.49,12,1131.0,swap,improve
1684,16,1988.7100000000005,12,1131.0,swap,acceptBad
1685,16,2387.689999999999,12,1131.0,2opt,acceptBad
1686,16,2686.130000000001,12,1131.0,2opt,acceptBad
1687,16,2708.54,12,1131.0,swap,acceptBad
1688,16,2706.9199999999996,12,1131.0,2opt,improve
1689,16,2393.620000000002,12,1131.0,2opt,improve
1690,16,2021.1200000000006,12,1131.0,move,improve
1691,16,2037.9800000000005,12,1131.0,2opt,acceptBad
1692,16,2037.9800000000005,12,1131.0,move,improve
1693,16,2061.7399999999993,12,1131.0,2opt,acceptBad
1694,16,2498.7399999999993,12,1131.0,swap,acceptBad
1695,16,2349.0600000000004,12,1131.0,2opt,improve
1696,16,2349.0600000000004,12,1131.0,2opt,notBad
1697,16,2307.8200000000006,12,1131.0,2opt,improve
1698,16,2307.8200000000006,12,1131.0,swap,notBad
1699,16,1904.0400000000009,12,1131.0,move,improve
1700,16,2163.560000000001,12,1131.0,swap,acceptBad
1701,16,1918.110000000001,12,1131.0,move,improve
1702,16,1910.4300000000007,12,1131.0,swap,improve
1703,16,1945.6700000000005,12,1131.0,swap,acceptBad
1704,16,2033.9200000000005,12,1131.0,swap,acceptBad
1705,16,2262.4299999999994,12,1131.0,swap,acceptBad
1706,16,2262.4299999999994,12,1131.0,2opt,notBad
1707,16,2628.91,12,1131.0,swap,acceptBad
1708,16,2628.91,12,1131.0,move,improve
1709,16,2628.91,12,1131.0,2opt,notBad
1710,16,2388.4899999999993,12,1131.0,move,improve
1711,16,2325.5399999999995,12,1131.0,swap,improve
1712,16,2398.890000000001,12,1131.0,swap,acceptBad
1713,16,2422.8100000000018,12,1131.0,swap,acceptBad
1714,16,2582.2299999999996,12,1131.0,2opt,acceptBad
1715,16,2446.9500000000007,12,1131.0,move,improve
1716,15,2059.2699999999995,12,1131.0,move,improve
1717,15,2373.430000000001,12,1131.0,swap,acceptBad
1718,15,2372.9400000000005,12,1131.0,2opt,improve
1719,15,2387.9300000000003,12,1131.0,swap,acceptBad
1720,15,2142.53,12,1131.0,2opt,improve
1721,15,2081.3700000000013,12,1131.0,swap,improve
1722,15,2221.6200000000003,12,1131.0,2opt,acceptBad
1723,15,2122.79,12,1131.0,swap,improve
1724,15,2122.79,12,1131.0,move,improve
1725,15,2000.1400000000003,12,1131.0,2opt,improve
1726,15,1991.0700000000004,12,1131.0,move,improve
1727,15,1991.0700000000004,12,1131.0,2opt,notBad
1728,15,1991.0700000000004,12,1131.0,2opt,improve
1729,15,1910.3400000000004,12,1131.0,move,improve
1730,15,1910.3400000000004,12,1131.0,2opt,notBad
1731,15,1905.7099999999991,12,1131.0,move,improve
1732,15,2049.8699999999994,12,1131.0,swap,acceptBad
1733,15,1946.8799999999994,12,1131.0,move,improve
1734,15,1946.8799999999994,12,1131.0,move,improve
1735,15,1946.8799999999994,12,1131.0,move,improve
1736,15,1946.8799999999994,12,1131.0,2opt,notBad
1737,15,1789.9500000000003,12,1131.0,2opt,improve
1738,15,1634.1000000000006,12,1131.0,move,improve
1739,15,1634.1000000000006,12,1131.0,2opt,improve
1740,15,1674.7700000000004,12,1131.0,swap,acceptBad
1741,15,1674.7700000000004,12,1131.0,2opt,improve
1742,15,2019.6600000000003,12,1131.0,swap,acceptBad
1743,15,2019.6600000000003,12,1131.0,move,improve
1744,15,1861.5599999999997,12,1131.0,move,improve
1745,15,1878.15,12,1131.0,2opt,acceptBad
1746,15,1863.73,12,1131.0,move,improve
1747,15,1863.73,12,1131.0,2opt,notBad
1748,15,1864.6000000000004,12,1131.0,2opt,acceptBad
1749,15,1864.6000000000004,12,1131.0,move,improve
1750,15,1864.6000000000004,12,1131.0,2opt,improve
1751,15,1783.7200000000007,12,1131.0,2opt,improve
1752,15,1783.7200000000007,12,1131.0,move,improve
1753,15,1781.5500000000006,12,1131.0,move,improve
1754,15,1632.9,12,1131.0,move,improve
1755,15,1969.06,12,1131.0,swap,acceptBad
1756,15,2043.6899999999996,12,1131.0,2opt,acceptBad
1757,15,2043.6899999999996,12,1131.0,2opt,improve
1758,15,2040.0599999999995,12,1131.0,swap,improve
1759,15,2099.87,12,1131.0,swap,acceptBad
1760,15,2100.2299999999996,12,1131.0,2opt,acceptBad
1761,15,2000.0299999999997,12,1131.0,move,improve
1762,15,1905.83,12,1131.0,move,improve
1763,15,2036.7399999999996,12,1131.0,2opt,acceptBad
1764,15,2036.7399999999996,12,1131.0,move,improve
1765,15,2021.0399999999995,12,1131.0,move,improve
1766,15,2021.0399999999995,12,1131.0,2opt,notBad
1767,15,2021.0399999999995,12,1131.0,move,improve
1768,15,2021.0399999999995,12,1131.0,2opt,notBad
1769,15,2021.0399999999995,12,1131.0,2opt,improve
1770,15,2021.0399999999995,12,1131.0,move,improve
1771,15,1745.8999999999996,12,1131.0,move,improve
1772,15,1593.96,12,1131.0,move,improve
1773,15,1932.8899999999999,12,1131.0,swap,acceptBad
1774,15,1892.1699999999994,12,1131.0,2opt,improve
1775,15,2233.6600000000003,12,1131.0,swap,acceptBad
1776,15,2233.6600000000003,12,1131.0,2opt,notBad
1777,15,2594.9900000000002,12,1131.0,swap,acceptBad
1778,15,2594.9900000000002,12,1131.0,2opt,notBad
1779,15,2239.590000000001,12,1131.0,2opt,improve
1780,15,2239.590000000001,12,1131.0,2opt,notBad
1781,15,2239.590000000001,12,1131.0,2opt,notBad
1782,15,1834.2199999999993,12,1131.0,2opt,improve
1783,15,1793.4899999999993,12,1131.0,swap,improve
1784,15,1793.4599999999998,12,1131.0,move,improve
1785,15,1901.5099999999993,12,1131.0,swap,acceptBad
1786,15,1901.5099999999993,12,1131.0,move,improve
1787,15,1884.9099999999992,12,1131.0,move,improve
1788,15,1884.9099999999992,12,1131.0,2opt,improve
1789,15,2059.749999999999,12,1131.0,swap,acceptBad
1790,15,2006.2100000000003,12,1131.0,move,improve
1791,15,2006.2100000000003,12,1131.0,move,improve
1792,15,2189.0100000000007,12,1131.0,swap,acceptBad
1793,15,2189.0100000000007,12,1131.0,2opt,notBad
1794,15,2144.4,12,1131.0,swap,improve
1795,15,2136.1600000000008,12,1131.0,move,improve
1796,15,2136.1600000000008,12,1131.0,move,improve
1797,15,2075.37,12,1131.0,move,improve
1798,15,2075.37,12,1131.0,2opt,notBad
1799,15,2070.5299999999993,12,1131.0,2opt,improve
1800,15,2070.5299999999993,12,1131.0,move,improve
1801,15,2124.269999999999,12,1131.0,swap,acceptBad
1802,15,1998.5499999999984,12,1131.0,move,improve
1803,15,1844.6899999999998,12,1131.0,move,improve
1804,15,1842.4099999999987,12,1131.0,2opt,improve
1805,15,1842.4099999999987,12,1131.0,move,improve
1806,15,1842.4099999999987,12,1131.0,2opt,notBad
1807,15,1814.1499999999987,12,1131.0,swap,improve
1808,15,2114.91,12,1131.0,swap,acceptBad
1809,15,2114.91,12,1131.0,move,improve
1810,15,2055.56,12,1131.0,move,improve
1811,15,2055.56,12,1131.0,2opt,notBad
1812,15,2084.6199999999994,12,1131.0,swap,acceptBad
1813,15,1921.7999999999997,12,1131.0,move,improve
1814,15,1921.7999999999997,12,1131.0,2opt,notBad
1815,15,2053.2199999999993,12,1131.0,swap,acceptBad
1816,15,2188.1099999999997,12,1131.0,2opt,acceptBad
1817,15,2188.1099999999997,12,1131.0,2opt,notBad
1818,15,2832.49,12,1131.0,move,acceptBad
1819,15,3014.929999999999,12,1131.0,swap,acceptBad
1820,15,3014.929999999999,12,1131.0,2opt,improve
1821,15,2865.489999999999,12,1131.0,move,improve
1822,15,2861.5699999999997,12,1131.0,2opt,improve
1823,15,2950.180000000001,12,1131.0,swap,acceptBad
1824,15,3014.2000000000007,12,1131.0,swap,acceptBad
1825,15,3242.42,12,1131.0,swap,acceptBad
1826,15,3071.5099999999998,12,1131.0,2opt,improve
1827,15,3014.4500000000003,12,1131.0,move,improve
1828,15,2264.3900000000012,12,1131.0,move,improve
1829,15,2264.3900000000012,12,1131.0,move,improve
1830,15,2205.2800000000007,12,1131.0,swap,improve
1831,15,2229.4500000000003,12,1131.0,swap,acceptBad
1832,15,2167.3500000000004,12,1131.0,move,improve
1833,15,2167.3500000000004,12,1131.0,2opt,notBad
1834,15,2099.2900000000004,12,1131.0,2opt,improve
1835,15,2156.57,12,1131.0,swap,acceptBad
1836,15,2156.57,12,1131.0,2opt,notBad
1837,15,2571.7199999999984,12,1131.0,swap,acceptBad
1838,15,2582.5299999999997,12,1131.0,2opt,acceptBad
1839,15,2582.5299999999997,12,1131.0,2opt,notBad
1840,15,2582.5299999999997,12,1131.0,2opt,improve
1841,15,2582.5299999999997,12,1131.0,2opt,notBad
1842,15,2582.5299999999997,12,1131.0,2opt,notBad
1843,15,2662.2400000000007,12,1131.0,swap,acceptBad
1844,15,2387.590000000001,12,1131.0,move,improve
1845,15,2535.950000000002,12,1131.0,2opt,acceptBad
1846,15,2535.950000000002,12,1131.0,2opt,notBad
1847,15,2535.950000000002,12,1131.0,move,improve
1848,15,2522.2799999999997,12,1131.0,2opt,improve
1849,15,2522.2799999999997,12,1131.0,move,improve
1850,15,2702.5099999999998,12,1131.0,swap,acceptBad
1851,15,2702.5099999999998,12,1131.0,2opt,notBad
1852,15,2696.09,12,1131.0,swap,improve
1853,15,2722.39,12,1131.0,2opt,acceptBad
1854,15,2942.639999999999,12,1131.0,swap,acceptBad
1855,15,2942.639999999999,12,1131.0,move,improve
1856,15,2622.9500000000003,12,1131.0,move,improve
1857,15,2361.5199999999995,12,1131.0,move,improve
1858,15,2471.449999999999,12,1131.0,2opt,acceptBad
1859,15,2471.449999999999,12,1131.0,2opt,improve
1860,15,2471.449999999999,12,1131.0,2opt,notBad
1861,15,2443.8600000000006,12,1131.0,2opt,improve
1862,15,2384.84,12,1131.0,2opt,improve
1863,15,2384.84,12,1131.0,move,improve
1864,15,2622.189999999999,12,1131.0,swap,acceptBad
1865,15,2461.6899999999996,12,1131.0,2opt,improve
1866,15,2461.6899999999996,12,1131.0,2opt,improve
1867,15,2455.4000000000015,12,1131.0,move,improve
1868,15,2703.660000000001,12,1131.0,swap,acceptBad
1869,15,2674.0999999999995,12,1131.0,move,improve
1870,15,2674.0999999999995,12,1131.0,2opt,notBad
1871,15,2439.26,12,1131.0,2opt,improve
1872,15,2225.53,12,1131.0,swap,improve
1873,15,2276.73,12,1131.0,2opt,acceptBad
1874,15,2276.5200000000004,12,1131.0,move,improve
1875,15,2276.5200000000004,12,1131.0,move,improve
1876,15,2275.07,12,1131.0,2opt,improve
1877,15,2275.07,12,1131.0,2opt,notBad
1878,15,2275.07,12,1131.0,2opt,notBad
1879,15,2275.07,12,1131.0,swap,notBad
1880,15,2329.0499999999993,12,1131.0,swap,acceptBad
1881,15,2329.0499999999993,12,1131.0,move,improve
1882,15,2417.1699999999996,12,1131.0,2opt,acceptBad
1883,15,2417.1699999999996,12,1131.0,2opt,notBad
1884,15,2417.1699999999996,12,1131.0,2opt,notBad
1885,15,2417.1699999999996,12,1131.0,move,improve
1886,15,2223.3499999999985,12,1131.0,swap,improve
1887,15,2223.3499999999985,12,1131.0,2opt,notBad
1888,15,2223.3499999999985,12,1131.0,2opt,notBad
1889,15,2480.1099999999997,12,1131.0,swap,acceptBad
1890,15,2423.18,12,1131.0,move,improve
1891,15,2190.7299999999996,12,1131.0,swap,improve
1892,15,2198.69,12,1131.0,swap,acceptBad
1893,15,2431.14,12,1131.0,swap,acceptBad
1894,15,2192.2600000000007,12,1131.0,swap,improve
1895,15,2195.669999999999,12,1131.0,2opt,acceptBad
1896,15,2158.0299999999993,12,1131.0,move,improve
1897,15,2158.0299999999993,12,1131.0,move,improve
1898,15,2121.0499999999997,12,1131.0,2opt,improve
1899,15,2121.0499999999997,12,1131.0,move,improve
1900,15,2121.0499999999997,12,1131.0,move,improve
1901,15,2121.0499999999997,12,1131.0,move,improve
1902,15,2246.6899999999996,12,1131.0,swap,acceptBad
1903,15,2299.38,12,1131.0,2opt,acceptBad
1904,15,2339.87,12,1131.0,swap,acceptBad
1905,15,2354.1700000000005,12,1131.0,2opt,acceptBad
1906,15,2354.1700000000005,12,1131.0,2opt,notBad
1907,15,2481.7700000000013,12,1131.0,swap,acceptBad
1908,15,2383.3500000000013,12,1131.0,2opt,improve
1909,15,2409.0000000000014,12,1131.0,swap,acceptBad
1910,15,2414.220000000001,12,1131.0,swap,acceptBad
1911,15,2311.1400000000012,12,1131.0,swap,improve
1912,15,2330.249999999999,12,1131.0,2opt,acceptBad
1913,15,2330.249999999999,12,1131.0,2opt,notBad
1914,15,2403.0500000000006,12,1131.0,2opt,acceptBad
1915,15,2360.870000000001,12,1131.0,swap,improve
1916,15,2428.6500000000015,12,1131.0,swap,acceptBad
1917,15,2409.8100000000013,12,1131.0,swap,improve
1918,15,2301.5600000000004,12,1131.0,move,improve
1919,15,2287.8700000000003,12,1131.0,swap,improve
1920,15,1966.1400000000003,12,1131.0,2opt,improve
1921,15,1918.4200000000003,12,1131.0,move,improve
1922,15,1751.8800000000003,12,1131.0,swap,improve
1923,15,1475.9600000000003,12,1131.0,move,improve
1924,15,1475.9600000000003,12,1131.0,swap,notBad
1925,15,1465.180000000001,12,1131.0,swap,improve
1926,15,1599.1100000000004,12,1131.0,swap,acceptBad
1927,15,1599.1100000000004,12,1131.0,move,improve
1928,15,1643.4900000000005,12,1131.0,2opt,acceptBad
1929,15,1643.4900000000005,12,1131.0,move,improve
1930,15,1643.4900000000005,12,1131.0,2opt,notBad
1931,15,1643.4900000000005,12,1131.0,2opt,notBad
1932,15,1643.4900000000005,12,1131.0,move,improve
1933,15,1643.4900000000005,12,1131.0,2opt,notBad
1934,15,1629.5700000000006,12,1131.0,move,improve
1935,15,1738.6200000000003,12,1131.0,swap,acceptBad
1936,15,1738.6200000000003,12,1131.0,swap,notBad
1937,15,1628.2799999999993,12,1131.0,2opt,improve
1938,15,1628.2799999999993,12,1131.0,move,improve
1939,15,1629.3499999999997,12,1131.0,2opt,acceptBad
1940,15,1629.3499999999997,12,1131.0,2opt,notBad
1941,15,1629.3499999999997,12,1131.0,move,improve
1942,15,1506.3999999999999,12,1131.0,move,improve
1943,15,1470.0999999999997,12,1131.0,move,improve
1944,15,1653.5599999999995,12,1131.0,2opt,acceptBad
1945,15,1541.6000000000001,12,1131.0,move,improve
1946,14,1498.6799999999998,12,1131.0,2opt,improve
1947,14,1129.9599999999991,14,1129.9599999999991,swap,newBest
1948,14,1027.9399999999996,14,1027.9399999999996,move,newBest
1949,14,989.48,14,989.48,swap,newBest
1950,14,989.48,14,989.48,swap,notBad
1951,14,891.4199999999998,14,891.4199999999998,swap,newBest
1952,14,891.4199999999998,14,891.4199999999998,2opt,notBad
1953,14,1037.4599999999998,14,891.4199999999998,swap,acceptBad
1954,14,1173.5899999999997,14,891.4199999999998,swap,acceptBad
1955,14,1173.5899999999997,14,891.4199999999998,move,improve
1956,14,1173.5899999999997,14,891.4199999999998,move,improve
1957,14,836.47,14,836.47,move,newBest
1958,14,751.5799999999999,14,751.5799999999999,move,newBest
1959,14,1017.24,14,751.5799999999999,swap,acceptBad
1960,14,1311.8699999999994,14,751.5799999999999,swap,acceptBad
1961,14,1311.8699999999994,14,751.5799999999999,2opt,notBad
1962,14,1311.8699999999994,14,751.5799999999999,swap,notBad
1963,14,1311.8699999999994,14,751.5799999999999,move,improve
1964,14,1416.0299999999995,14,751.5799999999999,swap,acceptBad
1965,14,1426.1899999999991,14,751.5799999999999,swap,acceptBad
1966,14,1355.51,14,751.5799999999999,2opt,improve
1967,14,1355.51,14,751.5799999999999,2opt,notBad
1968,14,1355.51,14,751.5799999999999,move,improve
1969,14,1355.51,14,751.5799999999999,2opt,notBad
1970,14,1532.699999999999,14,751.5799999999999,swap,acceptBad
1971,14,1663.82,14,751.5799999999999,swap,acceptBad
1972,14,1663.82,14,751.5799999999999,2opt,notBad
1973,14,1662.7799999999997,14,751.5799999999999,2opt,improve
1974,14,1539.1599999999999,14,751.5799999999999,2opt,improve
1975,14,1539.1599999999999,14,751.5799999999999,move,improve
1976,14,1539.1599999999999,14,751.5799999999999,swap,notBad
1977,14,1754.8600000000004,14,751.5799999999999,swap,acceptBad
1978,14,1754.8600000000004,14,751.5799999999999,move,improve
1979,14,1754.8600000000004,14,751.5799999999999,2opt,notBad
1980,14,2118.73,14,751.5799999999999,swap,acceptBad
1981,14,1883.85,14,751.5799999999999,move,improve
1982,14,1883.85,14,751.5799999999999,2opt,notBad
1983,14,1730.7599999999998,14,751.5799999999999,move,improve
1984,14,1858.9999999999998,14,751.5799999999999,swap,acceptBad
1985,14,1858.9999999999998,14,751.5799999999999,2opt,improve
1986,14,1858.9999999999998,14,751.5799999999999,2opt,notBad
1987,14,1858.9999999999998,14,751.5799999999999,2opt,notBad
1988,14,1878.0299999999997,14,751.5799999999999,swap,acceptBad
1989,14,1878.0299999999997,14,751.5799999999999,2opt,notBad
1990,14,1877.4699999999996,14,751.5799999999999,swap,improve
1991,14,1877.4699999999996,14,751.5799999999999,move,improve
1992,14,1857.17,14,751.5799999999999,move,improve
1993,14,1682.3200000000002,14,751.5799999999999,move,improve
1994,14,1682.3200000000002,14,751.5799999999999,move,improve
1995,14,1682.3200000000002,14,751.5799999999999,2opt,notBad
1996,14,1682.3200000000002,14,751.5799999999999,move,improve
1997,14,1402.23,14,751.5799999999999,move,improve
1998,14,1235.6099999999997,14,751.5799999999999,move,improve
1999,14,1235.6099999999997,14,751.5799999999999,2opt,notBad
2000,14,1235.6099999999997,14,751.5799999999999,swap,notBad
2001,14,1435.6300000000003,14,751.5799999999999,swap,acceptBad
2002,14,1566.3000000000002,14,751.5799999999999,swap,acceptBad
2003,14,1420.92,14,751.5799999999999,swap,improve
2004,14,1420.92,14,751.5799999999999,swap,notBad
2005,14,1414.1399999999999,14,751.5799999999999,move,improve
2006,14,1448.9999999999998,14,751.5799999999999,swap,acceptBad
2007,14,1571.1900000000003,14,751.5799999999999,swap,acceptBad
2008,14,1655.2100000000003,14,751.5799999999999,swap,acceptBad
2009,14,1559.7500000000002,14,751.5799999999999,2opt,improve
2010,14,1559.7500000000002,14,751.5799999999999,2opt,improve
2011,14,1608.07,14,751.5799999999999,swap,acceptBad
2012,14,1188.5099999999998,14,751.5799999999999,2opt,improve
2013,14,1188.5099999999998,14,751.5799999999999,2opt,notBad
2014,14,1169.9500000000003,14,751.5799999999999,move,improve
2015,14,1169.9500000000003,14,751.5799999999999,2opt,notBad
2016,14,1522.97,14,751.5799999999999,swap,acceptBad
2017,14,1522.97,14,751.5799999999999,2opt,notBad
2018,14,1522.97,14,751.5799999999999,move,improve
2019,14,1742.6700000000005,14,751.5799999999999,swap,acceptBad
2020,14,1742.6700000000005,14,751.5799999999999,move,improve
2021,14,1696.6,14,751.5799999999999,move,improve
2022,14,1869.2600000000007,14,751.5799999999999,swap,acceptBad
2023,14,1869.2600000000007,14,751.5799999999999,2opt,notBad
2024,14,1937.1200000000008,14,751.5799999999999,2opt,acceptBad
2025,14,1747.66,14,751.5799999999999,move,improve
2026,14,1589.7899999999997,14,751.5799999999999,swap,improve
2027,14,1589.7899999999997,14,751.5799999999999,move,improve
2028,14,1523.88,14,751.5799999999999,swap,improve
2029,14,1523.88,14,751.5799999999999,swap,notBad
2030,14,1523.2400000000002,14,751.5799999999999,2opt,improve
2031,14,1330.1600000000003,14,751.5799999999999,swap,improve
2032,14,1301.350000000001,14,751.5799999999999,swap,improve
2033,14,1301.350000000001,14,751.5799999999999,move,improve
2034,14,1301.350000000001,14,751.5799999999999,2opt,notBad
2035,14,1301.350000000001,14,751.5799999999999,move,improve
2036,14,1374.0500000000006,14,751.5799999999999,swap,acceptBad
2037,14,1147.6500000000005,14,751.5799999999999,2opt,improve
2038,14,1147.6500000000005,14,751.5799999999999,swap,notBad
2039,14,1147.6500000000005,14,751.5799999999999,2opt,notBad
2040,14,1137.1800000000007,14,751.5799999999999,swap,improve
2041,14,1137.1800000000007,14,751.5799999999999,2opt,notBad
2042,14,1119.2700000000002,14,751.5799999999999,swap,improve
2043,14,1119.2700000000002,14,751.5799999999999,move,improve
2044,14,1119.2700000000002,14,751.5799999999999,move,improve
2045,14,1119.2700000000002,14,751.5799999999999,move,improve
2046,14,1120.5100000000002,14,751.5799999999999,swap,acceptBad
2047,14,1443.5200000000007,14,751.5799999999999,swap,acceptBad
2048,14,1408.3200000000004,14,751.5799999999999,move,improve
2049,14,1476.1100000000006,14,751.5799999999999,swap,acceptBad
2050,14,1264.5400000000009,14,751.5799999999999,swap,improve
2051,14,1265.8000000000002,14,751.5799999999999,2opt,acceptBad
2052,14,1062.9100000000003,14,751.5799999999999,move,improve
2053,14,1062.9100000000003,14,751.5799999999999,swap,notBad
2054,14,1062.9100000000003,14,751.5799999999999,2opt,notBad
2055,14,1062.9100000000003,14,751.5799999999999,move,improve
2056,14,1062.9100000000003,14,751.5799999999999,2opt,notBad
2057,14,1056.1400000000003,14,751.5799999999999,move,improve
2058,14,991.56,14,751.5799999999999,swap,improve
2059,14,991.56,14,751.5799999999999,2opt,notBad
2060,14,991.56,14,751.5799999999999,swap,notBad
2061,14,1038.2000000000003,14,751.5799999999999,swap,acceptBad
2062,14,1038.2000000000003,14,751.5799999999999,2opt,notBad
2063,14,1038.2000000000003,14,751.5799999999999,move,improve
2064,14,1209.6400000000003,14,751.5799999999999,swap,acceptBad
2065,14,1282.760000000001,14,751.5799999999999,swap,acceptBad
2066,14,1223.2800000000007,14,751.5799999999999,move,improve
2067,14,1381.380000000001,14,751.5799999999999,swap,acceptBad
2068,14,1212.7500000000005,14,751.5799999999999,move,improve
2069,14,1212.7500000000005,14,751.5799999999999,2opt,notBad
2070,14,1212.7500000000005,14,751.5799999999999,move,improve
2071,14,1275.1100000000006,14,751.5799999999999,2opt,acceptBad
2072,14,1501.1700000000008,14,751.5799999999999,swap,acceptBad
2073,14,1501.1700000000008,14,751.5799999999999,move,improve
2074,14,1471.8500000000006,14,751.5799999999999,move,improve
2075,14,1445.7800000000007,14,751.5799999999999,move,improve
2076,14,1267.6400000000012,14,751.5799999999999,swap,improve
2077,14,1338.100000000001,14,751.5799999999999,swap,acceptBad
2078,14,1338.100000000001,14,751.5799999999999,2opt,notBad
2079,14,1301.750000000001,14,751.5799999999999,move,improve
2080,14,1264.5300000000007,14,751.5799999999999,move,improve
2081,14,1225.8800000000006,14,751.5799999999999,move,improve
2082,14,1270.02,14,751.5799999999999,2opt,acceptBad
2083,14,1270.02,14,751.5799999999999,2opt,notBad
2084,14,1270.02,14,751.5799999999999,move,improve
2085,14,1270.02,14,751.5799999999999,swap,notBad
2086,14,1270.02,14,751.5799999999999,move,improve
2087,14,1270.02,14,751.5799999999999,2opt,notBad
2088,14,1270.02,14,751.5799999999999,move,improve
2089,14,1270.02,14,751.5799999999999,2opt,notBad
2090,14,1247.1399999999992,14,751.5799999999999,swap,improve
2091,14,1192.7699999999998,14,751.5799999999999,move,improve
2092,14,1192.7699999999998,14,751.5799999999999,2opt,notBad
2093,14,1195.2300000000002,14,751.5799999999999,2opt,acceptBad
2094,14,1214.7900000000002,14,751.5799999999999,2opt,acceptBad
2095,14,1277.0400000000006,14,751.5799999999999,swap,acceptBad
2096,14,1143.9600000000012,14,751.5799999999999,move,improve
2097,14,1143.9600000000012,14,751.5799999999999,move,improve
2098,14,1145.7700000000004,14,751.5799999999999,swap,acceptBad
2099,14,1145.7700000000004,14,751.5799999999999,2opt,notBad
2100,14,1145.7700000000004,14,751.5799999999999,move,improve
2101,14,1145.0400000000004,14,751.5799999999999,2opt,improve
2102,14,1145.0400000000004,14,751.5799999999999,move,improve
2103,14,1097.2600000000007,14,751.5799999999999,move,improve
2104,14,1097.2600000000007,14,751.5799999999999,2opt,notBad
2105,14,1085.9000000000005,14,751.5799999999999,move,improve
2106,14,1116.1600000000008,14,751.5799999999999,swap,acceptBad
2107,14,1116.1600000000008,14,751.5799999999999,move,improve
2108,14,1116.1600000000008,14,751.5799999999999,2opt,notBad
2109,14,1109.8000000000004,14,751.5799999999999,swap,improve
2110,14,1088.2399999999998,14,751.5799999999999,move,improve
2111,14,1166.6000000000008,14,751.5799999999999,2opt,acceptBad
2112,14,1166.6000000000008,14,751.5799999999999,move,improve
2113,14,1258.54,14,751.5799999999999,swap,acceptBad
2114,14,1258.54,14,751.5799999999999,2opt,notBad
2115,14,1463.9599999999996,14,751.5799999999999,swap,acceptBad
2116,14,1432.0699999999997,14,751.5799999999999,2opt,improve
2117,14,1432.0699999999997,14,751.5799999999999,2opt,notBad
2118,14,1232.5299999999997,14,751.5799999999999,swap,improve
2119,14,1232.5299999999997,14,751.5799999999999,move,improve
2120,14,1232.5299999999997,14,751.5799999999999,2opt,notBad
2121,14,1232.5299999999997,14,751.5799999999999,2opt,notBad
2122,14,1282.4299999999998,14,751.5799999999999,2opt,acceptBad
2123,14,1295.3200000000002,14,751.5799999999999,swap,acceptBad
2124,14,1295.3200000000002,14,751.5799999999999,swap,notBad
2125,14,1295.3200000000002,14,751.5799999999999,2opt,improve
2126,14,1295.3200000000002,14,751.5799999999999,move,improve
2127,14,1323.36,14,751.5799999999999,2opt,acceptBad
2128,14,1516.4199999999998,14,751.5799999999999,swap,acceptBad
2129,14,1301.9199999999992,14,751.5799999999999,2opt,improve
2130,14,1299.8899999999994,14,751.5799999999999,2opt,improve
2131,14,1304.1499999999994,14,751.5799999999999,swap,acceptBad
2132,14,1304.1499999999994,14,751.5799999999999,move,improve
2133,14,1349.0999999999995,14,751.5799999999999,swap,acceptBad
2134,14,1282.9599999999996,14,751.5799999999999,move,improve
2135,14,1282.8499999999997,14,751.5799999999999,move,improve
2136,14,1253.5799999999997,14,751.5799999999999,2opt,improve
2137,14,1319.8999999999996,14,751.5799999999999,swap,acceptBad
2138,14,1334.8099999999997,14,751.5799999999999,swap,acceptBad
2139,14,1334.3899999999999,14,751.5799999999999,2opt,improve
2140,14,1334.3899999999999,14,751.5799999999999,swap,notBad
2141,14,1357.51,14,751.5799999999999,swap,acceptBad
2142,14,1303.8999999999999,14,751.5799999999999,move,improve
2143,14,1086.7600000000002,14,751.5799999999999,move,improve
2144,14,1086.7600000000002,14,751.5799999999999,swap,notBad
2145,14,1036.7499999999995,14,751.5799999999999,move,improve
2146,14,1036.7499999999995,14,751.5799999999999,2opt,notBad
2147,14,1033.7999999999995,14,751.5799999999999,swap,improve
2148,14,1102.59,14,751.5799999999999,swap,acceptBad
2149,14,1102.9799999999998,14,751.5799999999999,swap,acceptBad
2150,14,1102.9799999999998,14,751.5799999999999,2opt,notBad
2151,14,1102.9799999999998,14,751.5799999999999,move,improve
2152,14,1102.9799999999998,14,751.5799999999999,2opt,improve
2153,14,1102.9799999999998,14,751.5799999999999,move,improve
2154,14,1096.94,14,751.5799999999999,2opt,improve
2155,14,1096.94,14,751.5799999999999,2opt,notBad
2156,14,1096.94,14,751.5799999999999,2opt,notBad
2157,14,1121.7400000000002,14,751.5799999999999,2opt,acceptBad
2158,14,1121.7400000000002,14,751.5799999999999,move,improve
2159,14,1121.7400000000002,14,751.5799999999999,swap,notBad
2160,14,1186.2400000000002,14,751.5799999999999,swap,acceptBad
2161,14,1176.2700000000002,14,751.5799999999999,swap,improve
2162,14,1159.6200000000001,14,751.5799999999999,swap,improve
2163,14,1079.6000000000001,14,751.5799999999999,swap,improve
2164,14,1079.6000000000001,14,751.5799999999999,move,improve
2165,14,1079.6000000000001,14,751.5799999999999,move,improve
2166,14,1060.3999999999999,14,751.5799999999999,swap,improve
2167,14,1059.91,14,751.5799999999999,move,improve
2168,14,1059.91,14,751.5799999999999,move,improve
2169,14,1025.3399999999997,14,751.5799999999999,move,improve
2170,14,1007.3399999999997,14,751.5799999999999,move,improve
2171,14,1145.28,14,751.5799999999999,swap,acceptBad
2172,14,1145.28,14,751.5799999999999,2opt,notBad
2173,14,1145.28,14,751.5799999999999,move,improve
2174,14,1139.85,14,751.5799999999999,2opt,improve
2175,14,1124.33,14,751.5799999999999,move,improve
2176,14,1124.33,14,751.5799999999999,move,improve
2177,14,1124.33,14,751.5799999999999,2opt,notBad
2178,14,1224.9299999999996,14,751.5799999999999,swap,acceptBad
2179,14,1224.9299999999996,14,751.5799999999999,move,improve
2180,14,1224.9299999999996,14,751.5799999999999,move,improve
2181,14,1223.4099999999996,14,751.5799999999999,swap,improve
2182,14,1211.05,14,751.5799999999999,swap,improve
2183,14,1211.05,14,751.5799999999999,2opt,notBad
2184,14,1342.0400000000006,14,751.5799999999999,swap,acceptBad
2185,14,1342.0400000000006,14,751.5799999999999,swap,notBad
2186,14,1342.0400000000006,14,751.5799999999999,swap,notBad
2187,14,1342.0400000000006,14,751.5799999999999,2opt,notBad
2188,14,1250.5999999999997,14,751.5799999999999,swap,improve
2189,14,1250.5999999999997,14,751.5799999999999,2opt,notBad
2190,14,1238.5599999999995,14,751.5799999999999,swap,improve
2191,14,1234.9599999999996,14,751.5799999999999,move,improve
2192,14,1234.9599999999996,14,751.5799999999999,2opt,notBad
2193,14,1234.9599999999996,14,751.5799999999999,swap,notBad
2194,14,1234.9599999999996,14,751.5799999999999,swap,notBad
2195,14,1236.0700000000002,14,751.5799999999999,2opt,acceptBad
2196,14,1236.0700000000002,14,751.5799999999999,2opt,notBad
2197,14,1329.7200000000007,14,751.5799999999999,swap,acceptBad
2198,14,1329.7200000000007,14,751.5799999999999,move,improve
2199,14,1487.8700000000003,14,751.5799999999999,swap,acceptBad
2200,14,1306.5100000000002,14,751.5799999999999,swap,improve
2201,14,1306.5100000000002,14,751.5799999999999,move,improve
2202,14,1317.51,14,751.5799999999999,swap,acceptBad
2203,14,1312.0600000000002,14,751.5799999999999,swap,improve
2204,14,1213.45,14,751.5799999999999,move,improve
2205,14,1213.45,14,751.5799999999999,move,improve
2206,14,1213.45,14,751.5799999999999,swap,notBad
2207,14,1409.6899999999998,14,751.5799999999999,move,acceptBad
2208,14,1450.9599999999994,14,751.5799999999999,swap,acceptBad
2209,14,1375.84,14,751.5799999999999,2opt,improve
2210,14,1375.84,14,751.5799999999999,2opt,notBad
2211,14,1223.5000000000005,14,751.5799999999999,move,improve
2212,14,1314.76,14,751.5799999999999,swap,acceptBad
2213,14,1219.9000000000003,14,751.5799999999999,move,improve
2214,14,1219.9000000000003,14,751.5799999999999,2opt,notBad
2215,14,1219.9000000000003,14,751.5799999999999,swap,notBad
2216,14,1167.41,14,751.5799999999999,swap,improve
2217,14,1126.25,14,751.5799999999999,move,improve
2218,14,1025.0500000000002,14,751.5799999999999,swap,improve
2219,14,1025.0500000000002,14,751.5799999999999,2opt,notBad
2220,14,1025.0500000000002,14,751.5799999999999,2opt,notBad
2221,14,983.8000000000002,14,751.5799999999999,move,improve
2222,14,983.8000000000002,14,751.5799999999999,swap,notBad
2223,14,983.8000000000002,14,751.5799999999999,2opt,notBad
2224,14,983.8000000000002,14,751.5799999999999,move,improve
2225,14,983.8000000000002,14,751.5799999999999,move,improve
2226,14,903.9000000000001,14,751.5799999999999,swap,improve
2227,14,902.4000000000002,14,751.5799999999999,move,improve
2228,14,875.8399999999999,14,751.5799999999999,swap,improve
2229,14,875.8399999999999,14,751.5799999999999,2opt,notBad
2230,14,875.8399999999999,14,751.5799999999999,swap,notBad
2231,14,875.8399999999999,14,751.5799999999999,2opt,improve
2232,14,996.1999999999998,14,751.5799999999999,swap,acceptBad
2233,14,916.8799999999999,14,751.5799999999999,move,improve
2234,14,916.8799999999999,14,751.5799999999999,2opt,notBad
2235,14,916.3899999999999,14,751.5799999999999,move,improve
2236,14,916.3899999999999,14,751.5799999999999,swap,notBad
2237,14,1037.13,14,751.5799999999999,swap,acceptBad
2238,14,1037.13,14,751.5799999999999,2opt,notBad
2239,14,1042.2300000000002,14,751.5799999999999,2opt,acceptBad
2240,14,1081.6499999999994,14,751.5799999999999,swap,acceptBad
2241,14,1081.6499999999994,14,751.5799999999999,2opt,notBad
2242,14,1166.9599999999998,14,751.5799999999999,swap,acceptBad
2243,14,1077.7600000000002,14,751.5799999999999,swap,improve
2244,14,1077.7600000000002,14,751.5799999999999,move,improve
2245,14,1077.7600000000002,14,751.5799999999999,2opt,notBad
2246,14,1077.7600000000002,14,751.5799999999999,swap,notBad
2247,14,1053.31,14,751.5799999999999,move,improve
2248,14,1098.69,14,751.5799999999999,swap,acceptBad
2249,14,939.5100000000003,14,751.5799999999999,move,improve
2250,14,939.5100000000003,14,751.5799999999999,move,improve
2251,14,944.33,14,751.5799999999999,2opt,acceptBad
2252,14,944.33,14,751.5799999999999,2opt,notBad
2253,14,944.33,14,751.5799999999999,move,improve
2254,14,944.33,14,751.5799999999999,move,improve
2255,14,944.33,14,751.5799999999999,2opt,notBad
2256,14,944.33,14,751.5799999999999,2opt,improve
2257,14,944.33,14,751.5799999999999,2opt,notBad
2258,14,944.33,14,751.5799999999999,2opt,improve
2259,14,931.15,14,751.5799999999999,swap,improve
2260,14,931.15,14,751.5799999999999,move,improve
2261,14,931.15,14,751.5799999999999,2opt,notBad
2262,14,926.3299999999999,14,751.5799999999999,move,improve
2263,14,926.3299999999999,14,751.5799999999999,2opt,notBad
2264,14,926.3299999999999,14,751.5799999999999,move,improve
2265,14,926.3299999999999,14,751.5799999999999,swap,notBad
2266,14,926.3299999999999,14,751.5799999999999,swap,notBad
2267,14,926.3299999999999,14,751.5799999999999,2opt,notBad
2268,14,926.3299999999999,14,751.5799999999999,2opt,notBad
2269,14,958.75,14,751.5799999999999,swap,acceptBad
2270,14,958.75,14,751.5799999999999,swap,notBad
2271,14,1007.6300000000002,14,751.5799999999999,swap,acceptBad
2272,14,1007.6300000000002,14,751.5799999999999,swap,notBad
2273,14,978.2100000000003,14,751.5799999999999,move,improve
2274,14,978.2100000000003,14,751.5799999999999,2opt,notBad
2275,14,978.2100000000003,14,751.5799999999999,swap,notBad
2276,14,978.2100000000003,14,751.5799999999999,move,improve
2277,14,905.6599999999999,14,751.5799999999999,swap,improve
2278,14,724.8399999999998,14,724.8399999999998,move,newBest
2279,14,724.8399999999998,14,724.8399999999998,swap,notBad
2280,14,724.8399999999998,14,724.8399999999998,2opt,notBad
2281,14,724.8399999999998,14,724.8399999999998,swap,notBad
2282,14,724.8399999999998,14,724.8399999999998,2opt,notBad
2283,14,751.2200000000001,14,724.8399999999998,2opt,acceptBad
2284,14,751.2200000000001,14,724.8399999999998,swap,notBad
2285,14,751.2200000000001,14,724.8399999999998,move,improve
2286,14,751.2200000000001,14,724.8399999999998,move,improve
2287,14,751.2200000000001,14,724.8399999999998,2opt,notBad
2288,14,784.7800000000007,14,724.8399999999998,move,acceptBad
2289,14,784.7800000000007,14,724.8399999999998,swap,notBad
2290,14,784.7800000000007,14,724.8399999999998,move,improve
2291,14,784.7800000000007,14,724.8399999999998,2opt,notBad
2292,14,784.7800000000007,14,724.8399999999998,move,improve
2293,14,763.1500000000001,14,724.8399999999998,swap,improve
2294,14,763.1500000000001,14,724.8399999999998,2opt,notBad
2295,14,763.1500000000001,14,724.8399999999998,2opt,notBad
2296,14,762.0300000000002,14,724.8399999999998,move,improve
2297,14,794.1899999999997,14,724.8399999999998,2opt,acceptBad
2298,14,850.5699999999997,14,724.8399999999998,swap,acceptBad
2299,14,850.5699999999997,14,724.8399999999998,2opt,notBad
2300,14,850.5699999999997,14,724.8399999999998,swap,notBad
2301,14,850.5699999999997,14,724.8399999999998,move,improve
2302,14,850.5699999999997,14,724.8399999999998,move,improve
2303,14,777.7199999999997,14,724.8399999999998,swap,improve
2304,14,775.3000000000001,14,724.8399999999998,move,improve
2305,14,940.5600000000002,14,724.8399999999998,swap,acceptBad
2306,14,930.64,14,724.8399999999998,swap,improve
2307,14,893.8999999999999,14,724.8399999999998,swap,improve
2308,14,893.8999999999999,14,724.8399999999998,2opt,notBad
2309,14,893.8999999999999,14,724.8399999999998,2opt,notBad
2310,14,916.7,14,724.8399999999998,swap,acceptBad
2311,14,916.7,14,724.8399999999998,move,improve
2312,14,916.7,14,724.8399999999998,move,improve
2313,14,916.7,14,724.8399999999998,swap,notBad
2314,14,916.7,14,724.8399999999998,2opt,notBad
2315,14,916.7,14,724.8399999999998,move,improve
2316,14,923.5599999999998,14,724.8399999999998,swap,acceptBad
2317,14,923.5599999999998,14,724.8399999999998,move,improve
2318,14,957.7199999999996,14,724.8399999999998,2opt,acceptBad
2319,14,974.6699999999996,14,724.8399999999998,swap,acceptBad
2320,14,974.6699999999996,14,724.8399999999998,move,improve
2321,14,974.6699999999996,14,724.8399999999998,2opt,notBad
2322,14,974.6699999999996,14,724.8399999999998,2opt,notBad
2323,14,1007.1699999999995,14,724.8399999999998,2opt,acceptBad
2324,14,1096.37,14,724.8399999999998,swap,acceptBad
2325,14,1065.4099999999999,14,724.8399999999998,swap,improve
2326,14,1065.4099999999999,14,724.8399999999998,move,improve
2327,14,1048.17,14,724.8399999999998,swap,improve
2328,14,1048.17,14,724.8399999999998,2opt,notBad
2329,14,1048.17,14,724.8399999999998,2opt,notBad
2330,14,998.0600000000002,14,724.8399999999998,move,improve
2331,14,933.48,14,724.8399999999998,swap,improve
2332,14,934.7,14,724.8399999999998,swap,acceptBad
2333,14,925.0099999999998,14,724.8399999999998,move,improve
2334,14,817.7099999999998,14,724.8399999999998,2opt,improve
2335,14,911.8900000000003,14,724.8399999999998,swap,acceptBad
2336,14,911.8900000000003,14,724.8399999999998,2opt,notBad
2337,14,911.8900000000003,14,724.8399999999998,2opt,notBad
2338,14,911.8900000000003,14,724.8399999999998,2opt,improve
2339,14,911.8900000000003,14,724.8399999999998,move,improve
2340,14,911.8900000000003,14,724.8399999999998,move,improve
2341,14,911.8900000000003,14,724.8399999999998,2opt,notBad
2342,14,911.8900000000003,14,724.8399999999998,move,improve
2343,14,911.8900000000003,14,724.8399999999998,2opt,notBad
2344,14,911.8900000000003,14,724.8399999999998,move,improve
2345,14,893.2200000000001,14,724.8399999999998,swap,improve
2346,14,893.2200000000001,14,724.8399999999998,2opt,notBad
2347,14,893.2200000000001,14,724.8399999999998,move,improve
2348,14,781.9499999999998,14,724.8399999999998,move,improve
2349,14,781.9499999999998,14,724.8399999999998,move,improve
2350,14,781.9499999999998,14,724.8399999999998,swap,notBad
2351,14,781.9499999999998,14,724.8399999999998,move,improve
2352,14,781.9499999999998,14,724.8399999999998,move,improve
2353,14,771.05,14,724.8399999999998,move,improve
2354,14,771.05,14,724.8399999999998,swap,notBad
2355,14,771.05,14,724.8399999999998,2opt,notBad
2356,14,767.71,14,724.8399999999998,move,improve
2357,14,767.71,14,724.8399999999998,move,improve
2358,14,739.4899999999998,14,724.8399999999998,move,improve
2359,14,739.4899999999998,14,724.8399999999998,2opt,notBad
2360,14,739.4899999999998,14,724.8399999999998,move,improve
2361,14,739.4899999999998,14,724.8399999999998,swap,notBad
2362,14,739.4899999999998,14,724.8399999999998,2opt,notBad
2363,14,801.1199999999999,14,724.8399999999998,swap,acceptBad
2364,14,834.4200000000003,14,724.8399999999998,swap,acceptBad
2365,14,834.4200000000003,14,724.8399999999998,2opt,notBad
2366,14,834.4200000000003,14,724.8399999999998,move,improve
2367,14,834.4200000000003,14,724.8399999999998,move,improve
2368,14,834.4200000000003,14,724.8399999999998,2opt,notBad
2369,14,745.3899999999999,14,724.8399999999998,move,improve
2370,14,745.3899999999999,14,724.8399999999998,move,improve
2371,14,745.3899999999999,14,724.8399999999998,swap,notBad
2372,14,710.5100000000001,14,710.5100000000001,swap,newBest
2373,14,710.5100000000001,14,710.5100000000001,move,improve
2374,14,710.5100000000001,14,710.5100000000001,swap,notBad
2375,14,710.5100000000001,14,710.5100000000001,swap,notBad
2376,14,710.5100000000001,14,710.5100000000001,swap,notBad
2377,14,710.5100000000001,14,710.5100000000001,2opt,notBad
2378,14,710.5100000000001,14,710.5100000000001,swap,notBad
2379,14,710.5100000000001,14,710.5100000000001,2opt,notBad
2380,14,710.5100000000001,14,710.5100000000001,2opt,notBad
2381,14,710.5100000000001,14,710.5100000000001,swap,notBad
2382,14,702.0300000000002,14,702.0300000000002,move,newBest
2383,14,702.0300000000002,14,702.0300000000002,2opt,notBad
2384,14,656.19,14,656.19,2opt,newBest
2385,14,656.19,14,656.19,move,improve
2386,14,656.19,14,656.19,swap,notBad
2387,14,656.19,14,656.19,move,improve
2388,14,656.19,14,656.19,swap,notBad
2389,14,656.19,14,656.19,2opt,notBad
2390,14,721.1700000000002,14,656.19,2opt,acceptBad
2391,14,721.1700000000002,14,656.19,2opt,notBad
2392,14,729.7400000000002,14,656.19,swap,acceptBad
2393,14,729.7400000000002,14,656.19,move,improve
2394,14,729.7400000000002,14,656.19,swap,notBad
2395,14,729.7400000000002,14,656.19,2opt,improve
2396,14,729.7400000000002,14,656.19,swap,notBad
2397,14,729.7400000000002,14,656.19,swap,notBad
2398,14,729.7400000000002,14,656.19,2opt,notBad
2399,14,729.7400000000002,14,656.19,2opt,notBad
2400,14,729.7400000000002,14,656.19,2opt,notBad
2401,14,711.78,14,656.19,move,improve
2402,14,702.9500000000002,14,656.19,move,improve
2403,14,702.9500000000002,14,656.19,swap,notBad
2404,14,702.9500000000002,14,656.19,swap,notBad
2405,14,807.0900000000001,14,656.19,swap,acceptBad
2406,14,807.0900000000001,14,656.19,swap,notBad
2407,14,807.0900000000001,14,656.19,swap,notBad
2408,14,807.0900000000001,14,656.19,move,improve
2409,14,796.7899999999997,14,656.19,2opt,improve
2410,14,796.7899999999997,14,656.19,2opt,notBad
2411,14,796.7899999999997,14,656.19,2opt,improve
2412,14,796.7899999999997,14,656.19,move,improve
2413,14,780.6399999999996,14,656.19,move,improve
2414,14,780.6399999999996,14,656.19,move,improve
2415,14,702.4299999999996,14,656.19,swap,improve
2416,14,702.4299999999996,14,656.19,move,improve
2417,14,702.4299999999996,14,656.19,move,improve
2418,14,702.4299999999996,14,656.19,2opt,notBad
2419,14,702.4299999999996,14,656.19,swap,notBad
2420,14,702.4299999999996,14,656.19,swap,notBad
2421,14,702.4299999999996,14,656.19,2opt,improve
2422,14,702.4299999999996,14,656.19,2opt,notBad
2423,14,702.4299999999996,14,656.19,2opt,notBad
2424,14,702.4299999999996,14,656.19,move,improve
2425,14,702.4299999999996,14,656.19,2opt,notBad
2426,14,702.4299999999996,14,656.19,move,improve
2427,14,702.4299999999996,14,656.19,2opt,notBad
2428,14,702.4299999999996,14,656.19,2opt,notBad
2429,14,702.4299999999996,14,656.19,move,improve
2430,14,702.4299999999996,14,656.19,2opt,notBad
2431,14,702.4299999999996,14,656.19,2opt,notBad
2432,14,702.4299999999996,14,656.19,move,improve
2433,14,702.4299999999996,14,656.19,2opt,notBad
2434,14,702.4299999999996,14,656.19,swap,notBad
2435,14,702.4299999999996,14,656.19,move,improve
2436,14,750.0699999999995,14,656.19,2opt,acceptBad
2437,14,760.4399999999994,14,656.19,swap,acceptBad
2438,14,736.5699999999995,14,656.19,swap,improve
2439,14,767.5099999999993,14,656.19,swap,acceptBad
2440,14,767.5099999999993,14,656.19,2opt,notBad
2441,14,767.5099999999993,14,656.19,move,improve
2442,14,765.3399999999997,14,656.19,move,improve
2443,14,765.3399999999997,14,656.19,move,improve
2444,14,765.3399999999997,14,656.19,swap,notBad
2445,14,765.3399999999997,14,656.19,2opt,notBad
2446,14,765.3399999999997,14,656.19,move,improve
2447,14,765.3399999999997,14,656.19,swap,notBad
2448,14,765.3399999999997,14,656.19,2opt,improve
2449,14,765.3399999999997,14,656.19,swap,notBad
2450,14,765.3399999999997,14,656.19,2opt,notBad
2451,14,765.3399999999997,14,656.19,2opt,notBad
2452,14,765.3399999999997,14,656.19,2opt,notBad
2453,14,765.3399999999997,14,656.19,2opt,notBad
2454,14,846.6199999999995,14,656.19,swap,acceptBad
2455,14,846.6199999999995,14,656.19,move,improve
2456,14,831.1299999999998,14,656.19,2opt,improve
2457,14,831.1299999999998,14,656.19,swap,notBad
2458,14,737.0300000000001,14,656.19,2opt,improve
2459,14,737.0300000000001,14,656.19,2opt,notBad
2460,14,737.0300000000001,14,656.19,2opt,notBad
2461,14,737.0300000000001,14,656.19,2opt,notBad
2462,14,737.0300000000001,14,656.19,2opt,notBad
2463,14,737.0300000000001,14,656.19,swap,notBad
2464,14,706.27,14,656.19,2opt,improve
2465,14,693.1099999999999,14,656.19,move,improve
2466,14,796.2,14,656.19,swap,acceptBad
2467,14,796.2,14,656.19,swap,notBad
2468,14,796.2,14,656.19,2opt,notBad
2469,14,796.2,14,656.19,swap,notBad
2470,14,796.2,14,656.19,move,improve
2471,14,796.2,14,656.19,swap,notBad
2472,14,875.7699999999998,14,656.19,swap,acceptBad
2473,14,875.7699999999998,14,656.19,move,improve
2474,14,875.7699999999998,14,656.19,move,improve
2475,14,875.7699999999998,14,656.19,move,improve
2476,14,837.2899999999997,14,656.19,swap,improve
2477,14,793.1699999999997,14,656.19,move,improve
2478,14,878.6999999999997,14,656.19,swap,acceptBad
2479,14,855.4000000000003,14,656.19,move,improve
2480,14,855.4000000000003,14,656.19,move,improve
2481,14,814.92,14,656.19,2opt,improve
2482,14,804.4600000000003,14,656.19,swap,improve
2483,14,878.5400000000008,14,656.19,swap,acceptBad
2484,14,878.5400000000008,14,656.19,swap,notBad
2485,14,878.5400000000008,14,656.19,move,improve
2486,14,878.5400000000008,14,656.19,2opt,notBad
2487,14,878.5400000000008,14,656.19,2opt,notBad
2488,14,878.5400000000008,14,656.19,swap,notBad
2489,14,705.4000000000003,14,656.19,2opt,improve
2490,14,705.4000000000003,14,656.19,move,improve
2491,14,730.6000000000001,14,656.19,2opt,acceptBad
2492,14,730.6000000000001,14,656.19,swap,notBad
2493,14,730.6000000000001,14,656.19,2opt,improve
2494,14,730.6000000000001,14,656.19,2opt,notBad
2495,14,730.6000000000001,14,656.19,swap,notBad
2496,14,730.6000000000001,14,656.19,move,improve
2497,14,730.6000000000001,14,656.19,swap,notBad
2498,14,730.6000000000001,14,656.19,2opt,notBad
2499,14,730.6000000000001,14,656.19,move,improve
2500,14,730.6000000000001,14,656.19,swap,notBad
2501,14,781.0000000000005,14,656.19,swap,acceptBad
2502,14,640.4600000000005,14,640.4600000000005,2opt,newBest
2503,14,640.4600000000005,14,640.4600000000005,2opt,improve
2504,14,640.4600000000005,14,640.4600000000005,2opt,notBad
2505,14,639.9500000000005,14,639.9500000000005,move,newBest
2506,14,639.9500000000005,14,639.9500000000005,move,improve
2507,14,639.9500000000005,14,639.9500000000005,move,improve
2508,14,639.9500000000005,14,639.9500000000005,swap,notBad
2509,14,641.0100000000002,14,639.9500000000005,2opt,acceptBad
2510,14,593.8500000000004,14,593.8500000000004,swap,newBest
2511,14,593.8500000000004,14,593.8500000000004,move,improve
2512,14,593.8500000000004,14,593.8500000000004,2opt,notBad
2513,14,541.2200000000003,14,541.2200000000003,move,newBest
2514,14,541.2200000000003,14,541.2200000000003,swap,notBad
2515,14,541.2200000000003,14,541.2200000000003,move,improve
2516,14,541.2200000000003,14,541.2200000000003,move,improve
2517,14,553.2000000000002,14,541.2200000000003,swap,acceptBad
2518,14,553.2000000000002,14,541.2200000000003,move,improve
2519,14,553.2000000000002,14,541.2200000000003,move,improve
2520,14,553.2000000000002,14,541.2200000000003,swap,notBad
2521,14,553.2000000000002,14,541.2200000000003,2opt,notBad
2522,14,553.2000000000002,14,541.2200000000003,2opt,notBad
2523,14,553.2000000000002,14,541.2200000000003,swap,notBad
2524,14,545.75,14,541.2200000000003,move,improve
2525,14,545.75,14,541.2200000000003,move,improve
2526,14,545.75,14,541.2200000000003,swap,notBad
2527,14,545.75,14,541.2200000000003,move,improve
2528,14,545.75,14,541.2200000000003,move,improve
2529,14,545.75,14,541.2200000000003,2opt,notBad
2530,14,552.3300000000002,14,541.2200000000003,swap,acceptBad
2531,14,552.3300000000002,14,541.2200000000003,2opt,notBad
2532,14,552.3300000000002,14,541.2200000000003,swap,notBad
2533,14,552.3300000000002,14,541.2200000000003,2opt,notBad
2534,14,618.3700000000006,14,541.2200000000003,swap,acceptBad
2535,14,618.3700000000006,14,541.2200000000003,move,improve
2536,14,618.3700000000006,14,541.2200000000003,2opt,notBad
2537,14,694.9500000000007,14,541.2200000000003,swap,acceptBad
2538,14,694.9500000000007,14,541.2200000000003,swap,notBad
2539,14,694.9500000000007,14,541.2200000000003,move,improve
2540,14,694.9500000000007,14,541.2200000000003,2opt,notBad
2541,14,694.9500000000007,14,541.2200000000003,2opt,notBad
2542,14,694.9500000000007,14,541.2200000000003,swap,notBad
2543,14,694.9500000000007,14,541.2200000000003,2opt,notBad
2544,14,694.9500000000007,14,541.2200000000003,2opt,notBad
2545,14,694.9500000000007,14,541.2200000000003,2opt,notBad
2546,14,694.9500000000007,14,541.2200000000003,move,improve
2547,14,781.0900000000001,14,541.2200000000003,swap,acceptBad
2548,14,781.0900000000001,14,541.2200000000003,swap,notBad
2549,14,878.8499999999999,14,541.2200000000003,swap,acceptBad
2550,14,878.8499999999999,14,541.2200000000003,2opt,improve
2551,14,878.8499999999999,14,541.2200000000003,2opt,notBad
2552,14,731.7100000000002,14,541.2200000000003,move,improve
2553,14,745.61,14,541.2200000000003,swap,acceptBad
2554,14,745.61,14,541.2200000000003,move,improve
2555,14,745.61,14,541.2200000000003,move,improve
2556,14,745.61,14,541.2200000000003,move,improve
2557,14,745.61,14,541.2200000000003,2opt,notBad
2558,14,744.95,14,541.2200000000003,move,improve
2559,14,744.95,14,541.2200000000003,move,improve
2560,14,744.95,14,541.2200000000003,2opt,notBad
2561,14,744.95,14,541.2200000000003,2opt,notBad
2562,14,779.5400000000002,14,541.2200000000003,swap,acceptBad
2563,14,779.5400000000002,14,541.2200000000003,2opt,notBad
2564,14,779.5400000000002,14,541.2200000000003,2opt,notBad
2565,14,779.5400000000002,14,541.2200000000003,2opt,notBad
2566,14,779.5400000000002,14,541.2200000000003,move,improve
2567,14,779.5400000000002,14,541.2200000000003,2opt,improve
2568,14,779.5400000000002,14,541.2200000000003,move,improve
2569,14,763.5,14,541.2200000000003,swap,improve
2570,14,763.5,14,541.2200000000003,2opt,notBad
2571,14,763.5,14,541.2200000000003,move,improve
2572,14,763.5,14,541.2200000000003,2opt,notBad
2573,14,763.5,14,541.2200000000003,2opt,improve
2574,14,763.5,14,541.2200000000003,swap,notBad
2575,14,689.3700000000001,14,541.2200000000003,move,improve
2576,14,689.3700000000001,14,541.2200000000003,swap,notBad
2577,14,696.5100000000009,14,541.2200000000003,2opt,acceptBad
2578,14,696.5100000000009,14,541.2200000000003,move,improve
2579,14,696.5100000000009,14,541.2200000000003,swap,notBad
2580,14,726.9500000000007,14,541.2200000000003,swap,acceptBad
2581,14,726.9500000000007,14,541.2200000000003,swap,notBad
2582,14,726.9500000000007,14,541.2200000000003,2opt,notBad
2583,14,726.9500000000007,14,541.2200000000003,2opt,notBad
2584,14,726.9500000000007,14,541.2200000000003,2opt,improve
2585,14,726.9500000000007,14,541.2200000000003,move,improve
2586,14,726.9500000000007,14,541.2200000000003,move,improve
2587,14,726.9500000000007,14,541.2200000000003,2opt,improve
2588,14,726.9500000000007,14,541.2200000000003,swap,notBad
2589,14,815.1600000000005,14,541.2200000000003,swap,acceptBad
2590,14,815.1600000000005,14,541.2200000000003,move,improve
2591,14,815.1600000000005,14,541.2200000000003,2opt,notBad
2592,14,815.1600000000005,14,541.2200000000003,2opt,notBad
2593,14,805.2700000000004,14,541.2200000000003,move,improve
2594,14,879.03,14,541.2200000000003,swap,acceptBad
2595,14,879.03,14,541.2200000000003,2opt,improve
2596,14,879.03,14,541.2200000000003,move,improve
2597,14,877.77,14,541.2200000000003,move,improve
2598,14,877.77,14,541.2200000000003,move,improve
2599,14,877.77,14,541.2200000000003,swap,notBad
2600,14,877.77,14,541.2200000000003,move,improve
2601,14,877.77,14,541.2200000000003,2opt,notBad
2602,14,877.77,14,541.2200000000003,move,improve
2603,14,877.77,14,541.2200000000003,2opt,improve
2604,14,877.77,14,541.2200000000003,move,improve
2605,14,877.77,14,541.2200000000003,swap,notBad
2606,14,877.77,14,541.2200000000003,2opt,notBad
2607,14,877.77,14,541.2200000000003,swap,notBad
2608,14,877.77,14,541.2200000000003,2opt,improve
2609,14,877.77,14,541.2200000000003,swap,notBad
2610,14,895.2700000000004,14,541.2200000000003,swap,acceptBad
2611,14,895.2700000000004,14,541.2200000000003,2opt,notBad
2612,14,895.2700000000004,14,541.2200000000003,swap,notBad
2613,14,895.2700000000004,14,541.2200000000003,2opt,notBad
2614,14,895.2700000000004,14,541.2200000000003,swap,notBad
2615,14,871.1700000000003,14,541.2200000000003,swap,improve
2616,14,871.1700000000003,14,541.2200000000003,swap,notBad
2617,14,871.1700000000003,14,541.2200000000003,swap,notBad
2618,14,871.1700000000003,14,541.2200000000003,move,improve
2619,14,871.1700000000003,14,541.2200000000003,2opt,notBad
2620,14,871.1700000000003,14,541.2200000000003,swap,notBad
2621,14,871.1700000000003,14,541.2200000000003,move,improve
2622,14,871.1700000000003,14,541.2200000000003,2opt,notBad
2623,14,975.5900000000005,14,541.2200000000003,swap,acceptBad
2624,14,975.5900000000005,14,541.2200000000003,swap,notBad
2625,14,1026.9900000000002,14,541.2200000000003,swap,acceptBad
2626,14,1026.9900000000002,14,541.2200000000003,swap,notBad
2627,14,1026.9900000000002,14,541.2200000000003,2opt,notBad
2628,14,1026.9900000000002,14,541.2200000000003,move,improve
2629,14,1026.9900000000002,14,541.2200000000003,2opt,improve
2630,14,884.3700000000001,14,541.2200000000003,move,improve
2631,14,884.3700000000001,14,541.2200000000003,swap,notBad
2632,14,652.2100000000004,14,541.2200000000003,move,improve
2633,14,652.2100000000004,14,541.2200000000003,move,improve
2634,14,652.2100000000004,14,541.2200000000003,move,improve
2635,14,652.2100000000004,14,541.2200000000003,swap,notBad
2636,14,652.2100000000004,14,541.2200000000003,move,improve
2637,14,652.2100000000004,14,541.2200000000003,2opt,notBad
2638,14,652.2100000000004,14,541.2200000000003,swap,notBad
2639,14,652.2100000000004,14,541.2200000000003,move,improve
2640,14,600.1500000000003,14,541.2200000000003,move,improve
2641,14,600.1500000000003,14,541.2200000000003,swap,notBad
2642,14,600.1500000000003,14,541.2200000000003,swap,notBad
2643,14,600.1500000000003,14,541.2200000000003,move,improve
2644,14,600.1500000000003,14,541.2200000000003,swap,notBad
2645,14,600.1500000000003,14,541.2200000000003,move,improve
2646,14,600.1500000000003,14,541.2200000000003,move,improve
2647,14,600.1500000000003,14,541.2200000000003,swap,notBad
2648,14,600.1500000000003,14,541.2200000000003,swap,notBad
2649,14,600.1500000000003,14,541.2200000000003,move,improve
2650,14,600.1500000000003,14,541.2200000000003,2opt,notBad
2651,14,600.1500000000003,14,541.2200000000003,move,improve
2652,14,600.1500000000003,14,541.2200000000003,2opt,notBad
2653,14,600.1500000000003,14,541.2200000000003,move,improve
2654,14,600.1500000000003,14,541.2200000000003,2opt,notBad
2655,14,600.1500000000003,14,541.2200000000003,move,improve
2656,14,600.1500000000003,14,541.2200000000003,move,improve
2657,14,600.1500000000003,14,541.2200000000003,move,improve
2658,14,600.1500000000003,14,541.2200000000003,2opt,improve
2659,14,600.1500000000003,14,541.2200000000003,swap,notBad
2660,14,600.1500000000003,14,541.2200000000003,swap,notBad
2661,14,600.1500000000003,14,541.2200000000003,swap,notBad
2662,14,600.1500000000003,14,541.2200000000003,swap,notBad
2663,14,600.1500000000003,14,541.2200000000003,move,improve
2664,14,600.1500000000003,14,541.2200000000003,swap,notBad
2665,14,600.1500000000003,14,541.2200000000003,swap,notBad
2666,14,600.1500000000003,14,541.2200000000003,swap,notBad
2667,14,600.1500000000003,14,541.2200000000003,move,improve
2668,14,600.1500000000003,14,541.2200000000003,move,improve
2669,14,600.1500000000003,14,541.2200000000003,swap,notBad
2670,14,600.1500000000003,14,541.2200000000003,swap,notBad
2671,14,600.1500000000003,14,541.2200000000003,swap,notBad
2672,14,586.8900000000003,14,541.2200000000003,2opt,improve
2673,14,586.8900000000003,14,541.2200000000003,2opt,notBad
2674,14,586.8900000000003,14,541.2200000000003,move,notBad
2675,14,586.8900000000003,14,541.2200000000003,move,improve
2676,14,586.8900000000003,14,541.2200000000003,move,improve
2677,14,584.6700000000003,14,541.2200000000003,swap,improve
2678,14,584.6700000000003,14,541.2200000000003,move,improve
2679,14,584.6700000000003,14,541.2200000000003,move,improve
2680,14,584.6700000000003,14,541.2200000000003,move,improve
2681,14,584.6700000000003,14,541.2200000000003,2opt,notBad
2682,14,584.6700000000003,14,541.2200000000003,swap,notBad
2683,14,584.6700000000003,14,541.2200000000003,2opt,notBad
2684,14,584.6700000000003,14,541.2200000000003,swap,notBad
2685,14,584.6700000000003,14,541.2200000000003,move,improve
2686,14,584.6700000000003,14,541.2200000000003,move,improve
2687,14,674.9099999999999,14,541.2200000000003,swap,acceptBad
2688,14,674.9099999999999,14,541.2200000000003,move,improve
2689,14,674.9099999999999,14,541.2200000000003,move,improve
2690,14,674.9099999999999,14,541.2200000000003,swap,notBad
2691,14,674.9099999999999,14,541.2200000000003,move,improve
2692,14,674.9099999999999,14,541.2200000000003,2opt,notBad
2693,14,674.9099999999999,14,541.2200000000003,2opt,notBad
2694,14,674.9099999999999,14,541.2200000000003,2opt,improve
2695,14,674.9099999999999,14,541.2200000000003,move,improve
2696,14,674.9099999999999,14,541.2200000000003,2opt,notBad
2697,14,674.9099999999999,14,541.2200000000003,move,improve
2698,14,674.9099999999999,14,541.2200000000003,move,improve
2699,14,690.2500000000006,14,541.2200000000003,swap,acceptBad
2700,14,654.2000000000002,14,541.2200000000003,move,improve
2701,14,654.2000000000002,14,541.2200000000003,2opt,notBad
2702,14,654.2000000000002,14,541.2200000000003,2opt,notBad
2703,14,654.2000000000002,14,541.2200000000003,2opt,notBad
2704,14,654.2000000000002,14,541.2200000000003,swap,notBad
2705,14,654.2000000000002,14,541.2200000000003,2opt,notBad
2706,14,654.2000000000002,14,541.2200000000003,2opt,notBad
2707,14,654.2000000000002,14,541.2200000000003,2opt,improve
2708,14,654.2000000000002,14,541.2200000000003,swap,notBad
2709,14,653.0500000000003,14,541.2200000000003,move,improve
2710,14,653.0500000000003,14,541.2200000000003,move,improve
2711,14,653.0500000000003,14,541.2200000000003,move,improve
2712,14,641.1100000000004,14,541.2200000000003,move,improve
2713,14,641.1100000000004,14,541.2200000000003,move,improve
2714,14,641.1100000000004,14,541.2200000000003,swap,notBad
2715,14,641.1100000000004,14,541.2200000000003,2opt,notBad
2716,14,641.1100000000004,14,541.2200000000003,swap,notBad
2717,14,640.0900000000001,14,541.2200000000003,2opt,improve
2718,14,736.09,14,541.2200000000003,swap,acceptBad
2719,14,736.09,14,541.2200000000003,swap,notBad
2720,14,800.6999999999999,14,541.2200000000003,swap,acceptBad
2721,14,800.6999999999999,14,541.2200000000003,move,notBad
2722,14,800.6999999999999,14,541.2200000000003,move,improve
2723,14,800.6999999999999,14,541.2200000000003,2opt,improve
2724,14,800.6999999999999,14,541.2200000000003,swap,notBad
2725,14,800.6999999999999,14,541.2200000000003,swap,notBad
2726,14,800.6999999999999,14,541.2200000000003,move,improve
2727,14,884.68,14,541.2200000000003,swap,acceptBad
2728,14,884.68,14,541.2200000000003,2opt,notBad
2729,14,884.68,14,541.2200000000003,move,improve
2730,14,884.68,14,541.2200000000003,swap,notBad
2731,14,884.68,14,541.2200000000003,2opt,notBad
2732,14,884.68,14,541.2200000000003,move,improve
2733,14,884.68,14,541.2200000000003,2opt,notBad
2734,14,884.68,14,541.2200000000003,2opt,notBad
2735,14,884.68,14,541.2200000000003,swap,notBad
2736,14,884.68,14,541.2200000000003,swap,notBad
2737,14,884.68,14,541.2200000000003,2opt,improve
2738,14,884.68,14,541.2200000000003,2opt,notBad
2739,14,884.68,14,541.2200000000003,2opt,notBad
2740,14,884.68,14,541.2200000000003,swap,notBad
2741,14,810.6699999999998,14,541.2200000000003,swap,improve
2742,14,810.6699999999998,14,541.2200000000003,move,improve
2743,14,808.0399999999998,14,541.2200000000003,move,improve
2744,14,808.0399999999998,14,541.2200000000003,swap,notBad
2745,14,823.0999999999999,14,541.2200000000003,swap,acceptBad
2746,14,823.0999999999999,14,541.2200000000003,2opt,notBad
2747,14,856.78,14,541.2200000000003,2opt,acceptBad
2748,14,888.4399999999996,14,541.2200000000003,swap,acceptBad
2749,14,888.4399999999996,14,541.2200000000003,2opt,improve
2750,14,888.4399999999996,14,541.2200000000003,move,improve
2751,14,781.4399999999997,14,541.2200000000003,move,improve
2752,14,753.4999999999998,14,541.2200000000003,move,improve
2753,14,753.4999999999998,14,541.2200000000003,2opt,notBad
2754,14,753.4999999999998,14,541.2200000000003,swap,notBad
2755,14,753.4999999999998,14,541.2200000000003,swap,notBad
2756,14,753.4999999999998,14,541.2200000000003,move,improve
2757,14,614.7800000000002,14,541.2200000000003,move,improve
2758,14,614.7800000000002,14,541.2200000000003,swap,notBad
2759,14,614.7800000000002,14,541.2200000000003,swap,notBad
2760,14,614.7800000000002,14,541.2200000000003,swap,notBad
2761,14,614.7800000000002,14,541.2200000000003,swap,notBad
2762,14,614.7800000000002,14,541.2200000000003,2opt,improve
2763,14,614.7800000000002,14,541.2200000000003,2opt,notBad
2764,14,614.7800000000002,14,541.2200000000003,move,improve
2765,14,614.7800000000002,14,541.2200000000003,move,improve
2766,14,635.4900000000002,14,541.2200000000003,swap,acceptBad
2767,14,635.4900000000002,14,541.2200000000003,2opt,notBad
2768,14,707.4500000000006,14,541.2200000000003,move,acceptBad
2769,14,707.4500000000006,14,541.2200000000003,2opt,notBad
2770,14,707.4500000000006,14,541.2200000000003,2opt,notBad
2771,14,707.4500000000006,14,541.2200000000003,2opt,notBad
2772,14,707.4500000000006,14,541.2200000000003,2opt,notBad
2773,14,707.4500000000006,14,541.2200000000003,move,improve
2774,14,707.4500000000006,14,541.2200000000003,move,improve
2775,14,707.4500000000006,14,541.2200000000003,swap,notBad
2776,14,707.4500000000006,14,541.2200000000003,move,improve
2777,14,707.4500000000006,14,541.2200000000003,swap,notBad
2778,14,707.4500000000006,14,541.2200000000003,2opt,notBad
2779,14,728.8400000000006,14,541.2200000000003,swap,acceptBad
2780,14,728.8400000000006,14,541.2200000000003,swap,notBad
2781,14,728.8400000000006,14,541.2200000000003,2opt,notBad
2782,14,728.8400000000006,14,541.2200000000003,move,improve
2783,14,728.8400000000006,14,541.2200000000003,2opt,notBad
2784,14,728.8400000000006,14,541.2200000000003,2opt,improve
2785,14,728.8400000000006,14,541.2200000000003,move,improve
2786,14,728.8400000000006,14,541.2200000000003,2opt,notBad
2787,14,728.8400000000006,14,541.2200000000003,2opt,notBad
2788,14,728.8400000000006,14,541.2200000000003,move,improve
2789,14,728.8400000000006,14,541.2200000000003,2opt,improve
2790,14,728.8400000000006,14,541.2200000000003,swap,notBad
2791,14,728.8400000000006,14,541.2200000000003,swap,notBad
2792,14,681.7600000000004,14,541.2200000000003,move,improve
2793,14,678.5600000000003,14,541.2200000000003,move,improve
2794,14,678.5600000000003,14,541.2200000000003,move,improve
2795,14,678.5600000000003,14,541.2200000000003,2opt,notBad
2796,14,678.5600000000003,14,541.2200000000003,swap,notBad
2797,14,678.5600000000003,14,541.2200000000003,2opt,improve
2798,14,678.5600000000003,14,541.2200000000003,2opt,notBad
2799,14,728.8000000000004,14,541.2200000000003,swap,acceptBad
2800,14,728.8000000000004,14,541.2200000000003,move,improve
2801,14,728.1100000000004,14,541.2200000000003,move,improve
2802,14,728.1100000000004,14,541.2200000000003,swap,notBad
2803,14,728.1100000000004,14,541.2200000000003,move,improve
2804,14,744.6400000000001,14,541.2200000000003,2opt,acceptBad
2805,14,654.6199999999997,14,541.2200000000003,2opt,improve
2806,14,632.2699999999999,14,541.2200000000003,move,improve
2807,14,632.2699999999999,14,541.2200000000003,2opt,notBad
2808,14,632.2699999999999,14,541.2200000000003,swap,notBad
2809,14,632.2699999999999,14,541.2200000000003,2opt,notBad
2810,14,632.2699999999999,14,541.2200000000003,2opt,improve
2811,14,623.5299999999997,14,541.2200000000003,2opt,improve
2812,14,623.5299999999997,14,541.2200000000003,2opt,notBad
2813,14,623.5299999999997,14,541.2200000000003,2opt,notBad
2814,14,623.5299999999997,14,541.2200000000003,swap,notBad
2815,14,613.6899999999998,14,541.2200000000003,move,improve
2816,14,651.4299999999997,14,541.2200000000003,swap,acceptBad
2817,14,651.4299999999997,14,541.2200000000003,2opt,notBad
2818,14,663.6999999999998,14,541.2200000000003,swap,acceptBad
2819,14,663.6999999999998,14,541.2200000000003,2opt,notBad
2820,14,663.6999999999998,14,541.2200000000003,2opt,notBad
2821,14,663.6999999999998,14,541.2200000000003,swap,notBad
2822,14,671.6199999999998,14,541.2200000000003,2opt,acceptBad
2823,14,675.1399999999998,14,541.2200000000003,2opt,acceptBad
2824,14,675.1399999999998,14,541.2200000000003,2opt,notBad
2825,14,675.1399999999998,14,541.2200000000003,move,improve
2826,14,675.1399999999998,14,541.2200000000003,move,improve
2827,14,673.3000000000001,14,541.2200000000003,swap,improve
2828,14,673.3000000000001,14,541.2200000000003,move,improve
2829,14,675.3800000000001,14,541.2200000000003,2opt,acceptBad
2830,14,640.3599999999999,14,541.2200000000003,move,improve
2831,14,641.4300000000001,14,541.2200000000003,swap,acceptBad
2832,14,641.4300000000001,14,541.2200000000003,swap,notBad
2833,14,641.4300000000001,14,541.2200000000003,2opt,notBad
2834,14,641.4300000000001,14,541.2200000000003,swap,notBad
2835,14,641.4300000000001,14,541.2200000000003,swap,notBad
2836,14,641.4300000000001,14,541.2200000000003,swap,notBad
2837,14,641.4300000000001,14,541.2200000000003,swap,notBad
2838,14,648.14,14,541.2200000000003,swap,acceptBad
2839,14,648.14,14,541.2200000000003,move,improve
2840,14,648.14,14,541.2200000000003,swap,notBad
2841,14,648.14,14,541.2200000000003,swap,notBad
2842,14,648.14,14,541.2200000000003,2opt,notBad
2843,14,648.14,14,541.2200000000003,move,improve
2844,14,648.14,14,541.2200000000003,2opt,notBad
2845,14,648.14,14,541.2200000000003,2opt,notBad
2846,14,648.14,14,541.2200000000003,move,improve
2847,14,648.14,14,541.2200000000003,move,improve
2848,14,648.14,14,541.2200000000003,2opt,notBad
2849,14,648.14,14,541.2200000000003,move,improve
2850,14,648.14,14,541.2200000000003,move,improve
2851,14,648.14,14,541.2200000000003,2opt,improve
2852,14,648.14,14,541.2200000000003,2opt,notBad
2853,14,563.4199999999998,14,541.2200000000003,swap,improve
2854,14,563.4199999999998,14,541.2200000000003,2opt,notBad
2855,14,563.4199999999998,14,541.2200000000003,2opt,notBad
2856,14,563.4199999999998,14,541.2200000000003,2opt,notBad
2857,14,563.4199999999998,14,541.2200000000003,2opt,improve
2858,14,563.4199999999998,14,541.2200000000003,move,improve
2859,14,563.4199999999998,14,541.2200000000003,move,notBad
2860,14,563.4199999999998,14,541.2200000000003,move,improve
2861,14,563.4199999999998,14,541.2200000000003,swap,notBad
2862,14,563.4199999999998,14,541.2200000000003,swap,notBad
2863,14,563.4199999999998,14,541.2200000000003,swap,notBad
2864,14,563.4199999999998,14,541.2200000000003,move,improve
2865,14,563.4199999999998,14,541.2200000000003,2opt,notBad
2866,14,563.4199999999998,14,541.2200000000003,move,improve
2867,14,563.4199999999998,14,541.2200000000003,move,improve
2868,14,563.4199999999998,14,541.2200000000003,swap,notBad
2869,14,563.4199999999998,14,541.2200000000003,2opt,notBad
2870,14,563.4199999999998,14,541.2200000000003,2opt,notBad
2871,14,563.4199999999998,14,541.2200000000003,2opt,notBad
2872,14,563.4199999999998,14,541.2200000000003,2opt,improve
2873,14,563.4199999999998,14,541.2200000000003,swap,notBad
2874,14,563.4199999999998,14,541.2200000000003,2opt,notBad
2875,14,563.4199999999998,14,541.2200000000003,swap,notBad
2876,14,558.8700000000001,14,541.2200000000003,move,improve
2877,14,577.27,14,541.2200000000003,swap,acceptBad
2878,14,577.27,14,541.2200000000003,2opt,improve
2879,14,577.27,14,541.2200000000003,move,improve
2880,14,577.27,14,541.2200000000003,swap,notBad
2881,14,577.27,14,541.2200000000003,move,improve
2882,14,577.27,14,541.2200000000003,swap,notBad
2883,14,577.27,14,541.2200000000003,2opt,notBad
2884,14,577.27,14,541.2200000000003,move,improve
2885,14,577.27,14,541.2200000000003,2opt,improve
2886,14,577.27,14,541.2200000000003,2opt,improve
2887,14,577.27,14,541.2200000000003,swap,notBad
2888,14,577.27,14,541.2200000000003,move,notBad
2889,14,577.27,14,541.2200000000003,move,improve
2890,14,553.55,14,541.2200000000003,move,improve
2891,14,553.74,14,541.2200000000003,2opt,acceptBad
2892,14,553.74,14,541.2200000000003,swap,notBad
2893,14,577.4600000000002,14,541.2200000000003,swap,acceptBad
2894,14,577.4600000000002,14,541.2200000000003,swap,notBad
2895,14,577.4600000000002,14,541.2200000000003,2opt,notBad
2896,14,577.4600000000002,14,541.2200000000003,swap,notBad
2897,14,550.74,14,541.2200000000003,move,improve
2898,14,550.74,14,541.2200000000003,2opt,notBad
2899,14,550.74,14,541.2200000000003,swap,notBad
2900,14,550.74,14,541.2200000000003,move,improve
2901,14,550.74,14,541.2200000000003,move,improve
2902,14,550.74,14,541.2200000000003,move,improve
2903,14,550.74,14,541.2200000000003,2opt,improve
2904,14,550.74,14,541.2200000000003,move,improve
2905,14,541.2500000000002,14,541.2200000000003,swap,improve
2906,14,541.2500000000002,14,541.2200000000003,move,improve
2907,14,541.2500000000002,14,541.2200000000003,2opt,notBad
2908,14,541.2500000000002,14,541.2200000000003,swap,notBad
2909,14,541.2500000000002,14,541.2200000000003,2opt,notBad
2910,14,541.2500000000002,14,541.2200000000003,move,improve
2911,14,541.2500000000002,14,541.2200000000003,move,improve
2912,14,564.6099999999999,14,541.2200000000003,swap,acceptBad
2913,14,564.6099999999999,14,541.2200000000003,move,improve
2914,14,564.6099999999999,14,541.2200000000003,swap,notBad
2915,14,564.6099999999999,14,541.2200000000003,swap,notBad
2916,14,564.6099999999999,14,541.2200000000003,swap,notBad
2917,14,564.6099999999999,14,541.2200000000003,2opt,notBad
2918,14,547.1500000000002,14,541.2200000000003,swap,improve
2919,14,547.1500000000002,14,541.2200000000003,2opt,notBad
2920,14,547.1500000000002,14,541.2200000000003,swap,notBad
2921,14,547.1500000000002,14,541.2200000000003,2opt,notBad
2922,14,547.1500000000002,14,541.2200000000003,move,improve
2923,14,547.1500000000002,14,541.2200000000003,move,improve
2924,14,547.1500000000002,14,541.2200000000003,move,improve
2925,14,547.1500000000002,14,541.2200000000003,swap,notBad
2926,14,547.1500000000002,14,541.2200000000003,2opt,notBad
2927,14,579.2200000000001,14,541.2200000000003,swap,acceptBad
2928,14,579.2200000000001,14,541.2200000000003,swap,notBad
2929,14,579.2200000000001,14,541.2200000000003,swap,notBad
2930,14,579.2200000000001,14,541.2200000000003,swap,notBad
2931,14,579.2200000000001,14,541.2200000000003,2opt,notBad
2932,14,584.6800000000001,14,541.2200000000003,2opt,acceptBad
2933,14,584.6800000000001,14,541.2200000000003,2opt,improve
2934,14,605.4200000000002,14,541.2200000000003,swap,acceptBad
2935,14,574.5100000000002,14,541.2200000000003,move,improve
2936,14,574.5100000000002,14,541.2200000000003,move,improve
2937,14,574.5100000000002,14,541.2200000000003,swap,notBad
2938,14,574.5100000000002,14,541.2200000000003,swap,notBad
2939,14,574.5100000000002,14,541.2200000000003,2opt,notBad
2940,14,574.5100000000002,14,541.2200000000003,move,improve
2941,14,574.7800000000002,14,541.2200000000003,swap,acceptBad
2942,14,574.7800000000002,14,541.2200000000003,swap,notBad
2943,14,574.7800000000002,14,541.2200000000003,move,improve
2944,14,595.6400000000006,14,541.2200000000003,swap,acceptBad
2945,14,595.6400000000006,14,541.2200000000003,move,improve
2946,14,591.4100000000005,14,541.2200000000003,2opt,improve
2947,14,591.4100000000005,14,541.2200000000003,swap,notBad
2948,14,590.3200000000005,14,541.2200000000003,swap,improve
2949,14,599.0900000000006,14,541.2200000000003,swap,acceptBad
2950,14,599.0900000000006,14,541.2200000000003,2opt,notBad
2951,14,599.0900000000006,14,541.2200000000003,move,improve
2952,14,599.0900000000006,14,541.2200000000003,swap,notBad
2953,14,599.0900000000006,14,541.2200000000003,2opt,notBad
2954,14,599.0900000000006,14,541.2200000000003,move,improve
2955,14,599.0900000000006,14,541.2200000000003,2opt,notBad
2956,14,599.0900000000006,14,541.2200000000003,2opt,notBad
2957,14,599.0900000000006,14,541.2200000000003,move,improve
2958,14,599.0900000000006,14,541.2200000000003,2opt,notBad
2959,14,599.0900000000006,14,541.2200000000003,swap,notBad
2960,14,599.0900000000006,14,541.2200000000003,move,improve
2961,14,599.0900000000006,14,541.2200000000003,2opt,improve
2962,14,599.0900000000006,14,541.2200000000003,2opt,notBad
2963,14,599.0900000000006,14,541.2200000000003,move,improve
2964,14,599.0900000000006,14,541.2200000000003,move,improve
2965,14,599.0900000000006,14,541.2200000000003,move,improve
2966,14,599.0900000000006,14,541.2200000000003,swap,notBad
2967,14,599.0900000000006,14,541.2200000000003,swap,notBad
2968,14,517.3400000000006,14,517.3400000000006,swap,newBest
2969,14,512.9600000000005,14,512.9600000000005,move,newBest
2970,14,512.9600000000005,14,512.9600000000005,2opt,notBad
2971,14,512.9600000000005,14,512.9600000000005,move,improve
2972,14,512.9600000000005,14,512.9600000000005,swap,notBad
2973,14,512.9600000000005,14,512.9600000000005,2opt,notBad
2974,14,516.0000000000006,14,512.9600000000005,swap,acceptBad
2975,14,516.0000000000006,14,512.9600000000005,move,improve
2976,14,516.0000000000006,14,512.9600000000005,2opt,notBad
2977,14,516.0000000000006,14,512.9600000000005,move,improve
2978,14,516.0000000000006,14,512.9600000000005,move,improve
2979,14,510.11000000000047,14,510.11000000000047,move,newBest
2980,14,488.6900000000006,14,488.6900000000006,move,newBest
2981,14,488.6900000000006,14,488.6900000000006,2opt,notBad
2982,14,488.6900000000006,14,488.6900000000006,move,improve
2983,14,488.6900000000006,14,488.6900000000006,move,improve
2984,14,488.6900000000006,14,488.6900000000006,move,improve
2985,14,488.6900000000006,14,488.6900000000006,move,improve
2986,14,488.6900000000006,14,488.6900000000006,move,improve
2987,14,454.8300000000004,14,454.8300000000004,2opt,newBest
2988,14,454.8300000000004,14,454.8300000000004,swap,notBad
2989,14,454.8300000000004,14,454.8300000000004,move,improve
2990,14,454.8300000000004,14,454.8300000000004,2opt,notBad
2991,14,454.8300000000004,14,454.8300000000004,2opt,notBad
2992,14,454.8300000000004,14,454.8300000000004,move,improve
2993,14,432.7700000000002,14,432.7700000000002,move,newBest
2994,14,481.40000000000055,14,432.7700000000002,swap,acceptBad
2995,14,501.3000000000007,14,432.7700000000002,swap,acceptBad
2996,14,501.3000000000007,14,432.7700000000002,swap,notBad
2997,14,532.4800000000007,14,432.7700000000002,swap,acceptBad
2998,14,532.4800000000007,14,432.7700000000002,move,improve
2999,14,532.4800000000007,14,432.7700000000002,swap,notBad
3000,14,532.4800000000007,14,432.7700000000002,2opt,notBad
3001,14,532.4800000000007,14,432.7700000000002,swap,notBad
3002,14,532.4800000000007,14,432.7700000000002,move,improve
3003,14,531.0400000000004,14,432.7700000000002,move,improve
3004,14,531.0400000000004,14,432.7700000000002,swap,notBad
3005,14,531.0400000000004,14,432.7700000000002,swap,notBad
3006,14,531.0400000000004,14,432.7700000000002,swap,notBad
3007,14,531.0400000000004,14,432.7700000000002,swap,notBad
3008,14,531.0400000000004,14,432.7700000000002,move,improve
3009,14,531.0400000000004,14,432.7700000000002,swap,notBad
3010,14,531.0400000000004,14,432.7700000000002,swap,notBad
3011,14,531.0400000000004,14,432.7700000000002,move,improve
3012,14,530.1700000000005,14,432.7700000000002,2opt,improve
3013,14,530.1700000000005,14,432.7700000000002,2opt,notBad
3014,14,530.1700000000005,14,432.7700000000002,swap,notBad
3015,14,530.1700000000005,14,432.7700000000002,move,improve
3016,14,530.1700000000005,14,432.7700000000002,swap,notBad
3017,14,530.1700000000005,14,432.7700000000002,move,improve
3018,14,527.9900000000005,14,432.7700000000002,move,improve
3019,14,527.9900000000005,14,432.7700000000002,swap,notBad
3020,14,521.1300000000002,14,432.7700000000002,move,improve
3021,14,521.1300000000002,14,432.7700000000002,2opt,improve
3022,14,521.1300000000002,14,432.7700000000002,swap,notBad
3023,14,446.9300000000003,14,432.7700000000002,move,improve
3024,14,446.9300000000003,14,432.7700000000002,move,improve
3025,14,446.9300000000003,14,432.7700000000002,swap,notBad
3026,14,446.9300000000003,14,432.7700000000002,2opt,notBad
3027,14,446.9300000000003,14,432.7700000000002,move,improve
3028,14,446.9300000000003,14,432.7700000000002,swap,notBad
3029,14,446.9300000000003,14,432.7700000000002,2opt,notBad
3030,14,446.9300000000003,14,432.7700000000002,move,improve
3031,14,446.9300000000003,14,432.7700000000002,2opt,notBad
3032,14,446.9300000000003,14,432.7700000000002,2opt,improve
3033,14,446.9300000000003,14,432.7700000000002,2opt,notBad
3034,14,446.9300000000003,14,432.7700000000002,2opt,notBad
3035,14,446.9300000000003,14,432.7700000000002,2opt,notBad
3036,14,446.9300000000003,14,432.7700000000002,move,improve
3037,14,446.9300000000003,14,432.7700000000002,move,improve
3038,14,446.9300000000003,14,432.7700000000002,swap,notBad
3039,14,446.9300000000003,14,432.7700000000002,2opt,notBad
3040,14,446.9300000000003,14,432.7700000000002,2opt,improve
3041,14,446.9300000000003,14,432.7700000000002,2opt,notBad
3042,14,446.9300000000003,14,432.7700000000002,move,improve
3043,14,443.89000000000016,14,432.7700000000002,2opt,improve
3044,14,443.89000000000016,14,432.7700000000002,swap,notBad
3045,14,405.2800000000002,14,405.2800000000002,move,newBest
3046,14,405.2800000000002,14,405.2800000000002,move,improve
3047,14,450.70000000000033,14,405.2800000000002,swap,acceptBad
3048,14,450.70000000000033,14,405.2800000000002,move,improve
3049,14,450.70000000000033,14,405.2800000000002,move,improve
3050,14,451.02000000000044,14,405.2800000000002,2opt,acceptBad
3051,14,451.02000000000044,14,405.2800000000002,2opt,notBad
3052,14,451.02000000000044,14,405.2800000000002,2opt,notBad
3053,14,504.84000000000015,14,405.2800000000002,swap,acceptBad
3054,14,504.84000000000015,14,405.2800000000002,2opt,notBad
3055,14,504.84000000000015,14,405.2800000000002,swap,notBad
3056,14,504.84000000000015,14,405.2800000000002,swap,notBad
3057,14,504.84000000000015,14,405.2800000000002,swap,notBad
3058,14,504.84000000000015,14,405.2800000000002,swap,notBad
3059,14,504.84000000000015,14,405.2800000000002,2opt,notBad
3060,14,504.84000000000015,14,405.2800000000002,move,improve
3061,14,504.84000000000015,14,405.2800000000002,move,improve
3062,14,488.38000000000005,14,405.2800000000002,move,improve
3063,14,488.38000000000005,14,405.2800000000002,swap,notBad
3064,14,488.38000000000005,14,405.2800000000002,swap,notBad
3065,14,488.38000000000005,14,405.2800000000002,move,improve
3066,14,488.38000000000005,14,405.2800000000002,2opt,notBad
3067,14,488.38000000000005,14,405.2800000000002,swap,notBad
3068,14,487.38000000000005,14,405.2800000000002,move,improve
3069,14,487.38000000000005,14,405.2800000000002,move,improve
3070,14,487.38000000000005,14,405.2800000000002,move,improve
3071,14,487.38000000000005,14,405.2800000000002,swap,notBad
3072,14,488.1199999999999,14,405.2800000000002,2opt,acceptBad
3073,14,488.1199999999999,14,405.2800000000002,move,improve
3074,14,487.38000000000005,14,405.2800000000002,2opt,improve
3075,14,487.38000000000005,14,405.2800000000002,swap,notBad
3076,14,487.38000000000005,14,405.2800000000002,move,improve
3077,14,487.38000000000005,14,405.2800000000002,2opt,notBad
3078,14,487.38000000000005,14,405.2800000000002,2opt,notBad
3079,14,487.38000000000005,14,405.2800000000002,2opt,notBad
3080,14,523.0500000000001,14,405.2800000000002,swap,acceptBad
3081,14,520.9899999999999,14,405.2800000000002,move,improve
3082,14,520.9899999999999,14,405.2800000000002,2opt,notBad
3083,14,520.9899999999999,14,405.2800000000002,move,improve
3084,14,520.9899999999999,14,405.2800000000002,swap,notBad
3085,14,520.9899999999999,14,405.2800000000002,swap,notBad
3086,14,520.9899999999999,14,405.2800000000002,swap,notBad
3087,14,520.9899999999999,14,405.2800000000002,move,improve
3088,14,520.9899999999999,14,405.2800000000002,2opt,notBad
3089,14,520.9899999999999,14,405.2800000000002,swap,notBad
3090,14,520.9899999999999,14,405.2800000000002,move,improve
3091,14,520.9899999999999,14,405.2800000000002,move,improve
3092,14,520.9899999999999,14,405.2800000000002,2opt,notBad
3093,14,520.9899999999999,14,405.2800000000002,2opt,notBad
3094,14,520.9899999999999,14,405.2800000000002,2opt,notBad
3095,14,520.9899999999999,14,405.2800000000002,2opt,notBad
3096,14,520.9899999999999,14,405.2800000000002,move,improve
3097,14,520.9899999999999,14,405.2800000000002,swap,notBad
3098,14,520.9899999999999,14,405.2800000000002,move,improve
3099,14,520.9899999999999,14,405.2800000000002,2opt,notBad
3100,14,513.6699999999997,14,405.2800000000002,move,improve
3101,14,513.6699999999997,14,405.2800000000002,2opt,notBad
3102,14,513.6699999999997,14,405.2800000000002,swap,notBad
3103,14,513.6699999999997,14,405.2800000000002,swap,notBad
3104,14,513.6699999999997,14,405.2800000000002,2opt,notBad
3105,14,513.6699999999997,14,405.2800000000002,move,improve
3106,14,522.5899999999998,14,405.2800000000002,swap,acceptBad
3107,14,522.5899999999998,14,405.2800000000002,2opt,notBad
3108,14,522.5899999999998,14,405.2800000000002,2opt,notBad
3109,14,522.5899999999998,14,405.2800000000002,2opt,improve
3110,14,522.5899999999998,14,405.2800000000002,2opt,notBad
3111,14,522.5899999999998,14,405.2800000000002,2opt,improve
3112,14,522.5899999999998,14,405.2800000000002,move,improve
3113,14,522.5899999999998,14,405.2800000000002,2opt,notBad
3114,14,522.5899999999998,14,405.2800000000002,move,improve
3115,14,522.5899999999998,14,405.2800000000002,2opt,notBad
3116,14,506.5300000000001,14,405.2800000000002,2opt,improve
3117,14,506.5300000000001,14,405.2800000000002,swap,notBad
3118,14,506.5300000000001,14,405.2800000000002,2opt,notBad
3119,14,506.5300000000001,14,405.2800000000002,move,improve
3120,14,506.5300000000001,14,405.2800000000002,swap,notBad
3121,14,506.5300000000001,14,405.2800000000002,move,improve
3122,14,496.8699999999998,14,405.2800000000002,swap,improve
3123,14,496.8699999999998,14,405.2800000000002,2opt,notBad
3124,14,496.8699999999998,14,405.2800000000002,2opt,improve
3125,14,496.8699999999998,14,405.2800000000002,2opt,notBad
3126,14,496.8699999999998,14,405.2800000000002,swap,notBad
3127,14,496.8699999999998,14,405.2800000000002,move,improve
3128,14,496.8699999999998,14,405.2800000000002,2opt,notBad
3129,14,533.5699999999999,14,405.2800000000002,swap,acceptBad
3130,14,533.5699999999999,14,405.2800000000002,2opt,notBad
3131,14,533.5699999999999,14,405.2800000000002,move,improve
3132,14,533.5699999999999,14,405.2800000000002,2opt,notBad
3133,14,533.5699999999999,14,405.2800000000002,2opt,notBad
3134,14,533.5699999999999,14,405.2800000000002,2opt,notBad
3135,14,533.5699999999999,14,405.2800000000002,2opt,notBad
3136,14,533.5699999999999,14,405.2800000000002,2opt,notBad
3137,14,533.5699999999999,14,405.2800000000002,swap,notBad
3138,14,533.5699999999999,14,405.2800000000002,swap,notBad
3139,14,533.5699999999999,14,405.2800000000002,2opt,notBad
3140,14,533.5699999999999,14,405.2800000000002,2opt,notBad
3141,14,533.5699999999999,14,405.2800000000002,move,improve
3142,14,533.5699999999999,14,405.2800000000002,swap,notBad
3143,14,533.5699999999999,14,405.2800000000002,swap,notBad
3144,14,498.2800000000001,14,405.2800000000002,swap,improve
3145,14,498.2800000000001,14,405.2800000000002,2opt,notBad
3146,14,498.2800000000001,14,405.2800000000002,swap,notBad
3147,14,498.2800000000001,14,405.2800000000002,move,improve
3148,14,498.2800000000001,14,405.2800000000002,move,improve
3149,14,498.2800000000001,14,405.2800000000002,swap,notBad
3150,14,498.2800000000001,14,405.2800000000002,swap,notBad
3151,14,498.2800000000001,14,405.2800000000002,swap,notBad
3152,14,498.2800000000001,14,405.2800000000002,2opt,notBad
3153,14,464.28,14,405.2800000000002,move,improve
3154,14,464.28,14,405.2800000000002,2opt,notBad
3155,14,464.28,14,405.2800000000002,2opt,notBad
3156,14,464.28,14,405.2800000000002,move,improve
3157,14,464.28,14,405.2800000000002,2opt,notBad
3158,14,464.28,14,405.2800000000002,swap,notBad
3159,14,464.28,14,405.2800000000002,move,improve
3160,14,464.28,14,405.2800000000002,swap,notBad
3161,14,464.28,14,405.2800000000002,move,improve
3162,14,464.28,14,405.2800000000002,move,improve
3163,14,464.28,14,405.2800000000002,move,improve
3164,14,464.28,14,405.2800000000002,swap,notBad
3165,14,461.41999999999985,14,405.2800000000002,move,improve
3166,14,461.41999999999985,14,405.2800000000002,move,improve
3167,14,461.41999999999985,14,405.2800000000002,move,improve
3168,14,461.41999999999985,14,405.2800000000002,swap,notBad
3169,14,461.41999999999985,14,405.2800000000002,move,improve
3170,14,461.41999999999985,14,405.2800000000002,move,improve
3171,14,461.41999999999985,14,405.2800000000002,move,improve
3172,14,461.41999999999985,14,405.2800000000002,move,improve
3173,14,461.41999999999985,14,405.2800000000002,swap,notBad
3174,14,461.41999999999985,14,405.2800000000002,2opt,notBad
3175,14,461.41999999999985,14,405.2800000000002,swap,notBad
3176,14,461.41999999999985,14,405.2800000000002,move,improve
3177,14,461.41999999999985,14,405.2800000000002,move,improve
3178,14,461.41999999999985,14,405.2800000000002,move,improve
3179,14,457.3399999999997,14,405.2800000000002,swap,improve
3180,14,457.3399999999997,14,405.2800000000002,move,improve
3181,14,457.3399999999997,14,405.2800000000002,swap,notBad
3182,14,457.3399999999997,14,405.2800000000002,2opt,notBad
3183,14,457.3399999999997,14,405.2800000000002,2opt,notBad
3184,14,457.3399999999997,14,405.2800000000002,swap,notBad
3185,14,457.3399999999997,14,405.2800000000002,swap,notBad
3186,14,457.3399999999997,14,405.2800000000002,move,improve
3187,14,457.3399999999997,14,405.2800000000002,2opt,notBad
3188,14,457.3399999999997,14,405.2800000000002,swap,notBad
3189,14,457.3399999999997,14,405.2800000000002,swap,notBad
3190,14,492.0899999999999,14,405.2800000000002,swap,acceptBad
3191,14,492.0899999999999,14,405.2800000000002,swap,notBad
3192,14,492.0899999999999,14,405.2800000000002,swap,notBad
3193,14,492.0899999999999,14,405.2800000000002,move,improve
3194,14,492.0899999999999,14,405.2800000000002,move,improve
3195,14,458.3999999999996,14,405.2800000000002,move,improve
3196,14,458.3999999999996,14,405.2800000000002,2opt,notBad
3197,14,458.3999999999996,14,405.2800000000002,swap,notBad
3198,14,458.3999999999996,14,405.2800000000002,2opt,notBad
3199,14,458.3999999999996,14,405.2800000000002,2opt,notBad
3200,14,458.3999999999996,14,405.2800000000002,move,notBad
3201,14,453.2999999999996,14,405.2800000000002,move,improve
3202,14,453.2999999999996,14,405.2800000000002,swap,notBad
3203,14,453.2999999999996,14,405.2800000000002,2opt,improve
3204,14,453.2999999999996,14,405.2800000000002,move,improve
3205,14,453.2999999999996,14,405.2800000000002,move,improve
3206,14,453.2999999999996,14,405.2800000000002,move,improve
3207,14,453.2999999999996,14,405.2800000000002,swap,notBad
3208,14,453.2999999999996,14,405.2800000000002,2opt,notBad
3209,14,453.2999999999996,14,405.2800000000002,move,improve
3210,14,463.1599999999997,14,405.2800000000002,swap,acceptBad
3211,14,463.1599999999997,14,405.2800000000002,move,improve
3212,14,463.1599999999997,14,405.2800000000002,move,improve
3213,14,463.1599999999997,14,405.2800000000002,swap,notBad
3214,14,463.1599999999997,14,405.2800000000002,2opt,notBad
3215,14,463.1599999999997,14,405.2800000000002,swap,notBad
3216,14,463.1599999999997,14,405.2800000000002,swap,notBad
3217,14,463.1599999999997,14,405.2800000000002,swap,notBad
3218,14,463.1599999999997,14,405.2800000000002,swap,notBad
3219,14,463.1599999999997,14,405.2800000000002,swap,notBad
3220,14,463.1599999999997,14,405.2800000000002,2opt,notBad
3221,14,463.1599999999997,14,405.2800000000002,swap,notBad
3222,14,463.1599999999997,14,405.2800000000002,2opt,notBad
3223,14,463.1599999999997,14,405.2800000000002,2opt,notBad
3224,14,463.1599999999997,14,405.2800000000002,move,improve
3225,14,463.1599999999997,14,405.2800000000002,move,improve
3226,14,462.0599999999998,14,405.2800000000002,move,improve
3227,14,462.0599999999998,14,405.2800000000002,2opt,notBad
3228,14,462.0599999999998,14,405.2800000000002,move,improve
3229,14,462.0599999999998,14,405.2800000000002,2opt,notBad
3230,14,462.0599999999998,14,405.2800000000002,move,improve
3231,14,462.0599999999998,14,405.2800000000002,swap,notBad
3232,14,462.0599999999998,14,405.2800000000002,move,improve
3233,14,497.8899999999997,14,405.2800000000002,swap,acceptBad
3234,14,497.8899999999997,14,405.2800000000002,move,improve
3235,14,502.34999999999957,14,405.2800000000002,2opt,acceptBad
3236,14,502.34999999999957,14,405.2800000000002,move,improve
3237,14,502.34999999999957,14,405.2800000000002,move,improve
3238,14,502.34999999999957,14,405.2800000000002,swap,notBad
3239,14,463.4699999999999,14,405.2800000000002,swap,improve
3240,14,463.4699999999999,14,405.2800000000002,2opt,notBad
3241,14,463.4699999999999,14,405.2800000000002,move,improve
3242,14,448.73,14,405.2800000000002,move,improve
3243,14,448.73,14,405.2800000000002,swap,notBad
3244,14,448.73,14,405.2800000000002,2opt,notBad
3245,14,448.73,14,405.2800000000002,move,improve
3246,14,466.9500000000004,14,405.2800000000002,move,acceptBad
3247,14,466.9500000000004,14,405.2800000000002,swap,notBad
3248,14,466.9500000000004,14,405.2800000000002,2opt,improve
3249,14,466.9500000000004,14,405.2800000000002,2opt,notBad
3250,14,466.9500000000004,14,405.2800000000002,swap,notBad
3251,14,466.9500000000004,14,405.2800000000002,move,improve
3252,14,466.9500000000004,14,405.2800000000002,2opt,notBad
3253,14,466.9500000000004,14,405.2800000000002,2opt,notBad
3254,14,431.9600000000005,14,405.2800000000002,2opt,improve
3255,14,430.6600000000003,14,405.2800000000002,swap,improve
3256,14,430.6600000000003,14,405.2800000000002,move,improve
3257,14,430.6600000000003,14,405.2800000000002,move,improve
3258,14,430.6600000000003,14,405.2800000000002,swap,notBad
3259,14,430.6600000000003,14,405.2800000000002,move,improve
3260,14,430.6600000000003,14,405.2800000000002,move,improve
3261,14,430.6600000000003,14,405.2800000000002,move,improve
3262,14,430.6600000000003,14,405.2800000000002,2opt,notBad
3263,14,430.6600000000003,14,405.2800000000002,move,improve
3264,14,430.6600000000003,14,405.2800000000002,move,improve
3265,14,430.6600000000003,14,405.2800000000002,2opt,notBad
3266,14,430.6600000000003,14,405.2800000000002,move,improve
3267,14,430.6600000000003,14,405.2800000000002,2opt,notBad
3268,14,430.6600000000003,14,405.2800000000002,move,improve
3269,14,430.6600000000003,14,405.2800000000002,move,improve
3270,14,430.6600000000003,14,405.2800000000002,2opt,notBad
3271,14,430.6600000000003,14,405.2800000000002,swap,notBad
3272,14,430.6600000000003,14,405.2800000000002,move,improve
3273,14,430.6600000000003,14,405.2800000000002,move,improve
3274,14,430.6600000000003,14,405.2800000000002,2opt,notBad
3275,14,430.6600000000003,14,405.2800000000002,move,improve
3276,14,430.6600000000003,14,405.2800000000002,2opt,notBad
3277,14,430.6600000000003,14,405.2800000000002,2opt,notBad
3278,14,430.6600000000003,14,405.2800000000002,2opt,improve
3279,14,430.6600000000003,14,405.2800000000002,move,improve
3280,14,430.6600000000003,14,405.2800000000002,move,improve
3281,14,430.6600000000003,14,405.2800000000002,move,improve
3282,14,430.6600000000003,14,405.2800000000002,move,improve
3283,14,430.6600000000003,14,405.2800000000002,swap,notBad
3284,14,430.6600000000003,14,405.2800000000002,move,improve
3285,14,430.6600000000003,14,405.2800000000002,2opt,notBad
3286,14,430.6600000000003,14,405.2800000000002,swap,notBad
3287,14,430.6600000000003,14,405.2800000000002,swap,notBad
3288,14,430.6600000000003,14,405.2800000000002,2opt,notBad
3289,14,430.6600000000003,14,405.2800000000002,move,improve
3290,14,430.6600000000003,14,405.2800000000002,2opt,notBad
3291,14,430.6600000000003,14,405.2800000000002,swap,notBad
3292,14,430.6600000000003,14,405.2800000000002,swap,notBad
3293,14,430.6600000000003,14,405.2800000000002,move,improve
3294,14,430.6600000000003,14,405.2800000000002,2opt,notBad
3295,14,430.6600000000003,14,405.2800000000002,2opt,notBad
3296,14,430.6600000000003,14,405.2800000000002,move,improve
3297,14,430.6600000000003,14,405.2800000000002,2opt,notBad
3298,14,430.6600000000003,14,405.2800000000002,2opt,notBad
3299,14,430.6600000000003,14,405.2800000000002,2opt,notBad
3300,14,430.6600000000003,14,405.2800000000002,move,improve
3301,14,430.6600000000003,14,405.2800000000002,2opt,notBad
3302,14,430.6600000000003,14,405.2800000000002,2opt,notBad
3303,14,430.6600000000003,14,405.2800000000002,2opt,improve
3304,14,430.6600000000003,14,405.2800000000002,move,improve
3305,14,430.6600000000003,14,405.2800000000002,move,improve
3306,14,430.6600000000003,14,405.2800000000002,2opt,notBad
3307,14,430.6600000000003,14,405.2800000000002,swap,notBad
3308,14,430.6600000000003,14,405.2800000000002,2opt,improve
3309,14,430.6600000000003,14,405.2800000000002,2opt,notBad
3310,14,430.6600000000003,14,405.2800000000002,2opt,notBad
3311,14,430.6600000000003,14,405.2800000000002,2opt,notBad
3312,14,430.6600000000003,14,405.2800000000002,2opt,notBad
3313,14,430.6600000000003,14,405.2800000000002,move,improve
3314,14,430.6600000000003,14,405.2800000000002,2opt,notBad
3315,14,430.6600000000003,14,405.2800000000002,swap,notBad
3316,14,430.6600000000003,14,405.2800000000002,move,improve
3317,14,430.6600000000003,14,405.2800000000002,move,improve
3318,14,430.6600000000003,14,405.2800000000002,2opt,notBad
3319,14,430.6600000000003,14,405.2800000000002,move,improve
3320,14,430.6600000000003,14,405.2800000000002,move,improve
3321,14,430.6600000000003,14,405.2800000000002,swap,notBad
3322,14,430.6600000000003,14,405.2800000000002,move,improve
3323,14,430.6600000000003,14,405.2800000000002,2opt,notBad
3324,14,430.6600000000003,14,405.2800000000002,move,improve
3325,14,452.43000000000006,14,405.2800000000002,swap,acceptBad
3326,14,452.43000000000006,14,405.2800000000002,swap,notBad
3327,14,452.43000000000006,14,405.2800000000002,2opt,notBad
3328,14,452.43000000000006,14,405.2800000000002,move,improve
3329,14,452.43000000000006,14,405.2800000000002,2opt,notBad
3330,14,452.43000000000006,14,405.2800000000002,swap,notBad
3331,14,452.43000000000006,14,405.2800000000002,swap,notBad
3332,14,452.43000000000006,14,405.2800000000002,move,improve
3333,14,452.43000000000006,14,405.2800000000002,swap,notBad
3334,14,452.43000000000006,14,405.2800000000002,move,improve
3335,14,464.43000000000006,14,405.2800000000002,swap,acceptBad
3336,14,464.43000000000006,14,405.2800000000002,swap,notBad
3337,14,464.43000000000006,14,405.2800000000002,move,improve
3338,14,464.43000000000006,14,405.2800000000002,swap,notBad
3339,14,464.43000000000006,14,405.2800000000002,move,improve
3340,14,464.43000000000006,14,405.2800000000002,swap,notBad
3341,14,531.3100000000003,14,405.2800000000002,swap,acceptBad
3342,14,531.3100000000003,14,405.2800000000002,move,improve
3343,14,531.3100000000003,14,405.2800000000002,2opt,improve
3344,14,531.3100000000003,14,405.2800000000002,2opt,notBad
3345,14,526.71,14,405.2800000000002,move,improve
3346,14,526.71,14,405.2800000000002,2opt,improve
3347,14,526.71,14,405.2800000000002,2opt,notBad
3348,14,536.1100000000001,14,405.2800000000002,swap,acceptBad
3349,14,536.1100000000001,14,405.2800000000002,2opt,notBad
3350,14,536.1100000000001,14,405.2800000000002,swap,notBad
3351,14,536.1100000000001,14,405.2800000000002,swap,notBad
3352,14,536.1100000000001,14,405.2800000000002,swap,notBad
3353,14,536.1100000000001,14,405.2800000000002,swap,notBad
3354,14,536.1100000000001,14,405.2800000000002,swap,notBad
3355,14,536.1100000000001,14,405.2800000000002,2opt,notBad
3356,14,536.1100000000001,14,405.2800000000002,move,improve
3357,14,536.1100000000001,14,405.2800000000002,move,improve
3358,14,536.1100000000001,14,405.2800000000002,move,improve
3359,14,536.1100000000001,14,405.2800000000002,2opt,notBad
3360,14,536.1100000000001,14,405.2800000000002,swap,notBad
3361,14,536.1100000000001,14,405.2800000000002,move,improve
3362,14,536.1100000000001,14,405.2800000000002,2opt,notBad
3363,14,536.1100000000001,14,405.2800000000002,2opt,notBad
3364,14,536.1100000000001,14,405.2800000000002,2opt,notBad
3365,14,536.1100000000001,14,405.2800000000002,2opt,notBad
3366,14,536.1100000000001,14,405.2800000000002,2opt,notBad
3367,14,536.1100000000001,14,405.2800000000002,swap,notBad
3368,14,536.1100000000001,14,405.2800000000002,move,improve
3369,14,536.1100000000001,14,405.2800000000002,swap,notBad
3370,14,536.1100000000001,14,405.2800000000002,move,improve
3371,14,536.1100000000001,14,405.2800000000002,swap,notBad
3372,14,536.1100000000001,14,405.2800000000002,swap,notBad
3373,14,536.1100000000001,14,405.2800000000002,move,improve
3374,14,536.1100000000001,14,405.2800000000002,move,improve
3375,14,536.1100000000001,14,405.2800000000002,swap,notBad
3376,14,536.1100000000001,14,405.2800000000002,move,improve
3377,14,542.0100000000001,14,405.2800000000002,2opt,acceptBad
3378,14,547.5100000000003,14,405.2800000000002,swap,acceptBad
3379,14,542.0100000000001,14,405.2800000000002,move,improve
3380,14,542.0100000000001,14,405.2800000000002,move,improve
3381,14,542.0100000000001,14,405.2800000000002,move,improve
3382,14,542.0100000000001,14,405.2800000000002,swap,notBad
3383,14,527.3300000000004,14,405.2800000000002,swap,improve
3384,14,527.3300000000004,14,405.2800000000002,move,improve
3385,14,527.3300000000004,14,405.2800000000002,2opt,improve
3386,14,527.3300000000004,14,405.2800000000002,move,improve
3387,14,527.3300000000004,14,405.2800000000002,move,improve
3388,14,527.3300000000004,14,405.2800000000002,move,improve
3389,14,527.3300000000004,14,405.2800000000002,swap,notBad
3390,14,527.3300000000004,14,405.2800000000002,2opt,notBad
3391,14,527.3300000000004,14,405.2800000000002,swap,notBad
3392,14,527.3300000000004,14,405.2800000000002,move,improve
3393,14,527.3300000000004,14,405.2800000000002,move,improve
3394,14,513.9000000000002,14,405.2800000000002,swap,improve
3395,14,513.9000000000002,14,405.2800000000002,swap,notBad
3396,14,513.9000000000002,14,405.2800000000002,2opt,notBad
3397,14,544.1299999999995,14,405.2800000000002,swap,acceptBad
3398,14,544.1299999999995,14,405.2800000000002,2opt,improve
3399,14,544.1299999999995,14,405.2800000000002,move,improve
3400,14,544.1299999999995,14,405.2800000000002,2opt,notBad
3401,14,544.1299999999995,14,405.2800000000002,move,improve
3402,14,544.1299999999995,14,405.2800000000002,swap,notBad
3403,14,544.1299999999995,14,405.2800000000002,swap,notBad
3404,14,544.1299999999995,14,405.2800000000002,swap,notBad
3405,14,557.5599999999997,14,405.2800000000002,swap,acceptBad
3406,14,557.5599999999997,14,405.2800000000002,2opt,notBad
3407,14,557.5599999999997,14,405.2800000000002,swap,notBad
3408,14,557.5599999999997,14,405.2800000000002,2opt,notBad
3409,14,557.5599999999997,14,405.2800000000002,swap,notBad
3410,14,557.5599999999997,14,405.2800000000002,swap,notBad
3411,14,557.5599999999997,14,405.2800000000002,move,improve
3412,14,538.9999999999998,14,405.2800000000002,move,improve
3413,14,538.9999999999998,14,405.2800000000002,2opt,notBad
3414,14,538.9999999999998,14,405.2800000000002,move,improve
3415,14,538.9999999999998,14,405.2800000000002,move,improve
3416,14,538.9999999999998,14,405.2800000000002,2opt,notBad
3417,14,538.9999999999998,14,405.2800000000002,2opt,notBad
3418,14,538.9999999999998,14,405.2800000000002,2opt,notBad
3419,14,561.0399999999998,14,405.2800000000002,2opt,acceptBad
3420,14,561.0399999999998,14,405.2800000000002,2opt,notBad
3421,14,561.0399999999998,14,405.2800000000002,swap,notBad
3422,14,539.8099999999997,14,405.2800000000002,swap,improve
3423,14,539.8099999999997,14,405.2800000000002,2opt,improve
3424,14,539.8099999999997,14,405.2800000000002,move,improve
3425,14,539.8099999999997,14,405.2800000000002,move,improve
3426,14,539.8099999999997,14,405.2800000000002,2opt,notBad
3427,14,539.8099999999997,14,405.2800000000002,move,improve
3428,14,539.8099999999997,14,405.2800000000002,move,improve
3429,14,598.5099999999996,14,405.2800000000002,swap,acceptBad
3430,14,598.5099999999996,14,405.2800000000002,swap,notBad
3431,14,498.45999999999947,14,405.2800000000002,move,improve
3432,14,498.45999999999947,14,405.2800000000002,2opt,improve
3433,14,498.45999999999947,14,405.2800000000002,swap,notBad
3434,14,480.21000000000004,14,405.2800000000002,move,improve
3435,14,479.6700000000001,14,405.2800000000002,move,improve
3436,14,479.6700000000001,14,405.2800000000002,swap,notBad
3437,14,479.6700000000001,14,405.2800000000002,swap,notBad
3438,14,499.6700000000001,14,405.2800000000002,swap,acceptBad
3439,14,499.6700000000001,14,405.2800000000002,2opt,notBad
3440,14,499.6700000000001,14,405.2800000000002,2opt,improve
3441,14,499.6700000000001,14,405.2800000000002,move,improve
3442,14,499.6700000000001,14,405.2800000000002,move,improve
3443,14,499.6700000000001,14,405.2800000000002,move,improve
3444,14,499.6700000000001,14,405.2800000000002,move,improve
3445,14,499.6700000000001,14,405.2800000000002,move,improve
3446,14,499.6700000000001,14,405.2800000000002,move,improve
3447,14,499.6700000000001,14,405.2800000000002,move,improve
3448,14,499.6700000000001,14,405.2800000000002,move,improve
3449,14,499.6700000000001,14,405.2800000000002,swap,notBad
3450,14,499.6700000000001,14,405.2800000000002,move,improve
3451,14,502.72999999999956,14,405.2800000000002,swap,acceptBad
3452,14,502.72999999999956,14,405.2800000000002,move,improve
3453,14,502.72999999999956,14,405.2800000000002,2opt,notBad
3454,14,502.72999999999956,14,405.2800000000002,swap,notBad
3455,14,502.72999999999956,14,405.2800000000002,2opt,notBad
3456,14,502.72999999999956,14,405.2800000000002,2opt,notBad
3457,14,502.72999999999956,14,405.2800000000002,2opt,notBad
3458,14,526.6799999999995,14,405.2800000000002,swap,acceptBad
3459,14,511.91999999999973,14,405.2800000000002,swap,improve
3460,14,511.91999999999973,14,405.2800000000002,move,improve
3461,14,511.91999999999973,14,405.2800000000002,swap,notBad
3462,14,511.91999999999973,14,405.2800000000002,swap,notBad
3463,14,511.91999999999973,14,405.2800000000002,2opt,notBad
3464,14,511.91999999999973,14,405.2800000000002,swap,notBad
3465,14,511.91999999999973,14,405.2800000000002,swap,notBad
3466,14,511.91999999999973,14,405.2800000000002,swap,notBad
3467,14,507.16999999999956,14,405.2800000000002,move,improve
3468,14,507.16999999999956,14,405.2800000000002,swap,notBad
3469,14,507.16999999999956,14,405.2800000000002,move,improve
3470,14,484.32999999999936,14,405.2800000000002,swap,improve
3471,14,484.32999999999936,14,405.2800000000002,swap,notBad
3472,14,484.32999999999936,14,405.2800000000002,2opt,notBad
3473,14,484.32999999999936,14,405.2800000000002,swap,notBad
3474,14,484.32999999999936,14,405.2800000000002,2opt,notBad
3475,14,484.32999999999936,14,405.2800000000002,swap,notBad
3476,14,484.32999999999936,14,405.2800000000002,2opt,improve
3477,14,484.32999999999936,14,405.2800000000002,swap,notBad
3478,14,509.5699999999995,14,405.2800000000002,swap,acceptBad
3479,14,482.2499999999998,14,405.2800000000002,move,improve
3480,14,482.2499999999998,14,405.2800000000002,move,improve
3481,14,482.2499999999998,14,405.2800000000002,swap,notBad
3482,14,482.2499999999998,14,405.2800000000002,2opt,notBad
3483,14,482.2499999999998,14,405.2800000000002,move,improve
3484,14,482.2499999999998,14,405.2800000000002,2opt,notBad
3485,14,482.2499999999998,14,405.2800000000002,swap,notBad
3486,14,458.1399999999998,14,405.2800000000002,swap,improve
3487,14,458.1399999999998,14,405.2800000000002,swap,notBad
3488,14,496.47999999999985,14,405.2800000000002,swap,acceptBad
3489,14,496.47999999999985,14,405.2800000000002,swap,notBad
3490,14,506.0,14,405.2800000000002,swap,acceptBad
3491,14,506.0,14,405.2800000000002,move,improve
3492,14,506.0,14,405.2800000000002,move,improve
3493,14,506.0,14,405.2800000000002,move,improve
3494,14,507.94999999999993,14,405.2800000000002,swap,acceptBad
3495,14,520.0299999999997,14,405.2800000000002,move,acceptBad
3496,14,520.0299999999997,14,405.2800000000002,2opt,notBad
3497,14,520.0299999999997,14,405.2800000000002,2opt,notBad
3498,14,520.0299999999997,14,405.2800000000002,swap,notBad
3499,14,520.0299999999997,14,405.2800000000002,2opt,notBad
3500,14,546.1499999999997,14,405.2800000000002,swap,acceptBad
3501,14,546.1499999999997,14,405.2800000000002,move,improve
3502,14,546.1499999999997,14,405.2800000000002,2opt,notBad
3503,14,546.1499999999997,14,405.2800000000002,move,improve
3504,14,542.3299999999998,14,405.2800000000002,move,improve
3505,14,542.3299999999998,14,405.2800000000002,move,improve
3506,14,513.3499999999999,14,405.2800000000002,swap,improve
3507,14,513.3499999999999,14,405.2800000000002,2opt,notBad
3508,14,513.3499999999999,14,405.2800000000002,2opt,notBad
3509,14,513.3499999999999,14,405.2800000000002,swap,notBad
3510,14,513.3499999999999,14,405.2800000000002,swap,notBad
3511,14,513.3499999999999,14,405.2800000000002,2opt,notBad
3512,14,513.3499999999999,14,405.2800000000002,move,improve
3513,14,513.3499999999999,14,405.2800000000002,swap,notBad
3514,14,513.3499999999999,14,405.2800000000002,2opt,notBad
3515,14,513.3499999999999,14,405.2800000000002,swap,notBad
3516,14,501.2700000000002,14,405.2800000000002,move,improve
3517,14,501.2700000000002,14,405.2800000000002,2opt,notBad
3518,14,430.6800000000002,14,405.2800000000002,move,improve
3519,14,430.6800000000002,14,405.2800000000002,2opt,notBad
3520,14,430.6800000000002,14,405.2800000000002,move,improve
3521,14,430.6800000000002,14,405.2800000000002,move,improve
3522,14,430.6800000000002,14,405.2800000000002,2opt,notBad
3523,14,430.6800000000002,14,405.2800000000002,2opt,improve
3524,14,430.6800000000002,14,405.2800000000002,move,improve
3525,14,430.6800000000002,14,405.2800000000002,swap,notBad
3526,14,430.6800000000002,14,405.2800000000002,2opt,notBad
3527,14,429.0500000000002,14,405.2800000000002,move,improve
3528,14,429.0500000000002,14,405.2800000000002,2opt,notBad
3529,14,429.0500000000002,14,405.2800000000002,move,improve
3530,14,429.0500000000002,14,405.2800000000002,swap,notBad
3531,14,429.0500000000002,14,405.2800000000002,move,improve
3532,14,429.0500000000002,14,405.2800000000002,2opt,notBad
3533,14,429.0500000000002,14,405.2800000000002,move,improve
3534,14,429.0500000000002,14,405.2800000000002,2opt,notBad
3535,14,429.0500000000002,14,405.2800000000002,2opt,improve
3536,14,429.0500000000002,14,405.2800000000002,swap,notBad
3537,14,482.7900000000003,14,405.2800000000002,swap,acceptBad
3538,14,482.7900000000003,14,405.2800000000002,2opt,notBad
3539,14,482.7900000000003,14,405.2800000000002,swap,notBad
3540,14,482.7900000000003,14,405.2800000000002,move,improve
3541,14,482.7900000000003,14,405.2800000000002,2opt,notBad
3542,14,452.7000000000003,14,405.2800000000002,move,improve
3543,14,452.7000000000003,14,405.2800000000002,swap,notBad
3544,14,452.7000000000003,14,405.2800000000002,2opt,improve
3545,14,452.7000000000003,14,405.2800000000002,swap,notBad
3546,14,452.7000000000003,14,405.2800000000002,2opt,notBad
3547,14,452.7000000000003,14,405.2800000000002,move,improve
3548,14,452.7000000000003,14,405.2800000000002,2opt,notBad
3549,14,452.68000000000023,14,405.2800000000002,move,improve
3550,14,452.68000000000023,14,405.2800000000002,move,improve
3551,14,484.94000000000005,14,405.2800000000002,swap,acceptBad
3552,14,484.94000000000005,14,405.2800000000002,move,improve
3553,14,484.94000000000005,14,405.2800000000002,2opt,notBad
3554,14,484.94000000000005,14,405.2800000000002,move,improve
3555,14,484.94000000000005,14,405.2800000000002,2opt,notBad
3556,14,484.94000000000005,14,405.2800000000002,move,improve
3557,14,484.94000000000005,14,405.2800000000002,move,improve
3558,14,484.94000000000005,14,405.2800000000002,2opt,notBad
3559,14,484.94000000000005,14,405.2800000000002,move,improve
3560,14,484.94000000000005,14,405.2800000000002,move,improve
3561,14,485.22000000000014,14,405.2800000000002,2opt,acceptBad
3562,14,485.22000000000014,14,405.2800000000002,swap,notBad
3563,14,485.22000000000014,14,405.2800000000002,2opt,notBad
3564,14,485.22000000000014,14,405.2800000000002,swap,notBad
3565,14,485.22000000000014,14,405.2800000000002,2opt,notBad
3566,14,485.22000000000014,14,405.2800000000002,2opt,notBad
3567,14,485.22000000000014,14,405.2800000000002,swap,notBad
3568,14,485.22000000000014,14,405.2800000000002,swap,notBad
3569,14,485.22000000000014,14,405.2800000000002,2opt,notBad
3570,14,485.22000000000014,14,405.2800000000002,move,improve
3571,14,485.22000000000014,14,405.2800000000002,move,improve
3572,14,485.22000000000014,14,405.2800000000002,move,improve
3573,14,485.22000000000014,14,405.2800000000002,swap,notBad
3574,14,485.22000000000014,14,405.2800000000002,move,improve
3575,14,485.22000000000014,14,405.2800000000002,2opt,notBad
3576,14,485.22000000000014,14,405.2800000000002,swap,notBad
3577,14,485.22000000000014,14,405.2800000000002,swap,notBad
3578,14,485.22000000000014,14,405.2800000000002,swap,notBad
3579,14,485.22000000000014,14,405.2800000000002,2opt,notBad
3580,14,485.22000000000014,14,405.2800000000002,swap,notBad
3581,14,485.22000000000014,14,405.2800000000002,swap,notBad
3582,14,485.22000000000014,14,405.2800000000002,2opt,notBad
3583,14,485.22000000000014,14,405.2800000000002,swap,notBad
3584,14,485.22000000000014,14,405.2800000000002,swap,notBad
3585,14,485.22000000000014,14,405.2800000000002,move,improve
3586,14,485.22000000000014,14,405.2800000000002,2opt,notBad
3587,14,485.22000000000014,14,405.2800000000002,move,improve
3588,14,485.22000000000014,14,405.2800000000002,2opt,notBad
3589,14,485.22000000000014,14,405.2800000000002,swap,notBad
3590,14,485.22000000000014,14,405.2800000000002,move,improve
3591,14,485.22000000000014,14,405.2800000000002,swap,notBad
3592,14,485.22000000000014,14,405.2800000000002,2opt,notBad
3593,14,485.22000000000014,14,405.2800000000002,swap,notBad
3594,14,485.22000000000014,14,405.2800000000002,move,improve
3595,14,485.22000000000014,14,405.2800000000002,move,improve
3596,14,485.22000000000014,14,405.2800000000002,swap,notBad
3597,14,485.22000000000014,14,405.2800000000002,2opt,notBad
3598,14,483.43000000000006,14,405.2800000000002,move,improve
3599,14,483.43000000000006,14,405.2800000000002,move,improve
3600,14,483.43000000000006,14,405.2800000000002,swap,notBad
3601,14,435.9399999999998,14,405.2800000000002,move,improve
3602,14,435.9399999999998,14,405.2800000000002,move,improve
3603,14,435.9399999999998,14,405.2800000000002,2opt,notBad
3604,14,435.9399999999998,14,405.2800000000002,swap,notBad
3605,14,435.9399999999998,14,405.2800000000002,move,improve
3606,14,435.9399999999998,14,405.2800000000002,move,improve
3607,14,435.9399999999998,14,405.2800000000002,2opt,improve
3608,14,435.9399999999998,14,405.2800000000002,move,improve
3609,14,435.9399999999998,14,405.2800000000002,move,improve
3610,14,487.9800000000001,14,405.2800000000002,swap,acceptBad
3611,14,487.9800000000001,14,405.2800000000002,2opt,notBad
3612,14,487.9800000000001,14,405.2800000000002,move,improve
3613,14,487.9800000000001,14,405.2800000000002,move,improve
3614,14,487.9800000000001,14,405.2800000000002,swap,notBad
3615,14,487.9800000000001,14,405.2800000000002,swap,notBad
3616,14,487.9800000000001,14,405.2800000000002,2opt,notBad
3617,14,489.77,14,405.2800000000002,swap,acceptBad
3618,14,489.77,14,405.2800000000002,move,improve
3619,14,489.77,14,405.2800000000002,move,improve
3620,14,489.77,14,405.2800000000002,swap,notBad
3621,14,489.77,14,405.2800000000002,move,improve
3622,14,489.77,14,405.2800000000002,2opt,notBad
3623,14,489.77,14,405.2800000000002,swap,notBad
3624,14,489.77,14,405.2800000000002,move,improve
3625,14,489.77,14,405.2800000000002,swap,notBad
3626,14,489.77,14,405.2800000000002,move,improve
3627,14,489.77,14,405.2800000000002,swap,notBad
3628,14,489.77,14,405.2800000000002,2opt,notBad
3629,14,489.77,14,405.2800000000002,swap,notBad
3630,14,489.77,14,405.2800000000002,move,improve
3631,14,489.77,14,405.2800000000002,2opt,improve
3632,14,487.9800000000001,14,405.2800000000002,move,improve
3633,14,482.57000000000005,14,405.2800000000002,move,improve
3634,14,482.57000000000005,14,405.2800000000002,move,improve
3635,14,482.57000000000005,14,405.2800000000002,2opt,notBad
3636,14,482.57000000000005,14,405.2800000000002,move,improve
3637,14,482.57000000000005,14,405.2800000000002,swap,notBad
3638,14,482.57000000000005,14,405.2800000000002,swap,notBad
3639,14,482.57000000000005,14,405.2800000000002,2opt,notBad
3640,14,482.57000000000005,14,405.2800000000002,2opt,notBad
3641,14,482.57000000000005,14,405.2800000000002,swap,notBad
3642,14,482.57000000000005,14,405.2800000000002,2opt,notBad
3643,14,482.57000000000005,14,405.2800000000002,2opt,improve
3644,14,482.57000000000005,14,405.2800000000002,move,improve
3645,14,482.57000000000005,14,405.2800000000002,move,improve
3646,14,482.57000000000005,14,405.2800000000002,move,improve
3647,14,482.57000000000005,14,405.2800000000002,2opt,notBad
3648,14,482.57000000000005,14,405.2800000000002,swap,notBad
3649,14,482.57000000000005,14,405.2800000000002,move,improve
3650,14,484.35999999999996,14,405.2800000000002,swap,acceptBad
3651,14,484.35999999999996,14,405.2800000000002,swap,notBad
3652,14,484.35999999999996,14,405.2800000000002,move,improve
3653,14,484.35999999999996,14,405.2800000000002,move,improve
3654,14,487.5999999999999,14,405.2800000000002,swap,acceptBad
3655,14,487.5999999999999,14,405.2800000000002,2opt,notBad
3656,14,487.5999999999999,14,405.2800000000002,swap,notBad
3657,14,487.5999999999999,14,405.2800000000002,move,improve
3658,14,487.5999999999999,14,405.2800000000002,swap,notBad
3659,14,487.5999999999999,14,405.2800000000002,move,improve
3660,14,487.5999999999999,14,405.2800000000002,swap,notBad
3661,14,487.5999999999999,14,405.2800000000002,move,improve
3662,14,487.5999999999999,14,405.2800000000002,2opt,notBad
3663,14,487.5999999999999,14,405.2800000000002,move,improve
3664,14,487.5999999999999,14,405.2800000000002,2opt,improve
3665,14,440.5899999999998,14,405.2800000000002,swap,improve
3666,14,429.4299999999997,14,405.2800000000002,move,improve
3667,14,422.65999999999974,14,405.2800000000002,swap,improve
3668,14,422.65999999999974,14,405.2800000000002,move,improve
3669,14,422.65999999999974,14,405.2800000000002,2opt,notBad
3670,14,422.65999999999974,14,405.2800000000002,swap,notBad
3671,14,422.65999999999974,14,405.2800000000002,move,improve
3672,14,422.65999999999974,14,405.2800000000002,2opt,notBad
3673,14,410.1999999999997,14,405.2800000000002,swap,improve
3674,14,410.1999999999997,14,405.2800000000002,move,improve
3675,14,410.1999999999997,14,405.2800000000002,2opt,notBad
3676,14,410.1999999999997,14,405.2800000000002,move,improve
3677,14,410.1999999999997,14,405.2800000000002,swap,notBad
3678,14,410.1999999999997,14,405.2800000000002,swap,notBad
3679,14,410.1999999999997,14,405.2800000000002,move,improve
3680,14,410.1999999999997,14,405.2800000000002,swap,notBad
3681,14,410.1999999999997,14,405.2800000000002,move,improve
3682,14,410.1999999999997,14,405.2800000000002,2opt,notBad
3683,14,410.1999999999997,14,405.2800000000002,2opt,improve
3684,14,410.1999999999997,14,405.2800000000002,move,improve
3685,14,410.1999999999997,14,405.2800000000002,2opt,notBad
3686,14,410.1999999999997,14,405.2800000000002,2opt,notBad
3687,14,410.1999999999997,14,405.2800000000002,swap,notBad
3688,14,410.1999999999997,14,405.2800000000002,2opt,notBad
3689,14,410.1999999999997,14,405.2800000000002,2opt,notBad
3690,14,410.1999999999997,14,405.2800000000002,2opt,notBad
3691,14,410.1999999999997,14,405.2800000000002,move,improve
3692,14,410.1999999999997,14,405.2800000000002,swap,notBad
3693,14,410.1999999999997,14,405.2800000000002,swap,notBad
3694,14,410.1999999999997,14,405.2800000000002,move,improve
3695,14,410.15999999999985,14,405.2800000000002,2opt,improve
3696,14,410.15999999999985,14,405.2800000000002,swap,notBad
3697,14,410.15999999999985,14,405.2800000000002,swap,notBad
3698,14,410.15999999999985,14,405.2800000000002,2opt,notBad
3699,14,409.01999999999987,14,405.2800000000002,move,improve
3700,14,409.01999999999987,14,405.2800000000002,2opt,notBad
3701,14,409.01999999999987,14,405.2800000000002,move,improve
3702,14,409.01999999999987,14,405.2800000000002,swap,notBad
3703,14,409.01999999999987,14,405.2800000000002,move,improve
3704,14,409.01999999999987,14,405.2800000000002,2opt,notBad
3705,14,409.01999999999987,14,405.2800000000002,move,improve
3706,14,409.01999999999987,14,405.2800000000002,2opt,improve
3707,14,409.01999999999987,14,405.2800000000002,2opt,notBad
3708,14,409.01999999999987,14,405.2800000000002,swap,notBad
3709,14,409.01999999999987,14,405.2800000000002,2opt,notBad
3710,14,409.01999999999987,14,405.2800000000002,swap,notBad
3711,14,409.01999999999987,14,405.2800000000002,move,improve
3712,14,409.01999999999987,14,405.2800000000002,move,improve
3713,14,409.01999999999987,14,405.2800000000002,move,improve
3714,14,409.01999999999987,14,405.2800000000002,swap,notBad
3715,14,409.01999999999987,14,405.2800000000002,2opt,notBad
3716,14,409.01999999999987,14,405.2800000000002,move,improve
3717,14,410.1999999999997,14,405.2800000000002,2opt,acceptBad
3718,14,410.1999999999997,14,405.2800000000002,2opt,notBad
3719,14,410.1999999999997,14,405.2800000000002,2opt,notBad
3720,14,410.1999999999997,14,405.2800000000002,2opt,notBad
3721,14,410.1999999999997,14,405.2800000000002,move,improve
3722,14,410.1999999999997,14,405.2800000000002,move,improve
3723,14,410.1999999999997,14,405.2800000000002,move,improve
3724,14,410.1999999999997,14,405.2800000000002,2opt,notBad
3725,14,410.1999999999997,14,405.2800000000002,move,notBad
3726,14,410.1999999999997,14,405.2800000000002,move,improve
3727,14,410.1999999999997,14,405.2800000000002,move,improve
3728,14,410.1999999999997,14,405.2800000000002,swap,notBad
3729,14,410.1999999999997,14,405.2800000000002,move,improve
3730,14,410.1999999999997,14,405.2800000000002,2opt,notBad
3731,14,410.1999999999997,14,405.2800000000002,swap,notBad
3732,14,410.1999999999997,14,405.2800000000002,swap,notBad
3733,14,410.1999999999997,14,405.2800000000002,move,improve
3734,14,410.1999999999997,14,405.2800000000002,2opt,notBad
3735,14,410.1999999999997,14,405.2800000000002,2opt,notBad
3736,14,410.1999999999997,14,405.2800000000002,2opt,notBad
3737,14,410.1999999999997,14,405.2800000000002,swap,notBad
3738,14,410.1999999999997,14,405.2800000000002,swap,notBad
3739,14,410.1999999999997,14,405.2800000000002,swap,notBad
3740,14,410.1999999999997,14,405.2800000000002,2opt,notBad
3741,14,410.1999999999997,14,405.2800000000002,move,improve
3742,14,410.1999999999997,14,405.2800000000002,swap,notBad
3743,14,410.1999999999997,14,405.2800000000002,2opt,notBad
3744,14,434.8599999999998,14,405.2800000000002,swap,acceptBad
3745,14,434.8599999999998,14,405.2800000000002,swap,notBad
3746,14,434.8599999999998,14,405.2800000000002,swap,notBad
3747,14,434.8599999999998,14,405.2800000000002,swap,notBad
3748,14,434.8599999999998,14,405.2800000000002,swap,notBad
3749,14,434.8599999999998,14,405.2800000000002,swap,notBad
3750,14,434.8599999999998,14,405.2800000000002,move,improve
3751,14,434.8599999999998,14,405.2800000000002,swap,notBad
3752,14,434.8599999999998,14,405.2800000000002,2opt,notBad
3753,14,434.8599999999998,14,405.2800000000002,swap,notBad
3754,14,434.8599999999998,14,405.2800000000002,swap,notBad
3755,14,434.8599999999998,14,405.2800000000002,swap,notBad
3756,14,434.8599999999998,14,405.2800000000002,2opt,notBad
3757,14,434.8599999999998,14,405.2800000000002,move,improve
3758,14,434.8599999999998,14,405.2800000000002,2opt,notBad
3759,14,434.8599999999998,14,405.2800000000002,move,improve
3760,14,434.8599999999998,14,405.2800000000002,move,improve
3761,14,434.8599999999998,14,405.2800000000002,move,improve
3762,14,434.8599999999998,14,405.2800000000002,swap,notBad
3763,14,434.8599999999998,14,405.2800000000002,2opt,notBad
3764,14,434.8599999999998,14,405.2800000000002,2opt,notBad
3765,14,434.8599999999998,14,405.2800000000002,swap,notBad
3766,14,434.8599999999998,14,405.2800000000002,swap,notBad
3767,14,434.8599999999998,14,405.2800000000002,2opt,improve
3768,14,434.8599999999998,14,405.2800000000002,2opt,notBad
3769,14,434.8599999999998,14,405.2800000000002,2opt,notBad
3770,14,434.8599999999998,14,405.2800000000002,swap,notBad
3771,14,434.8599999999998,14,405.2800000000002,swap,notBad
3772,14,434.8599999999998,14,405.2800000000002,2opt,notBad
3773,14,434.8599999999998,14,405.2800000000002,swap,notBad
3774,14,434.8599999999998,14,405.2800000000002,swap,notBad
3775,14,434.8599999999998,14,405.2800000000002,2opt,notBad
3776,14,434.8599999999998,14,405.2800000000002,2opt,improve
3777,14,434.8599999999998,14,405.2800000000002,swap,notBad
3778,14,434.8599999999998,14,405.2800000000002,2opt,notBad
3779,14,434.8599999999998,14,405.2800000000002,2opt,improve
3780,14,434.8599999999998,14,405.2800000000002,swap,notBad
3781,14,434.8599999999998,14,405.2800000000002,swap,notBad
3782,14,434.8599999999998,14,405.2800000000002,move,improve
3783,14,434.8599999999998,14,405.2800000000002,swap,notBad
3784,14,434.8599999999998,14,405.2800000000002,swap,notBad
3785,14,410.1999999999997,14,405.2800000000002,move,improve
3786,14,410.1999999999997,14,405.2800000000002,2opt,notBad
3787,14,420.19999999999976,14,405.2800000000002,swap,acceptBad
3788,14,420.19999999999976,14,405.2800000000002,2opt,notBad
3789,14,420.19999999999976,14,405.2800000000002,move,improve
3790,14,420.19999999999976,14,405.2800000000002,move,improve
3791,14,420.19999999999976,14,405.2800000000002,2opt,notBad
3792,14,420.19999999999976,14,405.2800000000002,swap,notBad
3793,14,420.19999999999976,14,405.2800000000002,move,improve
3794,14,420.19999999999976,14,405.2800000000002,swap,notBad
3795,14,420.19999999999976,14,405.2800000000002,swap,notBad
3796,14,420.19999999999976,14,405.2800000000002,2opt,notBad
3797,14,420.19999999999976,14,405.2800000000002,move,improve
3798,14,420.19999999999976,14,405.2800000000002,move,improve
3799,14,420.19999999999976,14,405.2800000000002,2opt,notBad
3800,14,420.19999999999976,14,405.2800000000002,move,improve
3801,14,420.19999999999976,14,405.2800000000002,move,improve
3802,14,420.19999999999976,14,405.2800000000002,2opt,notBad
3803,14,420.19999999999976,14,405.2800000000002,2opt,notBad
3804,14,420.19999999999976,14,405.2800000000002,2opt,notBad
3805,14,420.19999999999976,14,405.2800000000002,swap,notBad
3806,14,420.19999999999976,14,405.2800000000002,2opt,notBad
3807,14,420.19999999999976,14,405.2800000000002,move,improve
3808,14,420.19999999999976,14,405.2800000000002,move,improve
3809,14,420.19999999999976,14,405.2800000000002,2opt,improve
3810,14,420.19999999999976,14,405.2800000000002,2opt,notBad
3811,14,420.19999999999976,14,405.2800000000002,2opt,notBad
3812,14,420.19999999999976,14,405.2800000000002,move,improve
3813,14,420.19999999999976,14,405.2800000000002,2opt,notBad
3814,14,420.19999999999976,14,405.2800000000002,swap,notBad
3815,14,420.19999999999976,14,405.2800000000002,move,improve
3816,14,420.19999999999976,14,405.2800000000002,2opt,notBad
3817,14,420.19999999999976,14,405.2800000000002,swap,notBad
3818,14,420.19999999999976,14,405.2800000000002,2opt,notBad
3819,14,420.19999999999976,14,405.2800000000002,swap,notBad
3820,14,420.19999999999976,14,405.2800000000002,swap,notBad
3821,14,420.19999999999976,14,405.2800000000002,swap,notBad
3822,14,420.19999999999976,14,405.2800000000002,swap,notBad
3823,14,420.19999999999976,14,405.2800000000002,swap,notBad
3824,14,420.19999999999976,14,405.2800000000002,2opt,notBad
3825,14,420.19999999999976,14,405.2800000000002,swap,notBad
3826,14,436.79999999999984,14,405.2800000000002,swap,acceptBad
3827,14,436.79999999999984,14,405.2800000000002,swap,notBad
3828,14,436.79999999999984,14,405.2800000000002,move,improve
3829,14,436.79999999999984,14,405.2800000000002,move,improve
3830,14,436.79999999999984,14,405.2800000000002,2opt,notBad
3831,14,443.83000000000015,14,405.2800000000002,2opt,acceptBad
3832,14,438.22000000000025,14,405.2800000000002,move,improve
3833,14,438.22000000000025,14,405.2800000000002,swap,notBad
3834,14,438.22000000000025,14,405.2800000000002,move,improve
3835,14,438.22000000000025,14,405.2800000000002,swap,notBad
3836,14,438.22000000000025,14,405.2800000000002,move,improve
3837,14,437.24000000000024,14,405.2800000000002,move,improve
3838,14,437.24000000000024,14,405.2800000000002,move,improve
3839,14,438.4300000000003,14,405.2800000000002,2opt,acceptBad
3840,14,438.4300000000003,14,405.2800000000002,swap,notBad
3841,14,438.4300000000003,14,405.2800000000002,2opt,notBad
3842,14,438.4300000000003,14,405.2800000000002,swap,notBad
3843,14,438.4300000000003,14,405.2800000000002,swap,notBad
3844,14,438.4300000000003,14,405.2800000000002,move,improve
3845,14,438.4300000000003,14,405.2800000000002,2opt,improve
3846,14,438.4300000000003,14,405.2800000000002,2opt,improve
3847,14,438.4300000000003,14,405.2800000000002,swap,notBad
3848,14,430.4100000000002,14,405.2800000000002,swap,improve
3849,14,430.4100000000002,14,405.2800000000002,2opt,notBad
3850,14,430.4100000000002,14,405.2800000000002,2opt,notBad
3851,14,430.4100000000002,14,405.2800000000002,move,improve
3852,14,430.4100000000002,14,405.2800000000002,move,improve
3853,14,430.4100000000002,14,405.2800000000002,swap,notBad
3854,14,430.4100000000002,14,405.2800000000002,2opt,notBad
3855,14,432.14000000000016,14,405.2800000000002,swap,acceptBad
3856,14,432.14000000000016,14,405.2800000000002,move,improve
3857,14,432.14000000000016,14,405.2800000000002,move,improve
3858,14,432.14000000000016,14,405.2800000000002,swap,notBad
3859,14,432.14000000000016,14,405.2800000000002,swap,notBad
3860,14,432.14000000000016,14,405.2800000000002,swap,notBad
3861,14,432.14000000000016,14,405.2800000000002,swap,notBad
3862,14,432.14000000000016,14,405.2800000000002,swap,notBad
3863,14,432.14000000000016,14,405.2800000000002,2opt,notBad
3864,14,432.14000000000016,14,405.2800000000002,swap,notBad
3865,14,432.14000000000016,14,405.2800000000002,2opt,notBad
3866,14,432.14000000000016,14,405.2800000000002,2opt,notBad
3867,14,432.14000000000016,14,405.2800000000002,2opt,notBad
3868,14,432.14000000000016,14,405.2800000000002,move,improve
3869,14,432.14000000000016,14,405.2800000000002,swap,notBad
3870,14,432.14000000000016,14,405.2800000000002,swap,notBad
3871,14,432.14000000000016,14,405.2800000000002,move,improve
3872,14,427.1100000000001,14,405.2800000000002,move,improve
3873,14,427.1100000000001,14,405.2800000000002,2opt,improve
3874,14,427.1100000000001,14,405.2800000000002,2opt,notBad
3875,14,427.1100000000001,14,405.2800000000002,2opt,improve
3876,14,427.1100000000001,14,405.2800000000002,move,improve
3877,14,427.1100000000001,14,405.2800000000002,2opt,notBad
3878,14,427.1100000000001,14,405.2800000000002,swap,notBad
3879,14,427.1100000000001,14,405.2800000000002,move,improve
3880,14,427.1100000000001,14,405.2800000000002,swap,notBad
3881,14,427.1100000000001,14,405.2800000000002,2opt,notBad
3882,14,427.1100000000001,14,405.2800000000002,swap,notBad
3883,14,427.1100000000001,14,405.2800000000002,swap,notBad
3884,14,427.1100000000001,14,405.2800000000002,move,improve
3885,14,424.1600000000002,14,405.2800000000002,move,improve
3886,14,407.59000000000026,14,405.2800000000002,move,improve
3887,14,407.59000000000026,14,405.2800000000002,swap,notBad
3888,14,407.59000000000026,14,405.2800000000002,2opt,notBad
3889,14,407.59000000000026,14,405.2800000000002,swap,notBad
3890,14,406.1800000000002,14,405.2800000000002,swap,improve
3891,14,406.1800000000002,14,405.2800000000002,2opt,notBad
3892,14,406.1800000000002,14,405.2800000000002,swap,notBad
3893,14,406.1800000000002,14,405.2800000000002,2opt,notBad
3894,14,406.1800000000002,14,405.2800000000002,2opt,notBad
3895,14,406.1800000000002,14,405.2800000000002,move,improve
3896,14,406.1800000000002,14,405.2800000000002,swap,notBad
3897,14,406.1800000000002,14,405.2800000000002,swap,notBad
3898,14,406.1800000000002,14,405.2800000000002,swap,notBad
3899,14,406.1800000000002,14,405.2800000000002,2opt,notBad
3900,14,406.1800000000002,14,405.2800000000002,swap,notBad
3901,14,406.1800000000002,14,405.2800000000002,swap,notBad
3902,14,406.1800000000002,14,405.2800000000002,move,improve
3903,14,406.1800000000002,14,405.2800000000002,move,improve
3904,14,406.1800000000002,14,405.2800000000002,move,improve
3905,14,406.1800000000002,14,405.2800000000002,swap,notBad
3906,14,406.10000000000014,14,405.2800000000002,move,improve
3907,14,406.10000000000014,14,405.2800000000002,2opt,notBad
3908,14,406.10000000000014,14,405.2800000000002,move,improve
3909,14,406.10000000000014,14,405.2800000000002,swap,notBad
3910,14,406.10000000000014,14,405.2800000000002,swap,notBad
3911,14,406.10000000000014,14,405.2800000000002,2opt,notBad
3912,14,406.10000000000014,14,405.2800000000002,move,improve
3913,14,406.10000000000014,14,405.2800000000002,2opt,notBad
3914,14,406.10000000000014,14,405.2800000000002,move,improve
3915,14,406.10000000000014,14,405.2800000000002,swap,notBad
3916,14,406.10000000000014,14,405.2800000000002,move,improve
3917,14,406.10000000000014,14,405.2800000000002,move,improve
3918,14,406.10000000000014,14,405.2800000000002,move,improve
3919,14,395.13,14,395.13,move,newBest
3920,14,395.13,14,395.13,2opt,notBad
3921,14,395.13,14,395.13,2opt,notBad
3922,14,395.13,14,395.13,move,improve
3923,14,394.5600000000002,14,394.5600000000002,swap,newBest
3924,14,394.5600000000002,14,394.5600000000002,2opt,notBad
3925,14,394.5600000000002,14,394.5600000000002,swap,notBad
3926,14,394.5600000000002,14,394.5600000000002,2opt,notBad
3927,14,394.5600000000002,14,394.5600000000002,swap,notBad
3928,14,394.5600000000002,14,394.5600000000002,swap,notBad
3929,14,394.5600000000002,14,394.5600000000002,move,improve
3930,14,394.5600000000002,14,394.5600000000002,2opt,notBad
3931,14,407.5100000000003,14,394.5600000000002,swap,acceptBad
3932,14,407.5100000000003,14,394.5600000000002,2opt,notBad
3933,14,407.5100000000003,14,394.5600000000002,swap,notBad
3934,14,407.5100000000003,14,394.5600000000002,move,improve
3935,14,407.5100000000003,14,394.5600000000002,move,improve
3936,14,407.5100000000003,14,394.5600000000002,swap,notBad
3937,14,407.5100000000003,14,394.5600000000002,swap,notBad
3938,14,407.5100000000003,14,394.5600000000002,swap,notBad
3939,14,407.5100000000003,14,394.5600000000002,2opt,notBad
3940,14,407.5100000000003,14,394.5600000000002,move,improve
3941,14,407.5100000000003,14,394.5600000000002,2opt,notBad
3942,14,407.5100000000003,14,394.5600000000002,2opt,notBad
3943,14,407.5100000000003,14,394.5600000000002,swap,notBad
3944,14,407.5100000000003,14,394.5600000000002,swap,notBad
3945,14,407.5100000000003,14,394.5600000000002,move,improve
3946,14,407.5100000000003,14,394.5600000000002,2opt,notBad
3947,14,407.5100000000003,14,394.5600000000002,2opt,notBad
3948,14,407.5100000000003,14,394.5600000000002,move,improve
3949,14,407.5100000000003,14,394.5600000000002,swap,notBad
3950,14,407.5100000000003,14,394.5600000000002,swap,notBad
3951,14,407.5100000000003,14,394.5600000000002,2opt,notBad
3952,14,407.5100000000003,14,394.5600000000002,move,improve
3953,14,407.5100000000003,14,394.5600000000002,swap,notBad
3954,14,407.5100000000003,14,394.5600000000002,move,improve
3955,14,407.5100000000003,14,394.5600000000002,2opt,notBad
3956,14,394.5600000000002,14,394.5600000000002,swap,improve
3957,14,394.5600000000002,14,394.5600000000002,2opt,notBad
3958,14,394.5600000000002,14,394.5600000000002,swap,notBad
3959,14,394.5600000000002,14,394.5600000000002,2opt,notBad
3960,14,394.5600000000002,14,394.5600000000002,2opt,notBad
3961,14,394.5600000000002,14,394.5600000000002,move,improve
3962,14,394.5600000000002,14,394.5600000000002,move,improve
3963,14,394.5600000000002,14,394.5600000000002,move,improve
3964,14,394.5600000000002,14,394.5600000000002,2opt,notBad
3965,14,394.5600000000002,14,394.5600000000002,swap,notBad
3966,14,394.5600000000002,14,394.5600000000002,2opt,notBad
3967,14,394.5600000000002,14,394.5600000000002,move,improve
3968,14,394.5600000000002,14,394.5600000000002,move,improve
3969,14,394.5600000000002,14,394.5600000000002,move,improve
3970,14,394.5600000000002,14,394.5600000000002,move,improve
3971,14,394.5600000000002,14,394.5600000000002,2opt,notBad
3972,14,394.5600000000002,14,394.5600000000002,move,improve
3973,14,394.5600000000002,14,394.5600000000002,2opt,notBad
3974,14,394.5600000000002,14,394.5600000000002,swap,notBad
3975,14,394.5600000000002,14,394.5600000000002,swap,notBad
3976,14,394.5600000000002,14,394.5600000000002,move,improve
3977,14,394.5600000000002,14,394.5600000000002,swap,notBad
3978,14,394.5600000000002,14,394.5600000000002,swap,notBad
3979,14,394.5600000000002,14,394.5600000000002,2opt,notBad
3980,14,394.5600000000002,14,394.5600000000002,2opt,notBad
3981,14,394.5600000000002,14,394.5600000000002,swap,notBad
3982,14,394.5600000000002,14,394.5600000000002,2opt,notBad
3983,14,394.5600000000002,14,394.5600000000002,swap,notBad
3984,14,394.5600000000002,14,394.5600000000002,2opt,improve
3985,14,394.5600000000002,14,394.5600000000002,swap,notBad
3986,14,396.71000000000026,14,394.5600000000002,swap,acceptBad
3987,14,396.71000000000026,14,394.5600000000002,swap,notBad
3988,14,396.71000000000026,14,394.5600000000002,swap,notBad
3989,14,394.5600000000002,14,394.5600000000002,move,improve
3990,14,396.20000000000016,14,394.5600000000002,2opt,acceptBad
3991,14,396.20000000000016,14,394.5600000000002,move,improve
3992,14,396.20000000000016,14,394.5600000000002,move,improve
3993,14,396.20000000000016,14,394.5600000000002,move,improve
3994,14,396.20000000000016,14,394.5600000000002,swap,notBad
3995,14,396.20000000000016,14,394.5600000000002,swap,notBad
3996,14,396.20000000000016,14,394.5600000000002,swap,notBad
3997,14,396.20000000000016,14,394.5600000000002,2opt,improve
3998,14,396.20000000000016,14,394.5600000000002,swap,notBad
3999,14,396.20000000000016,14,394.5600000000002,swap,notBad
4000,14,396.20000000000016,14,394.5600000000002,2opt,improve
4001,14,396.20000000000016,14,394.5600000000002,2opt,notBad
4002,14,396.20000000000016,14,394.5600000000002,move,improve
4003,14,396.20000000000016,14,394.5600000000002,2opt,notBad
4004,14,396.20000000000016,14,394.5600000000002,move,improve
4005,14,396.20000000000016,14,394.5600000000002,2opt,notBad
4006,14,396.20000000000016,14,394.5600000000002,swap,notBad
4007,14,396.20000000000016,14,394.5600000000002,move,improve
4008,14,396.20000000000016,14,394.5600000000002,move,improve
4009,14,396.20000000000016,14,394.5600000000002,move,improve
4010,14,396.20000000000016,14,394.5600000000002,swap,notBad
4011,14,396.20000000000016,14,394.5600000000002,move,improve
4012,14,396.20000000000016,14,394.5600000000002,2opt,notBad
4013,14,396.20000000000016,14,394.5600000000002,swap,notBad
4014,14,396.20000000000016,14,394.5600000000002,swap,notBad
4015,14,396.20000000000016,14,394.5600000000002,2opt,notBad
4016,14,396.20000000000016,14,394.5600000000002,move,improve
4017,14,396.20000000000016,14,394.5600000000002,swap,notBad
4018,14,396.20000000000016,14,394.5600000000002,move,improve
4019,14,396.20000000000016,14,394.5600000000002,move,improve
4020,14,396.20000000000016,14,394.5600000000002,2opt,notBad
4021,14,396.20000000000016,14,394.5600000000002,move,improve
4022,14,396.20000000000016,14,394.5600000000002,move,improve
4023,14,396.20000000000016,14,394.5600000000002,move,improve
4024,14,396.20000000000016,14,394.5600000000002,move,improve
4025,14,396.20000000000016,14,394.5600000000002,2opt,notBad
4026,14,396.20000000000016,14,394.5600000000002,2opt,improve
4027,14,396.20000000000016,14,394.5600000000002,move,improve
4028,14,396.20000000000016,14,394.5600000000002,move,improve
4029,14,396.20000000000016,14,394.5600000000002,swap,notBad
4030,14,396.20000000000016,14,394.5600000000002,move,improve
4031,14,396.20000000000016,14,394.5600000000002,move,improve
4032,14,396.20000000000016,14,394.5600000000002,swap,notBad
4033,14,396.20000000000016,14,394.5600000000002,move,improve
4034,14,396.20000000000016,14,394.5600000000002,swap,notBad
4035,14,396.20000000000016,14,394.5600000000002,move,improve
4036,14,396.20000000000016,14,394.5600000000002,2opt,notBad
4037,14,396.20000000000016,14,394.5600000000002,swap,notBad
4038,14,396.20000000000016,14,394.5600000000002,move,improve
4039,14,396.20000000000016,14,394.5600000000002,2opt,notBad
4040,14,396.20000000000016,14,394.5600000000002,swap,notBad
4041,14,396.20000000000016,14,394.5600000000002,2opt,notBad
4042,14,396.20000000000016,14,394.5600000000002,move,improve
4043,14,396.20000000000016,14,394.5600000000002,2opt,notBad
4044,14,396.20000000000016,14,394.5600000000002,swap,notBad
4045,14,396.20000000000016,14,394.5600000000002,swap,notBad
4046,14,396.20000000000016,14,394.5600000000002,move,improve
4047,14,396.20000000000016,14,394.5600000000002,swap,notBad
4048,14,396.20000000000016,14,394.5600000000002,2opt,notBad
4049,14,396.20000000000016,14,394.5600000000002,swap,notBad
4050,14,396.20000000000016,14,394.5600000000002,move,notBad
4051,14,396.20000000000016,14,394.5600000000002,move,improve
4052,14,396.20000000000016,14,394.5600000000002,2opt,notBad
4053,14,396.20000000000016,14,394.5600000000002,swap,notBad
4054,14,396.20000000000016,14,394.5600000000002,move,improve
4055,14,396.20000000000016,14,394.5600000000002,move,improve
4056,14,396.20000000000016,14,394.5600000000002,swap,notBad
4057,14,396.20000000000016,14,394.5600000000002,swap,notBad
4058,14,396.20000000000016,14,394.5600000000002,move,improve
4059,14,396.20000000000016,14,394.5600000000002,swap,notBad
4060,14,396.20000000000016,14,394.5600000000002,swap,notBad
4061,14,396.20000000000016,14,394.5600000000002,move,improve
4062,14,396.20000000000016,14,394.5600000000002,2opt,notBad
4063,14,396.20000000000016,14,394.5600000000002,move,improve
4064,14,396.20000000000016,14,394.5600000000002,2opt,improve
4065,14,396.20000000000016,14,394.5600000000002,move,improve
4066,14,396.20000000000016,14,394.5600000000002,move,improve
4067,14,396.20000000000016,14,394.5600000000002,2opt,improve
4068,14,396.20000000000016,14,394.5600000000002,2opt,notBad
4069,14,395.2700000000002,14,394.5600000000002,move,improve
4070,14,395.2700000000002,14,394.5600000000002,move,improve
4071,14,395.2700000000002,14,394.5600000000002,swap,notBad
4072,14,394.21000000000015,14,394.21000000000015,move,newBest
4073,14,394.21000000000015,14,394.21000000000015,move,improve
4074,14,403.03000000000026,14,394.21000000000015,swap,acceptBad
4075,14,403.03000000000026,14,394.21000000000015,move,improve
4076,14,403.03000000000026,14,394.21000000000015,swap,notBad
4077,14,440.08000000000015,14,394.21000000000015,swap,acceptBad
4078,14,440.08000000000015,14,394.21000000000015,swap,notBad
4079,14,440.08000000000015,14,394.21000000000015,swap,notBad
4080,14,440.08000000000015,14,394.21000000000015,swap,notBad
4081,14,440.08000000000015,14,394.21000000000015,2opt,notBad
4082,14,440.08000000000015,14,394.21000000000015,move,improve
4083,14,440.08000000000015,14,394.21000000000015,move,improve
4084,14,440.08000000000015,14,394.21000000000015,move,improve
4085,14,440.08000000000015,14,394.21000000000015,move,improve
4086,14,440.08000000000015,14,394.21000000000015,2opt,notBad
4087,14,440.08000000000015,14,394.21000000000015,2opt,notBad
4088,14,440.08000000000015,14,394.21000000000015,move,improve
4089,14,440.08000000000015,14,394.21000000000015,2opt,notBad
4090,14,449.6100000000001,14,394.21000000000015,swap,acceptBad
4091,14,449.6100000000001,14,394.21000000000015,move,improve
4092,14,449.6100000000001,14,394.21000000000015,move,improve
4093,14,449.6100000000001,14,394.21000000000015,move,improve
4094,14,449.6100000000001,14,394.21000000000015,swap,notBad
4095,14,449.6100000000001,14,394.21000000000015,2opt,notBad
4096,14,449.6100000000001,14,394.21000000000015,2opt,notBad
4097,14,449.6100000000001,14,394.21000000000015,2opt,notBad
4098,14,449.6100000000001,14,394.21000000000015,swap,notBad
4099,14,449.6100000000001,14,394.21000000000015,2opt,notBad
4100,14,449.6100000000001,14,394.21000000000015,2opt,notBad
4101,14,449.6100000000001,14,394.21000000000015,2opt,notBad
4102,14,449.6100000000001,14,394.21000000000015,swap,notBad
4103,14,449.6100000000001,14,394.21000000000015,2opt,notBad
4104,14,449.6100000000001,14,394.21000000000015,swap,notBad
4105,14,449.6100000000001,14,394.21000000000015,move,improve
4106,14,449.6100000000001,14,394.21000000000015,2opt,notBad
4107,14,449.6100000000001,14,394.21000000000015,2opt,notBad
4108,14,434.0700000000002,14,394.21000000000015,swap,improve
4109,14,434.0700000000002,14,394.21000000000015,swap,notBad
4110,14,434.0700000000002,14,394.21000000000015,2opt,improve
4111,14,434.0700000000002,14,394.21000000000015,2opt,improve
4112,14,434.0700000000002,14,394.21000000000015,2opt,notBad
4113,14,434.0700000000002,14,394.21000000000015,move,improve
4114,14,434.0700000000002,14,394.21000000000015,2opt,notBad
4115,14,397.0200000000002,14,394.21000000000015,swap,improve
4116,14,397.0200000000002,14,394.21000000000015,2opt,improve
4117,14,397.0200000000002,14,394.21000000000015,swap,notBad
4118,14,397.0200000000002,14,394.21000000000015,move,improve
4119,14,397.0200000000002,14,394.21000000000015,swap,notBad
4120,14,397.0200000000002,14,394.21000000000015,2opt,notBad
4121,14,397.0200000000002,14,394.21000000000015,2opt,improve
4122,14,397.0200000000002,14,394.21000000000015,swap,notBad
4123,14,397.0200000000002,14,394.21000000000015,swap,notBad
4124,14,397.0200000000002,14,394.21000000000015,move,improve
4125,14,399.93000000000023,14,394.21000000000015,2opt,acceptBad
4126,14,399.93000000000023,14,394.21000000000015,move,improve
4127,14,399.93000000000023,14,394.21000000000015,swap,notBad
4128,14,399.93000000000023,14,394.21000000000015,swap,notBad
4129,14,399.93000000000023,14,394.21000000000015,2opt,notBad
4130,14,399.93000000000023,14,394.21000000000015,swap,notBad
4131,14,399.93000000000023,14,394.21000000000015,2opt,improve
4132,14,399.93000000000023,14,394.21000000000015,move,improve
4133,14,399.93000000000023,14,394.21000000000015,2opt,notBad
4134,14,399.93000000000023,14,394.21000000000015,swap,notBad
4135,14,399.93000000000023,14,394.21000000000015,2opt,improve
4136,14,399.93000000000023,14,394.21000000000015,move,improve
4137,14,399.93000000000023,14,394.21000000000015,swap,notBad
4138,14,399.93000000000023,14,394.21000000000015,2opt,improve
4139,14,399.93000000000023,14,394.21000000000015,swap,notBad
4140,14,399.93000000000023,14,394.21000000000015,2opt,improve
4141,14,414.37000000000023,14,394.21000000000015,swap,acceptBad
4142,14,412.73000000000025,14,394.21000000000015,move,improve
4143,14,412.73000000000025,14,394.21000000000015,2opt,notBad
4144,14,412.73000000000025,14,394.21000000000015,2opt,notBad
4145,14,412.73000000000025,14,394.21000000000015,2opt,improve
4146,14,412.73000000000025,14,394.21000000000015,move,improve
4147,14,412.73000000000025,14,394.21000000000015,swap,notBad
4148,14,412.73000000000025,14,394.21000000000015,move,improve
4149,14,412.73000000000025,14,394.21000000000015,2opt,notBad
4150,14,412.73000000000025,14,394.21000000000015,swap,notBad
4151,14,412.73000000000025,14,394.21000000000015,2opt,notBad
4152,14,412.73000000000025,14,394.21000000000015,swap,notBad
4153,14,412.73000000000025,14,394.21000000000015,2opt,notBad
4154,14,412.73000000000025,14,394.21000000000015,move,improve
4155,14,412.73000000000025,14,394.21000000000015,2opt,improve
4156,14,412.73000000000025,14,394.21000000000015,2opt,notBad
4157,14,412.73000000000025,14,394.21000000000015,swap,notBad
4158,14,412.73000000000025,14,394.21000000000015,move,improve
4159,14,412.73000000000025,14,394.21000000000015,move,improve
4160,14,412.73000000000025,14,394.21000000000015,swap,notBad
4161,14,412.73000000000025,14,394.21000000000015,move,improve
4162,14,409.82000000000016,14,394.21000000000015,move,improve
4163,14,409.82000000000016,14,394.21000000000015,move,improve
4164,14,409.82000000000016,14,394.21000000000015,move,improve
4165,14,409.82000000000016,14,394.21000000000015,move,improve
4166,14,409.82000000000016,14,394.21000000000015,2opt,notBad
4167,14,409.82000000000016,14,394.21000000000015,swap,notBad
4168,14,409.82000000000016,14,394.21000000000015,2opt,notBad
4169,14,409.82000000000016,14,394.21000000000015,swap,notBad
4170,14,409.82000000000016,14,394.21000000000015,swap,notBad
4171,14,409.82000000000016,14,394.21000000000015,move,improve
4172,14,409.82000000000016,14,394.21000000000015,swap,notBad
4173,14,409.82000000000016,14,394.21000000000015,2opt,notBad
4174,14,409.82000000000016,14,394.21000000000015,swap,notBad
4175,14,409.82000000000016,14,394.21000000000015,swap,notBad
4176,14,409.82000000000016,14,394.21000000000015,swap,notBad
4177,14,409.82000000000016,14,394.21000000000015,swap,notBad
4178,14,409.82000000000016,14,394.21000000000015,swap,notBad
4179,14,409.82000000000016,14,394.21000000000015,move,improve
4180,14,412.6900000000001,14,394.21000000000015,2opt,acceptBad
4181,14,412.6900000000001,14,394.21000000000015,swap,notBad
4182,14,412.6900000000001,14,394.21000000000015,move,improve
4183,14,412.6900000000001,14,394.21000000000015,swap,notBad
4184,14,412.6900000000001,14,394.21000000000015,2opt,notBad
4185,14,412.6900000000001,14,394.21000000000015,swap,notBad
4186,14,412.6900000000001,14,394.21000000000015,move,improve
4187,14,412.6900000000001,14,394.21000000000015,move,improve
4188,14,412.6900000000001,14,394.21000000000015,2opt,improve
4189,14,412.6900000000001,14,394.21000000000015,move,improve
4190,14,412.6900000000001,14,394.21000000000015,2opt,notBad
4191,14,412.6900000000001,14,394.21000000000015,swap,notBad
4192,14,412.6900000000001,14,394.21000000000015,move,improve
4193,14,412.6900000000001,14,394.21000000000015,move,improve
4194,14,412.6900000000001,14,394.21000000000015,2opt,improve
4195,14,412.6900000000001,14,394.21000000000015,move,improve
4196,14,412.6900000000001,14,394.21000000000015,2opt,notBad
4197,14,412.6900000000001,14,394.21000000000015,swap,notBad
4198,14,412.6900000000001,14,394.21000000000015,2opt,notBad
4199,14,446.54000000000013,14,394.21000000000015,swap,acceptBad
4200,14,446.54000000000013,14,394.21000000000015,2opt,notBad
4201,14,446.54000000000013,14,394.21000000000015,move,improve
4202,14,446.54000000000013,14,394.21000000000015,move,improve
4203,14,466.0900000000004,14,394.21000000000015,swap,acceptBad
4204,14,466.0900000000004,14,394.21000000000015,2opt,notBad
4205,14,466.0900000000004,14,394.21000000000015,2opt,notBad
4206,14,466.0900000000004,14,394.21000000000015,move,improve
4207,14,466.0900000000004,14,394.21000000000015,swap,notBad
4208,14,466.0900000000004,14,394.21000000000015,swap,notBad
4209,14,466.0900000000004,14,394.21000000000015,2opt,notBad
4210,14,466.0900000000004,14,394.21000000000015,2opt,notBad
4211,14,446.54000000000013,14,394.21000000000015,move,improve
4212,14,446.54000000000013,14,394.21000000000015,swap,notBad
4213,14,446.54000000000013,14,394.21000000000015,2opt,improve
4214,14,446.54000000000013,14,394.21000000000015,move,improve
4215,14,446.54000000000013,14,394.21000000000015,swap,notBad
4216,14,446.54000000000013,14,394.21000000000015,move,improve
4217,14,446.54000000000013,14,394.21000000000015,2opt,notBad
4218,14,446.54000000000013,14,394.21000000000015,move,improve
4219,14,446.54000000000013,14,394.21000000000015,swap,notBad
4220,14,446.54000000000013,14,394.21000000000015,swap,notBad
4221,14,446.54000000000013,14,394.21000000000015,swap,notBad
4222,14,446.54000000000013,14,394.21000000000015,move,improve
4223,14,446.54000000000013,14,394.21000000000015,2opt,improve
4224,14,446.54000000000013,14,394.21000000000015,2opt,notBad
4225,14,446.54000000000013,14,394.21000000000015,swap,notBad
4226,14,446.54000000000013,14,394.21000000000015,2opt,notBad
4227,14,446.54000000000013,14,394.21000000000015,move,improve
4228,14,446.54000000000013,14,394.21000000000015,2opt,notBad
4229,14,446.54000000000013,14,394.21000000000015,2opt,notBad
4230,14,446.54000000000013,14,394.21000000000015,swap,notBad
4231,14,446.54000000000013,14,394.21000000000015,swap,notBad
4232,14,447.3400000000001,14,394.21000000000015,2opt,acceptBad
4233,14,447.3400000000001,14,394.21000000000015,2opt,notBad
4234,14,447.3400000000001,14,394.21000000000015,2opt,notBad
4235,14,447.3400000000001,14,394.21000000000015,swap,notBad
4236,14,447.3400000000001,14,394.21000000000015,2opt,notBad
4237,14,413.49000000000007,14,394.21000000000015,move,improve
4238,14,413.49000000000007,14,394.21000000000015,2opt,notBad
4239,14,413.49000000000007,14,394.21000000000015,swap,notBad
4240,14,416.58000000000004,14,394.21000000000015,2opt,acceptBad
4241,14,416.58000000000004,14,394.21000000000015,2opt,notBad
4242,14,416.58000000000004,14,394.21000000000015,2opt,notBad
4243,14,416.58000000000004,14,394.21000000000015,swap,notBad
4244,14,416.58000000000004,14,394.21000000000015,swap,notBad
4245,14,416.58000000000004,14,394.21000000000015,2opt,notBad
4246,14,416.58000000000004,14,394.21000000000015,2opt,notBad
4247,14,436.13000000000017,14,394.21000000000015,swap,acceptBad
4248,14,436.13000000000017,14,394.21000000000015,2opt,notBad
4249,14,436.13000000000017,14,394.21000000000015,move,improve
4250,14,436.13000000000017,14,394.21000000000015,2opt,notBad
4251,14,435.33000000000015,14,394.21000000000015,move,improve
4252,14,435.33000000000015,14,394.21000000000015,swap,notBad
4253,14,435.33000000000015,14,394.21000000000015,2opt,notBad
4254,14,435.33000000000015,14,394.21000000000015,2opt,notBad
4255,14,435.33000000000015,14,394.21000000000015,2opt,notBad
4256,14,435.33000000000015,14,394.21000000000015,2opt,improve
4257,14,435.33000000000015,14,394.21000000000015,swap,notBad
4258,14,435.33000000000015,14,394.21000000000015,swap,notBad
4259,14,435.33000000000015,14,394.21000000000015,swap,notBad
4260,14,435.33000000000015,14,394.21000000000015,2opt,notBad
4261,14,435.33000000000015,14,394.21000000000015,swap,notBad
4262,14,435.33000000000015,14,394.21000000000015,2opt,notBad
4263,14,435.33000000000015,14,394.21000000000015,swap,notBad
4264,14,435.33000000000015,14,394.21000000000015,2opt,notBad
4265,14,435.33000000000015,14,394.21000000000015,swap,notBad
4266,14,435.33000000000015,14,394.21000000000015,2opt,notBad
4267,14,432.2400000000002,14,394.21000000000015,move,improve
4268,14,432.2400000000002,14,394.21000000000015,swap,notBad
4269,14,432.2400000000002,14,394.21000000000015,move,improve
4270,14,432.2400000000002,14,394.21000000000015,swap,notBad
4271,14,423.6400000000001,14,394.21000000000015,swap,improve
4272,14,423.6400000000001,14,394.21000000000015,swap,notBad
4273,14,423.6400000000001,14,394.21000000000015,2opt,notBad
4274,14,423.6400000000001,14,394.21000000000015,move,improve
4275,14,423.6400000000001,14,394.21000000000015,swap,notBad
4276,14,423.6400000000001,14,394.21000000000015,move,improve
4277,14,455.4200000000001,14,394.21000000000015,swap,acceptBad
4278,14,455.4200000000001,14,394.21000000000015,move,improve
4279,14,441.0900000000003,14,394.21000000000015,move,improve
4280,14,441.0900000000003,14,394.21000000000015,move,improve
4281,14,441.0900000000003,14,394.21000000000015,2opt,improve
4282,14,441.0900000000003,14,394.21000000000015,swap,notBad
4283,14,441.0900000000003,14,394.21000000000015,2opt,notBad
4284,14,441.0900000000003,14,394.21000000000015,move,improve
4285,14,441.0900000000003,14,394.21000000000015,swap,notBad
4286,14,441.0900000000003,14,394.21000000000015,move,improve
4287,14,441.0900000000003,14,394.21000000000015,swap,notBad
4288,14,441.0900000000003,14,394.21000000000015,move,improve
4289,14,441.0900000000003,14,394.21000000000015,2opt,notBad
4290,14,441.0900000000003,14,394.21000000000015,swap,notBad
4291,14,441.0900000000003,14,394.21000000000015,swap,notBad
4292,14,441.0900000000003,14,394.21000000000015,swap,notBad
4293,14,441.0900000000003,14,394.21000000000015,2opt,improve
4294,14,421.72000000000025,14,394.21000000000015,move,improve
4295,14,421.72000000000025,14,394.21000000000015,move,improve
4296,14,421.72000000000025,14,394.21000000000015,swap,notBad
4297,14,421.72000000000025,14,394.21000000000015,2opt,improve
4298,14,421.72000000000025,14,394.21000000000015,swap,notBad
4299,14,421.72000000000025,14,394.21000000000015,2opt,notBad
4300,14,421.72000000000025,14,394.21000000000015,move,improve
4301,14,421.72000000000025,14,394.21000000000015,swap,notBad
4302,14,421.72000000000025,14,394.21000000000015,move,improve
4303,14,421.72000000000025,14,394.21000000000015,2opt,notBad
4304,14,425.51000000000005,14,394.21000000000015,2opt,acceptBad
4305,14,425.51000000000005,14,394.21000000000015,2opt,improve
4306,14,425.51000000000005,14,394.21000000000015,move,improve
4307,14,425.51000000000005,14,394.21000000000015,move,improve
4308,14,425.51000000000005,14,394.21000000000015,swap,notBad
4309,14,425.51000000000005,14,394.21000000000015,move,improve
4310,14,414.85000000000025,14,394.21000000000015,move,improve
4311,14,414.85000000000025,14,394.21000000000015,2opt,notBad
4312,14,414.85000000000025,14,394.21000000000015,move,improve
4313,14,414.85000000000025,14,394.21000000000015,2opt,notBad
4314,14,450.61000000000024,14,394.21000000000015,swap,acceptBad
4315,14,421.4100000000002,14,394.21000000000015,swap,improve
4316,14,421.4100000000002,14,394.21000000000015,swap,notBad
4317,14,421.4100000000002,14,394.21000000000015,2opt,improve
4318,14,421.4100000000002,14,394.21000000000015,swap,notBad
4319,14,421.4100000000002,14,394.21000000000015,2opt,notBad
4320,14,413.3100000000003,14,394.21000000000015,swap,improve
4321,14,413.3100000000003,14,394.21000000000015,move,improve
4322,14,413.3100000000003,14,394.21000000000015,swap,notBad
4323,14,413.3100000000003,14,394.21000000000015,2opt,notBad
4324,14,413.3100000000003,14,394.21000000000015,2opt,improve
4325,14,413.3100000000003,14,394.21000000000015,move,improve
4326,14,390.8300000000005,14,390.8300000000005,move,newBest
4327,14,390.8300000000005,14,390.8300000000005,swap,notBad
4328,14,390.8300000000005,14,390.8300000000005,move,improve
4329,14,390.8300000000005,14,390.8300000000005,2opt,notBad
4330,14,390.8300000000005,14,390.8300000000005,swap,notBad
4331,14,390.8300000000005,14,390.8300000000005,2opt,notBad
4332,14,393.5400000000005,14,390.8300000000005,2opt,acceptBad
4333,14,393.5400000000005,14,390.8300000000005,2opt,notBad
4334,14,393.5400000000005,14,390.8300000000005,2opt,improve
4335,14,393.5400000000005,14,390.8300000000005,move,improve
4336,14,393.5400000000005,14,390.8300000000005,move,improve
4337,14,393.5400000000005,14,390.8300000000005,move,improve
4338,14,393.5400000000005,14,390.8300000000005,move,improve
4339,14,393.5400000000005,14,390.8300000000005,move,improve
4340,14,393.5400000000005,14,390.8300000000005,move,improve
4341,14,393.5400000000005,14,390.8300000000005,2opt,notBad
4342,14,390.64000000000044,14,390.64000000000044,move,newBest
4343,14,390.64000000000044,14,390.64000000000044,2opt,notBad
4344,14,390.64000000000044,14,390.64000000000044,move,improve
4345,14,390.64000000000044,14,390.64000000000044,2opt,notBad
4346,14,390.64000000000044,14,390.64000000000044,swap,notBad
4347,14,390.64000000000044,14,390.64000000000044,move,improve
4348,14,390.64000000000044,14,390.64000000000044,swap,notBad
4349,14,390.64000000000044,14,390.64000000000044,2opt,notBad
4350,14,390.64000000000044,14,390.64000000000044,move,improve
4351,14,390.64000000000044,14,390.64000000000044,move,improve
4352,14,390.64000000000044,14,390.64000000000044,move,improve
4353,14,390.64000000000044,14,390.64000000000044,move,improve
4354,14,390.64000000000044,14,390.64000000000044,swap,notBad
4355,14,390.64000000000044,14,390.64000000000044,move,improve
4356,14,390.64000000000044,14,390.64000000000044,move,improve
4357,14,390.64000000000044,14,390.64000000000044,move,improve
4358,14,390.64000000000044,14,390.64000000000044,move,improve
4359,14,390.64000000000044,14,390.64000000000044,2opt,notBad
4360,14,390.64000000000044,14,390.64000000000044,swap,notBad
4361,14,390.64000000000044,14,390.64000000000044,move,improve
4362,14,390.64000000000044,14,390.64000000000044,2opt,improve
4363,14,390.64000000000044,14,390.64000000000044,swap,notBad
4364,14,390.64000000000044,14,390.64000000000044,move,improve
4365,14,390.64000000000044,14,390.64000000000044,swap,notBad
4366,14,390.64000000000044,14,390.64000000000044,move,improve
4367,14,386.8500000000005,14,386.8500000000005,move,newBest
4368,14,386.8500000000005,14,386.8500000000005,swap,notBad
4369,14,386.8500000000005,14,386.8500000000005,swap,notBad
4370,14,386.8500000000005,14,386.8500000000005,move,improve
4371,14,386.8500000000005,14,386.8500000000005,2opt,improve
4372,14,386.8500000000005,14,386.8500000000005,2opt,improve
4373,14,386.8500000000005,14,386.8500000000005,swap,notBad
4374,14,386.8500000000005,14,386.8500000000005,move,improve
4375,14,386.8500000000005,14,386.8500000000005,2opt,notBad
4376,14,386.8500000000005,14,386.8500000000005,move,improve
4377,14,386.8500000000005,14,386.8500000000005,move,improve
4378,14,386.8500000000005,14,386.8500000000005,move,notBad
4379,14,386.8500000000005,14,386.8500000000005,2opt,notBad
4380,14,386.8500000000005,14,386.8500000000005,swap,notBad
4381,14,386.8500000000005,14,386.8500000000005,swap,notBad
4382,14,386.8500000000005,14,386.8500000000005,swap,notBad
4383,14,386.8500000000005,14,386.8500000000005,move,improve
4384,14,386.8500000000005,14,386.8500000000005,2opt,notBad
4385,14,386.8500000000005,14,386.8500000000005,2opt,notBad
4386,14,386.8500000000005,14,386.8500000000005,2opt,notBad
4387,14,386.8500000000005,14,386.8500000000005,move,improve
4388,14,386.8500000000005,14,386.8500000000005,swap,notBad
4389,14,386.8500000000005,14,386.8500000000005,move,improve
4390,14,386.8500000000005,14,386.8500000000005,2opt,notBad
4391,14,386.8500000000005,14,386.8500000000005,swap,notBad
4392,14,386.8500000000005,14,386.8500000000005,swap,notBad
4393,14,386.8500000000005,14,386.8500000000005,swap,notBad
4394,14,386.8500000000005,14,386.8500000000005,swap,notBad
4395,14,386.8500000000005,14,386.8500000000005,2opt,notBad
4396,14,386.8500000000005,14,386.8500000000005,move,improve
4397,14,386.8500000000005,14,386.8500000000005,2opt,improve
4398,14,382.35000000000025,14,382.35000000000025,move,newBest
4399,14,382.35000000000025,14,382.35000000000025,move,improve
4400,14,382.35000000000025,14,382.35000000000025,2opt,notBad
4401,14,382.35000000000025,14,382.35000000000025,2opt,notBad
4402,14,381.9800000000002,14,381.9800000000002,move,newBest
4403,14,381.9800000000002,14,381.9800000000002,2opt,notBad
4404,14,381.9800000000002,14,381.9800000000002,swap,notBad
4405,14,381.9800000000002,14,381.9800000000002,move,improve
4406,14,381.9800000000002,14,381.9800000000002,swap,notBad
4407,14,381.9800000000002,14,381.9800000000002,2opt,notBad
4408,14,381.9800000000002,14,381.9800000000002,move,improve
4409,14,381.9800000000002,14,381.9800000000002,swap,notBad
4410,14,381.9800000000002,14,381.9800000000002,move,improve
4411,14,381.9800000000002,14,381.9800000000002,2opt,improve
4412,14,381.9800000000002,14,381.9800000000002,move,improve
4413,14,381.9800000000002,14,381.9800000000002,swap,notBad
4414,14,381.9800000000002,14,381.9800000000002,swap,notBad
4415,14,381.9800000000002,14,381.9800000000002,2opt,notBad
4416,14,381.9800000000002,14,381.9800000000002,move,improve
4417,14,381.9800000000002,14,381.9800000000002,move,improve
4418,14,381.9800000000002,14,381.9800000000002,swap,notBad
4419,14,381.9800000000002,14,381.9800000000002,2opt,notBad
4420,14,381.9800000000002,14,381.9800000000002,move,improve
4421,14,381.9800000000002,14,381.9800000000002,move,improve
4422,14,381.9800000000002,14,381.9800000000002,2opt,notBad
4423,14,381.9800000000002,14,381.9800000000002,move,improve
4424,14,381.9800000000002,14,381.9800000000002,swap,notBad
4425,14,381.9800000000002,14,381.9800000000002,move,improve
4426,14,381.9800000000002,14,381.9800000000002,move,improve
4427,14,381.96000000000015,14,381.96000000000015,move,newBest
4428,14,381.96000000000015,14,381.96000000000015,swap,notBad
4429,14,381.96000000000015,14,381.96000000000015,swap,notBad
4430,14,381.96000000000015,14,381.96000000000015,2opt,notBad
4431,14,381.96000000000015,14,381.96000000000015,2opt,notBad
4432,14,381.96000000000015,14,381.96000000000015,move,improve
4433,14,381.96000000000015,14,381.96000000000015,swap,notBad
4434,14,381.96000000000015,14,381.96000000000015,move,improve
4435,14,390.0600000000002,14,381.96000000000015,swap,acceptBad
4436,14,390.0600000000002,14,381.96000000000015,swap,notBad
4437,14,390.0600000000002,14,381.96000000000015,2opt,notBad
4438,14,390.0600000000002,14,381.96000000000015,swap,notBad
4439,14,390.0600000000002,14,381.96000000000015,move,improve
4440,14,390.0600000000002,14,381.96000000000015,2opt,improve
4441,14,390.0600000000002,14,381.96000000000015,2opt,notBad
4442,14,390.0600000000002,14,381.96000000000015,2opt,notBad
4443,14,390.0600000000002,14,381.96000000000015,2opt,notBad
4444,14,390.0600000000002,14,381.96000000000015,move,improve
4445,14,390.0600000000002,14,381.96000000000015,swap,notBad
4446,14,390.0600000000002,14,381.96000000000015,move,improve
4447,14,390.0600000000002,14,381.96000000000015,swap,notBad
4448,14,390.0600000000002,14,381.96000000000015,2opt,notBad
4449,14,390.0600000000002,14,381.96000000000015,move,improve
4450,14,390.0600000000002,14,381.96000000000015,swap,notBad
4451,14,390.0600000000002,14,381.96000000000015,move,improve
4452,14,390.0600000000002,14,381.96000000000015,swap,notBad
4453,14,390.0600000000002,14,381.96000000000015,move,improve
4454,14,390.0600000000002,14,381.96000000000015,2opt,notBad
4455,14,390.0600000000002,14,381.96000000000015,swap,notBad
4456,14,390.0600000000002,14,381.96000000000015,swap,notBad
4457,14,390.0600000000002,14,381.96000000000015,move,improve
4458,14,390.0600000000002,14,381.96000000000015,swap,notBad
4459,14,390.0600000000002,14,381.96000000000015,swap,notBad
4460,14,390.0600000000002,14,381.96000000000015,move,improve
4461,14,390.0600000000002,14,381.96000000000015,move,improve
4462,14,390.0600000000002,14,381.96000000000015,move,improve
4463,14,390.0600000000002,14,381.96000000000015,swap,notBad
4464,14,390.0600000000002,14,381.96000000000015,swap,notBad
4465,14,390.0600000000002,14,381.96000000000015,swap,notBad
4466,14,390.0600000000002,14,381.96000000000015,swap,notBad
4467,14,390.0600000000002,14,381.96000000000015,swap,notBad
4468,14,390.0600000000002,14,381.96000000000015,swap,notBad
4469,14,390.0600000000002,14,381.96000000000015,2opt,notBad
4470,14,390.0600000000002,14,381.96000000000015,move,improve
4471,14,390.0600000000002,14,381.96000000000015,2opt,notBad
4472,14,390.0600000000002,14,381.96000000000015,swap,notBad
4473,14,390.0600000000002,14,381.96000000000015,move,improve
4474,14,390.0600000000002,14,381.96000000000015,swap,notBad
4475,14,390.0600000000002,14,381.96000000000015,2opt,notBad
4476,14,390.0600000000002,14,381.96000000000015,2opt,notBad
4477,14,390.0600000000002,14,381.96000000000015,move,improve
4478,14,390.0600000000002,14,381.96000000000015,2opt,notBad
4479,14,390.0600000000002,14,381.96000000000015,move,improve
4480,14,390.0600000000002,14,381.96000000000015,move,improve
4481,14,390.0600000000002,14,381.96000000000015,2opt,improve
4482,14,390.0600000000002,14,381.96000000000015,move,improve
4483,14,390.0600000000002,14,381.96000000000015,2opt,notBad
4484,14,390.0600000000002,14,381.96000000000015,2opt,notBad
4485,14,390.0600000000002,14,381.96000000000015,swap,notBad
4486,14,390.0600000000002,14,381.96000000000015,swap,notBad
4487,14,390.0600000000002,14,381.96000000000015,move,improve
4488,14,390.0600000000002,14,381.96000000000015,2opt,notBad
4489,14,390.0600000000002,14,381.96000000000015,2opt,notBad
4490,14,390.0600000000002,14,381.96000000000015,move,improve
4491,14,390.0600000000002,14,381.96000000000015,swap,notBad
4492,14,403.5400000000001,14,381.96000000000015,swap,acceptBad
4493,14,403.5400000000001,14,381.96000000000015,move,improve
4494,14,437.21000000000015,14,381.96000000000015,move,acceptBad
4495,14,437.21000000000015,14,381.96000000000015,2opt,notBad
4496,14,437.21000000000015,14,381.96000000000015,move,improve
4497,14,437.21000000000015,14,381.96000000000015,swap,notBad
4498,14,437.21000000000015,14,381.96000000000015,2opt,notBad
4499,14,437.21000000000015,14,381.96000000000015,2opt,notBad
4500,14,404.8900000000003,14,381.96000000000015,move,improve
4501,14,404.8900000000003,14,381.96000000000015,move,improve
4502,14,404.8900000000003,14,381.96000000000015,move,improve
4503,14,404.8900000000003,14,381.96000000000015,2opt,notBad
4504,14,404.8900000000003,14,381.96000000000015,move,improve
4505,14,404.8900000000003,14,381.96000000000015,2opt,notBad
4506,14,404.8900000000003,14,381.96000000000015,2opt,improve
4507,14,404.8900000000003,14,381.96000000000015,move,improve
4508,14,392.8500000000003,14,381.96000000000015,move,improve
4509,14,392.8500000000003,14,381.96000000000015,move,improve
4510,14,392.8500000000003,14,381.96000000000015,swap,notBad
4511,14,392.8500000000003,14,381.96000000000015,2opt,improve
4512,14,392.8500000000003,14,381.96000000000015,2opt,notBad
4513,14,392.8500000000003,14,381.96000000000015,swap,notBad
4514,14,392.8500000000003,14,381.96000000000015,move,improve
4515,14,392.8500000000003,14,381.96000000000015,2opt,notBad
4516,14,392.8500000000003,14,381.96000000000015,move,improve
4517,14,392.8500000000003,14,381.96000000000015,move,improve
4518,14,392.8500000000003,14,381.96000000000015,2opt,notBad
4519,14,392.8500000000003,14,381.96000000000015,swap,notBad
4520,14,392.8500000000003,14,381.96000000000015,swap,notBad
4521,14,392.8500000000003,14,381.96000000000015,swap,notBad
4522,14,392.8500000000003,14,381.96000000000015,2opt,notBad
4523,14,392.8500000000003,14,381.96000000000015,2opt,notBad
4524,14,392.8500000000003,14,381.96000000000015,2opt,notBad
4525,14,392.8500000000003,14,381.96000000000015,2opt,improve
4526,14,392.8500000000003,14,381.96000000000015,2opt,notBad
4527,14,401.7000000000003,14,381.96000000000015,swap,acceptBad
4528,14,400.4300000000001,14,381.96000000000015,move,improve
4529,14,400.4300000000001,14,381.96000000000015,move,improve
4530,14,400.4300000000001,14,381.96000000000015,swap,notBad
4531,14,400.4300000000001,14,381.96000000000015,2opt,notBad
4532,14,400.4300000000001,14,381.96000000000015,move,notBad
4533,14,400.4300000000001,14,381.96000000000015,move,improve
4534,14,400.4300000000001,14,381.96000000000015,2opt,notBad
4535,14,400.4300000000001,14,381.96000000000015,2opt,notBad
4536,14,400.4300000000001,14,381.96000000000015,move,improve
4537,14,400.4300000000001,14,381.96000000000015,move,improve
4538,14,400.4300000000001,14,381.96000000000015,move,improve
4539,14,400.4300000000001,14,381.96000000000015,swap,notBad
4540,14,400.4300000000001,14,381.96000000000015,swap,notBad
4541,14,400.4300000000001,14,381.96000000000015,move,improve
4542,14,400.4300000000001,14,381.96000000000015,swap,notBad
4543,14,400.4300000000001,14,381.96000000000015,move,improve
4544,14,400.4300000000001,14,381.96000000000015,2opt,improve
4545,14,400.4300000000001,14,381.96000000000015,move,improve
4546,14,413.55000000000024,14,381.96000000000015,swap,acceptBad
4547,14,413.55000000000024,14,381.96000000000015,move,improve
4548,14,413.55000000000024,14,381.96000000000015,move,improve
4549,14,413.55000000000024,14,381.96000000000015,2opt,notBad
4550,14,413.55000000000024,14,381.96000000000015,move,improve
4551,14,413.55000000000024,14,381.96000000000015,2opt,notBad
4552,14,413.55000000000024,14,381.96000000000015,move,improve
4553,14,406.5300000000002,14,381.96000000000015,move,improve
4554,14,406.6100000000001,14,381.96000000000015,2opt,acceptBad
4555,14,406.6100000000001,14,381.96000000000015,2opt,notBad
4556,14,406.6100000000001,14,381.96000000000015,swap,notBad
4557,14,405.4900000000001,14,381.96000000000015,move,improve
4558,14,405.4900000000001,14,381.96000000000015,swap,notBad
4559,14,405.4900000000001,14,381.96000000000015,swap,notBad
4560,14,405.4900000000001,14,381.96000000000015,2opt,notBad
4561,14,405.4900000000001,14,381.96000000000015,2opt,notBad
4562,14,405.4900000000001,14,381.96000000000015,move,improve
4563,14,405.4900000000001,14,381.96000000000015,move,improve
4564,14,405.4900000000001,14,381.96000000000015,move,improve
4565,14,405.4900000000001,14,381.96000000000015,move,improve
4566,14,405.4900000000001,14,381.96000000000015,2opt,notBad
4567,14,405.4900000000001,14,381.96000000000015,move,improve
4568,14,405.4900000000001,14,381.96000000000015,move,improve
4569,14,405.4900000000001,14,381.96000000000015,2opt,notBad
4570,14,405.4900000000001,14,381.96000000000015,move,improve
4571,14,412.5100000000001,14,381.96000000000015,swap,acceptBad
4572,14,436.13000000000045,14,381.96000000000015,swap,acceptBad
4573,14,430.9100000000004,14,381.96000000000015,move,improve
4574,14,430.9100000000004,14,381.96000000000015,swap,notBad
4575,14,430.9100000000004,14,381.96000000000015,2opt,notBad
4576,14,430.9100000000004,14,381.96000000000015,swap,notBad
4577,14,430.9100000000004,14,381.96000000000015,swap,notBad
4578,14,430.9100000000004,14,381.96000000000015,2opt,improve
4579,14,430.9100000000004,14,381.96000000000015,2opt,notBad
4580,14,430.9100000000004,14,381.96000000000015,move,improve
4581,14,430.9100000000004,14,381.96000000000015,move,improve
4582,14,430.9100000000004,14,381.96000000000015,move,improve
4583,14,430.9100000000004,14,381.96000000000015,move,improve
4584,14,430.9100000000004,14,381.96000000000015,move,improve
4585,14,430.9100000000004,14,381.96000000000015,2opt,notBad
4586,14,430.9100000000004,14,381.96000000000015,2opt,notBad
4587,14,430.9100000000004,14,381.96000000000015,swap,notBad
4588,14,430.9100000000004,14,381.96000000000015,swap,notBad
4589,14,430.9100000000004,14,381.96000000000015,move,improve
4590,14,433.10000000000036,14,381.96000000000015,2opt,acceptBad
4591,14,433.10000000000036,14,381.96000000000015,swap,notBad
4592,14,433.10000000000036,14,381.96000000000015,move,improve
4593,14,433.10000000000036,14,381.96000000000015,move,improve
4594,14,433.10000000000036,14,381.96000000000015,2opt,notBad
4595,14,433.10000000000036,14,381.96000000000015,2opt,improve
4596,14,433.10000000000036,14,381.96000000000015,swap,notBad
4597,14,433.10000000000036,14,381.96000000000015,2opt,notBad
4598,14,433.10000000000036,14,381.96000000000015,2opt,notBad
4599,14,433.10000000000036,14,381.96000000000015,move,improve
4600,14,433.10000000000036,14,381.96000000000015,swap,notBad
4601,14,433.10000000000036,14,381.96000000000015,2opt,notBad
4602,14,434.07000000000056,14,381.96000000000015,2opt,acceptBad
4603,14,434.07000000000056,14,381.96000000000015,swap,notBad
4604,14,434.07000000000056,14,381.96000000000015,2opt,notBad
4605,14,434.07000000000056,14,381.96000000000015,swap,notBad
4606,14,434.07000000000056,14,381.96000000000015,2opt,notBad
4607,14,434.07000000000056,14,381.96000000000015,2opt,notBad
4608,14,434.07000000000056,14,381.96000000000015,swap,notBad
4609,14,434.07000000000056,14,381.96000000000015,swap,notBad
4610,14,433.82000000000056,14,381.96000000000015,move,improve
4611,14,433.82000000000056,14,381.96000000000015,2opt,notBad
4612,14,433.82000000000056,14,381.96000000000015,2opt,notBad
4613,14,433.82000000000056,14,381.96000000000015,move,improve
4614,14,433.82000000000056,14,381.96000000000015,swap,notBad
4615,14,433.82000000000056,14,381.96000000000015,2opt,notBad
4616,14,433.82000000000056,14,381.96000000000015,move,improve
4617,14,433.82000000000056,14,381.96000000000015,move,improve
4618,14,433.82000000000056,14,381.96000000000015,swap,notBad
4619,14,433.82000000000056,14,381.96000000000015,move,improve
4620,14,433.82000000000056,14,381.96000000000015,2opt,notBad
4621,14,433.82000000000056,14,381.96000000000015,move,improve
4622,14,433.82000000000056,14,381.96000000000015,move,improve
4623,14,433.82000000000056,14,381.96000000000015,2opt,notBad
4624,14,433.82000000000056,14,381.96000000000015,swap,notBad
4625,14,433.82000000000056,14,381.96000000000015,swap,notBad
4626,14,433.82000000000056,14,381.96000000000015,2opt,notBad
4627,14,433.82000000000056,14,381.96000000000015,move,improve
4628,14,433.82000000000056,14,381.96000000000015,move,improve
4629,14,433.82000000000056,14,381.96000000000015,swap,notBad
4630,14,433.4800000000003,14,381.96000000000015,swap,improve
4631,14,433.4800000000003,14,381.96000000000015,2opt,notBad
4632,14,433.4800000000003,14,381.96000000000015,move,improve
4633,14,433.4800000000003,14,381.96000000000015,move,improve
4634,14,433.4800000000003,14,381.96000000000015,2opt,notBad
4635,14,433.4800000000003,14,381.96000000000015,move,improve
4636,14,433.4800000000003,14,381.96000000000015,2opt,notBad
4637,14,433.4800000000003,14,381.96000000000015,move,improve
4638,14,433.4800000000003,14,381.96000000000015,2opt,improve
4639,14,433.4800000000003,14,381.96000000000015,2opt,notBad
4640,14,433.4800000000003,14,381.96000000000015,2opt,notBad
4641,14,433.4800000000003,14,381.96000000000015,2opt,notBad
4642,14,433.4800000000003,14,381.96000000000015,2opt,notBad
4643,14,433.4800000000003,14,381.96000000000015,swap,notBad
4644,14,433.4800000000003,14,381.96000000000015,2opt,notBad
4645,14,433.4800000000003,14,381.96000000000015,move,improve
4646,14,433.4800000000003,14,381.96000000000015,move,improve
4647,14,433.4800000000003,14,381.96000000000015,swap,notBad
4648,14,433.4800000000003,14,381.96000000000015,swap,notBad
4649,14,433.4800000000003,14,381.96000000000015,swap,notBad
4650,14,433.4800000000003,14,381.96000000000015,move,improve
4651,14,433.4800000000003,14,381.96000000000015,swap,notBad
4652,14,433.4800000000003,14,381.96000000000015,2opt,notBad
4653,14,433.4800000000003,14,381.96000000000015,2opt,notBad
4654,14,433.4800000000003,14,381.96000000000015,move,improve
4655,14,433.4800000000003,14,381.96000000000015,swap,notBad
4656,14,433.4800000000003,14,381.96000000000015,swap,notBad
4657,14,405.3400000000002,14,381.96000000000015,swap,improve
4658,14,405.3400000000002,14,381.96000000000015,2opt,notBad
4659,14,405.3400000000002,14,381.96000000000015,2opt,notBad
4660,14,405.3400000000002,14,381.96000000000015,2opt,notBad
4661,14,405.3400000000002,14,381.96000000000015,move,improve
4662,14,405.3400000000002,14,381.96000000000015,move,improve
4663,14,405.3400000000002,14,381.96000000000015,2opt,notBad
4664,14,405.3400000000002,14,381.96000000000015,swap,notBad
4665,14,405.3400000000002,14,381.96000000000015,2opt,improve
4666,14,405.3400000000002,14,381.96000000000015,2opt,notBad
4667,14,405.3400000000002,14,381.96000000000015,swap,notBad
4668,14,405.3400000000002,14,381.96000000000015,2opt,improve
4669,14,405.3400000000002,14,381.96000000000015,2opt,notBad
4670,14,405.3400000000002,14,381.96000000000015,swap,notBad
4671,14,405.3400000000002,14,381.96000000000015,2opt,notBad
4672,14,405.3400000000002,14,381.96000000000015,2opt,notBad
4673,14,405.3400000000002,14,381.96000000000015,2opt,notBad
4674,14,405.3400000000002,14,381.96000000000015,2opt,notBad
4675,14,405.3400000000002,14,381.96000000000015,move,improve
4676,14,405.3400000000002,14,381.96000000000015,2opt,notBad
4677,14,405.3400000000002,14,381.96000000000015,2opt,notBad
4678,14,405.3400000000002,14,381.96000000000015,swap,notBad
4679,14,405.3400000000002,14,381.96000000000015,move,improve
4680,14,405.3400000000002,14,381.96000000000015,2opt,notBad
4681,14,405.3400000000002,14,381.96000000000015,2opt,notBad
4682,14,405.3400000000002,14,381.96000000000015,swap,notBad
4683,14,405.3400000000002,14,381.96000000000015,2opt,notBad
4684,14,405.3400000000002,14,381.96000000000015,swap,notBad
4685,14,405.3400000000002,14,381.96000000000015,2opt,notBad
4686,14,405.3400000000002,14,381.96000000000015,swap,notBad
4687,14,405.3400000000002,14,381.96000000000015,swap,notBad
4688,14,405.3400000000002,14,381.96000000000015,swap,notBad
4689,14,405.3400000000002,14,381.96000000000015,2opt,notBad
4690,14,405.3400000000002,14,381.96000000000015,move,improve
4691,14,392.4100000000002,14,381.96000000000015,move,improve
4692,14,392.4100000000002,14,381.96000000000015,2opt,notBad
4693,14,392.4100000000002,14,381.96000000000015,swap,notBad
4694,14,392.4100000000002,14,381.96000000000015,swap,notBad
4695,14,392.4100000000002,14,381.96000000000015,move,improve
4696,14,392.4100000000002,14,381.96000000000015,swap,notBad
4697,14,392.4100000000002,14,381.96000000000015,move,improve
4698,14,392.4100000000002,14,381.96000000000015,swap,notBad
4699,14,392.4100000000002,14,381.96000000000015,move,improve
4700,14,392.4100000000002,14,381.96000000000015,swap,notBad
4701,14,392.4100000000002,14,381.96000000000015,2opt,notBad
4702,14,392.4100000000002,14,381.96000000000015,swap,notBad
4703,14,389.9000000000002,14,381.96000000000015,move,improve
4704,14,389.9000000000002,14,381.96000000000015,swap,notBad
4705,14,389.9000000000002,14,381.96000000000015,move,improve
4706,14,389.9000000000002,14,381.96000000000015,2opt,improve
4707,14,389.9000000000002,14,381.96000000000015,move,improve
4708,14,391.07000000000016,14,381.96000000000015,2opt,acceptBad
4709,14,391.07000000000016,14,381.96000000000015,swap,notBad
4710,14,391.07000000000016,14,381.96000000000015,2opt,notBad
4711,14,391.07000000000016,14,381.96000000000015,move,improve
4712,14,405.0400000000002,14,381.96000000000015,swap,acceptBad
4713,14,405.0400000000002,14,381.96000000000015,2opt,notBad
4714,14,405.0400000000002,14,381.96000000000015,swap,notBad
4715,14,405.0400000000002,14,381.96000000000015,swap,notBad
4716,14,405.0400000000002,14,381.96000000000015,swap,notBad
4717,14,405.0400000000002,14,381.96000000000015,swap,notBad
4718,14,405.0400000000002,14,381.96000000000015,swap,notBad
4719,14,405.0400000000002,14,381.96000000000015,2opt,notBad
4720,14,405.0400000000002,14,381.96000000000015,swap,notBad
4721,14,405.0400000000002,14,381.96000000000015,swap,notBad
4722,14,405.0400000000002,14,381.96000000000015,2opt,improve
4723,14,405.0400000000002,14,381.96000000000015,swap,notBad
4724,14,405.0400000000002,14,381.96000000000015,swap,notBad
4725,14,405.0400000000002,14,381.96000000000015,swap,notBad
4726,14,405.0400000000002,14,381.96000000000015,swap,notBad
4727,14,405.0400000000002,14,381.96000000000015,swap,notBad
4728,14,405.0400000000002,14,381.96000000000015,move,improve
4729,14,405.0300000000002,14,381.96000000000015,swap,improve
4730,14,405.0300000000002,14,381.96000000000015,move,improve
4731,14,405.0300000000002,14,381.96000000000015,move,improve
4732,14,405.0300000000002,14,381.96000000000015,move,improve
4733,14,405.0300000000002,14,381.96000000000015,2opt,improve
4734,14,405.0300000000002,14,381.96000000000015,swap,notBad
4735,14,405.0300000000002,14,381.96000000000015,swap,notBad
4736,14,405.0300000000002,14,381.96000000000015,swap,notBad
4737,14,405.0300000000002,14,381.96000000000015,swap,notBad
4738,14,405.0300000000002,14,381.96000000000015,swap,notBad
4739,14,405.0300000000002,14,381.96000000000015,move,improve
4740,14,405.0300000000002,14,381.96000000000015,move,improve
4741,14,405.0300000000002,14,381.96000000000015,swap,notBad
4742,14,405.0300000000002,14,381.96000000000015,swap,notBad
4743,14,405.0300000000002,14,381.96000000000015,swap,notBad
4744,14,405.0300000000002,14,381.96000000000015,swap,notBad
4745,14,405.0300000000002,14,381.96000000000015,swap,notBad
4746,14,405.0300000000002,14,381.96000000000015,move,improve
4747,14,405.0300000000002,14,381.96000000000015,move,improve
4748,14,405.0300000000002,14,381.96000000000015,2opt,improve
4749,14,405.0300000000002,14,381.96000000000015,2opt,improve
4750,14,405.0300000000002,14,381.96000000000015,swap,notBad
4751,14,405.0300000000002,14,381.96000000000015,2opt,improve
4752,14,405.0300000000002,14,381.96000000000015,swap,notBad
4753,14,416.03000000000026,14,381.96000000000015,swap,acceptBad
4754,14,416.03000000000026,14,381.96000000000015,2opt,notBad
4755,14,416.03000000000026,14,381.96000000000015,swap,notBad
4756,14,416.03000000000026,14,381.96000000000015,move,improve
4757,14,416.03000000000026,14,381.96000000000015,swap,notBad
4758,14,416.03000000000026,14,381.96000000000015,move,improve
4759,14,416.03000000000026,14,381.96000000000015,swap,notBad
4760,14,416.03000000000026,14,381.96000000000015,swap,notBad
4761,14,416.03000000000026,14,381.96000000000015,move,improve
4762,14,416.03000000000026,14,381.96000000000015,2opt,notBad
4763,14,416.03000000000026,14,381.96000000000015,2opt,improve
4764,14,416.03000000000026,14,381.96000000000015,move,improve
4765,14,416.03000000000026,14,381.96000000000015,move,improve
4766,14,416.03000000000026,14,381.96000000000015,move,improve
4767,14,416.03000000000026,14,381.96000000000015,swap,notBad
4768,14,416.03000000000026,14,381.96000000000015,move,improve
4769,14,416.03000000000026,14,381.96000000000015,swap,notBad
4770,14,416.03000000000026,14,381.96000000000015,2opt,notBad
4771,14,416.03000000000026,14,381.96000000000015,2opt,notBad
4772,14,416.03000000000026,14,381.96000000000015,move,improve
4773,14,416.03000000000026,14,381.96000000000015,swap,notBad
4774,14,416.03000000000026,14,381.96000000000015,2opt,notBad
4775,14,416.03000000000026,14,381.96000000000015,move,improve
4776,14,416.03000000000026,14,381.96000000000015,move,improve
4777,14,416.03000000000026,14,381.96000000000015,2opt,notBad
4778,14,416.03000000000026,14,381.96000000000015,2opt,notBad
4779,14,416.03000000000026,14,381.96000000000015,swap,notBad
4780,14,416.03000000000026,14,381.96000000000015,move,improve
4781,14,416.03000000000026,14,381.96000000000015,move,improve
4782,14,416.03000000000026,14,381.96000000000015,move,improve
4783,14,416.03000000000026,14,381.96000000000015,swap,notBad
4784,14,416.03000000000026,14,381.96000000000015,move,improve
4785,14,416.03000000000026,14,381.96000000000015,swap,notBad
4786,14,416.03000000000026,14,381.96000000000015,swap,notBad
4787,14,381.7500000000004,14,381.7500000000004,swap,newBest
4788,14,381.7500000000004,14,381.7500000000004,move,improve
4789,14,381.7500000000004,14,381.7500000000004,2opt,notBad
4790,14,381.7500000000004,14,381.7500000000004,2opt,improve
4791,14,381.7500000000004,14,381.7500000000004,move,improve
4792,14,381.7500000000004,14,381.7500000000004,swap,notBad
4793,14,381.7500000000004,14,381.7500000000004,swap,notBad
4794,14,381.7500000000004,14,381.7500000000004,move,improve
4795,14,381.3400000000004,14,381.3400000000004,move,newBest
4796,14,381.3400000000004,14,381.3400000000004,2opt,notBad
4797,14,381.3400000000004,14,381.3400000000004,move,improve
4798,14,381.3400000000004,14,381.3400000000004,move,improve
4799,14,381.3400000000004,14,381.3400000000004,move,improve
4800,14,381.3400000000004,14,381.3400000000004,swap,notBad
4801,14,381.3400000000004,14,381.3400000000004,2opt,notBad
4802,14,381.3400000000004,14,381.3400000000004,2opt,notBad
4803,14,381.3400000000004,14,381.3400000000004,swap,notBad
4804,14,381.3400000000004,14,381.3400000000004,2opt,notBad
4805,14,381.3400000000004,14,381.3400000000004,2opt,notBad
4806,14,381.3400000000004,14,381.3400000000004,2opt,improve
4807,14,381.3400000000004,14,381.3400000000004,move,improve
4808,14,381.3400000000004,14,381.3400000000004,move,improve
4809,14,381.3400000000004,14,381.3400000000004,move,improve
4810,14,381.3400000000004,14,381.3400000000004,swap,notBad
4811,14,381.3400000000004,14,381.3400000000004,2opt,notBad
4812,14,381.3400000000004,14,381.3400000000004,2opt,notBad
4813,14,381.3400000000004,14,381.3400000000004,2opt,notBad
4814,14,381.3400000000004,14,381.3400000000004,2opt,notBad
4815,14,381.3400000000004,14,381.3400000000004,swap,notBad
4816,14,390.24000000000024,14,381.3400000000004,swap,acceptBad
4817,14,390.24000000000024,14,381.3400000000004,move,improve
4818,14,381.3400000000004,14,381.3400000000004,move,improve
4819,14,381.3400000000004,14,381.3400000000004,2opt,improve
4820,14,381.3400000000004,14,381.3400000000004,move,improve
4821,14,381.3400000000004,14,381.3400000000004,move,improve
4822,14,381.3400000000004,14,381.3400000000004,move,improve
4823,14,381.3400000000004,14,381.3400000000004,2opt,notBad
4824,14,381.3400000000004,14,381.3400000000004,move,improve
4825,14,381.3400000000004,14,381.3400000000004,move,improve
4826,14,381.3400000000004,14,381.3400000000004,swap,notBad
4827,14,381.3400000000004,14,381.3400000000004,swap,notBad
4828,14,381.3400000000004,14,381.3400000000004,swap,notBad
4829,14,381.3400000000004,14,381.3400000000004,swap,notBad
4830,14,381.3400000000004,14,381.3400000000004,move,improve
4831,14,381.3400000000004,14,381.3400000000004,swap,notBad
4832,14,381.3400000000004,14,381.3400000000004,2opt,notBad
4833,14,381.3400000000004,14,381.3400000000004,2opt,notBad
4834,14,381.3400000000004,14,381.3400000000004,move,improve
4835,14,381.3400000000004,14,381.3400000000004,move,improve
4836,14,381.3400000000004,14,381.3400000000004,move,improve
4837,14,381.3400000000004,14,381.3400000000004,move,improve
4838,14,381.3400000000004,14,381.3400000000004,swap,notBad
4839,14,381.3400000000004,14,381.3400000000004,2opt,notBad
4840,14,381.3400000000004,14,381.3400000000004,move,improve
4841,14,381.3400000000004,14,381.3400000000004,2opt,notBad
4842,14,381.3400000000004,14,381.3400000000004,move,improve
4843,14,381.3400000000004,14,381.3400000000004,move,improve
4844,14,381.3400000000004,14,381.3400000000004,swap,notBad
4845,14,381.5400000000004,14,381.3400000000004,swap,acceptBad
4846,14,381.5400000000004,14,381.3400000000004,swap,notBad
4847,14,381.5400000000004,14,381.3400000000004,move,improve
4848,14,381.5400000000004,14,381.3400000000004,swap,notBad
4849,14,381.5400000000004,14,381.3400000000004,move,improve
4850,14,381.5400000000004,14,381.3400000000004,move,improve
4851,14,381.5400000000004,14,381.3400000000004,swap,notBad
4852,14,381.5400000000004,14,381.3400000000004,move,improve
4853,14,381.5400000000004,14,381.3400000000004,2opt,notBad
4854,14,392.26000000000033,14,381.3400000000004,swap,acceptBad
4855,14,392.26000000000033,14,381.3400000000004,2opt,notBad
4856,14,392.26000000000033,14,381.3400000000004,2opt,notBad
4857,14,392.26000000000033,14,381.3400000000004,2opt,notBad
4858,14,392.26000000000033,14,381.3400000000004,move,improve
4859,14,392.26000000000033,14,381.3400000000004,swap,notBad
4860,14,392.26000000000033,14,381.3400000000004,swap,notBad
4861,14,392.26000000000033,14,381.3400000000004,move,improve
4862,14,392.26000000000033,14,381.3400000000004,move,improve
4863,14,392.26000000000033,14,381.3400000000004,2opt,notBad
4864,14,392.26000000000033,14,381.3400000000004,swap,notBad
4865,14,392.26000000000033,14,381.3400000000004,2opt,notBad
4866,14,392.26000000000033,14,381.3400000000004,move,improve
4867,14,392.26000000000033,14,381.3400000000004,swap,notBad
4868,14,392.26000000000033,14,381.3400000000004,swap,notBad
4869,14,392.26000000000033,14,381.3400000000004,swap,notBad
4870,14,392.26000000000033,14,381.3400000000004,2opt,notBad
4871,14,392.26000000000033,14,381.3400000000004,move,improve
4872,14,392.26000000000033,14,381.3400000000004,2opt,notBad
4873,14,392.26000000000033,14,381.3400000000004,move,notBad
4874,14,392.26000000000033,14,381.3400000000004,move,improve
4875,14,392.26000000000033,14,381.3400000000004,2opt,notBad
4876,14,392.26000000000033,14,381.3400000000004,swap,notBad
4877,14,392.26000000000033,14,381.3400000000004,move,improve
4878,14,392.26000000000033,14,381.3400000000004,move,improve
4879,14,392.26000000000033,14,381.3400000000004,swap,notBad
4880,14,392.26000000000033,14,381.3400000000004,2opt,notBad
4881,14,392.26000000000033,14,381.3400000000004,2opt,notBad
4882,14,392.26000000000033,14,381.3400000000004,2opt,notBad
4883,14,392.26000000000033,14,381.3400000000004,swap,notBad
4884,14,392.26000000000033,14,381.3400000000004,swap,notBad
4885,14,392.26000000000033,14,381.3400000000004,swap,notBad
4886,14,392.26000000000033,14,381.3400000000004,2opt,improve
4887,14,392.26000000000033,14,381.3400000000004,2opt,notBad
4888,14,392.26000000000033,14,381.3400000000004,swap,notBad
4889,14,392.26000000000033,14,381.3400000000004,swap,notBad
4890,14,393.76000000000033,14,381.3400000000004,swap,acceptBad
4891,14,393.76000000000033,14,381.3400000000004,swap,notBad
4892,14,393.76000000000033,14,381.3400000000004,swap,notBad
4893,14,393.76000000000033,14,381.3400000000004,swap,notBad
4894,14,393.76000000000033,14,381.3400000000004,2opt,notBad
4895,14,393.76000000000033,14,381.3400000000004,move,improve
4896,14,393.76000000000033,14,381.3400000000004,2opt,notBad
4897,14,393.76000000000033,14,381.3400000000004,swap,notBad
4898,14,393.76000000000033,14,381.3400000000004,2opt,notBad
4899,14,393.76000000000033,14,381.3400000000004,swap,notBad
4900,14,393.76000000000033,14,381.3400000000004,2opt,notBad
4901,14,393.76000000000033,14,381.3400000000004,swap,notBad
4902,14,393.76000000000033,14,381.3400000000004,swap,notBad
4903,14,393.76000000000033,14,381.3400000000004,swap,notBad
4904,14,393.76000000000033,14,381.3400000000004,move,improve
4905,14,393.76000000000033,14,381.3400000000004,swap,notBad
4906,14,393.76000000000033,14,381.3400000000004,2opt,notBad
4907,14,393.76000000000033,14,381.3400000000004,swap,notBad
4908,14,393.76000000000033,14,381.3400000000004,move,improve
4909,14,393.76000000000033,14,381.3400000000004,swap,notBad
4910,14,393.76000000000033,14,381.3400000000004,swap,notBad
4911,14,393.76000000000033,14,381.3400000000004,2opt,notBad
4912,14,393.76000000000033,14,381.3400000000004,swap,notBad
4913,14,393.76000000000033,14,381.3400000000004,swap,notBad
4914,14,393.76000000000033,14,381.3400000000004,2opt,improve
4915,14,404.0400000000004,14,381.3400000000004,move,acceptBad
4916,14,404.0400000000004,14,381.3400000000004,2opt,notBad
4917,14,404.0400000000004,14,381.3400000000004,swap,notBad
4918,14,404.0400000000004,14,381.3400000000004,2opt,notBad
4919,14,404.0400000000004,14,381.3400000000004,move,improve
4920,14,404.0400000000004,14,381.3400000000004,swap,notBad
4921,14,404.0400000000004,14,381.3400000000004,move,improve
4922,14,404.0400000000004,14,381.3400000000004,move,improve
4923,14,404.0400000000004,14,381.3400000000004,2opt,notBad
4924,14,404.0400000000004,14,381.3400000000004,2opt,improve
4925,14,404.0400000000004,14,381.3400000000004,swap,notBad
4926,14,404.0400000000004,14,381.3400000000004,move,improve
4927,14,404.0400000000004,14,381.3400000000004,swap,notBad
4928,14,404.0400000000004,14,381.3400000000004,swap,notBad
4929,14,404.0400000000004,14,381.3400000000004,move,improve
4930,14,404.0400000000004,14,381.3400000000004,swap,notBad
4931,14,404.0400000000004,14,381.3400000000004,2opt,improve
4932,14,404.0400000000004,14,381.3400000000004,move,improve
4933,14,404.0400000000004,14,381.3400000000004,swap,notBad
4934,14,404.0400000000004,14,381.3400000000004,2opt,improve
4935,14,404.0400000000004,14,381.3400000000004,swap,notBad
4936,14,404.0400000000004,14,381.3400000000004,2opt,notBad
4937,14,404.0400000000004,14,381.3400000000004,move,improve
4938,14,404.0400000000004,14,381.3400000000004,move,improve
4939,14,404.0400000000004,14,381.3400000000004,swap,notBad
4940,14,404.0400000000004,14,381.3400000000004,swap,notBad
4941,14,404.0400000000004,14,381.3400000000004,swap,notBad
4942,14,404.0400000000004,14,381.3400000000004,2opt,improve
4943,14,404.0400000000004,14,381.3400000000004,2opt,notBad
4944,14,404.0400000000004,14,381.3400000000004,move,improve
4945,14,404.0400000000004,14,381.3400000000004,move,improve
4946,14,404.0400000000004,14,381.3400000000004,2opt,notBad
4947,14,404.0400000000004,14,381.3400000000004,move,improve
4948,14,404.0400000000004,14,381.3400000000004,swap,notBad
4949,14,404.0400000000004,14,381.3400000000004,swap,notBad
4950,14,404.0400000000004,14,381.3400000000004,swap,notBad
4951,14,404.0400000000004,14,381.3400000000004,swap,notBad
4952,14,404.0400000000004,14,381.3400000000004,swap,notBad
4953,14,404.0400000000004,14,381.3400000000004,move,improve
4954,14,404.0400000000004,14,381.3400000000004,2opt,notBad
4955,14,404.0400000000004,14,381.3400000000004,2opt,notBad
4956,14,404.0400000000004,14,381.3400000000004,2opt,improve
4957,14,404.0400000000004,14,381.3400000000004,swap,notBad
4958,14,404.0400000000004,14,381.3400000000004,move,improve
4959,14,404.0400000000004,14,381.3400000000004,2opt,improve
4960,14,404.0400000000004,14,381.3400000000004,swap,notBad
4961,14,404.0400000000004,14,381.3400000000004,move,improve
4962,14,401.86000000000024,14,381.3400000000004,swap,improve
4963,14,401.86000000000024,14,381.3400000000004,swap,notBad
4964,14,401.86000000000024,14,381.3400000000004,swap,notBad
4965,14,401.86000000000024,14,381.3400000000004,2opt,notBad
4966,14,401.86000000000024,14,381.3400000000004,swap,notBad
4967,14,392.76000000000033,14,381.3400000000004,swap,improve
4968,14,392.76000000000033,14,381.3400000000004,2opt,notBad
4969,14,392.76000000000033,14,381.3400000000004,swap,notBad
4970,14,392.76000000000033,14,381.3400000000004,move,improve
4971,14,392.76000000000033,14,381.3400000000004,move,improve
4972,14,392.76000000000033,14,381.3400000000004,move,improve
4973,14,392.76000000000033,14,381.3400000000004,2opt,notBad
4974,14,383.9400000000003,14,381.3400000000004,swap,improve
4975,14,383.9400000000003,14,381.3400000000004,2opt,notBad
4976,14,391.86000000000035,14,381.3400000000004,swap,acceptBad
4977,14,391.86000000000035,14,381.3400000000004,move,improve
4978,14,391.86000000000035,14,381.3400000000004,swap,notBad
4979,14,391.86000000000035,14,381.3400000000004,swap,notBad
4980,14,391.86000000000035,14,381.3400000000004,move,improve
4981,14,391.86000000000035,14,381.3400000000004,swap,notBad
4982,14,391.86000000000035,14,381.3400000000004,move,improve
4983,14,391.86000000000035,14,381.3400000000004,swap,notBad
4984,14,391.86000000000035,14,381.3400000000004,2opt,notBad
4985,14,391.86000000000035,14,381.3400000000004,move,improve
4986,14,391.86000000000035,14,381.3400000000004,2opt,notBad
4987,14,391.86000000000035,14,381.3400000000004,swap,notBad
4988,14,391.86000000000035,14,381.3400000000004,move,improve
4989,14,391.86000000000035,14,381.3400000000004,2opt,notBad
4990,14,391.86000000000035,14,381.3400000000004,2opt,notBad
4991,14,391.86000000000035,14,381.3400000000004,move,improve
4992,14,391.86000000000035,14,381.3400000000004,swap,notBad
4993,14,391.86000000000035,14,381.3400000000004,2opt,notBad
4994,14,391.86000000000035,14,381.3400000000004,swap,notBad
4995,14,391.86000000000035,14,381.3400000000004,2opt,notBad
4996,14,391.86000000000035,14,381.3400000000004,2opt,improve
4997,14,391.86000000000035,14,381.3400000000004,move,improve
4998,14,391.86000000000035,14,381.3400000000004,swap,notBad
4999,14,383.9400000000003,14,381.3400000000004,move,improve
5000,14,383.9400000000003,14,381.3400000000004,swap,notBad
5001,14,383.9400000000003,14,381.3400000000004,swap,notBad
5002,14,383.9400000000003,14,381.3400000000004,swap,notBad
5003,14,383.9400000000003,14,381.3400000000004,swap,notBad
5004,14,383.9400000000003,14,381.3400000000004,2opt,notBad
5005,14,383.9400000000003,14,381.3400000000004,2opt,notBad
5006,14,386.7400000000003,14,381.3400000000004,swap,acceptBad
5007,14,386.7400000000003,14,381.3400000000004,2opt,notBad
5008,14,386.7400000000003,14,381.3400000000004,swap,notBad
5009,14,386.7400000000003,14,381.3400000000004,swap,notBad
5010,14,387.1500000000003,14,381.3400000000004,2opt,acceptBad
5011,14,387.1500000000003,14,381.3400000000004,2opt,notBad
5012,14,387.1500000000003,14,381.3400000000004,2opt,notBad
5013,14,387.1500000000003,14,381.3400000000004,swap,notBad
5014,14,387.1500000000003,14,381.3400000000004,move,improve
5015,14,387.1500000000003,14,381.3400000000004,move,improve
5016,14,387.1500000000003,14,381.3400000000004,move,improve
5017,14,387.1500000000003,14,381.3400000000004,move,improve
5018,14,387.1500000000003,14,381.3400000000004,move,improve
5019,14,387.1500000000003,14,381.3400000000004,move,improve
5020,14,387.1500000000003,14,381.3400000000004,swap,notBad
5021,14,387.1500000000003,14,381.3400000000004,2opt,notBad
5022,14,387.1500000000003,14,381.3400000000004,2opt,notBad
5023,14,387.1500000000003,14,381.3400000000004,2opt,notBad
5024,14,387.1500000000003,14,381.3400000000004,2opt,improve
5025,14,387.1500000000003,14,381.3400000000004,swap,notBad
5026,14,387.1500000000003,14,381.3400000000004,move,improve
5027,14,384.35000000000036,14,381.3400000000004,move,improve
5028,14,384.35000000000036,14,381.3400000000004,swap,notBad
5029,14,384.35000000000036,14,381.3400000000004,move,improve
5030,14,383.94000000000034,14,381.3400000000004,move,improve
5031,14,383.94000000000034,14,381.3400000000004,swap,notBad
5032,14,383.94000000000034,14,381.3400000000004,2opt,improve
5033,14,383.94000000000034,14,381.3400000000004,2opt,notBad
5034,14,383.94000000000034,14,381.3400000000004,swap,notBad
5035,14,383.94000000000034,14,381.3400000000004,2opt,notBad
5036,14,383.94000000000034,14,381.3400000000004,swap,notBad
5037,14,383.94000000000034,14,381.3400000000004,2opt,notBad
5038,14,383.94000000000034,14,381.3400000000004,move,improve
5039,14,383.94000000000034,14,381.3400000000004,move,improve
5040,14,383.94000000000034,14,381.3400000000004,move,improve
5041,14,383.94000000000034,14,381.3400000000004,swap,notBad
5042,14,383.94000000000034,14,381.3400000000004,swap,notBad
5043,14,383.94000000000034,14,381.3400000000004,swap,notBad
5044,14,383.94000000000034,14,381.3400000000004,2opt,notBad
5045,14,384.6300000000002,14,381.3400000000004,2opt,acceptBad
5046,14,384.6300000000002,14,381.3400000000004,swap,notBad
5047,14,384.6300000000002,14,381.3400000000004,swap,notBad
5048,14,384.3800000000002,14,381.3400000000004,move,improve
5049,14,368.46000000000015,14,368.46000000000015,move,newBest
5050,14,368.46000000000015,14,368.46000000000015,move,improve
5051,14,368.46000000000015,14,368.46000000000015,move,improve
5052,14,368.46000000000015,14,368.46000000000015,2opt,improve
5053,14,367.4000000000002,14,367.4000000000002,move,newBest
5054,14,369.8800000000002,14,367.4000000000002,2opt,acceptBad
5055,14,369.8800000000002,14,367.4000000000002,2opt,notBad
5056,14,369.8800000000002,14,367.4000000000002,move,improve
5057,14,369.8800000000002,14,367.4000000000002,swap,notBad
5058,14,369.8800000000002,14,367.4000000000002,move,improve
5059,14,369.8800000000002,14,367.4000000000002,2opt,notBad
5060,14,370.2900000000002,14,367.4000000000002,2opt,acceptBad
5061,14,370.2900000000002,14,367.4000000000002,move,improve
5062,14,370.2900000000002,14,367.4000000000002,2opt,notBad
5063,14,370.2900000000002,14,367.4000000000002,2opt,improve
5064,14,370.2900000000002,14,367.4000000000002,2opt,notBad
5065,14,370.2900000000002,14,367.4000000000002,swap,notBad
5066,14,370.2900000000002,14,367.4000000000002,swap,notBad
5067,14,370.2900000000002,14,367.4000000000002,swap,notBad
5068,14,370.2900000000002,14,367.4000000000002,2opt,notBad
5069,14,370.2900000000002,14,367.4000000000002,2opt,notBad
5070,14,370.2900000000002,14,367.4000000000002,2opt,notBad
5071,14,370.2900000000002,14,367.4000000000002,2opt,notBad
5072,14,370.2900000000002,14,367.4000000000002,swap,notBad
5073,14,370.2900000000002,14,367.4000000000002,swap,notBad
5074,14,370.2900000000002,14,367.4000000000002,2opt,notBad
5075,14,367.8100000000002,14,367.4000000000002,2opt,improve
5076,14,367.8100000000002,14,367.4000000000002,swap,notBad
5077,14,367.8100000000002,14,367.4000000000002,move,improve
5078,14,367.8100000000002,14,367.4000000000002,2opt,notBad
5079,14,367.8100000000002,14,367.4000000000002,2opt,notBad
5080,14,367.8100000000002,14,367.4000000000002,move,improve
5081,14,367.8100000000002,14,367.4000000000002,swap,notBad
5082,14,367.8100000000002,14,367.4000000000002,swap,notBad
5083,14,367.8100000000002,14,367.4000000000002,move,improve
5084,14,355.63000000000017,14,355.63000000000017,move,newBest
5085,14,355.63000000000017,14,355.63000000000017,2opt,notBad
5086,14,355.07000000000016,14,355.07000000000016,move,newBest
5087,14,355.07000000000016,14,355.07000000000016,swap,notBad
5088,14,360.2400000000001,14,355.07000000000016,swap,acceptBad
5089,14,360.2400000000001,14,355.07000000000016,swap,notBad
5090,14,360.2400000000001,14,355.07000000000016,move,improve
5091,14,360.2400000000001,14,355.07000000000016,swap,notBad
5092,14,361.1500000000001,14,355.07000000000016,swap,acceptBad
5093,14,361.1500000000001,14,355.07000000000016,swap,notBad
5094,14,361.1500000000001,14,355.07000000000016,swap,notBad
5095,14,361.1500000000001,14,355.07000000000016,move,improve
5096,14,361.1500000000001,14,355.07000000000016,swap,notBad
5097,14,360.35000000000014,14,355.07000000000016,move,improve
5098,14,360.35000000000014,14,355.07000000000016,move,improve
5099,14,360.35000000000014,14,355.07000000000016,swap,notBad
5100,14,360.35000000000014,14,355.07000000000016,swap,notBad
5101,14,360.35000000000014,14,355.07000000000016,move,improve
5102,14,360.35000000000014,14,355.07000000000016,move,improve
5103,14,360.35000000000014,14,355.07000000000016,move,improve
5104,14,360.35000000000014,14,355.07000000000016,move,improve
5105,14,360.35000000000014,14,355.07000000000016,move,improve
5106,14,360.35000000000014,14,355.07000000000016,move,improve
5107,14,360.35000000000014,14,355.07000000000016,swap,notBad
5108,14,360.35000000000014,14,355.07000000000016,swap,notBad
5109,14,360.35000000000014,14,355.07000000000016,2opt,notBad
5110,14,360.35000000000014,14,355.07000000000016,move,improve
5111,14,360.35000000000014,14,355.07000000000016,2opt,notBad
5112,14,360.35000000000014,14,355.07000000000016,move,improve
5113,14,360.35000000000014,14,355.07000000000016,2opt,notBad
5114,14,360.35000000000014,14,355.07000000000016,2opt,notBad
5115,14,346.01000000000005,14,346.01000000000005,move,newBest
5116,14,346.01000000000005,14,346.01000000000005,2opt,notBad
5117,14,346.01000000000005,14,346.01000000000005,swap,notBad
5118,14,346.01000000000005,14,346.01000000000005,move,improve
5119,14,346.01000000000005,14,346.01000000000005,swap,notBad
5120,14,346.01000000000005,14,346.01000000000005,2opt,notBad
5121,14,346.01000000000005,14,346.01000000000005,move,improve
5122,14,346.01000000000005,14,346.01000000000005,move,improve
5123,14,346.01000000000005,14,346.01000000000005,move,improve
5124,14,346.01000000000005,14,346.01000000000005,swap,notBad
5125,14,346.01000000000005,14,346.01000000000005,swap,notBad
5126,14,346.01000000000005,14,346.01000000000005,swap,notBad
5127,14,346.01000000000005,14,346.01000000000005,move,improve
5128,14,346.01000000000005,14,346.01000000000005,move,improve
5129,14,346.01000000000005,14,346.01000000000005,move,improve
5130,14,346.01000000000005,14,346.01000000000005,swap,notBad
5131,14,346.01000000000005,14,346.01000000000005,move,improve
5132,14,346.01000000000005,14,346.01000000000005,2opt,notBad
5133,14,346.01000000000005,14,346.01000000000005,2opt,notBad
5134,14,346.01000000000005,14,346.01000000000005,move,improve
5135,14,346.01000000000005,14,346.01000000000005,2opt,notBad
5136,14,346.01000000000005,14,346.01000000000005,swap,notBad
5137,14,346.01000000000005,14,346.01000000000005,swap,notBad
5138,14,346.01000000000005,14,346.01000000000005,move,improve
5139,14,346.01000000000005,14,346.01000000000005,swap,notBad
5140,14,346.01000000000005,14,346.01000000000005,2opt,notBad
5141,14,346.01000000000005,14,346.01000000000005,move,improve
5142,14,346.01000000000005,14,346.01000000000005,2opt,notBad
5143,14,346.01000000000005,14,346.01000000000005,2opt,notBad
5144,14,346.01000000000005,14,346.01000000000005,2opt,notBad
5145,14,346.01000000000005,14,346.01000000000005,move,improve
5146,14,346.01000000000005,14,346.01000000000005,swap,notBad
5147,14,346.01000000000005,14,346.01000000000005,move,improve
5148,14,346.01000000000005,14,346.01000000000005,swap,notBad
5149,14,346.01000000000005,14,346.01000000000005,swap,notBad
5150,14,346.01000000000005,14,346.01000000000005,swap,notBad
5151,14,346.01000000000005,14,346.01000000000005,move,improve
5152,14,346.01000000000005,14,346.01000000000005,swap,notBad
5153,14,348.61,14,346.01000000000005,swap,acceptBad
5154,14,348.61,14,346.01000000000005,move,improve
5155,14,348.61,14,346.01000000000005,move,improve
5156,14,348.61,14,346.01000000000005,move,improve
5157,14,348.61,14,346.01000000000005,swap,notBad
5158,14,348.61,14,346.01000000000005,2opt,improve
5159,14,348.61,14,346.01000000000005,2opt,notBad
5160,14,348.61,14,346.01000000000005,2opt,notBad
5161,14,348.61,14,346.01000000000005,move,improve
5162,14,348.61,14,346.01000000000005,swap,notBad
5163,14,348.61,14,346.01000000000005,swap,notBad
5164,14,348.61,14,346.01000000000005,swap,notBad
5165,14,329.59000000000003,14,329.59000000000003,swap,newBest
5166,14,329.59000000000003,14,329.59000000000003,swap,notBad
5167,14,329.59000000000003,14,329.59000000000003,swap,notBad
5168,14,329.59000000000003,14,329.59000000000003,swap,notBad
5169,14,329.59000000000003,14,329.59000000000003,swap,notBad
5170,14,329.59000000000003,14,329.59000000000003,2opt,notBad
5171,14,329.59000000000003,14,329.59000000000003,swap,notBad
5172,14,329.59000000000003,14,329.59000000000003,swap,notBad
5173,14,329.59000000000003,14,329.59000000000003,swap,notBad
5174,14,329.59000000000003,14,329.59000000000003,2opt,notBad
5175,14,329.59000000000003,14,329.59000000000003,move,improve
5176,14,329.59000000000003,14,329.59000000000003,2opt,notBad
5177,14,329.59000000000003,14,329.59000000000003,swap,notBad
5178,14,329.59000000000003,14,329.59000000000003,move,improve
5179,14,329.59000000000003,14,329.59000000000003,2opt,notBad
5180,14,329.59000000000003,14,329.59000000000003,swap,notBad
5181,14,329.59000000000003,14,329.59000000000003,2opt,notBad
5182,14,329.59000000000003,14,329.59000000000003,2opt,notBad
5183,14,329.59000000000003,14,329.59000000000003,2opt,notBad
5184,14,329.59000000000003,14,329.59000000000003,move,improve
5185,14,329.59000000000003,14,329.59000000000003,move,improve
5186,14,329.59000000000003,14,329.59000000000003,move,improve
5187,14,329.59000000000003,14,329.59000000000003,2opt,notBad
5188,14,329.59000000000003,14,329.59000000000003,2opt,notBad
5189,14,329.59000000000003,14,329.59000000000003,move,improve
5190,14,329.59000000000003,14,329.59000000000003,move,improve
5191,14,329.59000000000003,14,329.59000000000003,2opt,notBad
5192,14,329.59000000000003,14,329.59000000000003,swap,notBad
5193,14,329.59000000000003,14,329.59000000000003,move,improve
5194,14,329.59000000000003,14,329.59000000000003,swap,notBad
5195,14,329.59000000000003,14,329.59000000000003,swap,notBad
5196,14,329.59000000000003,14,329.59000000000003,swap,notBad
5197,14,329.59000000000003,14,329.59000000000003,2opt,notBad
5198,14,323.1600000000001,14,323.1600000000001,swap,newBest
5199,14,323.1600000000001,14,323.1600000000001,swap,notBad
5200,14,323.1600000000001,14,323.1600000000001,2opt,notBad
5201,14,323.1600000000001,14,323.1600000000001,swap,notBad
5202,14,323.1600000000001,14,323.1600000000001,2opt,notBad
5203,14,323.1600000000001,14,323.1600000000001,move,improve
5204,14,319.01,14,319.01,swap,newBest
5205,14,319.01,14,319.01,move,improve
5206,14,319.01,14,319.01,2opt,improve
5207,14,319.01,14,319.01,swap,notBad
5208,14,319.01,14,319.01,move,improve
5209,14,319.01,14,319.01,swap,notBad
5210,14,327.6500000000001,14,319.01,swap,acceptBad
5211,14,327.6500000000001,14,319.01,swap,notBad
5212,14,327.6500000000001,14,319.01,move,improve
5213,14,327.6500000000001,14,319.01,move,improve
5214,14,327.6500000000001,14,319.01,2opt,notBad
5215,14,327.6500000000001,14,319.01,2opt,notBad
5216,14,327.6500000000001,14,319.01,2opt,improve
5217,14,327.6500000000001,14,319.01,move,improve
5218,14,327.6500000000001,14,319.01,move,improve
5219,14,327.6500000000001,14,319.01,swap,notBad
5220,14,327.6500000000001,14,319.01,move,improve
5221,14,327.6500000000001,14,319.01,move,improve
5222,14,327.6500000000001,14,319.01,2opt,notBad
5223,14,327.6500000000001,14,319.01,move,improve
5224,14,327.6500000000001,14,319.01,move,improve
5225,14,327.6500000000001,14,319.01,swap,notBad
5226,14,327.6500000000001,14,319.01,swap,notBad
5227,14,327.6500000000001,14,319.01,2opt,notBad
5228,14,327.6500000000001,14,319.01,2opt,improve
5229,14,327.6500000000001,14,319.01,move,improve
5230,14,327.6500000000001,14,319.01,move,improve
5231,14,327.6500000000001,14,319.01,swap,notBad
5232,14,327.6500000000001,14,319.01,move,improve
5233,14,327.6500000000001,14,319.01,swap,notBad
5234,14,327.6500000000001,14,319.01,2opt,notBad
5235,14,327.6500000000001,14,319.01,move,improve
5236,14,327.6500000000001,14,319.01,2opt,improve
5237,14,327.6500000000001,14,319.01,swap,notBad
5238,14,327.6500000000001,14,319.01,2opt,notBad
5239,14,327.6500000000001,14,319.01,2opt,notBad
5240,14,327.6500000000001,14,319.01,swap,notBad
5241,14,327.6500000000001,14,319.01,swap,notBad
5242,14,327.6500000000001,14,319.01,2opt,notBad
5243,14,327.6500000000001,14,319.01,move,improve
5244,14,327.6500000000001,14,319.01,swap,notBad
5245,14,327.6500000000001,14,319.01,2opt,notBad
5246,14,327.6500000000001,14,319.01,move,improve
5247,14,327.6500000000001,14,319.01,2opt,improve
5248,14,327.6500000000001,14,319.01,move,improve
5249,14,327.6500000000001,14,319.01,move,improve
5250,14,327.6500000000001,14,319.01,swap,notBad
5251,14,327.6500000000001,14,319.01,move,improve
5252,14,327.6500000000001,14,319.01,move,notBad
5253,14,327.6500000000001,14,319.01,2opt,notBad
5254,14,327.6500000000001,14,319.01,move,improve
5255,14,327.6500000000001,14,319.01,move,improve
5256,14,327.6500000000001,14,319.01,move,improve
5257,14,327.6500000000001,14,319.01,swap,notBad
5258,14,327.6500000000001,14,319.01,swap,notBad
5259,14,327.6500000000001,14,319.01,swap,notBad
5260,14,327.6500000000001,14,319.01,swap,notBad
5261,14,327.6500000000001,14,319.01,2opt,notBad
5262,14,327.6500000000001,14,319.01,2opt,improve
5263,14,327.6500000000001,14,319.01,move,improve
5264,14,327.6500000000001,14,319.01,swap,notBad
5265,14,327.6500000000001,14,319.01,move,improve
5266,14,327.6500000000001,14,319.01,move,improve
5267,14,327.6500000000001,14,319.01,swap,notBad
5268,14,327.6500000000001,14,319.01,move,improve
5269,14,327.6500000000001,14,319.01,2opt,notBad
5270,14,327.6500000000001,14,319.01,2opt,notBad
5271,14,327.6500000000001,14,319.01,2opt,notBad
5272,14,327.6500000000001,14,319.01,2opt,notBad
5273,14,327.6500000000001,14,319.01,move,improve
5274,14,327.6500000000001,14,319.01,move,improve
5275,14,327.6500000000001,14,319.01,2opt,notBad
5276,14,327.6500000000001,14,319.01,2opt,notBad
5277,14,327.6500000000001,14,319.01,move,improve
5278,14,327.6500000000001,14,319.01,swap,notBad
5279,14,327.6500000000001,14,319.01,swap,notBad
5280,14,327.6500000000001,14,319.01,move,improve
5281,14,327.6500000000001,14,319.01,2opt,notBad
5282,14,327.6500000000001,14,319.01,move,improve
5283,14,327.6500000000001,14,319.01,2opt,notBad
5284,14,327.6500000000001,14,319.01,swap,notBad
5285,14,327.6500000000001,14,319.01,swap,notBad
5286,14,327.6500000000001,14,319.01,2opt,notBad
5287,14,327.6500000000001,14,319.01,swap,notBad
5288,14,327.6500000000001,14,319.01,swap,notBad
5289,14,327.6500000000001,14,319.01,move,improve
5290,14,327.6500000000001,14,319.01,move,improve
5291,14,327.6500000000001,14,319.01,move,improve
5292,14,327.6500000000001,14,319.01,swap,notBad
5293,14,327.6500000000001,14,319.01,move,improve
5294,14,327.6500000000001,14,319.01,swap,notBad
5295,14,327.6500000000001,14,319.01,2opt,notBad
5296,14,327.6500000000001,14,319.01,swap,notBad
5297,14,327.6500000000001,14,319.01,2opt,notBad
5298,14,327.3900000000001,14,319.01,swap,improve
5299,14,327.3900000000001,14,319.01,move,improve
5300,14,327.3900000000001,14,319.01,move,improve
5301,14,327.3900000000001,14,319.01,swap,notBad
5302,14,327.3900000000001,14,319.01,2opt,notBad
5303,14,327.3900000000001,14,319.01,move,improve
5304,14,327.3900000000001,14,319.01,swap,notBad
5305,14,327.3900000000001,14,319.01,move,improve
5306,14,327.3900000000001,14,319.01,move,improve
5307,14,327.3900000000001,14,319.01,2opt,notBad
5308,14,327.3900000000001,14,319.01,swap,notBad
5309,14,327.3900000000001,14,319.01,move,improve
5310,14,327.3900000000001,14,319.01,swap,notBad
5311,14,327.3900000000001,14,319.01,2opt,notBad
5312,14,327.3900000000001,14,319.01,2opt,notBad
5313,14,327.3900000000001,14,319.01,2opt,notBad
5314,14,327.3900000000001,14,319.01,move,improve
5315,14,327.3900000000001,14,319.01,move,improve
5316,14,327.3900000000001,14,319.01,swap,notBad
5317,14,327.3900000000001,14,319.01,2opt,notBad
5318,14,327.3900000000001,14,319.01,swap,notBad
5319,14,327.3900000000001,14,319.01,2opt,notBad
5320,14,327.3900000000001,14,319.01,move,improve
5321,14,327.3900000000001,14,319.01,move,improve
5322,14,327.3900000000001,14,319.01,2opt,notBad
5323,14,327.3900000000001,14,319.01,move,improve
5324,14,327.3900000000001,14,319.01,swap,notBad
5325,14,327.3900000000001,14,319.01,2opt,notBad
5326,14,327.3900000000001,14,319.01,2opt,improve
5327,14,327.3900000000001,14,319.01,swap,notBad
5328,14,327.3900000000001,14,319.01,move,improve
5329,14,327.3900000000001,14,319.01,swap,notBad
5330,14,328.8900000000001,14,319.01,2opt,acceptBad
5331,14,328.8900000000001,14,319.01,swap,notBad
5332,14,328.8900000000001,14,319.01,swap,notBad
5333,14,328.8900000000001,14,319.01,2opt,notBad
5334,14,328.8900000000001,14,319.01,swap,notBad
5335,14,328.8900000000001,14,319.01,swap,notBad
5336,14,328.8900000000001,14,319.01,move,improve
5337,14,328.8900000000001,14,319.01,swap,notBad
5338,14,328.8900000000001,14,319.01,move,improve
5339,14,328.8900000000001,14,319.01,swap,notBad
5340,14,328.8900000000001,14,319.01,swap,notBad
5341,14,328.8900000000001,14,319.01,2opt,notBad
5342,14,328.8900000000001,14,319.01,swap,notBad
5343,14,328.8900000000001,14,319.01,move,notBad
5344,14,328.8900000000001,14,319.01,move,improve
5345,14,328.8900000000001,14,319.01,swap,notBad
5346,14,328.8900000000001,14,319.01,swap,notBad
5347,14,328.8900000000001,14,319.01,2opt,notBad
5348,14,328.8900000000001,14,319.01,swap,notBad
5349,14,328.8900000000001,14,319.01,2opt,notBad
5350,14,328.8900000000001,14,319.01,swap,notBad
5351,14,328.8900000000001,14,319.01,2opt,notBad
5352,14,328.8900000000001,14,319.01,swap,notBad
5353,14,328.8900000000001,14,319.01,2opt,notBad
5354,14,328.8900000000001,14,319.01,2opt,notBad
5355,14,328.8900000000001,14,319.01,swap,notBad
5356,14,328.8900000000001,14,319.01,move,improve
5357,14,328.8900000000001,14,319.01,2opt,notBad
5358,14,328.8900000000001,14,319.01,swap,notBad
5359,14,328.8900000000001,14,319.01,move,improve
5360,14,328.8900000000001,14,319.01,swap,notBad
5361,14,328.8900000000001,14,319.01,2opt,improve
5362,14,328.8900000000001,14,319.01,move,improve
5363,14,328.8900000000001,14,319.01,2opt,notBad
5364,14,328.8900000000001,14,319.01,move,improve
5365,14,328.8900000000001,14,319.01,2opt,notBad
5366,14,328.8900000000001,14,319.01,swap,notBad
5367,14,328.8900000000001,14,319.01,2opt,improve
5368,14,328.8900000000001,14,319.01,move,improve
5369,14,328.8900000000001,14,319.01,move,improve
5370,14,328.8900000000001,14,319.01,move,improve
5371,14,328.8900000000001,14,319.01,2opt,improve
5372,14,328.8900000000001,14,319.01,2opt,notBad
5373,14,328.8900000000001,14,319.01,swap,notBad
5374,14,328.8900000000001,14,319.01,2opt,improve
5375,14,328.8900000000001,14,319.01,swap,notBad
5376,14,328.8900000000001,14,319.01,move,improve
5377,14,328.8900000000001,14,319.01,2opt,improve
5378,14,328.8900000000001,14,319.01,move,improve
5379,14,328.8900000000001,14,319.01,2opt,improve
5380,14,328.8900000000001,14,319.01,swap,notBad
5381,14,328.8900000000001,14,319.01,2opt,improve
5382,14,328.8900000000001,14,319.01,move,improve
5383,14,328.8900000000001,14,319.01,swap,notBad
5384,14,328.8900000000001,14,319.01,move,improve
5385,14,328.8900000000001,14,319.01,move,improve
5386,14,328.8900000000001,14,319.01,swap,notBad
5387,14,322.95000000000005,14,319.01,swap,improve
5388,14,322.95000000000005,14,319.01,2opt,notBad
5389,14,322.95000000000005,14,319.01,move,improve
5390,14,322.7900000000001,14,319.01,move,improve
5391,14,322.7900000000001,14,319.01,move,improve
5392,14,322.7900000000001,14,319.01,swap,notBad
5393,14,322.7900000000001,14,319.01,move,improve
5394,14,322.7900000000001,14,319.01,move,improve
5395,14,322.7900000000001,14,319.01,swap,notBad
5396,14,322.7900000000001,14,319.01,swap,notBad
5397,14,322.7900000000001,14,319.01,swap,notBad
5398,14,322.7900000000001,14,319.01,move,improve
5399,14,322.7900000000001,14,319.01,swap,notBad
5400,14,322.7900000000001,14,319.01,2opt,notBad
5401,14,322.7900000000001,14,319.01,2opt,notBad
5402,14,322.7900000000001,14,319.01,2opt,notBad
5403,14,322.7900000000001,14,319.01,move,improve
5404,14,322.7900000000001,14,319.01,move,improve
5405,14,322.7900000000001,14,319.01,move,improve
5406,14,322.7900000000001,14,319.01,move,improve
5407,14,322.7900000000001,14,319.01,move,notBad
5408,14,322.7900000000001,14,319.01,swap,notBad
5409,14,322.7900000000001,14,319.01,swap,notBad
5410,14,322.7900000000001,14,319.01,move,improve
5411,14,322.7900000000001,14,319.01,2opt,notBad
5412,14,322.7900000000001,14,319.01,move,improve
5413,14,322.7900000000001,14,319.01,2opt,notBad
5414,14,322.7900000000001,14,319.01,move,improve
5415,14,322.7900000000001,14,319.01,swap,notBad
5416,14,322.7900000000001,14,319.01,swap,notBad
5417,14,322.7900000000001,14,319.01,swap,notBad
5418,14,322.7900000000001,14,319.01,move,improve
5419,14,322.7900000000001,14,319.01,move,improve
5420,14,322.7900000000001,14,319.01,2opt,notBad
5421,14,322.7900000000001,14,319.01,swap,notBad
5422,14,322.7900000000001,14,319.01,swap,notBad
5423,14,322.7900000000001,14,319.01,2opt,notBad
5424,14,322.7900000000001,14,319.01,swap,notBad
5425,14,322.7900000000001,14,319.01,move,improve
5426,14,322.7900000000001,14,319.01,2opt,improve
5427,14,322.7900000000001,14,319.01,move,improve
5428,14,322.7900000000001,14,319.01,swap,notBad
5429,14,322.7900000000001,14,319.01,swap,notBad
5430,14,322.7900000000001,14,319.01,2opt,notBad
5431,14,322.7900000000001,14,319.01,2opt,notBad
5432,14,322.7900000000001,14,319.01,swap,notBad
5433,14,322.7900000000001,14,319.01,swap,notBad
5434,14,322.7900000000001,14,319.01,move,improve
5435,14,319.45000000000005,14,319.01,move,improve
5436,14,319.45000000000005,14,319.01,move,improve
5437,14,319.45000000000005,14,319.01,2opt,notBad
5438,14,319.45000000000005,14,319.01,move,improve
5439,14,319.45000000000005,14,319.01,move,improve
5440,14,319.45000000000005,14,319.01,swap,notBad
5441,14,319.45000000000005,14,319.01,2opt,notBad
5442,14,319.45000000000005,14,319.01,2opt,notBad
5443,14,319.45000000000005,14,319.01,2opt,notBad
5444,14,319.45000000000005,14,319.01,2opt,notBad
5445,14,319.45000000000005,14,319.01,swap,notBad
5446,14,319.45000000000005,14,319.01,2opt,improve
5447,14,319.45000000000005,14,319.01,move,improve
5448,14,319.45000000000005,14,319.01,swap,notBad
5449,14,319.45000000000005,14,319.01,2opt,notBad
5450,14,319.45000000000005,14,319.01,2opt,notBad
5451,14,319.45000000000005,14,319.01,2opt,notBad
5452,14,319.45000000000005,14,319.01,2opt,improve
5453,14,319.45000000000005,14,319.01,swap,notBad
5454,14,319.45000000000005,14,319.01,swap,notBad
5455,14,319.45000000000005,14,319.01,2opt,notBad
5456,14,319.45000000000005,14,319.01,2opt,improve
5457,14,319.45000000000005,14,319.01,move,improve
5458,14,319.45000000000005,14,319.01,swap,notBad
5459,14,319.45000000000005,14,319.01,swap,notBad
5460,14,319.45000000000005,14,319.01,move,improve
5461,14,317.95000000000005,14,317.95000000000005,move,newBest
5462,14,317.95000000000005,14,317.95000000000005,swap,notBad
5463,14,317.95000000000005,14,317.95000000000005,move,improve
5464,14,317.95000000000005,14,317.95000000000005,move,improve
5465,14,317.95000000000005,14,317.95000000000005,move,improve
5466,14,317.95000000000005,14,317.95000000000005,move,improve
5467,14,317.95000000000005,14,317.95000000000005,move,notBad
5468,14,317.95000000000005,14,317.95000000000005,2opt,improve
5469,14,317.95000000000005,14,317.95000000000005,swap,notBad
5470,14,317.95000000000005,14,317.95000000000005,swap,notBad
5471,14,317.95000000000005,14,317.95000000000005,swap,notBad
5472,14,317.95000000000005,14,317.95000000000005,2opt,notBad
5473,14,317.95000000000005,14,317.95000000000005,swap,notBad
5474,14,317.95000000000005,14,317.95000000000005,swap,notBad
5475,14,317.95000000000005,14,317.95000000000005,2opt,notBad
5476,14,317.95000000000005,14,317.95000000000005,move,improve
5477,14,317.95000000000005,14,317.95000000000005,move,improve
5478,14,317.95000000000005,14,317.95000000000005,swap,notBad
5479,14,317.95000000000005,14,317.95000000000005,swap,notBad
5480,14,317.95000000000005,14,317.95000000000005,swap,notBad
5481,14,317.95000000000005,14,317.95000000000005,swap,notBad
5482,14,317.95000000000005,14,317.95000000000005,swap,notBad
5483,14,317.95000000000005,14,317.95000000000005,swap,notBad
5484,14,317.95000000000005,14,317.95000000000005,swap,notBad
5485,14,317.95000000000005,14,317.95000000000005,2opt,notBad
5486,14,317.95000000000005,14,317.95000000000005,2opt,notBad
5487,14,317.95000000000005,14,317.95000000000005,2opt,improve
5488,14,317.95000000000005,14,317.95000000000005,swap,notBad
5489,14,317.95000000000005,14,317.95000000000005,move,improve
5490,14,317.95000000000005,14,317.95000000000005,move,improve
5491,14,317.95000000000005,14,317.95000000000005,2opt,notBad
5492,14,317.95000000000005,14,317.95000000000005,2opt,notBad
5493,14,317.95000000000005,14,317.95000000000005,swap,notBad
5494,14,317.95000000000005,14,317.95000000000005,move,improve
5495,14,317.95000000000005,14,317.95000000000005,2opt,improve
5496,14,317.95000000000005,14,317.95000000000005,2opt,notBad
5497,14,317.95000000000005,14,317.95000000000005,2opt,notBad
5498,14,317.95000000000005,14,317.95000000000005,move,improve
5499,14,317.95000000000005,14,317.95000000000005,2opt,notBad
5500,14,317.95000000000005,14,317.95000000000005,swap,notBad
5501,14,317.95000000000005,14,317.95000000000005,swap,notBad
5502,14,317.95000000000005,14,317.95000000000005,2opt,notBad
5503,14,317.95000000000005,14,317.95000000000005,2opt,notBad
5504,14,317.95000000000005,14,317.95000000000005,move,improve
5505,14,317.95000000000005,14,317.95000000000005,2opt,improve
5506,14,317.95000000000005,14,317.95000000000005,move,improve
5507,14,317.95000000000005,14,317.95000000000005,2opt,notBad
5508,14,317.95000000000005,14,317.95000000000005,2opt,notBad
5509,14,317.95000000000005,14,317.95000000000005,move,improve
5510,14,317.95000000000005,14,317.95000000000005,move,improve
5511,14,317.95000000000005,14,317.95000000000005,move,improve
5512,14,317.95000000000005,14,317.95000000000005,swap,notBad
5513,14,317.95000000000005,14,317.95000000000005,2opt,notBad
5514,14,317.95000000000005,14,317.95000000000005,move,improve
5515,14,317.95000000000005,14,317.95000000000005,2opt,notBad
5516,14,317.95000000000005,14,317.95000000000005,swap,notBad
5517,14,317.95000000000005,14,317.95000000000005,swap,notBad
5518,14,317.95000000000005,14,317.95000000000005,swap,notBad
5519,14,317.95000000000005,14,317.95000000000005,move,improve
5520,14,317.95000000000005,14,317.95000000000005,2opt,notBad
5521,14,317.95000000000005,14,317.95000000000005,swap,notBad
5522,14,317.95000000000005,14,317.95000000000005,move,notBad
5523,14,317.95000000000005,14,317.95000000000005,swap,notBad
5524,14,317.95000000000005,14,317.95000000000005,2opt,notBad
5525,14,317.95000000000005,14,317.95000000000005,swap,notBad
5526,14,317.95000000000005,14,317.95000000000005,move,improve
5527,14,317.95000000000005,14,317.95000000000005,move,improve
5528,14,317.95000000000005,14,317.95000000000005,move,improve
5529,14,317.95000000000005,14,317.95000000000005,swap,notBad
5530,14,317.95000000000005,14,317.95000000000005,move,improve
5531,14,317.95000000000005,14,317.95000000000005,move,improve
5532,14,317.95000000000005,14,317.95000000000005,swap,notBad
5533,14,317.95000000000005,14,317.95000000000005,swap,notBad
5534,14,317.95000000000005,14,317.95000000000005,move,improve
5535,14,317.95000000000005,14,317.95000000000005,move,improve
5536,14,317.95000000000005,14,317.95000000000005,2opt,notBad
5537,14,317.95000000000005,14,317.95000000000005,2opt,notBad
5538,14,317.95000000000005,14,317.95000000000005,move,improve
5539,14,317.95000000000005,14,317.95000000000005,move,improve
5540,14,317.95000000000005,14,317.95000000000005,2opt,notBad
5541,14,317.95000000000005,14,317.95000000000005,2opt,notBad
5542,14,317.95000000000005,14,317.95000000000005,swap,notBad
5543,14,317.95000000000005,14,317.95000000000005,swap,notBad
5544,14,317.95000000000005,14,317.95000000000005,swap,notBad
5545,14,317.95000000000005,14,317.95000000000005,move,improve
5546,14,317.95000000000005,14,317.95000000000005,2opt,improve
5547,14,317.95000000000005,14,317.95000000000005,2opt,notBad
5548,14,317.95000000000005,14,317.95000000000005,move,improve
5549,14,317.95000000000005,14,317.95000000000005,swap,notBad
5550,14,317.95000000000005,14,317.95000000000005,swap,notBad
5551,14,317.95000000000005,14,317.95000000000005,move,improve
5552,14,317.95000000000005,14,317.95000000000005,move,improve
5553,14,317.95000000000005,14,317.95000000000005,2opt,improve
5554,14,317.95000000000005,14,317.95000000000005,2opt,notBad
5555,14,317.95000000000005,14,317.95000000000005,move,improve
5556,14,317.95000000000005,14,317.95000000000005,2opt,notBad
5557,14,317.95000000000005,14,317.95000000000005,move,improve
5558,14,317.95000000000005,14,317.95000000000005,2opt,notBad
5559,14,317.95000000000005,14,317.95000000000005,swap,notBad
5560,14,317.95000000000005,14,317.95000000000005,move,improve
5561,14,317.95000000000005,14,317.95000000000005,move,improve
5562,14,317.95000000000005,14,317.95000000000005,2opt,notBad
5563,14,317.95000000000005,14,317.95000000000005,swap,notBad
5564,14,317.95000000000005,14,317.95000000000005,swap,notBad
5565,14,317.95000000000005,14,317.95000000000005,swap,notBad
5566,14,317.95000000000005,14,317.95000000000005,2opt,improve
5567,14,317.95000000000005,14,317.95000000000005,swap,notBad
5568,14,317.95000000000005,14,317.95000000000005,2opt,improve
5569,14,317.95000000000005,14,317.95000000000005,2opt,notBad
5570,14,317.95000000000005,14,317.95000000000005,2opt,notBad
5571,14,317.95000000000005,14,317.95000000000005,move,improve
5572,14,317.95000000000005,14,317.95000000000005,swap,notBad
5573,14,317.95000000000005,14,317.95000000000005,move,improve
5574,14,317.95000000000005,14,317.95000000000005,move,notBad
5575,14,317.95000000000005,14,317.95000000000005,move,improve
5576,14,317.95000000000005,14,317.95000000000005,2opt,notBad
5577,14,317.95000000000005,14,317.95000000000005,2opt,notBad
5578,14,317.95000000000005,14,317.95000000000005,2opt,notBad
5579,14,317.95000000000005,14,317.95000000000005,move,improve
5580,14,317.95000000000005,14,317.95000000000005,2opt,improve
5581,14,317.95000000000005,14,317.95000000000005,2opt,notBad
5582,14,317.95000000000005,14,317.95000000000005,move,improve
5583,14,317.95000000000005,14,317.95000000000005,2opt,notBad
5584,14,317.95000000000005,14,317.95000000000005,move,improve
5585,14,317.95000000000005,14,317.95000000000005,move,improve
5586,14,317.95000000000005,14,317.95000000000005,2opt,notBad
5587,14,317.95000000000005,14,317.95000000000005,2opt,improve
5588,14,317.95000000000005,14,317.95000000000005,move,improve
5589,14,317.95000000000005,14,317.95000000000005,2opt,notBad
5590,14,317.95000000000005,14,317.95000000000005,swap,notBad
5591,14,317.95000000000005,14,317.95000000000005,move,improve
5592,14,317.95000000000005,14,317.95000000000005,2opt,notBad
5593,14,317.95000000000005,14,317.95000000000005,swap,notBad
5594,14,317.95000000000005,14,317.95000000000005,swap,notBad
5595,14,317.95000000000005,14,317.95000000000005,move,improve
5596,14,317.95000000000005,14,317.95000000000005,move,improve
5597,14,317.95000000000005,14,317.95000000000005,2opt,notBad
5598,14,317.95000000000005,14,317.95000000000005,move,improve
5599,14,317.95000000000005,14,317.95000000000005,2opt,notBad
5600,14,317.95000000000005,14,317.95000000000005,swap,notBad
5601,14,317.95000000000005,14,317.95000000000005,2opt,improve
5602,14,317.95000000000005,14,317.95000000000005,move,notBad
5603,14,317.95000000000005,14,317.95000000000005,move,improve
5604,14,317.95000000000005,14,317.95000000000005,2opt,notBad
5605,14,317.95000000000005,14,317.95000000000005,2opt,notBad
5606,14,317.95000000000005,14,317.95000000000005,swap,notBad
5607,14,317.95000000000005,14,317.95000000000005,swap,notBad
5608,14,317.95000000000005,14,317.95000000000005,move,improve
5609,14,317.95000000000005,14,317.95000000000005,swap,notBad
5610,14,317.95000000000005,14,317.95000000000005,2opt,notBad
5611,14,317.95000000000005,14,317.95000000000005,2opt,notBad
5612,14,317.95000000000005,14,317.95000000000005,move,improve
5613,14,317.95000000000005,14,317.95000000000005,swap,notBad
5614,14,317.95000000000005,14,317.95000000000005,2opt,notBad
5615,14,317.95000000000005,14,317.95000000000005,2opt,notBad
5616,14,317.95000000000005,14,317.95000000000005,swap,notBad
5617,14,317.95000000000005,14,317.95000000000005,move,improve
5618,14,317.95000000000005,14,317.95000000000005,move,improve
5619,14,317.95000000000005,14,317.95000000000005,2opt,notBad
5620,14,317.95000000000005,14,317.95000000000005,swap,notBad
5621,14,317.95000000000005,14,317.95000000000005,move,improve
5622,14,317.95000000000005,14,317.95000000000005,2opt,improve
5623,14,317.95000000000005,14,317.95000000000005,2opt,notBad
5624,14,317.95000000000005,14,317.95000000000005,swap,notBad
5625,14,317.95000000000005,14,317.95000000000005,2opt,notBad
5626,14,317.95000000000005,14,317.95000000000005,2opt,notBad
5627,14,317.95000000000005,14,317.95000000000005,move,improve
5628,14,317.95000000000005,14,317.95000000000005,move,improve
5629,14,317.95000000000005,14,317.95000000000005,swap,notBad
5630,14,317.95000000000005,14,317.95000000000005,2opt,notBad
5631,14,317.95000000000005,14,317.95000000000005,2opt,improve
5632,14,317.95000000000005,14,317.95000000000005,2opt,notBad
5633,14,317.95000000000005,14,317.95000000000005,swap,notBad
5634,14,317.95000000000005,14,317.95000000000005,swap,notBad
5635,14,317.95000000000005,14,317.95000000000005,2opt,notBad
5636,14,317.95000000000005,14,317.95000000000005,2opt,notBad
5637,14,317.95000000000005,14,317.95000000000005,swap,notBad
5638,14,317.95000000000005,14,317.95000000000005,2opt,notBad
5639,14,317.95000000000005,14,317.95000000000005,move,improve
5640,14,317.95000000000005,14,317.95000000000005,2opt,notBad
5641,14,317.95000000000005,14,317.95000000000005,2opt,notBad
5642,14,317.95000000000005,14,317.95000000000005,2opt,notBad
5643,14,317.95000000000005,14,317.95000000000005,2opt,improve
5644,14,317.95000000000005,14,317.95000000000005,swap,notBad
5645,14,317.95000000000005,14,317.95000000000005,2opt,improve
5646,14,317.95000000000005,14,317.95000000000005,swap,notBad
5647,14,317.95000000000005,14,317.95000000000005,2opt,notBad
5648,14,317.95000000000005,14,317.95000000000005,2opt,notBad
5649,14,317.95000000000005,14,317.95000000000005,move,improve
5650,14,317.95000000000005,14,317.95000000000005,move,improve
5651,14,317.95000000000005,14,317.95000000000005,move,improve
5652,14,317.95000000000005,14,317.95000000000005,2opt,notBad
5653,14,317.95000000000005,14,317.95000000000005,move,improve
5654,14,317.95000000000005,14,317.95000000000005,swap,notBad
5655,14,317.95000000000005,14,317.95000000000005,2opt,notBad
5656,14,317.95000000000005,14,317.95000000000005,swap,notBad
5657,14,317.95000000000005,14,317.95000000000005,move,improve
5658,14,317.95000000000005,14,317.95000000000005,swap,notBad
5659,14,317.95000000000005,14,317.95000000000005,move,improve
5660,14,317.95000000000005,14,317.95000000000005,2opt,notBad
5661,14,317.95000000000005,14,317.95000000000005,swap,notBad
5662,14,317.95000000000005,14,317.95000000000005,2opt,notBad
5663,14,317.95000000000005,14,317.95000000000005,swap,notBad
5664,14,317.95000000000005,14,317.95000000000005,2opt,notBad
5665,14,317.95000000000005,14,317.95000000000005,move,improve
5666,14,317.95000000000005,14,317.95000000000005,2opt,notBad
5667,14,317.95000000000005,14,317.95000000000005,2opt,notBad
5668,14,317.95000000000005,14,317.95000000000005,2opt,notBad
5669,14,317.95000000000005,14,317.95000000000005,move,improve
5670,14,317.95000000000005,14,317.95000000000005,swap,notBad
5671,14,319.01000000000005,14,317.95000000000005,swap,acceptBad
5672,14,319.01000000000005,14,317.95000000000005,swap,notBad
5673,14,319.01000000000005,14,317.95000000000005,move,improve
5674,14,319.01000000000005,14,317.95000000000005,2opt,improve
5675,14,319.01000000000005,14,317.95000000000005,2opt,notBad
5676,14,319.01000000000005,14,317.95000000000005,move,improve
5677,14,319.01000000000005,14,317.95000000000005,move,improve
5678,14,319.01000000000005,14,317.95000000000005,swap,notBad
5679,14,319.01000000000005,14,317.95000000000005,move,improve
5680,14,319.01000000000005,14,317.95000000000005,2opt,improve
5681,14,319.01000000000005,14,317.95000000000005,move,improve
5682,14,319.01000000000005,14,317.95000000000005,move,improve
5683,14,319.01000000000005,14,317.95000000000005,swap,notBad
5684,14,319.01000000000005,14,317.95000000000005,swap,notBad
5685,14,319.01000000000005,14,317.95000000000005,swap,notBad
5686,14,319.01000000000005,14,317.95000000000005,2opt,notBad
5687,14,319.01000000000005,14,317.95000000000005,swap,notBad
5688,14,319.01000000000005,14,317.95000000000005,2opt,improve
5689,14,319.01000000000005,14,317.95000000000005,swap,notBad
5690,14,319.01000000000005,14,317.95000000000005,move,improve
5691,14,319.01000000000005,14,317.95000000000005,swap,notBad
5692,14,319.01000000000005,14,317.95000000000005,move,notBad
5693,14,319.01000000000005,14,317.95000000000005,move,improve
5694,14,319.01000000000005,14,317.95000000000005,swap,notBad
5695,14,319.01000000000005,14,317.95000000000005,move,improve
5696,14,319.01000000000005,14,317.95000000000005,2opt,notBad
5697,14,319.01000000000005,14,317.95000000000005,move,improve
5698,14,319.01000000000005,14,317.95000000000005,2opt,notBad
5699,14,319.01000000000005,14,317.95000000000005,move,improve
5700,14,319.01000000000005,14,317.95000000000005,swap,notBad
5701,14,319.01000000000005,14,317.95000000000005,2opt,notBad
5702,14,323.1600000000001,14,317.95000000000005,swap,acceptBad
5703,14,323.1600000000001,14,317.95000000000005,2opt,improve
5704,14,323.1600000000001,14,317.95000000000005,move,improve
5705,14,323.1600000000001,14,317.95000000000005,swap,notBad
5706,14,323.1600000000001,14,317.95000000000005,move,improve
5707,14,323.1600000000001,14,317.95000000000005,move,improve
5708,14,323.1600000000001,14,317.95000000000005,swap,notBad
5709,14,323.1600000000001,14,317.95000000000005,move,improve
5710,14,325.02,14,317.95000000000005,swap,acceptBad
5711,14,325.02,14,317.95000000000005,2opt,improve
5712,14,327.81999999999994,14,317.95000000000005,swap,acceptBad
5713,14,327.81999999999994,14,317.95000000000005,move,improve
5714,14,327.81999999999994,14,317.95000000000005,2opt,notBad
5715,14,327.81999999999994,14,317.95000000000005,swap,notBad
5716,14,327.81999999999994,14,317.95000000000005,move,improve
5717,14,327.81999999999994,14,317.95000000000005,move,improve
5718,14,326.58,14,317.95000000000005,move,improve
5719,14,326.58,14,317.95000000000005,move,improve
5720,14,326.58,14,317.95000000000005,2opt,notBad
5721,14,326.58,14,317.95000000000005,swap,notBad
5722,14,326.58,14,317.95000000000005,move,improve
5723,14,326.58,14,317.95000000000005,move,improve
5724,14,326.58,14,317.95000000000005,2opt,notBad
5725,14,326.58,14,317.95000000000005,move,improve
5726,14,326.58,14,317.95000000000005,move,improve
5727,14,326.58,14,317.95000000000005,2opt,notBad
5728,14,326.58,14,317.95000000000005,move,improve
5729,14,326.58,14,317.95000000000005,2opt,notBad
5730,14,326.58,14,317.95000000000005,2opt,notBad
5731,14,326.58,14,317.95000000000005,2opt,notBad
5732,14,326.58,14,317.95000000000005,2opt,notBad
5733,14,326.58,14,317.95000000000005,2opt,notBad
5734,14,326.58,14,317.95000000000005,swap,notBad
5735,14,326.58,14,317.95000000000005,swap,notBad
5736,14,326.58,14,317.95000000000005,move,notBad
5737,14,326.58,14,317.95000000000005,2opt,notBad
5738,14,326.58,14,317.95000000000005,move,improve
5739,14,326.58,14,317.95000000000005,move,improve
5740,14,326.58,14,317.95000000000005,2opt,notBad
5741,14,326.58,14,317.95000000000005,swap,notBad
5742,14,326.58,14,317.95000000000005,move,improve
5743,14,326.58,14,317.95000000000005,2opt,notBad
5744,14,320.80999999999983,14,317.95000000000005,move,improve
5745,14,320.80999999999983,14,317.95000000000005,swap,notBad
5746,14,320.80999999999983,14,317.95000000000005,move,improve
5747,14,320.80999999999983,14,317.95000000000005,swap,notBad
5748,14,320.80999999999983,14,317.95000000000005,move,improve
5749,14,320.80999999999983,14,317.95000000000005,2opt,improve
5750,14,320.80999999999983,14,317.95000000000005,2opt,notBad
5751,14,320.80999999999983,14,317.95000000000005,2opt,notBad
5752,14,320.80999999999983,14,317.95000000000005,swap,notBad
5753,14,320.80999999999983,14,317.95000000000005,2opt,notBad
5754,14,320.80999999999983,14,317.95000000000005,2opt,notBad
5755,14,320.80999999999983,14,317.95000000000005,swap,notBad
5756,14,320.80999999999983,14,317.95000000000005,2opt,notBad
5757,14,320.80999999999983,14,317.95000000000005,2opt,notBad
5758,14,320.80999999999983,14,317.95000000000005,move,improve
5759,14,320.80999999999983,14,317.95000000000005,swap,notBad
5760,14,320.80999999999983,14,317.95000000000005,move,improve
5761,14,320.80999999999983,14,317.95000000000005,move,improve
5762,14,320.80999999999983,14,317.95000000000005,swap,notBad
5763,14,320.80999999999983,14,317.95000000000005,swap,notBad
5764,14,320.80999999999983,14,317.95000000000005,move,improve
5765,14,320.80999999999983,14,317.95000000000005,move,improve
5766,14,320.80999999999983,14,317.95000000000005,2opt,notBad
5767,14,320.80999999999983,14,317.95000000000005,2opt,notBad
5768,14,320.80999999999983,14,317.95000000000005,2opt,notBad
5769,14,320.80999999999983,14,317.95000000000005,swap,notBad
5770,14,320.80999999999983,14,317.95000000000005,2opt,notBad
5771,14,320.80999999999983,14,317.95000000000005,swap,notBad
5772,14,320.80999999999983,14,317.95000000000005,move,improve
5773,14,320.80999999999983,14,317.95000000000005,move,notBad
5774,14,320.80999999999983,14,317.95000000000005,move,improve
5775,14,320.80999999999983,14,317.95000000000005,move,improve
5776,14,320.80999999999983,14,317.95000000000005,move,improve
5777,14,320.80999999999983,14,317.95000000000005,2opt,notBad
5778,14,320.80999999999983,14,317.95000000000005,move,improve
5779,14,320.80999999999983,14,317.95000000000005,2opt,notBad
5780,14,320.80999999999983,14,317.95000000000005,move,improve
5781,14,320.80999999999983,14,317.95000000000005,swap,notBad
5782,14,320.80999999999983,14,317.95000000000005,2opt,notBad
5783,14,320.80999999999983,14,317.95000000000005,move,improve
5784,14,320.80999999999983,14,317.95000000000005,move,improve
5785,14,320.80999999999983,14,317.95000000000005,2opt,improve
5786,14,320.80999999999983,14,317.95000000000005,swap,notBad
5787,14,320.80999999999983,14,317.95000000000005,2opt,notBad
5788,14,320.80999999999983,14,317.95000000000005,swap,notBad
5789,14,327.5999999999999,14,317.95000000000005,swap,acceptBad
5790,14,327.5999999999999,14,317.95000000000005,2opt,notBad
5791,14,327.5999999999999,14,317.95000000000005,2opt,notBad
5792,14,327.5999999999999,14,317.95000000000005,move,improve
5793,14,327.5999999999999,14,317.95000000000005,swap,notBad
5794,14,327.5999999999999,14,317.95000000000005,2opt,improve
5795,14,327.5999999999999,14,317.95000000000005,2opt,notBad
5796,14,327.5999999999999,14,317.95000000000005,2opt,notBad
5797,14,327.5999999999999,14,317.95000000000005,swap,notBad
5798,14,327.5999999999999,14,317.95000000000005,2opt,notBad
5799,14,327.5999999999999,14,317.95000000000005,2opt,notBad
5800,14,327.5999999999999,14,317.95000000000005,2opt,notBad
5801,14,327.5999999999999,14,317.95000000000005,2opt,notBad
5802,14,327.5999999999999,14,317.95000000000005,2opt,notBad
5803,14,327.5999999999999,14,317.95000000000005,swap,notBad
5804,14,327.5999999999999,14,317.95000000000005,2opt,notBad
5805,14,327.5999999999999,14,317.95000000000005,2opt,notBad
5806,14,327.5999999999999,14,317.95000000000005,swap,notBad
5807,14,327.5999999999999,14,317.95000000000005,2opt,notBad
5808,14,327.5999999999999,14,317.95000000000005,swap,notBad
5809,14,327.5999999999999,14,317.95000000000005,move,improve
5810,14,322.45999999999987,14,317.95000000000005,move,improve
5811,14,322.45999999999987,14,317.95000000000005,2opt,improve
5812,14,322.45999999999987,14,317.95000000000005,2opt,notBad
5813,14,322.45999999999987,14,317.95000000000005,2opt,notBad
5814,14,322.45999999999987,14,317.95000000000005,move,improve
5815,14,322.45999999999987,14,317.95000000000005,2opt,notBad
5816,14,322.45999999999987,14,317.95000000000005,swap,notBad
5817,14,322.45999999999987,14,317.95000000000005,swap,notBad
5818,14,322.45999999999987,14,317.95000000000005,move,improve
5819,14,322.45999999999987,14,317.95000000000005,move,improve
5820,14,322.45999999999987,14,317.95000000000005,2opt,improve
5821,14,322.45999999999987,14,317.95000000000005,2opt,notBad
5822,14,322.45999999999987,14,317.95000000000005,swap,notBad
5823,14,322.45999999999987,14,317.95000000000005,swap,notBad
5824,14,322.45999999999987,14,317.95000000000005,swap,notBad
5825,14,320.1399999999999,14,317.95000000000005,move,improve
5826,14,320.1399999999999,14,317.95000000000005,swap,notBad
5827,14,320.1399999999999,14,317.95000000000005,move,improve
5828,14,320.1399999999999,14,317.95000000000005,move,improve
5829,14,319.30999999999983,14,317.95000000000005,swap,improve
5830,14,319.30999999999983,14,317.95000000000005,2opt,notBad
5831,14,319.30999999999983,14,317.95000000000005,2opt,notBad
5832,14,319.30999999999983,14,317.95000000000005,2opt,improve
5833,14,319.30999999999983,14,317.95000000000005,swap,notBad
5834,14,319.30999999999983,14,317.95000000000005,move,improve
5835,14,319.30999999999983,14,317.95000000000005,swap,notBad
5836,14,318.5699999999999,14,317.95000000000005,move,improve
5837,14,318.5699999999999,14,317.95000000000005,move,improve
5838,14,318.5699999999999,14,317.95000000000005,2opt,notBad
5839,14,318.5699999999999,14,317.95000000000005,move,improve
5840,14,318.5699999999999,14,317.95000000000005,2opt,notBad
5841,14,318.5699999999999,14,317.95000000000005,move,improve
5842,14,318.5699999999999,14,317.95000000000005,swap,notBad
5843,14,318.5699999999999,14,317.95000000000005,swap,notBad
5844,14,318.5699999999999,14,317.95000000000005,move,improve
5845,14,318.5699999999999,14,317.95000000000005,2opt,improve
5846,14,318.5699999999999,14,317.95000000000005,2opt,notBad
5847,14,318.5699999999999,14,317.95000000000005,swap,notBad
5848,14,318.5699999999999,14,317.95000000000005,move,improve
5849,14,318.5699999999999,14,317.95000000000005,move,improve
5850,14,318.5699999999999,14,317.95000000000005,swap,notBad
5851,14,318.5699999999999,14,317.95000000000005,2opt,improve
5852,14,318.5699999999999,14,317.95000000000005,move,improve
5853,14,318.5699999999999,14,317.95000000000005,2opt,notBad
5854,14,318.5699999999999,14,317.95000000000005,move,improve
5855,14,318.5699999999999,14,317.95000000000005,swap,notBad
5856,14,318.5699999999999,14,317.95000000000005,move,improve
5857,14,318.5699999999999,14,317.95000000000005,2opt,notBad
5858,14,318.5699999999999,14,317.95000000000005,swap,notBad
5859,14,318.5699999999999,14,317.95000000000005,swap,notBad
5860,14,318.5699999999999,14,317.95000000000005,move,improve
5861,14,325.5099999999999,14,317.95000000000005,swap,acceptBad
5862,14,325.5099999999999,14,317.95000000000005,2opt,notBad
5863,14,318.5699999999999,14,317.95000000000005,move,improve
5864,14,318.5699999999999,14,317.95000000000005,swap,notBad
5865,14,318.5699999999999,14,317.95000000000005,move,improve
5866,14,318.5699999999999,14,317.95000000000005,move,improve
5867,14,318.5699999999999,14,317.95000000000005,2opt,notBad
5868,14,318.5699999999999,14,317.95000000000005,move,improve
5869,14,318.5699999999999,14,317.95000000000005,2opt,improve
5870,14,318.5699999999999,14,317.95000000000005,swap,notBad
5871,14,318.5699999999999,14,317.95000000000005,2opt,notBad
5872,14,318.5699999999999,14,317.95000000000005,move,improve
5873,14,318.5699999999999,14,317.95000000000005,2opt,notBad
5874,14,318.5699999999999,14,317.95000000000005,swap,notBad
5875,14,318.5699999999999,14,317.95000000000005,2opt,notBad
5876,14,318.5699999999999,14,317.95000000000005,move,improve
5877,14,318.5699999999999,14,317.95000000000005,swap,notBad
5878,14,318.5699999999999,14,317.95000000000005,2opt,improve
5879,14,318.5699999999999,14,317.95000000000005,2opt,notBad
5880,14,318.5699999999999,14,317.95000000000005,move,improve
5881,14,318.5699999999999,14,317.95000000000005,move,improve
5882,14,318.5699999999999,14,317.95000000000005,2opt,improve
5883,14,318.5699999999999,14,317.95000000000005,2opt,notBad
5884,14,318.5699999999999,14,317.95000000000005,swap,notBad
5885,14,318.5699999999999,14,317.95000000000005,2opt,notBad
5886,14,318.5699999999999,14,317.95000000000005,move,improve
5887,14,318.5699999999999,14,317.95000000000005,swap,notBad
5888,14,318.5699999999999,14,317.95000000000005,swap,notBad
5889,14,318.5699999999999,14,317.95000000000005,2opt,improve
5890,14,318.5699999999999,14,317.95000000000005,move,improve
5891,14,318.5699999999999,14,317.95000000000005,swap,notBad
5892,14,318.5699999999999,14,317.95000000000005,2opt,notBad
5893,14,318.5699999999999,14,317.95000000000005,move,improve
5894,14,318.5699999999999,14,317.95000000000005,move,improve
5895,14,318.5699999999999,14,317.95000000000005,2opt,notBad
5896,14,318.5699999999999,14,317.95000000000005,move,improve
5897,14,318.5699999999999,14,317.95000000000005,swap,notBad
5898,14,318.5699999999999,14,317.95000000000005,move,improve
5899,14,318.5699999999999,14,317.95000000000005,move,improve
5900,14,318.5699999999999,14,317.95000000000005,2opt,notBad
5901,14,318.5699999999999,14,317.95000000000005,2opt,notBad
5902,14,318.5699999999999,14,317.95000000000005,move,improve
5903,14,318.5699999999999,14,317.95000000000005,swap,notBad
5904,14,318.5699999999999,14,317.95000000000005,swap,notBad
5905,14,318.5699999999999,14,317.95000000000005,move,improve
5906,14,318.5699999999999,14,317.95000000000005,swap,notBad
5907,14,318.5699999999999,14,317.95000000000005,swap,notBad
5908,14,318.5699999999999,14,317.95000000000005,swap,notBad
5909,14,318.5699999999999,14,317.95000000000005,2opt,notBad
5910,14,318.5699999999999,14,317.95000000000005,swap,notBad
5911,14,318.5699999999999,14,317.95000000000005,move,improve
5912,14,318.5699999999999,14,317.95000000000005,2opt,notBad
5913,14,318.5699999999999,14,317.95000000000005,2opt,notBad
5914,14,318.5699999999999,14,317.95000000000005,swap,notBad
5915,14,318.5699999999999,14,317.95000000000005,move,improve
5916,14,318.5699999999999,14,317.95000000000005,swap,notBad
5917,14,318.5699999999999,14,317.95000000000005,2opt,notBad
5918,14,318.5699999999999,14,317.95000000000005,2opt,notBad
5919,14,318.5699999999999,14,317.95000000000005,swap,notBad
5920,14,325.5099999999999,14,317.95000000000005,swap,acceptBad
5921,14,325.5099999999999,14,317.95000000000005,2opt,notBad
5922,14,325.5099999999999,14,317.95000000000005,swap,notBad
5923,14,322.06,14,317.95000000000005,move,improve
5924,14,322.06,14,317.95000000000005,move,improve
5925,14,322.06,14,317.95000000000005,swap,notBad
5926,14,322.06,14,317.95000000000005,move,improve
5927,14,322.06,14,317.95000000000005,2opt,notBad
5928,14,322.06,14,317.95000000000005,swap,notBad
5929,14,322.06,14,317.95000000000005,move,improve
5930,14,322.06,14,317.95000000000005,move,improve
5931,14,322.06,14,317.95000000000005,2opt,notBad
5932,14,322.06,14,317.95000000000005,swap,notBad
5933,14,322.06,14,317.95000000000005,move,improve
5934,14,322.06,14,317.95000000000005,move,improve
5935,14,322.06,14,317.95000000000005,swap,notBad
5936,14,322.06,14,317.95000000000005,swap,notBad
5937,14,322.06,14,317.95000000000005,move,improve
5938,14,322.06,14,317.95000000000005,move,improve
5939,14,322.06,14,317.95000000000005,swap,notBad
5940,14,322.06,14,317.95000000000005,move,improve
5941,14,322.06,14,317.95000000000005,2opt,notBad
5942,14,322.06,14,317.95000000000005,swap,notBad
5943,14,322.06,14,317.95000000000005,2opt,notBad
5944,14,322.06,14,317.95000000000005,2opt,notBad
5945,14,322.06,14,317.95000000000005,move,improve
5946,14,322.06,14,317.95000000000005,swap,notBad
5947,14,322.06,14,317.95000000000005,swap,notBad
5948,14,322.06,14,317.95000000000005,swap,notBad
5949,14,322.06,14,317.95000000000005,move,improve
5950,14,322.06,14,317.95000000000005,move,improve
5951,14,322.06,14,317.95000000000005,swap,notBad
5952,14,322.06,14,317.95000000000005,swap,notBad
5953,14,322.06,14,317.95000000000005,move,improve
5954,14,322.06,14,317.95000000000005,2opt,improve
5955,14,322.06,14,317.95000000000005,move,improve
5956,14,322.06,14,317.95000000000005,swap,notBad
5957,14,322.06,14,317.95000000000005,swap,notBad
5958,14,322.06,14,317.95000000000005,swap,notBad
5959,14,322.06,14,317.95000000000005,swap,notBad
5960,14,322.06,14,317.95000000000005,2opt,notBad
5961,14,322.06,14,317.95000000000005,2opt,notBad
5962,14,322.06,14,317.95000000000005,2opt,notBad
5963,14,322.06,14,317.95000000000005,move,improve
5964,14,322.06,14,317.95000000000005,swap,notBad
5965,14,322.06,14,317.95000000000005,move,improve
5966,14,322.06,14,317.95000000000005,2opt,notBad
5967,14,322.06,14,317.95000000000005,swap,notBad
5968,14,322.06,14,317.95000000000005,swap,notBad
5969,14,322.06,14,317.95000000000005,2opt,notBad
5970,14,322.06,14,317.95000000000005,move,improve
5971,14,322.06,14,317.95000000000005,swap,notBad
5972,14,322.06,14,317.95000000000005,move,improve
5973,14,322.06,14,317.95000000000005,move,improve
5974,14,322.06,14,317.95000000000005,swap,notBad
5975,14,322.06,14,317.95000000000005,move,improve
5976,14,322.06,14,317.95000000000005,move,improve
5977,14,322.06,14,317.95000000000005,swap,notBad
5978,14,322.06,14,317.95000000000005,2opt,notBad
5979,14,322.06,14,317.95000000000005,2opt,notBad
5980,14,322.06,14,317.95000000000005,swap,notBad
5981,14,322.06,14,317.95000000000005,2opt,notBad
5982,14,322.06,14,317.95000000000005,swap,notBad
5983,14,322.06,14,317.95000000000005,2opt,improve
5984,14,322.06,14,317.95000000000005,2opt,notBad
5985,14,319.68,14,317.95000000000005,move,improve
5986,14,319.68,14,317.95000000000005,swap,notBad
5987,14,319.68,14,317.95000000000005,swap,notBad
5988,14,319.68,14,317.95000000000005,2opt,notBad
5989,14,319.68,14,317.95000000000005,swap,notBad
5990,14,319.68,14,317.95000000000005,move,improve
5991,14,319.68,14,317.95000000000005,move,improve
5992,14,319.68,14,317.95000000000005,move,improve
5993,14,319.68,14,317.95000000000005,swap,notBad
5994,14,319.68,14,317.95000000000005,move,improve
5995,14,319.68,14,317.95000000000005,move,improve
5996,14,319.68,14,317.95000000000005,2opt,notBad
5997,14,319.68,14,317.95000000000005,2opt,notBad
5998,14,319.68,14,317.95000000000005,2opt,notBad
5999,14,319.68,14,317.95000000000005,move,improve
6000,14,319.68,14,317.95000000000005,2opt,notBad
6001,14,319.68,14,317.95000000000005,move,improve
6002,14,319.68,14,317.95000000000005,move,improve
6003,14,319.68,14,317.95000000000005,swap,notBad
6004,14,319.68,14,317.95000000000005,swap,notBad
6005,14,319.68,14,317.95000000000005,swap,notBad
6006,14,319.68,14,317.95000000000005,move,improve
6007,14,319.68,14,317.95000000000005,swap,notBad
6008,14,319.68,14,317.95000000000005,2opt,notBad
6009,14,319.68,14,317.95000000000005,move,improve
6010,14,319.68,14,317.95000000000005,2opt,improve
6011,14,319.68,14,317.95000000000005,2opt,notBad
6012,14,319.68,14,317.95000000000005,move,improve
6013,14,319.68,14,317.95000000000005,swap,notBad
6014,14,319.68,14,317.95000000000005,move,improve
6015,14,319.68,14,317.95000000000005,swap,notBad
6016,14,319.68,14,317.95000000000005,swap,notBad
6017,14,319.68,14,317.95000000000005,move,improve
6018,14,319.68,14,317.95000000000005,2opt,notBad
6019,14,319.68,14,317.95000000000005,move,improve
6020,14,319.68,14,317.95000000000005,2opt,notBad
6021,14,319.68,14,317.95000000000005,2opt,improve
6022,14,319.68,14,317.95000000000005,move,improve
6023,14,319.68,14,317.95000000000005,swap,notBad
6024,14,319.68,14,317.95000000000005,2opt,improve
6025,14,319.68,14,317.95000000000005,move,improve
6026,14,319.68,14,317.95000000000005,swap,notBad
6027,14,319.68,14,317.95000000000005,swap,notBad
6028,14,319.68,14,317.95000000000005,swap,notBad
6029,14,319.68,14,317.95000000000005,move,improve
6030,14,319.68,14,317.95000000000005,swap,notBad
6031,14,319.68,14,317.95000000000005,move,improve
6032,14,319.68,14,317.95000000000005,2opt,improve
6033,14,319.68,14,317.95000000000005,swap,notBad
6034,14,319.68,14,317.95000000000005,swap,notBad
6035,14,319.68,14,317.95000000000005,move,improve
6036,14,319.68,14,317.95000000000005,swap,notBad
6037,14,319.68,14,317.95000000000005,2opt,notBad
6038,14,319.68,14,317.95000000000005,2opt,notBad
6039,14,319.68,14,317.95000000000005,move,improve
6040,14,319.68,14,317.95000000000005,swap,notBad
6041,14,319.68,14,317.95000000000005,2opt,notBad
6042,14,319.68,14,317.95000000000005,2opt,notBad
6043,14,319.68,14,317.95000000000005,swap,notBad
6044,14,319.68,14,317.95000000000005,move,improve
6045,14,319.68,14,317.95000000000005,swap,notBad
6046,14,319.68,14,317.95000000000005,swap,notBad
6047,14,319.68,14,317.95000000000005,2opt,notBad
6048,14,319.68,14,317.95000000000005,2opt,notBad
6049,14,319.68,14,317.95000000000005,move,improve
6050,14,319.68,14,317.95000000000005,swap,notBad
6051,14,319.68,14,317.95000000000005,2opt,notBad
6052,14,319.68,14,317.95000000000005,swap,notBad
6053,14,319.68,14,317.95000000000005,swap,notBad
6054,14,319.68,14,317.95000000000005,move,improve
6055,14,319.68,14,317.95000000000005,2opt,notBad
6056,14,319.68,14,317.95000000000005,2opt,notBad
6057,14,319.68,14,317.95000000000005,swap,notBad
6058,14,319.68,14,317.95000000000005,move,improve
6059,14,319.68,14,317.95000000000005,swap,notBad
6060,14,319.68,14,317.95000000000005,2opt,notBad
6061,14,319.68,14,317.95000000000005,swap,notBad
6062,14,319.68,14,317.95000000000005,swap,notBad
6063,14,319.68,14,317.95000000000005,move,improve
6064,14,319.68,14,317.95000000000005,swap,notBad
6065,14,319.68,14,317.95000000000005,2opt,notBad
6066,14,319.68,14,317.95000000000005,2opt,notBad
6067,14,319.68,14,317.95000000000005,2opt,notBad
6068,14,319.68,14,317.95000000000005,2opt,notBad
6069,14,319.68,14,317.95000000000005,2opt,notBad
6070,14,319.68,14,317.95000000000005,move,improve
6071,14,319.68,14,317.95000000000005,move,improve
6072,14,319.68,14,317.95000000000005,move,improve
6073,14,319.68,14,317.95000000000005,move,improve
6074,14,319.68,14,317.95000000000005,2opt,notBad
6075,14,319.68,14,317.95000000000005,2opt,notBad
6076,14,319.68,14,317.95000000000005,swap,notBad
6077,14,320.48,14,317.95000000000005,2opt,acceptBad
6078,14,320.48,14,317.95000000000005,2opt,notBad
6079,14,320.48,14,317.95000000000005,2opt,notBad
6080,14,309.29999999999967,14,309.29999999999967,2opt,newBest
6081,14,309.29999999999967,14,309.29999999999967,move,improve
6082,14,309.29999999999967,14,309.29999999999967,2opt,notBad
6083,14,309.29999999999967,14,309.29999999999967,swap,notBad
6084,14,309.29999999999967,14,309.29999999999967,move,improve
6085,14,309.29999999999967,14,309.29999999999967,2opt,notBad
6086,14,309.29999999999967,14,309.29999999999967,swap,notBad
6087,14,309.29999999999967,14,309.29999999999967,2opt,notBad
6088,14,309.29999999999967,14,309.29999999999967,2opt,notBad
6089,14,309.29999999999967,14,309.29999999999967,swap,notBad
6090,14,309.29999999999967,14,309.29999999999967,move,improve
6091,14,309.29999999999967,14,309.29999999999967,2opt,notBad
6092,14,309.29999999999967,14,309.29999999999967,swap,notBad
6093,14,309.29999999999967,14,309.29999999999967,swap,notBad
6094,14,309.29999999999967,14,309.29999999999967,move,improve
6095,14,309.29999999999967,14,309.29999999999967,move,improve
6096,14,309.29999999999967,14,309.29999999999967,swap,notBad
6097,14,309.29999999999967,14,309.29999999999967,move,improve
6098,14,309.29999999999967,14,309.29999999999967,move,improve
6099,14,313.0899999999997,14,309.29999999999967,2opt,acceptBad
6100,14,313.0899999999997,14,309.29999999999967,swap,notBad
6101,14,313.0899999999997,14,309.29999999999967,swap,notBad
6102,14,313.0899999999997,14,309.29999999999967,move,improve
6103,14,313.0899999999997,14,309.29999999999967,2opt,notBad
6104,14,313.0899999999997,14,309.29999999999967,swap,notBad
6105,14,313.0899999999997,14,309.29999999999967,swap,notBad
6106,14,313.0899999999997,14,309.29999999999967,move,improve
6107,14,313.0899999999997,14,309.29999999999967,2opt,notBad
6108,14,313.0899999999997,14,309.29999999999967,move,improve
6109,14,313.0899999999997,14,309.29999999999967,2opt,improve
6110,14,313.0899999999997,14,309.29999999999967,move,improve
6111,14,313.0899999999997,14,309.29999999999967,move,improve
6112,14,313.0899999999997,14,309.29999999999967,swap,notBad
6113,14,313.0899999999997,14,309.29999999999967,swap,notBad
6114,14,313.0899999999997,14,309.29999999999967,swap,notBad
6115,14,313.0899999999997,14,309.29999999999967,2opt,notBad
6116,14,313.0899999999997,14,309.29999999999967,swap,notBad
6117,14,313.0899999999997,14,309.29999999999967,2opt,notBad
6118,14,313.0899999999997,14,309.29999999999967,move,improve
6119,14,313.0899999999997,14,309.29999999999967,move,improve
6120,14,313.0899999999997,14,309.29999999999967,2opt,improve
6121,14,313.0899999999997,14,309.29999999999967,move,improve
6122,14,313.0899999999997,14,309.29999999999967,swap,notBad
6123,14,313.0899999999997,14,309.29999999999967,2opt,notBad
6124,14,313.0899999999997,14,309.29999999999967,swap,notBad
6125,14,313.0899999999997,14,309.29999999999967,2opt,notBad
6126,14,312.7199999999997,14,309.29999999999967,move,improve
6127,14,312.7199999999997,14,309.29999999999967,move,improve
6128,14,312.7199999999997,14,309.29999999999967,move,improve
6129,14,312.7199999999997,14,309.29999999999967,move,improve
6130,14,312.7199999999997,14,309.29999999999967,move,improve
6131,14,312.7199999999997,14,309.29999999999967,swap,notBad
6132,14,312.7199999999997,14,309.29999999999967,swap,notBad
6133,14,312.7199999999997,14,309.29999999999967,move,improve
6134,14,312.7199999999997,14,309.29999999999967,swap,notBad
6135,14,312.7199999999997,14,309.29999999999967,2opt,notBad
6136,14,312.7199999999997,14,309.29999999999967,move,improve
6137,14,312.7199999999997,14,309.29999999999967,move,improve
6138,14,312.7199999999997,14,309.29999999999967,2opt,notBad
6139,14,312.7199999999997,14,309.29999999999967,swap,notBad
6140,14,312.7199999999997,14,309.29999999999967,swap,notBad
6141,14,312.7199999999997,14,309.29999999999967,2opt,notBad
6142,14,312.7199999999997,14,309.29999999999967,move,improve
6143,14,312.7199999999997,14,309.29999999999967,swap,notBad
6144,14,312.7199999999997,14,309.29999999999967,2opt,notBad
6145,14,312.7199999999997,14,309.29999999999967,2opt,notBad
6146,14,312.7199999999997,14,309.29999999999967,2opt,notBad
6147,14,312.7199999999997,14,309.29999999999967,2opt,notBad
6148,14,312.7199999999997,14,309.29999999999967,swap,notBad
6149,14,312.7199999999997,14,309.29999999999967,move,improve
6150,14,312.7199999999997,14,309.29999999999967,move,improve
6151,14,312.7199999999997,14,309.29999999999967,move,improve
6152,14,312.7199999999997,14,309.29999999999967,swap,notBad
6153,14,312.7199999999997,14,309.29999999999967,2opt,notBad
6154,14,312.7199999999997,14,309.29999999999967,swap,notBad
6155,14,312.7199999999997,14,309.29999999999967,2opt,notBad
6156,14,312.7199999999997,14,309.29999999999967,2opt,notBad
6157,14,312.7199999999997,14,309.29999999999967,2opt,improve
6158,14,312.7199999999997,14,309.29999999999967,2opt,notBad
6159,14,312.7199999999997,14,309.29999999999967,2opt,notBad
6160,14,312.66999999999973,14,309.29999999999967,move,improve
6161,14,312.66999999999973,14,309.29999999999967,2opt,notBad
6162,14,312.66999999999973,14,309.29999999999967,swap,notBad
6163,14,312.66999999999973,14,309.29999999999967,swap,notBad
6164,14,312.66999999999973,14,309.29999999999967,swap,notBad
6165,14,312.66999999999973,14,309.29999999999967,move,improve
6166,14,312.66999999999973,14,309.29999999999967,swap,notBad
6167,14,312.66999999999973,14,309.29999999999967,swap,notBad
6168,14,312.66999999999973,14,309.29999999999967,move,improve
6169,14,312.66999999999973,14,309.29999999999967,move,improve
6170,14,312.66999999999973,14,309.29999999999967,swap,notBad
6171,14,312.66999999999973,14,309.29999999999967,move,improve
6172,14,312.66999999999973,14,309.29999999999967,move,improve
6173,14,312.66999999999973,14,309.29999999999967,swap,notBad
6174,14,312.66999999999973,14,309.29999999999967,2opt,notBad
6175,14,312.66999999999973,14,309.29999999999967,2opt,notBad
6176,14,312.66999999999973,14,309.29999999999967,2opt,notBad
6177,14,312.66999999999973,14,309.29999999999967,move,improve
6178,14,312.66999999999973,14,309.29999999999967,swap,notBad
6179,14,312.66999999999973,14,309.29999999999967,swap,notBad
6180,14,312.66999999999973,14,309.29999999999967,move,improve
6181,14,312.66999999999973,14,309.29999999999967,swap,notBad
6182,14,312.66999999999973,14,309.29999999999967,move,improve
6183,14,312.66999999999973,14,309.29999999999967,swap,notBad
6184,14,312.66999999999973,14,309.29999999999967,2opt,notBad
6185,14,312.66999999999973,14,309.29999999999967,swap,notBad
6186,14,312.66999999999973,14,309.29999999999967,2opt,notBad
6187,14,312.66999999999973,14,309.29999999999967,swap,notBad
6188,14,311.9499999999997,14,309.29999999999967,2opt,improve
6189,14,311.9499999999997,14,309.29999999999967,2opt,notBad
6190,14,311.9499999999997,14,309.29999999999967,2opt,improve
6191,14,311.9499999999997,14,309.29999999999967,move,improve
6192,14,311.9499999999997,14,309.29999999999967,swap,notBad
6193,14,311.9499999999997,14,309.29999999999967,move,improve
6194,14,311.9499999999997,14,309.29999999999967,swap,notBad
6195,14,311.9499999999997,14,309.29999999999967,move,improve
6196,14,311.9499999999997,14,309.29999999999967,move,improve
6197,14,311.9499999999997,14,309.29999999999967,2opt,notBad
6198,14,311.9499999999997,14,309.29999999999967,move,improve
6199,14,311.9499999999997,14,309.29999999999967,move,improve
6200,14,311.9499999999997,14,309.29999999999967,swap,notBad
6201,14,311.9499999999997,14,309.29999999999967,2opt,notBad
6202,14,311.9499999999997,14,309.29999999999967,2opt,notBad
6203,14,311.9499999999997,14,309.29999999999967,move,improve
6204,14,311.9499999999997,14,309.29999999999967,2opt,notBad
6205,14,311.9499999999997,14,309.29999999999967,move,improve
6206,14,311.9499999999997,14,309.29999999999967,2opt,notBad
6207,14,311.9499999999997,14,309.29999999999967,swap,notBad
6208,14,311.9499999999997,14,309.29999999999967,move,improve
6209,14,311.9499999999997,14,309.29999999999967,2opt,notBad
6210,14,311.9499999999997,14,309.29999999999967,move,improve
6211,14,311.9499999999997,14,309.29999999999967,2opt,improve
6212,14,311.9499999999997,14,309.29999999999967,swap,notBad
6213,14,311.9499999999997,14,309.29999999999967,move,improve
6214,14,311.9499999999997,14,309.29999999999967,2opt,notBad
6215,14,311.9499999999997,14,309.29999999999967,swap,notBad
6216,14,311.9499999999997,14,309.29999999999967,swap,notBad
6217,14,311.9499999999997,14,309.29999999999967,swap,notBad
6218,14,311.9499999999997,14,309.29999999999967,2opt,notBad
6219,14,311.9499999999997,14,309.29999999999967,move,improve
6220,14,311.86999999999966,14,309.29999999999967,move,improve
6221,14,311.86999999999966,14,309.29999999999967,move,improve
6222,14,311.86999999999966,14,309.29999999999967,swap,notBad
6223,14,311.86999999999966,14,309.29999999999967,move,notBad
6224,14,311.86999999999966,14,309.29999999999967,move,improve
6225,14,311.86999999999966,14,309.29999999999967,move,improve
6226,14,311.86999999999966,14,309.29999999999967,swap,notBad
6227,14,311.86999999999966,14,309.29999999999967,2opt,notBad
6228,14,311.86999999999966,14,309.29999999999967,swap,notBad
6229,14,311.86999999999966,14,309.29999999999967,move,improve
6230,14,311.86999999999966,14,309.29999999999967,swap,notBad
6231,14,311.86999999999966,14,309.29999999999967,swap,notBad
6232,14,311.86999999999966,14,309.29999999999967,2opt,notBad
6233,14,311.86999999999966,14,309.29999999999967,swap,notBad
6234,14,311.86999999999966,14,309.29999999999967,move,improve
6235,14,311.86999999999966,14,309.29999999999967,swap,notBad
6236,14,311.86999999999966,14,309.29999999999967,move,improve
6237,14,311.86999999999966,14,309.29999999999967,move,improve
6238,14,311.86999999999966,14,309.29999999999967,swap,notBad
6239,14,311.86999999999966,14,309.29999999999967,move,improve
6240,14,311.86999999999966,14,309.29999999999967,2opt,improve
6241,14,311.86999999999966,14,309.29999999999967,2opt,notBad
6242,14,311.86999999999966,14,309.29999999999967,move,improve
6243,14,311.86999999999966,14,309.29999999999967,move,improve
6244,14,311.86999999999966,14,309.29999999999967,2opt,notBad
6245,14,311.86999999999966,14,309.29999999999967,move,improve
6246,14,311.86999999999966,14,309.29999999999967,2opt,notBad
6247,14,311.86999999999966,14,309.29999999999967,2opt,notBad
6248,14,311.86999999999966,14,309.29999999999967,move,improve
6249,14,311.86999999999966,14,309.29999999999967,2opt,notBad
6250,14,311.86999999999966,14,309.29999999999967,2opt,notBad
6251,14,311.86999999999966,14,309.29999999999967,move,improve
6252,14,311.86999999999966,14,309.29999999999967,2opt,notBad
6253,14,311.86999999999966,14,309.29999999999967,move,improve
6254,14,311.86999999999966,14,309.29999999999967,swap,notBad
6255,14,311.86999999999966,14,309.29999999999967,2opt,notBad
6256,14,311.86999999999966,14,309.29999999999967,move,improve
6257,14,311.86999999999966,14,309.29999999999967,swap,notBad
6258,14,311.86999999999966,14,309.29999999999967,2opt,improve
6259,14,311.86999999999966,14,309.29999999999967,swap,notBad
6260,14,311.86999999999966,14,309.29999999999967,move,improve
6261,14,311.86999999999966,14,309.29999999999967,2opt,notBad
6262,14,311.86999999999966,14,309.29999999999967,move,improve
6263,14,311.86999999999966,14,309.29999999999967,2opt,notBad
6264,14,319.36999999999995,14,309.29999999999967,swap,acceptBad
6265,14,319.36999999999995,14,309.29999999999967,move,improve
6266,14,319.36999999999995,14,309.29999999999967,swap,notBad
6267,14,319.36999999999995,14,309.29999999999967,move,improve
6268,14,319.36999999999995,14,309.29999999999967,2opt,notBad
6269,14,319.36999999999995,14,309.29999999999967,swap,notBad
6270,14,319.36999999999995,14,309.29999999999967,swap,notBad
6271,14,319.36999999999995,14,309.29999999999967,swap,notBad
6272,14,319.36999999999995,14,309.29999999999967,move,improve
6273,14,319.36999999999995,14,309.29999999999967,2opt,improve
6274,14,319.36999999999995,14,309.29999999999967,swap,notBad
6275,14,319.36999999999995,14,309.29999999999967,2opt,notBad
6276,14,319.36999999999995,14,309.29999999999967,2opt,notBad
6277,14,319.36999999999995,14,309.29999999999967,move,improve
6278,14,319.36999999999995,14,309.29999999999967,2opt,notBad
6279,14,319.36999999999995,14,309.29999999999967,2opt,notBad
6280,14,319.36999999999995,14,309.29999999999967,2opt,improve
6281,14,319.36999999999995,14,309.29999999999967,move,improve
6282,14,295.3499999999997,14,295.3499999999997,swap,newBest
6283,14,295.3499999999997,14,295.3499999999997,swap,notBad
6284,14,295.3499999999997,14,295.3499999999997,move,improve
6285,14,295.3499999999997,14,295.3499999999997,move,improve
6286,14,295.3499999999997,14,295.3499999999997,2opt,notBad
6287,14,295.3499999999997,14,295.3499999999997,2opt,notBad
6288,14,295.3499999999997,14,295.3499999999997,2opt,notBad
6289,14,295.3499999999997,14,295.3499999999997,2opt,notBad
6290,14,295.3499999999997,14,295.3499999999997,2opt,notBad
6291,14,295.3499999999997,14,295.3499999999997,swap,notBad
6292,14,295.3499999999997,14,295.3499999999997,2opt,notBad
6293,14,295.3499999999997,14,295.3499999999997,2opt,notBad
6294,14,295.3499999999997,14,295.3499999999997,move,improve
6295,14,295.3499999999997,14,295.3499999999997,2opt,notBad
6296,14,295.3499999999997,14,295.3499999999997,2opt,notBad
6297,14,295.3499999999997,14,295.3499999999997,swap,notBad
6298,14,295.3499999999997,14,295.3499999999997,2opt,notBad
6299,14,295.3499999999997,14,295.3499999999997,2opt,notBad
6300,14,295.3499999999997,14,295.3499999999997,move,improve
6301,14,295.3499999999997,14,295.3499999999997,move,notBad
6302,14,295.3499999999997,14,295.3499999999997,swap,notBad
6303,14,295.3499999999997,14,295.3499999999997,swap,notBad
6304,14,295.3499999999997,14,295.3499999999997,swap,notBad
6305,14,295.3499999999997,14,295.3499999999997,2opt,notBad
6306,14,295.3499999999997,14,295.3499999999997,2opt,notBad
6307,14,295.3499999999997,14,295.3499999999997,2opt,notBad
6308,14,295.3499999999997,14,295.3499999999997,swap,notBad
6309,14,295.3499999999997,14,295.3499999999997,2opt,notBad
6310,14,295.3499999999997,14,295.3499999999997,move,improve
6311,14,295.3499999999997,14,295.3499999999997,move,improve
6312,14,295.3499999999997,14,295.3499999999997,2opt,improve
6313,14,295.3499999999997,14,295.3499999999997,2opt,notBad
6314,14,295.3499999999997,14,295.3499999999997,move,improve
6315,14,295.3499999999997,14,295.3499999999997,swap,notBad
6316,14,295.3499999999997,14,295.3499999999997,move,improve
6317,14,295.3499999999997,14,295.3499999999997,2opt,notBad
6318,14,295.3499999999997,14,295.3499999999997,move,improve
6319,14,295.3499999999997,14,295.3499999999997,2opt,notBad
6320,14,295.3499999999997,14,295.3499999999997,2opt,notBad
6321,14,295.3499999999997,14,295.3499999999997,2opt,notBad
6322,14,295.3499999999997,14,295.3499999999997,move,improve
6323,14,295.3499999999997,14,295.3499999999997,swap,notBad
6324,14,295.3499999999997,14,295.3499999999997,2opt,notBad
6325,14,295.3499999999997,14,295.3499999999997,move,improve
6326,14,295.3499999999997,14,295.3499999999997,move,improve
6327,14,295.3499999999997,14,295.3499999999997,move,improve
6328,14,295.3499999999997,14,295.3499999999997,move,improve
6329,14,295.3499999999997,14,295.3499999999997,swap,notBad
6330,14,295.3499999999997,14,295.3499999999997,swap,notBad
6331,14,295.3499999999997,14,295.3499999999997,2opt,notBad
6332,14,295.3499999999997,14,295.3499999999997,move,improve
6333,14,295.3499999999997,14,295.3499999999997,swap,notBad
6334,14,295.3499999999997,14,295.3499999999997,move,improve
6335,14,295.3499999999997,14,295.3499999999997,swap,notBad
6336,14,295.3499999999997,14,295.3499999999997,2opt,notBad
6337,14,297.03999999999974,14,295.3499999999997,2opt,acceptBad
6338,14,297.03999999999974,14,295.3499999999997,move,improve
6339,14,297.03999999999974,14,295.3499999999997,swap,notBad
6340,14,297.03999999999974,14,295.3499999999997,2opt,notBad
6341,14,297.03999999999974,14,295.3499999999997,swap,notBad
6342,14,297.03999999999974,14,295.3499999999997,swap,notBad
6343,14,297.03999999999974,14,295.3499999999997,move,improve
6344,14,297.03999999999974,14,295.3499999999997,move,improve
6345,14,297.03999999999974,14,295.3499999999997,swap,notBad
6346,14,297.03999999999974,14,295.3499999999997,swap,notBad
6347,14,297.03999999999974,14,295.3499999999997,move,improve
6348,14,297.03999999999974,14,295.3499999999997,swap,notBad
6349,14,297.03999999999974,14,295.3499999999997,swap,notBad
6350,14,297.03999999999974,14,295.3499999999997,swap,notBad
6351,14,297.03999999999974,14,295.3499999999997,2opt,notBad
6352,14,297.03999999999974,14,295.3499999999997,2opt,improve
6353,14,297.03999999999974,14,295.3499999999997,2opt,notBad
6354,14,297.03999999999974,14,295.3499999999997,swap,notBad
6355,14,297.03999999999974,14,295.3499999999997,2opt,notBad
6356,14,297.03999999999974,14,295.3499999999997,2opt,notBad
6357,14,297.03999999999974,14,295.3499999999997,swap,notBad
6358,14,297.03999999999974,14,295.3499999999997,move,improve
6359,14,297.03999999999974,14,295.3499999999997,2opt,notBad
6360,14,297.03999999999974,14,295.3499999999997,2opt,notBad
6361,14,297.03999999999974,14,295.3499999999997,2opt,notBad
6362,14,297.03999999999974,14,295.3499999999997,2opt,notBad
6363,14,297.03999999999974,14,295.3499999999997,move,improve
6364,14,297.03999999999974,14,295.3499999999997,2opt,notBad
6365,14,297.03999999999974,14,295.3499999999997,swap,notBad
6366,14,297.03999999999974,14,295.3499999999997,move,notBad
6367,14,297.03999999999974,14,295.3499999999997,2opt,notBad
6368,14,297.03999999999974,14,295.3499999999997,move,improve
6369,14,297.03999999999974,14,295.3499999999997,swap,notBad
6370,14,295.7599999999997,14,295.3499999999997,2opt,improve
6371,14,295.7599999999997,14,295.3499999999997,move,improve
6372,14,295.7599999999997,14,295.3499999999997,swap,notBad
6373,14,295.7599999999997,14,295.3499999999997,2opt,notBad
6374,14,295.7599999999997,14,295.3499999999997,move,improve
6375,14,295.7599999999997,14,295.3499999999997,2opt,notBad
6376,14,295.7599999999997,14,295.3499999999997,2opt,notBad
6377,14,295.7599999999997,14,295.3499999999997,2opt,notBad
6378,14,295.7599999999997,14,295.3499999999997,swap,notBad
6379,14,295.7599999999997,14,295.3499999999997,move,improve
6380,14,295.7599999999997,14,295.3499999999997,move,improve
6381,14,295.7599999999997,14,295.3499999999997,swap,notBad
6382,14,295.7599999999997,14,295.3499999999997,2opt,notBad
6383,14,295.7599999999997,14,295.3499999999997,swap,notBad
6384,14,295.7599999999997,14,295.3499999999997,swap,notBad
6385,14,295.7599999999997,14,295.3499999999997,move,improve
6386,14,295.7599999999997,14,295.3499999999997,swap,notBad
6387,14,295.7599999999997,14,295.3499999999997,2opt,improve
6388,14,295.7599999999997,14,295.3499999999997,move,improve
6389,14,295.7599999999997,14,295.3499999999997,swap,notBad
6390,14,295.7599999999997,14,295.3499999999997,2opt,improve
6391,14,295.7599999999997,14,295.3499999999997,2opt,notBad
6392,14,295.7599999999997,14,295.3499999999997,move,improve
6393,14,295.7599999999997,14,295.3499999999997,swap,notBad
6394,14,295.7599999999997,14,295.3499999999997,2opt,notBad
6395,14,295.7599999999997,14,295.3499999999997,swap,notBad
6396,14,295.7599999999997,14,295.3499999999997,swap,notBad
6397,14,295.7599999999997,14,295.3499999999997,swap,notBad
6398,14,295.7599999999997,14,295.3499999999997,swap,notBad
6399,14,295.7599999999997,14,295.3499999999997,move,improve
6400,14,295.7599999999997,14,295.3499999999997,move,improve
6401,14,295.7599999999997,14,295.3499999999997,swap,notBad
6402,14,295.7599999999997,14,295.3499999999997,move,improve
6403,14,295.7599999999997,14,295.3499999999997,2opt,notBad
6404,14,295.7599999999997,14,295.3499999999997,move,improve
6405,14,295.7599999999997,14,295.3499999999997,swap,notBad
6406,14,295.7599999999997,14,295.3499999999997,2opt,notBad
6407,14,295.7599999999997,14,295.3499999999997,swap,notBad
6408,14,295.7599999999997,14,295.3499999999997,swap,notBad
6409,14,295.7599999999997,14,295.3499999999997,swap,notBad
6410,14,295.7599999999997,14,295.3499999999997,move,improve
6411,14,295.7599999999997,14,295.3499999999997,2opt,notBad
6412,14,295.7599999999997,14,295.3499999999997,swap,notBad
6413,14,295.7599999999997,14,295.3499999999997,2opt,notBad
6414,14,295.7599999999997,14,295.3499999999997,2opt,notBad
6415,14,295.7599999999997,14,295.3499999999997,move,improve
6416,14,295.7599999999997,14,295.3499999999997,2opt,improve
6417,14,295.7599999999997,14,295.3499999999997,swap,notBad
6418,14,295.7599999999997,14,295.3499999999997,2opt,notBad
6419,14,295.7599999999997,14,295.3499999999997,2opt,notBad
6420,14,295.7599999999997,14,295.3499999999997,2opt,improve
6421,14,295.7599999999997,14,295.3499999999997,move,improve
6422,14,295.7599999999997,14,295.3499999999997,move,improve
6423,14,295.7599999999997,14,295.3499999999997,move,improve
6424,14,295.7599999999997,14,295.3499999999997,move,improve
6425,14,295.7599999999997,14,295.3499999999997,2opt,notBad
6426,14,295.7599999999997,14,295.3499999999997,swap,notBad
6427,14,295.7599999999997,14,295.3499999999997,move,improve
6428,14,295.3499999999997,14,295.3499999999997,2opt,improve
6429,14,295.3499999999997,14,295.3499999999997,swap,notBad
6430,14,295.3499999999997,14,295.3499999999997,2opt,notBad
6431,14,295.3499999999997,14,295.3499999999997,move,improve
6432,14,295.3499999999997,14,295.3499999999997,2opt,notBad
6433,14,295.3499999999997,14,295.3499999999997,swap,notBad
6434,14,295.3499999999997,14,295.3499999999997,2opt,notBad
6435,14,295.3499999999997,14,295.3499999999997,move,improve
6436,14,295.3499999999997,14,295.3499999999997,swap,notBad
6437,14,295.3499999999997,14,295.3499999999997,move,improve
6438,14,295.3499999999997,14,295.3499999999997,move,improve
6439,14,295.3499999999997,14,295.3499999999997,move,improve
6440,14,295.3499999999997,14,295.3499999999997,swap,notBad
6441,14,295.3499999999997,14,295.3499999999997,swap,notBad
6442,14,295.3499999999997,14,295.3499999999997,2opt,notBad
6443,14,295.3499999999997,14,295.3499999999997,swap,notBad
6444,14,295.3499999999997,14,295.3499999999997,swap,notBad
6445,14,295.3499999999997,14,295.3499999999997,move,improve
6446,14,295.3499999999997,14,295.3499999999997,swap,notBad
6447,14,295.3499999999997,14,295.3499999999997,move,improve
6448,14,295.3499999999997,14,295.3499999999997,move,improve
6449,14,295.3499999999997,14,295.3499999999997,swap,notBad
6450,14,295.3499999999997,14,295.3499999999997,swap,notBad
6451,14,295.3499999999997,14,295.3499999999997,2opt,notBad
6452,14,295.3499999999997,14,295.3499999999997,move,improve
6453,14,295.3499999999997,14,295.3499999999997,swap,notBad
6454,14,295.3499999999997,14,295.3499999999997,move,improve
6455,14,295.3499999999997,14,295.3499999999997,2opt,notBad
6456,14,295.3499999999997,14,295.3499999999997,swap,notBad
6457,14,295.3499999999997,14,295.3499999999997,move,improve
6458,14,295.3499999999997,14,295.3499999999997,2opt,notBad
6459,14,295.3499999999997,14,295.3499999999997,move,improve
6460,14,295.3499999999997,14,295.3499999999997,move,improve
6461,14,295.3499999999997,14,295.3499999999997,swap,notBad
6462,14,295.3499999999997,14,295.3499999999997,2opt,notBad
6463,14,295.3499999999997,14,295.3499999999997,move,improve
6464,14,295.3499999999997,14,295.3499999999997,swap,notBad
6465,14,295.3499999999997,14,295.3499999999997,swap,notBad
6466,14,295.3499999999997,14,295.3499999999997,2opt,notBad
6467,14,295.3499999999997,14,295.3499999999997,2opt,notBad
6468,14,295.3499999999997,14,295.3499999999997,move,improve
6469,14,295.3499999999997,14,295.3499999999997,swap,notBad
6470,14,295.3499999999997,14,295.3499999999997,2opt,notBad
6471,14,295.3499999999997,14,295.3499999999997,2opt,notBad
6472,14,295.3499999999997,14,295.3499999999997,2opt,improve
6473,14,295.3499999999997,14,295.3499999999997,move,improve
6474,14,295.3499999999997,14,295.3499999999997,swap,notBad
6475,14,295.3499999999997,14,295.3499999999997,move,improve
6476,14,295.3499999999997,14,295.3499999999997,2opt,notBad
6477,14,295.3499999999997,14,295.3499999999997,2opt,notBad
6478,14,295.3499999999997,14,295.3499999999997,2opt,notBad
6479,14,295.3499999999997,14,295.3499999999997,swap,notBad
6480,14,295.3499999999997,14,295.3499999999997,2opt,notBad
6481,14,295.3499999999997,14,295.3499999999997,swap,notBad
6482,14,295.3499999999997,14,295.3499999999997,swap,notBad
6483,14,295.3499999999997,14,295.3499999999997,2opt,notBad
6484,14,295.3499999999997,14,295.3499999999997,move,improve
6485,14,295.3499999999997,14,295.3499999999997,swap,notBad
6486,14,295.3499999999997,14,295.3499999999997,swap,notBad
6487,14,295.3499999999997,14,295.3499999999997,swap,notBad
6488,14,302.27999999999986,14,295.3499999999997,swap,acceptBad
6489,14,302.27999999999986,14,295.3499999999997,swap,notBad
6490,14,302.27999999999986,14,295.3499999999997,move,improve
6491,14,302.27999999999986,14,295.3499999999997,move,improve
6492,14,302.27999999999986,14,295.3499999999997,move,improve
6493,14,302.27999999999986,14,295.3499999999997,move,improve
6494,14,302.27999999999986,14,295.3499999999997,swap,notBad
6495,14,302.27999999999986,14,295.3499999999997,swap,notBad
6496,14,302.27999999999986,14,295.3499999999997,swap,notBad
6497,14,301.28999999999996,14,295.3499999999997,2opt,improve
6498,14,301.28999999999996,14,295.3499999999997,swap,notBad
6499,14,301.28999999999996,14,295.3499999999997,move,improve
6500,14,301.28999999999996,14,295.3499999999997,2opt,notBad
6501,14,301.28999999999996,14,295.3499999999997,move,improve
6502,14,301.28999999999996,14,295.3499999999997,move,improve
6503,14,301.28999999999996,14,295.3499999999997,swap,notBad
6504,14,301.28999999999996,14,295.3499999999997,2opt,notBad
6505,14,301.28999999999996,14,295.3499999999997,2opt,notBad
6506,14,301.28999999999996,14,295.3499999999997,2opt,improve
6507,14,301.28999999999996,14,295.3499999999997,swap,notBad
6508,14,301.28999999999996,14,295.3499999999997,move,improve
6509,14,301.28999999999996,14,295.3499999999997,move,improve
6510,14,301.28999999999996,14,295.3499999999997,move,notBad
6511,14,301.28999999999996,14,295.3499999999997,move,improve
6512,14,301.28999999999996,14,295.3499999999997,swap,notBad
6513,14,301.28999999999996,14,295.3499999999997,2opt,notBad
6514,14,301.28999999999996,14,295.3499999999997,2opt,notBad
6515,14,301.28999999999996,14,295.3499999999997,swap,notBad
6516,14,301.28999999999996,14,295.3499999999997,2opt,notBad
6517,14,301.28999999999996,14,295.3499999999997,move,improve
6518,14,301.28999999999996,14,295.3499999999997,swap,notBad
6519,14,301.28999999999996,14,295.3499999999997,2opt,notBad
6520,14,301.28999999999996,14,295.3499999999997,2opt,notBad
6521,14,301.28999999999996,14,295.3499999999997,2opt,notBad
6522,14,301.28999999999996,14,295.3499999999997,move,notBad
6523,14,301.28999999999996,14,295.3499999999997,swap,notBad
6524,14,301.28999999999996,14,295.3499999999997,2opt,notBad
6525,14,301.28999999999996,14,295.3499999999997,move,improve
6526,14,301.28999999999996,14,295.3499999999997,2opt,notBad
6527,14,301.28999999999996,14,295.3499999999997,move,improve
6528,14,301.28999999999996,14,295.3499999999997,2opt,notBad
6529,14,301.28999999999996,14,295.3499999999997,move,improve
6530,14,301.28999999999996,14,295.3499999999997,2opt,notBad
6531,14,301.28999999999996,14,295.3499999999997,swap,notBad
6532,14,301.28999999999996,14,295.3499999999997,swap,notBad
6533,14,301.28999999999996,14,295.3499999999997,move,improve
6534,14,301.28999999999996,14,295.3499999999997,move,improve
6535,14,301.28999999999996,14,295.3499999999997,move,improve
6536,14,301.28999999999996,14,295.3499999999997,2opt,notBad
6537,14,301.28999999999996,14,295.3499999999997,2opt,notBad
6538,14,301.28999999999996,14,295.3499999999997,swap,notBad
6539,14,300.92999999999995,14,295.3499999999997,move,improve
6540,14,300.92999999999995,14,295.3499999999997,swap,notBad
6541,14,300.92999999999995,14,295.3499999999997,move,improve
6542,14,300.92999999999995,14,295.3499999999997,move,improve
6543,14,300.92999999999995,14,295.3499999999997,swap,notBad
6544,14,300.92999999999995,14,295.3499999999997,swap,notBad
6545,14,300.92999999999995,14,295.3499999999997,2opt,notBad
6546,14,300.92999999999995,14,295.3499999999997,2opt,notBad
6547,14,300.92999999999995,14,295.3499999999997,move,improve
6548,14,300.92999999999995,14,295.3499999999997,2opt,notBad
6549,14,300.92999999999995,14,295.3499999999997,swap,notBad
6550,14,300.92999999999995,14,295.3499999999997,2opt,notBad
6551,14,300.92999999999995,14,295.3499999999997,swap,notBad
6552,14,300.92999999999995,14,295.3499999999997,swap,notBad
6553,14,300.92999999999995,14,295.3499999999997,swap,notBad
6554,14,300.92999999999995,14,295.3499999999997,swap,notBad
6555,14,300.92999999999995,14,295.3499999999997,move,improve
6556,14,300.92999999999995,14,295.3499999999997,swap,notBad
6557,14,300.92999999999995,14,295.3499999999997,move,improve
6558,14,300.92999999999995,14,295.3499999999997,move,improve
6559,14,300.92999999999995,14,295.3499999999997,2opt,notBad
6560,14,300.92999999999995,14,295.3499999999997,2opt,improve
6561,14,300.92999999999995,14,295.3499999999997,swap,notBad
6562,14,300.92999999999995,14,295.3499999999997,move,improve
6563,14,302.7099999999999,14,295.3499999999997,swap,acceptBad
6564,14,300.92999999999995,14,295.3499999999997,move,improve
6565,14,300.92999999999995,14,295.3499999999997,swap,notBad
6566,14,300.92999999999995,14,295.3499999999997,move,improve
6567,14,300.92999999999995,14,295.3499999999997,move,improve
6568,14,300.92999999999995,14,295.3499999999997,swap,notBad
6569,14,300.92999999999995,14,295.3499999999997,2opt,notBad
6570,14,300.92999999999995,14,295.3499999999997,swap,notBad
6571,14,300.92999999999995,14,295.3499999999997,move,improve
6572,14,300.92999999999995,14,295.3499999999997,move,improve
6573,14,300.92999999999995,14,295.3499999999997,2opt,notBad
6574,14,300.92999999999995,14,295.3499999999997,move,improve
6575,14,300.92999999999995,14,295.3499999999997,2opt,notBad
6576,14,300.92999999999995,14,295.3499999999997,move,improve
6577,14,300.92999999999995,14,295.3499999999997,move,improve
6578,14,300.92999999999995,14,295.3499999999997,2opt,notBad
6579,14,300.92999999999995,14,295.3499999999997,move,improve
6580,14,300.92999999999995,14,295.3499999999997,move,improve
6581,14,300.92999999999995,14,295.3499999999997,move,improve
6582,14,300.92999999999995,14,295.3499999999997,move,improve
6583,14,300.92999999999995,14,295.3499999999997,move,notBad
6584,14,300.92999999999995,14,295.3499999999997,2opt,notBad
6585,14,300.92999999999995,14,295.3499999999997,move,improve
6586,14,300.92999999999995,14,295.3499999999997,move,improve
6587,14,300.92999999999995,14,295.3499999999997,swap,notBad
6588,14,300.92999999999995,14,295.3499999999997,swap,notBad
6589,14,300.92999999999995,14,295.3499999999997,move,improve
6590,14,300.92999999999995,14,295.3499999999997,swap,notBad
6591,14,300.92999999999995,14,295.3499999999997,swap,notBad
6592,14,300.92999999999995,14,295.3499999999997,swap,notBad
6593,14,300.92999999999995,14,295.3499999999997,swap,notBad
6594,14,300.92999999999995,14,295.3499999999997,2opt,notBad
6595,14,300.92999999999995,14,295.3499999999997,2opt,notBad
6596,14,300.92999999999995,14,295.3499999999997,swap,notBad
6597,14,300.92999999999995,14,295.3499999999997,swap,notBad
6598,14,300.92999999999995,14,295.3499999999997,move,improve
6599,14,300.92999999999995,14,295.3499999999997,2opt,notBad
6600,14,300.92999999999995,14,295.3499999999997,move,improve
6601,14,300.92999999999995,14,295.3499999999997,2opt,notBad
6602,14,300.92999999999995,14,295.3499999999997,2opt,notBad
6603,14,300.92999999999995,14,295.3499999999997,swap,notBad
6604,14,300.92999999999995,14,295.3499999999997,move,improve
6605,14,300.92999999999995,14,295.3499999999997,move,improve
6606,14,300.92999999999995,14,295.3499999999997,move,improve
6607,14,300.92999999999995,14,295.3499999999997,move,improve
6608,14,300.92999999999995,14,295.3499999999997,2opt,notBad
6609,14,300.92999999999995,14,295.3499999999997,move,improve
6610,14,300.92999999999995,14,295.3499999999997,2opt,notBad
6611,14,300.92999999999995,14,295.3499999999997,swap,notBad
6612,14,300.92999999999995,14,295.3499999999997,2opt,notBad
6613,14,300.92999999999995,14,295.3499999999997,move,improve
6614,14,300.92999999999995,14,295.3499999999997,move,improve
6615,14,300.92999999999995,14,295.3499999999997,2opt,notBad
6616,14,300.92999999999995,14,295.3499999999997,swap,notBad
6617,14,300.92999999999995,14,295.3499999999997,swap,notBad
6618,14,300.92999999999995,14,295.3499999999997,2opt,notBad
6619,14,300.92999999999995,14,295.3499999999997,swap,notBad
6620,14,300.92999999999995,14,295.3499999999997,move,improve
6621,14,300.92999999999995,14,295.3499999999997,move,improve
6622,14,300.92999999999995,14,295.3499999999997,2opt,notBad
6623,14,300.92999999999995,14,295.3499999999997,2opt,notBad
6624,14,300.92999999999995,14,295.3499999999997,swap,notBad
6625,14,300.92999999999995,14,295.3499999999997,swap,notBad
6626,14,300.92999999999995,14,295.3499999999997,swap,notBad
6627,14,300.92999999999995,14,295.3499999999997,2opt,notBad
6628,14,300.92999999999995,14,295.3499999999997,swap,notBad
6629,14,300.92999999999995,14,295.3499999999997,2opt,notBad
6630,14,300.92999999999995,14,295.3499999999997,swap,notBad
6631,14,300.92999999999995,14,295.3499999999997,2opt,notBad
6632,14,300.92999999999995,14,295.3499999999997,swap,notBad
6633,14,300.92999999999995,14,295.3499999999997,2opt,notBad
6634,14,300.92999999999995,14,295.3499999999997,2opt,notBad
6635,14,300.92999999999995,14,295.3499999999997,move,improve
6636,14,300.92999999999995,14,295.3499999999997,2opt,notBad
6637,14,300.92999999999995,14,295.3499999999997,move,improve
6638,14,300.92999999999995,14,295.3499999999997,2opt,notBad
6639,14,300.92999999999995,14,295.3499999999997,swap,notBad
6640,14,300.92999999999995,14,295.3499999999997,move,improve
6641,14,300.92999999999995,14,295.3499999999997,2opt,improve
6642,14,300.92999999999995,14,295.3499999999997,swap,notBad
6643,14,300.92999999999995,14,295.3499999999997,2opt,improve
6644,14,300.92999999999995,14,295.3499999999997,2opt,notBad
6645,14,300.92999999999995,14,295.3499999999997,2opt,notBad
6646,14,300.92999999999995,14,295.3499999999997,swap,notBad
6647,14,300.92999999999995,14,295.3499999999997,swap,notBad
6648,14,300.92999999999995,14,295.3499999999997,swap,notBad
6649,14,300.92999999999995,14,295.3499999999997,2opt,notBad
6650,14,300.92999999999995,14,295.3499999999997,2opt,notBad
6651,14,300.92999999999995,14,295.3499999999997,2opt,notBad
6652,14,300.92999999999995,14,295.3499999999997,2opt,notBad
6653,14,300.92999999999995,14,295.3499999999997,2opt,notBad
6654,14,300.92999999999995,14,295.3499999999997,swap,notBad
6655,14,300.92999999999995,14,295.3499999999997,swap,notBad
6656,14,300.92999999999995,14,295.3499999999997,move,improve
6657,14,300.92999999999995,14,295.3499999999997,2opt,notBad
6658,14,300.92999999999995,14,295.3499999999997,2opt,notBad
6659,14,300.92999999999995,14,295.3499999999997,swap,notBad
6660,14,300.92999999999995,14,295.3499999999997,2opt,notBad
6661,14,300.92999999999995,14,295.3499999999997,2opt,notBad
6662,14,300.92999999999995,14,295.3499999999997,move,improve
6663,14,300.92999999999995,14,295.3499999999997,2opt,notBad
6664,14,300.92999999999995,14,295.3499999999997,2opt,notBad
6665,14,300.92999999999995,14,295.3499999999997,2opt,notBad
6666,14,300.92999999999995,14,295.3499999999997,move,improve
6667,14,300.92999999999995,14,295.3499999999997,2opt,notBad
6668,14,300.92999999999995,14,295.3499999999997,move,improve
6669,14,300.92999999999995,14,295.3499999999997,2opt,notBad
6670,14,300.92999999999995,14,295.3499999999997,swap,notBad
6671,14,300.92999999999995,14,295.3499999999997,swap,notBad
6672,14,300.92999999999995,14,295.3499999999997,2opt,notBad
6673,14,300.92999999999995,14,295.3499999999997,move,improve
6674,14,300.92999999999995,14,295.3499999999997,2opt,notBad
6675,14,300.92999999999995,14,295.3499999999997,2opt,notBad
6676,14,300.92999999999995,14,295.3499999999997,move,improve
6677,14,300.92999999999995,14,295.3499999999997,swap,notBad
6678,14,300.92999999999995,14,295.3499999999997,swap,notBad
6679,14,300.92999999999995,14,295.3499999999997,move,improve
6680,14,300.92999999999995,14,295.3499999999997,2opt,notBad
6681,14,300.92999999999995,14,295.3499999999997,move,improve
6682,14,300.92999999999995,14,295.3499999999997,2opt,improve
6683,14,300.92999999999995,14,295.3499999999997,2opt,notBad
6684,14,300.92999999999995,14,295.3499999999997,2opt,notBad
6685,14,300.92999999999995,14,295.3499999999997,swap,notBad
6686,14,300.92999999999995,14,295.3499999999997,2opt,notBad
6687,14,300.92999999999995,14,295.3499999999997,swap,notBad
6688,14,300.92999999999995,14,295.3499999999997,move,improve
6689,14,300.92999999999995,14,295.3499999999997,move,improve
6690,14,300.92999999999995,14,295.3499999999997,move,improve
6691,14,300.92999999999995,14,295.3499999999997,2opt,notBad
6692,14,300.92999999999995,14,295.3499999999997,swap,notBad
6693,14,300.92999999999995,14,295.3499999999997,move,improve
6694,14,300.92999999999995,14,295.3499999999997,move,improve
6695,14,300.92999999999995,14,295.3499999999997,2opt,notBad
6696,14,300.92999999999995,14,295.3499999999997,2opt,notBad
6697,14,300.92999999999995,14,295.3499999999997,2opt,notBad
6698,14,300.92999999999995,14,295.3499999999997,swap,notBad
6699,14,300.92999999999995,14,295.3499999999997,swap,notBad
6700,14,300.92999999999995,14,295.3499999999997,swap,notBad
6701,14,300.92999999999995,14,295.3499999999997,move,improve
6702,14,300.92999999999995,14,295.3499999999997,2opt,notBad
6703,14,300.92999999999995,14,295.3499999999997,2opt,notBad
6704,14,300.92999999999995,14,295.3499999999997,swap,notBad
6705,14,300.92999999999995,14,295.3499999999997,2opt,notBad
6706,14,300.92999999999995,14,295.3499999999997,move,improve
6707,14,300.92999999999995,14,295.3499999999997,swap,notBad
6708,14,300.92999999999995,14,295.3499999999997,swap,notBad
6709,14,298.41999999999996,14,295.3499999999997,move,improve
6710,14,298.41999999999996,14,295.3499999999997,2opt,notBad
6711,14,298.41999999999996,14,295.3499999999997,2opt,notBad
6712,14,298.41999999999996,14,295.3499999999997,swap,notBad
6713,14,298.41999999999996,14,295.3499999999997,move,improve
6714,14,298.41999999999996,14,295.3499999999997,swap,notBad
6715,14,298.41999999999996,14,295.3499999999997,swap,notBad
6716,14,298.41999999999996,14,295.3499999999997,move,improve
6717,14,298.41999999999996,14,295.3499999999997,move,improve
6718,14,298.41999999999996,14,295.3499999999997,swap,notBad
6719,14,298.41999999999996,14,295.3499999999997,swap,notBad
6720,14,298.41999999999996,14,295.3499999999997,move,improve
6721,14,298.41999999999996,14,295.3499999999997,swap,notBad
6722,14,298.41999999999996,14,295.3499999999997,2opt,notBad
6723,14,298.41999999999996,14,295.3499999999997,2opt,notBad
6724,14,298.41999999999996,14,295.3499999999997,move,improve
6725,14,298.41999999999996,14,295.3499999999997,swap,notBad
6726,14,298.41999999999996,14,295.3499999999997,move,improve
6727,14,298.41999999999996,14,295.3499999999997,2opt,notBad
6728,14,298.41999999999996,14,295.3499999999997,move,improve
6729,14,298.41999999999996,14,295.3499999999997,swap,notBad
6730,14,298.41999999999996,14,295.3499999999997,move,improve
6731,14,298.41999999999996,14,295.3499999999997,swap,notBad
6732,14,298.41999999999996,14,295.3499999999997,move,improve
6733,14,298.41999999999996,14,295.3499999999997,2opt,notBad
6734,14,298.41999999999996,14,295.3499999999997,swap,notBad
6735,14,298.41999999999996,14,295.3499999999997,move,improve
6736,14,298.41999999999996,14,295.3499999999997,2opt,notBad
6737,14,298.41999999999996,14,295.3499999999997,2opt,notBad
6738,14,298.41999999999996,14,295.3499999999997,2opt,notBad
6739,14,298.41999999999996,14,295.3499999999997,move,improve
6740,14,298.41999999999996,14,295.3499999999997,2opt,notBad
6741,14,298.41999999999996,14,295.3499999999997,move,improve
6742,14,298.41999999999996,14,295.3499999999997,swap,notBad
6743,14,298.41999999999996,14,295.3499999999997,swap,notBad
6744,14,298.41999999999996,14,295.3499999999997,2opt,notBad
6745,14,298.41999999999996,14,295.3499999999997,2opt,notBad
6746,14,298.41999999999996,14,295.3499999999997,swap,notBad
6747,14,298.41999999999996,14,295.3499999999997,swap,notBad
6748,14,298.41999999999996,14,295.3499999999997,move,improve
6749,14,298.41999999999996,14,295.3499999999997,swap,notBad
6750,14,298.41999999999996,14,295.3499999999997,2opt,improve
6751,14,298.41999999999996,14,295.3499999999997,swap,notBad
6752,14,298.41999999999996,14,295.3499999999997,move,improve
6753,14,298.41999999999996,14,295.3499999999997,2opt,improve
6754,14,298.41999999999996,14,295.3499999999997,2opt,notBad
6755,14,298.41999999999996,14,295.3499999999997,swap,notBad
6756,14,298.41999999999996,14,295.3499999999997,swap,notBad
6757,14,298.41999999999996,14,295.3499999999997,move,improve
6758,14,298.41999999999996,14,295.3499999999997,move,improve
6759,14,298.41999999999996,14,295.3499999999997,move,improve
6760,14,298.41999999999996,14,295.3499999999997,move,improve
6761,14,298.41999999999996,14,295.3499999999997,move,improve
6762,14,298.41999999999996,14,295.3499999999997,swap,notBad
6763,14,298.41999999999996,14,295.3499999999997,swap,notBad
6764,14,300.19999999999993,14,295.3499999999997,swap,acceptBad
6765,14,300.19999999999993,14,295.3499999999997,2opt,notBad
6766,14,300.19999999999993,14,295.3499999999997,swap,notBad
6767,14,300.19999999999993,14,295.3499999999997,swap,notBad
6768,14,300.19999999999993,14,295.3499999999997,2opt,improve
6769,14,300.19999999999993,14,295.3499999999997,swap,notBad
6770,14,300.19999999999993,14,295.3499999999997,swap,notBad
6771,14,300.19999999999993,14,295.3499999999997,swap,notBad
6772,14,300.19999999999993,14,295.3499999999997,move,improve
6773,14,300.19999999999993,14,295.3499999999997,swap,notBad
6774,14,300.19999999999993,14,295.3499999999997,move,improve
6775,14,300.19999999999993,14,295.3499999999997,swap,notBad
6776,14,300.19999999999993,14,295.3499999999997,2opt,notBad
6777,14,300.19999999999993,14,295.3499999999997,swap,notBad
6778,14,300.19999999999993,14,295.3499999999997,2opt,improve
6779,14,300.19999999999993,14,295.3499999999997,move,improve
6780,14,300.19999999999993,14,295.3499999999997,swap,notBad
6781,14,300.19999999999993,14,295.3499999999997,2opt,notBad
6782,14,300.19999999999993,14,295.3499999999997,2opt,notBad
6783,14,300.19999999999993,14,295.3499999999997,swap,notBad
6784,14,298.41999999999996,14,295.3499999999997,move,improve
6785,14,298.41999999999996,14,295.3499999999997,move,improve
6786,14,298.41999999999996,14,295.3499999999997,2opt,notBad
6787,14,298.41999999999996,14,295.3499999999997,move,improve
6788,14,298.41999999999996,14,295.3499999999997,move,improve
6789,14,298.41999999999996,14,295.3499999999997,swap,notBad
6790,14,298.41999999999996,14,295.3499999999997,2opt,notBad
6791,14,298.41999999999996,14,295.3499999999997,2opt,improve
6792,14,298.41999999999996,14,295.3499999999997,move,improve
6793,14,305.99,14,295.3499999999997,swap,acceptBad
6794,14,298.41999999999996,14,295.3499999999997,move,improve
6795,14,298.41999999999996,14,295.3499999999997,swap,notBad
6796,14,286.77999999999986,14,286.77999999999986,move,newBest
6797,14,286.77999999999986,14,286.77999999999986,move,notBad
6798,14,286.77999999999986,14,286.77999999999986,swap,notBad
6799,14,286.77999999999986,14,286.77999999999986,move,improve
6800,14,286.77999999999986,14,286.77999999999986,move,improve
6801,14,286.77999999999986,14,286.77999999999986,swap,notBad
6802,14,286.77999999999986,14,286.77999999999986,2opt,notBad
6803,14,286.77999999999986,14,286.77999999999986,2opt,notBad
6804,14,286.77999999999986,14,286.77999999999986,move,improve
6805,14,286.77999999999986,14,286.77999999999986,move,improve
6806,14,286.77999999999986,14,286.77999999999986,swap,notBad
6807,14,286.77999999999986,14,286.77999999999986,swap,notBad
6808,14,286.77999999999986,14,286.77999999999986,swap,notBad
6809,14,286.77999999999986,14,286.77999999999986,move,notBad
6810,14,286.77999999999986,14,286.77999999999986,swap,notBad
6811,14,286.77999999999986,14,286.77999999999986,move,improve
6812,14,286.77999999999986,14,286.77999999999986,2opt,notBad
6813,14,286.77999999999986,14,286.77999999999986,swap,notBad
6814,14,286.77999999999986,14,286.77999999999986,swap,notBad
6815,14,286.77999999999986,14,286.77999999999986,2opt,notBad
6816,14,286.77999999999986,14,286.77999999999986,move,improve
6817,14,286.77999999999986,14,286.77999999999986,swap,notBad
6818,14,286.77999999999986,14,286.77999999999986,swap,notBad
6819,14,286.77999999999986,14,286.77999999999986,swap,notBad
6820,14,286.77999999999986,14,286.77999999999986,move,improve
6821,14,286.77999999999986,14,286.77999999999986,2opt,notBad
6822,14,286.77999999999986,14,286.77999999999986,2opt,notBad
6823,14,286.77999999999986,14,286.77999999999986,2opt,notBad
6824,14,286.77999999999986,14,286.77999999999986,2opt,improve
6825,14,286.77999999999986,14,286.77999999999986,move,improve
6826,14,286.77999999999986,14,286.77999999999986,move,improve
6827,14,286.77999999999986,14,286.77999999999986,2opt,improve
6828,14,286.77999999999986,14,286.77999999999986,move,improve
6829,14,286.77999999999986,14,286.77999999999986,swap,notBad
6830,14,286.77999999999986,14,286.77999999999986,swap,notBad
6831,14,286.77999999999986,14,286.77999999999986,move,improve
6832,14,286.77999999999986,14,286.77999999999986,swap,notBad
6833,14,286.77999999999986,14,286.77999999999986,move,improve
6834,14,286.77999999999986,14,286.77999999999986,swap,notBad
6835,14,286.77999999999986,14,286.77999999999986,swap,notBad
6836,14,286.77999999999986,14,286.77999999999986,move,improve
6837,14,286.77999999999986,14,286.77999999999986,move,improve
6838,14,286.77999999999986,14,286.77999999999986,move,improve
6839,14,286.77999999999986,14,286.77999999999986,2opt,notBad
6840,14,286.77999999999986,14,286.77999999999986,2opt,notBad
6841,14,286.77999999999986,14,286.77999999999986,move,improve
6842,14,286.77999999999986,14,286.77999999999986,move,improve
6843,14,286.77999999999986,14,286.77999999999986,2opt,notBad
6844,14,286.77999999999986,14,286.77999999999986,move,improve
6845,14,286.77999999999986,14,286.77999999999986,move,improve
6846,14,286.77999999999986,14,286.77999999999986,move,improve
6847,14,286.77999999999986,14,286.77999999999986,move,improve
6848,14,286.77999999999986,14,286.77999999999986,move,improve
6849,14,286.77999999999986,14,286.77999999999986,move,improve
6850,14,286.77999999999986,14,286.77999999999986,move,improve
6851,14,286.77999999999986,14,286.77999999999986,2opt,notBad
6852,14,286.77999999999986,14,286.77999999999986,move,improve
6853,14,286.77999999999986,14,286.77999999999986,swap,notBad
6854,14,286.77999999999986,14,286.77999999999986,swap,notBad
6855,14,286.77999999999986,14,286.77999999999986,swap,notBad
6856,14,286.77999999999986,14,286.77999999999986,swap,notBad
6857,14,286.77999999999986,14,286.77999999999986,move,improve
6858,14,286.77999999999986,14,286.77999999999986,2opt,notBad
6859,14,286.77999999999986,14,286.77999999999986,swap,notBad
6860,14,286.77999999999986,14,286.77999999999986,2opt,notBad
6861,14,286.77999999999986,14,286.77999999999986,2opt,notBad
6862,14,286.77999999999986,14,286.77999999999986,swap,notBad
6863,14,286.77999999999986,14,286.77999999999986,swap,notBad
6864,14,286.77999999999986,14,286.77999999999986,swap,notBad
6865,14,286.77999999999986,14,286.77999999999986,2opt,notBad
6866,14,286.77999999999986,14,286.77999999999986,swap,notBad
6867,14,286.77999999999986,14,286.77999999999986,2opt,notBad
6868,14,286.77999999999986,14,286.77999999999986,swap,notBad
6869,14,286.77999999999986,14,286.77999999999986,2opt,notBad
6870,14,286.77999999999986,14,286.77999999999986,2opt,notBad
6871,14,286.77999999999986,14,286.77999999999986,swap,notBad
6872,14,286.77999999999986,14,286.77999999999986,swap,notBad
6873,14,286.77999999999986,14,286.77999999999986,move,improve
6874,14,286.77999999999986,14,286.77999999999986,move,improve
6875,14,286.77999999999986,14,286.77999999999986,swap,notBad
6876,14,286.77999999999986,14,286.77999999999986,2opt,notBad
6877,14,286.77999999999986,14,286.77999999999986,move,improve
6878,14,286.77999999999986,14,286.77999999999986,swap,notBad
6879,14,286.77999999999986,14,286.77999999999986,swap,notBad
6880,14,286.77999999999986,14,286.77999999999986,2opt,notBad
6881,14,286.77999999999986,14,286.77999999999986,move,improve
6882,14,286.77999999999986,14,286.77999999999986,move,improve
6883,14,286.77999999999986,14,286.77999999999986,swap,notBad
6884,14,286.77999999999986,14,286.77999999999986,2opt,notBad
6885,14,286.77999999999986,14,286.77999999999986,2opt,notBad
6886,14,286.77999999999986,14,286.77999999999986,2opt,improve
6887,14,286.77999999999986,14,286.77999999999986,2opt,notBad
6888,14,286.77999999999986,14,286.77999999999986,move,improve
6889,14,286.77999999999986,14,286.77999999999986,swap,notBad
6890,14,286.77999999999986,14,286.77999999999986,2opt,notBad
6891,14,286.77999999999986,14,286.77999999999986,move,improve
6892,14,286.77999999999986,14,286.77999999999986,2opt,notBad
6893,14,286.77999999999986,14,286.77999999999986,swap,notBad
6894,14,286.77999999999986,14,286.77999999999986,2opt,notBad
6895,14,286.77999999999986,14,286.77999999999986,swap,notBad
6896,14,286.77999999999986,14,286.77999999999986,2opt,notBad
6897,14,286.77999999999986,14,286.77999999999986,move,improve
6898,14,286.77999999999986,14,286.77999999999986,2opt,notBad
6899,14,286.77999999999986,14,286.77999999999986,move,improve
6900,14,286.77999999999986,14,286.77999999999986,swap,notBad
6901,14,286.77999999999986,14,286.77999999999986,2opt,notBad
6902,14,286.77999999999986,14,286.77999999999986,swap,notBad
6903,14,286.77999999999986,14,286.77999999999986,2opt,notBad
6904,14,286.77999999999986,14,286.77999999999986,move,improve
6905,14,286.77999999999986,14,286.77999999999986,2opt,notBad
6906,14,286.77999999999986,14,286.77999999999986,swap,notBad
6907,14,286.77999999999986,14,286.77999999999986,2opt,notBad
6908,14,286.77999999999986,14,286.77999999999986,2opt,notBad
6909,14,286.77999999999986,14,286.77999999999986,2opt,notBad
6910,14,286.77999999999986,14,286.77999999999986,swap,notBad
6911,14,286.77999999999986,14,286.77999999999986,2opt,improve
6912,14,286.77999999999986,14,286.77999999999986,2opt,notBad
6913,14,286.77999999999986,14,286.77999999999986,swap,notBad
6914,14,286.77999999999986,14,286.77999999999986,swap,notBad
6915,14,286.77999999999986,14,286.77999999999986,move,improve
6916,14,286.77999999999986,14,286.77999999999986,move,improve
6917,14,293.9000000000002,14,286.77999999999986,swap,acceptBad
6918,14,293.9000000000002,14,286.77999999999986,swap,notBad
6919,14,293.9000000000002,14,286.77999999999986,2opt,notBad
6920,14,293.9000000000002,14,286.77999999999986,swap,notBad
6921,14,293.9000000000002,14,286.77999999999986,2opt,notBad
6922,14,293.9000000000002,14,286.77999999999986,2opt,notBad
6923,14,293.9000000000002,14,286.77999999999986,swap,notBad
6924,14,293.9000000000002,14,286.77999999999986,2opt,improve
6925,14,293.9000000000002,14,286.77999999999986,2opt,notBad
6926,14,293.9000000000002,14,286.77999999999986,swap,notBad
6927,14,293.9000000000002,14,286.77999999999986,swap,notBad
6928,14,293.9000000000002,14,286.77999999999986,2opt,notBad
6929,14,293.9000000000002,14,286.77999999999986,move,improve
6930,14,293.9000000000002,14,286.77999999999986,swap,notBad
6931,14,293.9000000000002,14,286.77999999999986,move,improve
6932,14,293.9000000000002,14,286.77999999999986,move,improve
6933,14,293.9000000000002,14,286.77999999999986,swap,notBad
6934,14,293.9000000000002,14,286.77999999999986,2opt,notBad
6935,14,293.9000000000002,14,286.77999999999986,swap,notBad
6936,14,293.9000000000002,14,286.77999999999986,move,improve
6937,14,293.9000000000002,14,286.77999999999986,move,improve
6938,14,293.9000000000002,14,286.77999999999986,swap,notBad
6939,14,293.9000000000002,14,286.77999999999986,2opt,notBad
6940,14,293.9000000000002,14,286.77999999999986,swap,notBad
6941,14,293.9000000000002,14,286.77999999999986,2opt,notBad
6942,14,293.9000000000002,14,286.77999999999986,move,improve
6943,14,293.9000000000002,14,286.77999999999986,2opt,notBad
6944,14,293.9000000000002,14,286.77999999999986,swap,notBad
6945,14,293.9000000000002,14,286.77999999999986,2opt,improve
6946,14,293.9000000000002,14,286.77999999999986,swap,notBad
6947,14,293.9000000000002,14,286.77999999999986,swap,notBad
6948,14,293.9000000000002,14,286.77999999999986,move,improve
6949,14,293.9000000000002,14,286.77999999999986,move,improve
6950,14,293.9000000000002,14,286.77999999999986,2opt,notBad
6951,14,293.9000000000002,14,286.77999999999986,swap,notBad
6952,14,293.9000000000002,14,286.77999999999986,swap,notBad
6953,14,293.9000000000002,14,286.77999999999986,2opt,improve
6954,14,293.9000000000002,14,286.77999999999986,2opt,notBad
6955,14,293.9000000000002,14,286.77999999999986,swap,notBad
6956,14,293.9000000000002,14,286.77999999999986,swap,notBad
6957,14,293.9000000000002,14,286.77999999999986,swap,notBad
6958,14,293.9000000000002,14,286.77999999999986,swap,notBad
6959,14,293.9000000000002,14,286.77999999999986,swap,notBad
6960,14,293.9000000000002,14,286.77999999999986,2opt,notBad
6961,14,293.9000000000002,14,286.77999999999986,swap,notBad
6962,14,293.9000000000002,14,286.77999999999986,move,improve
6963,14,293.9000000000002,14,286.77999999999986,2opt,notBad
6964,14,293.9000000000002,14,286.77999999999986,2opt,improve
6965,14,293.9000000000002,14,286.77999999999986,move,improve
6966,14,293.9000000000002,14,286.77999999999986,2opt,notBad
6967,14,293.9000000000002,14,286.77999999999986,move,improve
6968,14,293.9000000000002,14,286.77999999999986,2opt,notBad
6969,14,293.9000000000002,14,286.77999999999986,swap,notBad
6970,14,293.9000000000002,14,286.77999999999986,2opt,improve
6971,14,293.9000000000002,14,286.77999999999986,move,improve
6972,14,293.9000000000002,14,286.77999999999986,swap,notBad
6973,14,293.9000000000002,14,286.77999999999986,swap,notBad
6974,14,293.9000000000002,14,286.77999999999986,move,improve
6975,14,293.9000000000002,14,286.77999999999986,move,improve
6976,14,293.9000000000002,14,286.77999999999986,2opt,improve
6977,14,293.9000000000002,14,286.77999999999986,swap,notBad
6978,14,293.9000000000002,14,286.77999999999986,move,improve
6979,14,293.9000000000002,14,286.77999999999986,swap,notBad
6980,14,293.9000000000002,14,286.77999999999986,2opt,notBad
6981,14,293.9000000000002,14,286.77999999999986,2opt,notBad
6982,14,293.9000000000002,14,286.77999999999986,2opt,notBad
6983,14,293.9000000000002,14,286.77999999999986,move,improve
6984,14,293.9000000000002,14,286.77999999999986,swap,notBad
6985,14,293.9000000000002,14,286.77999999999986,move,improve
6986,14,293.9000000000002,14,286.77999999999986,move,improve
6987,14,293.9000000000002,14,286.77999999999986,swap,notBad
6988,14,293.9000000000002,14,286.77999999999986,move,improve
6989,14,293.9000000000002,14,286.77999999999986,2opt,notBad
6990,14,293.9000000000002,14,286.77999999999986,move,improve
6991,14,293.9000000000002,14,286.77999999999986,2opt,notBad
6992,14,293.9000000000002,14,286.77999999999986,2opt,notBad
6993,14,293.9000000000002,14,286.77999999999986,move,improve
6994,14,293.9000000000002,14,286.77999999999986,swap,notBad
6995,14,293.9000000000002,14,286.77999999999986,2opt,improve
6996,14,293.9000000000002,14,286.77999999999986,swap,notBad
6997,14,293.9000000000002,14,286.77999999999986,2opt,notBad
6998,14,293.9000000000002,14,286.77999999999986,2opt,notBad
6999,14,293.9000000000002,14,286.77999999999986,2opt,notBad
7000,14,293.9000000000002,14,286.77999999999986,2opt,notBad
7001,14,293.9000000000002,14,286.77999999999986,2opt,notBad
7002,14,293.9000000000002,14,286.77999999999986,swap,notBad
7003,14,293.9000000000002,14,286.77999999999986,swap,notBad
7004,14,293.9000000000002,14,286.77999999999986,move,improve
7005,14,293.9000000000002,14,286.77999999999986,move,notBad
7006,14,293.9000000000002,14,286.77999999999986,2opt,notBad
7007,14,293.9000000000002,14,286.77999999999986,move,improve
7008,14,293.9000000000002,14,286.77999999999986,move,improve
7009,14,293.9000000000002,14,286.77999999999986,move,improve
7010,14,293.9000000000002,14,286.77999999999986,swap,notBad
7011,14,293.9000000000002,14,286.77999999999986,move,improve
7012,14,293.9000000000002,14,286.77999999999986,2opt,improve
7013,14,293.9000000000002,14,286.77999999999986,2opt,notBad
7014,14,293.9000000000002,14,286.77999999999986,2opt,improve
7015,14,293.9000000000002,14,286.77999999999986,2opt,notBad
7016,14,293.9000000000002,14,286.77999999999986,2opt,notBad
7017,14,293.9000000000002,14,286.77999999999986,2opt,notBad
7018,14,293.9000000000002,14,286.77999999999986,2opt,improve
7019,14,293.9000000000002,14,286.77999999999986,swap,notBad
7020,14,293.9000000000002,14,286.77999999999986,move,improve
7021,14,293.9000000000002,14,286.77999999999986,move,improve
7022,14,293.9000000000002,14,286.77999999999986,2opt,notBad
7023,14,293.9000000000002,14,286.77999999999986,2opt,notBad
7024,14,293.9000000000002,14,286.77999999999986,move,improve
7025,14,293.9000000000002,14,286.77999999999986,swap,notBad
7026,14,293.9000000000002,14,286.77999999999986,swap,notBad
7027,14,293.9000000000002,14,286.77999999999986,move,improve
7028,14,293.9000000000002,14,286.77999999999986,swap,notBad
7029,14,293.9000000000002,14,286.77999999999986,2opt,notBad
7030,14,293.9000000000002,14,286.77999999999986,swap,notBad
7031,14,293.9000000000002,14,286.77999999999986,2opt,notBad
7032,14,293.9000000000002,14,286.77999999999986,move,improve
7033,14,293.9000000000002,14,286.77999999999986,swap,notBad
7034,14,293.9000000000002,14,286.77999999999986,swap,notBad
7035,14,293.9000000000002,14,286.77999999999986,swap,notBad
7036,14,293.9000000000002,14,286.77999999999986,2opt,notBad
7037,14,293.9000000000002,14,286.77999999999986,swap,notBad
7038,14,293.9000000000002,14,286.77999999999986,move,improve
7039,14,293.9000000000002,14,286.77999999999986,swap,notBad
7040,14,293.9000000000002,14,286.77999999999986,swap,notBad
7041,14,293.9000000000002,14,286.77999999999986,2opt,notBad
7042,14,293.9000000000002,14,286.77999999999986,swap,notBad
7043,14,293.9000000000002,14,286.77999999999986,swap,notBad
7044,14,293.9000000000002,14,286.77999999999986,2opt,notBad
7045,14,293.9000000000002,14,286.77999999999986,swap,notBad
7046,14,293.9000000000002,14,286.77999999999986,move,improve
7047,14,293.9000000000002,14,286.77999999999986,move,improve
7048,14,293.9000000000002,14,286.77999999999986,swap,notBad
7049,14,293.9000000000002,14,286.77999999999986,swap,notBad
7050,14,293.9000000000002,14,286.77999999999986,2opt,notBad
7051,14,293.9000000000002,14,286.77999999999986,swap,notBad
7052,14,293.9000000000002,14,286.77999999999986,move,improve
7053,14,293.9000000000002,14,286.77999999999986,swap,notBad
7054,14,293.9000000000002,14,286.77999999999986,swap,notBad
7055,14,293.9000000000002,14,286.77999999999986,2opt,notBad
7056,14,293.9000000000002,14,286.77999999999986,swap,notBad
7057,14,293.9000000000002,14,286.77999999999986,move,improve
7058,14,293.9000000000002,14,286.77999999999986,swap,notBad
7059,14,293.9000000000002,14,286.77999999999986,swap,notBad
7060,14,293.9000000000002,14,286.77999999999986,move,improve
7061,14,293.9000000000002,14,286.77999999999986,move,improve
7062,14,293.9000000000002,14,286.77999999999986,2opt,notBad
7063,14,293.9000000000002,14,286.77999999999986,swap,notBad
7064,14,293.9000000000002,14,286.77999999999986,swap,notBad
7065,14,293.9000000000002,14,286.77999999999986,2opt,notBad
7066,14,293.9000000000002,14,286.77999999999986,move,improve
7067,14,293.9000000000002,14,286.77999999999986,2opt,notBad
7068,14,293.9000000000002,14,286.77999999999986,2opt,notBad
7069,14,293.9000000000002,14,286.77999999999986,2opt,notBad
7070,14,293.9000000000002,14,286.77999999999986,2opt,notBad
7071,14,293.9000000000002,14,286.77999999999986,swap,notBad
7072,14,293.9000000000002,14,286.77999999999986,swap,notBad
7073,14,293.9000000000002,14,286.77999999999986,move,improve
7074,14,293.9000000000002,14,286.77999999999986,swap,notBad
7075,14,293.9000000000002,14,286.77999999999986,swap,notBad
7076,14,293.9000000000002,14,286.77999999999986,2opt,notBad
7077,14,293.9000000000002,14,286.77999999999986,move,improve
7078,14,293.9000000000002,14,286.77999999999986,move,improve
7079,14,293.9000000000002,14,286.77999999999986,move,improve
7080,14,293.9000000000002,14,286.77999999999986,2opt,improve
7081,14,286.77999999999986,14,286.77999999999986,swap,improve
7082,14,286.77999999999986,14,286.77999999999986,move,improve
7083,14,286.77999999999986,14,286.77999999999986,swap,notBad
7084,14,286.77999999999986,14,286.77999999999986,swap,notBad
7085,14,286.77999999999986,14,286.77999999999986,2opt,notBad
7086,14,286.77999999999986,14,286.77999999999986,swap,notBad
7087,14,286.77999999999986,14,286.77999999999986,move,improve
7088,14,286.77999999999986,14,286.77999999999986,swap,notBad
7089,14,286.77999999999986,14,286.77999999999986,move,improve
7090,14,286.77999999999986,14,286.77999999999986,move,improve
7091,14,286.77999999999986,14,286.77999999999986,move,improve
7092,14,286.77999999999986,14,286.77999999999986,2opt,notBad
7093,14,286.77999999999986,14,286.77999999999986,move,improve
7094,14,286.77999999999986,14,286.77999999999986,2opt,notBad
7095,14,286.77999999999986,14,286.77999999999986,swap,notBad
7096,14,286.77999999999986,14,286.77999999999986,swap,notBad
7097,14,286.77999999999986,14,286.77999999999986,move,improve
7098,14,286.77999999999986,14,286.77999999999986,swap,notBad
7099,14,286.77999999999986,14,286.77999999999986,2opt,notBad
7100,14,286.77999999999986,14,286.77999999999986,move,improve
7101,14,286.77999999999986,14,286.77999999999986,2opt,notBad
7102,14,286.77999999999986,14,286.77999999999986,swap,notBad
7103,14,286.77999999999986,14,286.77999999999986,2opt,notBad
7104,14,286.77999999999986,14,286.77999999999986,2opt,notBad
7105,14,286.77999999999986,14,286.77999999999986,swap,notBad
7106,14,286.77999999999986,14,286.77999999999986,swap,notBad
7107,14,286.77999999999986,14,286.77999999999986,2opt,notBad
7108,14,286.77999999999986,14,286.77999999999986,swap,notBad
7109,14,286.77999999999986,14,286.77999999999986,2opt,notBad
7110,14,286.77999999999986,14,286.77999999999986,2opt,improve
7111,14,286.77999999999986,14,286.77999999999986,move,improve
7112,14,286.77999999999986,14,286.77999999999986,swap,notBad
7113,14,286.77999999999986,14,286.77999999999986,2opt,notBad
7114,14,286.77999999999986,14,286.77999999999986,move,improve
7115,14,286.77999999999986,14,286.77999999999986,move,improve
7116,14,286.77999999999986,14,286.77999999999986,move,improve
7117,14,286.77999999999986,14,286.77999999999986,swap,notBad
7118,14,286.77999999999986,14,286.77999999999986,move,improve
7119,14,286.77999999999986,14,286.77999999999986,move,improve
7120,14,286.77999999999986,14,286.77999999999986,2opt,notBad
7121,14,286.77999999999986,14,286.77999999999986,2opt,notBad
7122,14,286.77999999999986,14,286.77999999999986,swap,notBad
7123,14,286.77999999999986,14,286.77999999999986,2opt,notBad
7124,14,286.77999999999986,14,286.77999999999986,move,improve
7125,14,286.9399999999999,14,286.77999999999986,swap,acceptBad
7126,14,286.9399999999999,14,286.77999999999986,swap,notBad
7127,14,286.9399999999999,14,286.77999999999986,move,improve
7128,14,286.9399999999999,14,286.77999999999986,2opt,notBad
7129,14,286.9399999999999,14,286.77999999999986,swap,notBad
7130,14,286.9399999999999,14,286.77999999999986,swap,notBad
7131,14,286.9399999999999,14,286.77999999999986,2opt,notBad
7132,14,286.9399999999999,14,286.77999999999986,move,improve
7133,14,286.9399999999999,14,286.77999999999986,move,improve
7134,14,286.9399999999999,14,286.77999999999986,move,improve
7135,14,286.9399999999999,14,286.77999999999986,2opt,notBad
7136,14,286.9399999999999,14,286.77999999999986,swap,notBad
7137,14,286.9399999999999,14,286.77999999999986,move,improve
7138,14,286.9399999999999,14,286.77999999999986,2opt,notBad
7139,14,286.9399999999999,14,286.77999999999986,2opt,notBad
7140,14,286.9399999999999,14,286.77999999999986,swap,notBad
7141,14,286.9399999999999,14,286.77999999999986,2opt,improve
7142,14,286.9399999999999,14,286.77999999999986,2opt,notBad
7143,14,286.9399999999999,14,286.77999999999986,move,improve
7144,14,286.9399999999999,14,286.77999999999986,move,improve
7145,14,286.9399999999999,14,286.77999999999986,2opt,notBad
7146,14,286.9399999999999,14,286.77999999999986,2opt,notBad
7147,14,286.9399999999999,14,286.77999999999986,move,improve
7148,14,286.9399999999999,14,286.77999999999986,move,improve
7149,14,286.9399999999999,14,286.77999999999986,2opt,notBad
7150,14,286.9399999999999,14,286.77999999999986,move,improve
7151,14,286.9399999999999,14,286.77999999999986,swap,notBad
7152,14,286.9399999999999,14,286.77999999999986,move,improve
7153,14,286.9399999999999,14,286.77999999999986,2opt,notBad
7154,14,286.9399999999999,14,286.77999999999986,move,improve
7155,14,286.9399999999999,14,286.77999999999986,move,improve
7156,14,286.9399999999999,14,286.77999999999986,2opt,notBad
7157,14,286.9399999999999,14,286.77999999999986,move,improve
7158,14,286.9399999999999,14,286.77999999999986,move,improve
7159,14,286.9399999999999,14,286.77999999999986,swap,notBad
7160,14,286.9399999999999,14,286.77999999999986,swap,notBad
7161,14,286.9399999999999,14,286.77999999999986,swap,notBad
7162,14,286.9399999999999,14,286.77999999999986,move,improve
7163,14,286.9399999999999,14,286.77999999999986,2opt,improve
7164,14,286.9399999999999,14,286.77999999999986,swap,notBad
7165,14,286.9399999999999,14,286.77999999999986,2opt,notBad
7166,14,286.9399999999999,14,286.77999999999986,swap,notBad
7167,14,286.9399999999999,14,286.77999999999986,move,improve
7168,14,286.9399999999999,14,286.77999999999986,move,improve
7169,14,286.9399999999999,14,286.77999999999986,swap,notBad
7170,14,286.9399999999999,14,286.77999999999986,2opt,improve
7171,14,286.9399999999999,14,286.77999999999986,swap,notBad
7172,14,286.9399999999999,14,286.77999999999986,move,improve
7173,14,286.9399999999999,14,286.77999999999986,2opt,notBad
7174,14,286.9399999999999,14,286.77999999999986,2opt,improve
7175,14,286.9399999999999,14,286.77999999999986,2opt,notBad
7176,14,286.9399999999999,14,286.77999999999986,move,improve
7177,14,286.9399999999999,14,286.77999999999986,2opt,notBad
7178,14,286.9399999999999,14,286.77999999999986,2opt,notBad
7179,14,286.9399999999999,14,286.77999999999986,2opt,notBad
7180,14,286.9399999999999,14,286.77999999999986,swap,notBad
7181,14,286.9399999999999,14,286.77999999999986,move,improve
7182,14,286.9399999999999,14,286.77999999999986,swap,notBad
7183,14,286.9399999999999,14,286.77999999999986,2opt,notBad
7184,14,286.9399999999999,14,286.77999999999986,swap,notBad
7185,14,286.9399999999999,14,286.77999999999986,swap,notBad
7186,14,286.9399999999999,14,286.77999999999986,move,improve
7187,14,286.9399999999999,14,286.77999999999986,move,improve
7188,14,286.9399999999999,14,286.77999999999986,move,improve
7189,14,286.9399999999999,14,286.77999999999986,swap,notBad
7190,14,286.9399999999999,14,286.77999999999986,2opt,notBad
7191,14,286.9399999999999,14,286.77999999999986,swap,notBad
7192,14,286.9399999999999,14,286.77999999999986,swap,notBad
7193,14,286.9399999999999,14,286.77999999999986,swap,notBad
7194,14,286.9399999999999,14,286.77999999999986,swap,notBad
7195,14,286.9399999999999,14,286.77999999999986,swap,notBad
7196,14,286.9399999999999,14,286.77999999999986,2opt,notBad
7197,14,286.9399999999999,14,286.77999999999986,2opt,notBad
7198,14,286.9399999999999,14,286.77999999999986,2opt,notBad
7199,14,286.9399999999999,14,286.77999999999986,move,improve
7200,14,286.9399999999999,14,286.77999999999986,move,improve
7201,14,286.9399999999999,14,286.77999999999986,2opt,improve
7202,14,286.9399999999999,14,286.77999999999986,move,improve
7203,14,286.9399999999999,14,286.77999999999986,move,improve
7204,14,286.9399999999999,14,286.77999999999986,move,improve
7205,14,286.9399999999999,14,286.77999999999986,swap,notBad
7206,14,286.9399999999999,14,286.77999999999986,swap,notBad
7207,14,286.9399999999999,14,286.77999999999986,2opt,notBad
7208,14,286.9399999999999,14,286.77999999999986,2opt,notBad
7209,14,286.9399999999999,14,286.77999999999986,2opt,notBad
7210,14,286.9399999999999,14,286.77999999999986,2opt,notBad
7211,14,286.9399999999999,14,286.77999999999986,move,improve
7212,14,286.9399999999999,14,286.77999999999986,move,improve
7213,14,286.9399999999999,14,286.77999999999986,swap,notBad
7214,14,286.9399999999999,14,286.77999999999986,2opt,notBad
7215,14,291.44999999999993,14,286.77999999999986,swap,acceptBad
7216,14,291.44999999999993,14,286.77999999999986,swap,notBad
7217,14,291.44999999999993,14,286.77999999999986,move,improve
7218,14,291.44999999999993,14,286.77999999999986,swap,notBad
7219,14,291.44999999999993,14,286.77999999999986,move,improve
7220,14,291.44999999999993,14,286.77999999999986,swap,notBad
7221,14,291.44999999999993,14,286.77999999999986,move,improve
7222,14,291.44999999999993,14,286.77999999999986,2opt,notBad
7223,14,291.44999999999993,14,286.77999999999986,move,improve
7224,14,291.44999999999993,14,286.77999999999986,2opt,notBad
7225,14,291.44999999999993,14,286.77999999999986,move,improve
7226,14,291.44999999999993,14,286.77999999999986,2opt,notBad
7227,14,291.44999999999993,14,286.77999999999986,move,improve
7228,14,291.44999999999993,14,286.77999999999986,swap,notBad
7229,14,291.44999999999993,14,286.77999999999986,2opt,notBad
7230,14,291.44999999999993,14,286.77999999999986,move,improve
7231,14,291.44999999999993,14,286.77999999999986,2opt,notBad
7232,14,291.44999999999993,14,286.77999999999986,2opt,notBad
7233,14,291.44999999999993,14,286.77999999999986,move,improve
7234,14,291.44999999999993,14,286.77999999999986,2opt,notBad
7235,14,291.44999999999993,14,286.77999999999986,2opt,notBad
7236,14,291.44999999999993,14,286.77999999999986,swap,notBad
7237,14,291.44999999999993,14,286.77999999999986,swap,notBad
7238,14,291.44999999999993,14,286.77999999999986,2opt,improve
7239,14,291.44999999999993,14,286.77999999999986,swap,notBad
7240,14,291.44999999999993,14,286.77999999999986,2opt,notBad
7241,14,291.44999999999993,14,286.77999999999986,move,improve
7242,14,291.44999999999993,14,286.77999999999986,2opt,notBad
7243,14,291.44999999999993,14,286.77999999999986,move,improve
7244,14,291.44999999999993,14,286.77999999999986,swap,notBad
7245,14,291.44999999999993,14,286.77999999999986,2opt,notBad
7246,14,291.44999999999993,14,286.77999999999986,swap,notBad
7247,14,291.44999999999993,14,286.77999999999986,swap,notBad
7248,14,291.44999999999993,14,286.77999999999986,2opt,notBad
7249,14,291.44999999999993,14,286.77999999999986,swap,notBad
7250,14,291.44999999999993,14,286.77999999999986,swap,notBad
7251,14,291.44999999999993,14,286.77999999999986,2opt,notBad
7252,14,291.44999999999993,14,286.77999999999986,swap,notBad
7253,14,296.10000000000014,14,286.77999999999986,swap,acceptBad
7254,14,296.10000000000014,14,286.77999999999986,swap,notBad
7255,14,296.10000000000014,14,286.77999999999986,2opt,improve
7256,14,296.10000000000014,14,286.77999999999986,swap,notBad
7257,14,296.10000000000014,14,286.77999999999986,swap,notBad
7258,14,296.10000000000014,14,286.77999999999986,move,improve
7259,14,296.10000000000014,14,286.77999999999986,swap,notBad
7260,14,296.10000000000014,14,286.77999999999986,move,improve
7261,14,296.10000000000014,14,286.77999999999986,move,improve
7262,14,296.10000000000014,14,286.77999999999986,move,improve
7263,14,296.10000000000014,14,286.77999999999986,2opt,notBad
7264,14,296.10000000000014,14,286.77999999999986,move,improve
7265,14,296.10000000000014,14,286.77999999999986,move,improve
7266,14,296.10000000000014,14,286.77999999999986,swap,notBad
7267,14,296.10000000000014,14,286.77999999999986,move,improve
7268,14,296.10000000000014,14,286.77999999999986,swap,notBad
7269,14,296.10000000000014,14,286.77999999999986,move,improve
7270,14,296.10000000000014,14,286.77999999999986,swap,notBad
7271,14,296.10000000000014,14,286.77999999999986,swap,notBad
7272,14,296.10000000000014,14,286.77999999999986,swap,notBad
7273,14,296.10000000000014,14,286.77999999999986,move,improve
7274,14,296.10000000000014,14,286.77999999999986,move,improve
7275,14,296.10000000000014,14,286.77999999999986,swap,notBad
7276,14,296.10000000000014,14,286.77999999999986,move,improve
7277,14,296.10000000000014,14,286.77999999999986,2opt,notBad
7278,14,296.10000000000014,14,286.77999999999986,swap,notBad
7279,14,296.10000000000014,14,286.77999999999986,2opt,notBad
7280,14,296.10000000000014,14,286.77999999999986,move,improve
7281,14,296.10000000000014,14,286.77999999999986,move,improve
7282,14,296.10000000000014,14,286.77999999999986,2opt,notBad
7283,14,296.10000000000014,14,286.77999999999986,2opt,notBad
7284,14,296.10000000000014,14,286.77999999999986,move,improve
7285,14,296.10000000000014,14,286.77999999999986,2opt,notBad
7286,14,296.10000000000014,14,286.77999999999986,2opt,improve
7287,14,296.10000000000014,14,286.77999999999986,move,improve
7288,14,296.10000000000014,14,286.77999999999986,swap,notBad
7289,14,296.10000000000014,14,286.77999999999986,2opt,improve
7290,14,288.5300000000001,14,286.77999999999986,move,improve
7291,14,288.5300000000001,14,286.77999999999986,swap,notBad
7292,14,288.5300000000001,14,286.77999999999986,2opt,notBad
7293,14,288.5300000000001,14,286.77999999999986,move,improve
7294,14,288.5300000000001,14,286.77999999999986,2opt,notBad
7295,14,288.5300000000001,14,286.77999999999986,move,improve
7296,14,288.5300000000001,14,286.77999999999986,2opt,notBad
7297,14,288.5300000000001,14,286.77999999999986,swap,notBad
7298,14,288.5300000000001,14,286.77999999999986,2opt,notBad
7299,14,288.5300000000001,14,286.77999999999986,2opt,improve
7300,14,288.5300000000001,14,286.77999999999986,2opt,notBad
7301,14,288.5300000000001,14,286.77999999999986,2opt,notBad
7302,14,288.5300000000001,14,286.77999999999986,swap,notBad
7303,14,288.5300000000001,14,286.77999999999986,2opt,notBad
7304,14,288.5300000000001,14,286.77999999999986,move,improve
7305,14,288.5300000000001,14,286.77999999999986,move,improve
7306,14,288.5300000000001,14,286.77999999999986,2opt,notBad
7307,14,288.5300000000001,14,286.77999999999986,2opt,notBad
7308,14,288.5300000000001,14,286.77999999999986,swap,notBad
7309,14,288.5300000000001,14,286.77999999999986,swap,notBad
7310,14,288.5300000000001,14,286.77999999999986,2opt,notBad
7311,14,288.5300000000001,14,286.77999999999986,2opt,notBad
7312,14,288.5300000000001,14,286.77999999999986,move,improve
7313,14,288.5300000000001,14,286.77999999999986,move,improve
7314,14,288.5300000000001,14,286.77999999999986,swap,notBad
7315,14,288.5300000000001,14,286.77999999999986,swap,notBad
7316,14,288.5300000000001,14,286.77999999999986,move,improve
7317,14,288.5300000000001,14,286.77999999999986,2opt,notBad
7318,14,288.5300000000001,14,286.77999999999986,swap,notBad
7319,14,288.5300000000001,14,286.77999999999986,2opt,notBad
7320,14,288.5300000000001,14,286.77999999999986,swap,notBad
7321,14,288.5300000000001,14,286.77999999999986,swap,notBad
7322,14,288.5300000000001,14,286.77999999999986,swap,notBad
7323,14,288.5300000000001,14,286.77999999999986,swap,notBad
7324,14,288.5300000000001,14,286.77999999999986,swap,notBad
7325,14,288.5300000000001,14,286.77999999999986,move,improve
7326,14,288.5300000000001,14,286.77999999999986,2opt,notBad
7327,14,288.5300000000001,14,286.77999999999986,move,improve
7328,14,288.5300000000001,14,286.77999999999986,move,improve
7329,14,288.5300000000001,14,286.77999999999986,move,improve
7330,14,288.5300000000001,14,286.77999999999986,2opt,notBad
7331,14,288.5300000000001,14,286.77999999999986,2opt,notBad
7332,14,288.5300000000001,14,286.77999999999986,move,improve
7333,14,288.5300000000001,14,286.77999999999986,2opt,notBad
7334,14,288.5300000000001,14,286.77999999999986,swap,notBad
7335,14,288.5300000000001,14,286.77999999999986,swap,notBad
7336,14,288.5300000000001,14,286.77999999999986,swap,notBad
7337,14,288.5300000000001,14,286.77999999999986,move,improve
7338,14,288.5300000000001,14,286.77999999999986,2opt,notBad
7339,14,288.5300000000001,14,286.77999999999986,move,improve
7340,14,288.5300000000001,14,286.77999999999986,swap,notBad
7341,14,288.5300000000001,14,286.77999999999986,swap,notBad
7342,14,288.5300000000001,14,286.77999999999986,swap,notBad
7343,14,288.5300000000001,14,286.77999999999986,swap,notBad
7344,14,288.5300000000001,14,286.77999999999986,swap,notBad
7345,14,288.5300000000001,14,286.77999999999986,move,improve
7346,14,288.5300000000001,14,286.77999999999986,2opt,notBad
7347,14,288.5300000000001,14,286.77999999999986,2opt,notBad
7348,14,288.5300000000001,14,286.77999999999986,2opt,notBad
7349,14,288.5300000000001,14,286.77999999999986,swap,notBad
7350,14,288.5300000000001,14,286.77999999999986,2opt,notBad
7351,14,288.5300000000001,14,286.77999999999986,2opt,notBad
7352,14,288.5300000000001,14,286.77999999999986,move,improve
7353,14,288.5300000000001,14,286.77999999999986,move,improve
7354,14,288.5300000000001,14,286.77999999999986,move,improve
7355,14,288.5300000000001,14,286.77999999999986,swap,notBad
7356,14,288.5300000000001,14,286.77999999999986,move,improve
7357,14,288.5300000000001,14,286.77999999999986,2opt,notBad
7358,14,288.5300000000001,14,286.77999999999986,swap,notBad
7359,14,288.5300000000001,14,286.77999999999986,swap,notBad
7360,14,288.5300000000001,14,286.77999999999986,swap,notBad
7361,14,288.5300000000001,14,286.77999999999986,2opt,improve
7362,14,288.5300000000001,14,286.77999999999986,move,improve
7363,14,288.5300000000001,14,286.77999999999986,2opt,notBad
7364,14,288.5300000000001,14,286.77999999999986,2opt,notBad
7365,14,288.5300000000001,14,286.77999999999986,move,improve
7366,14,288.5300000000001,14,286.77999999999986,swap,notBad
7367,14,288.5300000000001,14,286.77999999999986,swap,notBad
7368,14,288.5300000000001,14,286.77999999999986,swap,notBad
7369,14,288.5300000000001,14,286.77999999999986,move,improve
7370,14,288.5300000000001,14,286.77999999999986,2opt,notBad
7371,14,288.5300000000001,14,286.77999999999986,swap,notBad
7372,14,288.5300000000001,14,286.77999999999986,2opt,notBad
7373,14,288.5300000000001,14,286.77999999999986,move,improve
7374,14,288.5300000000001,14,286.77999999999986,2opt,improve
7375,14,288.5300000000001,14,286.77999999999986,move,improve
7376,14,288.5300000000001,14,286.77999999999986,move,improve
7377,14,288.5300000000001,14,286.77999999999986,2opt,notBad
7378,14,288.5300000000001,14,286.77999999999986,swap,notBad
7379,14,288.5300000000001,14,286.77999999999986,2opt,notBad
7380,14,288.5300000000001,14,286.77999999999986,2opt,improve
7381,14,288.5300000000001,14,286.77999999999986,move,improve
7382,14,288.5300000000001,14,286.77999999999986,2opt,notBad
7383,14,288.5300000000001,14,286.77999999999986,2opt,improve
7384,14,288.5300000000001,14,286.77999999999986,2opt,notBad
7385,14,288.5300000000001,14,286.77999999999986,swap,notBad
7386,14,288.5300000000001,14,286.77999999999986,move,improve
7387,14,288.5300000000001,14,286.77999999999986,2opt,notBad
7388,14,288.5300000000001,14,286.77999999999986,move,notBad
7389,14,288.5300000000001,14,286.77999999999986,swap,notBad
7390,14,288.5300000000001,14,286.77999999999986,swap,notBad
7391,14,288.5300000000001,14,286.77999999999986,move,improve
7392,14,288.5300000000001,14,286.77999999999986,move,improve
7393,14,288.5300000000001,14,286.77999999999986,move,improve
7394,14,288.5300000000001,14,286.77999999999986,swap,notBad
7395,14,288.5300000000001,14,286.77999999999986,move,improve
7396,14,288.5300000000001,14,286.77999999999986,2opt,notBad
7397,14,288.5300000000001,14,286.77999999999986,2opt,notBad
7398,14,288.5300000000001,14,286.77999999999986,swap,notBad
7399,14,288.5300000000001,14,286.77999999999986,move,improve
7400,14,288.5300000000001,14,286.77999999999986,move,improve
7401,14,288.5300000000001,14,286.77999999999986,swap,notBad
7402,14,288.5300000000001,14,286.77999999999986,2opt,notBad
7403,14,288.5300000000001,14,286.77999999999986,swap,notBad
7404,14,288.5300000000001,14,286.77999999999986,2opt,notBad
7405,14,288.5300000000001,14,286.77999999999986,swap,notBad
7406,14,288.5300000000001,14,286.77999999999986,swap,notBad
7407,14,288.5300000000001,14,286.77999999999986,2opt,notBad
7408,14,288.5300000000001,14,286.77999999999986,move,improve
7409,14,288.5300000000001,14,286.77999999999986,move,improve
7410,14,288.5300000000001,14,286.77999999999986,move,improve
7411,14,288.5300000000001,14,286.77999999999986,2opt,notBad
7412,14,288.5300000000001,14,286.77999999999986,swap,notBad
7413,14,288.5300000000001,14,286.77999999999986,move,improve
7414,14,288.5300000000001,14,286.77999999999986,swap,notBad
7415,14,288.5300000000001,14,286.77999999999986,move,improve
7416,14,288.5300000000001,14,286.77999999999986,swap,notBad
7417,14,288.5300000000001,14,286.77999999999986,swap,notBad
7418,14,288.5300000000001,14,286.77999999999986,move,improve
7419,14,288.5300000000001,14,286.77999999999986,swap,notBad
7420,14,288.5300000000001,14,286.77999999999986,swap,notBad
7421,14,288.5300000000001,14,286.77999999999986,swap,notBad
7422,14,288.5300000000001,14,286.77999999999986,move,improve
7423,14,288.5300000000001,14,286.77999999999986,2opt,notBad
7424,14,288.5300000000001,14,286.77999999999986,swap,notBad
7425,14,288.5300000000001,14,286.77999999999986,move,improve
7426,14,288.5300000000001,14,286.77999999999986,swap,notBad
7427,14,288.5300000000001,14,286.77999999999986,swap,notBad
7428,14,288.5300000000001,14,286.77999999999986,swap,notBad
7429,14,288.5300000000001,14,286.77999999999986,swap,notBad
7430,14,288.5300000000001,14,286.77999999999986,swap,notBad
7431,14,288.5300000000001,14,286.77999999999986,move,improve
7432,14,288.5300000000001,14,286.77999999999986,move,improve
7433,14,288.5300000000001,14,286.77999999999986,move,improve
7434,14,288.5300000000001,14,286.77999999999986,swap,notBad
7435,14,288.5300000000001,14,286.77999999999986,swap,notBad
7436,14,288.5300000000001,14,286.77999999999986,2opt,notBad
7437,14,288.5300000000001,14,286.77999999999986,2opt,notBad
7438,14,288.5300000000001,14,286.77999999999986,move,improve
7439,14,288.5300000000001,14,286.77999999999986,2opt,notBad
7440,14,288.5300000000001,14,286.77999999999986,move,improve
7441,14,288.5300000000001,14,286.77999999999986,move,improve
7442,14,288.5300000000001,14,286.77999999999986,swap,notBad
7443,14,288.5300000000001,14,286.77999999999986,move,improve
7444,14,288.5300000000001,14,286.77999999999986,swap,notBad
7445,14,288.5300000000001,14,286.77999999999986,move,improve
7446,14,288.5300000000001,14,286.77999999999986,move,improve
7447,14,288.5300000000001,14,286.77999999999986,move,improve
7448,14,288.5300000000001,14,286.77999999999986,move,improve
7449,14,288.5300000000001,14,286.77999999999986,move,improve
7450,14,288.5300000000001,14,286.77999999999986,move,improve
7451,14,288.5300000000001,14,286.77999999999986,swap,notBad
7452,14,288.5300000000001,14,286.77999999999986,swap,notBad
7453,14,288.5300000000001,14,286.77999999999986,swap,notBad
7454,14,288.5300000000001,14,286.77999999999986,move,improve
7455,14,288.5300000000001,14,286.77999999999986,2opt,notBad
7456,14,288.5300000000001,14,286.77999999999986,swap,notBad
7457,14,288.5300000000001,14,286.77999999999986,2opt,improve
7458,14,288.5300000000001,14,286.77999999999986,swap,notBad
7459,14,288.5300000000001,14,286.77999999999986,move,improve
7460,14,288.5300000000001,14,286.77999999999986,swap,notBad
7461,14,288.5300000000001,14,286.77999999999986,move,improve
7462,14,288.5300000000001,14,286.77999999999986,2opt,notBad
7463,14,288.5300000000001,14,286.77999999999986,2opt,improve
7464,14,288.5300000000001,14,286.77999999999986,2opt,improve
7465,14,288.5300000000001,14,286.77999999999986,move,improve
7466,14,288.5300000000001,14,286.77999999999986,2opt,notBad
7467,14,288.5300000000001,14,286.77999999999986,swap,notBad
7468,14,288.5300000000001,14,286.77999999999986,swap,notBad
7469,14,288.5300000000001,14,286.77999999999986,2opt,notBad
7470,14,288.5300000000001,14,286.77999999999986,swap,notBad
7471,14,288.5300000000001,14,286.77999999999986,move,improve
7472,14,288.5300000000001,14,286.77999999999986,move,improve
7473,14,288.5300000000001,14,286.77999999999986,swap,notBad
7474,14,288.5300000000001,14,286.77999999999986,2opt,improve
7475,14,288.5300000000001,14,286.77999999999986,swap,notBad
7476,14,288.5300000000001,14,286.77999999999986,2opt,improve
7477,14,288.5300000000001,14,286.77999999999986,2opt,notBad
7478,14,288.5300000000001,14,286.77999999999986,2opt,notBad
7479,14,288.5300000000001,14,286.77999999999986,swap,notBad
7480,14,288.5300000000001,14,286.77999999999986,2opt,improve
7481,14,288.5300000000001,14,286.77999999999986,2opt,notBad
7482,14,288.5300000000001,14,286.77999999999986,swap,notBad
7483,14,288.5300000000001,14,286.77999999999986,move,improve
7484,14,288.5300000000001,14,286.77999999999986,2opt,notBad
7485,14,288.5300000000001,14,286.77999999999986,move,improve
7486,14,288.5300000000001,14,286.77999999999986,swap,notBad
7487,14,288.5300000000001,14,286.77999999999986,move,improve
7488,14,288.5300000000001,14,286.77999999999986,swap,notBad
7489,14,288.5300000000001,14,286.77999999999986,move,improve
7490,14,288.5300000000001,14,286.77999999999986,swap,notBad
7491,14,288.5300000000001,14,286.77999999999986,2opt,notBad
7492,14,288.5300000000001,14,286.77999999999986,move,improve
7493,14,288.5300000000001,14,286.77999999999986,move,improve
7494,14,288.5300000000001,14,286.77999999999986,move,improve
7495,14,288.5300000000001,14,286.77999999999986,2opt,improve
7496,14,288.5300000000001,14,286.77999999999986,2opt,notBad
7497,14,288.5300000000001,14,286.77999999999986,move,improve
7498,14,288.5300000000001,14,286.77999999999986,move,improve
7499,14,288.5300000000001,14,286.77999999999986,swap,notBad
7500,14,288.5300000000001,14,286.77999999999986,2opt,notBad
7501,14,288.5300000000001,14,286.77999999999986,swap,notBad
7502,14,288.5300000000001,14,286.77999999999986,move,improve
7503,14,288.5300000000001,14,286.77999999999986,swap,notBad
7504,14,288.5300000000001,14,286.77999999999986,swap,notBad
7505,14,288.5300000000001,14,286.77999999999986,move,improve
7506,14,288.5300000000001,14,286.77999999999986,swap,notBad
7507,14,288.5300000000001,14,286.77999999999986,move,improve
7508,14,288.5300000000001,14,286.77999999999986,2opt,notBad
7509,14,288.5300000000001,14,286.77999999999986,swap,notBad
7510,14,288.5300000000001,14,286.77999999999986,move,improve
7511,14,288.5300000000001,14,286.77999999999986,2opt,notBad
7512,14,288.5300000000001,14,286.77999999999986,2opt,notBad
7513,14,288.5300000000001,14,286.77999999999986,2opt,notBad
7514,14,288.5300000000001,14,286.77999999999986,2opt,notBad
7515,14,288.5300000000001,14,286.77999999999986,2opt,improve
7516,14,288.5300000000001,14,286.77999999999986,2opt,notBad
7517,14,288.5300000000001,14,286.77999999999986,swap,notBad
7518,14,288.5300000000001,14,286.77999999999986,swap,notBad
7519,14,288.5300000000001,14,286.77999999999986,2opt,notBad
7520,14,288.5300000000001,14,286.77999999999986,2opt,notBad
7521,14,288.5300000000001,14,286.77999999999986,2opt,notBad
7522,14,288.5300000000001,14,286.77999999999986,swap,notBad
7523,14,288.5300000000001,14,286.77999999999986,2opt,notBad
7524,14,288.5300000000001,14,286.77999999999986,2opt,improve
7525,14,288.5300000000001,14,286.77999999999986,2opt,notBad
7526,14,288.5300000000001,14,286.77999999999986,move,improve
7527,14,288.5300000000001,14,286.77999999999986,2opt,notBad
7528,14,288.5300000000001,14,286.77999999999986,swap,notBad
7529,14,288.5300000000001,14,286.77999999999986,move,improve
7530,14,288.5300000000001,14,286.77999999999986,swap,notBad
7531,14,288.5300000000001,14,286.77999999999986,2opt,notBad
7532,14,288.5300000000001,14,286.77999999999986,move,improve
7533,14,288.5300000000001,14,286.77999999999986,swap,notBad
7534,14,288.5300000000001,14,286.77999999999986,swap,notBad
7535,14,288.5300000000001,14,286.77999999999986,move,improve
7536,14,288.5300000000001,14,286.77999999999986,2opt,notBad
7537,14,288.5300000000001,14,286.77999999999986,swap,notBad
7538,14,288.5300000000001,14,286.77999999999986,move,improve
7539,14,288.5300000000001,14,286.77999999999986,2opt,notBad
7540,14,288.5300000000001,14,286.77999999999986,swap,notBad
7541,14,288.5300000000001,14,286.77999999999986,2opt,notBad
7542,14,288.5300000000001,14,286.77999999999986,2opt,notBad
7543,14,288.5300000000001,14,286.77999999999986,2opt,improve
7544,14,288.5300000000001,14,286.77999999999986,swap,notBad
7545,14,288.5300000000001,14,286.77999999999986,2opt,notBad
7546,14,288.5300000000001,14,286.77999999999986,move,improve
7547,14,288.5300000000001,14,286.77999999999986,move,improve
7548,14,288.5300000000001,14,286.77999999999986,swap,notBad
7549,14,288.5300000000001,14,286.77999999999986,swap,notBad
7550,14,288.5300000000001,14,286.77999999999986,swap,notBad
7551,14,288.5300000000001,14,286.77999999999986,2opt,notBad
7552,14,288.5300000000001,14,286.77999999999986,move,improve
7553,14,288.5300000000001,14,286.77999999999986,2opt,notBad
7554,14,288.5300000000001,14,286.77999999999986,move,improve
7555,14,288.5300000000001,14,286.77999999999986,swap,notBad
7556,14,288.5300000000001,14,286.77999999999986,swap,notBad
7557,14,288.5300000000001,14,286.77999999999986,move,improve
7558,14,288.5300000000001,14,286.77999999999986,swap,notBad
7559,14,288.5300000000001,14,286.77999999999986,2opt,notBad
7560,14,288.5300000000001,14,286.77999999999986,swap,notBad
7561,14,288.5300000000001,14,286.77999999999986,move,improve
7562,14,288.5300000000001,14,286.77999999999986,swap,notBad
7563,14,288.5300000000001,14,286.77999999999986,2opt,notBad
7564,14,288.5300000000001,14,286.77999999999986,move,improve
7565,14,288.5300000000001,14,286.77999999999986,move,improve
7566,14,288.5300000000001,14,286.77999999999986,2opt,notBad
7567,14,288.5300000000001,14,286.77999999999986,move,improve
7568,14,288.5300000000001,14,286.77999999999986,swap,notBad
7569,14,288.5300000000001,14,286.77999999999986,move,improve
7570,14,288.5300000000001,14,286.77999999999986,swap,notBad
7571,14,288.5300000000001,14,286.77999999999986,2opt,notBad
7572,14,288.5300000000001,14,286.77999999999986,move,improve
7573,14,288.5300000000001,14,286.77999999999986,2opt,notBad
7574,14,288.5300000000001,14,286.77999999999986,swap,notBad
7575,14,288.5300000000001,14,286.77999999999986,move,improve
7576,14,288.5300000000001,14,286.77999999999986,2opt,notBad
7577,14,288.5300000000001,14,286.77999999999986,2opt,notBad
7578,14,288.5300000000001,14,286.77999999999986,2opt,notBad
7579,14,288.5300000000001,14,286.77999999999986,move,improve
7580,14,288.5300000000001,14,286.77999999999986,move,improve
7581,14,288.5300000000001,14,286.77999999999986,2opt,notBad
7582,14,288.5300000000001,14,286.77999999999986,2opt,notBad
7583,14,288.5300000000001,14,286.77999999999986,2opt,notBad
7584,14,288.5300000000001,14,286.77999999999986,swap,notBad
7585,14,288.5300000000001,14,286.77999999999986,move,improve
7586,14,288.5300000000001,14,286.77999999999986,swap,notBad
7587,14,288.5300000000001,14,286.77999999999986,move,improve
7588,14,288.5300000000001,14,286.77999999999986,move,improve
7589,14,288.5300000000001,14,286.77999999999986,swap,notBad
7590,14,288.5300000000001,14,286.77999999999986,move,improve
7591,14,288.5300000000001,14,286.77999999999986,2opt,notBad
7592,14,288.5300000000001,14,286.77999999999986,2opt,improve
7593,14,288.5300000000001,14,286.77999999999986,move,improve
7594,14,288.5300000000001,14,286.77999999999986,2opt,notBad
7595,14,288.5300000000001,14,286.77999999999986,swap,notBad
7596,14,288.5300000000001,14,286.77999999999986,swap,notBad
7597,14,288.5300000000001,14,286.77999999999986,2opt,notBad
7598,14,288.5300000000001,14,286.77999999999986,move,improve
7599,14,288.5300000000001,14,286.77999999999986,2opt,improve
7600,14,288.5300000000001,14,286.77999999999986,2opt,notBad
7601,14,288.5300000000001,14,286.77999999999986,move,improve
7602,14,288.5300000000001,14,286.77999999999986,swap,notBad
7603,14,288.5300000000001,14,286.77999999999986,move,improve
7604,14,288.5300000000001,14,286.77999999999986,2opt,notBad
7605,14,288.5300000000001,14,286.77999999999986,2opt,notBad
7606,14,288.5300000000001,14,286.77999999999986,swap,notBad
7607,14,288.5300000000001,14,286.77999999999986,swap,notBad
7608,14,288.5300000000001,14,286.77999999999986,2opt,notBad
7609,14,288.5300000000001,14,286.77999999999986,move,improve
7610,14,288.5300000000001,14,286.77999999999986,move,improve
7611,14,288.5300000000001,14,286.77999999999986,move,improve
7612,14,288.5300000000001,14,286.77999999999986,2opt,notBad
7613,14,288.5300000000001,14,286.77999999999986,move,improve
7614,14,288.5300000000001,14,286.77999999999986,move,improve
7615,14,288.5300000000001,14,286.77999999999986,2opt,notBad
7616,14,288.5300000000001,14,286.77999999999986,2opt,notBad
7617,14,288.5300000000001,14,286.77999999999986,2opt,notBad
7618,14,288.5300000000001,14,286.77999999999986,2opt,notBad
7619,14,288.5300000000001,14,286.77999999999986,move,improve
7620,14,288.9899999999999,14,286.77999999999986,swap,acceptBad
7621,14,288.5300000000001,14,286.77999999999986,move,improve
7622,14,288.5300000000001,14,286.77999999999986,2opt,notBad
7623,14,288.5300000000001,14,286.77999999999986,swap,notBad
7624,14,288.5300000000001,14,286.77999999999986,swap,notBad
7625,14,288.5300000000001,14,286.77999999999986,swap,notBad
7626,14,288.5300000000001,14,286.77999999999986,swap,notBad
7627,14,288.5300000000001,14,286.77999999999986,move,improve
7628,14,288.5300000000001,14,286.77999999999986,swap,notBad
7629,14,288.5300000000001,14,286.77999999999986,2opt,notBad
7630,14,288.5300000000001,14,286.77999999999986,2opt,notBad
7631,14,288.5300000000001,14,286.77999999999986,2opt,notBad
7632,14,288.5300000000001,14,286.77999999999986,swap,notBad
7633,14,288.5300000000001,14,286.77999999999986,swap,notBad
7634,14,288.5300000000001,14,286.77999999999986,swap,notBad
7635,14,288.5300000000001,14,286.77999999999986,2opt,notBad
7636,14,288.5300000000001,14,286.77999999999986,swap,notBad
7637,14,288.5300000000001,14,286.77999999999986,2opt,notBad
7638,14,288.5300000000001,14,286.77999999999986,swap,notBad
7639,14,288.5300000000001,14,286.77999999999986,2opt,notBad
7640,14,288.5300000000001,14,286.77999999999986,move,improve
7641,14,288.5300000000001,14,286.77999999999986,2opt,notBad
7642,14,288.5300000000001,14,286.77999999999986,2opt,notBad
7643,14,288.5300000000001,14,286.77999999999986,2opt,notBad
7644,14,288.5300000000001,14,286.77999999999986,swap,notBad
7645,14,288.5300000000001,14,286.77999999999986,move,improve
7646,14,288.5300000000001,14,286.77999999999986,2opt,notBad
7647,14,288.5300000000001,14,286.77999999999986,swap,notBad
7648,14,288.5300000000001,14,286.77999999999986,swap,notBad
7649,14,288.5300000000001,14,286.77999999999986,swap,notBad
7650,14,288.5300000000001,14,286.77999999999986,move,improve
7651,14,288.5300000000001,14,286.77999999999986,2opt,notBad
7652,14,288.5300000000001,14,286.77999999999986,move,improve
7653,14,288.5300000000001,14,286.77999999999986,2opt,improve
7654,14,288.5300000000001,14,286.77999999999986,swap,notBad
7655,14,288.5300000000001,14,286.77999999999986,move,improve
7656,14,288.5300000000001,14,286.77999999999986,swap,notBad
7657,14,288.5300000000001,14,286.77999999999986,2opt,improve
7658,14,288.5300000000001,14,286.77999999999986,swap,notBad
7659,14,288.5300000000001,14,286.77999999999986,move,improve
7660,14,288.5300000000001,14,286.77999999999986,move,improve
7661,14,288.5300000000001,14,286.77999999999986,move,improve
7662,14,288.5300000000001,14,286.77999999999986,move,improve
7663,14,288.5300000000001,14,286.77999999999986,swap,notBad
7664,14,288.5300000000001,14,286.77999999999986,2opt,notBad
7665,14,288.5300000000001,14,286.77999999999986,swap,notBad
7666,14,288.5300000000001,14,286.77999999999986,swap,notBad
7667,14,288.5300000000001,14,286.77999999999986,2opt,notBad
7668,14,288.5300000000001,14,286.77999999999986,move,improve
7669,14,288.5300000000001,14,286.77999999999986,move,improve
7670,14,288.5300000000001,14,286.77999999999986,move,improve
7671,14,288.5300000000001,14,286.77999999999986,swap,notBad
7672,14,288.5300000000001,14,286.77999999999986,swap,notBad
7673,14,288.5300000000001,14,286.77999999999986,swap,notBad
7674,14,288.5300000000001,14,286.77999999999986,2opt,notBad
7675,14,288.5300000000001,14,286.77999999999986,move,improve
7676,14,288.5300000000001,14,286.77999999999986,2opt,notBad
7677,14,288.5300000000001,14,286.77999999999986,swap,notBad
7678,14,288.5300000000001,14,286.77999999999986,2opt,notBad
7679,14,288.5300000000001,14,286.77999999999986,move,improve
7680,14,288.5300000000001,14,286.77999999999986,move,improve
7681,14,288.5300000000001,14,286.77999999999986,swap,notBad
7682,14,288.5300000000001,14,286.77999999999986,2opt,notBad
7683,14,288.5300000000001,14,286.77999999999986,swap,notBad
7684,14,288.5300000000001,14,286.77999999999986,2opt,notBad
7685,14,288.5300000000001,14,286.77999999999986,2opt,notBad
7686,14,288.5300000000001,14,286.77999999999986,2opt,notBad
7687,14,288.5300000000001,14,286.77999999999986,2opt,notBad
7688,14,288.5300000000001,14,286.77999999999986,move,improve
7689,14,288.5300000000001,14,286.77999999999986,move,improve
7690,14,288.5300000000001,14,286.77999999999986,move,improve
7691,14,288.5300000000001,14,286.77999999999986,move,improve
7692,14,288.5300000000001,14,286.77999999999986,2opt,notBad
7693,14,288.5300000000001,14,286.77999999999986,move,improve
7694,14,288.5300000000001,14,286.77999999999986,swap,notBad
7695,14,288.5300000000001,14,286.77999999999986,move,improve
7696,14,288.5300000000001,14,286.77999999999986,2opt,notBad
7697,14,288.5300000000001,14,286.77999999999986,2opt,notBad
7698,14,288.5300000000001,14,286.77999999999986,swap,notBad
7699,14,288.5300000000001,14,286.77999999999986,move,improve
7700,14,288.5300000000001,14,286.77999999999986,move,improve
7701,14,288.5300000000001,14,286.77999999999986,move,improve
7702,14,288.5300000000001,14,286.77999999999986,swap,notBad
7703,14,288.5300000000001,14,286.77999999999986,2opt,notBad
7704,14,288.5300000000001,14,286.77999999999986,move,improve
7705,14,288.5300000000001,14,286.77999999999986,swap,notBad
7706,14,288.5300000000001,14,286.77999999999986,swap,notBad
7707,14,288.5300000000001,14,286.77999999999986,2opt,notBad
7708,14,288.5300000000001,14,286.77999999999986,2opt,notBad
7709,14,288.5300000000001,14,286.77999999999986,swap,notBad
7710,14,288.5300000000001,14,286.77999999999986,swap,notBad
7711,14,288.5300000000001,14,286.77999999999986,swap,notBad
7712,14,288.5300000000001,14,286.77999999999986,swap,notBad
7713,14,288.5300000000001,14,286.77999999999986,swap,notBad
7714,14,288.5300000000001,14,286.77999999999986,move,improve
7715,14,288.5300000000001,14,286.77999999999986,move,improve
7716,14,288.5300000000001,14,286.77999999999986,move,improve
7717,14,288.5300000000001,14,286.77999999999986,swap,notBad
7718,14,288.5300000000001,14,286.77999999999986,move,improve
7719,14,288.5300000000001,14,286.77999999999986,move,improve
7720,14,288.5300000000001,14,286.77999999999986,swap,notBad
7721,14,288.5300000000001,14,286.77999999999986,2opt,notBad
7722,14,288.5300000000001,14,286.77999999999986,2opt,notBad
7723,14,288.5300000000001,14,286.77999999999986,swap,notBad
7724,14,288.5300000000001,14,286.77999999999986,swap,notBad
7725,14,288.5300000000001,14,286.77999999999986,move,improve
7726,14,288.5300000000001,14,286.77999999999986,move,improve
7727,14,288.5300000000001,14,286.77999999999986,2opt,notBad
7728,14,288.5300000000001,14,286.77999999999986,swap,notBad
7729,14,288.5300000000001,14,286.77999999999986,swap,notBad
7730,14,288.5300000000001,14,286.77999999999986,move,improve
7731,14,288.5300000000001,14,286.77999999999986,swap,notBad
7732,14,288.5300000000001,14,286.77999999999986,2opt,improve
7733,14,288.5300000000001,14,286.77999999999986,swap,notBad
7734,14,288.5300000000001,14,286.77999999999986,move,improve
7735,14,288.5300000000001,14,286.77999999999986,2opt,notBad
7736,14,288.5300000000001,14,286.77999999999986,move,improve
7737,14,288.5300000000001,14,286.77999999999986,2opt,notBad
7738,14,288.5300000000001,14,286.77999999999986,2opt,notBad
7739,14,288.5300000000001,14,286.77999999999986,2opt,improve
7740,14,288.5300000000001,14,286.77999999999986,swap,notBad
7741,14,288.5300000000001,14,286.77999999999986,swap,notBad
7742,14,288.5300000000001,14,286.77999999999986,2opt,improve
7743,14,288.5300000000001,14,286.77999999999986,move,improve
7744,14,288.5300000000001,14,286.77999999999986,move,improve
7745,14,288.5300000000001,14,286.77999999999986,swap,notBad
7746,14,288.5300000000001,14,286.77999999999986,2opt,notBad
7747,14,288.5300000000001,14,286.77999999999986,swap,notBad
7748,14,288.5300000000001,14,286.77999999999986,swap,notBad
7749,14,288.5300000000001,14,286.77999999999986,move,improve
7750,14,288.5300000000001,14,286.77999999999986,swap,notBad
7751,14,288.5300000000001,14,286.77999999999986,2opt,notBad
7752,14,288.5300000000001,14,286.77999999999986,move,improve
7753,14,288.5300000000001,14,286.77999999999986,move,improve
7754,14,288.5300000000001,14,286.77999999999986,2opt,notBad
7755,14,288.5300000000001,14,286.77999999999986,2opt,notBad
7756,14,288.5300000000001,14,286.77999999999986,2opt,notBad
7757,14,288.5300000000001,14,286.77999999999986,swap,notBad
7758,14,288.5300000000001,14,286.77999999999986,2opt,notBad
7759,14,288.5300000000001,14,286.77999999999986,move,improve
7760,14,288.5300000000001,14,286.77999999999986,2opt,notBad
7761,14,288.5300000000001,14,286.77999999999986,2opt,notBad
7762,14,288.5300000000001,14,286.77999999999986,move,improve
7763,14,288.5300000000001,14,286.77999999999986,2opt,notBad
7764,14,288.5300000000001,14,286.77999999999986,2opt,improve
7765,14,288.5300000000001,14,286.77999999999986,2opt,notBad
7766,14,288.5300000000001,14,286.77999999999986,2opt,notBad
7767,14,288.5300000000001,14,286.77999999999986,swap,notBad
7768,14,288.5300000000001,14,286.77999999999986,2opt,notBad
7769,14,288.5300000000001,14,286.77999999999986,move,improve
7770,14,288.5300000000001,14,286.77999999999986,swap,notBad
7771,14,288.5300000000001,14,286.77999999999986,2opt,notBad
7772,14,288.5300000000001,14,286.77999999999986,2opt,notBad
7773,14,288.5300000000001,14,286.77999999999986,2opt,notBad
7774,14,288.5300000000001,14,286.77999999999986,move,improve
7775,14,288.5300000000001,14,286.77999999999986,2opt,notBad
7776,14,288.5300000000001,14,286.77999999999986,swap,notBad
7777,14,288.5300000000001,14,286.77999999999986,swap,notBad
7778,14,288.5300000000001,14,286.77999999999986,move,improve
7779,14,288.5300000000001,14,286.77999999999986,swap,notBad
7780,14,288.5300000000001,14,286.77999999999986,move,improve
7781,14,288.5300000000001,14,286.77999999999986,swap,notBad
7782,14,288.5300000000001,14,286.77999999999986,2opt,notBad
7783,14,288.5300000000001,14,286.77999999999986,2opt,notBad
7784,14,288.5300000000001,14,286.77999999999986,2opt,improve
7785,14,288.5300000000001,14,286.77999999999986,2opt,notBad
7786,14,288.5300000000001,14,286.77999999999986,swap,notBad
7787,14,288.5300000000001,14,286.77999999999986,swap,notBad
7788,14,288.5300000000001,14,286.77999999999986,move,improve
7789,14,288.5300000000001,14,286.77999999999986,2opt,notBad
7790,14,288.5300000000001,14,286.77999999999986,2opt,improve
7791,14,288.5300000000001,14,286.77999999999986,2opt,notBad
7792,14,288.5300000000001,14,286.77999999999986,move,improve
7793,14,288.5300000000001,14,286.77999999999986,2opt,notBad
7794,14,288.5300000000001,14,286.77999999999986,swap,notBad
7795,14,288.5300000000001,14,286.77999999999986,2opt,notBad
7796,14,288.5300000000001,14,286.77999999999986,move,improve
7797,14,288.5300000000001,14,286.77999999999986,2opt,notBad
7798,14,288.5300000000001,14,286.77999999999986,move,improve
7799,14,288.5300000000001,14,286.77999999999986,move,improve
7800,14,288.5300000000001,14,286.77999999999986,move,improve
7801,14,288.5300000000001,14,286.77999999999986,2opt,notBad
7802,14,288.5300000000001,14,286.77999999999986,2opt,improve
7803,14,288.5300000000001,14,286.77999999999986,move,improve
7804,14,288.5300000000001,14,286.77999999999986,move,improve
7805,14,288.5300000000001,14,286.77999999999986,2opt,notBad
7806,14,288.5300000000001,14,286.77999999999986,2opt,improve
7807,14,288.5300000000001,14,286.77999999999986,swap,notBad
7808,14,288.5300000000001,14,286.77999999999986,2opt,notBad
7809,14,288.5300000000001,14,286.77999999999986,2opt,notBad
7810,14,288.5300000000001,14,286.77999999999986,move,improve
7811,14,288.5300000000001,14,286.77999999999986,2opt,notBad
7812,14,288.5300000000001,14,286.77999999999986,move,improve
7813,14,288.5300000000001,14,286.77999999999986,2opt,notBad
7814,14,288.5300000000001,14,286.77999999999986,2opt,notBad
7815,14,288.5300000000001,14,286.77999999999986,move,improve
7816,14,288.5300000000001,14,286.77999999999986,move,improve
7817,14,288.5300000000001,14,286.77999999999986,move,improve
7818,14,288.5300000000001,14,286.77999999999986,move,improve
7819,14,288.5300000000001,14,286.77999999999986,move,improve
7820,14,288.5300000000001,14,286.77999999999986,2opt,notBad
7821,14,288.5300000000001,14,286.77999999999986,swap,notBad
7822,14,288.5300000000001,14,286.77999999999986,swap,notBad
7823,14,288.5300000000001,14,286.77999999999986,swap,notBad
7824,14,288.5300000000001,14,286.77999999999986,swap,notBad
7825,14,288.5300000000001,14,286.77999999999986,move,improve
7826,14,288.5300000000001,14,286.77999999999986,move,improve
7827,14,288.5300000000001,14,286.77999999999986,swap,notBad
7828,14,288.5300000000001,14,286.77999999999986,swap,notBad
7829,14,288.5300000000001,14,286.77999999999986,2opt,improve
7830,14,288.5300000000001,14,286.77999999999986,2opt,notBad
7831,14,288.5300000000001,14,286.77999999999986,swap,notBad
7832,14,288.5300000000001,14,286.77999999999986,move,improve
7833,14,288.5300000000001,14,286.77999999999986,move,improve
7834,14,288.5300000000001,14,286.77999999999986,swap,notBad
7835,14,288.5300000000001,14,286.77999999999986,2opt,notBad
7836,14,288.5300000000001,14,286.77999999999986,2opt,notBad
7837,14,288.5300000000001,14,286.77999999999986,swap,notBad
7838,14,288.5300000000001,14,286.77999999999986,move,improve
7839,14,288.5300000000001,14,286.77999999999986,2opt,notBad
7840,14,288.5300000000001,14,286.77999999999986,move,improve
7841,14,288.5300000000001,14,286.77999999999986,2opt,notBad
7842,14,288.5300000000001,14,286.77999999999986,swap,notBad
7843,14,288.5300000000001,14,286.77999999999986,swap,notBad
7844,14,288.5300000000001,14,286.77999999999986,swap,notBad
7845,14,288.5300000000001,14,286.77999999999986,move,improve
7846,14,288.5300000000001,14,286.77999999999986,move,improve
7847,14,288.5300000000001,14,286.77999999999986,2opt,notBad
7848,14,288.5300000000001,14,286.77999999999986,move,improve
7849,14,288.5300000000001,14,286.77999999999986,move,improve
7850,14,288.5300000000001,14,286.77999999999986,swap,notBad
7851,14,288.5300000000001,14,286.77999999999986,2opt,notBad
7852,14,288.5300000000001,14,286.77999999999986,2opt,improve
7853,14,288.5300000000001,14,286.77999999999986,move,improve
7854,14,288.5300000000001,14,286.77999999999986,swap,notBad
7855,14,288.5300000000001,14,286.77999999999986,move,improve
7856,14,288.5300000000001,14,286.77999999999986,move,improve
7857,14,288.5300000000001,14,286.77999999999986,swap,notBad
7858,14,288.5300000000001,14,286.77999999999986,swap,notBad
7859,14,288.5300000000001,14,286.77999999999986,swap,notBad
7860,14,288.5300000000001,14,286.77999999999986,move,improve
7861,14,288.5300000000001,14,286.77999999999986,2opt,notBad
7862,14,288.5300000000001,14,286.77999999999986,2opt,notBad
7863,14,288.5300000000001,14,286.77999999999986,move,improve
7864,14,288.5300000000001,14,286.77999999999986,move,improve
7865,14,288.5300000000001,14,286.77999999999986,swap,notBad
7866,14,288.5300000000001,14,286.77999999999986,2opt,notBad
7867,14,288.5300000000001,14,286.77999999999986,move,improve
7868,14,288.5300000000001,14,286.77999999999986,2opt,improve
7869,14,288.5300000000001,14,286.77999999999986,swap,notBad
7870,14,288.5300000000001,14,286.77999999999986,move,improve
7871,14,288.5300000000001,14,286.77999999999986,2opt,notBad
7872,14,288.5300000000001,14,286.77999999999986,swap,notBad
7873,14,288.5300000000001,14,286.77999999999986,move,improve
7874,14,288.5300000000001,14,286.77999999999986,move,improve
7875,14,288.5300000000001,14,286.77999999999986,2opt,notBad
7876,14,288.5300000000001,14,286.77999999999986,2opt,notBad
7877,14,288.5300000000001,14,286.77999999999986,2opt,notBad
7878,14,288.5300000000001,14,286.77999999999986,swap,notBad
7879,14,288.5300000000001,14,286.77999999999986,swap,notBad
7880,14,288.5300000000001,14,286.77999999999986,move,improve
7881,14,288.5300000000001,14,286.77999999999986,swap,notBad
7882,14,288.5300000000001,14,286.77999999999986,2opt,notBad
7883,14,288.5300000000001,14,286.77999999999986,move,improve
7884,14,288.5300000000001,14,286.77999999999986,2opt,notBad
7885,14,288.5300000000001,14,286.77999999999986,swap,notBad
7886,14,288.5300000000001,14,286.77999999999986,swap,notBad
7887,14,288.5300000000001,14,286.77999999999986,move,improve
7888,14,288.5300000000001,14,286.77999999999986,move,improve
7889,14,288.5300000000001,14,286.77999999999986,2opt,notBad
7890,14,288.5300000000001,14,286.77999999999986,2opt,notBad
7891,14,288.5300000000001,14,286.77999999999986,swap,notBad
7892,14,288.5300000000001,14,286.77999999999986,move,improve
7893,14,288.5300000000001,14,286.77999999999986,2opt,improve
7894,14,288.5300000000001,14,286.77999999999986,2opt,notBad
7895,14,288.5300000000001,14,286.77999999999986,move,improve
7896,14,288.5300000000001,14,286.77999999999986,2opt,notBad
7897,14,288.5300000000001,14,286.77999999999986,swap,notBad
7898,14,288.5300000000001,14,286.77999999999986,2opt,notBad
7899,14,288.5300000000001,14,286.77999999999986,move,improve
7900,14,288.5300000000001,14,286.77999999999986,move,improve
7901,14,288.5300000000001,14,286.77999999999986,2opt,notBad
7902,14,288.5300000000001,14,286.77999999999986,move,improve
7903,14,288.5300000000001,14,286.77999999999986,2opt,notBad
7904,14,288.5300000000001,14,286.77999999999986,2opt,notBad
7905,14,288.5300000000001,14,286.77999999999986,move,improve
7906,14,288.5300000000001,14,286.77999999999986,move,improve
7907,14,288.5300000000001,14,286.77999999999986,2opt,notBad
7908,14,288.5300000000001,14,286.77999999999986,move,improve
7909,14,288.5300000000001,14,286.77999999999986,swap,notBad
7910,14,288.5300000000001,14,286.77999999999986,move,improve
7911,14,288.5300000000001,14,286.77999999999986,move,improve
7912,14,288.5300000000001,14,286.77999999999986,move,improve
7913,14,288.5300000000001,14,286.77999999999986,swap,notBad
7914,14,288.5300000000001,14,286.77999999999986,2opt,notBad
7915,14,288.5300000000001,14,286.77999999999986,2opt,notBad
7916,14,288.5300000000001,14,286.77999999999986,swap,notBad
7917,14,288.5300000000001,14,286.77999999999986,swap,notBad
7918,14,288.5300000000001,14,286.77999999999986,swap,notBad
7919,14,288.5300000000001,14,286.77999999999986,2opt,notBad
7920,14,288.5300000000001,14,286.77999999999986,swap,notBad
7921,14,288.5300000000001,14,286.77999999999986,swap,notBad
7922,14,288.5300000000001,14,286.77999999999986,move,improve
7923,14,288.5300000000001,14,286.77999999999986,move,improve
7924,14,288.5300000000001,14,286.77999999999986,move,improve
7925,14,288.5300000000001,14,286.77999999999986,swap,notBad
7926,14,288.5300000000001,14,286.77999999999986,move,improve
7927,14,288.5300000000001,14,286.77999999999986,2opt,notBad
7928,14,288.5300000000001,14,286.77999999999986,move,improve
7929,14,288.5300000000001,14,286.77999999999986,move,improve
7930,14,288.5300000000001,14,286.77999999999986,swap,notBad
7931,14,288.5300000000001,14,286.77999999999986,2opt,notBad
7932,14,288.5300000000001,14,286.77999999999986,2opt,notBad
7933,14,288.5300000000001,14,286.77999999999986,2opt,notBad
7934,14,288.5300000000001,14,286.77999999999986,2opt,notBad
7935,14,288.5300000000001,14,286.77999999999986,2opt,improve
7936,14,288.5300000000001,14,286.77999999999986,2opt,notBad
7937,14,288.5300000000001,14,286.77999999999986,2opt,notBad
7938,14,288.5300000000001,14,286.77999999999986,move,improve
7939,14,288.5300000000001,14,286.77999999999986,swap,notBad
7940,14,288.5300000000001,14,286.77999999999986,move,improve
7941,14,288.5300000000001,14,286.77999999999986,move,improve
7942,14,288.5300000000001,14,286.77999999999986,move,improve
7943,14,288.5300000000001,14,286.77999999999986,swap,notBad
7944,14,288.5300000000001,14,286.77999999999986,swap,notBad
7945,14,288.5300000000001,14,286.77999999999986,move,improve
7946,14,288.5300000000001,14,286.77999999999986,move,improve
7947,14,288.5300000000001,14,286.77999999999986,move,improve
7948,14,288.5300000000001,14,286.77999999999986,swap,notBad
7949,14,288.5300000000001,14,286.77999999999986,move,improve
7950,14,288.5300000000001,14,286.77999999999986,2opt,notBad
7951,14,288.5300000000001,14,286.77999999999986,2opt,improve
7952,14,288.5300000000001,14,286.77999999999986,move,improve
7953,14,288.5300000000001,14,286.77999999999986,swap,notBad
7954,14,288.5300000000001,14,286.77999999999986,move,improve
7955,14,288.5300000000001,14,286.77999999999986,move,improve
7956,14,288.5300000000001,14,286.77999999999986,swap,notBad
7957,14,288.5300000000001,14,286.77999999999986,swap,notBad
7958,14,288.5300000000001,14,286.77999999999986,swap,notBad
7959,14,288.5300000000001,14,286.77999999999986,swap,notBad
7960,14,288.5300000000001,14,286.77999999999986,move,improve
7961,14,288.5300000000001,14,286.77999999999986,swap,notBad
7962,14,288.5300000000001,14,286.77999999999986,swap,notBad
7963,14,288.5300000000001,14,286.77999999999986,move,improve
7964,14,288.5300000000001,14,286.77999999999986,2opt,notBad
7965,14,288.5300000000001,14,286.77999999999986,2opt,notBad
7966,14,288.5300000000001,14,286.77999999999986,swap,notBad
7967,14,288.5300000000001,14,286.77999999999986,move,improve
7968,14,288.5300000000001,14,286.77999999999986,2opt,notBad
7969,14,288.5300000000001,14,286.77999999999986,2opt,notBad
7970,14,288.5300000000001,14,286.77999999999986,2opt,notBad
7971,14,288.5300000000001,14,286.77999999999986,2opt,notBad
7972,14,288.5300000000001,14,286.77999999999986,swap,notBad
7973,14,288.5300000000001,14,286.77999999999986,2opt,notBad
7974,14,288.5300000000001,14,286.77999999999986,move,improve
7975,14,288.5300000000001,14,286.77999999999986,move,improve
7976,14,288.5300000000001,14,286.77999999999986,swap,notBad
7977,14,288.5300000000001,14,286.77999999999986,move,improve
7978,14,288.5300000000001,14,286.77999999999986,swap,notBad
7979,14,288.5300000000001,14,286.77999999999986,2opt,notBad
7980,14,288.5300000000001,14,286.77999999999986,swap,notBad
7981,14,288.5300000000001,14,286.77999999999986,swap,notBad
7982,14,288.5300000000001,14,286.77999999999986,swap,notBad
7983,14,288.5300000000001,14,286.77999999999986,2opt,notBad
7984,14,288.5300000000001,14,286.77999999999986,move,improve
7985,14,288.5300000000001,14,286.77999999999986,swap,notBad
7986,14,288.5300000000001,14,286.77999999999986,2opt,notBad
7987,14,288.5300000000001,14,286.77999999999986,swap,notBad
7988,14,288.5300000000001,14,286.77999999999986,2opt,notBad
7989,14,288.5300000000001,14,286.77999999999986,2opt,notBad
7990,14,288.5300000000001,14,286.77999999999986,2opt,notBad
7991,14,288.5300000000001,14,286.77999999999986,swap,notBad
7992,14,288.5300000000001,14,286.77999999999986,swap,notBad
7993,14,288.5300000000001,14,286.77999999999986,swap,notBad
7994,14,288.5300000000001,14,286.77999999999986,move,improve
7995,14,288.5300000000001,14,286.77999999999986,swap,notBad
7996,14,288.5300000000001,14,286.77999999999986,swap,notBad
7997,14,288.5300000000001,14,286.77999999999986,2opt,notBad
7998,14,288.5300000000001,14,286.77999999999986,swap,notBad
7999,14,288.5300000000001,14,286.77999999999986,move,improve
8000,14,288.5300000000001,14,286.77999999999986,2opt,notBad
8001,14,288.5300000000001,14,286.77999999999986,2opt,notBad
8002,14,288.5300000000001,14,286.77999999999986,2opt,notBad
8003,14,288.5300000000001,14,286.77999999999986,swap,notBad
8004,14,288.5300000000001,14,286.77999999999986,2opt,improve
8005,14,288.5300000000001,14,286.77999999999986,swap,notBad
8006,14,288.5300000000001,14,286.77999999999986,move,improve
8007,14,288.5300000000001,14,286.77999999999986,2opt,notBad
8008,14,288.5300000000001,14,286.77999999999986,swap,notBad
8009,14,288.5300000000001,14,286.77999999999986,swap,notBad
8010,14,288.5300000000001,14,286.77999999999986,swap,notBad
8011,14,288.5300000000001,14,286.77999999999986,2opt,notBad
8012,14,288.5300000000001,14,286.77999999999986,move,improve
8013,14,288.5300000000001,14,286.77999999999986,2opt,notBad
8014,14,288.5300000000001,14,286.77999999999986,2opt,notBad
8015,14,288.5300000000001,14,286.77999999999986,move,improve
8016,14,288.5300000000001,14,286.77999999999986,swap,notBad
8017,14,288.5300000000001,14,286.77999999999986,swap,notBad
8018,14,288.5300000000001,14,286.77999999999986,2opt,notBad
8019,14,288.5300000000001,14,286.77999999999986,move,improve
8020,14,288.5300000000001,14,286.77999999999986,2opt,improve
8021,14,288.5300000000001,14,286.77999999999986,swap,notBad
8022,14,288.5300000000001,14,286.77999999999986,swap,notBad
8023,14,288.5300000000001,14,286.77999999999986,swap,notBad
8024,14,288.5300000000001,14,286.77999999999986,move,improve
8025,14,288.5300000000001,14,286.77999999999986,swap,notBad
8026,14,288.5300000000001,14,286.77999999999986,move,improve
8027,14,288.5300000000001,14,286.77999999999986,swap,notBad
8028,14,288.5300000000001,14,286.77999999999986,move,improve
8029,14,288.5300000000001,14,286.77999999999986,swap,notBad
8030,14,288.5300000000001,14,286.77999999999986,2opt,notBad
8031,14,288.5300000000001,14,286.77999999999986,2opt,notBad
8032,14,288.5300000000001,14,286.77999999999986,swap,notBad
8033,14,288.5300000000001,14,286.77999999999986,swap,notBad
8034,14,288.5300000000001,14,286.77999999999986,2opt,improve
8035,14,288.5300000000001,14,286.77999999999986,2opt,notBad
8036,14,288.5300000000001,14,286.77999999999986,move,improve
8037,14,288.5300000000001,14,286.77999999999986,swap,notBad
8038,14,288.5300000000001,14,286.77999999999986,swap,notBad
8039,14,288.5300000000001,14,286.77999999999986,2opt,notBad
8040,14,288.5300000000001,14,286.77999999999986,move,improve
8041,14,288.5300000000001,14,286.77999999999986,move,improve
8042,14,288.5300000000001,14,286.77999999999986,move,improve
8043,14,288.5300000000001,14,286.77999999999986,2opt,improve
8044,14,288.5300000000001,14,286.77999999999986,swap,notBad
8045,14,288.5300000000001,14,286.77999999999986,swap,notBad
8046,14,288.5300000000001,14,286.77999999999986,swap,notBad
8047,14,288.5300000000001,14,286.77999999999986,2opt,notBad
8048,14,288.5300000000001,14,286.77999999999986,move,improve
8049,14,288.5300000000001,14,286.77999999999986,swap,notBad
8050,14,288.5300000000001,14,286.77999999999986,swap,notBad
8051,14,288.5300000000001,14,286.77999999999986,2opt,improve
8052,14,288.5300000000001,14,286.77999999999986,2opt,improve
8053,14,288.5300000000001,14,286.77999999999986,swap,notBad
8054,14,288.5300000000001,14,286.77999999999986,2opt,notBad
8055,14,288.5300000000001,14,286.77999999999986,2opt,notBad
8056,14,288.5300000000001,14,286.77999999999986,swap,notBad
8057,14,288.5300000000001,14,286.77999999999986,move,improve
8058,14,288.5300000000001,14,286.77999999999986,move,improve
8059,14,288.5300000000001,14,286.77999999999986,swap,notBad
8060,14,288.5300000000001,14,286.77999999999986,move,improve
8061,14,288.5300000000001,14,286.77999999999986,move,improve
8062,14,288.5300000000001,14,286.77999999999986,2opt,improve
8063,14,288.5300000000001,14,286.77999999999986,swap,notBad
8064,14,288.5300000000001,14,286.77999999999986,2opt,notBad
8065,14,288.5300000000001,14,286.77999999999986,2opt,improve
8066,14,288.5300000000001,14,286.77999999999986,swap,notBad
8067,14,288.5300000000001,14,286.77999999999986,swap,notBad
8068,14,288.5300000000001,14,286.77999999999986,2opt,improve
8069,14,288.5300000000001,14,286.77999999999986,swap,notBad
8070,14,288.5300000000001,14,286.77999999999986,move,improve
8071,14,288.5300000000001,14,286.77999999999986,swap,notBad
8072,14,288.5300000000001,14,286.77999999999986,move,improve
8073,14,288.5300000000001,14,286.77999999999986,move,improve
8074,14,288.5300000000001,14,286.77999999999986,swap,notBad
8075,14,288.5300000000001,14,286.77999999999986,move,improve
8076,14,288.5300000000001,14,286.77999999999986,move,improve
8077,14,288.5300000000001,14,286.77999999999986,swap,notBad
8078,14,288.5300000000001,14,286.77999999999986,2opt,notBad
8079,14,288.5300000000001,14,286.77999999999986,2opt,improve
8080,14,288.5300000000001,14,286.77999999999986,move,improve
8081,14,288.5300000000001,14,286.77999999999986,move,improve
8082,14,288.5300000000001,14,286.77999999999986,swap,notBad
8083,14,288.5300000000001,14,286.77999999999986,move,improve
8084,14,288.5300000000001,14,286.77999999999986,swap,notBad
8085,14,285.05000000000007,14,285.05000000000007,swap,newBest
8086,14,285.05000000000007,14,285.05000000000007,move,improve
8087,14,285.05000000000007,14,285.05000000000007,move,improve
8088,14,285.05000000000007,14,285.05000000000007,move,improve
8089,14,285.05000000000007,14,285.05000000000007,swap,notBad
8090,14,285.05000000000007,14,285.05000000000007,swap,notBad
8091,14,285.05000000000007,14,285.05000000000007,2opt,improve
8092,14,285.05000000000007,14,285.05000000000007,2opt,notBad
8093,14,285.05000000000007,14,285.05000000000007,swap,notBad
8094,14,285.05000000000007,14,285.05000000000007,2opt,notBad
8095,14,285.05000000000007,14,285.05000000000007,move,improve
8096,14,285.05000000000007,14,285.05000000000007,move,improve
8097,14,285.05000000000007,14,285.05000000000007,move,improve
8098,14,285.05000000000007,14,285.05000000000007,swap,notBad
8099,14,285.05000000000007,14,285.05000000000007,2opt,notBad
8100,14,285.05000000000007,14,285.05000000000007,2opt,notBad
8101,14,285.05000000000007,14,285.05000000000007,move,improve
8102,14,285.05000000000007,14,285.05000000000007,move,improve
8103,14,285.05000000000007,14,285.05000000000007,swap,notBad
8104,14,285.05000000000007,14,285.05000000000007,swap,notBad
8105,14,285.05000000000007,14,285.05000000000007,swap,notBad
8106,14,285.05000000000007,14,285.05000000000007,move,improve
8107,14,285.05000000000007,14,285.05000000000007,2opt,notBad
8108,14,285.05000000000007,14,285.05000000000007,move,improve
8109,14,285.05000000000007,14,285.05000000000007,swap,notBad
8110,14,285.05000000000007,14,285.05000000000007,move,notBad
8111,14,285.05000000000007,14,285.05000000000007,2opt,notBad
8112,14,285.05000000000007,14,285.05000000000007,swap,notBad
8113,14,285.05000000000007,14,285.05000000000007,move,improve
8114,14,285.05000000000007,14,285.05000000000007,2opt,notBad
8115,14,285.05000000000007,14,285.05000000000007,swap,notBad
8116,14,285.05000000000007,14,285.05000000000007,2opt,notBad
8117,14,285.05000000000007,14,285.05000000000007,2opt,notBad
8118,14,285.05000000000007,14,285.05000000000007,move,improve
8119,14,285.05000000000007,14,285.05000000000007,swap,notBad
8120,14,285.05000000000007,14,285.05000000000007,2opt,notBad
8121,14,285.05000000000007,14,285.05000000000007,2opt,notBad
8122,14,285.05000000000007,14,285.05000000000007,move,improve
8123,14,285.05000000000007,14,285.05000000000007,2opt,notBad
8124,14,285.05000000000007,14,285.05000000000007,2opt,improve
8125,14,285.05000000000007,14,285.05000000000007,swap,notBad
8126,14,285.05000000000007,14,285.05000000000007,move,improve
8127,14,285.05000000000007,14,285.05000000000007,2opt,notBad
8128,14,285.05000000000007,14,285.05000000000007,move,improve
8129,14,285.05000000000007,14,285.05000000000007,swap,notBad
8130,14,285.05000000000007,14,285.05000000000007,swap,notBad
8131,14,285.05000000000007,14,285.05000000000007,2opt,notBad
8132,14,285.05000000000007,14,285.05000000000007,2opt,notBad
8133,14,285.05000000000007,14,285.05000000000007,move,improve
8134,14,285.05000000000007,14,285.05000000000007,swap,notBad
8135,14,285.05000000000007,14,285.05000000000007,move,improve
8136,14,285.05000000000007,14,285.05000000000007,move,improve
8137,14,285.05000000000007,14,285.05000000000007,swap,notBad
8138,14,285.05000000000007,14,285.05000000000007,2opt,notBad
8139,14,285.05000000000007,14,285.05000000000007,swap,notBad
8140,14,285.05000000000007,14,285.05000000000007,swap,notBad
8141,14,285.05000000000007,14,285.05000000000007,move,improve
8142,14,285.05000000000007,14,285.05000000000007,swap,notBad
8143,14,285.05000000000007,14,285.05000000000007,swap,notBad
8144,14,285.05000000000007,14,285.05000000000007,move,improve
8145,14,285.05000000000007,14,285.05000000000007,swap,notBad
8146,14,285.05000000000007,14,285.05000000000007,swap,notBad
8147,14,285.05000000000007,14,285.05000000000007,swap,notBad
8148,14,285.05000000000007,14,285.05000000000007,move,improve
8149,14,285.05000000000007,14,285.05000000000007,move,improve
8150,14,285.05000000000007,14,285.05000000000007,move,improve
8151,14,285.05000000000007,14,285.05000000000007,move,improve
8152,14,285.05000000000007,14,285.05000000000007,swap,notBad
8153,14,285.05000000000007,14,285.05000000000007,move,improve
8154,14,285.05000000000007,14,285.05000000000007,2opt,improve
8155,14,285.05000000000007,14,285.05000000000007,swap,notBad
8156,14,285.05000000000007,14,285.05000000000007,move,improve
8157,14,285.05000000000007,14,285.05000000000007,move,improve
8158,14,285.05000000000007,14,285.05000000000007,move,improve
8159,14,285.05000000000007,14,285.05000000000007,move,improve
8160,14,285.05000000000007,14,285.05000000000007,move,improve
8161,14,285.05000000000007,14,285.05000000000007,2opt,notBad
8162,14,285.05000000000007,14,285.05000000000007,2opt,notBad
8163,14,285.05000000000007,14,285.05000000000007,swap,notBad
8164,14,285.05000000000007,14,285.05000000000007,swap,notBad
8165,14,285.05000000000007,14,285.05000000000007,swap,notBad
8166,14,285.05000000000007,14,285.05000000000007,move,improve
8167,14,285.05000000000007,14,285.05000000000007,swap,notBad
8168,14,285.05000000000007,14,285.05000000000007,move,improve
8169,14,285.05000000000007,14,285.05000000000007,move,improve
8170,14,285.05000000000007,14,285.05000000000007,swap,notBad
8171,14,285.05000000000007,14,285.05000000000007,swap,notBad
8172,14,285.05000000000007,14,285.05000000000007,swap,notBad
8173,14,285.05000000000007,14,285.05000000000007,swap,notBad
8174,14,285.05000000000007,14,285.05000000000007,2opt,notBad
8175,14,285.05000000000007,14,285.05000000000007,2opt,notBad
8176,14,285.05000000000007,14,285.05000000000007,move,improve
8177,14,285.05000000000007,14,285.05000000000007,swap,notBad
8178,14,285.05000000000007,14,285.05000000000007,2opt,notBad
8179,14,285.05000000000007,14,285.05000000000007,move,improve
8180,14,285.05000000000007,14,285.05000000000007,move,improve
8181,14,285.05000000000007,14,285.05000000000007,swap,notBad
8182,14,285.05000000000007,14,285.05000000000007,swap,notBad
8183,14,285.05000000000007,14,285.05000000000007,2opt,notBad
8184,14,285.05000000000007,14,285.05000000000007,swap,notBad
8185,14,285.05000000000007,14,285.05000000000007,swap,notBad
8186,14,285.05000000000007,14,285.05000000000007,2opt,improve
8187,14,285.05000000000007,14,285.05000000000007,move,improve
8188,14,285.05000000000007,14,285.05000000000007,swap,notBad
8189,14,285.05000000000007,14,285.05000000000007,2opt,notBad
8190,14,285.05000000000007,14,285.05000000000007,2opt,notBad
8191,14,285.05000000000007,14,285.05000000000007,2opt,notBad
8192,14,285.05000000000007,14,285.05000000000007,move,improve
8193,14,285.05000000000007,14,285.05000000000007,2opt,notBad
8194,14,285.05000000000007,14,285.05000000000007,swap,notBad
8195,14,285.05000000000007,14,285.05000000000007,2opt,notBad
8196,14,285.05000000000007,14,285.05000000000007,swap,notBad
8197,14,285.05000000000007,14,285.05000000000007,2opt,notBad
8198,14,285.05000000000007,14,285.05000000000007,swap,notBad
8199,14,285.05000000000007,14,285.05000000000007,2opt,notBad
8200,14,285.05000000000007,14,285.05000000000007,swap,notBad
8201,14,285.05000000000007,14,285.05000000000007,move,improve
8202,14,285.05000000000007,14,285.05000000000007,2opt,notBad
8203,14,285.05000000000007,14,285.05000000000007,move,improve
8204,14,285.05000000000007,14,285.05000000000007,2opt,notBad
8205,14,285.05000000000007,14,285.05000000000007,swap,notBad
8206,14,285.05000000000007,14,285.05000000000007,move,improve
8207,14,285.05000000000007,14,285.05000000000007,2opt,improve
8208,14,285.05000000000007,14,285.05000000000007,swap,notBad
8209,14,285.05000000000007,14,285.05000000000007,move,improve
8210,14,285.05000000000007,14,285.05000000000007,move,improve
8211,14,285.05000000000007,14,285.05000000000007,2opt,notBad
8212,14,285.05000000000007,14,285.05000000000007,swap,notBad
8213,14,285.05000000000007,14,285.05000000000007,2opt,notBad
8214,14,285.05000000000007,14,285.05000000000007,2opt,improve
8215,14,285.05000000000007,14,285.05000000000007,move,improve
8216,14,285.05000000000007,14,285.05000000000007,move,improve
8217,14,285.05000000000007,14,285.05000000000007,move,improve
8218,14,285.05000000000007,14,285.05000000000007,swap,notBad
8219,14,285.05000000000007,14,285.05000000000007,move,improve
8220,14,285.05000000000007,14,285.05000000000007,move,improve
8221,14,285.05000000000007,14,285.05000000000007,swap,notBad
8222,14,285.05000000000007,14,285.05000000000007,move,improve
8223,14,285.05000000000007,14,285.05000000000007,swap,notBad
8224,14,285.05000000000007,14,285.05000000000007,2opt,notBad
8225,14,285.05000000000007,14,285.05000000000007,2opt,notBad
8226,14,285.05000000000007,14,285.05000000000007,move,improve
8227,14,285.05000000000007,14,285.05000000000007,move,improve
8228,14,285.05000000000007,14,285.05000000000007,2opt,notBad
8229,14,285.05000000000007,14,285.05000000000007,swap,notBad
8230,14,285.05000000000007,14,285.05000000000007,2opt,notBad
8231,14,285.05000000000007,14,285.05000000000007,move,improve
8232,14,285.05000000000007,14,285.05000000000007,2opt,notBad
8233,14,285.05000000000007,14,285.05000000000007,2opt,notBad
8234,14,285.05000000000007,14,285.05000000000007,2opt,improve
8235,14,285.05000000000007,14,285.05000000000007,2opt,notBad
8236,14,285.05000000000007,14,285.05000000000007,2opt,notBad
8237,14,285.05000000000007,14,285.05000000000007,2opt,improve
8238,14,285.05000000000007,14,285.05000000000007,2opt,notBad
8239,14,285.05000000000007,14,285.05000000000007,swap,notBad
8240,14,285.05000000000007,14,285.05000000000007,swap,notBad
8241,14,285.05000000000007,14,285.05000000000007,2opt,notBad
8242,14,285.05000000000007,14,285.05000000000007,move,improve
8243,14,285.05000000000007,14,285.05000000000007,move,improve
8244,14,285.05000000000007,14,285.05000000000007,2opt,improve
8245,14,285.05000000000007,14,285.05000000000007,2opt,improve
8246,14,285.05000000000007,14,285.05000000000007,swap,notBad
8247,14,285.05000000000007,14,285.05000000000007,move,improve
8248,14,285.05000000000007,14,285.05000000000007,move,improve
8249,14,285.05000000000007,14,285.05000000000007,swap,notBad
8250,14,285.05000000000007,14,285.05000000000007,2opt,notBad
8251,14,285.05000000000007,14,285.05000000000007,swap,notBad
8252,14,285.05000000000007,14,285.05000000000007,move,improve
8253,14,285.05000000000007,14,285.05000000000007,2opt,notBad
8254,14,285.05000000000007,14,285.05000000000007,2opt,notBad
8255,14,285.05000000000007,14,285.05000000000007,2opt,notBad
8256,14,285.05000000000007,14,285.05000000000007,move,improve
8257,14,285.05000000000007,14,285.05000000000007,2opt,notBad
8258,14,285.05000000000007,14,285.05000000000007,2opt,notBad
8259,14,285.05000000000007,14,285.05000000000007,move,improve
8260,14,285.05000000000007,14,285.05000000000007,2opt,notBad
8261,14,285.05000000000007,14,285.05000000000007,swap,notBad
8262,14,285.05000000000007,14,285.05000000000007,2opt,improve
8263,14,285.05000000000007,14,285.05000000000007,move,improve
8264,14,285.05000000000007,14,285.05000000000007,swap,notBad
8265,14,285.05000000000007,14,285.05000000000007,swap,notBad
8266,14,285.05000000000007,14,285.05000000000007,move,improve
8267,14,285.05000000000007,14,285.05000000000007,2opt,improve
8268,14,285.05000000000007,14,285.05000000000007,move,improve
8269,14,285.05000000000007,14,285.05000000000007,swap,notBad
8270,14,285.05000000000007,14,285.05000000000007,move,improve
8271,14,285.05000000000007,14,285.05000000000007,move,improve
8272,14,285.05000000000007,14,285.05000000000007,move,improve
8273,14,285.05000000000007,14,285.05000000000007,2opt,notBad
8274,14,285.05000000000007,14,285.05000000000007,2opt,notBad
8275,14,285.05000000000007,14,285.05000000000007,2opt,notBad
8276,14,285.05000000000007,14,285.05000000000007,swap,notBad
8277,14,285.05000000000007,14,285.05000000000007,move,notBad
8278,14,285.05000000000007,14,285.05000000000007,2opt,notBad
8279,14,285.05000000000007,14,285.05000000000007,2opt,notBad
8280,14,285.05000000000007,14,285.05000000000007,move,improve
8281,14,285.05000000000007,14,285.05000000000007,move,improve
8282,14,285.05000000000007,14,285.05000000000007,2opt,notBad
8283,14,285.05000000000007,14,285.05000000000007,move,improve
8284,14,285.05000000000007,14,285.05000000000007,swap,notBad
8285,14,285.05000000000007,14,285.05000000000007,move,improve
8286,14,285.05000000000007,14,285.05000000000007,2opt,notBad
8287,14,285.05000000000007,14,285.05000000000007,move,improve
8288,14,285.05000000000007,14,285.05000000000007,move,notBad
8289,14,285.05000000000007,14,285.05000000000007,swap,notBad
8290,14,285.05000000000007,14,285.05000000000007,2opt,notBad
8291,14,285.05000000000007,14,285.05000000000007,move,improve
8292,14,285.05000000000007,14,285.05000000000007,move,improve
8293,14,285.05000000000007,14,285.05000000000007,swap,notBad
8294,14,285.05000000000007,14,285.05000000000007,2opt,improve
8295,14,285.05000000000007,14,285.05000000000007,2opt,notBad
8296,14,285.05000000000007,14,285.05000000000007,swap,notBad
8297,14,285.05000000000007,14,285.05000000000007,move,improve
8298,14,285.05000000000007,14,285.05000000000007,move,improve
8299,14,285.05000000000007,14,285.05000000000007,move,improve
8300,14,285.05000000000007,14,285.05000000000007,move,improve
8301,14,285.05000000000007,14,285.05000000000007,swap,notBad
8302,14,285.05000000000007,14,285.05000000000007,2opt,notBad
8303,14,285.05000000000007,14,285.05000000000007,move,improve
8304,14,285.05000000000007,14,285.05000000000007,2opt,notBad
8305,14,285.05000000000007,14,285.05000000000007,move,improve
8306,14,285.05000000000007,14,285.05000000000007,2opt,notBad
8307,14,285.05000000000007,14,285.05000000000007,swap,notBad
8308,14,285.05000000000007,14,285.05000000000007,2opt,notBad
8309,14,285.05000000000007,14,285.05000000000007,move,improve
8310,14,285.05000000000007,14,285.05000000000007,2opt,notBad
8311,14,285.05000000000007,14,285.05000000000007,2opt,notBad
8312,14,285.05000000000007,14,285.05000000000007,2opt,notBad
8313,14,285.05000000000007,14,285.05000000000007,2opt,notBad
8314,14,285.05000000000007,14,285.05000000000007,move,improve
8315,14,285.05000000000007,14,285.05000000000007,swap,notBad
8316,14,285.05000000000007,14,285.05000000000007,swap,notBad
8317,14,285.05000000000007,14,285.05000000000007,move,improve
8318,14,285.05000000000007,14,285.05000000000007,move,improve
8319,14,285.05000000000007,14,285.05000000000007,swap,notBad
8320,14,285.05000000000007,14,285.05000000000007,2opt,improve
8321,14,285.05000000000007,14,285.05000000000007,2opt,notBad
8322,14,285.05000000000007,14,285.05000000000007,2opt,notBad
8323,14,285.05000000000007,14,285.05000000000007,2opt,notBad
8324,14,285.05000000000007,14,285.05000000000007,2opt,notBad
8325,14,285.05000000000007,14,285.05000000000007,move,improve
8326,14,285.05000000000007,14,285.05000000000007,move,improve
8327,14,285.05000000000007,14,285.05000000000007,swap,notBad
8328,14,285.05000000000007,14,285.05000000000007,swap,notBad
8329,14,285.05000000000007,14,285.05000000000007,move,improve
8330,14,285.05000000000007,14,285.05000000000007,swap,notBad
8331,14,285.05000000000007,14,285.05000000000007,swap,notBad
8332,14,285.05000000000007,14,285.05000000000007,move,improve
8333,14,285.05000000000007,14,285.05000000000007,2opt,improve
8334,14,285.05000000000007,14,285.05000000000007,2opt,notBad
8335,14,285.05000000000007,14,285.05000000000007,2opt,notBad
8336,14,285.05000000000007,14,285.05000000000007,swap,notBad
8337,14,285.05000000000007,14,285.05000000000007,swap,notBad
8338,14,285.05000000000007,14,285.05000000000007,swap,notBad
8339,14,285.05000000000007,14,285.05000000000007,2opt,notBad
8340,14,285.05000000000007,14,285.05000000000007,move,improve
8341,14,285.05000000000007,14,285.05000000000007,move,improve
8342,14,285.05000000000007,14,285.05000000000007,swap,notBad
8343,14,285.05000000000007,14,285.05000000000007,2opt,improve
8344,14,285.05000000000007,14,285.05000000000007,swap,notBad
8345,14,285.05000000000007,14,285.05000000000007,swap,notBad
8346,14,285.05000000000007,14,285.05000000000007,move,improve
8347,14,285.05000000000007,14,285.05000000000007,swap,notBad
8348,14,285.05000000000007,14,285.05000000000007,2opt,notBad
8349,14,285.05000000000007,14,285.05000000000007,move,improve
8350,14,285.05000000000007,14,285.05000000000007,move,improve
8351,14,285.05000000000007,14,285.05000000000007,move,notBad
8352,14,285.05000000000007,14,285.05000000000007,2opt,notBad
8353,14,285.05000000000007,14,285.05000000000007,move,improve
8354,14,285.05000000000007,14,285.05000000000007,2opt,notBad
8355,14,285.05000000000007,14,285.05000000000007,move,improve
8356,14,285.05000000000007,14,285.05000000000007,2opt,notBad
8357,14,285.05000000000007,14,285.05000000000007,move,improve
8358,14,285.05000000000007,14,285.05000000000007,move,notBad
8359,14,285.05000000000007,14,285.05000000000007,2opt,notBad
8360,14,285.05000000000007,14,285.05000000000007,move,improve
8361,14,285.05000000000007,14,285.05000000000007,move,improve
8362,14,285.05000000000007,14,285.05000000000007,swap,notBad
8363,14,285.05000000000007,14,285.05000000000007,move,improve
8364,14,285.05000000000007,14,285.05000000000007,2opt,notBad
8365,14,285.05000000000007,14,285.05000000000007,2opt,improve
8366,14,285.05000000000007,14,285.05000000000007,swap,notBad
8367,14,285.05000000000007,14,285.05000000000007,2opt,notBad
8368,14,285.05000000000007,14,285.05000000000007,2opt,notBad
8369,14,285.05000000000007,14,285.05000000000007,2opt,notBad
8370,14,285.05000000000007,14,285.05000000000007,2opt,notBad
8371,14,285.05000000000007,14,285.05000000000007,2opt,notBad
8372,14,285.05000000000007,14,285.05000000000007,swap,notBad
8373,14,285.05000000000007,14,285.05000000000007,2opt,improve
8374,14,285.05000000000007,14,285.05000000000007,move,improve
8375,14,285.05000000000007,14,285.05000000000007,move,improve
8376,14,285.05000000000007,14,285.05000000000007,swap,notBad
8377,14,285.05000000000007,14,285.05000000000007,move,improve
8378,14,285.05000000000007,14,285.05000000000007,swap,notBad
8379,14,285.05000000000007,14,285.05000000000007,move,improve
8380,14,285.05000000000007,14,285.05000000000007,2opt,notBad
8381,14,285.05000000000007,14,285.05000000000007,move,improve
8382,14,285.05000000000007,14,285.05000000000007,swap,notBad
8383,14,285.05000000000007,14,285.05000000000007,2opt,notBad
8384,14,285.05000000000007,14,285.05000000000007,swap,notBad
8385,14,285.05000000000007,14,285.05000000000007,move,improve
8386,14,285.05000000000007,14,285.05000000000007,2opt,notBad
8387,14,285.05000000000007,14,285.05000000000007,move,improve
8388,14,285.05000000000007,14,285.05000000000007,2opt,notBad
8389,14,285.05000000000007,14,285.05000000000007,swap,notBad
8390,14,285.05000000000007,14,285.05000000000007,move,improve
8391,14,285.05000000000007,14,285.05000000000007,swap,notBad
8392,14,285.05000000000007,14,285.05000000000007,swap,notBad
8393,14,285.05000000000007,14,285.05000000000007,move,improve
8394,14,285.05000000000007,14,285.05000000000007,2opt,improve
8395,14,285.05000000000007,14,285.05000000000007,move,improve
8396,14,285.05000000000007,14,285.05000000000007,move,improve
8397,14,285.05000000000007,14,285.05000000000007,move,improve
8398,14,285.05000000000007,14,285.05000000000007,swap,notBad
8399,14,285.05000000000007,14,285.05000000000007,swap,notBad
8400,14,285.05000000000007,14,285.05000000000007,swap,notBad
8401,14,285.05000000000007,14,285.05000000000007,move,improve
8402,14,285.05000000000007,14,285.05000000000007,move,notBad
8403,14,285.05000000000007,14,285.05000000000007,2opt,notBad
8404,14,285.05000000000007,14,285.05000000000007,move,improve
8405,14,285.05000000000007,14,285.05000000000007,2opt,notBad
8406,14,285.05000000000007,14,285.05000000000007,swap,notBad
8407,14,285.05000000000007,14,285.05000000000007,swap,notBad
8408,14,285.05000000000007,14,285.05000000000007,swap,notBad
8409,14,285.05000000000007,14,285.05000000000007,2opt,notBad
8410,14,285.05000000000007,14,285.05000000000007,2opt,notBad
8411,14,285.05000000000007,14,285.05000000000007,swap,notBad
8412,14,285.05000000000007,14,285.05000000000007,move,improve
8413,14,285.05000000000007,14,285.05000000000007,swap,notBad
8414,14,285.05000000000007,14,285.05000000000007,move,improve
8415,14,285.05000000000007,14,285.05000000000007,2opt,notBad
8416,14,285.05000000000007,14,285.05000000000007,move,improve
8417,14,285.05000000000007,14,285.05000000000007,move,improve
8418,14,285.05000000000007,14,285.05000000000007,move,improve
8419,14,285.05000000000007,14,285.05000000000007,swap,notBad
8420,14,285.05000000000007,14,285.05000000000007,2opt,improve
8421,14,285.05000000000007,14,285.05000000000007,swap,notBad
8422,14,285.05000000000007,14,285.05000000000007,swap,notBad
8423,14,285.05000000000007,14,285.05000000000007,swap,notBad
8424,14,285.05000000000007,14,285.05000000000007,2opt,notBad
8425,14,285.05000000000007,14,285.05000000000007,move,improve
8426,14,285.05000000000007,14,285.05000000000007,swap,notBad
8427,14,285.05000000000007,14,285.05000000000007,swap,notBad
8428,14,285.05000000000007,14,285.05000000000007,move,improve
8429,14,285.05000000000007,14,285.05000000000007,2opt,notBad
8430,14,285.05000000000007,14,285.05000000000007,2opt,notBad
8431,14,285.05000000000007,14,285.05000000000007,move,improve
8432,14,285.05000000000007,14,285.05000000000007,move,improve
8433,14,285.05000000000007,14,285.05000000000007,2opt,notBad
8434,14,285.05000000000007,14,285.05000000000007,move,improve
8435,14,285.05000000000007,14,285.05000000000007,swap,notBad
8436,14,285.05000000000007,14,285.05000000000007,move,improve
8437,14,285.05000000000007,14,285.05000000000007,2opt,improve
8438,14,285.05000000000007,14,285.05000000000007,move,improve
8439,14,285.05000000000007,14,285.05000000000007,swap,notBad
8440,14,285.05000000000007,14,285.05000000000007,move,improve
8441,14,285.05000000000007,14,285.05000000000007,move,improve
8442,14,285.05000000000007,14,285.05000000000007,swap,notBad
8443,14,285.05000000000007,14,285.05000000000007,move,improve
8444,14,285.05000000000007,14,285.05000000000007,swap,notBad
8445,14,285.05000000000007,14,285.05000000000007,move,improve
8446,14,285.05000000000007,14,285.05000000000007,2opt,notBad
8447,14,285.05000000000007,14,285.05000000000007,move,improve
8448,14,285.05000000000007,14,285.05000000000007,swap,notBad
8449,14,285.05000000000007,14,285.05000000000007,2opt,notBad
8450,14,285.05000000000007,14,285.05000000000007,move,notBad
8451,14,285.05000000000007,14,285.05000000000007,move,improve
8452,14,285.05000000000007,14,285.05000000000007,move,improve
8453,14,285.05000000000007,14,285.05000000000007,swap,notBad
8454,14,285.05000000000007,14,285.05000000000007,move,improve
8455,14,285.05000000000007,14,285.05000000000007,swap,notBad
8456,14,285.05000000000007,14,285.05000000000007,swap,notBad
8457,14,285.05000000000007,14,285.05000000000007,2opt,improve
8458,14,285.05000000000007,14,285.05000000000007,2opt,notBad
8459,14,285.05000000000007,14,285.05000000000007,move,improve
8460,14,285.05000000000007,14,285.05000000000007,2opt,improve
8461,14,285.05000000000007,14,285.05000000000007,2opt,notBad
8462,14,285.05000000000007,14,285.05000000000007,move,improve
8463,14,285.05000000000007,14,285.05000000000007,move,improve
8464,14,285.05000000000007,14,285.05000000000007,swap,notBad
8465,14,285.05000000000007,14,285.05000000000007,move,improve
8466,14,285.05000000000007,14,285.05000000000007,move,improve
8467,14,285.05000000000007,14,285.05000000000007,2opt,notBad
8468,14,285.05000000000007,14,285.05000000000007,2opt,notBad
8469,14,285.05000000000007,14,285.05000000000007,move,improve
8470,14,285.05000000000007,14,285.05000000000007,move,improve
8471,14,285.05000000000007,14,285.05000000000007,swap,notBad
8472,14,285.05000000000007,14,285.05000000000007,swap,notBad
8473,14,285.05000000000007,14,285.05000000000007,2opt,notBad
8474,14,285.05000000000007,14,285.05000000000007,2opt,notBad
8475,14,285.05000000000007,14,285.05000000000007,move,improve
8476,14,285.05000000000007,14,285.05000000000007,2opt,notBad
8477,14,285.05000000000007,14,285.05000000000007,swap,notBad
8478,14,285.05000000000007,14,285.05000000000007,move,improve
8479,14,285.05000000000007,14,285.05000000000007,2opt,notBad
8480,14,285.05000000000007,14,285.05000000000007,swap,notBad
8481,14,285.05000000000007,14,285.05000000000007,2opt,notBad
8482,14,285.05000000000007,14,285.05000000000007,2opt,improve
8483,14,285.05000000000007,14,285.05000000000007,move,improve
8484,14,285.05000000000007,14,285.05000000000007,move,improve
8485,14,285.05000000000007,14,285.05000000000007,2opt,notBad
8486,14,285.05000000000007,14,285.05000000000007,2opt,notBad
8487,14,285.05000000000007,14,285.05000000000007,swap,notBad
8488,14,285.05000000000007,14,285.05000000000007,move,improve
8489,14,285.05000000000007,14,285.05000000000007,2opt,notBad
8490,14,285.05000000000007,14,285.05000000000007,move,improve
8491,14,285.05000000000007,14,285.05000000000007,2opt,notBad
8492,14,285.05000000000007,14,285.05000000000007,move,improve
8493,14,285.05000000000007,14,285.05000000000007,2opt,notBad
8494,14,285.05000000000007,14,285.05000000000007,2opt,improve
8495,14,285.05000000000007,14,285.05000000000007,move,improve
8496,14,285.05000000000007,14,285.05000000000007,swap,notBad
8497,14,285.05000000000007,14,285.05000000000007,swap,notBad
8498,14,285.05000000000007,14,285.05000000000007,swap,notBad
8499,14,285.05000000000007,14,285.05000000000007,swap,notBad
8500,14,285.05000000000007,14,285.05000000000007,swap,notBad
8501,14,285.05000000000007,14,285.05000000000007,move,improve
8502,14,285.05000000000007,14,285.05000000000007,move,improve
8503,14,285.05000000000007,14,285.05000000000007,swap,notBad
8504,14,285.05000000000007,14,285.05000000000007,2opt,improve
8505,14,285.05000000000007,14,285.05000000000007,swap,notBad
8506,14,285.05000000000007,14,285.05000000000007,swap,notBad
8507,14,285.05000000000007,14,285.05000000000007,move,improve
8508,14,285.05000000000007,14,285.05000000000007,move,improve
8509,14,285.05000000000007,14,285.05000000000007,swap,notBad
8510,14,285.05000000000007,14,285.05000000000007,move,improve
8511,14,285.05000000000007,14,285.05000000000007,move,improve
8512,14,285.05000000000007,14,285.05000000000007,move,improve
8513,14,285.05000000000007,14,285.05000000000007,move,improve
8514,14,285.05000000000007,14,285.05000000000007,swap,notBad
8515,14,285.05000000000007,14,285.05000000000007,2opt,notBad
8516,14,285.05000000000007,14,285.05000000000007,move,improve
8517,14,285.05000000000007,14,285.05000000000007,2opt,notBad
8518,14,285.05000000000007,14,285.05000000000007,2opt,notBad
8519,14,285.05000000000007,14,285.05000000000007,swap,notBad
8520,14,285.05000000000007,14,285.05000000000007,swap,notBad
8521,14,285.05000000000007,14,285.05000000000007,swap,notBad
8522,14,285.05000000000007,14,285.05000000000007,swap,notBad
8523,14,285.05000000000007,14,285.05000000000007,swap,notBad
8524,14,285.05000000000007,14,285.05000000000007,move,improve
8525,14,285.05000000000007,14,285.05000000000007,swap,notBad
8526,14,285.05000000000007,14,285.05000000000007,move,improve
8527,14,285.05000000000007,14,285.05000000000007,2opt,improve
8528,14,285.05000000000007,14,285.05000000000007,move,improve
8529,14,285.05000000000007,14,285.05000000000007,swap,notBad
8530,14,285.05000000000007,14,285.05000000000007,2opt,notBad
8531,14,285.05000000000007,14,285.05000000000007,move,improve
8532,14,285.05000000000007,14,285.05000000000007,move,improve
8533,14,285.05000000000007,14,285.05000000000007,swap,notBad
8534,14,285.05000000000007,14,285.05000000000007,move,improve
8535,14,285.05000000000007,14,285.05000000000007,swap,notBad
8536,14,285.05000000000007,14,285.05000000000007,2opt,notBad
8537,14,285.05000000000007,14,285.05000000000007,move,improve
8538,14,285.05000000000007,14,285.05000000000007,swap,notBad
8539,14,285.05000000000007,14,285.05000000000007,move,improve
8540,14,285.05000000000007,14,285.05000000000007,2opt,improve
8541,14,285.05000000000007,14,285.05000000000007,2opt,notBad
8542,14,285.05000000000007,14,285.05000000000007,swap,notBad
8543,14,285.05000000000007,14,285.05000000000007,2opt,notBad
8544,14,285.05000000000007,14,285.05000000000007,2opt,notBad
8545,14,285.05000000000007,14,285.05000000000007,2opt,notBad
8546,14,285.05000000000007,14,285.05000000000007,swap,notBad
8547,14,285.05000000000007,14,285.05000000000007,2opt,notBad
8548,14,285.05000000000007,14,285.05000000000007,2opt,notBad
8549,14,285.05000000000007,14,285.05000000000007,2opt,notBad
8550,14,285.05000000000007,14,285.05000000000007,swap,notBad
8551,14,285.05000000000007,14,285.05000000000007,move,improve
8552,14,285.05000000000007,14,285.05000000000007,move,improve
8553,14,285.05000000000007,14,285.05000000000007,2opt,notBad
8554,14,285.05000000000007,14,285.05000000000007,move,improve
8555,14,285.05000000000007,14,285.05000000000007,move,improve
8556,14,285.05000000000007,14,285.05000000000007,move,improve
8557,14,285.05000000000007,14,285.05000000000007,2opt,notBad
8558,14,285.05000000000007,14,285.05000000000007,2opt,notBad
8559,14,285.05000000000007,14,285.05000000000007,2opt,notBad
8560,14,285.05000000000007,14,285.05000000000007,move,improve
8561,14,285.05000000000007,14,285.05000000000007,2opt,improve
8562,14,285.05000000000007,14,285.05000000000007,move,improve
8563,14,293.5200000000002,14,285.05000000000007,swap,acceptBad
8564,14,293.5200000000002,14,285.05000000000007,move,improve
8565,14,293.5200000000002,14,285.05000000000007,move,improve
8566,14,293.5200000000002,14,285.05000000000007,swap,notBad
8567,14,293.5200000000002,14,285.05000000000007,move,improve
8568,14,293.5200000000002,14,285.05000000000007,swap,notBad
8569,14,293.5200000000002,14,285.05000000000007,swap,notBad
8570,14,293.5200000000002,14,285.05000000000007,2opt,notBad
8571,14,293.5200000000002,14,285.05000000000007,swap,notBad
8572,14,293.5200000000002,14,285.05000000000007,2opt,notBad
8573,14,293.5200000000002,14,285.05000000000007,swap,notBad
8574,14,293.5200000000002,14,285.05000000000007,swap,notBad
8575,14,293.5200000000002,14,285.05000000000007,move,improve
8576,14,293.5200000000002,14,285.05000000000007,swap,notBad
8577,14,293.5200000000002,14,285.05000000000007,move,improve
8578,14,293.5200000000002,14,285.05000000000007,swap,notBad
8579,14,293.5200000000002,14,285.05000000000007,2opt,improve
8580,14,293.5200000000002,14,285.05000000000007,swap,notBad
8581,14,285.05000000000007,14,285.05000000000007,move,improve
8582,14,285.05000000000007,14,285.05000000000007,swap,notBad
8583,14,285.05000000000007,14,285.05000000000007,2opt,notBad
8584,14,285.05000000000007,14,285.05000000000007,2opt,notBad
8585,14,285.05000000000007,14,285.05000000000007,swap,notBad
8586,14,285.05000000000007,14,285.05000000000007,swap,notBad
8587,14,285.05000000000007,14,285.05000000000007,move,improve
8588,14,285.05000000000007,14,285.05000000000007,move,improve
8589,14,285.05000000000007,14,285.05000000000007,move,improve
8590,14,285.05000000000007,14,285.05000000000007,move,improve
8591,14,285.05000000000007,14,285.05000000000007,move,improve
8592,14,285.05000000000007,14,285.05000000000007,swap,notBad
8593,14,285.05000000000007,14,285.05000000000007,move,improve
8594,14,285.05000000000007,14,285.05000000000007,2opt,notBad
8595,14,285.05000000000007,14,285.05000000000007,swap,notBad
8596,14,285.05000000000007,14,285.05000000000007,2opt,improve
8597,14,285.05000000000007,14,285.05000000000007,2opt,notBad
8598,14,285.05000000000007,14,285.05000000000007,2opt,improve
8599,14,285.05000000000007,14,285.05000000000007,swap,notBad
8600,14,285.05000000000007,14,285.05000000000007,2opt,notBad
8601,14,285.05000000000007,14,285.05000000000007,move,improve
8602,14,285.05000000000007,14,285.05000000000007,swap,notBad
8603,14,285.05000000000007,14,285.05000000000007,swap,notBad
8604,14,285.05000000000007,14,285.05000000000007,swap,notBad
8605,14,285.05000000000007,14,285.05000000000007,2opt,notBad
8606,14,285.05000000000007,14,285.05000000000007,2opt,improve
8607,14,285.05000000000007,14,285.05000000000007,swap,notBad
8608,14,285.05000000000007,14,285.05000000000007,move,improve
8609,14,285.05000000000007,14,285.05000000000007,swap,notBad
8610,14,285.05000000000007,14,285.05000000000007,2opt,notBad
8611,14,285.05000000000007,14,285.05000000000007,2opt,improve
8612,14,285.05000000000007,14,285.05000000000007,2opt,notBad
8613,14,285.05000000000007,14,285.05000000000007,2opt,notBad
8614,14,285.05000000000007,14,285.05000000000007,2opt,notBad
8615,14,285.05000000000007,14,285.05000000000007,2opt,notBad
8616,14,285.05000000000007,14,285.05000000000007,2opt,notBad
8617,14,285.05000000000007,14,285.05000000000007,move,notBad
8618,14,285.05000000000007,14,285.05000000000007,2opt,notBad
8619,14,285.05000000000007,14,285.05000000000007,swap,notBad
8620,14,285.05000000000007,14,285.05000000000007,2opt,notBad
8621,14,285.05000000000007,14,285.05000000000007,move,improve
8622,14,285.05000000000007,14,285.05000000000007,2opt,notBad
8623,14,285.05000000000007,14,285.05000000000007,move,improve
8624,14,285.05000000000007,14,285.05000000000007,swap,notBad
8625,14,285.05000000000007,14,285.05000000000007,move,improve
8626,14,285.05000000000007,14,285.05000000000007,2opt,notBad
8627,14,285.05000000000007,14,285.05000000000007,2opt,improve
8628,14,285.05000000000007,14,285.05000000000007,2opt,notBad
8629,14,285.05000000000007,14,285.05000000000007,move,improve
8630,14,285.05000000000007,14,285.05000000000007,swap,notBad
8631,14,285.05000000000007,14,285.05000000000007,move,improve
8632,14,285.05000000000007,14,285.05000000000007,move,improve
8633,14,285.05000000000007,14,285.05000000000007,move,improve
8634,14,285.05000000000007,14,285.05000000000007,move,improve
8635,14,285.05000000000007,14,285.05000000000007,2opt,notBad
8636,14,285.05000000000007,14,285.05000000000007,2opt,notBad
8637,14,285.05000000000007,14,285.05000000000007,2opt,notBad
8638,14,285.05000000000007,14,285.05000000000007,2opt,notBad
8639,14,285.05000000000007,14,285.05000000000007,2opt,notBad
8640,14,285.05000000000007,14,285.05000000000007,move,improve
8641,14,285.05000000000007,14,285.05000000000007,2opt,notBad
8642,14,285.05000000000007,14,285.05000000000007,move,improve
8643,14,284.71999999999997,14,284.71999999999997,swap,newBest
8644,14,284.71999999999997,14,284.71999999999997,move,improve
8645,14,284.71999999999997,14,284.71999999999997,swap,notBad
8646,14,284.71999999999997,14,284.71999999999997,move,improve
8647,14,284.71999999999997,14,284.71999999999997,swap,notBad
8648,14,284.71999999999997,14,284.71999999999997,2opt,notBad
8649,14,284.71999999999997,14,284.71999999999997,move,improve
8650,14,284.71999999999997,14,284.71999999999997,2opt,notBad
8651,14,284.71999999999997,14,284.71999999999997,swap,notBad
8652,14,284.71999999999997,14,284.71999999999997,move,improve
8653,14,284.71999999999997,14,284.71999999999997,2opt,notBad
8654,14,284.71999999999997,14,284.71999999999997,2opt,notBad
8655,14,284.71999999999997,14,284.71999999999997,2opt,notBad
8656,14,284.71999999999997,14,284.71999999999997,2opt,notBad
8657,14,284.71999999999997,14,284.71999999999997,2opt,notBad
8658,14,284.71999999999997,14,284.71999999999997,swap,notBad
8659,14,284.71999999999997,14,284.71999999999997,swap,notBad
8660,14,284.37999999999994,14,284.37999999999994,move,newBest
8661,14,284.37999999999994,14,284.37999999999994,swap,notBad
8662,14,284.37999999999994,14,284.37999999999994,swap,notBad
8663,14,284.37999999999994,14,284.37999999999994,swap,notBad
8664,14,284.37999999999994,14,284.37999999999994,move,improve
8665,14,284.37999999999994,14,284.37999999999994,swap,notBad
8666,14,284.37999999999994,14,284.37999999999994,swap,notBad
8667,14,284.37999999999994,14,284.37999999999994,swap,notBad
8668,14,284.37999999999994,14,284.37999999999994,2opt,notBad
8669,14,284.37999999999994,14,284.37999999999994,move,improve
8670,14,284.37999999999994,14,284.37999999999994,swap,notBad
8671,14,284.37999999999994,14,284.37999999999994,move,improve
8672,14,284.37999999999994,14,284.37999999999994,swap,notBad
8673,14,284.37999999999994,14,284.37999999999994,move,improve
8674,14,284.37999999999994,14,284.37999999999994,move,improve
8675,14,284.37999999999994,14,284.37999999999994,2opt,notBad
8676,14,284.37999999999994,14,284.37999999999994,swap,notBad
8677,14,284.37999999999994,14,284.37999999999994,swap,notBad
8678,14,284.37999999999994,14,284.37999999999994,2opt,notBad
8679,14,284.37999999999994,14,284.37999999999994,move,improve
8680,14,284.37999999999994,14,284.37999999999994,2opt,notBad
8681,14,284.37999999999994,14,284.37999999999994,move,improve
8682,14,284.37999999999994,14,284.37999999999994,2opt,notBad
8683,14,284.37999999999994,14,284.37999999999994,move,improve
8684,14,284.37999999999994,14,284.37999999999994,swap,notBad
8685,14,284.37999999999994,14,284.37999999999994,move,improve
8686,14,284.37999999999994,14,284.37999999999994,2opt,notBad
8687,14,284.37999999999994,14,284.37999999999994,2opt,notBad
8688,14,284.37999999999994,14,284.37999999999994,2opt,improve
8689,14,284.37999999999994,14,284.37999999999994,swap,notBad
8690,14,284.37999999999994,14,284.37999999999994,2opt,improve
8691,14,284.37999999999994,14,284.37999999999994,2opt,improve
8692,14,284.37999999999994,14,284.37999999999994,2opt,notBad
8693,14,284.37999999999994,14,284.37999999999994,2opt,notBad
8694,14,284.37999999999994,14,284.37999999999994,move,improve
8695,14,284.37999999999994,14,284.37999999999994,2opt,notBad
8696,14,284.37999999999994,14,284.37999999999994,move,improve
8697,14,284.37999999999994,14,284.37999999999994,move,improve
8698,14,284.37999999999994,14,284.37999999999994,2opt,notBad
8699,14,284.37999999999994,14,284.37999999999994,swap,notBad
8700,14,284.37999999999994,14,284.37999999999994,swap,notBad
8701,14,284.37999999999994,14,284.37999999999994,move,improve
8702,14,284.37999999999994,14,284.37999999999994,swap,notBad
8703,14,284.37999999999994,14,284.37999999999994,2opt,notBad
8704,14,284.37999999999994,14,284.37999999999994,move,improve
8705,14,284.37999999999994,14,284.37999999999994,2opt,notBad
8706,14,284.37999999999994,14,284.37999999999994,move,improve
8707,14,284.37999999999994,14,284.37999999999994,swap,notBad
8708,14,284.37999999999994,14,284.37999999999994,move,improve
8709,14,284.37999999999994,14,284.37999999999994,swap,notBad
8710,14,284.37999999999994,14,284.37999999999994,swap,notBad
8711,14,284.37999999999994,14,284.37999999999994,swap,notBad
8712,14,284.37999999999994,14,284.37999999999994,swap,notBad
8713,14,284.37999999999994,14,284.37999999999994,swap,notBad
8714,14,284.37999999999994,14,284.37999999999994,move,improve
8715,14,284.37999999999994,14,284.37999999999994,2opt,notBad
8716,14,284.37999999999994,14,284.37999999999994,swap,notBad
8717,14,284.37999999999994,14,284.37999999999994,swap,notBad
8718,14,284.37999999999994,14,284.37999999999994,swap,notBad
8719,14,284.37999999999994,14,284.37999999999994,move,improve
8720,14,284.37999999999994,14,284.37999999999994,move,improve
8721,14,284.37999999999994,14,284.37999999999994,swap,notBad
8722,14,284.37999999999994,14,284.37999999999994,move,improve
8723,14,284.37999999999994,14,284.37999999999994,2opt,notBad
8724,14,284.37999999999994,14,284.37999999999994,2opt,notBad
8725,14,284.37999999999994,14,284.37999999999994,swap,notBad
8726,14,284.37999999999994,14,284.37999999999994,2opt,improve
8727,14,284.37999999999994,14,284.37999999999994,swap,notBad
8728,14,284.37999999999994,14,284.37999999999994,move,improve
8729,14,284.37999999999994,14,284.37999999999994,2opt,improve
8730,14,284.37999999999994,14,284.37999999999994,swap,notBad
8731,14,284.37999999999994,14,284.37999999999994,2opt,notBad
8732,14,284.37999999999994,14,284.37999999999994,swap,notBad
8733,14,284.37999999999994,14,284.37999999999994,move,improve
8734,14,284.37999999999994,14,284.37999999999994,2opt,notBad
8735,14,284.37999999999994,14,284.37999999999994,swap,notBad
8736,14,284.37999999999994,14,284.37999999999994,2opt,notBad
8737,14,284.37999999999994,14,284.37999999999994,2opt,notBad
8738,14,284.37999999999994,14,284.37999999999994,move,improve
8739,14,284.37999999999994,14,284.37999999999994,2opt,notBad
8740,14,284.37999999999994,14,284.37999999999994,swap,notBad
8741,14,284.37999999999994,14,284.37999999999994,move,improve
8742,14,284.37999999999994,14,284.37999999999994,2opt,notBad
8743,14,284.37999999999994,14,284.37999999999994,move,improve
8744,14,284.37999999999994,14,284.37999999999994,2opt,notBad
8745,14,284.37999999999994,14,284.37999999999994,2opt,notBad
8746,14,284.37999999999994,14,284.37999999999994,2opt,notBad
8747,14,284.37999999999994,14,284.37999999999994,move,improve
8748,14,284.37999999999994,14,284.37999999999994,move,improve
8749,14,284.37999999999994,14,284.37999999999994,swap,notBad
8750,14,284.37999999999994,14,284.37999999999994,move,improve
8751,14,284.37999999999994,14,284.37999999999994,swap,notBad
8752,14,284.37999999999994,14,284.37999999999994,swap,notBad
8753,14,284.37999999999994,14,284.37999999999994,swap,notBad
8754,14,284.37999999999994,14,284.37999999999994,move,improve
8755,14,284.37999999999994,14,284.37999999999994,swap,notBad
8756,14,284.37999999999994,14,284.37999999999994,move,improve
8757,14,284.37999999999994,14,284.37999999999994,swap,notBad
8758,14,284.37999999999994,14,284.37999999999994,swap,notBad
8759,14,284.37999999999994,14,284.37999999999994,move,improve
8760,14,284.37999999999994,14,284.37999999999994,move,improve
8761,14,284.37999999999994,14,284.37999999999994,swap,notBad
8762,14,284.37999999999994,14,284.37999999999994,swap,notBad
8763,14,284.37999999999994,14,284.37999999999994,move,improve
8764,14,284.37999999999994,14,284.37999999999994,swap,notBad
8765,14,284.37999999999994,14,284.37999999999994,swap,notBad
8766,14,284.37999999999994,14,284.37999999999994,2opt,notBad
8767,14,284.37999999999994,14,284.37999999999994,move,improve
8768,14,284.37999999999994,14,284.37999999999994,swap,notBad
8769,14,284.37999999999994,14,284.37999999999994,move,improve
8770,14,284.37999999999994,14,284.37999999999994,move,improve
8771,14,284.37999999999994,14,284.37999999999994,2opt,notBad
8772,14,284.37999999999994,14,284.37999999999994,move,improve
8773,14,284.37999999999994,14,284.37999999999994,move,improve
8774,14,284.37999999999994,14,284.37999999999994,2opt,notBad
8775,14,284.37999999999994,14,284.37999999999994,swap,notBad
8776,14,284.37999999999994,14,284.37999999999994,2opt,notBad
8777,14,284.37999999999994,14,284.37999999999994,move,improve
8778,14,284.37999999999994,14,284.37999999999994,swap,notBad
8779,14,284.37999999999994,14,284.37999999999994,move,improve
8780,14,284.37999999999994,14,284.37999999999994,swap,notBad
8781,14,284.37999999999994,14,284.37999999999994,swap,notBad
8782,14,284.37999999999994,14,284.37999999999994,2opt,notBad
8783,14,284.37999999999994,14,284.37999999999994,move,improve
8784,14,284.37999999999994,14,284.37999999999994,swap,notBad
8785,14,284.37999999999994,14,284.37999999999994,2opt,notBad
8786,14,284.37999999999994,14,284.37999999999994,2opt,notBad
8787,14,284.37999999999994,14,284.37999999999994,move,improve
8788,14,284.37999999999994,14,284.37999999999994,move,improve
8789,14,284.37999999999994,14,284.37999999999994,swap,notBad
8790,14,284.37999999999994,14,284.37999999999994,move,improve
8791,14,284.37999999999994,14,284.37999999999994,2opt,notBad
8792,14,284.37999999999994,14,284.37999999999994,swap,notBad
8793,14,284.37999999999994,14,284.37999999999994,move,improve
8794,14,284.37999999999994,14,284.37999999999994,swap,notBad
8795,14,284.37999999999994,14,284.37999999999994,move,improve
8796,14,284.37999999999994,14,284.37999999999994,move,improve
8797,14,284.37999999999994,14,284.37999999999994,move,improve
8798,14,284.37999999999994,14,284.37999999999994,swap,notBad
8799,14,284.37999999999994,14,284.37999999999994,swap,notBad
8800,14,284.37999999999994,14,284.37999999999994,2opt,notBad
8801,14,284.37999999999994,14,284.37999999999994,swap,notBad
8802,14,284.37999999999994,14,284.37999999999994,move,improve
8803,14,284.37999999999994,14,284.37999999999994,move,improve
8804,14,284.37999999999994,14,284.37999999999994,move,improve
8805,14,284.37999999999994,14,284.37999999999994,2opt,notBad
8806,14,284.37999999999994,14,284.37999999999994,swap,notBad
8807,14,284.37999999999994,14,284.37999999999994,move,improve
8808,14,284.37999999999994,14,284.37999999999994,move,improve
8809,14,284.37999999999994,14,284.37999999999994,move,improve
8810,14,284.37999999999994,14,284.37999999999994,move,improve
8811,14,284.37999999999994,14,284.37999999999994,move,improve
8812,14,284.37999999999994,14,284.37999999999994,move,improve
8813,14,284.37999999999994,14,284.37999999999994,move,improve
8814,14,284.37999999999994,14,284.37999999999994,swap,notBad
8815,14,284.37999999999994,14,284.37999999999994,2opt,notBad
8816,14,284.37999999999994,14,284.37999999999994,2opt,improve
8817,14,284.37999999999994,14,284.37999999999994,2opt,notBad
8818,14,284.37999999999994,14,284.37999999999994,move,improve
8819,14,284.37999999999994,14,284.37999999999994,swap,notBad
8820,14,284.37999999999994,14,284.37999999999994,swap,notBad
8821,14,284.37999999999994,14,284.37999999999994,swap,notBad
8822,14,284.37999999999994,14,284.37999999999994,2opt,improve
8823,14,284.37999999999994,14,284.37999999999994,2opt,notBad
8824,14,284.37999999999994,14,284.37999999999994,2opt,improve
8825,14,284.37999999999994,14,284.37999999999994,swap,notBad
8826,14,284.37999999999994,14,284.37999999999994,swap,notBad
8827,14,284.37999999999994,14,284.37999999999994,2opt,notBad
8828,14,284.37999999999994,14,284.37999999999994,swap,notBad
8829,14,284.37999999999994,14,284.37999999999994,move,improve
8830,14,284.37999999999994,14,284.37999999999994,2opt,notBad
8831,14,284.37999999999994,14,284.37999999999994,2opt,notBad
8832,14,284.37999999999994,14,284.37999999999994,swap,notBad
8833,14,284.37999999999994,14,284.37999999999994,2opt,notBad
8834,14,284.37999999999994,14,284.37999999999994,move,improve
8835,14,284.37999999999994,14,284.37999999999994,move,improve
8836,14,284.37999999999994,14,284.37999999999994,2opt,notBad
8837,14,284.37999999999994,14,284.37999999999994,2opt,notBad
8838,14,284.37999999999994,14,284.37999999999994,2opt,notBad
8839,14,284.37999999999994,14,284.37999999999994,2opt,improve
8840,14,284.37999999999994,14,284.37999999999994,swap,notBad
8841,14,284.37999999999994,14,284.37999999999994,2opt,notBad
8842,14,284.37999999999994,14,284.37999999999994,swap,notBad
8843,14,284.37999999999994,14,284.37999999999994,move,improve
8844,14,284.37999999999994,14,284.37999999999994,move,improve
8845,14,284.37999999999994,14,284.37999999999994,swap,notBad
8846,14,284.37999999999994,14,284.37999999999994,move,improve
8847,14,284.37999999999994,14,284.37999999999994,swap,notBad
8848,14,284.37999999999994,14,284.37999999999994,swap,notBad
8849,14,284.37999999999994,14,284.37999999999994,swap,notBad
8850,14,284.37999999999994,14,284.37999999999994,2opt,notBad
8851,14,284.37999999999994,14,284.37999999999994,2opt,notBad
8852,14,284.37999999999994,14,284.37999999999994,move,improve
8853,14,284.37999999999994,14,284.37999999999994,swap,notBad
8854,14,284.37999999999994,14,284.37999999999994,swap,notBad
8855,14,284.37999999999994,14,284.37999999999994,swap,notBad
8856,14,284.37999999999994,14,284.37999999999994,2opt,notBad
8857,14,284.37999999999994,14,284.37999999999994,move,improve
8858,14,284.37999999999994,14,284.37999999999994,move,improve
8859,14,284.37999999999994,14,284.37999999999994,swap,notBad
8860,14,284.37999999999994,14,284.37999999999994,move,improve
8861,14,284.37999999999994,14,284.37999999999994,2opt,notBad
8862,14,284.37999999999994,14,284.37999999999994,2opt,notBad
8863,14,284.37999999999994,14,284.37999999999994,2opt,improve
8864,14,284.37999999999994,14,284.37999999999994,move,notBad
8865,14,284.37999999999994,14,284.37999999999994,swap,notBad
8866,14,284.37999999999994,14,284.37999999999994,move,improve
8867,14,284.37999999999994,14,284.37999999999994,swap,notBad
8868,14,284.37999999999994,14,284.37999999999994,swap,notBad
8869,14,284.37999999999994,14,284.37999999999994,move,improve
8870,14,284.37999999999994,14,284.37999999999994,2opt,notBad
8871,14,284.37999999999994,14,284.37999999999994,2opt,notBad
8872,14,284.37999999999994,14,284.37999999999994,move,improve
8873,14,284.37999999999994,14,284.37999999999994,2opt,notBad
8874,14,284.37999999999994,14,284.37999999999994,2opt,notBad
8875,14,284.37999999999994,14,284.37999999999994,2opt,notBad
8876,14,284.37999999999994,14,284.37999999999994,move,improve
8877,14,284.37999999999994,14,284.37999999999994,2opt,notBad
8878,14,284.37999999999994,14,284.37999999999994,swap,notBad
8879,14,284.37999999999994,14,284.37999999999994,swap,notBad
8880,14,284.37999999999994,14,284.37999999999994,2opt,notBad
8881,14,284.37999999999994,14,284.37999999999994,2opt,notBad
8882,14,284.37999999999994,14,284.37999999999994,2opt,notBad
8883,14,284.37999999999994,14,284.37999999999994,2opt,notBad
8884,14,284.37999999999994,14,284.37999999999994,swap,notBad
8885,14,284.37999999999994,14,284.37999999999994,2opt,notBad
8886,14,284.37999999999994,14,284.37999999999994,swap,notBad
8887,14,284.37999999999994,14,284.37999999999994,swap,notBad
8888,14,284.37999999999994,14,284.37999999999994,2opt,notBad
8889,14,284.37999999999994,14,284.37999999999994,move,improve
8890,14,284.37999999999994,14,284.37999999999994,2opt,notBad
8891,14,284.37999999999994,14,284.37999999999994,2opt,improve
8892,14,284.37999999999994,14,284.37999999999994,move,improve
8893,14,284.37999999999994,14,284.37999999999994,swap,notBad
8894,14,284.37999999999994,14,284.37999999999994,move,improve
8895,14,284.37999999999994,14,284.37999999999994,2opt,notBad
8896,14,284.37999999999994,14,284.37999999999994,2opt,notBad
8897,14,284.37999999999994,14,284.37999999999994,move,improve
8898,14,284.37999999999994,14,284.37999999999994,2opt,notBad
8899,14,284.37999999999994,14,284.37999999999994,swap,notBad
8900,14,284.37999999999994,14,284.37999999999994,2opt,notBad
8901,14,284.37999999999994,14,284.37999999999994,2opt,notBad
8902,14,284.37999999999994,14,284.37999999999994,2opt,notBad
8903,14,284.37999999999994,14,284.37999999999994,move,improve
8904,14,284.37999999999994,14,284.37999999999994,2opt,notBad
8905,14,284.37999999999994,14,284.37999999999994,move,improve
8906,14,284.37999999999994,14,284.37999999999994,move,improve
8907,14,284.37999999999994,14,284.37999999999994,swap,notBad
8908,14,284.37999999999994,14,284.37999999999994,2opt,notBad
8909,14,284.37999999999994,14,284.37999999999994,move,improve
8910,14,284.37999999999994,14,284.37999999999994,swap,notBad
8911,14,284.37999999999994,14,284.37999999999994,move,improve
8912,14,284.37999999999994,14,284.37999999999994,move,improve
8913,14,284.37999999999994,14,284.37999999999994,2opt,notBad
8914,14,284.37999999999994,14,284.37999999999994,swap,notBad
8915,14,284.37999999999994,14,284.37999999999994,2opt,notBad
8916,14,284.37999999999994,14,284.37999999999994,2opt,improve
8917,14,284.37999999999994,14,284.37999999999994,swap,notBad
8918,14,284.37999999999994,14,284.37999999999994,2opt,notBad
8919,14,284.37999999999994,14,284.37999999999994,move,improve
8920,14,284.37999999999994,14,284.37999999999994,swap,notBad
8921,14,284.37999999999994,14,284.37999999999994,swap,notBad
8922,14,284.37999999999994,14,284.37999999999994,swap,notBad
8923,14,284.37999999999994,14,284.37999999999994,move,improve
8924,14,284.37999999999994,14,284.37999999999994,move,improve
8925,14,284.37999999999994,14,284.37999999999994,swap,notBad
8926,14,284.37999999999994,14,284.37999999999994,2opt,notBad
8927,14,284.37999999999994,14,284.37999999999994,move,improve
8928,14,284.37999999999994,14,284.37999999999994,move,improve
8929,14,284.37999999999994,14,284.37999999999994,2opt,notBad
8930,14,284.37999999999994,14,284.37999999999994,2opt,notBad
8931,14,284.37999999999994,14,284.37999999999994,swap,notBad
8932,14,284.37999999999994,14,284.37999999999994,2opt,notBad
8933,14,284.37999999999994,14,284.37999999999994,swap,notBad
8934,14,284.37999999999994,14,284.37999999999994,swap,notBad
8935,14,284.37999999999994,14,284.37999999999994,swap,notBad
8936,14,284.37999999999994,14,284.37999999999994,swap,notBad
8937,14,284.37999999999994,14,284.37999999999994,2opt,notBad
8938,14,284.37999999999994,14,284.37999999999994,move,improve
8939,14,284.37999999999994,14,284.37999999999994,2opt,notBad
8940,14,284.37999999999994,14,284.37999999999994,2opt,notBad
8941,14,284.37999999999994,14,284.37999999999994,move,improve
8942,14,284.37999999999994,14,284.37999999999994,move,improve
8943,14,284.37999999999994,14,284.37999999999994,2opt,notBad
8944,14,284.37999999999994,14,284.37999999999994,swap,notBad
8945,14,284.37999999999994,14,284.37999999999994,swap,notBad
8946,14,284.37999999999994,14,284.37999999999994,swap,notBad
8947,14,284.37999999999994,14,284.37999999999994,2opt,notBad
8948,14,284.37999999999994,14,284.37999999999994,swap,notBad
8949,14,284.37999999999994,14,284.37999999999994,move,improve
8950,14,284.37999999999994,14,284.37999999999994,swap,notBad
8951,14,284.37999999999994,14,284.37999999999994,2opt,notBad
8952,14,284.37999999999994,14,284.37999999999994,move,improve
8953,14,284.37999999999994,14,284.37999999999994,move,improve
8954,14,284.37999999999994,14,284.37999999999994,2opt,notBad
8955,14,284.37999999999994,14,284.37999999999994,move,improve
8956,14,284.37999999999994,14,284.37999999999994,move,improve
8957,14,284.37999999999994,14,284.37999999999994,2opt,notBad
8958,14,284.37999999999994,14,284.37999999999994,2opt,notBad
8959,14,284.37999999999994,14,284.37999999999994,move,improve
8960,14,284.37999999999994,14,284.37999999999994,swap,notBad
8961,14,284.37999999999994,14,284.37999999999994,2opt,notBad
8962,14,284.37999999999994,14,284.37999999999994,swap,notBad
8963,14,284.37999999999994,14,284.37999999999994,2opt,notBad
8964,14,284.37999999999994,14,284.37999999999994,2opt,notBad
8965,14,284.37999999999994,14,284.37999999999994,move,improve
8966,14,284.37999999999994,14,284.37999999999994,swap,notBad
8967,14,284.37999999999994,14,284.37999999999994,move,improve
8968,14,284.37999999999994,14,284.37999999999994,2opt,notBad
8969,14,284.37999999999994,14,284.37999999999994,move,improve
8970,14,284.37999999999994,14,284.37999999999994,move,improve
8971,14,284.37999999999994,14,284.37999999999994,2opt,improve
8972,14,284.37999999999994,14,284.37999999999994,swap,notBad
8973,14,284.37999999999994,14,284.37999999999994,2opt,notBad
8974,14,284.37999999999994,14,284.37999999999994,2opt,notBad
8975,14,284.37999999999994,14,284.37999999999994,move,improve
8976,14,284.37999999999994,14,284.37999999999994,move,improve
8977,14,284.37999999999994,14,284.37999999999994,swap,notBad
8978,14,284.37999999999994,14,284.37999999999994,swap,notBad
8979,14,284.37999999999994,14,284.37999999999994,2opt,improve
8980,14,284.37999999999994,14,284.37999999999994,2opt,notBad
8981,14,284.37999999999994,14,284.37999999999994,2opt,notBad
8982,14,284.37999999999994,14,284.37999999999994,swap,notBad
8983,14,284.37999999999994,14,284.37999999999994,move,improve
8984,14,284.37999999999994,14,284.37999999999994,move,improve
8985,14,284.37999999999994,14,284.37999999999994,move,improve
8986,14,284.37999999999994,14,284.37999999999994,move,improve
8987,14,284.37999999999994,14,284.37999999999994,move,improve
8988,14,284.37999999999994,14,284.37999999999994,swap,notBad
8989,14,284.37999999999994,14,284.37999999999994,move,improve
8990,14,284.37999999999994,14,284.37999999999994,swap,notBad
8991,14,284.37999999999994,14,284.37999999999994,move,improve
8992,14,284.37999999999994,14,284.37999999999994,swap,notBad
8993,14,284.37999999999994,14,284.37999999999994,2opt,improve
8994,14,284.37999999999994,14,284.37999999999994,move,improve
8995,14,284.37999999999994,14,284.37999999999994,swap,notBad
8996,14,284.37999999999994,14,284.37999999999994,swap,notBad
8997,14,284.37999999999994,14,284.37999999999994,2opt,notBad
8998,14,284.37999999999994,14,284.37999999999994,move,improve
8999,14,284.37999999999994,14,284.37999999999994,2opt,improve
9000,14,284.37999999999994,14,284.37999999999994,move,improve
9001,14,284.37999999999994,14,284.37999999999994,swap,notBad
9002,14,284.37999999999994,14,284.37999999999994,swap,notBad
9003,14,284.37999999999994,14,284.37999999999994,swap,notBad
9004,14,284.37999999999994,14,284.37999999999994,swap,notBad
9005,14,284.37999999999994,14,284.37999999999994,move,improve
9006,14,284.37999999999994,14,284.37999999999994,swap,notBad
9007,14,284.37999999999994,14,284.37999999999994,2opt,notBad
9008,14,284.37999999999994,14,284.37999999999994,swap,notBad
9009,14,284.37999999999994,14,284.37999999999994,2opt,notBad
9010,14,284.37999999999994,14,284.37999999999994,2opt,notBad
9011,14,284.37999999999994,14,284.37999999999994,swap,notBad
9012,14,284.37999999999994,14,284.37999999999994,2opt,improve
9013,14,284.37999999999994,14,284.37999999999994,move,improve
9014,14,284.37999999999994,14,284.37999999999994,move,improve
9015,14,284.37999999999994,14,284.37999999999994,swap,notBad
9016,14,284.37999999999994,14,284.37999999999994,2opt,notBad
9017,14,284.37999999999994,14,284.37999999999994,2opt,notBad
9018,14,284.37999999999994,14,284.37999999999994,move,improve
9019,14,284.37999999999994,14,284.37999999999994,move,improve
9020,14,284.37999999999994,14,284.37999999999994,2opt,notBad
9021,14,284.37999999999994,14,284.37999999999994,swap,notBad
9022,14,284.37999999999994,14,284.37999999999994,swap,notBad
9023,14,284.37999999999994,14,284.37999999999994,move,improve
9024,14,284.37999999999994,14,284.37999999999994,swap,notBad
9025,14,284.37999999999994,14,284.37999999999994,swap,notBad
9026,14,284.37999999999994,14,284.37999999999994,move,improve
9027,14,284.37999999999994,14,284.37999999999994,2opt,notBad
9028,14,284.37999999999994,14,284.37999999999994,swap,notBad
9029,14,284.37999999999994,14,284.37999999999994,2opt,notBad
9030,14,284.37999999999994,14,284.37999999999994,2opt,notBad
9031,14,284.37999999999994,14,284.37999999999994,2opt,notBad
9032,14,284.37999999999994,14,284.37999999999994,swap,notBad
9033,14,284.37999999999994,14,284.37999999999994,swap,notBad
9034,14,284.37999999999994,14,284.37999999999994,move,improve
9035,14,284.37999999999994,14,284.37999999999994,move,improve
9036,14,284.37999999999994,14,284.37999999999994,2opt,notBad
9037,14,284.37999999999994,14,284.37999999999994,move,improve
9038,14,284.37999999999994,14,284.37999999999994,move,improve
9039,14,284.37999999999994,14,284.37999999999994,move,improve
9040,14,284.37999999999994,14,284.37999999999994,swap,notBad
9041,14,284.37999999999994,14,284.37999999999994,2opt,notBad
9042,14,284.37999999999994,14,284.37999999999994,2opt,notBad
9043,14,284.37999999999994,14,284.37999999999994,move,improve
9044,14,284.37999999999994,14,284.37999999999994,2opt,notBad
9045,14,284.37999999999994,14,284.37999999999994,2opt,notBad
9046,14,284.37999999999994,14,284.37999999999994,move,improve
9047,14,284.37999999999994,14,284.37999999999994,swap,notBad
9048,14,284.37999999999994,14,284.37999999999994,move,improve
9049,14,284.37999999999994,14,284.37999999999994,move,improve
9050,14,284.37999999999994,14,284.37999999999994,2opt,notBad
9051,14,284.37999999999994,14,284.37999999999994,2opt,notBad
9052,14,284.37999999999994,14,284.37999999999994,move,improve
9053,14,284.37999999999994,14,284.37999999999994,move,improve
9054,14,284.37999999999994,14,284.37999999999994,swap,notBad
9055,14,284.37999999999994,14,284.37999999999994,move,improve
9056,14,284.37999999999994,14,284.37999999999994,2opt,notBad
9057,14,284.37999999999994,14,284.37999999999994,2opt,improve
9058,14,284.37999999999994,14,284.37999999999994,swap,notBad
9059,14,284.37999999999994,14,284.37999999999994,move,improve
9060,14,284.37999999999994,14,284.37999999999994,2opt,notBad
9061,14,284.37999999999994,14,284.37999999999994,move,improve
9062,14,284.37999999999994,14,284.37999999999994,move,improve
9063,14,284.37999999999994,14,284.37999999999994,swap,notBad
9064,14,284.37999999999994,14,284.37999999999994,move,improve
9065,14,284.37999999999994,14,284.37999999999994,move,improve
9066,14,284.37999999999994,14,284.37999999999994,move,improve
9067,14,284.37999999999994,14,284.37999999999994,move,improve
9068,14,284.37999999999994,14,284.37999999999994,2opt,notBad
9069,14,284.37999999999994,14,284.37999999999994,swap,notBad
9070,14,284.37999999999994,14,284.37999999999994,2opt,improve
9071,14,284.37999999999994,14,284.37999999999994,move,improve
9072,14,284.37999999999994,14,284.37999999999994,move,improve
9073,14,284.37999999999994,14,284.37999999999994,swap,notBad
9074,14,284.37999999999994,14,284.37999999999994,2opt,notBad
9075,14,284.37999999999994,14,284.37999999999994,swap,notBad
9076,14,284.37999999999994,14,284.37999999999994,2opt,improve
9077,14,284.37999999999994,14,284.37999999999994,move,improve
9078,14,284.37999999999994,14,284.37999999999994,move,improve
9079,14,284.37999999999994,14,284.37999999999994,move,improve
9080,14,284.37999999999994,14,284.37999999999994,move,improve
9081,14,284.37999999999994,14,284.37999999999994,2opt,notBad
9082,14,284.37999999999994,14,284.37999999999994,swap,notBad
9083,14,284.37999999999994,14,284.37999999999994,move,improve
9084,14,284.37999999999994,14,284.37999999999994,swap,notBad
9085,14,284.37999999999994,14,284.37999999999994,2opt,notBad
9086,14,284.37999999999994,14,284.37999999999994,2opt,notBad
9087,14,284.37999999999994,14,284.37999999999994,swap,notBad
9088,14,284.37999999999994,14,284.37999999999994,swap,notBad
9089,14,284.37999999999994,14,284.37999999999994,swap,notBad
9090,14,284.37999999999994,14,284.37999999999994,move,improve
9091,14,284.37999999999994,14,284.37999999999994,move,improve
9092,14,284.37999999999994,14,284.37999999999994,2opt,notBad
9093,14,284.37999999999994,14,284.37999999999994,swap,notBad
9094,14,284.37999999999994,14,284.37999999999994,2opt,improve
9095,14,284.37999999999994,14,284.37999999999994,swap,notBad
9096,14,284.37999999999994,14,284.37999999999994,move,improve
9097,14,284.37999999999994,14,284.37999999999994,move,improve
9098,14,284.37999999999994,14,284.37999999999994,swap,notBad
9099,14,284.37999999999994,14,284.37999999999994,2opt,notBad
9100,14,284.37999999999994,14,284.37999999999994,move,improve
9101,14,284.37999999999994,14,284.37999999999994,swap,notBad
9102,14,284.37999999999994,14,284.37999999999994,swap,notBad
9103,14,284.37999999999994,14,284.37999999999994,2opt,notBad
9104,14,284.37999999999994,14,284.37999999999994,swap,notBad
9105,14,284.37999999999994,14,284.37999999999994,move,improve
9106,14,284.37999999999994,14,284.37999999999994,2opt,notBad
9107,14,284.37999999999994,14,284.37999999999994,swap,notBad
9108,14,284.37999999999994,14,284.37999999999994,swap,notBad
9109,14,284.37999999999994,14,284.37999999999994,2opt,notBad
9110,14,284.37999999999994,14,284.37999999999994,swap,notBad
9111,14,284.37999999999994,14,284.37999999999994,swap,notBad
9112,14,284.37999999999994,14,284.37999999999994,move,improve
9113,14,284.37999999999994,14,284.37999999999994,swap,notBad
9114,14,284.37999999999994,14,284.37999999999994,2opt,notBad
9115,14,284.37999999999994,14,284.37999999999994,2opt,notBad
9116,14,284.37999999999994,14,284.37999999999994,move,improve
9117,14,284.37999999999994,14,284.37999999999994,2opt,notBad
9118,14,284.37999999999994,14,284.37999999999994,move,improve
9119,14,284.37999999999994,14,284.37999999999994,2opt,notBad
9120,14,284.37999999999994,14,284.37999999999994,swap,notBad
9121,14,284.37999999999994,14,284.37999999999994,2opt,notBad
9122,14,284.37999999999994,14,284.37999999999994,swap,notBad
9123,14,284.37999999999994,14,284.37999999999994,2opt,notBad
9124,14,284.37999999999994,14,284.37999999999994,swap,notBad
9125,14,284.37999999999994,14,284.37999999999994,2opt,notBad
9126,14,284.37999999999994,14,284.37999999999994,move,improve
9127,14,284.37999999999994,14,284.37999999999994,2opt,improve
9128,14,284.37999999999994,14,284.37999999999994,move,improve
9129,14,284.37999999999994,14,284.37999999999994,swap,notBad
9130,14,284.37999999999994,14,284.37999999999994,move,improve
9131,14,284.37999999999994,14,284.37999999999994,move,improve
9132,14,284.37999999999994,14,284.37999999999994,move,improve
9133,14,284.37999999999994,14,284.37999999999994,move,improve
9134,14,284.37999999999994,14,284.37999999999994,swap,notBad
9135,14,284.37999999999994,14,284.37999999999994,move,improve
9136,14,284.37999999999994,14,284.37999999999994,move,improve
9137,14,284.37999999999994,14,284.37999999999994,swap,notBad
9138,14,284.37999999999994,14,284.37999999999994,swap,notBad
9139,14,284.37999999999994,14,284.37999999999994,2opt,notBad
9140,14,284.37999999999994,14,284.37999999999994,move,improve
9141,14,284.37999999999994,14,284.37999999999994,2opt,improve
9142,14,284.37999999999994,14,284.37999999999994,swap,notBad
9143,14,284.37999999999994,14,284.37999999999994,move,improve
9144,14,284.37999999999994,14,284.37999999999994,swap,notBad
9145,14,284.37999999999994,14,284.37999999999994,2opt,notBad
9146,14,284.37999999999994,14,284.37999999999994,move,improve
9147,14,284.37999999999994,14,284.37999999999994,move,improve
9148,14,284.37999999999994,14,284.37999999999994,move,improve
9149,14,284.37999999999994,14,284.37999999999994,swap,notBad
9150,14,284.37999999999994,14,284.37999999999994,swap,notBad
9151,14,284.37999999999994,14,284.37999999999994,swap,notBad
9152,14,284.37999999999994,14,284.37999999999994,move,improve
9153,14,284.37999999999994,14,284.37999999999994,move,improve
9154,14,284.37999999999994,14,284.37999999999994,2opt,notBad
9155,14,284.37999999999994,14,284.37999999999994,move,improve
9156,14,284.37999999999994,14,284.37999999999994,swap,notBad
9157,14,284.37999999999994,14,284.37999999999994,swap,notBad
9158,14,284.37999999999994,14,284.37999999999994,move,improve
9159,14,284.37999999999994,14,284.37999999999994,move,improve
9160,14,284.37999999999994,14,284.37999999999994,move,improve
9161,14,284.37999999999994,14,284.37999999999994,move,improve
9162,14,284.37999999999994,14,284.37999999999994,swap,notBad
9163,14,284.37999999999994,14,284.37999999999994,swap,notBad
9164,14,284.37999999999994,14,284.37999999999994,move,improve
9165,14,284.37999999999994,14,284.37999999999994,2opt,notBad
9166,14,284.37999999999994,14,284.37999999999994,swap,notBad
9167,14,284.37999999999994,14,284.37999999999994,2opt,notBad
9168,14,284.37999999999994,14,284.37999999999994,move,improve
9169,14,284.37999999999994,14,284.37999999999994,move,improve
9170,14,284.37999999999994,14,284.37999999999994,move,improve
9171,14,284.37999999999994,14,284.37999999999994,move,improve
9172,14,284.37999999999994,14,284.37999999999994,move,improve
9173,14,284.37999999999994,14,284.37999999999994,move,improve
9174,14,284.37999999999994,14,284.37999999999994,2opt,notBad
9175,14,284.37999999999994,14,284.37999999999994,swap,notBad
9176,14,284.37999999999994,14,284.37999999999994,swap,notBad
9177,14,284.37999999999994,14,284.37999999999994,2opt,notBad
9178,14,284.37999999999994,14,284.37999999999994,move,improve
9179,14,284.37999999999994,14,284.37999999999994,2opt,notBad
9180,14,284.37999999999994,14,284.37999999999994,2opt,notBad
9181,14,284.37999999999994,14,284.37999999999994,move,improve
9182,14,284.37999999999994,14,284.37999999999994,swap,notBad
9183,14,284.37999999999994,14,284.37999999999994,2opt,notBad
9184,14,284.37999999999994,14,284.37999999999994,swap,notBad
9185,14,284.37999999999994,14,284.37999999999994,2opt,notBad
9186,14,284.37999999999994,14,284.37999999999994,2opt,improve
9187,14,284.37999999999994,14,284.37999999999994,swap,notBad
9188,14,284.37999999999994,14,284.37999999999994,move,improve
9189,14,284.37999999999994,14,284.37999999999994,2opt,notBad
9190,14,284.37999999999994,14,284.37999999999994,2opt,notBad
9191,14,284.37999999999994,14,284.37999999999994,2opt,notBad
9192,14,284.37999999999994,14,284.37999999999994,swap,notBad
9193,14,284.37999999999994,14,284.37999999999994,swap,notBad
9194,14,284.37999999999994,14,284.37999999999994,swap,notBad
9195,14,284.37999999999994,14,284.37999999999994,swap,notBad
9196,14,284.37999999999994,14,284.37999999999994,2opt,notBad
9197,14,284.37999999999994,14,284.37999999999994,swap,notBad
9198,14,284.37999999999994,14,284.37999999999994,2opt,improve
9199,14,284.37999999999994,14,284.37999999999994,swap,notBad
9200,14,284.37999999999994,14,284.37999999999994,2opt,notBad
9201,14,284.37999999999994,14,284.37999999999994,swap,notBad
9202,14,284.37999999999994,14,284.37999999999994,swap,notBad
9203,14,284.37999999999994,14,284.37999999999994,2opt,notBad
9204,14,284.37999999999994,14,284.37999999999994,swap,notBad
9205,14,284.37999999999994,14,284.37999999999994,move,improve
9206,14,284.37999999999994,14,284.37999999999994,move,improve
9207,14,284.37999999999994,14,284.37999999999994,2opt,notBad
9208,14,284.37999999999994,14,284.37999999999994,swap,notBad
9209,14,284.37999999999994,14,284.37999999999994,2opt,notBad
9210,14,284.37999999999994,14,284.37999999999994,2opt,notBad
9211,14,284.37999999999994,14,284.37999999999994,move,improve
9212,14,284.37999999999994,14,284.37999999999994,swap,notBad
9213,14,284.37999999999994,14,284.37999999999994,move,improve
9214,14,284.37999999999994,14,284.37999999999994,move,improve
9215,14,284.37999999999994,14,284.37999999999994,swap,notBad
9216,14,284.37999999999994,14,284.37999999999994,2opt,notBad
9217,14,284.37999999999994,14,284.37999999999994,2opt,notBad
9218,14,284.37999999999994,14,284.37999999999994,2opt,notBad
9219,14,284.37999999999994,14,284.37999999999994,swap,notBad
9220,14,284.37999999999994,14,284.37999999999994,2opt,improve
9221,14,284.37999999999994,14,284.37999999999994,swap,notBad
9222,14,284.37999999999994,14,284.37999999999994,swap,notBad
9223,14,284.37999999999994,14,284.37999999999994,move,improve
9224,14,284.37999999999994,14,284.37999999999994,move,improve
9225,14,284.37999999999994,14,284.37999999999994,swap,notBad
9226,14,284.37999999999994,14,284.37999999999994,2opt,notBad
9227,14,284.37999999999994,14,284.37999999999994,move,improve
9228,14,284.37999999999994,14,284.37999999999994,swap,notBad
9229,14,284.37999999999994,14,284.37999999999994,move,improve
9230,14,284.37999999999994,14,284.37999999999994,2opt,improve
9231,14,284.37999999999994,14,284.37999999999994,move,improve
9232,14,284.37999999999994,14,284.37999999999994,swap,notBad
9233,14,284.37999999999994,14,284.37999999999994,2opt,notBad
9234,14,284.37999999999994,14,284.37999999999994,2opt,notBad
9235,14,284.37999999999994,14,284.37999999999994,move,improve
9236,14,284.37999999999994,14,284.37999999999994,swap,notBad
9237,14,284.37999999999994,14,284.37999999999994,2opt,improve
9238,14,284.37999999999994,14,284.37999999999994,move,improve
9239,14,284.37999999999994,14,284.37999999999994,2opt,notBad
9240,14,284.37999999999994,14,284.37999999999994,move,improve
9241,14,284.37999999999994,14,284.37999999999994,swap,notBad
9242,14,284.37999999999994,14,284.37999999999994,move,improve
9243,14,284.37999999999994,14,284.37999999999994,2opt,notBad
9244,14,284.37999999999994,14,284.37999999999994,swap,notBad
9245,14,284.37999999999994,14,284.37999999999994,2opt,notBad
9246,14,284.37999999999994,14,284.37999999999994,move,improve
9247,14,284.37999999999994,14,284.37999999999994,swap,notBad
9248,14,284.37999999999994,14,284.37999999999994,move,improve
9249,14,284.37999999999994,14,284.37999999999994,swap,notBad
9250,14,284.37999999999994,14,284.37999999999994,swap,notBad
9251,14,284.37999999999994,14,284.37999999999994,swap,notBad
9252,14,284.37999999999994,14,284.37999999999994,2opt,notBad
9253,14,284.37999999999994,14,284.37999999999994,swap,notBad
9254,14,284.37999999999994,14,284.37999999999994,swap,notBad
9255,14,284.37999999999994,14,284.37999999999994,move,improve
9256,14,284.37999999999994,14,284.37999999999994,move,improve
9257,14,284.37999999999994,14,284.37999999999994,move,improve
9258,14,284.37999999999994,14,284.37999999999994,swap,notBad
9259,14,284.37999999999994,14,284.37999999999994,2opt,notBad
9260,14,284.37999999999994,14,284.37999999999994,swap,notBad
9261,14,284.37999999999994,14,284.37999999999994,move,improve
9262,14,284.37999999999994,14,284.37999999999994,2opt,notBad
9263,14,284.37999999999994,14,284.37999999999994,swap,notBad
9264,14,284.37999999999994,14,284.37999999999994,2opt,notBad
9265,14,284.37999999999994,14,284.37999999999994,swap,notBad
9266,14,284.37999999999994,14,284.37999999999994,move,improve
9267,14,284.37999999999994,14,284.37999999999994,2opt,notBad
9268,14,284.37999999999994,14,284.37999999999994,swap,notBad
9269,14,284.37999999999994,14,284.37999999999994,2opt,notBad
9270,14,284.37999999999994,14,284.37999999999994,move,improve
9271,14,284.37999999999994,14,284.37999999999994,2opt,notBad
9272,14,284.37999999999994,14,284.37999999999994,move,improve
9273,14,284.37999999999994,14,284.37999999999994,swap,notBad
9274,14,284.37999999999994,14,284.37999999999994,move,improve
9275,14,284.37999999999994,14,284.37999999999994,swap,notBad
9276,14,284.37999999999994,14,284.37999999999994,swap,notBad
9277,14,284.37999999999994,14,284.37999999999994,2opt,notBad
9278,14,284.37999999999994,14,284.37999999999994,swap,notBad
9279,14,284.37999999999994,14,284.37999999999994,swap,notBad
9280,14,284.37999999999994,14,284.37999999999994,move,improve
9281,14,284.37999999999994,14,284.37999999999994,move,improve
9282,14,284.37999999999994,14,284.37999999999994,2opt,improve
9283,14,284.37999999999994,14,284.37999999999994,move,improve
9284,14,284.37999999999994,14,284.37999999999994,2opt,improve
9285,14,284.37999999999994,14,284.37999999999994,move,improve
9286,14,284.37999999999994,14,284.37999999999994,2opt,notBad
9287,14,284.37999999999994,14,284.37999999999994,2opt,improve
9288,14,284.37999999999994,14,284.37999999999994,swap,notBad
9289,14,284.37999999999994,14,284.37999999999994,swap,notBad
9290,14,284.37999999999994,14,284.37999999999994,2opt,notBad
9291,14,284.37999999999994,14,284.37999999999994,2opt,notBad
9292,14,284.37999999999994,14,284.37999999999994,2opt,notBad
9293,14,284.37999999999994,14,284.37999999999994,move,improve
9294,14,284.37999999999994,14,284.37999999999994,2opt,notBad
9295,14,284.37999999999994,14,284.37999999999994,move,improve
9296,14,284.37999999999994,14,284.37999999999994,move,improve
9297,14,284.37999999999994,14,284.37999999999994,2opt,notBad
9298,14,284.37999999999994,14,284.37999999999994,swap,notBad
9299,14,284.37999999999994,14,284.37999999999994,swap,notBad
9300,14,284.37999999999994,14,284.37999999999994,move,improve
9301,14,284.37999999999994,14,284.37999999999994,swap,notBad
9302,14,284.37999999999994,14,284.37999999999994,move,improve
9303,14,284.37999999999994,14,284.37999999999994,swap,notBad
9304,14,284.37999999999994,14,284.37999999999994,swap,notBad
9305,14,284.37999999999994,14,284.37999999999994,move,improve
9306,14,284.37999999999994,14,284.37999999999994,move,improve
9307,14,284.37999999999994,14,284.37999999999994,swap,notBad
9308,14,284.37999999999994,14,284.37999999999994,move,improve
9309,14,284.37999999999994,14,284.37999999999994,2opt,improve
9310,14,284.37999999999994,14,284.37999999999994,swap,notBad
9311,14,284.37999999999994,14,284.37999999999994,2opt,notBad
9312,14,284.37999999999994,14,284.37999999999994,swap,notBad
9313,14,284.37999999999994,14,284.37999999999994,move,improve
9314,14,284.37999999999994,14,284.37999999999994,move,improve
9315,14,284.37999999999994,14,284.37999999999994,swap,notBad
9316,14,284.37999999999994,14,284.37999999999994,move,improve
9317,14,284.37999999999994,14,284.37999999999994,2opt,notBad
9318,14,284.37999999999994,14,284.37999999999994,swap,notBad
9319,14,284.37999999999994,14,284.37999999999994,move,improve
9320,14,284.37999999999994,14,284.37999999999994,2opt,notBad
9321,14,284.37999999999994,14,284.37999999999994,move,improve
9322,14,284.37999999999994,14,284.37999999999994,2opt,notBad
9323,14,284.37999999999994,14,284.37999999999994,move,improve
9324,14,284.37999999999994,14,284.37999999999994,2opt,notBad
9325,14,284.37999999999994,14,284.37999999999994,move,improve
9326,14,284.37999999999994,14,284.37999999999994,2opt,improve
9327,14,284.37999999999994,14,284.37999999999994,2opt,notBad
9328,14,284.37999999999994,14,284.37999999999994,2opt,notBad
9329,14,284.37999999999994,14,284.37999999999994,2opt,notBad
9330,14,284.37999999999994,14,284.37999999999994,2opt,improve
9331,14,284.37999999999994,14,284.37999999999994,2opt,notBad
9332,14,284.37999999999994,14,284.37999999999994,2opt,notBad
9333,14,284.37999999999994,14,284.37999999999994,swap,notBad
9334,14,284.37999999999994,14,284.37999999999994,2opt,notBad
9335,14,284.37999999999994,14,284.37999999999994,swap,notBad
9336,14,284.37999999999994,14,284.37999999999994,move,improve
9337,14,284.37999999999994,14,284.37999999999994,swap,notBad
9338,14,284.37999999999994,14,284.37999999999994,swap,notBad
9339,14,284.71999999999997,14,284.37999999999994,swap,acceptBad
9340,14,284.71999999999997,14,284.37999999999994,swap,notBad
9341,14,284.71999999999997,14,284.37999999999994,2opt,notBad
9342,14,284.71999999999997,14,284.37999999999994,swap,notBad
9343,14,284.71999999999997,14,284.37999999999994,swap,notBad
9344,14,284.71999999999997,14,284.37999999999994,swap,notBad
9345,14,284.71999999999997,14,284.37999999999994,swap,notBad
9346,14,284.71999999999997,14,284.37999999999994,2opt,notBad
9347,14,284.71999999999997,14,284.37999999999994,move,improve
9348,14,284.71999999999997,14,284.37999999999994,2opt,notBad
9349,14,284.71999999999997,14,284.37999999999994,move,improve
9350,14,284.71999999999997,14,284.37999999999994,2opt,notBad
9351,14,284.71999999999997,14,284.37999999999994,swap,notBad
9352,14,284.71999999999997,14,284.37999999999994,2opt,notBad
9353,14,284.71999999999997,14,284.37999999999994,move,improve
9354,14,284.71999999999997,14,284.37999999999994,2opt,improve
9355,14,286.9399999999998,14,284.37999999999994,2opt,acceptBad
9356,14,286.9399999999998,14,284.37999999999994,move,improve
9357,14,286.9399999999998,14,284.37999999999994,move,improve
9358,14,286.9399999999998,14,284.37999999999994,move,improve
9359,14,286.9399999999998,14,284.37999999999994,2opt,notBad
9360,14,286.9399999999998,14,284.37999999999994,2opt,notBad
9361,14,286.9399999999998,14,284.37999999999994,2opt,notBad
9362,14,286.9399999999998,14,284.37999999999994,move,improve
9363,14,286.9399999999998,14,284.37999999999994,move,improve
9364,14,286.9399999999998,14,284.37999999999994,2opt,notBad
9365,14,286.9399999999998,14,284.37999999999994,2opt,notBad
9366,14,286.9399999999998,14,284.37999999999994,2opt,notBad
9367,14,286.9399999999998,14,284.37999999999994,move,improve
9368,14,286.9399999999998,14,284.37999999999994,swap,notBad
9369,14,284.71999999999997,14,284.37999999999994,2opt,improve
9370,14,284.71999999999997,14,284.37999999999994,swap,notBad
9371,14,284.71999999999997,14,284.37999999999994,swap,notBad
9372,14,284.71999999999997,14,284.37999999999994,2opt,notBad
9373,14,284.71999999999997,14,284.37999999999994,move,improve
9374,14,284.71999999999997,14,284.37999999999994,swap,notBad
9375,14,284.71999999999997,14,284.37999999999994,move,improve
9376,14,284.71999999999997,14,284.37999999999994,2opt,notBad
9377,14,284.71999999999997,14,284.37999999999994,move,improve
9378,14,284.71999999999997,14,284.37999999999994,swap,notBad
9379,14,284.71999999999997,14,284.37999999999994,move,improve
9380,14,284.71999999999997,14,284.37999999999994,swap,notBad
9381,14,284.71999999999997,14,284.37999999999994,move,improve
9382,14,284.71999999999997,14,284.37999999999994,swap,notBad
9383,14,284.71999999999997,14,284.37999999999994,2opt,notBad
9384,14,284.71999999999997,14,284.37999999999994,2opt,notBad
9385,14,284.71999999999997,14,284.37999999999994,2opt,notBad
9386,14,284.71999999999997,14,284.37999999999994,swap,notBad
9387,14,284.71999999999997,14,284.37999999999994,2opt,notBad
9388,14,284.71999999999997,14,284.37999999999994,swap,notBad
9389,14,284.71999999999997,14,284.37999999999994,swap,notBad
9390,14,284.71999999999997,14,284.37999999999994,swap,notBad
9391,14,284.71999999999997,14,284.37999999999994,2opt,notBad
9392,14,284.71999999999997,14,284.37999999999994,swap,notBad
9393,14,284.71999999999997,14,284.37999999999994,2opt,improve
9394,14,284.71999999999997,14,284.37999999999994,2opt,improve
9395,14,284.71999999999997,14,284.37999999999994,move,improve
9396,14,284.71999999999997,14,284.37999999999994,2opt,notBad
9397,14,284.71999999999997,14,284.37999999999994,move,improve
9398,14,284.71999999999997,14,284.37999999999994,swap,notBad
9399,14,284.71999999999997,14,284.37999999999994,move,improve
9400,14,284.71999999999997,14,284.37999999999994,move,improve
9401,14,284.71999999999997,14,284.37999999999994,move,improve
9402,14,284.71999999999997,14,284.37999999999994,2opt,notBad
9403,14,284.71999999999997,14,284.37999999999994,swap,notBad
9404,14,284.71999999999997,14,284.37999999999994,move,improve
9405,14,284.71999999999997,14,284.37999999999994,swap,notBad
9406,14,284.71999999999997,14,284.37999999999994,move,improve
9407,14,284.71999999999997,14,284.37999999999994,swap,notBad
9408,14,284.71999999999997,14,284.37999999999994,move,improve
9409,14,284.71999999999997,14,284.37999999999994,2opt,notBad
9410,14,284.71999999999997,14,284.37999999999994,2opt,notBad
9411,14,284.71999999999997,14,284.37999999999994,move,improve
9412,14,284.71999999999997,14,284.37999999999994,2opt,notBad
9413,14,284.71999999999997,14,284.37999999999994,move,improve
9414,14,284.71999999999997,14,284.37999999999994,2opt,notBad
9415,14,284.71999999999997,14,284.37999999999994,move,improve
9416,14,284.71999999999997,14,284.37999999999994,2opt,notBad
9417,14,284.71999999999997,14,284.37999999999994,swap,notBad
9418,14,284.71999999999997,14,284.37999999999994,2opt,notBad
9419,14,284.71999999999997,14,284.37999999999994,2opt,notBad
9420,14,284.71999999999997,14,284.37999999999994,2opt,notBad
9421,14,284.71999999999997,14,284.37999999999994,move,notBad
9422,14,284.71999999999997,14,284.37999999999994,swap,notBad
9423,14,284.71999999999997,14,284.37999999999994,swap,notBad
9424,14,284.71999999999997,14,284.37999999999994,move,improve
9425,14,284.71999999999997,14,284.37999999999994,2opt,notBad
9426,14,284.71999999999997,14,284.37999999999994,2opt,notBad
9427,14,284.71999999999997,14,284.37999999999994,move,improve
9428,14,284.71999999999997,14,284.37999999999994,2opt,improve
9429,14,284.71999999999997,14,284.37999999999994,swap,notBad
9430,14,284.71999999999997,14,284.37999999999994,2opt,notBad
9431,14,284.71999999999997,14,284.37999999999994,swap,notBad
9432,14,284.71999999999997,14,284.37999999999994,move,improve
9433,14,284.71999999999997,14,284.37999999999994,swap,notBad
9434,14,284.71999999999997,14,284.37999999999994,move,improve
9435,14,284.71999999999997,14,284.37999999999994,2opt,notBad
9436,14,284.71999999999997,14,284.37999999999994,swap,notBad
9437,14,284.71999999999997,14,284.37999999999994,move,improve
9438,14,284.71999999999997,14,284.37999999999994,swap,notBad
9439,14,284.71999999999997,14,284.37999999999994,move,improve
9440,14,284.71999999999997,14,284.37999999999994,swap,notBad
9441,14,284.71999999999997,14,284.37999999999994,swap,notBad
9442,14,284.71999999999997,14,284.37999999999994,move,improve
9443,14,284.71999999999997,14,284.37999999999994,swap,notBad
9444,14,284.71999999999997,14,284.37999999999994,swap,notBad
9445,14,284.71999999999997,14,284.37999999999994,move,improve
9446,14,284.71999999999997,14,284.37999999999994,move,improve
9447,14,284.71999999999997,14,284.37999999999994,move,improve
9448,14,284.71999999999997,14,284.37999999999994,swap,notBad
9449,14,284.71999999999997,14,284.37999999999994,swap,notBad
9450,14,284.71999999999997,14,284.37999999999994,swap,notBad
9451,14,284.71999999999997,14,284.37999999999994,move,improve
9452,14,284.71999999999997,14,284.37999999999994,move,improve
9453,14,284.71999999999997,14,284.37999999999994,2opt,notBad
9454,14,284.71999999999997,14,284.37999999999994,2opt,notBad
9455,14,284.71999999999997,14,284.37999999999994,move,improve
9456,14,284.71999999999997,14,284.37999999999994,move,improve
9457,14,284.71999999999997,14,284.37999999999994,move,improve
9458,14,284.71999999999997,14,284.37999999999994,swap,notBad
9459,14,284.71999999999997,14,284.37999999999994,swap,notBad
9460,14,284.71999999999997,14,284.37999999999994,move,improve
9461,14,284.71999999999997,14,284.37999999999994,2opt,notBad
9462,14,284.71999999999997,14,284.37999999999994,move,improve
9463,14,284.71999999999997,14,284.37999999999994,2opt,notBad
9464,14,284.71999999999997,14,284.37999999999994,2opt,notBad
9465,14,284.71999999999997,14,284.37999999999994,swap,notBad
9466,14,284.71999999999997,14,284.37999999999994,swap,notBad
9467,14,284.71999999999997,14,284.37999999999994,swap,notBad
9468,14,284.71999999999997,14,284.37999999999994,2opt,notBad
9469,14,284.71999999999997,14,284.37999999999994,2opt,notBad
9470,14,284.71999999999997,14,284.37999999999994,swap,notBad
9471,14,284.71999999999997,14,284.37999999999994,swap,notBad
9472,14,284.71999999999997,14,284.37999999999994,move,improve
9473,14,284.71999999999997,14,284.37999999999994,2opt,notBad
9474,14,284.71999999999997,14,284.37999999999994,move,improve
9475,14,284.71999999999997,14,284.37999999999994,move,improve
9476,14,284.71999999999997,14,284.37999999999994,move,improve
9477,14,284.71999999999997,14,284.37999999999994,swap,notBad
9478,14,284.71999999999997,14,284.37999999999994,move,improve
9479,14,284.71999999999997,14,284.37999999999994,2opt,notBad
9480,14,284.71999999999997,14,284.37999999999994,swap,notBad
9481,14,284.71999999999997,14,284.37999999999994,move,improve
9482,14,284.71999999999997,14,284.37999999999994,move,improve
9483,14,284.71999999999997,14,284.37999999999994,swap,notBad
9484,14,284.71999999999997,14,284.37999999999994,2opt,notBad
9485,14,284.71999999999997,14,284.37999999999994,move,improve
9486,14,284.71999999999997,14,284.37999999999994,swap,notBad
9487,14,284.71999999999997,14,284.37999999999994,2opt,notBad
9488,14,284.71999999999997,14,284.37999999999994,2opt,notBad
9489,14,286.9399999999999,14,284.37999999999994,swap,acceptBad
9490,14,286.9399999999999,14,284.37999999999994,swap,notBad
9491,14,286.9399999999999,14,284.37999999999994,move,improve
9492,14,286.9399999999999,14,284.37999999999994,2opt,notBad
9493,14,286.9399999999999,14,284.37999999999994,2opt,notBad
9494,14,286.9399999999999,14,284.37999999999994,swap,notBad
9495,14,286.9399999999999,14,284.37999999999994,move,improve
9496,14,286.9399999999999,14,284.37999999999994,swap,notBad
9497,14,286.9399999999999,14,284.37999999999994,swap,notBad
9498,14,286.9399999999999,14,284.37999999999994,swap,notBad
9499,14,286.9399999999999,14,284.37999999999994,move,improve
9500,14,286.9399999999999,14,284.37999999999994,swap,notBad
9501,14,286.9399999999999,14,284.37999999999994,move,improve
9502,14,286.9399999999999,14,284.37999999999994,2opt,notBad
9503,14,286.77999999999986,14,284.37999999999994,move,improve
9504,14,286.77999999999986,14,284.37999999999994,2opt,improve
9505,14,286.77999999999986,14,284.37999999999994,move,improve
9506,14,286.77999999999986,14,284.37999999999994,move,improve
9507,14,286.77999999999986,14,284.37999999999994,swap,notBad
9508,14,286.77999999999986,14,284.37999999999994,swap,notBad
9509,14,286.77999999999986,14,284.37999999999994,swap,notBad
9510,14,286.77999999999986,14,284.37999999999994,2opt,notBad
9511,14,286.77999999999986,14,284.37999999999994,move,improve
9512,14,286.77999999999986,14,284.37999999999994,swap,notBad
9513,14,286.77999999999986,14,284.37999999999994,2opt,improve
9514,14,286.77999999999986,14,284.37999999999994,swap,notBad
9515,14,286.77999999999986,14,284.37999999999994,2opt,notBad
9516,14,286.77999999999986,14,284.37999999999994,move,improve
9517,14,286.77999999999986,14,284.37999999999994,2opt,notBad
9518,14,286.77999999999986,14,284.37999999999994,swap,notBad
9519,14,286.77999999999986,14,284.37999999999994,move,improve
9520,14,286.77999999999986,14,284.37999999999994,swap,notBad
9521,14,286.77999999999986,14,284.37999999999994,2opt,notBad
9522,14,286.77999999999986,14,284.37999999999994,move,improve
9523,14,286.77999999999986,14,284.37999999999994,swap,notBad
9524,14,286.77999999999986,14,284.37999999999994,2opt,notBad
9525,14,286.77999999999986,14,284.37999999999994,2opt,notBad
9526,14,286.77999999999986,14,284.37999999999994,2opt,notBad
9527,14,286.77999999999986,14,284.37999999999994,2opt,notBad
9528,14,286.77999999999986,14,284.37999999999994,2opt,notBad
9529,14,286.77999999999986,14,284.37999999999994,2opt,notBad
9530,14,286.77999999999986,14,284.37999999999994,2opt,notBad
9531,14,286.77999999999986,14,284.37999999999994,move,improve
9532,14,286.77999999999986,14,284.37999999999994,2opt,notBad
9533,14,286.77999999999986,14,284.37999999999994,2opt,notBad
9534,14,286.77999999999986,14,284.37999999999994,swap,notBad
9535,14,286.77999999999986,14,284.37999999999994,swap,notBad
9536,14,286.77999999999986,14,284.37999999999994,2opt,notBad
9537,14,286.77999999999986,14,284.37999999999994,2opt,notBad
9538,14,286.77999999999986,14,284.37999999999994,2opt,notBad
9539,14,286.77999999999986,14,284.37999999999994,swap,notBad
9540,14,286.77999999999986,14,284.37999999999994,move,improve
9541,14,286.77999999999986,14,284.37999999999994,move,improve
9542,14,286.77999999999986,14,284.37999999999994,swap,notBad
9543,14,286.77999999999986,14,284.37999999999994,move,improve
9544,14,286.77999999999986,14,284.37999999999994,2opt,notBad
9545,14,286.77999999999986,14,284.37999999999994,swap,notBad
9546,14,286.77999999999986,14,284.37999999999994,2opt,improve
9547,14,286.77999999999986,14,284.37999999999994,move,improve
9548,14,286.77999999999986,14,284.37999999999994,2opt,notBad
9549,14,286.77999999999986,14,284.37999999999994,2opt,notBad
9550,14,286.77999999999986,14,284.37999999999994,2opt,notBad
9551,14,286.77999999999986,14,284.37999999999994,2opt,notBad
9552,14,286.77999999999986,14,284.37999999999994,swap,notBad
9553,14,286.77999999999986,14,284.37999999999994,swap,notBad
9554,14,286.77999999999986,14,284.37999999999994,2opt,notBad
9555,14,286.77999999999986,14,284.37999999999994,move,improve
9556,14,286.77999999999986,14,284.37999999999994,2opt,notBad
9557,14,286.77999999999986,14,284.37999999999994,move,improve
9558,14,286.77999999999986,14,284.37999999999994,swap,notBad
9559,14,286.77999999999986,14,284.37999999999994,swap,notBad
9560,14,286.77999999999986,14,284.37999999999994,move,improve
9561,14,286.77999999999986,14,284.37999999999994,move,improve
9562,14,286.77999999999986,14,284.37999999999994,move,improve
9563,14,286.77999999999986,14,284.37999999999994,2opt,notBad
9564,14,286.77999999999986,14,284.37999999999994,2opt,improve
9565,14,286.77999999999986,14,284.37999999999994,2opt,notBad
9566,14,286.77999999999986,14,284.37999999999994,2opt,notBad
9567,14,286.77999999999986,14,284.37999999999994,2opt,improve
9568,14,286.77999999999986,14,284.37999999999994,2opt,notBad
9569,14,286.77999999999986,14,284.37999999999994,swap,notBad
9570,14,286.77999999999986,14,284.37999999999994,2opt,notBad
9571,14,286.77999999999986,14,284.37999999999994,move,improve
9572,14,286.77999999999986,14,284.37999999999994,move,improve
9573,14,286.77999999999986,14,284.37999999999994,swap,notBad
9574,14,286.77999999999986,14,284.37999999999994,2opt,notBad
9575,14,284.37999999999994,14,284.37999999999994,2opt,improve
9576,14,284.37999999999994,14,284.37999999999994,move,improve
9577,14,284.37999999999994,14,284.37999999999994,swap,notBad
9578,14,284.37999999999994,14,284.37999999999994,swap,notBad
9579,14,284.37999999999994,14,284.37999999999994,2opt,notBad
9580,14,284.37999999999994,14,284.37999999999994,2opt,notBad
9581,14,284.37999999999994,14,284.37999999999994,2opt,notBad
9582,14,284.37999999999994,14,284.37999999999994,move,improve
9583,14,284.37999999999994,14,284.37999999999994,swap,notBad
9584,14,284.37999999999994,14,284.37999999999994,move,improve
9585,14,284.37999999999994,14,284.37999999999994,move,notBad
9586,14,284.37999999999994,14,284.37999999999994,2opt,notBad
9587,14,284.37999999999994,14,284.37999999999994,swap,notBad
9588,14,284.37999999999994,14,284.37999999999994,2opt,notBad
9589,14,284.37999999999994,14,284.37999999999994,swap,notBad
9590,14,284.37999999999994,14,284.37999999999994,move,improve
9591,14,284.37999999999994,14,284.37999999999994,2opt,improve
9592,14,284.37999999999994,14,284.37999999999994,move,improve
9593,14,284.37999999999994,14,284.37999999999994,move,improve
9594,14,284.37999999999994,14,284.37999999999994,swap,notBad
9595,14,284.37999999999994,14,284.37999999999994,swap,notBad
9596,14,284.37999999999994,14,284.37999999999994,move,improve
9597,14,284.37999999999994,14,284.37999999999994,2opt,notBad
9598,14,284.37999999999994,14,284.37999999999994,move,improve
9599,14,284.37999999999994,14,284.37999999999994,2opt,notBad
9600,14,284.37999999999994,14,284.37999999999994,move,improve
9601,14,284.37999999999994,14,284.37999999999994,swap,notBad
9602,14,284.37999999999994,14,284.37999999999994,move,improve
9603,14,284.37999999999994,14,284.37999999999994,2opt,notBad
9604,14,284.37999999999994,14,284.37999999999994,swap,notBad
9605,14,284.37999999999994,14,284.37999999999994,move,improve
9606,14,284.37999999999994,14,284.37999999999994,swap,notBad
9607,14,284.37999999999994,14,284.37999999999994,swap,notBad
9608,14,284.37999999999994,14,284.37999999999994,2opt,notBad
9609,14,284.37999999999994,14,284.37999999999994,move,improve
9610,14,284.37999999999994,14,284.37999999999994,move,improve
9611,14,284.37999999999994,14,284.37999999999994,swap,notBad
9612,14,284.37999999999994,14,284.37999999999994,2opt,notBad
9613,14,284.37999999999994,14,284.37999999999994,move,improve
9614,14,284.37999999999994,14,284.37999999999994,2opt,improve
9615,14,284.37999999999994,14,284.37999999999994,swap,notBad
9616,14,284.37999999999994,14,284.37999999999994,swap,notBad
9617,14,284.37999999999994,14,284.37999999999994,move,improve
9618,14,284.37999999999994,14,284.37999999999994,swap,notBad
9619,14,284.37999999999994,14,284.37999999999994,2opt,notBad
9620,14,284.37999999999994,14,284.37999999999994,move,improve
9621,14,284.37999999999994,14,284.37999999999994,2opt,notBad
9622,14,284.37999999999994,14,284.37999999999994,2opt,notBad
9623,14,284.37999999999994,14,284.37999999999994,move,improve
9624,14,284.37999999999994,14,284.37999999999994,2opt,notBad
9625,14,284.37999999999994,14,284.37999999999994,2opt,notBad
9626,14,284.37999999999994,14,284.37999999999994,swap,notBad
9627,14,284.37999999999994,14,284.37999999999994,move,improve
9628,14,284.37999999999994,14,284.37999999999994,swap,notBad
9629,14,284.37999999999994,14,284.37999999999994,move,improve
9630,14,284.37999999999994,14,284.37999999999994,2opt,notBad
9631,14,284.37999999999994,14,284.37999999999994,2opt,notBad
9632,14,284.37999999999994,14,284.37999999999994,swap,notBad
9633,14,284.37999999999994,14,284.37999999999994,2opt,notBad
9634,14,284.37999999999994,14,284.37999999999994,2opt,improve
9635,14,284.37999999999994,14,284.37999999999994,swap,notBad
9636,14,284.37999999999994,14,284.37999999999994,swap,notBad
9637,14,284.37999999999994,14,284.37999999999994,2opt,improve
9638,14,284.37999999999994,14,284.37999999999994,2opt,notBad
9639,14,284.37999999999994,14,284.37999999999994,2opt,notBad
9640,14,284.37999999999994,14,284.37999999999994,swap,notBad
9641,14,284.37999999999994,14,284.37999999999994,move,improve
9642,14,284.37999999999994,14,284.37999999999994,2opt,improve
9643,14,284.37999999999994,14,284.37999999999994,swap,notBad
9644,14,284.37999999999994,14,284.37999999999994,swap,notBad
9645,14,284.37999999999994,14,284.37999999999994,move,improve
9646,14,284.37999999999994,14,284.37999999999994,move,improve
9647,14,284.37999999999994,14,284.37999999999994,2opt,notBad
9648,14,284.37999999999994,14,284.37999999999994,2opt,improve
9649,14,284.37999999999994,14,284.37999999999994,2opt,notBad
9650,14,284.37999999999994,14,284.37999999999994,2opt,notBad
9651,14,284.37999999999994,14,284.37999999999994,2opt,notBad
9652,14,284.37999999999994,14,284.37999999999994,2opt,improve
9653,14,284.37999999999994,14,284.37999999999994,swap,notBad
9654,14,284.37999999999994,14,284.37999999999994,swap,notBad
9655,14,284.37999999999994,14,284.37999999999994,move,improve
9656,14,284.37999999999994,14,284.37999999999994,move,improve
9657,14,284.37999999999994,14,284.37999999999994,swap,notBad
9658,14,284.37999999999994,14,284.37999999999994,swap,notBad
9659,14,284.37999999999994,14,284.37999999999994,swap,notBad
9660,14,284.37999999999994,14,284.37999999999994,2opt,improve
9661,14,284.37999999999994,14,284.37999999999994,move,improve
9662,14,284.37999999999994,14,284.37999999999994,2opt,notBad
9663,14,284.37999999999994,14,284.37999999999994,move,improve
9664,14,284.37999999999994,14,284.37999999999994,2opt,notBad
9665,14,284.37999999999994,14,284.37999999999994,move,improve
9666,14,284.37999999999994,14,284.37999999999994,swap,notBad
9667,14,284.37999999999994,14,284.37999999999994,2opt,notBad
9668,14,284.37999999999994,14,284.37999999999994,swap,notBad
9669,14,284.37999999999994,14,284.37999999999994,swap,notBad
9670,14,284.37999999999994,14,284.37999999999994,2opt,notBad
9671,14,284.37999999999994,14,284.37999999999994,move,improve
9672,14,284.37999999999994,14,284.37999999999994,2opt,notBad
9673,14,284.37999999999994,14,284.37999999999994,2opt,improve
9674,14,284.37999999999994,14,284.37999999999994,swap,notBad
9675,14,284.37999999999994,14,284.37999999999994,2opt,notBad
9676,14,284.37999999999994,14,284.37999999999994,move,improve
9677,14,284.37999999999994,14,284.37999999999994,2opt,notBad
9678,14,284.37999999999994,14,284.37999999999994,2opt,notBad
9679,14,284.37999999999994,14,284.37999999999994,swap,notBad
9680,14,284.37999999999994,14,284.37999999999994,move,improve
9681,14,284.37999999999994,14,284.37999999999994,swap,notBad
9682,14,284.37999999999994,14,284.37999999999994,move,improve
9683,14,284.37999999999994,14,284.37999999999994,2opt,notBad
9684,14,284.37999999999994,14,284.37999999999994,2opt,notBad
9685,14,284.37999999999994,14,284.37999999999994,swap,notBad
9686,14,284.37999999999994,14,284.37999999999994,2opt,improve
9687,14,284.37999999999994,14,284.37999999999994,swap,notBad
9688,14,284.37999999999994,14,284.37999999999994,move,improve
9689,14,284.37999999999994,14,284.37999999999994,2opt,notBad
9690,14,284.37999999999994,14,284.37999999999994,2opt,notBad
9691,14,284.37999999999994,14,284.37999999999994,swap,notBad
9692,14,284.37999999999994,14,284.37999999999994,swap,notBad
9693,14,284.37999999999994,14,284.37999999999994,move,improve
9694,14,284.37999999999994,14,284.37999999999994,move,improve
9695,14,284.37999999999994,14,284.37999999999994,move,notBad
9696,14,284.37999999999994,14,284.37999999999994,move,improve
9697,14,284.37999999999994,14,284.37999999999994,move,improve
9698,14,284.37999999999994,14,284.37999999999994,swap,notBad
9699,14,284.37999999999994,14,284.37999999999994,2opt,notBad
9700,14,284.37999999999994,14,284.37999999999994,swap,notBad
9701,14,284.37999999999994,14,284.37999999999994,move,improve
9702,14,284.37999999999994,14,284.37999999999994,move,improve
9703,14,284.37999999999994,14,284.37999999999994,swap,notBad
9704,14,284.37999999999994,14,284.37999999999994,move,improve
9705,14,284.37999999999994,14,284.37999999999994,swap,notBad
9706,14,284.37999999999994,14,284.37999999999994,2opt,notBad
9707,14,284.37999999999994,14,284.37999999999994,swap,notBad
9708,14,284.37999999999994,14,284.37999999999994,swap,notBad
9709,14,284.37999999999994,14,284.37999999999994,move,improve
9710,14,284.37999999999994,14,284.37999999999994,swap,notBad
9711,14,284.37999999999994,14,284.37999999999994,swap,notBad
9712,14,284.37999999999994,14,284.37999999999994,2opt,notBad
9713,14,284.37999999999994,14,284.37999999999994,swap,notBad
9714,14,284.37999999999994,14,284.37999999999994,move,improve
9715,14,284.37999999999994,14,284.37999999999994,swap,notBad
9716,14,284.37999999999994,14,284.37999999999994,swap,notBad
9717,14,284.37999999999994,14,284.37999999999994,swap,notBad
9718,14,284.37999999999994,14,284.37999999999994,swap,notBad
9719,14,284.37999999999994,14,284.37999999999994,swap,notBad
9720,14,284.37999999999994,14,284.37999999999994,move,improve
9721,14,284.37999999999994,14,284.37999999999994,move,improve
9722,14,284.37999999999994,14,284.37999999999994,move,improve
9723,14,284.37999999999994,14,284.37999999999994,2opt,notBad
9724,14,284.37999999999994,14,284.37999999999994,move,improve
9725,14,284.37999999999994,14,284.37999999999994,2opt,improve
9726,14,284.37999999999994,14,284.37999999999994,2opt,notBad
9727,14,284.37999999999994,14,284.37999999999994,swap,notBad
9728,14,284.37999999999994,14,284.37999999999994,move,improve
9729,14,284.37999999999994,14,284.37999999999994,move,improve
9730,14,284.37999999999994,14,284.37999999999994,move,improve
9731,14,284.37999999999994,14,284.37999999999994,2opt,notBad
9732,14,284.37999999999994,14,284.37999999999994,2opt,notBad
9733,14,284.37999999999994,14,284.37999999999994,swap,notBad
9734,14,284.37999999999994,14,284.37999999999994,swap,notBad
9735,14,284.37999999999994,14,284.37999999999994,2opt,notBad
9736,14,284.37999999999994,14,284.37999999999994,2opt,notBad
9737,14,284.37999999999994,14,284.37999999999994,move,improve
9738,14,284.37999999999994,14,284.37999999999994,2opt,notBad
9739,14,284.37999999999994,14,284.37999999999994,swap,notBad
9740,14,284.37999999999994,14,284.37999999999994,swap,notBad
9741,14,284.37999999999994,14,284.37999999999994,swap,notBad
9742,14,284.37999999999994,14,284.37999999999994,move,notBad
9743,14,284.37999999999994,14,284.37999999999994,swap,notBad
9744,14,284.37999999999994,14,284.37999999999994,swap,notBad
9745,14,284.37999999999994,14,284.37999999999994,2opt,notBad
9746,14,284.37999999999994,14,284.37999999999994,move,improve
9747,14,284.37999999999994,14,284.37999999999994,move,improve
9748,14,284.37999999999994,14,284.37999999999994,move,improve
9749,14,284.37999999999994,14,284.37999999999994,move,improve
9750,14,284.37999999999994,14,284.37999999999994,2opt,notBad
9751,14,284.37999999999994,14,284.37999999999994,swap,notBad
9752,14,284.37999999999994,14,284.37999999999994,move,improve
9753,14,284.37999999999994,14,284.37999999999994,swap,notBad
9754,14,284.37999999999994,14,284.37999999999994,move,improve
9755,14,284.37999999999994,14,284.37999999999994,2opt,notBad
9756,14,284.37999999999994,14,284.37999999999994,2opt,improve
9757,14,284.37999999999994,14,284.37999999999994,2opt,notBad
9758,14,284.37999999999994,14,284.37999999999994,move,improve
9759,14,284.37999999999994,14,284.37999999999994,swap,notBad
9760,14,284.37999999999994,14,284.37999999999994,move,improve
9761,14,284.37999999999994,14,284.37999999999994,swap,notBad
9762,14,284.37999999999994,14,284.37999999999994,move,improve
9763,14,284.37999999999994,14,284.37999999999994,move,improve
9764,14,284.37999999999994,14,284.37999999999994,move,improve
9765,14,284.37999999999994,14,284.37999999999994,swap,notBad
9766,14,284.37999999999994,14,284.37999999999994,swap,notBad
9767,14,284.37999999999994,14,284.37999999999994,2opt,notBad
9768,14,284.37999999999994,14,284.37999999999994,move,improve
9769,14,284.37999999999994,14,284.37999999999994,2opt,notBad
9770,14,284.37999999999994,14,284.37999999999994,swap,notBad
9771,14,284.37999999999994,14,284.37999999999994,swap,notBad
9772,14,284.37999999999994,14,284.37999999999994,move,improve
9773,14,284.37999999999994,14,284.37999999999994,2opt,improve
9774,14,284.37999999999994,14,284.37999999999994,swap,notBad
9775,14,284.37999999999994,14,284.37999999999994,move,improve
9776,14,284.37999999999994,14,284.37999999999994,swap,notBad
9777,14,284.37999999999994,14,284.37999999999994,swap,notBad
9778,14,284.37999999999994,14,284.37999999999994,2opt,notBad
9779,14,284.37999999999994,14,284.37999999999994,2opt,notBad
9780,14,284.37999999999994,14,284.37999999999994,2opt,improve
9781,14,284.37999999999994,14,284.37999999999994,2opt,notBad
9782,14,284.37999999999994,14,284.37999999999994,move,improve
9783,14,284.37999999999994,14,284.37999999999994,swap,notBad
9784,14,284.37999999999994,14,284.37999999999994,2opt,notBad
9785,14,284.37999999999994,14,284.37999999999994,move,improve
9786,14,284.37999999999994,14,284.37999999999994,move,improve
9787,14,284.37999999999994,14,284.37999999999994,swap,notBad
9788,14,284.37999999999994,14,284.37999999999994,swap,notBad
9789,14,284.37999999999994,14,284.37999999999994,2opt,notBad
9790,14,284.37999999999994,14,284.37999999999994,swap,notBad
9791,14,284.37999999999994,14,284.37999999999994,swap,notBad
9792,14,284.37999999999994,14,284.37999999999994,2opt,notBad
9793,14,284.37999999999994,14,284.37999999999994,move,improve
9794,14,284.37999999999994,14,284.37999999999994,2opt,notBad
9795,14,284.37999999999994,14,284.37999999999994,swap,notBad
9796,14,284.37999999999994,14,284.37999999999994,move,improve
9797,14,284.37999999999994,14,284.37999999999994,swap,notBad
9798,14,284.37999999999994,14,284.37999999999994,2opt,improve
9799,14,284.37999999999994,14,284.37999999999994,swap,notBad
9800,14,284.37999999999994,14,284.37999999999994,swap,notBad
9801,14,284.37999999999994,14,284.37999999999994,swap,notBad
9802,14,284.37999999999994,14,284.37999999999994,move,improve
9803,14,284.37999999999994,14,284.37999999999994,2opt,improve
9804,14,284.37999999999994,14,284.37999999999994,swap,notBad
9805,14,284.37999999999994,14,284.37999999999994,2opt,notBad
9806,14,284.37999999999994,14,284.37999999999994,swap,notBad
9807,14,284.37999999999994,14,284.37999999999994,2opt,notBad
9808,14,284.37999999999994,14,284.37999999999994,2opt,notBad
9809,14,284.37999999999994,14,284.37999999999994,move,improve
9810,14,284.37999999999994,14,284.37999999999994,swap,notBad
9811,14,284.37999999999994,14,284.37999999999994,swap,notBad
9812,14,284.37999999999994,14,284.37999999999994,move,improve
9813,14,284.37999999999994,14,284.37999999999994,swap,notBad
9814,14,284.37999999999994,14,284.37999999999994,2opt,notBad
9815,14,284.37999999999994,14,284.37999999999994,swap,notBad
9816,14,284.37999999999994,14,284.37999999999994,move,improve
9817,14,284.37999999999994,14,284.37999999999994,swap,notBad
9818,14,284.37999999999994,14,284.37999999999994,move,improve
9819,14,284.37999999999994,14,284.37999999999994,swap,notBad
9820,14,284.37999999999994,14,284.37999999999994,swap,notBad
9821,14,284.37999999999994,14,284.37999999999994,swap,notBad
9822,14,284.37999999999994,14,284.37999999999994,2opt,notBad
9823,14,284.37999999999994,14,284.37999999999994,move,improve
9824,14,284.37999999999994,14,284.37999999999994,swap,notBad
9825,14,284.37999999999994,14,284.37999999999994,swap,notBad
9826,14,284.37999999999994,14,284.37999999999994,move,improve
9827,14,284.37999999999994,14,284.37999999999994,move,improve
9828,14,284.37999999999994,14,284.37999999999994,2opt,notBad
9829,14,284.37999999999994,14,284.37999999999994,move,improve
9830,14,284.37999999999994,14,284.37999999999994,move,improve
9831,14,284.37999999999994,14,284.37999999999994,swap,notBad
9832,14,284.37999999999994,14,284.37999999999994,swap,notBad
9833,14,284.37999999999994,14,284.37999999999994,swap,notBad
9834,14,284.37999999999994,14,284.37999999999994,swap,notBad
9835,14,284.37999999999994,14,284.37999999999994,swap,notBad
9836,14,284.37999999999994,14,284.37999999999994,move,improve
9837,14,284.37999999999994,14,284.37999999999994,swap,notBad
9838,14,284.37999999999994,14,284.37999999999994,move,improve
9839,14,284.37999999999994,14,284.37999999999994,2opt,notBad
9840,14,284.37999999999994,14,284.37999999999994,2opt,notBad
9841,14,284.37999999999994,14,284.37999999999994,swap,notBad
9842,14,284.37999999999994,14,284.37999999999994,swap,notBad
9843,14,284.37999999999994,14,284.37999999999994,swap,notBad
9844,14,284.37999999999994,14,284.37999999999994,move,improve
9845,14,284.37999999999994,14,284.37999999999994,move,improve
9846,14,284.37999999999994,14,284.37999999999994,2opt,notBad
9847,14,284.37999999999994,14,284.37999999999994,2opt,notBad
9848,14,284.37999999999994,14,284.37999999999994,move,improve
9849,14,284.37999999999994,14,284.37999999999994,2opt,notBad
9850,14,284.37999999999994,14,284.37999999999994,move,improve
9851,14,284.37999999999994,14,284.37999999999994,2opt,notBad
9852,14,284.37999999999994,14,284.37999999999994,2opt,notBad
9853,14,284.37999999999994,14,284.37999999999994,move,improve
9854,14,284.37999999999994,14,284.37999999999994,2opt,notBad
9855,14,284.37999999999994,14,284.37999999999994,2opt,notBad
9856,14,284.37999999999994,14,284.37999999999994,swap,notBad
9857,14,284.37999999999994,14,284.37999999999994,move,improve
9858,14,284.37999999999994,14,284.37999999999994,swap,notBad
9859,14,284.37999999999994,14,284.37999999999994,swap,notBad
9860,14,284.37999999999994,14,284.37999999999994,2opt,improve
9861,14,284.37999999999994,14,284.37999999999994,2opt,notBad
9862,14,284.37999999999994,14,284.37999999999994,2opt,notBad
9863,14,284.37999999999994,14,284.37999999999994,2opt,notBad
9864,14,284.37999999999994,14,284.37999999999994,swap,notBad
9865,14,284.37999999999994,14,284.37999999999994,swap,notBad
9866,14,284.37999999999994,14,284.37999999999994,swap,notBad
9867,14,284.37999999999994,14,284.37999999999994,2opt,notBad
9868,14,284.37999999999994,14,284.37999999999994,swap,notBad
9869,14,284.37999999999994,14,284.37999999999994,move,improve
9870,14,284.37999999999994,14,284.37999999999994,swap,notBad
9871,14,284.37999999999994,14,284.37999999999994,2opt,notBad
9872,14,284.37999999999994,14,284.37999999999994,2opt,notBad
9873,14,284.37999999999994,14,284.37999999999994,2opt,notBad
9874,14,284.37999999999994,14,284.37999999999994,swap,notBad
9875,14,284.37999999999994,14,284.37999999999994,swap,notBad
9876,14,284.37999999999994,14,284.37999999999994,move,improve
9877,14,284.37999999999994,14,284.37999999999994,swap,notBad
9878,14,284.37999999999994,14,284.37999999999994,move,improve
9879,14,284.37999999999994,14,284.37999999999994,swap,notBad
9880,14,284.37999999999994,14,284.37999999999994,move,improve
9881,14,284.37999999999994,14,284.37999999999994,2opt,notBad
9882,14,284.37999999999994,14,284.37999999999994,swap,notBad
9883,14,284.37999999999994,14,284.37999999999994,swap,notBad
9884,14,284.37999999999994,14,284.37999999999994,swap,notBad
9885,14,284.37999999999994,14,284.37999999999994,2opt,notBad
9886,14,284.37999999999994,14,284.37999999999994,swap,notBad
9887,14,284.37999999999994,14,284.37999999999994,swap,notBad
9888,14,284.37999999999994,14,284.37999999999994,swap,notBad
9889,14,284.37999999999994,14,284.37999999999994,2opt,notBad
9890,14,284.37999999999994,14,284.37999999999994,move,improve
9891,14,284.37999999999994,14,284.37999999999994,swap,notBad
9892,14,284.37999999999994,14,284.37999999999994,swap,notBad
9893,14,284.37999999999994,14,284.37999999999994,swap,notBad
9894,14,284.37999999999994,14,284.37999999999994,move,improve
9895,14,284.37999999999994,14,284.37999999999994,swap,notBad
9896,14,284.37999999999994,14,284.37999999999994,2opt,notBad
9897,14,284.37999999999994,14,284.37999999999994,move,improve
9898,14,284.37999999999994,14,284.37999999999994,swap,notBad
9899,14,284.37999999999994,14,284.37999999999994,2opt,notBad
9900,14,284.37999999999994,14,284.37999999999994,swap,notBad
9901,14,284.37999999999994,14,284.37999999999994,2opt,notBad
9902,14,284.37999999999994,14,284.37999999999994,swap,notBad
9903,14,284.37999999999994,14,284.37999999999994,move,improve
9904,14,284.37999999999994,14,284.37999999999994,move,improve
9905,14,284.37999999999994,14,284.37999999999994,2opt,notBad
9906,14,284.37999999999994,14,284.37999999999994,2opt,notBad
9907,14,284.37999999999994,14,284.37999999999994,swap,notBad
9908,14,284.37999999999994,14,284.37999999999994,move,improve
9909,14,284.37999999999994,14,284.37999999999994,move,improve
9910,14,284.37999999999994,14,284.37999999999994,swap,notBad
9911,14,284.37999999999994,14,284.37999999999994,swap,notBad
9912,14,284.37999999999994,14,284.37999999999994,2opt,improve
9913,14,284.37999999999994,14,284.37999999999994,swap,notBad
9914,14,284.37999999999994,14,284.37999999999994,2opt,notBad
9915,14,284.37999999999994,14,284.37999999999994,2opt,notBad
9916,14,284.37999999999994,14,284.37999999999994,move,improve
9917,14,284.37999999999994,14,284.37999999999994,swap,notBad
9918,14,284.37999999999994,14,284.37999999999994,2opt,notBad
9919,14,284.37999999999994,14,284.37999999999994,2opt,notBad
9920,14,284.37999999999994,14,284.37999999999994,swap,notBad
9921,14,284.37999999999994,14,284.37999999999994,move,improve
9922,14,284.37999999999994,14,284.37999999999994,move,improve
9923,14,284.37999999999994,14,284.37999999999994,swap,notBad
9924,14,284.37999999999994,14,284.37999999999994,2opt,notBad
9925,14,284.37999999999994,14,284.37999999999994,swap,notBad
9926,14,284.37999999999994,14,284.37999999999994,swap,notBad
9927,14,284.37999999999994,14,284.37999999999994,2opt,improve
9928,14,284.37999999999994,14,284.37999999999994,swap,notBad
9929,14,284.37999999999994,14,284.37999999999994,swap,notBad
9930,14,284.37999999999994,14,284.37999999999994,swap,notBad
9931,14,284.37999999999994,14,284.37999999999994,2opt,notBad
9932,14,284.37999999999994,14,284.37999999999994,swap,notBad
9933,14,284.37999999999994,14,284.37999999999994,swap,notBad
9934,14,284.37999999999994,14,284.37999999999994,2opt,notBad
9935,14,284.37999999999994,14,284.37999999999994,move,improve
9936,14,284.37999999999994,14,284.37999999999994,swap,notBad
9937,14,284.37999999999994,14,284.37999999999994,2opt,notBad
9938,14,284.37999999999994,14,284.37999999999994,swap,notBad
9939,14,284.37999999999994,14,284.37999999999994,2opt,notBad
9940,14,284.37999999999994,14,284.37999999999994,2opt,notBad
9941,14,284.37999999999994,14,284.37999999999994,move,improve
9942,14,284.37999999999994,14,284.37999999999994,swap,notBad
9943,14,284.37999999999994,14,284.37999999999994,move,improve
9944,14,284.37999999999994,14,284.37999999999994,2opt,notBad
9945,14,284.37999999999994,14,284.37999999999994,move,improve
9946,14,284.37999999999994,14,284.37999999999994,swap,notBad
9947,14,284.37999999999994,14,284.37999999999994,move,improve
9948,14,284.37999999999994,14,284.37999999999994,swap,notBad
9949,14,284.37999999999994,14,284.37999999999994,2opt,notBad
9950,14,284.37999999999994,14,284.37999999999994,move,improve
9951,14,284.37999999999994,14,284.37999999999994,swap,notBad
9952,14,284.37999999999994,14,284.37999999999994,2opt,notBad
9953,14,284.37999999999994,14,284.37999999999994,move,improve
9954,14,284.37999999999994,14,284.37999999999994,2opt,notBad
9955,14,284.37999999999994,14,284.37999999999994,move,improve
9956,14,284.37999999999994,14,284.37999999999994,2opt,notBad
9957,14,284.37999999999994,14,284.37999999999994,move,improve
9958,14,284.37999999999994,14,284.37999999999994,move,improve
9959,14,284.37999999999994,14,284.37999999999994,swap,notBad
9960,14,284.37999999999994,14,284.37999999999994,2opt,notBad
9961,14,284.37999999999994,14,284.37999999999994,move,improve
9962,14,284.37999999999994,14,284.37999999999994,2opt,notBad
9963,14,284.37999999999994,14,284.37999999999994,swap,notBad
9964,14,284.37999999999994,14,284.37999999999994,2opt,notBad
9965,14,284.37999999999994,14,284.37999999999994,move,improve
9966,14,284.37999999999994,14,284.37999999999994,2opt,notBad
9967,14,284.37999999999994,14,284.37999999999994,swap,notBad
9968,14,284.37999999999994,14,284.37999999999994,2opt,notBad
9969,14,284.37999999999994,14,284.37999999999994,2opt,notBad
9970,14,286.77999999999986,14,284.37999999999994,swap,acceptBad
9971,14,286.77999999999986,14,284.37999999999994,2opt,notBad
9972,14,286.77999999999986,14,284.37999999999994,move,improve
9973,14,286.77999999999986,14,284.37999999999994,move,improve
9974,14,286.77999999999986,14,284.37999999999994,2opt,notBad
9975,14,286.77999999999986,14,284.37999999999994,move,notBad
9976,14,286.77999999999986,14,284.37999999999994,swap,notBad
9977,14,286.77999999999986,14,284.37999999999994,swap,notBad
9978,14,286.77999999999986,14,284.37999999999994,swap,notBad
9979,14,286.77999999999986,14,284.37999999999994,2opt,notBad
9980,14,286.77999999999986,14,284.37999999999994,2opt,improve
9981,14,286.77999999999986,14,284.37999999999994,swap,notBad
9982,14,286.77999999999986,14,284.37999999999994,swap,notBad
9983,14,286.77999999999986,14,284.37999999999994,2opt,improve
9984,14,286.77999999999986,14,284.37999999999994,2opt,notBad
9985,14,286.77999999999986,14,284.37999999999994,2opt,notBad
9986,14,286.77999999999986,14,284.37999999999994,2opt,improve
9987,14,286.77999999999986,14,284.37999999999994,move,improve
9988,14,286.77999999999986,14,284.37999999999994,2opt,notBad
9989,14,286.77999999999986,14,284.37999999999994,2opt,notBad
9990,14,286.77999999999986,14,284.37999999999994,2opt,improve
9991,14,286.77999999999986,14,284.37999999999994,move,improve
9992,14,286.77999999999986,14,284.37999999999994,move,improve
9993,14,286.77999999999986,14,284.37999999999994,2opt,notBad
9994,14,286.77999999999986,14,284.37999999999994,swap,notBad
9995,14,286.77999999999986,14,284.37999999999994,swap,notBad
9996,14,286.77999999999986,14,284.37999999999994,2opt,notBad
9997,14,286.77999999999986,14,284.37999999999994,2opt,improve
9998,14,286.77999999999986,14,284.37999999999994,swap,notBad
9999,14,286.77999999999986,14,284.37999999999994,move,improve
10000,14,286.77999999999986,14,284.37999999999994,move,improve
10001,14,286.77999999999986,14,284.37999999999994,swap,notBad
10002,14,286.77999999999986,14,284.37999999999994,swap,notBad
10003,14,286.77999999999986,14,284.37999999999994,2opt,improve
10004,14,286.77999999999986,14,284.37999999999994,2opt,notBad
10005,14,286.77999999999986,14,284.37999999999994,move,notBad
10006,14,286.77999999999986,14,284.37999999999994,2opt,improve
10007,14,286.77999999999986,14,284.37999999999994,swap,notBad
10008,14,286.77999999999986,14,284.37999999999994,2opt,notBad
10009,14,286.77999999999986,14,284.37999999999994,2opt,notBad
10010,14,286.77999999999986,14,284.37999999999994,move,improve
10011,14,286.77999999999986,14,284.37999999999994,move,improve
10012,14,286.77999999999986,14,284.37999999999994,2opt,notBad
10013,14,286.77999999999986,14,284.37999999999994,move,improve
10014,14,286.77999999999986,14,284.37999999999994,move,improve
10015,14,286.77999999999986,14,284.37999999999994,2opt,notBad
10016,14,286.77999999999986,14,284.37999999999994,2opt,notBad
10017,14,286.77999999999986,14,284.37999999999994,move,improve
10018,14,286.77999999999986,14,284.37999999999994,2opt,notBad
10019,14,286.77999999999986,14,284.37999999999994,move,improve
10020,14,286.77999999999986,14,284.37999999999994,swap,notBad
10021,14,286.77999999999986,14,284.37999999999994,move,improve
10022,14,286.77999999999986,14,284.37999999999994,2opt,improve
10023,14,286.77999999999986,14,284.37999999999994,move,improve
10024,14,286.77999999999986,14,284.37999999999994,move,improve
10025,14,286.77999999999986,14,284.37999999999994,swap,notBad
10026,14,286.77999999999986,14,284.37999999999994,swap,notBad
10027,14,286.77999999999986,14,284.37999999999994,2opt,notBad
10028,14,286.77999999999986,14,284.37999999999994,2opt,notBad
10029,14,286.77999999999986,14,284.37999999999994,move,improve
10030,14,286.77999999999986,14,284.37999999999994,move,improve
10031,14,286.77999999999986,14,284.37999999999994,swap,notBad
10032,14,286.77999999999986,14,284.37999999999994,move,improve
10033,14,286.77999999999986,14,284.37999999999994,2opt,improve
10034,14,286.77999999999986,14,284.37999999999994,move,improve
10035,14,286.77999999999986,14,284.37999999999994,2opt,notBad
10036,14,286.77999999999986,14,284.37999999999994,swap,notBad
10037,14,286.77999999999986,14,284.37999999999994,2opt,notBad
10038,14,286.77999999999986,14,284.37999999999994,move,improve
10039,14,286.77999999999986,14,284.37999999999994,move,improve
10040,14,286.77999999999986,14,284.37999999999994,2opt,notBad
10041,14,286.77999999999986,14,284.37999999999994,2opt,notBad
10042,14,286.77999999999986,14,284.37999999999994,swap,notBad
10043,14,286.77999999999986,14,284.37999999999994,swap,notBad
10044,14,286.77999999999986,14,284.37999999999994,swap,notBad
10045,14,286.77999999999986,14,284.37999999999994,move,improve
10046,14,286.77999999999986,14,284.37999999999994,move,improve
10047,14,286.77999999999986,14,284.37999999999994,2opt,notBad
10048,14,286.77999999999986,14,284.37999999999994,swap,notBad
10049,14,286.77999999999986,14,284.37999999999994,swap,notBad
10050,14,286.77999999999986,14,284.37999999999994,2opt,improve
10051,14,286.77999999999986,14,284.37999999999994,2opt,notBad
10052,14,286.77999999999986,14,284.37999999999994,2opt,notBad
10053,14,286.77999999999986,14,284.37999999999994,swap,notBad
10054,14,286.77999999999986,14,284.37999999999994,swap,notBad
10055,14,286.77999999999986,14,284.37999999999994,swap,notBad
10056,14,286.77999999999986,14,284.37999999999994,move,improve
10057,14,286.77999999999986,14,284.37999999999994,2opt,notBad
10058,14,286.77999999999986,14,284.37999999999994,2opt,notBad
10059,14,286.77999999999986,14,284.37999999999994,move,improve
10060,14,286.77999999999986,14,284.37999999999994,2opt,improve
10061,14,286.77999999999986,14,284.37999999999994,2opt,notBad
10062,14,286.77999999999986,14,284.37999999999994,move,improve
10063,14,286.77999999999986,14,284.37999999999994,swap,notBad
10064,14,286.77999999999986,14,284.37999999999994,swap,notBad
10065,14,286.77999999999986,14,284.37999999999994,swap,notBad
10066,14,286.77999999999986,14,284.37999999999994,swap,notBad
10067,14,286.77999999999986,14,284.37999999999994,swap,notBad
10068,14,286.77999999999986,14,284.37999999999994,move,improve
10069,14,286.77999999999986,14,284.37999999999994,swap,notBad
10070,14,286.77999999999986,14,284.37999999999994,move,improve
10071,14,286.77999999999986,14,284.37999999999994,move,improve
10072,14,286.77999999999986,14,284.37999999999994,swap,notBad
10073,14,286.77999999999986,14,284.37999999999994,swap,notBad
10074,14,286.77999999999986,14,284.37999999999994,swap,notBad
10075,14,286.77999999999986,14,284.37999999999994,swap,notBad
10076,14,286.77999999999986,14,284.37999999999994,swap,notBad
10077,14,286.77999999999986,14,284.37999999999994,2opt,notBad
10078,14,286.77999999999986,14,284.37999999999994,swap,notBad
10079,14,286.77999999999986,14,284.37999999999994,swap,notBad
10080,14,286.77999999999986,14,284.37999999999994,swap,notBad
10081,14,286.77999999999986,14,284.37999999999994,2opt,notBad
10082,14,286.77999999999986,14,284.37999999999994,2opt,notBad
10083,14,286.77999999999986,14,284.37999999999994,move,improve
10084,14,286.77999999999986,14,284.37999999999994,swap,notBad
10085,14,286.77999999999986,14,284.37999999999994,swap,notBad
10086,14,286.77999999999986,14,284.37999999999994,2opt,notBad
10087,14,286.77999999999986,14,284.37999999999994,2opt,notBad
10088,14,286.77999999999986,14,284.37999999999994,swap,notBad
10089,14,286.77999999999986,14,284.37999999999994,move,improve
10090,14,286.77999999999986,14,284.37999999999994,2opt,notBad
10091,14,286.77999999999986,14,284.37999999999994,swap,notBad
10092,14,286.77999999999986,14,284.37999999999994,2opt,notBad
10093,14,286.77999999999986,14,284.37999999999994,2opt,notBad
10094,14,286.77999999999986,14,284.37999999999994,swap,notBad
10095,14,286.77999999999986,14,284.37999999999994,2opt,notBad
10096,14,286.77999999999986,14,284.37999999999994,2opt,improve
10097,14,286.77999999999986,14,284.37999999999994,swap,notBad
10098,14,286.77999999999986,14,284.37999999999994,swap,notBad
10099,14,286.77999999999986,14,284.37999999999994,2opt,notBad
10100,14,286.77999999999986,14,284.37999999999994,2opt,notBad
10101,14,286.77999999999986,14,284.37999999999994,swap,notBad
10102,14,286.77999999999986,14,284.37999999999994,2opt,notBad
10103,14,286.77999999999986,14,284.37999999999994,move,improve
10104,14,286.77999999999986,14,284.37999999999994,swap,notBad
10105,14,286.77999999999986,14,284.37999999999994,2opt,notBad
10106,14,284.37999999999994,14,284.37999999999994,swap,improve
10107,14,284.37999999999994,14,284.37999999999994,swap,notBad
10108,14,284.37999999999994,14,284.37999999999994,swap,notBad
10109,14,284.37999999999994,14,284.37999999999994,move,improve
10110,14,284.37999999999994,14,284.37999999999994,2opt,notBad
10111,14,284.37999999999994,14,284.37999999999994,swap,notBad
10112,14,284.37999999999994,14,284.37999999999994,2opt,notBad
10113,14,284.37999999999994,14,284.37999999999994,2opt,improve
10114,14,284.37999999999994,14,284.37999999999994,2opt,notBad
10115,14,284.37999999999994,14,284.37999999999994,swap,notBad
10116,14,284.37999999999994,14,284.37999999999994,move,improve
10117,14,284.37999999999994,14,284.37999999999994,2opt,notBad
10118,14,284.37999999999994,14,284.37999999999994,2opt,notBad
10119,14,284.37999999999994,14,284.37999999999994,swap,notBad
10120,14,284.37999999999994,14,284.37999999999994,move,improve
10121,14,284.37999999999994,14,284.37999999999994,move,improve
10122,14,284.37999999999994,14,284.37999999999994,move,improve
10123,14,284.37999999999994,14,284.37999999999994,move,improve
10124,14,284.37999999999994,14,284.37999999999994,swap,notBad
10125,14,284.37999999999994,14,284.37999999999994,swap,notBad
10126,14,284.37999999999994,14,284.37999999999994,move,improve
10127,14,284.37999999999994,14,284.37999999999994,2opt,notBad
10128,14,284.37999999999994,14,284.37999999999994,swap,notBad
10129,14,284.37999999999994,14,284.37999999999994,2opt,notBad
10130,14,284.37999999999994,14,284.37999999999994,move,improve
10131,14,284.37999999999994,14,284.37999999999994,2opt,notBad
10132,14,284.37999999999994,14,284.37999999999994,move,improve
10133,14,284.37999999999994,14,284.37999999999994,move,improve
10134,14,284.37999999999994,14,284.37999999999994,move,improve
10135,14,284.37999999999994,14,284.37999999999994,move,improve
10136,14,284.37999999999994,14,284.37999999999994,2opt,notBad
10137,14,284.37999999999994,14,284.37999999999994,2opt,improve
10138,14,284.37999999999994,14,284.37999999999994,swap,notBad
10139,14,284.37999999999994,14,284.37999999999994,swap,notBad
10140,14,284.37999999999994,14,284.37999999999994,move,improve
10141,14,284.37999999999994,14,284.37999999999994,move,improve
10142,14,284.37999999999994,14,284.37999999999994,swap,notBad
10143,14,284.37999999999994,14,284.37999999999994,swap,notBad
10144,14,284.37999999999994,14,284.37999999999994,2opt,notBad
10145,14,284.37999999999994,14,284.37999999999994,2opt,improve
10146,14,284.37999999999994,14,284.37999999999994,2opt,improve
10147,14,284.37999999999994,14,284.37999999999994,move,improve
10148,14,284.37999999999994,14,284.37999999999994,move,improve
10149,14,284.37999999999994,14,284.37999999999994,2opt,notBad
10150,14,284.37999999999994,14,284.37999999999994,move,improve
10151,14,284.37999999999994,14,284.37999999999994,swap,notBad
10152,14,284.37999999999994,14,284.37999999999994,swap,notBad
10153,14,284.37999999999994,14,284.37999999999994,swap,notBad
10154,14,284.37999999999994,14,284.37999999999994,move,improve
10155,14,284.37999999999994,14,284.37999999999994,swap,notBad
10156,14,284.37999999999994,14,284.37999999999994,move,improve
10157,14,284.37999999999994,14,284.37999999999994,swap,notBad
10158,14,284.37999999999994,14,284.37999999999994,2opt,improve
10159,14,284.37999999999994,14,284.37999999999994,2opt,notBad
10160,14,284.37999999999994,14,284.37999999999994,2opt,notBad
10161,14,284.37999999999994,14,284.37999999999994,move,improve
10162,14,284.37999999999994,14,284.37999999999994,move,improve
10163,14,284.37999999999994,14,284.37999999999994,swap,notBad
10164,14,284.37999999999994,14,284.37999999999994,swap,notBad
10165,14,284.37999999999994,14,284.37999999999994,2opt,notBad
10166,14,284.37999999999994,14,284.37999999999994,2opt,notBad
10167,14,284.37999999999994,14,284.37999999999994,2opt,notBad
10168,14,284.37999999999994,14,284.37999999999994,move,improve
10169,14,284.37999999999994,14,284.37999999999994,swap,notBad
10170,14,284.37999999999994,14,284.37999999999994,2opt,notBad
10171,14,284.37999999999994,14,284.37999999999994,swap,notBad
10172,14,284.37999999999994,14,284.37999999999994,move,improve
10173,14,284.37999999999994,14,284.37999999999994,move,improve
10174,14,284.37999999999994,14,284.37999999999994,swap,notBad
10175,14,284.37999999999994,14,284.37999999999994,2opt,notBad
10176,14,284.37999999999994,14,284.37999999999994,swap,notBad
10177,14,284.37999999999994,14,284.37999999999994,swap,notBad
10178,14,284.37999999999994,14,284.37999999999994,move,improve
10179,14,284.37999999999994,14,284.37999999999994,move,improve
10180,14,284.37999999999994,14,284.37999999999994,swap,notBad
10181,14,284.37999999999994,14,284.37999999999994,swap,notBad
10182,14,284.37999999999994,14,284.37999999999994,move,improve
10183,14,284.37999999999994,14,284.37999999999994,swap,notBad
10184,14,284.37999999999994,14,284.37999999999994,move,improve
10185,14,284.37999999999994,14,284.37999999999994,2opt,notBad
10186,14,284.37999999999994,14,284.37999999999994,2opt,improve
10187,14,284.37999999999994,14,284.37999999999994,2opt,notBad
10188,14,284.37999999999994,14,284.37999999999994,swap,notBad
10189,14,284.37999999999994,14,284.37999999999994,move,improve
10190,14,284.37999999999994,14,284.37999999999994,move,improve
10191,14,284.37999999999994,14,284.37999999999994,swap,notBad
10192,14,284.37999999999994,14,284.37999999999994,2opt,notBad
10193,14,284.37999999999994,14,284.37999999999994,swap,notBad
10194,14,284.37999999999994,14,284.37999999999994,swap,notBad
10195,14,284.37999999999994,14,284.37999999999994,move,improve
10196,14,284.37999999999994,14,284.37999999999994,swap,notBad
10197,14,284.37999999999994,14,284.37999999999994,move,improve
10198,14,284.37999999999994,14,284.37999999999994,swap,notBad
10199,14,284.37999999999994,14,284.37999999999994,2opt,notBad
10200,14,284.37999999999994,14,284.37999999999994,swap,notBad
10201,14,284.37999999999994,14,284.37999999999994,swap,notBad
10202,14,284.37999999999994,14,284.37999999999994,swap,notBad
10203,14,284.37999999999994,14,284.37999999999994,move,improve
10204,14,284.37999999999994,14,284.37999999999994,2opt,improve
10205,14,284.37999999999994,14,284.37999999999994,move,improve
10206,14,284.37999999999994,14,284.37999999999994,move,improve
10207,14,284.37999999999994,14,284.37999999999994,move,improve
10208,14,284.37999999999994,14,284.37999999999994,2opt,notBad
10209,14,284.37999999999994,14,284.37999999999994,2opt,improve
10210,14,284.37999999999994,14,284.37999999999994,swap,notBad
10211,14,284.37999999999994,14,284.37999999999994,2opt,notBad
10212,14,284.37999999999994,14,284.37999999999994,2opt,notBad
10213,14,284.37999999999994,14,284.37999999999994,swap,notBad
10214,14,284.37999999999994,14,284.37999999999994,swap,notBad
10215,14,284.37999999999994,14,284.37999999999994,swap,notBad
10216,14,284.37999999999994,14,284.37999999999994,swap,notBad
10217,14,284.37999999999994,14,284.37999999999994,move,improve
10218,14,284.37999999999994,14,284.37999999999994,move,improve
10219,14,284.37999999999994,14,284.37999999999994,move,improve
10220,14,284.37999999999994,14,284.37999999999994,swap,notBad
10221,14,284.37999999999994,14,284.37999999999994,swap,notBad
10222,14,284.37999999999994,14,284.37999999999994,move,improve
10223,14,284.37999999999994,14,284.37999999999994,swap,notBad
10224,14,284.37999999999994,14,284.37999999999994,2opt,notBad
10225,14,284.37999999999994,14,284.37999999999994,swap,notBad
10226,14,284.37999999999994,14,284.37999999999994,swap,notBad
10227,14,284.37999999999994,14,284.37999999999994,2opt,notBad
10228,14,284.37999999999994,14,284.37999999999994,swap,notBad
10229,14,284.37999999999994,14,284.37999999999994,swap,notBad
10230,14,284.37999999999994,14,284.37999999999994,2opt,notBad
10231,14,284.37999999999994,14,284.37999999999994,swap,notBad
10232,14,284.37999999999994,14,284.37999999999994,2opt,notBad
10233,14,284.37999999999994,14,284.37999999999994,2opt,notBad
10234,14,284.37999999999994,14,284.37999999999994,swap,notBad
10235,14,284.37999999999994,14,284.37999999999994,move,improve
10236,14,284.37999999999994,14,284.37999999999994,2opt,notBad
10237,14,284.37999999999994,14,284.37999999999994,swap,notBad
10238,14,284.37999999999994,14,284.37999999999994,2opt,improve
10239,14,284.37999999999994,14,284.37999999999994,2opt,notBad
10240,14,284.37999999999994,14,284.37999999999994,swap,notBad
10241,14,284.37999999999994,14,284.37999999999994,swap,notBad
10242,14,284.37999999999994,14,284.37999999999994,2opt,notBad
10243,14,284.37999999999994,14,284.37999999999994,swap,notBad
10244,14,284.37999999999994,14,284.37999999999994,swap,notBad
10245,14,284.37999999999994,14,284.37999999999994,swap,notBad
10246,14,284.37999999999994,14,284.37999999999994,swap,notBad
10247,14,284.37999999999994,14,284.37999999999994,2opt,notBad
10248,14,284.37999999999994,14,284.37999999999994,swap,notBad
10249,14,284.37999999999994,14,284.37999999999994,move,improve
10250,14,284.37999999999994,14,284.37999999999994,2opt,notBad
10251,14,284.37999999999994,14,284.37999999999994,move,improve
10252,14,284.37999999999994,14,284.37999999999994,2opt,notBad
10253,14,284.37999999999994,14,284.37999999999994,2opt,notBad
10254,14,284.37999999999994,14,284.37999999999994,2opt,notBad
10255,14,284.37999999999994,14,284.37999999999994,swap,notBad
10256,14,284.37999999999994,14,284.37999999999994,swap,notBad
10257,14,284.37999999999994,14,284.37999999999994,2opt,notBad
10258,14,284.37999999999994,14,284.37999999999994,2opt,notBad
10259,14,284.37999999999994,14,284.37999999999994,swap,notBad
10260,14,284.37999999999994,14,284.37999999999994,2opt,notBad
10261,14,284.37999999999994,14,284.37999999999994,swap,notBad
10262,14,284.37999999999994,14,284.37999999999994,2opt,notBad
10263,14,284.37999999999994,14,284.37999999999994,move,improve
10264,14,284.37999999999994,14,284.37999999999994,move,improve
10265,14,284.37999999999994,14,284.37999999999994,2opt,improve
10266,14,284.37999999999994,14,284.37999999999994,2opt,notBad
10267,14,284.37999999999994,14,284.37999999999994,2opt,notBad
10268,14,284.37999999999994,14,284.37999999999994,swap,notBad
10269,14,284.37999999999994,14,284.37999999999994,move,improve
10270,14,284.37999999999994,14,284.37999999999994,move,improve
10271,14,284.37999999999994,14,284.37999999999994,2opt,improve
10272,14,284.37999999999994,14,284.37999999999994,2opt,notBad
10273,14,284.37999999999994,14,284.37999999999994,move,improve
10274,14,284.37999999999994,14,284.37999999999994,2opt,improve
10275,14,284.37999999999994,14,284.37999999999994,move,improve
10276,14,284.37999999999994,14,284.37999999999994,move,improve
10277,14,284.37999999999994,14,284.37999999999994,move,improve
10278,14,284.37999999999994,14,284.37999999999994,move,improve
10279,14,284.37999999999994,14,284.37999999999994,move,improve
10280,14,284.37999999999994,14,284.37999999999994,swap,notBad
10281,14,284.37999999999994,14,284.37999999999994,move,improve
10282,14,284.37999999999994,14,284.37999999999994,swap,notBad
10283,14,284.37999999999994,14,284.37999999999994,swap,notBad
10284,14,284.37999999999994,14,284.37999999999994,move,improve
10285,14,284.37999999999994,14,284.37999999999994,move,improve
10286,14,284.37999999999994,14,284.37999999999994,2opt,notBad
10287,14,284.37999999999994,14,284.37999999999994,move,improve
10288,14,286.77999999999986,14,284.37999999999994,swap,acceptBad
10289,14,286.77999999999986,14,284.37999999999994,2opt,notBad
10290,14,286.77999999999986,14,284.37999999999994,move,improve
10291,14,286.77999999999986,14,284.37999999999994,2opt,notBad
10292,14,286.77999999999986,14,284.37999999999994,2opt,notBad
10293,14,286.77999999999986,14,284.37999999999994,swap,notBad
10294,14,286.77999999999986,14,284.37999999999994,2opt,notBad
10295,14,286.77999999999986,14,284.37999999999994,2opt,notBad
10296,14,286.77999999999986,14,284.37999999999994,move,improve
10297,14,286.77999999999986,14,284.37999999999994,2opt,notBad
10298,14,286.77999999999986,14,284.37999999999994,swap,notBad
10299,14,286.77999999999986,14,284.37999999999994,move,improve
10300,14,286.77999999999986,14,284.37999999999994,2opt,notBad
10301,14,286.77999999999986,14,284.37999999999994,2opt,notBad
10302,14,286.77999999999986,14,284.37999999999994,move,improve
10303,14,286.77999999999986,14,284.37999999999994,swap,notBad
10304,14,286.77999999999986,14,284.37999999999994,2opt,improve
10305,14,286.77999999999986,14,284.37999999999994,2opt,notBad
10306,14,286.77999999999986,14,284.37999999999994,move,improve
10307,14,286.77999999999986,14,284.37999999999994,swap,notBad
10308,14,286.77999999999986,14,284.37999999999994,move,improve
10309,14,286.77999999999986,14,284.37999999999994,move,improve
10310,14,286.77999999999986,14,284.37999999999994,swap,notBad
10311,14,286.77999999999986,14,284.37999999999994,2opt,notBad
10312,14,286.77999999999986,14,284.37999999999994,move,improve
10313,14,286.77999999999986,14,284.37999999999994,move,improve
10314,14,286.77999999999986,14,284.37999999999994,2opt,notBad
10315,14,286.77999999999986,14,284.37999999999994,move,improve
10316,14,286.77999999999986,14,284.37999999999994,2opt,notBad
10317,14,286.77999999999986,14,284.37999999999994,swap,notBad
10318,14,286.77999999999986,14,284.37999999999994,2opt,improve
10319,14,286.77999999999986,14,284.37999999999994,move,improve
10320,14,286.77999999999986,14,284.37999999999994,swap,notBad
10321,14,286.77999999999986,14,284.37999999999994,swap,notBad
10322,14,286.77999999999986,14,284.37999999999994,swap,notBad
10323,14,286.77999999999986,14,284.37999999999994,swap,notBad
10324,14,286.77999999999986,14,284.37999999999994,2opt,notBad
10325,14,286.77999999999986,14,284.37999999999994,move,improve
10326,14,286.77999999999986,14,284.37999999999994,move,improve
10327,14,286.77999999999986,14,284.37999999999994,2opt,notBad
10328,14,286.77999999999986,14,284.37999999999994,2opt,notBad
10329,14,286.77999999999986,14,284.37999999999994,2opt,notBad
10330,14,286.77999999999986,14,284.37999999999994,2opt,notBad
10331,14,286.77999999999986,14,284.37999999999994,2opt,notBad
10332,14,286.77999999999986,14,284.37999999999994,swap,notBad
10333,14,286.77999999999986,14,284.37999999999994,move,improve
10334,14,286.77999999999986,14,284.37999999999994,2opt,notBad
10335,14,286.77999999999986,14,284.37999999999994,2opt,improve
10336,14,286.77999999999986,14,284.37999999999994,swap,notBad
10337,14,286.77999999999986,14,284.37999999999994,2opt,improve
10338,14,286.77999999999986,14,284.37999999999994,2opt,notBad
10339,14,286.77999999999986,14,284.37999999999994,swap,notBad
10340,14,286.77999999999986,14,284.37999999999994,2opt,notBad
10341,14,286.77999999999986,14,284.37999999999994,swap,notBad
10342,14,286.77999999999986,14,284.37999999999994,swap,notBad
10343,14,286.77999999999986,14,284.37999999999994,2opt,improve
10344,14,286.77999999999986,14,284.37999999999994,move,improve
10345,14,286.77999999999986,14,284.37999999999994,2opt,notBad
10346,14,286.77999999999986,14,284.37999999999994,move,improve
10347,14,286.77999999999986,14,284.37999999999994,move,improve
10348,14,286.77999999999986,14,284.37999999999994,2opt,notBad
10349,14,286.77999999999986,14,284.37999999999994,move,improve
10350,14,286.77999999999986,14,284.37999999999994,move,improve
10351,14,286.77999999999986,14,284.37999999999994,swap,notBad
10352,14,286.77999999999986,14,284.37999999999994,swap,notBad
10353,14,286.77999999999986,14,284.37999999999994,swap,notBad
10354,14,286.77999999999986,14,284.37999999999994,2opt,notBad
10355,14,286.77999999999986,14,284.37999999999994,swap,notBad
10356,14,286.77999999999986,14,284.37999999999994,swap,notBad
10357,14,286.77999999999986,14,284.37999999999994,2opt,notBad
10358,14,286.77999999999986,14,284.37999999999994,move,improve
10359,14,286.77999999999986,14,284.37999999999994,move,improve
10360,14,286.77999999999986,14,284.37999999999994,2opt,notBad
10361,14,286.77999999999986,14,284.37999999999994,swap,notBad
10362,14,286.77999999999986,14,284.37999999999994,swap,notBad
10363,14,286.77999999999986,14,284.37999999999994,2opt,notBad
10364,14,286.77999999999986,14,284.37999999999994,swap,notBad
10365,14,286.77999999999986,14,284.37999999999994,2opt,notBad
10366,14,286.77999999999986,14,284.37999999999994,swap,notBad
10367,14,286.77999999999986,14,284.37999999999994,2opt,notBad
10368,14,286.77999999999986,14,284.37999999999994,swap,notBad
10369,14,286.77999999999986,14,284.37999999999994,swap,notBad
10370,14,286.77999999999986,14,284.37999999999994,move,improve
10371,14,286.77999999999986,14,284.37999999999994,swap,notBad
10372,14,286.77999999999986,14,284.37999999999994,2opt,notBad
10373,14,286.77999999999986,14,284.37999999999994,swap,notBad
10374,14,286.77999999999986,14,284.37999999999994,move,improve
10375,14,286.77999999999986,14,284.37999999999994,move,improve
10376,14,286.77999999999986,14,284.37999999999994,move,improve
10377,14,286.77999999999986,14,284.37999999999994,swap,notBad
10378,14,286.77999999999986,14,284.37999999999994,move,improve
10379,14,286.77999999999986,14,284.37999999999994,swap,notBad
10380,14,286.77999999999986,14,284.37999999999994,swap,notBad
10381,14,286.77999999999986,14,284.37999999999994,swap,notBad
10382,14,286.77999999999986,14,284.37999999999994,move,improve
10383,14,286.77999999999986,14,284.37999999999994,2opt,notBad
10384,14,286.77999999999986,14,284.37999999999994,move,improve
10385,14,286.77999999999986,14,284.37999999999994,2opt,notBad
10386,14,286.77999999999986,14,284.37999999999994,move,improve
10387,14,286.77999999999986,14,284.37999999999994,2opt,notBad
10388,14,286.77999999999986,14,284.37999999999994,swap,notBad
10389,14,286.77999999999986,14,284.37999999999994,swap,notBad
10390,14,286.77999999999986,14,284.37999999999994,move,improve
10391,14,286.77999999999986,14,284.37999999999994,move,improve
10392,14,286.77999999999986,14,284.37999999999994,2opt,notBad
10393,14,286.77999999999986,14,284.37999999999994,move,improve
10394,14,286.77999999999986,14,284.37999999999994,swap,notBad
10395,14,286.77999999999986,14,284.37999999999994,move,improve
10396,14,286.77999999999986,14,284.37999999999994,2opt,notBad
10397,14,286.77999999999986,14,284.37999999999994,2opt,notBad
10398,14,286.77999999999986,14,284.37999999999994,move,improve
10399,14,286.77999999999986,14,284.37999999999994,2opt,notBad
10400,14,286.77999999999986,14,284.37999999999994,2opt,notBad
10401,14,286.77999999999986,14,284.37999999999994,swap,notBad
10402,14,286.77999999999986,14,284.37999999999994,swap,notBad
10403,14,286.77999999999986,14,284.37999999999994,swap,notBad
10404,14,286.77999999999986,14,284.37999999999994,swap,notBad
10405,14,286.77999999999986,14,284.37999999999994,move,improve
10406,14,286.77999999999986,14,284.37999999999994,swap,notBad
10407,14,286.77999999999986,14,284.37999999999994,move,improve
10408,14,286.77999999999986,14,284.37999999999994,swap,notBad
10409,14,286.77999999999986,14,284.37999999999994,swap,notBad
10410,14,286.77999999999986,14,284.37999999999994,move,improve
10411,14,286.77999999999986,14,284.37999999999994,swap,notBad
10412,14,286.77999999999986,14,284.37999999999994,2opt,notBad
10413,14,286.77999999999986,14,284.37999999999994,move,improve
10414,14,286.77999999999986,14,284.37999999999994,2opt,improve
10415,14,286.77999999999986,14,284.37999999999994,move,improve
10416,14,286.77999999999986,14,284.37999999999994,move,improve
10417,14,286.77999999999986,14,284.37999999999994,move,improve
10418,14,286.77999999999986,14,284.37999999999994,2opt,notBad
10419,14,286.77999999999986,14,284.37999999999994,move,improve
10420,14,286.77999999999986,14,284.37999999999994,move,improve
10421,14,286.77999999999986,14,284.37999999999994,2opt,notBad
10422,14,286.77999999999986,14,284.37999999999994,2opt,notBad
10423,14,286.77999999999986,14,284.37999999999994,2opt,notBad
10424,14,286.77999999999986,14,284.37999999999994,move,improve
10425,14,286.77999999999986,14,284.37999999999994,swap,notBad
10426,14,286.77999999999986,14,284.37999999999994,move,improve
10427,14,286.77999999999986,14,284.37999999999994,2opt,notBad
10428,14,286.77999999999986,14,284.37999999999994,move,improve
10429,14,286.77999999999986,14,284.37999999999994,2opt,notBad
10430,14,286.77999999999986,14,284.37999999999994,swap,notBad
10431,14,286.77999999999986,14,284.37999999999994,swap,notBad
10432,14,286.77999999999986,14,284.37999999999994,2opt,notBad
10433,14,286.77999999999986,14,284.37999999999994,move,improve
10434,14,286.77999999999986,14,284.37999999999994,swap,notBad
10435,14,286.77999999999986,14,284.37999999999994,2opt,notBad
10436,14,286.77999999999986,14,284.37999999999994,move,improve
10437,14,286.77999999999986,14,284.37999999999994,swap,notBad
10438,14,286.77999999999986,14,284.37999999999994,2opt,improve
10439,14,286.77999999999986,14,284.37999999999994,move,improve
10440,14,286.77999999999986,14,284.37999999999994,swap,notBad
10441,14,286.77999999999986,14,284.37999999999994,2opt,notBad
10442,14,286.77999999999986,14,284.37999999999994,2opt,notBad
10443,14,286.77999999999986,14,284.37999999999994,move,improve
10444,14,286.77999999999986,14,284.37999999999994,swap,notBad
10445,14,286.77999999999986,14,284.37999999999994,move,improve
10446,14,286.77999999999986,14,284.37999999999994,2opt,notBad
10447,14,286.77999999999986,14,284.37999999999994,move,improve
10448,14,286.77999999999986,14,284.37999999999994,move,improve
10449,14,286.77999999999986,14,284.37999999999994,swap,notBad
10450,14,286.77999999999986,14,284.37999999999994,move,notBad
10451,14,286.77999999999986,14,284.37999999999994,swap,notBad
10452,14,286.77999999999986,14,284.37999999999994,move,improve
10453,14,286.77999999999986,14,284.37999999999994,move,improve
10454,14,286.77999999999986,14,284.37999999999994,swap,notBad
10455,14,286.77999999999986,14,284.37999999999994,2opt,improve
10456,14,286.77999999999986,14,284.37999999999994,move,improve
10457,14,286.77999999999986,14,284.37999999999994,move,improve
10458,14,284.37999999999994,14,284.37999999999994,2opt,improve
10459,14,284.37999999999994,14,284.37999999999994,swap,notBad
10460,14,284.37999999999994,14,284.37999999999994,2opt,notBad
10461,14,284.37999999999994,14,284.37999999999994,move,improve
10462,14,284.37999999999994,14,284.37999999999994,swap,notBad
10463,14,284.37999999999994,14,284.37999999999994,swap,notBad
10464,14,284.37999999999994,14,284.37999999999994,move,improve
10465,14,284.37999999999994,14,284.37999999999994,2opt,notBad
10466,14,284.37999999999994,14,284.37999999999994,move,improve
10467,14,284.37999999999994,14,284.37999999999994,2opt,notBad
10468,14,284.37999999999994,14,284.37999999999994,swap,notBad
10469,14,284.37999999999994,14,284.37999999999994,move,improve
10470,14,284.37999999999994,14,284.37999999999994,move,improve
10471,14,284.37999999999994,14,284.37999999999994,swap,notBad
10472,14,284.37999999999994,14,284.37999999999994,move,improve
10473,14,284.37999999999994,14,284.37999999999994,move,improve
10474,14,284.37999999999994,14,284.37999999999994,swap,notBad
10475,14,284.37999999999994,14,284.37999999999994,2opt,notBad
10476,14,284.37999999999994,14,284.37999999999994,move,improve
10477,14,284.37999999999994,14,284.37999999999994,swap,notBad
10478,14,284.37999999999994,14,284.37999999999994,swap,notBad
10479,14,284.37999999999994,14,284.37999999999994,move,improve
10480,14,284.37999999999994,14,284.37999999999994,move,improve
10481,14,284.37999999999994,14,284.37999999999994,2opt,improve
10482,14,284.37999999999994,14,284.37999999999994,swap,notBad
10483,14,284.37999999999994,14,284.37999999999994,swap,notBad
10484,14,284.37999999999994,14,284.37999999999994,swap,notBad
10485,14,284.37999999999994,14,284.37999999999994,swap,notBad
10486,14,284.37999999999994,14,284.37999999999994,move,improve
10487,14,284.37999999999994,14,284.37999999999994,2opt,improve
10488,14,284.37999999999994,14,284.37999999999994,2opt,notBad
10489,14,284.37999999999994,14,284.37999999999994,2opt,notBad
10490,14,284.37999999999994,14,284.37999999999994,2opt,notBad
10491,14,284.37999999999994,14,284.37999999999994,move,improve
10492,14,284.37999999999994,14,284.37999999999994,swap,notBad
10493,14,284.37999999999994,14,284.37999999999994,swap,notBad
10494,14,284.37999999999994,14,284.37999999999994,move,improve
10495,14,284.37999999999994,14,284.37999999999994,move,notBad
10496,14,284.37999999999994,14,284.37999999999994,2opt,notBad
10497,14,284.37999999999994,14,284.37999999999994,2opt,notBad
10498,14,284.37999999999994,14,284.37999999999994,2opt,notBad
10499,14,284.37999999999994,14,284.37999999999994,2opt,notBad
10500,14,284.37999999999994,14,284.37999999999994,move,improve
10501,14,284.37999999999994,14,284.37999999999994,2opt,notBad
10502,14,284.37999999999994,14,284.37999999999994,2opt,notBad
10503,14,284.37999999999994,14,284.37999999999994,2opt,improve
10504,14,284.37999999999994,14,284.37999999999994,move,improve
10505,14,284.37999999999994,14,284.37999999999994,move,improve
10506,14,284.37999999999994,14,284.37999999999994,2opt,notBad
10507,14,284.37999999999994,14,284.37999999999994,swap,notBad
10508,14,284.37999999999994,14,284.37999999999994,2opt,notBad
10509,14,284.37999999999994,14,284.37999999999994,2opt,notBad
10510,14,284.37999999999994,14,284.37999999999994,2opt,notBad
10511,14,284.37999999999994,14,284.37999999999994,swap,notBad
10512,14,284.37999999999994,14,284.37999999999994,move,improve
10513,14,284.37999999999994,14,284.37999999999994,swap,notBad
10514,14,284.37999999999994,14,284.37999999999994,swap,notBad
10515,14,284.37999999999994,14,284.37999999999994,2opt,notBad
10516,14,284.37999999999994,14,284.37999999999994,2opt,notBad
10517,14,284.37999999999994,14,284.37999999999994,move,improve
10518,14,284.37999999999994,14,284.37999999999994,2opt,notBad
10519,14,284.37999999999994,14,284.37999999999994,move,improve
10520,14,284.37999999999994,14,284.37999999999994,2opt,notBad
10521,14,284.37999999999994,14,284.37999999999994,swap,notBad
10522,14,284.37999999999994,14,284.37999999999994,move,improve
10523,14,284.37999999999994,14,284.37999999999994,move,improve
10524,14,284.37999999999994,14,284.37999999999994,2opt,notBad
10525,14,284.37999999999994,14,284.37999999999994,2opt,notBad
10526,14,284.37999999999994,14,284.37999999999994,move,improve
10527,14,284.37999999999994,14,284.37999999999994,swap,notBad
10528,14,284.37999999999994,14,284.37999999999994,2opt,notBad
10529,14,284.37999999999994,14,284.37999999999994,move,improve
10530,14,284.37999999999994,14,284.37999999999994,2opt,notBad
10531,14,284.37999999999994,14,284.37999999999994,move,improve
10532,14,284.37999999999994,14,284.37999999999994,swap,notBad
10533,14,284.37999999999994,14,284.37999999999994,2opt,notBad
10534,14,284.37999999999994,14,284.37999999999994,move,improve
10535,14,284.37999999999994,14,284.37999999999994,2opt,notBad
10536,14,284.37999999999994,14,284.37999999999994,swap,notBad
10537,14,284.37999999999994,14,284.37999999999994,move,improve
10538,14,284.37999999999994,14,284.37999999999994,2opt,notBad
10539,14,284.37999999999994,14,284.37999999999994,swap,notBad
10540,14,284.37999999999994,14,284.37999999999994,move,improve
10541,14,284.37999999999994,14,284.37999999999994,2opt,notBad
10542,14,284.37999999999994,14,284.37999999999994,swap,notBad
10543,14,284.37999999999994,14,284.37999999999994,swap,notBad
10544,14,284.37999999999994,14,284.37999999999994,2opt,notBad
10545,14,284.37999999999994,14,284.37999999999994,move,improve
10546,14,284.37999999999994,14,284.37999999999994,move,improve
10547,14,284.37999999999994,14,284.37999999999994,2opt,notBad
10548,14,284.37999999999994,14,284.37999999999994,2opt,notBad
10549,14,284.37999999999994,14,284.37999999999994,move,improve
10550,14,284.37999999999994,14,284.37999999999994,2opt,notBad
10551,14,284.37999999999994,14,284.37999999999994,swap,notBad
10552,14,284.37999999999994,14,284.37999999999994,2opt,notBad
10553,14,284.37999999999994,14,284.37999999999994,swap,notBad
10554,14,284.37999999999994,14,284.37999999999994,swap,notBad
10555,14,284.37999999999994,14,284.37999999999994,swap,notBad
10556,14,284.37999999999994,14,284.37999999999994,swap,notBad
10557,14,284.37999999999994,14,284.37999999999994,move,improve
10558,14,284.37999999999994,14,284.37999999999994,2opt,notBad
10559,14,284.37999999999994,14,284.37999999999994,2opt,notBad
10560,14,284.37999999999994,14,284.37999999999994,2opt,notBad
10561,14,284.37999999999994,14,284.37999999999994,swap,notBad
10562,14,284.37999999999994,14,284.37999999999994,swap,notBad
10563,14,284.37999999999994,14,284.37999999999994,swap,notBad
10564,14,284.37999999999994,14,284.37999999999994,swap,notBad
10565,14,284.37999999999994,14,284.37999999999994,move,improve
10566,14,284.37999999999994,14,284.37999999999994,2opt,notBad
10567,14,284.37999999999994,14,284.37999999999994,swap,notBad
10568,14,284.37999999999994,14,284.37999999999994,swap,notBad
10569,14,284.37999999999994,14,284.37999999999994,2opt,notBad
10570,14,284.37999999999994,14,284.37999999999994,swap,notBad
10571,14,284.37999999999994,14,284.37999999999994,swap,notBad
10572,14,284.37999999999994,14,284.37999999999994,move,improve
10573,14,284.37999999999994,14,284.37999999999994,2opt,improve
10574,14,284.37999999999994,14,284.37999999999994,move,improve
10575,14,284.37999999999994,14,284.37999999999994,swap,notBad
10576,14,284.37999999999994,14,284.37999999999994,move,improve
10577,14,284.37999999999994,14,284.37999999999994,move,improve
10578,14,284.37999999999994,14,284.37999999999994,move,improve
10579,14,284.37999999999994,14,284.37999999999994,2opt,notBad
10580,14,284.37999999999994,14,284.37999999999994,move,improve
10581,14,284.37999999999994,14,284.37999999999994,move,improve
10582,14,284.37999999999994,14,284.37999999999994,2opt,notBad
10583,14,284.37999999999994,14,284.37999999999994,swap,notBad
10584,14,284.37999999999994,14,284.37999999999994,2opt,notBad
10585,14,284.37999999999994,14,284.37999999999994,move,improve
10586,14,284.37999999999994,14,284.37999999999994,swap,notBad
10587,14,284.37999999999994,14,284.37999999999994,move,improve
10588,14,284.37999999999994,14,284.37999999999994,swap,notBad
10589,14,284.37999999999994,14,284.37999999999994,move,improve
10590,14,284.37999999999994,14,284.37999999999994,2opt,notBad
10591,14,284.37999999999994,14,284.37999999999994,2opt,notBad
10592,14,284.37999999999994,14,284.37999999999994,swap,notBad
10593,14,284.37999999999994,14,284.37999999999994,swap,notBad
10594,14,284.37999999999994,14,284.37999999999994,2opt,notBad
10595,14,284.37999999999994,14,284.37999999999994,move,improve
10596,14,284.37999999999994,14,284.37999999999994,swap,notBad
10597,14,284.37999999999994,14,284.37999999999994,swap,notBad
10598,14,284.37999999999994,14,284.37999999999994,2opt,notBad
10599,14,284.37999999999994,14,284.37999999999994,swap,notBad
10600,14,284.37999999999994,14,284.37999999999994,2opt,notBad
10601,14,284.37999999999994,14,284.37999999999994,swap,notBad
10602,14,284.37999999999994,14,284.37999999999994,2opt,notBad
10603,14,284.37999999999994,14,284.37999999999994,swap,notBad
10604,14,284.37999999999994,14,284.37999999999994,swap,notBad
10605,14,284.37999999999994,14,284.37999999999994,2opt,notBad
10606,14,284.37999999999994,14,284.37999999999994,swap,notBad
10607,14,284.37999999999994,14,284.37999999999994,swap,notBad
10608,14,284.37999999999994,14,284.37999999999994,move,improve
10609,14,284.37999999999994,14,284.37999999999994,swap,notBad
10610,14,284.37999999999994,14,284.37999999999994,move,improve
10611,14,284.37999999999994,14,284.37999999999994,2opt,notBad
10612,14,284.37999999999994,14,284.37999999999994,2opt,notBad
10613,14,284.37999999999994,14,284.37999999999994,2opt,notBad
10614,14,284.37999999999994,14,284.37999999999994,2opt,notBad
10615,14,284.37999999999994,14,284.37999999999994,2opt,notBad
10616,14,284.37999999999994,14,284.37999999999994,2opt,notBad
10617,14,284.37999999999994,14,284.37999999999994,swap,notBad
10618,14,284.37999999999994,14,284.37999999999994,swap,notBad
10619,14,284.37999999999994,14,284.37999999999994,move,improve
10620,14,284.37999999999994,14,284.37999999999994,move,improve
10621,14,284.37999999999994,14,284.37999999999994,swap,notBad
10622,14,284.37999999999994,14,284.37999999999994,move,improve
10623,14,284.37999999999994,14,284.37999999999994,move,improve
10624,14,284.37999999999994,14,284.37999999999994,2opt,notBad
10625,14,284.37999999999994,14,284.37999999999994,swap,notBad
10626,14,284.37999999999994,14,284.37999999999994,2opt,notBad
10627,14,284.37999999999994,14,284.37999999999994,2opt,notBad
10628,14,284.37999999999994,14,284.37999999999994,move,improve
10629,14,284.37999999999994,14,284.37999999999994,move,improve
10630,14,284.37999999999994,14,284.37999999999994,move,improve
10631,14,284.37999999999994,14,284.37999999999994,move,improve
10632,14,284.37999999999994,14,284.37999999999994,move,improve
10633,14,284.37999999999994,14,284.37999999999994,2opt,notBad
10634,14,284.37999999999994,14,284.37999999999994,2opt,notBad
10635,14,284.37999999999994,14,284.37999999999994,swap,notBad
10636,14,284.37999999999994,14,284.37999999999994,move,improve
10637,14,284.37999999999994,14,284.37999999999994,move,improve
10638,14,284.37999999999994,14,284.37999999999994,swap,notBad
10639,14,284.37999999999994,14,284.37999999999994,move,improve
10640,14,284.37999999999994,14,284.37999999999994,swap,notBad
10641,14,284.37999999999994,14,284.37999999999994,swap,notBad
10642,14,284.37999999999994,14,284.37999999999994,2opt,notBad
10643,14,284.37999999999994,14,284.37999999999994,move,improve
10644,14,284.37999999999994,14,284.37999999999994,move,improve
10645,14,284.37999999999994,14,284.37999999999994,2opt,notBad
10646,14,284.37999999999994,14,284.37999999999994,2opt,improve
10647,14,284.37999999999994,14,284.37999999999994,move,improve
10648,14,284.37999999999994,14,284.37999999999994,move,improve
10649,14,284.37999999999994,14,284.37999999999994,swap,notBad
10650,14,284.37999999999994,14,284.37999999999994,move,improve
10651,14,284.37999999999994,14,284.37999999999994,2opt,notBad
10652,14,284.37999999999994,14,284.37999999999994,move,improve
10653,14,284.37999999999994,14,284.37999999999994,2opt,notBad
10654,14,284.37999999999994,14,284.37999999999994,move,improve
10655,14,284.37999999999994,14,284.37999999999994,move,improve
10656,14,284.37999999999994,14,284.37999999999994,swap,notBad
10657,14,284.37999999999994,14,284.37999999999994,2opt,notBad
10658,14,284.37999999999994,14,284.37999999999994,2opt,notBad
10659,14,284.37999999999994,14,284.37999999999994,2opt,notBad
10660,14,284.37999999999994,14,284.37999999999994,move,improve
10661,14,284.37999999999994,14,284.37999999999994,move,improve
10662,14,284.37999999999994,14,284.37999999999994,move,improve
10663,14,284.37999999999994,14,284.37999999999994,swap,notBad
10664,14,284.37999999999994,14,284.37999999999994,move,improve
10665,14,284.37999999999994,14,284.37999999999994,move,improve
10666,14,284.37999999999994,14,284.37999999999994,swap,notBad
10667,14,284.37999999999994,14,284.37999999999994,move,improve
10668,14,284.37999999999994,14,284.37999999999994,2opt,notBad
10669,14,284.37999999999994,14,284.37999999999994,2opt,notBad
10670,14,284.37999999999994,14,284.37999999999994,move,improve
10671,14,284.37999999999994,14,284.37999999999994,2opt,notBad
10672,14,284.37999999999994,14,284.37999999999994,2opt,notBad
10673,14,284.37999999999994,14,284.37999999999994,2opt,notBad
10674,14,284.37999999999994,14,284.37999999999994,2opt,notBad
10675,14,284.37999999999994,14,284.37999999999994,2opt,notBad
10676,14,284.37999999999994,14,284.37999999999994,2opt,notBad
10677,14,284.37999999999994,14,284.37999999999994,swap,notBad
10678,14,284.37999999999994,14,284.37999999999994,swap,notBad
10679,14,284.37999999999994,14,284.37999999999994,swap,notBad
10680,14,284.37999999999994,14,284.37999999999994,2opt,notBad
10681,14,284.37999999999994,14,284.37999999999994,swap,notBad
10682,14,284.37999999999994,14,284.37999999999994,move,improve
10683,14,284.37999999999994,14,284.37999999999994,2opt,notBad
10684,14,284.37999999999994,14,284.37999999999994,2opt,notBad
10685,14,284.37999999999994,14,284.37999999999994,2opt,notBad
10686,14,284.37999999999994,14,284.37999999999994,move,improve
10687,14,284.37999999999994,14,284.37999999999994,2opt,notBad
10688,14,284.37999999999994,14,284.37999999999994,move,improve
10689,14,284.37999999999994,14,284.37999999999994,2opt,notBad
10690,14,284.37999999999994,14,284.37999999999994,swap,notBad
10691,14,284.37999999999994,14,284.37999999999994,swap,notBad
10692,14,284.37999999999994,14,284.37999999999994,2opt,notBad
10693,14,284.37999999999994,14,284.37999999999994,2opt,notBad
10694,14,284.37999999999994,14,284.37999999999994,move,improve
10695,14,284.37999999999994,14,284.37999999999994,2opt,notBad
10696,14,284.37999999999994,14,284.37999999999994,2opt,notBad
10697,14,284.37999999999994,14,284.37999999999994,swap,notBad
10698,14,284.37999999999994,14,284.37999999999994,2opt,improve
10699,14,284.37999999999994,14,284.37999999999994,move,improve
10700,14,284.37999999999994,14,284.37999999999994,move,improve
10701,14,284.37999999999994,14,284.37999999999994,swap,notBad
10702,14,284.37999999999994,14,284.37999999999994,move,improve
10703,14,284.37999999999994,14,284.37999999999994,2opt,improve
10704,14,284.37999999999994,14,284.37999999999994,swap,notBad
10705,14,284.37999999999994,14,284.37999999999994,2opt,improve
10706,14,284.37999999999994,14,284.37999999999994,2opt,notBad
10707,14,284.37999999999994,14,284.37999999999994,swap,notBad
10708,14,284.37999999999994,14,284.37999999999994,swap,notBad
10709,14,284.37999999999994,14,284.37999999999994,swap,notBad
10710,14,284.37999999999994,14,284.37999999999994,move,improve
10711,14,284.37999999999994,14,284.37999999999994,2opt,notBad
10712,14,284.37999999999994,14,284.37999999999994,move,improve
10713,14,284.37999999999994,14,284.37999999999994,move,improve
10714,14,284.37999999999994,14,284.37999999999994,2opt,notBad
10715,14,284.37999999999994,14,284.37999999999994,swap,notBad
10716,14,284.37999999999994,14,284.37999999999994,move,improve
10717,14,284.37999999999994,14,284.37999999999994,move,improve
10718,14,284.37999999999994,14,284.37999999999994,move,improve
10719,14,284.37999999999994,14,284.37999999999994,swap,notBad
10720,14,284.37999999999994,14,284.37999999999994,2opt,notBad
10721,14,284.37999999999994,14,284.37999999999994,2opt,notBad
10722,14,284.37999999999994,14,284.37999999999994,2opt,notBad
10723,14,284.37999999999994,14,284.37999999999994,2opt,notBad
10724,14,284.37999999999994,14,284.37999999999994,2opt,notBad
10725,14,284.37999999999994,14,284.37999999999994,swap,notBad
10726,14,284.37999999999994,14,284.37999999999994,swap,notBad
10727,14,284.37999999999994,14,284.37999999999994,swap,notBad
10728,14,284.37999999999994,14,284.37999999999994,2opt,notBad
10729,14,284.37999999999994,14,284.37999999999994,2opt,notBad
10730,14,284.37999999999994,14,284.37999999999994,move,improve
10731,14,284.37999999999994,14,284.37999999999994,swap,notBad
10732,14,284.37999999999994,14,284.37999999999994,2opt,improve
10733,14,284.37999999999994,14,284.37999999999994,swap,notBad
10734,14,284.37999999999994,14,284.37999999999994,2opt,notBad
10735,14,284.37999999999994,14,284.37999999999994,2opt,notBad
10736,14,284.37999999999994,14,284.37999999999994,2opt,notBad
10737,14,284.37999999999994,14,284.37999999999994,2opt,notBad
10738,14,284.37999999999994,14,284.37999999999994,swap,notBad
10739,14,284.37999999999994,14,284.37999999999994,2opt,notBad
10740,14,284.37999999999994,14,284.37999999999994,2opt,notBad
10741,14,284.37999999999994,14,284.37999999999994,move,improve
10742,14,284.37999999999994,14,284.37999999999994,2opt,notBad
10743,14,284.37999999999994,14,284.37999999999994,move,improve
10744,14,284.37999999999994,14,284.37999999999994,move,improve
10745,14,284.37999999999994,14,284.37999999999994,move,improve
10746,14,284.37999999999994,14,284.37999999999994,swap,notBad
10747,14,284.37999999999994,14,284.37999999999994,swap,notBad
10748,14,284.37999999999994,14,284.37999999999994,swap,notBad
10749,14,284.37999999999994,14,284.37999999999994,move,improve
10750,14,284.37999999999994,14,284.37999999999994,swap,notBad
10751,14,284.37999999999994,14,284.37999999999994,2opt,notBad
10752,14,284.37999999999994,14,284.37999999999994,2opt,improve
10753,14,284.37999999999994,14,284.37999999999994,move,improve
10754,14,284.37999999999994,14,284.37999999999994,move,improve
10755,14,284.37999999999994,14,284.37999999999994,swap,notBad
10756,14,284.37999999999994,14,284.37999999999994,2opt,notBad
10757,14,284.37999999999994,14,284.37999999999994,move,improve
10758,14,284.37999999999994,14,284.37999999999994,move,improve
10759,14,284.37999999999994,14,284.37999999999994,2opt,improve
10760,14,284.37999999999994,14,284.37999999999994,swap,notBad
10761,14,284.37999999999994,14,284.37999999999994,swap,notBad
10762,14,284.37999999999994,14,284.37999999999994,move,improve
10763,14,284.37999999999994,14,284.37999999999994,swap,notBad
10764,14,284.37999999999994,14,284.37999999999994,swap,notBad
10765,14,284.37999999999994,14,284.37999999999994,move,notBad
10766,14,284.37999999999994,14,284.37999999999994,swap,notBad
10767,14,284.37999999999994,14,284.37999999999994,swap,notBad
10768,14,284.37999999999994,14,284.37999999999994,swap,notBad
10769,14,284.37999999999994,14,284.37999999999994,2opt,notBad
10770,14,284.37999999999994,14,284.37999999999994,2opt,notBad
10771,14,284.37999999999994,14,284.37999999999994,move,improve
10772,14,284.37999999999994,14,284.37999999999994,swap,notBad
10773,14,284.37999999999994,14,284.37999999999994,move,improve
10774,14,284.37999999999994,14,284.37999999999994,swap,notBad
10775,14,284.37999999999994,14,284.37999999999994,swap,notBad
10776,14,284.37999999999994,14,284.37999999999994,swap,notBad
10777,14,284.37999999999994,14,284.37999999999994,swap,notBad
10778,14,284.37999999999994,14,284.37999999999994,swap,notBad
10779,14,284.37999999999994,14,284.37999999999994,move,improve
10780,14,284.37999999999994,14,284.37999999999994,swap,notBad
10781,14,284.37999999999994,14,284.37999999999994,2opt,notBad
10782,14,284.37999999999994,14,284.37999999999994,swap,notBad
10783,14,284.37999999999994,14,284.37999999999994,2opt,notBad
10784,14,284.37999999999994,14,284.37999999999994,move,improve
10785,14,284.37999999999994,14,284.37999999999994,swap,notBad
10786,14,284.37999999999994,14,284.37999999999994,2opt,notBad
10787,14,284.37999999999994,14,284.37999999999994,move,improve
10788,14,284.37999999999994,14,284.37999999999994,swap,notBad
10789,14,284.37999999999994,14,284.37999999999994,move,improve
10790,14,284.37999999999994,14,284.37999999999994,swap,notBad
10791,14,284.37999999999994,14,284.37999999999994,move,improve
10792,14,284.37999999999994,14,284.37999999999994,2opt,notBad
10793,14,284.37999999999994,14,284.37999999999994,move,improve
10794,14,284.37999999999994,14,284.37999999999994,swap,notBad
10795,14,284.37999999999994,14,284.37999999999994,swap,notBad
10796,14,284.37999999999994,14,284.37999999999994,2opt,notBad
10797,14,284.37999999999994,14,284.37999999999994,move,improve
10798,14,284.37999999999994,14,284.37999999999994,swap,notBad
10799,14,284.37999999999994,14,284.37999999999994,move,improve
10800,14,284.37999999999994,14,284.37999999999994,swap,notBad
10801,14,284.37999999999994,14,284.37999999999994,move,improve
10802,14,284.37999999999994,14,284.37999999999994,2opt,notBad
10803,14,284.37999999999994,14,284.37999999999994,swap,notBad
10804,14,284.37999999999994,14,284.37999999999994,2opt,improve
10805,14,284.37999999999994,14,284.37999999999994,2opt,notBad
10806,14,284.37999999999994,14,284.37999999999994,move,improve
10807,14,284.37999999999994,14,284.37999999999994,2opt,notBad
10808,14,284.37999999999994,14,284.37999999999994,swap,notBad
10809,14,284.37999999999994,14,284.37999999999994,swap,notBad
10810,14,284.37999999999994,14,284.37999999999994,2opt,notBad
10811,14,284.37999999999994,14,284.37999999999994,2opt,notBad
10812,14,284.37999999999994,14,284.37999999999994,2opt,notBad
10813,14,284.37999999999994,14,284.37999999999994,move,improve
10814,14,284.37999999999994,14,284.37999999999994,move,improve
10815,14,284.37999999999994,14,284.37999999999994,2opt,notBad
10816,14,284.37999999999994,14,284.37999999999994,swap,notBad
10817,14,284.37999999999994,14,284.37999999999994,move,improve
10818,14,284.37999999999994,14,284.37999999999994,swap,notBad
10819,14,284.37999999999994,14,284.37999999999994,move,improve
10820,14,284.37999999999994,14,284.37999999999994,swap,notBad
10821,14,284.37999999999994,14,284.37999999999994,swap,notBad
10822,14,284.37999999999994,14,284.37999999999994,swap,notBad
10823,14,284.37999999999994,14,284.37999999999994,move,improve
10824,14,284.37999999999994,14,284.37999999999994,2opt,notBad
10825,14,284.37999999999994,14,284.37999999999994,move,improve
10826,14,284.37999999999994,14,284.37999999999994,move,improve
10827,14,284.37999999999994,14,284.37999999999994,2opt,notBad
10828,14,284.37999999999994,14,284.37999999999994,move,improve
10829,14,284.37999999999994,14,284.37999999999994,2opt,notBad
10830,14,284.37999999999994,14,284.37999999999994,2opt,notBad
10831,14,284.37999999999994,14,284.37999999999994,swap,notBad
10832,14,284.37999999999994,14,284.37999999999994,swap,notBad
10833,14,284.37999999999994,14,284.37999999999994,move,improve
10834,14,284.37999999999994,14,284.37999999999994,swap,notBad
10835,14,284.37999999999994,14,284.37999999999994,move,improve
10836,14,284.37999999999994,14,284.37999999999994,2opt,notBad
10837,14,284.37999999999994,14,284.37999999999994,2opt,notBad
10838,14,284.37999999999994,14,284.37999999999994,move,improve
10839,14,284.37999999999994,14,284.37999999999994,swap,notBad
10840,14,284.37999999999994,14,284.37999999999994,swap,notBad
10841,14,284.37999999999994,14,284.37999999999994,swap,notBad
10842,14,284.37999999999994,14,284.37999999999994,2opt,notBad
10843,14,284.37999999999994,14,284.37999999999994,swap,notBad
10844,14,284.37999999999994,14,284.37999999999994,move,improve
10845,14,284.37999999999994,14,284.37999999999994,2opt,notBad
10846,14,284.37999999999994,14,284.37999999999994,swap,notBad
10847,14,284.37999999999994,14,284.37999999999994,move,improve
10848,14,284.37999999999994,14,284.37999999999994,move,improve
10849,14,284.37999999999994,14,284.37999999999994,2opt,notBad
10850,14,284.37999999999994,14,284.37999999999994,move,improve
10851,14,284.37999999999994,14,284.37999999999994,swap,notBad
10852,14,284.37999999999994,14,284.37999999999994,2opt,notBad
10853,14,284.37999999999994,14,284.37999999999994,swap,notBad
10854,14,284.37999999999994,14,284.37999999999994,move,improve
10855,14,284.37999999999994,14,284.37999999999994,move,improve
10856,14,284.37999999999994,14,284.37999999999994,move,improve
10857,14,284.37999999999994,14,284.37999999999994,move,improve
10858,14,284.37999999999994,14,284.37999999999994,2opt,notBad
10859,14,284.37999999999994,14,284.37999999999994,swap,notBad
10860,14,284.37999999999994,14,284.37999999999994,move,improve
10861,14,284.37999999999994,14,284.37999999999994,2opt,improve
10862,14,284.37999999999994,14,284.37999999999994,swap,notBad
10863,14,284.37999999999994,14,284.37999999999994,move,improve
10864,14,284.37999999999994,14,284.37999999999994,swap,notBad
10865,14,284.37999999999994,14,284.37999999999994,move,improve
10866,14,284.37999999999994,14,284.37999999999994,2opt,improve
10867,14,284.37999999999994,14,284.37999999999994,move,improve
10868,14,284.37999999999994,14,284.37999999999994,swap,notBad
10869,14,284.37999999999994,14,284.37999999999994,swap,notBad
10870,14,284.37999999999994,14,284.37999999999994,move,improve
10871,14,284.37999999999994,14,284.37999999999994,2opt,notBad
10872,14,284.37999999999994,14,284.37999999999994,2opt,improve
10873,14,284.37999999999994,14,284.37999999999994,2opt,notBad
10874,14,284.37999999999994,14,284.37999999999994,2opt,notBad
10875,14,284.37999999999994,14,284.37999999999994,swap,notBad
10876,14,284.37999999999994,14,284.37999999999994,move,improve
10877,14,284.37999999999994,14,284.37999999999994,move,improve
10878,14,284.37999999999994,14,284.37999999999994,swap,notBad
10879,14,284.37999999999994,14,284.37999999999994,move,improve
10880,14,284.37999999999994,14,284.37999999999994,2opt,notBad
10881,14,284.37999999999994,14,284.37999999999994,swap,notBad
10882,14,284.37999999999994,14,284.37999999999994,2opt,notBad
10883,14,284.37999999999994,14,284.37999999999994,swap,notBad
10884,14,284.37999999999994,14,284.37999999999994,swap,notBad
10885,14,284.37999999999994,14,284.37999999999994,swap,notBad
10886,14,284.37999999999994,14,284.37999999999994,swap,notBad
10887,14,284.37999999999994,14,284.37999999999994,2opt,notBad
10888,14,284.37999999999994,14,284.37999999999994,swap,notBad
10889,14,284.37999999999994,14,284.37999999999994,2opt,notBad
10890,14,284.37999999999994,14,284.37999999999994,move,improve
10891,14,284.37999999999994,14,284.37999999999994,2opt,notBad
10892,14,284.37999999999994,14,284.37999999999994,move,improve
10893,14,284.37999999999994,14,284.37999999999994,swap,notBad
10894,14,284.37999999999994,14,284.37999999999994,2opt,notBad
10895,14,284.37999999999994,14,284.37999999999994,2opt,improve
10896,14,284.37999999999994,14,284.37999999999994,swap,notBad
10897,14,284.37999999999994,14,284.37999999999994,2opt,notBad
10898,14,284.37999999999994,14,284.37999999999994,swap,notBad
10899,14,284.37999999999994,14,284.37999999999994,swap,notBad
10900,14,284.37999999999994,14,284.37999999999994,swap,notBad
10901,14,284.37999999999994,14,284.37999999999994,2opt,notBad
10902,14,284.37999999999994,14,284.37999999999994,swap,notBad
10903,14,284.37999999999994,14,284.37999999999994,2opt,notBad
10904,14,284.37999999999994,14,284.37999999999994,move,improve
10905,14,284.37999999999994,14,284.37999999999994,2opt,notBad
10906,14,284.37999999999994,14,284.37999999999994,swap,notBad
10907,14,284.37999999999994,14,284.37999999999994,2opt,notBad
10908,14,284.37999999999994,14,284.37999999999994,swap,notBad
10909,14,284.37999999999994,14,284.37999999999994,swap,notBad
10910,14,284.37999999999994,14,284.37999999999994,2opt,notBad
10911,14,284.37999999999994,14,284.37999999999994,2opt,notBad
10912,14,284.37999999999994,14,284.37999999999994,swap,notBad
10913,14,284.37999999999994,14,284.37999999999994,2opt,notBad
10914,14,284.37999999999994,14,284.37999999999994,swap,notBad
10915,14,284.37999999999994,14,284.37999999999994,move,improve
10916,14,284.37999999999994,14,284.37999999999994,swap,notBad
10917,14,284.37999999999994,14,284.37999999999994,swap,notBad
10918,14,284.37999999999994,14,284.37999999999994,swap,notBad
10919,14,284.37999999999994,14,284.37999999999994,2opt,notBad
10920,14,284.37999999999994,14,284.37999999999994,swap,notBad
10921,14,284.37999999999994,14,284.37999999999994,swap,notBad
10922,14,284.37999999999994,14,284.37999999999994,2opt,notBad
10923,14,284.37999999999994,14,284.37999999999994,2opt,notBad
10924,14,284.37999999999994,14,284.37999999999994,2opt,improve
10925,14,284.37999999999994,14,284.37999999999994,swap,notBad
10926,14,284.37999999999994,14,284.37999999999994,swap,notBad
10927,14,284.37999999999994,14,284.37999999999994,swap,notBad
10928,14,284.37999999999994,14,284.37999999999994,2opt,notBad
10929,14,284.37999999999994,14,284.37999999999994,swap,notBad
10930,14,284.37999999999994,14,284.37999999999994,2opt,notBad
10931,14,284.37999999999994,14,284.37999999999994,move,improve
10932,14,284.37999999999994,14,284.37999999999994,swap,notBad
10933,14,284.37999999999994,14,284.37999999999994,swap,notBad
10934,14,284.37999999999994,14,284.37999999999994,swap,notBad
10935,14,284.37999999999994,14,284.37999999999994,move,improve
10936,14,284.37999999999994,14,284.37999999999994,swap,notBad
10937,14,284.37999999999994,14,284.37999999999994,2opt,notBad
10938,14,284.37999999999994,14,284.37999999999994,swap,notBad
10939,14,284.37999999999994,14,284.37999999999994,2opt,notBad
10940,14,284.37999999999994,14,284.37999999999994,move,improve
10941,14,284.37999999999994,14,284.37999999999994,swap,notBad
10942,14,284.37999999999994,14,284.37999999999994,2opt,notBad
10943,14,284.37999999999994,14,284.37999999999994,move,improve
10944,14,284.37999999999994,14,284.37999999999994,swap,notBad
10945,14,284.37999999999994,14,284.37999999999994,2opt,notBad
10946,14,284.37999999999994,14,284.37999999999994,move,improve
10947,14,284.37999999999994,14,284.37999999999994,move,improve
10948,14,284.37999999999994,14,284.37999999999994,swap,notBad
10949,14,284.37999999999994,14,284.37999999999994,swap,notBad
10950,14,284.37999999999994,14,284.37999999999994,2opt,notBad
10951,14,284.37999999999994,14,284.37999999999994,move,improve
10952,14,284.37999999999994,14,284.37999999999994,2opt,notBad
10953,14,284.37999999999994,14,284.37999999999994,swap,notBad
10954,14,284.37999999999994,14,284.37999999999994,2opt,notBad
10955,14,284.37999999999994,14,284.37999999999994,move,improve
10956,14,284.37999999999994,14,284.37999999999994,swap,notBad
10957,14,284.37999999999994,14,284.37999999999994,swap,notBad
10958,14,284.37999999999994,14,284.37999999999994,move,improve
10959,14,284.37999999999994,14,284.37999999999994,move,improve
10960,14,284.37999999999994,14,284.37999999999994,swap,notBad
10961,14,284.37999999999994,14,284.37999999999994,swap,notBad
10962,14,284.37999999999994,14,284.37999999999994,swap,notBad
10963,14,284.37999999999994,14,284.37999999999994,swap,notBad
10964,14,284.37999999999994,14,284.37999999999994,2opt,notBad
10965,14,284.37999999999994,14,284.37999999999994,move,improve
10966,14,284.37999999999994,14,284.37999999999994,2opt,notBad
10967,14,284.37999999999994,14,284.37999999999994,2opt,notBad
10968,14,284.37999999999994,14,284.37999999999994,swap,notBad
10969,14,284.37999999999994,14,284.37999999999994,2opt,notBad
10970,14,284.37999999999994,14,284.37999999999994,swap,notBad
10971,14,284.37999999999994,14,284.37999999999994,move,notBad
10972,14,284.37999999999994,14,284.37999999999994,2opt,notBad
10973,14,284.37999999999994,14,284.37999999999994,move,improve
10974,14,284.37999999999994,14,284.37999999999994,swap,notBad
10975,14,284.37999999999994,14,284.37999999999994,2opt,notBad
10976,14,284.37999999999994,14,284.37999999999994,swap,notBad
10977,14,284.37999999999994,14,284.37999999999994,2opt,notBad
10978,14,284.37999999999994,14,284.37999999999994,move,improve
10979,14,284.37999999999994,14,284.37999999999994,move,improve
10980,14,284.37999999999994,14,284.37999999999994,move,improve
10981,14,284.37999999999994,14,284.37999999999994,swap,notBad
10982,14,284.37999999999994,14,284.37999999999994,swap,notBad
10983,14,284.37999999999994,14,284.37999999999994,swap,notBad
10984,14,284.37999999999994,14,284.37999999999994,2opt,notBad
10985,14,284.37999999999994,14,284.37999999999994,2opt,notBad
10986,14,284.37999999999994,14,284.37999999999994,swap,notBad
10987,14,284.37999999999994,14,284.37999999999994,swap,notBad
10988,14,284.37999999999994,14,284.37999999999994,move,improve
10989,14,284.37999999999994,14,284.37999999999994,swap,notBad
10990,14,284.37999999999994,14,284.37999999999994,swap,notBad
10991,14,284.37999999999994,14,284.37999999999994,move,improve
10992,14,284.37999999999994,14,284.37999999999994,swap,notBad
10993,14,284.37999999999994,14,284.37999999999994,move,improve
10994,14,284.37999999999994,14,284.37999999999994,swap,notBad
10995,14,284.37999999999994,14,284.37999999999994,swap,notBad
10996,14,284.37999999999994,14,284.37999999999994,2opt,notBad
10997,14,284.37999999999994,14,284.37999999999994,move,improve
10998,14,284.37999999999994,14,284.37999999999994,swap,notBad
10999,14,284.37999999999994,14,284.37999999999994,swap,notBad
11000,14,284.37999999999994,14,284.37999999999994,move,improve
11001,14,284.37999999999994,14,284.37999999999994,swap,notBad
11002,14,284.37999999999994,14,284.37999999999994,move,improve
11003,14,284.37999999999994,14,284.37999999999994,move,improve
11004,14,284.37999999999994,14,284.37999999999994,move,improve
11005,14,284.37999999999994,14,284.37999999999994,swap,notBad
11006,14,284.37999999999994,14,284.37999999999994,swap,notBad
11007,14,284.37999999999994,14,284.37999999999994,2opt,notBad
11008,14,284.37999999999994,14,284.37999999999994,2opt,notBad
11009,14,284.37999999999994,14,284.37999999999994,2opt,notBad
11010,14,284.37999999999994,14,284.37999999999994,swap,notBad
11011,14,284.37999999999994,14,284.37999999999994,swap,notBad
11012,14,284.37999999999994,14,284.37999999999994,2opt,notBad
11013,14,284.37999999999994,14,284.37999999999994,swap,notBad
11014,14,284.37999999999994,14,284.37999999999994,move,improve
11015,14,284.37999999999994,14,284.37999999999994,move,improve
11016,14,284.37999999999994,14,284.37999999999994,swap,notBad
11017,14,284.37999999999994,14,284.37999999999994,2opt,notBad
11018,14,284.37999999999994,14,284.37999999999994,swap,notBad
11019,14,284.37999999999994,14,284.37999999999994,2opt,notBad
11020,14,284.37999999999994,14,284.37999999999994,2opt,notBad
11021,14,284.37999999999994,14,284.37999999999994,2opt,notBad
11022,14,284.37999999999994,14,284.37999999999994,swap,notBad
11023,14,284.37999999999994,14,284.37999999999994,move,improve
11024,14,284.37999999999994,14,284.37999999999994,swap,notBad
11025,14,284.37999999999994,14,284.37999999999994,swap,notBad
11026,14,284.37999999999994,14,284.37999999999994,swap,notBad
11027,14,284.37999999999994,14,284.37999999999994,2opt,notBad
11028,14,284.37999999999994,14,284.37999999999994,2opt,improve
11029,14,284.37999999999994,14,284.37999999999994,swap,notBad
11030,14,284.37999999999994,14,284.37999999999994,swap,notBad
11031,14,284.37999999999994,14,284.37999999999994,move,improve
11032,14,284.37999999999994,14,284.37999999999994,swap,notBad
11033,14,284.37999999999994,14,284.37999999999994,move,improve
11034,14,284.37999999999994,14,284.37999999999994,swap,notBad
11035,14,284.37999999999994,14,284.37999999999994,move,improve
11036,14,284.37999999999994,14,284.37999999999994,swap,notBad
11037,14,284.37999999999994,14,284.37999999999994,2opt,improve
11038,14,284.37999999999994,14,284.37999999999994,2opt,notBad
11039,14,284.37999999999994,14,284.37999999999994,move,improve
11040,14,284.37999999999994,14,284.37999999999994,swap,notBad
11041,14,284.37999999999994,14,284.37999999999994,swap,notBad
11042,14,284.37999999999994,14,284.37999999999994,swap,notBad
11043,14,284.37999999999994,14,284.37999999999994,move,improve
11044,14,284.37999999999994,14,284.37999999999994,move,improve
11045,14,284.37999999999994,14,284.37999999999994,swap,notBad
11046,14,284.37999999999994,14,284.37999999999994,swap,notBad
11047,14,284.37999999999994,14,284.37999999999994,swap,notBad
11048,14,284.37999999999994,14,284.37999999999994,move,improve
11049,14,284.37999999999994,14,284.37999999999994,swap,notBad
11050,14,284.37999999999994,14,284.37999999999994,2opt,notBad
11051,14,284.37999999999994,14,284.37999999999994,swap,notBad
11052,14,284.37999999999994,14,284.37999999999994,move,improve
11053,14,284.37999999999994,14,284.37999999999994,swap,notBad
11054,14,284.37999999999994,14,284.37999999999994,swap,notBad
11055,14,284.37999999999994,14,284.37999999999994,2opt,notBad
11056,14,284.37999999999994,14,284.37999999999994,2opt,notBad
11057,14,284.37999999999994,14,284.37999999999994,swap,notBad
11058,14,284.37999999999994,14,284.37999999999994,move,improve
11059,14,284.37999999999994,14,284.37999999999994,swap,notBad
11060,14,284.37999999999994,14,284.37999999999994,2opt,notBad
11061,14,284.37999999999994,14,284.37999999999994,2opt,notBad
11062,14,284.37999999999994,14,284.37999999999994,move,improve
11063,14,284.37999999999994,14,284.37999999999994,2opt,notBad
11064,14,284.37999999999994,14,284.37999999999994,move,improve
11065,14,284.37999999999994,14,284.37999999999994,swap,notBad
11066,14,284.37999999999994,14,284.37999999999994,swap,notBad
11067,14,284.37999999999994,14,284.37999999999994,move,improve
11068,14,284.37999999999994,14,284.37999999999994,move,improve
11069,14,284.37999999999994,14,284.37999999999994,move,improve
11070,14,284.37999999999994,14,284.37999999999994,move,improve
11071,14,284.37999999999994,14,284.37999999999994,2opt,notBad
11072,14,284.37999999999994,14,284.37999999999994,swap,notBad
11073,14,284.37999999999994,14,284.37999999999994,swap,notBad
11074,14,284.37999999999994,14,284.37999999999994,swap,notBad
11075,14,284.37999999999994,14,284.37999999999994,2opt,notBad
11076,14,284.37999999999994,14,284.37999999999994,2opt,notBad
11077,14,284.37999999999994,14,284.37999999999994,2opt,notBad
11078,14,284.37999999999994,14,284.37999999999994,move,improve
11079,14,284.37999999999994,14,284.37999999999994,move,improve
11080,14,284.37999999999994,14,284.37999999999994,move,improve
11081,14,284.37999999999994,14,284.37999999999994,swap,notBad
11082,14,284.37999999999994,14,284.37999999999994,2opt,notBad
11083,14,284.37999999999994,14,284.37999999999994,move,improve
11084,14,284.37999999999994,14,284.37999999999994,move,improve
11085,14,284.37999999999994,14,284.37999999999994,2opt,notBad
11086,14,284.37999999999994,14,284.37999999999994,2opt,notBad
11087,14,284.37999999999994,14,284.37999999999994,2opt,notBad
11088,14,284.37999999999994,14,284.37999999999994,move,improve
11089,14,284.37999999999994,14,284.37999999999994,swap,notBad
11090,14,284.37999999999994,14,284.37999999999994,move,improve
11091,14,284.37999999999994,14,284.37999999999994,move,improve
11092,14,284.37999999999994,14,284.37999999999994,swap,notBad
11093,14,284.37999999999994,14,284.37999999999994,move,improve
11094,14,284.37999999999994,14,284.37999999999994,move,improve
11095,14,284.37999999999994,14,284.37999999999994,swap,notBad
11096,14,284.37999999999994,14,284.37999999999994,move,improve
11097,14,284.37999999999994,14,284.37999999999994,move,improve
11098,14,284.37999999999994,14,284.37999999999994,swap,notBad
11099,14,284.37999999999994,14,284.37999999999994,swap,notBad
11100,14,284.37999999999994,14,284.37999999999994,2opt,notBad
11101,14,284.37999999999994,14,284.37999999999994,move,improve
11102,14,284.37999999999994,14,284.37999999999994,2opt,notBad
11103,14,284.37999999999994,14,284.37999999999994,move,improve
11104,14,284.37999999999994,14,284.37999999999994,2opt,notBad
11105,14,284.37999999999994,14,284.37999999999994,swap,notBad
11106,14,284.37999999999994,14,284.37999999999994,swap,notBad
11107,14,284.37999999999994,14,284.37999999999994,move,improve
11108,14,284.37999999999994,14,284.37999999999994,swap,notBad
11109,14,284.37999999999994,14,284.37999999999994,swap,notBad
11110,14,284.37999999999994,14,284.37999999999994,swap,notBad
11111,14,284.37999999999994,14,284.37999999999994,2opt,improve
11112,14,284.37999999999994,14,284.37999999999994,swap,notBad
11113,14,284.37999999999994,14,284.37999999999994,swap,notBad
11114,14,284.37999999999994,14,284.37999999999994,move,improve
11115,14,284.37999999999994,14,284.37999999999994,2opt,notBad
11116,14,284.37999999999994,14,284.37999999999994,2opt,notBad
11117,14,284.37999999999994,14,284.37999999999994,move,improve
11118,14,284.37999999999994,14,284.37999999999994,move,improve
11119,14,284.37999999999994,14,284.37999999999994,move,improve
11120,14,284.37999999999994,14,284.37999999999994,2opt,improve
11121,14,284.37999999999994,14,284.37999999999994,move,improve
11122,14,284.37999999999994,14,284.37999999999994,swap,notBad
11123,14,284.37999999999994,14,284.37999999999994,swap,notBad
11124,14,284.37999999999994,14,284.37999999999994,swap,notBad
11125,14,284.37999999999994,14,284.37999999999994,2opt,notBad
11126,14,284.37999999999994,14,284.37999999999994,swap,notBad
11127,14,284.37999999999994,14,284.37999999999994,move,improve
11128,14,284.37999999999994,14,284.37999999999994,2opt,notBad
11129,14,284.37999999999994,14,284.37999999999994,move,notBad
11130,14,284.37999999999994,14,284.37999999999994,swap,notBad
11131,14,284.37999999999994,14,284.37999999999994,2opt,notBad
11132,14,284.37999999999994,14,284.37999999999994,2opt,notBad
11133,14,284.37999999999994,14,284.37999999999994,move,improve
11134,14,284.37999999999994,14,284.37999999999994,swap,notBad
11135,14,284.37999999999994,14,284.37999999999994,swap,notBad
11136,14,284.37999999999994,14,284.37999999999994,swap,notBad
11137,14,284.37999999999994,14,284.37999999999994,swap,notBad
11138,14,284.37999999999994,14,284.37999999999994,swap,notBad
11139,14,284.37999999999994,14,284.37999999999994,swap,notBad
11140,14,284.37999999999994,14,284.37999999999994,2opt,notBad
11141,14,284.37999999999994,14,284.37999999999994,swap,notBad
11142,14,284.37999999999994,14,284.37999999999994,swap,notBad
11143,14,284.37999999999994,14,284.37999999999994,swap,notBad
11144,14,284.37999999999994,14,284.37999999999994,swap,notBad
11145,14,284.37999999999994,14,284.37999999999994,2opt,improve
11146,14,284.37999999999994,14,284.37999999999994,swap,notBad
11147,14,284.37999999999994,14,284.37999999999994,2opt,notBad
11148,14,284.37999999999994,14,284.37999999999994,swap,notBad
11149,14,284.37999999999994,14,284.37999999999994,2opt,improve
11150,14,284.37999999999994,14,284.37999999999994,swap,notBad
11151,14,284.37999999999994,14,284.37999999999994,move,improve
11152,14,284.37999999999994,14,284.37999999999994,swap,notBad
11153,14,284.37999999999994,14,284.37999999999994,swap,notBad
11154,14,284.37999999999994,14,284.37999999999994,2opt,notBad
11155,14,284.37999999999994,14,284.37999999999994,swap,notBad
11156,14,284.37999999999994,14,284.37999999999994,2opt,improve
11157,14,284.37999999999994,14,284.37999999999994,swap,notBad
11158,14,284.37999999999994,14,284.37999999999994,2opt,improve
11159,14,284.37999999999994,14,284.37999999999994,swap,notBad
11160,14,284.37999999999994,14,284.37999999999994,2opt,notBad
11161,14,284.37999999999994,14,284.37999999999994,swap,notBad
11162,14,284.37999999999994,14,284.37999999999994,swap,notBad
11163,14,284.37999999999994,14,284.37999999999994,2opt,notBad
11164,14,284.37999999999994,14,284.37999999999994,swap,notBad
11165,14,284.37999999999994,14,284.37999999999994,2opt,notBad
11166,14,284.37999999999994,14,284.37999999999994,swap,notBad
11167,14,284.37999999999994,14,284.37999999999994,2opt,notBad
11168,14,284.37999999999994,14,284.37999999999994,move,improve
11169,14,284.37999999999994,14,284.37999999999994,swap,notBad
11170,14,284.37999999999994,14,284.37999999999994,2opt,notBad
11171,14,284.37999999999994,14,284.37999999999994,move,improve
11172,14,284.37999999999994,14,284.37999999999994,2opt,improve
11173,14,284.37999999999994,14,284.37999999999994,2opt,notBad
11174,14,284.37999999999994,14,284.37999999999994,swap,notBad
11175,14,284.37999999999994,14,284.37999999999994,swap,notBad
11176,14,284.37999999999994,14,284.37999999999994,move,improve
11177,14,284.37999999999994,14,284.37999999999994,move,improve
11178,14,284.37999999999994,14,284.37999999999994,2opt,notBad
11179,14,284.37999999999994,14,284.37999999999994,swap,notBad
11180,14,284.37999999999994,14,284.37999999999994,2opt,notBad
11181,14,284.37999999999994,14,284.37999999999994,2opt,notBad
11182,14,284.37999999999994,14,284.37999999999994,move,improve
11183,14,284.37999999999994,14,284.37999999999994,move,improve
11184,14,284.37999999999994,14,284.37999999999994,move,improve
11185,14,284.37999999999994,14,284.37999999999994,move,improve
11186,14,284.37999999999994,14,284.37999999999994,move,improve
11187,14,284.37999999999994,14,284.37999999999994,move,improve
11188,14,284.37999999999994,14,284.37999999999994,2opt,notBad
11189,14,284.37999999999994,14,284.37999999999994,2opt,improve
11190,14,284.37999999999994,14,284.37999999999994,2opt,notBad
11191,14,284.37999999999994,14,284.37999999999994,2opt,notBad
11192,14,284.37999999999994,14,284.37999999999994,swap,notBad
11193,14,284.37999999999994,14,284.37999999999994,swap,notBad
11194,14,284.37999999999994,14,284.37999999999994,2opt,notBad
11195,14,284.37999999999994,14,284.37999999999994,swap,notBad
11196,14,284.37999999999994,14,284.37999999999994,2opt,notBad
11197,14,284.37999999999994,14,284.37999999999994,swap,notBad
11198,14,284.37999999999994,14,284.37999999999994,swap,notBad
11199,14,284.37999999999994,14,284.37999999999994,swap,notBad
11200,14,284.37999999999994,14,284.37999999999994,move,improve
11201,14,284.37999999999994,14,284.37999999999994,2opt,notBad
11202,14,284.37999999999994,14,284.37999999999994,swap,notBad
11203,14,284.37999999999994,14,284.37999999999994,2opt,notBad
11204,14,284.37999999999994,14,284.37999999999994,move,improve
11205,14,284.37999999999994,14,284.37999999999994,2opt,improve
11206,14,284.37999999999994,14,284.37999999999994,swap,notBad
11207,14,284.37999999999994,14,284.37999999999994,move,improve
11208,14,284.37999999999994,14,284.37999999999994,swap,notBad
11209,14,284.37999999999994,14,284.37999999999994,swap,notBad
11210,14,284.37999999999994,14,284.37999999999994,swap,notBad
11211,14,284.37999999999994,14,284.37999999999994,move,improve
11212,14,284.37999999999994,14,284.37999999999994,move,improve
11213,14,284.37999999999994,14,284.37999999999994,swap,notBad
11214,14,284.37999999999994,14,284.37999999999994,2opt,improve
11215,14,284.37999999999994,14,284.37999999999994,2opt,improve
11216,14,284.37999999999994,14,284.37999999999994,2opt,notBad
11217,14,284.37999999999994,14,284.37999999999994,2opt,improve
11218,14,284.37999999999994,14,284.37999999999994,swap,notBad
11219,14,284.37999999999994,14,284.37999999999994,move,improve
11220,14,284.37999999999994,14,284.37999999999994,2opt,notBad
11221,14,284.37999999999994,14,284.37999999999994,swap,notBad
11222,14,284.37999999999994,14,284.37999999999994,swap,notBad
11223,14,284.37999999999994,14,284.37999999999994,2opt,improve
11224,14,284.37999999999994,14,284.37999999999994,move,improve
11225,14,284.37999999999994,14,284.37999999999994,2opt,notBad
11226,14,284.37999999999994,14,284.37999999999994,swap,notBad
11227,14,284.37999999999994,14,284.37999999999994,move,improve
11228,14,284.37999999999994,14,284.37999999999994,2opt,notBad
11229,14,284.37999999999994,14,284.37999999999994,move,improve
11230,14,284.37999999999994,14,284.37999999999994,2opt,notBad
11231,14,284.37999999999994,14,284.37999999999994,move,improve
11232,14,284.37999999999994,14,284.37999999999994,2opt,notBad
11233,14,284.37999999999994,14,284.37999999999994,2opt,notBad
11234,14,284.37999999999994,14,284.37999999999994,move,improve
11235,14,284.37999999999994,14,284.37999999999994,move,improve
11236,14,284.37999999999994,14,284.37999999999994,swap,notBad
11237,14,284.37999999999994,14,284.37999999999994,swap,notBad
11238,14,284.37999999999994,14,284.37999999999994,swap,notBad
11239,14,284.37999999999994,14,284.37999999999994,2opt,notBad
11240,14,284.37999999999994,14,284.37999999999994,move,notBad
11241,14,284.37999999999994,14,284.37999999999994,2opt,notBad
11242,14,284.37999999999994,14,284.37999999999994,2opt,notBad
11243,14,284.37999999999994,14,284.37999999999994,swap,notBad
11244,14,284.37999999999994,14,284.37999999999994,move,improve
11245,14,284.37999999999994,14,284.37999999999994,swap,notBad
11246,14,284.37999999999994,14,284.37999999999994,move,improve
11247,14,284.37999999999994,14,284.37999999999994,swap,notBad
11248,14,284.37999999999994,14,284.37999999999994,2opt,notBad
11249,14,284.37999999999994,14,284.37999999999994,2opt,notBad
11250,14,284.37999999999994,14,284.37999999999994,2opt,notBad
11251,14,284.37999999999994,14,284.37999999999994,move,improve
11252,14,284.37999999999994,14,284.37999999999994,2opt,notBad
11253,14,284.37999999999994,14,284.37999999999994,2opt,notBad
11254,14,284.37999999999994,14,284.37999999999994,2opt,notBad
11255,14,284.37999999999994,14,284.37999999999994,move,improve
11256,14,284.37999999999994,14,284.37999999999994,swap,notBad
11257,14,284.37999999999994,14,284.37999999999994,swap,notBad
11258,14,284.37999999999994,14,284.37999999999994,move,improve
11259,14,284.37999999999994,14,284.37999999999994,2opt,notBad
11260,14,284.37999999999994,14,284.37999999999994,2opt,notBad
11261,14,284.37999999999994,14,284.37999999999994,2opt,notBad
11262,14,284.37999999999994,14,284.37999999999994,move,improve
11263,14,284.37999999999994,14,284.37999999999994,swap,notBad
11264,14,284.37999999999994,14,284.37999999999994,swap,notBad
11265,14,284.37999999999994,14,284.37999999999994,2opt,improve
11266,14,284.37999999999994,14,284.37999999999994,move,improve
11267,14,284.37999999999994,14,284.37999999999994,move,improve
11268,14,284.37999999999994,14,284.37999999999994,move,improve
11269,14,284.37999999999994,14,284.37999999999994,swap,notBad
11270,14,284.37999999999994,14,284.37999999999994,swap,notBad
11271,14,284.37999999999994,14,284.37999999999994,swap,notBad
11272,14,284.37999999999994,14,284.37999999999994,2opt,notBad
11273,14,284.37999999999994,14,284.37999999999994,move,improve
11274,14,284.37999999999994,14,284.37999999999994,swap,notBad
11275,14,284.37999999999994,14,284.37999999999994,swap,notBad
11276,14,284.37999999999994,14,284.37999999999994,swap,notBad
11277,14,284.37999999999994,14,284.37999999999994,move,improve
11278,14,284.37999999999994,14,284.37999999999994,swap,notBad
11279,14,284.37999999999994,14,284.37999999999994,2opt,improve
11280,14,284.37999999999994,14,284.37999999999994,move,improve
11281,14,284.37999999999994,14,284.37999999999994,swap,notBad
11282,14,284.37999999999994,14,284.37999999999994,move,improve
11283,14,284.37999999999994,14,284.37999999999994,swap,notBad
11284,14,284.37999999999994,14,284.37999999999994,2opt,notBad
11285,14,284.37999999999994,14,284.37999999999994,swap,notBad
11286,14,284.37999999999994,14,284.37999999999994,2opt,notBad
11287,14,284.37999999999994,14,284.37999999999994,move,improve
