i,vehi,obj,vehiBest,objBest,loFunc,note
1,3,1024.6,3,1004.5999999999998,swap,acceptBad
2,3,1024.6,3,1004.5999999999998,2opt,improve
3,3,1005.9999999999999,3,1004.5999999999998,swap,improve
4,4,1784.3000000000002,3,1004.5999999999998,2opt,acceptBad
5,5,3871.8,3,1004.5999999999998,2opt,acceptBad
6,5,3623.2,3,1004.5999999999998,move,improve
7,5,2106.0,3,1004.5999999999998,move,improve
8,5,1989.9999999999995,3,1004.5999999999998,move,improve
9,5,1853.3999999999994,3,1004.5999999999998,move,improve
10,5,1804.9999999999993,3,1004.5999999999998,move,improve
11,5,2197.399999999999,3,1004.5999999999998,2opt,acceptBad
12,5,1908.5999999999995,3,1004.5999999999998,move,improve
13,5,1859.599999999999,3,1004.5999999999998,move,improve
14,5,1800.1999999999994,3,1004.5999999999998,move,improve
15,5,1654.5999999999995,3,1004.5999999999998,swap,improve
16,5,1690.599999999999,3,1004.5999999999998,swap,acceptBad
17,5,1480.999999999999,3,1004.5999999999998,move,improve
18,5,1661.1999999999994,3,1004.5999999999998,swap,acceptBad
19,5,1106.7999999999995,3,1004.5999999999998,2opt,improve
20,5,1106.7999999999995,3,1004.5999999999998,move,improve
21,5,844.1999999999994,5,844.1999999999994,move,newBest
22,5,864.3999999999994,5,844.1999999999994,swap,acceptBad
23,6,2205.2999999999997,5,844.1999999999994,2opt,acceptBad
24,6,2307.0999999999995,5,844.1999999999994,2opt,acceptBad
25,6,1908.5999999999995,5,844.1999999999994,2opt,improve
26,6,1492.6,5,844.1999999999994,move,improve
27,6,1281.0,5,844.1999999999994,move,improve
28,6,942.3,5,844.1999999999994,2opt,improve
29,7,1412.1999999999994,5,844.1999999999994,2opt,acceptBad
30,7,3605.7999999999984,5,844.1999999999994,2opt,acceptBad
31,7,3623.7999999999984,5,844.1999999999994,swap,acceptBad
32,7,2349.3999999999987,5,844.1999999999994,2opt,improve
33,7,2349.3999999999987,5,844.1999999999994,swap,improve
34,7,2349.3999999999987,5,844.1999999999994,move,improve
35,7,2247.3999999999987,5,844.1999999999994,move,improve
36,7,2681.399999999999,5,844.1999999999994,swap,acceptBad
37,7,2287.1999999999994,5,844.1999999999994,move,improve
38,7,1425.1999999999987,5,844.1999999999994,move,improve
39,7,1425.199999999999,5,844.1999999999994,2opt,acceptBad
40,7,1425.599999999999,5,844.1999999999994,swap,acceptBad
41,7,2198.1999999999994,5,844.1999999999994,2opt,acceptBad
42,7,2248.399999999999,5,844.1999999999994,swap,acceptBad
43,7,1505.7999999999984,5,844.1999999999994,move,improve
44,7,1809.7999999999988,5,844.1999999999994,swap,acceptBad
45,7,2012.599999999999,5,844.1999999999994,swap,acceptBad
46,7,1718.8000000000002,5,844.1999999999994,swap,improve
47,7,1622.2000000000003,5,844.1999999999994,swap,improve
48,7,1606.4,5,844.1999999999994,move,improve
49,7,1606.4,5,844.1999999999994,move,improve
50,7,1476.9999999999995,5,844.1999999999994,move,improve
51,7,1260.2000000000003,5,844.1999999999994,move,improve
52,7,1258.4,5,844.1999999999994,2opt,improve
53,7,1539.4,5,844.1999999999994,2opt,acceptBad
54,7,1634.799999999999,5,844.1999999999994,2opt,acceptBad
55,7,1347.1999999999996,5,844.1999999999994,move,improve
56,7,1339.7999999999997,5,844.1999999999994,2opt,improve
57,7,1247.4,5,844.1999999999994,move,improve
58,7,1368.3999999999996,5,844.1999999999994,swap,acceptBad
59,7,1583.4,5,844.1999999999994,swap,acceptBad
60,7,1824.8000000000002,5,844.1999999999994,swap,acceptBad
61,7,1426.8000000000006,5,844.1999999999994,move,improve
62,7,1578.000000000001,5,844.1999999999994,swap,acceptBad
63,7,1647.2000000000007,5,844.1999999999994,swap,acceptBad
64,7,1967.2000000000012,5,844.1999999999994,2opt,acceptBad
65,7,1715.2000000000003,5,844.1999999999994,move,improve
66,7,2140.6,5,844.1999999999994,2opt,acceptBad
67,8,6164.8,5,844.1999999999994,2opt,acceptBad
68,8,4533.1,5,844.1999999999994,move,improve
69,8,4488.099999999999,5,844.1999999999994,swap,improve
70,8,4477.599999999999,5,844.1999999999994,swap,improve
71,8,4406.9,5,844.1999999999994,move,improve
72,8,4409.099999999999,5,844.1999999999994,swap,acceptBad
73,8,4409.099999999999,5,844.1999999999994,2opt,improve
74,8,4629.3,5,844.1999999999994,swap,acceptBad
75,8,4481.4000000000015,5,844.1999999999994,swap,improve
76,8,2695.800000000001,5,844.1999999999994,swap,improve
77,8,2847.300000000001,5,844.1999999999994,2opt,acceptBad
78,8,2548.3,5,844.1999999999994,move,improve
79,8,2505.3,5,844.1999999999994,swap,improve
80,8,1911.7999999999993,5,844.1999999999994,move,improve
81,8,1911.7999999999993,5,844.1999999999994,2opt,improve
82,8,1911.7999999999993,5,844.1999999999994,2opt,improve
83,8,1911.7999999999993,5,844.1999999999994,move,improve
84,8,1637.7999999999997,5,844.1999999999994,2opt,improve
85,8,1784.999999999999,5,844.1999999999994,swap,acceptBad
86,8,1729.2999999999988,5,844.1999999999994,move,improve
87,8,1759.5999999999988,5,844.1999999999994,swap,acceptBad
88,9,3098.3999999999983,5,844.1999999999994,2opt,acceptBad
89,9,2768.799999999999,5,844.1999999999994,swap,improve
90,9,2613.399999999999,5,844.1999999999994,swap,improve
91,9,2720.799999999999,5,844.1999999999994,swap,acceptBad
92,9,2726.399999999999,5,844.1999999999994,2opt,acceptBad
93,9,2125.999999999999,5,844.1999999999994,move,improve
94,9,3630.4,5,844.1999999999994,2opt,acceptBad
95,9,3724.0,5,844.1999999999994,swap,acceptBad
96,9,4457.8,5,844.1999999999994,swap,acceptBad
97,9,3860.2,5,844.1999999999994,2opt,improve
98,9,3055.5999999999995,5,844.1999999999994,move,improve
99,9,2956.3999999999996,5,844.1999999999994,move,improve
100,9,2685.5999999999995,5,844.1999999999994,move,improve
101,9,3147.2,5,844.1999999999994,swap,acceptBad
102,9,2737.9999999999986,5,844.1999999999994,move,improve
103,9,2820.800000000001,5,844.1999999999994,2opt,acceptBad
104,9,2792.7999999999984,5,844.1999999999994,swap,improve
105,9,4584.2,5,844.1999999999994,2opt,acceptBad
106,9,4071.5999999999985,5,844.1999999999994,2opt,improve
107,9,4089.999999999999,5,844.1999999999994,2opt,acceptBad
108,9,3889.4000000000005,5,844.1999999999994,swap,improve
109,9,4015.4,5,844.1999999999994,2opt,acceptBad
110,9,4015.4,5,844.1999999999994,swap,improve
111,9,4295.999999999999,5,844.1999999999994,swap,acceptBad
112,9,4304.799999999999,5,844.1999999999994,swap,acceptBad
113,9,4318.0,5,844.1999999999994,swap,acceptBad
114,9,4862.799999999999,5,844.1999999999994,2opt,acceptBad
115,9,3802.3999999999996,5,844.1999999999994,move,improve
116,9,3340.4,5,844.1999999999994,move,improve
117,9,3846.2000000000007,5,844.1999999999994,2opt,acceptBad
118,9,4025.4000000000015,5,844.1999999999994,swap,acceptBad
119,9,3469.8000000000015,5,844.1999999999994,move,improve
120,9,3677.600000000001,5,844.1999999999994,swap,acceptBad
121,8,1870.9,5,844.1999999999994,move,improve
122,8,2773.8999999999996,5,844.1999999999994,2opt,acceptBad
123,8,3121.3999999999996,5,844.1999999999994,swap,acceptBad
124,8,3177.9000000000005,5,844.1999999999994,swap,acceptBad
125,8,2339.1000000000004,5,844.1999999999994,swap,improve
126,8,2372.2000000000007,5,844.1999999999994,2opt,acceptBad
127,8,1930.4000000000005,5,844.1999999999994,move,improve
128,8,1860.3000000000006,5,844.1999999999994,move,improve
129,8,1502.7,5,844.1999999999994,move,improve
130,8,1935.9,5,844.1999999999994,2opt,acceptBad
131,8,2163.500000000001,5,844.1999999999994,2opt,acceptBad
132,8,1742.8000000000006,5,844.1999999999994,move,improve
133,8,1954.0,5,844.1999999999994,swap,acceptBad
134,8,2269.5000000000005,5,844.1999999999994,2opt,acceptBad
135,8,2269.5000000000005,5,844.1999999999994,2opt,improve
136,8,1914.0000000000007,5,844.1999999999994,2opt,improve
137,8,1521.2000000000007,5,844.1999999999994,move,improve
138,8,843.8000000000005,8,843.8000000000005,move,newBest
139,9,2308.6000000000004,8,843.8000000000005,2opt,acceptBad
140,9,2259.4,8,843.8000000000005,move,improve
141,9,2335.6000000000004,8,843.8000000000005,swap,acceptBad
142,9,2335.6000000000004,8,843.8000000000005,move,improve
143,9,2645.6000000000004,8,843.8000000000005,2opt,acceptBad
144,9,2160.3999999999996,8,843.8000000000005,move,improve
145,9,1867.599999999999,8,843.8000000000005,move,improve
146,9,1826.1999999999994,8,843.8000000000005,swap,improve
147,9,1823.9999999999995,8,843.8000000000005,swap,improve
148,9,1823.9999999999995,8,843.8000000000005,move,improve
149,9,3251.9999999999995,8,843.8000000000005,swap,acceptBad
150,9,2782.3999999999983,8,843.8000000000005,swap,improve
151,9,2647.1999999999994,8,843.8000000000005,move,improve
152,9,2445.599999999999,8,843.8000000000005,move,improve
153,9,3117.7999999999997,8,843.8000000000005,swap,acceptBad
154,9,3018.799999999999,8,843.8000000000005,swap,improve
155,9,3018.799999999999,8,843.8000000000005,2opt,improve
156,9,3018.7999999999984,8,843.8000000000005,swap,improve
157,9,1655.799999999998,8,843.8000000000005,move,improve
158,9,1446.9999999999982,8,843.8000000000005,move,improve
159,9,1425.1999999999991,8,843.8000000000005,2opt,improve
160,9,4205.6,8,843.8000000000005,swap,acceptBad
161,9,2684.8,8,843.8000000000005,move,improve
162,9,2684.8,8,843.8000000000005,2opt,improve
163,9,2647.5999999999995,8,843.8000000000005,2opt,improve
164,9,2884.2,8,843.8000000000005,swap,acceptBad
165,9,2884.2,8,843.8000000000005,move,improve
166,9,2164.8,8,843.8000000000005,move,improve
167,9,1779.7999999999997,8,843.8000000000005,move,improve
168,9,1779.7999999999997,8,843.8000000000005,2opt,improve
169,9,1586.1999999999994,8,843.8000000000005,2opt,improve
170,9,1586.1999999999994,8,843.8000000000005,move,improve
171,9,1747.0,8,843.8000000000005,swap,acceptBad
172,9,1747.0,8,843.8000000000005,swap,improve
173,9,1735.0000000000005,8,843.8000000000005,move,improve
174,9,1528.6000000000008,8,843.8000000000005,2opt,improve
175,9,2182.6000000000004,8,843.8000000000005,swap,acceptBad
176,9,1482.8000000000004,8,843.8000000000005,move,improve
177,9,2615.4000000000005,8,843.8000000000005,swap,acceptBad
178,9,2566.4000000000005,8,843.8000000000005,swap,improve
179,9,3512.8000000000006,8,843.8000000000005,2opt,acceptBad
180,10,5468.400000000001,8,843.8000000000005,2opt,acceptBad
181,10,4458.900000000001,8,843.8000000000005,swap,improve
182,10,2587.8,8,843.8000000000005,2opt,improve
183,10,2448.3,8,843.8000000000005,swap,improve
184,10,2502.0999999999995,8,843.8000000000005,swap,acceptBad
185,10,2502.0999999999995,8,843.8000000000005,2opt,improve
186,10,2620.1000000000004,8,843.8000000000005,2opt,acceptBad
187,10,2516.2,8,843.8000000000005,swap,improve
188,10,4979.1,8,843.8000000000005,swap,acceptBad
189,10,5025.9000000000015,8,843.8000000000005,2opt,acceptBad
190,10,3871.7000000000003,8,843.8000000000005,2opt,improve
191,10,4715.100000000002,8,843.8000000000005,2opt,acceptBad
192,10,4918.800000000001,8,843.8000000000005,swap,acceptBad
193,10,5009.900000000001,8,843.8000000000005,swap,acceptBad
194,10,5113.200000000002,8,843.8000000000005,2opt,acceptBad
195,10,5113.200000000002,8,843.8000000000005,2opt,improve
196,10,4682.500000000002,8,843.8000000000005,move,improve
197,10,4717.000000000002,8,843.8000000000005,swap,acceptBad
198,11,6043.000000000002,8,843.8000000000005,2opt,acceptBad
199,11,5265.600000000002,8,843.8000000000005,move,improve
200,11,5709.600000000001,8,843.8000000000005,swap,acceptBad
201,11,8613.199999999999,8,843.8000000000005,2opt,acceptBad
202,10,4534.099999999999,8,843.8000000000005,move,improve
203,10,3927.7999999999993,8,843.8000000000005,swap,improve
204,10,3472.8,8,843.8000000000005,move,improve
205,10,3472.8,8,843.8000000000005,move,improve
206,10,3304.1,8,843.8000000000005,move,improve
207,10,3276.4,8,843.8000000000005,move,improve
208,10,2859.9000000000005,8,843.8000000000005,2opt,improve
209,10,2288.4000000000005,8,843.8000000000005,move,improve
210,10,3583.9000000000005,8,843.8000000000005,swap,acceptBad
211,10,4809.999999999998,8,843.8000000000005,swap,acceptBad
212,10,3857.199999999999,8,843.8000000000005,swap,improve
213,10,3800.2999999999993,8,843.8000000000005,swap,improve
214,10,4066.7000000000007,8,843.8000000000005,swap,acceptBad
215,10,3647.6000000000013,8,843.8000000000005,2opt,improve
216,10,2543.300000000001,8,843.8000000000005,move,improve
217,10,2433.800000000001,8,843.8000000000005,2opt,improve
218,11,6408.2,8,843.8000000000005,2opt,acceptBad
219,11,5692.2,8,843.8000000000005,move,improve
220,11,5692.2,8,843.8000000000005,2opt,improve
221,11,5410.799999999999,8,843.8000000000005,swap,improve
222,11,5832.200000000001,8,843.8000000000005,2opt,acceptBad
223,11,5832.200000000001,8,843.8000000000005,move,improve
224,11,4974.200000000002,8,843.8000000000005,move,improve
225,11,5173.200000000001,8,843.8000000000005,swap,acceptBad
226,11,4123.4000000000015,8,843.8000000000005,move,improve
227,11,4123.4000000000015,8,843.8000000000005,move,improve
228,11,3967.4000000000005,8,843.8000000000005,2opt,improve
229,11,3967.4000000000005,8,843.8000000000005,move,improve
230,11,6210.5999999999985,8,843.8000000000005,swap,acceptBad
231,11,4239.199999999998,8,843.8000000000005,move,improve
232,11,3789.8,8,843.8000000000005,2opt,improve
233,11,3622.800000000001,8,843.8000000000005,swap,improve
234,11,3622.800000000001,8,843.8000000000005,move,improve
235,11,3653.4000000000005,8,843.8000000000005,swap,acceptBad
236,11,3601.8,8,843.8000000000005,move,improve
237,11,3556.4000000000005,8,843.8000000000005,swap,improve
238,11,3556.4000000000005,8,843.8000000000005,move,improve
239,11,3580.8,8,843.8000000000005,swap,acceptBad
240,11,3324.8000000000015,8,843.8000000000005,move,improve
241,11,3324.0000000000005,8,843.8000000000005,move,improve
242,11,5201.000000000001,8,843.8000000000005,2opt,acceptBad
243,11,3985.000000000002,8,843.8000000000005,move,improve
244,11,3985.000000000001,8,843.8000000000005,move,improve
245,11,3099.6000000000004,8,843.8000000000005,move,improve
246,11,4104.6,8,843.8000000000005,2opt,acceptBad
247,11,4104.6,8,843.8000000000005,swap,improve
248,11,4540.000000000001,8,843.8000000000005,swap,acceptBad
249,11,3579.0000000000005,8,843.8000000000005,move,improve
250,11,4539.0,8,843.8000000000005,2opt,acceptBad
251,11,4357.200000000001,8,843.8000000000005,move,improve
252,11,4023.3999999999983,8,843.8000000000005,move,improve
253,11,6959.999999999999,8,843.8000000000005,2opt,acceptBad
254,11,4492.599999999998,8,843.8000000000005,move,improve
255,11,4742.799999999999,8,843.8000000000005,2opt,acceptBad
256,11,5003.200000000003,8,843.8000000000005,swap,acceptBad
257,11,4551.399999999999,8,843.8000000000005,move,improve
258,11,3767.2000000000007,8,843.8000000000005,2opt,improve
259,11,3662.0,8,843.8000000000005,swap,improve
260,11,3455.3999999999996,8,843.8000000000005,move,improve
261,11,2875.1999999999985,8,843.8000000000005,swap,improve
262,11,2569.1999999999994,8,843.8000000000005,move,improve
263,11,2479.4,8,843.8000000000005,2opt,improve
264,11,2673.399999999999,8,843.8000000000005,swap,acceptBad
265,11,2661.3999999999983,8,843.8000000000005,swap,improve
266,11,3903.799999999999,8,843.8000000000005,2opt,acceptBad
267,11,4404.199999999999,8,843.8000000000005,2opt,acceptBad
268,11,3479.3999999999996,8,843.8000000000005,2opt,improve
269,11,3862.600000000001,8,843.8000000000005,2opt,acceptBad
270,11,4570.800000000001,8,843.8000000000005,swap,acceptBad
271,11,4167.199999999999,8,843.8000000000005,move,improve
272,11,4167.199999999999,8,843.8000000000005,move,improve
273,11,4569.4,8,843.8000000000005,swap,acceptBad
274,11,4642.199999999998,8,843.8000000000005,swap,acceptBad
275,11,4255.799999999997,8,843.8000000000005,move,improve
276,11,3986.2000000000007,8,843.8000000000005,2opt,improve
277,11,3142.999999999999,8,843.8000000000005,move,improve
278,11,2399.800000000001,8,843.8000000000005,move,improve
279,11,2032.6000000000004,8,843.8000000000005,move,improve
280,11,2001.600000000001,8,843.8000000000005,swap,improve
281,11,2398.2000000000007,8,843.8000000000005,swap,acceptBad
282,11,5249.2,8,843.8000000000005,swap,acceptBad
283,11,4018.2000000000003,8,843.8000000000005,move,improve
284,11,3599.8,8,843.8000000000005,swap,improve
285,11,3455.8,8,843.8000000000005,swap,improve
286,11,5423.999999999997,8,843.8000000000005,2opt,acceptBad
287,11,4424.4,8,843.8000000000005,2opt,improve
288,11,3026.3999999999996,8,843.8000000000005,move,improve
289,11,3212.3999999999996,8,843.8000000000005,swap,acceptBad
290,11,2683.999999999999,8,843.8000000000005,move,improve
291,11,2857.3999999999987,8,843.8000000000005,swap,acceptBad
292,11,3190.3999999999987,8,843.8000000000005,swap,acceptBad
293,11,2858.7999999999984,8,843.8000000000005,swap,improve
294,11,2796.5999999999985,8,843.8000000000005,move,improve
295,11,2796.5999999999985,8,843.8000000000005,move,improve
296,11,2652.0,8,843.8000000000005,swap,improve
297,11,2652.0,8,843.8000000000005,move,improve
298,11,3279.7999999999997,8,843.8000000000005,swap,acceptBad
299,11,3279.8,8,843.8000000000005,2opt,acceptBad
300,11,3021.0,8,843.8000000000005,move,improve
301,11,3053.800000000001,8,843.8000000000005,swap,acceptBad
302,11,2819.200000000001,8,843.8000000000005,2opt,improve
303,11,2636.6000000000013,8,843.8000000000005,2opt,improve
304,11,2627.800000000001,8,843.8000000000005,move,improve
305,11,2634.2000000000007,8,843.8000000000005,swap,acceptBad
306,11,2590.4000000000015,8,843.8000000000005,swap,improve
307,11,2462.6000000000013,8,843.8000000000005,move,improve
308,11,2819.6000000000004,8,843.8000000000005,swap,acceptBad
309,11,2771.6000000000004,8,843.8000000000005,move,improve
310,11,2818.0,8,843.8000000000005,swap,acceptBad
311,11,6056.000000000002,8,843.8000000000005,swap,acceptBad
312,11,6056.000000000002,8,843.8000000000005,2opt,improve
313,11,5843.199999999999,8,843.8000000000005,2opt,improve
314,11,5779.999999999998,8,843.8000000000005,swap,improve
315,11,5335.999999999999,8,843.8000000000005,swap,improve
316,11,5821.999999999999,8,843.8000000000005,2opt,acceptBad
317,11,3613.999999999999,8,843.8000000000005,swap,improve
318,11,3983.5999999999985,8,843.8000000000005,2opt,acceptBad
319,11,4912.600000000001,8,843.8000000000005,swap,acceptBad
320,11,4091.999999999999,8,843.8000000000005,swap,improve
321,11,3756.3999999999987,8,843.8000000000005,swap,improve
322,11,3826.800000000001,8,843.8000000000005,2opt,acceptBad
323,11,3874.7999999999993,8,843.8000000000005,2opt,acceptBad
324,11,4168.8,8,843.8000000000005,swap,acceptBad
325,11,4982.599999999999,8,843.8000000000005,2opt,acceptBad
326,11,4783.400000000001,8,843.8000000000005,move,improve
327,11,5632.599999999999,8,843.8000000000005,swap,acceptBad
328,11,5555.399999999999,8,843.8000000000005,swap,improve
329,11,5510.599999999999,8,843.8000000000005,move,improve
330,11,5602.200000000001,8,843.8000000000005,2opt,acceptBad
331,11,5759.200000000001,8,843.8000000000005,2opt,acceptBad
332,11,4720.0,8,843.8000000000005,swap,improve
333,11,4720.000000000001,8,843.8000000000005,2opt,acceptBad
334,11,4644.400000000001,8,843.8000000000005,swap,improve
335,11,3601.0,8,843.8000000000005,move,improve
336,11,3601.0,8,843.8000000000005,2opt,improve
337,11,4607.6,8,843.8000000000005,2opt,acceptBad
338,11,4287.4,8,843.8000000000005,swap,improve
339,11,4322.6,8,843.8000000000005,swap,acceptBad
340,11,4261.599999999999,8,843.8000000000005,2opt,improve
341,11,5089.0,8,843.8000000000005,swap,acceptBad
342,11,5067.0,8,843.8000000000005,swap,improve
343,11,4509.4000000000015,8,843.8000000000005,move,improve
344,11,4209.4,8,843.8000000000005,swap,improve
345,11,4905.599999999999,8,843.8000000000005,swap,acceptBad
346,11,5243.399999999999,8,843.8000000000005,2opt,acceptBad
347,11,5825.199999999998,8,843.8000000000005,swap,acceptBad
348,11,5582.799999999998,8,843.8000000000005,move,improve
349,11,5916.599999999998,8,843.8000000000005,swap,acceptBad
350,11,7201.2,8,843.8000000000005,2opt,acceptBad
351,11,7183.6,8,843.8000000000005,swap,improve
352,11,5859.399999999998,8,843.8000000000005,2opt,improve
353,11,5869.999999999999,8,843.8000000000005,swap,acceptBad
354,11,5971.600000000002,8,843.8000000000005,swap,acceptBad
355,11,4725.200000000001,8,843.8000000000005,swap,improve
356,11,3969.2,8,843.8000000000005,move,improve
357,11,4366.4000000000015,8,843.8000000000005,swap,acceptBad
358,11,5262.799999999999,8,843.8000000000005,swap,acceptBad
359,11,5223.0,8,843.8000000000005,move,improve
360,11,4582.0,8,843.8000000000005,move,improve
361,11,3990.599999999999,8,843.8000000000005,move,improve
362,11,3751.199999999999,8,843.8000000000005,2opt,improve
363,11,5920.999999999997,8,843.8000000000005,2opt,acceptBad
364,11,5421.799999999998,8,843.8000000000005,move,improve
365,11,5752.799999999998,8,843.8000000000005,swap,acceptBad
366,11,5760.799999999998,8,843.8000000000005,swap,acceptBad
367,11,4353.8,8,843.8000000000005,move,improve
368,11,3697.0,8,843.8000000000005,move,improve
369,11,3533.1999999999985,8,843.8000000000005,swap,improve
370,11,3132.399999999999,8,843.8000000000005,move,improve
371,11,4128.199999999999,8,843.8000000000005,swap,acceptBad
372,11,4101.599999999999,8,843.8000000000005,swap,improve
373,11,3875.5999999999985,8,843.8000000000005,move,improve
374,11,4531.0,8,843.8000000000005,2opt,acceptBad
375,12,6397.2,8,843.8000000000005,2opt,acceptBad
376,12,5390.999999999999,8,843.8000000000005,2opt,improve
377,12,5116.2,8,843.8000000000005,2opt,improve
378,12,4152.599999999999,8,843.8000000000005,move,improve
379,12,3387.0000000000005,8,843.8000000000005,2opt,improve
380,12,2747.599999999999,8,843.8000000000005,move,improve
381,12,5174.5999999999985,8,843.8000000000005,2opt,acceptBad
382,12,5560.199999999999,8,843.8000000000005,2opt,acceptBad
383,12,3773.0000000000014,8,843.8000000000005,move,improve
384,12,3983.1000000000004,8,843.8000000000005,2opt,acceptBad
385,12,4175.699999999999,8,843.8000000000005,2opt,acceptBad
386,12,4147.300000000001,8,843.8000000000005,move,improve
387,12,3741.400000000002,8,843.8000000000005,move,improve
388,13,9472.2,8,843.8000000000005,2opt,acceptBad
389,13,9549.2,8,843.8000000000005,swap,acceptBad
390,13,4931.200000000001,8,843.8000000000005,2opt,improve
391,13,4747.6,8,843.8000000000005,move,improve
392,13,4933.200000000001,8,843.8000000000005,2opt,acceptBad
393,13,7587.399999999998,8,843.8000000000005,2opt,acceptBad
394,13,7493.200000000001,8,843.8000000000005,swap,improve
395,13,7568.199999999999,8,843.8000000000005,swap,acceptBad
396,13,7604.799999999998,8,843.8000000000005,2opt,acceptBad
397,13,9925.4,8,843.8000000000005,2opt,acceptBad
398,13,10494.999999999998,8,843.8000000000005,swap,acceptBad
399,13,9932.800000000001,8,843.8000000000005,2opt,improve
400,13,10426.199999999999,8,843.8000000000005,swap,acceptBad
401,13,9614.399999999998,8,843.8000000000005,move,improve
402,13,9614.399999999998,8,843.8000000000005,swap,improve
403,13,9240.0,8,843.8000000000005,swap,improve
404,13,9242.4,8,843.8000000000005,swap,acceptBad
405,13,10745.599999999999,8,843.8000000000005,swap,acceptBad
406,13,11187.400000000001,8,843.8000000000005,2opt,acceptBad
407,13,11133.000000000002,8,843.8000000000005,swap,improve
408,13,9288.000000000002,8,843.8000000000005,2opt,improve
409,13,9453.0,8,843.8000000000005,swap,acceptBad
410,13,7664.800000000002,8,843.8000000000005,move,improve
411,13,8074.000000000001,8,843.8000000000005,swap,acceptBad
412,13,7221.4000000000015,8,843.8000000000005,2opt,improve
413,13,8762.199999999997,8,843.8000000000005,2opt,acceptBad
414,14,14366.699999999999,8,843.8000000000005,2opt,acceptBad
415,14,12638.599999999999,8,843.8000000000005,move,improve
416,14,15050.199999999999,8,843.8000000000005,swap,acceptBad
417,14,15249.400000000003,8,843.8000000000005,2opt,acceptBad
418,14,12545.20000000001,8,843.8000000000005,2opt,improve
419,14,9621.800000000003,8,843.8000000000005,move,improve
420,14,14635.400000000005,8,843.8000000000005,2opt,acceptBad
421,14,14873.900000000001,8,843.8000000000005,2opt,acceptBad
422,14,13580.400000000003,8,843.8000000000005,2opt,improve
423,14,12763.199999999999,8,843.8000000000005,2opt,improve
424,14,9630.5,8,843.8000000000005,move,improve
425,14,9367.699999999999,8,843.8000000000005,swap,improve
426,14,8655.100000000002,8,843.8000000000005,move,improve
427,14,8050.899999999996,8,843.8000000000005,swap,improve
428,14,7973.0,8,843.8000000000005,swap,improve
429,14,7323.9000000000015,8,843.8000000000005,move,improve
430,14,7394.4000000000015,8,843.8000000000005,swap,acceptBad
431,14,7118.400000000004,8,843.8000000000005,swap,improve
432,14,6169.600000000001,8,843.8000000000005,move,improve
433,14,6427.300000000002,8,843.8000000000005,2opt,acceptBad
434,14,5733.400000000002,8,843.8000000000005,2opt,improve
435,14,5790.100000000002,8,843.8000000000005,2opt,acceptBad
436,14,4449.700000000002,8,843.8000000000005,move,improve
437,14,9767.000000000004,8,843.8000000000005,2opt,acceptBad
438,14,13539.900000000003,8,843.8000000000005,2opt,acceptBad
439,14,13654.0,8,843.8000000000005,2opt,acceptBad
440,14,13812.7,8,843.8000000000005,swap,acceptBad
441,14,13784.7,8,843.8000000000005,move,improve
442,14,12550.500000000004,8,843.8000000000005,2opt,improve
443,14,9983.000000000004,8,843.8000000000005,move,improve
444,14,9399.3,8,843.8000000000005,2opt,improve
445,14,10603.699999999997,8,843.8000000000005,swap,acceptBad
446,14,9704.7,8,843.8000000000005,move,improve
447,14,10033.6,8,843.8000000000005,swap,acceptBad
448,14,10464.8,8,843.8000000000005,2opt,acceptBad
449,14,10464.8,8,843.8000000000005,swap,improve
450,14,9343.899999999998,8,843.8000000000005,move,improve
451,14,7450.699999999999,8,843.8000000000005,2opt,improve
452,14,7450.699999999999,8,843.8000000000005,move,improve
453,14,8149.199999999997,8,843.8000000000005,2opt,acceptBad
454,14,8036.699999999999,8,843.8000000000005,swap,improve
455,14,7658.4,8,843.8000000000005,swap,improve
456,14,7651.200000000001,8,843.8000000000005,swap,improve
457,14,7705.800000000001,8,843.8000000000005,swap,acceptBad
458,14,5642.4000000000015,8,843.8000000000005,move,improve
459,14,5129.200000000001,8,843.8000000000005,move,improve
460,14,4645.1,8,843.8000000000005,swap,improve
461,14,8501.900000000001,8,843.8000000000005,swap,acceptBad
462,14,7824.6,8,843.8000000000005,move,improve
463,14,8093.200000000001,8,843.8000000000005,swap,acceptBad
464,14,5527.899999999998,8,843.8000000000005,move,improve
465,14,4970.299999999998,8,843.8000000000005,move,improve
466,14,4781.999999999999,8,843.8000000000005,move,improve
467,14,4781.999999999999,8,843.8000000000005,move,improve
468,14,5517.499999999998,8,843.8000000000005,swap,acceptBad
469,14,5517.499999999998,8,843.8000000000005,swap,improve
470,14,6712.100000000003,8,843.8000000000005,2opt,acceptBad
471,14,7736.200000000003,8,843.8000000000005,2opt,acceptBad
472,14,9574.199999999999,8,843.8000000000005,2opt,acceptBad
473,14,9664.299999999996,8,843.8000000000005,swap,acceptBad
474,14,9210.899999999994,8,843.8000000000005,swap,improve
475,14,8715.599999999995,8,843.8000000000005,2opt,improve
476,14,8765.299999999996,8,843.8000000000005,swap,acceptBad
477,14,13203.199999999992,8,843.8000000000005,2opt,acceptBad
478,14,16234.699999999993,8,843.8000000000005,swap,acceptBad
479,14,16313.599999999993,8,843.8000000000005,swap,acceptBad
480,14,15962.199999999992,8,843.8000000000005,swap,improve
481,14,15973.699999999992,8,843.8000000000005,swap,acceptBad
482,14,16214.69999999999,8,843.8000000000005,swap,acceptBad
483,14,12359.699999999992,8,843.8000000000005,move,improve
484,15,15697.19999999999,8,843.8000000000005,2opt,acceptBad
485,15,11859.999999999996,8,843.8000000000005,move,improve
486,15,12826.399999999992,8,843.8000000000005,swap,acceptBad
487,15,11557.999999999993,8,843.8000000000005,move,improve
488,15,11511.199999999993,8,843.8000000000005,2opt,improve
489,15,9753.199999999995,8,843.8000000000005,move,improve
490,15,8546.599999999993,8,843.8000000000005,move,improve
491,15,8434.399999999994,8,843.8000000000005,move,improve
492,15,12737.799999999996,8,843.8000000000005,swap,acceptBad
493,15,12737.799999999996,8,843.8000000000005,move,improve
494,15,14138.199999999995,8,843.8000000000005,swap,acceptBad
495,15,12859.999999999995,8,843.8000000000005,move,improve
496,15,13280.599999999997,8,843.8000000000005,2opt,acceptBad
497,15,10706.199999999997,8,843.8000000000005,2opt,improve
498,15,10055.399999999996,8,843.8000000000005,move,improve
499,15,10630.0,8,843.8000000000005,2opt,acceptBad
500,15,13942.999999999998,8,843.8000000000005,2opt,acceptBad
501,15,10493.399999999996,8,843.8000000000005,move,improve
502,15,8352.4,8,843.8000000000005,2opt,improve
503,15,8175.2,8,843.8000000000005,swap,improve
504,15,7226.999999999997,8,843.8000000000005,move,improve
505,15,7226.999999999997,8,843.8000000000005,2opt,improve
506,15,6232.000000000001,8,843.8000000000005,move,improve
507,15,6126.200000000001,8,843.8000000000005,swap,improve
508,15,7924.799999999998,8,843.8000000000005,2opt,acceptBad
509,15,8006.2,8,843.8000000000005,swap,acceptBad
510,15,6140.4000000000015,8,843.8000000000005,move,improve
511,15,6140.4000000000015,8,843.8000000000005,move,improve
512,15,5625.400000000001,8,843.8000000000005,swap,improve
513,15,5213.8,8,843.8000000000005,move,improve
514,15,5445.799999999998,8,843.8000000000005,swap,acceptBad
515,15,5445.799999999998,8,843.8000000000005,move,improve
516,15,5445.799999999998,8,843.8000000000005,2opt,improve
517,15,5445.799999999998,8,843.8000000000005,move,improve
518,15,5445.799999999998,8,843.8000000000005,move,improve
519,15,5445.799999999998,8,843.8000000000005,move,improve
520,15,5432.399999999999,8,843.8000000000005,swap,improve
521,15,5216.999999999998,8,843.8000000000005,swap,improve
522,15,5339.799999999999,8,843.8000000000005,swap,acceptBad
523,15,5960.4,8,843.8000000000005,swap,acceptBad
524,15,5902.8,8,843.8000000000005,swap,improve
525,15,6306.799999999999,8,843.8000000000005,swap,acceptBad
526,15,6306.799999999999,8,843.8000000000005,2opt,improve
527,15,10074.800000000001,8,843.8000000000005,2opt,acceptBad
528,15,15740.8,8,843.8000000000005,2opt,acceptBad
529,15,17399.6,8,843.8000000000005,swap,acceptBad
530,15,17905.0,8,843.8000000000005,swap,acceptBad
531,15,22818.400000000005,8,843.8000000000005,2opt,acceptBad
532,15,20152.60000000001,8,843.8000000000005,move,improve
533,15,19758.799999999996,8,843.8000000000005,2opt,improve
534,15,19303.999999999993,8,843.8000000000005,2opt,improve
535,15,18734.2,8,843.8000000000005,swap,improve
536,15,14907.199999999997,8,843.8000000000005,swap,improve
537,15,14850.800000000001,8,843.8000000000005,swap,improve
538,15,14165.400000000003,8,843.8000000000005,swap,improve
539,15,12425.600000000002,8,843.8000000000005,move,improve
540,15,11034.800000000003,8,843.8000000000005,move,improve
541,15,11034.800000000001,8,843.8000000000005,2opt,improve
542,14,10080.1,8,843.8000000000005,2opt,improve
543,14,10080.1,8,843.8000000000005,move,improve
544,14,10072.199999999995,8,843.8000000000005,swap,improve
545,14,9766.199999999997,8,843.8000000000005,swap,improve
546,14,8075.700000000003,8,843.8000000000005,move,improve
547,14,11455.300000000001,8,843.8000000000005,swap,acceptBad
548,14,11125.5,8,843.8000000000005,swap,improve
549,14,10757.000000000002,8,843.8000000000005,swap,improve
550,14,11893.199999999997,8,843.8000000000005,2opt,acceptBad
551,14,11935.099999999999,8,843.8000000000005,swap,acceptBad
552,13,6334.000000000002,8,843.8000000000005,2opt,improve
553,13,6334.000000000003,8,843.8000000000005,2opt,acceptBad
554,13,6521.0,8,843.8000000000005,swap,acceptBad
555,13,5412.6,8,843.8000000000005,move,improve
556,13,5128.400000000001,8,843.8000000000005,move,improve
557,13,5436.0,8,843.8000000000005,2opt,acceptBad
558,13,6101.400000000004,8,843.8000000000005,2opt,acceptBad
559,13,5073.400000000002,8,843.8000000000005,move,improve
560,13,4244.4000000000015,8,843.8000000000005,move,improve
561,13,3908.0,8,843.8000000000005,move,improve
562,13,3854.200000000002,8,843.8000000000005,2opt,improve
563,13,3375.0000000000023,8,843.8000000000005,move,improve
564,13,3336.6000000000017,8,843.8000000000005,swap,improve
565,13,4344.200000000002,8,843.8000000000005,swap,acceptBad
566,13,4816.2,8,843.8000000000005,2opt,acceptBad
567,13,4816.2,8,843.8000000000005,move,improve
568,13,5128.799999999999,8,843.8000000000005,swap,acceptBad
569,13,4765.800000000001,8,843.8000000000005,2opt,improve
570,13,5055.8,8,843.8000000000005,swap,acceptBad
571,13,5614.000000000001,8,843.8000000000005,swap,acceptBad
572,13,5004.2,8,843.8000000000005,move,improve
573,13,4600.600000000002,8,843.8000000000005,2opt,improve
574,13,4821.200000000003,8,843.8000000000005,swap,acceptBad
575,13,4821.200000000003,8,843.8000000000005,move,improve
576,13,4821.200000000003,8,843.8000000000005,swap,improve
577,13,4711.2000000000035,8,843.8000000000005,swap,improve
578,13,4818.600000000002,8,843.8000000000005,2opt,acceptBad
579,13,4813.600000000002,8,843.8000000000005,swap,improve
580,13,5512.400000000003,8,843.8000000000005,2opt,acceptBad
581,13,5561.000000000004,8,843.8000000000005,swap,acceptBad
582,13,7017.600000000002,8,843.8000000000005,swap,acceptBad
583,13,11571.8,8,843.8000000000005,2opt,acceptBad
584,13,11739.399999999996,8,843.8000000000005,swap,acceptBad
585,13,11102.999999999996,8,843.8000000000005,move,improve
586,13,10050.599999999997,8,843.8000000000005,move,improve
587,13,9566.8,8,843.8000000000005,swap,improve
588,13,7740.000000000001,8,843.8000000000005,move,improve
589,13,6466.000000000001,8,843.8000000000005,move,improve
590,13,6466.000000000001,8,843.8000000000005,move,improve
591,13,9092.600000000002,8,843.8000000000005,2opt,acceptBad
592,13,8502.800000000001,8,843.8000000000005,2opt,improve
593,13,8602.400000000001,8,843.8000000000005,swap,acceptBad
594,13,8894.400000000001,8,843.8000000000005,swap,acceptBad
595,13,8702.2,8,843.8000000000005,move,improve
596,13,5858.000000000005,8,843.8000000000005,move,improve
597,13,8358.000000000002,8,843.8000000000005,swap,acceptBad
598,13,8506.400000000001,8,843.8000000000005,swap,acceptBad
599,13,7927.399999999999,8,843.8000000000005,swap,improve
600,13,8305.8,8,843.8000000000005,swap,acceptBad
601,13,5941.400000000001,8,843.8000000000005,move,improve
602,13,6513.200000000002,8,843.8000000000005,swap,acceptBad
603,13,5409.0,8,843.8000000000005,move,improve
604,13,4916.0,8,843.8000000000005,move,improve
605,13,5130.399999999998,8,843.8000000000005,swap,acceptBad
606,13,5706.5999999999985,8,843.8000000000005,swap,acceptBad
607,13,5404.4,8,843.8000000000005,swap,improve
608,13,4813.200000000001,8,843.8000000000005,move,improve
609,13,2808.8000000000025,8,843.8000000000005,move,improve
610,13,2524.200000000001,8,843.8000000000005,move,improve
611,13,2247.400000000002,8,843.8000000000005,move,improve
612,13,2257.2000000000016,8,843.8000000000005,swap,acceptBad
613,13,2257.2000000000016,8,843.8000000000005,move,improve
614,12,2868.600000000001,8,843.8000000000005,2opt,acceptBad
615,12,2868.600000000001,8,843.8000000000005,move,improve
616,12,2923.1000000000004,8,843.8000000000005,swap,acceptBad
617,12,3666.0,8,843.8000000000005,2opt,acceptBad
618,12,3665.9999999999995,8,843.8000000000005,2opt,improve
619,12,6182.099999999999,8,843.8000000000005,swap,acceptBad
620,12,5192.099999999999,8,843.8000000000005,move,improve
621,13,6358.200000000001,8,843.8000000000005,2opt,acceptBad
622,13,6365.400000000001,8,843.8000000000005,swap,acceptBad
623,13,6615.000000000001,8,843.8000000000005,2opt,acceptBad
624,13,5374.2,8,843.8000000000005,swap,improve
625,13,3439.800000000001,8,843.8000000000005,move,improve
626,13,4944.599999999999,8,843.8000000000005,swap,acceptBad
627,13,5530.200000000002,8,843.8000000000005,2opt,acceptBad
628,13,5559.000000000001,8,843.8000000000005,swap,acceptBad
629,13,4655.400000000002,8,843.8000000000005,move,improve
630,13,6338.199999999999,8,843.8000000000005,2opt,acceptBad
631,13,6338.199999999999,8,843.8000000000005,2opt,improve
632,13,6332.200000000001,8,843.8000000000005,swap,improve
633,13,6332.200000000001,8,843.8000000000005,2opt,improve
634,13,6967.200000000001,8,843.8000000000005,swap,acceptBad
635,13,8238.0,8,843.8000000000005,2opt,acceptBad
636,13,8324.2,8,843.8000000000005,swap,acceptBad
637,13,7262.5999999999985,8,843.8000000000005,move,improve
638,13,7398.400000000001,8,843.8000000000005,2opt,acceptBad
639,13,6549.5999999999985,8,843.8000000000005,2opt,improve
640,13,6602.4,8,843.8000000000005,swap,acceptBad
641,13,6847.400000000001,8,843.8000000000005,2opt,acceptBad
642,13,7052.000000000002,8,843.8000000000005,2opt,acceptBad
643,13,7052.000000000002,8,843.8000000000005,swap,improve
644,13,6995.200000000002,8,843.8000000000005,2opt,improve
645,13,6695.200000000001,8,843.8000000000005,move,improve
646,13,6695.200000000001,8,843.8000000000005,move,improve
647,13,6752.799999999998,8,843.8000000000005,2opt,acceptBad
648,13,9855.999999999998,8,843.8000000000005,2opt,acceptBad
649,13,11650.399999999998,8,843.8000000000005,swap,acceptBad
650,13,11650.399999999998,8,843.8000000000005,swap,improve
651,13,11144.6,8,843.8000000000005,swap,improve
652,13,11258.599999999999,8,843.8000000000005,2opt,acceptBad
653,13,11106.999999999995,8,843.8000000000005,2opt,improve
654,13,11054.8,8,843.8000000000005,2opt,improve
655,13,11058.4,8,843.8000000000005,swap,acceptBad
656,13,8015.799999999996,8,843.8000000000005,move,improve
657,13,7092.999999999996,8,843.8000000000005,move,improve
658,13,6588.199999999997,8,843.8000000000005,move,improve
659,13,6038.999999999996,8,843.8000000000005,swap,improve
660,13,6152.399999999998,8,843.8000000000005,swap,acceptBad
661,13,7641.199999999999,8,843.8000000000005,swap,acceptBad
662,13,7303.2000000000035,8,843.8000000000005,2opt,improve
663,13,7303.199999999998,8,843.8000000000005,2opt,improve
664,13,7303.199999999998,8,843.8000000000005,2opt,notBad
665,13,7070.799999999998,8,843.8000000000005,swap,improve
666,13,7070.800000000003,8,843.8000000000005,2opt,acceptBad
667,13,5938.4,8,843.8000000000005,move,improve
668,13,5938.4000000000015,8,843.8000000000005,2opt,acceptBad
669,13,5723.4,8,843.8000000000005,move,improve
670,13,3982.7999999999997,8,843.8000000000005,move,improve
671,13,3925.7999999999997,8,843.8000000000005,swap,improve
672,13,3447.6,8,843.8000000000005,move,improve
673,13,3826.9999999999995,8,843.8000000000005,swap,acceptBad
674,13,3433.6,8,843.8000000000005,move,improve
675,13,4289.4000000000015,8,843.8000000000005,swap,acceptBad
676,13,7270.0,8,843.8000000000005,2opt,acceptBad
677,13,7270.0,8,843.8000000000005,2opt,improve
678,13,6401.200000000003,8,843.8000000000005,move,improve
679,13,5827.0,8,843.8000000000005,move,improve
680,13,5520.999999999999,8,843.8000000000005,swap,improve
681,13,5520.999999999999,8,843.8000000000005,move,improve
682,13,5520.999999999998,8,843.8000000000005,2opt,improve
683,13,5520.999999999998,8,843.8000000000005,2opt,improve
684,13,6814.399999999998,8,843.8000000000005,swap,acceptBad
685,13,7091.999999999997,8,843.8000000000005,swap,acceptBad
686,13,8878.599999999999,8,843.8000000000005,2opt,acceptBad
687,13,8878.599999999997,8,843.8000000000005,2opt,improve
688,13,8648.599999999997,8,843.8000000000005,swap,improve
689,13,7628.5999999999985,8,843.8000000000005,move,improve
690,13,5907.799999999999,8,843.8000000000005,move,improve
691,13,5449.199999999999,8,843.8000000000005,move,improve
692,13,4930.4,8,843.8000000000005,swap,improve
693,13,4875.200000000001,8,843.8000000000005,2opt,improve
694,13,4471.800000000001,8,843.8000000000005,move,improve
695,13,4642.6,8,843.8000000000005,swap,acceptBad
696,13,3718.200000000001,8,843.8000000000005,move,improve
697,13,3719.8000000000006,8,843.8000000000005,2opt,acceptBad
698,13,5631.800000000002,8,843.8000000000005,swap,acceptBad
699,13,4419.800000000001,8,843.8000000000005,move,improve
700,13,4912.200000000002,8,843.8000000000005,swap,acceptBad
701,13,6092.200000000004,8,843.8000000000005,swap,acceptBad
702,13,5957.4000000000015,8,843.8000000000005,swap,improve
703,13,5394.200000000003,8,843.8000000000005,move,improve
704,13,9065.199999999999,8,843.8000000000005,swap,acceptBad
705,13,9219.800000000001,8,843.8000000000005,swap,acceptBad
706,13,7312.800000000001,8,843.8000000000005,move,improve
707,13,7312.800000000001,8,843.8000000000005,2opt,improve
708,13,7515.200000000001,8,843.8000000000005,swap,acceptBad
709,13,7624.600000000001,8,843.8000000000005,2opt,acceptBad
710,13,8974.600000000002,8,843.8000000000005,swap,acceptBad
711,13,4793.000000000001,8,843.8000000000005,move,improve
712,13,3183.2000000000007,8,843.8000000000005,swap,improve
713,13,3008.6000000000004,8,843.8000000000005,move,improve
714,13,3609.3999999999996,8,843.8000000000005,swap,acceptBad
715,13,3621.5999999999995,8,843.8000000000005,2opt,acceptBad
716,13,3916.4000000000005,8,843.8000000000005,swap,acceptBad
717,13,4412.399999999997,8,843.8000000000005,2opt,acceptBad
718,13,8132.400000000002,8,843.8000000000005,2opt,acceptBad
719,13,8311.600000000004,8,843.8000000000005,swap,acceptBad
720,13,8010.800000000001,8,843.8000000000005,move,improve
721,14,13490.100000000002,8,843.8000000000005,2opt,acceptBad
722,14,12174.500000000004,8,843.8000000000005,move,improve
723,14,11092.8,8,843.8000000000005,swap,improve
724,14,11148.700000000003,8,843.8000000000005,swap,acceptBad
725,14,11140.300000000001,8,843.8000000000005,swap,improve
726,14,8155.499999999998,8,843.8000000000005,move,improve
727,14,8114.799999999997,8,843.8000000000005,swap,improve
728,14,8114.799999999997,8,843.8000000000005,move,improve
729,14,9881.100000000004,8,843.8000000000005,2opt,acceptBad
730,14,8962.2,8,843.8000000000005,move,improve
731,14,9426.700000000006,8,843.8000000000005,swap,acceptBad
732,14,8739.800000000005,8,843.8000000000005,move,improve
733,14,8846.300000000003,8,843.8000000000005,swap,acceptBad
734,14,6623.899999999999,8,843.8000000000005,move,improve
735,14,6623.899999999999,8,843.8000000000005,2opt,improve
736,14,6373.299999999998,8,843.8000000000005,swap,improve
737,14,6373.299999999998,8,843.8000000000005,move,improve
738,14,6061.099999999999,8,843.8000000000005,swap,improve
739,14,5234.5999999999985,8,843.8000000000005,move,improve
740,14,7656.0999999999985,8,843.8000000000005,2opt,acceptBad
741,14,4752.700000000001,8,843.8000000000005,move,improve
742,14,4552.200000000002,8,843.8000000000005,move,improve
743,14,6311.199999999996,8,843.8000000000005,2opt,acceptBad
744,14,4877.8,8,843.8000000000005,move,improve
745,14,4554.9,8,843.8000000000005,move,improve
746,14,5815.6,8,843.8000000000005,2opt,acceptBad
747,14,5431.799999999998,8,843.8000000000005,swap,improve
748,14,5020.400000000001,8,843.8000000000005,move,improve
749,14,4718.5,8,843.8000000000005,move,improve
750,14,4374.599999999999,8,843.8000000000005,move,improve
751,14,5343.6,8,843.8000000000005,2opt,acceptBad
752,14,5343.599999999999,8,843.8000000000005,2opt,improve
753,14,5653.499999999999,8,843.8000000000005,2opt,acceptBad
754,14,4103.2,8,843.8000000000005,move,improve
755,14,3762.7999999999984,8,843.8000000000005,move,improve
756,14,3450.899999999999,8,843.8000000000005,move,improve
757,14,5162.300000000001,8,843.8000000000005,2opt,acceptBad
758,14,7714.700000000003,8,843.8000000000005,swap,acceptBad
759,14,7430.999999999999,8,843.8000000000005,move,improve
760,14,6671.5999999999985,8,843.8000000000005,move,improve
761,14,6661.299999999998,8,843.8000000000005,swap,improve
762,14,6311.0,8,843.8000000000005,swap,improve
763,14,6771.5,8,843.8000000000005,swap,acceptBad
764,14,6215.0,8,843.8000000000005,move,improve
765,14,6215.0,8,843.8000000000005,move,improve
766,14,6215.0,8,843.8000000000005,2opt,improve
767,14,6137.0,8,843.8000000000005,swap,improve
768,14,6010.0,8,843.8000000000005,swap,improve
769,14,7981.200000000001,8,843.8000000000005,2opt,acceptBad
770,14,8225.7,8,843.8000000000005,swap,acceptBad
771,14,8896.8,8,843.8000000000005,swap,acceptBad
772,14,13115.6,8,843.8000000000005,2opt,acceptBad
773,14,12537.900000000001,8,843.8000000000005,2opt,improve
774,14,7958.299999999999,8,843.8000000000005,move,improve
775,14,9114.600000000006,8,843.8000000000005,swap,acceptBad
776,14,9647.400000000003,8,843.8000000000005,swap,acceptBad
777,14,9647.400000000003,8,843.8000000000005,move,improve
778,14,9051.7,8,843.8000000000005,move,improve
779,14,8653.800000000003,8,843.8000000000005,swap,improve
780,14,8207.2,8,843.8000000000005,move,improve
781,14,9149.000000000004,8,843.8000000000005,swap,acceptBad
782,14,8873.100000000004,8,843.8000000000005,swap,improve
783,14,9735.400000000001,8,843.8000000000005,2opt,acceptBad
784,14,9735.400000000001,8,843.8000000000005,swap,improve
785,14,8795.7,8,843.8000000000005,2opt,improve
786,14,7889.700000000001,8,843.8000000000005,move,improve
787,14,7440.4,8,843.8000000000005,move,improve
788,14,7481.800000000001,8,843.8000000000005,swap,acceptBad
789,14,7571.5,8,843.8000000000005,2opt,acceptBad
790,14,7571.5,8,843.8000000000005,2opt,improve
791,15,14126.800000000003,8,843.8000000000005,2opt,acceptBad
792,15,13855.800000000001,8,843.8000000000005,swap,improve
793,15,17047.399999999998,8,843.8000000000005,swap,acceptBad
794,15,17268.999999999996,8,843.8000000000005,swap,acceptBad
795,15,17130.0,8,843.8000000000005,2opt,improve
796,15,16302.200000000003,8,843.8000000000005,2opt,improve
797,15,16495.200000000004,8,843.8000000000005,2opt,acceptBad
798,15,16495.200000000004,8,843.8000000000005,2opt,improve
799,15,15705.600000000002,8,843.8000000000005,move,improve
800,15,14678.400000000005,8,843.8000000000005,swap,improve
801,15,14678.400000000005,8,843.8000000000005,swap,improve
802,15,14497.400000000003,8,843.8000000000005,swap,improve
803,15,17372.600000000006,8,843.8000000000005,2opt,acceptBad
804,15,17661.000000000004,8,843.8000000000005,swap,acceptBad
805,15,15156.800000000005,8,843.8000000000005,move,improve
806,15,15156.800000000005,8,843.8000000000005,swap,improve
807,15,16623.2,8,843.8000000000005,2opt,acceptBad
808,15,16700.799999999996,8,843.8000000000005,swap,acceptBad
809,15,14693.2,8,843.8000000000005,move,improve
810,14,14480.300000000001,8,843.8000000000005,2opt,improve
811,14,14763.000000000002,8,843.8000000000005,2opt,acceptBad
812,14,10259.800000000001,8,843.8000000000005,move,improve
813,14,10259.800000000001,8,843.8000000000005,move,improve
814,14,7978.900000000003,8,843.8000000000005,move,improve
815,14,10481.400000000005,8,843.8000000000005,swap,acceptBad
816,14,9106.000000000004,8,843.8000000000005,move,improve
817,14,8757.600000000002,8,843.8000000000005,move,improve
818,14,9271.199999999997,8,843.8000000000005,2opt,acceptBad
819,15,11830.999999999998,8,843.8000000000005,2opt,acceptBad
820,15,10213.599999999997,8,843.8000000000005,move,improve
821,15,9955.599999999999,8,843.8000000000005,swap,improve
822,15,9136.800000000001,8,843.8000000000005,2opt,improve
823,15,8938.399999999998,8,843.8000000000005,move,improve
824,15,9147.199999999999,8,843.8000000000005,swap,acceptBad
825,15,9075.8,8,843.8000000000005,swap,improve
826,15,7863.999999999998,8,843.8000000000005,move,improve
827,15,7413.799999999997,8,843.8000000000005,swap,improve
828,14,5665.599999999998,8,843.8000000000005,move,improve
829,14,5764.299999999999,8,843.8000000000005,swap,acceptBad
830,14,5573.3,8,843.8000000000005,swap,improve
831,14,5324.1,8,843.8000000000005,move,improve
832,14,5324.1,8,843.8000000000005,move,improve
833,14,5254.399999999998,8,843.8000000000005,swap,improve
834,14,5620.9,8,843.8000000000005,swap,acceptBad
835,14,5103.699999999999,8,843.8000000000005,move,improve
836,14,5103.699999999999,8,843.8000000000005,move,improve
837,14,4994.799999999997,8,843.8000000000005,move,improve
838,14,4994.799999999997,8,843.8000000000005,2opt,notBad
839,14,5009.299999999999,8,843.8000000000005,swap,acceptBad
840,14,5009.299999999999,8,843.8000000000005,move,improve
841,14,6371.700000000001,8,843.8000000000005,swap,acceptBad
842,14,5987.1,8,843.8000000000005,move,improve
843,14,5763.5,8,843.8000000000005,2opt,improve
844,14,5763.5,8,843.8000000000005,move,improve
845,15,8533.6,8,843.8000000000005,2opt,acceptBad
846,15,7973.6,8,843.8000000000005,move,improve
847,15,7973.6,8,843.8000000000005,2opt,notBad
848,15,7959.6,8,843.8000000000005,2opt,improve
849,15,7946.400000000003,8,843.8000000000005,move,improve
850,15,7118.200000000003,8,843.8000000000005,swap,improve
851,15,7118.200000000003,8,843.8000000000005,move,improve
852,15,9085.0,8,843.8000000000005,2opt,acceptBad
853,15,9084.999999999998,8,843.8000000000005,2opt,improve
854,15,9014.999999999998,8,843.8000000000005,swap,improve
855,15,9249.8,8,843.8000000000005,swap,acceptBad
856,15,6591.000000000001,8,843.8000000000005,move,improve
857,15,5742.400000000002,8,843.8000000000005,2opt,improve
858,15,5137.000000000002,8,843.8000000000005,move,improve
859,15,5535.000000000002,8,843.8000000000005,swap,acceptBad
860,15,4660.999999999999,8,843.8000000000005,move,improve
861,15,4431.799999999999,8,843.8000000000005,move,improve
862,15,4431.799999999999,8,843.8000000000005,move,improve
863,15,3270.999999999999,8,843.8000000000005,move,improve
864,15,3270.999999999999,8,843.8000000000005,move,improve
865,15,3101.200000000001,8,843.8000000000005,move,improve
866,15,2473.8000000000006,8,843.8000000000005,move,improve
867,14,2433.9000000000005,8,843.8000000000005,2opt,improve
868,14,2997.6,8,843.8000000000005,swap,acceptBad
869,14,6038.0999999999985,8,843.8000000000005,2opt,acceptBad
870,14,8522.400000000001,8,843.8000000000005,swap,acceptBad
871,14,9865.8,8,843.8000000000005,2opt,acceptBad
872,14,9740.400000000003,8,843.8000000000005,swap,improve
873,14,10520.1,8,843.8000000000005,swap,acceptBad
874,14,7438.100000000002,8,843.8000000000005,swap,improve
875,14,9065.700000000003,8,843.8000000000005,2opt,acceptBad
876,14,8251.7,8,843.8000000000005,move,improve
877,14,8251.7,8,843.8000000000005,swap,improve
878,14,8204.8,8,843.8000000000005,swap,improve
879,14,9237.300000000001,8,843.8000000000005,swap,acceptBad
880,14,9237.300000000001,8,843.8000000000005,move,improve
881,13,8884.2,8,843.8000000000005,2opt,improve
882,13,8904.599999999999,8,843.8000000000005,2opt,acceptBad
883,13,13128.799999999996,8,843.8000000000005,swap,acceptBad
884,13,12967.399999999998,8,843.8000000000005,swap,improve
885,13,13725.000000000004,8,843.8000000000005,2opt,acceptBad
886,13,12856.199999999999,8,843.8000000000005,2opt,improve
887,13,12856.199999999999,8,843.8000000000005,2opt,notBad
888,13,8988.400000000005,8,843.8000000000005,move,improve
889,13,8579.0,8,843.8000000000005,2opt,improve
890,13,5527.600000000002,8,843.8000000000005,move,improve
891,13,5073.200000000001,8,843.8000000000005,move,improve
892,12,4441.000000000001,8,843.8000000000005,2opt,improve
893,12,4307.000000000001,8,843.8000000000005,swap,improve
894,12,4188.599999999999,8,843.8000000000005,move,improve
895,12,4241.6,8,843.8000000000005,swap,acceptBad
896,12,6234.500000000002,8,843.8000000000005,swap,acceptBad
897,12,6251.0,8,843.8000000000005,2opt,acceptBad
898,12,4683.0,8,843.8000000000005,swap,improve
899,12,4095.8000000000015,8,843.8000000000005,2opt,improve
900,12,4095.8000000000015,8,843.8000000000005,2opt,improve
901,12,4116.700000000001,8,843.8000000000005,swap,acceptBad
902,12,3224.7000000000016,8,843.8000000000005,move,improve
903,12,3882.1000000000013,8,843.8000000000005,2opt,acceptBad
904,12,3835.000000000001,8,843.8000000000005,move,improve
905,12,3740.0,8,843.8000000000005,swap,improve
906,12,5545.699999999999,8,843.8000000000005,swap,acceptBad
907,12,4447.699999999999,8,843.8000000000005,move,improve
908,12,4490.899999999999,8,843.8000000000005,swap,acceptBad
909,12,3618.2999999999993,8,843.8000000000005,move,improve
910,12,3385.4999999999995,8,843.8000000000005,move,improve
911,12,4035.6000000000004,8,843.8000000000005,2opt,acceptBad
912,12,4035.6000000000004,8,843.8000000000005,2opt,notBad
913,12,3874.4000000000005,8,843.8000000000005,move,improve
914,12,3874.4000000000005,8,843.8000000000005,move,improve
915,12,3765.4000000000005,8,843.8000000000005,swap,improve
916,12,6028.200000000001,8,843.8000000000005,swap,acceptBad
917,12,5627.0,8,843.8000000000005,2opt,improve
918,13,8257.800000000001,8,843.8000000000005,2opt,acceptBad
919,13,8257.800000000001,8,843.8000000000005,move,improve
920,13,9524.000000000002,8,843.8000000000005,swap,acceptBad
921,13,9194.4,8,843.8000000000005,2opt,improve
922,13,7769.2,8,843.8000000000005,move,improve
923,13,7072.8,8,843.8000000000005,2opt,improve
924,13,5424.800000000001,8,843.8000000000005,move,improve
925,13,5268.800000000001,8,843.8000000000005,swap,improve
926,13,5525.200000000002,8,843.8000000000005,swap,acceptBad
927,13,5427.400000000001,8,843.8000000000005,2opt,improve
928,13,3492.5999999999995,8,843.8000000000005,move,improve
929,13,2964.2,8,843.8000000000005,move,improve
930,13,2753.2000000000003,8,843.8000000000005,2opt,improve
931,13,2753.2000000000003,8,843.8000000000005,2opt,improve
932,13,3147.0000000000014,8,843.8000000000005,2opt,acceptBad
933,13,3147.0000000000014,8,843.8000000000005,move,improve
934,13,3068.600000000001,8,843.8000000000005,move,improve
935,13,2403.4,8,843.8000000000005,move,improve
936,13,2999.199999999999,8,843.8000000000005,2opt,acceptBad
937,13,2370.3999999999996,8,843.8000000000005,move,improve
938,13,2370.3999999999996,8,843.8000000000005,2opt,improve
939,13,2370.3999999999996,8,843.8000000000005,move,improve
940,13,2349.0,8,843.8000000000005,2opt,improve
941,13,2349.0,8,843.8000000000005,move,improve
942,13,2161.0,8,843.8000000000005,move,improve
943,13,2083.2,8,843.8000000000005,move,improve
944,13,2482.8,8,843.8000000000005,swap,acceptBad
945,13,1863.9999999999998,8,843.8000000000005,move,improve
946,13,1863.9999999999998,8,843.8000000000005,move,improve
947,13,1863.9999999999998,8,843.8000000000005,2opt,notBad
948,13,1863.9999999999998,8,843.8000000000005,2opt,notBad
949,13,1630.7999999999997,8,843.8000000000005,move,improve
950,13,5358.000000000001,8,843.8000000000005,swap,acceptBad
951,13,2959.000000000001,8,843.8000000000005,2opt,improve
952,13,3502.800000000001,8,843.8000000000005,swap,acceptBad
953,13,3502.8000000000006,8,843.8000000000005,2opt,improve
954,13,3502.8000000000006,8,843.8000000000005,move,improve
955,13,2585.4000000000005,8,843.8000000000005,move,improve
956,13,3205.5999999999995,8,843.8000000000005,2opt,acceptBad
957,13,3205.5999999999995,8,843.8000000000005,move,improve
958,13,3341.2,8,843.8000000000005,2opt,acceptBad
959,13,3341.1999999999985,8,843.8000000000005,2opt,improve
960,13,3706.1999999999985,8,843.8000000000005,2opt,acceptBad
961,13,5445.199999999999,8,843.8000000000005,2opt,acceptBad
962,13,5622.799999999998,8,843.8000000000005,swap,acceptBad
963,13,5095.2,8,843.8000000000005,move,improve
964,13,5172.4,8,843.8000000000005,2opt,acceptBad
965,13,5172.4,8,843.8000000000005,2opt,notBad
966,13,5172.399999999999,8,843.8000000000005,2opt,improve
967,13,4766.5999999999985,8,843.8000000000005,move,improve
968,13,5441.999999999998,8,843.8000000000005,swap,acceptBad
969,13,4605.199999999999,8,843.8000000000005,move,improve
970,13,6209.599999999998,8,843.8000000000005,2opt,acceptBad
971,13,5566.399999999999,8,843.8000000000005,move,improve
972,13,5245.199999999998,8,843.8000000000005,move,improve
973,13,5061.999999999997,8,843.8000000000005,swap,improve
974,13,6033.399999999998,8,843.8000000000005,2opt,acceptBad
975,13,5722.799999999997,8,843.8000000000005,2opt,improve
976,13,5379.799999999999,8,843.8000000000005,move,improve
977,13,5389.8,8,843.8000000000005,2opt,acceptBad
978,13,5389.8,8,843.8000000000005,2opt,improve
979,13,5389.8,8,843.8000000000005,move,improve
980,13,5737.6,8,843.8000000000005,swap,acceptBad
981,13,4486.399999999999,8,843.8000000000005,2opt,improve
982,13,4486.399999999999,8,843.8000000000005,move,improve
983,13,4465.599999999999,8,843.8000000000005,move,improve
984,13,4782.600000000001,8,843.8000000000005,swap,acceptBad
985,13,5234.8,8,843.8000000000005,2opt,acceptBad
986,13,6341.000000000004,8,843.8000000000005,swap,acceptBad
987,13,5973.800000000003,8,843.8000000000005,move,improve
988,13,6451.200000000003,8,843.8000000000005,swap,acceptBad
989,13,5646.200000000003,8,843.8000000000005,2opt,improve
990,13,4964.800000000001,8,843.8000000000005,2opt,improve
991,13,5001.600000000002,8,843.8000000000005,swap,acceptBad
992,13,6815.4,8,843.8000000000005,swap,acceptBad
993,13,4921.600000000002,8,843.8000000000005,swap,improve
994,13,4921.600000000002,8,843.8000000000005,move,improve
995,13,4527.200000000001,8,843.8000000000005,move,improve
996,13,3810.2000000000003,8,843.8000000000005,swap,improve
997,13,4682.000000000002,8,843.8000000000005,2opt,acceptBad
998,13,6619.800000000002,8,843.8000000000005,2opt,acceptBad
999,13,6619.800000000003,8,843.8000000000005,2opt,acceptBad
1000,13,5748.400000000005,8,843.8000000000005,move,improve
1001,13,5748.400000000005,8,843.8000000000005,move,improve
1002,13,5852.600000000001,8,843.8000000000005,2opt,acceptBad
1003,13,5768.000000000004,8,843.8000000000005,swap,improve
1004,13,5875.800000000003,8,843.8000000000005,2opt,acceptBad
1005,13,5269.2,8,843.8000000000005,move,improve
1006,13,4152.2,8,843.8000000000005,2opt,improve
1007,13,4732.4,8,843.8000000000005,swap,acceptBad
1008,13,4102.6,8,843.8000000000005,move,improve
1009,13,4432.7999999999965,8,843.8000000000005,2opt,acceptBad
1010,13,4432.7999999999965,8,843.8000000000005,move,improve
1011,13,3828.6,8,843.8000000000005,swap,improve
1012,13,3529.6000000000004,8,843.8000000000005,swap,improve
1013,13,4093.6,8,843.8000000000005,2opt,acceptBad
1014,13,3427.4,8,843.8000000000005,move,improve
1015,13,3349.9999999999995,8,843.8000000000005,move,improve
1016,13,3832.3999999999996,8,843.8000000000005,2opt,acceptBad
1017,13,3829.3999999999987,8,843.8000000000005,swap,improve
1018,13,3829.3999999999987,8,843.8000000000005,2opt,notBad
1019,13,3635.3999999999996,8,843.8000000000005,move,improve
1020,13,3211.999999999998,8,843.8000000000005,move,improve
1021,13,3040.3999999999987,8,843.8000000000005,move,improve
1022,13,4341.799999999999,8,843.8000000000005,2opt,acceptBad
1023,13,4449.799999999999,8,843.8000000000005,swap,acceptBad
1024,13,4564.999999999997,8,843.8000000000005,swap,acceptBad
1025,13,6716.599999999998,8,843.8000000000005,swap,acceptBad
1026,13,6791.599999999998,8,843.8000000000005,swap,acceptBad
1027,13,4828.5999999999985,8,843.8000000000005,move,improve
1028,13,4734.999999999999,8,843.8000000000005,swap,improve
1029,13,4244.200000000001,8,843.8000000000005,move,improve
1030,13,3914.6000000000017,8,843.8000000000005,move,improve
1031,13,3914.6000000000004,8,843.8000000000005,2opt,improve
1032,13,5035.5999999999985,8,843.8000000000005,swap,acceptBad
1033,13,5039.2,8,843.8000000000005,2opt,acceptBad
1034,13,4034.1999999999994,8,843.8000000000005,move,improve
1035,13,4897.000000000001,8,843.8000000000005,swap,acceptBad
1036,13,4897.000000000001,8,843.8000000000005,2opt,improve
1037,13,4829.799999999998,8,843.8000000000005,move,improve
1038,13,4010.3999999999996,8,843.8000000000005,move,improve
1039,13,4426.799999999997,8,843.8000000000005,2opt,acceptBad
1040,13,4225.799999999999,8,843.8000000000005,move,improve
1041,13,4146.6,8,843.8000000000005,swap,improve
1042,13,3340.2,8,843.8000000000005,move,improve
1043,13,3222.0,8,843.8000000000005,move,improve
1044,13,3164.6000000000004,8,843.8000000000005,move,improve
1045,13,3031.0,8,843.8000000000005,move,improve
1046,13,2860.8,8,843.8000000000005,move,improve
1047,13,3428.7999999999984,8,843.8000000000005,2opt,acceptBad
1048,13,3687.199999999998,8,843.8000000000005,2opt,acceptBad
1049,13,3687.199999999998,8,843.8000000000005,2opt,notBad
1050,13,3811.1999999999994,8,843.8000000000005,swap,acceptBad
1051,13,3767.5999999999995,8,843.8000000000005,move,improve
1052,13,5098.800000000001,8,843.8000000000005,2opt,acceptBad
1053,13,5098.800000000001,8,843.8000000000005,2opt,notBad
1054,13,5021.000000000001,8,843.8000000000005,swap,improve
1055,13,5036.200000000001,8,843.8000000000005,swap,acceptBad
1056,13,5036.200000000001,8,843.8000000000005,move,improve
1057,13,4647.799999999999,8,843.8000000000005,move,improve
1058,13,4951.199999999999,8,843.8000000000005,swap,acceptBad
1059,13,4745.0,8,843.8000000000005,move,improve
1060,13,5005.8,8,843.8000000000005,swap,acceptBad
1061,13,7730.999999999996,8,843.8000000000005,swap,acceptBad
1062,13,7804.799999999998,8,843.8000000000005,2opt,acceptBad
1063,13,7145.600000000001,8,843.8000000000005,2opt,improve
1064,13,6443.4,8,843.8000000000005,move,improve
1065,13,5547.2,8,843.8000000000005,2opt,improve
1066,13,5882.799999999999,8,843.8000000000005,2opt,acceptBad
1067,13,9025.6,8,843.8000000000005,swap,acceptBad
1068,13,9025.600000000002,8,843.8000000000005,2opt,acceptBad
1069,13,9025.600000000002,8,843.8000000000005,2opt,notBad
1070,13,5952.8,8,843.8000000000005,2opt,improve
1071,13,5952.8,8,843.8000000000005,move,improve
1072,13,5860.799999999998,8,843.8000000000005,swap,improve
1073,13,7533.000000000002,8,843.8000000000005,2opt,acceptBad
1074,13,6879.0,8,843.8000000000005,move,improve
1075,13,6879.0,8,843.8000000000005,2opt,notBad
1076,13,6879.0,8,843.8000000000005,move,improve
1077,13,6794.999999999998,8,843.8000000000005,swap,improve
1078,12,5108.699999999999,8,843.8000000000005,2opt,improve
1079,12,5108.699999999999,8,843.8000000000005,move,improve
1080,12,4975.5999999999985,8,843.8000000000005,2opt,improve
1081,12,4631.299999999999,8,843.8000000000005,move,improve
1082,12,4144.299999999999,8,843.8000000000005,2opt,improve
1083,12,3881.6000000000004,8,843.8000000000005,2opt,improve
1084,12,4302.900000000001,8,843.8000000000005,2opt,acceptBad
1085,12,4486.500000000001,8,843.8000000000005,swap,acceptBad
1086,12,4485.700000000001,8,843.8000000000005,move,improve
1087,12,4737.599999999999,8,843.8000000000005,swap,acceptBad
1088,12,4715.400000000001,8,843.8000000000005,swap,improve
1089,12,4912.1,8,843.8000000000005,swap,acceptBad
1090,12,4486.700000000001,8,843.8000000000005,move,improve
1091,12,4395.099999999999,8,843.8000000000005,swap,improve
1092,12,3761.1000000000004,8,843.8000000000005,2opt,improve
1093,12,3761.1000000000004,8,843.8000000000005,move,improve
1094,12,3184.6000000000013,8,843.8000000000005,move,improve
1095,12,3679.600000000001,8,843.8000000000005,2opt,acceptBad
1096,12,3890.400000000002,8,843.8000000000005,2opt,acceptBad
1097,12,3481.0000000000014,8,843.8000000000005,2opt,improve
1098,12,3305.400000000001,8,843.8000000000005,move,improve
1099,12,3456.699999999999,8,843.8000000000005,2opt,acceptBad
1100,12,3900.2,8,843.8000000000005,swap,acceptBad
1101,11,2950.400000000001,8,843.8000000000005,2opt,improve
1102,11,2898.6000000000017,8,843.8000000000005,swap,improve
1103,11,3713.8,8,843.8000000000005,swap,acceptBad
1104,11,3329.2000000000007,8,843.8000000000005,move,improve
1105,11,2988.4000000000015,8,843.8000000000005,move,improve
1106,11,5803.4,8,843.8000000000005,2opt,acceptBad
1107,11,5716.400000000002,8,843.8000000000005,swap,improve
1108,11,6017.200000000002,8,843.8000000000005,swap,acceptBad
1109,11,5870.400000000002,8,843.8000000000005,swap,improve
1110,11,5820.4000000000015,8,843.8000000000005,swap,improve
1111,11,4382.400000000001,8,843.8000000000005,move,improve
1112,11,4373.0,8,843.8000000000005,swap,improve
1113,11,3733.000000000001,8,843.8000000000005,move,improve
1114,11,3879.4000000000005,8,843.8000000000005,swap,acceptBad
1115,11,4199.4000000000015,8,843.8000000000005,swap,acceptBad
1116,11,3201.2000000000007,8,843.8000000000005,move,improve
1117,11,2558.800000000001,8,843.8000000000005,move,improve
1118,11,1758.6,8,843.8000000000005,move,improve
1119,11,1618.8000000000002,8,843.8000000000005,move,improve
1120,11,2381.3999999999987,8,843.8000000000005,swap,acceptBad
1121,11,2682.2,8,843.8000000000005,2opt,acceptBad
1122,11,3380.6000000000004,8,843.8000000000005,2opt,acceptBad
1123,11,4526.4,8,843.8000000000005,2opt,acceptBad
1124,11,4882.0,8,843.8000000000005,swap,acceptBad
1125,11,5014.600000000001,8,843.8000000000005,2opt,acceptBad
1126,11,4288.0,8,843.8000000000005,move,improve
1127,11,3728.399999999999,8,843.8000000000005,move,improve
1128,11,2593.9999999999995,8,843.8000000000005,move,improve
1129,11,2593.9999999999995,8,843.8000000000005,2opt,improve
1130,11,3033.2000000000003,8,843.8000000000005,swap,acceptBad
1131,11,3522.3999999999996,8,843.8000000000005,2opt,acceptBad
1132,11,3271.2,8,843.8000000000005,move,improve
1133,11,2826.5999999999995,8,843.8000000000005,move,improve
1134,11,2826.5999999999995,8,843.8000000000005,2opt,notBad
1135,11,2826.5999999999995,8,843.8000000000005,2opt,notBad
1136,11,2539.999999999999,8,843.8000000000005,move,improve
1137,11,2539.999999999999,8,843.8000000000005,2opt,notBad
1138,11,1655.1999999999994,8,843.8000000000005,move,improve
1139,11,1655.1999999999994,8,843.8000000000005,move,improve
1140,11,1613.7999999999997,8,843.8000000000005,move,improve
1141,11,2670.8,8,843.8000000000005,2opt,acceptBad
1142,11,2670.8,8,843.8000000000005,2opt,notBad
1143,11,3577.800000000002,8,843.8000000000005,swap,acceptBad
1144,11,2834.2000000000007,8,843.8000000000005,move,improve
1145,11,2563.4000000000005,8,843.8000000000005,swap,improve
1146,11,2450.2000000000007,8,843.8000000000005,move,improve
1147,11,1896.6000000000008,8,843.8000000000005,move,improve
1148,11,1896.6000000000004,8,843.8000000000005,2opt,improve
1149,11,2784.0000000000014,8,843.8000000000005,2opt,acceptBad
1150,11,1849.6000000000008,8,843.8000000000005,move,improve
1151,11,1876.8000000000015,8,843.8000000000005,swap,acceptBad
1152,11,1876.8000000000015,8,843.8000000000005,2opt,notBad
1153,11,1876.8000000000015,8,843.8000000000005,move,improve
1154,11,2276.200000000001,8,843.8000000000005,swap,acceptBad
1155,11,1970.0000000000014,8,843.8000000000005,move,improve
1156,11,2311.400000000002,8,843.8000000000005,swap,acceptBad
1157,11,2243.200000000003,8,843.8000000000005,swap,improve
1158,11,2218.200000000002,8,843.8000000000005,move,improve
1159,11,2218.200000000002,8,843.8000000000005,move,improve
1160,11,2218.200000000002,8,843.8000000000005,move,improve
1161,11,1863.800000000001,8,843.8000000000005,move,improve
1162,11,1863.800000000001,8,843.8000000000005,swap,improve
1163,11,2194.7999999999993,8,843.8000000000005,2opt,acceptBad
1164,11,1989.7999999999993,8,843.8000000000005,move,improve
1165,11,2305.4,8,843.8000000000005,2opt,acceptBad
1166,11,2303.8,8,843.8000000000005,swap,improve
1167,11,2329.7999999999993,8,843.8000000000005,swap,acceptBad
1168,11,2088.3999999999983,8,843.8000000000005,move,improve
1169,11,4794.799999999998,8,843.8000000000005,swap,acceptBad
1170,11,2655.999999999998,8,843.8000000000005,swap,improve
1171,11,2114.1999999999994,8,843.8000000000005,move,improve
1172,11,2114.1999999999994,8,843.8000000000005,move,improve
1173,11,2114.1999999999994,8,843.8000000000005,2opt,notBad
1174,11,3497.1999999999994,8,843.8000000000005,swap,acceptBad
1175,11,2736.199999999999,8,843.8000000000005,move,improve
1176,11,1943.7999999999995,8,843.8000000000005,move,improve
1177,11,4921.799999999998,8,843.8000000000005,2opt,acceptBad
1178,11,4522.199999999999,8,843.8000000000005,2opt,improve
1179,11,4922.4,8,843.8000000000005,2opt,acceptBad
1180,11,2153.8,8,843.8000000000005,move,improve
1181,11,5711.999999999998,8,843.8000000000005,swap,acceptBad
1182,11,5712.0,8,843.8000000000005,2opt,acceptBad
1183,11,3260.8,8,843.8000000000005,move,improve
1184,11,3037.8,8,843.8000000000005,swap,improve
1185,11,5575.8,8,843.8000000000005,2opt,acceptBad
1186,11,5575.8,8,843.8000000000005,2opt,notBad
1187,11,5724.799999999999,8,843.8000000000005,2opt,acceptBad
1188,11,5724.799999999999,8,843.8000000000005,2opt,improve
1189,11,5804.2,8,843.8000000000005,swap,acceptBad
1190,11,5804.199999999999,8,843.8000000000005,2opt,improve
1191,11,4780.199999999999,8,843.8000000000005,move,improve
1192,11,3655.000000000001,8,843.8000000000005,move,improve
1193,11,2933.2000000000007,8,843.8000000000005,move,improve
1194,11,2725.2,8,843.8000000000005,move,improve
1195,11,1693.6,8,843.8000000000005,move,improve
1196,11,1902.2000000000003,8,843.8000000000005,swap,acceptBad
1197,11,1889.0,8,843.8000000000005,move,improve
1198,11,1882.199999999999,8,843.8000000000005,swap,improve
1199,11,1789.6,8,843.8000000000005,move,improve
1200,11,3907.5999999999995,8,843.8000000000005,2opt,acceptBad
1201,11,1694.7999999999984,8,843.8000000000005,move,improve
1202,11,1923.7999999999975,8,843.8000000000005,swap,acceptBad
1203,11,1923.7999999999975,8,843.8000000000005,move,improve
1204,11,1796.9999999999977,8,843.8000000000005,move,improve
1205,11,1714.7999999999984,8,843.8000000000005,move,improve
1206,11,1702.9999999999986,8,843.8000000000005,move,improve
1207,11,1926.8000000000006,8,843.8000000000005,swap,acceptBad
1208,11,1755.4000000000005,8,843.8000000000005,move,improve
1209,11,1419.6000000000008,8,843.8000000000005,move,improve
1210,11,1419.6000000000008,8,843.8000000000005,2opt,notBad
1211,11,1438.0000000000005,8,843.8000000000005,swap,acceptBad
1212,11,4483.8,8,843.8000000000005,swap,acceptBad
1213,11,3650.599999999999,8,843.8000000000005,move,improve
1214,11,2415.1999999999985,8,843.8000000000005,move,improve
1215,11,1956.1999999999996,8,843.8000000000005,2opt,improve
1216,11,1287.7999999999995,8,843.8000000000005,move,improve
1217,11,1611.4000000000003,8,843.8000000000005,swap,acceptBad
1218,11,1611.4000000000003,8,843.8000000000005,2opt,notBad
1219,11,3172.2,8,843.8000000000005,swap,acceptBad
1220,11,2965.3999999999996,8,843.8000000000005,2opt,improve
1221,11,2777.399999999999,8,843.8000000000005,move,improve
1222,11,2777.399999999999,8,843.8000000000005,move,improve
1223,11,2753.9999999999995,8,843.8000000000005,swap,improve
1224,11,2397.999999999999,8,843.8000000000005,move,improve
1225,11,2397.999999999999,8,843.8000000000005,2opt,notBad
1226,11,1756.9999999999998,8,843.8000000000005,2opt,improve
1227,11,1661.3999999999994,8,843.8000000000005,swap,improve
1228,11,3095.199999999999,8,843.8000000000005,2opt,acceptBad
1229,11,3426.399999999999,8,843.8000000000005,swap,acceptBad
1230,11,3670.0,8,843.8000000000005,2opt,acceptBad
1231,11,3670.0,8,843.8000000000005,swap,improve
1232,11,3909.6000000000013,8,843.8000000000005,2opt,acceptBad
1233,11,3909.6000000000013,8,843.8000000000005,2opt,improve
1234,11,3909.6000000000013,8,843.8000000000005,2opt,improve
1235,11,3359.2,8,843.8000000000005,move,improve
1236,11,2623.2000000000007,8,843.8000000000005,move,improve
1237,11,2559.3999999999996,8,843.8000000000005,swap,improve
1238,11,2121.1999999999994,8,843.8000000000005,move,improve
1239,11,2381.7999999999997,8,843.8000000000005,2opt,acceptBad
1240,11,4133.000000000003,8,843.8000000000005,2opt,acceptBad
1241,11,4133.000000000003,8,843.8000000000005,swap,improve
1242,11,4133.000000000003,8,843.8000000000005,2opt,improve
1243,11,3689.000000000001,8,843.8000000000005,move,improve
1244,11,3671.000000000001,8,843.8000000000005,move,improve
1245,11,3671.000000000001,8,843.8000000000005,move,improve
1246,11,3388.000000000001,8,843.8000000000005,move,improve
1247,11,3182.2,8,843.8000000000005,move,improve
1248,11,3182.2,8,843.8000000000005,move,improve
1249,11,3099.6000000000013,8,843.8000000000005,move,improve
1250,11,2735.8,8,843.8000000000005,move,improve
1251,11,1963.800000000001,8,843.8000000000005,move,improve
1252,11,3199.0,8,843.8000000000005,2opt,acceptBad
1253,11,3211.8,8,843.8000000000005,swap,acceptBad
1254,11,3244.6000000000013,8,843.8000000000005,swap,acceptBad
1255,11,3676.000000000001,8,843.8000000000005,swap,acceptBad
1256,11,2866.199999999999,8,843.8000000000005,swap,improve
1257,11,2866.199999999999,8,843.8000000000005,2opt,improve
1258,11,2891.8,8,843.8000000000005,swap,acceptBad
1259,11,6287.5999999999985,8,843.8000000000005,swap,acceptBad
1260,11,6100.800000000001,8,843.8000000000005,swap,improve
1261,11,5722.799999999999,8,843.8000000000005,2opt,improve
1262,11,5373.200000000001,8,843.8000000000005,swap,improve
1263,11,4938.4000000000015,8,843.8000000000005,move,improve
1264,11,3036.8000000000015,8,843.8000000000005,move,improve
1265,11,3223.8000000000006,8,843.8000000000005,swap,acceptBad
1266,11,3120.2000000000007,8,843.8000000000005,move,improve
1267,11,3120.2000000000003,8,843.8000000000005,2opt,improve
1268,11,3097.000000000001,8,843.8000000000005,swap,improve
1269,11,3097.000000000001,8,843.8000000000005,2opt,notBad
1270,11,2967.4000000000015,8,843.8000000000005,move,improve
1271,11,3140.800000000002,8,843.8000000000005,swap,acceptBad
1272,11,2552.600000000002,8,843.8000000000005,move,improve
1273,11,2367.600000000002,8,843.8000000000005,move,improve
1274,11,3138.800000000002,8,843.8000000000005,swap,acceptBad
1275,11,2985.800000000003,8,843.8000000000005,move,improve
1276,11,2311.2000000000016,8,843.8000000000005,move,improve
1277,11,1126.0000000000016,8,843.8000000000005,move,improve
1278,11,3230.2000000000016,8,843.8000000000005,swap,acceptBad
1279,11,3230.2000000000007,8,843.8000000000005,2opt,improve
1280,11,3783.4000000000005,8,843.8000000000005,swap,acceptBad
1281,11,3308.2000000000007,8,843.8000000000005,move,improve
1282,11,3232.8000000000015,8,843.8000000000005,swap,improve
1283,11,3232.8000000000015,8,843.8000000000005,move,improve
1284,11,2482.8000000000015,8,843.8000000000005,move,improve
1285,11,1928.2000000000019,8,843.8000000000005,move,improve
1286,11,2820.8000000000006,8,843.8000000000005,swap,acceptBad
1287,11,2726.6000000000017,8,843.8000000000005,move,improve
1288,11,2432.200000000002,8,843.8000000000005,swap,improve
1289,11,2622.2000000000025,8,843.8000000000005,swap,acceptBad
1290,11,2095.8000000000015,8,843.8000000000005,move,improve
1291,11,2095.8000000000015,8,843.8000000000005,2opt,notBad
1292,11,2095.8000000000015,8,843.8000000000005,2opt,notBad
1293,11,2095.8000000000015,8,843.8000000000005,move,improve
1294,11,2192.2000000000007,8,843.8000000000005,swap,acceptBad
1295,11,2192.2000000000007,8,843.8000000000005,2opt,notBad
1296,11,2192.2000000000007,8,843.8000000000005,swap,improve
1297,11,2192.2000000000007,8,843.8000000000005,2opt,improve
1298,11,2265.8,8,843.8000000000005,swap,acceptBad
1299,11,2265.8,8,843.8000000000005,2opt,notBad
1300,11,2591.2,8,843.8000000000005,move,acceptBad
1301,11,1970.4000000000005,8,843.8000000000005,move,improve
1302,11,2216.2000000000007,8,843.8000000000005,swap,acceptBad
1303,11,2837.8000000000015,8,843.8000000000005,2opt,acceptBad
1304,11,2837.8000000000015,8,843.8000000000005,2opt,notBad
1305,11,3619.8,8,843.8000000000005,2opt,acceptBad
1306,11,3326.4,8,843.8000000000005,move,improve
1307,11,2653.0000000000005,8,843.8000000000005,move,improve
1308,11,2662.6000000000017,8,843.8000000000005,swap,acceptBad
1309,11,3619.000000000002,8,843.8000000000005,swap,acceptBad
1310,11,3595.4000000000015,8,843.8000000000005,swap,improve
1311,11,3541.6000000000017,8,843.8000000000005,move,improve
1312,11,3541.6000000000017,8,843.8000000000005,2opt,notBad
1313,11,3539.6000000000017,8,843.8000000000005,swap,improve
1314,11,3539.6000000000017,8,843.8000000000005,2opt,notBad
1315,11,3509.8000000000006,8,843.8000000000005,swap,improve
1316,11,5500.400000000001,8,843.8000000000005,2opt,acceptBad
1317,11,5500.400000000001,8,843.8000000000005,2opt,notBad
1318,11,5500.400000000001,8,843.8000000000005,swap,improve
1319,11,5596.8,8,843.8000000000005,swap,acceptBad
1320,12,6927.300000000002,8,843.8000000000005,2opt,acceptBad
1321,12,6560.500000000001,8,843.8000000000005,swap,improve
1322,12,6495.999999999999,8,843.8000000000005,swap,improve
1323,12,6315.200000000003,8,843.8000000000005,2opt,improve
1324,12,6429.100000000003,8,843.8000000000005,swap,acceptBad
1325,12,6594.3,8,843.8000000000005,2opt,acceptBad
1326,12,10646.500000000002,8,843.8000000000005,swap,acceptBad
1327,12,9040.500000000002,8,843.8000000000005,move,improve
1328,12,9040.500000000002,8,843.8000000000005,swap,improve
1329,12,8761.200000000004,8,843.8000000000005,swap,improve
1330,12,7022.100000000003,8,843.8000000000005,move,improve
1331,12,6864.400000000002,8,843.8000000000005,2opt,improve
1332,12,6927.2000000000035,8,843.8000000000005,swap,acceptBad
1333,12,6927.200000000004,8,843.8000000000005,2opt,acceptBad
1334,12,6927.2000000000035,8,843.8000000000005,2opt,improve
1335,12,5547.800000000002,8,843.8000000000005,move,improve
1336,12,4987.900000000002,8,843.8000000000005,move,improve
1337,12,4953.7,8,843.8000000000005,2opt,improve
1338,12,4256.099999999999,8,843.8000000000005,move,improve
1339,12,4197.600000000001,8,843.8000000000005,swap,improve
1340,12,3964.8000000000015,8,843.8000000000005,move,improve
1341,12,3803.1000000000013,8,843.8000000000005,2opt,improve
1342,12,3803.1000000000013,8,843.8000000000005,2opt,improve
1343,12,3803.1000000000013,8,843.8000000000005,2opt,improve
1344,12,6052.1,8,843.8000000000005,swap,acceptBad
1345,12,6052.1,8,843.8000000000005,2opt,notBad
1346,12,9235.5,8,843.8000000000005,swap,acceptBad
1347,12,8389.7,8,843.8000000000005,move,improve
1348,12,7409.600000000004,8,843.8000000000005,move,improve
1349,12,7601.100000000004,8,843.8000000000005,swap,acceptBad
1350,12,4308.700000000003,8,843.8000000000005,move,improve
1351,12,3232.5000000000014,8,843.8000000000005,move,improve
1352,12,3370.100000000001,8,843.8000000000005,swap,acceptBad
1353,12,2659.9999999999995,8,843.8000000000005,move,improve
1354,12,2267.4999999999995,8,843.8000000000005,move,improve
1355,12,2163.500000000001,8,843.8000000000005,2opt,improve
1356,12,2163.500000000001,8,843.8000000000005,2opt,improve
1357,12,2910.7000000000003,8,843.8000000000005,swap,acceptBad
1358,12,2687.6000000000013,8,843.8000000000005,swap,improve
1359,12,2687.6000000000013,8,843.8000000000005,2opt,notBad
1360,12,2767.3,8,843.8000000000005,swap,acceptBad
1361,12,2767.3,8,843.8000000000005,move,improve
1362,12,2701.000000000001,8,843.8000000000005,2opt,improve
1363,12,2583.7999999999997,8,843.8000000000005,swap,improve
1364,12,1963.7999999999997,8,843.8000000000005,move,improve
1365,12,1963.7999999999997,8,843.8000000000005,move,improve
1366,12,1963.7999999999997,8,843.8000000000005,move,improve
1367,12,1963.1,8,843.8000000000005,move,improve
1368,12,3978.9999999999995,8,843.8000000000005,swap,acceptBad
1369,12,3616.600000000001,8,843.8000000000005,move,improve
1370,13,5414.000000000003,8,843.8000000000005,2opt,acceptBad
1371,13,5133.600000000001,8,843.8000000000005,move,improve
1372,13,5621.599999999999,8,843.8000000000005,swap,acceptBad
1373,13,3534.6000000000004,8,843.8000000000005,move,improve
1374,13,3441.199999999999,8,843.8000000000005,move,improve
1375,13,3847.5999999999995,8,843.8000000000005,swap,acceptBad
1376,13,3538.999999999998,8,843.8000000000005,move,improve
1377,12,2677.6,8,843.8000000000005,2opt,improve
1378,12,2677.6,8,843.8000000000005,move,improve
1379,12,2126.9,8,843.8000000000005,swap,improve
1380,12,2126.9,8,843.8000000000005,move,improve
1381,12,2149.3,8,843.8000000000005,2opt,acceptBad
1382,12,2149.3,8,843.8000000000005,2opt,notBad
1383,12,2149.2999999999997,8,843.8000000000005,2opt,improve
1384,12,1769.8999999999996,8,843.8000000000005,move,improve
1385,12,2630.499999999999,8,843.8000000000005,2opt,acceptBad
1386,12,2630.499999999999,8,843.8000000000005,2opt,notBad
1387,12,3259.3999999999987,8,843.8000000000005,swap,acceptBad
1388,12,3279.2999999999984,8,843.8000000000005,swap,acceptBad
1389,12,3279.2999999999984,8,843.8000000000005,move,improve
1390,12,3339.3999999999987,8,843.8000000000005,swap,acceptBad
1391,12,2512.499999999998,8,843.8000000000005,move,improve
1392,12,1811.8999999999996,8,843.8000000000005,move,improve
1393,12,3109.8999999999983,8,843.8000000000005,swap,acceptBad
1394,12,2530.3999999999996,8,843.8000000000005,move,improve
1395,12,2508.1999999999994,8,843.8000000000005,2opt,improve
1396,12,1740.0999999999995,8,843.8000000000005,move,improve
1397,12,1463.8999999999996,8,843.8000000000005,2opt,improve
1398,12,1463.8999999999996,8,843.8000000000005,2opt,notBad
1399,12,1463.8999999999996,8,843.8000000000005,2opt,notBad
1400,12,1433.3999999999992,8,843.8000000000005,swap,improve
1401,12,1433.3999999999992,8,843.8000000000005,move,improve
1402,12,1433.3999999999992,8,843.8000000000005,2opt,notBad
1403,12,1756.999999999999,8,843.8000000000005,swap,acceptBad
1404,12,1756.999999999999,8,843.8000000000005,move,improve
1405,12,1788.8999999999987,8,843.8000000000005,swap,acceptBad
1406,12,2783.8,8,843.8000000000005,swap,acceptBad
1407,12,2783.8,8,843.8000000000005,move,improve
1408,12,2783.8,8,843.8000000000005,move,improve
1409,12,3578.6,8,843.8000000000005,swap,acceptBad
1410,12,3787.100000000001,8,843.8000000000005,swap,acceptBad
1411,12,2861.8000000000015,8,843.8000000000005,move,improve
1412,12,2856.700000000001,8,843.8000000000005,swap,improve
1413,12,3350.0,8,843.8000000000005,2opt,acceptBad
1414,12,4285.9000000000015,8,843.8000000000005,swap,acceptBad
1415,12,3562.0999999999995,8,843.8000000000005,move,improve
1416,12,3562.1,8,843.8000000000005,2opt,acceptBad
1417,12,3623.0000000000005,8,843.8000000000005,swap,acceptBad
1418,12,3623.0000000000005,8,843.8000000000005,2opt,notBad
1419,12,3952.000000000001,8,843.8000000000005,2opt,acceptBad
1420,12,3307.900000000001,8,843.8000000000005,move,improve
1421,12,3307.900000000001,8,843.8000000000005,2opt,notBad
1422,12,3079.9000000000024,8,843.8000000000005,move,improve
1423,12,2553.4000000000024,8,843.8000000000005,swap,improve
1424,12,2238.5000000000014,8,843.8000000000005,move,improve
1425,12,1917.6000000000008,8,843.8000000000005,move,improve
1426,12,2069.700000000001,8,843.8000000000005,swap,acceptBad
1427,12,2069.700000000001,8,843.8000000000005,move,improve
1428,12,2069.7000000000007,8,843.8000000000005,2opt,improve
1429,12,2069.7000000000007,8,843.8000000000005,move,improve
1430,12,2069.7000000000007,8,843.8000000000005,move,improve
1431,12,2045.0000000000014,8,843.8000000000005,move,improve
1432,12,2901.6000000000017,8,843.8000000000005,2opt,acceptBad
1433,12,1938.6000000000008,8,843.8000000000005,move,improve
1434,12,1621.9000000000005,8,843.8000000000005,move,improve
1435,12,1478.9,8,843.8000000000005,move,improve
1436,12,1478.9,8,843.8000000000005,2opt,notBad
1437,12,1450.500000000001,8,843.8000000000005,move,improve
1438,13,2552.800000000001,8,843.8000000000005,2opt,acceptBad
1439,13,2552.800000000001,8,843.8000000000005,2opt,notBad
1440,13,5705.999999999999,8,843.8000000000005,swap,acceptBad
1441,13,1995.3999999999999,8,843.8000000000005,move,improve
1442,13,2017.4000000000005,8,843.8000000000005,2opt,acceptBad
1443,13,2097.2000000000007,8,843.8000000000005,2opt,acceptBad
1444,13,2097.2000000000007,8,843.8000000000005,2opt,notBad
1445,13,2097.2000000000007,8,843.8000000000005,2opt,notBad
1446,13,2124.3999999999996,8,843.8000000000005,swap,acceptBad
1447,13,1607.999999999999,8,843.8000000000005,move,improve
1448,13,1607.999999999999,8,843.8000000000005,swap,notBad
1449,13,1599.9999999999995,8,843.8000000000005,move,improve
1450,13,1599.9999999999995,8,843.8000000000005,move,improve
1451,13,1297.7999999999997,8,843.8000000000005,move,improve
1452,13,1297.7999999999997,8,843.8000000000005,move,improve
1453,13,1943.0,8,843.8000000000005,2opt,acceptBad
1454,13,1976.1999999999998,8,843.8000000000005,swap,acceptBad
1455,13,1976.1999999999998,8,843.8000000000005,move,improve
1456,13,1976.1999999999998,8,843.8000000000005,2opt,notBad
1457,13,1976.1999999999998,8,843.8000000000005,move,improve
1458,13,1976.1999999999998,8,843.8000000000005,2opt,notBad
1459,13,4109.4,8,843.8000000000005,swap,acceptBad
1460,13,4150.199999999999,8,843.8000000000005,swap,acceptBad
1461,13,3686.1999999999994,8,843.8000000000005,2opt,improve
1462,13,3587.200000000001,8,843.8000000000005,2opt,improve
1463,13,3515.200000000001,8,843.8000000000005,swap,improve
1464,13,2484.3999999999996,8,843.8000000000005,move,improve
1465,13,2484.3999999999996,8,843.8000000000005,move,improve
1466,13,1616.999999999999,8,843.8000000000005,move,improve
1467,13,1616.999999999999,8,843.8000000000005,2opt,notBad
1468,13,5278.199999999999,8,843.8000000000005,swap,acceptBad
1469,13,5258.999999999999,8,843.8000000000005,swap,improve
1470,13,4161.399999999997,8,843.8000000000005,move,improve
1471,13,4161.399999999997,8,843.8000000000005,2opt,notBad
1472,13,3768.999999999998,8,843.8000000000005,move,improve
1473,13,3558.2,8,843.8000000000005,2opt,improve
1474,13,3289.7999999999984,8,843.8000000000005,swap,improve
1475,13,3621.7999999999993,8,843.8000000000005,swap,acceptBad
1476,13,4338.399999999999,8,843.8000000000005,2opt,acceptBad
1477,13,4338.399999999999,8,843.8000000000005,2opt,notBad
1478,13,4338.399999999999,8,843.8000000000005,2opt,notBad
1479,13,3818.7999999999984,8,843.8000000000005,2opt,improve
1480,13,3909.999999999999,8,843.8000000000005,swap,acceptBad
1481,13,4065.0,8,843.8000000000005,swap,acceptBad
1482,13,3272.800000000001,8,843.8000000000005,move,improve
1483,13,3396.6000000000004,8,843.8000000000005,swap,acceptBad
1484,13,3396.6000000000004,8,843.8000000000005,2opt,notBad
1485,13,2688.9999999999995,8,843.8000000000005,move,improve
1486,13,2688.9999999999995,8,843.8000000000005,move,improve
1487,13,3062.2000000000007,8,843.8000000000005,swap,acceptBad
1488,13,2917.4,8,843.8000000000005,swap,improve
1489,13,3048.2000000000007,8,843.8000000000005,swap,acceptBad
1490,13,3294.6,8,843.8000000000005,2opt,acceptBad
1491,13,3294.6,8,843.8000000000005,2opt,notBad
1492,13,3189.7999999999997,8,843.8000000000005,move,improve
1493,13,3269.9999999999995,8,843.8000000000005,swap,acceptBad
1494,13,3256.9999999999977,8,843.8000000000005,move,improve
1495,13,3256.9999999999977,8,843.8000000000005,2opt,improve
1496,13,3256.9999999999977,8,843.8000000000005,move,improve
1497,13,3256.9999999999977,8,843.8000000000005,2opt,notBad
1498,13,3293.6,8,843.8000000000005,swap,acceptBad
1499,13,3175.1999999999994,8,843.8000000000005,swap,improve
1500,13,2574.7999999999997,8,843.8000000000005,move,improve
1501,13,2574.7999999999997,8,843.8000000000005,2opt,notBad
1502,13,2574.7999999999997,8,843.8000000000005,move,improve
1503,13,1965.1999999999991,8,843.8000000000005,swap,improve
1504,13,1965.1999999999991,8,843.8000000000005,swap,improve
1505,13,1965.1999999999991,8,843.8000000000005,2opt,notBad
1506,13,1393.999999999998,8,843.8000000000005,move,improve
1507,13,1393.999999999998,8,843.8000000000005,move,improve
1508,13,1379.7999999999984,8,843.8000000000005,swap,improve
1509,13,1702.9999999999993,8,843.8000000000005,swap,acceptBad
1510,13,1702.9999999999993,8,843.8000000000005,2opt,notBad
1511,13,1702.9999999999993,8,843.8000000000005,move,improve
1512,13,1702.9999999999993,8,843.8000000000005,2opt,notBad
1513,13,1652.7999999999993,8,843.8000000000005,move,improve
1514,13,2533.0,8,843.8000000000005,2opt,acceptBad
1515,13,2533.0,8,843.8000000000005,move,improve
1516,13,2167.6000000000004,8,843.8000000000005,move,improve
1517,13,2167.6000000000004,8,843.8000000000005,2opt,improve
1518,13,2167.6000000000004,8,843.8000000000005,move,improve
1519,13,2059.8,8,843.8000000000005,move,improve
1520,13,1933.3999999999999,8,843.8000000000005,move,improve
1521,13,3911.200000000002,8,843.8000000000005,swap,acceptBad
1522,13,4907.800000000003,8,843.8000000000005,swap,acceptBad
1523,13,4907.800000000003,8,843.8000000000005,2opt,notBad
1524,13,3347.4000000000015,8,843.8000000000005,swap,improve
1525,13,3347.4000000000015,8,843.8000000000005,2opt,notBad
1526,13,3046.2000000000003,8,843.8000000000005,move,improve
1527,13,2906.4,8,843.8000000000005,move,improve
1528,13,2704.4,8,843.8000000000005,move,improve
1529,13,2704.3999999999987,8,843.8000000000005,2opt,improve
1530,13,5185.799999999998,8,843.8000000000005,swap,acceptBad
1531,13,5113.2,8,843.8000000000005,swap,improve
1532,13,5113.2,8,843.8000000000005,2opt,improve
1533,13,4726.999999999998,8,843.8000000000005,2opt,improve
1534,13,4726.999999999998,8,843.8000000000005,2opt,notBad
1535,13,5302.4,8,843.8000000000005,swap,acceptBad
1536,13,4368.8,8,843.8000000000005,move,improve
1537,13,4368.8,8,843.8000000000005,2opt,improve
1538,13,3635.0000000000014,8,843.8000000000005,swap,improve
1539,13,3220.2,8,843.8000000000005,swap,improve
1540,13,3220.2,8,843.8000000000005,2opt,notBad
1541,13,2642.199999999999,8,843.8000000000005,move,improve
1542,13,2505.3999999999996,8,843.8000000000005,move,improve
1543,13,2447.2,8,843.8000000000005,move,improve
1544,13,2447.2000000000003,8,843.8000000000005,2opt,acceptBad
1545,13,2497.4,8,843.8000000000005,swap,acceptBad
1546,13,2497.4,8,843.8000000000005,2opt,notBad
1547,13,2497.4,8,843.8000000000005,2opt,improve
1548,13,2275.4,8,843.8000000000005,move,improve
1549,13,2244.6000000000004,8,843.8000000000005,move,improve
1550,13,2362.9999999999986,8,843.8000000000005,swap,acceptBad
1551,13,2362.9999999999986,8,843.8000000000005,move,improve
1552,13,2205.399999999999,8,843.8000000000005,move,improve
1553,13,2383.6,8,843.8000000000005,swap,acceptBad
1554,13,3665.6,8,843.8000000000005,swap,acceptBad
1555,13,3665.6,8,843.8000000000005,swap,notBad
1556,13,3665.6,8,843.8000000000005,2opt,improve
1557,13,2486.2000000000003,8,843.8000000000005,move,improve
1558,13,2486.2000000000003,8,843.8000000000005,2opt,notBad
1559,13,2335.800000000001,8,843.8000000000005,move,improve
1560,13,2420.1999999999994,8,843.8000000000005,swap,acceptBad
1561,13,2434.599999999999,8,843.8000000000005,swap,acceptBad
1562,13,2434.599999999999,8,843.8000000000005,swap,notBad
1563,13,2276.1999999999994,8,843.8000000000005,move,improve
1564,13,2276.1999999999994,8,843.8000000000005,swap,notBad
1565,13,2141.399999999999,8,843.8000000000005,move,improve
1566,13,1938.9999999999993,8,843.8000000000005,swap,improve
1567,13,1827.999999999999,8,843.8000000000005,move,improve
1568,13,3974.5999999999995,8,843.8000000000005,swap,acceptBad
1569,13,6281.6,8,843.8000000000005,swap,acceptBad
1570,13,6484.800000000001,8,843.8000000000005,2opt,acceptBad
1571,13,6484.800000000001,8,843.8000000000005,2opt,notBad
1572,13,5768.999999999999,8,843.8000000000005,move,improve
1573,13,5609.799999999999,8,843.8000000000005,move,improve
1574,12,5352.3,8,843.8000000000005,2opt,improve
1575,12,4622.1,8,843.8000000000005,swap,improve
1576,12,4622.1,8,843.8000000000005,move,improve
1577,12,4092.2,8,843.8000000000005,move,improve
1578,12,4092.2,8,843.8000000000005,2opt,improve
1579,12,4915.0999999999985,8,843.8000000000005,swap,acceptBad
1580,12,3034.6000000000013,8,843.8000000000005,move,improve
1581,12,2691.300000000001,8,843.8000000000005,move,improve
1582,13,3441.5999999999985,8,843.8000000000005,2opt,acceptBad
1583,13,3441.5999999999985,8,843.8000000000005,move,improve
1584,13,3441.5999999999985,8,843.8000000000005,move,improve
1585,13,3441.5999999999985,8,843.8000000000005,move,improve
1586,13,3441.5999999999985,8,843.8000000000005,move,improve
1587,13,3926.8,8,843.8000000000005,swap,acceptBad
1588,13,3926.8,8,843.8000000000005,2opt,improve
1589,13,3870.999999999998,8,843.8000000000005,swap,improve
1590,13,4492.0,8,843.8000000000005,2opt,acceptBad
1591,13,5071.199999999998,8,843.8000000000005,swap,acceptBad
1592,13,4482.599999999999,8,843.8000000000005,move,improve
1593,13,3830.0,8,843.8000000000005,move,improve
1594,13,3830.0,8,843.8000000000005,swap,improve
1595,13,3239.8000000000006,8,843.8000000000005,move,improve
1596,13,3239.8000000000006,8,843.8000000000005,2opt,notBad
1597,13,3239.8000000000006,8,843.8000000000005,move,improve
1598,13,3239.8000000000006,8,843.8000000000005,2opt,notBad
1599,13,3239.8000000000006,8,843.8000000000005,move,improve
1600,13,2834.7999999999997,8,843.8000000000005,swap,improve
1601,13,3108.4,8,843.8000000000005,swap,acceptBad
1602,13,3090.5999999999995,8,843.8000000000005,2opt,improve
1603,13,3171.5999999999985,8,843.8000000000005,swap,acceptBad
1604,13,3348.5999999999995,8,843.8000000000005,swap,acceptBad
1605,13,3348.5999999999995,8,843.8000000000005,2opt,notBad
1606,13,3715.399999999998,8,843.8000000000005,2opt,acceptBad
1607,13,4429.599999999997,8,843.8000000000005,swap,acceptBad
1608,13,3696.9999999999986,8,843.8000000000005,2opt,improve
1609,13,3696.9999999999986,8,843.8000000000005,2opt,notBad
1610,13,3063.799999999999,8,843.8000000000005,move,improve
1611,13,3839.799999999999,8,843.8000000000005,swap,acceptBad
1612,13,4266.399999999998,8,843.8000000000005,swap,acceptBad
1613,13,4193.000000000002,8,843.8000000000005,2opt,improve
1614,13,3857.600000000001,8,843.8000000000005,move,improve
1615,13,2907.4,8,843.8000000000005,2opt,improve
1616,13,3707.0000000000014,8,843.8000000000005,swap,acceptBad
1617,13,2946.2000000000003,8,843.8000000000005,move,improve
1618,13,2934.400000000001,8,843.8000000000005,2opt,improve
1619,13,5442.399999999999,8,843.8000000000005,swap,acceptBad
1620,13,5442.399999999999,8,843.8000000000005,swap,notBad
1621,13,5832.2,8,843.8000000000005,2opt,acceptBad
1622,13,4207.400000000001,8,843.8000000000005,move,improve
1623,13,3568.000000000001,8,843.8000000000005,move,improve
1624,13,3568.000000000001,8,843.8000000000005,move,improve
1625,13,3416.2000000000007,8,843.8000000000005,move,improve
1626,13,3423.400000000001,8,843.8000000000005,2opt,acceptBad
1627,13,2947.800000000001,8,843.8000000000005,move,improve
1628,13,3345.2000000000007,8,843.8000000000005,2opt,acceptBad
1629,13,2668.8,8,843.8000000000005,move,improve
1630,13,2625.400000000001,8,843.8000000000005,2opt,improve
1631,13,2625.400000000001,8,843.8000000000005,move,improve
1632,13,2625.400000000001,8,843.8000000000005,move,improve
1633,13,2625.400000000001,8,843.8000000000005,swap,improve
1634,13,2625.400000000001,8,843.8000000000005,2opt,notBad
1635,13,3044.0000000000014,8,843.8000000000005,2opt,acceptBad
1636,13,3044.0000000000014,8,843.8000000000005,move,improve
1637,13,3044.0000000000014,8,843.8000000000005,2opt,notBad
1638,13,3044.0000000000014,8,843.8000000000005,2opt,notBad
1639,13,3042.4000000000015,8,843.8000000000005,move,improve
1640,13,3294.4000000000005,8,843.8000000000005,2opt,acceptBad
1641,13,3294.4000000000005,8,843.8000000000005,2opt,notBad
1642,13,3294.4000000000005,8,843.8000000000005,2opt,notBad
1643,13,3211.0,8,843.8000000000005,swap,improve
1644,13,3133.6000000000004,8,843.8000000000005,move,improve
1645,13,3133.6000000000004,8,843.8000000000005,2opt,notBad
1646,13,4152.600000000002,8,843.8000000000005,swap,acceptBad
1647,13,4967.000000000002,8,843.8000000000005,swap,acceptBad
1648,13,4967.000000000001,8,843.8000000000005,2opt,improve
1649,13,4406.800000000001,8,843.8000000000005,2opt,improve
1650,13,4444.6,8,843.8000000000005,swap,acceptBad
1651,13,4332.2,8,843.8000000000005,swap,improve
1652,13,3747.6000000000004,8,843.8000000000005,swap,improve
1653,13,3724.3999999999987,8,843.8000000000005,move,improve
1654,13,3671.999999999998,8,843.8000000000005,swap,improve
1655,13,3227.399999999999,8,843.8000000000005,move,improve
1656,13,3822.1999999999994,8,843.8000000000005,2opt,acceptBad
1657,13,4910.999999999996,8,843.8000000000005,swap,acceptBad
1658,13,5438.199999999997,8,843.8000000000005,swap,acceptBad
1659,13,5438.199999999997,8,843.8000000000005,2opt,notBad
1660,13,4778.5999999999985,8,843.8000000000005,move,improve
1661,13,3350.3999999999983,8,843.8000000000005,move,improve
1662,13,3350.3999999999983,8,843.8000000000005,move,improve
1663,13,3681.5999999999967,8,843.8000000000005,2opt,acceptBad
1664,13,3681.5999999999967,8,843.8000000000005,2opt,notBad
1665,13,3681.5999999999967,8,843.8000000000005,2opt,notBad
1666,13,4158.799999999999,8,843.8000000000005,swap,acceptBad
1667,13,3515.199999999996,8,843.8000000000005,move,improve
1668,13,3515.199999999996,8,843.8000000000005,2opt,notBad
1669,13,3653.7999999999975,8,843.8000000000005,swap,acceptBad
1670,13,4346.799999999998,8,843.8000000000005,swap,acceptBad
1671,13,3761.7999999999993,8,843.8000000000005,move,improve
1672,13,3774.399999999998,8,843.8000000000005,move,acceptBad
1673,13,3989.400000000001,8,843.8000000000005,2opt,acceptBad
1674,13,4001.600000000001,8,843.8000000000005,swap,acceptBad
1675,13,3840.4,8,843.8000000000005,swap,improve
1676,13,3631.000000000001,8,843.8000000000005,move,improve
1677,13,3434.4000000000005,8,843.8000000000005,move,improve
1678,13,3434.4000000000005,8,843.8000000000005,move,improve
1679,13,3434.4000000000005,8,843.8000000000005,move,improve
1680,13,4062.7999999999993,8,843.8000000000005,swap,acceptBad
1681,13,3346.0,8,843.8000000000005,move,improve
1682,13,3309.4,8,843.8000000000005,move,improve
1683,13,3309.4,8,843.8000000000005,2opt,notBad
1684,13,3252.2000000000003,8,843.8000000000005,move,improve
1685,13,3421.2000000000007,8,843.8000000000005,2opt,acceptBad
1686,13,5068.200000000001,8,843.8000000000005,swap,acceptBad
1687,13,4734.599999999999,8,843.8000000000005,move,improve
1688,13,5088.400000000002,8,843.8000000000005,swap,acceptBad
1689,13,6341.400000000001,8,843.8000000000005,swap,acceptBad
1690,13,6254.599999999999,8,843.8000000000005,swap,improve
1691,13,6254.599999999999,8,843.8000000000005,2opt,notBad
1692,13,6296.2,8,843.8000000000005,2opt,acceptBad
1693,13,5158.2,8,843.8000000000005,move,improve
1694,13,5039.8,8,843.8000000000005,2opt,improve
1695,13,5158.200000000002,8,843.8000000000005,swap,acceptBad
1696,13,3994.4000000000005,8,843.8000000000005,move,improve
1697,13,3994.4000000000005,8,843.8000000000005,2opt,improve
1698,13,4082.3999999999996,8,843.8000000000005,swap,acceptBad
1699,13,4082.3999999999996,8,843.8000000000005,2opt,notBad
1700,13,4660.4,8,843.8000000000005,swap,acceptBad
1701,13,4617.6,8,843.8000000000005,move,improve
1702,13,4351.799999999999,8,843.8000000000005,move,improve
1703,13,4192.799999999999,8,843.8000000000005,move,improve
1704,13,4192.799999999999,8,843.8000000000005,swap,notBad
1705,13,3593.600000000001,8,843.8000000000005,move,improve
1706,13,3311.6000000000013,8,843.8000000000005,2opt,improve
1707,13,3311.6000000000013,8,843.8000000000005,2opt,notBad
1708,13,3776.5999999999985,8,843.8000000000005,2opt,acceptBad
1709,13,3545.599999999999,8,843.8000000000005,swap,improve
1710,13,3545.599999999999,8,843.8000000000005,2opt,notBad
1711,13,4568.199999999999,8,843.8000000000005,swap,acceptBad
1712,13,4568.199999999999,8,843.8000000000005,2opt,notBad
1713,13,5108.199999999998,8,843.8000000000005,swap,acceptBad
1714,13,4903.799999999998,8,843.8000000000005,move,improve
1715,13,5856.199999999998,8,843.8000000000005,swap,acceptBad
1716,13,6780.599999999997,8,843.8000000000005,swap,acceptBad
1717,13,6303.199999999997,8,843.8000000000005,move,improve
1718,13,5264.399999999998,8,843.8000000000005,2opt,improve
1719,13,5442.399999999998,8,843.8000000000005,swap,acceptBad
1720,13,5442.399999999998,8,843.8000000000005,swap,notBad
1721,13,5456.399999999999,8,843.8000000000005,swap,acceptBad
1722,13,4783.6,8,843.8000000000005,move,improve
1723,13,4730.799999999998,8,843.8000000000005,move,improve
1724,13,4730.799999999998,8,843.8000000000005,move,improve
1725,13,4737.799999999998,8,843.8000000000005,swap,acceptBad
1726,13,4716.799999999998,8,843.8000000000005,move,improve
1727,13,3975.4000000000005,8,843.8000000000005,move,improve
1728,13,3975.400000000001,8,843.8000000000005,2opt,acceptBad
1729,13,3975.4,8,843.8000000000005,2opt,improve
1730,13,3975.4,8,843.8000000000005,move,improve
1731,13,3975.4,8,843.8000000000005,move,improve
1732,13,3975.4,8,843.8000000000005,2opt,notBad
1733,13,3743.4,8,843.8000000000005,swap,improve
1734,13,3764.600000000001,8,843.8000000000005,swap,acceptBad
1735,13,3764.600000000001,8,843.8000000000005,move,improve
1736,13,3764.600000000001,8,843.8000000000005,move,improve
1737,13,3733.1999999999975,8,843.8000000000005,swap,improve
1738,13,3368.000000000001,8,843.8000000000005,move,improve
1739,13,3252.2000000000007,8,843.8000000000005,move,improve
1740,13,3252.2000000000007,8,843.8000000000005,2opt,notBad
1741,13,3252.2000000000007,8,843.8000000000005,2opt,notBad
1742,13,3252.2000000000007,8,843.8000000000005,2opt,notBad
1743,13,3252.2000000000007,8,843.8000000000005,2opt,notBad
1744,13,3451.6000000000013,8,843.8000000000005,swap,acceptBad
1745,13,3411.7999999999997,8,843.8000000000005,move,improve
1746,13,2589.7999999999997,8,843.8000000000005,swap,improve
1747,13,2589.7999999999997,8,843.8000000000005,2opt,notBad
1748,13,2589.7999999999997,8,843.8000000000005,2opt,notBad
1749,13,2751.4,8,843.8000000000005,swap,acceptBad
1750,13,3123.600000000001,8,843.8000000000005,swap,acceptBad
1751,13,3123.600000000001,8,843.8000000000005,move,improve
1752,13,3479.6000000000004,8,843.8000000000005,2opt,acceptBad
1753,13,3477.999999999999,8,843.8000000000005,move,improve
1754,13,2551.3999999999996,8,843.8000000000005,swap,improve
1755,13,2551.3999999999996,8,843.8000000000005,2opt,notBad
1756,13,2551.3999999999996,8,843.8000000000005,2opt,notBad
1757,13,2860.5999999999995,8,843.8000000000005,swap,acceptBad
1758,13,2860.5999999999995,8,843.8000000000005,2opt,notBad
1759,13,2864.399999999999,8,843.8000000000005,2opt,acceptBad
1760,13,3007.8000000000015,8,843.8000000000005,swap,acceptBad
1761,13,3007.8000000000015,8,843.8000000000005,2opt,notBad
1762,13,3007.8000000000015,8,843.8000000000005,2opt,notBad
1763,13,2985.4,8,843.8000000000005,swap,improve
1764,13,2433.5999999999995,8,843.8000000000005,2opt,improve
1765,13,1602.0000000000005,8,843.8000000000005,move,improve
1766,13,2388.6000000000013,8,843.8000000000005,swap,acceptBad
1767,13,2388.6000000000013,8,843.8000000000005,move,improve
1768,13,2388.6000000000013,8,843.8000000000005,2opt,improve
1769,13,2351.4000000000005,8,843.8000000000005,move,improve
1770,13,2351.4000000000005,8,843.8000000000005,2opt,notBad
1771,13,2351.4000000000005,8,843.8000000000005,move,improve
1772,13,2331.2000000000007,8,843.8000000000005,move,improve
1773,13,2331.2000000000007,8,843.8000000000005,2opt,notBad
1774,13,2579.2000000000025,8,843.8000000000005,swap,acceptBad
1775,13,3439.6000000000013,8,843.8000000000005,swap,acceptBad
1776,13,3501.2000000000016,8,843.8000000000005,2opt,acceptBad
1777,13,2634.8000000000015,8,843.8000000000005,move,improve
1778,13,2634.8000000000015,8,843.8000000000005,2opt,notBad
1779,13,2634.8000000000015,8,843.8000000000005,move,improve
1780,13,2634.8000000000015,8,843.8000000000005,2opt,notBad
1781,13,2980.0000000000005,8,843.8000000000005,swap,acceptBad
1782,13,3005.8000000000015,8,843.8000000000005,2opt,acceptBad
1783,13,2973.400000000001,8,843.8000000000005,move,improve
1784,13,2973.400000000001,8,843.8000000000005,2opt,notBad
1785,13,2907.000000000001,8,843.8000000000005,2opt,improve
1786,13,3553.2,8,843.8000000000005,swap,acceptBad
1787,13,3553.2,8,843.8000000000005,2opt,notBad
1788,13,2985.6000000000013,8,843.8000000000005,swap,improve
1789,13,2975.200000000002,8,843.8000000000005,move,improve
1790,13,3678.600000000001,8,843.8000000000005,swap,acceptBad
1791,13,3678.600000000001,8,843.8000000000005,swap,notBad
1792,13,3678.600000000001,8,843.8000000000005,move,improve
1793,13,3644.400000000001,8,843.8000000000005,2opt,improve
1794,13,3644.4,8,843.8000000000005,2opt,improve
1795,13,3644.4,8,843.8000000000005,2opt,notBad
1796,13,3433.200000000001,8,843.8000000000005,swap,improve
1797,13,3433.200000000001,8,843.8000000000005,2opt,notBad
1798,13,3433.200000000001,8,843.8000000000005,2opt,notBad
1799,13,3628.8000000000015,8,843.8000000000005,swap,acceptBad
1800,13,3628.8000000000015,8,843.8000000000005,move,improve
1801,13,3628.8000000000015,8,843.8000000000005,2opt,notBad
1802,13,3625.200000000002,8,843.8000000000005,swap,improve
1803,13,3510.0000000000014,8,843.8000000000005,move,improve
1804,13,3535.6000000000017,8,843.8000000000005,swap,acceptBad
1805,13,2849.4,8,843.8000000000005,2opt,improve
1806,13,2849.4,8,843.8000000000005,move,improve
1807,13,2849.4,8,843.8000000000005,2opt,notBad
1808,13,2849.4,8,843.8000000000005,move,improve
1809,13,2849.4,8,843.8000000000005,2opt,improve
1810,13,2849.4,8,843.8000000000005,2opt,notBad
1811,13,2849.4,8,843.8000000000005,2opt,notBad
1812,13,2873.400000000001,8,843.8000000000005,swap,acceptBad
1813,13,3250.4000000000005,8,843.8000000000005,swap,acceptBad
1814,13,2847.5999999999995,8,843.8000000000005,move,improve
1815,13,2847.5999999999995,8,843.8000000000005,move,improve
1816,13,3390.6000000000004,8,843.8000000000005,swap,acceptBad
1817,13,3100.5999999999995,8,843.8000000000005,move,improve
1818,13,3100.5999999999995,8,843.8000000000005,2opt,notBad
1819,13,2930.3999999999996,8,843.8000000000005,swap,improve
1820,13,2930.4000000000005,8,843.8000000000005,2opt,acceptBad
1821,13,2956.800000000001,8,843.8000000000005,swap,acceptBad
1822,13,3376.2000000000003,8,843.8000000000005,2opt,acceptBad
1823,13,2831.7999999999993,8,843.8000000000005,move,improve
1824,13,3000.4000000000005,8,843.8000000000005,2opt,acceptBad
1825,13,3000.4000000000005,8,843.8000000000005,2opt,notBad
1826,13,2554.4000000000015,8,843.8000000000005,move,improve
1827,13,2554.4000000000015,8,843.8000000000005,2opt,improve
1828,13,2868.999999999999,8,843.8000000000005,2opt,acceptBad
1829,13,3079.999999999999,8,843.8000000000005,swap,acceptBad
1830,13,3158.999999999999,8,843.8000000000005,swap,acceptBad
1831,13,3159.0,8,843.8000000000005,2opt,acceptBad
1832,13,3750.4000000000005,8,843.8000000000005,swap,acceptBad
1833,13,3140.0,8,843.8000000000005,2opt,improve
1834,13,3140.0,8,843.8000000000005,swap,notBad
1835,13,3140.0,8,843.8000000000005,move,improve
1836,13,3140.0,8,843.8000000000005,move,improve
1837,13,3086.2000000000007,8,843.8000000000005,move,improve
1838,13,2850.000000000001,8,843.8000000000005,move,improve
1839,13,2850.000000000001,8,843.8000000000005,2opt,notBad
1840,13,3272.8,8,843.8000000000005,swap,acceptBad
1841,13,3272.8,8,843.8000000000005,2opt,notBad
1842,13,3272.8,8,843.8000000000005,swap,notBad
1843,13,2526.2000000000007,8,843.8000000000005,move,improve
1844,13,2259.5999999999995,8,843.8000000000005,2opt,improve
1845,13,2561.6,8,843.8000000000005,swap,acceptBad
1846,13,2994.399999999999,8,843.8000000000005,swap,acceptBad
1847,13,3170.4000000000005,8,843.8000000000005,swap,acceptBad
1848,13,2969.2000000000007,8,843.8000000000005,move,improve
1849,13,2908.5999999999995,8,843.8000000000005,move,improve
1850,13,2695.4000000000005,8,843.8000000000005,move,improve
1851,13,2463.4000000000005,8,843.8000000000005,move,improve
1852,13,1632.9999999999995,8,843.8000000000005,2opt,improve
1853,13,1957.2000000000007,8,843.8000000000005,swap,acceptBad
1854,13,1957.2000000000007,8,843.8000000000005,move,improve
1855,13,1957.2000000000007,8,843.8000000000005,move,improve
1856,13,1957.2000000000007,8,843.8000000000005,move,improve
1857,13,1823.2000000000007,8,843.8000000000005,move,improve
1858,13,1823.2000000000007,8,843.8000000000005,move,improve
1859,13,1648.0000000000007,8,843.8000000000005,move,improve
1860,13,1648.0000000000007,8,843.8000000000005,swap,notBad
1861,13,1648.0000000000007,8,843.8000000000005,move,improve
1862,13,1648.0000000000007,8,843.8000000000005,swap,notBad
1863,13,1648.0000000000007,8,843.8000000000005,move,improve
1864,13,2308.3999999999987,8,843.8000000000005,swap,acceptBad
1865,13,2308.3999999999987,8,843.8000000000005,2opt,notBad
1866,13,1915.9999999999993,8,843.8000000000005,move,improve
1867,13,1915.9999999999993,8,843.8000000000005,move,improve
1868,13,1915.9999999999993,8,843.8000000000005,swap,notBad
1869,13,1743.0000000000002,8,843.8000000000005,move,improve
1870,13,1743.0000000000002,8,843.8000000000005,move,improve
1871,13,1743.0000000000002,8,843.8000000000005,move,improve
1872,13,1743.0000000000002,8,843.8000000000005,2opt,notBad
1873,13,1622.9999999999998,8,843.8000000000005,move,improve
1874,13,1622.9999999999998,8,843.8000000000005,2opt,notBad
1875,13,1622.9999999999998,8,843.8000000000005,2opt,notBad
1876,13,2163.8,8,843.8000000000005,swap,acceptBad
1877,13,2119.6000000000004,8,843.8000000000005,move,improve
1878,13,2119.6000000000004,8,843.8000000000005,move,improve
1879,13,2119.6000000000004,8,843.8000000000005,swap,notBad
1880,13,1626.7999999999995,8,843.8000000000005,move,improve
1881,13,1732.199999999999,8,843.8000000000005,swap,acceptBad
1882,13,1732.199999999999,8,843.8000000000005,2opt,notBad
1883,13,2163.3999999999987,8,843.8000000000005,move,acceptBad
1884,13,2163.3999999999987,8,843.8000000000005,2opt,notBad
1885,13,2163.3999999999987,8,843.8000000000005,2opt,notBad
1886,13,2163.3999999999987,8,843.8000000000005,move,improve
1887,13,2163.3999999999987,8,843.8000000000005,move,improve
1888,13,2488.7999999999993,8,843.8000000000005,swap,acceptBad
1889,13,2488.7999999999993,8,843.8000000000005,2opt,notBad
1890,13,2942.000000000002,8,843.8000000000005,swap,acceptBad
1891,13,2583.5999999999995,8,843.8000000000005,move,improve
1892,13,2583.5999999999995,8,843.8000000000005,2opt,notBad
1893,13,2583.5999999999995,8,843.8000000000005,2opt,notBad
1894,13,2379.999999999999,8,843.8000000000005,move,improve
1895,13,2379.999999999999,8,843.8000000000005,swap,notBad
1896,13,2429.2,8,843.8000000000005,swap,acceptBad
1897,13,1988.6000000000022,8,843.8000000000005,2opt,improve
1898,13,1988.6000000000022,8,843.8000000000005,move,improve
1899,13,1988.6000000000022,8,843.8000000000005,swap,notBad
1900,13,1603.800000000001,8,843.8000000000005,move,improve
1901,13,1508.400000000001,8,843.8000000000005,move,improve
1902,13,1508.400000000001,8,843.8000000000005,2opt,notBad
1903,13,1508.400000000001,8,843.8000000000005,2opt,notBad
1904,13,1503.000000000001,8,843.8000000000005,move,improve
1905,13,1503.000000000001,8,843.8000000000005,2opt,notBad
1906,13,1503.000000000001,8,843.8000000000005,2opt,notBad
1907,13,1503.000000000001,8,843.8000000000005,2opt,notBad
1908,13,1503.000000000001,8,843.8000000000005,2opt,notBad
1909,13,2109.4000000000005,8,843.8000000000005,swap,acceptBad
1910,13,2109.4000000000005,8,843.8000000000005,move,improve
1911,13,2109.4000000000005,8,843.8000000000005,move,improve
1912,13,2098.5999999999995,8,843.8000000000005,swap,improve
1913,13,1652.1999999999998,8,843.8000000000005,2opt,improve
1914,13,1612.1999999999998,8,843.8000000000005,2opt,improve
1915,13,1612.1999999999998,8,843.8000000000005,2opt,notBad
1916,13,1612.1999999999998,8,843.8000000000005,2opt,notBad
1917,13,1608.6000000000004,8,843.8000000000005,move,improve
1918,13,1910.8000000000002,8,843.8000000000005,swap,acceptBad
1919,13,1910.8000000000002,8,843.8000000000005,swap,notBad
1920,13,1924.800000000001,8,843.8000000000005,swap,acceptBad
1921,13,1924.800000000001,8,843.8000000000005,move,improve
1922,13,1924.800000000001,8,843.8000000000005,move,improve
1923,13,1924.800000000001,8,843.8000000000005,move,improve
1924,13,1924.800000000001,8,843.8000000000005,move,improve
1925,13,1924.800000000001,8,843.8000000000005,swap,notBad
1926,13,1924.800000000001,8,843.8000000000005,2opt,notBad
1927,13,1923.400000000001,8,843.8000000000005,move,improve
1928,13,1974.6000000000013,8,843.8000000000005,swap,acceptBad
1929,13,1974.6000000000013,8,843.8000000000005,2opt,improve
1930,13,1974.6000000000013,8,843.8000000000005,swap,notBad
1931,13,2413.0000000000005,8,843.8000000000005,swap,acceptBad
1932,13,2413.0000000000005,8,843.8000000000005,2opt,improve
1933,13,2413.0000000000005,8,843.8000000000005,swap,notBad
1934,13,2335.6000000000017,8,843.8000000000005,move,improve
1935,13,2335.6000000000017,8,843.8000000000005,2opt,notBad
1936,13,2335.6000000000017,8,843.8000000000005,2opt,notBad
1937,13,2374.600000000001,8,843.8000000000005,swap,acceptBad
1938,13,2374.600000000001,8,843.8000000000005,2opt,improve
1939,13,2374.600000000001,8,843.8000000000005,swap,notBad
1940,13,2374.600000000001,8,843.8000000000005,swap,notBad
1941,13,2374.600000000001,8,843.8000000000005,2opt,notBad
1942,13,2411.8000000000006,8,843.8000000000005,swap,acceptBad
1943,13,2712.4000000000015,8,843.8000000000005,swap,acceptBad
1944,13,2712.4000000000015,8,843.8000000000005,move,improve
1945,13,2712.4000000000015,8,843.8000000000005,swap,notBad
1946,13,2416.6,8,843.8000000000005,move,improve
1947,13,2416.6,8,843.8000000000005,2opt,notBad
1948,13,2416.6,8,843.8000000000005,2opt,notBad
1949,13,2370.4,8,843.8000000000005,move,improve
1950,13,2720.8000000000006,8,843.8000000000005,swap,acceptBad
1951,13,2665.2000000000003,8,843.8000000000005,move,improve
1952,13,2665.2000000000003,8,843.8000000000005,2opt,notBad
1953,13,2665.2000000000003,8,843.8000000000005,move,improve
1954,13,2561.3999999999996,8,843.8000000000005,move,improve
1955,13,2778.5999999999985,8,843.8000000000005,swap,acceptBad
1956,13,2707.9999999999973,8,843.8000000000005,move,improve
1957,13,2408.399999999998,8,843.8000000000005,move,improve
1958,13,2408.399999999998,8,843.8000000000005,move,improve
1959,13,2408.399999999998,8,843.8000000000005,2opt,notBad
1960,13,2230.7999999999993,8,843.8000000000005,move,improve
1961,13,3057.199999999999,8,843.8000000000005,swap,acceptBad
1962,13,3156.999999999998,8,843.8000000000005,swap,acceptBad
1963,13,2364.3999999999996,8,843.8000000000005,move,improve
1964,13,2615.2000000000007,8,843.8000000000005,2opt,acceptBad
1965,13,2305.2000000000007,8,843.8000000000005,move,improve
1966,13,2305.2000000000007,8,843.8000000000005,2opt,notBad
1967,13,2368.0,8,843.8000000000005,swap,acceptBad
1968,13,2368.0,8,843.8000000000005,2opt,notBad
1969,13,2368.0,8,843.8000000000005,swap,notBad
1970,13,2368.0,8,843.8000000000005,move,improve
1971,13,2192.000000000001,8,843.8000000000005,move,improve
1972,13,2192.000000000001,8,843.8000000000005,swap,notBad
1973,13,2092.2000000000007,8,843.8000000000005,move,improve
1974,13,2092.2000000000007,8,843.8000000000005,2opt,notBad
1975,13,2092.2000000000007,8,843.8000000000005,2opt,notBad
1976,13,1869.2000000000007,8,843.8000000000005,move,improve
1977,13,1869.2000000000007,8,843.8000000000005,2opt,notBad
1978,13,1793.8000000000002,8,843.8000000000005,move,improve
1979,13,1793.8000000000002,8,843.8000000000005,move,improve
1980,13,1793.8000000000002,8,843.8000000000005,2opt,notBad
1981,13,1683.2000000000016,8,843.8000000000005,2opt,improve
1982,13,1683.2000000000003,8,843.8000000000005,2opt,improve
1983,13,1683.2000000000003,8,843.8000000000005,2opt,notBad
1984,13,1277.6000000000008,8,843.8000000000005,move,improve
1985,13,1379.6000000000013,8,843.8000000000005,swap,acceptBad
1986,13,1678.6000000000013,8,843.8000000000005,swap,acceptBad
1987,13,1678.6000000000013,8,843.8000000000005,2opt,notBad
1988,13,1676.000000000001,8,843.8000000000005,move,improve
1989,13,2043.3999999999996,8,843.8000000000005,swap,acceptBad
1990,13,1734.800000000001,8,843.8000000000005,2opt,improve
1991,13,1734.800000000001,8,843.8000000000005,2opt,notBad
1992,13,1671.0,8,843.8000000000005,move,improve
1993,13,1671.0,8,843.8000000000005,2opt,improve
1994,13,2191.8,8,843.8000000000005,swap,acceptBad
1995,13,2191.8,8,843.8000000000005,move,improve
1996,13,2191.8,8,843.8000000000005,2opt,improve
1997,13,2191.8,8,843.8000000000005,swap,notBad
1998,13,2191.8,8,843.8000000000005,swap,notBad
1999,13,2191.8,8,843.8000000000005,move,improve
2000,13,1933.8000000000027,8,843.8000000000005,move,improve
2001,13,1933.8000000000027,8,843.8000000000005,swap,notBad
2002,13,2332.400000000002,8,843.8000000000005,swap,acceptBad
2003,13,2351.200000000002,8,843.8000000000005,swap,acceptBad
2004,13,2351.200000000002,8,843.8000000000005,move,improve
2005,13,2351.200000000002,8,843.8000000000005,2opt,notBad
2006,13,2351.200000000002,8,843.8000000000005,move,improve
2007,13,2581.0000000000005,8,843.8000000000005,swap,acceptBad
2008,13,2011.0000000000023,8,843.8000000000005,move,improve
2009,13,2126.000000000003,8,843.8000000000005,swap,acceptBad
2010,13,2126.000000000003,8,843.8000000000005,2opt,notBad
2011,13,2126.000000000003,8,843.8000000000005,move,improve
2012,13,2023.2000000000023,8,843.8000000000005,move,improve
2013,13,2023.2000000000023,8,843.8000000000005,2opt,improve
2014,13,2023.2000000000023,8,843.8000000000005,2opt,notBad
2015,13,2023.2000000000023,8,843.8000000000005,swap,notBad
2016,13,2144.4000000000005,8,843.8000000000005,swap,acceptBad
2017,13,2144.4000000000005,8,843.8000000000005,move,improve
2018,13,2144.4000000000005,8,843.8000000000005,2opt,notBad
2019,13,2144.4000000000005,8,843.8000000000005,move,improve
2020,13,2144.4000000000005,8,843.8000000000005,move,improve
2021,13,2096.4000000000005,8,843.8000000000005,swap,improve
2022,13,2096.4000000000005,8,843.8000000000005,move,improve
2023,13,2096.4000000000005,8,843.8000000000005,2opt,notBad
2024,13,2037.3999999999996,8,843.8000000000005,move,improve
2025,13,2037.3999999999996,8,843.8000000000005,2opt,notBad
2026,13,2037.3999999999992,8,843.8000000000005,2opt,improve
2027,13,2047.6000000000004,8,843.8000000000005,2opt,acceptBad
2028,13,2047.6000000000004,8,843.8000000000005,move,improve
2029,13,2047.6000000000004,8,843.8000000000005,swap,notBad
2030,13,1980.0,8,843.8000000000005,swap,improve
2031,13,1980.0,8,843.8000000000005,2opt,notBad
2032,13,1980.0,8,843.8000000000005,2opt,improve
2033,13,1980.0,8,843.8000000000005,2opt,notBad
2034,13,1941.8000000000002,8,843.8000000000005,swap,improve
2035,13,1941.8000000000002,8,843.8000000000005,swap,notBad
2036,13,1941.8000000000002,8,843.8000000000005,2opt,notBad
2037,13,2028.6000000000004,8,843.8000000000005,swap,acceptBad
2038,13,2240.599999999999,8,843.8000000000005,swap,acceptBad
2039,13,2427.799999999999,8,843.8000000000005,swap,acceptBad
2040,13,2427.799999999999,8,843.8000000000005,move,improve
2041,13,2420.2000000000003,8,843.8000000000005,move,improve
2042,13,2420.2000000000003,8,843.8000000000005,swap,notBad
2043,13,2420.2000000000003,8,843.8000000000005,swap,notBad
2044,13,2420.2000000000003,8,843.8000000000005,2opt,notBad
2045,13,2420.2000000000003,8,843.8000000000005,2opt,notBad
2046,13,2381.0,8,843.8000000000005,2opt,improve
2047,13,2389.000000000001,8,843.8000000000005,2opt,acceptBad
2048,13,2389.000000000001,8,843.8000000000005,swap,improve
2049,13,2389.000000000001,8,843.8000000000005,2opt,notBad
2050,13,2389.000000000001,8,843.8000000000005,2opt,notBad
2051,13,2389.000000000001,8,843.8000000000005,move,improve
2052,13,2389.000000000001,8,843.8000000000005,2opt,notBad
2053,13,2389.000000000001,8,843.8000000000005,swap,notBad
2054,13,2389.000000000001,8,843.8000000000005,swap,notBad
2055,13,2389.000000000001,8,843.8000000000005,swap,notBad
2056,13,2389.000000000001,8,843.8000000000005,2opt,notBad
2057,13,2048.6000000000013,8,843.8000000000005,move,improve
2058,13,2048.6000000000013,8,843.8000000000005,2opt,improve
2059,13,2048.6000000000013,8,843.8000000000005,swap,notBad
2060,13,2048.6000000000013,8,843.8000000000005,move,improve
2061,13,2048.6000000000013,8,843.8000000000005,move,improve
2062,13,2048.6000000000013,8,843.8000000000005,2opt,notBad
2063,13,2048.6000000000013,8,843.8000000000005,swap,notBad
2064,13,2048.6000000000013,8,843.8000000000005,2opt,improve
2065,13,2048.6000000000013,8,843.8000000000005,move,improve
2066,13,2048.6000000000013,8,843.8000000000005,2opt,notBad
2067,13,2115.6000000000004,8,843.8000000000005,2opt,acceptBad
2068,13,2009.2000000000005,8,843.8000000000005,swap,improve
2069,13,2009.2000000000005,8,843.8000000000005,move,improve
2070,13,2009.2000000000005,8,843.8000000000005,2opt,notBad
2071,13,2009.2000000000005,8,843.8000000000005,move,improve
2072,13,2009.2000000000005,8,843.8000000000005,move,improve
2073,13,2009.2000000000005,8,843.8000000000005,swap,notBad
2074,13,1963.6000000000004,8,843.8000000000005,swap,improve
2075,13,1963.6000000000004,8,843.8000000000005,2opt,notBad
2076,13,1961.1999999999998,8,843.8000000000005,swap,improve
2077,13,2008.8000000000006,8,843.8000000000005,swap,acceptBad
2078,13,2008.8000000000006,8,843.8000000000005,2opt,notBad
2079,13,2008.8000000000006,8,843.8000000000005,move,improve
2080,13,2113.7999999999993,8,843.8000000000005,swap,acceptBad
2081,13,2113.7999999999993,8,843.8000000000005,swap,notBad
2082,13,2113.7999999999993,8,843.8000000000005,swap,notBad
2083,13,2113.7999999999993,8,843.8000000000005,move,improve
2084,13,1361.3999999999987,8,843.8000000000005,move,improve
2085,13,1361.3999999999987,8,843.8000000000005,move,improve
2086,13,1361.3999999999987,8,843.8000000000005,move,improve
2087,13,1361.3999999999987,8,843.8000000000005,move,improve
2088,13,1735.6,8,843.8000000000005,swap,acceptBad
2089,13,1754.7999999999981,8,843.8000000000005,swap,acceptBad
2090,13,1754.7999999999981,8,843.8000000000005,2opt,improve
2091,13,1877.5999999999983,8,843.8000000000005,swap,acceptBad
2092,13,2315.6000000000013,8,843.8000000000005,swap,acceptBad
2093,13,2315.6000000000013,8,843.8000000000005,2opt,notBad
2094,13,2315.6000000000013,8,843.8000000000005,2opt,notBad
2095,13,2315.6000000000013,8,843.8000000000005,2opt,notBad
2096,13,2315.6000000000013,8,843.8000000000005,2opt,notBad
2097,13,2052.199999999999,8,843.8000000000005,move,improve
2098,13,1852.3999999999976,8,843.8000000000005,move,improve
2099,13,1852.3999999999976,8,843.8000000000005,move,improve
2100,13,1852.3999999999976,8,843.8000000000005,2opt,notBad
2101,13,1394.399999999998,8,843.8000000000005,move,improve
2102,13,1394.399999999998,8,843.8000000000005,2opt,notBad
2103,13,1518.199999999999,8,843.8000000000005,swap,acceptBad
2104,13,1518.199999999999,8,843.8000000000005,move,improve
2105,13,1518.199999999999,8,843.8000000000005,2opt,notBad
2106,13,1518.199999999999,8,843.8000000000005,move,improve
2107,13,1518.199999999999,8,843.8000000000005,move,improve
2108,13,1518.199999999999,8,843.8000000000005,move,improve
2109,13,1712.7999999999993,8,843.8000000000005,move,acceptBad
2110,13,1712.7999999999993,8,843.8000000000005,swap,notBad
2111,13,1753.9999999999993,8,843.8000000000005,2opt,acceptBad
2112,13,1753.9999999999993,8,843.8000000000005,2opt,notBad
2113,13,1753.9999999999993,8,843.8000000000005,swap,notBad
2114,13,1663.7999999999995,8,843.8000000000005,move,improve
2115,13,1663.7999999999995,8,843.8000000000005,2opt,notBad
2116,13,1663.7999999999988,8,843.8000000000005,2opt,improve
2117,13,1663.7999999999988,8,843.8000000000005,move,improve
2118,13,1663.7999999999988,8,843.8000000000005,swap,notBad
2119,13,1663.7999999999988,8,843.8000000000005,swap,notBad
2120,13,1663.7999999999988,8,843.8000000000005,swap,notBad
2121,13,1486.599999999998,8,843.8000000000005,move,improve
2122,13,1486.5999999999976,8,843.8000000000005,2opt,improve
2123,13,1948.599999999999,8,843.8000000000005,swap,acceptBad
2124,13,1948.599999999999,8,843.8000000000005,swap,notBad
2125,13,1852.9999999999989,8,843.8000000000005,move,improve
2126,13,1852.9999999999989,8,843.8000000000005,2opt,notBad
2127,13,1852.9999999999989,8,843.8000000000005,2opt,notBad
2128,13,1852.9999999999989,8,843.8000000000005,swap,notBad
2129,13,1852.9999999999989,8,843.8000000000005,move,improve
2130,13,1852.9999999999989,8,843.8000000000005,swap,notBad
2131,13,1689.9999999999993,8,843.8000000000005,move,improve
2132,13,1689.9999999999993,8,843.8000000000005,move,improve
2133,13,1689.9999999999993,8,843.8000000000005,2opt,notBad
2134,13,1689.9999999999993,8,843.8000000000005,swap,notBad
2135,13,1619.1999999999991,8,843.8000000000005,move,improve
2136,13,1619.1999999999991,8,843.8000000000005,2opt,notBad
2137,13,1619.1999999999991,8,843.8000000000005,move,improve
2138,13,1503.3999999999994,8,843.8000000000005,swap,improve
2139,13,1503.3999999999994,8,843.8000000000005,swap,notBad
2140,13,1503.3999999999994,8,843.8000000000005,2opt,notBad
2141,13,1351.6000000000001,8,843.8000000000005,move,improve
2142,13,1349.7999999999997,8,843.8000000000005,2opt,improve
2143,13,1349.7999999999997,8,843.8000000000005,move,improve
2144,13,1297.4,8,843.8000000000005,move,improve
2145,13,1297.4,8,843.8000000000005,2opt,notBad
2146,13,1297.4,8,843.8000000000005,swap,notBad
2147,13,1297.4,8,843.8000000000005,swap,notBad
2148,13,1172.3999999999996,8,843.8000000000005,move,improve
2149,13,1159.3999999999992,8,843.8000000000005,move,improve
2150,13,1550.599999999999,8,843.8000000000005,swap,acceptBad
2151,13,1550.599999999999,8,843.8000000000005,2opt,improve
2152,13,1550.5999999999985,8,843.8000000000005,move,improve
2153,13,1550.5999999999985,8,843.8000000000005,2opt,notBad
2154,13,1550.5999999999985,8,843.8000000000005,swap,notBad
2155,13,1604.7999999999993,8,843.8000000000005,swap,acceptBad
2156,13,1806.7999999999997,8,843.8000000000005,swap,acceptBad
2157,13,1806.7999999999997,8,843.8000000000005,swap,notBad
2158,13,1806.7999999999997,8,843.8000000000005,move,improve
2159,13,1806.7999999999997,8,843.8000000000005,2opt,notBad
2160,13,1806.7999999999997,8,843.8000000000005,move,improve
2161,13,1696.7999999999997,8,843.8000000000005,move,improve
2162,13,1696.7999999999997,8,843.8000000000005,swap,notBad
2163,13,1568.4,8,843.8000000000005,move,improve
2164,13,1568.400000000001,8,843.8000000000005,2opt,acceptBad
2165,13,1780.4000000000015,8,843.8000000000005,swap,acceptBad
2166,13,1780.4000000000015,8,843.8000000000005,2opt,improve
2167,13,1036.2000000000012,8,843.8000000000005,move,improve
2168,13,1036.2000000000012,8,843.8000000000005,2opt,notBad
2169,13,1027.200000000002,8,843.8000000000005,move,improve
2170,13,1069.0,8,843.8000000000005,swap,acceptBad
2171,13,1069.0,8,843.8000000000005,move,improve
2172,13,1069.0,8,843.8000000000005,swap,notBad
2173,13,1069.0,8,843.8000000000005,move,improve
2174,13,1069.0,8,843.8000000000005,swap,notBad
2175,13,1069.0,8,843.8000000000005,move,improve
2176,13,1069.0,8,843.8000000000005,move,improve
2177,13,1069.0,8,843.8000000000005,2opt,notBad
2178,13,1424.6,8,843.8000000000005,swap,acceptBad
2179,13,1424.6,8,843.8000000000005,move,improve
2180,13,1424.6,8,843.8000000000005,move,improve
2181,13,1424.6,8,843.8000000000005,2opt,notBad
2182,13,1424.6,8,843.8000000000005,2opt,notBad
2183,13,753.5999999999999,13,753.5999999999999,move,newBest
2184,13,445.39999999999986,13,445.39999999999986,move,newBest
2185,13,445.39999999999986,13,445.39999999999986,move,improve
2186,13,445.39999999999986,13,445.39999999999986,swap,notBad
2187,13,445.39999999999986,13,445.39999999999986,2opt,notBad
2188,13,438.8000000000003,13,438.8000000000003,swap,newBest
2189,13,438.8000000000003,13,438.8000000000003,move,improve
2190,13,438.8000000000003,13,438.8000000000003,swap,notBad
2191,13,438.8000000000003,13,438.8000000000003,2opt,notBad
2192,13,438.8000000000003,13,438.8000000000003,2opt,notBad
2193,13,438.8000000000003,13,438.8000000000003,move,improve
2194,13,438.8000000000003,13,438.8000000000003,2opt,notBad
2195,13,438.8000000000003,13,438.8000000000003,2opt,notBad
2196,13,438.8000000000003,13,438.8000000000003,swap,notBad
2197,13,438.8000000000003,13,438.8000000000003,move,improve
2198,13,438.8000000000003,13,438.8000000000003,swap,notBad
2199,13,438.8000000000003,13,438.8000000000003,2opt,notBad
2200,13,438.8000000000003,13,438.8000000000003,move,improve
2201,13,438.8000000000003,13,438.8000000000003,swap,notBad
2202,13,438.8000000000003,13,438.8000000000003,2opt,notBad
2203,13,438.8000000000003,13,438.8000000000003,move,improve
2204,13,438.8000000000003,13,438.8000000000003,move,improve
2205,13,438.8000000000003,13,438.8000000000003,2opt,notBad
2206,13,438.8000000000003,13,438.8000000000003,swap,notBad
2207,13,438.8000000000003,13,438.8000000000003,swap,notBad
2208,13,438.8000000000003,13,438.8000000000003,2opt,notBad
2209,13,418.0,13,418.0,swap,newBest
2210,13,498.5999999999997,13,418.0,swap,acceptBad
2211,13,498.5999999999997,13,418.0,2opt,notBad
2212,13,656.4000000000001,13,418.0,2opt,acceptBad
2213,13,656.4000000000001,13,418.0,swap,notBad
2214,13,656.4000000000001,13,418.0,2opt,improve
2215,13,656.4000000000001,13,418.0,move,improve
2216,13,586.2000000000016,13,418.0,move,improve
2217,13,586.2000000000016,13,418.0,move,improve
2218,13,586.2000000000016,13,418.0,swap,notBad
2219,13,586.2000000000016,13,418.0,swap,notBad
2220,13,815.8000000000004,13,418.0,swap,acceptBad
2221,13,815.8000000000004,13,418.0,swap,notBad
2222,13,815.8000000000004,13,418.0,swap,notBad
2223,13,723.4000000000003,13,418.0,move,improve
2224,13,723.4000000000003,13,418.0,swap,notBad
2225,13,723.4000000000003,13,418.0,move,improve
2226,13,723.4000000000003,13,418.0,swap,notBad
2227,13,723.4000000000003,13,418.0,swap,notBad
2228,13,723.4000000000003,13,418.0,2opt,notBad
2229,13,723.4000000000003,13,418.0,swap,notBad
2230,13,693.2000000000012,13,418.0,swap,improve
2231,13,693.2000000000012,13,418.0,swap,notBad
2232,13,693.2000000000012,13,418.0,2opt,notBad
2233,13,600.6000000000013,13,418.0,swap,improve
2234,13,600.6000000000013,13,418.0,2opt,notBad
2235,13,600.6000000000013,13,418.0,2opt,notBad
2236,13,599.400000000001,13,418.0,swap,improve
2237,13,1208.600000000002,13,418.0,swap,acceptBad
2238,13,824.2000000000016,13,418.0,move,improve
2239,13,824.2000000000016,13,418.0,move,improve
2240,13,1021.8000000000018,13,418.0,swap,acceptBad
2241,13,1012.2000000000014,13,418.0,move,improve
2242,13,1012.2000000000014,13,418.0,swap,notBad
2243,13,1012.2000000000014,13,418.0,2opt,notBad
2244,13,1012.2000000000014,13,418.0,2opt,notBad
2245,13,1012.2000000000014,13,418.0,2opt,notBad
2246,13,1012.2000000000014,13,418.0,2opt,notBad
2247,13,876.0000000000005,13,418.0,swap,improve
2248,13,876.0000000000005,13,418.0,2opt,notBad
2249,13,876.0000000000005,13,418.0,swap,notBad
2250,13,876.0000000000005,13,418.0,2opt,notBad
2251,13,876.0000000000005,13,418.0,2opt,notBad
2252,13,876.0000000000005,13,418.0,swap,notBad
2253,13,876.0000000000005,13,418.0,2opt,notBad
2254,13,876.0000000000005,13,418.0,move,improve
2255,13,876.0000000000005,13,418.0,swap,notBad
2256,13,876.0000000000005,13,418.0,2opt,notBad
2257,13,876.0000000000005,13,418.0,2opt,notBad
2258,13,988.4000000000003,13,418.0,swap,acceptBad
2259,13,988.4000000000003,13,418.0,move,improve
2260,13,988.4000000000003,13,418.0,2opt,notBad
2261,13,988.4000000000003,13,418.0,swap,notBad
2262,13,1603.4000000000003,13,418.0,swap,acceptBad
2263,13,1844.5999999999995,13,418.0,swap,acceptBad
2264,13,1844.5999999999995,13,418.0,swap,notBad
2265,13,1265.7999999999995,13,418.0,move,improve
2266,13,1265.7999999999995,13,418.0,2opt,notBad
2267,13,1522.9999999999995,13,418.0,swap,acceptBad
2268,13,1670.599999999999,13,418.0,swap,acceptBad
2269,13,1670.599999999999,13,418.0,move,improve
2270,13,1670.599999999999,13,418.0,2opt,notBad
2271,13,1670.599999999999,13,418.0,move,improve
2272,13,1670.5999999999988,13,418.0,2opt,improve
2273,13,1765.3999999999985,13,418.0,swap,acceptBad
2274,13,1798.1999999999987,13,418.0,2opt,acceptBad
2275,13,2013.399999999999,13,418.0,swap,acceptBad
2276,13,2006.3999999999999,13,418.0,swap,improve
2277,13,2006.3999999999999,13,418.0,2opt,notBad
2278,13,2006.3999999999999,13,418.0,2opt,notBad
2279,13,2005.2,13,418.0,move,improve
2280,13,2263.400000000001,13,418.0,swap,acceptBad
2281,13,2254.6000000000017,13,418.0,move,improve
2282,13,2639.8000000000015,13,418.0,swap,acceptBad
2283,13,2548.200000000002,13,418.0,swap,improve
2284,13,2548.200000000002,13,418.0,2opt,notBad
2285,13,2548.200000000002,13,418.0,2opt,notBad
2286,13,2548.200000000002,13,418.0,2opt,notBad
2287,13,1562.8000000000004,13,418.0,move,improve
2288,13,1406.6000000000001,13,418.0,move,improve
2289,13,1406.6000000000001,13,418.0,2opt,notBad
2290,13,1406.6000000000001,13,418.0,move,improve
2291,13,1406.6000000000001,13,418.0,move,improve
2292,13,1406.6000000000001,13,418.0,swap,notBad
2293,13,1418.1999999999991,13,418.0,swap,acceptBad
2294,13,1418.1999999999991,13,418.0,swap,notBad
2295,13,1683.9999999999989,13,418.0,swap,acceptBad
2296,13,1683.9999999999989,13,418.0,swap,notBad
2297,13,1683.9999999999989,13,418.0,move,improve
2298,13,1733.3999999999994,13,418.0,swap,acceptBad
2299,13,1733.3999999999994,13,418.0,move,improve
2300,13,1733.3999999999994,13,418.0,move,improve
2301,13,1733.3999999999994,13,418.0,move,improve
2302,13,1504.8000000000004,13,418.0,move,improve
2303,13,1504.8000000000004,13,418.0,move,improve
2304,13,1504.8000000000004,13,418.0,swap,notBad
2305,13,1817.8,13,418.0,swap,acceptBad
2306,13,1817.8,13,418.0,2opt,notBad
2307,13,1450.0000000000007,13,418.0,move,improve
2308,13,1156.4000000000003,13,418.0,swap,improve
2309,13,1156.4000000000003,13,418.0,move,improve
2310,13,1180.0000000000002,13,418.0,swap,acceptBad
2311,13,1180.0000000000002,13,418.0,2opt,notBad
2312,13,1011.0000000000005,13,418.0,move,improve
2313,13,1011.0000000000005,13,418.0,2opt,notBad
2314,13,1011.0000000000005,13,418.0,2opt,notBad
2315,13,1011.0000000000005,13,418.0,move,improve
2316,13,1011.0000000000005,13,418.0,swap,notBad
2317,13,1011.0000000000005,13,418.0,2opt,notBad
2318,13,1300.4000000000003,13,418.0,swap,acceptBad
2319,13,1512.5999999999992,13,418.0,swap,acceptBad
2320,13,1512.5999999999992,13,418.0,move,improve
2321,13,1291.3999999999994,13,418.0,move,improve
2322,13,1291.3999999999994,13,418.0,move,improve
2323,13,1291.3999999999994,13,418.0,2opt,notBad
2324,13,1291.3999999999994,13,418.0,move,improve
2325,13,1291.3999999999994,13,418.0,2opt,notBad
2326,13,1291.3999999999994,13,418.0,2opt,notBad
2327,13,1291.3999999999994,13,418.0,swap,notBad
2328,13,1291.3999999999994,13,418.0,move,improve
2329,13,1489.3999999999999,13,418.0,swap,acceptBad
2330,13,1477.9999999999998,13,418.0,move,improve
2331,13,1358.4000000000005,13,418.0,swap,improve
2332,13,1349.2000000000007,13,418.0,move,improve
2333,13,1349.2000000000007,13,418.0,2opt,notBad
2334,13,1349.2000000000007,13,418.0,2opt,improve
2335,13,1349.2000000000007,13,418.0,2opt,notBad
2336,13,1297.9999999999989,13,418.0,2opt,improve
2337,13,1237.6,13,418.0,move,improve
2338,13,1505.1999999999998,13,418.0,swap,acceptBad
2339,13,1505.1999999999998,13,418.0,swap,notBad
2340,13,1505.1999999999998,13,418.0,2opt,notBad
2341,13,1505.1999999999998,13,418.0,move,improve
2342,13,1505.1999999999998,13,418.0,swap,notBad
2343,13,1505.1999999999998,13,418.0,2opt,notBad
2344,13,1505.1999999999998,13,418.0,2opt,notBad
2345,13,1505.1999999999998,13,418.0,swap,notBad
2346,13,1487.2,13,418.0,swap,improve
2347,13,1786.5999999999995,13,418.0,swap,acceptBad
2348,13,1786.5999999999995,13,418.0,swap,notBad
2349,13,1786.5999999999995,13,418.0,2opt,notBad
2350,13,1898.399999999999,13,418.0,swap,acceptBad
2351,13,1880.1999999999998,13,418.0,2opt,improve
2352,13,1880.1999999999998,13,418.0,swap,notBad
2353,13,1880.1999999999998,13,418.0,2opt,notBad
2354,13,1880.1999999999998,13,418.0,2opt,notBad
2355,13,1904.7999999999997,13,418.0,swap,acceptBad
2356,13,2030.1999999999991,13,418.0,2opt,acceptBad
2357,13,2030.1999999999991,13,418.0,2opt,notBad
2358,13,1605.1999999999994,13,418.0,2opt,improve
2359,13,1605.1999999999994,13,418.0,move,improve
2360,13,1605.1999999999994,13,418.0,move,improve
2361,13,1577.9999999999995,13,418.0,move,improve
2362,13,1415.3999999999992,13,418.0,move,improve
2363,13,1415.3999999999992,13,418.0,2opt,notBad
2364,13,1415.3999999999992,13,418.0,swap,notBad
2365,13,1415.3999999999992,13,418.0,2opt,notBad
2366,13,1415.3999999999992,13,418.0,2opt,notBad
2367,13,1415.3999999999992,13,418.0,2opt,notBad
2368,13,1415.3999999999992,13,418.0,move,improve
2369,13,1415.3999999999992,13,418.0,move,improve
2370,13,1415.3999999999992,13,418.0,swap,notBad
2371,13,1185.599999999999,13,418.0,move,improve
2372,13,1185.599999999999,13,418.0,move,improve
2373,13,1185.599999999999,13,418.0,2opt,notBad
2374,13,1114.2000000000003,13,418.0,move,improve
2375,13,1114.2000000000003,13,418.0,2opt,notBad
2376,13,1054.2000000000003,13,418.0,swap,improve
2377,13,1021.3999999999999,13,418.0,2opt,improve
2378,13,1021.3999999999999,13,418.0,move,improve
2379,13,1072.3999999999992,13,418.0,2opt,acceptBad
2380,13,1072.3999999999992,13,418.0,2opt,improve
2381,13,1179.999999999999,13,418.0,2opt,acceptBad
2382,13,1179.999999999999,13,418.0,move,improve
2383,13,1178.999999999999,13,418.0,move,improve
2384,13,1178.999999999999,13,418.0,2opt,notBad
2385,13,1178.999999999999,13,418.0,move,improve
2386,13,1178.999999999999,13,418.0,swap,notBad
2387,13,1178.999999999999,13,418.0,move,improve
2388,13,1178.999999999999,13,418.0,move,improve
2389,13,1178.999999999999,13,418.0,move,improve
2390,13,1178.999999999999,13,418.0,2opt,notBad
2391,13,1361.7999999999993,13,418.0,swap,acceptBad
2392,13,1361.7999999999993,13,418.0,move,improve
2393,13,1361.7999999999993,13,418.0,move,improve
2394,13,1203.3999999999987,13,418.0,move,improve
2395,13,1203.3999999999987,13,418.0,swap,notBad
2396,13,1196.7999999999997,13,418.0,swap,improve
2397,13,1196.7999999999997,13,418.0,2opt,notBad
2398,13,1196.7999999999997,13,418.0,swap,notBad
2399,13,1196.7999999999997,13,418.0,2opt,notBad
2400,13,1196.7999999999997,13,418.0,2opt,notBad
2401,13,1196.7999999999997,13,418.0,2opt,notBad
2402,13,1196.7999999999997,13,418.0,move,improve
2403,13,1196.7999999999997,13,418.0,move,improve
2404,13,1050.0,13,418.0,move,improve
2405,13,1050.0,13,418.0,move,improve
2406,13,1050.0,13,418.0,move,improve
2407,13,1050.0,13,418.0,2opt,notBad
2408,13,793.3999999999985,13,418.0,move,improve
2409,13,793.3999999999985,13,418.0,move,improve
2410,13,793.3999999999985,13,418.0,2opt,notBad
2411,13,793.3999999999985,13,418.0,move,improve
2412,13,793.3999999999985,13,418.0,swap,notBad
2413,13,686.5999999999983,13,418.0,move,improve
2414,13,686.5999999999983,13,418.0,move,improve
2415,13,686.5999999999983,13,418.0,move,improve
2416,13,686.5999999999983,13,418.0,2opt,improve
2417,13,686.5999999999983,13,418.0,2opt,notBad
2418,13,686.5999999999983,13,418.0,2opt,notBad
2419,13,686.5999999999983,13,418.0,swap,notBad
2420,13,686.5999999999983,13,418.0,2opt,notBad
2421,13,686.5999999999983,13,418.0,move,improve
2422,13,686.5999999999983,13,418.0,2opt,notBad
2423,13,686.5999999999983,13,418.0,swap,notBad
2424,13,686.5999999999983,13,418.0,2opt,notBad
2425,13,993.999999999997,13,418.0,swap,acceptBad
2426,13,993.999999999997,13,418.0,move,improve
2427,13,993.999999999997,13,418.0,2opt,notBad
2428,13,1282.3999999999974,13,418.0,swap,acceptBad
2429,13,1282.3999999999974,13,418.0,2opt,improve
2430,13,1282.3999999999974,13,418.0,swap,notBad
2431,13,1282.3999999999974,13,418.0,swap,notBad
2432,13,1277.9999999999973,13,418.0,swap,improve
2433,13,1357.1999999999975,13,418.0,swap,acceptBad
2434,13,1357.1999999999975,13,418.0,swap,notBad
2435,13,1357.1999999999975,13,418.0,2opt,notBad
2436,13,1357.1999999999975,13,418.0,move,improve
2437,13,1357.1999999999975,13,418.0,move,improve
2438,13,1357.1999999999975,13,418.0,2opt,notBad
2439,13,1081.3999999999974,13,418.0,move,improve
2440,13,1081.3999999999974,13,418.0,move,improve
2441,13,1081.3999999999974,13,418.0,swap,notBad
2442,13,1081.3999999999974,13,418.0,2opt,notBad
2443,13,1061.3999999999974,13,418.0,move,improve
2444,13,1061.3999999999974,13,418.0,2opt,notBad
2445,13,1061.3999999999974,13,418.0,move,improve
2446,13,853.399999999999,13,418.0,move,improve
2447,13,853.399999999999,13,418.0,2opt,notBad
2448,13,853.399999999999,13,418.0,2opt,notBad
2449,13,853.399999999999,13,418.0,move,improve
2450,13,853.399999999999,13,418.0,2opt,notBad
2451,13,853.399999999999,13,418.0,2opt,notBad
2452,13,853.399999999999,13,418.0,swap,notBad
2453,13,853.399999999999,13,418.0,swap,notBad
2454,13,853.399999999999,13,418.0,2opt,notBad
2455,13,853.399999999999,13,418.0,move,improve
2456,13,985.9999999999998,13,418.0,2opt,acceptBad
2457,13,985.9999999999998,13,418.0,2opt,notBad
2458,13,985.9999999999998,13,418.0,2opt,improve
2459,13,985.9999999999998,13,418.0,2opt,improve
2460,13,985.9999999999998,13,418.0,2opt,notBad
2461,13,985.9999999999998,13,418.0,move,improve
2462,13,985.9999999999998,13,418.0,2opt,notBad
2463,13,985.9999999999998,13,418.0,2opt,improve
2464,13,985.9999999999998,13,418.0,2opt,notBad
2465,13,985.9999999999998,13,418.0,move,improve
2466,13,985.9999999999998,13,418.0,swap,notBad
2467,13,985.9999999999998,13,418.0,2opt,notBad
2468,13,985.9999999999998,13,418.0,move,improve
2469,13,903.6000000000008,13,418.0,2opt,improve
2470,13,903.6000000000008,13,418.0,move,improve
2471,13,903.6000000000008,13,418.0,swap,notBad
2472,13,903.6000000000008,13,418.0,2opt,notBad
2473,13,903.6000000000008,13,418.0,move,improve
2474,13,903.6000000000008,13,418.0,2opt,notBad
2475,13,903.6000000000008,13,418.0,move,improve
2476,13,845.4000000000013,13,418.0,move,improve
2477,13,845.4000000000013,13,418.0,2opt,notBad
2478,13,845.4000000000013,13,418.0,move,improve
2479,13,845.4000000000013,13,418.0,2opt,notBad
2480,13,845.4000000000013,13,418.0,2opt,notBad
2481,13,845.4000000000013,13,418.0,swap,notBad
2482,13,845.4000000000013,13,418.0,2opt,notBad
2483,13,1105.8000000000015,13,418.0,swap,acceptBad
2484,13,1105.8000000000015,13,418.0,swap,notBad
2485,13,1105.8000000000015,13,418.0,move,improve
2486,13,1105.8000000000015,13,418.0,move,improve
2487,13,1105.8000000000015,13,418.0,2opt,improve
2488,13,1105.8000000000015,13,418.0,move,improve
2489,13,1105.8000000000015,13,418.0,move,improve
2490,13,1105.8000000000015,13,418.0,swap,notBad
2491,13,1105.8000000000015,13,418.0,swap,notBad
2492,13,1105.8000000000015,13,418.0,move,improve
2493,13,1105.8000000000015,13,418.0,swap,notBad
2494,13,1105.8000000000015,13,418.0,2opt,notBad
2495,13,1105.8000000000015,13,418.0,2opt,notBad
2496,13,1105.8000000000015,13,418.0,swap,notBad
2497,13,1105.8000000000015,13,418.0,2opt,notBad
2498,13,1078.6000000000008,13,418.0,swap,improve
2499,13,1078.6000000000008,13,418.0,move,improve
2500,13,1078.6000000000008,13,418.0,swap,notBad
2501,13,1078.6000000000008,13,418.0,2opt,notBad
2502,13,1447.4,13,418.0,swap,acceptBad
2503,13,1450.0,13,418.0,swap,acceptBad
2504,13,1450.0,13,418.0,swap,notBad
2505,13,1450.0,13,418.0,2opt,notBad
2506,13,1418.2000000000003,13,418.0,swap,improve
2507,13,1418.2000000000003,13,418.0,2opt,notBad
2508,13,1418.2000000000003,13,418.0,2opt,notBad
2509,13,1418.2000000000003,13,418.0,move,improve
2510,13,1418.2000000000003,13,418.0,2opt,notBad
2511,13,1346.6,13,418.0,move,improve
2512,13,1346.6,13,418.0,move,improve
2513,13,1346.6,13,418.0,move,improve
2514,13,1346.6,13,418.0,swap,notBad
2515,13,1029.6000000000008,13,418.0,move,improve
2516,13,1029.6000000000008,13,418.0,move,notBad
2517,13,1029.6000000000008,13,418.0,swap,notBad
2518,13,1029.6000000000008,13,418.0,swap,notBad
2519,13,1190.6000000000008,13,418.0,swap,acceptBad
2520,13,1190.2000000000007,13,418.0,move,improve
2521,13,1185.8000000000002,13,418.0,swap,improve
2522,13,1185.8000000000002,13,418.0,2opt,notBad
2523,13,1482.0,13,418.0,swap,acceptBad
2524,13,1160.2000000000012,13,418.0,move,improve
2525,13,1160.2000000000012,13,418.0,swap,notBad
2526,13,1160.2000000000012,13,418.0,swap,notBad
2527,13,1160.2000000000012,13,418.0,2opt,notBad
2528,13,986.0000000000016,13,418.0,move,improve
2529,13,986.0000000000016,13,418.0,swap,notBad
2530,13,986.0000000000016,13,418.0,2opt,notBad
2531,13,967.2000000000004,13,418.0,move,improve
2532,13,1047.2000000000003,13,418.0,swap,acceptBad
2533,13,1314.400000000001,13,418.0,swap,acceptBad
2534,13,1314.400000000001,13,418.0,move,improve
2535,13,1272.2000000000007,13,418.0,move,improve
2536,13,1516.800000000001,13,418.0,swap,acceptBad
2537,13,1516.800000000001,13,418.0,move,improve
2538,13,1516.800000000001,13,418.0,2opt,notBad
2539,13,1650.6000000000013,13,418.0,swap,acceptBad
2540,13,1450.000000000001,13,418.0,move,improve
2541,13,1450.000000000001,13,418.0,2opt,notBad
2542,13,1450.000000000001,13,418.0,2opt,notBad
2543,13,1450.000000000001,13,418.0,2opt,notBad
2544,13,1450.000000000001,13,418.0,swap,notBad
2545,13,1450.000000000001,13,418.0,swap,notBad
2546,13,1450.000000000001,13,418.0,swap,notBad
2547,13,1450.000000000001,13,418.0,2opt,notBad
2548,13,1450.000000000001,13,418.0,2opt,notBad
2549,13,1450.000000000001,13,418.0,move,improve
2550,13,1450.000000000001,13,418.0,move,improve
2551,13,1339.800000000001,13,418.0,move,improve
2552,13,1339.800000000001,13,418.0,swap,notBad
2553,13,1339.800000000001,13,418.0,move,improve
2554,13,1241.4,13,418.0,swap,improve
2555,13,1241.4,13,418.0,swap,notBad
2556,13,1241.4,13,418.0,move,improve
2557,13,1241.4,13,418.0,swap,notBad
2558,13,1241.4000000000003,13,418.0,2opt,acceptBad
2559,13,1241.4000000000003,13,418.0,swap,improve
2560,13,1228.2000000000003,13,418.0,move,improve
2561,13,1228.2000000000003,13,418.0,move,improve
2562,13,1228.2000000000003,13,418.0,move,improve
2563,13,1228.2000000000003,13,418.0,swap,notBad
2564,13,1228.2000000000003,13,418.0,move,improve
2565,13,1228.2000000000003,13,418.0,2opt,improve
2566,13,1225.2000000000007,13,418.0,move,improve
2567,13,1137.5999999999995,13,418.0,2opt,improve
2568,13,1137.5999999999995,13,418.0,move,improve
2569,13,1469.999999999999,13,418.0,swap,acceptBad
2570,13,1480.7999999999995,13,418.0,swap,acceptBad
2571,13,1558.4000000000003,13,418.0,swap,acceptBad
2572,13,1558.4000000000003,13,418.0,2opt,notBad
2573,13,1558.4000000000003,13,418.0,2opt,notBad
2574,13,1558.4000000000003,13,418.0,swap,notBad
2575,13,1558.4000000000003,13,418.0,swap,notBad
2576,13,1558.4000000000003,13,418.0,move,improve
2577,13,1527.0000000000011,13,418.0,swap,improve
2578,13,1527.2000000000005,13,418.0,swap,acceptBad
2579,13,1527.2000000000005,13,418.0,2opt,notBad
2580,13,1527.2000000000005,13,418.0,2opt,notBad
2581,13,1527.2000000000005,13,418.0,swap,notBad
2582,13,1527.2000000000005,13,418.0,move,improve
2583,13,1527.2000000000005,13,418.0,swap,notBad
2584,13,1527.2000000000005,13,418.0,move,improve
2585,13,1524.0000000000002,13,418.0,swap,improve
2586,13,1524.0000000000002,13,418.0,2opt,notBad
2587,13,1780.8,13,418.0,swap,acceptBad
2588,13,1780.8,13,418.0,2opt,notBad
2589,13,1780.8,13,418.0,move,improve
2590,13,1780.8000000000002,13,418.0,2opt,acceptBad
2591,13,1755.8000000000002,13,418.0,move,improve
2592,13,1755.8000000000002,13,418.0,move,improve
2593,13,1755.8000000000002,13,418.0,2opt,notBad
2594,13,1755.8000000000002,13,418.0,2opt,notBad
2595,13,1755.8000000000002,13,418.0,2opt,notBad
2596,13,1369.1999999999998,13,418.0,move,improve
2597,13,1369.1999999999998,13,418.0,2opt,notBad
2598,13,1359.1999999999994,13,418.0,move,improve
2599,13,1359.1999999999994,13,418.0,swap,notBad
2600,13,1290.199999999999,13,418.0,move,improve
2601,13,1369.0,13,418.0,swap,acceptBad
2602,13,1369.0,13,418.0,swap,notBad
2603,13,1308.3999999999992,13,418.0,move,improve
2604,13,1308.3999999999994,13,418.0,2opt,acceptBad
2605,13,1308.3999999999992,13,418.0,2opt,improve
2606,13,1336.4,13,418.0,swap,acceptBad
2607,13,1336.4,13,418.0,2opt,notBad
2608,13,1336.4,13,418.0,2opt,notBad
2609,13,1336.4,13,418.0,move,improve
2610,13,1336.4,13,418.0,move,improve
2611,13,1336.4,13,418.0,2opt,notBad
2612,13,1336.4,13,418.0,move,improve
2613,13,1336.4,13,418.0,move,improve
2614,13,1336.4,13,418.0,2opt,notBad
2615,13,1317.3999999999987,13,418.0,move,improve
2616,13,1339.1999999999982,13,418.0,swap,acceptBad
2617,13,1339.1999999999982,13,418.0,move,improve
2618,13,1339.1999999999982,13,418.0,move,improve
2619,13,1339.1999999999982,13,418.0,swap,notBad
2620,13,1282.7999999999993,13,418.0,move,improve
2621,13,1152.1999999999985,13,418.0,move,improve
2622,13,1152.1999999999985,13,418.0,move,improve
2623,13,1152.1999999999985,13,418.0,2opt,notBad
2624,13,1152.1999999999985,13,418.0,2opt,notBad
2625,13,1152.1999999999985,13,418.0,move,improve
2626,13,1152.1999999999985,13,418.0,move,improve
2627,13,1152.1999999999985,13,418.0,move,improve
2628,13,1152.1999999999985,13,418.0,swap,notBad
2629,13,1152.1999999999985,13,418.0,2opt,notBad
2630,13,1152.1999999999985,13,418.0,move,improve
2631,13,1117.4,13,418.0,move,improve
2632,13,1117.4,13,418.0,move,improve
2633,13,1117.4,13,418.0,move,improve
2634,13,1117.4,13,418.0,2opt,notBad
2635,13,1117.4,13,418.0,swap,notBad
2636,13,1163.4,13,418.0,swap,acceptBad
2637,13,1063.4,13,418.0,move,improve
2638,13,1063.4,13,418.0,2opt,notBad
2639,13,1063.4,13,418.0,2opt,notBad
2640,13,903.0000000000009,13,418.0,move,improve
2641,13,903.0000000000009,13,418.0,move,improve
2642,13,903.0000000000009,13,418.0,swap,notBad
2643,13,903.0000000000009,13,418.0,swap,notBad
2644,13,903.0000000000009,13,418.0,swap,notBad
2645,13,903.0000000000009,13,418.0,move,improve
2646,13,903.0000000000009,13,418.0,2opt,notBad
2647,13,859.8000000000027,13,418.0,move,improve
2648,13,859.8000000000027,13,418.0,swap,notBad
2649,13,859.8000000000027,13,418.0,2opt,notBad
2650,13,859.8000000000027,13,418.0,move,improve
2651,13,801.2000000000014,13,418.0,swap,improve
2652,13,859.8000000000027,13,418.0,swap,acceptBad
2653,13,859.8000000000027,13,418.0,swap,notBad
2654,13,859.8000000000027,13,418.0,move,improve
2655,13,859.8000000000027,13,418.0,move,improve
2656,13,859.8000000000027,13,418.0,2opt,notBad
2657,13,859.8000000000027,13,418.0,swap,notBad
2658,13,1015.4000000000024,13,418.0,swap,acceptBad
2659,13,971.200000000003,13,418.0,swap,improve
2660,13,971.200000000003,13,418.0,2opt,notBad
2661,13,1284.2000000000007,13,418.0,swap,acceptBad
2662,13,1284.2000000000007,13,418.0,swap,notBad
2663,13,1284.2000000000007,13,418.0,2opt,notBad
2664,13,1284.2000000000007,13,418.0,move,improve
2665,13,1284.2000000000007,13,418.0,2opt,improve
2666,13,1224.2000000000003,13,418.0,move,improve
2667,13,1224.2000000000003,13,418.0,swap,notBad
2668,13,1224.2000000000003,13,418.0,swap,notBad
2669,13,1224.2000000000003,13,418.0,2opt,notBad
2670,13,1429.2,13,418.0,swap,acceptBad
2671,13,996.9999999999989,13,418.0,move,improve
2672,13,996.9999999999989,13,418.0,2opt,notBad
2673,13,1031.1999999999991,13,418.0,swap,acceptBad
2674,13,1031.1999999999991,13,418.0,2opt,notBad
2675,13,1091.9999999999986,13,418.0,swap,acceptBad
2676,13,1107.3999999999987,13,418.0,swap,acceptBad
2677,13,1107.3999999999987,13,418.0,move,improve
2678,13,1107.3999999999987,13,418.0,move,improve
2679,13,1107.3999999999987,13,418.0,move,improve
2680,13,856.9999999999995,13,418.0,move,improve
2681,13,786.1999999999985,13,418.0,move,improve
2682,13,786.1999999999985,13,418.0,swap,notBad
2683,13,786.1999999999985,13,418.0,move,improve
2684,13,786.1999999999985,13,418.0,swap,notBad
2685,13,786.1999999999985,13,418.0,move,improve
2686,13,786.1999999999985,13,418.0,2opt,notBad
2687,13,1019.5999999999981,13,418.0,swap,acceptBad
2688,13,1019.5999999999981,13,418.0,swap,notBad
2689,13,1019.5999999999981,13,418.0,swap,notBad
2690,13,1019.5999999999981,13,418.0,2opt,improve
2691,13,1019.5999999999981,13,418.0,move,improve
2692,13,1019.5999999999981,13,418.0,2opt,notBad
2693,13,1019.5999999999981,13,418.0,swap,notBad
2694,13,955.9999999999986,13,418.0,move,improve
2695,13,1063.5999999999995,13,418.0,swap,acceptBad
2696,13,1166.6000000000008,13,418.0,swap,acceptBad
2697,13,1166.6000000000008,13,418.0,2opt,notBad
2698,13,1166.6000000000008,13,418.0,2opt,notBad
2699,13,1011.3999999999996,13,418.0,2opt,improve
2700,13,979.5999999999995,13,418.0,move,improve
2701,13,979.5999999999995,13,418.0,move,improve
2702,13,979.5999999999995,13,418.0,move,improve
2703,13,979.5999999999995,13,418.0,move,improve
2704,13,979.5999999999995,13,418.0,2opt,notBad
2705,13,979.5999999999995,13,418.0,move,improve
2706,13,984.7999999999997,13,418.0,swap,acceptBad
2707,13,984.7999999999997,13,418.0,move,improve
2708,13,1078.199999999999,13,418.0,swap,acceptBad
2709,13,1078.199999999999,13,418.0,2opt,notBad
2710,13,1078.199999999999,13,418.0,2opt,notBad
2711,13,949.1999999999991,13,418.0,move,improve
2712,13,949.1999999999991,13,418.0,swap,notBad
2713,13,949.1999999999991,13,418.0,swap,notBad
2714,13,949.1999999999991,13,418.0,swap,notBad
2715,13,937.1999999999989,13,418.0,move,improve
2716,13,630.3999999999985,13,418.0,move,improve
2717,13,630.3999999999985,13,418.0,2opt,notBad
2718,13,630.3999999999985,13,418.0,2opt,notBad
2719,13,630.3999999999985,13,418.0,swap,notBad
2720,13,679.7999999999993,13,418.0,swap,acceptBad
2721,13,677.599999999999,13,418.0,swap,improve
2722,13,677.599999999999,13,418.0,swap,improve
2723,13,677.599999999999,13,418.0,move,improve
2724,13,523.7999999999995,13,418.0,move,improve
2725,13,585.2000000000003,13,418.0,swap,acceptBad
2726,13,585.2000000000003,13,418.0,swap,notBad
2727,13,580.4000000000001,13,418.0,move,improve
2728,13,580.4000000000001,13,418.0,2opt,notBad
2729,13,580.4000000000001,13,418.0,move,improve
2730,13,580.4000000000001,13,418.0,swap,notBad
2731,13,640.5999999999997,13,418.0,swap,acceptBad
2732,13,640.5999999999997,13,418.0,2opt,notBad
2733,13,640.5999999999997,13,418.0,2opt,improve
2734,13,834.2000000000007,13,418.0,swap,acceptBad
2735,13,834.2000000000007,13,418.0,move,improve
2736,13,760.4000000000003,13,418.0,move,improve
2737,13,760.4000000000003,13,418.0,2opt,notBad
2738,13,760.4000000000003,13,418.0,move,improve
2739,13,760.4000000000003,13,418.0,2opt,notBad
2740,13,760.4000000000003,13,418.0,move,improve
2741,13,578.4000000000005,13,418.0,move,improve
2742,13,578.4000000000005,13,418.0,swap,notBad
2743,13,578.4000000000005,13,418.0,2opt,notBad
2744,13,578.4000000000005,13,418.0,move,improve
2745,13,578.4000000000005,13,418.0,swap,notBad
2746,13,578.4000000000005,13,418.0,move,improve
2747,13,578.4000000000005,13,418.0,swap,notBad
2748,13,658.2000000000005,13,418.0,swap,acceptBad
2749,13,658.2000000000005,13,418.0,2opt,notBad
2750,13,658.2000000000005,13,418.0,2opt,notBad
2751,13,656.3999999999999,13,418.0,move,improve
2752,13,656.3999999999999,13,418.0,2opt,notBad
2753,13,656.3999999999999,13,418.0,swap,notBad
2754,13,656.3999999999999,13,418.0,move,improve
2755,13,656.3999999999999,13,418.0,2opt,notBad
2756,13,656.3999999999999,13,418.0,swap,notBad
2757,13,656.3999999999999,13,418.0,swap,notBad
2758,13,696.9999999999993,13,418.0,swap,acceptBad
2759,13,696.9999999999993,13,418.0,2opt,notBad
2760,13,696.9999999999993,13,418.0,2opt,notBad
2761,13,622.1999999999985,13,418.0,2opt,improve
2762,13,622.1999999999985,13,418.0,2opt,notBad
2763,13,843.5999999999997,13,418.0,swap,acceptBad
2764,13,843.5999999999997,13,418.0,2opt,notBad
2765,13,843.5999999999997,13,418.0,swap,notBad
2766,13,843.5999999999997,13,418.0,move,improve
2767,13,843.5999999999997,13,418.0,swap,notBad
2768,13,843.5999999999997,13,418.0,swap,notBad
2769,13,850.4000000000003,13,418.0,swap,acceptBad
2770,13,850.4000000000003,13,418.0,move,improve
2771,13,850.4000000000003,13,418.0,swap,notBad
2772,13,635.1999999999985,13,418.0,move,improve
2773,13,635.1999999999985,13,418.0,move,improve
2774,13,635.1999999999985,13,418.0,2opt,notBad
2775,13,635.1999999999985,13,418.0,2opt,notBad
2776,13,635.1999999999985,13,418.0,2opt,notBad
2777,13,575.5999999999992,13,418.0,move,improve
2778,13,575.5999999999992,13,418.0,2opt,notBad
2779,13,575.5999999999992,13,418.0,2opt,notBad
2780,13,575.5999999999992,13,418.0,2opt,improve
2781,13,575.5999999999992,13,418.0,2opt,notBad
2782,13,575.5999999999992,13,418.0,2opt,notBad
2783,13,573.7999999999988,13,418.0,move,improve
2784,13,573.7999999999988,13,418.0,move,improve
2785,13,528.1999999999996,13,418.0,move,improve
2786,13,528.1999999999996,13,418.0,2opt,notBad
2787,13,528.1999999999996,13,418.0,swap,notBad
2788,13,527.2000000000005,13,418.0,move,improve
2789,13,527.2000000000005,13,418.0,swap,notBad
2790,13,527.2000000000005,13,418.0,move,improve
2791,13,527.2000000000005,13,418.0,swap,notBad
2792,13,527.2000000000005,13,418.0,2opt,notBad
2793,13,527.2000000000005,13,418.0,swap,notBad
2794,13,527.2000000000005,13,418.0,swap,notBad
2795,13,527.2000000000005,13,418.0,move,improve
2796,13,518.2000000000012,13,418.0,move,improve
2797,13,518.2000000000012,13,418.0,swap,notBad
2798,13,518.2000000000012,13,418.0,swap,notBad
2799,13,489.6000000000006,13,418.0,move,improve
2800,13,478.2000000000007,13,418.0,move,improve
2801,13,478.2000000000007,13,418.0,swap,notBad
2802,13,478.2000000000007,13,418.0,move,improve
2803,13,478.2000000000007,13,418.0,2opt,notBad
2804,13,478.2000000000007,13,418.0,swap,notBad
2805,13,478.2000000000007,13,418.0,move,improve
2806,13,478.2000000000007,13,418.0,swap,notBad
2807,13,469.0000000000007,13,418.0,move,improve
2808,13,469.0000000000007,13,418.0,swap,improve
2809,13,469.0000000000007,13,418.0,swap,notBad
2810,13,469.0000000000007,13,418.0,move,improve
2811,13,469.0000000000007,13,418.0,move,improve
2812,13,469.0000000000007,13,418.0,swap,notBad
2813,13,469.0000000000007,13,418.0,2opt,notBad
2814,13,469.0000000000007,13,418.0,move,improve
2815,13,469.0000000000007,13,418.0,2opt,notBad
2816,13,469.0000000000007,13,418.0,2opt,improve
2817,13,469.0000000000007,13,418.0,2opt,improve
2818,13,469.0000000000007,13,418.0,swap,notBad
2819,13,469.0000000000007,13,418.0,swap,notBad
2820,13,469.0000000000007,13,418.0,move,improve
2821,13,469.0000000000007,13,418.0,move,improve
2822,13,582.8000000000012,13,418.0,swap,acceptBad
2823,13,582.8000000000012,13,418.0,2opt,notBad
2824,13,582.8000000000012,13,418.0,swap,notBad
2825,13,582.8000000000012,13,418.0,move,improve
2826,13,582.8000000000012,13,418.0,move,improve
2827,13,582.8000000000012,13,418.0,move,improve
2828,13,582.8000000000012,13,418.0,2opt,notBad
2829,13,582.8000000000012,13,418.0,2opt,notBad
2830,13,582.8000000000012,13,418.0,swap,notBad
2831,13,582.8000000000012,13,418.0,move,improve
2832,13,582.8000000000012,13,418.0,2opt,notBad
2833,13,582.8000000000012,13,418.0,2opt,notBad
2834,13,582.8000000000012,13,418.0,move,improve
2835,13,582.8000000000012,13,418.0,move,improve
2836,13,582.8000000000012,13,418.0,move,improve
2837,13,582.8000000000012,13,418.0,swap,notBad
2838,13,582.8000000000012,13,418.0,swap,notBad
2839,13,582.8000000000012,13,418.0,2opt,notBad
2840,13,582.8000000000012,13,418.0,swap,notBad
2841,13,582.8000000000012,13,418.0,2opt,notBad
2842,13,582.8000000000012,13,418.0,2opt,improve
2843,13,582.8000000000012,13,418.0,2opt,notBad
2844,13,582.8000000000012,13,418.0,move,improve
2845,13,582.8000000000012,13,418.0,move,improve
2846,13,593.2000000000008,13,418.0,2opt,acceptBad
2847,13,466.80000000000064,13,418.0,swap,improve
2848,13,466.80000000000064,13,418.0,swap,notBad
2849,13,466.80000000000064,13,418.0,swap,notBad
2850,13,449.0000000000002,13,418.0,swap,improve
2851,13,449.0000000000002,13,418.0,2opt,notBad
2852,13,449.0000000000002,13,418.0,swap,notBad
2853,13,449.0000000000002,13,418.0,2opt,improve
2854,13,574.1999999999997,13,418.0,swap,acceptBad
2855,13,574.1999999999997,13,418.0,move,improve
2856,13,574.1999999999997,13,418.0,move,improve
2857,13,574.1999999999997,13,418.0,swap,notBad
2858,13,571.3999999999994,13,418.0,move,improve
2859,13,571.3999999999994,13,418.0,swap,notBad
2860,13,571.3999999999994,13,418.0,swap,notBad
2861,13,571.3999999999994,13,418.0,swap,notBad
2862,13,571.3999999999994,13,418.0,2opt,notBad
2863,13,550.0000000000002,13,418.0,move,improve
2864,13,550.0000000000002,13,418.0,swap,notBad
2865,13,550.0000000000002,13,418.0,2opt,notBad
2866,13,550.0000000000002,13,418.0,2opt,improve
2867,13,550.0000000000002,13,418.0,2opt,notBad
2868,13,550.0000000000002,13,418.0,2opt,notBad
2869,13,550.0000000000002,13,418.0,swap,notBad
2870,13,550.0000000000002,13,418.0,move,improve
2871,13,550.0000000000002,13,418.0,move,improve
2872,13,633.2000000000003,13,418.0,swap,acceptBad
2873,13,633.2000000000003,13,418.0,2opt,notBad
2874,13,574.1999999999998,13,418.0,move,improve
2875,13,574.1999999999998,13,418.0,move,improve
2876,13,581.600000000001,13,418.0,2opt,acceptBad
2877,13,451.60000000000014,13,418.0,2opt,improve
2878,13,451.60000000000014,13,418.0,swap,notBad
2879,13,434.4000000000001,13,418.0,move,improve
2880,13,434.4000000000001,13,418.0,2opt,notBad
2881,13,434.4000000000001,13,418.0,move,improve
2882,13,434.4000000000001,13,418.0,swap,notBad
2883,13,434.4000000000001,13,418.0,move,improve
2884,13,434.4000000000001,13,418.0,move,improve
2885,13,513.8000000000006,13,418.0,swap,acceptBad
2886,13,513.8000000000006,13,418.0,move,improve
2887,13,513.8000000000006,13,418.0,move,improve
2888,13,513.8000000000006,13,418.0,move,improve
2889,13,513.8000000000006,13,418.0,2opt,improve
2890,13,513.8000000000006,13,418.0,swap,notBad
2891,13,561.0000000000016,13,418.0,2opt,acceptBad
2892,13,561.0000000000016,13,418.0,2opt,notBad
2893,13,561.0000000000016,13,418.0,2opt,notBad
2894,13,561.0000000000016,13,418.0,2opt,improve
2895,13,561.0000000000016,13,418.0,swap,notBad
2896,13,561.0000000000016,13,418.0,2opt,notBad
2897,13,561.0000000000016,13,418.0,2opt,notBad
2898,13,561.0000000000016,13,418.0,swap,notBad
2899,13,563.0000000000023,13,418.0,swap,acceptBad
2900,13,599.8000000000015,13,418.0,swap,acceptBad
2901,13,583.4000000000012,13,418.0,swap,improve
2902,13,583.4000000000012,13,418.0,move,improve
2903,13,712.000000000002,13,418.0,swap,acceptBad
2904,13,712.000000000002,13,418.0,move,improve
2905,13,712.000000000002,13,418.0,2opt,notBad
2906,13,712.000000000002,13,418.0,move,improve
2907,13,712.000000000002,13,418.0,swap,notBad
2908,13,712.000000000002,13,418.0,2opt,notBad
2909,13,755.000000000002,13,418.0,swap,acceptBad
2910,13,546.2000000000014,13,418.0,move,improve
2911,13,546.2000000000014,13,418.0,2opt,notBad
2912,13,546.2000000000014,13,418.0,2opt,notBad
2913,13,546.2000000000014,13,418.0,2opt,improve
2914,13,546.2000000000014,13,418.0,move,improve
2915,13,546.2000000000014,13,418.0,move,improve
2916,13,546.2000000000014,13,418.0,move,improve
2917,13,546.2000000000014,13,418.0,2opt,notBad
2918,13,546.2000000000014,13,418.0,2opt,notBad
2919,13,546.2000000000014,13,418.0,swap,notBad
2920,13,546.2000000000014,13,418.0,move,improve
2921,13,546.2000000000014,13,418.0,move,improve
2922,13,546.2000000000014,13,418.0,2opt,improve
2923,13,546.2000000000014,13,418.0,2opt,notBad
2924,13,546.2000000000014,13,418.0,swap,notBad
2925,13,546.2000000000014,13,418.0,2opt,notBad
2926,13,546.2000000000014,13,418.0,move,improve
2927,13,546.2000000000014,13,418.0,move,improve
2928,13,546.2000000000014,13,418.0,move,improve
2929,13,546.2000000000014,13,418.0,2opt,improve
2930,13,550.4000000000019,13,418.0,swap,acceptBad
2931,13,550.4000000000019,13,418.0,move,improve
2932,13,580.2000000000019,13,418.0,swap,acceptBad
2933,13,580.2000000000019,13,418.0,2opt,improve
2934,13,580.2000000000019,13,418.0,move,improve
2935,13,580.2000000000019,13,418.0,swap,notBad
2936,13,580.2000000000019,13,418.0,move,improve
2937,13,580.2000000000019,13,418.0,swap,notBad
2938,13,580.2000000000019,13,418.0,2opt,notBad
2939,13,580.2000000000019,13,418.0,move,improve
2940,13,580.2000000000019,13,418.0,2opt,notBad
2941,13,580.2000000000019,13,418.0,2opt,notBad
2942,13,580.2000000000019,13,418.0,2opt,notBad
2943,13,580.2000000000019,13,418.0,swap,notBad
2944,13,580.2000000000019,13,418.0,swap,notBad
2945,13,580.2000000000019,13,418.0,move,improve
2946,13,562.0000000000014,13,418.0,move,improve
2947,13,562.0000000000014,13,418.0,2opt,notBad
2948,13,562.0000000000014,13,418.0,swap,notBad
2949,13,562.0000000000014,13,418.0,2opt,notBad
2950,13,562.0000000000014,13,418.0,move,improve
2951,13,562.0000000000014,13,418.0,2opt,notBad
2952,13,562.0000000000014,13,418.0,2opt,notBad
2953,13,562.0000000000014,13,418.0,move,improve
2954,13,562.0000000000014,13,418.0,2opt,notBad
2955,13,562.0000000000014,13,418.0,2opt,notBad
2956,13,562.0000000000014,13,418.0,2opt,notBad
2957,13,562.0000000000014,13,418.0,move,improve
2958,13,660.0000000000007,13,418.0,swap,acceptBad
2959,13,660.0000000000007,13,418.0,swap,notBad
2960,13,660.0000000000007,13,418.0,swap,notBad
2961,13,660.0000000000007,13,418.0,2opt,notBad
2962,13,660.0000000000007,13,418.0,move,improve
2963,13,660.0000000000007,13,418.0,2opt,notBad
2964,13,660.0000000000007,13,418.0,swap,notBad
2965,13,660.0000000000007,13,418.0,swap,notBad
2966,13,660.0000000000007,13,418.0,2opt,notBad
2967,13,660.0000000000007,13,418.0,move,improve
2968,13,660.0000000000007,13,418.0,2opt,notBad
2969,13,660.0000000000007,13,418.0,move,improve
2970,13,660.0000000000007,13,418.0,move,improve
2971,13,660.0000000000007,13,418.0,swap,notBad
2972,13,660.0000000000007,13,418.0,move,improve
2973,13,660.0000000000007,13,418.0,swap,notBad
2974,13,660.0000000000007,13,418.0,swap,notBad
2975,13,660.0000000000007,13,418.0,move,improve
2976,13,660.0000000000007,13,418.0,2opt,notBad
2977,13,473.8000000000011,13,418.0,swap,improve
2978,13,473.8000000000011,13,418.0,move,improve
2979,13,473.8000000000011,13,418.0,2opt,notBad
2980,13,473.8000000000011,13,418.0,swap,notBad
2981,13,473.8000000000011,13,418.0,2opt,notBad
2982,13,473.8000000000011,13,418.0,move,improve
2983,13,473.8000000000011,13,418.0,move,improve
2984,13,473.8000000000011,13,418.0,2opt,notBad
2985,13,473.8000000000011,13,418.0,2opt,notBad
2986,13,473.8000000000011,13,418.0,swap,notBad
2987,13,473.8000000000011,13,418.0,move,improve
2988,13,473.8000000000011,13,418.0,move,improve
2989,13,473.8000000000011,13,418.0,move,improve
2990,13,473.8000000000011,13,418.0,2opt,notBad
2991,13,473.8000000000011,13,418.0,2opt,notBad
2992,13,473.8000000000011,13,418.0,2opt,notBad
2993,13,473.8000000000011,13,418.0,swap,notBad
2994,13,473.8000000000011,13,418.0,move,improve
2995,13,473.8000000000011,13,418.0,move,improve
2996,13,473.8000000000011,13,418.0,2opt,notBad
2997,13,473.8000000000011,13,418.0,swap,notBad
2998,13,473.8000000000011,13,418.0,move,improve
2999,13,473.8000000000011,13,418.0,move,improve
3000,13,473.8000000000011,13,418.0,move,improve
3001,13,473.8000000000011,13,418.0,2opt,notBad
3002,13,473.8000000000011,13,418.0,move,improve
3003,13,473.8000000000011,13,418.0,move,improve
3004,13,473.8000000000011,13,418.0,move,improve
3005,13,473.8000000000011,13,418.0,swap,notBad
3006,13,473.8000000000011,13,418.0,move,improve
3007,13,473.8000000000011,13,418.0,2opt,notBad
3008,13,473.8000000000011,13,418.0,2opt,notBad
3009,13,473.8000000000011,13,418.0,swap,notBad
3010,13,473.8000000000011,13,418.0,swap,notBad
3011,13,473.8000000000011,13,418.0,move,improve
3012,13,614.4000000000007,13,418.0,swap,acceptBad
3013,13,614.4000000000007,13,418.0,2opt,notBad
3014,13,614.4000000000007,13,418.0,move,improve
3015,13,614.4000000000007,13,418.0,swap,notBad
3016,13,614.4000000000007,13,418.0,move,improve
3017,13,614.4000000000007,13,418.0,swap,notBad
3018,13,614.4000000000007,13,418.0,2opt,notBad
3019,13,614.4000000000007,13,418.0,move,improve
3020,13,619.2000000000002,13,418.0,swap,acceptBad
3021,13,619.2000000000002,13,418.0,swap,notBad
3022,13,619.2000000000002,13,418.0,2opt,notBad
3023,13,619.2000000000002,13,418.0,swap,notBad
3024,13,619.2000000000002,13,418.0,2opt,notBad
3025,13,619.2000000000002,13,418.0,2opt,improve
3026,13,619.2000000000002,13,418.0,2opt,notBad
3027,13,619.2000000000002,13,418.0,swap,notBad
3028,13,619.2000000000002,13,418.0,move,improve
3029,13,619.2000000000002,13,418.0,move,improve
3030,13,619.2000000000002,13,418.0,swap,notBad
3031,13,619.2000000000002,13,418.0,2opt,notBad
3032,13,619.2000000000002,13,418.0,swap,notBad
3033,13,542.5999999999999,13,418.0,move,improve
3034,13,542.5999999999999,13,418.0,2opt,notBad
3035,13,467.0000000000009,13,418.0,move,improve
3036,13,467.0000000000009,13,418.0,2opt,improve
3037,13,467.0000000000009,13,418.0,move,improve
3038,13,515.8000000000011,13,418.0,swap,acceptBad
3039,13,515.8000000000011,13,418.0,swap,notBad
3040,13,515.8000000000011,13,418.0,2opt,notBad
3041,13,515.8000000000011,13,418.0,2opt,notBad
3042,13,515.8000000000011,13,418.0,2opt,notBad
3043,13,506.00000000000114,13,418.0,move,improve
3044,13,506.00000000000114,13,418.0,2opt,notBad
3045,13,506.00000000000114,13,418.0,2opt,notBad
3046,13,509.2000000000012,13,418.0,swap,acceptBad
3047,13,509.2000000000012,13,418.0,swap,notBad
3048,13,509.2000000000012,13,418.0,move,improve
3049,13,509.2000000000012,13,418.0,swap,notBad
3050,13,492.00000000000045,13,418.0,move,improve
3051,13,492.00000000000045,13,418.0,swap,notBad
3052,13,492.00000000000045,13,418.0,move,improve
3053,13,492.00000000000045,13,418.0,2opt,notBad
3054,13,492.00000000000045,13,418.0,swap,notBad
3055,13,492.00000000000045,13,418.0,swap,notBad
3056,13,492.00000000000045,13,418.0,move,improve
3057,13,492.00000000000045,13,418.0,2opt,notBad
3058,13,490.2000000000005,13,418.0,move,improve
3059,13,463.4000000000008,13,418.0,move,improve
3060,13,463.4000000000008,13,418.0,swap,notBad
3061,13,438.4000000000019,13,418.0,move,improve
3062,13,438.4000000000019,13,418.0,2opt,notBad
3063,13,438.4000000000019,13,418.0,swap,notBad
3064,13,438.4000000000019,13,418.0,2opt,notBad
3065,13,438.4000000000019,13,418.0,swap,notBad
3066,13,438.4000000000019,13,418.0,move,improve
3067,13,438.4000000000019,13,418.0,2opt,notBad
3068,13,427.6000000000022,13,418.0,move,improve
3069,13,427.6000000000022,13,418.0,swap,notBad
3070,13,427.6000000000022,13,418.0,2opt,notBad
3071,13,779.8000000000011,13,418.0,move,acceptBad
3072,13,427.6000000000022,13,418.0,move,improve
3073,13,427.6000000000022,13,418.0,swap,notBad
3074,13,427.6000000000022,13,418.0,2opt,notBad
3075,13,427.6000000000022,13,418.0,move,improve
3076,13,427.6000000000022,13,418.0,2opt,notBad
3077,13,427.6000000000022,13,418.0,2opt,notBad
3078,13,427.6000000000022,13,418.0,move,improve
3079,13,427.6000000000022,13,418.0,move,improve
3080,13,427.6000000000022,13,418.0,move,improve
3081,13,427.6000000000022,13,418.0,move,improve
3082,13,427.6000000000022,13,418.0,move,improve
3083,13,427.6000000000022,13,418.0,move,improve
3084,13,427.6000000000022,13,418.0,swap,notBad
3085,13,427.6000000000022,13,418.0,move,improve
3086,13,427.6000000000022,13,418.0,swap,notBad
3087,13,427.6000000000022,13,418.0,swap,notBad
3088,13,427.6000000000022,13,418.0,move,improve
3089,13,427.6000000000022,13,418.0,2opt,notBad
3090,13,427.6000000000022,13,418.0,move,improve
3091,13,427.6000000000022,13,418.0,2opt,notBad
3092,13,427.6000000000022,13,418.0,move,improve
3093,13,427.6000000000022,13,418.0,move,improve
3094,13,427.6000000000022,13,418.0,move,improve
3095,13,474.8000000000011,13,418.0,swap,acceptBad
3096,13,573.6000000000006,13,418.0,swap,acceptBad
3097,13,571.4000000000001,13,418.0,move,improve
3098,13,571.4000000000001,13,418.0,swap,notBad
3099,13,571.4000000000001,13,418.0,2opt,notBad
3100,13,571.4000000000001,13,418.0,move,improve
3101,13,583.8000000000002,13,418.0,swap,acceptBad
3102,13,583.8000000000002,13,418.0,2opt,notBad
3103,13,583.8000000000002,13,418.0,2opt,notBad
3104,13,583.8000000000002,13,418.0,move,improve
3105,13,583.8000000000002,13,418.0,swap,notBad
3106,13,583.8000000000002,13,418.0,swap,notBad
3107,13,583.8000000000002,13,418.0,swap,notBad
3108,13,566.2,13,418.0,move,improve
3109,13,566.2,13,418.0,swap,notBad
3110,13,566.2,13,418.0,swap,notBad
3111,13,566.2,13,418.0,2opt,notBad
3112,13,566.2,13,418.0,move,improve
3113,13,566.2,13,418.0,swap,notBad
3114,13,566.2,13,418.0,swap,notBad
3115,13,566.2,13,418.0,move,improve
3116,13,544.4000000000003,13,418.0,swap,improve
3117,13,544.4000000000003,13,418.0,swap,notBad
3118,13,544.4000000000003,13,418.0,swap,notBad
3119,13,544.4000000000003,13,418.0,move,improve
3120,13,502.1999999999998,13,418.0,swap,improve
3121,13,498.0,13,418.0,move,improve
3122,13,498.0,13,418.0,swap,notBad
3123,13,498.0,13,418.0,2opt,notBad
3124,13,498.0,13,418.0,2opt,notBad
3125,13,498.0,13,418.0,2opt,notBad
3126,13,498.0,13,418.0,2opt,notBad
3127,13,498.0,13,418.0,2opt,notBad
3128,13,498.0,13,418.0,move,improve
3129,13,498.0,13,418.0,swap,notBad
3130,13,498.0,13,418.0,move,improve
3131,13,498.0,13,418.0,2opt,notBad
3132,13,498.0,13,418.0,2opt,notBad
3133,13,498.0,13,418.0,2opt,notBad
3134,13,498.0,13,418.0,swap,notBad
3135,13,624.6000000000006,13,418.0,swap,acceptBad
3136,13,624.6000000000006,13,418.0,2opt,notBad
3137,13,624.6000000000006,13,418.0,swap,notBad
3138,13,624.6000000000006,13,418.0,swap,notBad
3139,13,624.6000000000006,13,418.0,2opt,notBad
3140,13,624.6000000000006,13,418.0,swap,notBad
3141,13,624.6000000000006,13,418.0,move,improve
3142,13,624.6000000000006,13,418.0,move,improve
3143,13,624.6000000000006,13,418.0,move,improve
3144,13,624.6000000000006,13,418.0,swap,notBad
3145,13,624.6000000000006,13,418.0,move,improve
3146,13,624.6000000000006,13,418.0,2opt,notBad
3147,13,624.6000000000006,13,418.0,2opt,improve
3148,13,624.6000000000006,13,418.0,move,improve
3149,13,624.6000000000006,13,418.0,move,improve
3150,13,620.400000000001,13,418.0,move,improve
3151,13,620.400000000001,13,418.0,move,improve
3152,13,504.400000000001,13,418.0,move,improve
3153,13,504.400000000001,13,418.0,2opt,notBad
3154,13,504.400000000001,13,418.0,move,improve
3155,13,504.400000000001,13,418.0,swap,notBad
3156,13,497.00000000000114,13,418.0,move,improve
3157,13,497.00000000000114,13,418.0,swap,notBad
3158,13,497.00000000000114,13,418.0,move,improve
3159,13,497.00000000000114,13,418.0,swap,notBad
3160,13,497.00000000000114,13,418.0,2opt,notBad
3161,13,497.00000000000114,13,418.0,2opt,notBad
3162,13,537.8000000000009,13,418.0,swap,acceptBad
3163,13,537.8000000000009,13,418.0,2opt,notBad
3164,13,537.8000000000009,13,418.0,2opt,notBad
3165,13,537.8000000000009,13,418.0,move,improve
3166,13,537.8000000000009,13,418.0,2opt,notBad
3167,13,537.8000000000009,13,418.0,swap,notBad
3168,13,537.8000000000009,13,418.0,swap,notBad
3169,13,537.8000000000009,13,418.0,2opt,notBad
3170,13,537.8000000000009,13,418.0,2opt,notBad
3171,13,537.8000000000009,13,418.0,move,notBad
3172,13,537.8000000000009,13,418.0,2opt,notBad
3173,13,537.8000000000009,13,418.0,swap,notBad
3174,13,537.8000000000009,13,418.0,2opt,notBad
3175,13,521.8000000000006,13,418.0,move,improve
3176,13,521.8000000000006,13,418.0,move,improve
3177,13,521.8000000000006,13,418.0,swap,notBad
3178,13,521.8000000000006,13,418.0,2opt,notBad
3179,13,521.8000000000006,13,418.0,swap,notBad
3180,13,521.8000000000006,13,418.0,move,improve
3181,13,518.8000000000006,13,418.0,move,improve
3182,13,518.8000000000006,13,418.0,2opt,notBad
3183,13,518.8000000000006,13,418.0,move,improve
3184,13,518.8000000000006,13,418.0,swap,notBad
3185,13,518.8000000000006,13,418.0,swap,notBad
3186,13,518.8000000000006,13,418.0,2opt,improve
3187,13,518.8000000000006,13,418.0,2opt,notBad
3188,13,518.8000000000006,13,418.0,move,improve
3189,13,509.80000000000064,13,418.0,move,improve
3190,13,509.80000000000064,13,418.0,2opt,notBad
3191,13,509.80000000000064,13,418.0,move,improve
3192,13,509.80000000000064,13,418.0,2opt,notBad
3193,13,530.0000000000009,13,418.0,swap,acceptBad
3194,13,561.3999999999999,13,418.0,swap,acceptBad
3195,13,561.3999999999999,13,418.0,swap,notBad
3196,13,561.3999999999999,13,418.0,move,improve
3197,13,561.3999999999999,13,418.0,swap,notBad
3198,13,561.3999999999999,13,418.0,move,improve
3199,13,561.3999999999999,13,418.0,swap,notBad
3200,13,561.3999999999999,13,418.0,2opt,notBad
3201,13,548.4000000000001,13,418.0,move,improve
3202,13,548.4000000000001,13,418.0,2opt,notBad
3203,13,548.4000000000001,13,418.0,swap,notBad
3204,13,548.4000000000001,13,418.0,swap,notBad
3205,13,548.4000000000001,13,418.0,swap,notBad
3206,13,548.4000000000001,13,418.0,move,improve
3207,13,548.4000000000001,13,418.0,2opt,notBad
3208,13,548.4000000000001,13,418.0,move,improve
3209,13,548.4000000000001,13,418.0,move,improve
3210,13,548.4000000000001,13,418.0,move,improve
3211,13,548.4000000000001,13,418.0,move,improve
3212,13,548.4000000000001,13,418.0,move,improve
3213,13,548.4000000000001,13,418.0,2opt,notBad
3214,13,545.4000000000001,13,418.0,move,improve
3215,13,545.4000000000001,13,418.0,swap,notBad
3216,13,545.4000000000001,13,418.0,swap,notBad
3217,13,545.4000000000001,13,418.0,2opt,improve
3218,13,545.4000000000001,13,418.0,move,improve
3219,13,545.4000000000001,13,418.0,move,improve
3220,13,545.4000000000001,13,418.0,move,improve
3221,13,545.4000000000001,13,418.0,swap,notBad
3222,13,545.4000000000001,13,418.0,move,improve
3223,13,545.4000000000001,13,418.0,2opt,notBad
3224,13,545.4000000000001,13,418.0,move,improve
3225,13,545.4000000000001,13,418.0,2opt,notBad
3226,13,545.4000000000001,13,418.0,move,improve
3227,13,545.4000000000001,13,418.0,move,improve
3228,13,545.4000000000001,13,418.0,2opt,improve
3229,13,545.4000000000001,13,418.0,move,improve
3230,13,545.4000000000001,13,418.0,move,improve
3231,13,545.4000000000001,13,418.0,2opt,notBad
3232,13,545.4000000000001,13,418.0,move,improve
3233,13,545.4000000000001,13,418.0,2opt,notBad
3234,13,545.4000000000001,13,418.0,move,improve
3235,13,545.4000000000001,13,418.0,move,improve
3236,13,545.4000000000001,13,418.0,swap,notBad
3237,13,545.4000000000001,13,418.0,2opt,notBad
3238,13,545.4000000000001,13,418.0,swap,notBad
3239,13,545.4000000000001,13,418.0,swap,notBad
3240,13,545.4000000000001,13,418.0,swap,notBad
3241,13,537.6000000000004,13,418.0,move,improve
3242,13,537.6000000000004,13,418.0,move,improve
3243,13,537.6000000000004,13,418.0,swap,notBad
3244,13,537.6000000000004,13,418.0,2opt,notBad
3245,13,537.6000000000004,13,418.0,2opt,notBad
3246,13,537.6000000000004,13,418.0,swap,notBad
3247,13,537.6000000000004,13,418.0,2opt,notBad
3248,13,537.6000000000004,13,418.0,2opt,notBad
3249,13,537.6000000000004,13,418.0,2opt,notBad
3250,13,537.6000000000004,13,418.0,2opt,notBad
3251,13,537.6000000000004,13,418.0,2opt,notBad
3252,13,537.6000000000004,13,418.0,2opt,notBad
3253,13,537.6000000000004,13,418.0,move,improve
3254,13,537.6000000000004,13,418.0,move,improve
3255,13,537.6000000000004,13,418.0,swap,notBad
3256,13,537.6000000000004,13,418.0,2opt,notBad
3257,13,537.6000000000004,13,418.0,swap,notBad
3258,13,537.6000000000004,13,418.0,2opt,notBad
3259,13,537.6000000000004,13,418.0,move,improve
3260,13,689.6000000000004,13,418.0,swap,acceptBad
3261,13,689.6000000000004,13,418.0,swap,notBad
3262,13,689.6000000000004,13,418.0,2opt,notBad
3263,13,658.2000000000005,13,418.0,move,improve
3264,13,658.2000000000005,13,418.0,move,improve
3265,13,658.2000000000005,13,418.0,move,improve
3266,13,658.2000000000005,13,418.0,2opt,notBad
3267,13,652.2000000000005,13,418.0,swap,improve
3268,13,652.2000000000005,13,418.0,move,improve
3269,13,652.2000000000005,13,418.0,2opt,notBad
3270,13,652.2000000000005,13,418.0,swap,notBad
3271,13,652.2000000000005,13,418.0,move,improve
3272,13,652.2000000000005,13,418.0,swap,notBad
3273,13,652.2000000000005,13,418.0,swap,notBad
3274,13,652.2000000000005,13,418.0,move,improve
3275,13,652.2000000000005,13,418.0,2opt,notBad
3276,13,652.2000000000005,13,418.0,swap,notBad
3277,13,652.2000000000005,13,418.0,swap,notBad
3278,13,652.2000000000005,13,418.0,move,improve
3279,13,652.2000000000005,13,418.0,2opt,notBad
3280,13,652.2000000000005,13,418.0,move,improve
3281,13,652.2000000000005,13,418.0,swap,notBad
3282,13,652.2000000000005,13,418.0,swap,notBad
3283,13,652.2000000000005,13,418.0,swap,notBad
3284,13,652.2000000000005,13,418.0,move,improve
3285,13,652.2000000000005,13,418.0,move,improve
3286,13,651.8000000000004,13,418.0,swap,improve
3287,13,651.8000000000004,13,418.0,swap,notBad
3288,13,651.8000000000004,13,418.0,2opt,notBad
3289,13,651.8000000000004,13,418.0,2opt,notBad
3290,13,651.8000000000004,13,418.0,swap,notBad
3291,13,651.8000000000004,13,418.0,swap,notBad
3292,13,651.8000000000004,13,418.0,2opt,notBad
3293,13,696.0000000000005,13,418.0,2opt,acceptBad
3294,13,696.0000000000005,13,418.0,move,improve
3295,13,696.0000000000005,13,418.0,2opt,notBad
3296,13,687.0000000000005,13,418.0,move,improve
3297,13,685.0000000000005,13,418.0,move,improve
3298,13,685.0000000000005,13,418.0,2opt,notBad
3299,13,685.0000000000005,13,418.0,move,improve
3300,13,685.0000000000005,13,418.0,2opt,notBad
3301,13,685.0000000000005,13,418.0,2opt,notBad
3302,13,685.0000000000005,13,418.0,move,improve
3303,13,652.8000000000004,13,418.0,move,improve
3304,13,652.8000000000004,13,418.0,move,improve
3305,13,750.0,13,418.0,swap,acceptBad
3306,13,661.8000000000004,13,418.0,move,improve
3307,13,661.8000000000004,13,418.0,swap,notBad
3308,13,661.8000000000004,13,418.0,2opt,improve
3309,13,661.8000000000004,13,418.0,2opt,notBad
3310,13,661.8000000000004,13,418.0,swap,notBad
3311,13,555.9999999999998,13,418.0,swap,improve
3312,13,555.9999999999998,13,418.0,2opt,notBad
3313,13,555.9999999999998,13,418.0,move,improve
3314,13,555.9999999999998,13,418.0,move,improve
3315,13,555.9999999999998,13,418.0,move,improve
3316,13,555.9999999999998,13,418.0,move,improve
3317,13,555.9999999999998,13,418.0,move,improve
3318,13,555.9999999999998,13,418.0,2opt,notBad
3319,13,555.9999999999998,13,418.0,swap,notBad
3320,13,415.9999999999993,13,415.9999999999993,move,newBest
3321,13,413.19999999999936,13,413.19999999999936,move,newBest
3322,13,413.19999999999936,13,413.19999999999936,2opt,notBad
3323,13,413.19999999999936,13,413.19999999999936,2opt,notBad
3324,13,413.19999999999936,13,413.19999999999936,2opt,notBad
3325,13,378.3999999999992,13,378.3999999999992,swap,newBest
3326,13,378.3999999999992,13,378.3999999999992,swap,notBad
3327,13,378.3999999999992,13,378.3999999999992,move,improve
3328,13,424.3999999999994,13,378.3999999999992,swap,acceptBad
3329,13,424.3999999999994,13,378.3999999999992,swap,notBad
3330,13,424.3999999999994,13,378.3999999999992,swap,notBad
3331,13,424.3999999999994,13,378.3999999999992,move,improve
3332,13,424.3999999999994,13,378.3999999999992,swap,notBad
3333,13,424.3999999999994,13,378.3999999999992,swap,notBad
3334,13,410.99999999999955,13,378.3999999999992,move,improve
3335,13,410.99999999999955,13,378.3999999999992,swap,notBad
3336,13,410.99999999999955,13,378.3999999999992,2opt,notBad
3337,13,410.99999999999955,13,378.3999999999992,swap,notBad
3338,13,410.99999999999955,13,378.3999999999992,move,improve
3339,13,381.5999999999988,13,378.3999999999992,move,improve
3340,13,381.5999999999988,13,378.3999999999992,2opt,notBad
3341,13,381.5999999999988,13,378.3999999999992,swap,notBad
3342,13,381.5999999999988,13,378.3999999999992,2opt,notBad
3343,13,381.5999999999988,13,378.3999999999992,swap,notBad
3344,13,381.5999999999988,13,378.3999999999992,2opt,notBad
3345,13,381.5999999999988,13,378.3999999999992,2opt,notBad
3346,13,381.59999999999854,13,378.3999999999992,2opt,improve
3347,13,381.59999999999854,13,378.3999999999992,swap,notBad
3348,13,381.59999999999854,13,378.3999999999992,2opt,notBad
3349,13,357.7999999999993,13,357.7999999999993,move,newBest
3350,13,346.7999999999988,13,346.7999999999988,move,newBest
3351,13,346.7999999999988,13,346.7999999999988,2opt,notBad
3352,13,346.7999999999988,13,346.7999999999988,2opt,notBad
3353,13,346.7999999999988,13,346.7999999999988,move,improve
3354,13,346.7999999999988,13,346.7999999999988,swap,notBad
3355,13,346.7999999999988,13,346.7999999999988,2opt,notBad
3356,13,346.7999999999988,13,346.7999999999988,2opt,notBad
3357,13,346.7999999999988,13,346.7999999999988,2opt,notBad
3358,13,346.7999999999988,13,346.7999999999988,2opt,notBad
3359,13,346.7999999999988,13,346.7999999999988,move,improve
3360,13,346.7999999999988,13,346.7999999999988,2opt,notBad
3361,13,346.7999999999988,13,346.7999999999988,swap,notBad
3362,13,346.7999999999988,13,346.7999999999988,move,improve
3363,13,346.7999999999988,13,346.7999999999988,2opt,improve
3364,13,346.7999999999988,13,346.7999999999988,move,improve
3365,13,346.7999999999988,13,346.7999999999988,swap,notBad
3366,13,346.7999999999988,13,346.7999999999988,2opt,notBad
3367,13,346.7999999999988,13,346.7999999999988,move,improve
3368,13,415.79999999999995,13,346.7999999999988,swap,acceptBad
3369,13,415.79999999999995,13,346.7999999999988,2opt,notBad
3370,13,415.79999999999995,13,346.7999999999988,move,improve
3371,13,415.79999999999995,13,346.7999999999988,2opt,notBad
3372,13,415.79999999999995,13,346.7999999999988,move,improve
3373,13,415.79999999999995,13,346.7999999999988,move,improve
3374,13,441.60000000000014,13,346.7999999999988,swap,acceptBad
3375,13,441.60000000000014,13,346.7999999999988,2opt,notBad
3376,13,441.60000000000014,13,346.7999999999988,swap,notBad
3377,13,441.60000000000014,13,346.7999999999988,2opt,notBad
3378,13,441.60000000000014,13,346.7999999999988,2opt,notBad
3379,13,441.60000000000014,13,346.7999999999988,swap,notBad
3380,13,332.99999999999886,13,332.99999999999886,move,newBest
3381,13,332.99999999999886,13,332.99999999999886,swap,notBad
3382,13,332.99999999999886,13,332.99999999999886,2opt,notBad
3383,13,332.99999999999886,13,332.99999999999886,2opt,notBad
3384,13,332.99999999999886,13,332.99999999999886,2opt,notBad
3385,13,332.99999999999886,13,332.99999999999886,2opt,notBad
3386,13,332.99999999999886,13,332.99999999999886,2opt,notBad
3387,13,332.99999999999886,13,332.99999999999886,swap,notBad
3388,13,332.99999999999886,13,332.99999999999886,move,improve
3389,13,332.99999999999886,13,332.99999999999886,swap,notBad
3390,13,332.99999999999886,13,332.99999999999886,2opt,notBad
3391,13,332.99999999999886,13,332.99999999999886,swap,notBad
3392,13,318.5999999999992,13,318.5999999999992,swap,newBest
3393,13,318.5999999999992,13,318.5999999999992,2opt,notBad
3394,13,318.5999999999992,13,318.5999999999992,2opt,notBad
3395,13,318.5999999999992,13,318.5999999999992,2opt,notBad
3396,13,318.5999999999992,13,318.5999999999992,move,improve
3397,13,318.5999999999992,13,318.5999999999992,move,improve
3398,13,347.3999999999992,13,318.5999999999992,swap,acceptBad
3399,13,347.3999999999992,13,318.5999999999992,2opt,notBad
3400,13,347.3999999999992,13,318.5999999999992,2opt,notBad
3401,13,347.3999999999992,13,318.5999999999992,swap,notBad
3402,13,347.3999999999992,13,318.5999999999992,2opt,notBad
3403,13,347.3999999999992,13,318.5999999999992,2opt,improve
3404,13,347.3999999999992,13,318.5999999999992,move,improve
3405,13,347.3999999999992,13,318.5999999999992,2opt,notBad
3406,13,347.3999999999992,13,318.5999999999992,move,improve
3407,13,317.79999999999905,13,317.79999999999905,move,newBest
3408,13,352.99999999999886,13,317.79999999999905,swap,acceptBad
3409,13,352.99999999999886,13,317.79999999999905,swap,notBad
3410,13,416.9999999999991,13,317.79999999999905,swap,acceptBad
3411,13,416.9999999999991,13,317.79999999999905,2opt,notBad
3412,13,416.9999999999991,13,317.79999999999905,move,improve
3413,13,416.9999999999991,13,317.79999999999905,2opt,notBad
3414,13,416.9999999999991,13,317.79999999999905,move,improve
3415,13,416.9999999999991,13,317.79999999999905,2opt,notBad
3416,13,416.9999999999991,13,317.79999999999905,2opt,notBad
3417,13,416.9999999999991,13,317.79999999999905,move,improve
3418,13,416.9999999999991,13,317.79999999999905,2opt,notBad
3419,13,416.9999999999991,13,317.79999999999905,move,improve
3420,13,416.9999999999991,13,317.79999999999905,swap,notBad
3421,13,416.9999999999991,13,317.79999999999905,2opt,notBad
3422,13,416.9999999999991,13,317.79999999999905,swap,notBad
3423,13,416.9999999999991,13,317.79999999999905,2opt,notBad
3424,13,416.9999999999991,13,317.79999999999905,move,improve
3425,13,416.9999999999991,13,317.79999999999905,2opt,notBad
3426,13,416.9999999999991,13,317.79999999999905,2opt,improve
3427,13,416.9999999999991,13,317.79999999999905,swap,notBad
3428,13,416.9999999999991,13,317.79999999999905,2opt,notBad
3429,13,382.3999999999994,13,317.79999999999905,move,improve
3430,13,382.3999999999994,13,317.79999999999905,2opt,notBad
3431,13,382.3999999999994,13,317.79999999999905,swap,notBad
3432,13,382.3999999999994,13,317.79999999999905,2opt,notBad
3433,13,382.3999999999994,13,317.79999999999905,2opt,notBad
3434,13,382.3999999999994,13,317.79999999999905,2opt,notBad
3435,13,382.3999999999994,13,317.79999999999905,move,improve
3436,13,382.3999999999994,13,317.79999999999905,move,improve
3437,13,382.3999999999994,13,317.79999999999905,swap,notBad
3438,13,382.3999999999994,13,317.79999999999905,move,improve
3439,13,382.3999999999994,13,317.79999999999905,move,improve
3440,13,382.3999999999994,13,317.79999999999905,move,improve
3441,13,382.3999999999994,13,317.79999999999905,2opt,notBad
3442,13,382.3999999999994,13,317.79999999999905,2opt,notBad
3443,13,382.3999999999994,13,317.79999999999905,swap,notBad
3444,13,382.3999999999994,13,317.79999999999905,swap,notBad
3445,13,382.3999999999994,13,317.79999999999905,2opt,notBad
3446,13,382.3999999999994,13,317.79999999999905,2opt,notBad
3447,13,382.3999999999994,13,317.79999999999905,swap,notBad
3448,13,382.3999999999994,13,317.79999999999905,swap,notBad
3449,13,382.3999999999994,13,317.79999999999905,2opt,notBad
3450,13,382.3999999999994,13,317.79999999999905,move,improve
3451,13,382.3999999999994,13,317.79999999999905,swap,notBad
3452,13,382.3999999999994,13,317.79999999999905,move,improve
3453,13,407.0000000000002,13,317.79999999999905,move,acceptBad
3454,13,407.0000000000002,13,317.79999999999905,move,improve
3455,13,407.0000000000002,13,317.79999999999905,move,improve
3456,13,407.0000000000002,13,317.79999999999905,2opt,notBad
3457,13,401.39999999999986,13,317.79999999999905,move,improve
3458,13,401.39999999999986,13,317.79999999999905,move,improve
3459,13,401.39999999999986,13,317.79999999999905,move,improve
3460,13,401.39999999999986,13,317.79999999999905,swap,notBad
3461,13,401.39999999999986,13,317.79999999999905,move,improve
3462,13,401.39999999999986,13,317.79999999999905,swap,notBad
3463,13,401.39999999999986,13,317.79999999999905,swap,notBad
3464,13,401.39999999999986,13,317.79999999999905,2opt,notBad
3465,13,418.7999999999997,13,317.79999999999905,swap,acceptBad
3466,13,418.7999999999997,13,317.79999999999905,swap,notBad
3467,13,418.7999999999997,13,317.79999999999905,move,improve
3468,13,418.7999999999997,13,317.79999999999905,move,improve
3469,13,418.7999999999997,13,317.79999999999905,swap,notBad
3470,13,418.7999999999997,13,317.79999999999905,swap,notBad
3471,13,418.7999999999997,13,317.79999999999905,swap,notBad
3472,13,418.7999999999997,13,317.79999999999905,2opt,notBad
3473,13,418.7999999999997,13,317.79999999999905,move,improve
3474,13,418.7999999999997,13,317.79999999999905,2opt,notBad
3475,13,418.7999999999997,13,317.79999999999905,move,improve
3476,13,418.7999999999997,13,317.79999999999905,2opt,notBad
3477,13,418.7999999999997,13,317.79999999999905,2opt,notBad
3478,13,418.7999999999997,13,317.79999999999905,move,improve
3479,13,417.99999999999955,13,317.79999999999905,move,improve
3480,13,417.99999999999955,13,317.79999999999905,swap,notBad
3481,13,417.99999999999955,13,317.79999999999905,move,improve
3482,13,405.99999999999955,13,317.79999999999905,swap,improve
3483,13,405.99999999999955,13,317.79999999999905,2opt,notBad
3484,13,405.99999999999955,13,317.79999999999905,move,improve
3485,13,405.99999999999955,13,317.79999999999905,swap,notBad
3486,13,405.99999999999955,13,317.79999999999905,swap,notBad
3487,13,377.7999999999997,13,317.79999999999905,move,improve
3488,13,377.7999999999997,13,317.79999999999905,2opt,notBad
3489,13,377.7999999999997,13,317.79999999999905,move,improve
3490,13,377.7999999999997,13,317.79999999999905,move,improve
3491,13,377.7999999999997,13,317.79999999999905,2opt,notBad
3492,13,377.7999999999997,13,317.79999999999905,2opt,improve
3493,13,377.7999999999997,13,317.79999999999905,move,improve
3494,13,377.7999999999997,13,317.79999999999905,2opt,notBad
3495,13,377.7999999999997,13,317.79999999999905,move,improve
3496,13,377.7999999999997,13,317.79999999999905,2opt,notBad
3497,13,377.7999999999997,13,317.79999999999905,2opt,notBad
3498,13,377.7999999999997,13,317.79999999999905,2opt,improve
3499,13,377.7999999999997,13,317.79999999999905,swap,notBad
3500,13,377.7999999999997,13,317.79999999999905,move,improve
3501,13,377.7999999999997,13,317.79999999999905,swap,notBad
3502,13,377.7999999999997,13,317.79999999999905,2opt,notBad
3503,13,377.7999999999997,13,317.79999999999905,swap,notBad
3504,13,377.7999999999997,13,317.79999999999905,move,improve
3505,13,377.7999999999997,13,317.79999999999905,2opt,notBad
3506,13,377.7999999999997,13,317.79999999999905,2opt,improve
3507,13,377.7999999999997,13,317.79999999999905,2opt,notBad
3508,13,377.7999999999997,13,317.79999999999905,swap,notBad
3509,13,386.0,13,317.79999999999905,move,acceptBad
3510,13,386.0,13,317.79999999999905,swap,notBad
3511,13,386.0,13,317.79999999999905,move,improve
3512,13,385.8000000000004,13,317.79999999999905,move,improve
3513,13,376.79999999999995,13,317.79999999999905,move,improve
3514,13,376.79999999999995,13,317.79999999999905,swap,notBad
3515,13,376.79999999999995,13,317.79999999999905,swap,notBad
3516,13,376.79999999999995,13,317.79999999999905,2opt,notBad
3517,13,376.79999999999995,13,317.79999999999905,swap,notBad
3518,13,376.79999999999995,13,317.79999999999905,move,improve
3519,13,369.59999999999945,13,317.79999999999905,move,improve
3520,13,367.20000000000005,13,317.79999999999905,2opt,improve
3521,13,309.39999999999986,13,309.39999999999986,move,newBest
3522,13,309.39999999999986,13,309.39999999999986,2opt,notBad
3523,13,309.39999999999986,13,309.39999999999986,swap,notBad
3524,13,309.39999999999986,13,309.39999999999986,2opt,notBad
3525,13,309.39999999999986,13,309.39999999999986,move,improve
3526,13,309.39999999999986,13,309.39999999999986,2opt,notBad
3527,13,309.39999999999986,13,309.39999999999986,move,improve
3528,13,309.39999999999986,13,309.39999999999986,2opt,notBad
3529,13,309.39999999999986,13,309.39999999999986,2opt,improve
3530,13,309.39999999999986,13,309.39999999999986,move,improve
3531,13,309.39999999999986,13,309.39999999999986,swap,notBad
3532,13,309.39999999999986,13,309.39999999999986,2opt,notBad
3533,13,309.39999999999986,13,309.39999999999986,move,improve
3534,13,309.39999999999986,13,309.39999999999986,move,improve
3535,13,309.39999999999986,13,309.39999999999986,swap,notBad
3536,13,309.39999999999986,13,309.39999999999986,move,improve
3537,13,309.39999999999986,13,309.39999999999986,2opt,notBad
3538,13,309.39999999999986,13,309.39999999999986,move,improve
3539,13,309.39999999999986,13,309.39999999999986,2opt,notBad
3540,13,313.8000000000002,13,309.39999999999986,swap,acceptBad
3541,13,313.8000000000002,13,309.39999999999986,2opt,notBad
3542,13,349.5999999999999,13,309.39999999999986,swap,acceptBad
3543,13,349.5999999999999,13,309.39999999999986,move,improve
3544,13,349.5999999999999,13,309.39999999999986,move,improve
3545,13,349.5999999999999,13,309.39999999999986,2opt,improve
3546,13,349.5999999999999,13,309.39999999999986,move,improve
3547,13,349.5999999999999,13,309.39999999999986,swap,notBad
3548,13,349.5999999999999,13,309.39999999999986,2opt,notBad
3549,13,349.5999999999999,13,309.39999999999986,2opt,improve
3550,13,318.6000000000008,13,309.39999999999986,move,improve
3551,13,318.6000000000008,13,309.39999999999986,2opt,notBad
3552,13,316.2000000000007,13,309.39999999999986,move,improve
3553,13,316.2000000000007,13,309.39999999999986,2opt,notBad
3554,13,316.2000000000007,13,309.39999999999986,move,improve
3555,13,316.2000000000007,13,309.39999999999986,move,improve
3556,13,316.2000000000007,13,309.39999999999986,2opt,notBad
3557,13,316.2000000000007,13,309.39999999999986,2opt,notBad
3558,13,316.2000000000007,13,309.39999999999986,swap,notBad
3559,13,316.2000000000007,13,309.39999999999986,swap,notBad
3560,13,316.2000000000007,13,309.39999999999986,swap,notBad
3561,13,316.2000000000007,13,309.39999999999986,move,improve
3562,13,316.2000000000007,13,309.39999999999986,swap,notBad
3563,13,316.2000000000007,13,309.39999999999986,2opt,notBad
3564,13,316.2000000000007,13,309.39999999999986,2opt,improve
3565,13,316.2000000000007,13,309.39999999999986,swap,notBad
3566,13,316.2000000000007,13,309.39999999999986,move,improve
3567,13,316.2000000000007,13,309.39999999999986,move,improve
3568,13,316.2000000000007,13,309.39999999999986,move,improve
3569,13,316.2000000000007,13,309.39999999999986,swap,notBad
3570,13,316.2000000000007,13,309.39999999999986,swap,notBad
3571,13,316.2000000000007,13,309.39999999999986,2opt,notBad
3572,13,316.2000000000007,13,309.39999999999986,swap,notBad
3573,13,374.400000000001,13,309.39999999999986,swap,acceptBad
3574,13,374.400000000001,13,309.39999999999986,move,improve
3575,13,374.400000000001,13,309.39999999999986,move,improve
3576,13,374.400000000001,13,309.39999999999986,swap,notBad
3577,13,374.400000000001,13,309.39999999999986,swap,notBad
3578,13,374.400000000001,13,309.39999999999986,move,improve
3579,13,374.400000000001,13,309.39999999999986,move,improve
3580,13,378.6000000000013,13,309.39999999999986,2opt,acceptBad
3581,13,370.2000000000012,13,309.39999999999986,move,improve
3582,13,370.2000000000012,13,309.39999999999986,2opt,notBad
3583,13,370.2000000000012,13,309.39999999999986,swap,notBad
3584,13,370.2000000000012,13,309.39999999999986,move,improve
3585,13,370.2000000000012,13,309.39999999999986,swap,notBad
3586,13,368.4000000000008,13,309.39999999999986,move,improve
3587,13,368.4000000000008,13,309.39999999999986,swap,notBad
3588,13,368.4000000000008,13,309.39999999999986,2opt,notBad
3589,13,368.4000000000008,13,309.39999999999986,move,improve
3590,13,368.4000000000008,13,309.39999999999986,move,improve
3591,13,368.4000000000008,13,309.39999999999986,2opt,notBad
3592,13,368.4000000000008,13,309.39999999999986,swap,notBad
3593,13,368.4000000000008,13,309.39999999999986,2opt,notBad
3594,13,368.4000000000008,13,309.39999999999986,swap,notBad
3595,13,368.4000000000008,13,309.39999999999986,2opt,notBad
3596,13,368.4000000000008,13,309.39999999999986,2opt,notBad
3597,13,368.4000000000008,13,309.39999999999986,move,improve
3598,13,368.4000000000008,13,309.39999999999986,swap,notBad
3599,13,368.4000000000008,13,309.39999999999986,swap,notBad
3600,13,362.6000000000006,13,309.39999999999986,swap,improve
3601,13,362.6000000000006,13,309.39999999999986,swap,notBad
3602,13,282.2000000000005,13,282.2000000000005,move,newBest
3603,13,282.2000000000005,13,282.2000000000005,swap,notBad
3604,13,282.2000000000005,13,282.2000000000005,2opt,notBad
3605,13,282.2000000000005,13,282.2000000000005,swap,notBad
3606,13,282.2000000000005,13,282.2000000000005,move,improve
3607,13,282.2000000000005,13,282.2000000000005,2opt,improve
3608,13,282.2000000000005,13,282.2000000000005,2opt,notBad
3609,13,282.2000000000005,13,282.2000000000005,move,improve
3610,13,282.2000000000005,13,282.2000000000005,move,improve
3611,13,282.2000000000005,13,282.2000000000005,move,improve
3612,13,282.2000000000005,13,282.2000000000005,swap,notBad
3613,13,282.2000000000005,13,282.2000000000005,swap,notBad
3614,13,282.2000000000005,13,282.2000000000005,move,improve
3615,13,282.2000000000005,13,282.2000000000005,move,improve
3616,13,282.2000000000005,13,282.2000000000005,move,improve
3617,13,282.2000000000005,13,282.2000000000005,move,improve
3618,13,282.2000000000005,13,282.2000000000005,2opt,notBad
3619,13,282.2000000000005,13,282.2000000000005,2opt,notBad
3620,13,282.2000000000005,13,282.2000000000005,move,improve
3621,13,282.2000000000005,13,282.2000000000005,move,improve
3622,13,282.2000000000005,13,282.2000000000005,2opt,improve
3623,13,282.2000000000005,13,282.2000000000005,swap,notBad
3624,13,282.2000000000005,13,282.2000000000005,2opt,notBad
3625,13,282.2000000000005,13,282.2000000000005,swap,notBad
3626,13,282.2000000000005,13,282.2000000000005,2opt,notBad
3627,13,282.2000000000005,13,282.2000000000005,move,improve
3628,13,282.2000000000005,13,282.2000000000005,move,improve
3629,13,282.2000000000005,13,282.2000000000005,2opt,notBad
3630,13,282.2000000000005,13,282.2000000000005,move,improve
3631,13,282.2000000000005,13,282.2000000000005,2opt,notBad
3632,13,282.2000000000005,13,282.2000000000005,move,improve
3633,13,282.2000000000005,13,282.2000000000005,swap,notBad
3634,13,282.2000000000005,13,282.2000000000005,swap,notBad
3635,13,282.2000000000005,13,282.2000000000005,move,improve
3636,13,282.2000000000005,13,282.2000000000005,swap,notBad
3637,13,282.2000000000005,13,282.2000000000005,swap,notBad
3638,13,282.2000000000005,13,282.2000000000005,swap,notBad
3639,13,282.2000000000005,13,282.2000000000005,swap,notBad
3640,13,282.2000000000005,13,282.2000000000005,swap,notBad
3641,13,282.2000000000005,13,282.2000000000005,2opt,notBad
3642,13,282.2000000000005,13,282.2000000000005,2opt,notBad
3643,13,282.2000000000005,13,282.2000000000005,swap,notBad
3644,13,282.2000000000005,13,282.2000000000005,move,improve
3645,13,282.2000000000005,13,282.2000000000005,2opt,notBad
3646,13,350.0000000000009,13,282.2000000000005,swap,acceptBad
3647,13,356.40000000000146,13,282.2000000000005,move,acceptBad
3648,13,356.40000000000146,13,282.2000000000005,swap,notBad
3649,13,356.40000000000146,13,282.2000000000005,2opt,notBad
3650,13,356.40000000000146,13,282.2000000000005,2opt,notBad
3651,13,356.40000000000146,13,282.2000000000005,2opt,improve
3652,13,356.40000000000146,13,282.2000000000005,2opt,notBad
3653,13,356.40000000000146,13,282.2000000000005,2opt,notBad
3654,13,356.40000000000146,13,282.2000000000005,2opt,notBad
3655,13,356.40000000000146,13,282.2000000000005,swap,notBad
3656,13,356.40000000000146,13,282.2000000000005,swap,notBad
3657,13,356.40000000000146,13,282.2000000000005,move,improve
3658,13,356.40000000000146,13,282.2000000000005,2opt,notBad
3659,13,353.2000000000012,13,282.2000000000005,move,improve
3660,13,353.2000000000012,13,282.2000000000005,swap,notBad
3661,13,320.8000000000018,13,282.2000000000005,move,improve
3662,13,320.8000000000018,13,282.2000000000005,swap,notBad
3663,13,320.8000000000018,13,282.2000000000005,swap,notBad
3664,13,314.0000000000018,13,282.2000000000005,move,improve
3665,13,314.0000000000018,13,282.2000000000005,move,improve
3666,13,314.0000000000018,13,282.2000000000005,swap,notBad
3667,13,314.0000000000018,13,282.2000000000005,move,improve
3668,13,275.0000000000016,13,275.0000000000016,move,newBest
3669,13,275.0000000000016,13,275.0000000000016,2opt,notBad
3670,13,272.2000000000014,13,272.2000000000014,move,newBest
3671,13,272.2000000000014,13,272.2000000000014,move,improve
3672,13,272.2000000000014,13,272.2000000000014,swap,notBad
3673,13,272.2000000000014,13,272.2000000000014,2opt,notBad
3674,13,272.2000000000014,13,272.2000000000014,move,improve
3675,13,272.2000000000014,13,272.2000000000014,move,improve
3676,13,272.2000000000014,13,272.2000000000014,move,improve
3677,13,272.2000000000014,13,272.2000000000014,2opt,notBad
3678,13,272.2000000000014,13,272.2000000000014,swap,notBad
3679,13,272.2000000000014,13,272.2000000000014,swap,notBad
3680,13,264.4000000000008,13,264.4000000000008,move,newBest
3681,13,264.4000000000008,13,264.4000000000008,2opt,notBad
3682,13,264.4000000000008,13,264.4000000000008,move,improve
3683,13,264.4000000000008,13,264.4000000000008,2opt,notBad
3684,13,264.4000000000008,13,264.4000000000008,2opt,notBad
3685,13,264.4000000000008,13,264.4000000000008,move,improve
3686,13,264.4000000000008,13,264.4000000000008,swap,notBad
3687,13,264.4000000000008,13,264.4000000000008,move,improve
3688,13,264.4000000000008,13,264.4000000000008,swap,notBad
3689,13,264.4000000000008,13,264.4000000000008,move,improve
3690,13,264.4000000000008,13,264.4000000000008,swap,notBad
3691,13,264.4000000000008,13,264.4000000000008,swap,notBad
3692,13,264.4000000000008,13,264.4000000000008,2opt,notBad
3693,13,264.4000000000008,13,264.4000000000008,move,improve
3694,13,264.4000000000008,13,264.4000000000008,swap,notBad
3695,13,264.4000000000008,13,264.4000000000008,move,improve
3696,13,264.4000000000008,13,264.4000000000008,2opt,notBad
3697,13,264.4000000000008,13,264.4000000000008,swap,notBad
3698,13,264.4000000000008,13,264.4000000000008,move,improve
3699,13,264.4000000000008,13,264.4000000000008,swap,notBad
3700,13,264.4000000000008,13,264.4000000000008,swap,notBad
3701,13,264.4000000000008,13,264.4000000000008,swap,notBad
3702,13,264.4000000000008,13,264.4000000000008,move,notBad
3703,13,264.4000000000008,13,264.4000000000008,move,improve
3704,13,264.4000000000008,13,264.4000000000008,2opt,notBad
3705,13,264.4000000000008,13,264.4000000000008,move,improve
3706,13,264.4000000000008,13,264.4000000000008,swap,notBad
3707,13,264.4000000000008,13,264.4000000000008,move,improve
3708,13,264.4000000000008,13,264.4000000000008,2opt,notBad
3709,13,264.4000000000008,13,264.4000000000008,move,improve
3710,13,264.4000000000008,13,264.4000000000008,move,improve
3711,13,264.4000000000008,13,264.4000000000008,2opt,notBad
3712,13,264.4000000000008,13,264.4000000000008,swap,notBad
3713,13,264.4000000000008,13,264.4000000000008,swap,notBad
3714,13,264.4000000000008,13,264.4000000000008,2opt,notBad
3715,13,264.4000000000008,13,264.4000000000008,move,improve
3716,13,264.4000000000008,13,264.4000000000008,move,notBad
3717,13,264.4000000000008,13,264.4000000000008,move,improve
3718,13,264.4000000000008,13,264.4000000000008,move,improve
3719,13,264.4000000000008,13,264.4000000000008,swap,notBad
3720,13,264.4000000000008,13,264.4000000000008,2opt,notBad
3721,13,264.4000000000008,13,264.4000000000008,move,improve
3722,13,264.4000000000008,13,264.4000000000008,2opt,notBad
3723,13,264.4000000000008,13,264.4000000000008,swap,notBad
3724,13,264.4000000000008,13,264.4000000000008,2opt,notBad
3725,13,264.4000000000008,13,264.4000000000008,move,improve
3726,13,264.4000000000008,13,264.4000000000008,swap,notBad
3727,13,264.4000000000008,13,264.4000000000008,2opt,notBad
3728,13,264.4000000000008,13,264.4000000000008,2opt,notBad
3729,13,264.4000000000008,13,264.4000000000008,move,improve
3730,13,264.4000000000008,13,264.4000000000008,2opt,notBad
3731,13,264.4000000000008,13,264.4000000000008,swap,notBad
3732,13,264.4000000000008,13,264.4000000000008,move,improve
3733,13,264.4000000000008,13,264.4000000000008,move,improve
3734,13,264.4000000000008,13,264.4000000000008,swap,notBad
3735,13,264.4000000000008,13,264.4000000000008,swap,notBad
3736,13,264.4000000000008,13,264.4000000000008,move,improve
3737,13,264.4000000000008,13,264.4000000000008,swap,notBad
3738,13,264.4000000000008,13,264.4000000000008,2opt,notBad
3739,13,264.4000000000008,13,264.4000000000008,swap,notBad
3740,13,264.4000000000008,13,264.4000000000008,2opt,improve
3741,13,264.4000000000008,13,264.4000000000008,2opt,notBad
3742,13,264.4000000000008,13,264.4000000000008,move,improve
3743,13,264.4000000000008,13,264.4000000000008,move,improve
3744,13,264.4000000000008,13,264.4000000000008,move,improve
3745,13,264.4000000000008,13,264.4000000000008,move,improve
3746,13,264.4000000000008,13,264.4000000000008,move,improve
3747,13,264.4000000000008,13,264.4000000000008,2opt,notBad
3748,13,264.4000000000008,13,264.4000000000008,move,improve
3749,13,264.4000000000008,13,264.4000000000008,move,improve
3750,13,264.4000000000008,13,264.4000000000008,2opt,notBad
3751,13,264.4000000000008,13,264.4000000000008,move,improve
3752,13,264.4000000000008,13,264.4000000000008,move,improve
3753,13,264.4000000000008,13,264.4000000000008,2opt,notBad
3754,13,264.4000000000008,13,264.4000000000008,move,improve
3755,13,264.4000000000008,13,264.4000000000008,2opt,notBad
3756,13,264.4000000000008,13,264.4000000000008,move,improve
3757,13,264.4000000000008,13,264.4000000000008,move,improve
3758,13,264.4000000000008,13,264.4000000000008,swap,notBad
3759,13,264.4000000000008,13,264.4000000000008,move,improve
3760,13,264.4000000000008,13,264.4000000000008,swap,notBad
3761,13,373.40000000000055,13,264.4000000000008,swap,acceptBad
3762,13,373.40000000000055,13,264.4000000000008,swap,notBad
3763,13,364.2000000000003,13,264.4000000000008,move,improve
3764,13,364.2000000000003,13,264.4000000000008,swap,notBad
3765,13,364.2000000000003,13,264.4000000000008,2opt,notBad
3766,13,364.2000000000003,13,264.4000000000008,swap,notBad
3767,13,364.2000000000003,13,264.4000000000008,2opt,notBad
3768,13,384.9999999999993,13,264.4000000000008,swap,acceptBad
3769,13,384.9999999999993,13,264.4000000000008,move,improve
3770,13,384.9999999999993,13,264.4000000000008,move,improve
3771,13,312.39999999999986,13,264.4000000000008,move,improve
3772,13,312.39999999999986,13,264.4000000000008,swap,notBad
3773,13,312.39999999999986,13,264.4000000000008,swap,notBad
3774,13,367.60000000000025,13,264.4000000000008,swap,acceptBad
3775,13,367.60000000000025,13,264.4000000000008,move,improve
3776,13,367.60000000000025,13,264.4000000000008,2opt,improve
3777,13,367.60000000000025,13,264.4000000000008,swap,notBad
3778,13,365.4,13,264.4000000000008,move,improve
3779,13,365.4,13,264.4000000000008,swap,notBad
3780,13,377.9999999999999,13,264.4000000000008,swap,acceptBad
3781,13,403.3999999999993,13,264.4000000000008,swap,acceptBad
3782,13,394.2000000000003,13,264.4000000000008,move,improve
3783,13,394.2000000000003,13,264.4000000000008,swap,notBad
3784,13,394.2000000000003,13,264.4000000000008,move,improve
3785,13,394.2000000000003,13,264.4000000000008,2opt,notBad
3786,13,394.2000000000003,13,264.4000000000008,swap,notBad
3787,13,382.4000000000011,13,264.4000000000008,move,improve
3788,13,382.4000000000011,13,264.4000000000008,swap,notBad
3789,13,385.2000000000013,13,264.4000000000008,2opt,acceptBad
3790,13,385.2000000000013,13,264.4000000000008,move,improve
3791,13,385.2000000000013,13,264.4000000000008,2opt,improve
3792,13,385.2000000000013,13,264.4000000000008,move,improve
3793,13,385.2000000000013,13,264.4000000000008,move,improve
3794,13,385.2000000000013,13,264.4000000000008,2opt,notBad
3795,13,385.2000000000013,13,264.4000000000008,2opt,notBad
3796,13,385.2000000000013,13,264.4000000000008,2opt,improve
3797,13,370.0000000000015,13,264.4000000000008,swap,improve
3798,13,370.0000000000015,13,264.4000000000008,move,improve
3799,13,397.8000000000003,13,264.4000000000008,move,acceptBad
3800,13,397.8000000000003,13,264.4000000000008,2opt,notBad
3801,13,397.8000000000003,13,264.4000000000008,2opt,notBad
3802,13,397.8000000000003,13,264.4000000000008,move,improve
3803,13,370.0000000000015,13,264.4000000000008,swap,improve
3804,13,370.0000000000015,13,264.4000000000008,move,improve
3805,13,368.8000000000012,13,264.4000000000008,move,improve
3806,13,368.8000000000012,13,264.4000000000008,2opt,notBad
3807,13,368.8000000000012,13,264.4000000000008,swap,notBad
3808,13,368.8000000000012,13,264.4000000000008,move,improve
3809,13,368.8000000000012,13,264.4000000000008,swap,notBad
3810,13,368.8000000000012,13,264.4000000000008,2opt,notBad
3811,13,367.60000000000093,13,264.4000000000008,move,improve
3812,13,367.60000000000093,13,264.4000000000008,move,improve
3813,13,367.60000000000093,13,264.4000000000008,swap,notBad
3814,13,367.60000000000093,13,264.4000000000008,move,improve
3815,13,367.60000000000093,13,264.4000000000008,swap,notBad
3816,13,367.60000000000093,13,264.4000000000008,move,improve
3817,13,367.60000000000093,13,264.4000000000008,2opt,notBad
3818,13,367.60000000000093,13,264.4000000000008,move,improve
3819,13,340.0000000000007,13,264.4000000000008,move,improve
3820,13,340.0000000000007,13,264.4000000000008,swap,notBad
3821,13,340.0000000000007,13,264.4000000000008,swap,notBad
3822,13,340.0000000000007,13,264.4000000000008,2opt,notBad
3823,13,340.0000000000007,13,264.4000000000008,2opt,notBad
3824,13,340.0000000000007,13,264.4000000000008,move,improve
3825,13,340.0000000000007,13,264.4000000000008,2opt,notBad
3826,13,340.0000000000007,13,264.4000000000008,2opt,notBad
3827,13,340.0000000000007,13,264.4000000000008,2opt,notBad
3828,13,340.0000000000007,13,264.4000000000008,move,improve
3829,13,340.0000000000007,13,264.4000000000008,2opt,notBad
3830,13,340.0000000000007,13,264.4000000000008,move,improve
3831,13,347.0000000000009,13,264.4000000000008,2opt,acceptBad
3832,13,347.0000000000009,13,264.4000000000008,move,improve
3833,13,347.0000000000009,13,264.4000000000008,2opt,notBad
3834,13,348.0000000000009,13,264.4000000000008,2opt,acceptBad
3835,13,348.0000000000009,13,264.4000000000008,2opt,notBad
3836,13,348.0000000000009,13,264.4000000000008,move,improve
3837,13,348.0000000000009,13,264.4000000000008,swap,notBad
3838,13,348.0000000000009,13,264.4000000000008,swap,notBad
3839,13,348.0000000000009,13,264.4000000000008,swap,notBad
3840,13,348.0000000000009,13,264.4000000000008,swap,notBad
3841,13,348.0000000000009,13,264.4000000000008,2opt,notBad
3842,13,348.0000000000009,13,264.4000000000008,2opt,notBad
3843,13,348.0000000000009,13,264.4000000000008,2opt,notBad
3844,13,348.0000000000009,13,264.4000000000008,2opt,notBad
3845,13,341.0,13,264.4000000000008,move,improve
3846,13,341.0,13,264.4000000000008,swap,notBad
3847,13,341.0,13,264.4000000000008,move,improve
3848,13,341.0,13,264.4000000000008,2opt,notBad
3849,13,341.0,13,264.4000000000008,move,improve
3850,13,341.0,13,264.4000000000008,2opt,notBad
3851,13,341.0,13,264.4000000000008,swap,notBad
3852,13,341.0,13,264.4000000000008,2opt,improve
3853,13,348.2000000000007,13,264.4000000000008,swap,acceptBad
3854,13,348.2000000000007,13,264.4000000000008,move,notBad
3855,13,348.2000000000007,13,264.4000000000008,swap,notBad
3856,13,348.2000000000007,13,264.4000000000008,move,improve
3857,13,348.2000000000007,13,264.4000000000008,move,improve
3858,13,348.2000000000007,13,264.4000000000008,2opt,notBad
3859,13,348.2000000000007,13,264.4000000000008,swap,notBad
3860,13,348.2000000000007,13,264.4000000000008,2opt,notBad
3861,13,348.2000000000007,13,264.4000000000008,swap,notBad
3862,13,316.00000000000045,13,264.4000000000008,swap,improve
3863,13,316.00000000000045,13,264.4000000000008,move,improve
3864,13,316.00000000000045,13,264.4000000000008,swap,notBad
3865,13,316.00000000000045,13,264.4000000000008,2opt,notBad
3866,13,316.00000000000045,13,264.4000000000008,move,improve
3867,13,316.00000000000045,13,264.4000000000008,swap,notBad
3868,13,316.00000000000045,13,264.4000000000008,swap,notBad
3869,13,348.2000000000007,13,264.4000000000008,swap,acceptBad
3870,13,348.2000000000007,13,264.4000000000008,move,improve
3871,13,348.2000000000007,13,264.4000000000008,2opt,improve
3872,13,348.2000000000007,13,264.4000000000008,move,improve
3873,13,348.2000000000007,13,264.4000000000008,swap,notBad
3874,13,348.2000000000007,13,264.4000000000008,2opt,improve
3875,13,348.2000000000007,13,264.4000000000008,2opt,notBad
3876,13,354.60000000000036,13,264.4000000000008,swap,acceptBad
3877,13,340.4000000000008,13,264.4000000000008,move,improve
3878,13,340.4000000000008,13,264.4000000000008,move,improve
3879,13,337.80000000000064,13,264.4000000000008,move,improve
3880,13,337.80000000000064,13,264.4000000000008,2opt,notBad
3881,13,337.80000000000064,13,264.4000000000008,2opt,notBad
3882,13,337.80000000000064,13,264.4000000000008,swap,notBad
3883,13,337.80000000000064,13,264.4000000000008,swap,notBad
3884,13,337.80000000000064,13,264.4000000000008,move,improve
3885,13,337.80000000000064,13,264.4000000000008,2opt,notBad
3886,13,337.80000000000064,13,264.4000000000008,2opt,notBad
3887,13,337.80000000000064,13,264.4000000000008,2opt,notBad
3888,13,337.80000000000064,13,264.4000000000008,2opt,notBad
3889,13,337.80000000000064,13,264.4000000000008,swap,notBad
3890,13,337.80000000000064,13,264.4000000000008,swap,notBad
3891,13,405.00000000000045,13,264.4000000000008,swap,acceptBad
3892,13,405.00000000000045,13,264.4000000000008,swap,notBad
3893,13,309.2000000000005,13,264.4000000000008,move,improve
3894,13,309.2000000000005,13,264.4000000000008,move,improve
3895,13,309.2000000000005,13,264.4000000000008,swap,notBad
3896,13,309.2000000000005,13,264.4000000000008,2opt,notBad
3897,13,309.2000000000005,13,264.4000000000008,move,improve
3898,13,309.2000000000005,13,264.4000000000008,swap,notBad
3899,13,309.2000000000005,13,264.4000000000008,swap,notBad
3900,13,292.3999999999994,13,264.4000000000008,move,improve
3901,13,292.3999999999994,13,264.4000000000008,swap,notBad
3902,13,292.3999999999994,13,264.4000000000008,2opt,improve
3903,13,292.3999999999994,13,264.4000000000008,2opt,notBad
3904,13,292.3999999999994,13,264.4000000000008,2opt,notBad
3905,13,332.8000000000002,13,264.4000000000008,swap,acceptBad
3906,13,332.8000000000002,13,264.4000000000008,2opt,notBad
3907,13,359.20000000000005,13,264.4000000000008,swap,acceptBad
3908,13,359.20000000000005,13,264.4000000000008,swap,notBad
3909,13,359.20000000000005,13,264.4000000000008,move,improve
3910,13,359.20000000000005,13,264.4000000000008,swap,notBad
3911,13,359.20000000000005,13,264.4000000000008,2opt,notBad
3912,13,359.20000000000005,13,264.4000000000008,swap,notBad
3913,13,357.2000000000003,13,264.4000000000008,move,improve
3914,13,357.2000000000003,13,264.4000000000008,2opt,notBad
3915,13,357.2000000000003,13,264.4000000000008,move,improve
3916,13,357.2000000000003,13,264.4000000000008,2opt,notBad
3917,13,357.2000000000003,13,264.4000000000008,move,improve
3918,13,357.2000000000003,13,264.4000000000008,swap,notBad
3919,13,357.2000000000003,13,264.4000000000008,2opt,notBad
3920,13,357.2000000000003,13,264.4000000000008,swap,notBad
3921,13,357.2000000000003,13,264.4000000000008,2opt,notBad
3922,13,357.2000000000003,13,264.4000000000008,move,improve
3923,13,357.2000000000003,13,264.4000000000008,move,improve
3924,13,316.3999999999994,13,264.4000000000008,move,improve
3925,13,316.3999999999994,13,264.4000000000008,swap,notBad
3926,13,316.3999999999994,13,264.4000000000008,move,improve
3927,13,316.3999999999994,13,264.4000000000008,2opt,notBad
3928,13,316.3999999999994,13,264.4000000000008,2opt,improve
3929,13,316.3999999999994,13,264.4000000000008,2opt,notBad
3930,13,316.3999999999994,13,264.4000000000008,2opt,improve
3931,13,308.20000000000005,13,264.4000000000008,swap,improve
3932,13,308.20000000000005,13,264.4000000000008,move,improve
3933,13,308.20000000000005,13,264.4000000000008,swap,notBad
3934,13,308.20000000000005,13,264.4000000000008,move,improve
3935,13,320.99999999999955,13,264.4000000000008,swap,acceptBad
3936,13,320.99999999999955,13,264.4000000000008,swap,notBad
3937,13,320.99999999999955,13,264.4000000000008,swap,notBad
3938,13,320.99999999999955,13,264.4000000000008,move,improve
3939,13,320.99999999999955,13,264.4000000000008,2opt,notBad
3940,13,320.99999999999955,13,264.4000000000008,2opt,notBad
3941,13,320.99999999999955,13,264.4000000000008,swap,notBad
3942,13,320.99999999999955,13,264.4000000000008,move,improve
3943,13,320.99999999999955,13,264.4000000000008,2opt,notBad
3944,13,320.99999999999955,13,264.4000000000008,swap,notBad
3945,13,320.99999999999955,13,264.4000000000008,swap,notBad
3946,13,320.99999999999955,13,264.4000000000008,swap,notBad
3947,13,320.99999999999955,13,264.4000000000008,2opt,notBad
3948,13,320.99999999999955,13,264.4000000000008,swap,notBad
3949,13,320.99999999999955,13,264.4000000000008,swap,notBad
3950,13,320.99999999999955,13,264.4000000000008,2opt,notBad
3951,13,320.99999999999955,13,264.4000000000008,swap,notBad
3952,13,315.9999999999991,13,264.4000000000008,2opt,improve
3953,13,296.79999999999905,13,264.4000000000008,move,improve
3954,13,296.79999999999905,13,264.4000000000008,swap,notBad
3955,13,296.79999999999905,13,264.4000000000008,2opt,improve
3956,13,296.79999999999905,13,264.4000000000008,2opt,notBad
3957,13,292.9999999999991,13,264.4000000000008,2opt,improve
3958,13,292.9999999999991,13,264.4000000000008,swap,notBad
3959,13,292.9999999999991,13,264.4000000000008,2opt,notBad
3960,13,292.9999999999991,13,264.4000000000008,2opt,notBad
3961,13,292.9999999999991,13,264.4000000000008,move,improve
3962,13,278.1999999999989,13,264.4000000000008,move,improve
3963,13,278.1999999999989,13,264.4000000000008,2opt,notBad
3964,13,278.1999999999989,13,264.4000000000008,swap,notBad
3965,13,278.1999999999989,13,264.4000000000008,move,improve
3966,13,278.1999999999989,13,264.4000000000008,2opt,notBad
3967,13,278.1999999999989,13,264.4000000000008,move,improve
3968,13,278.1999999999989,13,264.4000000000008,move,improve
3969,13,278.1999999999989,13,264.4000000000008,2opt,notBad
3970,13,278.1999999999989,13,264.4000000000008,swap,notBad
3971,13,278.1999999999989,13,264.4000000000008,swap,notBad
3972,13,278.1999999999989,13,264.4000000000008,move,improve
3973,13,278.1999999999989,13,264.4000000000008,move,improve
3974,13,278.1999999999989,13,264.4000000000008,swap,notBad
3975,13,278.1999999999989,13,264.4000000000008,move,improve
3976,13,278.1999999999989,13,264.4000000000008,move,improve
3977,13,278.1999999999989,13,264.4000000000008,2opt,notBad
3978,13,265.7999999999995,13,264.4000000000008,swap,improve
3979,13,265.7999999999995,13,264.4000000000008,2opt,notBad
3980,13,265.7999999999995,13,264.4000000000008,move,improve
3981,13,265.7999999999995,13,264.4000000000008,move,improve
3982,13,265.7999999999995,13,264.4000000000008,swap,notBad
3983,13,265.7999999999995,13,264.4000000000008,move,improve
3984,13,265.7999999999995,13,264.4000000000008,move,improve
3985,13,265.7999999999995,13,264.4000000000008,2opt,notBad
3986,13,265.7999999999995,13,264.4000000000008,2opt,improve
3987,13,265.7999999999995,13,264.4000000000008,2opt,improve
3988,13,265.7999999999995,13,264.4000000000008,2opt,notBad
3989,13,265.7999999999995,13,264.4000000000008,2opt,notBad
3990,13,265.7999999999995,13,264.4000000000008,move,improve
3991,13,265.7999999999995,13,264.4000000000008,2opt,notBad
3992,13,265.7999999999995,13,264.4000000000008,move,improve
3993,13,265.7999999999995,13,264.4000000000008,swap,notBad
3994,13,265.7999999999995,13,264.4000000000008,2opt,notBad
3995,13,265.7999999999995,13,264.4000000000008,move,improve
3996,13,265.7999999999995,13,264.4000000000008,2opt,notBad
3997,13,265.7999999999995,13,264.4000000000008,move,improve
3998,13,265.7999999999995,13,264.4000000000008,2opt,notBad
3999,13,265.7999999999995,13,264.4000000000008,move,improve
4000,13,265.7999999999995,13,264.4000000000008,swap,notBad
4001,13,265.7999999999995,13,264.4000000000008,2opt,notBad
4002,13,265.7999999999995,13,264.4000000000008,move,improve
4003,13,265.7999999999995,13,264.4000000000008,swap,notBad
4004,13,265.7999999999995,13,264.4000000000008,swap,notBad
4005,13,265.7999999999995,13,264.4000000000008,swap,notBad
4006,13,265.7999999999995,13,264.4000000000008,2opt,improve
4007,13,265.7999999999995,13,264.4000000000008,swap,notBad
4008,13,265.7999999999995,13,264.4000000000008,swap,notBad
4009,13,265.7999999999995,13,264.4000000000008,2opt,notBad
4010,13,265.7999999999995,13,264.4000000000008,swap,notBad
4011,13,265.7999999999995,13,264.4000000000008,move,improve
4012,13,265.7999999999995,13,264.4000000000008,swap,notBad
4013,13,265.7999999999995,13,264.4000000000008,2opt,improve
4014,13,292.99999999999955,13,264.4000000000008,2opt,acceptBad
4015,13,292.99999999999955,13,264.4000000000008,2opt,notBad
4016,13,292.99999999999955,13,264.4000000000008,swap,notBad
4017,13,292.99999999999955,13,264.4000000000008,2opt,notBad
4018,13,292.99999999999955,13,264.4000000000008,swap,notBad
4019,13,292.99999999999955,13,264.4000000000008,swap,notBad
4020,13,292.99999999999955,13,264.4000000000008,2opt,notBad
4021,13,292.99999999999955,13,264.4000000000008,2opt,notBad
4022,13,292.99999999999955,13,264.4000000000008,2opt,notBad
4023,13,292.99999999999955,13,264.4000000000008,move,improve
4024,13,292.99999999999955,13,264.4000000000008,swap,notBad
4025,13,292.99999999999955,13,264.4000000000008,2opt,notBad
4026,13,292.99999999999955,13,264.4000000000008,move,improve
4027,13,292.99999999999955,13,264.4000000000008,move,improve
4028,13,292.99999999999955,13,264.4000000000008,swap,notBad
4029,13,274.20000000000005,13,264.4000000000008,move,improve
4030,13,274.20000000000005,13,264.4000000000008,move,improve
4031,13,274.20000000000005,13,264.4000000000008,move,improve
4032,13,274.20000000000005,13,264.4000000000008,swap,notBad
4033,13,274.20000000000005,13,264.4000000000008,swap,notBad
4034,13,274.20000000000005,13,264.4000000000008,swap,notBad
4035,13,274.20000000000005,13,264.4000000000008,move,improve
4036,13,274.20000000000005,13,264.4000000000008,2opt,improve
4037,13,274.20000000000005,13,264.4000000000008,2opt,notBad
4038,13,274.20000000000005,13,264.4000000000008,swap,notBad
4039,13,274.20000000000005,13,264.4000000000008,2opt,notBad
4040,13,270.6000000000006,13,264.4000000000008,move,improve
4041,13,270.6000000000006,13,264.4000000000008,swap,improve
4042,13,270.6000000000006,13,264.4000000000008,move,improve
4043,13,270.6000000000006,13,264.4000000000008,2opt,notBad
4044,13,270.6000000000006,13,264.4000000000008,swap,notBad
4045,13,270.6000000000006,13,264.4000000000008,move,improve
4046,13,270.6000000000006,13,264.4000000000008,2opt,notBad
4047,13,270.6000000000006,13,264.4000000000008,2opt,notBad
4048,13,300.79999999999995,13,264.4000000000008,swap,acceptBad
4049,13,318.4000000000003,13,264.4000000000008,swap,acceptBad
4050,13,318.4000000000003,13,264.4000000000008,swap,notBad
4051,13,318.4000000000003,13,264.4000000000008,swap,notBad
4052,13,318.4000000000003,13,264.4000000000008,2opt,notBad
4053,13,318.4000000000003,13,264.4000000000008,swap,notBad
4054,13,318.4000000000003,13,264.4000000000008,2opt,notBad
4055,13,318.4000000000003,13,264.4000000000008,2opt,notBad
4056,13,318.4000000000003,13,264.4000000000008,2opt,notBad
4057,13,318.4000000000003,13,264.4000000000008,2opt,notBad
4058,13,318.4000000000003,13,264.4000000000008,swap,notBad
4059,13,318.4000000000003,13,264.4000000000008,move,improve
4060,13,318.4000000000003,13,264.4000000000008,move,improve
4061,13,318.4000000000003,13,264.4000000000008,2opt,notBad
4062,13,318.4000000000003,13,264.4000000000008,move,improve
4063,13,309.79999999999995,13,264.4000000000008,swap,improve
4064,13,382.8000000000002,13,264.4000000000008,swap,acceptBad
4065,13,382.8000000000002,13,264.4000000000008,move,improve
4066,13,382.8000000000002,13,264.4000000000008,move,improve
4067,13,288.4000000000001,13,264.4000000000008,move,improve
4068,13,288.4000000000001,13,264.4000000000008,swap,notBad
4069,13,288.4000000000001,13,264.4000000000008,2opt,notBad
4070,13,288.4000000000001,13,264.4000000000008,move,improve
4071,13,288.4000000000001,13,264.4000000000008,swap,notBad
4072,13,288.4000000000001,13,264.4000000000008,swap,notBad
4073,13,288.4000000000001,13,264.4000000000008,2opt,notBad
4074,13,288.4000000000001,13,264.4000000000008,swap,notBad
4075,13,288.4000000000001,13,264.4000000000008,swap,notBad
4076,13,288.4000000000001,13,264.4000000000008,swap,notBad
4077,13,288.4000000000001,13,264.4000000000008,move,improve
4078,13,288.4000000000001,13,264.4000000000008,2opt,notBad
4079,13,288.4000000000001,13,264.4000000000008,2opt,notBad
4080,13,288.4000000000001,13,264.4000000000008,move,improve
4081,13,288.4000000000001,13,264.4000000000008,swap,notBad
4082,13,288.4000000000001,13,264.4000000000008,move,improve
4083,13,288.4000000000001,13,264.4000000000008,move,improve
4084,13,288.4000000000001,13,264.4000000000008,2opt,improve
4085,13,288.4000000000001,13,264.4000000000008,swap,notBad
4086,13,288.4000000000001,13,264.4000000000008,2opt,notBad
4087,13,288.4000000000001,13,264.4000000000008,swap,notBad
4088,13,288.4000000000001,13,264.4000000000008,move,improve
4089,13,288.4000000000001,13,264.4000000000008,move,improve
4090,13,288.4000000000001,13,264.4000000000008,swap,notBad
4091,13,288.4000000000001,13,264.4000000000008,swap,notBad
4092,13,288.4000000000001,13,264.4000000000008,move,improve
4093,13,288.4000000000001,13,264.4000000000008,move,improve
4094,13,288.4000000000001,13,264.4000000000008,2opt,notBad
4095,13,288.4000000000001,13,264.4000000000008,move,improve
4096,13,288.4000000000001,13,264.4000000000008,move,improve
4097,13,288.4000000000001,13,264.4000000000008,2opt,notBad
4098,13,288.4000000000001,13,264.4000000000008,move,improve
4099,13,288.4000000000001,13,264.4000000000008,2opt,notBad
4100,13,288.4000000000001,13,264.4000000000008,2opt,notBad
4101,13,288.4000000000001,13,264.4000000000008,2opt,notBad
4102,13,288.4000000000001,13,264.4000000000008,2opt,notBad
4103,13,458.5999999999997,13,264.4000000000008,move,acceptBad
4104,13,458.5999999999997,13,264.4000000000008,2opt,notBad
4105,13,458.5999999999997,13,264.4000000000008,2opt,notBad
4106,13,458.5999999999997,13,264.4000000000008,swap,notBad
4107,13,458.5999999999997,13,264.4000000000008,move,improve
4108,13,458.5999999999997,13,264.4000000000008,move,improve
4109,13,458.5999999999997,13,264.4000000000008,move,improve
4110,13,458.5999999999997,13,264.4000000000008,swap,notBad
4111,13,458.5999999999997,13,264.4000000000008,swap,notBad
4112,13,458.5999999999997,13,264.4000000000008,move,improve
4113,13,458.5999999999997,13,264.4000000000008,move,improve
4114,13,458.5999999999997,13,264.4000000000008,move,improve
4115,13,458.5999999999997,13,264.4000000000008,swap,notBad
4116,13,458.5999999999997,13,264.4000000000008,2opt,notBad
4117,13,458.5999999999997,13,264.4000000000008,2opt,notBad
4118,13,458.5999999999997,13,264.4000000000008,swap,notBad
4119,13,458.5999999999997,13,264.4000000000008,move,improve
4120,13,422.59999999999945,13,264.4000000000008,swap,improve
4121,13,422.59999999999945,13,264.4000000000008,move,improve
4122,13,422.59999999999945,13,264.4000000000008,2opt,notBad
4123,13,422.59999999999945,13,264.4000000000008,swap,notBad
4124,13,473.39999999999986,13,264.4000000000008,swap,acceptBad
4125,13,473.39999999999986,13,264.4000000000008,swap,notBad
4126,13,492.80000000000086,13,264.4000000000008,swap,acceptBad
4127,13,492.80000000000086,13,264.4000000000008,2opt,notBad
4128,13,492.80000000000086,13,264.4000000000008,move,improve
4129,13,492.80000000000086,13,264.4000000000008,move,improve
4130,13,492.80000000000086,13,264.4000000000008,2opt,notBad
4131,13,492.80000000000086,13,264.4000000000008,move,improve
4132,13,492.80000000000086,13,264.4000000000008,move,improve
4133,13,492.80000000000086,13,264.4000000000008,2opt,notBad
4134,13,492.80000000000086,13,264.4000000000008,move,improve
4135,13,492.80000000000086,13,264.4000000000008,move,improve
4136,13,492.80000000000086,13,264.4000000000008,swap,notBad
4137,13,492.80000000000086,13,264.4000000000008,2opt,notBad
4138,13,492.80000000000086,13,264.4000000000008,move,improve
4139,13,492.80000000000086,13,264.4000000000008,2opt,notBad
4140,13,492.80000000000086,13,264.4000000000008,2opt,notBad
4141,13,492.80000000000086,13,264.4000000000008,2opt,notBad
4142,13,492.80000000000086,13,264.4000000000008,2opt,notBad
4143,13,492.80000000000086,13,264.4000000000008,move,improve
4144,13,492.80000000000086,13,264.4000000000008,move,improve
4145,13,492.80000000000086,13,264.4000000000008,swap,notBad
4146,13,492.80000000000086,13,264.4000000000008,move,improve
4147,13,492.80000000000086,13,264.4000000000008,move,improve
4148,13,492.80000000000086,13,264.4000000000008,move,improve
4149,13,492.80000000000086,13,264.4000000000008,move,improve
4150,13,504.0000000000009,13,264.4000000000008,swap,acceptBad
4151,13,550.4000000000015,13,264.4000000000008,swap,acceptBad
4152,13,550.4000000000015,13,264.4000000000008,move,improve
4153,13,550.4000000000015,13,264.4000000000008,swap,notBad
4154,13,550.4000000000015,13,264.4000000000008,move,improve
4155,13,550.4000000000015,13,264.4000000000008,swap,notBad
4156,13,550.4000000000015,13,264.4000000000008,2opt,notBad
4157,13,550.4000000000015,13,264.4000000000008,2opt,notBad
4158,13,550.4000000000015,13,264.4000000000008,move,improve
4159,13,550.4000000000015,13,264.4000000000008,2opt,notBad
4160,13,550.4000000000015,13,264.4000000000008,move,improve
4161,13,536.6000000000017,13,264.4000000000008,swap,improve
4162,13,536.6000000000017,13,264.4000000000008,2opt,improve
4163,13,536.6000000000017,13,264.4000000000008,swap,notBad
4164,13,536.6000000000017,13,264.4000000000008,2opt,notBad
4165,13,516.0000000000009,13,264.4000000000008,2opt,improve
4166,13,516.0000000000009,13,264.4000000000008,swap,notBad
4167,13,516.0000000000009,13,264.4000000000008,2opt,improve
4168,13,516.0000000000009,13,264.4000000000008,2opt,notBad
4169,13,516.0000000000009,13,264.4000000000008,move,improve
4170,13,516.0000000000009,13,264.4000000000008,move,improve
4171,13,516.0000000000009,13,264.4000000000008,2opt,notBad
4172,13,516.0000000000009,13,264.4000000000008,move,notBad
4173,13,495.4000000000012,13,264.4000000000008,swap,improve
4174,13,495.4000000000012,13,264.4000000000008,move,improve
4175,13,495.4000000000012,13,264.4000000000008,2opt,notBad
4176,13,495.4000000000012,13,264.4000000000008,2opt,improve
4177,13,495.4000000000012,13,264.4000000000008,2opt,notBad
4178,13,495.4000000000012,13,264.4000000000008,move,improve
4179,13,465.0000000000007,13,264.4000000000008,move,improve
4180,13,465.0000000000007,13,264.4000000000008,swap,notBad
4181,13,465.0000000000007,13,264.4000000000008,2opt,improve
4182,13,465.0000000000007,13,264.4000000000008,2opt,notBad
4183,13,465.0000000000007,13,264.4000000000008,swap,notBad
4184,13,465.0000000000007,13,264.4000000000008,2opt,notBad
4185,13,465.0000000000007,13,264.4000000000008,swap,notBad
4186,13,465.0000000000007,13,264.4000000000008,swap,notBad
4187,13,465.0000000000007,13,264.4000000000008,2opt,notBad
4188,13,465.0000000000007,13,264.4000000000008,2opt,notBad
4189,13,465.0000000000007,13,264.4000000000008,move,improve
4190,13,465.0000000000007,13,264.4000000000008,swap,notBad
4191,13,465.0000000000007,13,264.4000000000008,swap,notBad
4192,13,465.0000000000007,13,264.4000000000008,swap,notBad
4193,13,465.0000000000007,13,264.4000000000008,2opt,notBad
4194,13,465.0000000000007,13,264.4000000000008,swap,notBad
4195,13,465.0000000000007,13,264.4000000000008,move,improve
4196,13,533.8000000000018,13,264.4000000000008,swap,acceptBad
4197,13,530.2000000000003,13,264.4000000000008,move,improve
4198,13,530.2000000000003,13,264.4000000000008,swap,notBad
4199,13,530.2000000000003,13,264.4000000000008,swap,notBad
4200,13,530.2000000000003,13,264.4000000000008,2opt,notBad
4201,13,530.2000000000003,13,264.4000000000008,2opt,notBad
4202,13,530.2000000000003,13,264.4000000000008,move,improve
4203,13,530.2000000000003,13,264.4000000000008,move,improve
4204,13,530.2000000000003,13,264.4000000000008,move,improve
4205,13,530.2000000000003,13,264.4000000000008,swap,notBad
4206,13,534.8000000000002,13,264.4000000000008,swap,acceptBad
4207,13,534.8000000000002,13,264.4000000000008,2opt,notBad
4208,13,534.8000000000002,13,264.4000000000008,move,improve
4209,13,534.8000000000002,13,264.4000000000008,swap,notBad
4210,13,534.8000000000002,13,264.4000000000008,2opt,improve
4211,13,534.8000000000002,13,264.4000000000008,move,improve
4212,13,534.8000000000002,13,264.4000000000008,move,improve
4213,13,534.8000000000002,13,264.4000000000008,swap,notBad
4214,13,534.8000000000002,13,264.4000000000008,swap,notBad
4215,13,534.8000000000002,13,264.4000000000008,move,improve
4216,13,534.8000000000002,13,264.4000000000008,swap,notBad
4217,13,534.8000000000002,13,264.4000000000008,2opt,notBad
4218,13,534.8000000000002,13,264.4000000000008,2opt,notBad
4219,13,428.9999999999982,13,264.4000000000008,move,improve
4220,13,428.9999999999982,13,264.4000000000008,2opt,notBad
4221,13,428.9999999999982,13,264.4000000000008,move,improve
4222,13,422.39999999999804,13,264.4000000000008,2opt,improve
4223,13,422.39999999999804,13,264.4000000000008,2opt,notBad
4224,13,422.39999999999804,13,264.4000000000008,move,improve
4225,13,422.39999999999804,13,264.4000000000008,move,improve
4226,13,415.3999999999987,13,264.4000000000008,move,improve
4227,13,415.3999999999987,13,264.4000000000008,swap,notBad
4228,13,415.3999999999987,13,264.4000000000008,swap,notBad
4229,13,415.3999999999987,13,264.4000000000008,2opt,notBad
4230,13,415.3999999999987,13,264.4000000000008,2opt,notBad
4231,13,415.3999999999987,13,264.4000000000008,move,improve
4232,13,415.3999999999987,13,264.4000000000008,move,notBad
4233,13,415.3999999999987,13,264.4000000000008,move,improve
4234,13,415.3999999999987,13,264.4000000000008,move,improve
4235,13,415.3999999999987,13,264.4000000000008,swap,notBad
4236,13,415.3999999999987,13,264.4000000000008,2opt,notBad
4237,13,415.3999999999987,13,264.4000000000008,2opt,notBad
4238,13,446.3999999999983,13,264.4000000000008,swap,acceptBad
4239,13,534.5999999999985,13,264.4000000000008,swap,acceptBad
4240,13,534.5999999999985,13,264.4000000000008,2opt,notBad
4241,13,534.5999999999985,13,264.4000000000008,move,notBad
4242,13,534.5999999999985,13,264.4000000000008,move,improve
4243,13,534.5999999999985,13,264.4000000000008,2opt,notBad
4244,13,534.5999999999985,13,264.4000000000008,2opt,notBad
4245,13,534.5999999999985,13,264.4000000000008,move,improve
4246,13,534.5999999999985,13,264.4000000000008,2opt,improve
4247,13,534.5999999999985,13,264.4000000000008,2opt,improve
4248,13,534.5999999999985,13,264.4000000000008,2opt,notBad
4249,13,534.5999999999985,13,264.4000000000008,2opt,notBad
4250,13,534.5999999999985,13,264.4000000000008,move,improve
4251,13,534.5999999999985,13,264.4000000000008,move,improve
4252,13,534.5999999999985,13,264.4000000000008,swap,notBad
4253,13,534.5999999999985,13,264.4000000000008,swap,notBad
4254,13,534.5999999999985,13,264.4000000000008,move,improve
4255,13,534.5999999999985,13,264.4000000000008,2opt,notBad
4256,13,534.5999999999985,13,264.4000000000008,swap,notBad
4257,13,534.5999999999985,13,264.4000000000008,swap,notBad
4258,13,534.5999999999985,13,264.4000000000008,move,improve
4259,13,534.5999999999985,13,264.4000000000008,swap,notBad
4260,13,534.5999999999985,13,264.4000000000008,2opt,notBad
4261,13,534.5999999999985,13,264.4000000000008,2opt,notBad
4262,13,534.5999999999985,13,264.4000000000008,2opt,notBad
4263,13,534.5999999999985,13,264.4000000000008,move,improve
4264,13,534.5999999999985,13,264.4000000000008,swap,notBad
4265,13,534.5999999999985,13,264.4000000000008,move,improve
4266,13,534.5999999999985,13,264.4000000000008,move,improve
4267,13,534.5999999999985,13,264.4000000000008,move,notBad
4268,13,534.5999999999985,13,264.4000000000008,swap,notBad
4269,13,534.5999999999985,13,264.4000000000008,swap,notBad
4270,13,534.5999999999985,13,264.4000000000008,move,improve
4271,13,564.9999999999984,13,264.4000000000008,swap,acceptBad
4272,13,564.9999999999984,13,264.4000000000008,move,improve
4273,13,564.9999999999984,13,264.4000000000008,2opt,notBad
4274,13,564.9999999999984,13,264.4000000000008,2opt,notBad
4275,13,564.9999999999984,13,264.4000000000008,move,improve
4276,13,564.9999999999984,13,264.4000000000008,2opt,notBad
4277,13,564.9999999999984,13,264.4000000000008,move,improve
4278,13,564.9999999999984,13,264.4000000000008,2opt,notBad
4279,13,564.9999999999984,13,264.4000000000008,2opt,notBad
4280,13,564.9999999999984,13,264.4000000000008,move,improve
4281,13,564.9999999999984,13,264.4000000000008,swap,notBad
4282,13,580.5999999999988,13,264.4000000000008,2opt,acceptBad
4283,13,580.5999999999988,13,264.4000000000008,2opt,improve
4284,13,438.99999999999864,13,264.4000000000008,move,improve
4285,13,438.99999999999864,13,264.4000000000008,2opt,notBad
4286,13,438.99999999999864,13,264.4000000000008,2opt,notBad
4287,13,438.99999999999864,13,264.4000000000008,2opt,notBad
4288,13,438.99999999999864,13,264.4000000000008,2opt,notBad
4289,13,438.99999999999864,13,264.4000000000008,move,improve
4290,13,438.99999999999864,13,264.4000000000008,2opt,notBad
4291,13,428.19999999999914,13,264.4000000000008,move,improve
4292,13,419.3999999999992,13,264.4000000000008,2opt,improve
4293,13,419.3999999999992,13,264.4000000000008,2opt,notBad
4294,13,419.3999999999992,13,264.4000000000008,move,improve
4295,13,419.3999999999992,13,264.4000000000008,move,improve
4296,13,419.3999999999992,13,264.4000000000008,2opt,notBad
4297,13,419.3999999999992,13,264.4000000000008,2opt,notBad
4298,13,419.3999999999992,13,264.4000000000008,2opt,notBad
4299,13,419.3999999999992,13,264.4000000000008,2opt,notBad
4300,13,419.3999999999992,13,264.4000000000008,2opt,improve
4301,13,397.5999999999992,13,264.4000000000008,move,improve
4302,13,397.5999999999992,13,264.4000000000008,2opt,improve
4303,13,397.5999999999992,13,264.4000000000008,2opt,notBad
4304,13,397.5999999999992,13,264.4000000000008,2opt,notBad
4305,13,397.5999999999992,13,264.4000000000008,swap,notBad
4306,13,397.5999999999992,13,264.4000000000008,2opt,notBad
4307,13,357.39999999999895,13,264.4000000000008,swap,improve
4308,13,357.39999999999895,13,264.4000000000008,move,improve
4309,13,357.39999999999895,13,264.4000000000008,move,improve
4310,13,357.39999999999895,13,264.4000000000008,move,improve
4311,13,357.39999999999895,13,264.4000000000008,2opt,notBad
4312,13,357.39999999999895,13,264.4000000000008,move,improve
4313,13,357.39999999999895,13,264.4000000000008,2opt,notBad
4314,13,357.39999999999895,13,264.4000000000008,swap,notBad
4315,13,357.39999999999895,13,264.4000000000008,swap,notBad
4316,13,357.39999999999895,13,264.4000000000008,move,improve
4317,13,357.39999999999895,13,264.4000000000008,2opt,improve
4318,13,357.39999999999895,13,264.4000000000008,2opt,notBad
4319,13,357.39999999999895,13,264.4000000000008,2opt,improve
4320,13,350.3999999999987,13,264.4000000000008,2opt,improve
4321,13,346.5999999999988,13,264.4000000000008,move,improve
4322,13,346.5999999999988,13,264.4000000000008,move,improve
4323,13,346.5999999999988,13,264.4000000000008,swap,notBad
4324,13,346.5999999999988,13,264.4000000000008,2opt,notBad
4325,13,346.5999999999988,13,264.4000000000008,2opt,notBad
4326,13,346.5999999999988,13,264.4000000000008,move,improve
4327,13,346.5999999999988,13,264.4000000000008,swap,notBad
4328,13,346.5999999999988,13,264.4000000000008,move,improve
4329,13,346.5999999999988,13,264.4000000000008,2opt,improve
4330,13,346.5999999999988,13,264.4000000000008,2opt,notBad
4331,13,346.5999999999988,13,264.4000000000008,2opt,notBad
4332,13,346.5999999999988,13,264.4000000000008,swap,notBad
4333,13,346.5999999999988,13,264.4000000000008,2opt,notBad
4334,13,346.5999999999988,13,264.4000000000008,2opt,notBad
4335,13,346.5999999999988,13,264.4000000000008,move,improve
4336,13,346.5999999999988,13,264.4000000000008,2opt,improve
4337,13,346.5999999999988,13,264.4000000000008,swap,notBad
4338,13,346.5999999999988,13,264.4000000000008,move,improve
4339,13,346.5999999999988,13,264.4000000000008,swap,notBad
4340,13,346.5999999999988,13,264.4000000000008,swap,notBad
4341,13,346.5999999999988,13,264.4000000000008,2opt,notBad
4342,13,346.5999999999988,13,264.4000000000008,move,improve
4343,13,346.5999999999988,13,264.4000000000008,swap,notBad
4344,13,346.5999999999988,13,264.4000000000008,2opt,notBad
4345,13,346.5999999999988,13,264.4000000000008,move,improve
4346,13,346.5999999999988,13,264.4000000000008,move,improve
4347,13,346.5999999999988,13,264.4000000000008,move,improve
4348,13,346.5999999999988,13,264.4000000000008,move,improve
4349,13,346.5999999999988,13,264.4000000000008,move,improve
4350,13,346.5999999999988,13,264.4000000000008,move,improve
4351,13,346.5999999999988,13,264.4000000000008,move,improve
4352,13,337.3999999999976,13,264.4000000000008,move,improve
4353,13,337.3999999999976,13,264.4000000000008,move,improve
4354,13,337.3999999999976,13,264.4000000000008,move,improve
4355,13,337.3999999999976,13,264.4000000000008,move,improve
4356,13,337.3999999999976,13,264.4000000000008,move,improve
4357,13,337.3999999999976,13,264.4000000000008,swap,notBad
4358,13,337.3999999999976,13,264.4000000000008,move,improve
4359,13,312.79999999999905,13,264.4000000000008,swap,improve
4360,13,312.79999999999905,13,264.4000000000008,move,improve
4361,13,312.79999999999905,13,264.4000000000008,2opt,notBad
4362,13,312.79999999999905,13,264.4000000000008,2opt,notBad
4363,13,312.79999999999905,13,264.4000000000008,2opt,notBad
4364,13,312.79999999999905,13,264.4000000000008,move,improve
4365,13,312.79999999999905,13,264.4000000000008,2opt,notBad
4366,13,312.79999999999905,13,264.4000000000008,move,improve
4367,13,312.79999999999905,13,264.4000000000008,2opt,notBad
4368,13,312.79999999999905,13,264.4000000000008,swap,notBad
4369,13,312.79999999999905,13,264.4000000000008,swap,notBad
4370,13,312.79999999999905,13,264.4000000000008,2opt,notBad
4371,13,312.79999999999905,13,264.4000000000008,swap,notBad
4372,13,312.79999999999905,13,264.4000000000008,move,improve
4373,13,312.79999999999905,13,264.4000000000008,move,improve
4374,13,312.79999999999905,13,264.4000000000008,2opt,notBad
4375,13,312.79999999999905,13,264.4000000000008,move,improve
4376,13,312.79999999999905,13,264.4000000000008,move,improve
4377,13,312.79999999999905,13,264.4000000000008,2opt,notBad
4378,13,312.79999999999905,13,264.4000000000008,move,improve
4379,13,312.79999999999905,13,264.4000000000008,2opt,notBad
4380,13,312.79999999999905,13,264.4000000000008,2opt,notBad
4381,13,312.79999999999905,13,264.4000000000008,move,improve
4382,13,348.79999999999905,13,264.4000000000008,swap,acceptBad
4383,13,348.79999999999905,13,264.4000000000008,swap,notBad
4384,13,348.79999999999905,13,264.4000000000008,swap,notBad
4385,13,360.79999999999905,13,264.4000000000008,swap,acceptBad
4386,13,360.79999999999905,13,264.4000000000008,move,improve
4387,13,360.79999999999905,13,264.4000000000008,move,improve
4388,13,360.79999999999905,13,264.4000000000008,move,notBad
4389,13,360.79999999999905,13,264.4000000000008,move,improve
4390,13,360.79999999999905,13,264.4000000000008,swap,notBad
4391,13,326.3999999999983,13,264.4000000000008,move,improve
4392,13,326.3999999999983,13,264.4000000000008,2opt,notBad
4393,13,326.3999999999983,13,264.4000000000008,2opt,notBad
4394,13,326.3999999999983,13,264.4000000000008,2opt,notBad
4395,13,326.3999999999983,13,264.4000000000008,swap,notBad
4396,13,326.3999999999983,13,264.4000000000008,move,improve
4397,13,326.3999999999983,13,264.4000000000008,swap,notBad
4398,13,326.3999999999983,13,264.4000000000008,move,improve
4399,13,336.79999999999836,13,264.4000000000008,swap,acceptBad
4400,13,336.79999999999836,13,264.4000000000008,move,improve
4401,13,336.79999999999836,13,264.4000000000008,2opt,notBad
4402,13,336.79999999999836,13,264.4000000000008,swap,notBad
4403,13,336.79999999999836,13,264.4000000000008,swap,notBad
4404,13,336.79999999999836,13,264.4000000000008,swap,notBad
4405,13,336.79999999999836,13,264.4000000000008,2opt,notBad
4406,13,336.79999999999836,13,264.4000000000008,2opt,notBad
4407,13,336.79999999999836,13,264.4000000000008,2opt,notBad
4408,13,336.79999999999836,13,264.4000000000008,2opt,notBad
4409,13,336.79999999999836,13,264.4000000000008,2opt,notBad
4410,13,336.79999999999836,13,264.4000000000008,move,improve
4411,13,336.79999999999836,13,264.4000000000008,swap,notBad
4412,13,336.79999999999836,13,264.4000000000008,swap,notBad
4413,13,336.79999999999836,13,264.4000000000008,swap,notBad
4414,13,336.79999999999836,13,264.4000000000008,move,improve
4415,13,336.79999999999836,13,264.4000000000008,swap,notBad
4416,13,336.79999999999836,13,264.4000000000008,swap,notBad
4417,13,336.79999999999836,13,264.4000000000008,move,improve
4418,13,336.79999999999836,13,264.4000000000008,2opt,notBad
4419,13,336.79999999999836,13,264.4000000000008,swap,notBad
4420,13,336.79999999999836,13,264.4000000000008,swap,notBad
4421,13,336.79999999999836,13,264.4000000000008,move,improve
4422,13,336.79999999999836,13,264.4000000000008,2opt,notBad
4423,13,336.79999999999836,13,264.4000000000008,swap,notBad
4424,13,336.79999999999836,13,264.4000000000008,2opt,notBad
4425,13,361.7999999999986,13,264.4000000000008,swap,acceptBad
4426,13,361.7999999999986,13,264.4000000000008,2opt,notBad
4427,13,361.7999999999986,13,264.4000000000008,2opt,notBad
4428,13,361.7999999999986,13,264.4000000000008,2opt,notBad
4429,13,303.7999999999979,13,264.4000000000008,move,improve
4430,13,303.7999999999979,13,264.4000000000008,swap,notBad
4431,13,272.7999999999977,13,264.4000000000008,move,improve
4432,13,272.7999999999977,13,264.4000000000008,move,improve
4433,13,272.7999999999977,13,264.4000000000008,2opt,notBad
4434,13,272.7999999999977,13,264.4000000000008,2opt,notBad
4435,13,272.7999999999977,13,264.4000000000008,swap,notBad
4436,13,272.7999999999977,13,264.4000000000008,2opt,notBad
4437,13,272.7999999999977,13,264.4000000000008,2opt,notBad
4438,13,272.7999999999977,13,264.4000000000008,move,improve
4439,13,272.7999999999977,13,264.4000000000008,swap,notBad
4440,13,266.9999999999977,13,264.4000000000008,move,improve
4441,13,303.99999999999704,13,264.4000000000008,move,acceptBad
4442,13,303.99999999999704,13,264.4000000000008,move,improve
4443,13,303.99999999999704,13,264.4000000000008,2opt,notBad
4444,13,303.99999999999704,13,264.4000000000008,2opt,notBad
4445,13,303.99999999999704,13,264.4000000000008,2opt,notBad
4446,13,303.99999999999704,13,264.4000000000008,swap,notBad
4447,13,303.99999999999704,13,264.4000000000008,swap,notBad
4448,13,303.99999999999704,13,264.4000000000008,move,improve
4449,13,303.99999999999704,13,264.4000000000008,swap,notBad
4450,13,303.99999999999704,13,264.4000000000008,move,improve
4451,13,303.99999999999704,13,264.4000000000008,2opt,notBad
4452,13,303.99999999999704,13,264.4000000000008,2opt,notBad
4453,13,266.9999999999982,13,264.4000000000008,move,improve
4454,13,266.9999999999982,13,264.4000000000008,swap,notBad
4455,13,266.9999999999982,13,264.4000000000008,move,improve
4456,13,266.9999999999982,13,264.4000000000008,2opt,notBad
4457,13,266.9999999999982,13,264.4000000000008,swap,notBad
4458,13,266.9999999999982,13,264.4000000000008,2opt,notBad
4459,13,266.9999999999982,13,264.4000000000008,2opt,notBad
4460,13,266.9999999999982,13,264.4000000000008,swap,notBad
4461,13,266.9999999999982,13,264.4000000000008,2opt,improve
4462,13,266.9999999999982,13,264.4000000000008,move,improve
4463,13,266.9999999999982,13,264.4000000000008,move,improve
4464,13,266.9999999999982,13,264.4000000000008,swap,notBad
4465,13,266.9999999999982,13,264.4000000000008,2opt,notBad
4466,13,266.9999999999982,13,264.4000000000008,2opt,notBad
4467,13,266.9999999999982,13,264.4000000000008,2opt,notBad
4468,13,266.9999999999982,13,264.4000000000008,swap,notBad
4469,13,266.9999999999982,13,264.4000000000008,swap,notBad
4470,13,266.9999999999982,13,264.4000000000008,2opt,notBad
4471,13,266.9999999999982,13,264.4000000000008,move,improve
4472,13,266.9999999999982,13,264.4000000000008,2opt,notBad
4473,13,266.9999999999982,13,264.4000000000008,2opt,improve
4474,13,248.99999999999818,13,248.99999999999818,move,newBest
4475,13,248.99999999999818,13,248.99999999999818,2opt,notBad
4476,13,248.99999999999818,13,248.99999999999818,swap,notBad
4477,13,248.99999999999818,13,248.99999999999818,2opt,notBad
4478,13,248.99999999999818,13,248.99999999999818,swap,notBad
4479,13,248.99999999999818,13,248.99999999999818,swap,notBad
4480,13,248.99999999999818,13,248.99999999999818,swap,notBad
4481,13,248.99999999999818,13,248.99999999999818,swap,notBad
4482,13,248.99999999999818,13,248.99999999999818,swap,notBad
4483,13,248.99999999999818,13,248.99999999999818,swap,notBad
4484,13,248.99999999999818,13,248.99999999999818,swap,notBad
4485,13,248.99999999999818,13,248.99999999999818,move,improve
4486,13,248.99999999999818,13,248.99999999999818,move,improve
4487,13,248.99999999999818,13,248.99999999999818,move,improve
4488,13,248.99999999999818,13,248.99999999999818,2opt,notBad
4489,13,248.99999999999818,13,248.99999999999818,2opt,notBad
4490,13,248.99999999999818,13,248.99999999999818,swap,notBad
4491,13,248.99999999999818,13,248.99999999999818,move,improve
4492,13,248.99999999999818,13,248.99999999999818,move,improve
4493,13,248.99999999999818,13,248.99999999999818,2opt,notBad
4494,13,248.99999999999818,13,248.99999999999818,2opt,notBad
4495,13,248.99999999999818,13,248.99999999999818,move,improve
4496,13,248.99999999999818,13,248.99999999999818,2opt,improve
4497,13,248.99999999999818,13,248.99999999999818,2opt,notBad
4498,13,248.99999999999818,13,248.99999999999818,2opt,notBad
4499,13,248.99999999999818,13,248.99999999999818,2opt,notBad
4500,13,248.99999999999818,13,248.99999999999818,2opt,notBad
4501,13,248.99999999999818,13,248.99999999999818,move,improve
4502,13,248.99999999999818,13,248.99999999999818,move,improve
4503,13,248.99999999999818,13,248.99999999999818,move,improve
4504,13,248.99999999999818,13,248.99999999999818,move,improve
4505,13,248.99999999999818,13,248.99999999999818,move,improve
4506,13,248.99999999999818,13,248.99999999999818,2opt,notBad
4507,13,248.99999999999818,13,248.99999999999818,2opt,notBad
4508,13,248.99999999999818,13,248.99999999999818,2opt,notBad
4509,13,248.99999999999818,13,248.99999999999818,move,improve
4510,13,248.99999999999818,13,248.99999999999818,swap,notBad
4511,13,248.99999999999818,13,248.99999999999818,swap,notBad
4512,13,248.99999999999818,13,248.99999999999818,2opt,notBad
4513,13,248.99999999999818,13,248.99999999999818,move,improve
4514,13,248.99999999999818,13,248.99999999999818,move,improve
4515,13,248.99999999999818,13,248.99999999999818,2opt,notBad
4516,13,248.99999999999818,13,248.99999999999818,2opt,notBad
4517,13,248.99999999999818,13,248.99999999999818,swap,notBad
4518,13,298.3999999999993,13,248.99999999999818,swap,acceptBad
4519,13,298.3999999999993,13,248.99999999999818,swap,notBad
4520,13,298.3999999999993,13,248.99999999999818,swap,notBad
4521,13,298.3999999999993,13,248.99999999999818,2opt,notBad
4522,13,298.3999999999993,13,248.99999999999818,2opt,notBad
4523,13,298.3999999999993,13,248.99999999999818,2opt,notBad
4524,13,298.3999999999993,13,248.99999999999818,move,improve
4525,13,298.3999999999993,13,248.99999999999818,move,improve
4526,13,298.3999999999993,13,248.99999999999818,swap,notBad
4527,13,298.3999999999993,13,248.99999999999818,swap,notBad
4528,13,298.3999999999993,13,248.99999999999818,move,improve
4529,13,298.3999999999993,13,248.99999999999818,move,improve
4530,13,297.5999999999991,13,248.99999999999818,move,improve
4531,13,297.5999999999991,13,248.99999999999818,move,improve
4532,13,297.5999999999991,13,248.99999999999818,2opt,notBad
4533,13,297.5999999999991,13,248.99999999999818,2opt,notBad
4534,13,295.99999999999966,13,248.99999999999818,move,improve
4535,13,295.99999999999966,13,248.99999999999818,swap,notBad
4536,13,295.99999999999966,13,248.99999999999818,move,improve
4537,13,295.99999999999966,13,248.99999999999818,2opt,notBad
4538,13,295.99999999999966,13,248.99999999999818,swap,notBad
4539,13,295.99999999999966,13,248.99999999999818,move,improve
4540,13,295.99999999999966,13,248.99999999999818,2opt,notBad
4541,13,295.99999999999966,13,248.99999999999818,swap,notBad
4542,13,295.99999999999966,13,248.99999999999818,2opt,notBad
4543,13,335.59999999999957,13,248.99999999999818,swap,acceptBad
4544,13,335.59999999999957,13,248.99999999999818,swap,notBad
4545,13,335.59999999999957,13,248.99999999999818,move,improve
4546,13,335.59999999999957,13,248.99999999999818,2opt,notBad
4547,13,335.59999999999957,13,248.99999999999818,2opt,notBad
4548,13,335.59999999999957,13,248.99999999999818,move,improve
4549,13,335.59999999999957,13,248.99999999999818,swap,notBad
4550,13,335.59999999999957,13,248.99999999999818,2opt,notBad
4551,13,335.59999999999957,13,248.99999999999818,move,improve
4552,13,335.59999999999957,13,248.99999999999818,swap,notBad
4553,13,335.59999999999957,13,248.99999999999818,2opt,notBad
4554,13,335.59999999999957,13,248.99999999999818,2opt,notBad
4555,13,335.59999999999957,13,248.99999999999818,swap,notBad
4556,13,335.59999999999957,13,248.99999999999818,2opt,notBad
4557,13,335.59999999999957,13,248.99999999999818,2opt,notBad
4558,13,335.59999999999957,13,248.99999999999818,move,improve
4559,13,335.59999999999957,13,248.99999999999818,swap,notBad
4560,13,335.59999999999957,13,248.99999999999818,swap,notBad
4561,13,335.59999999999957,13,248.99999999999818,swap,notBad
4562,13,335.59999999999957,13,248.99999999999818,2opt,notBad
4563,13,335.59999999999957,13,248.99999999999818,swap,notBad
4564,13,335.59999999999957,13,248.99999999999818,2opt,notBad
4565,13,335.59999999999957,13,248.99999999999818,2opt,notBad
4566,13,335.59999999999957,13,248.99999999999818,2opt,notBad
4567,13,335.59999999999957,13,248.99999999999818,2opt,notBad
4568,13,335.59999999999957,13,248.99999999999818,swap,notBad
4569,13,335.59999999999957,13,248.99999999999818,swap,notBad
4570,13,335.59999999999957,13,248.99999999999818,move,improve
4571,13,335.59999999999957,13,248.99999999999818,swap,notBad
4572,13,329.1999999999995,13,248.99999999999818,2opt,improve
4573,13,329.1999999999995,13,248.99999999999818,swap,notBad
4574,13,329.1999999999995,13,248.99999999999818,swap,notBad
4575,13,329.1999999999995,13,248.99999999999818,move,improve
4576,13,329.1999999999995,13,248.99999999999818,2opt,notBad
4577,13,329.1999999999995,13,248.99999999999818,2opt,notBad
4578,13,329.1999999999995,13,248.99999999999818,2opt,notBad
4579,13,329.1999999999995,13,248.99999999999818,2opt,notBad
4580,13,329.1999999999995,13,248.99999999999818,swap,notBad
4581,13,311.9999999999983,13,248.99999999999818,move,improve
4582,13,311.9999999999983,13,248.99999999999818,2opt,notBad
4583,13,326.79999999999893,13,248.99999999999818,swap,acceptBad
4584,13,326.79999999999893,13,248.99999999999818,move,improve
4585,13,326.79999999999893,13,248.99999999999818,move,improve
4586,13,326.79999999999893,13,248.99999999999818,swap,notBad
4587,13,326.79999999999893,13,248.99999999999818,move,improve
4588,13,326.79999999999893,13,248.99999999999818,2opt,notBad
4589,13,326.79999999999893,13,248.99999999999818,swap,notBad
4590,13,326.79999999999893,13,248.99999999999818,2opt,improve
4591,13,326.79999999999893,13,248.99999999999818,2opt,notBad
4592,13,326.79999999999893,13,248.99999999999818,move,improve
4593,13,305.5999999999998,13,248.99999999999818,move,improve
4594,13,305.5999999999998,13,248.99999999999818,swap,notBad
4595,13,305.5999999999998,13,248.99999999999818,swap,notBad
4596,13,305.5999999999998,13,248.99999999999818,swap,notBad
4597,13,305.5999999999998,13,248.99999999999818,move,improve
4598,13,305.5999999999998,13,248.99999999999818,swap,notBad
4599,13,305.5999999999998,13,248.99999999999818,2opt,notBad
4600,13,305.5999999999998,13,248.99999999999818,2opt,notBad
4601,13,305.5999999999998,13,248.99999999999818,swap,notBad
4602,13,361.3999999999992,13,248.99999999999818,swap,acceptBad
4603,13,361.3999999999992,13,248.99999999999818,move,improve
4604,13,361.3999999999992,13,248.99999999999818,move,improve
4605,13,361.3999999999992,13,248.99999999999818,move,improve
4606,13,358.9999999999991,13,248.99999999999818,move,improve
4607,13,358.9999999999991,13,248.99999999999818,move,improve
4608,13,358.9999999999991,13,248.99999999999818,move,improve
4609,13,358.9999999999991,13,248.99999999999818,2opt,notBad
4610,13,358.9999999999991,13,248.99999999999818,2opt,notBad
4611,13,358.9999999999991,13,248.99999999999818,move,improve
4612,13,358.9999999999991,13,248.99999999999818,move,improve
4613,13,358.9999999999991,13,248.99999999999818,move,improve
4614,13,329.7999999999997,13,248.99999999999818,swap,improve
4615,13,329.7999999999997,13,248.99999999999818,2opt,notBad
4616,13,329.7999999999997,13,248.99999999999818,swap,notBad
4617,13,329.7999999999997,13,248.99999999999818,move,improve
4618,13,329.7999999999997,13,248.99999999999818,2opt,notBad
4619,13,329.7999999999997,13,248.99999999999818,move,improve
4620,13,329.7999999999997,13,248.99999999999818,move,improve
4621,13,329.7999999999997,13,248.99999999999818,swap,notBad
4622,13,329.7999999999997,13,248.99999999999818,swap,notBad
4623,13,329.7999999999997,13,248.99999999999818,move,improve
4624,13,329.7999999999997,13,248.99999999999818,swap,notBad
4625,13,329.7999999999997,13,248.99999999999818,2opt,notBad
4626,13,329.7999999999997,13,248.99999999999818,move,improve
4627,13,329.7999999999997,13,248.99999999999818,move,improve
4628,13,329.7999999999997,13,248.99999999999818,swap,notBad
4629,13,329.7999999999997,13,248.99999999999818,2opt,notBad
4630,13,329.7999999999997,13,248.99999999999818,move,improve
4631,13,329.7999999999997,13,248.99999999999818,2opt,notBad
4632,13,329.7999999999997,13,248.99999999999818,swap,notBad
4633,13,329.7999999999997,13,248.99999999999818,move,improve
4634,13,329.7999999999997,13,248.99999999999818,move,improve
4635,13,329.7999999999997,13,248.99999999999818,move,improve
4636,13,329.7999999999997,13,248.99999999999818,swap,notBad
4637,13,329.7999999999997,13,248.99999999999818,2opt,notBad
4638,13,329.7999999999997,13,248.99999999999818,swap,notBad
4639,13,329.7999999999997,13,248.99999999999818,swap,notBad
4640,13,329.7999999999997,13,248.99999999999818,2opt,notBad
4641,13,329.7999999999997,13,248.99999999999818,move,improve
4642,13,329.7999999999997,13,248.99999999999818,2opt,notBad
4643,13,329.7999999999997,13,248.99999999999818,2opt,notBad
4644,13,329.7999999999997,13,248.99999999999818,swap,notBad
4645,13,329.7999999999997,13,248.99999999999818,2opt,notBad
4646,13,329.7999999999997,13,248.99999999999818,2opt,notBad
4647,13,329.7999999999997,13,248.99999999999818,swap,notBad
4648,13,327.79999999999995,13,248.99999999999818,move,improve
4649,13,327.79999999999995,13,248.99999999999818,2opt,notBad
4650,13,327.79999999999995,13,248.99999999999818,2opt,notBad
4651,13,327.79999999999995,13,248.99999999999818,2opt,notBad
4652,13,327.79999999999995,13,248.99999999999818,2opt,notBad
4653,13,327.79999999999995,13,248.99999999999818,swap,notBad
4654,13,327.79999999999995,13,248.99999999999818,move,improve
4655,13,327.79999999999995,13,248.99999999999818,2opt,improve
4656,13,327.79999999999995,13,248.99999999999818,swap,notBad
4657,13,327.79999999999995,13,248.99999999999818,move,improve
4658,13,327.79999999999995,13,248.99999999999818,move,improve
4659,13,327.79999999999995,13,248.99999999999818,swap,notBad
4660,13,327.79999999999995,13,248.99999999999818,2opt,notBad
4661,13,341.1999999999996,13,248.99999999999818,swap,acceptBad
4662,13,341.1999999999996,13,248.99999999999818,move,improve
4663,13,341.1999999999996,13,248.99999999999818,swap,notBad
4664,13,341.1999999999996,13,248.99999999999818,2opt,notBad
4665,13,341.1999999999996,13,248.99999999999818,2opt,notBad
4666,13,341.1999999999996,13,248.99999999999818,2opt,notBad
4667,13,341.1999999999996,13,248.99999999999818,swap,notBad
4668,13,341.1999999999996,13,248.99999999999818,2opt,notBad
4669,13,341.1999999999996,13,248.99999999999818,swap,notBad
4670,13,341.1999999999996,13,248.99999999999818,move,improve
4671,13,341.1999999999996,13,248.99999999999818,swap,notBad
4672,13,341.1999999999996,13,248.99999999999818,move,improve
4673,13,341.1999999999996,13,248.99999999999818,2opt,notBad
4674,13,341.1999999999996,13,248.99999999999818,move,improve
4675,13,354.6000000000005,13,248.99999999999818,2opt,acceptBad
4676,13,354.6000000000005,13,248.99999999999818,swap,notBad
4677,13,354.6000000000005,13,248.99999999999818,2opt,notBad
4678,13,354.6000000000005,13,248.99999999999818,move,improve
4679,13,354.6000000000005,13,248.99999999999818,move,improve
4680,13,354.6000000000005,13,248.99999999999818,move,improve
4681,13,354.6000000000005,13,248.99999999999818,move,improve
4682,13,354.6000000000005,13,248.99999999999818,move,improve
4683,13,354.6000000000005,13,248.99999999999818,swap,notBad
4684,13,354.6000000000005,13,248.99999999999818,2opt,notBad
4685,13,382.0000000000008,13,248.99999999999818,swap,acceptBad
4686,13,382.0000000000008,13,248.99999999999818,2opt,notBad
4687,13,382.0000000000008,13,248.99999999999818,swap,notBad
4688,13,382.0000000000008,13,248.99999999999818,swap,notBad
4689,13,382.0000000000008,13,248.99999999999818,swap,notBad
4690,13,382.0000000000008,13,248.99999999999818,swap,notBad
4691,13,382.0000000000008,13,248.99999999999818,swap,notBad
4692,13,382.0000000000008,13,248.99999999999818,swap,notBad
4693,13,382.0000000000008,13,248.99999999999818,swap,notBad
4694,13,382.0000000000008,13,248.99999999999818,move,improve
4695,13,382.0000000000008,13,248.99999999999818,2opt,notBad
4696,13,382.0000000000008,13,248.99999999999818,swap,notBad
4697,13,382.0000000000008,13,248.99999999999818,swap,notBad
4698,13,382.0000000000008,13,248.99999999999818,2opt,notBad
4699,13,382.0000000000008,13,248.99999999999818,move,improve
4700,13,382.0000000000008,13,248.99999999999818,2opt,notBad
4701,13,382.0000000000008,13,248.99999999999818,2opt,improve
4702,13,382.0000000000008,13,248.99999999999818,move,improve
4703,13,382.0000000000008,13,248.99999999999818,swap,notBad
4704,13,382.0000000000008,13,248.99999999999818,move,improve
4705,13,382.0000000000008,13,248.99999999999818,move,improve
4706,13,382.0000000000008,13,248.99999999999818,2opt,notBad
4707,13,382.0000000000008,13,248.99999999999818,2opt,notBad
4708,13,382.0000000000008,13,248.99999999999818,move,improve
4709,13,382.0000000000008,13,248.99999999999818,swap,notBad
4710,13,382.0000000000008,13,248.99999999999818,2opt,improve
4711,13,382.0000000000008,13,248.99999999999818,move,improve
4712,13,382.0000000000008,13,248.99999999999818,2opt,notBad
4713,13,382.0000000000008,13,248.99999999999818,swap,notBad
4714,13,382.0000000000008,13,248.99999999999818,2opt,notBad
4715,13,382.0000000000008,13,248.99999999999818,move,improve
4716,13,382.0000000000008,13,248.99999999999818,move,improve
4717,13,382.0000000000008,13,248.99999999999818,2opt,notBad
4718,13,382.0000000000008,13,248.99999999999818,swap,notBad
4719,13,382.0000000000008,13,248.99999999999818,2opt,notBad
4720,13,382.0000000000008,13,248.99999999999818,2opt,notBad
4721,13,382.0000000000008,13,248.99999999999818,swap,notBad
4722,13,382.0000000000008,13,248.99999999999818,move,improve
4723,13,382.0000000000008,13,248.99999999999818,move,notBad
4724,13,382.0000000000008,13,248.99999999999818,move,improve
4725,13,382.0000000000008,13,248.99999999999818,2opt,notBad
4726,13,382.0000000000008,13,248.99999999999818,2opt,notBad
4727,13,382.0000000000008,13,248.99999999999818,swap,notBad
4728,13,467.1999999999995,13,248.99999999999818,swap,acceptBad
4729,13,467.1999999999995,13,248.99999999999818,2opt,notBad
4730,13,467.1999999999995,13,248.99999999999818,2opt,notBad
4731,13,467.1999999999995,13,248.99999999999818,2opt,notBad
4732,13,467.1999999999995,13,248.99999999999818,2opt,notBad
4733,13,467.1999999999995,13,248.99999999999818,2opt,notBad
4734,13,467.1999999999995,13,248.99999999999818,move,improve
4735,13,467.1999999999995,13,248.99999999999818,move,improve
4736,13,467.1999999999995,13,248.99999999999818,move,improve
4737,13,467.1999999999995,13,248.99999999999818,2opt,notBad
4738,13,422.4,13,248.99999999999818,move,improve
4739,13,422.4,13,248.99999999999818,swap,notBad
4740,13,416.39999999999975,13,248.99999999999818,move,improve
4741,13,416.39999999999975,13,248.99999999999818,2opt,notBad
4742,13,416.39999999999975,13,248.99999999999818,move,improve
4743,13,416.39999999999975,13,248.99999999999818,2opt,notBad
4744,13,416.39999999999975,13,248.99999999999818,2opt,notBad
4745,13,416.39999999999975,13,248.99999999999818,move,improve
4746,13,416.39999999999975,13,248.99999999999818,move,improve
4747,13,416.39999999999975,13,248.99999999999818,2opt,notBad
4748,13,416.39999999999975,13,248.99999999999818,swap,notBad
4749,13,416.39999999999975,13,248.99999999999818,move,improve
4750,13,416.39999999999975,13,248.99999999999818,2opt,notBad
4751,13,361.7999999999997,13,248.99999999999818,move,improve
4752,13,361.7999999999997,13,248.99999999999818,swap,notBad
4753,13,361.7999999999997,13,248.99999999999818,swap,notBad
4754,13,361.7999999999997,13,248.99999999999818,2opt,notBad
4755,13,361.7999999999997,13,248.99999999999818,swap,notBad
4756,13,361.7999999999997,13,248.99999999999818,swap,notBad
4757,13,361.7999999999997,13,248.99999999999818,2opt,notBad
4758,13,361.7999999999997,13,248.99999999999818,2opt,notBad
4759,13,361.7999999999997,13,248.99999999999818,2opt,notBad
4760,13,361.7999999999997,13,248.99999999999818,2opt,notBad
4761,13,326.99999999999864,13,248.99999999999818,move,improve
4762,13,326.99999999999864,13,248.99999999999818,move,improve
4763,13,326.99999999999864,13,248.99999999999818,swap,notBad
4764,13,326.99999999999864,13,248.99999999999818,swap,notBad
4765,13,326.99999999999864,13,248.99999999999818,swap,notBad
4766,13,326.99999999999864,13,248.99999999999818,swap,notBad
4767,13,326.99999999999864,13,248.99999999999818,swap,notBad
4768,13,326.99999999999864,13,248.99999999999818,2opt,notBad
4769,13,326.99999999999864,13,248.99999999999818,swap,notBad
4770,13,326.99999999999864,13,248.99999999999818,2opt,notBad
4771,13,320.3999999999985,13,248.99999999999818,move,improve
4772,13,320.3999999999985,13,248.99999999999818,move,improve
4773,13,320.3999999999985,13,248.99999999999818,2opt,notBad
4774,13,320.3999999999985,13,248.99999999999818,swap,notBad
4775,13,320.3999999999985,13,248.99999999999818,move,improve
4776,13,320.3999999999985,13,248.99999999999818,swap,notBad
4777,13,320.3999999999985,13,248.99999999999818,move,improve
4778,13,320.3999999999985,13,248.99999999999818,swap,notBad
4779,13,320.3999999999985,13,248.99999999999818,move,improve
4780,13,320.3999999999985,13,248.99999999999818,swap,notBad
4781,13,320.3999999999985,13,248.99999999999818,swap,notBad
4782,13,320.3999999999985,13,248.99999999999818,swap,notBad
4783,13,302.79999999999836,13,248.99999999999818,swap,improve
4784,13,302.79999999999836,13,248.99999999999818,2opt,notBad
4785,13,289.5999999999988,13,248.99999999999818,move,improve
4786,13,289.5999999999988,13,248.99999999999818,move,improve
4787,13,289.5999999999988,13,248.99999999999818,2opt,notBad
4788,13,289.5999999999988,13,248.99999999999818,2opt,notBad
4789,13,289.5999999999988,13,248.99999999999818,2opt,notBad
4790,13,289.5999999999988,13,248.99999999999818,2opt,notBad
4791,13,289.5999999999988,13,248.99999999999818,2opt,notBad
4792,13,289.5999999999988,13,248.99999999999818,swap,notBad
4793,13,289.5999999999988,13,248.99999999999818,swap,notBad
4794,13,289.5999999999988,13,248.99999999999818,move,improve
4795,13,289.5999999999988,13,248.99999999999818,2opt,notBad
4796,13,289.5999999999988,13,248.99999999999818,swap,notBad
4797,13,289.5999999999988,13,248.99999999999818,swap,notBad
4798,13,289.5999999999988,13,248.99999999999818,move,improve
4799,13,289.5999999999988,13,248.99999999999818,swap,notBad
4800,13,289.5999999999988,13,248.99999999999818,2opt,notBad
4801,13,289.5999999999988,13,248.99999999999818,move,improve
4802,13,289.5999999999988,13,248.99999999999818,swap,notBad
4803,13,269.199999999998,13,248.99999999999818,swap,improve
4804,13,269.199999999998,13,248.99999999999818,2opt,notBad
4805,13,269.199999999998,13,248.99999999999818,swap,notBad
4806,13,269.199999999998,13,248.99999999999818,swap,notBad
4807,13,269.199999999998,13,248.99999999999818,move,improve
4808,13,269.199999999998,13,248.99999999999818,2opt,notBad
4809,13,269.199999999998,13,248.99999999999818,2opt,notBad
4810,13,269.199999999998,13,248.99999999999818,move,improve
4811,13,269.199999999998,13,248.99999999999818,2opt,notBad
4812,13,269.199999999998,13,248.99999999999818,swap,notBad
4813,13,269.199999999998,13,248.99999999999818,swap,notBad
4814,13,269.199999999998,13,248.99999999999818,2opt,notBad
4815,13,269.199999999998,13,248.99999999999818,2opt,notBad
4816,13,269.199999999998,13,248.99999999999818,swap,notBad
4817,13,269.199999999998,13,248.99999999999818,swap,notBad
4818,13,269.199999999998,13,248.99999999999818,2opt,notBad
4819,13,269.199999999998,13,248.99999999999818,move,improve
4820,13,269.199999999998,13,248.99999999999818,move,improve
4821,13,269.199999999998,13,248.99999999999818,move,improve
4822,13,269.199999999998,13,248.99999999999818,move,improve
4823,13,269.199999999998,13,248.99999999999818,swap,notBad
4824,13,269.199999999998,13,248.99999999999818,move,improve
4825,13,269.199999999998,13,248.99999999999818,swap,notBad
4826,13,269.199999999998,13,248.99999999999818,swap,notBad
4827,13,269.199999999998,13,248.99999999999818,move,improve
4828,13,269.199999999998,13,248.99999999999818,2opt,notBad
4829,13,269.199999999998,13,248.99999999999818,swap,notBad
4830,13,269.199999999998,13,248.99999999999818,move,improve
4831,13,269.199999999998,13,248.99999999999818,move,notBad
4832,13,269.199999999998,13,248.99999999999818,2opt,notBad
4833,13,269.199999999998,13,248.99999999999818,swap,notBad
4834,13,269.199999999998,13,248.99999999999818,swap,notBad
4835,13,269.199999999998,13,248.99999999999818,move,improve
4836,13,269.199999999998,13,248.99999999999818,move,notBad
4837,13,269.199999999998,13,248.99999999999818,move,improve
4838,13,269.199999999998,13,248.99999999999818,move,improve
4839,13,269.199999999998,13,248.99999999999818,2opt,notBad
4840,13,269.199999999998,13,248.99999999999818,swap,notBad
4841,13,269.199999999998,13,248.99999999999818,swap,notBad
4842,13,269.199999999998,13,248.99999999999818,move,improve
4843,13,269.199999999998,13,248.99999999999818,2opt,notBad
4844,13,269.199999999998,13,248.99999999999818,2opt,notBad
4845,13,269.199999999998,13,248.99999999999818,move,improve
4846,13,269.199999999998,13,248.99999999999818,2opt,notBad
4847,13,269.199999999998,13,248.99999999999818,move,improve
4848,13,269.199999999998,13,248.99999999999818,2opt,improve
4849,13,269.199999999998,13,248.99999999999818,move,improve
4850,13,269.199999999998,13,248.99999999999818,move,improve
4851,13,269.199999999998,13,248.99999999999818,move,improve
4852,13,269.199999999998,13,248.99999999999818,move,improve
4853,13,269.199999999998,13,248.99999999999818,move,improve
4854,13,269.199999999998,13,248.99999999999818,swap,notBad
4855,13,269.199999999998,13,248.99999999999818,2opt,notBad
4856,13,269.199999999998,13,248.99999999999818,move,improve
4857,13,269.199999999998,13,248.99999999999818,move,improve
4858,13,269.199999999998,13,248.99999999999818,move,improve
4859,13,269.199999999998,13,248.99999999999818,2opt,notBad
4860,13,269.199999999998,13,248.99999999999818,move,improve
4861,13,269.199999999998,13,248.99999999999818,swap,notBad
4862,13,269.199999999998,13,248.99999999999818,2opt,notBad
4863,13,269.199999999998,13,248.99999999999818,swap,notBad
4864,13,269.199999999998,13,248.99999999999818,move,improve
4865,13,269.199999999998,13,248.99999999999818,2opt,notBad
4866,13,269.199999999998,13,248.99999999999818,swap,notBad
4867,13,269.199999999998,13,248.99999999999818,swap,notBad
4868,13,269.199999999998,13,248.99999999999818,move,improve
4869,13,269.199999999998,13,248.99999999999818,swap,notBad
4870,13,269.199999999998,13,248.99999999999818,2opt,notBad
4871,13,269.199999999998,13,248.99999999999818,swap,notBad
4872,13,269.199999999998,13,248.99999999999818,2opt,notBad
4873,13,291.19999999999914,13,248.99999999999818,swap,acceptBad
4874,13,291.19999999999914,13,248.99999999999818,swap,notBad
4875,13,291.19999999999914,13,248.99999999999818,move,notBad
4876,13,291.19999999999914,13,248.99999999999818,swap,notBad
4877,13,291.19999999999914,13,248.99999999999818,2opt,notBad
4878,13,291.19999999999914,13,248.99999999999818,2opt,notBad
4879,13,291.19999999999914,13,248.99999999999818,2opt,notBad
4880,13,291.19999999999914,13,248.99999999999818,swap,notBad
4881,13,291.19999999999914,13,248.99999999999818,move,improve
4882,13,291.19999999999914,13,248.99999999999818,move,improve
4883,13,291.19999999999914,13,248.99999999999818,2opt,notBad
4884,13,291.19999999999914,13,248.99999999999818,move,improve
4885,13,291.19999999999914,13,248.99999999999818,move,improve
4886,13,291.19999999999914,13,248.99999999999818,swap,notBad
4887,13,291.19999999999914,13,248.99999999999818,2opt,notBad
4888,13,291.19999999999914,13,248.99999999999818,2opt,notBad
4889,13,291.19999999999914,13,248.99999999999818,2opt,notBad
4890,13,281.79999999999814,13,248.99999999999818,swap,improve
4891,13,281.79999999999814,13,248.99999999999818,2opt,notBad
4892,13,281.79999999999814,13,248.99999999999818,2opt,notBad
4893,13,281.79999999999814,13,248.99999999999818,2opt,notBad
4894,13,281.79999999999814,13,248.99999999999818,swap,notBad
4895,13,281.79999999999814,13,248.99999999999818,swap,notBad
4896,13,281.79999999999814,13,248.99999999999818,move,improve
4897,13,281.79999999999814,13,248.99999999999818,swap,notBad
4898,13,281.79999999999814,13,248.99999999999818,swap,notBad
4899,13,281.79999999999814,13,248.99999999999818,swap,notBad
4900,13,281.79999999999814,13,248.99999999999818,swap,notBad
4901,13,281.79999999999814,13,248.99999999999818,move,improve
4902,13,281.79999999999814,13,248.99999999999818,2opt,notBad
4903,13,281.79999999999814,13,248.99999999999818,swap,notBad
4904,13,281.79999999999814,13,248.99999999999818,move,improve
4905,13,272.59999999999786,13,248.99999999999818,move,improve
4906,13,272.59999999999786,13,248.99999999999818,2opt,notBad
4907,13,272.59999999999786,13,248.99999999999818,move,improve
4908,13,272.59999999999786,13,248.99999999999818,move,improve
4909,13,272.59999999999786,13,248.99999999999818,2opt,notBad
4910,13,272.59999999999786,13,248.99999999999818,move,improve
4911,13,272.59999999999786,13,248.99999999999818,move,improve
4912,13,285.59999999999854,13,248.99999999999818,swap,acceptBad
4913,13,285.59999999999854,13,248.99999999999818,2opt,improve
4914,13,285.59999999999854,13,248.99999999999818,move,improve
4915,13,285.59999999999854,13,248.99999999999818,move,improve
4916,13,285.59999999999854,13,248.99999999999818,move,improve
4917,13,285.59999999999854,13,248.99999999999818,move,improve
4918,13,285.59999999999854,13,248.99999999999818,swap,notBad
4919,13,285.59999999999854,13,248.99999999999818,move,improve
4920,13,285.59999999999854,13,248.99999999999818,2opt,notBad
4921,13,285.59999999999854,13,248.99999999999818,swap,notBad
4922,13,285.59999999999854,13,248.99999999999818,move,improve
4923,13,285.59999999999854,13,248.99999999999818,move,improve
4924,13,285.59999999999854,13,248.99999999999818,swap,notBad
4925,13,285.59999999999854,13,248.99999999999818,swap,notBad
4926,13,285.59999999999854,13,248.99999999999818,move,improve
4927,13,285.59999999999854,13,248.99999999999818,swap,notBad
4928,13,285.59999999999854,13,248.99999999999818,2opt,improve
4929,13,285.59999999999854,13,248.99999999999818,move,improve
4930,13,285.59999999999854,13,248.99999999999818,2opt,notBad
4931,13,285.59999999999854,13,248.99999999999818,move,improve
4932,13,302.1999999999982,13,248.99999999999818,swap,acceptBad
4933,13,302.1999999999982,13,248.99999999999818,swap,notBad
4934,13,302.1999999999982,13,248.99999999999818,swap,notBad
4935,13,302.1999999999982,13,248.99999999999818,swap,notBad
4936,13,302.1999999999982,13,248.99999999999818,2opt,notBad
4937,13,302.1999999999982,13,248.99999999999818,move,improve
4938,13,302.1999999999982,13,248.99999999999818,swap,notBad
4939,13,302.1999999999982,13,248.99999999999818,2opt,improve
4940,13,299.19999999999754,13,248.99999999999818,move,improve
4941,13,299.19999999999754,13,248.99999999999818,2opt,notBad
4942,13,299.19999999999754,13,248.99999999999818,move,improve
4943,13,299.19999999999754,13,248.99999999999818,2opt,notBad
4944,13,299.19999999999754,13,248.99999999999818,2opt,notBad
4945,13,299.19999999999754,13,248.99999999999818,swap,notBad
4946,13,299.19999999999754,13,248.99999999999818,swap,notBad
4947,13,299.19999999999754,13,248.99999999999818,move,improve
4948,13,299.19999999999754,13,248.99999999999818,2opt,notBad
4949,13,299.19999999999754,13,248.99999999999818,2opt,notBad
4950,13,299.19999999999754,13,248.99999999999818,swap,notBad
4951,13,299.19999999999754,13,248.99999999999818,2opt,notBad
4952,13,299.19999999999754,13,248.99999999999818,swap,notBad
4953,13,299.19999999999754,13,248.99999999999818,swap,notBad
4954,13,299.19999999999754,13,248.99999999999818,2opt,notBad
4955,13,299.19999999999754,13,248.99999999999818,swap,notBad
4956,13,299.19999999999754,13,248.99999999999818,2opt,notBad
4957,13,299.19999999999754,13,248.99999999999818,swap,notBad
4958,13,299.19999999999754,13,248.99999999999818,swap,notBad
4959,13,299.19999999999754,13,248.99999999999818,swap,notBad
4960,13,299.19999999999754,13,248.99999999999818,2opt,notBad
4961,13,299.19999999999754,13,248.99999999999818,move,notBad
4962,13,299.19999999999754,13,248.99999999999818,2opt,notBad
4963,13,292.79999999999745,13,248.99999999999818,move,improve
4964,13,292.79999999999745,13,248.99999999999818,swap,notBad
4965,13,292.79999999999745,13,248.99999999999818,move,improve
4966,13,292.79999999999745,13,248.99999999999818,move,improve
4967,13,292.79999999999745,13,248.99999999999818,2opt,notBad
4968,13,292.79999999999745,13,248.99999999999818,move,improve
4969,13,292.79999999999745,13,248.99999999999818,swap,notBad
4970,13,292.79999999999745,13,248.99999999999818,move,improve
4971,13,274.99999999999727,13,248.99999999999818,swap,improve
4972,13,274.99999999999727,13,248.99999999999818,swap,notBad
4973,13,274.99999999999727,13,248.99999999999818,move,improve
4974,13,274.99999999999727,13,248.99999999999818,move,improve
4975,13,274.99999999999727,13,248.99999999999818,swap,notBad
4976,13,274.99999999999727,13,248.99999999999818,move,improve
4977,13,274.99999999999727,13,248.99999999999818,2opt,notBad
4978,13,274.99999999999727,13,248.99999999999818,swap,notBad
4979,13,473.99999999999727,13,248.99999999999818,move,acceptBad
4980,13,473.99999999999727,13,248.99999999999818,2opt,notBad
4981,13,473.99999999999727,13,248.99999999999818,2opt,notBad
4982,13,473.99999999999727,13,248.99999999999818,move,improve
4983,13,473.99999999999727,13,248.99999999999818,move,notBad
4984,13,473.99999999999727,13,248.99999999999818,swap,notBad
4985,13,473.99999999999727,13,248.99999999999818,move,improve
4986,13,473.99999999999727,13,248.99999999999818,2opt,notBad
4987,13,473.99999999999727,13,248.99999999999818,swap,notBad
4988,13,473.99999999999727,13,248.99999999999818,swap,notBad
4989,13,473.99999999999727,13,248.99999999999818,swap,notBad
4990,13,473.99999999999727,13,248.99999999999818,swap,notBad
4991,13,473.99999999999727,13,248.99999999999818,swap,notBad
4992,13,473.99999999999727,13,248.99999999999818,2opt,notBad
4993,13,473.99999999999727,13,248.99999999999818,2opt,notBad
4994,13,473.99999999999727,13,248.99999999999818,2opt,improve
4995,13,460.99999999999795,13,248.99999999999818,swap,improve
4996,13,460.99999999999795,13,248.99999999999818,2opt,notBad
4997,13,460.99999999999795,13,248.99999999999818,move,improve
4998,13,460.99999999999795,13,248.99999999999818,move,improve
4999,13,460.99999999999795,13,248.99999999999818,2opt,notBad
5000,13,460.99999999999795,13,248.99999999999818,move,improve
5001,13,460.99999999999795,13,248.99999999999818,2opt,improve
5002,13,460.99999999999795,13,248.99999999999818,move,improve
5003,13,460.99999999999795,13,248.99999999999818,move,improve
5004,13,460.99999999999795,13,248.99999999999818,swap,notBad
5005,13,460.99999999999795,13,248.99999999999818,move,improve
5006,13,460.99999999999795,13,248.99999999999818,move,improve
5007,13,460.99999999999795,13,248.99999999999818,2opt,notBad
5008,13,460.99999999999795,13,248.99999999999818,move,improve
5009,13,460.99999999999795,13,248.99999999999818,2opt,notBad
5010,13,460.99999999999795,13,248.99999999999818,swap,notBad
5011,13,460.99999999999795,13,248.99999999999818,move,improve
5012,13,460.99999999999795,13,248.99999999999818,move,notBad
5013,13,455.19999999999754,13,248.99999999999818,move,improve
5014,13,455.19999999999754,13,248.99999999999818,move,improve
5015,13,455.19999999999754,13,248.99999999999818,move,improve
5016,13,627.9999999999973,13,248.99999999999818,move,acceptBad
5017,13,430.1999999999978,13,248.99999999999818,move,improve
5018,13,430.1999999999978,13,248.99999999999818,swap,notBad
5019,13,430.1999999999978,13,248.99999999999818,2opt,notBad
5020,13,430.1999999999978,13,248.99999999999818,move,improve
5021,13,430.1999999999978,13,248.99999999999818,swap,notBad
5022,13,430.1999999999978,13,248.99999999999818,2opt,notBad
5023,13,430.1999999999978,13,248.99999999999818,move,improve
5024,13,430.1999999999978,13,248.99999999999818,move,improve
5025,13,430.1999999999978,13,248.99999999999818,move,improve
5026,13,430.1999999999978,13,248.99999999999818,2opt,notBad
5027,13,430.1999999999978,13,248.99999999999818,swap,notBad
5028,13,430.1999999999978,13,248.99999999999818,move,improve
5029,13,430.1999999999978,13,248.99999999999818,2opt,notBad
5030,13,430.1999999999978,13,248.99999999999818,2opt,improve
5031,13,430.1999999999978,13,248.99999999999818,swap,notBad
5032,13,430.1999999999978,13,248.99999999999818,2opt,notBad
5033,13,430.1999999999978,13,248.99999999999818,swap,notBad
5034,13,430.1999999999978,13,248.99999999999818,move,improve
5035,13,430.1999999999978,13,248.99999999999818,2opt,notBad
5036,13,430.1999999999978,13,248.99999999999818,swap,notBad
5037,13,430.1999999999978,13,248.99999999999818,2opt,notBad
5038,13,430.1999999999978,13,248.99999999999818,move,improve
5039,13,430.1999999999978,13,248.99999999999818,2opt,notBad
5040,13,430.1999999999978,13,248.99999999999818,move,improve
5041,13,430.1999999999978,13,248.99999999999818,swap,notBad
5042,13,430.1999999999978,13,248.99999999999818,move,improve
5043,13,430.1999999999978,13,248.99999999999818,2opt,notBad
5044,13,430.1999999999978,13,248.99999999999818,swap,notBad
5045,13,430.1999999999978,13,248.99999999999818,2opt,notBad
5046,13,430.1999999999978,13,248.99999999999818,swap,notBad
5047,13,430.1999999999978,13,248.99999999999818,move,improve
5048,13,430.1999999999978,13,248.99999999999818,swap,notBad
5049,13,430.1999999999978,13,248.99999999999818,swap,notBad
5050,13,430.1999999999978,13,248.99999999999818,2opt,notBad
5051,13,430.1999999999978,13,248.99999999999818,2opt,notBad
5052,13,430.1999999999978,13,248.99999999999818,swap,notBad
5053,13,430.1999999999978,13,248.99999999999818,swap,notBad
5054,13,430.1999999999978,13,248.99999999999818,move,improve
5055,13,381.799999999997,13,248.99999999999818,move,improve
5056,13,381.799999999997,13,248.99999999999818,swap,notBad
5057,13,381.799999999997,13,248.99999999999818,swap,notBad
5058,13,381.799999999997,13,248.99999999999818,2opt,notBad
5059,13,381.799999999997,13,248.99999999999818,move,improve
5060,13,292.59999999999786,13,248.99999999999818,move,improve
5061,13,292.59999999999786,13,248.99999999999818,2opt,improve
5062,13,292.59999999999786,13,248.99999999999818,swap,notBad
5063,13,292.59999999999786,13,248.99999999999818,swap,notBad
5064,13,292.59999999999786,13,248.99999999999818,swap,notBad
5065,13,292.59999999999786,13,248.99999999999818,move,improve
5066,13,292.59999999999786,13,248.99999999999818,move,improve
5067,13,292.59999999999786,13,248.99999999999818,swap,notBad
5068,13,292.59999999999786,13,248.99999999999818,2opt,notBad
5069,13,292.59999999999786,13,248.99999999999818,move,improve
5070,13,292.59999999999786,13,248.99999999999818,move,improve
5071,13,306.5999999999974,13,248.99999999999818,swap,acceptBad
5072,13,306.5999999999974,13,248.99999999999818,move,improve
5073,13,306.5999999999974,13,248.99999999999818,move,improve
5074,13,306.5999999999974,13,248.99999999999818,2opt,notBad
5075,13,306.5999999999974,13,248.99999999999818,swap,notBad
5076,13,306.5999999999974,13,248.99999999999818,swap,notBad
5077,13,329.9999999999982,13,248.99999999999818,swap,acceptBad
5078,13,329.9999999999982,13,248.99999999999818,2opt,improve
5079,13,329.9999999999982,13,248.99999999999818,swap,notBad
5080,13,329.9999999999982,13,248.99999999999818,swap,notBad
5081,13,329.9999999999982,13,248.99999999999818,move,improve
5082,13,329.9999999999982,13,248.99999999999818,2opt,notBad
5083,13,329.9999999999982,13,248.99999999999818,2opt,notBad
5084,13,329.9999999999982,13,248.99999999999818,2opt,notBad
5085,13,329.9999999999982,13,248.99999999999818,swap,notBad
5086,13,329.9999999999982,13,248.99999999999818,swap,notBad
5087,13,329.9999999999982,13,248.99999999999818,move,improve
5088,13,329.9999999999982,13,248.99999999999818,swap,notBad
5089,13,329.9999999999982,13,248.99999999999818,move,improve
5090,13,329.9999999999982,13,248.99999999999818,move,improve
5091,13,329.9999999999982,13,248.99999999999818,2opt,notBad
5092,13,329.9999999999982,13,248.99999999999818,move,improve
5093,13,329.9999999999982,13,248.99999999999818,move,improve
5094,13,329.9999999999982,13,248.99999999999818,swap,notBad
5095,13,329.9999999999982,13,248.99999999999818,swap,notBad
5096,13,329.9999999999982,13,248.99999999999818,swap,notBad
5097,13,329.9999999999982,13,248.99999999999818,swap,notBad
5098,13,329.9999999999982,13,248.99999999999818,2opt,notBad
5099,13,339.3999999999987,13,248.99999999999818,swap,acceptBad
5100,13,339.3999999999987,13,248.99999999999818,move,improve
5101,13,339.3999999999987,13,248.99999999999818,2opt,notBad
5102,13,339.3999999999987,13,248.99999999999818,2opt,notBad
5103,13,337.599999999999,13,248.99999999999818,move,improve
5104,13,337.599999999999,13,248.99999999999818,move,improve
5105,13,337.599999999999,13,248.99999999999818,move,improve
5106,13,337.599999999999,13,248.99999999999818,move,improve
5107,13,337.599999999999,13,248.99999999999818,move,improve
5108,13,337.599999999999,13,248.99999999999818,2opt,notBad
5109,13,337.599999999999,13,248.99999999999818,move,improve
5110,13,337.599999999999,13,248.99999999999818,move,improve
5111,13,337.599999999999,13,248.99999999999818,swap,notBad
5112,13,337.599999999999,13,248.99999999999818,move,improve
5113,13,337.599999999999,13,248.99999999999818,swap,notBad
5114,13,337.599999999999,13,248.99999999999818,2opt,notBad
5115,13,337.599999999999,13,248.99999999999818,swap,notBad
5116,13,337.599999999999,13,248.99999999999818,move,improve
5117,13,337.599999999999,13,248.99999999999818,swap,notBad
5118,13,337.599999999999,13,248.99999999999818,swap,notBad
5119,13,337.599999999999,13,248.99999999999818,2opt,notBad
5120,13,337.599999999999,13,248.99999999999818,2opt,improve
5121,13,337.599999999999,13,248.99999999999818,2opt,notBad
5122,13,330.19999999999845,13,248.99999999999818,move,improve
5123,13,330.19999999999845,13,248.99999999999818,move,improve
5124,13,330.19999999999845,13,248.99999999999818,2opt,notBad
5125,13,330.19999999999845,13,248.99999999999818,swap,notBad
5126,13,330.19999999999845,13,248.99999999999818,swap,notBad
5127,13,330.19999999999845,13,248.99999999999818,move,improve
5128,13,330.19999999999845,13,248.99999999999818,move,improve
5129,13,330.19999999999845,13,248.99999999999818,2opt,notBad
5130,13,330.19999999999845,13,248.99999999999818,swap,notBad
5131,13,330.19999999999845,13,248.99999999999818,2opt,notBad
5132,13,330.19999999999845,13,248.99999999999818,2opt,notBad
5133,13,330.19999999999845,13,248.99999999999818,swap,notBad
5134,13,330.19999999999845,13,248.99999999999818,swap,notBad
5135,13,330.19999999999845,13,248.99999999999818,swap,notBad
5136,13,330.19999999999845,13,248.99999999999818,move,improve
5137,13,330.19999999999845,13,248.99999999999818,move,improve
5138,13,330.19999999999845,13,248.99999999999818,swap,notBad
5139,13,330.19999999999845,13,248.99999999999818,move,improve
5140,13,330.19999999999845,13,248.99999999999818,swap,notBad
5141,13,330.19999999999845,13,248.99999999999818,2opt,notBad
5142,13,330.19999999999845,13,248.99999999999818,2opt,improve
5143,13,330.19999999999845,13,248.99999999999818,move,improve
5144,13,330.19999999999845,13,248.99999999999818,2opt,notBad
5145,13,330.19999999999845,13,248.99999999999818,2opt,notBad
5146,13,330.19999999999845,13,248.99999999999818,2opt,improve
5147,13,330.19999999999845,13,248.99999999999818,move,improve
5148,13,330.19999999999845,13,248.99999999999818,swap,notBad
5149,13,330.19999999999845,13,248.99999999999818,move,improve
5150,13,330.19999999999845,13,248.99999999999818,move,improve
5151,13,330.19999999999845,13,248.99999999999818,2opt,notBad
5152,13,330.19999999999845,13,248.99999999999818,move,improve
5153,13,330.19999999999845,13,248.99999999999818,2opt,notBad
5154,13,330.19999999999845,13,248.99999999999818,2opt,notBad
5155,13,282.99999999999864,13,248.99999999999818,move,improve
5156,13,282.99999999999864,13,248.99999999999818,move,improve
5157,13,282.99999999999864,13,248.99999999999818,move,improve
5158,13,282.99999999999864,13,248.99999999999818,move,improve
5159,13,282.99999999999864,13,248.99999999999818,2opt,notBad
5160,13,282.99999999999864,13,248.99999999999818,move,improve
5161,13,282.99999999999864,13,248.99999999999818,2opt,notBad
5162,13,282.99999999999864,13,248.99999999999818,move,improve
5163,13,282.99999999999864,13,248.99999999999818,2opt,notBad
5164,13,282.99999999999864,13,248.99999999999818,2opt,notBad
5165,13,282.99999999999864,13,248.99999999999818,swap,notBad
5166,13,282.99999999999864,13,248.99999999999818,2opt,notBad
5167,13,282.99999999999864,13,248.99999999999818,swap,notBad
5168,13,282.99999999999864,13,248.99999999999818,move,improve
5169,13,282.99999999999864,13,248.99999999999818,swap,notBad
5170,13,282.99999999999864,13,248.99999999999818,move,improve
5171,13,282.99999999999864,13,248.99999999999818,move,improve
5172,13,282.99999999999864,13,248.99999999999818,move,improve
5173,13,282.99999999999864,13,248.99999999999818,2opt,notBad
5174,13,282.99999999999864,13,248.99999999999818,move,improve
5175,13,282.99999999999864,13,248.99999999999818,2opt,notBad
5176,13,282.99999999999864,13,248.99999999999818,2opt,notBad
5177,13,282.99999999999864,13,248.99999999999818,swap,notBad
5178,13,282.99999999999864,13,248.99999999999818,move,improve
5179,13,282.99999999999864,13,248.99999999999818,move,improve
5180,13,282.99999999999864,13,248.99999999999818,swap,notBad
5181,13,282.99999999999864,13,248.99999999999818,swap,notBad
5182,13,298.99999999999864,13,248.99999999999818,swap,acceptBad
5183,13,298.99999999999864,13,248.99999999999818,2opt,notBad
5184,13,298.99999999999864,13,248.99999999999818,swap,notBad
5185,13,298.99999999999864,13,248.99999999999818,2opt,notBad
5186,13,298.99999999999864,13,248.99999999999818,swap,notBad
5187,13,298.99999999999864,13,248.99999999999818,swap,notBad
5188,13,298.99999999999864,13,248.99999999999818,move,improve
5189,13,298.99999999999864,13,248.99999999999818,move,improve
5190,13,298.99999999999864,13,248.99999999999818,swap,notBad
5191,13,298.99999999999864,13,248.99999999999818,swap,notBad
5192,13,298.99999999999864,13,248.99999999999818,swap,notBad
5193,13,298.99999999999864,13,248.99999999999818,swap,notBad
5194,13,298.99999999999864,13,248.99999999999818,move,improve
5195,13,298.99999999999864,13,248.99999999999818,2opt,notBad
5196,13,298.99999999999864,13,248.99999999999818,move,improve
5197,13,298.99999999999864,13,248.99999999999818,move,improve
5198,13,298.99999999999864,13,248.99999999999818,move,improve
5199,13,298.99999999999864,13,248.99999999999818,move,improve
5200,13,298.99999999999864,13,248.99999999999818,swap,notBad
5201,13,298.99999999999864,13,248.99999999999818,2opt,notBad
5202,13,298.99999999999864,13,248.99999999999818,swap,notBad
5203,13,298.99999999999864,13,248.99999999999818,swap,notBad
5204,13,298.99999999999864,13,248.99999999999818,2opt,notBad
5205,13,298.99999999999864,13,248.99999999999818,move,improve
5206,13,298.99999999999864,13,248.99999999999818,swap,notBad
5207,13,298.99999999999864,13,248.99999999999818,swap,notBad
5208,13,298.99999999999864,13,248.99999999999818,move,improve
5209,13,298.99999999999864,13,248.99999999999818,move,improve
5210,13,298.99999999999864,13,248.99999999999818,2opt,notBad
5211,13,298.99999999999864,13,248.99999999999818,move,improve
5212,13,298.99999999999864,13,248.99999999999818,swap,notBad
5213,13,298.99999999999864,13,248.99999999999818,move,improve
5214,13,298.99999999999864,13,248.99999999999818,move,improve
5215,13,298.99999999999864,13,248.99999999999818,move,improve
5216,13,298.99999999999864,13,248.99999999999818,move,improve
5217,13,298.99999999999864,13,248.99999999999818,2opt,notBad
5218,13,298.99999999999864,13,248.99999999999818,swap,notBad
5219,13,298.99999999999864,13,248.99999999999818,move,improve
5220,13,298.99999999999864,13,248.99999999999818,move,improve
5221,13,298.99999999999864,13,248.99999999999818,2opt,notBad
5222,13,298.99999999999864,13,248.99999999999818,2opt,notBad
5223,13,298.99999999999864,13,248.99999999999818,2opt,notBad
5224,13,298.99999999999864,13,248.99999999999818,swap,notBad
5225,13,298.99999999999864,13,248.99999999999818,2opt,notBad
5226,13,298.99999999999864,13,248.99999999999818,move,improve
5227,13,298.99999999999864,13,248.99999999999818,move,improve
5228,13,298.99999999999864,13,248.99999999999818,move,improve
5229,13,298.99999999999864,13,248.99999999999818,move,improve
5230,13,298.99999999999864,13,248.99999999999818,move,improve
5231,13,298.99999999999864,13,248.99999999999818,2opt,notBad
5232,13,298.99999999999864,13,248.99999999999818,2opt,notBad
5233,13,298.99999999999864,13,248.99999999999818,2opt,notBad
5234,13,298.99999999999864,13,248.99999999999818,swap,notBad
5235,13,298.99999999999864,13,248.99999999999818,2opt,notBad
5236,13,298.99999999999864,13,248.99999999999818,move,improve
5237,13,298.99999999999864,13,248.99999999999818,move,improve
5238,13,298.99999999999864,13,248.99999999999818,move,improve
5239,13,298.99999999999864,13,248.99999999999818,2opt,notBad
5240,13,298.99999999999864,13,248.99999999999818,2opt,improve
5241,13,298.99999999999864,13,248.99999999999818,swap,notBad
5242,13,298.99999999999864,13,248.99999999999818,move,improve
5243,13,298.99999999999864,13,248.99999999999818,2opt,notBad
5244,13,298.99999999999864,13,248.99999999999818,swap,notBad
5245,13,298.99999999999864,13,248.99999999999818,2opt,notBad
5246,13,344.9999999999993,13,248.99999999999818,swap,acceptBad
5247,13,344.9999999999993,13,248.99999999999818,2opt,notBad
5248,13,344.9999999999993,13,248.99999999999818,move,improve
5249,13,344.9999999999993,13,248.99999999999818,2opt,notBad
5250,13,344.9999999999993,13,248.99999999999818,2opt,improve
5251,13,344.9999999999993,13,248.99999999999818,2opt,notBad
5252,13,344.9999999999993,13,248.99999999999818,move,improve
5253,13,344.9999999999993,13,248.99999999999818,swap,notBad
5254,13,344.9999999999993,13,248.99999999999818,swap,notBad
5255,13,344.9999999999993,13,248.99999999999818,swap,notBad
5256,13,344.9999999999993,13,248.99999999999818,2opt,notBad
5257,13,344.9999999999993,13,248.99999999999818,2opt,notBad
5258,13,344.9999999999993,13,248.99999999999818,2opt,notBad
5259,13,344.9999999999993,13,248.99999999999818,2opt,notBad
5260,13,344.9999999999993,13,248.99999999999818,swap,notBad
5261,13,344.9999999999993,13,248.99999999999818,2opt,notBad
5262,13,344.9999999999993,13,248.99999999999818,swap,notBad
5263,13,344.9999999999993,13,248.99999999999818,swap,notBad
5264,13,344.9999999999993,13,248.99999999999818,swap,notBad
5265,13,344.9999999999993,13,248.99999999999818,move,improve
5266,13,344.9999999999993,13,248.99999999999818,move,improve
5267,13,344.9999999999993,13,248.99999999999818,swap,notBad
5268,13,344.9999999999993,13,248.99999999999818,swap,notBad
5269,13,344.9999999999993,13,248.99999999999818,2opt,notBad
5270,13,344.9999999999993,13,248.99999999999818,swap,notBad
5271,13,344.9999999999993,13,248.99999999999818,move,improve
5272,13,344.9999999999993,13,248.99999999999818,swap,notBad
5273,13,344.9999999999993,13,248.99999999999818,2opt,notBad
5274,13,344.9999999999993,13,248.99999999999818,swap,notBad
5275,13,344.9999999999993,13,248.99999999999818,swap,notBad
5276,13,344.9999999999993,13,248.99999999999818,swap,notBad
5277,13,344.9999999999993,13,248.99999999999818,move,improve
5278,13,344.9999999999993,13,248.99999999999818,2opt,notBad
5279,13,344.9999999999993,13,248.99999999999818,2opt,notBad
5280,13,344.9999999999993,13,248.99999999999818,move,improve
5281,13,344.9999999999993,13,248.99999999999818,move,improve
5282,13,344.9999999999993,13,248.99999999999818,2opt,notBad
5283,13,344.9999999999993,13,248.99999999999818,swap,notBad
5284,13,344.9999999999993,13,248.99999999999818,2opt,notBad
5285,13,390.7999999999995,13,248.99999999999818,move,acceptBad
5286,13,390.7999999999995,13,248.99999999999818,2opt,notBad
5287,13,390.7999999999995,13,248.99999999999818,move,improve
5288,13,390.7999999999995,13,248.99999999999818,swap,notBad
5289,13,430.9999999999993,13,248.99999999999818,swap,acceptBad
5290,13,430.9999999999993,13,248.99999999999818,2opt,notBad
5291,13,430.9999999999993,13,248.99999999999818,swap,notBad
5292,13,430.9999999999993,13,248.99999999999818,move,improve
5293,13,430.9999999999993,13,248.99999999999818,move,improve
5294,13,430.9999999999993,13,248.99999999999818,2opt,notBad
5295,13,430.9999999999993,13,248.99999999999818,2opt,notBad
5296,13,430.9999999999993,13,248.99999999999818,move,improve
5297,13,430.9999999999993,13,248.99999999999818,swap,notBad
5298,13,430.9999999999993,13,248.99999999999818,swap,notBad
5299,13,392.7999999999993,13,248.99999999999818,move,improve
5300,13,392.7999999999993,13,248.99999999999818,2opt,notBad
5301,13,392.7999999999993,13,248.99999999999818,move,improve
5302,13,392.7999999999993,13,248.99999999999818,swap,notBad
5303,13,392.7999999999993,13,248.99999999999818,2opt,notBad
5304,13,392.7999999999993,13,248.99999999999818,2opt,notBad
5305,13,392.7999999999993,13,248.99999999999818,swap,notBad
5306,13,392.7999999999993,13,248.99999999999818,2opt,notBad
5307,13,392.7999999999993,13,248.99999999999818,swap,notBad
5308,13,392.7999999999993,13,248.99999999999818,swap,notBad
5309,13,392.7999999999993,13,248.99999999999818,2opt,notBad
5310,13,392.7999999999993,13,248.99999999999818,2opt,notBad
5311,13,452.3999999999992,13,248.99999999999818,swap,acceptBad
5312,13,452.3999999999992,13,248.99999999999818,2opt,notBad
5313,13,437.5999999999999,13,248.99999999999818,swap,improve
5314,13,436.60000000000014,13,248.99999999999818,move,improve
5315,13,436.60000000000014,13,248.99999999999818,swap,notBad
5316,13,436.60000000000014,13,248.99999999999818,swap,notBad
5317,13,436.60000000000014,13,248.99999999999818,2opt,notBad
5318,13,436.60000000000014,13,248.99999999999818,move,improve
5319,13,436.60000000000014,13,248.99999999999818,move,improve
5320,13,436.60000000000014,13,248.99999999999818,swap,notBad
5321,13,436.60000000000014,13,248.99999999999818,2opt,notBad
5322,13,436.60000000000014,13,248.99999999999818,2opt,notBad
5323,13,436.60000000000014,13,248.99999999999818,2opt,notBad
5324,13,436.60000000000014,13,248.99999999999818,2opt,notBad
5325,13,436.60000000000014,13,248.99999999999818,2opt,notBad
5326,13,436.60000000000014,13,248.99999999999818,move,improve
5327,13,436.60000000000014,13,248.99999999999818,swap,notBad
5328,13,436.60000000000014,13,248.99999999999818,swap,notBad
5329,13,436.60000000000014,13,248.99999999999818,2opt,notBad
5330,13,436.60000000000014,13,248.99999999999818,move,improve
5331,13,436.60000000000014,13,248.99999999999818,swap,notBad
5332,13,436.60000000000014,13,248.99999999999818,2opt,notBad
5333,13,436.60000000000014,13,248.99999999999818,2opt,notBad
5334,13,436.60000000000014,13,248.99999999999818,swap,notBad
5335,13,448.8000000000004,13,248.99999999999818,swap,acceptBad
5336,13,448.8000000000004,13,248.99999999999818,swap,notBad
5337,13,448.8000000000004,13,248.99999999999818,move,improve
5338,13,448.8000000000004,13,248.99999999999818,2opt,notBad
5339,13,448.8000000000004,13,248.99999999999818,swap,notBad
5340,13,448.8000000000004,13,248.99999999999818,swap,notBad
5341,13,448.8000000000004,13,248.99999999999818,2opt,notBad
5342,13,448.8000000000004,13,248.99999999999818,swap,notBad
5343,13,448.8000000000004,13,248.99999999999818,2opt,notBad
5344,13,448.8000000000004,13,248.99999999999818,move,improve
5345,13,448.8000000000004,13,248.99999999999818,2opt,notBad
5346,13,448.8000000000004,13,248.99999999999818,2opt,notBad
5347,13,448.8000000000004,13,248.99999999999818,swap,notBad
5348,13,448.8000000000004,13,248.99999999999818,move,improve
5349,13,448.8000000000004,13,248.99999999999818,2opt,notBad
5350,13,448.8000000000004,13,248.99999999999818,move,improve
5351,13,448.8000000000004,13,248.99999999999818,swap,notBad
5352,13,448.8000000000004,13,248.99999999999818,move,improve
5353,13,448.8000000000004,13,248.99999999999818,move,improve
5354,13,448.8000000000004,13,248.99999999999818,swap,notBad
5355,13,467.1999999999996,13,248.99999999999818,swap,acceptBad
5356,13,467.1999999999996,13,248.99999999999818,2opt,notBad
5357,13,467.1999999999996,13,248.99999999999818,move,improve
5358,13,467.1999999999996,13,248.99999999999818,2opt,notBad
5359,13,467.1999999999996,13,248.99999999999818,move,improve
5360,13,467.1999999999996,13,248.99999999999818,2opt,improve
5361,13,467.1999999999996,13,248.99999999999818,move,improve
5362,13,467.1999999999996,13,248.99999999999818,2opt,notBad
5363,13,467.1999999999996,13,248.99999999999818,2opt,notBad
5364,13,467.1999999999996,13,248.99999999999818,move,improve
5365,13,360.8000000000002,13,248.99999999999818,move,improve
5366,13,360.8000000000002,13,248.99999999999818,2opt,notBad
5367,13,360.8000000000002,13,248.99999999999818,2opt,notBad
5368,13,360.8000000000002,13,248.99999999999818,move,improve
5369,13,360.8000000000002,13,248.99999999999818,move,improve
5370,13,360.8000000000002,13,248.99999999999818,2opt,improve
5371,13,360.8000000000002,13,248.99999999999818,2opt,notBad
5372,13,353.4000000000008,13,248.99999999999818,move,improve
5373,13,353.4000000000008,13,248.99999999999818,move,improve
5374,13,353.4000000000008,13,248.99999999999818,swap,notBad
5375,13,353.4000000000008,13,248.99999999999818,2opt,notBad
5376,13,353.4000000000008,13,248.99999999999818,2opt,notBad
5377,13,353.4000000000008,13,248.99999999999818,2opt,notBad
5378,13,353.4000000000008,13,248.99999999999818,swap,notBad
5379,13,353.4000000000008,13,248.99999999999818,move,improve
5380,13,353.4000000000008,13,248.99999999999818,2opt,notBad
5381,13,353.4000000000008,13,248.99999999999818,swap,notBad
5382,13,353.4000000000008,13,248.99999999999818,swap,notBad
5383,13,350.400000000001,13,248.99999999999818,swap,improve
5384,13,350.400000000001,13,248.99999999999818,swap,notBad
5385,13,350.400000000001,13,248.99999999999818,2opt,notBad
5386,13,350.400000000001,13,248.99999999999818,move,improve
5387,13,350.400000000001,13,248.99999999999818,swap,notBad
5388,13,350.400000000001,13,248.99999999999818,2opt,notBad
5389,13,350.400000000001,13,248.99999999999818,move,improve
5390,13,350.400000000001,13,248.99999999999818,2opt,notBad
5391,13,350.400000000001,13,248.99999999999818,2opt,notBad
5392,13,350.400000000001,13,248.99999999999818,2opt,notBad
5393,13,350.400000000001,13,248.99999999999818,move,improve
5394,13,350.400000000001,13,248.99999999999818,2opt,notBad
5395,13,350.400000000001,13,248.99999999999818,2opt,notBad
5396,13,347.6000000000006,13,248.99999999999818,move,improve
5397,13,347.6000000000006,13,248.99999999999818,2opt,notBad
5398,13,347.6000000000006,13,248.99999999999818,move,improve
5399,13,347.6000000000006,13,248.99999999999818,swap,notBad
5400,13,347.6000000000006,13,248.99999999999818,swap,notBad
5401,13,347.6000000000006,13,248.99999999999818,2opt,notBad
5402,13,347.6000000000006,13,248.99999999999818,swap,notBad
5403,13,347.6000000000006,13,248.99999999999818,move,improve
5404,13,347.6000000000006,13,248.99999999999818,move,improve
5405,13,347.6000000000006,13,248.99999999999818,move,improve
5406,13,347.6000000000006,13,248.99999999999818,2opt,notBad
5407,13,347.6000000000006,13,248.99999999999818,2opt,notBad
5408,13,347.6000000000006,13,248.99999999999818,move,improve
5409,13,347.6000000000006,13,248.99999999999818,move,improve
5410,13,347.6000000000006,13,248.99999999999818,swap,notBad
5411,13,367.6000000000008,13,248.99999999999818,move,acceptBad
5412,13,367.6000000000008,13,248.99999999999818,move,improve
5413,13,367.6000000000008,13,248.99999999999818,swap,notBad
5414,13,367.6000000000008,13,248.99999999999818,2opt,notBad
5415,13,367.6000000000008,13,248.99999999999818,swap,notBad
5416,13,367.6000000000008,13,248.99999999999818,move,improve
5417,13,367.6000000000008,13,248.99999999999818,move,improve
5418,13,367.6000000000008,13,248.99999999999818,swap,notBad
5419,13,367.6000000000008,13,248.99999999999818,swap,notBad
5420,13,367.6000000000008,13,248.99999999999818,2opt,notBad
5421,13,381.40000000000055,13,248.99999999999818,swap,acceptBad
5422,13,381.40000000000055,13,248.99999999999818,2opt,notBad
5423,13,381.40000000000055,13,248.99999999999818,move,improve
5424,13,381.40000000000055,13,248.99999999999818,swap,notBad
5425,13,381.40000000000055,13,248.99999999999818,move,improve
5426,13,381.40000000000055,13,248.99999999999818,swap,notBad
5427,13,381.40000000000055,13,248.99999999999818,move,improve
5428,13,381.40000000000055,13,248.99999999999818,move,improve
5429,13,381.40000000000055,13,248.99999999999818,2opt,notBad
5430,13,381.40000000000055,13,248.99999999999818,swap,notBad
5431,13,381.40000000000055,13,248.99999999999818,move,improve
5432,13,381.40000000000055,13,248.99999999999818,swap,notBad
5433,13,381.40000000000055,13,248.99999999999818,swap,notBad
5434,13,354.2000000000003,13,248.99999999999818,move,improve
5435,13,354.2000000000003,13,248.99999999999818,swap,notBad
5436,13,354.2000000000003,13,248.99999999999818,swap,notBad
5437,13,354.2000000000003,13,248.99999999999818,move,improve
5438,13,354.2000000000003,13,248.99999999999818,2opt,notBad
5439,13,354.2000000000003,13,248.99999999999818,swap,notBad
5440,13,354.2000000000003,13,248.99999999999818,2opt,notBad
5441,13,354.2000000000003,13,248.99999999999818,move,improve
5442,13,354.2000000000003,13,248.99999999999818,2opt,notBad
5443,13,354.2000000000003,13,248.99999999999818,swap,notBad
5444,13,354.2000000000003,13,248.99999999999818,2opt,notBad
5445,13,354.2000000000003,13,248.99999999999818,swap,notBad
5446,13,354.2000000000003,13,248.99999999999818,2opt,notBad
5447,13,354.2000000000003,13,248.99999999999818,swap,notBad
5448,13,354.2000000000003,13,248.99999999999818,swap,notBad
5449,13,354.2000000000003,13,248.99999999999818,swap,notBad
5450,13,354.2000000000003,13,248.99999999999818,move,improve
5451,13,354.2000000000003,13,248.99999999999818,2opt,notBad
5452,13,354.2000000000003,13,248.99999999999818,move,improve
5453,13,354.2000000000003,13,248.99999999999818,move,improve
5454,13,354.2000000000003,13,248.99999999999818,move,improve
5455,13,354.2000000000003,13,248.99999999999818,2opt,notBad
5456,13,354.2000000000003,13,248.99999999999818,move,improve
5457,13,354.2000000000003,13,248.99999999999818,2opt,notBad
5458,13,354.2000000000003,13,248.99999999999818,2opt,notBad
5459,13,354.2000000000003,13,248.99999999999818,2opt,notBad
5460,13,354.2000000000003,13,248.99999999999818,2opt,notBad
5461,13,354.2000000000003,13,248.99999999999818,move,improve
5462,13,354.2000000000003,13,248.99999999999818,swap,notBad
5463,13,354.2000000000003,13,248.99999999999818,swap,notBad
5464,13,354.2000000000003,13,248.99999999999818,2opt,notBad
5465,13,354.2000000000003,13,248.99999999999818,2opt,notBad
5466,13,354.2000000000003,13,248.99999999999818,2opt,notBad
5467,13,354.2000000000003,13,248.99999999999818,swap,notBad
5468,13,345.60000000000014,13,248.99999999999818,move,improve
5469,13,345.60000000000014,13,248.99999999999818,move,improve
5470,13,345.60000000000014,13,248.99999999999818,swap,notBad
5471,13,345.60000000000014,13,248.99999999999818,2opt,notBad
5472,13,345.60000000000014,13,248.99999999999818,move,improve
5473,13,345.60000000000014,13,248.99999999999818,swap,notBad
5474,13,345.60000000000014,13,248.99999999999818,2opt,notBad
5475,13,345.60000000000014,13,248.99999999999818,move,improve
5476,13,345.60000000000014,13,248.99999999999818,swap,notBad
5477,13,345.60000000000014,13,248.99999999999818,2opt,notBad
5478,13,345.60000000000014,13,248.99999999999818,move,improve
5479,13,345.60000000000014,13,248.99999999999818,swap,notBad
5480,13,345.60000000000014,13,248.99999999999818,2opt,notBad
5481,13,345.60000000000014,13,248.99999999999818,2opt,notBad
5482,13,345.60000000000014,13,248.99999999999818,move,improve
5483,13,345.60000000000014,13,248.99999999999818,2opt,improve
5484,13,345.60000000000014,13,248.99999999999818,move,improve
5485,13,345.60000000000014,13,248.99999999999818,2opt,notBad
5486,13,345.60000000000014,13,248.99999999999818,swap,notBad
5487,13,380.40000000000055,13,248.99999999999818,swap,acceptBad
5488,13,380.40000000000055,13,248.99999999999818,swap,notBad
5489,13,380.40000000000055,13,248.99999999999818,2opt,notBad
5490,13,380.40000000000055,13,248.99999999999818,2opt,notBad
5491,13,380.40000000000055,13,248.99999999999818,move,improve
5492,13,380.40000000000055,13,248.99999999999818,move,improve
5493,13,380.40000000000055,13,248.99999999999818,2opt,notBad
5494,13,380.40000000000055,13,248.99999999999818,swap,notBad
5495,13,380.40000000000055,13,248.99999999999818,swap,notBad
5496,13,380.40000000000055,13,248.99999999999818,swap,notBad
5497,13,380.40000000000055,13,248.99999999999818,swap,notBad
5498,13,380.40000000000055,13,248.99999999999818,2opt,notBad
5499,13,380.40000000000055,13,248.99999999999818,move,improve
5500,13,380.40000000000055,13,248.99999999999818,2opt,improve
5501,13,395.6000000000008,13,248.99999999999818,swap,acceptBad
5502,13,395.6000000000008,13,248.99999999999818,swap,notBad
5503,13,395.6000000000008,13,248.99999999999818,swap,notBad
5504,13,395.6000000000008,13,248.99999999999818,2opt,notBad
5505,13,395.6000000000008,13,248.99999999999818,move,improve
5506,13,395.6000000000008,13,248.99999999999818,2opt,notBad
5507,13,395.6000000000008,13,248.99999999999818,swap,notBad
5508,13,395.6000000000008,13,248.99999999999818,2opt,notBad
5509,13,395.6000000000008,13,248.99999999999818,swap,notBad
5510,13,395.6000000000008,13,248.99999999999818,2opt,notBad
5511,13,395.6000000000008,13,248.99999999999818,2opt,notBad
5512,13,395.6000000000008,13,248.99999999999818,2opt,improve
5513,13,391.2000000000003,13,248.99999999999818,move,improve
5514,13,391.2000000000003,13,248.99999999999818,2opt,notBad
5515,13,389.8000000000004,13,248.99999999999818,move,improve
5516,13,389.8000000000004,13,248.99999999999818,move,improve
5517,13,389.8000000000004,13,248.99999999999818,move,improve
5518,13,389.8000000000004,13,248.99999999999818,move,improve
5519,13,414.9999999999993,13,248.99999999999818,swap,acceptBad
5520,13,414.9999999999993,13,248.99999999999818,2opt,notBad
5521,13,414.9999999999993,13,248.99999999999818,swap,notBad
5522,13,414.9999999999993,13,248.99999999999818,swap,notBad
5523,13,414.9999999999993,13,248.99999999999818,move,improve
5524,13,414.9999999999993,13,248.99999999999818,swap,notBad
5525,13,414.9999999999993,13,248.99999999999818,swap,notBad
5526,13,414.9999999999993,13,248.99999999999818,2opt,notBad
5527,13,414.9999999999993,13,248.99999999999818,swap,notBad
5528,13,400.39999999999895,13,248.99999999999818,move,improve
5529,13,400.39999999999895,13,248.99999999999818,swap,notBad
5530,13,400.39999999999895,13,248.99999999999818,2opt,improve
5531,13,400.39999999999895,13,248.99999999999818,move,improve
5532,13,400.39999999999895,13,248.99999999999818,swap,notBad
5533,13,400.39999999999895,13,248.99999999999818,2opt,improve
5534,13,400.39999999999895,13,248.99999999999818,2opt,notBad
5535,13,400.39999999999895,13,248.99999999999818,swap,notBad
5536,13,400.39999999999895,13,248.99999999999818,move,improve
5537,13,400.39999999999895,13,248.99999999999818,swap,notBad
5538,13,400.39999999999895,13,248.99999999999818,2opt,notBad
5539,13,400.39999999999895,13,248.99999999999818,swap,notBad
5540,13,400.39999999999895,13,248.99999999999818,2opt,notBad
5541,13,400.39999999999895,13,248.99999999999818,move,improve
5542,13,400.39999999999895,13,248.99999999999818,move,improve
5543,13,400.39999999999895,13,248.99999999999818,swap,notBad
5544,13,400.39999999999895,13,248.99999999999818,2opt,notBad
5545,13,400.39999999999895,13,248.99999999999818,2opt,notBad
5546,13,406.1999999999998,13,248.99999999999818,swap,acceptBad
5547,13,406.1999999999998,13,248.99999999999818,swap,notBad
5548,13,406.1999999999998,13,248.99999999999818,move,improve
5549,13,406.1999999999998,13,248.99999999999818,swap,notBad
5550,13,406.1999999999998,13,248.99999999999818,move,improve
5551,13,406.1999999999998,13,248.99999999999818,move,improve
5552,13,406.1999999999998,13,248.99999999999818,move,improve
5553,13,406.1999999999998,13,248.99999999999818,move,improve
5554,13,406.1999999999998,13,248.99999999999818,2opt,notBad
5555,13,406.1999999999998,13,248.99999999999818,swap,notBad
5556,13,406.1999999999998,13,248.99999999999818,swap,notBad
5557,13,406.1999999999998,13,248.99999999999818,swap,notBad
5558,13,406.1999999999998,13,248.99999999999818,swap,notBad
5559,13,406.1999999999998,13,248.99999999999818,2opt,notBad
5560,13,406.1999999999998,13,248.99999999999818,move,improve
5561,13,406.1999999999998,13,248.99999999999818,2opt,notBad
5562,13,406.1999999999998,13,248.99999999999818,swap,notBad
5563,13,406.1999999999998,13,248.99999999999818,2opt,notBad
5564,13,406.1999999999998,13,248.99999999999818,move,improve
5565,13,406.1999999999998,13,248.99999999999818,2opt,notBad
5566,13,406.1999999999998,13,248.99999999999818,2opt,notBad
5567,13,406.1999999999998,13,248.99999999999818,2opt,notBad
5568,13,406.1999999999998,13,248.99999999999818,2opt,notBad
5569,13,406.1999999999998,13,248.99999999999818,swap,notBad
5570,13,433.9999999999993,13,248.99999999999818,move,acceptBad
5571,13,433.9999999999993,13,248.99999999999818,move,improve
5572,13,433.9999999999993,13,248.99999999999818,swap,notBad
5573,13,433.9999999999993,13,248.99999999999818,2opt,notBad
5574,13,433.9999999999993,13,248.99999999999818,2opt,improve
5575,13,410.9999999999991,13,248.99999999999818,move,improve
5576,13,410.9999999999991,13,248.99999999999818,swap,notBad
5577,13,410.9999999999991,13,248.99999999999818,2opt,notBad
5578,13,410.9999999999991,13,248.99999999999818,2opt,notBad
5579,13,410.9999999999991,13,248.99999999999818,2opt,notBad
5580,13,410.9999999999991,13,248.99999999999818,2opt,notBad
5581,13,410.9999999999991,13,248.99999999999818,2opt,notBad
5582,13,383.1999999999996,13,248.99999999999818,move,improve
5583,13,383.1999999999996,13,248.99999999999818,swap,notBad
5584,13,383.1999999999996,13,248.99999999999818,2opt,notBad
5585,13,383.1999999999996,13,248.99999999999818,2opt,notBad
5586,13,383.1999999999996,13,248.99999999999818,swap,notBad
5587,13,383.1999999999996,13,248.99999999999818,swap,notBad
5588,13,383.1999999999996,13,248.99999999999818,move,improve
5589,13,383.1999999999996,13,248.99999999999818,2opt,improve
5590,13,383.1999999999996,13,248.99999999999818,move,improve
5591,13,383.1999999999996,13,248.99999999999818,swap,notBad
5592,13,383.1999999999996,13,248.99999999999818,move,improve
5593,13,383.1999999999996,13,248.99999999999818,2opt,notBad
5594,13,383.1999999999996,13,248.99999999999818,2opt,notBad
5595,13,383.1999999999996,13,248.99999999999818,swap,notBad
5596,13,383.1999999999996,13,248.99999999999818,move,improve
5597,13,383.1999999999996,13,248.99999999999818,move,improve
5598,13,383.1999999999996,13,248.99999999999818,move,improve
5599,13,383.1999999999996,13,248.99999999999818,move,improve
5600,13,383.1999999999996,13,248.99999999999818,2opt,notBad
5601,13,383.1999999999996,13,248.99999999999818,2opt,notBad
5602,13,383.1999999999996,13,248.99999999999818,move,improve
5603,13,383.1999999999996,13,248.99999999999818,swap,notBad
5604,13,383.1999999999996,13,248.99999999999818,swap,notBad
5605,13,383.1999999999996,13,248.99999999999818,2opt,notBad
5606,13,383.1999999999996,13,248.99999999999818,2opt,notBad
5607,13,383.1999999999996,13,248.99999999999818,swap,notBad
5608,13,383.1999999999996,13,248.99999999999818,2opt,notBad
5609,13,383.1999999999996,13,248.99999999999818,swap,notBad
5610,13,383.1999999999996,13,248.99999999999818,2opt,notBad
5611,13,383.1999999999996,13,248.99999999999818,swap,notBad
5612,13,383.1999999999996,13,248.99999999999818,2opt,notBad
5613,13,383.1999999999996,13,248.99999999999818,move,improve
5614,13,383.1999999999996,13,248.99999999999818,swap,notBad
5615,13,383.1999999999996,13,248.99999999999818,2opt,notBad
5616,13,383.1999999999996,13,248.99999999999818,2opt,notBad
5617,13,383.1999999999996,13,248.99999999999818,2opt,notBad
5618,13,383.1999999999996,13,248.99999999999818,2opt,notBad
5619,13,383.1999999999996,13,248.99999999999818,move,improve
5620,13,383.1999999999996,13,248.99999999999818,2opt,notBad
5621,13,383.1999999999996,13,248.99999999999818,swap,notBad
5622,13,383.1999999999996,13,248.99999999999818,2opt,notBad
5623,13,383.1999999999996,13,248.99999999999818,swap,notBad
5624,13,383.1999999999996,13,248.99999999999818,move,improve
5625,13,383.1999999999996,13,248.99999999999818,swap,notBad
5626,13,383.1999999999996,13,248.99999999999818,move,improve
5627,13,383.1999999999996,13,248.99999999999818,move,improve
5628,13,383.1999999999996,13,248.99999999999818,2opt,notBad
5629,13,383.1999999999996,13,248.99999999999818,swap,notBad
5630,13,383.1999999999996,13,248.99999999999818,2opt,notBad
5631,13,383.1999999999996,13,248.99999999999818,move,improve
5632,13,383.1999999999996,13,248.99999999999818,swap,notBad
5633,13,397.1999999999998,13,248.99999999999818,2opt,acceptBad
5634,13,397.1999999999998,13,248.99999999999818,swap,notBad
5635,13,397.1999999999998,13,248.99999999999818,swap,notBad
5636,13,397.1999999999998,13,248.99999999999818,2opt,notBad
5637,13,397.1999999999998,13,248.99999999999818,swap,notBad
5638,13,397.1999999999998,13,248.99999999999818,swap,notBad
5639,13,397.1999999999998,13,248.99999999999818,2opt,notBad
5640,13,397.1999999999998,13,248.99999999999818,swap,notBad
5641,13,397.1999999999998,13,248.99999999999818,2opt,notBad
5642,13,397.1999999999998,13,248.99999999999818,move,improve
5643,13,397.1999999999998,13,248.99999999999818,2opt,notBad
5644,13,397.1999999999998,13,248.99999999999818,2opt,notBad
5645,13,397.1999999999998,13,248.99999999999818,move,improve
5646,13,394.60000000000014,13,248.99999999999818,2opt,improve
5647,13,394.60000000000014,13,248.99999999999818,swap,notBad
5648,13,394.60000000000014,13,248.99999999999818,swap,notBad
5649,13,394.60000000000014,13,248.99999999999818,swap,notBad
5650,13,394.60000000000014,13,248.99999999999818,swap,notBad
5651,13,394.60000000000014,13,248.99999999999818,2opt,notBad
5652,13,394.60000000000014,13,248.99999999999818,2opt,improve
5653,13,394.60000000000014,13,248.99999999999818,move,improve
5654,13,394.60000000000014,13,248.99999999999818,move,improve
5655,13,394.60000000000014,13,248.99999999999818,swap,notBad
5656,13,394.60000000000014,13,248.99999999999818,2opt,notBad
5657,13,394.60000000000014,13,248.99999999999818,swap,notBad
5658,13,394.60000000000014,13,248.99999999999818,move,improve
5659,13,394.60000000000014,13,248.99999999999818,move,improve
5660,13,419.6000000000008,13,248.99999999999818,swap,acceptBad
5661,13,419.6000000000008,13,248.99999999999818,2opt,notBad
5662,13,419.6000000000008,13,248.99999999999818,move,improve
5663,13,419.6000000000008,13,248.99999999999818,swap,notBad
5664,13,419.6000000000008,13,248.99999999999818,swap,notBad
5665,13,402.6000000000008,13,248.99999999999818,move,improve
5666,13,402.6000000000008,13,248.99999999999818,2opt,notBad
5667,13,402.6000000000008,13,248.99999999999818,swap,notBad
5668,13,402.6000000000008,13,248.99999999999818,2opt,notBad
5669,13,402.6000000000008,13,248.99999999999818,swap,notBad
5670,13,402.6000000000008,13,248.99999999999818,swap,notBad
5671,13,402.6000000000008,13,248.99999999999818,swap,notBad
5672,13,402.6000000000008,13,248.99999999999818,swap,notBad
5673,13,402.6000000000008,13,248.99999999999818,swap,notBad
5674,13,402.6000000000008,13,248.99999999999818,swap,notBad
5675,13,326.4000000000012,13,248.99999999999818,move,improve
5676,13,314.00000000000114,13,248.99999999999818,swap,improve
5677,13,314.00000000000114,13,248.99999999999818,move,improve
5678,13,314.00000000000114,13,248.99999999999818,2opt,notBad
5679,13,314.00000000000114,13,248.99999999999818,move,improve
5680,13,314.00000000000114,13,248.99999999999818,swap,notBad
5681,13,314.00000000000114,13,248.99999999999818,swap,notBad
5682,13,314.00000000000114,13,248.99999999999818,swap,notBad
5683,13,314.00000000000114,13,248.99999999999818,swap,notBad
5684,13,314.00000000000114,13,248.99999999999818,move,improve
5685,13,314.00000000000114,13,248.99999999999818,move,improve
5686,13,314.00000000000114,13,248.99999999999818,swap,notBad
5687,13,314.00000000000114,13,248.99999999999818,move,improve
5688,13,314.00000000000114,13,248.99999999999818,swap,notBad
5689,13,314.00000000000114,13,248.99999999999818,swap,notBad
5690,13,314.00000000000114,13,248.99999999999818,swap,notBad
5691,13,314.00000000000114,13,248.99999999999818,swap,notBad
5692,13,314.00000000000114,13,248.99999999999818,2opt,notBad
5693,13,294.80000000000086,13,248.99999999999818,move,improve
5694,13,294.80000000000086,13,248.99999999999818,swap,notBad
5695,13,294.80000000000086,13,248.99999999999818,swap,notBad
5696,13,294.80000000000086,13,248.99999999999818,2opt,notBad
5697,13,294.80000000000086,13,248.99999999999818,move,improve
5698,13,294.80000000000086,13,248.99999999999818,swap,notBad
5699,13,294.80000000000086,13,248.99999999999818,move,improve
5700,13,294.80000000000086,13,248.99999999999818,2opt,notBad
5701,13,294.80000000000086,13,248.99999999999818,swap,notBad
5702,13,294.80000000000086,13,248.99999999999818,2opt,notBad
5703,13,294.80000000000086,13,248.99999999999818,2opt,notBad
5704,13,284.20000000000095,13,248.99999999999818,swap,improve
5705,13,284.20000000000095,13,248.99999999999818,2opt,notBad
5706,13,284.20000000000095,13,248.99999999999818,swap,notBad
5707,13,284.20000000000095,13,248.99999999999818,move,improve
5708,13,284.20000000000095,13,248.99999999999818,swap,notBad
5709,13,284.20000000000095,13,248.99999999999818,swap,notBad
5710,13,284.20000000000095,13,248.99999999999818,swap,notBad
5711,13,284.20000000000095,13,248.99999999999818,move,improve
5712,13,284.20000000000095,13,248.99999999999818,move,improve
5713,13,284.20000000000095,13,248.99999999999818,2opt,improve
5714,13,284.20000000000095,13,248.99999999999818,move,improve
5715,13,284.20000000000095,13,248.99999999999818,2opt,notBad
5716,13,284.20000000000095,13,248.99999999999818,move,improve
5717,13,284.20000000000095,13,248.99999999999818,2opt,notBad
5718,13,284.20000000000095,13,248.99999999999818,2opt,notBad
5719,13,284.20000000000095,13,248.99999999999818,move,improve
5720,13,284.20000000000095,13,248.99999999999818,swap,notBad
5721,13,284.20000000000095,13,248.99999999999818,swap,notBad
5722,13,284.20000000000095,13,248.99999999999818,move,improve
5723,13,284.20000000000095,13,248.99999999999818,swap,notBad
5724,13,284.20000000000095,13,248.99999999999818,2opt,notBad
5725,13,284.20000000000095,13,248.99999999999818,swap,notBad
5726,13,284.20000000000095,13,248.99999999999818,swap,notBad
5727,13,284.20000000000095,13,248.99999999999818,swap,notBad
5728,13,284.20000000000095,13,248.99999999999818,2opt,notBad
5729,13,284.20000000000095,13,248.99999999999818,move,improve
5730,13,284.20000000000095,13,248.99999999999818,2opt,notBad
5731,13,284.20000000000095,13,248.99999999999818,swap,notBad
5732,13,284.20000000000095,13,248.99999999999818,swap,notBad
5733,13,284.20000000000095,13,248.99999999999818,2opt,notBad
5734,13,284.20000000000095,13,248.99999999999818,move,improve
5735,13,284.20000000000095,13,248.99999999999818,2opt,notBad
5736,13,284.20000000000095,13,248.99999999999818,move,improve
5737,13,284.20000000000095,13,248.99999999999818,move,improve
5738,13,284.20000000000095,13,248.99999999999818,2opt,improve
5739,13,284.20000000000095,13,248.99999999999818,swap,notBad
5740,13,284.20000000000095,13,248.99999999999818,2opt,improve
5741,13,284.20000000000095,13,248.99999999999818,2opt,notBad
5742,13,284.20000000000095,13,248.99999999999818,2opt,notBad
5743,13,284.20000000000095,13,248.99999999999818,move,improve
5744,13,284.20000000000095,13,248.99999999999818,2opt,notBad
5745,13,284.20000000000095,13,248.99999999999818,2opt,notBad
5746,13,284.20000000000095,13,248.99999999999818,move,improve
5747,13,284.20000000000095,13,248.99999999999818,2opt,notBad
5748,13,284.20000000000095,13,248.99999999999818,2opt,improve
5749,13,284.20000000000095,13,248.99999999999818,2opt,notBad
5750,13,284.20000000000095,13,248.99999999999818,move,improve
5751,13,284.20000000000095,13,248.99999999999818,2opt,improve
5752,13,284.20000000000095,13,248.99999999999818,move,improve
5753,13,284.20000000000095,13,248.99999999999818,move,improve
5754,13,284.20000000000095,13,248.99999999999818,2opt,notBad
5755,13,284.20000000000095,13,248.99999999999818,2opt,notBad
5756,13,284.20000000000095,13,248.99999999999818,2opt,notBad
5757,13,284.20000000000095,13,248.99999999999818,2opt,notBad
5758,13,284.20000000000095,13,248.99999999999818,move,improve
5759,13,284.20000000000095,13,248.99999999999818,move,improve
5760,13,284.20000000000095,13,248.99999999999818,2opt,notBad
5761,13,284.20000000000095,13,248.99999999999818,swap,notBad
5762,13,284.20000000000095,13,248.99999999999818,move,improve
5763,13,284.20000000000095,13,248.99999999999818,2opt,notBad
5764,13,284.20000000000095,13,248.99999999999818,2opt,notBad
5765,13,284.20000000000095,13,248.99999999999818,2opt,notBad
5766,13,284.20000000000095,13,248.99999999999818,swap,notBad
5767,13,284.20000000000095,13,248.99999999999818,swap,notBad
5768,13,284.20000000000095,13,248.99999999999818,2opt,notBad
5769,13,284.20000000000095,13,248.99999999999818,move,improve
5770,13,284.20000000000095,13,248.99999999999818,2opt,notBad
5771,13,284.20000000000095,13,248.99999999999818,2opt,notBad
5772,13,284.20000000000095,13,248.99999999999818,move,improve
5773,13,284.20000000000095,13,248.99999999999818,2opt,notBad
5774,13,284.20000000000095,13,248.99999999999818,2opt,notBad
5775,13,284.20000000000095,13,248.99999999999818,2opt,notBad
5776,13,284.20000000000095,13,248.99999999999818,move,improve
5777,13,284.20000000000095,13,248.99999999999818,2opt,notBad
5778,13,284.20000000000095,13,248.99999999999818,move,improve
5779,13,284.20000000000095,13,248.99999999999818,2opt,notBad
5780,13,284.20000000000095,13,248.99999999999818,swap,notBad
5781,13,284.20000000000095,13,248.99999999999818,2opt,notBad
5782,13,284.20000000000095,13,248.99999999999818,move,improve
5783,13,284.20000000000095,13,248.99999999999818,move,improve
5784,13,284.20000000000095,13,248.99999999999818,2opt,notBad
5785,13,272.400000000001,13,248.99999999999818,swap,improve
5786,13,272.400000000001,13,248.99999999999818,2opt,improve
5787,13,272.400000000001,13,248.99999999999818,2opt,notBad
5788,13,272.400000000001,13,248.99999999999818,2opt,notBad
5789,13,272.400000000001,13,248.99999999999818,move,improve
5790,13,272.400000000001,13,248.99999999999818,swap,notBad
5791,13,272.400000000001,13,248.99999999999818,move,improve
5792,13,272.400000000001,13,248.99999999999818,move,improve
5793,13,272.400000000001,13,248.99999999999818,2opt,notBad
5794,13,272.400000000001,13,248.99999999999818,move,improve
5795,13,272.400000000001,13,248.99999999999818,2opt,notBad
5796,13,272.400000000001,13,248.99999999999818,move,improve
5797,13,272.400000000001,13,248.99999999999818,move,improve
5798,13,272.400000000001,13,248.99999999999818,2opt,notBad
5799,13,272.400000000001,13,248.99999999999818,move,improve
5800,13,272.400000000001,13,248.99999999999818,2opt,notBad
5801,13,272.400000000001,13,248.99999999999818,2opt,notBad
5802,13,272.400000000001,13,248.99999999999818,move,improve
5803,13,272.400000000001,13,248.99999999999818,swap,notBad
5804,13,272.400000000001,13,248.99999999999818,move,improve
5805,13,272.400000000001,13,248.99999999999818,move,improve
5806,13,305.5999999999997,13,248.99999999999818,swap,acceptBad
5807,13,305.5999999999997,13,248.99999999999818,move,improve
5808,13,305.5999999999997,13,248.99999999999818,move,improve
5809,13,305.5999999999997,13,248.99999999999818,swap,notBad
5810,13,305.5999999999997,13,248.99999999999818,move,improve
5811,13,305.5999999999997,13,248.99999999999818,2opt,notBad
5812,13,312.4000000000001,13,248.99999999999818,2opt,acceptBad
5813,13,312.4000000000001,13,248.99999999999818,swap,notBad
5814,13,312.4000000000001,13,248.99999999999818,2opt,notBad
5815,13,312.4000000000001,13,248.99999999999818,2opt,notBad
5816,13,312.4000000000001,13,248.99999999999818,swap,notBad
5817,13,312.4000000000001,13,248.99999999999818,move,improve
5818,13,312.4000000000001,13,248.99999999999818,swap,notBad
5819,13,304.4000000000001,13,248.99999999999818,move,improve
5820,13,304.4000000000001,13,248.99999999999818,move,improve
5821,13,304.4000000000001,13,248.99999999999818,2opt,notBad
5822,13,304.4000000000001,13,248.99999999999818,2opt,notBad
5823,13,304.4000000000001,13,248.99999999999818,2opt,notBad
5824,13,304.4000000000001,13,248.99999999999818,move,improve
5825,13,304.4000000000001,13,248.99999999999818,2opt,notBad
5826,13,304.4000000000001,13,248.99999999999818,swap,notBad
5827,13,304.4000000000001,13,248.99999999999818,2opt,notBad
5828,13,304.4000000000001,13,248.99999999999818,2opt,notBad
5829,13,304.4000000000001,13,248.99999999999818,swap,notBad
5830,13,304.4000000000001,13,248.99999999999818,move,improve
5831,13,304.4000000000001,13,248.99999999999818,2opt,notBad
5832,13,304.4000000000001,13,248.99999999999818,2opt,notBad
5833,13,304.4000000000001,13,248.99999999999818,swap,notBad
5834,13,304.4000000000001,13,248.99999999999818,move,improve
5835,13,304.4000000000001,13,248.99999999999818,move,improve
5836,13,304.4000000000001,13,248.99999999999818,swap,notBad
5837,13,304.4000000000001,13,248.99999999999818,2opt,notBad
5838,13,304.4000000000001,13,248.99999999999818,2opt,notBad
5839,13,304.4000000000001,13,248.99999999999818,swap,notBad
5840,13,286.00000000000045,13,248.99999999999818,swap,improve
5841,13,286.00000000000045,13,248.99999999999818,2opt,notBad
5842,13,286.00000000000045,13,248.99999999999818,swap,notBad
5843,13,286.00000000000045,13,248.99999999999818,swap,notBad
5844,13,286.00000000000045,13,248.99999999999818,move,improve
5845,13,286.00000000000045,13,248.99999999999818,move,improve
5846,13,286.00000000000045,13,248.99999999999818,2opt,notBad
5847,13,286.00000000000045,13,248.99999999999818,2opt,notBad
5848,13,286.00000000000045,13,248.99999999999818,2opt,notBad
5849,13,286.00000000000045,13,248.99999999999818,swap,notBad
5850,13,286.00000000000045,13,248.99999999999818,swap,notBad
5851,13,286.00000000000045,13,248.99999999999818,swap,notBad
5852,13,286.00000000000045,13,248.99999999999818,2opt,notBad
5853,13,286.00000000000045,13,248.99999999999818,swap,notBad
5854,13,286.00000000000045,13,248.99999999999818,swap,notBad
5855,13,286.00000000000045,13,248.99999999999818,move,improve
5856,13,286.00000000000045,13,248.99999999999818,2opt,notBad
5857,13,286.00000000000045,13,248.99999999999818,2opt,notBad
5858,13,286.00000000000045,13,248.99999999999818,2opt,notBad
5859,13,286.00000000000045,13,248.99999999999818,move,improve
5860,13,286.00000000000045,13,248.99999999999818,swap,notBad
5861,13,286.00000000000045,13,248.99999999999818,2opt,notBad
5862,13,286.00000000000045,13,248.99999999999818,move,improve
5863,13,280.39999999999986,13,248.99999999999818,move,improve
5864,13,280.39999999999986,13,248.99999999999818,2opt,notBad
5865,13,280.39999999999986,13,248.99999999999818,move,improve
5866,13,280.39999999999986,13,248.99999999999818,move,improve
5867,13,280.39999999999986,13,248.99999999999818,swap,notBad
5868,13,280.39999999999986,13,248.99999999999818,2opt,notBad
5869,13,280.39999999999986,13,248.99999999999818,2opt,notBad
5870,13,280.39999999999986,13,248.99999999999818,move,improve
5871,13,434.9999999999984,13,248.99999999999818,move,acceptBad
5872,13,450.1999999999988,13,248.99999999999818,swap,acceptBad
5873,13,450.1999999999988,13,248.99999999999818,move,improve
5874,13,446.3999999999986,13,248.99999999999818,move,improve
5875,13,446.3999999999986,13,248.99999999999818,2opt,notBad
5876,13,446.3999999999986,13,248.99999999999818,2opt,notBad
5877,13,446.3999999999986,13,248.99999999999818,move,improve
5878,13,310.5999999999991,13,248.99999999999818,move,improve
5879,13,310.5999999999991,13,248.99999999999818,swap,notBad
5880,13,310.5999999999991,13,248.99999999999818,swap,notBad
5881,13,310.5999999999991,13,248.99999999999818,swap,notBad
5882,13,310.5999999999991,13,248.99999999999818,move,improve
5883,13,310.5999999999991,13,248.99999999999818,move,improve
5884,13,310.5999999999991,13,248.99999999999818,2opt,notBad
5885,13,310.5999999999991,13,248.99999999999818,2opt,notBad
5886,13,310.5999999999991,13,248.99999999999818,swap,notBad
5887,13,310.5999999999991,13,248.99999999999818,2opt,notBad
5888,13,310.5999999999991,13,248.99999999999818,swap,notBad
5889,13,310.5999999999991,13,248.99999999999818,move,improve
5890,13,310.5999999999991,13,248.99999999999818,swap,notBad
5891,13,310.5999999999991,13,248.99999999999818,swap,notBad
5892,13,270.8000000000002,13,248.99999999999818,move,improve
5893,13,270.8000000000002,13,248.99999999999818,move,improve
5894,13,270.8000000000002,13,248.99999999999818,move,improve
5895,13,270.8000000000002,13,248.99999999999818,swap,notBad
5896,13,270.8000000000002,13,248.99999999999818,move,improve
5897,13,270.8000000000002,13,248.99999999999818,move,improve
5898,13,270.8000000000002,13,248.99999999999818,swap,notBad
5899,13,270.8000000000002,13,248.99999999999818,swap,notBad
5900,13,270.8000000000002,13,248.99999999999818,2opt,notBad
5901,13,270.8000000000002,13,248.99999999999818,swap,notBad
5902,13,270.8000000000002,13,248.99999999999818,swap,notBad
5903,13,267.60000000000014,13,248.99999999999818,swap,improve
5904,13,267.60000000000014,13,248.99999999999818,swap,notBad
5905,13,267.60000000000014,13,248.99999999999818,move,improve
5906,13,267.60000000000014,13,248.99999999999818,move,improve
5907,13,267.60000000000014,13,248.99999999999818,move,improve
5908,13,267.60000000000014,13,248.99999999999818,2opt,notBad
5909,13,267.60000000000014,13,248.99999999999818,move,improve
5910,13,267.60000000000014,13,248.99999999999818,2opt,notBad
5911,13,267.60000000000014,13,248.99999999999818,swap,notBad
5912,13,267.60000000000014,13,248.99999999999818,swap,notBad
5913,13,267.60000000000014,13,248.99999999999818,swap,notBad
5914,13,267.60000000000014,13,248.99999999999818,move,improve
5915,13,267.60000000000014,13,248.99999999999818,2opt,notBad
5916,13,267.60000000000014,13,248.99999999999818,move,improve
5917,13,267.60000000000014,13,248.99999999999818,swap,notBad
5918,13,267.60000000000014,13,248.99999999999818,2opt,notBad
5919,13,267.60000000000014,13,248.99999999999818,move,improve
5920,13,267.60000000000014,13,248.99999999999818,move,improve
5921,13,256.2000000000003,13,248.99999999999818,swap,improve
5922,13,256.2000000000003,13,248.99999999999818,swap,notBad
5923,13,256.2000000000003,13,248.99999999999818,2opt,notBad
5924,13,256.2000000000003,13,248.99999999999818,move,improve
5925,13,256.2000000000003,13,248.99999999999818,move,improve
5926,13,256.2000000000003,13,248.99999999999818,swap,notBad
5927,13,256.2000000000003,13,248.99999999999818,2opt,notBad
5928,13,256.2000000000003,13,248.99999999999818,swap,notBad
5929,13,256.2000000000003,13,248.99999999999818,move,improve
5930,13,256.2000000000003,13,248.99999999999818,2opt,notBad
5931,13,256.2000000000003,13,248.99999999999818,move,improve
5932,13,256.2000000000003,13,248.99999999999818,swap,notBad
5933,13,256.2000000000003,13,248.99999999999818,swap,notBad
5934,13,256.2000000000003,13,248.99999999999818,2opt,notBad
5935,13,256.2000000000003,13,248.99999999999818,move,improve
5936,13,256.2000000000003,13,248.99999999999818,2opt,notBad
5937,13,256.2000000000003,13,248.99999999999818,swap,notBad
5938,13,256.2000000000003,13,248.99999999999818,move,improve
5939,13,256.2000000000003,13,248.99999999999818,2opt,notBad
5940,13,256.2000000000003,13,248.99999999999818,2opt,notBad
5941,13,256.2000000000003,13,248.99999999999818,move,improve
5942,13,256.2000000000003,13,248.99999999999818,2opt,notBad
5943,13,256.2000000000003,13,248.99999999999818,2opt,notBad
5944,13,256.2000000000003,13,248.99999999999818,2opt,notBad
5945,13,256.2000000000003,13,248.99999999999818,swap,notBad
5946,13,256.2000000000003,13,248.99999999999818,swap,notBad
5947,13,256.2000000000003,13,248.99999999999818,2opt,improve
5948,13,256.2000000000003,13,248.99999999999818,move,improve
5949,13,256.2000000000003,13,248.99999999999818,2opt,notBad
5950,13,256.2000000000003,13,248.99999999999818,swap,notBad
5951,13,256.2000000000003,13,248.99999999999818,move,improve
5952,13,256.2000000000003,13,248.99999999999818,move,improve
5953,13,256.2000000000003,13,248.99999999999818,swap,notBad
5954,13,256.2000000000003,13,248.99999999999818,2opt,notBad
5955,13,256.2000000000003,13,248.99999999999818,2opt,notBad
5956,13,256.2000000000003,13,248.99999999999818,swap,notBad
5957,13,256.2000000000003,13,248.99999999999818,2opt,notBad
5958,13,256.2000000000003,13,248.99999999999818,swap,notBad
5959,13,256.2000000000003,13,248.99999999999818,2opt,notBad
5960,13,256.2000000000003,13,248.99999999999818,2opt,notBad
5961,13,256.2000000000003,13,248.99999999999818,swap,notBad
5962,13,256.2000000000003,13,248.99999999999818,swap,notBad
5963,13,256.2000000000003,13,248.99999999999818,2opt,improve
5964,13,256.2000000000003,13,248.99999999999818,move,improve
5965,13,256.2000000000003,13,248.99999999999818,swap,notBad
5966,13,256.2000000000003,13,248.99999999999818,move,improve
5967,13,256.2000000000003,13,248.99999999999818,2opt,notBad
5968,13,256.2000000000003,13,248.99999999999818,move,improve
5969,13,256.2000000000003,13,248.99999999999818,2opt,notBad
5970,13,256.2000000000003,13,248.99999999999818,swap,notBad
5971,13,256.2000000000003,13,248.99999999999818,move,improve
5972,13,256.2000000000003,13,248.99999999999818,move,improve
5973,13,256.2000000000003,13,248.99999999999818,move,improve
5974,13,256.2000000000003,13,248.99999999999818,move,improve
5975,13,256.2000000000003,13,248.99999999999818,swap,notBad
5976,13,256.2000000000003,13,248.99999999999818,2opt,notBad
5977,13,256.2000000000003,13,248.99999999999818,2opt,notBad
5978,13,256.2000000000003,13,248.99999999999818,2opt,improve
5979,13,256.2000000000003,13,248.99999999999818,move,improve
5980,13,256.2000000000003,13,248.99999999999818,swap,notBad
5981,13,256.2000000000003,13,248.99999999999818,2opt,notBad
5982,13,256.2000000000003,13,248.99999999999818,2opt,notBad
5983,13,256.2000000000003,13,248.99999999999818,swap,notBad
5984,13,256.2000000000003,13,248.99999999999818,swap,notBad
5985,13,256.2000000000003,13,248.99999999999818,2opt,notBad
5986,13,256.2000000000003,13,248.99999999999818,2opt,notBad
5987,13,256.2000000000003,13,248.99999999999818,2opt,notBad
5988,13,206.80000000000018,13,206.80000000000018,swap,newBest
5989,13,206.80000000000018,13,206.80000000000018,2opt,notBad
5990,13,206.80000000000018,13,206.80000000000018,2opt,notBad
5991,13,206.80000000000018,13,206.80000000000018,move,improve
5992,13,206.80000000000018,13,206.80000000000018,swap,notBad
5993,13,206.80000000000018,13,206.80000000000018,2opt,notBad
5994,13,206.80000000000018,13,206.80000000000018,swap,notBad
5995,13,206.80000000000018,13,206.80000000000018,2opt,notBad
5996,13,206.80000000000018,13,206.80000000000018,swap,notBad
5997,13,206.80000000000018,13,206.80000000000018,move,improve
5998,13,206.80000000000018,13,206.80000000000018,swap,notBad
5999,13,206.80000000000018,13,206.80000000000018,2opt,notBad
6000,13,206.80000000000018,13,206.80000000000018,2opt,notBad
6001,13,206.80000000000018,13,206.80000000000018,move,improve
6002,13,206.80000000000018,13,206.80000000000018,2opt,notBad
6003,13,206.80000000000018,13,206.80000000000018,2opt,notBad
6004,13,206.80000000000018,13,206.80000000000018,swap,notBad
6005,13,206.80000000000018,13,206.80000000000018,move,improve
6006,13,206.80000000000018,13,206.80000000000018,move,improve
6007,13,206.80000000000018,13,206.80000000000018,2opt,notBad
6008,13,206.80000000000018,13,206.80000000000018,swap,notBad
6009,13,206.80000000000018,13,206.80000000000018,swap,notBad
6010,13,206.80000000000018,13,206.80000000000018,swap,notBad
6011,13,206.80000000000018,13,206.80000000000018,2opt,notBad
6012,13,206.80000000000018,13,206.80000000000018,swap,notBad
6013,13,206.80000000000018,13,206.80000000000018,move,improve
6014,13,206.80000000000018,13,206.80000000000018,swap,notBad
6015,13,206.80000000000018,13,206.80000000000018,swap,notBad
6016,13,206.80000000000018,13,206.80000000000018,2opt,notBad
6017,13,206.80000000000018,13,206.80000000000018,2opt,notBad
6018,13,206.80000000000018,13,206.80000000000018,2opt,notBad
6019,13,206.80000000000018,13,206.80000000000018,swap,notBad
6020,13,206.80000000000018,13,206.80000000000018,swap,notBad
6021,13,206.80000000000018,13,206.80000000000018,2opt,notBad
6022,13,206.80000000000018,13,206.80000000000018,2opt,notBad
6023,13,206.80000000000018,13,206.80000000000018,swap,notBad
6024,13,206.80000000000018,13,206.80000000000018,move,improve
6025,13,206.80000000000018,13,206.80000000000018,swap,notBad
6026,13,206.80000000000018,13,206.80000000000018,swap,notBad
6027,13,205.0,13,205.0,move,newBest
6028,13,205.0,13,205.0,move,improve
6029,13,205.0,13,205.0,2opt,notBad
6030,13,205.0,13,205.0,swap,notBad
6031,13,205.0,13,205.0,2opt,notBad
6032,13,205.0,13,205.0,2opt,notBad
6033,13,205.0,13,205.0,move,improve
6034,13,205.0,13,205.0,swap,notBad
6035,13,205.0,13,205.0,2opt,notBad
6036,13,205.0,13,205.0,2opt,notBad
6037,13,205.0,13,205.0,swap,notBad
6038,13,205.0,13,205.0,move,improve
6039,13,205.0,13,205.0,2opt,notBad
6040,13,205.0,13,205.0,2opt,improve
6041,13,205.0,13,205.0,swap,notBad
6042,13,205.0,13,205.0,move,improve
6043,13,205.0,13,205.0,move,improve
6044,13,205.0,13,205.0,2opt,notBad
6045,13,205.0,13,205.0,swap,notBad
6046,13,205.80000000000177,13,205.0,swap,acceptBad
6047,13,205.80000000000177,13,205.0,move,improve
6048,13,205.80000000000177,13,205.0,2opt,notBad
6049,13,205.80000000000177,13,205.0,move,improve
6050,13,205.80000000000177,13,205.0,move,improve
6051,13,217.00000000000114,13,205.0,swap,acceptBad
6052,13,217.00000000000114,13,205.0,move,improve
6053,13,217.00000000000114,13,205.0,swap,notBad
6054,13,217.00000000000114,13,205.0,move,improve
6055,13,217.00000000000114,13,205.0,swap,notBad
6056,13,217.00000000000114,13,205.0,2opt,notBad
6057,13,217.00000000000114,13,205.0,swap,notBad
6058,13,217.00000000000114,13,205.0,move,improve
6059,13,217.00000000000114,13,205.0,move,improve
6060,13,217.00000000000114,13,205.0,2opt,notBad
6061,13,217.00000000000114,13,205.0,2opt,notBad
6062,13,217.00000000000114,13,205.0,swap,notBad
6063,13,217.00000000000114,13,205.0,move,improve
6064,13,217.00000000000114,13,205.0,move,improve
6065,13,217.00000000000114,13,205.0,move,improve
6066,13,217.00000000000114,13,205.0,2opt,notBad
6067,13,217.00000000000114,13,205.0,swap,notBad
6068,13,217.00000000000114,13,205.0,swap,notBad
6069,13,217.00000000000114,13,205.0,move,improve
6070,13,217.00000000000114,13,205.0,swap,notBad
6071,13,217.00000000000114,13,205.0,move,improve
6072,13,217.00000000000114,13,205.0,move,improve
6073,13,217.00000000000114,13,205.0,swap,notBad
6074,13,217.00000000000114,13,205.0,swap,notBad
6075,13,217.00000000000114,13,205.0,2opt,notBad
6076,13,217.00000000000114,13,205.0,swap,notBad
6077,13,217.00000000000114,13,205.0,2opt,improve
6078,13,217.00000000000114,13,205.0,move,improve
6079,13,228.400000000001,13,205.0,swap,acceptBad
6080,13,228.400000000001,13,205.0,2opt,notBad
6081,13,228.400000000001,13,205.0,2opt,notBad
6082,13,228.400000000001,13,205.0,move,improve
6083,13,228.400000000001,13,205.0,swap,notBad
6084,13,228.400000000001,13,205.0,move,improve
6085,13,228.400000000001,13,205.0,move,improve
6086,13,228.400000000001,13,205.0,move,improve
6087,13,228.400000000001,13,205.0,move,improve
6088,13,228.400000000001,13,205.0,swap,notBad
6089,13,228.400000000001,13,205.0,swap,notBad
6090,13,228.400000000001,13,205.0,swap,notBad
6091,13,228.400000000001,13,205.0,2opt,notBad
6092,13,228.400000000001,13,205.0,2opt,notBad
6093,13,228.400000000001,13,205.0,2opt,improve
6094,13,228.400000000001,13,205.0,2opt,notBad
6095,13,228.400000000001,13,205.0,swap,notBad
6096,13,228.400000000001,13,205.0,move,improve
6097,13,228.400000000001,13,205.0,swap,notBad
6098,13,228.400000000001,13,205.0,move,improve
6099,13,228.400000000001,13,205.0,move,improve
6100,13,228.400000000001,13,205.0,swap,notBad
6101,13,228.400000000001,13,205.0,move,improve
6102,13,228.400000000001,13,205.0,2opt,notBad
6103,13,228.400000000001,13,205.0,move,improve
6104,13,228.400000000001,13,205.0,move,improve
6105,13,228.400000000001,13,205.0,2opt,notBad
6106,13,228.400000000001,13,205.0,swap,notBad
6107,13,228.400000000001,13,205.0,move,improve
6108,13,228.400000000001,13,205.0,2opt,notBad
6109,13,228.400000000001,13,205.0,2opt,notBad
6110,13,228.400000000001,13,205.0,swap,notBad
6111,13,228.400000000001,13,205.0,2opt,notBad
6112,13,228.400000000001,13,205.0,2opt,notBad
6113,13,228.400000000001,13,205.0,2opt,notBad
6114,13,228.400000000001,13,205.0,2opt,improve
6115,13,228.400000000001,13,205.0,2opt,notBad
6116,13,228.400000000001,13,205.0,move,improve
6117,13,238.80000000000086,13,205.0,swap,acceptBad
6118,13,238.80000000000086,13,205.0,2opt,notBad
6119,13,238.80000000000086,13,205.0,swap,notBad
6120,13,238.80000000000086,13,205.0,2opt,notBad
6121,13,238.80000000000086,13,205.0,move,improve
6122,13,238.80000000000086,13,205.0,swap,notBad
6123,13,238.80000000000086,13,205.0,2opt,notBad
6124,13,238.80000000000086,13,205.0,2opt,notBad
6125,13,238.80000000000086,13,205.0,2opt,notBad
6126,13,238.80000000000086,13,205.0,swap,notBad
6127,13,238.80000000000086,13,205.0,swap,notBad
6128,13,238.80000000000086,13,205.0,2opt,notBad
6129,13,238.80000000000086,13,205.0,2opt,notBad
6130,13,238.80000000000086,13,205.0,move,improve
6131,13,238.80000000000086,13,205.0,2opt,notBad
6132,13,238.80000000000086,13,205.0,2opt,notBad
6133,13,238.80000000000086,13,205.0,swap,notBad
6134,13,238.80000000000086,13,205.0,move,improve
6135,13,238.80000000000086,13,205.0,swap,notBad
6136,13,238.80000000000086,13,205.0,2opt,notBad
6137,13,238.80000000000086,13,205.0,swap,notBad
6138,13,238.80000000000086,13,205.0,swap,notBad
6139,13,238.80000000000086,13,205.0,move,improve
6140,13,238.80000000000086,13,205.0,move,improve
6141,13,238.80000000000086,13,205.0,swap,notBad
6142,13,238.80000000000086,13,205.0,swap,notBad
6143,13,238.80000000000086,13,205.0,swap,notBad
6144,13,238.80000000000086,13,205.0,move,improve
6145,13,238.80000000000086,13,205.0,move,improve
6146,13,238.80000000000086,13,205.0,swap,notBad
6147,13,238.80000000000086,13,205.0,move,improve
6148,13,238.80000000000086,13,205.0,swap,notBad
6149,13,238.80000000000086,13,205.0,move,improve
6150,13,238.80000000000086,13,205.0,swap,notBad
6151,13,238.80000000000086,13,205.0,move,improve
6152,13,238.80000000000086,13,205.0,move,improve
6153,13,238.80000000000086,13,205.0,move,improve
6154,13,238.80000000000086,13,205.0,2opt,notBad
6155,13,238.80000000000086,13,205.0,move,improve
6156,13,238.80000000000086,13,205.0,move,improve
6157,13,238.80000000000086,13,205.0,2opt,notBad
6158,13,238.80000000000086,13,205.0,move,improve
6159,13,224.80000000000086,13,205.0,move,improve
6160,13,224.80000000000086,13,205.0,2opt,improve
6161,13,224.80000000000086,13,205.0,move,improve
6162,13,224.80000000000086,13,205.0,2opt,notBad
6163,13,224.80000000000086,13,205.0,move,improve
6164,13,224.80000000000086,13,205.0,swap,notBad
6165,13,224.80000000000086,13,205.0,2opt,notBad
6166,13,224.80000000000086,13,205.0,move,improve
6167,13,224.80000000000086,13,205.0,swap,notBad
6168,13,224.80000000000086,13,205.0,swap,notBad
6169,13,260.9999999999998,13,205.0,swap,acceptBad
6170,13,260.9999999999998,13,205.0,2opt,notBad
6171,13,260.9999999999998,13,205.0,swap,notBad
6172,13,260.9999999999998,13,205.0,2opt,notBad
6173,13,260.9999999999998,13,205.0,move,improve
6174,13,260.9999999999998,13,205.0,swap,notBad
6175,13,260.9999999999998,13,205.0,swap,notBad
6176,13,260.9999999999998,13,205.0,swap,notBad
6177,13,260.9999999999998,13,205.0,move,improve
6178,13,260.9999999999998,13,205.0,swap,notBad
6179,13,260.9999999999998,13,205.0,swap,notBad
6180,13,260.9999999999998,13,205.0,swap,notBad
6181,13,260.9999999999998,13,205.0,move,improve
6182,13,260.9999999999998,13,205.0,move,improve
6183,13,260.9999999999998,13,205.0,2opt,notBad
6184,13,260.9999999999998,13,205.0,move,improve
6185,13,260.9999999999998,13,205.0,2opt,notBad
6186,13,258.7999999999995,13,205.0,swap,improve
6187,13,258.7999999999995,13,205.0,swap,notBad
6188,13,258.7999999999995,13,205.0,2opt,notBad
6189,13,258.7999999999995,13,205.0,2opt,improve
6190,13,258.7999999999995,13,205.0,2opt,notBad
6191,13,258.7999999999995,13,205.0,2opt,notBad
6192,13,258.7999999999995,13,205.0,move,improve
6193,13,258.7999999999995,13,205.0,swap,notBad
6194,13,258.7999999999995,13,205.0,swap,notBad
6195,13,258.7999999999995,13,205.0,swap,notBad
6196,13,258.7999999999995,13,205.0,move,improve
6197,13,258.7999999999995,13,205.0,swap,notBad
6198,13,258.7999999999995,13,205.0,swap,notBad
6199,13,258.7999999999995,13,205.0,2opt,notBad
6200,13,258.7999999999995,13,205.0,move,improve
6201,13,258.7999999999995,13,205.0,swap,notBad
6202,13,258.7999999999995,13,205.0,2opt,notBad
6203,13,258.7999999999995,13,205.0,swap,notBad
6204,13,258.7999999999995,13,205.0,2opt,notBad
6205,13,258.7999999999995,13,205.0,swap,notBad
6206,13,258.7999999999995,13,205.0,move,improve
6207,13,258.7999999999995,13,205.0,move,improve
6208,13,258.7999999999995,13,205.0,2opt,notBad
6209,13,258.7999999999995,13,205.0,swap,notBad
6210,13,258.7999999999995,13,205.0,move,improve
6211,13,258.7999999999995,13,205.0,2opt,notBad
6212,13,258.7999999999995,13,205.0,swap,notBad
6213,13,258.7999999999995,13,205.0,swap,notBad
6214,13,258.7999999999995,13,205.0,move,improve
6215,13,258.7999999999995,13,205.0,swap,notBad
6216,13,263.9999999999998,13,205.0,2opt,acceptBad
6217,13,263.9999999999998,13,205.0,swap,notBad
6218,13,263.9999999999998,13,205.0,2opt,notBad
6219,13,263.9999999999998,13,205.0,2opt,notBad
6220,13,263.9999999999998,13,205.0,2opt,notBad
6221,13,263.9999999999998,13,205.0,2opt,notBad
6222,13,263.9999999999998,13,205.0,2opt,notBad
6223,13,263.9999999999998,13,205.0,2opt,notBad
6224,13,263.9999999999998,13,205.0,2opt,notBad
6225,13,263.9999999999998,13,205.0,move,improve
6226,13,263.9999999999998,13,205.0,swap,notBad
6227,13,263.9999999999998,13,205.0,2opt,notBad
6228,13,263.9999999999998,13,205.0,move,improve
6229,13,263.9999999999998,13,205.0,move,improve
6230,13,263.9999999999998,13,205.0,move,improve
6231,13,263.9999999999998,13,205.0,swap,notBad
6232,13,264.40000000000055,13,205.0,2opt,acceptBad
6233,13,264.40000000000055,13,205.0,swap,notBad
6234,13,264.40000000000055,13,205.0,2opt,notBad
6235,13,264.40000000000055,13,205.0,2opt,notBad
6236,13,264.40000000000055,13,205.0,swap,notBad
6237,13,264.40000000000055,13,205.0,2opt,notBad
6238,13,264.40000000000055,13,205.0,2opt,notBad
6239,13,264.40000000000055,13,205.0,2opt,notBad
6240,13,264.40000000000055,13,205.0,swap,notBad
6241,13,264.40000000000055,13,205.0,swap,notBad
6242,13,264.40000000000055,13,205.0,swap,notBad
6243,13,264.40000000000055,13,205.0,2opt,notBad
6244,13,264.40000000000055,13,205.0,2opt,notBad
6245,13,264.40000000000055,13,205.0,2opt,notBad
6246,13,264.40000000000055,13,205.0,move,improve
6247,13,264.40000000000055,13,205.0,move,improve
6248,13,264.40000000000055,13,205.0,move,improve
6249,13,252.00000000000068,13,205.0,move,improve
6250,13,252.00000000000068,13,205.0,2opt,improve
6251,13,252.00000000000068,13,205.0,swap,notBad
6252,13,252.00000000000068,13,205.0,move,improve
6253,13,252.00000000000068,13,205.0,2opt,notBad
6254,13,252.00000000000068,13,205.0,swap,notBad
6255,13,252.00000000000068,13,205.0,2opt,notBad
6256,13,252.00000000000068,13,205.0,2opt,notBad
6257,13,252.00000000000068,13,205.0,move,improve
6258,13,252.00000000000068,13,205.0,2opt,notBad
6259,13,252.00000000000068,13,205.0,move,improve
6260,13,252.00000000000068,13,205.0,swap,notBad
6261,13,252.00000000000068,13,205.0,swap,notBad
6262,13,252.00000000000068,13,205.0,swap,notBad
6263,13,252.00000000000068,13,205.0,2opt,notBad
6264,13,252.00000000000068,13,205.0,2opt,notBad
6265,13,252.00000000000068,13,205.0,swap,notBad
6266,13,252.00000000000068,13,205.0,2opt,notBad
6267,13,252.00000000000068,13,205.0,move,improve
6268,13,252.00000000000068,13,205.0,swap,notBad
6269,13,252.00000000000068,13,205.0,move,improve
6270,13,252.00000000000068,13,205.0,move,improve
6271,13,252.00000000000068,13,205.0,2opt,notBad
6272,13,252.00000000000068,13,205.0,swap,notBad
6273,13,252.00000000000068,13,205.0,move,improve
6274,13,252.00000000000068,13,205.0,swap,notBad
6275,13,252.00000000000068,13,205.0,move,improve
6276,13,252.00000000000068,13,205.0,swap,notBad
6277,13,252.00000000000068,13,205.0,swap,notBad
6278,13,252.00000000000068,13,205.0,move,improve
6279,13,252.00000000000068,13,205.0,2opt,notBad
6280,13,252.00000000000068,13,205.0,move,improve
6281,13,252.00000000000068,13,205.0,2opt,notBad
6282,13,248.00000000000068,13,205.0,move,improve
6283,13,248.00000000000068,13,205.0,swap,notBad
6284,13,248.00000000000068,13,205.0,swap,notBad
6285,13,248.00000000000068,13,205.0,2opt,notBad
6286,13,248.00000000000068,13,205.0,swap,notBad
6287,13,248.00000000000068,13,205.0,2opt,notBad
6288,13,248.00000000000068,13,205.0,move,improve
6289,13,248.00000000000068,13,205.0,move,improve
6290,13,248.00000000000068,13,205.0,swap,notBad
6291,13,248.00000000000068,13,205.0,move,improve
6292,13,248.00000000000068,13,205.0,swap,notBad
6293,13,248.00000000000068,13,205.0,move,improve
6294,13,217.400000000001,13,205.0,2opt,improve
6295,13,217.400000000001,13,205.0,swap,notBad
6296,13,217.400000000001,13,205.0,2opt,notBad
6297,13,217.400000000001,13,205.0,2opt,notBad
6298,13,217.400000000001,13,205.0,2opt,notBad
6299,13,217.400000000001,13,205.0,swap,notBad
6300,13,195.800000000002,13,195.800000000002,swap,newBest
6301,13,195.800000000002,13,195.800000000002,swap,notBad
6302,13,195.800000000002,13,195.800000000002,move,improve
6303,13,195.800000000002,13,195.800000000002,move,improve
6304,13,195.800000000002,13,195.800000000002,swap,notBad
6305,13,195.800000000002,13,195.800000000002,move,improve
6306,13,195.800000000002,13,195.800000000002,move,improve
6307,13,195.800000000002,13,195.800000000002,move,improve
6308,13,195.800000000002,13,195.800000000002,swap,notBad
6309,13,195.800000000002,13,195.800000000002,2opt,notBad
6310,13,195.800000000002,13,195.800000000002,2opt,notBad
6311,13,195.800000000002,13,195.800000000002,move,improve
6312,13,195.800000000002,13,195.800000000002,2opt,improve
6313,13,195.800000000002,13,195.800000000002,move,improve
6314,13,195.800000000002,13,195.800000000002,swap,notBad
6315,13,195.800000000002,13,195.800000000002,swap,notBad
6316,13,195.800000000002,13,195.800000000002,swap,notBad
6317,13,195.800000000002,13,195.800000000002,swap,notBad
6318,13,195.800000000002,13,195.800000000002,2opt,notBad
6319,13,195.800000000002,13,195.800000000002,move,improve
6320,13,195.800000000002,13,195.800000000002,move,improve
6321,13,195.800000000002,13,195.800000000002,swap,notBad
6322,13,195.800000000002,13,195.800000000002,move,improve
6323,13,195.800000000002,13,195.800000000002,2opt,notBad
6324,13,195.800000000002,13,195.800000000002,swap,notBad
6325,13,195.800000000002,13,195.800000000002,swap,notBad
6326,13,195.800000000002,13,195.800000000002,move,improve
6327,13,195.800000000002,13,195.800000000002,move,notBad
6328,13,195.800000000002,13,195.800000000002,swap,notBad
6329,13,195.800000000002,13,195.800000000002,2opt,notBad
6330,13,195.800000000002,13,195.800000000002,swap,notBad
6331,13,195.800000000002,13,195.800000000002,swap,notBad
6332,13,195.800000000002,13,195.800000000002,swap,notBad
6333,13,195.800000000002,13,195.800000000002,swap,notBad
6334,13,195.800000000002,13,195.800000000002,2opt,notBad
6335,13,195.800000000002,13,195.800000000002,move,improve
6336,13,195.800000000002,13,195.800000000002,swap,notBad
6337,13,195.800000000002,13,195.800000000002,2opt,improve
6338,13,195.800000000002,13,195.800000000002,2opt,notBad
6339,13,195.800000000002,13,195.800000000002,swap,notBad
6340,13,195.800000000002,13,195.800000000002,swap,notBad
6341,13,195.800000000002,13,195.800000000002,move,improve
6342,13,223.6000000000015,13,195.800000000002,swap,acceptBad
6343,13,223.6000000000015,13,195.800000000002,swap,notBad
6344,13,223.6000000000015,13,195.800000000002,2opt,notBad
6345,13,223.6000000000015,13,195.800000000002,2opt,notBad
6346,13,223.6000000000015,13,195.800000000002,move,improve
6347,13,223.6000000000015,13,195.800000000002,move,improve
6348,13,223.6000000000015,13,195.800000000002,2opt,notBad
6349,13,223.6000000000015,13,195.800000000002,move,improve
6350,13,223.6000000000015,13,195.800000000002,swap,notBad
6351,13,225.40000000000146,13,195.800000000002,swap,acceptBad
6352,13,216.8000000000011,13,195.800000000002,move,improve
6353,13,232.4000000000019,13,195.800000000002,swap,acceptBad
6354,13,213.80000000000177,13,195.800000000002,swap,improve
6355,13,213.80000000000177,13,195.800000000002,2opt,notBad
6356,13,213.80000000000177,13,195.800000000002,2opt,notBad
6357,13,213.80000000000177,13,195.800000000002,swap,notBad
6358,13,213.80000000000177,13,195.800000000002,move,improve
6359,13,213.80000000000177,13,195.800000000002,2opt,improve
6360,13,213.80000000000177,13,195.800000000002,swap,notBad
6361,13,213.80000000000177,13,195.800000000002,swap,notBad
6362,13,213.80000000000177,13,195.800000000002,2opt,notBad
6363,13,213.80000000000177,13,195.800000000002,2opt,notBad
6364,13,213.80000000000177,13,195.800000000002,2opt,notBad
6365,13,213.80000000000177,13,195.800000000002,move,improve
6366,13,213.80000000000177,13,195.800000000002,move,improve
6367,13,213.80000000000177,13,195.800000000002,move,improve
6368,13,213.80000000000177,13,195.800000000002,2opt,notBad
6369,13,213.80000000000177,13,195.800000000002,2opt,notBad
6370,13,213.80000000000177,13,195.800000000002,swap,notBad
6371,13,213.80000000000177,13,195.800000000002,2opt,notBad
6372,13,213.80000000000177,13,195.800000000002,2opt,improve
6373,13,213.80000000000177,13,195.800000000002,swap,notBad
6374,13,213.80000000000177,13,195.800000000002,2opt,notBad
6375,13,213.80000000000177,13,195.800000000002,2opt,notBad
6376,13,213.80000000000177,13,195.800000000002,2opt,notBad
6377,13,213.80000000000177,13,195.800000000002,swap,notBad
6378,13,213.80000000000177,13,195.800000000002,move,improve
6379,13,213.80000000000177,13,195.800000000002,2opt,notBad
6380,13,213.80000000000177,13,195.800000000002,move,improve
6381,13,213.80000000000177,13,195.800000000002,swap,notBad
6382,13,213.80000000000177,13,195.800000000002,move,improve
6383,13,213.80000000000177,13,195.800000000002,swap,notBad
6384,13,213.80000000000177,13,195.800000000002,swap,notBad
6385,13,213.80000000000177,13,195.800000000002,swap,notBad
6386,13,213.80000000000177,13,195.800000000002,swap,notBad
6387,13,213.80000000000177,13,195.800000000002,swap,notBad
6388,13,213.80000000000177,13,195.800000000002,move,improve
6389,13,213.80000000000177,13,195.800000000002,2opt,notBad
6390,13,213.80000000000177,13,195.800000000002,swap,notBad
6391,13,213.80000000000177,13,195.800000000002,swap,notBad
6392,13,213.80000000000177,13,195.800000000002,2opt,notBad
6393,13,213.80000000000177,13,195.800000000002,swap,notBad
6394,13,198.20000000000095,13,195.800000000002,move,improve
6395,13,198.20000000000095,13,195.800000000002,swap,notBad
6396,13,198.20000000000095,13,195.800000000002,swap,notBad
6397,13,198.20000000000095,13,195.800000000002,2opt,notBad
6398,13,198.20000000000095,13,195.800000000002,2opt,notBad
6399,13,198.20000000000095,13,195.800000000002,move,improve
6400,13,198.20000000000095,13,195.800000000002,move,improve
6401,13,198.20000000000095,13,195.800000000002,swap,notBad
6402,13,198.20000000000095,13,195.800000000002,swap,notBad
6403,13,198.20000000000095,13,195.800000000002,move,improve
6404,13,193.80000000000132,13,193.80000000000132,move,newBest
6405,13,193.80000000000132,13,193.80000000000132,2opt,notBad
6406,13,193.80000000000132,13,193.80000000000132,move,improve
6407,13,193.80000000000132,13,193.80000000000132,2opt,notBad
6408,13,193.80000000000132,13,193.80000000000132,2opt,notBad
6409,13,193.80000000000132,13,193.80000000000132,move,improve
6410,13,193.80000000000132,13,193.80000000000132,2opt,notBad
6411,13,193.80000000000132,13,193.80000000000132,swap,notBad
6412,13,193.80000000000132,13,193.80000000000132,2opt,improve
6413,13,193.80000000000132,13,193.80000000000132,2opt,notBad
6414,13,193.80000000000132,13,193.80000000000132,swap,notBad
6415,13,193.80000000000132,13,193.80000000000132,swap,notBad
6416,13,193.80000000000132,13,193.80000000000132,2opt,notBad
6417,13,193.80000000000132,13,193.80000000000132,move,improve
6418,13,193.80000000000132,13,193.80000000000132,2opt,notBad
6419,13,193.80000000000132,13,193.80000000000132,swap,notBad
6420,13,193.80000000000132,13,193.80000000000132,swap,notBad
6421,13,193.80000000000132,13,193.80000000000132,swap,notBad
6422,13,193.80000000000132,13,193.80000000000132,swap,notBad
6423,13,193.80000000000132,13,193.80000000000132,swap,notBad
6424,13,193.80000000000132,13,193.80000000000132,2opt,notBad
6425,13,193.80000000000132,13,193.80000000000132,swap,notBad
6426,13,193.80000000000132,13,193.80000000000132,swap,notBad
6427,13,169.60000000000105,13,169.60000000000105,2opt,newBest
6428,13,169.60000000000105,13,169.60000000000105,move,improve
6429,13,169.60000000000105,13,169.60000000000105,2opt,notBad
6430,13,169.60000000000105,13,169.60000000000105,swap,notBad
6431,13,169.60000000000105,13,169.60000000000105,2opt,notBad
6432,13,169.60000000000105,13,169.60000000000105,2opt,improve
6433,13,169.60000000000105,13,169.60000000000105,swap,notBad
6434,13,169.60000000000105,13,169.60000000000105,2opt,improve
6435,13,169.60000000000105,13,169.60000000000105,move,improve
6436,13,169.60000000000105,13,169.60000000000105,swap,notBad
6437,13,169.60000000000105,13,169.60000000000105,2opt,notBad
6438,13,169.60000000000105,13,169.60000000000105,2opt,notBad
6439,13,169.60000000000105,13,169.60000000000105,swap,notBad
6440,13,169.60000000000105,13,169.60000000000105,2opt,notBad
6441,13,169.60000000000105,13,169.60000000000105,move,improve
6442,13,169.60000000000105,13,169.60000000000105,2opt,notBad
6443,13,169.60000000000105,13,169.60000000000105,2opt,notBad
6444,13,169.60000000000105,13,169.60000000000105,2opt,notBad
6445,13,169.60000000000105,13,169.60000000000105,swap,notBad
6446,13,169.60000000000105,13,169.60000000000105,2opt,notBad
6447,13,169.60000000000105,13,169.60000000000105,swap,notBad
6448,13,169.60000000000105,13,169.60000000000105,swap,notBad
6449,13,169.60000000000105,13,169.60000000000105,move,improve
6450,13,169.60000000000105,13,169.60000000000105,move,improve
6451,13,169.60000000000105,13,169.60000000000105,swap,notBad
6452,13,169.60000000000105,13,169.60000000000105,2opt,notBad
6453,13,169.60000000000105,13,169.60000000000105,move,improve
6454,13,169.60000000000105,13,169.60000000000105,move,improve
6455,13,169.60000000000105,13,169.60000000000105,2opt,notBad
6456,13,169.60000000000105,13,169.60000000000105,move,improve
6457,13,154.40000000000032,13,154.40000000000032,move,newBest
6458,13,154.40000000000032,13,154.40000000000032,2opt,notBad
6459,13,154.40000000000032,13,154.40000000000032,2opt,improve
6460,13,154.40000000000032,13,154.40000000000032,swap,notBad
6461,13,154.40000000000032,13,154.40000000000032,move,improve
6462,13,154.40000000000032,13,154.40000000000032,2opt,notBad
6463,13,154.40000000000032,13,154.40000000000032,move,improve
6464,13,154.40000000000032,13,154.40000000000032,move,improve
6465,13,154.40000000000032,13,154.40000000000032,swap,notBad
6466,13,154.40000000000032,13,154.40000000000032,2opt,notBad
6467,13,154.40000000000032,13,154.40000000000032,2opt,notBad
6468,13,154.40000000000032,13,154.40000000000032,move,improve
6469,13,154.40000000000032,13,154.40000000000032,swap,notBad
6470,13,154.40000000000032,13,154.40000000000032,move,improve
6471,13,154.40000000000032,13,154.40000000000032,2opt,notBad
6472,13,154.40000000000032,13,154.40000000000032,2opt,notBad
6473,13,157.39999999999964,13,154.40000000000032,swap,acceptBad
6474,13,157.39999999999964,13,154.40000000000032,2opt,notBad
6475,13,157.39999999999964,13,154.40000000000032,2opt,notBad
6476,13,157.39999999999964,13,154.40000000000032,2opt,notBad
6477,13,157.39999999999964,13,154.40000000000032,move,improve
6478,13,157.39999999999964,13,154.40000000000032,move,improve
6479,13,157.39999999999964,13,154.40000000000032,swap,notBad
6480,13,157.39999999999964,13,154.40000000000032,move,improve
6481,13,157.39999999999964,13,154.40000000000032,swap,notBad
6482,13,157.39999999999964,13,154.40000000000032,2opt,notBad
6483,13,157.39999999999964,13,154.40000000000032,swap,notBad
6484,13,157.39999999999964,13,154.40000000000032,move,improve
6485,13,157.39999999999964,13,154.40000000000032,2opt,notBad
6486,13,157.39999999999964,13,154.40000000000032,swap,notBad
6487,13,157.39999999999964,13,154.40000000000032,move,improve
6488,13,157.39999999999964,13,154.40000000000032,2opt,notBad
6489,13,157.39999999999964,13,154.40000000000032,move,improve
6490,13,157.39999999999964,13,154.40000000000032,swap,notBad
6491,13,157.39999999999964,13,154.40000000000032,2opt,notBad
6492,13,157.39999999999964,13,154.40000000000032,swap,notBad
6493,13,157.39999999999964,13,154.40000000000032,move,improve
6494,13,157.39999999999964,13,154.40000000000032,swap,notBad
6495,13,157.39999999999964,13,154.40000000000032,move,improve
6496,13,157.39999999999964,13,154.40000000000032,2opt,notBad
6497,13,157.39999999999964,13,154.40000000000032,move,improve
6498,13,157.39999999999964,13,154.40000000000032,2opt,notBad
6499,13,157.39999999999964,13,154.40000000000032,2opt,notBad
6500,13,157.39999999999964,13,154.40000000000032,swap,notBad
6501,13,157.39999999999964,13,154.40000000000032,2opt,notBad
6502,13,157.39999999999964,13,154.40000000000032,move,improve
6503,13,157.39999999999964,13,154.40000000000032,swap,notBad
6504,13,157.39999999999964,13,154.40000000000032,swap,notBad
6505,13,157.39999999999964,13,154.40000000000032,2opt,notBad
6506,13,157.39999999999964,13,154.40000000000032,move,improve
6507,13,157.39999999999964,13,154.40000000000032,2opt,notBad
6508,13,157.39999999999964,13,154.40000000000032,swap,notBad
6509,13,157.39999999999964,13,154.40000000000032,swap,notBad
6510,13,157.39999999999964,13,154.40000000000032,move,improve
6511,13,157.39999999999964,13,154.40000000000032,2opt,notBad
6512,13,157.39999999999964,13,154.40000000000032,swap,notBad
6513,13,157.39999999999964,13,154.40000000000032,2opt,notBad
6514,13,157.39999999999964,13,154.40000000000032,swap,notBad
6515,13,157.39999999999964,13,154.40000000000032,move,improve
6516,13,157.39999999999964,13,154.40000000000032,2opt,notBad
6517,13,157.39999999999964,13,154.40000000000032,move,improve
6518,13,157.39999999999964,13,154.40000000000032,move,improve
6519,13,157.39999999999964,13,154.40000000000032,swap,notBad
6520,13,157.39999999999964,13,154.40000000000032,swap,notBad
6521,13,157.39999999999964,13,154.40000000000032,swap,notBad
6522,13,157.39999999999964,13,154.40000000000032,move,improve
6523,13,157.39999999999964,13,154.40000000000032,swap,notBad
6524,13,157.39999999999964,13,154.40000000000032,2opt,notBad
6525,13,157.39999999999964,13,154.40000000000032,move,improve
6526,13,157.39999999999964,13,154.40000000000032,2opt,notBad
6527,13,157.39999999999964,13,154.40000000000032,2opt,notBad
6528,13,157.39999999999964,13,154.40000000000032,swap,notBad
6529,13,157.39999999999964,13,154.40000000000032,move,improve
6530,13,157.39999999999964,13,154.40000000000032,move,improve
6531,13,157.39999999999964,13,154.40000000000032,2opt,notBad
6532,13,157.39999999999964,13,154.40000000000032,move,improve
6533,13,157.39999999999964,13,154.40000000000032,2opt,improve
6534,13,157.39999999999964,13,154.40000000000032,move,improve
6535,13,157.39999999999964,13,154.40000000000032,2opt,notBad
6536,13,157.39999999999964,13,154.40000000000032,move,improve
6537,13,157.39999999999964,13,154.40000000000032,2opt,notBad
6538,13,157.39999999999964,13,154.40000000000032,2opt,notBad
6539,13,157.39999999999964,13,154.40000000000032,swap,notBad
6540,13,157.39999999999964,13,154.40000000000032,swap,notBad
6541,13,157.39999999999964,13,154.40000000000032,move,improve
6542,13,157.39999999999964,13,154.40000000000032,move,improve
6543,13,157.39999999999964,13,154.40000000000032,move,improve
6544,13,157.39999999999964,13,154.40000000000032,swap,notBad
6545,13,157.39999999999964,13,154.40000000000032,swap,notBad
6546,13,157.39999999999964,13,154.40000000000032,move,improve
6547,13,157.39999999999964,13,154.40000000000032,swap,notBad
6548,13,157.39999999999964,13,154.40000000000032,swap,notBad
6549,13,157.39999999999964,13,154.40000000000032,swap,notBad
6550,13,157.39999999999964,13,154.40000000000032,2opt,notBad
6551,13,157.39999999999964,13,154.40000000000032,move,improve
6552,13,157.39999999999964,13,154.40000000000032,2opt,notBad
6553,13,171.99999999999977,13,154.40000000000032,swap,acceptBad
6554,13,171.99999999999977,13,154.40000000000032,move,improve
6555,13,171.99999999999977,13,154.40000000000032,2opt,notBad
6556,13,171.99999999999977,13,154.40000000000032,2opt,notBad
6557,13,185.00000000000023,13,154.40000000000032,swap,acceptBad
6558,13,185.00000000000023,13,154.40000000000032,swap,notBad
6559,13,185.00000000000023,13,154.40000000000032,move,improve
6560,13,185.00000000000023,13,154.40000000000032,move,improve
6561,13,185.00000000000023,13,154.40000000000032,2opt,notBad
6562,13,185.00000000000023,13,154.40000000000032,2opt,notBad
6563,13,185.00000000000023,13,154.40000000000032,move,improve
6564,13,185.00000000000023,13,154.40000000000032,2opt,notBad
6565,13,185.00000000000023,13,154.40000000000032,swap,notBad
6566,13,185.00000000000023,13,154.40000000000032,swap,notBad
6567,13,185.00000000000023,13,154.40000000000032,move,improve
6568,13,185.00000000000023,13,154.40000000000032,move,improve
6569,13,185.00000000000023,13,154.40000000000032,swap,notBad
6570,13,185.00000000000023,13,154.40000000000032,swap,notBad
6571,13,185.00000000000023,13,154.40000000000032,move,improve
6572,13,179.20000000000027,13,154.40000000000032,swap,improve
6573,13,179.20000000000027,13,154.40000000000032,2opt,improve
6574,13,179.20000000000027,13,154.40000000000032,move,improve
6575,13,179.20000000000027,13,154.40000000000032,2opt,notBad
6576,13,179.20000000000027,13,154.40000000000032,move,improve
6577,13,179.20000000000027,13,154.40000000000032,2opt,notBad
6578,13,179.20000000000027,13,154.40000000000032,2opt,notBad
6579,13,179.20000000000027,13,154.40000000000032,move,improve
6580,13,179.20000000000027,13,154.40000000000032,move,improve
6581,13,179.20000000000027,13,154.40000000000032,swap,notBad
6582,13,179.20000000000027,13,154.40000000000032,move,improve
6583,13,179.20000000000027,13,154.40000000000032,swap,notBad
6584,13,179.20000000000027,13,154.40000000000032,move,improve
6585,13,179.20000000000027,13,154.40000000000032,2opt,notBad
6586,13,179.20000000000027,13,154.40000000000032,move,improve
6587,13,179.20000000000027,13,154.40000000000032,move,improve
6588,13,179.20000000000027,13,154.40000000000032,2opt,notBad
6589,13,179.20000000000027,13,154.40000000000032,move,improve
6590,13,179.20000000000027,13,154.40000000000032,2opt,notBad
6591,13,179.20000000000027,13,154.40000000000032,2opt,notBad
6592,13,179.20000000000027,13,154.40000000000032,2opt,notBad
6593,13,179.20000000000027,13,154.40000000000032,move,improve
6594,13,179.20000000000027,13,154.40000000000032,swap,notBad
6595,13,179.20000000000027,13,154.40000000000032,move,improve
6596,13,179.20000000000027,13,154.40000000000032,swap,notBad
6597,13,179.20000000000027,13,154.40000000000032,swap,notBad
6598,13,179.20000000000027,13,154.40000000000032,swap,notBad
6599,13,179.20000000000027,13,154.40000000000032,swap,notBad
6600,13,179.20000000000027,13,154.40000000000032,2opt,notBad
6601,13,179.20000000000027,13,154.40000000000032,move,improve
6602,13,179.20000000000027,13,154.40000000000032,swap,notBad
6603,13,179.20000000000027,13,154.40000000000032,2opt,notBad
6604,13,179.20000000000027,13,154.40000000000032,move,improve
6605,13,179.20000000000027,13,154.40000000000032,swap,notBad
6606,13,179.20000000000027,13,154.40000000000032,2opt,notBad
6607,13,179.20000000000027,13,154.40000000000032,swap,notBad
6608,13,179.20000000000027,13,154.40000000000032,move,improve
6609,13,179.20000000000027,13,154.40000000000032,2opt,notBad
6610,13,179.20000000000027,13,154.40000000000032,swap,notBad
6611,13,179.20000000000027,13,154.40000000000032,swap,notBad
6612,13,179.20000000000027,13,154.40000000000032,swap,notBad
6613,13,179.20000000000027,13,154.40000000000032,swap,notBad
6614,13,179.20000000000027,13,154.40000000000032,2opt,notBad
6615,13,179.20000000000027,13,154.40000000000032,move,improve
6616,13,179.20000000000027,13,154.40000000000032,2opt,notBad
6617,13,194.79999999999905,13,154.40000000000032,swap,acceptBad
6618,13,194.79999999999905,13,154.40000000000032,2opt,notBad
6619,13,194.79999999999905,13,154.40000000000032,move,improve
6620,13,194.79999999999905,13,154.40000000000032,swap,notBad
6621,13,194.79999999999905,13,154.40000000000032,swap,notBad
6622,13,194.79999999999905,13,154.40000000000032,2opt,improve
6623,13,194.79999999999905,13,154.40000000000032,swap,notBad
6624,13,194.79999999999905,13,154.40000000000032,swap,notBad
6625,13,194.79999999999905,13,154.40000000000032,2opt,notBad
6626,13,194.79999999999905,13,154.40000000000032,2opt,notBad
6627,13,194.79999999999905,13,154.40000000000032,swap,notBad
6628,13,194.79999999999905,13,154.40000000000032,2opt,notBad
6629,13,176.99999999999886,13,154.40000000000032,move,improve
6630,13,176.99999999999886,13,154.40000000000032,move,improve
6631,13,176.99999999999886,13,154.40000000000032,swap,notBad
6632,13,176.99999999999886,13,154.40000000000032,move,improve
6633,13,176.99999999999886,13,154.40000000000032,2opt,notBad
6634,13,176.99999999999886,13,154.40000000000032,swap,notBad
6635,13,176.99999999999886,13,154.40000000000032,swap,notBad
6636,13,176.99999999999886,13,154.40000000000032,2opt,notBad
6637,13,176.99999999999886,13,154.40000000000032,swap,notBad
6638,13,176.99999999999886,13,154.40000000000032,move,improve
6639,13,138.79999999999973,13,138.79999999999973,swap,newBest
6640,13,138.79999999999973,13,138.79999999999973,move,improve
6641,13,138.79999999999973,13,138.79999999999973,move,improve
6642,13,138.79999999999973,13,138.79999999999973,swap,notBad
6643,13,138.79999999999973,13,138.79999999999973,2opt,notBad
6644,13,138.79999999999973,13,138.79999999999973,swap,notBad
6645,13,138.79999999999973,13,138.79999999999973,move,improve
6646,13,138.79999999999973,13,138.79999999999973,swap,notBad
6647,13,138.79999999999973,13,138.79999999999973,2opt,notBad
6648,13,138.79999999999973,13,138.79999999999973,swap,notBad
6649,13,138.79999999999973,13,138.79999999999973,move,improve
6650,13,138.79999999999973,13,138.79999999999973,2opt,notBad
6651,13,138.79999999999973,13,138.79999999999973,2opt,notBad
6652,13,138.79999999999973,13,138.79999999999973,swap,notBad
6653,13,138.79999999999973,13,138.79999999999973,move,improve
6654,13,138.79999999999973,13,138.79999999999973,move,improve
6655,13,138.79999999999973,13,138.79999999999973,move,improve
6656,13,138.79999999999973,13,138.79999999999973,2opt,notBad
6657,13,138.79999999999973,13,138.79999999999973,move,improve
6658,13,138.79999999999973,13,138.79999999999973,move,improve
6659,13,138.79999999999973,13,138.79999999999973,move,improve
6660,13,138.79999999999973,13,138.79999999999973,swap,notBad
6661,13,138.79999999999973,13,138.79999999999973,2opt,notBad
6662,13,138.79999999999973,13,138.79999999999973,move,improve
6663,13,138.79999999999973,13,138.79999999999973,move,improve
6664,13,138.79999999999973,13,138.79999999999973,2opt,notBad
6665,13,138.79999999999973,13,138.79999999999973,move,improve
6666,13,138.79999999999973,13,138.79999999999973,swap,notBad
6667,13,138.79999999999973,13,138.79999999999973,move,improve
6668,13,138.79999999999973,13,138.79999999999973,2opt,notBad
6669,13,138.79999999999973,13,138.79999999999973,move,improve
6670,13,138.79999999999973,13,138.79999999999973,swap,notBad
6671,13,138.79999999999973,13,138.79999999999973,swap,notBad
6672,13,138.79999999999973,13,138.79999999999973,2opt,improve
6673,13,138.79999999999973,13,138.79999999999973,move,improve
6674,13,138.79999999999973,13,138.79999999999973,move,improve
6675,13,138.79999999999973,13,138.79999999999973,move,improve
6676,13,138.79999999999973,13,138.79999999999973,2opt,notBad
6677,13,138.79999999999973,13,138.79999999999973,2opt,notBad
6678,13,138.79999999999973,13,138.79999999999973,swap,notBad
6679,13,138.79999999999973,13,138.79999999999973,move,improve
6680,13,138.79999999999973,13,138.79999999999973,2opt,notBad
6681,13,138.79999999999973,13,138.79999999999973,move,improve
6682,13,138.79999999999973,13,138.79999999999973,move,improve
6683,13,138.79999999999973,13,138.79999999999973,2opt,notBad
6684,13,138.79999999999973,13,138.79999999999973,2opt,notBad
6685,13,138.79999999999973,13,138.79999999999973,move,improve
6686,13,138.79999999999973,13,138.79999999999973,move,improve
6687,13,138.79999999999973,13,138.79999999999973,2opt,notBad
6688,13,138.79999999999973,13,138.79999999999973,2opt,notBad
6689,13,138.79999999999973,13,138.79999999999973,swap,notBad
6690,13,138.79999999999973,13,138.79999999999973,2opt,notBad
6691,13,138.79999999999973,13,138.79999999999973,move,improve
6692,13,138.79999999999973,13,138.79999999999973,move,improve
6693,13,138.79999999999973,13,138.79999999999973,swap,notBad
6694,13,138.79999999999973,13,138.79999999999973,move,improve
6695,13,138.79999999999973,13,138.79999999999973,swap,notBad
6696,13,138.79999999999973,13,138.79999999999973,move,improve
6697,13,138.79999999999973,13,138.79999999999973,2opt,notBad
6698,13,138.79999999999973,13,138.79999999999973,2opt,notBad
6699,13,138.79999999999973,13,138.79999999999973,move,improve
6700,13,138.79999999999973,13,138.79999999999973,move,improve
6701,13,138.79999999999973,13,138.79999999999973,move,improve
6702,13,138.79999999999973,13,138.79999999999973,2opt,notBad
6703,13,138.79999999999973,13,138.79999999999973,swap,notBad
6704,13,138.79999999999973,13,138.79999999999973,move,improve
6705,13,138.79999999999973,13,138.79999999999973,2opt,notBad
6706,13,138.79999999999973,13,138.79999999999973,swap,notBad
6707,13,138.79999999999973,13,138.79999999999973,swap,notBad
6708,13,138.79999999999973,13,138.79999999999973,swap,notBad
6709,13,138.79999999999973,13,138.79999999999973,swap,notBad
6710,13,138.79999999999973,13,138.79999999999973,2opt,notBad
6711,13,138.79999999999973,13,138.79999999999973,move,improve
6712,13,138.79999999999973,13,138.79999999999973,swap,notBad
6713,13,138.79999999999973,13,138.79999999999973,swap,notBad
6714,13,138.79999999999973,13,138.79999999999973,2opt,improve
6715,13,138.79999999999973,13,138.79999999999973,swap,notBad
6716,13,138.79999999999973,13,138.79999999999973,2opt,notBad
6717,13,138.79999999999973,13,138.79999999999973,swap,notBad
6718,13,138.79999999999973,13,138.79999999999973,move,improve
6719,13,138.79999999999973,13,138.79999999999973,swap,notBad
6720,13,138.79999999999973,13,138.79999999999973,move,improve
6721,13,138.79999999999973,13,138.79999999999973,2opt,notBad
6722,13,138.79999999999973,13,138.79999999999973,2opt,notBad
6723,13,138.79999999999973,13,138.79999999999973,swap,notBad
6724,13,138.79999999999973,13,138.79999999999973,2opt,notBad
6725,13,138.79999999999973,13,138.79999999999973,2opt,notBad
6726,13,138.79999999999973,13,138.79999999999973,swap,notBad
6727,13,138.79999999999973,13,138.79999999999973,swap,notBad
6728,13,138.79999999999973,13,138.79999999999973,move,improve
6729,13,138.79999999999973,13,138.79999999999973,move,improve
6730,13,138.79999999999973,13,138.79999999999973,move,improve
6731,13,138.79999999999973,13,138.79999999999973,2opt,notBad
6732,13,138.79999999999973,13,138.79999999999973,move,notBad
6733,13,138.79999999999973,13,138.79999999999973,move,improve
6734,13,138.79999999999973,13,138.79999999999973,swap,notBad
6735,13,138.79999999999973,13,138.79999999999973,move,improve
6736,13,138.79999999999973,13,138.79999999999973,swap,notBad
6737,13,138.79999999999973,13,138.79999999999973,move,improve
6738,13,138.79999999999973,13,138.79999999999973,2opt,notBad
6739,13,138.79999999999973,13,138.79999999999973,swap,notBad
6740,13,138.79999999999973,13,138.79999999999973,2opt,improve
6741,13,138.79999999999973,13,138.79999999999973,swap,notBad
6742,13,138.79999999999973,13,138.79999999999973,move,improve
6743,13,138.79999999999973,13,138.79999999999973,swap,notBad
6744,13,138.79999999999973,13,138.79999999999973,2opt,notBad
6745,13,158.3999999999994,13,138.79999999999973,swap,acceptBad
6746,13,158.3999999999994,13,138.79999999999973,2opt,notBad
6747,13,158.3999999999994,13,138.79999999999973,swap,notBad
6748,13,158.3999999999994,13,138.79999999999973,swap,notBad
6749,13,158.3999999999994,13,138.79999999999973,swap,notBad
6750,13,158.3999999999994,13,138.79999999999973,move,improve
6751,13,158.3999999999994,13,138.79999999999973,move,improve
6752,13,158.3999999999994,13,138.79999999999973,swap,notBad
6753,13,158.3999999999994,13,138.79999999999973,move,improve
6754,13,158.3999999999994,13,138.79999999999973,move,improve
6755,13,158.3999999999994,13,138.79999999999973,move,improve
6756,13,158.3999999999994,13,138.79999999999973,move,improve
6757,13,158.3999999999994,13,138.79999999999973,move,improve
6758,13,150.99999999999977,13,138.79999999999973,2opt,improve
6759,13,150.99999999999977,13,138.79999999999973,move,improve
6760,13,150.99999999999977,13,138.79999999999973,swap,notBad
6761,13,150.99999999999977,13,138.79999999999973,2opt,notBad
6762,13,150.99999999999977,13,138.79999999999973,2opt,notBad
6763,13,150.99999999999977,13,138.79999999999973,move,improve
6764,13,150.99999999999977,13,138.79999999999973,2opt,notBad
6765,13,150.99999999999977,13,138.79999999999973,move,improve
6766,13,150.99999999999977,13,138.79999999999973,swap,notBad
6767,13,150.99999999999977,13,138.79999999999973,move,improve
6768,13,150.99999999999977,13,138.79999999999973,2opt,notBad
6769,13,150.99999999999977,13,138.79999999999973,move,improve
6770,13,150.99999999999977,13,138.79999999999973,swap,notBad
6771,13,150.99999999999977,13,138.79999999999973,2opt,notBad
6772,13,150.99999999999977,13,138.79999999999973,2opt,improve
6773,13,150.99999999999977,13,138.79999999999973,swap,notBad
6774,13,150.99999999999977,13,138.79999999999973,swap,notBad
6775,13,150.99999999999977,13,138.79999999999973,2opt,notBad
6776,13,150.99999999999977,13,138.79999999999973,swap,notBad
6777,13,150.99999999999977,13,138.79999999999973,2opt,notBad
6778,13,150.99999999999977,13,138.79999999999973,move,improve
6779,13,150.99999999999977,13,138.79999999999973,2opt,notBad
6780,13,172.0,13,138.79999999999973,swap,acceptBad
6781,13,172.0,13,138.79999999999973,2opt,notBad
6782,13,172.0,13,138.79999999999973,move,improve
6783,13,172.0,13,138.79999999999973,swap,notBad
6784,13,172.0,13,138.79999999999973,swap,notBad
6785,13,172.0,13,138.79999999999973,move,improve
6786,13,172.0,13,138.79999999999973,move,improve
6787,13,172.0,13,138.79999999999973,2opt,notBad
6788,13,172.0,13,138.79999999999973,swap,notBad
6789,13,172.0,13,138.79999999999973,move,improve
6790,13,172.0,13,138.79999999999973,2opt,notBad
6791,13,172.0,13,138.79999999999973,move,improve
6792,13,172.0,13,138.79999999999973,2opt,notBad
6793,13,172.0,13,138.79999999999973,move,improve
6794,13,172.0,13,138.79999999999973,2opt,notBad
6795,13,172.0,13,138.79999999999973,swap,notBad
6796,13,172.0,13,138.79999999999973,move,improve
6797,13,172.0,13,138.79999999999973,move,improve
6798,13,172.0,13,138.79999999999973,2opt,notBad
6799,13,172.0,13,138.79999999999973,move,improve
6800,13,172.0,13,138.79999999999973,move,improve
6801,13,172.0,13,138.79999999999973,2opt,notBad
6802,13,172.0,13,138.79999999999973,swap,notBad
6803,13,172.0,13,138.79999999999973,swap,notBad
6804,13,172.0,13,138.79999999999973,move,improve
6805,13,172.0,13,138.79999999999973,2opt,notBad
6806,13,172.0,13,138.79999999999973,move,improve
6807,13,172.0,13,138.79999999999973,2opt,notBad
6808,13,154.99999999999955,13,138.79999999999973,move,improve
6809,13,154.99999999999955,13,138.79999999999973,move,improve
6810,13,154.99999999999955,13,138.79999999999973,2opt,notBad
6811,13,154.99999999999955,13,138.79999999999973,2opt,notBad
6812,13,154.99999999999955,13,138.79999999999973,swap,notBad
6813,13,154.99999999999955,13,138.79999999999973,swap,notBad
6814,13,154.99999999999955,13,138.79999999999973,move,improve
6815,13,154.99999999999955,13,138.79999999999973,swap,notBad
6816,13,154.99999999999955,13,138.79999999999973,2opt,improve
6817,13,154.99999999999955,13,138.79999999999973,move,improve
6818,13,154.99999999999955,13,138.79999999999973,2opt,notBad
6819,13,154.99999999999955,13,138.79999999999973,move,improve
6820,13,154.99999999999955,13,138.79999999999973,2opt,notBad
6821,13,153.20000000000005,13,138.79999999999973,move,improve
6822,13,153.20000000000005,13,138.79999999999973,move,improve
6823,13,153.20000000000005,13,138.79999999999973,swap,notBad
6824,13,153.20000000000005,13,138.79999999999973,move,improve
6825,13,153.20000000000005,13,138.79999999999973,2opt,notBad
6826,13,153.20000000000005,13,138.79999999999973,2opt,notBad
6827,13,153.20000000000005,13,138.79999999999973,2opt,improve
6828,13,152.79999999999995,13,138.79999999999973,move,improve
6829,13,152.79999999999995,13,138.79999999999973,move,improve
6830,13,152.79999999999995,13,138.79999999999973,move,improve
6831,13,152.79999999999995,13,138.79999999999973,move,improve
6832,13,152.79999999999995,13,138.79999999999973,move,improve
6833,13,152.79999999999995,13,138.79999999999973,2opt,notBad
6834,13,152.79999999999995,13,138.79999999999973,2opt,notBad
6835,13,152.79999999999995,13,138.79999999999973,2opt,notBad
6836,13,152.79999999999995,13,138.79999999999973,2opt,notBad
6837,13,152.79999999999995,13,138.79999999999973,2opt,notBad
6838,13,152.79999999999995,13,138.79999999999973,2opt,notBad
6839,13,152.79999999999995,13,138.79999999999973,swap,notBad
6840,13,152.79999999999995,13,138.79999999999973,2opt,notBad
6841,13,152.79999999999995,13,138.79999999999973,2opt,notBad
6842,13,152.79999999999995,13,138.79999999999973,move,improve
6843,13,152.79999999999995,13,138.79999999999973,2opt,notBad
6844,13,152.79999999999995,13,138.79999999999973,move,improve
6845,13,152.79999999999995,13,138.79999999999973,move,improve
6846,13,152.79999999999995,13,138.79999999999973,move,improve
6847,13,152.79999999999995,13,138.79999999999973,2opt,notBad
6848,13,152.79999999999995,13,138.79999999999973,2opt,notBad
6849,13,152.79999999999995,13,138.79999999999973,swap,notBad
6850,13,152.79999999999995,13,138.79999999999973,swap,notBad
6851,13,152.79999999999995,13,138.79999999999973,2opt,notBad
6852,13,152.79999999999995,13,138.79999999999973,2opt,notBad
6853,13,152.79999999999995,13,138.79999999999973,2opt,notBad
6854,13,152.79999999999995,13,138.79999999999973,move,improve
6855,13,152.79999999999995,13,138.79999999999973,2opt,notBad
6856,13,152.79999999999995,13,138.79999999999973,swap,notBad
6857,13,152.79999999999995,13,138.79999999999973,move,improve
6858,13,152.79999999999995,13,138.79999999999973,2opt,notBad
6859,13,152.79999999999995,13,138.79999999999973,2opt,improve
6860,13,152.79999999999995,13,138.79999999999973,2opt,notBad
6861,13,152.79999999999995,13,138.79999999999973,move,improve
6862,13,133.39999999999964,13,133.39999999999964,move,newBest
6863,13,133.39999999999964,13,133.39999999999964,move,improve
6864,13,133.39999999999964,13,133.39999999999964,swap,notBad
6865,13,133.39999999999964,13,133.39999999999964,2opt,notBad
6866,13,133.39999999999964,13,133.39999999999964,swap,notBad
6867,13,133.39999999999964,13,133.39999999999964,move,improve
6868,13,133.39999999999964,13,133.39999999999964,swap,notBad
6869,13,133.39999999999964,13,133.39999999999964,2opt,notBad
6870,13,133.39999999999964,13,133.39999999999964,move,improve
6871,13,133.39999999999964,13,133.39999999999964,move,improve
6872,13,133.39999999999964,13,133.39999999999964,move,improve
6873,13,133.39999999999964,13,133.39999999999964,move,improve
6874,13,133.39999999999964,13,133.39999999999964,2opt,notBad
6875,13,133.39999999999964,13,133.39999999999964,2opt,notBad
6876,13,133.39999999999964,13,133.39999999999964,move,improve
6877,13,133.39999999999964,13,133.39999999999964,swap,notBad
6878,13,133.39999999999964,13,133.39999999999964,move,improve
6879,13,133.39999999999964,13,133.39999999999964,move,improve
6880,13,133.39999999999964,13,133.39999999999964,move,improve
6881,13,133.39999999999964,13,133.39999999999964,move,improve
6882,13,133.39999999999964,13,133.39999999999964,2opt,notBad
6883,13,133.39999999999964,13,133.39999999999964,move,improve
6884,13,133.39999999999964,13,133.39999999999964,swap,notBad
6885,13,133.39999999999964,13,133.39999999999964,2opt,notBad
6886,13,133.39999999999964,13,133.39999999999964,swap,notBad
6887,13,133.39999999999964,13,133.39999999999964,2opt,notBad
6888,13,133.39999999999964,13,133.39999999999964,move,improve
6889,13,133.39999999999964,13,133.39999999999964,swap,notBad
6890,13,133.39999999999964,13,133.39999999999964,swap,notBad
6891,13,133.39999999999964,13,133.39999999999964,move,improve
6892,13,133.39999999999964,13,133.39999999999964,swap,notBad
6893,13,133.39999999999964,13,133.39999999999964,move,improve
6894,13,133.39999999999964,13,133.39999999999964,2opt,improve
6895,13,136.0,13,133.39999999999964,swap,acceptBad
6896,13,136.0,13,133.39999999999964,2opt,notBad
6897,13,136.0,13,133.39999999999964,move,improve
6898,13,136.0,13,133.39999999999964,swap,improve
6899,13,136.0,13,133.39999999999964,move,improve
6900,13,136.0,13,133.39999999999964,swap,notBad
6901,13,136.0,13,133.39999999999964,2opt,notBad
6902,13,136.0,13,133.39999999999964,move,improve
6903,13,136.0,13,133.39999999999964,move,improve
6904,13,136.0,13,133.39999999999964,move,improve
6905,13,136.0,13,133.39999999999964,move,improve
6906,13,136.0,13,133.39999999999964,2opt,notBad
6907,13,136.0,13,133.39999999999964,swap,notBad
6908,13,136.0,13,133.39999999999964,move,improve
6909,13,136.0,13,133.39999999999964,2opt,notBad
6910,13,136.0,13,133.39999999999964,2opt,notBad
6911,13,136.0,13,133.39999999999964,swap,notBad
6912,13,136.0,13,133.39999999999964,2opt,notBad
6913,13,136.0,13,133.39999999999964,2opt,notBad
6914,13,136.0,13,133.39999999999964,move,improve
6915,13,136.0,13,133.39999999999964,2opt,notBad
6916,13,136.0,13,133.39999999999964,2opt,notBad
6917,13,136.0,13,133.39999999999964,move,improve
6918,13,136.0,13,133.39999999999964,2opt,improve
6919,13,136.0,13,133.39999999999964,swap,notBad
6920,13,136.0,13,133.39999999999964,swap,notBad
6921,13,136.0,13,133.39999999999964,move,improve
6922,13,136.0,13,133.39999999999964,swap,notBad
6923,13,136.0,13,133.39999999999964,swap,notBad
6924,13,136.0,13,133.39999999999964,swap,notBad
6925,13,136.0,13,133.39999999999964,move,improve
6926,13,136.0,13,133.39999999999964,2opt,notBad
6927,13,136.0,13,133.39999999999964,move,improve
6928,13,136.0,13,133.39999999999964,swap,notBad
6929,13,136.0,13,133.39999999999964,move,improve
6930,13,136.0,13,133.39999999999964,swap,notBad
6931,13,136.0,13,133.39999999999964,swap,notBad
6932,13,136.0,13,133.39999999999964,move,improve
6933,13,136.0,13,133.39999999999964,move,improve
6934,13,136.0,13,133.39999999999964,swap,notBad
6935,13,136.0,13,133.39999999999964,move,improve
6936,13,136.0,13,133.39999999999964,swap,notBad
6937,13,136.0,13,133.39999999999964,2opt,notBad
6938,13,136.0,13,133.39999999999964,2opt,notBad
6939,13,136.0,13,133.39999999999964,swap,notBad
6940,13,136.0,13,133.39999999999964,2opt,notBad
6941,13,136.0,13,133.39999999999964,move,improve
6942,13,136.0,13,133.39999999999964,swap,notBad
6943,13,136.0,13,133.39999999999964,move,improve
6944,13,136.0,13,133.39999999999964,swap,notBad
6945,13,136.0,13,133.39999999999964,move,improve
6946,13,136.0,13,133.39999999999964,move,improve
6947,13,136.0,13,133.39999999999964,move,improve
6948,13,136.0,13,133.39999999999964,move,improve
6949,13,136.0,13,133.39999999999964,move,improve
6950,13,136.0,13,133.39999999999964,2opt,notBad
6951,13,136.0,13,133.39999999999964,swap,notBad
6952,13,136.0,13,133.39999999999964,swap,notBad
6953,13,136.0,13,133.39999999999964,move,improve
6954,13,136.0,13,133.39999999999964,swap,notBad
6955,13,136.0,13,133.39999999999964,swap,notBad
6956,13,136.0,13,133.39999999999964,swap,notBad
6957,13,136.0,13,133.39999999999964,move,improve
6958,13,136.0,13,133.39999999999964,swap,notBad
6959,13,136.0,13,133.39999999999964,2opt,notBad
6960,13,136.0,13,133.39999999999964,move,improve
6961,13,136.0,13,133.39999999999964,swap,notBad
6962,13,141.60000000000014,13,133.39999999999964,swap,acceptBad
6963,13,141.60000000000014,13,133.39999999999964,2opt,notBad
6964,13,141.60000000000014,13,133.39999999999964,2opt,notBad
6965,13,141.60000000000014,13,133.39999999999964,2opt,notBad
6966,13,141.60000000000014,13,133.39999999999964,move,improve
6967,13,141.60000000000014,13,133.39999999999964,move,improve
6968,13,141.60000000000014,13,133.39999999999964,swap,notBad
6969,13,141.60000000000014,13,133.39999999999964,2opt,notBad
6970,13,141.60000000000014,13,133.39999999999964,move,improve
6971,13,141.60000000000014,13,133.39999999999964,2opt,notBad
6972,13,141.60000000000014,13,133.39999999999964,move,improve
6973,13,141.60000000000014,13,133.39999999999964,2opt,notBad
6974,13,141.60000000000014,13,133.39999999999964,swap,notBad
6975,13,141.60000000000014,13,133.39999999999964,move,improve
6976,13,141.60000000000014,13,133.39999999999964,swap,notBad
6977,13,141.60000000000014,13,133.39999999999964,2opt,notBad
6978,13,141.60000000000014,13,133.39999999999964,move,improve
6979,13,141.60000000000014,13,133.39999999999964,2opt,notBad
6980,13,141.60000000000014,13,133.39999999999964,2opt,improve
6981,13,141.60000000000014,13,133.39999999999964,2opt,improve
6982,13,141.60000000000014,13,133.39999999999964,swap,notBad
6983,13,141.60000000000014,13,133.39999999999964,2opt,notBad
6984,13,141.60000000000014,13,133.39999999999964,move,improve
6985,13,141.60000000000014,13,133.39999999999964,2opt,notBad
6986,13,141.60000000000014,13,133.39999999999964,2opt,notBad
6987,13,141.60000000000014,13,133.39999999999964,2opt,notBad
6988,13,141.60000000000014,13,133.39999999999964,move,improve
6989,13,141.60000000000014,13,133.39999999999964,swap,notBad
6990,13,141.60000000000014,13,133.39999999999964,swap,notBad
6991,13,141.60000000000014,13,133.39999999999964,2opt,notBad
6992,13,141.60000000000014,13,133.39999999999964,2opt,notBad
6993,13,141.60000000000014,13,133.39999999999964,2opt,notBad
6994,13,141.60000000000014,13,133.39999999999964,2opt,improve
6995,13,141.60000000000014,13,133.39999999999964,swap,notBad
6996,13,141.60000000000014,13,133.39999999999964,move,improve
6997,13,141.60000000000014,13,133.39999999999964,swap,notBad
6998,13,141.60000000000014,13,133.39999999999964,swap,notBad
6999,13,141.60000000000014,13,133.39999999999964,move,improve
7000,13,141.60000000000014,13,133.39999999999964,swap,notBad
7001,13,141.60000000000014,13,133.39999999999964,2opt,notBad
7002,13,141.60000000000014,13,133.39999999999964,2opt,notBad
7003,13,141.60000000000014,13,133.39999999999964,2opt,notBad
7004,13,141.60000000000014,13,133.39999999999964,2opt,notBad
7005,13,141.60000000000014,13,133.39999999999964,2opt,notBad
7006,13,141.60000000000014,13,133.39999999999964,2opt,notBad
7007,13,141.60000000000014,13,133.39999999999964,2opt,notBad
7008,13,141.60000000000014,13,133.39999999999964,2opt,improve
7009,13,141.60000000000014,13,133.39999999999964,move,improve
7010,13,141.60000000000014,13,133.39999999999964,2opt,notBad
7011,13,141.60000000000014,13,133.39999999999964,move,improve
7012,13,141.60000000000014,13,133.39999999999964,2opt,notBad
7013,13,141.60000000000014,13,133.39999999999964,swap,notBad
7014,13,141.60000000000014,13,133.39999999999964,swap,notBad
7015,13,141.60000000000014,13,133.39999999999964,move,improve
7016,13,141.60000000000014,13,133.39999999999964,move,improve
7017,13,141.60000000000014,13,133.39999999999964,move,improve
7018,13,141.60000000000014,13,133.39999999999964,swap,notBad
7019,13,141.60000000000014,13,133.39999999999964,swap,notBad
7020,13,141.60000000000014,13,133.39999999999964,swap,notBad
7021,13,141.60000000000014,13,133.39999999999964,2opt,notBad
7022,13,141.60000000000014,13,133.39999999999964,move,improve
7023,13,141.60000000000014,13,133.39999999999964,swap,notBad
7024,13,141.60000000000014,13,133.39999999999964,swap,notBad
7025,13,141.60000000000014,13,133.39999999999964,move,improve
7026,13,141.60000000000014,13,133.39999999999964,move,improve
7027,13,141.60000000000014,13,133.39999999999964,move,improve
7028,13,141.60000000000014,13,133.39999999999964,move,improve
7029,13,141.60000000000014,13,133.39999999999964,move,improve
7030,13,141.60000000000014,13,133.39999999999964,swap,notBad
7031,13,141.60000000000014,13,133.39999999999964,2opt,notBad
7032,13,141.60000000000014,13,133.39999999999964,2opt,notBad
7033,13,141.60000000000014,13,133.39999999999964,move,improve
7034,13,141.60000000000014,13,133.39999999999964,swap,notBad
7035,13,141.60000000000014,13,133.39999999999964,swap,notBad
7036,13,141.60000000000014,13,133.39999999999964,2opt,improve
7037,13,141.60000000000014,13,133.39999999999964,2opt,notBad
7038,13,141.60000000000014,13,133.39999999999964,swap,notBad
7039,13,141.60000000000014,13,133.39999999999964,swap,notBad
7040,13,141.60000000000014,13,133.39999999999964,swap,notBad
7041,13,141.60000000000014,13,133.39999999999964,move,improve
7042,13,141.60000000000014,13,133.39999999999964,swap,notBad
7043,13,141.60000000000014,13,133.39999999999964,move,improve
7044,13,141.60000000000014,13,133.39999999999964,swap,notBad
7045,13,141.60000000000014,13,133.39999999999964,2opt,notBad
7046,13,141.60000000000014,13,133.39999999999964,2opt,notBad
7047,13,141.60000000000014,13,133.39999999999964,move,notBad
7048,13,141.60000000000014,13,133.39999999999964,move,improve
7049,13,141.60000000000014,13,133.39999999999964,swap,notBad
7050,13,141.60000000000014,13,133.39999999999964,move,improve
7051,13,141.60000000000014,13,133.39999999999964,swap,notBad
7052,13,141.60000000000014,13,133.39999999999964,swap,notBad
7053,13,141.60000000000014,13,133.39999999999964,move,improve
7054,13,141.60000000000014,13,133.39999999999964,2opt,notBad
7055,13,141.60000000000014,13,133.39999999999964,2opt,notBad
7056,13,141.60000000000014,13,133.39999999999964,swap,notBad
7057,13,141.60000000000014,13,133.39999999999964,move,improve
7058,13,141.60000000000014,13,133.39999999999964,2opt,notBad
7059,13,141.60000000000014,13,133.39999999999964,2opt,notBad
7060,13,141.60000000000014,13,133.39999999999964,swap,notBad
7061,13,141.60000000000014,13,133.39999999999964,move,improve
7062,13,141.60000000000014,13,133.39999999999964,swap,notBad
7063,13,141.60000000000014,13,133.39999999999964,2opt,notBad
7064,13,141.60000000000014,13,133.39999999999964,2opt,notBad
7065,13,141.60000000000014,13,133.39999999999964,2opt,improve
7066,13,141.60000000000014,13,133.39999999999964,move,improve
7067,13,141.60000000000014,13,133.39999999999964,swap,notBad
7068,13,141.60000000000014,13,133.39999999999964,swap,notBad
7069,13,141.60000000000014,13,133.39999999999964,2opt,notBad
7070,13,141.60000000000014,13,133.39999999999964,2opt,notBad
7071,13,141.60000000000014,13,133.39999999999964,2opt,notBad
7072,13,141.60000000000014,13,133.39999999999964,2opt,notBad
7073,13,141.60000000000014,13,133.39999999999964,swap,notBad
7074,13,141.60000000000014,13,133.39999999999964,swap,notBad
7075,13,141.60000000000014,13,133.39999999999964,swap,notBad
7076,13,141.60000000000014,13,133.39999999999964,2opt,notBad
7077,13,141.60000000000014,13,133.39999999999964,move,improve
7078,13,123.00000000000068,13,123.00000000000068,swap,newBest
7079,13,123.00000000000068,13,123.00000000000068,swap,notBad
7080,13,123.00000000000068,13,123.00000000000068,2opt,notBad
7081,13,123.00000000000068,13,123.00000000000068,move,improve
7082,13,123.00000000000068,13,123.00000000000068,swap,notBad
7083,13,123.00000000000068,13,123.00000000000068,swap,notBad
7084,13,123.00000000000068,13,123.00000000000068,move,improve
7085,13,123.00000000000068,13,123.00000000000068,move,improve
7086,13,123.00000000000068,13,123.00000000000068,move,improve
7087,13,123.00000000000068,13,123.00000000000068,move,improve
7088,13,123.00000000000068,13,123.00000000000068,move,improve
7089,13,123.00000000000068,13,123.00000000000068,2opt,notBad
7090,13,123.00000000000068,13,123.00000000000068,move,improve
7091,13,123.00000000000068,13,123.00000000000068,2opt,improve
7092,13,123.00000000000068,13,123.00000000000068,swap,notBad
7093,13,123.00000000000068,13,123.00000000000068,2opt,improve
7094,13,123.00000000000068,13,123.00000000000068,2opt,notBad
7095,13,123.00000000000068,13,123.00000000000068,move,improve
7096,13,123.00000000000068,13,123.00000000000068,2opt,improve
7097,13,123.00000000000068,13,123.00000000000068,swap,notBad
7098,13,123.00000000000068,13,123.00000000000068,move,improve
7099,13,123.00000000000068,13,123.00000000000068,move,improve
7100,13,123.00000000000068,13,123.00000000000068,move,improve
7101,13,123.00000000000068,13,123.00000000000068,swap,notBad
7102,13,123.00000000000068,13,123.00000000000068,move,improve
7103,13,123.00000000000068,13,123.00000000000068,2opt,notBad
7104,13,123.00000000000068,13,123.00000000000068,2opt,notBad
7105,13,123.00000000000068,13,123.00000000000068,2opt,notBad
7106,13,123.00000000000068,13,123.00000000000068,swap,notBad
7107,13,123.00000000000068,13,123.00000000000068,move,improve
7108,13,123.00000000000068,13,123.00000000000068,swap,notBad
7109,13,123.00000000000068,13,123.00000000000068,2opt,notBad
7110,13,123.00000000000068,13,123.00000000000068,2opt,notBad
7111,13,123.00000000000068,13,123.00000000000068,swap,notBad
7112,13,123.00000000000068,13,123.00000000000068,move,improve
7113,13,123.00000000000068,13,123.00000000000068,2opt,notBad
7114,13,123.00000000000068,13,123.00000000000068,swap,notBad
7115,13,136.40000000000055,13,123.00000000000068,swap,acceptBad
7116,13,136.40000000000055,13,123.00000000000068,move,improve
7117,13,136.40000000000055,13,123.00000000000068,move,improve
7118,13,136.40000000000055,13,123.00000000000068,swap,notBad
7119,13,136.40000000000055,13,123.00000000000068,move,improve
7120,13,136.40000000000055,13,123.00000000000068,swap,notBad
7121,13,136.40000000000055,13,123.00000000000068,swap,notBad
7122,13,136.40000000000055,13,123.00000000000068,swap,notBad
7123,13,136.40000000000055,13,123.00000000000068,swap,notBad
7124,13,136.40000000000055,13,123.00000000000068,move,improve
7125,13,136.40000000000055,13,123.00000000000068,move,improve
7126,13,136.40000000000055,13,123.00000000000068,2opt,notBad
7127,13,136.40000000000055,13,123.00000000000068,move,improve
7128,13,136.40000000000055,13,123.00000000000068,2opt,notBad
7129,13,136.40000000000055,13,123.00000000000068,swap,notBad
7130,13,136.40000000000055,13,123.00000000000068,2opt,notBad
7131,13,136.40000000000055,13,123.00000000000068,2opt,notBad
7132,13,136.40000000000055,13,123.00000000000068,2opt,notBad
7133,13,136.40000000000055,13,123.00000000000068,2opt,notBad
7134,13,125.20000000000005,13,123.00000000000068,move,improve
7135,13,125.20000000000005,13,123.00000000000068,2opt,notBad
7136,13,125.20000000000005,13,123.00000000000068,2opt,notBad
7137,13,125.20000000000005,13,123.00000000000068,2opt,notBad
7138,13,125.20000000000005,13,123.00000000000068,2opt,notBad
7139,13,125.20000000000005,13,123.00000000000068,2opt,notBad
7140,13,125.20000000000005,13,123.00000000000068,2opt,notBad
7141,13,125.20000000000005,13,123.00000000000068,swap,notBad
7142,13,125.20000000000005,13,123.00000000000068,move,improve
7143,13,125.20000000000005,13,123.00000000000068,move,improve
7144,13,125.20000000000005,13,123.00000000000068,2opt,notBad
7145,13,125.20000000000005,13,123.00000000000068,move,improve
7146,13,125.20000000000005,13,123.00000000000068,move,improve
7147,13,125.20000000000005,13,123.00000000000068,move,improve
7148,13,125.20000000000005,13,123.00000000000068,swap,notBad
7149,13,125.20000000000005,13,123.00000000000068,move,improve
7150,13,125.20000000000005,13,123.00000000000068,2opt,notBad
7151,13,125.20000000000005,13,123.00000000000068,2opt,notBad
7152,13,125.20000000000005,13,123.00000000000068,swap,notBad
7153,13,125.20000000000005,13,123.00000000000068,swap,notBad
7154,13,125.20000000000005,13,123.00000000000068,move,improve
7155,13,125.20000000000005,13,123.00000000000068,2opt,notBad
7156,13,125.20000000000005,13,123.00000000000068,move,improve
7157,13,125.20000000000005,13,123.00000000000068,move,improve
7158,13,125.20000000000005,13,123.00000000000068,swap,notBad
7159,13,125.20000000000005,13,123.00000000000068,move,improve
7160,13,125.20000000000005,13,123.00000000000068,2opt,notBad
7161,13,125.20000000000005,13,123.00000000000068,2opt,notBad
7162,13,125.20000000000005,13,123.00000000000068,move,improve
7163,13,125.20000000000005,13,123.00000000000068,move,improve
7164,13,125.20000000000005,13,123.00000000000068,2opt,notBad
7165,13,125.20000000000005,13,123.00000000000068,swap,notBad
7166,13,125.20000000000005,13,123.00000000000068,swap,notBad
7167,13,125.20000000000005,13,123.00000000000068,move,improve
7168,13,125.20000000000005,13,123.00000000000068,2opt,notBad
7169,13,125.20000000000005,13,123.00000000000068,swap,notBad
7170,13,125.20000000000005,13,123.00000000000068,swap,notBad
7171,13,125.20000000000005,13,123.00000000000068,move,improve
7172,13,125.20000000000005,13,123.00000000000068,2opt,notBad
7173,13,125.20000000000005,13,123.00000000000068,move,improve
7174,13,125.20000000000005,13,123.00000000000068,swap,notBad
7175,13,125.20000000000005,13,123.00000000000068,move,improve
7176,13,125.20000000000005,13,123.00000000000068,move,improve
7177,13,125.20000000000005,13,123.00000000000068,swap,notBad
7178,13,125.20000000000005,13,123.00000000000068,swap,notBad
7179,13,125.20000000000005,13,123.00000000000068,2opt,improve
7180,13,125.20000000000005,13,123.00000000000068,swap,notBad
7181,13,125.20000000000005,13,123.00000000000068,2opt,notBad
7182,13,112.20000000000073,13,112.20000000000073,swap,newBest
7183,13,144.20000000000027,13,112.20000000000073,swap,acceptBad
7184,13,144.20000000000027,13,112.20000000000073,2opt,notBad
7185,13,144.20000000000027,13,112.20000000000073,2opt,notBad
7186,13,144.20000000000027,13,112.20000000000073,swap,notBad
7187,13,144.20000000000027,13,112.20000000000073,swap,notBad
7188,13,144.20000000000027,13,112.20000000000073,swap,notBad
7189,13,144.20000000000027,13,112.20000000000073,2opt,notBad
7190,13,144.20000000000027,13,112.20000000000073,2opt,notBad
7191,13,134.60000000000082,13,112.20000000000073,move,improve
7192,13,134.60000000000082,13,112.20000000000073,2opt,notBad
7193,13,134.60000000000082,13,112.20000000000073,move,improve
7194,13,134.60000000000082,13,112.20000000000073,swap,notBad
7195,13,134.60000000000082,13,112.20000000000073,2opt,notBad
7196,13,134.60000000000082,13,112.20000000000073,move,improve
7197,13,134.60000000000082,13,112.20000000000073,2opt,notBad
7198,13,134.60000000000082,13,112.20000000000073,move,improve
7199,13,134.60000000000082,13,112.20000000000073,2opt,notBad
7200,13,134.60000000000082,13,112.20000000000073,swap,notBad
7201,13,134.60000000000082,13,112.20000000000073,2opt,notBad
7202,13,134.60000000000082,13,112.20000000000073,swap,notBad
7203,13,134.60000000000082,13,112.20000000000073,2opt,notBad
7204,13,134.60000000000082,13,112.20000000000073,2opt,notBad
7205,13,134.60000000000082,13,112.20000000000073,move,improve
7206,13,134.60000000000082,13,112.20000000000073,2opt,notBad
7207,13,134.60000000000082,13,112.20000000000073,2opt,notBad
7208,13,134.60000000000082,13,112.20000000000073,swap,notBad
7209,13,134.60000000000082,13,112.20000000000073,swap,notBad
7210,13,134.60000000000082,13,112.20000000000073,2opt,notBad
7211,13,134.60000000000082,13,112.20000000000073,move,improve
7212,13,134.60000000000082,13,112.20000000000073,move,improve
7213,13,134.60000000000082,13,112.20000000000073,move,improve
7214,13,134.60000000000082,13,112.20000000000073,2opt,notBad
7215,13,134.60000000000082,13,112.20000000000073,swap,notBad
7216,13,134.60000000000082,13,112.20000000000073,move,improve
7217,13,134.60000000000082,13,112.20000000000073,move,improve
7218,13,134.60000000000082,13,112.20000000000073,2opt,notBad
7219,13,134.60000000000082,13,112.20000000000073,2opt,notBad
7220,13,134.60000000000082,13,112.20000000000073,swap,notBad
7221,13,134.60000000000082,13,112.20000000000073,move,improve
7222,13,134.60000000000082,13,112.20000000000073,move,improve
7223,13,134.60000000000082,13,112.20000000000073,move,improve
7224,13,134.60000000000082,13,112.20000000000073,move,improve
7225,13,134.60000000000082,13,112.20000000000073,2opt,notBad
7226,13,134.60000000000082,13,112.20000000000073,2opt,notBad
7227,13,134.60000000000082,13,112.20000000000073,2opt,notBad
7228,13,134.60000000000082,13,112.20000000000073,swap,notBad
7229,13,134.60000000000082,13,112.20000000000073,move,improve
7230,13,134.60000000000082,13,112.20000000000073,move,improve
7231,13,134.60000000000082,13,112.20000000000073,move,improve
7232,13,134.60000000000082,13,112.20000000000073,2opt,notBad
7233,13,134.60000000000082,13,112.20000000000073,swap,notBad
7234,13,134.60000000000082,13,112.20000000000073,swap,notBad
7235,13,134.60000000000082,13,112.20000000000073,move,improve
7236,13,134.400000000001,13,112.20000000000073,swap,improve
7237,13,134.400000000001,13,112.20000000000073,2opt,notBad
7238,13,134.400000000001,13,112.20000000000073,move,improve
7239,13,134.400000000001,13,112.20000000000073,swap,notBad
7240,13,134.400000000001,13,112.20000000000073,2opt,notBad
7241,13,134.400000000001,13,112.20000000000073,swap,notBad
7242,13,134.400000000001,13,112.20000000000073,2opt,improve
7243,13,134.400000000001,13,112.20000000000073,move,improve
7244,13,134.400000000001,13,112.20000000000073,swap,notBad
7245,13,134.400000000001,13,112.20000000000073,2opt,notBad
7246,13,134.400000000001,13,112.20000000000073,2opt,notBad
7247,13,134.400000000001,13,112.20000000000073,2opt,notBad
7248,13,134.400000000001,13,112.20000000000073,swap,notBad
7249,13,134.400000000001,13,112.20000000000073,2opt,notBad
7250,13,134.400000000001,13,112.20000000000073,move,improve
7251,13,134.400000000001,13,112.20000000000073,swap,notBad
7252,13,134.400000000001,13,112.20000000000073,2opt,notBad
7253,13,134.400000000001,13,112.20000000000073,swap,notBad
7254,13,134.400000000001,13,112.20000000000073,move,improve
7255,13,134.400000000001,13,112.20000000000073,swap,notBad
7256,13,134.400000000001,13,112.20000000000073,swap,notBad
7257,13,134.400000000001,13,112.20000000000073,2opt,notBad
7258,13,134.400000000001,13,112.20000000000073,2opt,notBad
7259,13,134.400000000001,13,112.20000000000073,2opt,notBad
7260,13,134.400000000001,13,112.20000000000073,swap,notBad
7261,13,134.400000000001,13,112.20000000000073,2opt,notBad
7262,13,134.400000000001,13,112.20000000000073,move,improve
7263,13,134.400000000001,13,112.20000000000073,2opt,notBad
7264,13,134.400000000001,13,112.20000000000073,swap,notBad
7265,13,134.400000000001,13,112.20000000000073,move,improve
7266,13,134.400000000001,13,112.20000000000073,swap,notBad
7267,13,134.400000000001,13,112.20000000000073,swap,notBad
7268,13,134.400000000001,13,112.20000000000073,swap,notBad
7269,13,134.400000000001,13,112.20000000000073,swap,notBad
7270,13,134.400000000001,13,112.20000000000073,swap,notBad
7271,13,144.0000000000009,13,112.20000000000073,swap,acceptBad
7272,13,144.0000000000009,13,112.20000000000073,move,improve
7273,13,143.20000000000073,13,112.20000000000073,move,improve
7274,13,143.20000000000073,13,112.20000000000073,2opt,notBad
7275,13,143.20000000000073,13,112.20000000000073,2opt,improve
7276,13,143.20000000000073,13,112.20000000000073,2opt,notBad
7277,13,143.20000000000073,13,112.20000000000073,move,improve
7278,13,143.20000000000073,13,112.20000000000073,2opt,notBad
7279,13,143.20000000000073,13,112.20000000000073,move,improve
7280,13,143.20000000000073,13,112.20000000000073,move,improve
7281,13,143.20000000000073,13,112.20000000000073,2opt,improve
7282,13,143.20000000000073,13,112.20000000000073,move,improve
7283,13,143.20000000000073,13,112.20000000000073,swap,notBad
7284,13,143.20000000000073,13,112.20000000000073,swap,notBad
7285,13,143.20000000000073,13,112.20000000000073,move,improve
7286,13,143.00000000000068,13,112.20000000000073,swap,improve
7287,13,143.00000000000068,13,112.20000000000073,2opt,notBad
7288,13,143.00000000000068,13,112.20000000000073,move,improve
7289,13,143.00000000000068,13,112.20000000000073,move,improve
7290,13,143.00000000000068,13,112.20000000000073,2opt,notBad
7291,13,143.00000000000068,13,112.20000000000073,2opt,notBad
7292,13,143.00000000000068,13,112.20000000000073,move,improve
7293,13,143.00000000000068,13,112.20000000000073,2opt,notBad
7294,13,143.00000000000068,13,112.20000000000073,2opt,notBad
7295,13,143.00000000000068,13,112.20000000000073,2opt,notBad
7296,13,143.00000000000068,13,112.20000000000073,2opt,notBad
7297,13,143.00000000000068,13,112.20000000000073,2opt,notBad
7298,13,143.00000000000068,13,112.20000000000073,2opt,notBad
7299,13,143.00000000000068,13,112.20000000000073,move,improve
7300,13,143.00000000000068,13,112.20000000000073,swap,notBad
7301,13,143.00000000000068,13,112.20000000000073,2opt,notBad
7302,13,143.00000000000068,13,112.20000000000073,swap,notBad
7303,13,143.00000000000068,13,112.20000000000073,swap,notBad
7304,13,143.00000000000068,13,112.20000000000073,swap,notBad
7305,13,143.00000000000068,13,112.20000000000073,swap,notBad
7306,13,143.00000000000068,13,112.20000000000073,swap,notBad
7307,13,143.00000000000068,13,112.20000000000073,swap,notBad
7308,13,143.00000000000068,13,112.20000000000073,swap,notBad
7309,13,143.00000000000068,13,112.20000000000073,move,improve
7310,13,143.00000000000068,13,112.20000000000073,move,improve
7311,13,143.00000000000068,13,112.20000000000073,2opt,improve
7312,13,143.00000000000068,13,112.20000000000073,swap,notBad
7313,13,143.00000000000068,13,112.20000000000073,swap,notBad
7314,13,143.00000000000068,13,112.20000000000073,move,improve
7315,13,143.00000000000068,13,112.20000000000073,swap,notBad
7316,13,143.00000000000068,13,112.20000000000073,move,improve
7317,13,143.00000000000068,13,112.20000000000073,swap,notBad
7318,13,143.00000000000068,13,112.20000000000073,2opt,notBad
7319,13,143.00000000000068,13,112.20000000000073,2opt,notBad
7320,13,143.00000000000068,13,112.20000000000073,move,improve
7321,13,143.00000000000068,13,112.20000000000073,2opt,notBad
7322,13,143.00000000000068,13,112.20000000000073,2opt,improve
7323,13,143.00000000000068,13,112.20000000000073,move,improve
7324,13,143.00000000000068,13,112.20000000000073,move,improve
7325,13,143.00000000000068,13,112.20000000000073,2opt,improve
7326,13,143.00000000000068,13,112.20000000000073,2opt,notBad
7327,13,143.00000000000068,13,112.20000000000073,2opt,notBad
7328,13,142.400000000001,13,112.20000000000073,swap,improve
7329,13,142.400000000001,13,112.20000000000073,move,improve
7330,13,142.400000000001,13,112.20000000000073,swap,notBad
7331,13,142.400000000001,13,112.20000000000073,2opt,notBad
7332,13,142.400000000001,13,112.20000000000073,swap,notBad
7333,13,142.400000000001,13,112.20000000000073,move,improve
7334,13,142.400000000001,13,112.20000000000073,2opt,improve
7335,13,142.400000000001,13,112.20000000000073,move,improve
7336,13,142.400000000001,13,112.20000000000073,move,improve
7337,13,142.400000000001,13,112.20000000000073,2opt,notBad
7338,13,142.400000000001,13,112.20000000000073,2opt,notBad
7339,13,142.400000000001,13,112.20000000000073,move,improve
7340,13,142.400000000001,13,112.20000000000073,swap,notBad
7341,13,142.400000000001,13,112.20000000000073,2opt,notBad
7342,13,142.400000000001,13,112.20000000000073,2opt,notBad
7343,13,131.20000000000118,13,112.20000000000073,move,improve
7344,13,131.20000000000118,13,112.20000000000073,2opt,notBad
7345,13,131.20000000000118,13,112.20000000000073,move,improve
7346,13,131.20000000000118,13,112.20000000000073,move,improve
7347,13,131.20000000000118,13,112.20000000000073,move,improve
7348,13,131.20000000000118,13,112.20000000000073,swap,notBad
7349,13,131.20000000000118,13,112.20000000000073,move,improve
7350,13,131.20000000000118,13,112.20000000000073,swap,notBad
7351,13,131.20000000000118,13,112.20000000000073,swap,notBad
7352,13,131.20000000000118,13,112.20000000000073,2opt,notBad
7353,13,131.20000000000118,13,112.20000000000073,move,improve
7354,13,131.20000000000118,13,112.20000000000073,swap,notBad
7355,13,131.20000000000118,13,112.20000000000073,move,notBad
7356,13,125.20000000000095,13,112.20000000000073,move,improve
7357,13,125.20000000000095,13,112.20000000000073,move,improve
7358,13,125.20000000000095,13,112.20000000000073,2opt,notBad
7359,13,125.20000000000095,13,112.20000000000073,swap,notBad
7360,13,125.20000000000095,13,112.20000000000073,move,improve
7361,13,125.20000000000095,13,112.20000000000073,move,improve
7362,13,125.20000000000095,13,112.20000000000073,2opt,notBad
7363,13,125.20000000000095,13,112.20000000000073,2opt,notBad
7364,13,125.20000000000095,13,112.20000000000073,move,improve
7365,13,125.20000000000095,13,112.20000000000073,2opt,notBad
7366,13,125.20000000000095,13,112.20000000000073,move,improve
7367,13,125.20000000000095,13,112.20000000000073,move,improve
7368,13,125.20000000000095,13,112.20000000000073,2opt,notBad
7369,13,125.20000000000095,13,112.20000000000073,swap,notBad
7370,13,125.20000000000095,13,112.20000000000073,move,improve
7371,13,125.20000000000095,13,112.20000000000073,2opt,notBad
7372,13,125.20000000000095,13,112.20000000000073,move,improve
7373,13,125.20000000000095,13,112.20000000000073,2opt,notBad
7374,13,125.20000000000095,13,112.20000000000073,swap,notBad
7375,13,125.20000000000095,13,112.20000000000073,swap,notBad
7376,13,125.20000000000095,13,112.20000000000073,swap,notBad
7377,13,125.20000000000095,13,112.20000000000073,swap,notBad
7378,13,125.20000000000095,13,112.20000000000073,swap,notBad
7379,13,125.20000000000095,13,112.20000000000073,move,improve
7380,13,125.20000000000095,13,112.20000000000073,swap,notBad
7381,13,123.60000000000196,13,112.20000000000073,move,improve
7382,13,123.60000000000196,13,112.20000000000073,move,improve
7383,13,123.60000000000196,13,112.20000000000073,swap,notBad
7384,13,123.60000000000196,13,112.20000000000073,move,improve
7385,13,123.60000000000196,13,112.20000000000073,move,improve
7386,13,123.60000000000196,13,112.20000000000073,2opt,notBad
7387,13,136.80000000000223,13,112.20000000000073,swap,acceptBad
7388,13,136.80000000000223,13,112.20000000000073,2opt,notBad
7389,13,136.80000000000223,13,112.20000000000073,move,improve
7390,13,136.80000000000223,13,112.20000000000073,move,improve
7391,13,136.80000000000223,13,112.20000000000073,swap,notBad
7392,13,136.80000000000223,13,112.20000000000073,move,improve
7393,13,136.80000000000223,13,112.20000000000073,swap,notBad
7394,13,136.80000000000223,13,112.20000000000073,2opt,notBad
7395,13,136.80000000000223,13,112.20000000000073,move,improve
7396,13,136.80000000000223,13,112.20000000000073,2opt,notBad
7397,13,136.80000000000223,13,112.20000000000073,2opt,notBad
7398,13,136.80000000000223,13,112.20000000000073,move,improve
7399,13,136.80000000000223,13,112.20000000000073,swap,notBad
7400,13,136.80000000000223,13,112.20000000000073,2opt,notBad
7401,13,136.80000000000223,13,112.20000000000073,2opt,notBad
7402,13,128.00000000000136,13,112.20000000000073,move,improve
7403,13,128.00000000000136,13,112.20000000000073,move,improve
7404,13,128.00000000000136,13,112.20000000000073,2opt,notBad
7405,13,128.00000000000136,13,112.20000000000073,move,improve
7406,13,128.00000000000136,13,112.20000000000073,move,improve
7407,13,128.00000000000136,13,112.20000000000073,swap,notBad
7408,13,128.00000000000136,13,112.20000000000073,move,improve
7409,13,128.00000000000136,13,112.20000000000073,move,improve
7410,13,126.20000000000027,13,112.20000000000073,move,improve
7411,13,126.20000000000027,13,112.20000000000073,move,improve
7412,13,126.20000000000027,13,112.20000000000073,move,improve
7413,13,126.20000000000027,13,112.20000000000073,move,improve
7414,13,126.20000000000027,13,112.20000000000073,move,improve
7415,13,126.20000000000027,13,112.20000000000073,move,improve
7416,13,126.20000000000027,13,112.20000000000073,swap,notBad
7417,13,126.20000000000027,13,112.20000000000073,swap,notBad
7418,13,126.20000000000027,13,112.20000000000073,2opt,notBad
7419,13,126.20000000000027,13,112.20000000000073,swap,notBad
7420,13,126.20000000000027,13,112.20000000000073,move,improve
7421,13,126.20000000000027,13,112.20000000000073,2opt,notBad
7422,13,126.20000000000027,13,112.20000000000073,move,improve
7423,13,126.20000000000027,13,112.20000000000073,move,improve
7424,13,126.20000000000027,13,112.20000000000073,move,improve
7425,13,126.20000000000027,13,112.20000000000073,swap,notBad
7426,13,126.20000000000027,13,112.20000000000073,swap,notBad
7427,13,126.20000000000027,13,112.20000000000073,move,improve
7428,13,126.20000000000027,13,112.20000000000073,swap,notBad
7429,13,126.20000000000027,13,112.20000000000073,swap,notBad
7430,13,126.20000000000027,13,112.20000000000073,2opt,notBad
7431,13,126.20000000000027,13,112.20000000000073,move,improve
7432,13,126.20000000000027,13,112.20000000000073,swap,notBad
7433,13,126.20000000000027,13,112.20000000000073,swap,notBad
7434,13,126.20000000000027,13,112.20000000000073,move,improve
7435,13,117.59999999999923,13,112.20000000000073,move,improve
7436,13,117.59999999999923,13,112.20000000000073,2opt,notBad
7437,13,117.59999999999923,13,112.20000000000073,swap,notBad
7438,13,117.59999999999923,13,112.20000000000073,2opt,notBad
7439,13,117.59999999999923,13,112.20000000000073,move,improve
7440,13,117.59999999999923,13,112.20000000000073,move,improve
7441,13,117.59999999999923,13,112.20000000000073,move,improve
7442,13,117.59999999999923,13,112.20000000000073,swap,notBad
7443,13,117.59999999999923,13,112.20000000000073,2opt,improve
7444,13,117.59999999999923,13,112.20000000000073,2opt,notBad
7445,13,117.59999999999923,13,112.20000000000073,swap,notBad
7446,13,117.59999999999923,13,112.20000000000073,swap,notBad
7447,13,117.59999999999923,13,112.20000000000073,swap,notBad
7448,13,117.59999999999923,13,112.20000000000073,swap,notBad
7449,13,117.59999999999923,13,112.20000000000073,2opt,notBad
7450,13,117.59999999999923,13,112.20000000000073,move,improve
7451,13,117.59999999999923,13,112.20000000000073,move,improve
7452,13,117.59999999999923,13,112.20000000000073,2opt,notBad
7453,13,117.59999999999923,13,112.20000000000073,2opt,notBad
7454,13,117.59999999999923,13,112.20000000000073,swap,notBad
7455,13,117.59999999999923,13,112.20000000000073,2opt,notBad
7456,13,117.59999999999923,13,112.20000000000073,2opt,notBad
7457,13,117.59999999999923,13,112.20000000000073,swap,notBad
7458,13,117.59999999999923,13,112.20000000000073,swap,notBad
7459,13,117.59999999999923,13,112.20000000000073,2opt,notBad
7460,13,117.59999999999923,13,112.20000000000073,move,improve
7461,13,117.59999999999923,13,112.20000000000073,swap,notBad
7462,13,117.59999999999923,13,112.20000000000073,2opt,notBad
7463,13,117.59999999999923,13,112.20000000000073,2opt,notBad
7464,13,117.59999999999923,13,112.20000000000073,swap,notBad
7465,13,117.59999999999923,13,112.20000000000073,move,improve
7466,13,117.59999999999923,13,112.20000000000073,2opt,notBad
7467,13,117.59999999999923,13,112.20000000000073,move,improve
7468,13,117.59999999999923,13,112.20000000000073,swap,notBad
7469,13,117.59999999999923,13,112.20000000000073,swap,notBad
7470,13,117.59999999999923,13,112.20000000000073,swap,notBad
7471,13,117.59999999999923,13,112.20000000000073,swap,notBad
7472,13,117.59999999999923,13,112.20000000000073,swap,notBad
7473,13,117.59999999999923,13,112.20000000000073,2opt,notBad
7474,13,117.59999999999923,13,112.20000000000073,move,improve
7475,13,117.59999999999923,13,112.20000000000073,2opt,notBad
7476,13,117.59999999999923,13,112.20000000000073,swap,notBad
7477,13,117.59999999999923,13,112.20000000000073,move,improve
7478,13,117.59999999999923,13,112.20000000000073,2opt,notBad
7479,13,117.59999999999923,13,112.20000000000073,swap,notBad
7480,13,117.59999999999923,13,112.20000000000073,swap,notBad
7481,13,117.59999999999923,13,112.20000000000073,move,improve
7482,13,117.59999999999923,13,112.20000000000073,2opt,notBad
7483,13,117.59999999999923,13,112.20000000000073,2opt,notBad
7484,13,117.59999999999923,13,112.20000000000073,move,improve
7485,13,117.59999999999923,13,112.20000000000073,swap,notBad
7486,13,117.59999999999923,13,112.20000000000073,move,improve
7487,13,117.59999999999923,13,112.20000000000073,2opt,notBad
7488,13,117.59999999999923,13,112.20000000000073,swap,notBad
7489,13,117.59999999999923,13,112.20000000000073,swap,notBad
7490,13,117.59999999999923,13,112.20000000000073,swap,notBad
7491,13,117.59999999999923,13,112.20000000000073,swap,notBad
7492,13,117.59999999999923,13,112.20000000000073,2opt,notBad
7493,13,117.59999999999923,13,112.20000000000073,2opt,notBad
7494,13,117.59999999999923,13,112.20000000000073,2opt,notBad
7495,13,117.59999999999923,13,112.20000000000073,move,improve
7496,13,117.59999999999923,13,112.20000000000073,move,improve
7497,13,117.59999999999923,13,112.20000000000073,2opt,notBad
7498,13,117.59999999999923,13,112.20000000000073,move,improve
7499,13,117.59999999999923,13,112.20000000000073,swap,notBad
7500,13,117.59999999999923,13,112.20000000000073,swap,notBad
7501,13,117.59999999999923,13,112.20000000000073,move,improve
7502,13,117.59999999999923,13,112.20000000000073,move,improve
7503,13,117.59999999999923,13,112.20000000000073,2opt,notBad
7504,13,117.59999999999923,13,112.20000000000073,swap,notBad
7505,13,117.59999999999923,13,112.20000000000073,2opt,notBad
7506,13,117.59999999999923,13,112.20000000000073,2opt,notBad
7507,13,117.59999999999923,13,112.20000000000073,swap,notBad
7508,13,117.59999999999923,13,112.20000000000073,move,improve
7509,13,117.59999999999923,13,112.20000000000073,swap,notBad
7510,13,117.59999999999923,13,112.20000000000073,swap,notBad
7511,13,117.59999999999923,13,112.20000000000073,2opt,notBad
7512,13,117.59999999999923,13,112.20000000000073,move,improve
7513,13,117.59999999999923,13,112.20000000000073,swap,notBad
7514,13,117.59999999999923,13,112.20000000000073,swap,notBad
7515,13,117.59999999999923,13,112.20000000000073,swap,notBad
7516,13,117.59999999999923,13,112.20000000000073,swap,notBad
7517,13,117.59999999999923,13,112.20000000000073,2opt,notBad
7518,13,117.59999999999923,13,112.20000000000073,swap,notBad
7519,13,117.59999999999923,13,112.20000000000073,2opt,improve
7520,13,117.59999999999923,13,112.20000000000073,2opt,notBad
7521,13,117.59999999999923,13,112.20000000000073,2opt,notBad
7522,13,117.59999999999923,13,112.20000000000073,swap,notBad
7523,13,117.59999999999923,13,112.20000000000073,move,improve
7524,13,117.59999999999923,13,112.20000000000073,2opt,improve
7525,13,117.59999999999923,13,112.20000000000073,2opt,notBad
7526,13,117.59999999999923,13,112.20000000000073,move,improve
7527,13,117.59999999999923,13,112.20000000000073,move,improve
7528,13,117.59999999999923,13,112.20000000000073,2opt,notBad
7529,13,117.59999999999923,13,112.20000000000073,move,improve
7530,13,117.59999999999923,13,112.20000000000073,swap,notBad
7531,13,117.59999999999923,13,112.20000000000073,2opt,notBad
7532,13,117.59999999999923,13,112.20000000000073,swap,notBad
7533,13,117.59999999999923,13,112.20000000000073,swap,notBad
7534,13,117.59999999999923,13,112.20000000000073,swap,notBad
7535,13,117.59999999999923,13,112.20000000000073,move,improve
7536,13,117.59999999999923,13,112.20000000000073,2opt,notBad
7537,13,117.59999999999923,13,112.20000000000073,move,improve
7538,13,117.59999999999923,13,112.20000000000073,2opt,notBad
7539,13,117.59999999999923,13,112.20000000000073,move,improve
7540,13,117.59999999999923,13,112.20000000000073,swap,notBad
7541,13,117.59999999999923,13,112.20000000000073,swap,notBad
7542,13,117.59999999999923,13,112.20000000000073,2opt,notBad
7543,13,117.59999999999923,13,112.20000000000073,swap,notBad
7544,13,117.59999999999923,13,112.20000000000073,move,improve
7545,13,117.59999999999923,13,112.20000000000073,swap,notBad
7546,13,117.59999999999923,13,112.20000000000073,swap,notBad
7547,13,117.59999999999923,13,112.20000000000073,move,improve
7548,13,117.59999999999923,13,112.20000000000073,swap,notBad
7549,13,117.59999999999923,13,112.20000000000073,move,improve
7550,13,117.59999999999923,13,112.20000000000073,swap,notBad
7551,13,117.59999999999923,13,112.20000000000073,2opt,notBad
7552,13,117.59999999999923,13,112.20000000000073,swap,notBad
7553,13,117.59999999999923,13,112.20000000000073,move,improve
7554,13,117.59999999999923,13,112.20000000000073,swap,notBad
7555,13,117.59999999999923,13,112.20000000000073,move,improve
7556,13,117.59999999999923,13,112.20000000000073,2opt,notBad
7557,13,117.59999999999923,13,112.20000000000073,move,improve
7558,13,117.59999999999923,13,112.20000000000073,move,improve
7559,13,117.59999999999923,13,112.20000000000073,move,improve
7560,13,117.59999999999923,13,112.20000000000073,swap,notBad
7561,13,117.59999999999923,13,112.20000000000073,swap,notBad
7562,13,117.59999999999923,13,112.20000000000073,2opt,notBad
7563,13,117.59999999999923,13,112.20000000000073,2opt,notBad
7564,13,117.59999999999923,13,112.20000000000073,2opt,improve
7565,13,117.59999999999923,13,112.20000000000073,swap,notBad
7566,13,117.59999999999923,13,112.20000000000073,move,improve
7567,13,117.59999999999923,13,112.20000000000073,swap,notBad
7568,13,117.59999999999923,13,112.20000000000073,move,improve
7569,13,117.59999999999923,13,112.20000000000073,2opt,notBad
7570,13,117.59999999999923,13,112.20000000000073,move,improve
7571,13,117.59999999999923,13,112.20000000000073,2opt,notBad
7572,13,117.59999999999923,13,112.20000000000073,2opt,notBad
7573,13,117.59999999999923,13,112.20000000000073,move,improve
7574,13,117.59999999999923,13,112.20000000000073,move,improve
7575,13,117.59999999999923,13,112.20000000000073,2opt,notBad
7576,13,117.59999999999923,13,112.20000000000073,2opt,notBad
7577,13,117.59999999999923,13,112.20000000000073,move,improve
7578,13,117.59999999999923,13,112.20000000000073,move,improve
7579,13,117.59999999999923,13,112.20000000000073,swap,notBad
7580,13,117.59999999999923,13,112.20000000000073,swap,notBad
7581,13,117.59999999999923,13,112.20000000000073,move,improve
7582,13,117.59999999999923,13,112.20000000000073,2opt,notBad
7583,13,117.59999999999923,13,112.20000000000073,move,improve
7584,13,117.59999999999923,13,112.20000000000073,2opt,notBad
7585,13,117.59999999999923,13,112.20000000000073,2opt,notBad
7586,13,117.59999999999923,13,112.20000000000073,swap,notBad
7587,13,117.59999999999923,13,112.20000000000073,2opt,notBad
7588,13,117.59999999999923,13,112.20000000000073,swap,notBad
7589,13,117.59999999999923,13,112.20000000000073,move,improve
7590,13,117.59999999999923,13,112.20000000000073,2opt,notBad
7591,13,117.59999999999923,13,112.20000000000073,2opt,notBad
7592,13,117.59999999999923,13,112.20000000000073,swap,notBad
7593,13,117.59999999999923,13,112.20000000000073,swap,notBad
7594,13,117.59999999999923,13,112.20000000000073,swap,notBad
7595,13,117.59999999999923,13,112.20000000000073,2opt,notBad
7596,13,117.59999999999923,13,112.20000000000073,2opt,notBad
7597,13,117.59999999999923,13,112.20000000000073,move,improve
7598,13,117.59999999999923,13,112.20000000000073,move,improve
7599,13,117.59999999999923,13,112.20000000000073,2opt,notBad
7600,13,117.59999999999923,13,112.20000000000073,move,improve
7601,13,117.59999999999923,13,112.20000000000073,swap,notBad
7602,13,117.59999999999923,13,112.20000000000073,2opt,notBad
7603,13,117.59999999999923,13,112.20000000000073,move,improve
7604,13,117.59999999999923,13,112.20000000000073,2opt,notBad
7605,13,117.59999999999923,13,112.20000000000073,swap,notBad
7606,13,117.59999999999923,13,112.20000000000073,2opt,improve
7607,13,117.59999999999923,13,112.20000000000073,move,improve
7608,13,117.59999999999923,13,112.20000000000073,2opt,notBad
7609,13,117.59999999999923,13,112.20000000000073,2opt,notBad
7610,13,117.59999999999923,13,112.20000000000073,2opt,notBad
7611,13,117.59999999999923,13,112.20000000000073,2opt,notBad
7612,13,117.59999999999923,13,112.20000000000073,swap,notBad
7613,13,117.59999999999923,13,112.20000000000073,move,improve
7614,13,117.59999999999923,13,112.20000000000073,swap,notBad
7615,13,117.59999999999923,13,112.20000000000073,move,improve
7616,13,117.59999999999923,13,112.20000000000073,2opt,notBad
7617,13,117.59999999999923,13,112.20000000000073,move,improve
7618,13,117.59999999999923,13,112.20000000000073,move,improve
7619,13,117.59999999999923,13,112.20000000000073,move,improve
7620,13,117.59999999999923,13,112.20000000000073,2opt,notBad
7621,13,117.59999999999923,13,112.20000000000073,2opt,notBad
7622,13,117.59999999999923,13,112.20000000000073,move,improve
7623,13,117.59999999999923,13,112.20000000000073,swap,notBad
7624,13,117.59999999999923,13,112.20000000000073,2opt,notBad
7625,13,117.59999999999923,13,112.20000000000073,2opt,notBad
7626,13,117.59999999999923,13,112.20000000000073,move,improve
7627,13,117.59999999999923,13,112.20000000000073,swap,notBad
7628,13,117.59999999999923,13,112.20000000000073,2opt,notBad
7629,13,117.59999999999923,13,112.20000000000073,swap,notBad
7630,13,117.59999999999923,13,112.20000000000073,swap,notBad
7631,13,117.59999999999923,13,112.20000000000073,swap,notBad
7632,13,117.59999999999923,13,112.20000000000073,swap,notBad
7633,13,117.59999999999923,13,112.20000000000073,move,improve
7634,13,117.59999999999923,13,112.20000000000073,move,improve
7635,13,117.59999999999923,13,112.20000000000073,swap,notBad
7636,13,117.59999999999923,13,112.20000000000073,2opt,notBad
7637,13,117.59999999999923,13,112.20000000000073,move,improve
7638,13,117.59999999999923,13,112.20000000000073,swap,notBad
7639,13,117.59999999999923,13,112.20000000000073,move,improve
7640,13,117.59999999999923,13,112.20000000000073,2opt,notBad
7641,13,117.59999999999923,13,112.20000000000073,2opt,notBad
7642,13,117.59999999999923,13,112.20000000000073,2opt,notBad
7643,13,117.59999999999923,13,112.20000000000073,move,notBad
7644,13,117.59999999999923,13,112.20000000000073,2opt,notBad
7645,13,117.59999999999923,13,112.20000000000073,2opt,notBad
7646,13,117.59999999999923,13,112.20000000000073,move,improve
7647,13,117.59999999999923,13,112.20000000000073,move,improve
7648,13,117.59999999999923,13,112.20000000000073,move,improve
7649,13,117.59999999999923,13,112.20000000000073,2opt,notBad
7650,13,117.59999999999923,13,112.20000000000073,move,improve
7651,13,117.59999999999923,13,112.20000000000073,move,notBad
7652,13,117.59999999999923,13,112.20000000000073,swap,notBad
7653,13,117.59999999999923,13,112.20000000000073,swap,notBad
7654,13,117.59999999999923,13,112.20000000000073,2opt,notBad
7655,13,117.59999999999923,13,112.20000000000073,2opt,notBad
7656,13,117.59999999999923,13,112.20000000000073,2opt,notBad
7657,13,117.59999999999923,13,112.20000000000073,move,improve
7658,13,117.59999999999923,13,112.20000000000073,2opt,notBad
7659,13,117.59999999999923,13,112.20000000000073,move,improve
7660,13,117.59999999999923,13,112.20000000000073,2opt,notBad
7661,13,117.59999999999923,13,112.20000000000073,2opt,notBad
7662,13,117.59999999999923,13,112.20000000000073,2opt,notBad
7663,13,117.59999999999923,13,112.20000000000073,2opt,notBad
7664,13,117.59999999999923,13,112.20000000000073,move,improve
7665,13,117.59999999999923,13,112.20000000000073,swap,notBad
7666,13,117.59999999999923,13,112.20000000000073,swap,notBad
7667,13,117.59999999999923,13,112.20000000000073,move,notBad
7668,13,117.59999999999923,13,112.20000000000073,swap,notBad
7669,13,117.59999999999923,13,112.20000000000073,move,improve
7670,13,117.59999999999923,13,112.20000000000073,swap,notBad
7671,13,117.59999999999923,13,112.20000000000073,2opt,notBad
7672,13,117.59999999999923,13,112.20000000000073,2opt,notBad
7673,13,117.59999999999923,13,112.20000000000073,swap,notBad
7674,13,117.59999999999923,13,112.20000000000073,swap,notBad
7675,13,117.59999999999923,13,112.20000000000073,move,improve
7676,13,117.59999999999923,13,112.20000000000073,swap,notBad
7677,13,117.59999999999923,13,112.20000000000073,2opt,notBad
7678,13,117.59999999999923,13,112.20000000000073,2opt,notBad
7679,13,117.59999999999923,13,112.20000000000073,2opt,notBad
7680,13,117.59999999999923,13,112.20000000000073,swap,notBad
7681,13,117.59999999999923,13,112.20000000000073,move,improve
7682,13,117.59999999999923,13,112.20000000000073,move,improve
7683,13,117.59999999999923,13,112.20000000000073,move,improve
7684,13,117.59999999999923,13,112.20000000000073,move,improve
7685,13,117.59999999999923,13,112.20000000000073,swap,notBad
7686,13,117.59999999999923,13,112.20000000000073,2opt,notBad
7687,13,117.59999999999923,13,112.20000000000073,move,improve
7688,13,117.59999999999923,13,112.20000000000073,move,improve
7689,13,117.59999999999923,13,112.20000000000073,move,improve
7690,13,117.59999999999923,13,112.20000000000073,move,improve
7691,13,117.59999999999923,13,112.20000000000073,swap,notBad
7692,13,117.59999999999923,13,112.20000000000073,swap,notBad
7693,13,117.59999999999923,13,112.20000000000073,move,improve
7694,13,117.59999999999923,13,112.20000000000073,swap,notBad
7695,13,117.59999999999923,13,112.20000000000073,swap,notBad
7696,13,117.59999999999923,13,112.20000000000073,move,improve
7697,13,117.59999999999923,13,112.20000000000073,2opt,notBad
7698,13,117.59999999999923,13,112.20000000000073,2opt,notBad
7699,13,117.59999999999923,13,112.20000000000073,swap,notBad
7700,13,117.59999999999923,13,112.20000000000073,swap,notBad
7701,13,117.59999999999923,13,112.20000000000073,move,improve
7702,13,117.59999999999923,13,112.20000000000073,swap,notBad
7703,13,117.59999999999923,13,112.20000000000073,move,improve
7704,13,117.59999999999923,13,112.20000000000073,2opt,notBad
7705,13,117.59999999999923,13,112.20000000000073,move,improve
7706,13,117.59999999999923,13,112.20000000000073,2opt,notBad
7707,13,117.59999999999923,13,112.20000000000073,move,improve
7708,13,117.59999999999923,13,112.20000000000073,2opt,notBad
7709,13,117.59999999999923,13,112.20000000000073,move,improve
7710,13,117.59999999999923,13,112.20000000000073,swap,notBad
7711,13,117.59999999999923,13,112.20000000000073,move,improve
7712,13,117.59999999999923,13,112.20000000000073,swap,notBad
7713,13,117.59999999999923,13,112.20000000000073,2opt,notBad
7714,13,117.59999999999923,13,112.20000000000073,2opt,notBad
7715,13,117.59999999999923,13,112.20000000000073,move,improve
7716,13,117.59999999999923,13,112.20000000000073,move,improve
7717,13,117.59999999999923,13,112.20000000000073,2opt,improve
7718,13,117.59999999999923,13,112.20000000000073,swap,notBad
7719,13,117.59999999999923,13,112.20000000000073,move,improve
7720,13,117.59999999999923,13,112.20000000000073,move,improve
7721,13,117.59999999999923,13,112.20000000000073,swap,notBad
7722,13,117.59999999999923,13,112.20000000000073,move,improve
7723,13,117.59999999999923,13,112.20000000000073,swap,notBad
7724,13,117.59999999999923,13,112.20000000000073,2opt,notBad
7725,13,117.59999999999923,13,112.20000000000073,swap,notBad
7726,13,117.59999999999923,13,112.20000000000073,move,improve
7727,13,117.59999999999923,13,112.20000000000073,swap,notBad
7728,13,117.59999999999923,13,112.20000000000073,swap,notBad
7729,13,117.59999999999923,13,112.20000000000073,2opt,notBad
7730,13,117.59999999999923,13,112.20000000000073,swap,notBad
7731,13,117.59999999999923,13,112.20000000000073,2opt,notBad
7732,13,117.59999999999923,13,112.20000000000073,move,improve
7733,13,117.59999999999923,13,112.20000000000073,2opt,notBad
7734,13,117.59999999999923,13,112.20000000000073,swap,notBad
7735,13,117.59999999999923,13,112.20000000000073,2opt,notBad
7736,13,117.59999999999923,13,112.20000000000073,swap,notBad
7737,13,117.59999999999923,13,112.20000000000073,move,improve
7738,13,117.59999999999923,13,112.20000000000073,swap,notBad
7739,13,117.59999999999923,13,112.20000000000073,move,improve
7740,13,117.59999999999923,13,112.20000000000073,2opt,improve
7741,13,117.59999999999923,13,112.20000000000073,move,improve
7742,13,117.59999999999923,13,112.20000000000073,2opt,improve
7743,13,117.59999999999923,13,112.20000000000073,2opt,notBad
7744,13,117.59999999999923,13,112.20000000000073,swap,notBad
7745,13,117.59999999999923,13,112.20000000000073,swap,notBad
7746,13,117.59999999999923,13,112.20000000000073,move,improve
7747,13,117.59999999999923,13,112.20000000000073,2opt,notBad
7748,13,117.59999999999923,13,112.20000000000073,swap,notBad
7749,13,117.59999999999923,13,112.20000000000073,move,improve
7750,13,117.59999999999923,13,112.20000000000073,swap,notBad
7751,13,117.59999999999923,13,112.20000000000073,move,improve
7752,13,117.59999999999923,13,112.20000000000073,move,improve
7753,13,117.59999999999923,13,112.20000000000073,2opt,notBad
7754,13,117.59999999999923,13,112.20000000000073,move,improve
7755,13,117.59999999999923,13,112.20000000000073,move,improve
7756,13,117.59999999999923,13,112.20000000000073,2opt,notBad
7757,13,117.59999999999923,13,112.20000000000073,2opt,notBad
7758,13,117.59999999999923,13,112.20000000000073,2opt,notBad
7759,13,117.59999999999923,13,112.20000000000073,swap,notBad
7760,13,117.59999999999923,13,112.20000000000073,2opt,notBad
7761,13,117.59999999999923,13,112.20000000000073,swap,notBad
7762,13,117.59999999999923,13,112.20000000000073,2opt,notBad
7763,13,117.59999999999923,13,112.20000000000073,swap,notBad
7764,13,117.59999999999923,13,112.20000000000073,swap,notBad
7765,13,117.59999999999923,13,112.20000000000073,move,improve
7766,13,117.59999999999923,13,112.20000000000073,2opt,notBad
7767,13,117.59999999999923,13,112.20000000000073,2opt,notBad
7768,13,117.59999999999923,13,112.20000000000073,2opt,notBad
7769,13,117.59999999999923,13,112.20000000000073,move,improve
7770,13,117.59999999999923,13,112.20000000000073,2opt,notBad
7771,13,117.59999999999923,13,112.20000000000073,swap,notBad
7772,13,117.59999999999923,13,112.20000000000073,swap,notBad
7773,13,117.59999999999923,13,112.20000000000073,2opt,notBad
7774,13,117.59999999999923,13,112.20000000000073,swap,notBad
7775,13,117.59999999999923,13,112.20000000000073,swap,notBad
7776,13,117.59999999999923,13,112.20000000000073,2opt,notBad
7777,13,117.59999999999923,13,112.20000000000073,swap,notBad
7778,13,117.59999999999923,13,112.20000000000073,swap,notBad
7779,13,117.59999999999923,13,112.20000000000073,swap,notBad
7780,13,117.59999999999923,13,112.20000000000073,swap,notBad
7781,13,117.59999999999923,13,112.20000000000073,2opt,improve
7782,13,117.59999999999923,13,112.20000000000073,move,improve
7783,13,117.59999999999923,13,112.20000000000073,2opt,notBad
7784,13,117.59999999999923,13,112.20000000000073,move,improve
7785,13,117.59999999999923,13,112.20000000000073,move,improve
7786,13,117.59999999999923,13,112.20000000000073,2opt,notBad
7787,13,117.59999999999923,13,112.20000000000073,2opt,notBad
7788,13,117.59999999999923,13,112.20000000000073,2opt,notBad
7789,13,117.59999999999923,13,112.20000000000073,move,improve
7790,13,117.59999999999923,13,112.20000000000073,2opt,notBad
7791,13,117.59999999999923,13,112.20000000000073,swap,notBad
7792,13,117.59999999999923,13,112.20000000000073,2opt,notBad
7793,13,117.59999999999923,13,112.20000000000073,2opt,notBad
7794,13,117.59999999999923,13,112.20000000000073,swap,notBad
7795,13,117.59999999999923,13,112.20000000000073,swap,notBad
7796,13,117.59999999999923,13,112.20000000000073,2opt,notBad
7797,13,117.59999999999923,13,112.20000000000073,move,improve
7798,13,117.59999999999923,13,112.20000000000073,swap,notBad
7799,13,117.59999999999923,13,112.20000000000073,swap,notBad
7800,13,117.59999999999923,13,112.20000000000073,2opt,notBad
7801,13,117.59999999999923,13,112.20000000000073,move,improve
7802,13,117.59999999999923,13,112.20000000000073,move,improve
7803,13,117.59999999999923,13,112.20000000000073,move,improve
7804,13,117.59999999999923,13,112.20000000000073,2opt,notBad
7805,13,117.59999999999923,13,112.20000000000073,move,improve
7806,13,117.59999999999923,13,112.20000000000073,swap,notBad
7807,13,117.59999999999923,13,112.20000000000073,move,improve
7808,13,117.59999999999923,13,112.20000000000073,move,improve
7809,13,117.59999999999923,13,112.20000000000073,2opt,notBad
7810,13,117.59999999999923,13,112.20000000000073,swap,notBad
7811,13,117.59999999999923,13,112.20000000000073,move,improve
7812,13,117.59999999999923,13,112.20000000000073,move,improve
7813,13,117.59999999999923,13,112.20000000000073,2opt,improve
7814,13,117.59999999999923,13,112.20000000000073,2opt,notBad
7815,13,117.59999999999923,13,112.20000000000073,2opt,notBad
7816,13,117.59999999999923,13,112.20000000000073,swap,notBad
7817,13,117.59999999999923,13,112.20000000000073,move,improve
7818,13,117.59999999999923,13,112.20000000000073,2opt,notBad
7819,13,117.59999999999923,13,112.20000000000073,swap,notBad
7820,13,117.59999999999923,13,112.20000000000073,2opt,notBad
7821,13,117.59999999999923,13,112.20000000000073,swap,notBad
7822,13,117.59999999999923,13,112.20000000000073,2opt,notBad
7823,13,117.59999999999923,13,112.20000000000073,move,improve
7824,13,117.59999999999923,13,112.20000000000073,swap,notBad
7825,13,117.59999999999923,13,112.20000000000073,swap,notBad
7826,13,117.59999999999923,13,112.20000000000073,swap,notBad
7827,13,117.59999999999923,13,112.20000000000073,move,improve
7828,13,117.59999999999923,13,112.20000000000073,2opt,improve
7829,13,117.59999999999923,13,112.20000000000073,2opt,notBad
7830,13,117.59999999999923,13,112.20000000000073,swap,notBad
7831,13,117.59999999999923,13,112.20000000000073,swap,notBad
7832,13,117.59999999999923,13,112.20000000000073,swap,notBad
7833,13,117.59999999999923,13,112.20000000000073,2opt,notBad
7834,13,117.59999999999923,13,112.20000000000073,swap,notBad
7835,13,117.59999999999923,13,112.20000000000073,move,improve
7836,13,117.59999999999923,13,112.20000000000073,swap,notBad
7837,13,117.59999999999923,13,112.20000000000073,move,improve
7838,13,117.59999999999923,13,112.20000000000073,2opt,notBad
7839,13,117.59999999999923,13,112.20000000000073,swap,notBad
7840,13,117.59999999999923,13,112.20000000000073,2opt,notBad
7841,13,117.59999999999923,13,112.20000000000073,swap,notBad
7842,13,117.59999999999923,13,112.20000000000073,swap,notBad
7843,13,117.59999999999923,13,112.20000000000073,move,improve
7844,13,117.59999999999923,13,112.20000000000073,swap,notBad
7845,13,117.59999999999923,13,112.20000000000073,move,improve
7846,13,117.59999999999923,13,112.20000000000073,move,improve
7847,13,117.59999999999923,13,112.20000000000073,2opt,notBad
7848,13,117.59999999999923,13,112.20000000000073,move,improve
7849,13,117.59999999999923,13,112.20000000000073,2opt,notBad
7850,13,117.59999999999923,13,112.20000000000073,swap,notBad
7851,13,117.59999999999923,13,112.20000000000073,swap,notBad
7852,13,117.59999999999923,13,112.20000000000073,move,improve
7853,13,117.59999999999923,13,112.20000000000073,move,improve
7854,13,117.59999999999923,13,112.20000000000073,swap,notBad
7855,13,117.59999999999923,13,112.20000000000073,swap,notBad
7856,13,120.59999999999945,13,112.20000000000073,swap,acceptBad
7857,13,120.59999999999945,13,112.20000000000073,move,improve
7858,13,120.59999999999945,13,112.20000000000073,2opt,notBad
7859,13,120.59999999999945,13,112.20000000000073,swap,notBad
7860,13,120.59999999999945,13,112.20000000000073,2opt,notBad
7861,13,120.59999999999945,13,112.20000000000073,2opt,notBad
7862,13,120.59999999999945,13,112.20000000000073,move,improve
7863,13,120.59999999999945,13,112.20000000000073,2opt,notBad
7864,13,120.59999999999945,13,112.20000000000073,swap,notBad
7865,13,120.59999999999945,13,112.20000000000073,move,improve
7866,13,120.59999999999945,13,112.20000000000073,swap,notBad
7867,13,120.59999999999945,13,112.20000000000073,move,improve
7868,13,120.59999999999945,13,112.20000000000073,swap,notBad
7869,13,120.59999999999945,13,112.20000000000073,move,improve
7870,13,120.59999999999945,13,112.20000000000073,move,improve
7871,13,120.59999999999945,13,112.20000000000073,move,improve
7872,13,120.59999999999945,13,112.20000000000073,move,improve
7873,13,120.59999999999945,13,112.20000000000073,2opt,notBad
7874,13,120.59999999999945,13,112.20000000000073,swap,notBad
7875,13,120.59999999999945,13,112.20000000000073,swap,notBad
7876,13,120.59999999999945,13,112.20000000000073,swap,notBad
7877,13,120.59999999999945,13,112.20000000000073,2opt,notBad
7878,13,120.59999999999945,13,112.20000000000073,move,improve
7879,13,120.59999999999945,13,112.20000000000073,move,improve
7880,13,120.59999999999945,13,112.20000000000073,move,improve
7881,13,120.59999999999945,13,112.20000000000073,swap,notBad
7882,13,120.59999999999945,13,112.20000000000073,2opt,notBad
7883,13,120.59999999999945,13,112.20000000000073,2opt,notBad
7884,13,120.59999999999945,13,112.20000000000073,move,improve
7885,13,120.59999999999945,13,112.20000000000073,swap,notBad
7886,13,120.59999999999945,13,112.20000000000073,2opt,notBad
7887,13,120.59999999999945,13,112.20000000000073,2opt,notBad
7888,13,120.59999999999945,13,112.20000000000073,2opt,notBad
7889,13,120.59999999999945,13,112.20000000000073,move,improve
7890,13,120.59999999999945,13,112.20000000000073,2opt,notBad
7891,13,120.59999999999945,13,112.20000000000073,swap,notBad
7892,13,120.59999999999945,13,112.20000000000073,move,improve
7893,13,120.59999999999945,13,112.20000000000073,move,improve
7894,13,120.59999999999945,13,112.20000000000073,move,improve
7895,13,120.59999999999945,13,112.20000000000073,move,improve
7896,13,120.59999999999945,13,112.20000000000073,2opt,notBad
7897,13,120.59999999999945,13,112.20000000000073,swap,notBad
7898,13,120.59999999999945,13,112.20000000000073,move,improve
7899,13,120.59999999999945,13,112.20000000000073,move,improve
7900,13,120.59999999999945,13,112.20000000000073,2opt,notBad
7901,13,120.59999999999945,13,112.20000000000073,move,improve
7902,13,120.59999999999945,13,112.20000000000073,swap,notBad
7903,13,120.59999999999945,13,112.20000000000073,swap,notBad
7904,13,120.59999999999945,13,112.20000000000073,swap,notBad
7905,13,120.59999999999945,13,112.20000000000073,move,improve
7906,13,120.59999999999945,13,112.20000000000073,move,improve
7907,13,120.59999999999945,13,112.20000000000073,move,improve
7908,13,120.59999999999945,13,112.20000000000073,move,improve
7909,13,120.59999999999945,13,112.20000000000073,swap,notBad
7910,13,120.59999999999945,13,112.20000000000073,swap,notBad
7911,13,120.59999999999945,13,112.20000000000073,swap,notBad
7912,13,120.59999999999945,13,112.20000000000073,move,improve
7913,13,120.59999999999945,13,112.20000000000073,move,improve
7914,13,120.59999999999945,13,112.20000000000073,2opt,notBad
7915,13,120.59999999999945,13,112.20000000000073,move,improve
7916,13,120.59999999999945,13,112.20000000000073,swap,notBad
7917,13,120.59999999999945,13,112.20000000000073,swap,notBad
7918,13,120.59999999999945,13,112.20000000000073,move,improve
7919,13,120.59999999999945,13,112.20000000000073,move,improve
7920,13,120.59999999999945,13,112.20000000000073,move,improve
7921,13,120.59999999999945,13,112.20000000000073,2opt,notBad
7922,13,120.59999999999945,13,112.20000000000073,swap,notBad
7923,13,120.59999999999945,13,112.20000000000073,swap,notBad
7924,13,120.59999999999945,13,112.20000000000073,move,improve
7925,13,120.59999999999945,13,112.20000000000073,2opt,notBad
7926,13,120.59999999999945,13,112.20000000000073,swap,notBad
7927,13,120.59999999999945,13,112.20000000000073,move,improve
7928,13,120.59999999999945,13,112.20000000000073,move,improve
7929,13,120.59999999999945,13,112.20000000000073,move,improve
7930,13,120.59999999999945,13,112.20000000000073,2opt,notBad
7931,13,120.59999999999945,13,112.20000000000073,swap,notBad
7932,13,120.59999999999945,13,112.20000000000073,move,improve
7933,13,120.59999999999945,13,112.20000000000073,2opt,notBad
7934,13,120.59999999999945,13,112.20000000000073,2opt,notBad
7935,13,120.59999999999945,13,112.20000000000073,swap,notBad
7936,13,120.59999999999945,13,112.20000000000073,2opt,notBad
7937,13,120.59999999999945,13,112.20000000000073,swap,notBad
7938,13,120.59999999999945,13,112.20000000000073,2opt,notBad
7939,13,120.59999999999945,13,112.20000000000073,2opt,notBad
7940,13,120.59999999999945,13,112.20000000000073,move,improve
7941,13,120.59999999999945,13,112.20000000000073,2opt,notBad
7942,13,120.59999999999945,13,112.20000000000073,swap,notBad
7943,13,120.59999999999945,13,112.20000000000073,swap,notBad
7944,13,120.59999999999945,13,112.20000000000073,swap,notBad
7945,13,120.59999999999945,13,112.20000000000073,2opt,notBad
7946,13,120.59999999999945,13,112.20000000000073,move,improve
7947,13,120.59999999999945,13,112.20000000000073,swap,notBad
7948,13,120.59999999999945,13,112.20000000000073,swap,notBad
7949,13,120.59999999999945,13,112.20000000000073,2opt,notBad
7950,13,120.59999999999945,13,112.20000000000073,move,improve
7951,13,120.59999999999945,13,112.20000000000073,swap,notBad
7952,13,120.59999999999945,13,112.20000000000073,2opt,notBad
7953,13,120.59999999999945,13,112.20000000000073,swap,notBad
7954,13,120.59999999999945,13,112.20000000000073,2opt,notBad
7955,13,120.59999999999945,13,112.20000000000073,2opt,notBad
7956,13,120.59999999999945,13,112.20000000000073,2opt,notBad
7957,13,120.59999999999945,13,112.20000000000073,move,improve
7958,13,120.59999999999945,13,112.20000000000073,2opt,notBad
7959,13,120.59999999999945,13,112.20000000000073,swap,notBad
7960,13,120.59999999999945,13,112.20000000000073,2opt,notBad
7961,13,120.59999999999945,13,112.20000000000073,2opt,notBad
7962,13,120.59999999999945,13,112.20000000000073,2opt,notBad
7963,13,120.59999999999945,13,112.20000000000073,move,improve
7964,13,120.59999999999945,13,112.20000000000073,move,improve
7965,13,120.59999999999945,13,112.20000000000073,2opt,notBad
7966,13,120.59999999999945,13,112.20000000000073,2opt,notBad
7967,13,120.59999999999945,13,112.20000000000073,move,improve
7968,13,120.59999999999945,13,112.20000000000073,2opt,notBad
7969,13,120.59999999999945,13,112.20000000000073,swap,notBad
7970,13,120.59999999999945,13,112.20000000000073,move,improve
7971,13,128.79999999999973,13,112.20000000000073,swap,acceptBad
7972,13,128.79999999999973,13,112.20000000000073,swap,notBad
7973,13,128.79999999999973,13,112.20000000000073,2opt,improve
7974,13,128.79999999999973,13,112.20000000000073,swap,notBad
7975,13,128.79999999999973,13,112.20000000000073,2opt,notBad
7976,13,128.79999999999973,13,112.20000000000073,2opt,improve
7977,13,128.79999999999973,13,112.20000000000073,2opt,notBad
7978,13,128.79999999999973,13,112.20000000000073,2opt,improve
7979,13,128.79999999999973,13,112.20000000000073,move,improve
7980,13,128.79999999999973,13,112.20000000000073,move,improve
7981,13,128.79999999999973,13,112.20000000000073,swap,notBad
7982,13,128.79999999999973,13,112.20000000000073,move,improve
7983,13,128.79999999999973,13,112.20000000000073,2opt,notBad
7984,13,128.79999999999973,13,112.20000000000073,move,improve
7985,13,128.79999999999973,13,112.20000000000073,move,improve
7986,13,128.79999999999973,13,112.20000000000073,move,improve
7987,13,128.79999999999973,13,112.20000000000073,swap,notBad
7988,13,128.79999999999973,13,112.20000000000073,move,improve
7989,13,128.79999999999973,13,112.20000000000073,swap,notBad
7990,13,128.79999999999973,13,112.20000000000073,2opt,notBad
7991,13,123.59999999999945,13,112.20000000000073,swap,improve
7992,13,123.59999999999945,13,112.20000000000073,swap,notBad
7993,13,123.59999999999945,13,112.20000000000073,swap,notBad
7994,13,126.0,13,112.20000000000073,swap,acceptBad
7995,13,126.0,13,112.20000000000073,move,improve
7996,13,126.0,13,112.20000000000073,move,improve
7997,13,126.0,13,112.20000000000073,2opt,notBad
7998,13,126.0,13,112.20000000000073,move,improve
7999,13,126.0,13,112.20000000000073,swap,notBad
8000,13,126.0,13,112.20000000000073,2opt,notBad
8001,13,126.0,13,112.20000000000073,move,improve
8002,13,126.0,13,112.20000000000073,move,improve
8003,13,126.0,13,112.20000000000073,swap,notBad
8004,13,126.0,13,112.20000000000073,2opt,notBad
8005,13,126.0,13,112.20000000000073,move,improve
8006,13,126.0,13,112.20000000000073,2opt,notBad
8007,13,126.0,13,112.20000000000073,move,improve
8008,13,126.0,13,112.20000000000073,move,improve
8009,13,126.0,13,112.20000000000073,move,improve
8010,13,126.0,13,112.20000000000073,move,improve
8011,13,126.0,13,112.20000000000073,swap,notBad
8012,13,126.0,13,112.20000000000073,swap,notBad
8013,13,126.0,13,112.20000000000073,swap,notBad
8014,13,126.0,13,112.20000000000073,move,improve
8015,13,126.0,13,112.20000000000073,swap,notBad
8016,13,126.0,13,112.20000000000073,swap,notBad
8017,13,126.0,13,112.20000000000073,move,improve
8018,13,126.0,13,112.20000000000073,swap,notBad
8019,13,126.0,13,112.20000000000073,move,improve
8020,13,126.0,13,112.20000000000073,swap,notBad
8021,13,126.0,13,112.20000000000073,move,improve
8022,13,126.0,13,112.20000000000073,move,improve
8023,13,126.0,13,112.20000000000073,move,improve
8024,13,126.0,13,112.20000000000073,move,improve
8025,13,126.0,13,112.20000000000073,2opt,notBad
8026,13,126.0,13,112.20000000000073,move,improve
8027,13,126.0,13,112.20000000000073,2opt,notBad
8028,13,126.0,13,112.20000000000073,swap,notBad
8029,13,126.0,13,112.20000000000073,swap,notBad
8030,13,126.0,13,112.20000000000073,2opt,improve
8031,13,126.0,13,112.20000000000073,swap,notBad
8032,13,126.0,13,112.20000000000073,swap,notBad
8033,13,126.0,13,112.20000000000073,move,improve
8034,13,126.0,13,112.20000000000073,2opt,notBad
8035,13,126.0,13,112.20000000000073,move,improve
8036,13,126.0,13,112.20000000000073,2opt,notBad
8037,13,126.0,13,112.20000000000073,swap,notBad
8038,13,126.0,13,112.20000000000073,move,improve
8039,13,126.0,13,112.20000000000073,2opt,notBad
8040,13,126.0,13,112.20000000000073,move,improve
8041,13,126.0,13,112.20000000000073,2opt,notBad
8042,13,126.0,13,112.20000000000073,move,improve
8043,13,126.0,13,112.20000000000073,move,improve
8044,13,126.0,13,112.20000000000073,swap,notBad
8045,13,126.0,13,112.20000000000073,move,improve
8046,13,126.0,13,112.20000000000073,swap,notBad
8047,13,126.0,13,112.20000000000073,2opt,notBad
8048,13,126.0,13,112.20000000000073,swap,notBad
8049,13,126.0,13,112.20000000000073,2opt,notBad
8050,13,126.0,13,112.20000000000073,move,improve
8051,13,126.0,13,112.20000000000073,swap,notBad
8052,13,126.0,13,112.20000000000073,move,improve
8053,13,126.0,13,112.20000000000073,swap,notBad
8054,13,126.0,13,112.20000000000073,move,improve
8055,13,126.0,13,112.20000000000073,swap,notBad
8056,13,126.0,13,112.20000000000073,2opt,notBad
8057,13,126.0,13,112.20000000000073,swap,notBad
8058,13,126.0,13,112.20000000000073,move,improve
8059,13,126.0,13,112.20000000000073,2opt,notBad
8060,13,126.0,13,112.20000000000073,move,improve
8061,13,126.0,13,112.20000000000073,swap,notBad
8062,13,126.0,13,112.20000000000073,swap,notBad
8063,13,126.0,13,112.20000000000073,move,improve
8064,13,126.0,13,112.20000000000073,2opt,notBad
8065,13,126.0,13,112.20000000000073,swap,notBad
8066,13,126.0,13,112.20000000000073,move,improve
8067,13,126.0,13,112.20000000000073,2opt,notBad
8068,13,123.59999999999945,13,112.20000000000073,move,improve
8069,13,123.59999999999945,13,112.20000000000073,2opt,notBad
8070,13,123.59999999999945,13,112.20000000000073,move,improve
8071,13,123.59999999999945,13,112.20000000000073,move,improve
8072,13,123.59999999999945,13,112.20000000000073,move,improve
8073,13,123.59999999999945,13,112.20000000000073,move,improve
8074,13,123.59999999999945,13,112.20000000000073,move,notBad
8075,13,123.59999999999945,13,112.20000000000073,swap,notBad
8076,13,123.59999999999945,13,112.20000000000073,move,improve
8077,13,123.59999999999945,13,112.20000000000073,move,improve
8078,13,123.59999999999945,13,112.20000000000073,swap,notBad
8079,13,123.59999999999945,13,112.20000000000073,swap,notBad
8080,13,123.59999999999945,13,112.20000000000073,swap,notBad
8081,13,123.59999999999945,13,112.20000000000073,move,improve
8082,13,123.59999999999945,13,112.20000000000073,2opt,notBad
8083,13,123.59999999999945,13,112.20000000000073,swap,notBad
8084,13,123.59999999999945,13,112.20000000000073,move,improve
8085,13,123.59999999999945,13,112.20000000000073,swap,notBad
8086,13,123.59999999999945,13,112.20000000000073,swap,notBad
8087,13,123.59999999999945,13,112.20000000000073,2opt,notBad
8088,13,123.59999999999945,13,112.20000000000073,move,improve
8089,13,123.59999999999945,13,112.20000000000073,move,improve
8090,13,124.20000000000027,13,112.20000000000073,swap,acceptBad
8091,13,124.20000000000027,13,112.20000000000073,move,improve
8092,13,124.20000000000027,13,112.20000000000073,2opt,notBad
8093,13,124.20000000000027,13,112.20000000000073,move,improve
8094,13,124.20000000000027,13,112.20000000000073,swap,notBad
8095,13,124.20000000000027,13,112.20000000000073,2opt,notBad
8096,13,124.20000000000027,13,112.20000000000073,swap,notBad
8097,13,124.20000000000027,13,112.20000000000073,swap,notBad
8098,13,124.20000000000027,13,112.20000000000073,2opt,notBad
8099,13,124.20000000000027,13,112.20000000000073,2opt,notBad
8100,13,124.20000000000027,13,112.20000000000073,move,improve
8101,13,124.20000000000027,13,112.20000000000073,2opt,notBad
8102,13,124.20000000000027,13,112.20000000000073,2opt,notBad
8103,13,124.20000000000027,13,112.20000000000073,move,improve
8104,13,124.20000000000027,13,112.20000000000073,swap,notBad
8105,13,124.20000000000027,13,112.20000000000073,move,improve
8106,13,124.20000000000027,13,112.20000000000073,2opt,notBad
8107,13,124.20000000000027,13,112.20000000000073,swap,notBad
8108,13,124.20000000000027,13,112.20000000000073,swap,notBad
8109,13,124.20000000000027,13,112.20000000000073,swap,notBad
8110,13,124.20000000000027,13,112.20000000000073,2opt,notBad
8111,13,124.20000000000027,13,112.20000000000073,2opt,notBad
8112,13,124.20000000000027,13,112.20000000000073,swap,notBad
8113,13,124.20000000000027,13,112.20000000000073,2opt,notBad
8114,13,124.20000000000027,13,112.20000000000073,swap,notBad
8115,13,124.20000000000027,13,112.20000000000073,swap,notBad
8116,13,124.20000000000027,13,112.20000000000073,move,improve
8117,13,124.20000000000027,13,112.20000000000073,swap,notBad
8118,13,124.20000000000027,13,112.20000000000073,move,improve
8119,13,130.0,13,112.20000000000073,swap,acceptBad
8120,13,130.0,13,112.20000000000073,2opt,notBad
8121,13,130.0,13,112.20000000000073,move,improve
8122,13,130.0,13,112.20000000000073,move,improve
8123,13,130.0,13,112.20000000000073,swap,notBad
8124,13,130.0,13,112.20000000000073,swap,notBad
8125,13,130.0,13,112.20000000000073,2opt,notBad
8126,13,130.0,13,112.20000000000073,swap,notBad
8127,13,130.0,13,112.20000000000073,move,improve
8128,13,130.0,13,112.20000000000073,2opt,notBad
8129,13,130.0,13,112.20000000000073,swap,notBad
8130,13,130.0,13,112.20000000000073,2opt,notBad
8131,13,130.0,13,112.20000000000073,2opt,notBad
8132,13,124.20000000000027,13,112.20000000000073,move,improve
8133,13,124.20000000000027,13,112.20000000000073,2opt,notBad
8134,13,124.20000000000027,13,112.20000000000073,move,improve
8135,13,124.20000000000027,13,112.20000000000073,swap,notBad
8136,13,124.20000000000027,13,112.20000000000073,2opt,notBad
8137,13,124.20000000000027,13,112.20000000000073,swap,notBad
8138,13,124.20000000000027,13,112.20000000000073,swap,notBad
8139,13,124.20000000000027,13,112.20000000000073,swap,notBad
8140,13,124.20000000000027,13,112.20000000000073,swap,notBad
8141,13,124.20000000000027,13,112.20000000000073,move,improve
8142,13,121.20000000000027,13,112.20000000000073,move,improve
8143,13,121.20000000000027,13,112.20000000000073,move,improve
8144,13,121.20000000000027,13,112.20000000000073,swap,notBad
8145,13,121.20000000000027,13,112.20000000000073,swap,notBad
8146,13,121.20000000000027,13,112.20000000000073,move,improve
8147,13,121.20000000000027,13,112.20000000000073,2opt,notBad
8148,13,121.20000000000027,13,112.20000000000073,swap,notBad
8149,13,121.20000000000027,13,112.20000000000073,swap,notBad
8150,13,121.20000000000027,13,112.20000000000073,move,improve
8151,13,121.20000000000027,13,112.20000000000073,2opt,notBad
8152,13,121.20000000000027,13,112.20000000000073,swap,notBad
8153,13,121.20000000000027,13,112.20000000000073,2opt,notBad
8154,13,121.20000000000027,13,112.20000000000073,move,improve
8155,13,121.20000000000027,13,112.20000000000073,2opt,notBad
8156,13,121.20000000000027,13,112.20000000000073,2opt,notBad
8157,13,121.20000000000027,13,112.20000000000073,2opt,notBad
8158,13,121.20000000000027,13,112.20000000000073,move,improve
8159,13,121.20000000000027,13,112.20000000000073,2opt,notBad
8160,13,121.20000000000027,13,112.20000000000073,swap,notBad
8161,13,121.20000000000027,13,112.20000000000073,swap,notBad
8162,13,121.20000000000027,13,112.20000000000073,2opt,notBad
8163,13,121.20000000000027,13,112.20000000000073,swap,notBad
8164,13,121.20000000000027,13,112.20000000000073,move,improve
8165,13,121.20000000000027,13,112.20000000000073,2opt,notBad
8166,13,121.20000000000027,13,112.20000000000073,2opt,notBad
8167,13,121.20000000000027,13,112.20000000000073,move,improve
8168,13,132.19999999999982,13,112.20000000000073,swap,acceptBad
8169,13,132.19999999999982,13,112.20000000000073,swap,notBad
8170,13,132.19999999999982,13,112.20000000000073,move,improve
8171,13,132.19999999999982,13,112.20000000000073,swap,notBad
8172,13,132.19999999999982,13,112.20000000000073,move,improve
8173,13,132.19999999999982,13,112.20000000000073,move,improve
8174,13,132.19999999999982,13,112.20000000000073,swap,notBad
8175,13,132.19999999999982,13,112.20000000000073,2opt,notBad
8176,13,132.19999999999982,13,112.20000000000073,2opt,notBad
8177,13,132.19999999999982,13,112.20000000000073,move,improve
8178,13,132.19999999999982,13,112.20000000000073,2opt,notBad
8179,13,132.19999999999982,13,112.20000000000073,swap,notBad
8180,13,132.19999999999982,13,112.20000000000073,move,improve
8181,13,132.19999999999982,13,112.20000000000073,2opt,notBad
8182,13,132.19999999999982,13,112.20000000000073,move,improve
8183,13,132.19999999999982,13,112.20000000000073,2opt,notBad
8184,13,132.19999999999982,13,112.20000000000073,move,improve
8185,13,132.19999999999982,13,112.20000000000073,2opt,notBad
8186,13,132.19999999999982,13,112.20000000000073,swap,notBad
8187,13,132.19999999999982,13,112.20000000000073,2opt,notBad
8188,13,132.19999999999982,13,112.20000000000073,move,improve
8189,13,132.19999999999982,13,112.20000000000073,swap,notBad
8190,13,132.19999999999982,13,112.20000000000073,move,improve
8191,13,132.19999999999982,13,112.20000000000073,move,improve
8192,13,132.19999999999982,13,112.20000000000073,swap,notBad
8193,13,132.19999999999982,13,112.20000000000073,swap,notBad
8194,13,132.19999999999982,13,112.20000000000073,2opt,notBad
8195,13,132.19999999999982,13,112.20000000000073,2opt,notBad
8196,13,132.19999999999982,13,112.20000000000073,move,improve
8197,13,132.19999999999982,13,112.20000000000073,2opt,notBad
8198,13,132.19999999999982,13,112.20000000000073,2opt,notBad
8199,13,132.19999999999982,13,112.20000000000073,move,improve
8200,13,132.19999999999982,13,112.20000000000073,2opt,notBad
8201,13,132.19999999999982,13,112.20000000000073,swap,notBad
8202,13,132.19999999999982,13,112.20000000000073,2opt,notBad
8203,13,132.19999999999982,13,112.20000000000073,move,improve
8204,13,132.19999999999982,13,112.20000000000073,swap,notBad
8205,13,132.19999999999982,13,112.20000000000073,move,improve
8206,13,132.19999999999982,13,112.20000000000073,2opt,notBad
8207,13,132.19999999999982,13,112.20000000000073,swap,notBad
8208,13,132.19999999999982,13,112.20000000000073,2opt,notBad
8209,13,132.19999999999982,13,112.20000000000073,2opt,notBad
8210,13,132.19999999999982,13,112.20000000000073,swap,notBad
8211,13,132.19999999999982,13,112.20000000000073,move,improve
8212,13,132.19999999999982,13,112.20000000000073,2opt,notBad
8213,13,132.19999999999982,13,112.20000000000073,swap,notBad
8214,13,132.19999999999982,13,112.20000000000073,2opt,notBad
8215,13,132.19999999999982,13,112.20000000000073,2opt,notBad
8216,13,132.19999999999982,13,112.20000000000073,move,improve
8217,13,132.19999999999982,13,112.20000000000073,swap,notBad
8218,13,132.19999999999982,13,112.20000000000073,2opt,notBad
8219,13,132.19999999999982,13,112.20000000000073,2opt,notBad
8220,13,132.19999999999982,13,112.20000000000073,2opt,notBad
8221,13,132.19999999999982,13,112.20000000000073,2opt,notBad
8222,13,132.19999999999982,13,112.20000000000073,2opt,notBad
8223,13,132.19999999999982,13,112.20000000000073,swap,notBad
8224,13,132.19999999999982,13,112.20000000000073,2opt,notBad
8225,13,132.19999999999982,13,112.20000000000073,2opt,notBad
8226,13,132.19999999999982,13,112.20000000000073,2opt,notBad
8227,13,132.19999999999982,13,112.20000000000073,move,notBad
8228,13,132.19999999999982,13,112.20000000000073,2opt,notBad
8229,13,132.19999999999982,13,112.20000000000073,2opt,notBad
8230,13,132.19999999999982,13,112.20000000000073,2opt,notBad
8231,13,132.19999999999982,13,112.20000000000073,swap,notBad
8232,13,132.19999999999982,13,112.20000000000073,swap,notBad
8233,13,132.19999999999982,13,112.20000000000073,move,improve
8234,13,132.19999999999982,13,112.20000000000073,move,improve
8235,13,132.19999999999982,13,112.20000000000073,move,improve
8236,13,132.19999999999982,13,112.20000000000073,2opt,notBad
8237,13,132.19999999999982,13,112.20000000000073,swap,notBad
8238,13,132.19999999999982,13,112.20000000000073,move,improve
8239,13,132.19999999999982,13,112.20000000000073,move,improve
8240,13,132.19999999999982,13,112.20000000000073,swap,notBad
8241,13,132.19999999999982,13,112.20000000000073,swap,notBad
8242,13,132.19999999999982,13,112.20000000000073,2opt,improve
8243,13,132.19999999999982,13,112.20000000000073,move,improve
8244,13,132.19999999999982,13,112.20000000000073,move,improve
8245,13,132.19999999999982,13,112.20000000000073,2opt,notBad
8246,13,132.19999999999982,13,112.20000000000073,2opt,notBad
8247,13,132.19999999999982,13,112.20000000000073,swap,notBad
8248,13,132.19999999999982,13,112.20000000000073,2opt,notBad
8249,13,132.19999999999982,13,112.20000000000073,swap,notBad
8250,13,144.1999999999996,13,112.20000000000073,swap,acceptBad
8251,13,144.1999999999996,13,112.20000000000073,swap,notBad
8252,13,141.79999999999927,13,112.20000000000073,move,improve
8253,13,141.79999999999927,13,112.20000000000073,move,improve
8254,13,142.79999999999927,13,112.20000000000073,swap,acceptBad
8255,13,151.60000000000014,13,112.20000000000073,swap,acceptBad
8256,13,151.60000000000014,13,112.20000000000073,move,improve
8257,13,151.60000000000014,13,112.20000000000073,swap,notBad
8258,13,151.60000000000014,13,112.20000000000073,move,improve
8259,13,151.60000000000014,13,112.20000000000073,2opt,notBad
8260,13,151.60000000000014,13,112.20000000000073,move,improve
8261,13,151.60000000000014,13,112.20000000000073,2opt,notBad
8262,13,151.60000000000014,13,112.20000000000073,move,improve
8263,13,151.60000000000014,13,112.20000000000073,swap,notBad
8264,13,151.60000000000014,13,112.20000000000073,move,improve
8265,13,151.60000000000014,13,112.20000000000073,2opt,notBad
8266,13,151.60000000000014,13,112.20000000000073,swap,notBad
8267,13,151.60000000000014,13,112.20000000000073,2opt,improve
8268,13,151.60000000000014,13,112.20000000000073,move,improve
8269,13,151.60000000000014,13,112.20000000000073,2opt,notBad
8270,13,151.60000000000014,13,112.20000000000073,move,improve
8271,13,151.60000000000014,13,112.20000000000073,2opt,notBad
8272,13,151.60000000000014,13,112.20000000000073,move,improve
8273,13,151.60000000000014,13,112.20000000000073,move,improve
8274,13,151.60000000000014,13,112.20000000000073,move,improve
8275,13,151.60000000000014,13,112.20000000000073,swap,notBad
8276,13,151.60000000000014,13,112.20000000000073,move,improve
8277,13,151.60000000000014,13,112.20000000000073,2opt,notBad
8278,13,151.60000000000014,13,112.20000000000073,2opt,notBad
8279,13,151.60000000000014,13,112.20000000000073,move,improve
8280,13,151.60000000000014,13,112.20000000000073,swap,notBad
8281,13,151.60000000000014,13,112.20000000000073,move,improve
8282,13,151.60000000000014,13,112.20000000000073,2opt,notBad
8283,13,151.60000000000014,13,112.20000000000073,swap,notBad
8284,13,151.60000000000014,13,112.20000000000073,swap,notBad
8285,13,151.60000000000014,13,112.20000000000073,move,improve
8286,13,151.60000000000014,13,112.20000000000073,2opt,notBad
8287,13,151.60000000000014,13,112.20000000000073,swap,notBad
8288,13,151.60000000000014,13,112.20000000000073,2opt,notBad
8289,13,151.60000000000014,13,112.20000000000073,swap,notBad
8290,13,151.60000000000014,13,112.20000000000073,2opt,notBad
8291,13,151.60000000000014,13,112.20000000000073,2opt,notBad
8292,13,151.60000000000014,13,112.20000000000073,swap,notBad
8293,13,151.60000000000014,13,112.20000000000073,2opt,notBad
8294,13,151.60000000000014,13,112.20000000000073,move,improve
8295,13,151.60000000000014,13,112.20000000000073,move,improve
8296,13,151.60000000000014,13,112.20000000000073,move,improve
8297,13,151.60000000000014,13,112.20000000000073,swap,notBad
8298,13,151.60000000000014,13,112.20000000000073,swap,notBad
8299,13,151.60000000000014,13,112.20000000000073,move,improve
8300,13,151.60000000000014,13,112.20000000000073,2opt,notBad
8301,13,151.60000000000014,13,112.20000000000073,2opt,notBad
8302,13,151.60000000000014,13,112.20000000000073,move,improve
8303,13,151.60000000000014,13,112.20000000000073,swap,notBad
8304,13,151.60000000000014,13,112.20000000000073,move,improve
8305,13,151.60000000000014,13,112.20000000000073,move,improve
8306,13,151.60000000000014,13,112.20000000000073,2opt,notBad
8307,13,151.60000000000014,13,112.20000000000073,move,improve
8308,13,151.60000000000014,13,112.20000000000073,swap,notBad
8309,13,151.60000000000014,13,112.20000000000073,swap,notBad
8310,13,151.60000000000014,13,112.20000000000073,2opt,notBad
8311,13,151.60000000000014,13,112.20000000000073,2opt,notBad
8312,13,151.60000000000014,13,112.20000000000073,swap,notBad
8313,13,151.60000000000014,13,112.20000000000073,swap,notBad
8314,13,151.60000000000014,13,112.20000000000073,2opt,notBad
8315,13,151.60000000000014,13,112.20000000000073,swap,notBad
8316,13,151.60000000000014,13,112.20000000000073,2opt,notBad
8317,13,151.60000000000014,13,112.20000000000073,move,improve
8318,13,151.60000000000014,13,112.20000000000073,swap,notBad
8319,13,151.60000000000014,13,112.20000000000073,move,improve
8320,13,151.60000000000014,13,112.20000000000073,move,improve
8321,13,151.60000000000014,13,112.20000000000073,2opt,notBad
8322,13,151.60000000000014,13,112.20000000000073,2opt,notBad
8323,13,151.60000000000014,13,112.20000000000073,swap,notBad
8324,13,151.60000000000014,13,112.20000000000073,2opt,notBad
8325,13,151.60000000000014,13,112.20000000000073,move,improve
8326,13,151.60000000000014,13,112.20000000000073,2opt,notBad
8327,13,151.60000000000014,13,112.20000000000073,move,improve
8328,13,151.60000000000014,13,112.20000000000073,move,improve
8329,13,151.60000000000014,13,112.20000000000073,2opt,improve
8330,13,151.60000000000014,13,112.20000000000073,swap,notBad
8331,13,151.60000000000014,13,112.20000000000073,swap,notBad
8332,13,151.60000000000014,13,112.20000000000073,move,improve
8333,13,151.60000000000014,13,112.20000000000073,2opt,notBad
8334,13,151.60000000000014,13,112.20000000000073,swap,notBad
8335,13,151.60000000000014,13,112.20000000000073,move,improve
8336,13,151.60000000000014,13,112.20000000000073,2opt,notBad
8337,13,151.60000000000014,13,112.20000000000073,swap,notBad
8338,13,151.60000000000014,13,112.20000000000073,swap,notBad
8339,13,162.39999999999918,13,112.20000000000073,swap,acceptBad
8340,13,162.39999999999918,13,112.20000000000073,move,improve
8341,13,162.39999999999918,13,112.20000000000073,swap,notBad
8342,13,162.39999999999918,13,112.20000000000073,move,improve
8343,13,162.39999999999918,13,112.20000000000073,2opt,notBad
8344,13,162.39999999999918,13,112.20000000000073,move,improve
8345,13,162.39999999999918,13,112.20000000000073,move,improve
8346,13,162.39999999999918,13,112.20000000000073,2opt,notBad
8347,13,162.39999999999918,13,112.20000000000073,swap,notBad
8348,13,162.39999999999918,13,112.20000000000073,swap,notBad
8349,13,162.39999999999918,13,112.20000000000073,swap,notBad
8350,13,162.39999999999918,13,112.20000000000073,swap,notBad
8351,13,162.39999999999918,13,112.20000000000073,move,improve
8352,13,162.39999999999918,13,112.20000000000073,move,improve
8353,13,162.39999999999918,13,112.20000000000073,swap,notBad
8354,13,162.39999999999918,13,112.20000000000073,move,improve
8355,13,162.39999999999918,13,112.20000000000073,move,improve
8356,13,162.39999999999918,13,112.20000000000073,swap,notBad
8357,13,162.39999999999918,13,112.20000000000073,swap,notBad
8358,13,162.39999999999918,13,112.20000000000073,2opt,notBad
8359,13,162.39999999999918,13,112.20000000000073,2opt,notBad
8360,13,162.39999999999918,13,112.20000000000073,move,improve
8361,13,162.39999999999918,13,112.20000000000073,2opt,notBad
8362,13,162.39999999999918,13,112.20000000000073,2opt,notBad
8363,13,162.39999999999918,13,112.20000000000073,swap,notBad
8364,13,162.39999999999918,13,112.20000000000073,swap,notBad
8365,13,162.39999999999918,13,112.20000000000073,swap,notBad
8366,13,162.39999999999918,13,112.20000000000073,swap,notBad
8367,13,162.39999999999918,13,112.20000000000073,move,improve
8368,13,162.39999999999918,13,112.20000000000073,move,improve
8369,13,162.39999999999918,13,112.20000000000073,swap,notBad
8370,13,162.39999999999918,13,112.20000000000073,swap,notBad
8371,13,162.39999999999918,13,112.20000000000073,move,improve
8372,13,162.39999999999918,13,112.20000000000073,swap,notBad
8373,13,162.39999999999918,13,112.20000000000073,move,improve
8374,13,162.39999999999918,13,112.20000000000073,swap,notBad
8375,13,162.39999999999918,13,112.20000000000073,2opt,notBad
8376,13,162.39999999999918,13,112.20000000000073,swap,notBad
8377,13,162.39999999999918,13,112.20000000000073,move,improve
8378,13,162.39999999999918,13,112.20000000000073,swap,notBad
8379,13,162.39999999999918,13,112.20000000000073,swap,notBad
8380,13,162.39999999999918,13,112.20000000000073,swap,notBad
8381,13,162.39999999999918,13,112.20000000000073,2opt,notBad
8382,13,138.79999999999995,13,112.20000000000073,move,improve
8383,13,138.79999999999995,13,112.20000000000073,2opt,notBad
8384,13,138.79999999999995,13,112.20000000000073,swap,notBad
8385,13,138.79999999999995,13,112.20000000000073,2opt,notBad
8386,13,134.99999999999977,13,112.20000000000073,move,improve
8387,13,134.99999999999977,13,112.20000000000073,swap,notBad
8388,13,134.99999999999977,13,112.20000000000073,move,improve
8389,13,134.99999999999977,13,112.20000000000073,move,improve
8390,13,134.99999999999977,13,112.20000000000073,move,improve
8391,13,134.99999999999977,13,112.20000000000073,2opt,notBad
8392,13,134.99999999999977,13,112.20000000000073,swap,notBad
8393,13,134.99999999999977,13,112.20000000000073,2opt,notBad
8394,13,134.99999999999977,13,112.20000000000073,swap,notBad
8395,13,134.99999999999977,13,112.20000000000073,swap,notBad
8396,13,138.99999999999932,13,112.20000000000073,swap,acceptBad
8397,13,138.99999999999932,13,112.20000000000073,2opt,improve
8398,13,138.99999999999932,13,112.20000000000073,swap,notBad
8399,13,138.99999999999932,13,112.20000000000073,2opt,notBad
8400,13,138.99999999999932,13,112.20000000000073,2opt,notBad
8401,13,138.99999999999932,13,112.20000000000073,move,improve
8402,13,138.99999999999932,13,112.20000000000073,swap,notBad
8403,13,138.99999999999932,13,112.20000000000073,2opt,improve
8404,13,138.99999999999932,13,112.20000000000073,swap,notBad
8405,13,138.99999999999932,13,112.20000000000073,2opt,notBad
8406,13,138.99999999999932,13,112.20000000000073,swap,notBad
8407,13,138.99999999999932,13,112.20000000000073,move,improve
8408,13,138.99999999999932,13,112.20000000000073,2opt,notBad
8409,13,138.99999999999932,13,112.20000000000073,swap,notBad
8410,13,138.99999999999932,13,112.20000000000073,swap,notBad
8411,13,138.99999999999932,13,112.20000000000073,2opt,notBad
8412,13,138.99999999999932,13,112.20000000000073,swap,notBad
8413,13,138.99999999999932,13,112.20000000000073,2opt,notBad
8414,13,138.99999999999932,13,112.20000000000073,move,improve
8415,13,138.99999999999932,13,112.20000000000073,2opt,notBad
8416,13,138.99999999999932,13,112.20000000000073,swap,notBad
8417,13,133.5999999999999,13,112.20000000000073,move,improve
8418,13,133.5999999999999,13,112.20000000000073,2opt,notBad
8419,13,133.5999999999999,13,112.20000000000073,swap,notBad
8420,13,133.5999999999999,13,112.20000000000073,swap,notBad
8421,13,133.5999999999999,13,112.20000000000073,swap,notBad
8422,13,133.5999999999999,13,112.20000000000073,move,improve
8423,13,133.5999999999999,13,112.20000000000073,swap,notBad
8424,13,133.5999999999999,13,112.20000000000073,swap,notBad
8425,13,133.5999999999999,13,112.20000000000073,2opt,notBad
8426,13,133.5999999999999,13,112.20000000000073,swap,notBad
8427,13,133.5999999999999,13,112.20000000000073,2opt,notBad
8428,13,133.5999999999999,13,112.20000000000073,swap,notBad
8429,13,133.5999999999999,13,112.20000000000073,swap,notBad
8430,13,133.5999999999999,13,112.20000000000073,move,improve
8431,13,133.5999999999999,13,112.20000000000073,2opt,notBad
8432,13,133.5999999999999,13,112.20000000000073,swap,notBad
8433,13,133.5999999999999,13,112.20000000000073,swap,notBad
8434,13,133.5999999999999,13,112.20000000000073,2opt,notBad
8435,13,133.5999999999999,13,112.20000000000073,2opt,notBad
8436,13,133.5999999999999,13,112.20000000000073,move,improve
8437,13,133.5999999999999,13,112.20000000000073,2opt,improve
8438,13,135.20000000000027,13,112.20000000000073,swap,acceptBad
8439,13,135.20000000000027,13,112.20000000000073,move,improve
8440,13,135.20000000000027,13,112.20000000000073,2opt,notBad
8441,13,135.20000000000027,13,112.20000000000073,2opt,notBad
8442,13,135.20000000000027,13,112.20000000000073,2opt,notBad
8443,13,135.20000000000027,13,112.20000000000073,swap,notBad
8444,13,135.20000000000027,13,112.20000000000073,swap,notBad
8445,13,135.20000000000027,13,112.20000000000073,2opt,notBad
8446,13,135.20000000000027,13,112.20000000000073,2opt,improve
8447,13,135.20000000000027,13,112.20000000000073,move,improve
8448,13,135.20000000000027,13,112.20000000000073,swap,notBad
8449,13,135.20000000000027,13,112.20000000000073,move,improve
8450,13,135.20000000000027,13,112.20000000000073,2opt,notBad
8451,13,135.20000000000027,13,112.20000000000073,move,improve
8452,13,135.20000000000027,13,112.20000000000073,move,improve
8453,13,135.20000000000027,13,112.20000000000073,swap,notBad
8454,13,135.20000000000027,13,112.20000000000073,swap,notBad
8455,13,135.20000000000027,13,112.20000000000073,swap,notBad
8456,13,135.20000000000027,13,112.20000000000073,swap,notBad
8457,13,135.20000000000027,13,112.20000000000073,2opt,notBad
8458,13,135.20000000000027,13,112.20000000000073,move,improve
8459,13,135.20000000000027,13,112.20000000000073,swap,notBad
8460,13,135.20000000000027,13,112.20000000000073,2opt,notBad
8461,13,135.20000000000027,13,112.20000000000073,move,improve
8462,13,135.20000000000027,13,112.20000000000073,move,improve
8463,13,135.20000000000027,13,112.20000000000073,2opt,notBad
8464,13,135.20000000000027,13,112.20000000000073,2opt,notBad
8465,13,135.20000000000027,13,112.20000000000073,2opt,notBad
8466,13,135.20000000000027,13,112.20000000000073,move,improve
8467,13,135.20000000000027,13,112.20000000000073,2opt,notBad
8468,13,135.20000000000027,13,112.20000000000073,move,improve
8469,13,135.20000000000027,13,112.20000000000073,2opt,notBad
8470,13,135.20000000000027,13,112.20000000000073,2opt,notBad
8471,13,135.20000000000027,13,112.20000000000073,swap,notBad
8472,13,135.20000000000027,13,112.20000000000073,move,improve
8473,13,135.20000000000027,13,112.20000000000073,swap,notBad
8474,13,135.20000000000027,13,112.20000000000073,2opt,notBad
8475,13,135.20000000000027,13,112.20000000000073,move,improve
8476,13,135.20000000000027,13,112.20000000000073,2opt,notBad
8477,13,135.20000000000027,13,112.20000000000073,2opt,notBad
8478,13,135.20000000000027,13,112.20000000000073,2opt,notBad
8479,13,135.20000000000027,13,112.20000000000073,move,improve
8480,13,135.20000000000027,13,112.20000000000073,2opt,notBad
8481,13,135.20000000000027,13,112.20000000000073,move,improve
8482,13,135.20000000000027,13,112.20000000000073,2opt,improve
8483,13,135.20000000000027,13,112.20000000000073,move,improve
8484,13,135.20000000000027,13,112.20000000000073,move,improve
8485,13,135.20000000000027,13,112.20000000000073,swap,notBad
8486,13,135.20000000000027,13,112.20000000000073,2opt,notBad
8487,13,135.20000000000027,13,112.20000000000073,2opt,notBad
8488,13,135.20000000000027,13,112.20000000000073,move,improve
8489,13,135.20000000000027,13,112.20000000000073,2opt,notBad
8490,13,135.20000000000027,13,112.20000000000073,swap,notBad
8491,13,133.5999999999999,13,112.20000000000073,move,improve
8492,13,133.5999999999999,13,112.20000000000073,2opt,notBad
8493,13,133.5999999999999,13,112.20000000000073,move,improve
8494,13,133.5999999999999,13,112.20000000000073,move,improve
8495,13,133.5999999999999,13,112.20000000000073,move,improve
8496,13,133.5999999999999,13,112.20000000000073,2opt,notBad
8497,13,133.5999999999999,13,112.20000000000073,2opt,notBad
8498,13,133.5999999999999,13,112.20000000000073,swap,notBad
8499,13,133.5999999999999,13,112.20000000000073,swap,notBad
8500,13,133.5999999999999,13,112.20000000000073,swap,notBad
8501,13,133.5999999999999,13,112.20000000000073,2opt,notBad
8502,13,133.5999999999999,13,112.20000000000073,2opt,notBad
8503,13,133.5999999999999,13,112.20000000000073,move,notBad
8504,13,133.5999999999999,13,112.20000000000073,swap,notBad
8505,13,133.5999999999999,13,112.20000000000073,2opt,notBad
8506,13,133.5999999999999,13,112.20000000000073,swap,notBad
8507,13,133.5999999999999,13,112.20000000000073,swap,notBad
8508,13,133.5999999999999,13,112.20000000000073,move,improve
8509,13,133.5999999999999,13,112.20000000000073,move,improve
8510,13,133.5999999999999,13,112.20000000000073,swap,notBad
8511,13,133.5999999999999,13,112.20000000000073,move,improve
8512,13,138.40000000000055,13,112.20000000000073,swap,acceptBad
8513,13,138.40000000000055,13,112.20000000000073,2opt,notBad
8514,13,138.40000000000055,13,112.20000000000073,2opt,notBad
8515,13,138.40000000000055,13,112.20000000000073,2opt,notBad
8516,13,138.40000000000055,13,112.20000000000073,2opt,improve
8517,13,138.40000000000055,13,112.20000000000073,swap,notBad
8518,13,138.40000000000055,13,112.20000000000073,move,improve
8519,13,138.40000000000055,13,112.20000000000073,move,improve
8520,13,138.40000000000055,13,112.20000000000073,move,improve
8521,13,138.40000000000055,13,112.20000000000073,move,improve
8522,13,138.40000000000055,13,112.20000000000073,2opt,notBad
8523,13,138.40000000000055,13,112.20000000000073,2opt,notBad
8524,13,138.40000000000055,13,112.20000000000073,2opt,notBad
8525,13,138.40000000000055,13,112.20000000000073,swap,notBad
8526,13,138.40000000000055,13,112.20000000000073,move,improve
8527,13,138.40000000000055,13,112.20000000000073,move,improve
8528,13,138.40000000000055,13,112.20000000000073,move,improve
8529,13,138.40000000000055,13,112.20000000000073,move,improve
8530,13,138.40000000000055,13,112.20000000000073,2opt,notBad
8531,13,138.40000000000055,13,112.20000000000073,swap,notBad
8532,13,138.40000000000055,13,112.20000000000073,2opt,notBad
8533,13,138.40000000000055,13,112.20000000000073,2opt,notBad
8534,13,138.40000000000055,13,112.20000000000073,swap,notBad
8535,13,138.40000000000055,13,112.20000000000073,swap,notBad
8536,13,138.40000000000055,13,112.20000000000073,swap,notBad
8537,13,133.5999999999999,13,112.20000000000073,swap,improve
8538,13,133.5999999999999,13,112.20000000000073,swap,notBad
8539,13,133.5999999999999,13,112.20000000000073,2opt,notBad
8540,13,133.5999999999999,13,112.20000000000073,swap,notBad
8541,13,133.5999999999999,13,112.20000000000073,move,improve
8542,13,133.5999999999999,13,112.20000000000073,move,improve
8543,13,133.5999999999999,13,112.20000000000073,swap,notBad
8544,13,133.5999999999999,13,112.20000000000073,move,improve
8545,13,133.5999999999999,13,112.20000000000073,swap,notBad
8546,13,133.5999999999999,13,112.20000000000073,move,improve
8547,13,133.5999999999999,13,112.20000000000073,2opt,notBad
8548,13,133.5999999999999,13,112.20000000000073,2opt,notBad
8549,13,133.5999999999999,13,112.20000000000073,swap,notBad
8550,13,133.5999999999999,13,112.20000000000073,swap,notBad
8551,13,133.5999999999999,13,112.20000000000073,swap,notBad
8552,13,133.5999999999999,13,112.20000000000073,swap,notBad
8553,13,133.5999999999999,13,112.20000000000073,swap,notBad
8554,13,133.5999999999999,13,112.20000000000073,swap,notBad
8555,13,133.5999999999999,13,112.20000000000073,swap,notBad
8556,13,133.5999999999999,13,112.20000000000073,2opt,notBad
8557,13,133.5999999999999,13,112.20000000000073,move,notBad
8558,13,133.5999999999999,13,112.20000000000073,move,improve
8559,13,133.5999999999999,13,112.20000000000073,swap,notBad
8560,13,133.5999999999999,13,112.20000000000073,move,improve
8561,13,133.5999999999999,13,112.20000000000073,2opt,notBad
8562,13,133.5999999999999,13,112.20000000000073,move,improve
8563,13,133.5999999999999,13,112.20000000000073,2opt,notBad
8564,13,133.5999999999999,13,112.20000000000073,move,improve
8565,13,133.5999999999999,13,112.20000000000073,swap,notBad
8566,13,133.5999999999999,13,112.20000000000073,2opt,notBad
8567,13,133.5999999999999,13,112.20000000000073,swap,notBad
8568,13,133.5999999999999,13,112.20000000000073,2opt,notBad
8569,13,133.5999999999999,13,112.20000000000073,move,improve
8570,13,133.5999999999999,13,112.20000000000073,swap,notBad
8571,13,133.5999999999999,13,112.20000000000073,move,improve
8572,13,133.5999999999999,13,112.20000000000073,move,improve
8573,13,133.5999999999999,13,112.20000000000073,move,improve
8574,13,133.5999999999999,13,112.20000000000073,2opt,notBad
8575,13,133.5999999999999,13,112.20000000000073,swap,notBad
8576,13,133.5999999999999,13,112.20000000000073,2opt,notBad
8577,13,133.5999999999999,13,112.20000000000073,2opt,notBad
8578,13,133.5999999999999,13,112.20000000000073,swap,notBad
8579,13,133.5999999999999,13,112.20000000000073,swap,notBad
8580,13,133.5999999999999,13,112.20000000000073,swap,notBad
8581,13,133.5999999999999,13,112.20000000000073,swap,notBad
8582,13,133.5999999999999,13,112.20000000000073,move,improve
8583,13,133.5999999999999,13,112.20000000000073,swap,notBad
8584,13,133.5999999999999,13,112.20000000000073,2opt,notBad
8585,13,133.5999999999999,13,112.20000000000073,swap,notBad
8586,13,133.5999999999999,13,112.20000000000073,2opt,notBad
8587,13,133.5999999999999,13,112.20000000000073,2opt,notBad
8588,13,133.5999999999999,13,112.20000000000073,move,improve
8589,13,133.5999999999999,13,112.20000000000073,move,improve
8590,13,133.5999999999999,13,112.20000000000073,2opt,notBad
8591,13,133.5999999999999,13,112.20000000000073,2opt,notBad
8592,13,133.5999999999999,13,112.20000000000073,move,improve
8593,13,133.5999999999999,13,112.20000000000073,2opt,notBad
8594,13,133.5999999999999,13,112.20000000000073,2opt,notBad
8595,13,133.5999999999999,13,112.20000000000073,move,improve
8596,13,133.5999999999999,13,112.20000000000073,move,improve
8597,13,133.5999999999999,13,112.20000000000073,2opt,improve
8598,13,133.5999999999999,13,112.20000000000073,move,improve
8599,13,133.5999999999999,13,112.20000000000073,swap,notBad
8600,13,133.5999999999999,13,112.20000000000073,swap,notBad
8601,13,133.5999999999999,13,112.20000000000073,move,improve
8602,13,133.5999999999999,13,112.20000000000073,swap,notBad
8603,13,133.5999999999999,13,112.20000000000073,swap,notBad
8604,13,133.5999999999999,13,112.20000000000073,move,improve
8605,13,133.5999999999999,13,112.20000000000073,2opt,notBad
8606,13,133.5999999999999,13,112.20000000000073,2opt,notBad
8607,13,133.5999999999999,13,112.20000000000073,2opt,notBad
8608,13,133.5999999999999,13,112.20000000000073,swap,notBad
8609,13,133.5999999999999,13,112.20000000000073,swap,notBad
8610,13,133.5999999999999,13,112.20000000000073,swap,notBad
8611,13,133.5999999999999,13,112.20000000000073,2opt,notBad
8612,13,133.5999999999999,13,112.20000000000073,move,improve
8613,13,133.5999999999999,13,112.20000000000073,swap,notBad
8614,13,133.5999999999999,13,112.20000000000073,move,improve
8615,13,133.5999999999999,13,112.20000000000073,2opt,notBad
8616,13,133.5999999999999,13,112.20000000000073,move,improve
8617,13,133.5999999999999,13,112.20000000000073,2opt,notBad
8618,13,133.5999999999999,13,112.20000000000073,2opt,improve
8619,13,133.5999999999999,13,112.20000000000073,move,improve
8620,13,133.5999999999999,13,112.20000000000073,move,improve
8621,13,133.5999999999999,13,112.20000000000073,move,improve
8622,13,133.5999999999999,13,112.20000000000073,swap,notBad
8623,13,133.5999999999999,13,112.20000000000073,move,improve
8624,13,133.5999999999999,13,112.20000000000073,move,improve
8625,13,133.5999999999999,13,112.20000000000073,swap,notBad
8626,13,133.5999999999999,13,112.20000000000073,move,improve
8627,13,133.5999999999999,13,112.20000000000073,move,improve
8628,13,133.5999999999999,13,112.20000000000073,swap,notBad
8629,13,133.5999999999999,13,112.20000000000073,2opt,notBad
8630,13,133.5999999999999,13,112.20000000000073,2opt,notBad
8631,13,133.5999999999999,13,112.20000000000073,swap,notBad
8632,13,133.5999999999999,13,112.20000000000073,move,improve
8633,13,133.5999999999999,13,112.20000000000073,swap,notBad
8634,13,133.5999999999999,13,112.20000000000073,swap,notBad
8635,13,133.5999999999999,13,112.20000000000073,swap,notBad
8636,13,133.5999999999999,13,112.20000000000073,2opt,notBad
8637,13,133.5999999999999,13,112.20000000000073,swap,notBad
8638,13,133.5999999999999,13,112.20000000000073,swap,notBad
8639,13,133.5999999999999,13,112.20000000000073,swap,notBad
8640,13,133.5999999999999,13,112.20000000000073,move,improve
8641,13,133.5999999999999,13,112.20000000000073,move,improve
8642,13,133.5999999999999,13,112.20000000000073,2opt,improve
8643,13,133.5999999999999,13,112.20000000000073,swap,notBad
8644,13,133.5999999999999,13,112.20000000000073,2opt,notBad
8645,13,133.5999999999999,13,112.20000000000073,move,improve
8646,13,133.5999999999999,13,112.20000000000073,swap,notBad
8647,13,133.5999999999999,13,112.20000000000073,2opt,notBad
8648,13,133.5999999999999,13,112.20000000000073,2opt,notBad
8649,13,133.5999999999999,13,112.20000000000073,2opt,notBad
8650,13,133.5999999999999,13,112.20000000000073,move,improve
8651,13,133.5999999999999,13,112.20000000000073,2opt,notBad
8652,13,133.5999999999999,13,112.20000000000073,move,improve
8653,13,133.5999999999999,13,112.20000000000073,swap,notBad
8654,13,133.5999999999999,13,112.20000000000073,swap,notBad
8655,13,133.5999999999999,13,112.20000000000073,swap,notBad
8656,13,133.5999999999999,13,112.20000000000073,swap,notBad
8657,13,133.5999999999999,13,112.20000000000073,2opt,notBad
8658,13,133.5999999999999,13,112.20000000000073,move,improve
8659,13,133.5999999999999,13,112.20000000000073,move,improve
8660,13,133.5999999999999,13,112.20000000000073,swap,notBad
8661,13,133.5999999999999,13,112.20000000000073,swap,notBad
8662,13,133.5999999999999,13,112.20000000000073,2opt,notBad
8663,13,133.5999999999999,13,112.20000000000073,swap,notBad
8664,13,133.5999999999999,13,112.20000000000073,move,improve
8665,13,133.5999999999999,13,112.20000000000073,2opt,notBad
8666,13,133.5999999999999,13,112.20000000000073,move,improve
8667,13,133.5999999999999,13,112.20000000000073,swap,notBad
8668,13,131.39999999999986,13,112.20000000000073,swap,improve
8669,13,131.39999999999986,13,112.20000000000073,swap,notBad
8670,13,131.39999999999986,13,112.20000000000073,move,improve
8671,13,131.39999999999986,13,112.20000000000073,move,improve
8672,13,131.39999999999986,13,112.20000000000073,2opt,notBad
8673,13,131.39999999999986,13,112.20000000000073,swap,notBad
8674,13,131.39999999999986,13,112.20000000000073,swap,notBad
8675,13,131.39999999999986,13,112.20000000000073,swap,notBad
8676,13,131.39999999999986,13,112.20000000000073,2opt,notBad
8677,13,126.39999999999964,13,112.20000000000073,swap,improve
8678,13,126.39999999999964,13,112.20000000000073,swap,notBad
8679,13,126.39999999999964,13,112.20000000000073,2opt,notBad
8680,13,126.39999999999964,13,112.20000000000073,move,improve
8681,13,126.39999999999964,13,112.20000000000073,move,improve
8682,13,126.39999999999964,13,112.20000000000073,2opt,notBad
8683,13,126.39999999999964,13,112.20000000000073,swap,notBad
8684,13,126.39999999999964,13,112.20000000000073,move,improve
8685,13,126.39999999999964,13,112.20000000000073,swap,notBad
8686,13,126.39999999999964,13,112.20000000000073,2opt,notBad
8687,13,126.39999999999964,13,112.20000000000073,swap,notBad
8688,13,126.39999999999964,13,112.20000000000073,swap,notBad
8689,13,126.39999999999964,13,112.20000000000073,move,improve
8690,13,126.39999999999964,13,112.20000000000073,swap,notBad
8691,13,126.39999999999964,13,112.20000000000073,swap,notBad
8692,13,126.39999999999964,13,112.20000000000073,move,improve
8693,13,126.39999999999964,13,112.20000000000073,move,improve
8694,13,126.39999999999964,13,112.20000000000073,swap,notBad
8695,13,126.39999999999964,13,112.20000000000073,swap,notBad
8696,13,126.39999999999964,13,112.20000000000073,2opt,notBad
8697,13,126.39999999999964,13,112.20000000000073,swap,notBad
8698,13,126.39999999999964,13,112.20000000000073,2opt,notBad
8699,13,126.39999999999964,13,112.20000000000073,2opt,notBad
8700,13,126.39999999999964,13,112.20000000000073,move,improve
8701,13,126.39999999999964,13,112.20000000000073,move,improve
8702,13,126.39999999999964,13,112.20000000000073,swap,notBad
8703,13,126.39999999999964,13,112.20000000000073,2opt,notBad
8704,13,126.39999999999964,13,112.20000000000073,swap,notBad
8705,13,126.39999999999964,13,112.20000000000073,swap,notBad
8706,13,126.39999999999964,13,112.20000000000073,move,improve
8707,13,126.39999999999964,13,112.20000000000073,swap,notBad
8708,13,126.39999999999964,13,112.20000000000073,2opt,notBad
8709,13,126.39999999999964,13,112.20000000000073,move,improve
8710,13,126.39999999999964,13,112.20000000000073,swap,notBad
8711,13,126.39999999999964,13,112.20000000000073,move,improve
8712,13,126.39999999999964,13,112.20000000000073,move,improve
8713,13,126.39999999999964,13,112.20000000000073,swap,notBad
8714,13,126.39999999999964,13,112.20000000000073,move,improve
8715,13,126.39999999999964,13,112.20000000000073,move,improve
8716,13,126.39999999999964,13,112.20000000000073,move,improve
8717,13,126.39999999999964,13,112.20000000000073,swap,notBad
8718,13,126.39999999999964,13,112.20000000000073,2opt,notBad
8719,13,126.39999999999964,13,112.20000000000073,swap,notBad
8720,13,119.00000000000068,13,112.20000000000073,swap,improve
8721,13,119.00000000000068,13,112.20000000000073,2opt,notBad
8722,13,119.00000000000068,13,112.20000000000073,2opt,notBad
8723,13,119.00000000000068,13,112.20000000000073,swap,notBad
8724,13,119.00000000000068,13,112.20000000000073,swap,notBad
8725,13,119.00000000000068,13,112.20000000000073,move,improve
8726,13,119.00000000000068,13,112.20000000000073,swap,notBad
8727,13,119.00000000000068,13,112.20000000000073,move,improve
8728,13,119.00000000000068,13,112.20000000000073,swap,notBad
8729,13,119.00000000000068,13,112.20000000000073,swap,notBad
8730,13,119.00000000000068,13,112.20000000000073,swap,notBad
8731,13,119.00000000000068,13,112.20000000000073,swap,notBad
8732,13,119.00000000000068,13,112.20000000000073,swap,notBad
8733,13,119.00000000000068,13,112.20000000000073,2opt,notBad
8734,13,119.00000000000068,13,112.20000000000073,swap,notBad
8735,13,119.00000000000068,13,112.20000000000073,move,improve
8736,13,119.00000000000068,13,112.20000000000073,move,improve
8737,13,119.00000000000068,13,112.20000000000073,2opt,notBad
8738,13,119.00000000000068,13,112.20000000000073,2opt,notBad
8739,13,119.00000000000068,13,112.20000000000073,swap,notBad
8740,13,119.00000000000068,13,112.20000000000073,move,improve
8741,13,119.00000000000068,13,112.20000000000073,swap,notBad
8742,13,119.00000000000068,13,112.20000000000073,move,improve
8743,13,119.00000000000068,13,112.20000000000073,swap,notBad
8744,13,119.00000000000068,13,112.20000000000073,2opt,notBad
8745,13,119.00000000000068,13,112.20000000000073,2opt,notBad
8746,13,119.00000000000068,13,112.20000000000073,swap,notBad
8747,13,119.00000000000068,13,112.20000000000073,swap,notBad
8748,13,119.00000000000068,13,112.20000000000073,2opt,notBad
8749,13,119.00000000000068,13,112.20000000000073,swap,notBad
8750,13,119.00000000000068,13,112.20000000000073,swap,notBad
8751,13,119.00000000000068,13,112.20000000000073,2opt,improve
8752,13,119.00000000000068,13,112.20000000000073,move,improve
8753,13,119.00000000000068,13,112.20000000000073,swap,notBad
8754,13,119.00000000000068,13,112.20000000000073,2opt,notBad
8755,13,119.00000000000068,13,112.20000000000073,2opt,notBad
8756,13,119.00000000000068,13,112.20000000000073,swap,notBad
8757,13,119.00000000000068,13,112.20000000000073,swap,notBad
8758,13,119.00000000000068,13,112.20000000000073,swap,notBad
8759,13,119.00000000000068,13,112.20000000000073,swap,notBad
8760,13,119.00000000000068,13,112.20000000000073,2opt,notBad
8761,13,119.00000000000068,13,112.20000000000073,swap,notBad
8762,13,119.00000000000068,13,112.20000000000073,2opt,notBad
8763,13,119.00000000000068,13,112.20000000000073,2opt,notBad
8764,13,119.00000000000068,13,112.20000000000073,2opt,notBad
8765,13,119.00000000000068,13,112.20000000000073,2opt,notBad
8766,13,119.00000000000068,13,112.20000000000073,move,improve
8767,13,119.00000000000068,13,112.20000000000073,2opt,notBad
8768,13,119.00000000000068,13,112.20000000000073,2opt,notBad
8769,13,117.19999999999982,13,112.20000000000073,move,improve
8770,13,117.19999999999982,13,112.20000000000073,move,improve
8771,13,117.19999999999982,13,112.20000000000073,2opt,improve
8772,13,117.19999999999982,13,112.20000000000073,swap,notBad
8773,13,117.19999999999982,13,112.20000000000073,move,improve
8774,13,117.19999999999982,13,112.20000000000073,move,improve
8775,13,117.19999999999982,13,112.20000000000073,swap,notBad
8776,13,117.19999999999982,13,112.20000000000073,move,improve
8777,13,117.19999999999982,13,112.20000000000073,2opt,notBad
8778,13,117.19999999999982,13,112.20000000000073,move,improve
8779,13,117.19999999999982,13,112.20000000000073,swap,notBad
8780,13,117.19999999999982,13,112.20000000000073,move,improve
8781,13,117.19999999999982,13,112.20000000000073,move,improve
8782,13,117.19999999999982,13,112.20000000000073,move,improve
8783,13,117.19999999999982,13,112.20000000000073,move,improve
8784,13,117.19999999999982,13,112.20000000000073,2opt,notBad
8785,13,117.19999999999982,13,112.20000000000073,swap,notBad
8786,13,117.19999999999982,13,112.20000000000073,swap,notBad
8787,13,117.19999999999982,13,112.20000000000073,move,improve
8788,13,117.19999999999982,13,112.20000000000073,move,improve
8789,13,117.19999999999982,13,112.20000000000073,move,improve
8790,13,117.19999999999982,13,112.20000000000073,2opt,notBad
8791,13,117.19999999999982,13,112.20000000000073,2opt,notBad
8792,13,117.19999999999982,13,112.20000000000073,move,improve
8793,13,117.19999999999982,13,112.20000000000073,swap,notBad
8794,13,117.19999999999982,13,112.20000000000073,swap,notBad
8795,13,117.19999999999982,13,112.20000000000073,swap,notBad
8796,13,117.19999999999982,13,112.20000000000073,swap,notBad
8797,13,117.19999999999982,13,112.20000000000073,2opt,notBad
8798,13,117.19999999999982,13,112.20000000000073,2opt,notBad
8799,13,117.19999999999982,13,112.20000000000073,move,improve
8800,13,117.19999999999982,13,112.20000000000073,swap,notBad
8801,13,117.19999999999982,13,112.20000000000073,swap,notBad
8802,13,117.19999999999982,13,112.20000000000073,move,improve
8803,13,117.19999999999982,13,112.20000000000073,2opt,notBad
8804,13,117.19999999999982,13,112.20000000000073,2opt,improve
8805,13,117.19999999999982,13,112.20000000000073,2opt,notBad
8806,13,117.19999999999982,13,112.20000000000073,swap,notBad
8807,13,117.19999999999982,13,112.20000000000073,swap,notBad
8808,13,117.19999999999982,13,112.20000000000073,swap,notBad
8809,13,117.19999999999982,13,112.20000000000073,swap,notBad
8810,13,117.19999999999982,13,112.20000000000073,swap,notBad
8811,13,117.19999999999982,13,112.20000000000073,swap,notBad
8812,13,117.19999999999982,13,112.20000000000073,move,improve
8813,13,117.19999999999982,13,112.20000000000073,move,improve
8814,13,117.19999999999982,13,112.20000000000073,move,improve
8815,13,117.19999999999982,13,112.20000000000073,move,improve
8816,13,117.19999999999982,13,112.20000000000073,swap,notBad
8817,13,117.19999999999982,13,112.20000000000073,move,improve
8818,13,117.19999999999982,13,112.20000000000073,swap,notBad
8819,13,117.19999999999982,13,112.20000000000073,2opt,improve
8820,13,117.19999999999982,13,112.20000000000073,move,improve
8821,13,117.19999999999982,13,112.20000000000073,2opt,notBad
8822,13,117.19999999999982,13,112.20000000000073,move,improve
8823,13,117.19999999999982,13,112.20000000000073,2opt,notBad
8824,13,117.19999999999982,13,112.20000000000073,2opt,notBad
8825,13,117.19999999999982,13,112.20000000000073,move,improve
8826,13,117.19999999999982,13,112.20000000000073,move,improve
8827,13,117.19999999999982,13,112.20000000000073,swap,notBad
8828,13,117.19999999999982,13,112.20000000000073,move,improve
8829,13,117.19999999999982,13,112.20000000000073,swap,notBad
8830,13,117.19999999999982,13,112.20000000000073,move,improve
8831,13,117.19999999999982,13,112.20000000000073,swap,notBad
8832,13,117.19999999999982,13,112.20000000000073,move,improve
8833,13,117.19999999999982,13,112.20000000000073,swap,notBad
8834,13,117.19999999999982,13,112.20000000000073,move,improve
8835,13,117.19999999999982,13,112.20000000000073,move,improve
8836,13,117.19999999999982,13,112.20000000000073,move,improve
8837,13,117.19999999999982,13,112.20000000000073,move,improve
8838,13,117.19999999999982,13,112.20000000000073,2opt,notBad
8839,13,117.19999999999982,13,112.20000000000073,2opt,notBad
8840,13,117.19999999999982,13,112.20000000000073,move,improve
8841,13,117.19999999999982,13,112.20000000000073,move,improve
8842,13,117.19999999999982,13,112.20000000000073,swap,notBad
8843,13,117.19999999999982,13,112.20000000000073,move,improve
8844,13,117.19999999999982,13,112.20000000000073,swap,notBad
8845,13,117.19999999999982,13,112.20000000000073,2opt,notBad
8846,13,117.19999999999982,13,112.20000000000073,move,improve
8847,13,117.19999999999982,13,112.20000000000073,2opt,notBad
8848,13,117.19999999999982,13,112.20000000000073,swap,notBad
8849,13,117.19999999999982,13,112.20000000000073,swap,notBad
8850,13,117.19999999999982,13,112.20000000000073,swap,notBad
8851,13,117.19999999999982,13,112.20000000000073,swap,notBad
8852,13,117.19999999999982,13,112.20000000000073,move,improve
8853,13,117.19999999999982,13,112.20000000000073,move,improve
8854,13,117.19999999999982,13,112.20000000000073,2opt,notBad
8855,13,122.19999999999982,13,112.20000000000073,swap,acceptBad
8856,13,122.19999999999982,13,112.20000000000073,2opt,notBad
8857,13,122.19999999999982,13,112.20000000000073,2opt,notBad
8858,13,122.19999999999982,13,112.20000000000073,move,improve
8859,13,122.19999999999982,13,112.20000000000073,2opt,improve
8860,13,122.19999999999982,13,112.20000000000073,move,improve
8861,13,122.19999999999982,13,112.20000000000073,swap,notBad
8862,13,122.19999999999982,13,112.20000000000073,swap,notBad
8863,13,122.19999999999982,13,112.20000000000073,move,improve
8864,13,122.19999999999982,13,112.20000000000073,2opt,notBad
8865,13,122.19999999999982,13,112.20000000000073,2opt,notBad
8866,13,122.19999999999982,13,112.20000000000073,2opt,notBad
8867,13,122.19999999999982,13,112.20000000000073,swap,notBad
8868,13,122.19999999999982,13,112.20000000000073,swap,notBad
8869,13,122.19999999999982,13,112.20000000000073,2opt,notBad
8870,13,122.19999999999982,13,112.20000000000073,2opt,notBad
8871,13,122.19999999999982,13,112.20000000000073,2opt,notBad
8872,13,122.19999999999982,13,112.20000000000073,2opt,notBad
8873,13,122.19999999999982,13,112.20000000000073,2opt,notBad
8874,13,122.19999999999982,13,112.20000000000073,2opt,notBad
8875,13,122.19999999999982,13,112.20000000000073,move,improve
8876,13,122.19999999999982,13,112.20000000000073,move,improve
8877,13,122.19999999999982,13,112.20000000000073,2opt,notBad
8878,13,122.19999999999982,13,112.20000000000073,2opt,notBad
8879,13,122.19999999999982,13,112.20000000000073,swap,notBad
8880,13,122.19999999999982,13,112.20000000000073,swap,notBad
8881,13,122.19999999999982,13,112.20000000000073,move,improve
8882,13,122.19999999999982,13,112.20000000000073,swap,notBad
8883,13,122.19999999999982,13,112.20000000000073,swap,notBad
8884,13,122.19999999999982,13,112.20000000000073,swap,notBad
8885,13,122.19999999999982,13,112.20000000000073,swap,notBad
8886,13,122.19999999999982,13,112.20000000000073,2opt,notBad
8887,13,122.19999999999982,13,112.20000000000073,2opt,notBad
8888,13,122.19999999999982,13,112.20000000000073,swap,notBad
8889,13,122.19999999999982,13,112.20000000000073,swap,notBad
8890,13,122.19999999999982,13,112.20000000000073,swap,notBad
8891,13,122.19999999999982,13,112.20000000000073,move,improve
8892,13,122.19999999999982,13,112.20000000000073,move,improve
8893,13,122.19999999999982,13,112.20000000000073,move,improve
8894,13,122.19999999999982,13,112.20000000000073,move,improve
8895,13,122.19999999999982,13,112.20000000000073,swap,notBad
8896,13,122.19999999999982,13,112.20000000000073,2opt,notBad
8897,13,122.19999999999982,13,112.20000000000073,swap,notBad
8898,13,122.19999999999982,13,112.20000000000073,move,improve
8899,13,122.19999999999982,13,112.20000000000073,swap,notBad
8900,13,122.19999999999982,13,112.20000000000073,swap,notBad
8901,13,122.19999999999982,13,112.20000000000073,2opt,notBad
8902,13,122.19999999999982,13,112.20000000000073,swap,notBad
8903,13,122.19999999999982,13,112.20000000000073,move,improve
8904,13,122.19999999999982,13,112.20000000000073,swap,notBad
8905,13,122.19999999999982,13,112.20000000000073,2opt,improve
8906,13,122.19999999999982,13,112.20000000000073,2opt,notBad
8907,13,122.19999999999982,13,112.20000000000073,2opt,notBad
8908,13,122.19999999999982,13,112.20000000000073,2opt,notBad
8909,13,122.19999999999982,13,112.20000000000073,2opt,notBad
8910,13,122.19999999999982,13,112.20000000000073,move,improve
8911,13,122.19999999999982,13,112.20000000000073,move,improve
8912,13,122.19999999999982,13,112.20000000000073,swap,notBad
8913,13,122.19999999999982,13,112.20000000000073,swap,notBad
8914,13,122.19999999999982,13,112.20000000000073,2opt,notBad
8915,13,122.19999999999982,13,112.20000000000073,move,notBad
8916,13,122.19999999999982,13,112.20000000000073,swap,notBad
8917,13,122.00000000000068,13,112.20000000000073,move,improve
8918,13,122.00000000000068,13,112.20000000000073,2opt,notBad
8919,13,122.00000000000068,13,112.20000000000073,swap,notBad
8920,13,122.00000000000068,13,112.20000000000073,move,improve
8921,13,122.00000000000068,13,112.20000000000073,move,improve
8922,13,122.00000000000068,13,112.20000000000073,2opt,improve
8923,13,122.00000000000068,13,112.20000000000073,2opt,notBad
8924,13,122.00000000000068,13,112.20000000000073,move,improve
8925,13,122.00000000000068,13,112.20000000000073,swap,notBad
8926,13,122.00000000000068,13,112.20000000000073,move,improve
8927,13,122.00000000000068,13,112.20000000000073,move,improve
8928,13,122.00000000000068,13,112.20000000000073,move,improve
8929,13,122.00000000000068,13,112.20000000000073,2opt,notBad
8930,13,122.00000000000068,13,112.20000000000073,move,improve
8931,13,122.00000000000068,13,112.20000000000073,2opt,notBad
8932,13,122.00000000000068,13,112.20000000000073,move,improve
8933,13,122.00000000000068,13,112.20000000000073,2opt,notBad
8934,13,122.00000000000068,13,112.20000000000073,move,improve
8935,13,122.00000000000068,13,112.20000000000073,move,improve
8936,13,122.00000000000068,13,112.20000000000073,swap,notBad
8937,13,122.00000000000068,13,112.20000000000073,2opt,improve
8938,13,122.00000000000068,13,112.20000000000073,move,improve
8939,13,122.00000000000068,13,112.20000000000073,move,improve
8940,13,122.00000000000068,13,112.20000000000073,2opt,notBad
8941,13,122.00000000000068,13,112.20000000000073,2opt,notBad
8942,13,122.00000000000068,13,112.20000000000073,move,improve
8943,13,122.00000000000068,13,112.20000000000073,2opt,notBad
8944,13,122.00000000000068,13,112.20000000000073,2opt,notBad
8945,13,122.00000000000068,13,112.20000000000073,move,improve
8946,13,122.00000000000068,13,112.20000000000073,swap,notBad
8947,13,122.00000000000068,13,112.20000000000073,swap,notBad
8948,13,122.00000000000068,13,112.20000000000073,move,improve
8949,13,122.00000000000068,13,112.20000000000073,move,improve
8950,13,122.00000000000068,13,112.20000000000073,move,improve
8951,13,122.00000000000068,13,112.20000000000073,swap,notBad
8952,13,122.00000000000068,13,112.20000000000073,2opt,notBad
8953,13,122.00000000000068,13,112.20000000000073,2opt,notBad
8954,13,122.00000000000068,13,112.20000000000073,2opt,notBad
8955,13,122.00000000000068,13,112.20000000000073,swap,notBad
8956,13,122.00000000000068,13,112.20000000000073,swap,notBad
8957,13,122.00000000000068,13,112.20000000000073,2opt,notBad
8958,13,122.00000000000068,13,112.20000000000073,swap,notBad
8959,13,122.00000000000068,13,112.20000000000073,swap,notBad
8960,13,122.00000000000068,13,112.20000000000073,2opt,notBad
8961,13,122.00000000000068,13,112.20000000000073,swap,notBad
8962,13,122.00000000000068,13,112.20000000000073,2opt,notBad
8963,13,122.00000000000068,13,112.20000000000073,swap,notBad
8964,13,122.00000000000068,13,112.20000000000073,move,improve
8965,13,122.00000000000068,13,112.20000000000073,swap,notBad
8966,13,122.00000000000068,13,112.20000000000073,swap,notBad
8967,13,122.00000000000068,13,112.20000000000073,2opt,notBad
8968,13,122.00000000000068,13,112.20000000000073,2opt,improve
8969,13,122.00000000000068,13,112.20000000000073,swap,notBad
8970,13,122.00000000000068,13,112.20000000000073,move,improve
8971,13,122.00000000000068,13,112.20000000000073,move,improve
8972,13,122.00000000000068,13,112.20000000000073,2opt,notBad
8973,13,122.00000000000068,13,112.20000000000073,move,improve
8974,13,122.00000000000068,13,112.20000000000073,move,improve
8975,13,122.00000000000068,13,112.20000000000073,move,improve
8976,13,122.00000000000068,13,112.20000000000073,2opt,notBad
8977,13,122.00000000000068,13,112.20000000000073,2opt,notBad
8978,13,122.00000000000068,13,112.20000000000073,2opt,improve
8979,13,122.00000000000068,13,112.20000000000073,swap,notBad
8980,13,122.00000000000068,13,112.20000000000073,2opt,notBad
8981,13,122.00000000000068,13,112.20000000000073,swap,notBad
8982,13,122.00000000000068,13,112.20000000000073,swap,notBad
8983,13,122.00000000000068,13,112.20000000000073,2opt,notBad
8984,13,122.00000000000068,13,112.20000000000073,move,improve
8985,13,122.00000000000068,13,112.20000000000073,move,improve
8986,13,122.00000000000068,13,112.20000000000073,move,improve
8987,13,122.00000000000068,13,112.20000000000073,2opt,notBad
8988,13,122.00000000000068,13,112.20000000000073,2opt,notBad
8989,13,122.00000000000068,13,112.20000000000073,2opt,notBad
8990,13,122.00000000000068,13,112.20000000000073,swap,notBad
8991,13,122.00000000000068,13,112.20000000000073,swap,notBad
8992,13,122.00000000000068,13,112.20000000000073,swap,notBad
8993,13,122.00000000000068,13,112.20000000000073,swap,notBad
8994,13,122.00000000000068,13,112.20000000000073,swap,notBad
8995,13,122.00000000000068,13,112.20000000000073,swap,notBad
8996,13,122.00000000000068,13,112.20000000000073,2opt,notBad
8997,13,122.00000000000068,13,112.20000000000073,swap,notBad
8998,13,122.00000000000068,13,112.20000000000073,2opt,notBad
8999,13,122.00000000000068,13,112.20000000000073,move,improve
9000,13,122.00000000000068,13,112.20000000000073,swap,notBad
9001,13,122.00000000000068,13,112.20000000000073,swap,notBad
9002,13,122.00000000000068,13,112.20000000000073,swap,notBad
9003,13,122.00000000000068,13,112.20000000000073,swap,notBad
9004,13,122.00000000000068,13,112.20000000000073,move,improve
9005,13,122.00000000000068,13,112.20000000000073,swap,notBad
9006,13,122.00000000000068,13,112.20000000000073,swap,notBad
9007,13,122.00000000000068,13,112.20000000000073,move,improve
9008,13,122.00000000000068,13,112.20000000000073,move,improve
9009,13,122.00000000000068,13,112.20000000000073,swap,notBad
9010,13,122.00000000000068,13,112.20000000000073,2opt,notBad
9011,13,122.00000000000068,13,112.20000000000073,move,improve
9012,13,122.00000000000068,13,112.20000000000073,move,improve
9013,13,122.00000000000068,13,112.20000000000073,move,improve
9014,13,122.00000000000068,13,112.20000000000073,swap,notBad
9015,13,122.00000000000068,13,112.20000000000073,2opt,notBad
9016,13,122.00000000000068,13,112.20000000000073,2opt,notBad
9017,13,122.00000000000068,13,112.20000000000073,move,improve
9018,13,122.00000000000068,13,112.20000000000073,2opt,notBad
9019,13,122.00000000000068,13,112.20000000000073,move,improve
9020,13,122.00000000000068,13,112.20000000000073,swap,notBad
9021,13,122.00000000000068,13,112.20000000000073,move,improve
9022,13,122.00000000000068,13,112.20000000000073,swap,notBad
9023,13,122.00000000000068,13,112.20000000000073,move,improve
9024,13,122.00000000000068,13,112.20000000000073,2opt,notBad
9025,13,122.00000000000068,13,112.20000000000073,swap,notBad
9026,13,122.00000000000068,13,112.20000000000073,2opt,notBad
9027,13,122.00000000000068,13,112.20000000000073,move,improve
9028,13,122.00000000000068,13,112.20000000000073,swap,notBad
9029,13,122.00000000000068,13,112.20000000000073,2opt,notBad
9030,13,122.00000000000068,13,112.20000000000073,swap,notBad
9031,13,122.00000000000068,13,112.20000000000073,move,improve
9032,13,122.00000000000068,13,112.20000000000073,2opt,notBad
9033,13,122.00000000000068,13,112.20000000000073,2opt,notBad
9034,13,122.00000000000068,13,112.20000000000073,move,improve
9035,13,122.00000000000068,13,112.20000000000073,swap,notBad
9036,13,122.00000000000068,13,112.20000000000073,swap,notBad
9037,13,122.00000000000068,13,112.20000000000073,move,improve
9038,13,122.00000000000068,13,112.20000000000073,move,improve
9039,13,122.00000000000068,13,112.20000000000073,2opt,notBad
9040,13,122.00000000000068,13,112.20000000000073,2opt,notBad
9041,13,122.00000000000068,13,112.20000000000073,move,improve
9042,13,122.00000000000068,13,112.20000000000073,move,improve
9043,13,122.00000000000068,13,112.20000000000073,swap,notBad
9044,13,122.00000000000068,13,112.20000000000073,swap,notBad
9045,13,122.00000000000068,13,112.20000000000073,move,improve
9046,13,122.00000000000068,13,112.20000000000073,2opt,notBad
9047,13,122.00000000000068,13,112.20000000000073,2opt,notBad
9048,13,122.00000000000068,13,112.20000000000073,move,improve
9049,13,122.00000000000068,13,112.20000000000073,2opt,notBad
9050,13,122.00000000000068,13,112.20000000000073,2opt,notBad
9051,13,122.00000000000068,13,112.20000000000073,swap,notBad
9052,13,122.00000000000068,13,112.20000000000073,swap,notBad
9053,13,122.00000000000068,13,112.20000000000073,2opt,notBad
9054,13,122.00000000000068,13,112.20000000000073,move,improve
9055,13,122.00000000000068,13,112.20000000000073,swap,notBad
9056,13,122.00000000000068,13,112.20000000000073,2opt,improve
9057,13,122.00000000000068,13,112.20000000000073,move,improve
9058,13,122.00000000000068,13,112.20000000000073,move,improve
9059,13,122.00000000000068,13,112.20000000000073,2opt,notBad
9060,13,122.00000000000068,13,112.20000000000073,2opt,notBad
9061,13,122.00000000000068,13,112.20000000000073,swap,notBad
9062,13,122.00000000000068,13,112.20000000000073,2opt,notBad
9063,13,122.00000000000068,13,112.20000000000073,2opt,notBad
9064,13,122.00000000000068,13,112.20000000000073,2opt,notBad
9065,13,122.00000000000068,13,112.20000000000073,move,improve
9066,13,122.00000000000068,13,112.20000000000073,swap,notBad
9067,13,122.00000000000068,13,112.20000000000073,move,improve
9068,13,122.00000000000068,13,112.20000000000073,move,improve
9069,13,122.00000000000068,13,112.20000000000073,move,improve
9070,13,122.00000000000068,13,112.20000000000073,2opt,notBad
9071,13,122.00000000000068,13,112.20000000000073,2opt,notBad
9072,13,122.00000000000068,13,112.20000000000073,move,improve
9073,13,122.00000000000068,13,112.20000000000073,swap,notBad
9074,13,122.00000000000068,13,112.20000000000073,2opt,notBad
9075,13,122.00000000000068,13,112.20000000000073,move,improve
9076,13,122.00000000000068,13,112.20000000000073,2opt,notBad
9077,13,122.00000000000068,13,112.20000000000073,swap,notBad
9078,13,122.00000000000068,13,112.20000000000073,swap,notBad
9079,13,122.00000000000068,13,112.20000000000073,2opt,notBad
9080,13,122.00000000000068,13,112.20000000000073,swap,notBad
9081,13,122.00000000000068,13,112.20000000000073,2opt,notBad
9082,13,122.00000000000068,13,112.20000000000073,move,improve
9083,13,122.00000000000068,13,112.20000000000073,swap,notBad
9084,13,122.00000000000068,13,112.20000000000073,move,improve
9085,13,122.00000000000068,13,112.20000000000073,2opt,notBad
9086,13,122.00000000000068,13,112.20000000000073,swap,notBad
9087,13,122.00000000000068,13,112.20000000000073,swap,notBad
9088,13,122.00000000000068,13,112.20000000000073,move,improve
9089,13,122.00000000000068,13,112.20000000000073,move,improve
9090,13,122.00000000000068,13,112.20000000000073,swap,notBad
9091,13,122.00000000000068,13,112.20000000000073,swap,notBad
9092,13,122.00000000000068,13,112.20000000000073,move,improve
9093,13,122.00000000000068,13,112.20000000000073,2opt,notBad
9094,13,122.00000000000068,13,112.20000000000073,swap,notBad
9095,13,122.00000000000068,13,112.20000000000073,2opt,notBad
9096,13,122.00000000000068,13,112.20000000000073,2opt,notBad
9097,13,122.00000000000068,13,112.20000000000073,swap,notBad
9098,13,122.00000000000068,13,112.20000000000073,2opt,notBad
9099,13,122.00000000000068,13,112.20000000000073,move,improve
9100,13,122.00000000000068,13,112.20000000000073,2opt,notBad
9101,13,122.00000000000068,13,112.20000000000073,move,improve
9102,13,122.00000000000068,13,112.20000000000073,move,improve
9103,13,122.00000000000068,13,112.20000000000073,2opt,notBad
9104,13,122.00000000000068,13,112.20000000000073,swap,notBad
9105,13,122.00000000000068,13,112.20000000000073,2opt,notBad
9106,13,122.00000000000068,13,112.20000000000073,swap,notBad
9107,13,122.00000000000068,13,112.20000000000073,swap,notBad
9108,13,122.00000000000068,13,112.20000000000073,swap,notBad
9109,13,122.00000000000068,13,112.20000000000073,move,improve
9110,13,122.00000000000068,13,112.20000000000073,swap,notBad
9111,13,122.00000000000068,13,112.20000000000073,move,improve
9112,13,122.00000000000068,13,112.20000000000073,swap,notBad
9113,13,122.00000000000068,13,112.20000000000073,2opt,improve
9114,13,122.00000000000068,13,112.20000000000073,swap,notBad
9115,13,122.00000000000068,13,112.20000000000073,move,improve
9116,13,122.00000000000068,13,112.20000000000073,swap,notBad
9117,13,122.00000000000068,13,112.20000000000073,swap,notBad
9118,13,122.00000000000068,13,112.20000000000073,2opt,notBad
9119,13,122.00000000000068,13,112.20000000000073,swap,notBad
9120,13,122.00000000000068,13,112.20000000000073,swap,notBad
9121,13,122.00000000000068,13,112.20000000000073,move,improve
9122,13,122.00000000000068,13,112.20000000000073,swap,notBad
9123,13,122.00000000000068,13,112.20000000000073,move,improve
9124,13,122.00000000000068,13,112.20000000000073,swap,notBad
9125,13,122.00000000000068,13,112.20000000000073,move,improve
9126,13,122.00000000000068,13,112.20000000000073,swap,notBad
9127,13,122.00000000000068,13,112.20000000000073,2opt,notBad
9128,13,122.00000000000068,13,112.20000000000073,move,improve
9129,13,122.00000000000068,13,112.20000000000073,2opt,notBad
9130,13,122.00000000000068,13,112.20000000000073,move,improve
9131,13,122.00000000000068,13,112.20000000000073,swap,notBad
9132,13,122.00000000000068,13,112.20000000000073,move,improve
9133,13,122.00000000000068,13,112.20000000000073,2opt,notBad
9134,13,122.00000000000068,13,112.20000000000073,move,notBad
9135,13,122.00000000000068,13,112.20000000000073,2opt,notBad
9136,13,122.00000000000068,13,112.20000000000073,swap,notBad
9137,13,122.00000000000068,13,112.20000000000073,move,improve
9138,13,122.00000000000068,13,112.20000000000073,move,improve
9139,13,122.00000000000068,13,112.20000000000073,swap,notBad
9140,13,122.00000000000068,13,112.20000000000073,move,improve
9141,13,122.00000000000068,13,112.20000000000073,swap,notBad
9142,13,122.00000000000068,13,112.20000000000073,swap,notBad
9143,13,122.00000000000068,13,112.20000000000073,2opt,notBad
9144,13,122.00000000000068,13,112.20000000000073,swap,notBad
9145,13,122.00000000000068,13,112.20000000000073,2opt,notBad
9146,13,122.00000000000068,13,112.20000000000073,swap,notBad
9147,13,122.00000000000068,13,112.20000000000073,swap,notBad
9148,13,122.00000000000068,13,112.20000000000073,2opt,notBad
9149,13,122.00000000000068,13,112.20000000000073,2opt,notBad
9150,13,122.00000000000068,13,112.20000000000073,2opt,notBad
9151,13,122.00000000000068,13,112.20000000000073,move,improve
9152,13,122.00000000000068,13,112.20000000000073,swap,notBad
9153,13,122.00000000000068,13,112.20000000000073,2opt,notBad
9154,13,122.00000000000068,13,112.20000000000073,2opt,notBad
9155,13,122.00000000000068,13,112.20000000000073,swap,notBad
9156,13,122.00000000000068,13,112.20000000000073,2opt,notBad
9157,13,122.00000000000068,13,112.20000000000073,swap,notBad
9158,13,122.00000000000068,13,112.20000000000073,2opt,notBad
9159,13,122.00000000000068,13,112.20000000000073,2opt,notBad
9160,13,122.00000000000068,13,112.20000000000073,2opt,notBad
9161,13,122.00000000000068,13,112.20000000000073,2opt,notBad
9162,13,122.00000000000068,13,112.20000000000073,2opt,notBad
9163,13,122.00000000000068,13,112.20000000000073,move,notBad
9164,13,122.00000000000068,13,112.20000000000073,move,improve
9165,13,124.59999999999991,13,112.20000000000073,swap,acceptBad
9166,13,124.59999999999991,13,112.20000000000073,2opt,notBad
9167,13,124.59999999999991,13,112.20000000000073,2opt,notBad
9168,13,124.59999999999991,13,112.20000000000073,2opt,notBad
9169,13,124.59999999999991,13,112.20000000000073,2opt,notBad
9170,13,124.59999999999991,13,112.20000000000073,swap,notBad
9171,13,124.59999999999991,13,112.20000000000073,swap,notBad
9172,13,124.59999999999991,13,112.20000000000073,2opt,notBad
9173,13,124.59999999999991,13,112.20000000000073,swap,notBad
9174,13,124.59999999999991,13,112.20000000000073,2opt,notBad
9175,13,124.59999999999991,13,112.20000000000073,move,improve
9176,13,124.59999999999991,13,112.20000000000073,move,improve
9177,13,124.59999999999991,13,112.20000000000073,2opt,notBad
9178,13,124.59999999999991,13,112.20000000000073,swap,notBad
9179,13,124.59999999999991,13,112.20000000000073,swap,notBad
9180,13,124.59999999999991,13,112.20000000000073,swap,notBad
9181,13,124.59999999999991,13,112.20000000000073,2opt,notBad
9182,13,124.59999999999991,13,112.20000000000073,2opt,notBad
9183,13,124.59999999999991,13,112.20000000000073,move,improve
9184,13,124.59999999999991,13,112.20000000000073,2opt,notBad
9185,13,124.59999999999991,13,112.20000000000073,move,improve
9186,13,124.59999999999991,13,112.20000000000073,swap,notBad
9187,13,124.59999999999991,13,112.20000000000073,swap,notBad
9188,13,124.59999999999991,13,112.20000000000073,swap,notBad
9189,13,124.59999999999991,13,112.20000000000073,swap,notBad
9190,13,124.59999999999991,13,112.20000000000073,swap,notBad
9191,13,123.60000000000014,13,112.20000000000073,move,improve
9192,13,123.60000000000014,13,112.20000000000073,swap,notBad
9193,13,123.60000000000014,13,112.20000000000073,2opt,notBad
9194,13,123.60000000000014,13,112.20000000000073,move,improve
9195,13,123.60000000000014,13,112.20000000000073,swap,notBad
9196,13,123.60000000000014,13,112.20000000000073,2opt,notBad
9197,13,123.60000000000014,13,112.20000000000073,move,improve
9198,13,123.60000000000014,13,112.20000000000073,move,improve
9199,13,123.60000000000014,13,112.20000000000073,move,improve
9200,13,123.60000000000014,13,112.20000000000073,swap,notBad
9201,13,123.60000000000014,13,112.20000000000073,2opt,notBad
9202,13,134.4000000000001,13,112.20000000000073,swap,acceptBad
9203,13,134.4000000000001,13,112.20000000000073,move,improve
9204,13,134.4000000000001,13,112.20000000000073,move,improve
9205,13,134.4000000000001,13,112.20000000000073,swap,notBad
9206,13,134.4000000000001,13,112.20000000000073,2opt,notBad
9207,13,134.4000000000001,13,112.20000000000073,2opt,notBad
9208,13,134.4000000000001,13,112.20000000000073,2opt,notBad
9209,13,134.4000000000001,13,112.20000000000073,2opt,notBad
9210,13,134.4000000000001,13,112.20000000000073,move,improve
9211,13,134.4000000000001,13,112.20000000000073,swap,notBad
9212,13,134.4000000000001,13,112.20000000000073,move,improve
9213,13,134.4000000000001,13,112.20000000000073,move,improve
9214,13,134.4000000000001,13,112.20000000000073,move,improve
9215,13,134.4000000000001,13,112.20000000000073,swap,notBad
9216,13,134.4000000000001,13,112.20000000000073,move,improve
9217,13,134.4000000000001,13,112.20000000000073,2opt,notBad
9218,13,134.4000000000001,13,112.20000000000073,2opt,notBad
9219,13,134.4000000000001,13,112.20000000000073,2opt,notBad
9220,13,134.4000000000001,13,112.20000000000073,swap,notBad
9221,13,134.4000000000001,13,112.20000000000073,swap,notBad
9222,13,134.4000000000001,13,112.20000000000073,swap,notBad
9223,13,134.4000000000001,13,112.20000000000073,2opt,notBad
9224,13,134.4000000000001,13,112.20000000000073,swap,notBad
9225,13,134.4000000000001,13,112.20000000000073,2opt,notBad
9226,13,134.4000000000001,13,112.20000000000073,move,improve
9227,13,134.4000000000001,13,112.20000000000073,move,improve
9228,13,134.4000000000001,13,112.20000000000073,2opt,improve
9229,13,134.4000000000001,13,112.20000000000073,swap,notBad
9230,13,134.4000000000001,13,112.20000000000073,swap,notBad
9231,13,134.4000000000001,13,112.20000000000073,swap,notBad
9232,13,134.4000000000001,13,112.20000000000073,swap,notBad
9233,13,134.4000000000001,13,112.20000000000073,swap,notBad
9234,13,134.4000000000001,13,112.20000000000073,swap,notBad
9235,13,134.4000000000001,13,112.20000000000073,move,improve
9236,13,134.4000000000001,13,112.20000000000073,2opt,notBad
9237,13,134.4000000000001,13,112.20000000000073,move,improve
9238,13,134.4000000000001,13,112.20000000000073,2opt,notBad
9239,13,134.4000000000001,13,112.20000000000073,swap,notBad
9240,13,134.4000000000001,13,112.20000000000073,2opt,notBad
9241,13,134.4000000000001,13,112.20000000000073,swap,notBad
9242,13,134.4000000000001,13,112.20000000000073,2opt,notBad
9243,13,134.4000000000001,13,112.20000000000073,move,improve
9244,13,134.4000000000001,13,112.20000000000073,swap,notBad
9245,13,134.4000000000001,13,112.20000000000073,move,improve
9246,13,134.4000000000001,13,112.20000000000073,move,improve
9247,13,134.4000000000001,13,112.20000000000073,move,improve
9248,13,134.4000000000001,13,112.20000000000073,move,improve
9249,13,134.4000000000001,13,112.20000000000073,2opt,notBad
9250,13,134.4000000000001,13,112.20000000000073,2opt,notBad
9251,13,134.4000000000001,13,112.20000000000073,2opt,notBad
9252,13,134.4000000000001,13,112.20000000000073,2opt,notBad
9253,13,134.4000000000001,13,112.20000000000073,move,improve
9254,13,134.4000000000001,13,112.20000000000073,2opt,notBad
9255,13,134.4000000000001,13,112.20000000000073,2opt,notBad
9256,13,134.4000000000001,13,112.20000000000073,2opt,notBad
9257,13,134.4000000000001,13,112.20000000000073,swap,notBad
9258,13,134.4000000000001,13,112.20000000000073,move,improve
9259,13,134.4000000000001,13,112.20000000000073,2opt,notBad
9260,13,134.4000000000001,13,112.20000000000073,2opt,notBad
9261,13,134.4000000000001,13,112.20000000000073,move,improve
9262,13,134.4000000000001,13,112.20000000000073,move,improve
9263,13,134.4000000000001,13,112.20000000000073,move,improve
9264,13,134.4000000000001,13,112.20000000000073,move,improve
9265,13,134.4000000000001,13,112.20000000000073,2opt,notBad
9266,13,134.4000000000001,13,112.20000000000073,swap,notBad
9267,13,134.4000000000001,13,112.20000000000073,swap,notBad
9268,13,134.4000000000001,13,112.20000000000073,2opt,notBad
9269,13,134.4000000000001,13,112.20000000000073,move,improve
9270,13,134.4000000000001,13,112.20000000000073,swap,notBad
9271,13,134.4000000000001,13,112.20000000000073,2opt,notBad
9272,13,134.4000000000001,13,112.20000000000073,2opt,notBad
9273,13,134.4000000000001,13,112.20000000000073,swap,notBad
9274,13,134.4000000000001,13,112.20000000000073,2opt,notBad
9275,13,134.4000000000001,13,112.20000000000073,2opt,notBad
9276,13,134.4000000000001,13,112.20000000000073,swap,notBad
9277,13,134.4000000000001,13,112.20000000000073,move,improve
9278,13,134.4000000000001,13,112.20000000000073,2opt,notBad
9279,13,134.4000000000001,13,112.20000000000073,swap,notBad
9280,13,134.4000000000001,13,112.20000000000073,swap,notBad
9281,13,134.4000000000001,13,112.20000000000073,2opt,notBad
9282,13,134.4000000000001,13,112.20000000000073,2opt,notBad
9283,13,134.4000000000001,13,112.20000000000073,2opt,notBad
9284,13,134.4000000000001,13,112.20000000000073,swap,notBad
9285,13,134.4000000000001,13,112.20000000000073,move,improve
9286,13,134.4000000000001,13,112.20000000000073,swap,notBad
9287,13,134.4000000000001,13,112.20000000000073,2opt,notBad
9288,13,134.4000000000001,13,112.20000000000073,swap,notBad
9289,13,134.4000000000001,13,112.20000000000073,swap,notBad
9290,13,134.4000000000001,13,112.20000000000073,2opt,notBad
9291,13,134.4000000000001,13,112.20000000000073,move,improve
9292,13,134.4000000000001,13,112.20000000000073,2opt,notBad
9293,13,134.4000000000001,13,112.20000000000073,swap,notBad
9294,13,134.4000000000001,13,112.20000000000073,move,improve
9295,13,134.4000000000001,13,112.20000000000073,swap,notBad
9296,13,134.4000000000001,13,112.20000000000073,2opt,notBad
9297,13,134.4000000000001,13,112.20000000000073,swap,notBad
9298,13,134.4000000000001,13,112.20000000000073,2opt,notBad
9299,13,134.4000000000001,13,112.20000000000073,2opt,notBad
9300,13,134.4000000000001,13,112.20000000000073,2opt,notBad
9301,13,134.4000000000001,13,112.20000000000073,move,improve
9302,13,134.4000000000001,13,112.20000000000073,swap,notBad
9303,13,134.4000000000001,13,112.20000000000073,2opt,notBad
9304,13,134.4000000000001,13,112.20000000000073,swap,notBad
9305,13,134.4000000000001,13,112.20000000000073,move,improve
9306,13,134.4000000000001,13,112.20000000000073,move,improve
9307,13,134.4000000000001,13,112.20000000000073,move,improve
9308,13,134.4000000000001,13,112.20000000000073,2opt,notBad
9309,13,134.4000000000001,13,112.20000000000073,move,improve
9310,13,134.4000000000001,13,112.20000000000073,swap,notBad
9311,13,134.4000000000001,13,112.20000000000073,2opt,notBad
9312,13,134.4000000000001,13,112.20000000000073,swap,notBad
9313,13,134.4000000000001,13,112.20000000000073,move,improve
9314,13,134.4000000000001,13,112.20000000000073,2opt,notBad
9315,13,134.4000000000001,13,112.20000000000073,swap,notBad
9316,13,134.4000000000001,13,112.20000000000073,swap,notBad
9317,13,134.4000000000001,13,112.20000000000073,move,improve
9318,13,134.4000000000001,13,112.20000000000073,2opt,notBad
9319,13,134.4000000000001,13,112.20000000000073,move,improve
9320,13,134.4000000000001,13,112.20000000000073,swap,notBad
9321,13,134.4000000000001,13,112.20000000000073,2opt,notBad
9322,13,134.4000000000001,13,112.20000000000073,swap,notBad
9323,13,134.4000000000001,13,112.20000000000073,2opt,notBad
9324,13,134.4000000000001,13,112.20000000000073,move,improve
9325,13,134.4000000000001,13,112.20000000000073,move,improve
9326,13,134.4000000000001,13,112.20000000000073,2opt,notBad
9327,13,134.4000000000001,13,112.20000000000073,swap,notBad
9328,13,134.4000000000001,13,112.20000000000073,swap,notBad
9329,13,134.4000000000001,13,112.20000000000073,swap,notBad
9330,13,134.4000000000001,13,112.20000000000073,swap,notBad
9331,13,134.4000000000001,13,112.20000000000073,2opt,notBad
9332,13,134.4000000000001,13,112.20000000000073,swap,notBad
9333,13,134.4000000000001,13,112.20000000000073,2opt,improve
9334,13,134.4000000000001,13,112.20000000000073,swap,notBad
9335,13,134.4000000000001,13,112.20000000000073,swap,notBad
9336,13,134.4000000000001,13,112.20000000000073,2opt,notBad
9337,13,134.4000000000001,13,112.20000000000073,move,improve
9338,13,134.4000000000001,13,112.20000000000073,2opt,notBad
9339,13,134.4000000000001,13,112.20000000000073,2opt,notBad
9340,13,134.4000000000001,13,112.20000000000073,move,improve
9341,13,134.4000000000001,13,112.20000000000073,2opt,notBad
9342,13,134.4000000000001,13,112.20000000000073,swap,notBad
9343,13,134.4000000000001,13,112.20000000000073,move,improve
9344,13,134.4000000000001,13,112.20000000000073,move,improve
9345,13,134.4000000000001,13,112.20000000000073,swap,notBad
9346,13,134.4000000000001,13,112.20000000000073,2opt,notBad
9347,13,134.4000000000001,13,112.20000000000073,move,improve
9348,13,134.4000000000001,13,112.20000000000073,2opt,notBad
9349,13,134.4000000000001,13,112.20000000000073,swap,notBad
9350,13,134.4000000000001,13,112.20000000000073,move,improve
9351,13,134.4000000000001,13,112.20000000000073,swap,notBad
9352,13,134.4000000000001,13,112.20000000000073,move,notBad
9353,13,134.4000000000001,13,112.20000000000073,move,improve
9354,13,134.4000000000001,13,112.20000000000073,swap,notBad
9355,13,134.4000000000001,13,112.20000000000073,swap,notBad
9356,13,134.4000000000001,13,112.20000000000073,swap,notBad
9357,13,134.4000000000001,13,112.20000000000073,move,improve
9358,13,134.4000000000001,13,112.20000000000073,move,improve
9359,13,134.4000000000001,13,112.20000000000073,swap,notBad
9360,13,134.4000000000001,13,112.20000000000073,move,improve
9361,13,134.4000000000001,13,112.20000000000073,move,improve
9362,13,134.4000000000001,13,112.20000000000073,2opt,notBad
9363,13,134.4000000000001,13,112.20000000000073,swap,notBad
9364,13,134.4000000000001,13,112.20000000000073,swap,notBad
9365,13,134.4000000000001,13,112.20000000000073,2opt,notBad
9366,13,134.4000000000001,13,112.20000000000073,move,improve
9367,13,134.4000000000001,13,112.20000000000073,move,improve
9368,13,134.4000000000001,13,112.20000000000073,swap,notBad
9369,13,134.4000000000001,13,112.20000000000073,swap,notBad
9370,13,134.4000000000001,13,112.20000000000073,swap,notBad
9371,13,134.4000000000001,13,112.20000000000073,swap,notBad
9372,13,134.4000000000001,13,112.20000000000073,move,improve
9373,13,134.4000000000001,13,112.20000000000073,swap,notBad
9374,13,134.4000000000001,13,112.20000000000073,2opt,notBad
9375,13,134.4000000000001,13,112.20000000000073,swap,notBad
9376,13,134.4000000000001,13,112.20000000000073,move,improve
9377,13,134.4000000000001,13,112.20000000000073,2opt,notBad
9378,13,134.4000000000001,13,112.20000000000073,move,improve
9379,13,134.4000000000001,13,112.20000000000073,swap,notBad
9380,13,134.4000000000001,13,112.20000000000073,move,improve
9381,13,134.4000000000001,13,112.20000000000073,2opt,improve
9382,13,134.4000000000001,13,112.20000000000073,move,improve
9383,13,134.4000000000001,13,112.20000000000073,2opt,notBad
9384,13,134.4000000000001,13,112.20000000000073,2opt,notBad
9385,13,134.4000000000001,13,112.20000000000073,swap,notBad
9386,13,127.00000000000159,13,112.20000000000073,swap,improve
9387,13,127.00000000000159,13,112.20000000000073,swap,notBad
9388,13,127.00000000000159,13,112.20000000000073,move,improve
9389,13,127.00000000000159,13,112.20000000000073,2opt,notBad
9390,13,127.00000000000159,13,112.20000000000073,swap,notBad
9391,13,127.00000000000159,13,112.20000000000073,move,improve
9392,13,127.00000000000159,13,112.20000000000073,swap,notBad
9393,13,127.00000000000159,13,112.20000000000073,swap,notBad
9394,13,127.00000000000159,13,112.20000000000073,move,improve
9395,13,127.00000000000159,13,112.20000000000073,swap,notBad
9396,13,127.00000000000159,13,112.20000000000073,2opt,notBad
9397,13,127.00000000000159,13,112.20000000000073,2opt,improve
9398,13,127.00000000000159,13,112.20000000000073,2opt,notBad
9399,13,127.00000000000159,13,112.20000000000073,swap,notBad
9400,13,125.20000000000118,13,112.20000000000073,swap,improve
9401,13,125.20000000000118,13,112.20000000000073,swap,notBad
9402,13,125.20000000000118,13,112.20000000000073,swap,notBad
9403,13,125.20000000000118,13,112.20000000000073,swap,notBad
9404,13,125.20000000000118,13,112.20000000000073,swap,notBad
9405,13,125.20000000000118,13,112.20000000000073,2opt,notBad
9406,13,125.20000000000118,13,112.20000000000073,move,improve
9407,13,125.20000000000118,13,112.20000000000073,move,improve
9408,13,125.20000000000118,13,112.20000000000073,2opt,notBad
9409,13,125.20000000000118,13,112.20000000000073,move,improve
9410,13,136.40000000000146,13,112.20000000000073,swap,acceptBad
9411,13,136.40000000000146,13,112.20000000000073,2opt,notBad
9412,13,136.40000000000146,13,112.20000000000073,move,improve
9413,13,136.40000000000146,13,112.20000000000073,move,improve
9414,13,136.40000000000146,13,112.20000000000073,swap,notBad
9415,13,136.40000000000146,13,112.20000000000073,swap,notBad
9416,13,136.40000000000146,13,112.20000000000073,2opt,notBad
9417,13,136.40000000000146,13,112.20000000000073,swap,notBad
9418,13,136.40000000000146,13,112.20000000000073,swap,notBad
9419,13,136.40000000000146,13,112.20000000000073,2opt,notBad
9420,13,136.40000000000146,13,112.20000000000073,2opt,notBad
9421,13,136.40000000000146,13,112.20000000000073,2opt,notBad
9422,13,136.40000000000146,13,112.20000000000073,swap,notBad
9423,13,136.40000000000146,13,112.20000000000073,move,improve
9424,13,136.40000000000146,13,112.20000000000073,2opt,notBad
9425,13,136.40000000000146,13,112.20000000000073,swap,notBad
9426,13,136.40000000000146,13,112.20000000000073,2opt,improve
9427,13,136.40000000000146,13,112.20000000000073,swap,notBad
9428,13,136.40000000000146,13,112.20000000000073,move,improve
9429,13,136.40000000000146,13,112.20000000000073,move,improve
9430,13,136.40000000000146,13,112.20000000000073,2opt,notBad
9431,13,136.40000000000146,13,112.20000000000073,swap,notBad
9432,13,136.40000000000146,13,112.20000000000073,2opt,notBad
9433,13,136.40000000000146,13,112.20000000000073,move,notBad
9434,13,136.40000000000146,13,112.20000000000073,move,improve
9435,13,136.40000000000146,13,112.20000000000073,swap,notBad
9436,13,136.40000000000146,13,112.20000000000073,2opt,notBad
9437,13,136.40000000000146,13,112.20000000000073,swap,notBad
9438,13,136.40000000000146,13,112.20000000000073,move,improve
9439,13,136.40000000000146,13,112.20000000000073,move,improve
9440,13,136.40000000000146,13,112.20000000000073,swap,notBad
9441,13,136.40000000000146,13,112.20000000000073,move,improve
9442,13,136.40000000000146,13,112.20000000000073,move,improve
9443,13,136.40000000000146,13,112.20000000000073,2opt,improve
9444,13,136.40000000000146,13,112.20000000000073,2opt,notBad
9445,13,136.40000000000146,13,112.20000000000073,swap,notBad
9446,13,136.40000000000146,13,112.20000000000073,2opt,notBad
9447,13,136.40000000000146,13,112.20000000000073,swap,improve
9448,13,136.40000000000146,13,112.20000000000073,swap,notBad
9449,13,136.20000000000095,13,112.20000000000073,move,improve
9450,13,136.20000000000095,13,112.20000000000073,2opt,notBad
9451,13,136.20000000000095,13,112.20000000000073,swap,notBad
9452,13,136.20000000000095,13,112.20000000000073,swap,notBad
9453,13,136.20000000000095,13,112.20000000000073,swap,notBad
9454,13,136.20000000000095,13,112.20000000000073,2opt,notBad
9455,13,136.20000000000095,13,112.20000000000073,swap,notBad
9456,13,136.20000000000095,13,112.20000000000073,move,improve
9457,13,136.20000000000095,13,112.20000000000073,move,improve
9458,13,136.20000000000095,13,112.20000000000073,swap,notBad
9459,13,136.20000000000095,13,112.20000000000073,2opt,notBad
9460,13,136.20000000000095,13,112.20000000000073,2opt,notBad
9461,13,136.20000000000095,13,112.20000000000073,2opt,notBad
9462,13,136.20000000000095,13,112.20000000000073,move,improve
9463,13,136.20000000000095,13,112.20000000000073,swap,notBad
9464,13,136.20000000000095,13,112.20000000000073,move,improve
9465,13,136.20000000000095,13,112.20000000000073,swap,notBad
9466,13,136.20000000000095,13,112.20000000000073,swap,notBad
9467,13,136.20000000000095,13,112.20000000000073,move,improve
9468,13,136.20000000000095,13,112.20000000000073,move,improve
9469,13,136.20000000000095,13,112.20000000000073,move,improve
9470,13,136.20000000000095,13,112.20000000000073,2opt,notBad
9471,13,136.20000000000095,13,112.20000000000073,move,improve
9472,13,136.20000000000095,13,112.20000000000073,2opt,notBad
9473,13,136.20000000000095,13,112.20000000000073,swap,notBad
9474,13,136.20000000000095,13,112.20000000000073,swap,notBad
9475,13,136.20000000000095,13,112.20000000000073,2opt,notBad
9476,13,136.20000000000095,13,112.20000000000073,move,improve
9477,13,136.20000000000095,13,112.20000000000073,move,improve
9478,13,136.20000000000095,13,112.20000000000073,swap,notBad
9479,13,136.20000000000095,13,112.20000000000073,swap,notBad
9480,13,136.20000000000095,13,112.20000000000073,swap,notBad
9481,13,136.20000000000095,13,112.20000000000073,move,improve
9482,13,123.60000000000127,13,112.20000000000073,swap,improve
9483,13,123.60000000000127,13,112.20000000000073,move,improve
9484,13,123.60000000000127,13,112.20000000000073,swap,notBad
9485,13,123.60000000000127,13,112.20000000000073,swap,notBad
9486,13,123.60000000000127,13,112.20000000000073,swap,notBad
9487,13,123.60000000000127,13,112.20000000000073,2opt,notBad
9488,13,123.60000000000127,13,112.20000000000073,move,improve
9489,13,123.60000000000127,13,112.20000000000073,2opt,notBad
9490,13,123.60000000000127,13,112.20000000000073,2opt,notBad
9491,13,123.60000000000127,13,112.20000000000073,swap,notBad
9492,13,123.60000000000127,13,112.20000000000073,2opt,notBad
9493,13,123.60000000000127,13,112.20000000000073,swap,notBad
9494,13,123.60000000000127,13,112.20000000000073,swap,notBad
9495,13,123.60000000000127,13,112.20000000000073,2opt,notBad
9496,13,123.60000000000127,13,112.20000000000073,move,improve
9497,13,123.60000000000127,13,112.20000000000073,swap,notBad
9498,13,123.60000000000127,13,112.20000000000073,move,improve
9499,13,123.60000000000127,13,112.20000000000073,move,improve
9500,13,123.60000000000127,13,112.20000000000073,move,improve
9501,13,123.60000000000127,13,112.20000000000073,2opt,notBad
9502,13,123.60000000000127,13,112.20000000000073,move,improve
9503,13,123.60000000000127,13,112.20000000000073,swap,notBad
9504,13,123.60000000000127,13,112.20000000000073,2opt,notBad
9505,13,123.60000000000127,13,112.20000000000073,swap,notBad
9506,13,123.60000000000127,13,112.20000000000073,swap,notBad
9507,13,123.60000000000127,13,112.20000000000073,move,improve
9508,13,123.60000000000127,13,112.20000000000073,swap,notBad
9509,13,123.60000000000127,13,112.20000000000073,move,improve
9510,13,123.60000000000127,13,112.20000000000073,move,improve
9511,13,123.60000000000127,13,112.20000000000073,2opt,improve
9512,13,123.60000000000127,13,112.20000000000073,move,improve
9513,13,123.60000000000127,13,112.20000000000073,swap,notBad
9514,13,123.60000000000127,13,112.20000000000073,move,improve
9515,13,123.60000000000127,13,112.20000000000073,2opt,notBad
9516,13,123.60000000000127,13,112.20000000000073,move,improve
9517,13,123.60000000000127,13,112.20000000000073,swap,notBad
9518,13,123.60000000000127,13,112.20000000000073,move,improve
9519,13,123.60000000000127,13,112.20000000000073,2opt,notBad
9520,13,123.60000000000127,13,112.20000000000073,move,improve
9521,13,123.60000000000127,13,112.20000000000073,2opt,notBad
9522,13,123.60000000000127,13,112.20000000000073,move,improve
9523,13,122.00000000000136,13,112.20000000000073,move,improve
9524,13,122.00000000000136,13,112.20000000000073,move,improve
9525,13,122.00000000000136,13,112.20000000000073,move,improve
9526,13,122.00000000000136,13,112.20000000000073,2opt,notBad
9527,13,122.00000000000136,13,112.20000000000073,2opt,notBad
9528,13,122.00000000000136,13,112.20000000000073,move,improve
9529,13,122.00000000000136,13,112.20000000000073,swap,notBad
9530,13,122.00000000000136,13,112.20000000000073,2opt,notBad
9531,13,122.00000000000136,13,112.20000000000073,move,improve
9532,13,122.00000000000136,13,112.20000000000073,swap,notBad
9533,13,122.00000000000136,13,112.20000000000073,move,improve
9534,13,122.00000000000136,13,112.20000000000073,2opt,notBad
9535,13,122.00000000000136,13,112.20000000000073,2opt,notBad
9536,13,122.00000000000136,13,112.20000000000073,2opt,notBad
9537,13,122.00000000000136,13,112.20000000000073,swap,notBad
9538,13,122.00000000000136,13,112.20000000000073,move,improve
9539,13,122.00000000000136,13,112.20000000000073,swap,notBad
9540,13,122.00000000000136,13,112.20000000000073,swap,notBad
9541,13,122.00000000000136,13,112.20000000000073,move,improve
9542,13,122.00000000000136,13,112.20000000000073,2opt,notBad
9543,13,122.00000000000136,13,112.20000000000073,move,improve
9544,13,122.00000000000136,13,112.20000000000073,move,improve
9545,13,122.00000000000136,13,112.20000000000073,swap,notBad
9546,13,122.00000000000136,13,112.20000000000073,swap,notBad
9547,13,122.00000000000136,13,112.20000000000073,2opt,notBad
9548,13,122.00000000000136,13,112.20000000000073,swap,notBad
9549,13,122.00000000000136,13,112.20000000000073,move,improve
9550,13,122.00000000000136,13,112.20000000000073,swap,notBad
9551,13,122.00000000000136,13,112.20000000000073,2opt,notBad
9552,13,122.00000000000136,13,112.20000000000073,2opt,notBad
9553,13,122.00000000000136,13,112.20000000000073,2opt,notBad
9554,13,122.00000000000136,13,112.20000000000073,swap,notBad
9555,13,122.00000000000136,13,112.20000000000073,2opt,notBad
9556,13,122.00000000000136,13,112.20000000000073,swap,notBad
9557,13,122.00000000000136,13,112.20000000000073,swap,notBad
9558,13,122.00000000000136,13,112.20000000000073,move,improve
9559,13,122.00000000000136,13,112.20000000000073,swap,notBad
9560,13,122.00000000000136,13,112.20000000000073,move,improve
9561,13,122.00000000000136,13,112.20000000000073,2opt,notBad
9562,13,122.00000000000136,13,112.20000000000073,swap,notBad
9563,13,122.00000000000136,13,112.20000000000073,move,improve
9564,13,122.00000000000136,13,112.20000000000073,2opt,notBad
9565,13,122.00000000000136,13,112.20000000000073,2opt,notBad
9566,13,122.00000000000136,13,112.20000000000073,2opt,notBad
9567,13,122.00000000000136,13,112.20000000000073,swap,notBad
9568,13,122.00000000000136,13,112.20000000000073,2opt,notBad
9569,13,122.00000000000136,13,112.20000000000073,2opt,notBad
9570,13,122.00000000000136,13,112.20000000000073,2opt,notBad
9571,13,122.00000000000136,13,112.20000000000073,swap,notBad
9572,13,122.00000000000136,13,112.20000000000073,swap,notBad
9573,13,122.00000000000136,13,112.20000000000073,move,improve
9574,13,122.00000000000136,13,112.20000000000073,swap,notBad
9575,13,122.00000000000136,13,112.20000000000073,swap,notBad
9576,13,122.00000000000136,13,112.20000000000073,swap,notBad
9577,13,122.00000000000136,13,112.20000000000073,move,improve
9578,13,122.00000000000136,13,112.20000000000073,2opt,notBad
9579,13,122.00000000000136,13,112.20000000000073,move,improve
9580,13,122.00000000000136,13,112.20000000000073,2opt,notBad
9581,13,122.00000000000136,13,112.20000000000073,move,improve
9582,13,122.00000000000136,13,112.20000000000073,2opt,notBad
9583,13,122.00000000000136,13,112.20000000000073,swap,notBad
9584,13,122.00000000000136,13,112.20000000000073,swap,notBad
9585,13,122.00000000000136,13,112.20000000000073,2opt,notBad
9586,13,122.00000000000136,13,112.20000000000073,2opt,notBad
9587,13,122.00000000000136,13,112.20000000000073,move,improve
9588,13,122.00000000000136,13,112.20000000000073,swap,notBad
9589,13,122.00000000000136,13,112.20000000000073,move,improve
9590,13,122.00000000000136,13,112.20000000000073,2opt,notBad
9591,13,122.00000000000136,13,112.20000000000073,swap,notBad
9592,13,122.00000000000136,13,112.20000000000073,2opt,notBad
9593,13,122.00000000000136,13,112.20000000000073,move,improve
9594,13,122.00000000000136,13,112.20000000000073,move,improve
9595,13,122.00000000000136,13,112.20000000000073,swap,notBad
9596,13,122.00000000000136,13,112.20000000000073,move,improve
9597,13,122.00000000000136,13,112.20000000000073,move,improve
9598,13,122.00000000000136,13,112.20000000000073,move,improve
9599,13,122.00000000000136,13,112.20000000000073,2opt,notBad
9600,13,122.00000000000136,13,112.20000000000073,2opt,notBad
9601,13,122.00000000000136,13,112.20000000000073,swap,notBad
9602,13,122.00000000000136,13,112.20000000000073,2opt,notBad
9603,13,122.00000000000136,13,112.20000000000073,move,improve
9604,13,122.00000000000136,13,112.20000000000073,move,improve
9605,13,122.00000000000136,13,112.20000000000073,2opt,notBad
9606,13,122.00000000000136,13,112.20000000000073,2opt,notBad
9607,13,122.00000000000136,13,112.20000000000073,2opt,notBad
9608,13,122.00000000000136,13,112.20000000000073,swap,notBad
9609,13,122.00000000000136,13,112.20000000000073,move,improve
9610,13,122.00000000000136,13,112.20000000000073,swap,notBad
9611,13,122.00000000000136,13,112.20000000000073,move,improve
9612,13,122.00000000000136,13,112.20000000000073,move,improve
9613,13,122.00000000000136,13,112.20000000000073,2opt,notBad
9614,13,122.00000000000136,13,112.20000000000073,2opt,notBad
9615,13,122.00000000000136,13,112.20000000000073,swap,notBad
9616,13,122.00000000000136,13,112.20000000000073,2opt,notBad
9617,13,122.00000000000136,13,112.20000000000073,swap,notBad
9618,13,122.00000000000136,13,112.20000000000073,swap,notBad
9619,13,122.00000000000136,13,112.20000000000073,move,improve
9620,13,123.400000000001,13,112.20000000000073,swap,acceptBad
9621,13,123.400000000001,13,112.20000000000073,2opt,notBad
9622,13,123.400000000001,13,112.20000000000073,move,improve
9623,13,123.400000000001,13,112.20000000000073,2opt,notBad
9624,13,123.400000000001,13,112.20000000000073,swap,notBad
9625,13,123.400000000001,13,112.20000000000073,2opt,notBad
9626,13,123.400000000001,13,112.20000000000073,swap,notBad
9627,13,123.400000000001,13,112.20000000000073,2opt,notBad
9628,13,123.400000000001,13,112.20000000000073,swap,notBad
9629,13,123.400000000001,13,112.20000000000073,2opt,notBad
9630,13,123.400000000001,13,112.20000000000073,swap,notBad
9631,13,123.400000000001,13,112.20000000000073,2opt,notBad
9632,13,123.400000000001,13,112.20000000000073,move,improve
9633,13,123.400000000001,13,112.20000000000073,swap,notBad
9634,13,123.400000000001,13,112.20000000000073,2opt,notBad
9635,13,123.400000000001,13,112.20000000000073,swap,notBad
9636,13,123.400000000001,13,112.20000000000073,2opt,improve
9637,13,123.400000000001,13,112.20000000000073,2opt,notBad
9638,13,123.400000000001,13,112.20000000000073,2opt,notBad
9639,13,123.400000000001,13,112.20000000000073,2opt,notBad
9640,13,123.400000000001,13,112.20000000000073,move,improve
9641,13,123.400000000001,13,112.20000000000073,swap,notBad
9642,13,123.400000000001,13,112.20000000000073,move,improve
9643,13,123.400000000001,13,112.20000000000073,2opt,notBad
9644,13,123.400000000001,13,112.20000000000073,swap,notBad
9645,13,123.400000000001,13,112.20000000000073,swap,notBad
9646,13,123.400000000001,13,112.20000000000073,move,improve
9647,13,123.400000000001,13,112.20000000000073,2opt,notBad
9648,13,123.400000000001,13,112.20000000000073,2opt,notBad
9649,13,123.400000000001,13,112.20000000000073,2opt,notBad
9650,13,123.400000000001,13,112.20000000000073,move,improve
9651,13,123.400000000001,13,112.20000000000073,move,improve
9652,13,123.400000000001,13,112.20000000000073,move,improve
9653,13,123.400000000001,13,112.20000000000073,2opt,notBad
9654,13,123.400000000001,13,112.20000000000073,2opt,improve
9655,13,123.400000000001,13,112.20000000000073,2opt,notBad
9656,13,123.400000000001,13,112.20000000000073,move,improve
9657,13,123.400000000001,13,112.20000000000073,2opt,notBad
9658,13,123.400000000001,13,112.20000000000073,move,improve
9659,13,123.400000000001,13,112.20000000000073,move,improve
9660,13,123.400000000001,13,112.20000000000073,2opt,improve
9661,13,123.400000000001,13,112.20000000000073,move,improve
9662,13,123.400000000001,13,112.20000000000073,move,improve
9663,13,123.400000000001,13,112.20000000000073,swap,notBad
9664,13,123.400000000001,13,112.20000000000073,swap,notBad
9665,13,123.400000000001,13,112.20000000000073,swap,notBad
9666,13,123.400000000001,13,112.20000000000073,move,improve
9667,13,123.400000000001,13,112.20000000000073,move,improve
9668,13,123.400000000001,13,112.20000000000073,swap,notBad
9669,13,123.400000000001,13,112.20000000000073,move,improve
9670,13,123.400000000001,13,112.20000000000073,move,improve
9671,13,123.400000000001,13,112.20000000000073,move,improve
9672,13,123.400000000001,13,112.20000000000073,move,improve
9673,13,123.400000000001,13,112.20000000000073,2opt,notBad
9674,13,123.400000000001,13,112.20000000000073,move,improve
9675,13,123.400000000001,13,112.20000000000073,swap,notBad
9676,13,123.20000000000095,13,112.20000000000073,swap,improve
9677,13,123.20000000000095,13,112.20000000000073,2opt,notBad
9678,13,123.20000000000095,13,112.20000000000073,move,improve
9679,13,123.20000000000095,13,112.20000000000073,swap,notBad
9680,13,123.20000000000095,13,112.20000000000073,swap,notBad
9681,13,123.20000000000095,13,112.20000000000073,swap,notBad
9682,13,123.20000000000095,13,112.20000000000073,move,improve
9683,13,123.20000000000095,13,112.20000000000073,2opt,notBad
9684,13,123.20000000000095,13,112.20000000000073,move,improve
9685,13,123.20000000000095,13,112.20000000000073,2opt,notBad
9686,13,123.20000000000095,13,112.20000000000073,move,improve
9687,13,123.20000000000095,13,112.20000000000073,swap,notBad
9688,13,123.20000000000095,13,112.20000000000073,swap,notBad
9689,13,123.20000000000095,13,112.20000000000073,move,improve
9690,13,123.20000000000095,13,112.20000000000073,move,improve
9691,13,123.20000000000095,13,112.20000000000073,2opt,notBad
9692,13,123.20000000000095,13,112.20000000000073,2opt,notBad
9693,13,123.20000000000095,13,112.20000000000073,swap,notBad
9694,13,123.20000000000095,13,112.20000000000073,swap,notBad
9695,13,123.20000000000095,13,112.20000000000073,move,improve
9696,13,123.20000000000095,13,112.20000000000073,swap,notBad
9697,13,123.20000000000095,13,112.20000000000073,move,improve
9698,13,123.20000000000095,13,112.20000000000073,swap,notBad
9699,13,123.20000000000095,13,112.20000000000073,swap,notBad
9700,13,123.20000000000095,13,112.20000000000073,2opt,notBad
9701,13,113.80000000000132,13,112.20000000000073,move,improve
9702,13,113.80000000000132,13,112.20000000000073,2opt,notBad
9703,13,113.80000000000132,13,112.20000000000073,move,improve
9704,13,113.80000000000132,13,112.20000000000073,2opt,notBad
9705,13,113.80000000000132,13,112.20000000000073,2opt,notBad
9706,13,113.80000000000132,13,112.20000000000073,swap,notBad
9707,13,113.80000000000132,13,112.20000000000073,2opt,notBad
9708,13,113.80000000000132,13,112.20000000000073,swap,notBad
9709,13,113.80000000000132,13,112.20000000000073,swap,notBad
9710,13,113.80000000000132,13,112.20000000000073,2opt,notBad
9711,13,113.80000000000132,13,112.20000000000073,move,improve
9712,13,113.80000000000132,13,112.20000000000073,move,improve
9713,13,113.80000000000132,13,112.20000000000073,swap,notBad
9714,13,113.80000000000132,13,112.20000000000073,2opt,notBad
9715,13,113.80000000000132,13,112.20000000000073,move,improve
9716,13,113.80000000000132,13,112.20000000000073,swap,notBad
9717,13,113.80000000000132,13,112.20000000000073,move,improve
9718,13,113.80000000000132,13,112.20000000000073,2opt,notBad
9719,13,113.80000000000132,13,112.20000000000073,move,improve
9720,13,113.80000000000132,13,112.20000000000073,move,improve
9721,13,113.80000000000132,13,112.20000000000073,2opt,notBad
9722,13,113.80000000000132,13,112.20000000000073,move,improve
9723,13,113.80000000000132,13,112.20000000000073,2opt,notBad
9724,13,113.80000000000132,13,112.20000000000073,move,improve
9725,13,113.80000000000132,13,112.20000000000073,move,improve
9726,13,113.80000000000132,13,112.20000000000073,2opt,improve
9727,13,113.80000000000132,13,112.20000000000073,2opt,improve
9728,13,113.80000000000132,13,112.20000000000073,swap,notBad
9729,13,113.80000000000132,13,112.20000000000073,2opt,notBad
9730,13,113.80000000000132,13,112.20000000000073,2opt,notBad
9731,13,113.80000000000132,13,112.20000000000073,move,improve
9732,13,113.80000000000132,13,112.20000000000073,swap,notBad
9733,13,118.400000000001,13,112.20000000000073,swap,acceptBad
9734,13,118.400000000001,13,112.20000000000073,swap,notBad
9735,13,118.400000000001,13,112.20000000000073,2opt,notBad
9736,13,118.400000000001,13,112.20000000000073,swap,notBad
9737,13,118.400000000001,13,112.20000000000073,2opt,notBad
9738,13,118.400000000001,13,112.20000000000073,swap,notBad
9739,13,118.400000000001,13,112.20000000000073,move,improve
9740,13,118.400000000001,13,112.20000000000073,2opt,notBad
9741,13,118.400000000001,13,112.20000000000073,2opt,notBad
9742,13,118.400000000001,13,112.20000000000073,2opt,notBad
9743,13,118.400000000001,13,112.20000000000073,move,improve
9744,13,118.400000000001,13,112.20000000000073,2opt,notBad
9745,13,118.400000000001,13,112.20000000000073,swap,notBad
9746,13,118.400000000001,13,112.20000000000073,swap,notBad
9747,13,118.400000000001,13,112.20000000000073,swap,notBad
9748,13,118.400000000001,13,112.20000000000073,swap,notBad
9749,13,118.400000000001,13,112.20000000000073,2opt,notBad
9750,13,118.400000000001,13,112.20000000000073,swap,notBad
9751,13,118.400000000001,13,112.20000000000073,swap,notBad
9752,13,118.400000000001,13,112.20000000000073,swap,notBad
9753,13,118.400000000001,13,112.20000000000073,2opt,notBad
9754,13,118.400000000001,13,112.20000000000073,swap,notBad
9755,13,118.400000000001,13,112.20000000000073,2opt,notBad
9756,13,118.400000000001,13,112.20000000000073,2opt,notBad
9757,13,118.400000000001,13,112.20000000000073,2opt,notBad
9758,13,118.400000000001,13,112.20000000000073,2opt,notBad
9759,13,117.60000000000105,13,112.20000000000073,move,improve
9760,13,117.60000000000105,13,112.20000000000073,swap,notBad
9761,13,117.60000000000105,13,112.20000000000073,2opt,improve
9762,13,117.60000000000105,13,112.20000000000073,move,improve
9763,13,117.60000000000105,13,112.20000000000073,swap,notBad
9764,13,117.60000000000105,13,112.20000000000073,swap,notBad
9765,13,117.60000000000105,13,112.20000000000073,move,improve
9766,13,117.60000000000105,13,112.20000000000073,swap,notBad
9767,13,117.60000000000105,13,112.20000000000073,2opt,notBad
9768,13,117.60000000000105,13,112.20000000000073,2opt,notBad
9769,13,117.60000000000105,13,112.20000000000073,2opt,notBad
9770,13,117.60000000000105,13,112.20000000000073,swap,notBad
9771,13,117.60000000000105,13,112.20000000000073,2opt,notBad
9772,13,117.60000000000105,13,112.20000000000073,move,improve
9773,13,117.60000000000105,13,112.20000000000073,2opt,notBad
9774,13,117.60000000000105,13,112.20000000000073,2opt,notBad
9775,13,117.60000000000105,13,112.20000000000073,2opt,notBad
9776,13,117.60000000000105,13,112.20000000000073,move,improve
9777,13,117.60000000000105,13,112.20000000000073,2opt,notBad
9778,13,117.60000000000105,13,112.20000000000073,move,improve
9779,13,117.60000000000105,13,112.20000000000073,swap,notBad
9780,13,117.60000000000105,13,112.20000000000073,2opt,notBad
9781,13,117.60000000000105,13,112.20000000000073,move,notBad
9782,13,117.60000000000105,13,112.20000000000073,2opt,notBad
9783,13,117.60000000000105,13,112.20000000000073,2opt,notBad
9784,13,117.60000000000105,13,112.20000000000073,2opt,notBad
9785,13,117.60000000000105,13,112.20000000000073,swap,notBad
9786,13,117.60000000000105,13,112.20000000000073,move,improve
9787,13,117.60000000000105,13,112.20000000000073,2opt,notBad
9788,13,117.60000000000105,13,112.20000000000073,swap,notBad
9789,13,117.60000000000105,13,112.20000000000073,2opt,notBad
9790,13,117.60000000000105,13,112.20000000000073,move,improve
9791,13,117.60000000000105,13,112.20000000000073,swap,notBad
9792,13,117.60000000000105,13,112.20000000000073,swap,notBad
9793,13,117.60000000000105,13,112.20000000000073,move,improve
9794,13,117.60000000000105,13,112.20000000000073,swap,notBad
9795,13,117.60000000000105,13,112.20000000000073,move,improve
9796,13,117.60000000000105,13,112.20000000000073,move,improve
9797,13,117.60000000000105,13,112.20000000000073,2opt,notBad
9798,13,117.60000000000105,13,112.20000000000073,move,improve
9799,13,117.60000000000105,13,112.20000000000073,swap,notBad
9800,13,117.60000000000105,13,112.20000000000073,swap,notBad
9801,13,117.60000000000105,13,112.20000000000073,2opt,notBad
9802,13,117.60000000000105,13,112.20000000000073,2opt,notBad
9803,13,117.60000000000105,13,112.20000000000073,2opt,notBad
9804,13,117.60000000000105,13,112.20000000000073,2opt,notBad
9805,13,117.60000000000105,13,112.20000000000073,swap,notBad
9806,13,117.60000000000105,13,112.20000000000073,swap,notBad
9807,13,117.60000000000105,13,112.20000000000073,2opt,notBad
9808,13,117.60000000000105,13,112.20000000000073,swap,notBad
9809,13,117.60000000000105,13,112.20000000000073,move,improve
9810,13,117.60000000000105,13,112.20000000000073,swap,notBad
9811,13,117.60000000000105,13,112.20000000000073,2opt,notBad
9812,13,117.60000000000105,13,112.20000000000073,move,improve
9813,13,117.60000000000105,13,112.20000000000073,2opt,notBad
9814,13,117.60000000000105,13,112.20000000000073,swap,notBad
9815,13,117.60000000000105,13,112.20000000000073,2opt,notBad
9816,13,117.60000000000105,13,112.20000000000073,swap,notBad
9817,13,117.60000000000105,13,112.20000000000073,swap,notBad
9818,13,117.60000000000105,13,112.20000000000073,2opt,notBad
9819,13,117.60000000000105,13,112.20000000000073,swap,notBad
9820,13,117.60000000000105,13,112.20000000000073,2opt,notBad
9821,13,117.60000000000105,13,112.20000000000073,move,improve
9822,13,117.60000000000105,13,112.20000000000073,move,improve
9823,13,117.60000000000105,13,112.20000000000073,swap,notBad
9824,13,117.60000000000105,13,112.20000000000073,move,improve
9825,13,117.60000000000105,13,112.20000000000073,move,improve
9826,13,117.60000000000105,13,112.20000000000073,2opt,notBad
9827,13,117.60000000000105,13,112.20000000000073,move,improve
9828,13,117.60000000000105,13,112.20000000000073,2opt,improve
9829,13,117.60000000000105,13,112.20000000000073,move,improve
9830,13,117.60000000000105,13,112.20000000000073,move,improve
9831,13,117.60000000000105,13,112.20000000000073,move,improve
9832,13,117.60000000000105,13,112.20000000000073,swap,notBad
9833,13,117.60000000000105,13,112.20000000000073,move,improve
9834,13,117.60000000000105,13,112.20000000000073,swap,notBad
9835,13,117.60000000000105,13,112.20000000000073,2opt,notBad
9836,13,117.60000000000105,13,112.20000000000073,swap,notBad
9837,13,117.60000000000105,13,112.20000000000073,move,improve
9838,13,117.60000000000105,13,112.20000000000073,move,improve
9839,13,117.60000000000105,13,112.20000000000073,swap,notBad
9840,13,117.60000000000105,13,112.20000000000073,2opt,notBad
9841,13,117.60000000000105,13,112.20000000000073,2opt,notBad
9842,13,117.60000000000105,13,112.20000000000073,move,improve
9843,13,117.60000000000105,13,112.20000000000073,move,improve
9844,13,117.60000000000105,13,112.20000000000073,move,improve
9845,13,117.60000000000105,13,112.20000000000073,move,improve
9846,13,117.60000000000105,13,112.20000000000073,2opt,notBad
9847,13,117.60000000000105,13,112.20000000000073,swap,notBad
9848,13,117.60000000000105,13,112.20000000000073,move,improve
9849,13,117.60000000000105,13,112.20000000000073,move,improve
9850,13,117.60000000000105,13,112.20000000000073,move,improve
9851,13,117.60000000000105,13,112.20000000000073,swap,notBad
9852,13,117.60000000000105,13,112.20000000000073,move,improve
9853,13,117.60000000000105,13,112.20000000000073,2opt,notBad
9854,13,117.60000000000105,13,112.20000000000073,move,improve
9855,13,117.60000000000105,13,112.20000000000073,2opt,notBad
9856,13,117.60000000000105,13,112.20000000000073,2opt,notBad
9857,13,117.60000000000105,13,112.20000000000073,swap,notBad
9858,13,117.60000000000105,13,112.20000000000073,swap,notBad
9859,13,117.60000000000105,13,112.20000000000073,move,improve
9860,13,117.60000000000105,13,112.20000000000073,swap,notBad
9861,13,117.60000000000105,13,112.20000000000073,2opt,notBad
9862,13,117.60000000000105,13,112.20000000000073,swap,notBad
9863,13,117.60000000000105,13,112.20000000000073,swap,notBad
9864,13,117.60000000000105,13,112.20000000000073,swap,notBad
9865,13,117.60000000000105,13,112.20000000000073,2opt,notBad
9866,13,117.60000000000105,13,112.20000000000073,swap,notBad
9867,13,117.60000000000105,13,112.20000000000073,swap,notBad
9868,13,117.60000000000105,13,112.20000000000073,2opt,improve
9869,13,117.60000000000105,13,112.20000000000073,2opt,notBad
9870,13,117.60000000000105,13,112.20000000000073,swap,notBad
9871,13,117.60000000000105,13,112.20000000000073,swap,notBad
9872,13,117.60000000000105,13,112.20000000000073,move,improve
9873,13,117.60000000000105,13,112.20000000000073,2opt,notBad
9874,13,117.60000000000105,13,112.20000000000073,swap,notBad
9875,13,117.60000000000105,13,112.20000000000073,move,improve
9876,13,117.60000000000105,13,112.20000000000073,swap,notBad
9877,13,117.60000000000105,13,112.20000000000073,move,improve
9878,13,117.60000000000105,13,112.20000000000073,2opt,improve
9879,13,117.60000000000105,13,112.20000000000073,2opt,notBad
9880,13,117.60000000000105,13,112.20000000000073,swap,notBad
9881,13,117.60000000000105,13,112.20000000000073,2opt,notBad
9882,13,117.60000000000105,13,112.20000000000073,swap,notBad
9883,13,117.60000000000105,13,112.20000000000073,move,improve
9884,13,117.60000000000105,13,112.20000000000073,2opt,notBad
9885,13,117.60000000000105,13,112.20000000000073,move,improve
9886,13,117.60000000000105,13,112.20000000000073,move,improve
9887,13,117.60000000000105,13,112.20000000000073,swap,notBad
9888,13,117.60000000000105,13,112.20000000000073,swap,notBad
9889,13,117.60000000000105,13,112.20000000000073,swap,notBad
9890,13,117.60000000000105,13,112.20000000000073,swap,notBad
9891,13,117.60000000000105,13,112.20000000000073,swap,notBad
9892,13,117.60000000000105,13,112.20000000000073,move,improve
9893,13,117.60000000000105,13,112.20000000000073,swap,notBad
9894,13,117.60000000000105,13,112.20000000000073,2opt,notBad
9895,13,117.60000000000105,13,112.20000000000073,2opt,notBad
9896,13,117.60000000000105,13,112.20000000000073,2opt,notBad
9897,13,117.60000000000105,13,112.20000000000073,move,improve
9898,13,117.60000000000105,13,112.20000000000073,2opt,improve
9899,13,117.60000000000105,13,112.20000000000073,move,improve
9900,13,117.60000000000105,13,112.20000000000073,2opt,notBad
9901,13,117.60000000000105,13,112.20000000000073,2opt,notBad
9902,13,117.60000000000105,13,112.20000000000073,swap,notBad
9903,13,117.60000000000105,13,112.20000000000073,swap,notBad
9904,13,117.60000000000105,13,112.20000000000073,swap,notBad
9905,13,117.60000000000105,13,112.20000000000073,2opt,notBad
9906,13,117.60000000000105,13,112.20000000000073,swap,notBad
9907,13,117.60000000000105,13,112.20000000000073,2opt,notBad
9908,13,117.60000000000105,13,112.20000000000073,swap,notBad
9909,13,117.60000000000105,13,112.20000000000073,move,improve
9910,13,117.60000000000105,13,112.20000000000073,2opt,notBad
9911,13,117.60000000000105,13,112.20000000000073,2opt,notBad
9912,13,117.60000000000105,13,112.20000000000073,swap,notBad
9913,13,117.60000000000105,13,112.20000000000073,2opt,improve
9914,13,117.60000000000105,13,112.20000000000073,2opt,notBad
9915,13,117.60000000000105,13,112.20000000000073,swap,notBad
9916,13,117.60000000000105,13,112.20000000000073,swap,notBad
9917,13,117.60000000000105,13,112.20000000000073,swap,notBad
9918,13,117.60000000000105,13,112.20000000000073,swap,notBad
9919,13,117.60000000000105,13,112.20000000000073,2opt,improve
9920,13,117.60000000000105,13,112.20000000000073,swap,notBad
9921,13,117.60000000000105,13,112.20000000000073,swap,notBad
9922,13,117.60000000000105,13,112.20000000000073,swap,notBad
9923,13,117.60000000000105,13,112.20000000000073,swap,notBad
9924,13,117.60000000000105,13,112.20000000000073,move,improve
9925,13,117.60000000000105,13,112.20000000000073,2opt,notBad
9926,13,117.60000000000105,13,112.20000000000073,swap,notBad
9927,13,117.60000000000105,13,112.20000000000073,move,improve
9928,13,117.60000000000105,13,112.20000000000073,2opt,notBad
9929,13,117.60000000000105,13,112.20000000000073,swap,notBad
9930,13,117.60000000000105,13,112.20000000000073,2opt,notBad
9931,13,117.60000000000105,13,112.20000000000073,2opt,notBad
9932,13,117.60000000000105,13,112.20000000000073,swap,notBad
9933,13,117.60000000000105,13,112.20000000000073,move,improve
9934,13,117.60000000000105,13,112.20000000000073,2opt,notBad
9935,13,117.60000000000105,13,112.20000000000073,move,improve
9936,13,117.60000000000105,13,112.20000000000073,2opt,notBad
9937,13,117.60000000000105,13,112.20000000000073,2opt,notBad
9938,13,117.60000000000105,13,112.20000000000073,swap,notBad
9939,13,117.60000000000105,13,112.20000000000073,swap,notBad
9940,13,117.60000000000105,13,112.20000000000073,swap,notBad
9941,13,117.60000000000105,13,112.20000000000073,move,improve
9942,13,117.60000000000105,13,112.20000000000073,move,improve
9943,13,117.60000000000105,13,112.20000000000073,move,improve
9944,13,117.60000000000105,13,112.20000000000073,move,improve
9945,13,117.60000000000105,13,112.20000000000073,2opt,notBad
9946,13,117.60000000000105,13,112.20000000000073,move,improve
9947,13,117.60000000000105,13,112.20000000000073,2opt,notBad
9948,13,117.60000000000105,13,112.20000000000073,move,improve
9949,13,117.60000000000105,13,112.20000000000073,move,improve
9950,13,117.60000000000105,13,112.20000000000073,2opt,notBad
9951,13,117.60000000000105,13,112.20000000000073,move,improve
9952,13,117.60000000000105,13,112.20000000000073,swap,notBad
9953,13,113.60000000000105,13,112.20000000000073,move,improve
9954,13,123.00000000000114,13,112.20000000000073,swap,acceptBad
9955,13,123.00000000000114,13,112.20000000000073,swap,notBad
9956,13,123.00000000000114,13,112.20000000000073,2opt,notBad
9957,13,123.00000000000114,13,112.20000000000073,2opt,notBad
9958,13,123.00000000000114,13,112.20000000000073,move,improve
9959,13,123.00000000000114,13,112.20000000000073,move,improve
9960,13,123.00000000000114,13,112.20000000000073,swap,notBad
9961,13,123.00000000000114,13,112.20000000000073,swap,notBad
9962,13,123.00000000000114,13,112.20000000000073,2opt,notBad
9963,13,123.00000000000114,13,112.20000000000073,move,improve
9964,13,123.00000000000114,13,112.20000000000073,2opt,notBad
9965,13,123.00000000000114,13,112.20000000000073,2opt,notBad
9966,13,123.00000000000114,13,112.20000000000073,2opt,notBad
9967,13,123.00000000000114,13,112.20000000000073,swap,notBad
9968,13,123.00000000000114,13,112.20000000000073,2opt,notBad
9969,13,123.00000000000114,13,112.20000000000073,2opt,notBad
9970,13,123.00000000000114,13,112.20000000000073,swap,notBad
9971,13,123.00000000000114,13,112.20000000000073,2opt,notBad
9972,13,114.60000000000127,13,112.20000000000073,move,improve
9973,13,114.60000000000127,13,112.20000000000073,swap,notBad
9974,13,114.60000000000127,13,112.20000000000073,2opt,notBad
9975,13,114.60000000000127,13,112.20000000000073,2opt,notBad
9976,13,114.60000000000127,13,112.20000000000073,2opt,notBad
9977,13,113.80000000000132,13,112.20000000000073,move,improve
9978,13,113.80000000000132,13,112.20000000000073,2opt,notBad
9979,13,113.80000000000132,13,112.20000000000073,2opt,improve
9980,13,113.80000000000132,13,112.20000000000073,2opt,improve
9981,13,113.80000000000132,13,112.20000000000073,2opt,notBad
9982,13,113.80000000000132,13,112.20000000000073,move,improve
9983,13,113.80000000000132,13,112.20000000000073,move,improve
9984,13,113.80000000000132,13,112.20000000000073,swap,notBad
9985,13,113.80000000000132,13,112.20000000000073,move,improve
9986,13,113.80000000000132,13,112.20000000000073,2opt,improve
9987,13,113.80000000000132,13,112.20000000000073,2opt,notBad
9988,13,113.80000000000132,13,112.20000000000073,2opt,notBad
9989,13,113.80000000000132,13,112.20000000000073,2opt,notBad
9990,13,113.80000000000132,13,112.20000000000073,2opt,notBad
9991,13,113.80000000000132,13,112.20000000000073,swap,notBad
9992,13,113.80000000000132,13,112.20000000000073,swap,notBad
9993,13,113.80000000000132,13,112.20000000000073,swap,notBad
9994,13,113.80000000000132,13,112.20000000000073,2opt,notBad
9995,13,113.80000000000132,13,112.20000000000073,2opt,notBad
9996,13,113.80000000000132,13,112.20000000000073,2opt,notBad
9997,13,113.80000000000132,13,112.20000000000073,2opt,notBad
9998,13,113.80000000000132,13,112.20000000000073,2opt,notBad
9999,13,113.80000000000132,13,112.20000000000073,swap,notBad
10000,13,113.80000000000132,13,112.20000000000073,2opt,notBad
10001,13,113.80000000000132,13,112.20000000000073,2opt,notBad
10002,13,113.80000000000132,13,112.20000000000073,swap,notBad
10003,13,113.80000000000132,13,112.20000000000073,move,improve
10004,13,113.80000000000132,13,112.20000000000073,swap,notBad
10005,13,113.80000000000132,13,112.20000000000073,2opt,notBad
10006,13,113.80000000000132,13,112.20000000000073,move,improve
10007,13,113.80000000000132,13,112.20000000000073,swap,notBad
10008,13,113.80000000000132,13,112.20000000000073,swap,notBad
10009,13,113.80000000000132,13,112.20000000000073,2opt,notBad
10010,13,113.80000000000132,13,112.20000000000073,swap,notBad
10011,13,113.80000000000132,13,112.20000000000073,move,improve
10012,13,113.80000000000132,13,112.20000000000073,swap,notBad
10013,13,113.80000000000132,13,112.20000000000073,2opt,notBad
10014,13,113.80000000000132,13,112.20000000000073,move,improve
10015,13,113.80000000000132,13,112.20000000000073,2opt,notBad
10016,13,113.80000000000132,13,112.20000000000073,2opt,notBad
10017,13,113.80000000000132,13,112.20000000000073,2opt,notBad
10018,13,113.80000000000132,13,112.20000000000073,2opt,notBad
10019,13,113.80000000000132,13,112.20000000000073,2opt,notBad
10020,13,113.80000000000132,13,112.20000000000073,swap,notBad
10021,13,113.80000000000132,13,112.20000000000073,move,improve
10022,13,113.80000000000132,13,112.20000000000073,swap,notBad
10023,13,113.80000000000132,13,112.20000000000073,swap,notBad
10024,13,113.80000000000132,13,112.20000000000073,move,improve
10025,13,113.80000000000132,13,112.20000000000073,swap,notBad
10026,13,113.80000000000132,13,112.20000000000073,swap,notBad
10027,13,113.80000000000132,13,112.20000000000073,swap,notBad
10028,13,113.80000000000132,13,112.20000000000073,2opt,notBad
10029,13,113.80000000000132,13,112.20000000000073,swap,notBad
10030,13,113.80000000000132,13,112.20000000000073,swap,notBad
10031,13,113.80000000000132,13,112.20000000000073,move,improve
10032,13,113.80000000000132,13,112.20000000000073,swap,notBad
10033,13,113.80000000000132,13,112.20000000000073,2opt,notBad
10034,13,113.80000000000132,13,112.20000000000073,swap,notBad
10035,13,113.80000000000132,13,112.20000000000073,move,improve
10036,13,113.80000000000132,13,112.20000000000073,swap,notBad
10037,13,113.80000000000132,13,112.20000000000073,2opt,notBad
10038,13,113.80000000000132,13,112.20000000000073,move,improve
10039,13,113.80000000000132,13,112.20000000000073,move,improve
10040,13,113.80000000000132,13,112.20000000000073,swap,notBad
10041,13,113.80000000000132,13,112.20000000000073,2opt,notBad
10042,13,113.80000000000132,13,112.20000000000073,swap,notBad
10043,13,113.80000000000132,13,112.20000000000073,move,improve
10044,13,113.80000000000132,13,112.20000000000073,2opt,notBad
10045,13,113.80000000000132,13,112.20000000000073,move,improve
10046,13,113.80000000000132,13,112.20000000000073,2opt,notBad
10047,13,113.80000000000132,13,112.20000000000073,move,improve
10048,13,113.80000000000132,13,112.20000000000073,2opt,notBad
10049,13,113.80000000000132,13,112.20000000000073,2opt,notBad
10050,13,113.80000000000132,13,112.20000000000073,swap,notBad
10051,13,113.80000000000132,13,112.20000000000073,swap,notBad
10052,13,113.80000000000132,13,112.20000000000073,move,improve
10053,13,113.80000000000132,13,112.20000000000073,2opt,notBad
10054,13,113.80000000000132,13,112.20000000000073,2opt,notBad
10055,13,113.80000000000132,13,112.20000000000073,2opt,notBad
10056,13,113.80000000000132,13,112.20000000000073,2opt,notBad
10057,13,113.80000000000132,13,112.20000000000073,swap,notBad
10058,13,113.80000000000132,13,112.20000000000073,2opt,notBad
10059,13,113.80000000000132,13,112.20000000000073,swap,notBad
10060,13,113.80000000000132,13,112.20000000000073,swap,notBad
10061,13,113.80000000000132,13,112.20000000000073,move,improve
10062,13,113.80000000000132,13,112.20000000000073,move,improve
10063,13,113.80000000000132,13,112.20000000000073,2opt,notBad
10064,13,113.80000000000132,13,112.20000000000073,swap,notBad
10065,13,113.80000000000132,13,112.20000000000073,move,improve
10066,13,113.80000000000132,13,112.20000000000073,move,improve
10067,13,113.80000000000132,13,112.20000000000073,2opt,notBad
10068,13,113.80000000000132,13,112.20000000000073,move,improve
10069,13,113.80000000000132,13,112.20000000000073,move,improve
10070,13,113.80000000000132,13,112.20000000000073,swap,notBad
10071,13,113.80000000000132,13,112.20000000000073,swap,notBad
10072,13,113.80000000000132,13,112.20000000000073,swap,notBad
10073,13,113.80000000000132,13,112.20000000000073,swap,notBad
10074,13,113.80000000000132,13,112.20000000000073,move,improve
10075,13,113.80000000000132,13,112.20000000000073,swap,notBad
10076,13,113.80000000000132,13,112.20000000000073,move,improve
10077,13,113.80000000000132,13,112.20000000000073,move,improve
10078,13,113.80000000000132,13,112.20000000000073,2opt,notBad
10079,13,113.80000000000132,13,112.20000000000073,2opt,improve
10080,13,113.80000000000132,13,112.20000000000073,2opt,improve
10081,13,113.80000000000132,13,112.20000000000073,swap,notBad
10082,13,113.80000000000132,13,112.20000000000073,swap,notBad
10083,13,113.80000000000132,13,112.20000000000073,move,improve
10084,13,113.80000000000132,13,112.20000000000073,move,improve
10085,13,113.80000000000132,13,112.20000000000073,move,improve
10086,13,113.80000000000132,13,112.20000000000073,move,improve
10087,13,113.80000000000132,13,112.20000000000073,swap,notBad
10088,13,113.80000000000132,13,112.20000000000073,swap,notBad
10089,13,113.80000000000132,13,112.20000000000073,swap,notBad
10090,13,113.80000000000132,13,112.20000000000073,2opt,notBad
10091,13,113.80000000000132,13,112.20000000000073,2opt,notBad
10092,13,113.80000000000132,13,112.20000000000073,move,improve
10093,13,113.80000000000132,13,112.20000000000073,swap,notBad
10094,13,113.80000000000132,13,112.20000000000073,2opt,notBad
10095,13,113.80000000000132,13,112.20000000000073,move,improve
10096,13,113.80000000000132,13,112.20000000000073,swap,notBad
10097,13,113.80000000000132,13,112.20000000000073,swap,notBad
10098,13,113.80000000000132,13,112.20000000000073,move,improve
10099,13,113.80000000000132,13,112.20000000000073,2opt,notBad
10100,13,113.80000000000132,13,112.20000000000073,2opt,notBad
10101,13,113.80000000000132,13,112.20000000000073,2opt,notBad
10102,13,113.80000000000132,13,112.20000000000073,2opt,notBad
10103,13,113.80000000000132,13,112.20000000000073,2opt,improve
10104,13,113.80000000000132,13,112.20000000000073,swap,notBad
10105,13,113.80000000000132,13,112.20000000000073,2opt,notBad
10106,13,113.80000000000132,13,112.20000000000073,2opt,notBad
10107,13,113.80000000000132,13,112.20000000000073,move,improve
10108,13,113.80000000000132,13,112.20000000000073,move,improve
10109,13,113.80000000000132,13,112.20000000000073,2opt,notBad
10110,13,113.80000000000132,13,112.20000000000073,2opt,notBad
10111,13,113.80000000000132,13,112.20000000000073,swap,notBad
10112,13,113.80000000000132,13,112.20000000000073,move,improve
10113,13,113.80000000000132,13,112.20000000000073,2opt,notBad
10114,13,113.80000000000132,13,112.20000000000073,move,improve
10115,13,113.80000000000132,13,112.20000000000073,2opt,notBad
10116,13,113.80000000000132,13,112.20000000000073,2opt,notBad
10117,13,113.80000000000132,13,112.20000000000073,move,improve
10118,13,113.80000000000132,13,112.20000000000073,move,improve
10119,13,113.80000000000132,13,112.20000000000073,swap,notBad
10120,13,113.80000000000132,13,112.20000000000073,swap,notBad
10121,13,113.80000000000132,13,112.20000000000073,2opt,notBad
10122,13,113.80000000000132,13,112.20000000000073,2opt,notBad
10123,13,113.80000000000132,13,112.20000000000073,swap,notBad
10124,13,113.80000000000132,13,112.20000000000073,swap,notBad
10125,13,113.80000000000132,13,112.20000000000073,move,improve
10126,13,113.80000000000132,13,112.20000000000073,move,improve
10127,13,113.80000000000132,13,112.20000000000073,swap,notBad
10128,13,113.80000000000132,13,112.20000000000073,2opt,notBad
10129,13,113.80000000000132,13,112.20000000000073,swap,notBad
10130,13,113.80000000000132,13,112.20000000000073,2opt,notBad
10131,13,113.80000000000132,13,112.20000000000073,swap,notBad
10132,13,113.80000000000132,13,112.20000000000073,move,improve
10133,13,113.80000000000132,13,112.20000000000073,swap,notBad
10134,13,113.80000000000132,13,112.20000000000073,swap,notBad
10135,13,113.80000000000132,13,112.20000000000073,swap,notBad
10136,13,113.80000000000132,13,112.20000000000073,swap,notBad
10137,13,113.80000000000132,13,112.20000000000073,move,improve
10138,13,113.80000000000132,13,112.20000000000073,2opt,improve
10139,13,113.80000000000132,13,112.20000000000073,2opt,notBad
10140,13,113.80000000000132,13,112.20000000000073,2opt,notBad
10141,13,113.80000000000132,13,112.20000000000073,2opt,notBad
10142,13,113.80000000000132,13,112.20000000000073,swap,notBad
10143,13,113.80000000000132,13,112.20000000000073,2opt,notBad
10144,13,113.80000000000132,13,112.20000000000073,move,improve
10145,13,113.80000000000132,13,112.20000000000073,move,improve
10146,13,113.80000000000132,13,112.20000000000073,2opt,notBad
10147,13,113.80000000000132,13,112.20000000000073,move,improve
10148,13,113.80000000000132,13,112.20000000000073,move,improve
10149,13,113.80000000000132,13,112.20000000000073,move,improve
10150,13,113.80000000000132,13,112.20000000000073,swap,notBad
10151,13,117.60000000000036,13,112.20000000000073,swap,acceptBad
10152,13,117.60000000000036,13,112.20000000000073,2opt,notBad
10153,13,117.60000000000036,13,112.20000000000073,2opt,notBad
10154,13,117.60000000000036,13,112.20000000000073,2opt,notBad
10155,13,117.60000000000036,13,112.20000000000073,2opt,notBad
10156,13,117.60000000000036,13,112.20000000000073,move,improve
10157,13,117.60000000000036,13,112.20000000000073,move,improve
10158,13,117.60000000000036,13,112.20000000000073,2opt,notBad
10159,13,117.60000000000036,13,112.20000000000073,move,improve
10160,13,117.60000000000036,13,112.20000000000073,2opt,notBad
10161,13,117.60000000000036,13,112.20000000000073,move,improve
10162,13,117.60000000000036,13,112.20000000000073,swap,notBad
10163,13,117.60000000000036,13,112.20000000000073,move,improve
10164,13,117.60000000000036,13,112.20000000000073,move,improve
10165,13,117.60000000000036,13,112.20000000000073,move,improve
10166,13,117.60000000000036,13,112.20000000000073,swap,notBad
10167,13,117.60000000000036,13,112.20000000000073,swap,notBad
10168,13,117.60000000000036,13,112.20000000000073,swap,notBad
10169,13,117.40000000000032,13,112.20000000000073,move,improve
10170,13,117.40000000000032,13,112.20000000000073,move,improve
10171,13,117.40000000000032,13,112.20000000000073,2opt,notBad
10172,13,117.40000000000032,13,112.20000000000073,move,improve
10173,13,117.40000000000032,13,112.20000000000073,move,improve
10174,13,117.40000000000032,13,112.20000000000073,move,improve
10175,13,117.40000000000032,13,112.20000000000073,2opt,notBad
10176,13,117.40000000000032,13,112.20000000000073,move,improve
10177,13,117.40000000000032,13,112.20000000000073,swap,notBad
10178,13,117.40000000000032,13,112.20000000000073,move,notBad
10179,13,117.40000000000032,13,112.20000000000073,move,improve
10180,13,117.40000000000032,13,112.20000000000073,swap,notBad
10181,13,117.40000000000032,13,112.20000000000073,swap,notBad
10182,13,117.40000000000032,13,112.20000000000073,move,improve
10183,13,117.40000000000032,13,112.20000000000073,swap,notBad
10184,13,117.40000000000032,13,112.20000000000073,2opt,notBad
10185,13,117.40000000000032,13,112.20000000000073,swap,notBad
10186,13,117.40000000000032,13,112.20000000000073,swap,notBad
10187,13,117.40000000000032,13,112.20000000000073,swap,notBad
10188,13,117.40000000000032,13,112.20000000000073,move,improve
10189,13,117.40000000000032,13,112.20000000000073,2opt,notBad
10190,13,117.20000000000027,13,112.20000000000073,move,improve
10191,13,117.20000000000027,13,112.20000000000073,2opt,notBad
10192,13,117.20000000000027,13,112.20000000000073,swap,notBad
10193,13,117.20000000000027,13,112.20000000000073,move,improve
10194,13,117.20000000000027,13,112.20000000000073,2opt,notBad
10195,13,117.20000000000027,13,112.20000000000073,2opt,notBad
10196,13,117.20000000000027,13,112.20000000000073,2opt,notBad
10197,13,117.20000000000027,13,112.20000000000073,swap,notBad
10198,13,117.20000000000027,13,112.20000000000073,2opt,notBad
10199,13,117.20000000000027,13,112.20000000000073,move,improve
10200,13,117.20000000000027,13,112.20000000000073,2opt,notBad
10201,13,117.20000000000027,13,112.20000000000073,move,improve
10202,13,117.20000000000027,13,112.20000000000073,2opt,notBad
10203,13,117.20000000000027,13,112.20000000000073,2opt,notBad
10204,13,117.20000000000027,13,112.20000000000073,swap,notBad
10205,13,117.20000000000027,13,112.20000000000073,2opt,notBad
10206,13,117.20000000000027,13,112.20000000000073,2opt,notBad
10207,13,117.20000000000027,13,112.20000000000073,2opt,notBad
10208,13,117.20000000000027,13,112.20000000000073,2opt,notBad
10209,13,117.20000000000027,13,112.20000000000073,2opt,notBad
10210,13,117.20000000000027,13,112.20000000000073,swap,notBad
10211,13,117.20000000000027,13,112.20000000000073,move,improve
10212,13,117.20000000000027,13,112.20000000000073,swap,notBad
10213,13,117.20000000000027,13,112.20000000000073,swap,notBad
10214,13,117.20000000000027,13,112.20000000000073,swap,notBad
10215,13,117.20000000000027,13,112.20000000000073,move,improve
10216,13,117.20000000000027,13,112.20000000000073,move,improve
10217,13,117.20000000000027,13,112.20000000000073,swap,notBad
10218,13,117.20000000000027,13,112.20000000000073,swap,notBad
10219,13,117.20000000000027,13,112.20000000000073,move,improve
10220,13,117.20000000000027,13,112.20000000000073,move,improve
10221,13,117.20000000000027,13,112.20000000000073,swap,notBad
10222,13,117.20000000000027,13,112.20000000000073,2opt,notBad
10223,13,117.20000000000027,13,112.20000000000073,2opt,notBad
10224,13,117.20000000000027,13,112.20000000000073,swap,notBad
10225,13,117.20000000000027,13,112.20000000000073,2opt,notBad
10226,13,117.20000000000027,13,112.20000000000073,swap,notBad
10227,13,117.20000000000027,13,112.20000000000073,swap,notBad
10228,13,117.20000000000027,13,112.20000000000073,move,improve
10229,13,117.20000000000027,13,112.20000000000073,2opt,notBad
10230,13,117.20000000000027,13,112.20000000000073,move,improve
10231,13,117.20000000000027,13,112.20000000000073,2opt,notBad
10232,13,117.20000000000027,13,112.20000000000073,move,improve
10233,13,117.20000000000027,13,112.20000000000073,2opt,notBad
10234,13,117.20000000000027,13,112.20000000000073,swap,notBad
10235,13,117.20000000000027,13,112.20000000000073,swap,notBad
10236,13,117.20000000000027,13,112.20000000000073,move,improve
10237,13,117.20000000000027,13,112.20000000000073,swap,notBad
10238,13,117.20000000000027,13,112.20000000000073,2opt,notBad
10239,13,117.20000000000027,13,112.20000000000073,2opt,notBad
10240,13,117.20000000000027,13,112.20000000000073,2opt,notBad
10241,13,117.20000000000027,13,112.20000000000073,2opt,notBad
10242,13,117.20000000000027,13,112.20000000000073,swap,notBad
10243,13,117.20000000000027,13,112.20000000000073,move,improve
10244,13,117.20000000000027,13,112.20000000000073,2opt,notBad
10245,13,117.20000000000027,13,112.20000000000073,swap,notBad
10246,13,117.20000000000027,13,112.20000000000073,move,improve
10247,13,117.20000000000027,13,112.20000000000073,move,improve
10248,13,117.20000000000027,13,112.20000000000073,2opt,notBad
10249,13,117.20000000000027,13,112.20000000000073,move,improve
10250,13,117.20000000000027,13,112.20000000000073,2opt,notBad
10251,13,117.20000000000027,13,112.20000000000073,2opt,notBad
10252,13,117.20000000000027,13,112.20000000000073,2opt,notBad
10253,13,117.20000000000027,13,112.20000000000073,swap,notBad
10254,13,117.20000000000027,13,112.20000000000073,swap,notBad
10255,13,117.20000000000027,13,112.20000000000073,move,improve
10256,13,117.20000000000027,13,112.20000000000073,move,improve
10257,13,117.20000000000027,13,112.20000000000073,swap,notBad
10258,13,126.40000000000123,13,112.20000000000073,swap,acceptBad
10259,13,126.00000000000114,13,112.20000000000073,move,improve
10260,13,126.00000000000114,13,112.20000000000073,move,notBad
10261,13,126.00000000000114,13,112.20000000000073,move,improve
10262,13,126.00000000000114,13,112.20000000000073,2opt,improve
10263,13,126.00000000000114,13,112.20000000000073,swap,notBad
10264,13,124.60000000000127,13,112.20000000000073,move,improve
10265,13,124.60000000000127,13,112.20000000000073,2opt,notBad
10266,13,124.60000000000127,13,112.20000000000073,swap,notBad
10267,13,124.60000000000127,13,112.20000000000073,move,improve
10268,13,124.60000000000127,13,112.20000000000073,move,improve
10269,13,124.60000000000127,13,112.20000000000073,move,improve
10270,13,129.00000000000045,13,112.20000000000073,swap,acceptBad
10271,13,129.00000000000045,13,112.20000000000073,2opt,notBad
10272,13,129.00000000000045,13,112.20000000000073,2opt,notBad
10273,13,129.00000000000045,13,112.20000000000073,2opt,notBad
10274,13,129.00000000000045,13,112.20000000000073,2opt,notBad
10275,13,129.00000000000045,13,112.20000000000073,swap,notBad
10276,13,129.00000000000045,13,112.20000000000073,move,improve
10277,13,129.00000000000045,13,112.20000000000073,move,improve
10278,13,129.00000000000045,13,112.20000000000073,2opt,notBad
10279,13,133.20000000000073,13,112.20000000000073,swap,acceptBad
10280,13,133.20000000000073,13,112.20000000000073,2opt,improve
10281,13,133.20000000000073,13,112.20000000000073,swap,notBad
10282,13,133.20000000000073,13,112.20000000000073,move,improve
10283,13,133.20000000000073,13,112.20000000000073,swap,notBad
10284,13,133.20000000000073,13,112.20000000000073,move,improve
10285,13,133.20000000000073,13,112.20000000000073,2opt,notBad
10286,13,133.20000000000073,13,112.20000000000073,move,improve
10287,13,133.20000000000073,13,112.20000000000073,2opt,notBad
10288,13,133.20000000000073,13,112.20000000000073,swap,notBad
10289,13,133.20000000000073,13,112.20000000000073,swap,notBad
10290,13,138.400000000001,13,112.20000000000073,swap,acceptBad
10291,13,138.400000000001,13,112.20000000000073,2opt,notBad
10292,13,138.400000000001,13,112.20000000000073,move,improve
10293,13,138.400000000001,13,112.20000000000073,swap,notBad
10294,13,138.400000000001,13,112.20000000000073,2opt,improve
10295,13,138.400000000001,13,112.20000000000073,2opt,notBad
10296,13,138.400000000001,13,112.20000000000073,2opt,notBad
10297,13,138.400000000001,13,112.20000000000073,move,improve
10298,13,138.400000000001,13,112.20000000000073,swap,notBad
10299,13,138.400000000001,13,112.20000000000073,move,improve
10300,13,138.400000000001,13,112.20000000000073,2opt,notBad
10301,13,138.400000000001,13,112.20000000000073,2opt,notBad
10302,13,138.400000000001,13,112.20000000000073,swap,notBad
10303,13,138.400000000001,13,112.20000000000073,swap,notBad
10304,13,138.400000000001,13,112.20000000000073,swap,notBad
10305,13,138.400000000001,13,112.20000000000073,swap,notBad
10306,13,138.400000000001,13,112.20000000000073,move,improve
10307,13,138.400000000001,13,112.20000000000073,move,improve
10308,13,138.400000000001,13,112.20000000000073,swap,notBad
10309,13,138.400000000001,13,112.20000000000073,move,improve
10310,13,138.400000000001,13,112.20000000000073,swap,notBad
10311,13,138.400000000001,13,112.20000000000073,2opt,notBad
10312,13,138.400000000001,13,112.20000000000073,swap,notBad
10313,13,138.400000000001,13,112.20000000000073,2opt,notBad
10314,13,138.400000000001,13,112.20000000000073,move,improve
10315,13,138.400000000001,13,112.20000000000073,move,improve
10316,13,138.400000000001,13,112.20000000000073,swap,notBad
10317,13,138.400000000001,13,112.20000000000073,2opt,notBad
10318,13,138.400000000001,13,112.20000000000073,move,improve
10319,13,138.400000000001,13,112.20000000000073,swap,notBad
10320,13,138.400000000001,13,112.20000000000073,2opt,notBad
10321,13,138.400000000001,13,112.20000000000073,swap,notBad
10322,13,138.400000000001,13,112.20000000000073,swap,notBad
10323,13,138.400000000001,13,112.20000000000073,move,improve
10324,13,138.400000000001,13,112.20000000000073,move,improve
10325,13,138.400000000001,13,112.20000000000073,swap,notBad
10326,13,138.400000000001,13,112.20000000000073,2opt,improve
10327,13,138.400000000001,13,112.20000000000073,2opt,improve
10328,13,138.400000000001,13,112.20000000000073,2opt,notBad
10329,13,138.400000000001,13,112.20000000000073,move,improve
10330,13,138.400000000001,13,112.20000000000073,2opt,notBad
10331,13,138.400000000001,13,112.20000000000073,move,improve
10332,13,138.400000000001,13,112.20000000000073,move,improve
10333,13,138.400000000001,13,112.20000000000073,move,improve
10334,13,138.400000000001,13,112.20000000000073,swap,notBad
10335,13,138.400000000001,13,112.20000000000073,swap,notBad
10336,13,138.400000000001,13,112.20000000000073,swap,notBad
10337,13,138.400000000001,13,112.20000000000073,2opt,notBad
10338,13,138.400000000001,13,112.20000000000073,move,improve
10339,13,138.400000000001,13,112.20000000000073,move,improve
10340,13,138.400000000001,13,112.20000000000073,2opt,notBad
10341,13,138.400000000001,13,112.20000000000073,swap,notBad
10342,13,138.400000000001,13,112.20000000000073,2opt,notBad
10343,13,138.400000000001,13,112.20000000000073,move,improve
10344,13,138.400000000001,13,112.20000000000073,swap,notBad
10345,13,138.400000000001,13,112.20000000000073,move,improve
10346,13,138.400000000001,13,112.20000000000073,move,improve
10347,13,138.400000000001,13,112.20000000000073,swap,notBad
10348,13,138.400000000001,13,112.20000000000073,2opt,notBad
10349,13,138.400000000001,13,112.20000000000073,swap,notBad
10350,13,138.400000000001,13,112.20000000000073,2opt,notBad
10351,13,138.400000000001,13,112.20000000000073,move,improve
10352,13,138.400000000001,13,112.20000000000073,2opt,notBad
10353,13,138.400000000001,13,112.20000000000073,move,improve
10354,13,138.400000000001,13,112.20000000000073,2opt,notBad
10355,13,138.400000000001,13,112.20000000000073,swap,notBad
10356,13,138.400000000001,13,112.20000000000073,swap,notBad
10357,13,138.400000000001,13,112.20000000000073,2opt,notBad
10358,13,138.400000000001,13,112.20000000000073,swap,notBad
10359,13,138.400000000001,13,112.20000000000073,move,improve
10360,13,138.400000000001,13,112.20000000000073,2opt,notBad
10361,13,138.400000000001,13,112.20000000000073,move,improve
10362,13,138.400000000001,13,112.20000000000073,swap,notBad
10363,13,138.400000000001,13,112.20000000000073,move,improve
10364,13,138.400000000001,13,112.20000000000073,move,improve
10365,13,138.400000000001,13,112.20000000000073,2opt,notBad
10366,13,138.400000000001,13,112.20000000000073,swap,notBad
10367,13,138.400000000001,13,112.20000000000073,move,improve
10368,13,138.400000000001,13,112.20000000000073,move,improve
10369,13,138.400000000001,13,112.20000000000073,move,improve
10370,13,138.400000000001,13,112.20000000000073,swap,notBad
10371,13,138.400000000001,13,112.20000000000073,2opt,notBad
10372,13,138.400000000001,13,112.20000000000073,2opt,notBad
10373,13,138.400000000001,13,112.20000000000073,2opt,notBad
10374,13,138.400000000001,13,112.20000000000073,2opt,notBad
10375,13,138.400000000001,13,112.20000000000073,2opt,notBad
10376,13,138.400000000001,13,112.20000000000073,2opt,improve
10377,13,138.400000000001,13,112.20000000000073,swap,notBad
10378,13,138.400000000001,13,112.20000000000073,swap,notBad
10379,13,138.400000000001,13,112.20000000000073,swap,notBad
10380,13,138.400000000001,13,112.20000000000073,2opt,notBad
10381,13,138.400000000001,13,112.20000000000073,swap,notBad
10382,13,138.400000000001,13,112.20000000000073,swap,notBad
10383,13,138.400000000001,13,112.20000000000073,2opt,notBad
10384,13,138.400000000001,13,112.20000000000073,move,improve
10385,13,138.400000000001,13,112.20000000000073,move,improve
10386,13,138.400000000001,13,112.20000000000073,2opt,notBad
10387,13,138.400000000001,13,112.20000000000073,swap,notBad
10388,13,138.400000000001,13,112.20000000000073,swap,notBad
10389,13,138.400000000001,13,112.20000000000073,swap,notBad
10390,13,138.400000000001,13,112.20000000000073,swap,notBad
10391,13,138.400000000001,13,112.20000000000073,2opt,notBad
10392,13,138.400000000001,13,112.20000000000073,swap,notBad
10393,13,138.400000000001,13,112.20000000000073,2opt,notBad
10394,13,138.400000000001,13,112.20000000000073,swap,notBad
10395,13,138.400000000001,13,112.20000000000073,move,improve
10396,13,138.400000000001,13,112.20000000000073,move,improve
10397,13,138.400000000001,13,112.20000000000073,2opt,notBad
10398,13,138.400000000001,13,112.20000000000073,move,improve
10399,13,138.400000000001,13,112.20000000000073,2opt,notBad
10400,13,138.400000000001,13,112.20000000000073,swap,notBad
10401,13,138.400000000001,13,112.20000000000073,2opt,notBad
10402,13,138.400000000001,13,112.20000000000073,2opt,notBad
10403,13,138.400000000001,13,112.20000000000073,move,improve
10404,13,138.400000000001,13,112.20000000000073,2opt,notBad
10405,13,138.400000000001,13,112.20000000000073,swap,notBad
10406,13,138.400000000001,13,112.20000000000073,move,improve
10407,13,138.400000000001,13,112.20000000000073,swap,notBad
10408,13,138.400000000001,13,112.20000000000073,move,improve
10409,13,138.400000000001,13,112.20000000000073,2opt,notBad
10410,13,138.400000000001,13,112.20000000000073,swap,notBad
10411,13,138.400000000001,13,112.20000000000073,2opt,notBad
10412,13,138.400000000001,13,112.20000000000073,swap,notBad
10413,13,138.400000000001,13,112.20000000000073,2opt,notBad
10414,13,138.400000000001,13,112.20000000000073,2opt,notBad
10415,13,138.400000000001,13,112.20000000000073,move,improve
10416,13,138.400000000001,13,112.20000000000073,move,improve
10417,13,138.400000000001,13,112.20000000000073,2opt,notBad
10418,13,138.400000000001,13,112.20000000000073,2opt,notBad
10419,13,138.400000000001,13,112.20000000000073,2opt,notBad
10420,13,138.400000000001,13,112.20000000000073,move,improve
10421,13,138.400000000001,13,112.20000000000073,move,improve
10422,13,138.400000000001,13,112.20000000000073,swap,notBad
10423,13,138.400000000001,13,112.20000000000073,2opt,improve
10424,13,138.400000000001,13,112.20000000000073,swap,notBad
10425,13,138.400000000001,13,112.20000000000073,swap,notBad
10426,13,138.400000000001,13,112.20000000000073,2opt,notBad
10427,13,138.400000000001,13,112.20000000000073,swap,notBad
10428,13,138.400000000001,13,112.20000000000073,2opt,notBad
10429,13,138.400000000001,13,112.20000000000073,2opt,notBad
10430,13,138.400000000001,13,112.20000000000073,move,improve
10431,13,138.400000000001,13,112.20000000000073,move,improve
10432,13,138.400000000001,13,112.20000000000073,2opt,notBad
10433,13,138.400000000001,13,112.20000000000073,move,improve
10434,13,138.400000000001,13,112.20000000000073,2opt,notBad
10435,13,138.400000000001,13,112.20000000000073,move,improve
10436,13,138.400000000001,13,112.20000000000073,swap,notBad
10437,13,138.400000000001,13,112.20000000000073,swap,notBad
10438,13,138.400000000001,13,112.20000000000073,move,improve
10439,13,138.400000000001,13,112.20000000000073,move,improve
10440,13,138.400000000001,13,112.20000000000073,move,improve
10441,13,138.400000000001,13,112.20000000000073,2opt,improve
10442,13,138.400000000001,13,112.20000000000073,move,improve
10443,13,138.400000000001,13,112.20000000000073,move,improve
10444,13,138.400000000001,13,112.20000000000073,move,improve
10445,13,138.400000000001,13,112.20000000000073,swap,notBad
10446,13,138.400000000001,13,112.20000000000073,swap,notBad
10447,13,138.400000000001,13,112.20000000000073,move,notBad
10448,13,138.400000000001,13,112.20000000000073,move,improve
10449,13,138.400000000001,13,112.20000000000073,swap,notBad
10450,13,138.400000000001,13,112.20000000000073,move,improve
10451,13,138.400000000001,13,112.20000000000073,move,improve
10452,13,138.400000000001,13,112.20000000000073,swap,notBad
10453,13,138.400000000001,13,112.20000000000073,2opt,notBad
10454,13,138.400000000001,13,112.20000000000073,swap,notBad
10455,13,138.400000000001,13,112.20000000000073,swap,notBad
10456,13,138.400000000001,13,112.20000000000073,move,improve
10457,13,138.400000000001,13,112.20000000000073,2opt,notBad
10458,13,138.400000000001,13,112.20000000000073,swap,notBad
10459,13,138.400000000001,13,112.20000000000073,2opt,notBad
10460,13,138.400000000001,13,112.20000000000073,swap,notBad
10461,13,138.400000000001,13,112.20000000000073,2opt,notBad
10462,13,138.400000000001,13,112.20000000000073,move,improve
10463,13,138.400000000001,13,112.20000000000073,move,improve
10464,13,138.400000000001,13,112.20000000000073,swap,notBad
10465,13,138.400000000001,13,112.20000000000073,2opt,notBad
10466,13,138.400000000001,13,112.20000000000073,swap,notBad
10467,13,138.400000000001,13,112.20000000000073,swap,notBad
10468,13,138.400000000001,13,112.20000000000073,swap,notBad
10469,13,138.400000000001,13,112.20000000000073,swap,notBad
10470,13,138.400000000001,13,112.20000000000073,2opt,notBad
10471,13,138.400000000001,13,112.20000000000073,move,improve
10472,13,138.400000000001,13,112.20000000000073,move,improve
10473,13,138.400000000001,13,112.20000000000073,2opt,notBad
10474,13,138.400000000001,13,112.20000000000073,move,improve
10475,13,138.400000000001,13,112.20000000000073,swap,notBad
10476,13,138.400000000001,13,112.20000000000073,2opt,notBad
10477,13,138.400000000001,13,112.20000000000073,swap,notBad
10478,13,138.400000000001,13,112.20000000000073,swap,notBad
10479,13,138.400000000001,13,112.20000000000073,swap,notBad
10480,13,138.400000000001,13,112.20000000000073,move,improve
10481,13,138.400000000001,13,112.20000000000073,2opt,notBad
10482,13,138.400000000001,13,112.20000000000073,2opt,notBad
10483,13,138.400000000001,13,112.20000000000073,move,improve
10484,13,138.400000000001,13,112.20000000000073,swap,notBad
10485,13,138.400000000001,13,112.20000000000073,swap,notBad
10486,13,138.400000000001,13,112.20000000000073,swap,notBad
10487,13,138.400000000001,13,112.20000000000073,swap,notBad
10488,13,138.400000000001,13,112.20000000000073,swap,notBad
10489,13,138.400000000001,13,112.20000000000073,swap,notBad
10490,13,138.400000000001,13,112.20000000000073,swap,notBad
10491,13,138.400000000001,13,112.20000000000073,2opt,notBad
10492,13,138.400000000001,13,112.20000000000073,2opt,notBad
10493,13,138.400000000001,13,112.20000000000073,swap,notBad
10494,13,138.400000000001,13,112.20000000000073,swap,notBad
10495,13,138.400000000001,13,112.20000000000073,move,improve
10496,13,138.400000000001,13,112.20000000000073,move,improve
10497,13,138.400000000001,13,112.20000000000073,2opt,improve
10498,13,138.400000000001,13,112.20000000000073,move,improve
10499,13,138.400000000001,13,112.20000000000073,swap,notBad
10500,13,138.400000000001,13,112.20000000000073,swap,notBad
10501,13,138.400000000001,13,112.20000000000073,move,improve
10502,13,138.400000000001,13,112.20000000000073,swap,notBad
10503,13,138.400000000001,13,112.20000000000073,swap,notBad
10504,13,138.400000000001,13,112.20000000000073,move,improve
10505,13,138.400000000001,13,112.20000000000073,move,improve
10506,13,138.400000000001,13,112.20000000000073,2opt,notBad
10507,13,138.400000000001,13,112.20000000000073,swap,notBad
10508,13,138.400000000001,13,112.20000000000073,move,improve
10509,13,138.400000000001,13,112.20000000000073,2opt,notBad
10510,13,138.400000000001,13,112.20000000000073,swap,notBad
10511,13,138.400000000001,13,112.20000000000073,2opt,notBad
10512,13,138.400000000001,13,112.20000000000073,2opt,notBad
10513,13,138.400000000001,13,112.20000000000073,move,improve
10514,13,138.400000000001,13,112.20000000000073,swap,notBad
10515,13,138.400000000001,13,112.20000000000073,2opt,notBad
10516,13,138.400000000001,13,112.20000000000073,swap,notBad
10517,13,138.400000000001,13,112.20000000000073,swap,notBad
10518,13,138.400000000001,13,112.20000000000073,2opt,notBad
10519,13,138.400000000001,13,112.20000000000073,move,improve
10520,13,138.400000000001,13,112.20000000000073,move,improve
10521,13,138.400000000001,13,112.20000000000073,move,improve
10522,13,138.400000000001,13,112.20000000000073,2opt,notBad
10523,13,138.400000000001,13,112.20000000000073,move,improve
10524,13,138.400000000001,13,112.20000000000073,swap,notBad
10525,13,138.400000000001,13,112.20000000000073,move,improve
10526,13,138.400000000001,13,112.20000000000073,move,improve
10527,13,138.400000000001,13,112.20000000000073,swap,notBad
10528,13,138.400000000001,13,112.20000000000073,swap,notBad
10529,13,138.400000000001,13,112.20000000000073,swap,notBad
10530,13,138.400000000001,13,112.20000000000073,swap,notBad
10531,13,138.400000000001,13,112.20000000000073,swap,notBad
10532,13,138.400000000001,13,112.20000000000073,2opt,notBad
10533,13,138.400000000001,13,112.20000000000073,move,improve
10534,13,138.400000000001,13,112.20000000000073,move,improve
10535,13,138.400000000001,13,112.20000000000073,move,improve
10536,13,138.400000000001,13,112.20000000000073,2opt,notBad
10537,13,138.400000000001,13,112.20000000000073,move,improve
10538,13,138.400000000001,13,112.20000000000073,move,improve
10539,13,138.400000000001,13,112.20000000000073,2opt,notBad
10540,13,138.400000000001,13,112.20000000000073,2opt,notBad
10541,13,138.400000000001,13,112.20000000000073,swap,notBad
10542,13,138.400000000001,13,112.20000000000073,swap,notBad
10543,13,138.400000000001,13,112.20000000000073,2opt,notBad
10544,13,138.400000000001,13,112.20000000000073,swap,notBad
10545,13,138.400000000001,13,112.20000000000073,swap,notBad
10546,13,138.400000000001,13,112.20000000000073,swap,notBad
10547,13,138.400000000001,13,112.20000000000073,2opt,notBad
10548,13,138.400000000001,13,112.20000000000073,move,improve
10549,13,138.400000000001,13,112.20000000000073,2opt,notBad
10550,13,138.400000000001,13,112.20000000000073,move,improve
10551,13,138.400000000001,13,112.20000000000073,swap,notBad
10552,13,138.400000000001,13,112.20000000000073,2opt,notBad
10553,13,138.400000000001,13,112.20000000000073,2opt,notBad
10554,13,138.400000000001,13,112.20000000000073,2opt,notBad
10555,13,138.400000000001,13,112.20000000000073,move,improve
10556,13,138.400000000001,13,112.20000000000073,move,improve
10557,13,138.400000000001,13,112.20000000000073,swap,notBad
10558,13,138.400000000001,13,112.20000000000073,move,improve
10559,13,138.400000000001,13,112.20000000000073,swap,notBad
10560,13,138.400000000001,13,112.20000000000073,swap,notBad
10561,13,138.400000000001,13,112.20000000000073,2opt,notBad
10562,13,138.400000000001,13,112.20000000000073,2opt,notBad
10563,13,138.400000000001,13,112.20000000000073,swap,notBad
10564,13,138.400000000001,13,112.20000000000073,move,improve
10565,13,138.400000000001,13,112.20000000000073,swap,notBad
10566,13,138.400000000001,13,112.20000000000073,move,improve
10567,13,138.400000000001,13,112.20000000000073,swap,notBad
10568,13,138.400000000001,13,112.20000000000073,2opt,notBad
10569,13,138.400000000001,13,112.20000000000073,move,improve
10570,13,138.400000000001,13,112.20000000000073,move,improve
10571,13,138.400000000001,13,112.20000000000073,swap,notBad
10572,13,138.400000000001,13,112.20000000000073,2opt,notBad
10573,13,138.400000000001,13,112.20000000000073,2opt,notBad
10574,13,138.400000000001,13,112.20000000000073,2opt,notBad
10575,13,138.400000000001,13,112.20000000000073,move,improve
10576,13,138.400000000001,13,112.20000000000073,2opt,notBad
10577,13,138.400000000001,13,112.20000000000073,2opt,notBad
10578,13,138.400000000001,13,112.20000000000073,move,improve
10579,13,138.400000000001,13,112.20000000000073,swap,notBad
10580,13,138.400000000001,13,112.20000000000073,2opt,notBad
10581,13,138.400000000001,13,112.20000000000073,2opt,notBad
10582,13,138.400000000001,13,112.20000000000073,move,improve
10583,13,138.400000000001,13,112.20000000000073,swap,notBad
10584,13,138.400000000001,13,112.20000000000073,2opt,notBad
10585,13,138.400000000001,13,112.20000000000073,swap,notBad
10586,13,138.400000000001,13,112.20000000000073,move,improve
10587,13,138.400000000001,13,112.20000000000073,move,improve
10588,13,138.400000000001,13,112.20000000000073,2opt,notBad
10589,13,138.400000000001,13,112.20000000000073,swap,notBad
10590,13,138.400000000001,13,112.20000000000073,2opt,notBad
10591,13,138.400000000001,13,112.20000000000073,move,improve
10592,13,138.400000000001,13,112.20000000000073,move,improve
10593,13,138.400000000001,13,112.20000000000073,move,improve
10594,13,138.400000000001,13,112.20000000000073,move,improve
10595,13,138.400000000001,13,112.20000000000073,2opt,improve
10596,13,138.400000000001,13,112.20000000000073,swap,notBad
10597,13,138.400000000001,13,112.20000000000073,swap,notBad
10598,13,138.400000000001,13,112.20000000000073,move,improve
10599,13,138.400000000001,13,112.20000000000073,swap,notBad
10600,13,138.400000000001,13,112.20000000000073,2opt,notBad
10601,13,138.400000000001,13,112.20000000000073,2opt,improve
10602,13,138.400000000001,13,112.20000000000073,swap,notBad
10603,13,138.400000000001,13,112.20000000000073,swap,notBad
10604,13,138.400000000001,13,112.20000000000073,move,improve
10605,13,138.400000000001,13,112.20000000000073,swap,notBad
10606,13,138.400000000001,13,112.20000000000073,2opt,notBad
10607,13,138.400000000001,13,112.20000000000073,move,improve
10608,13,138.400000000001,13,112.20000000000073,2opt,notBad
10609,13,138.400000000001,13,112.20000000000073,move,improve
10610,13,138.400000000001,13,112.20000000000073,swap,notBad
10611,13,138.400000000001,13,112.20000000000073,move,improve
10612,13,138.400000000001,13,112.20000000000073,swap,notBad
10613,13,138.400000000001,13,112.20000000000073,2opt,improve
10614,13,138.400000000001,13,112.20000000000073,move,improve
10615,13,138.400000000001,13,112.20000000000073,swap,notBad
10616,13,138.400000000001,13,112.20000000000073,move,improve
10617,13,138.400000000001,13,112.20000000000073,swap,notBad
10618,13,138.400000000001,13,112.20000000000073,swap,notBad
10619,13,138.400000000001,13,112.20000000000073,move,improve
10620,13,145.4000000000019,13,112.20000000000073,swap,acceptBad
10621,13,145.4000000000019,13,112.20000000000073,2opt,improve
10622,13,145.4000000000019,13,112.20000000000073,move,improve
10623,13,145.4000000000019,13,112.20000000000073,swap,notBad
10624,13,145.4000000000019,13,112.20000000000073,move,improve
10625,13,145.4000000000019,13,112.20000000000073,2opt,improve
10626,13,145.4000000000019,13,112.20000000000073,2opt,notBad
10627,13,145.4000000000019,13,112.20000000000073,swap,notBad
10628,13,145.4000000000019,13,112.20000000000073,2opt,notBad
10629,13,145.4000000000019,13,112.20000000000073,swap,notBad
10630,13,145.4000000000019,13,112.20000000000073,swap,notBad
10631,13,145.4000000000019,13,112.20000000000073,move,improve
10632,13,145.4000000000019,13,112.20000000000073,2opt,notBad
10633,13,145.4000000000019,13,112.20000000000073,move,improve
10634,13,145.4000000000019,13,112.20000000000073,move,improve
10635,13,145.4000000000019,13,112.20000000000073,swap,notBad
10636,13,145.4000000000019,13,112.20000000000073,swap,notBad
10637,13,145.4000000000019,13,112.20000000000073,swap,notBad
10638,13,145.4000000000019,13,112.20000000000073,2opt,notBad
10639,13,145.4000000000019,13,112.20000000000073,2opt,notBad
10640,13,145.4000000000019,13,112.20000000000073,move,improve
10641,13,145.4000000000019,13,112.20000000000073,2opt,notBad
10642,13,145.4000000000019,13,112.20000000000073,swap,notBad
10643,13,145.4000000000019,13,112.20000000000073,move,improve
10644,13,145.4000000000019,13,112.20000000000073,2opt,notBad
10645,13,145.4000000000019,13,112.20000000000073,move,improve
10646,13,145.4000000000019,13,112.20000000000073,swap,notBad
10647,13,145.4000000000019,13,112.20000000000073,2opt,notBad
10648,13,145.4000000000019,13,112.20000000000073,swap,notBad
10649,13,145.4000000000019,13,112.20000000000073,2opt,notBad
10650,13,145.4000000000019,13,112.20000000000073,2opt,notBad
10651,13,145.4000000000019,13,112.20000000000073,move,improve
10652,13,145.4000000000019,13,112.20000000000073,2opt,notBad
10653,13,145.4000000000019,13,112.20000000000073,move,improve
10654,13,145.4000000000019,13,112.20000000000073,move,improve
10655,13,145.4000000000019,13,112.20000000000073,move,improve
10656,13,145.4000000000019,13,112.20000000000073,swap,notBad
10657,13,145.4000000000019,13,112.20000000000073,swap,notBad
10658,13,145.4000000000019,13,112.20000000000073,swap,notBad
10659,13,145.4000000000019,13,112.20000000000073,2opt,notBad
10660,13,145.4000000000019,13,112.20000000000073,swap,notBad
10661,13,145.4000000000019,13,112.20000000000073,move,improve
10662,13,145.4000000000019,13,112.20000000000073,move,improve
10663,13,145.4000000000019,13,112.20000000000073,move,improve
10664,13,145.4000000000019,13,112.20000000000073,swap,notBad
10665,13,145.4000000000019,13,112.20000000000073,swap,notBad
10666,13,145.4000000000019,13,112.20000000000073,swap,notBad
10667,13,145.4000000000019,13,112.20000000000073,2opt,notBad
10668,13,145.4000000000019,13,112.20000000000073,move,improve
10669,13,145.4000000000019,13,112.20000000000073,move,improve
10670,13,145.4000000000019,13,112.20000000000073,2opt,notBad
10671,13,145.4000000000019,13,112.20000000000073,2opt,notBad
10672,13,145.4000000000019,13,112.20000000000073,move,improve
10673,13,145.4000000000019,13,112.20000000000073,swap,notBad
10674,13,145.4000000000019,13,112.20000000000073,move,improve
10675,13,145.4000000000019,13,112.20000000000073,2opt,notBad
10676,13,145.4000000000019,13,112.20000000000073,move,improve
10677,13,145.4000000000019,13,112.20000000000073,move,improve
10678,13,145.4000000000019,13,112.20000000000073,2opt,notBad
10679,13,145.4000000000019,13,112.20000000000073,2opt,notBad
10680,13,145.4000000000019,13,112.20000000000073,move,improve
10681,13,145.4000000000019,13,112.20000000000073,swap,notBad
10682,13,145.4000000000019,13,112.20000000000073,2opt,notBad
10683,13,145.4000000000019,13,112.20000000000073,move,improve
10684,13,145.4000000000019,13,112.20000000000073,move,improve
10685,13,145.4000000000019,13,112.20000000000073,swap,notBad
10686,13,145.4000000000019,13,112.20000000000073,2opt,notBad
10687,13,145.4000000000019,13,112.20000000000073,2opt,notBad
10688,13,145.4000000000019,13,112.20000000000073,swap,notBad
10689,13,145.4000000000019,13,112.20000000000073,swap,notBad
10690,13,145.4000000000019,13,112.20000000000073,move,improve
10691,13,145.4000000000019,13,112.20000000000073,swap,notBad
10692,13,145.4000000000019,13,112.20000000000073,swap,notBad
10693,13,145.4000000000019,13,112.20000000000073,move,improve
10694,13,145.4000000000019,13,112.20000000000073,swap,notBad
10695,13,145.4000000000019,13,112.20000000000073,2opt,notBad
10696,13,145.4000000000019,13,112.20000000000073,2opt,notBad
10697,13,145.4000000000019,13,112.20000000000073,move,notBad
10698,13,145.4000000000019,13,112.20000000000073,2opt,notBad
10699,13,145.4000000000019,13,112.20000000000073,swap,notBad
10700,13,145.4000000000019,13,112.20000000000073,move,improve
10701,13,145.4000000000019,13,112.20000000000073,2opt,notBad
10702,13,145.4000000000019,13,112.20000000000073,2opt,notBad
10703,13,145.4000000000019,13,112.20000000000073,swap,notBad
10704,13,145.4000000000019,13,112.20000000000073,2opt,notBad
10705,13,145.4000000000019,13,112.20000000000073,move,improve
10706,13,145.4000000000019,13,112.20000000000073,move,improve
10707,13,145.4000000000019,13,112.20000000000073,move,improve
10708,13,145.4000000000019,13,112.20000000000073,swap,notBad
10709,13,145.4000000000019,13,112.20000000000073,2opt,notBad
10710,13,145.4000000000019,13,112.20000000000073,2opt,notBad
10711,13,145.4000000000019,13,112.20000000000073,swap,notBad
10712,13,145.4000000000019,13,112.20000000000073,swap,notBad
10713,13,145.4000000000019,13,112.20000000000073,move,improve
10714,13,145.4000000000019,13,112.20000000000073,swap,notBad
10715,13,145.4000000000019,13,112.20000000000073,move,improve
10716,13,145.4000000000019,13,112.20000000000073,2opt,notBad
10717,13,145.4000000000019,13,112.20000000000073,move,improve
10718,13,145.4000000000019,13,112.20000000000073,2opt,notBad
10719,13,145.4000000000019,13,112.20000000000073,swap,notBad
10720,13,145.4000000000019,13,112.20000000000073,swap,notBad
10721,13,145.4000000000019,13,112.20000000000073,move,improve
10722,13,145.4000000000019,13,112.20000000000073,swap,notBad
10723,13,145.4000000000019,13,112.20000000000073,swap,notBad
10724,13,145.4000000000019,13,112.20000000000073,2opt,notBad
10725,13,145.4000000000019,13,112.20000000000073,2opt,notBad
10726,13,145.4000000000019,13,112.20000000000073,move,improve
10727,13,145.4000000000019,13,112.20000000000073,move,improve
10728,13,145.4000000000019,13,112.20000000000073,swap,notBad
10729,13,145.4000000000019,13,112.20000000000073,swap,notBad
10730,13,145.4000000000019,13,112.20000000000073,2opt,notBad
10731,13,145.4000000000019,13,112.20000000000073,move,improve
10732,13,145.4000000000019,13,112.20000000000073,2opt,notBad
10733,13,145.4000000000019,13,112.20000000000073,move,improve
10734,13,145.4000000000019,13,112.20000000000073,2opt,notBad
10735,13,145.4000000000019,13,112.20000000000073,2opt,notBad
10736,13,145.4000000000019,13,112.20000000000073,2opt,notBad
10737,13,145.4000000000019,13,112.20000000000073,2opt,notBad
10738,13,145.4000000000019,13,112.20000000000073,swap,notBad
10739,13,145.4000000000019,13,112.20000000000073,swap,notBad
10740,13,145.4000000000019,13,112.20000000000073,2opt,notBad
10741,13,145.4000000000019,13,112.20000000000073,swap,notBad
10742,13,145.4000000000019,13,112.20000000000073,2opt,notBad
10743,13,145.4000000000019,13,112.20000000000073,move,improve
10744,13,145.4000000000019,13,112.20000000000073,2opt,notBad
10745,13,145.4000000000019,13,112.20000000000073,move,improve
10746,13,145.4000000000019,13,112.20000000000073,swap,notBad
10747,13,145.4000000000019,13,112.20000000000073,2opt,notBad
10748,13,145.4000000000019,13,112.20000000000073,swap,notBad
10749,13,145.4000000000019,13,112.20000000000073,swap,notBad
10750,13,145.4000000000019,13,112.20000000000073,swap,notBad
10751,13,145.4000000000019,13,112.20000000000073,move,improve
10752,13,145.4000000000019,13,112.20000000000073,2opt,improve
10753,13,145.4000000000019,13,112.20000000000073,swap,notBad
10754,13,145.4000000000019,13,112.20000000000073,2opt,improve
10755,13,145.4000000000019,13,112.20000000000073,move,improve
10756,13,145.4000000000019,13,112.20000000000073,2opt,notBad
10757,13,145.4000000000019,13,112.20000000000073,move,improve
10758,13,145.4000000000019,13,112.20000000000073,2opt,notBad
10759,13,145.4000000000019,13,112.20000000000073,2opt,notBad
10760,13,145.4000000000019,13,112.20000000000073,swap,notBad
10761,13,145.4000000000019,13,112.20000000000073,move,improve
10762,13,145.4000000000019,13,112.20000000000073,swap,notBad
10763,13,145.4000000000019,13,112.20000000000073,move,improve
10764,13,145.4000000000019,13,112.20000000000073,swap,notBad
10765,13,145.4000000000019,13,112.20000000000073,swap,notBad
10766,13,145.4000000000019,13,112.20000000000073,2opt,notBad
10767,13,145.4000000000019,13,112.20000000000073,swap,notBad
10768,13,145.4000000000019,13,112.20000000000073,move,improve
10769,13,145.4000000000019,13,112.20000000000073,2opt,improve
10770,13,145.4000000000019,13,112.20000000000073,move,improve
10771,13,145.4000000000019,13,112.20000000000073,2opt,improve
10772,13,145.4000000000019,13,112.20000000000073,swap,notBad
10773,13,145.4000000000019,13,112.20000000000073,move,improve
10774,13,145.4000000000019,13,112.20000000000073,move,improve
10775,13,145.4000000000019,13,112.20000000000073,2opt,notBad
10776,13,145.4000000000019,13,112.20000000000073,move,improve
10777,13,145.4000000000019,13,112.20000000000073,move,improve
10778,13,145.4000000000019,13,112.20000000000073,move,improve
10779,13,145.4000000000019,13,112.20000000000073,move,improve
10780,13,145.4000000000019,13,112.20000000000073,2opt,notBad
10781,13,145.4000000000019,13,112.20000000000073,move,improve
10782,13,145.4000000000019,13,112.20000000000073,2opt,notBad
10783,13,145.4000000000019,13,112.20000000000073,swap,notBad
10784,13,145.4000000000019,13,112.20000000000073,2opt,improve
10785,13,145.4000000000019,13,112.20000000000073,move,improve
10786,13,145.4000000000019,13,112.20000000000073,move,improve
10787,13,145.4000000000019,13,112.20000000000073,move,improve
10788,13,145.4000000000019,13,112.20000000000073,2opt,notBad
10789,13,145.4000000000019,13,112.20000000000073,2opt,notBad
10790,13,145.4000000000019,13,112.20000000000073,2opt,notBad
10791,13,145.4000000000019,13,112.20000000000073,2opt,notBad
10792,13,145.4000000000019,13,112.20000000000073,swap,notBad
10793,13,145.4000000000019,13,112.20000000000073,move,improve
10794,13,145.4000000000019,13,112.20000000000073,2opt,notBad
10795,13,145.4000000000019,13,112.20000000000073,swap,notBad
10796,13,145.4000000000019,13,112.20000000000073,swap,notBad
10797,13,145.4000000000019,13,112.20000000000073,2opt,notBad
10798,13,145.4000000000019,13,112.20000000000073,swap,notBad
10799,13,145.4000000000019,13,112.20000000000073,swap,notBad
10800,13,145.4000000000019,13,112.20000000000073,2opt,notBad
10801,13,145.4000000000019,13,112.20000000000073,move,improve
10802,13,145.4000000000019,13,112.20000000000073,move,improve
10803,13,145.4000000000019,13,112.20000000000073,swap,notBad
10804,13,145.4000000000019,13,112.20000000000073,2opt,improve
10805,13,145.4000000000019,13,112.20000000000073,2opt,notBad
10806,13,145.4000000000019,13,112.20000000000073,2opt,notBad
10807,13,145.4000000000019,13,112.20000000000073,move,improve
10808,13,145.4000000000019,13,112.20000000000073,move,improve
10809,13,145.4000000000019,13,112.20000000000073,2opt,notBad
10810,13,145.4000000000019,13,112.20000000000073,move,improve
10811,13,145.4000000000019,13,112.20000000000073,move,improve
10812,13,145.4000000000019,13,112.20000000000073,move,improve
10813,13,145.4000000000019,13,112.20000000000073,swap,notBad
10814,13,145.4000000000019,13,112.20000000000073,move,improve
10815,13,145.4000000000019,13,112.20000000000073,2opt,notBad
10816,13,145.4000000000019,13,112.20000000000073,move,improve
10817,13,145.4000000000019,13,112.20000000000073,2opt,notBad
10818,13,145.4000000000019,13,112.20000000000073,move,improve
10819,13,145.4000000000019,13,112.20000000000073,2opt,notBad
10820,13,145.4000000000019,13,112.20000000000073,2opt,notBad
10821,13,145.4000000000019,13,112.20000000000073,move,improve
10822,13,145.4000000000019,13,112.20000000000073,move,notBad
10823,13,145.4000000000019,13,112.20000000000073,swap,notBad
10824,13,145.4000000000019,13,112.20000000000073,2opt,notBad
10825,13,145.4000000000019,13,112.20000000000073,move,improve
10826,13,145.4000000000019,13,112.20000000000073,2opt,notBad
10827,13,145.4000000000019,13,112.20000000000073,move,improve
10828,13,145.4000000000019,13,112.20000000000073,swap,notBad
10829,13,145.4000000000019,13,112.20000000000073,move,improve
10830,13,145.4000000000019,13,112.20000000000073,2opt,notBad
10831,13,145.4000000000019,13,112.20000000000073,2opt,notBad
10832,13,145.4000000000019,13,112.20000000000073,2opt,notBad
10833,13,145.4000000000019,13,112.20000000000073,swap,notBad
10834,13,145.4000000000019,13,112.20000000000073,2opt,notBad
10835,13,145.4000000000019,13,112.20000000000073,swap,notBad
10836,13,145.4000000000019,13,112.20000000000073,2opt,notBad
10837,13,145.4000000000019,13,112.20000000000073,move,notBad
10838,13,145.4000000000019,13,112.20000000000073,swap,notBad
10839,13,145.4000000000019,13,112.20000000000073,2opt,notBad
10840,13,145.4000000000019,13,112.20000000000073,move,improve
10841,13,145.4000000000019,13,112.20000000000073,2opt,notBad
10842,13,145.4000000000019,13,112.20000000000073,move,improve
10843,13,145.4000000000019,13,112.20000000000073,move,improve
10844,13,145.4000000000019,13,112.20000000000073,move,improve
10845,13,145.4000000000019,13,112.20000000000073,move,improve
10846,13,145.4000000000019,13,112.20000000000073,2opt,notBad
10847,13,145.4000000000019,13,112.20000000000073,move,improve
10848,13,145.4000000000019,13,112.20000000000073,swap,notBad
10849,13,145.4000000000019,13,112.20000000000073,2opt,notBad
10850,13,145.4000000000019,13,112.20000000000073,swap,notBad
10851,13,145.4000000000019,13,112.20000000000073,move,improve
10852,13,145.4000000000019,13,112.20000000000073,swap,notBad
10853,13,145.4000000000019,13,112.20000000000073,2opt,improve
10854,13,145.4000000000019,13,112.20000000000073,2opt,notBad
10855,13,145.4000000000019,13,112.20000000000073,move,improve
10856,13,145.4000000000019,13,112.20000000000073,swap,notBad
10857,13,145.4000000000019,13,112.20000000000073,2opt,notBad
10858,13,145.4000000000019,13,112.20000000000073,2opt,notBad
10859,13,145.4000000000019,13,112.20000000000073,swap,notBad
10860,13,145.4000000000019,13,112.20000000000073,move,improve
10861,13,145.4000000000019,13,112.20000000000073,swap,notBad
10862,13,145.4000000000019,13,112.20000000000073,move,improve
10863,13,145.4000000000019,13,112.20000000000073,2opt,notBad
10864,13,145.4000000000019,13,112.20000000000073,move,improve
10865,13,145.4000000000019,13,112.20000000000073,swap,notBad
10866,13,145.4000000000019,13,112.20000000000073,swap,notBad
10867,13,145.4000000000019,13,112.20000000000073,2opt,notBad
10868,13,145.4000000000019,13,112.20000000000073,move,improve
10869,13,145.4000000000019,13,112.20000000000073,2opt,notBad
10870,13,145.4000000000019,13,112.20000000000073,2opt,notBad
10871,13,145.4000000000019,13,112.20000000000073,2opt,notBad
10872,13,145.4000000000019,13,112.20000000000073,2opt,improve
10873,13,145.4000000000019,13,112.20000000000073,move,improve
10874,13,145.4000000000019,13,112.20000000000073,swap,notBad
10875,13,145.4000000000019,13,112.20000000000073,move,improve
10876,13,145.4000000000019,13,112.20000000000073,2opt,notBad
10877,13,145.4000000000019,13,112.20000000000073,2opt,notBad
10878,13,145.4000000000019,13,112.20000000000073,move,improve
10879,13,145.4000000000019,13,112.20000000000073,move,improve
10880,13,145.4000000000019,13,112.20000000000073,move,improve
10881,13,145.4000000000019,13,112.20000000000073,swap,notBad
10882,13,145.4000000000019,13,112.20000000000073,2opt,notBad
10883,13,145.4000000000019,13,112.20000000000073,swap,notBad
10884,13,145.4000000000019,13,112.20000000000073,2opt,notBad
10885,13,145.4000000000019,13,112.20000000000073,move,improve
10886,13,145.4000000000019,13,112.20000000000073,move,improve
10887,13,145.4000000000019,13,112.20000000000073,2opt,notBad
10888,13,145.4000000000019,13,112.20000000000073,swap,notBad
10889,13,145.4000000000019,13,112.20000000000073,swap,notBad
10890,13,145.4000000000019,13,112.20000000000073,swap,notBad
10891,13,145.4000000000019,13,112.20000000000073,2opt,notBad
10892,13,145.4000000000019,13,112.20000000000073,2opt,notBad
10893,13,145.4000000000019,13,112.20000000000073,move,improve
10894,13,145.4000000000019,13,112.20000000000073,swap,notBad
10895,13,145.4000000000019,13,112.20000000000073,2opt,notBad
10896,13,145.4000000000019,13,112.20000000000073,move,improve
10897,13,145.4000000000019,13,112.20000000000073,move,improve
10898,13,145.4000000000019,13,112.20000000000073,2opt,notBad
10899,13,145.4000000000019,13,112.20000000000073,2opt,notBad
10900,13,145.4000000000019,13,112.20000000000073,2opt,notBad
10901,13,145.4000000000019,13,112.20000000000073,2opt,notBad
10902,13,145.4000000000019,13,112.20000000000073,move,improve
10903,13,145.4000000000019,13,112.20000000000073,2opt,notBad
10904,13,145.4000000000019,13,112.20000000000073,swap,notBad
10905,13,145.4000000000019,13,112.20000000000073,2opt,notBad
10906,13,145.4000000000019,13,112.20000000000073,2opt,notBad
10907,13,145.4000000000019,13,112.20000000000073,swap,notBad
10908,13,145.4000000000019,13,112.20000000000073,swap,notBad
10909,13,145.4000000000019,13,112.20000000000073,swap,notBad
10910,13,145.4000000000019,13,112.20000000000073,2opt,notBad
10911,13,145.4000000000019,13,112.20000000000073,move,improve
10912,13,145.4000000000019,13,112.20000000000073,swap,notBad
10913,13,145.4000000000019,13,112.20000000000073,swap,notBad
10914,13,145.4000000000019,13,112.20000000000073,move,improve
10915,13,145.4000000000019,13,112.20000000000073,swap,notBad
10916,13,145.4000000000019,13,112.20000000000073,move,improve
10917,13,145.4000000000019,13,112.20000000000073,move,improve
10918,13,145.4000000000019,13,112.20000000000073,swap,notBad
10919,13,145.4000000000019,13,112.20000000000073,swap,notBad
10920,13,145.4000000000019,13,112.20000000000073,move,improve
10921,13,145.4000000000019,13,112.20000000000073,2opt,notBad
10922,13,145.4000000000019,13,112.20000000000073,move,improve
10923,13,145.4000000000019,13,112.20000000000073,2opt,notBad
10924,13,145.4000000000019,13,112.20000000000073,move,improve
10925,13,145.4000000000019,13,112.20000000000073,2opt,notBad
10926,13,145.4000000000019,13,112.20000000000073,2opt,notBad
10927,13,145.4000000000019,13,112.20000000000073,swap,notBad
10928,13,145.4000000000019,13,112.20000000000073,2opt,notBad
10929,13,145.4000000000019,13,112.20000000000073,2opt,notBad
10930,13,145.4000000000019,13,112.20000000000073,move,improve
10931,13,145.4000000000019,13,112.20000000000073,2opt,notBad
10932,13,145.4000000000019,13,112.20000000000073,move,improve
10933,13,152.60000000000105,13,112.20000000000073,swap,acceptBad
10934,13,152.60000000000105,13,112.20000000000073,move,notBad
10935,13,152.60000000000105,13,112.20000000000073,2opt,notBad
10936,13,152.60000000000105,13,112.20000000000073,move,improve
10937,13,152.60000000000105,13,112.20000000000073,2opt,notBad
10938,13,152.60000000000105,13,112.20000000000073,swap,notBad
10939,13,152.60000000000105,13,112.20000000000073,move,improve
10940,13,152.60000000000105,13,112.20000000000073,swap,notBad
10941,13,152.60000000000105,13,112.20000000000073,swap,notBad
10942,13,152.60000000000105,13,112.20000000000073,move,improve
10943,13,152.60000000000105,13,112.20000000000073,move,improve
10944,13,152.60000000000105,13,112.20000000000073,2opt,notBad
10945,13,152.60000000000105,13,112.20000000000073,2opt,notBad
10946,13,152.60000000000105,13,112.20000000000073,2opt,notBad
10947,13,152.60000000000105,13,112.20000000000073,swap,notBad
10948,13,152.60000000000105,13,112.20000000000073,swap,notBad
10949,13,152.60000000000105,13,112.20000000000073,swap,notBad
10950,13,152.60000000000105,13,112.20000000000073,move,improve
10951,13,152.60000000000105,13,112.20000000000073,move,improve
10952,13,152.60000000000105,13,112.20000000000073,2opt,notBad
10953,13,152.60000000000105,13,112.20000000000073,swap,notBad
10954,13,152.60000000000105,13,112.20000000000073,swap,notBad
10955,13,152.60000000000105,13,112.20000000000073,move,improve
10956,13,152.60000000000105,13,112.20000000000073,swap,notBad
10957,13,152.60000000000105,13,112.20000000000073,2opt,notBad
10958,13,152.60000000000105,13,112.20000000000073,swap,notBad
10959,13,152.60000000000105,13,112.20000000000073,swap,notBad
10960,13,152.60000000000105,13,112.20000000000073,move,improve
10961,13,152.60000000000105,13,112.20000000000073,2opt,improve
10962,13,152.60000000000105,13,112.20000000000073,2opt,notBad
10963,13,152.60000000000105,13,112.20000000000073,2opt,notBad
10964,13,152.60000000000105,13,112.20000000000073,move,improve
10965,13,152.60000000000105,13,112.20000000000073,swap,notBad
10966,13,152.60000000000105,13,112.20000000000073,move,improve
10967,13,152.60000000000105,13,112.20000000000073,swap,notBad
10968,13,152.60000000000105,13,112.20000000000073,move,improve
10969,13,152.60000000000105,13,112.20000000000073,move,improve
10970,13,152.60000000000105,13,112.20000000000073,move,improve
10971,13,152.60000000000105,13,112.20000000000073,2opt,notBad
10972,13,152.60000000000105,13,112.20000000000073,2opt,notBad
10973,13,152.60000000000105,13,112.20000000000073,move,improve
10974,13,152.60000000000105,13,112.20000000000073,swap,notBad
10975,13,152.60000000000105,13,112.20000000000073,swap,notBad
10976,13,152.60000000000105,13,112.20000000000073,swap,notBad
10977,13,152.60000000000105,13,112.20000000000073,2opt,improve
10978,13,152.60000000000105,13,112.20000000000073,2opt,notBad
10979,13,152.60000000000105,13,112.20000000000073,2opt,notBad
10980,13,152.60000000000105,13,112.20000000000073,2opt,notBad
10981,13,152.60000000000105,13,112.20000000000073,move,improve
10982,13,152.60000000000105,13,112.20000000000073,swap,notBad
10983,13,152.60000000000105,13,112.20000000000073,swap,notBad
10984,13,152.60000000000105,13,112.20000000000073,swap,notBad
10985,13,152.60000000000105,13,112.20000000000073,2opt,notBad
10986,13,152.60000000000105,13,112.20000000000073,move,improve
10987,13,152.60000000000105,13,112.20000000000073,2opt,notBad
10988,13,152.60000000000105,13,112.20000000000073,swap,notBad
10989,13,152.60000000000105,13,112.20000000000073,2opt,notBad
10990,13,152.60000000000105,13,112.20000000000073,2opt,notBad
10991,13,152.60000000000105,13,112.20000000000073,move,improve
10992,13,152.60000000000105,13,112.20000000000073,move,improve
10993,13,152.60000000000105,13,112.20000000000073,2opt,notBad
10994,13,152.60000000000105,13,112.20000000000073,2opt,notBad
10995,13,152.60000000000105,13,112.20000000000073,swap,notBad
10996,13,152.60000000000105,13,112.20000000000073,swap,notBad
10997,13,145.40000000000146,13,112.20000000000073,move,improve
10998,13,145.40000000000146,13,112.20000000000073,move,improve
10999,13,145.40000000000146,13,112.20000000000073,swap,notBad
11000,13,145.40000000000146,13,112.20000000000073,2opt,notBad
11001,13,145.40000000000146,13,112.20000000000073,swap,notBad
11002,13,145.40000000000146,13,112.20000000000073,move,improve
11003,13,145.40000000000146,13,112.20000000000073,move,improve
11004,13,145.40000000000146,13,112.20000000000073,move,improve
11005,13,145.40000000000146,13,112.20000000000073,move,improve
11006,13,145.40000000000146,13,112.20000000000073,2opt,notBad
11007,13,145.40000000000146,13,112.20000000000073,move,improve
11008,13,145.40000000000146,13,112.20000000000073,move,improve
11009,13,145.40000000000146,13,112.20000000000073,move,improve
11010,13,145.40000000000146,13,112.20000000000073,move,improve
11011,13,145.40000000000146,13,112.20000000000073,swap,notBad
11012,13,145.40000000000146,13,112.20000000000073,move,improve
11013,13,145.40000000000146,13,112.20000000000073,2opt,notBad
11014,13,145.40000000000146,13,112.20000000000073,move,improve
11015,13,145.40000000000146,13,112.20000000000073,2opt,notBad
11016,13,145.40000000000146,13,112.20000000000073,swap,notBad
11017,13,145.40000000000146,13,112.20000000000073,2opt,notBad
11018,13,145.40000000000146,13,112.20000000000073,2opt,notBad
11019,13,145.40000000000146,13,112.20000000000073,2opt,improve
11020,13,145.40000000000146,13,112.20000000000073,move,improve
11021,13,145.40000000000146,13,112.20000000000073,move,improve
11022,13,145.40000000000146,13,112.20000000000073,move,improve
11023,13,145.40000000000146,13,112.20000000000073,2opt,notBad
11024,13,145.40000000000146,13,112.20000000000073,move,improve
11025,13,145.40000000000146,13,112.20000000000073,2opt,notBad
11026,13,145.40000000000146,13,112.20000000000073,2opt,notBad
11027,13,145.40000000000146,13,112.20000000000073,move,improve
11028,13,145.40000000000146,13,112.20000000000073,move,improve
11029,13,145.40000000000146,13,112.20000000000073,move,improve
11030,13,145.40000000000146,13,112.20000000000073,2opt,notBad
11031,13,145.40000000000146,13,112.20000000000073,2opt,notBad
11032,13,145.40000000000146,13,112.20000000000073,2opt,notBad
11033,13,145.40000000000146,13,112.20000000000073,2opt,notBad
11034,13,145.40000000000146,13,112.20000000000073,move,improve
11035,13,145.40000000000146,13,112.20000000000073,move,improve
11036,13,145.40000000000146,13,112.20000000000073,2opt,notBad
11037,13,145.40000000000146,13,112.20000000000073,swap,notBad
11038,13,145.40000000000146,13,112.20000000000073,2opt,notBad
11039,13,145.40000000000146,13,112.20000000000073,move,improve
11040,13,145.40000000000146,13,112.20000000000073,2opt,notBad
11041,13,145.40000000000146,13,112.20000000000073,swap,notBad
11042,13,145.40000000000146,13,112.20000000000073,move,improve
11043,13,145.40000000000146,13,112.20000000000073,swap,notBad
11044,13,145.40000000000146,13,112.20000000000073,2opt,notBad
11045,13,145.40000000000146,13,112.20000000000073,swap,notBad
11046,13,145.40000000000146,13,112.20000000000073,move,improve
11047,13,145.40000000000146,13,112.20000000000073,2opt,notBad
11048,13,145.40000000000146,13,112.20000000000073,swap,notBad
11049,13,145.40000000000146,13,112.20000000000073,2opt,notBad
11050,13,145.40000000000146,13,112.20000000000073,2opt,notBad
11051,13,145.40000000000146,13,112.20000000000073,2opt,notBad
11052,13,145.40000000000146,13,112.20000000000073,2opt,notBad
11053,13,145.40000000000146,13,112.20000000000073,2opt,notBad
11054,13,145.40000000000146,13,112.20000000000073,move,improve
11055,13,145.40000000000146,13,112.20000000000073,swap,notBad
11056,13,145.40000000000146,13,112.20000000000073,2opt,notBad
11057,13,145.40000000000146,13,112.20000000000073,2opt,notBad
11058,13,142.00000000000182,13,112.20000000000073,move,improve
11059,13,142.00000000000182,13,112.20000000000073,2opt,notBad
11060,13,142.00000000000182,13,112.20000000000073,2opt,improve
11061,13,142.00000000000182,13,112.20000000000073,swap,notBad
11062,13,142.00000000000182,13,112.20000000000073,2opt,notBad
11063,13,142.00000000000182,13,112.20000000000073,2opt,notBad
11064,13,142.00000000000182,13,112.20000000000073,2opt,notBad
11065,13,142.00000000000182,13,112.20000000000073,swap,notBad
11066,13,142.00000000000182,13,112.20000000000073,move,improve
11067,13,142.00000000000182,13,112.20000000000073,swap,notBad
11068,13,142.00000000000182,13,112.20000000000073,2opt,improve
11069,13,142.00000000000182,13,112.20000000000073,move,improve
11070,13,142.00000000000182,13,112.20000000000073,move,improve
11071,13,142.00000000000182,13,112.20000000000073,swap,notBad
11072,13,142.00000000000182,13,112.20000000000073,2opt,notBad
11073,13,142.00000000000182,13,112.20000000000073,move,improve
11074,13,142.00000000000182,13,112.20000000000073,swap,notBad
11075,13,142.00000000000182,13,112.20000000000073,swap,notBad
11076,13,142.00000000000182,13,112.20000000000073,move,improve
11077,13,142.00000000000182,13,112.20000000000073,2opt,notBad
11078,13,142.00000000000182,13,112.20000000000073,swap,notBad
11079,13,142.00000000000182,13,112.20000000000073,2opt,notBad
11080,13,142.00000000000182,13,112.20000000000073,move,improve
11081,13,142.00000000000182,13,112.20000000000073,swap,notBad
11082,13,142.00000000000182,13,112.20000000000073,move,improve
11083,13,142.00000000000182,13,112.20000000000073,2opt,notBad
11084,13,142.00000000000182,13,112.20000000000073,move,improve
11085,13,142.00000000000182,13,112.20000000000073,2opt,notBad
11086,13,142.00000000000182,13,112.20000000000073,move,improve
11087,13,142.00000000000182,13,112.20000000000073,2opt,notBad
11088,13,142.00000000000182,13,112.20000000000073,move,improve
11089,13,142.00000000000182,13,112.20000000000073,2opt,notBad
11090,13,142.00000000000182,13,112.20000000000073,move,improve
11091,13,142.00000000000182,13,112.20000000000073,2opt,notBad
11092,13,142.00000000000182,13,112.20000000000073,move,improve
11093,13,142.00000000000182,13,112.20000000000073,move,improve
11094,13,142.00000000000182,13,112.20000000000073,move,improve
11095,13,142.00000000000182,13,112.20000000000073,move,improve
11096,13,134.20000000000164,13,112.20000000000073,move,improve
11097,13,134.20000000000164,13,112.20000000000073,move,improve
11098,13,134.20000000000164,13,112.20000000000073,swap,notBad
11099,13,134.20000000000164,13,112.20000000000073,2opt,notBad
11100,13,134.20000000000164,13,112.20000000000073,move,improve
11101,13,134.20000000000164,13,112.20000000000073,move,improve
11102,13,134.20000000000164,13,112.20000000000073,move,improve
11103,13,134.20000000000164,13,112.20000000000073,2opt,improve
11104,13,134.20000000000164,13,112.20000000000073,2opt,notBad
11105,13,134.20000000000164,13,112.20000000000073,2opt,notBad
11106,13,134.20000000000164,13,112.20000000000073,2opt,notBad
11107,13,134.20000000000164,13,112.20000000000073,move,improve
11108,13,134.20000000000164,13,112.20000000000073,2opt,notBad
11109,13,134.20000000000164,13,112.20000000000073,swap,notBad
11110,13,134.20000000000164,13,112.20000000000073,2opt,notBad
11111,13,134.20000000000164,13,112.20000000000073,swap,notBad
11112,13,134.20000000000164,13,112.20000000000073,move,improve
11113,13,134.20000000000164,13,112.20000000000073,swap,notBad
11114,13,134.20000000000164,13,112.20000000000073,move,improve
11115,13,134.20000000000164,13,112.20000000000073,2opt,notBad
11116,13,134.20000000000164,13,112.20000000000073,swap,notBad
11117,13,134.20000000000164,13,112.20000000000073,swap,notBad
11118,13,134.20000000000164,13,112.20000000000073,2opt,notBad
11119,13,134.20000000000164,13,112.20000000000073,move,improve
11120,13,134.20000000000164,13,112.20000000000073,2opt,notBad
11121,13,134.20000000000164,13,112.20000000000073,2opt,notBad
11122,13,134.20000000000164,13,112.20000000000073,swap,notBad
11123,13,134.20000000000164,13,112.20000000000073,swap,notBad
11124,13,134.20000000000164,13,112.20000000000073,move,improve
11125,13,134.20000000000164,13,112.20000000000073,swap,notBad
11126,13,134.20000000000164,13,112.20000000000073,move,improve
11127,13,134.20000000000164,13,112.20000000000073,move,improve
11128,13,134.20000000000164,13,112.20000000000073,move,improve
11129,13,134.20000000000164,13,112.20000000000073,2opt,notBad
11130,13,134.20000000000164,13,112.20000000000073,2opt,notBad
11131,13,134.20000000000164,13,112.20000000000073,2opt,notBad
11132,13,134.20000000000164,13,112.20000000000073,swap,notBad
11133,13,134.20000000000164,13,112.20000000000073,move,improve
11134,13,134.20000000000164,13,112.20000000000073,move,improve
11135,13,134.20000000000164,13,112.20000000000073,2opt,notBad
11136,13,134.20000000000164,13,112.20000000000073,swap,notBad
11137,13,134.20000000000164,13,112.20000000000073,2opt,notBad
11138,13,134.20000000000164,13,112.20000000000073,swap,notBad
11139,13,134.20000000000164,13,112.20000000000073,swap,notBad
11140,13,134.20000000000164,13,112.20000000000073,move,improve
11141,13,134.20000000000164,13,112.20000000000073,swap,notBad
11142,13,134.20000000000164,13,112.20000000000073,2opt,notBad
11143,13,134.20000000000164,13,112.20000000000073,move,improve
11144,13,134.20000000000164,13,112.20000000000073,move,improve
11145,13,134.20000000000164,13,112.20000000000073,swap,notBad
11146,13,134.20000000000164,13,112.20000000000073,2opt,notBad
11147,13,134.20000000000164,13,112.20000000000073,2opt,notBad
11148,13,134.20000000000164,13,112.20000000000073,move,improve
11149,13,134.20000000000164,13,112.20000000000073,move,improve
11150,13,134.20000000000164,13,112.20000000000073,2opt,notBad
11151,13,134.20000000000164,13,112.20000000000073,swap,notBad
11152,13,134.20000000000164,13,112.20000000000073,swap,notBad
11153,13,134.20000000000164,13,112.20000000000073,move,improve
11154,13,134.20000000000164,13,112.20000000000073,swap,notBad
11155,13,134.20000000000164,13,112.20000000000073,2opt,notBad
11156,13,134.20000000000164,13,112.20000000000073,move,improve
11157,13,134.20000000000164,13,112.20000000000073,swap,notBad
11158,13,134.20000000000164,13,112.20000000000073,move,improve
11159,13,134.20000000000164,13,112.20000000000073,move,improve
11160,13,134.20000000000164,13,112.20000000000073,2opt,notBad
11161,13,134.20000000000164,13,112.20000000000073,swap,notBad
11162,13,134.20000000000164,13,112.20000000000073,2opt,notBad
11163,13,134.20000000000164,13,112.20000000000073,2opt,notBad
11164,13,134.20000000000164,13,112.20000000000073,move,notBad
11165,13,134.20000000000164,13,112.20000000000073,swap,notBad
11166,13,134.20000000000164,13,112.20000000000073,2opt,notBad
11167,13,134.20000000000164,13,112.20000000000073,move,improve
11168,13,134.20000000000164,13,112.20000000000073,move,improve
11169,13,134.20000000000164,13,112.20000000000073,move,improve
11170,13,134.20000000000164,13,112.20000000000073,move,improve
11171,13,134.20000000000164,13,112.20000000000073,swap,notBad
11172,13,134.20000000000164,13,112.20000000000073,move,improve
11173,13,134.20000000000164,13,112.20000000000073,swap,notBad
11174,13,134.20000000000164,13,112.20000000000073,swap,notBad
11175,13,134.20000000000164,13,112.20000000000073,2opt,notBad
11176,13,132.40000000000146,13,112.20000000000073,move,improve
11177,13,132.40000000000146,13,112.20000000000073,2opt,notBad
11178,13,132.40000000000146,13,112.20000000000073,swap,notBad
11179,13,132.40000000000146,13,112.20000000000073,2opt,notBad
11180,13,132.40000000000146,13,112.20000000000073,2opt,notBad
11181,13,132.40000000000146,13,112.20000000000073,2opt,notBad
11182,13,132.40000000000146,13,112.20000000000073,2opt,notBad
11183,13,132.40000000000146,13,112.20000000000073,move,improve
11184,13,132.40000000000146,13,112.20000000000073,2opt,notBad
11185,13,132.40000000000146,13,112.20000000000073,move,improve
11186,13,132.40000000000146,13,112.20000000000073,swap,notBad
11187,13,132.40000000000146,13,112.20000000000073,2opt,notBad
11188,13,132.40000000000146,13,112.20000000000073,2opt,notBad
11189,13,132.40000000000146,13,112.20000000000073,swap,notBad
11190,13,132.40000000000146,13,112.20000000000073,move,improve
11191,13,132.40000000000146,13,112.20000000000073,move,improve
11192,13,132.40000000000146,13,112.20000000000073,swap,notBad
11193,13,132.40000000000146,13,112.20000000000073,swap,notBad
11194,13,132.40000000000146,13,112.20000000000073,2opt,improve
11195,13,132.40000000000146,13,112.20000000000073,2opt,notBad
11196,13,132.40000000000146,13,112.20000000000073,move,improve
11197,13,132.40000000000146,13,112.20000000000073,2opt,notBad
11198,13,132.40000000000146,13,112.20000000000073,2opt,notBad
11199,13,132.40000000000146,13,112.20000000000073,move,notBad
11200,13,132.40000000000146,13,112.20000000000073,move,improve
11201,13,132.40000000000146,13,112.20000000000073,move,improve
11202,13,132.40000000000146,13,112.20000000000073,move,improve
11203,13,132.40000000000146,13,112.20000000000073,swap,notBad
11204,13,132.40000000000146,13,112.20000000000073,swap,notBad
11205,13,132.40000000000146,13,112.20000000000073,2opt,notBad
11206,13,132.40000000000146,13,112.20000000000073,move,improve
11207,13,132.40000000000146,13,112.20000000000073,2opt,notBad
11208,13,132.40000000000146,13,112.20000000000073,swap,notBad
11209,13,132.40000000000146,13,112.20000000000073,move,improve
11210,13,132.40000000000146,13,112.20000000000073,move,improve
11211,13,132.40000000000146,13,112.20000000000073,2opt,improve
11212,13,132.40000000000146,13,112.20000000000073,2opt,notBad
11213,13,132.40000000000146,13,112.20000000000073,move,improve
11214,13,132.40000000000146,13,112.20000000000073,move,improve
11215,13,132.40000000000146,13,112.20000000000073,2opt,notBad
11216,13,132.40000000000146,13,112.20000000000073,move,improve
11217,13,132.40000000000146,13,112.20000000000073,swap,notBad
11218,13,132.40000000000146,13,112.20000000000073,move,improve
11219,13,132.40000000000146,13,112.20000000000073,2opt,notBad
11220,13,132.40000000000146,13,112.20000000000073,move,improve
11221,13,132.40000000000146,13,112.20000000000073,swap,notBad
11222,13,132.40000000000146,13,112.20000000000073,swap,notBad
11223,13,132.40000000000146,13,112.20000000000073,2opt,notBad
11224,13,132.40000000000146,13,112.20000000000073,swap,notBad
11225,13,132.40000000000146,13,112.20000000000073,2opt,notBad
11226,13,132.40000000000146,13,112.20000000000073,swap,notBad
11227,13,132.40000000000146,13,112.20000000000073,move,improve
11228,13,132.40000000000146,13,112.20000000000073,2opt,notBad
11229,13,132.40000000000146,13,112.20000000000073,move,improve
11230,13,132.40000000000146,13,112.20000000000073,2opt,notBad
11231,13,132.40000000000146,13,112.20000000000073,swap,notBad
11232,13,132.40000000000146,13,112.20000000000073,move,improve
11233,13,132.40000000000146,13,112.20000000000073,move,improve
11234,13,132.40000000000146,13,112.20000000000073,move,improve
11235,13,132.40000000000146,13,112.20000000000073,swap,notBad
11236,13,132.40000000000146,13,112.20000000000073,swap,notBad
11237,13,132.40000000000146,13,112.20000000000073,swap,notBad
11238,13,132.40000000000146,13,112.20000000000073,2opt,notBad
11239,13,132.40000000000146,13,112.20000000000073,swap,notBad
11240,13,132.40000000000146,13,112.20000000000073,move,improve
11241,13,132.40000000000146,13,112.20000000000073,swap,notBad
11242,13,132.40000000000146,13,112.20000000000073,swap,notBad
11243,13,132.40000000000146,13,112.20000000000073,2opt,notBad
11244,13,132.40000000000146,13,112.20000000000073,2opt,notBad
11245,13,132.40000000000146,13,112.20000000000073,2opt,notBad
11246,13,132.40000000000146,13,112.20000000000073,2opt,notBad
11247,13,132.40000000000146,13,112.20000000000073,swap,notBad
11248,13,132.40000000000146,13,112.20000000000073,swap,notBad
11249,13,132.40000000000146,13,112.20000000000073,move,improve
11250,13,132.40000000000146,13,112.20000000000073,2opt,notBad
11251,13,132.40000000000146,13,112.20000000000073,move,improve
11252,13,132.40000000000146,13,112.20000000000073,move,improve
11253,13,132.40000000000146,13,112.20000000000073,move,improve
11254,13,132.40000000000146,13,112.20000000000073,swap,notBad
11255,13,132.40000000000146,13,112.20000000000073,move,improve
11256,13,132.40000000000146,13,112.20000000000073,2opt,notBad
11257,13,132.40000000000146,13,112.20000000000073,move,improve
11258,13,132.40000000000146,13,112.20000000000073,move,improve
11259,13,132.40000000000146,13,112.20000000000073,move,improve
11260,13,132.40000000000146,13,112.20000000000073,swap,notBad
11261,13,132.40000000000146,13,112.20000000000073,swap,notBad
11262,13,132.40000000000146,13,112.20000000000073,2opt,notBad
11263,13,132.40000000000146,13,112.20000000000073,move,improve
11264,13,132.40000000000146,13,112.20000000000073,move,improve
11265,13,132.40000000000146,13,112.20000000000073,2opt,notBad
11266,13,132.40000000000146,13,112.20000000000073,2opt,notBad
11267,13,132.40000000000146,13,112.20000000000073,swap,notBad
11268,13,132.40000000000146,13,112.20000000000073,2opt,notBad
11269,13,132.40000000000146,13,112.20000000000073,move,improve
11270,13,132.40000000000146,13,112.20000000000073,2opt,notBad
11271,13,132.40000000000146,13,112.20000000000073,swap,notBad
11272,13,132.40000000000146,13,112.20000000000073,2opt,notBad
11273,13,132.40000000000146,13,112.20000000000073,swap,notBad
11274,13,132.40000000000146,13,112.20000000000073,swap,notBad
11275,13,132.40000000000146,13,112.20000000000073,2opt,notBad
11276,13,132.40000000000146,13,112.20000000000073,swap,notBad
11277,13,132.40000000000146,13,112.20000000000073,move,improve
11278,13,132.40000000000146,13,112.20000000000073,2opt,notBad
11279,13,132.40000000000146,13,112.20000000000073,swap,notBad
11280,13,132.40000000000146,13,112.20000000000073,swap,notBad
11281,13,132.40000000000146,13,112.20000000000073,move,improve
11282,13,132.40000000000146,13,112.20000000000073,swap,notBad
11283,13,132.40000000000146,13,112.20000000000073,move,improve
11284,13,132.40000000000146,13,112.20000000000073,swap,notBad
11285,13,132.40000000000146,13,112.20000000000073,2opt,notBad
11286,13,132.40000000000146,13,112.20000000000073,move,improve
11287,13,132.40000000000146,13,112.20000000000073,2opt,notBad
11288,13,132.40000000000146,13,112.20000000000073,2opt,notBad
11289,13,132.40000000000146,13,112.20000000000073,swap,notBad
11290,13,132.40000000000146,13,112.20000000000073,2opt,notBad
11291,13,132.40000000000146,13,112.20000000000073,2opt,notBad
11292,13,132.40000000000146,13,112.20000000000073,2opt,notBad
11293,13,132.40000000000146,13,112.20000000000073,swap,notBad
11294,13,132.40000000000146,13,112.20000000000073,2opt,notBad
11295,13,132.40000000000146,13,112.20000000000073,swap,notBad
11296,13,132.40000000000146,13,112.20000000000073,move,improve
11297,13,132.40000000000146,13,112.20000000000073,swap,notBad
11298,13,132.40000000000146,13,112.20000000000073,move,improve
11299,13,132.40000000000146,13,112.20000000000073,move,improve
11300,13,132.40000000000146,13,112.20000000000073,swap,notBad
11301,13,132.40000000000146,13,112.20000000000073,2opt,notBad
11302,13,132.40000000000146,13,112.20000000000073,move,improve
11303,13,132.40000000000146,13,112.20000000000073,move,improve
11304,13,132.40000000000146,13,112.20000000000073,2opt,notBad
11305,13,132.40000000000146,13,112.20000000000073,swap,notBad
11306,13,132.40000000000146,13,112.20000000000073,swap,notBad
11307,13,132.40000000000146,13,112.20000000000073,move,improve
11308,13,132.40000000000146,13,112.20000000000073,swap,notBad
11309,13,132.40000000000146,13,112.20000000000073,2opt,notBad
11310,13,132.40000000000146,13,112.20000000000073,swap,notBad
11311,13,132.40000000000146,13,112.20000000000073,2opt,notBad
11312,13,132.40000000000146,13,112.20000000000073,swap,notBad
11313,13,132.40000000000146,13,112.20000000000073,move,improve
11314,13,132.40000000000146,13,112.20000000000073,swap,notBad
11315,13,132.40000000000146,13,112.20000000000073,swap,notBad
11316,13,132.40000000000146,13,112.20000000000073,move,improve
11317,13,132.40000000000146,13,112.20000000000073,move,improve
11318,13,132.40000000000146,13,112.20000000000073,swap,notBad
11319,13,132.40000000000146,13,112.20000000000073,move,improve
11320,13,132.40000000000146,13,112.20000000000073,2opt,notBad
11321,13,132.40000000000146,13,112.20000000000073,2opt,notBad
11322,13,132.40000000000146,13,112.20000000000073,2opt,notBad
11323,13,132.40000000000146,13,112.20000000000073,swap,notBad
11324,13,132.40000000000146,13,112.20000000000073,move,improve
11325,13,132.40000000000146,13,112.20000000000073,move,improve
11326,13,132.40000000000146,13,112.20000000000073,swap,notBad
11327,13,132.40000000000146,13,112.20000000000073,move,improve
11328,13,132.40000000000146,13,112.20000000000073,move,improve
11329,13,132.40000000000146,13,112.20000000000073,2opt,improve
11330,13,132.40000000000146,13,112.20000000000073,2opt,notBad
11331,13,132.40000000000146,13,112.20000000000073,swap,notBad
11332,13,132.40000000000146,13,112.20000000000073,2opt,notBad
11333,13,132.40000000000146,13,112.20000000000073,swap,notBad
11334,13,132.40000000000146,13,112.20000000000073,swap,notBad
11335,13,132.40000000000146,13,112.20000000000073,2opt,notBad
11336,13,132.40000000000146,13,112.20000000000073,move,improve
11337,13,132.40000000000146,13,112.20000000000073,move,improve
11338,13,132.40000000000146,13,112.20000000000073,move,improve
11339,13,132.40000000000146,13,112.20000000000073,2opt,notBad
11340,13,132.40000000000146,13,112.20000000000073,2opt,notBad
11341,13,132.40000000000146,13,112.20000000000073,move,improve
11342,13,132.40000000000146,13,112.20000000000073,swap,notBad
11343,13,132.40000000000146,13,112.20000000000073,swap,notBad
11344,13,132.40000000000146,13,112.20000000000073,2opt,notBad
11345,13,132.40000000000146,13,112.20000000000073,move,improve
11346,13,132.40000000000146,13,112.20000000000073,move,improve
11347,13,132.40000000000146,13,112.20000000000073,2opt,notBad
11348,13,132.40000000000146,13,112.20000000000073,2opt,notBad
11349,13,132.40000000000146,13,112.20000000000073,swap,notBad
11350,13,132.40000000000146,13,112.20000000000073,swap,notBad
11351,13,132.40000000000146,13,112.20000000000073,2opt,notBad
11352,13,132.40000000000146,13,112.20000000000073,swap,notBad
11353,13,132.40000000000146,13,112.20000000000073,move,improve
11354,13,132.40000000000146,13,112.20000000000073,2opt,notBad
11355,13,132.40000000000146,13,112.20000000000073,move,improve
11356,13,132.40000000000146,13,112.20000000000073,move,improve
11357,13,132.40000000000146,13,112.20000000000073,move,improve
11358,13,132.40000000000146,13,112.20000000000073,move,improve
11359,13,132.40000000000146,13,112.20000000000073,2opt,notBad
11360,13,132.40000000000146,13,112.20000000000073,move,improve
11361,13,132.40000000000146,13,112.20000000000073,move,improve
11362,13,132.40000000000146,13,112.20000000000073,2opt,improve
11363,13,132.40000000000146,13,112.20000000000073,2opt,notBad
11364,13,132.40000000000146,13,112.20000000000073,swap,notBad
11365,13,132.40000000000146,13,112.20000000000073,swap,notBad
11366,13,132.40000000000146,13,112.20000000000073,2opt,notBad
11367,13,132.40000000000146,13,112.20000000000073,2opt,improve
11368,13,132.40000000000146,13,112.20000000000073,swap,notBad
11369,13,132.40000000000146,13,112.20000000000073,swap,notBad
11370,13,132.40000000000146,13,112.20000000000073,move,improve
11371,13,132.40000000000146,13,112.20000000000073,move,improve
11372,13,132.40000000000146,13,112.20000000000073,move,improve
11373,13,132.40000000000146,13,112.20000000000073,swap,notBad
11374,13,132.40000000000146,13,112.20000000000073,2opt,notBad
11375,13,132.40000000000146,13,112.20000000000073,swap,notBad
11376,13,132.40000000000146,13,112.20000000000073,move,improve
11377,13,132.40000000000146,13,112.20000000000073,2opt,notBad
11378,13,132.40000000000146,13,112.20000000000073,move,improve
11379,13,132.40000000000146,13,112.20000000000073,swap,notBad
11380,13,132.40000000000146,13,112.20000000000073,move,improve
11381,13,132.40000000000146,13,112.20000000000073,swap,notBad
11382,13,132.40000000000146,13,112.20000000000073,move,improve
11383,13,132.40000000000146,13,112.20000000000073,2opt,notBad
11384,13,132.40000000000146,13,112.20000000000073,2opt,notBad
11385,13,132.40000000000146,13,112.20000000000073,2opt,improve
11386,13,132.40000000000146,13,112.20000000000073,swap,notBad
11387,13,132.40000000000146,13,112.20000000000073,2opt,improve
11388,13,132.40000000000146,13,112.20000000000073,move,improve
11389,13,132.40000000000146,13,112.20000000000073,2opt,notBad
11390,13,132.40000000000146,13,112.20000000000073,2opt,notBad
11391,13,132.40000000000146,13,112.20000000000073,move,improve
11392,13,132.40000000000146,13,112.20000000000073,move,notBad
11393,13,132.40000000000146,13,112.20000000000073,move,notBad
11394,13,132.40000000000146,13,112.20000000000073,move,improve
11395,13,132.40000000000146,13,112.20000000000073,swap,notBad
11396,13,132.40000000000146,13,112.20000000000073,2opt,notBad
11397,13,132.40000000000146,13,112.20000000000073,swap,notBad
11398,13,132.40000000000146,13,112.20000000000073,move,improve
11399,13,132.40000000000146,13,112.20000000000073,swap,notBad
11400,13,132.40000000000146,13,112.20000000000073,swap,notBad
11401,13,132.40000000000146,13,112.20000000000073,move,improve
11402,13,132.40000000000146,13,112.20000000000073,swap,notBad
11403,13,132.40000000000146,13,112.20000000000073,2opt,notBad
11404,13,132.40000000000146,13,112.20000000000073,2opt,notBad
11405,13,132.40000000000146,13,112.20000000000073,2opt,notBad
11406,13,132.40000000000146,13,112.20000000000073,swap,notBad
11407,13,132.40000000000146,13,112.20000000000073,move,improve
11408,13,132.40000000000146,13,112.20000000000073,move,improve
11409,13,132.40000000000146,13,112.20000000000073,move,improve
11410,13,132.40000000000146,13,112.20000000000073,move,improve
11411,13,132.40000000000146,13,112.20000000000073,2opt,notBad
11412,13,132.40000000000146,13,112.20000000000073,move,improve
11413,13,132.40000000000146,13,112.20000000000073,2opt,notBad
11414,13,132.40000000000146,13,112.20000000000073,swap,notBad
11415,13,132.40000000000146,13,112.20000000000073,swap,notBad
11416,13,132.40000000000146,13,112.20000000000073,move,improve
11417,13,132.40000000000146,13,112.20000000000073,2opt,improve
11418,13,132.40000000000146,13,112.20000000000073,swap,notBad
11419,13,132.40000000000146,13,112.20000000000073,swap,notBad
11420,13,132.40000000000146,13,112.20000000000073,move,improve
11421,13,132.40000000000146,13,112.20000000000073,move,improve
11422,13,132.40000000000146,13,112.20000000000073,move,improve
11423,13,132.40000000000146,13,112.20000000000073,2opt,notBad
11424,13,133.00000000000114,13,112.20000000000073,swap,acceptBad
11425,13,133.00000000000114,13,112.20000000000073,2opt,notBad
11426,13,133.00000000000114,13,112.20000000000073,2opt,notBad
11427,13,133.00000000000114,13,112.20000000000073,2opt,notBad
11428,13,133.00000000000114,13,112.20000000000073,move,improve
11429,13,133.00000000000114,13,112.20000000000073,2opt,notBad
11430,13,133.00000000000114,13,112.20000000000073,swap,notBad
11431,13,133.00000000000114,13,112.20000000000073,swap,notBad
11432,13,133.00000000000114,13,112.20000000000073,move,notBad
11433,13,133.00000000000114,13,112.20000000000073,2opt,notBad
11434,13,133.00000000000114,13,112.20000000000073,swap,notBad
11435,13,133.00000000000114,13,112.20000000000073,move,improve
11436,13,133.00000000000114,13,112.20000000000073,swap,notBad
11437,13,133.00000000000114,13,112.20000000000073,swap,notBad
11438,13,133.00000000000114,13,112.20000000000073,2opt,notBad
11439,13,133.00000000000114,13,112.20000000000073,swap,notBad
11440,13,133.00000000000114,13,112.20000000000073,2opt,notBad
11441,13,133.00000000000114,13,112.20000000000073,swap,notBad
11442,13,133.00000000000114,13,112.20000000000073,move,improve
11443,13,133.00000000000114,13,112.20000000000073,2opt,notBad
11444,13,133.00000000000114,13,112.20000000000073,2opt,notBad
11445,13,133.00000000000114,13,112.20000000000073,move,improve
11446,13,133.00000000000114,13,112.20000000000073,2opt,notBad
11447,13,133.00000000000114,13,112.20000000000073,swap,notBad
11448,13,133.00000000000114,13,112.20000000000073,swap,notBad
11449,13,133.00000000000114,13,112.20000000000073,2opt,notBad
11450,13,133.00000000000114,13,112.20000000000073,move,improve
11451,13,133.00000000000114,13,112.20000000000073,swap,notBad
11452,13,133.00000000000114,13,112.20000000000073,move,improve
11453,13,133.00000000000114,13,112.20000000000073,move,improve
11454,13,133.00000000000114,13,112.20000000000073,2opt,improve
11455,13,133.00000000000114,13,112.20000000000073,move,improve
11456,13,133.00000000000114,13,112.20000000000073,move,improve
11457,13,133.00000000000114,13,112.20000000000073,move,improve
11458,13,133.00000000000114,13,112.20000000000073,swap,notBad
11459,13,133.00000000000114,13,112.20000000000073,2opt,notBad
11460,13,133.00000000000114,13,112.20000000000073,2opt,notBad
11461,13,133.00000000000114,13,112.20000000000073,2opt,improve
11462,13,133.00000000000114,13,112.20000000000073,2opt,notBad
11463,13,133.00000000000114,13,112.20000000000073,2opt,notBad
11464,13,133.00000000000114,13,112.20000000000073,2opt,improve
11465,13,133.00000000000114,13,112.20000000000073,swap,notBad
11466,13,133.00000000000114,13,112.20000000000073,swap,notBad
11467,13,133.00000000000114,13,112.20000000000073,swap,notBad
11468,13,133.00000000000114,13,112.20000000000073,move,improve
11469,13,133.00000000000114,13,112.20000000000073,2opt,notBad
11470,13,133.00000000000114,13,112.20000000000073,swap,notBad
11471,13,133.00000000000114,13,112.20000000000073,2opt,notBad
11472,13,133.00000000000114,13,112.20000000000073,swap,notBad
11473,13,133.00000000000114,13,112.20000000000073,2opt,notBad
11474,13,133.00000000000114,13,112.20000000000073,swap,notBad
11475,13,133.00000000000114,13,112.20000000000073,move,notBad
11476,13,133.00000000000114,13,112.20000000000073,move,improve
11477,13,133.00000000000114,13,112.20000000000073,swap,notBad
11478,13,133.00000000000114,13,112.20000000000073,2opt,notBad
11479,13,133.00000000000114,13,112.20000000000073,swap,notBad
11480,13,133.00000000000114,13,112.20000000000073,move,improve
11481,13,133.00000000000114,13,112.20000000000073,swap,notBad
11482,13,133.40000000000146,13,112.20000000000073,swap,acceptBad
11483,13,133.40000000000146,13,112.20000000000073,move,improve
11484,13,133.40000000000146,13,112.20000000000073,move,improve
11485,13,133.40000000000146,13,112.20000000000073,move,improve
11486,13,133.40000000000146,13,112.20000000000073,2opt,notBad
11487,13,133.40000000000146,13,112.20000000000073,swap,notBad
11488,13,133.40000000000146,13,112.20000000000073,2opt,notBad
11489,13,133.40000000000146,13,112.20000000000073,swap,notBad
11490,13,133.40000000000146,13,112.20000000000073,2opt,notBad
11491,13,133.40000000000146,13,112.20000000000073,move,improve
11492,13,133.40000000000146,13,112.20000000000073,move,improve
11493,13,133.40000000000146,13,112.20000000000073,swap,notBad
11494,13,133.40000000000146,13,112.20000000000073,2opt,notBad
11495,13,133.40000000000146,13,112.20000000000073,swap,notBad
11496,13,133.40000000000146,13,112.20000000000073,2opt,notBad
11497,13,133.40000000000146,13,112.20000000000073,swap,notBad
11498,13,133.40000000000146,13,112.20000000000073,move,improve
11499,13,133.40000000000146,13,112.20000000000073,2opt,improve
11500,13,133.40000000000146,13,112.20000000000073,swap,notBad
11501,13,133.40000000000146,13,112.20000000000073,swap,notBad
11502,13,133.40000000000146,13,112.20000000000073,swap,notBad
11503,13,133.40000000000146,13,112.20000000000073,swap,notBad
11504,13,133.40000000000146,13,112.20000000000073,move,improve
11505,13,133.40000000000146,13,112.20000000000073,swap,notBad
11506,13,133.40000000000146,13,112.20000000000073,2opt,notBad
11507,13,133.40000000000146,13,112.20000000000073,2opt,notBad
11508,13,133.40000000000146,13,112.20000000000073,2opt,notBad
11509,13,133.40000000000146,13,112.20000000000073,2opt,notBad
11510,13,133.40000000000146,13,112.20000000000073,move,improve
11511,13,133.40000000000146,13,112.20000000000073,2opt,notBad
11512,13,133.40000000000146,13,112.20000000000073,2opt,notBad
11513,13,133.40000000000146,13,112.20000000000073,move,notBad
11514,13,133.40000000000146,13,112.20000000000073,2opt,notBad
11515,13,133.40000000000146,13,112.20000000000073,swap,notBad
11516,13,133.40000000000146,13,112.20000000000073,swap,notBad
11517,13,133.40000000000146,13,112.20000000000073,2opt,notBad
11518,13,133.40000000000146,13,112.20000000000073,move,improve
11519,13,133.40000000000146,13,112.20000000000073,move,improve
11520,13,133.40000000000146,13,112.20000000000073,swap,notBad
11521,13,133.40000000000146,13,112.20000000000073,move,improve
11522,13,133.40000000000146,13,112.20000000000073,2opt,improve
11523,13,133.40000000000146,13,112.20000000000073,2opt,notBad
11524,13,133.40000000000146,13,112.20000000000073,move,improve
11525,13,133.40000000000146,13,112.20000000000073,swap,notBad
11526,13,133.40000000000146,13,112.20000000000073,swap,notBad
11527,13,133.40000000000146,13,112.20000000000073,2opt,notBad
11528,13,133.40000000000146,13,112.20000000000073,swap,notBad
11529,13,133.40000000000146,13,112.20000000000073,2opt,notBad
11530,13,133.40000000000146,13,112.20000000000073,move,improve
11531,13,133.40000000000146,13,112.20000000000073,2opt,improve
11532,13,133.40000000000146,13,112.20000000000073,swap,notBad
11533,13,133.40000000000146,13,112.20000000000073,2opt,notBad
11534,13,133.40000000000146,13,112.20000000000073,2opt,notBad
11535,13,133.40000000000146,13,112.20000000000073,move,improve
11536,13,133.40000000000146,13,112.20000000000073,2opt,notBad
11537,13,133.40000000000146,13,112.20000000000073,2opt,notBad
11538,13,133.40000000000146,13,112.20000000000073,move,improve
11539,13,133.40000000000146,13,112.20000000000073,swap,notBad
11540,13,133.40000000000146,13,112.20000000000073,move,improve
11541,13,133.40000000000146,13,112.20000000000073,move,improve
11542,13,133.40000000000146,13,112.20000000000073,swap,notBad
11543,13,133.40000000000146,13,112.20000000000073,move,improve
11544,13,133.40000000000146,13,112.20000000000073,2opt,notBad
11545,13,133.40000000000146,13,112.20000000000073,2opt,notBad
11546,13,133.40000000000146,13,112.20000000000073,move,improve
11547,13,133.40000000000146,13,112.20000000000073,move,improve
11548,13,133.40000000000146,13,112.20000000000073,2opt,notBad
11549,13,133.40000000000146,13,112.20000000000073,move,improve
11550,13,133.40000000000146,13,112.20000000000073,swap,notBad
11551,13,133.40000000000146,13,112.20000000000073,move,improve
11552,13,133.40000000000146,13,112.20000000000073,move,improve
11553,13,133.40000000000146,13,112.20000000000073,2opt,notBad
11554,13,133.40000000000146,13,112.20000000000073,swap,notBad
11555,13,133.40000000000146,13,112.20000000000073,move,improve
11556,13,133.40000000000146,13,112.20000000000073,2opt,notBad
11557,13,133.40000000000146,13,112.20000000000073,2opt,notBad
11558,13,133.40000000000146,13,112.20000000000073,swap,notBad
11559,13,133.40000000000146,13,112.20000000000073,move,improve
11560,13,133.40000000000146,13,112.20000000000073,2opt,notBad
11561,13,133.40000000000146,13,112.20000000000073,move,improve
11562,13,133.40000000000146,13,112.20000000000073,2opt,notBad
11563,13,133.40000000000146,13,112.20000000000073,2opt,notBad
11564,13,133.40000000000146,13,112.20000000000073,2opt,notBad
11565,13,133.40000000000146,13,112.20000000000073,2opt,notBad
11566,13,133.40000000000146,13,112.20000000000073,2opt,notBad
11567,13,133.40000000000146,13,112.20000000000073,swap,notBad
11568,13,133.40000000000146,13,112.20000000000073,2opt,notBad
11569,13,133.40000000000146,13,112.20000000000073,move,improve
11570,13,133.40000000000146,13,112.20000000000073,move,improve
11571,13,133.40000000000146,13,112.20000000000073,swap,notBad
11572,13,133.40000000000146,13,112.20000000000073,2opt,notBad
11573,13,133.40000000000146,13,112.20000000000073,2opt,notBad
11574,13,133.40000000000146,13,112.20000000000073,swap,notBad
11575,13,133.40000000000146,13,112.20000000000073,swap,notBad
11576,13,133.40000000000146,13,112.20000000000073,swap,notBad
11577,13,133.40000000000146,13,112.20000000000073,move,improve
11578,13,133.40000000000146,13,112.20000000000073,2opt,notBad
11579,13,133.40000000000146,13,112.20000000000073,move,improve
11580,13,133.40000000000146,13,112.20000000000073,swap,notBad
11581,13,133.40000000000146,13,112.20000000000073,move,improve
11582,13,133.40000000000146,13,112.20000000000073,move,improve
11583,13,133.40000000000146,13,112.20000000000073,2opt,notBad
11584,13,133.40000000000146,13,112.20000000000073,2opt,notBad
11585,13,133.40000000000146,13,112.20000000000073,move,improve
11586,13,133.40000000000146,13,112.20000000000073,swap,notBad
11587,13,133.40000000000146,13,112.20000000000073,swap,notBad
11588,13,133.40000000000146,13,112.20000000000073,swap,notBad
11589,13,133.40000000000146,13,112.20000000000073,move,improve
11590,13,133.40000000000146,13,112.20000000000073,move,improve
11591,13,133.40000000000146,13,112.20000000000073,swap,notBad
11592,13,133.40000000000146,13,112.20000000000073,2opt,notBad
11593,13,133.40000000000146,13,112.20000000000073,move,improve
11594,13,133.40000000000146,13,112.20000000000073,2opt,notBad
11595,13,133.40000000000146,13,112.20000000000073,move,improve
11596,13,133.40000000000146,13,112.20000000000073,move,improve
11597,13,133.40000000000146,13,112.20000000000073,2opt,notBad
11598,13,133.40000000000146,13,112.20000000000073,swap,notBad
11599,13,133.40000000000146,13,112.20000000000073,move,improve
11600,13,133.40000000000146,13,112.20000000000073,swap,notBad
11601,13,133.40000000000146,13,112.20000000000073,swap,notBad
11602,13,133.40000000000146,13,112.20000000000073,move,improve
11603,13,133.40000000000146,13,112.20000000000073,2opt,improve
11604,13,133.40000000000146,13,112.20000000000073,2opt,notBad
11605,13,133.40000000000146,13,112.20000000000073,move,improve
11606,13,133.40000000000146,13,112.20000000000073,swap,notBad
11607,13,133.40000000000146,13,112.20000000000073,2opt,notBad
11608,13,133.40000000000146,13,112.20000000000073,2opt,notBad
11609,13,133.40000000000146,13,112.20000000000073,swap,notBad
11610,13,133.40000000000146,13,112.20000000000073,swap,notBad
11611,13,133.40000000000146,13,112.20000000000073,swap,notBad
11612,13,133.40000000000146,13,112.20000000000073,2opt,notBad
11613,13,133.40000000000146,13,112.20000000000073,move,improve
11614,13,133.40000000000146,13,112.20000000000073,swap,notBad
11615,13,133.40000000000146,13,112.20000000000073,2opt,notBad
11616,13,133.40000000000146,13,112.20000000000073,move,improve
11617,13,133.40000000000146,13,112.20000000000073,move,improve
11618,13,133.40000000000146,13,112.20000000000073,move,improve
11619,13,133.40000000000146,13,112.20000000000073,2opt,notBad
11620,13,133.40000000000146,13,112.20000000000073,move,improve
11621,13,133.40000000000146,13,112.20000000000073,move,improve
11622,13,133.40000000000146,13,112.20000000000073,swap,notBad
11623,13,133.40000000000146,13,112.20000000000073,2opt,notBad
11624,13,133.40000000000146,13,112.20000000000073,move,improve
11625,13,133.40000000000146,13,112.20000000000073,2opt,notBad
11626,13,133.40000000000146,13,112.20000000000073,swap,notBad
11627,13,133.40000000000146,13,112.20000000000073,move,improve
11628,13,133.40000000000146,13,112.20000000000073,move,improve
11629,13,133.40000000000146,13,112.20000000000073,2opt,notBad
11630,13,133.40000000000146,13,112.20000000000073,swap,notBad
11631,13,133.40000000000146,13,112.20000000000073,swap,notBad
11632,13,133.40000000000146,13,112.20000000000073,move,improve
11633,13,133.40000000000146,13,112.20000000000073,move,improve
11634,13,133.40000000000146,13,112.20000000000073,swap,notBad
11635,13,133.40000000000146,13,112.20000000000073,move,improve
11636,13,133.40000000000146,13,112.20000000000073,move,improve
11637,13,133.40000000000146,13,112.20000000000073,swap,notBad
11638,13,133.40000000000146,13,112.20000000000073,2opt,notBad
11639,13,133.40000000000146,13,112.20000000000073,swap,notBad
11640,13,133.40000000000146,13,112.20000000000073,2opt,notBad
11641,13,133.40000000000146,13,112.20000000000073,2opt,notBad
11642,13,133.40000000000146,13,112.20000000000073,2opt,notBad
11643,13,133.40000000000146,13,112.20000000000073,swap,notBad
11644,13,133.40000000000146,13,112.20000000000073,move,improve
11645,13,133.40000000000146,13,112.20000000000073,move,improve
11646,13,133.40000000000146,13,112.20000000000073,swap,notBad
11647,13,133.40000000000146,13,112.20000000000073,2opt,notBad
11648,13,133.40000000000146,13,112.20000000000073,2opt,notBad
11649,13,133.40000000000146,13,112.20000000000073,move,improve
11650,13,133.40000000000146,13,112.20000000000073,move,improve
11651,13,133.40000000000146,13,112.20000000000073,move,improve
11652,13,133.40000000000146,13,112.20000000000073,swap,notBad
11653,13,133.40000000000146,13,112.20000000000073,2opt,improve
11654,13,133.40000000000146,13,112.20000000000073,2opt,notBad
11655,13,133.40000000000146,13,112.20000000000073,move,improve
11656,13,133.40000000000146,13,112.20000000000073,swap,notBad
11657,13,133.40000000000146,13,112.20000000000073,2opt,notBad
11658,13,133.40000000000146,13,112.20000000000073,move,improve
11659,13,133.40000000000146,13,112.20000000000073,move,improve
11660,13,133.40000000000146,13,112.20000000000073,swap,notBad
11661,13,133.40000000000146,13,112.20000000000073,2opt,notBad
11662,13,133.40000000000146,13,112.20000000000073,2opt,improve
11663,13,133.40000000000146,13,112.20000000000073,2opt,notBad
11664,13,133.40000000000146,13,112.20000000000073,2opt,notBad
11665,13,133.40000000000146,13,112.20000000000073,2opt,notBad
11666,13,133.40000000000146,13,112.20000000000073,move,improve
11667,13,133.40000000000146,13,112.20000000000073,swap,notBad
11668,13,133.40000000000146,13,112.20000000000073,move,improve
11669,13,133.40000000000146,13,112.20000000000073,2opt,notBad
11670,13,133.40000000000146,13,112.20000000000073,2opt,notBad
11671,13,133.40000000000146,13,112.20000000000073,2opt,notBad
11672,13,133.40000000000146,13,112.20000000000073,move,improve
11673,13,133.40000000000146,13,112.20000000000073,2opt,notBad
11674,13,133.40000000000146,13,112.20000000000073,2opt,improve
11675,13,133.40000000000146,13,112.20000000000073,swap,notBad
11676,13,133.40000000000146,13,112.20000000000073,swap,notBad
11677,13,133.40000000000146,13,112.20000000000073,swap,notBad
11678,13,133.40000000000146,13,112.20000000000073,move,improve
11679,13,133.40000000000146,13,112.20000000000073,2opt,notBad
11680,13,133.40000000000146,13,112.20000000000073,swap,notBad
11681,13,133.40000000000146,13,112.20000000000073,move,improve
11682,13,133.40000000000146,13,112.20000000000073,swap,notBad
11683,13,133.40000000000146,13,112.20000000000073,move,improve
11684,13,133.40000000000146,13,112.20000000000073,2opt,notBad
11685,13,133.40000000000146,13,112.20000000000073,2opt,notBad
11686,13,133.40000000000146,13,112.20000000000073,move,improve
11687,13,133.40000000000146,13,112.20000000000073,2opt,notBad
11688,13,133.40000000000146,13,112.20000000000073,swap,notBad
11689,13,133.40000000000146,13,112.20000000000073,move,improve
11690,13,133.40000000000146,13,112.20000000000073,move,improve
11691,13,133.40000000000146,13,112.20000000000073,move,improve
11692,13,133.40000000000146,13,112.20000000000073,move,improve
11693,13,133.40000000000146,13,112.20000000000073,2opt,notBad
11694,13,133.40000000000146,13,112.20000000000073,swap,notBad
11695,13,133.40000000000146,13,112.20000000000073,2opt,notBad
11696,13,133.40000000000146,13,112.20000000000073,2opt,notBad
11697,13,133.40000000000146,13,112.20000000000073,move,improve
11698,13,133.40000000000146,13,112.20000000000073,swap,notBad
11699,13,133.40000000000146,13,112.20000000000073,2opt,notBad
11700,13,133.40000000000146,13,112.20000000000073,move,improve
11701,13,133.40000000000146,13,112.20000000000073,2opt,notBad
11702,13,133.40000000000146,13,112.20000000000073,2opt,notBad
11703,13,133.40000000000146,13,112.20000000000073,swap,notBad
11704,13,133.40000000000146,13,112.20000000000073,move,improve
11705,13,133.40000000000146,13,112.20000000000073,move,improve
11706,13,133.40000000000146,13,112.20000000000073,2opt,notBad
11707,13,133.40000000000146,13,112.20000000000073,move,improve
11708,13,133.40000000000146,13,112.20000000000073,2opt,notBad
11709,13,133.40000000000146,13,112.20000000000073,2opt,notBad
11710,13,133.40000000000146,13,112.20000000000073,swap,notBad
11711,13,133.40000000000146,13,112.20000000000073,move,improve
11712,13,133.40000000000146,13,112.20000000000073,move,improve
11713,13,133.40000000000146,13,112.20000000000073,2opt,notBad
11714,13,133.40000000000146,13,112.20000000000073,move,improve
11715,13,133.40000000000146,13,112.20000000000073,swap,notBad
11716,13,133.40000000000146,13,112.20000000000073,swap,notBad
11717,13,133.40000000000146,13,112.20000000000073,swap,notBad
11718,13,133.40000000000146,13,112.20000000000073,2opt,notBad
11719,13,133.40000000000146,13,112.20000000000073,swap,notBad
11720,13,133.40000000000146,13,112.20000000000073,2opt,improve
11721,13,133.40000000000146,13,112.20000000000073,2opt,notBad
11722,13,133.40000000000146,13,112.20000000000073,move,improve
11723,13,133.40000000000146,13,112.20000000000073,move,improve
11724,13,133.40000000000146,13,112.20000000000073,swap,notBad
11725,13,133.40000000000146,13,112.20000000000073,move,improve
11726,13,133.40000000000146,13,112.20000000000073,move,improve
11727,13,133.40000000000146,13,112.20000000000073,2opt,notBad
11728,13,133.40000000000146,13,112.20000000000073,move,improve
11729,13,133.40000000000146,13,112.20000000000073,swap,notBad
11730,13,133.40000000000146,13,112.20000000000073,swap,notBad
11731,13,133.40000000000146,13,112.20000000000073,move,improve
11732,13,133.40000000000146,13,112.20000000000073,move,improve
11733,13,133.40000000000146,13,112.20000000000073,2opt,notBad
11734,13,133.40000000000146,13,112.20000000000073,swap,notBad
11735,13,133.40000000000146,13,112.20000000000073,2opt,notBad
11736,13,133.40000000000146,13,112.20000000000073,2opt,notBad
11737,13,133.40000000000146,13,112.20000000000073,2opt,notBad
11738,13,133.40000000000146,13,112.20000000000073,move,improve
11739,13,133.40000000000146,13,112.20000000000073,move,improve
11740,13,133.40000000000146,13,112.20000000000073,move,improve
11741,13,133.40000000000146,13,112.20000000000073,swap,notBad
11742,13,133.40000000000146,13,112.20000000000073,swap,notBad
11743,13,133.40000000000146,13,112.20000000000073,move,improve
11744,13,133.40000000000146,13,112.20000000000073,swap,notBad
11745,13,133.40000000000146,13,112.20000000000073,2opt,notBad
11746,13,133.40000000000146,13,112.20000000000073,swap,notBad
11747,13,133.40000000000146,13,112.20000000000073,2opt,notBad
11748,13,133.40000000000146,13,112.20000000000073,move,notBad
11749,13,133.40000000000146,13,112.20000000000073,move,improve
11750,13,133.40000000000146,13,112.20000000000073,move,improve
11751,13,133.40000000000146,13,112.20000000000073,move,improve
11752,13,133.40000000000146,13,112.20000000000073,2opt,notBad
11753,13,133.40000000000146,13,112.20000000000073,2opt,notBad
11754,13,133.40000000000146,13,112.20000000000073,swap,notBad
11755,13,133.40000000000146,13,112.20000000000073,2opt,notBad
11756,13,133.40000000000146,13,112.20000000000073,swap,notBad
11757,13,133.40000000000146,13,112.20000000000073,move,improve
11758,13,133.40000000000146,13,112.20000000000073,swap,notBad
11759,13,133.40000000000146,13,112.20000000000073,swap,notBad
11760,13,133.40000000000146,13,112.20000000000073,2opt,improve
11761,13,133.40000000000146,13,112.20000000000073,2opt,notBad
11762,13,133.40000000000146,13,112.20000000000073,swap,notBad
11763,13,133.40000000000146,13,112.20000000000073,2opt,notBad
11764,13,133.40000000000146,13,112.20000000000073,move,improve
11765,13,133.40000000000146,13,112.20000000000073,move,improve
11766,13,133.40000000000146,13,112.20000000000073,2opt,notBad
11767,13,133.40000000000146,13,112.20000000000073,2opt,notBad
11768,13,133.40000000000146,13,112.20000000000073,swap,notBad
11769,13,133.40000000000146,13,112.20000000000073,move,improve
11770,13,133.40000000000146,13,112.20000000000073,2opt,notBad
11771,13,133.40000000000146,13,112.20000000000073,2opt,notBad
11772,13,133.40000000000146,13,112.20000000000073,swap,notBad
11773,13,133.40000000000146,13,112.20000000000073,move,improve
11774,13,133.40000000000146,13,112.20000000000073,move,improve
11775,13,133.40000000000146,13,112.20000000000073,2opt,notBad
11776,13,133.40000000000146,13,112.20000000000073,2opt,notBad
11777,13,133.40000000000146,13,112.20000000000073,swap,notBad
11778,13,133.40000000000146,13,112.20000000000073,2opt,notBad
11779,13,133.40000000000146,13,112.20000000000073,move,notBad
11780,13,133.40000000000146,13,112.20000000000073,move,notBad
11781,13,133.40000000000146,13,112.20000000000073,move,improve
11782,13,133.40000000000146,13,112.20000000000073,move,improve
11783,13,133.40000000000146,13,112.20000000000073,swap,notBad
11784,13,133.40000000000146,13,112.20000000000073,move,improve
11785,13,133.40000000000146,13,112.20000000000073,2opt,notBad
11786,13,133.40000000000146,13,112.20000000000073,swap,notBad
11787,13,133.40000000000146,13,112.20000000000073,move,improve
11788,13,133.40000000000146,13,112.20000000000073,move,improve
11789,13,133.40000000000146,13,112.20000000000073,2opt,notBad
11790,13,133.40000000000146,13,112.20000000000073,move,improve
11791,13,133.40000000000146,13,112.20000000000073,2opt,notBad
11792,13,133.40000000000146,13,112.20000000000073,2opt,notBad
11793,13,133.40000000000146,13,112.20000000000073,move,improve
11794,13,133.40000000000146,13,112.20000000000073,swap,notBad
11795,13,133.40000000000146,13,112.20000000000073,move,improve
11796,13,133.40000000000146,13,112.20000000000073,swap,notBad
11797,13,133.40000000000146,13,112.20000000000073,swap,notBad
11798,13,133.40000000000146,13,112.20000000000073,swap,notBad
11799,13,133.40000000000146,13,112.20000000000073,move,improve
11800,13,133.40000000000146,13,112.20000000000073,swap,notBad
11801,13,133.40000000000146,13,112.20000000000073,swap,notBad
11802,13,133.40000000000146,13,112.20000000000073,move,improve
11803,13,133.40000000000146,13,112.20000000000073,swap,notBad
11804,13,133.40000000000146,13,112.20000000000073,move,improve
11805,13,133.40000000000146,13,112.20000000000073,2opt,notBad
11806,13,133.40000000000146,13,112.20000000000073,2opt,notBad
11807,13,133.40000000000146,13,112.20000000000073,swap,notBad
11808,13,133.40000000000146,13,112.20000000000073,move,improve
11809,13,133.40000000000146,13,112.20000000000073,swap,notBad
11810,13,133.40000000000146,13,112.20000000000073,move,improve
11811,13,133.40000000000146,13,112.20000000000073,2opt,notBad
11812,13,133.40000000000146,13,112.20000000000073,2opt,notBad
11813,13,133.40000000000146,13,112.20000000000073,swap,notBad
11814,13,133.40000000000146,13,112.20000000000073,move,improve
11815,13,133.40000000000146,13,112.20000000000073,swap,notBad
11816,13,133.40000000000146,13,112.20000000000073,move,improve
11817,13,133.40000000000146,13,112.20000000000073,move,improve
11818,13,133.40000000000146,13,112.20000000000073,swap,notBad
11819,13,133.40000000000146,13,112.20000000000073,swap,notBad
11820,13,133.40000000000146,13,112.20000000000073,move,improve
11821,13,133.40000000000146,13,112.20000000000073,2opt,notBad
11822,13,133.40000000000146,13,112.20000000000073,swap,notBad
11823,13,133.40000000000146,13,112.20000000000073,swap,notBad
11824,13,133.40000000000146,13,112.20000000000073,move,improve
11825,13,133.40000000000146,13,112.20000000000073,2opt,improve
11826,13,133.40000000000146,13,112.20000000000073,swap,notBad
11827,13,133.40000000000146,13,112.20000000000073,2opt,notBad
11828,13,133.40000000000146,13,112.20000000000073,swap,notBad
11829,13,133.40000000000146,13,112.20000000000073,2opt,notBad
11830,13,133.40000000000146,13,112.20000000000073,move,improve
11831,13,133.40000000000146,13,112.20000000000073,swap,notBad
11832,13,133.40000000000146,13,112.20000000000073,swap,notBad
11833,13,133.40000000000146,13,112.20000000000073,swap,notBad
11834,13,133.40000000000146,13,112.20000000000073,move,improve
11835,13,133.40000000000146,13,112.20000000000073,2opt,notBad
11836,13,133.40000000000146,13,112.20000000000073,2opt,notBad
11837,13,133.40000000000146,13,112.20000000000073,swap,notBad
11838,13,133.40000000000146,13,112.20000000000073,2opt,notBad
11839,13,133.40000000000146,13,112.20000000000073,swap,notBad
11840,13,133.40000000000146,13,112.20000000000073,move,improve
11841,13,133.40000000000146,13,112.20000000000073,swap,notBad
11842,13,133.40000000000146,13,112.20000000000073,move,improve
11843,13,133.40000000000146,13,112.20000000000073,swap,notBad
11844,13,133.40000000000146,13,112.20000000000073,move,improve
11845,13,133.40000000000146,13,112.20000000000073,swap,notBad
11846,13,133.40000000000146,13,112.20000000000073,move,improve
11847,13,133.40000000000146,13,112.20000000000073,2opt,notBad
11848,13,133.40000000000146,13,112.20000000000073,swap,notBad
11849,13,133.40000000000146,13,112.20000000000073,2opt,notBad
11850,13,133.40000000000146,13,112.20000000000073,move,improve
11851,13,133.40000000000146,13,112.20000000000073,2opt,notBad
11852,13,133.40000000000146,13,112.20000000000073,2opt,notBad
11853,13,133.40000000000146,13,112.20000000000073,move,improve
11854,13,133.40000000000146,13,112.20000000000073,2opt,notBad
11855,13,133.40000000000146,13,112.20000000000073,swap,notBad
11856,13,133.40000000000146,13,112.20000000000073,swap,notBad
11857,13,133.40000000000146,13,112.20000000000073,move,improve
11858,13,133.40000000000146,13,112.20000000000073,2opt,notBad
11859,13,133.40000000000146,13,112.20000000000073,swap,notBad
11860,13,133.40000000000146,13,112.20000000000073,2opt,notBad
11861,13,133.40000000000146,13,112.20000000000073,move,improve
11862,13,133.40000000000146,13,112.20000000000073,2opt,notBad
11863,13,133.40000000000146,13,112.20000000000073,move,improve
11864,13,133.40000000000146,13,112.20000000000073,2opt,notBad
11865,13,133.40000000000146,13,112.20000000000073,2opt,notBad
11866,13,133.40000000000146,13,112.20000000000073,swap,notBad
11867,13,133.40000000000146,13,112.20000000000073,2opt,improve
11868,13,132.8000000000011,13,112.20000000000073,swap,improve
11869,13,132.8000000000011,13,112.20000000000073,move,improve
11870,13,132.8000000000011,13,112.20000000000073,move,improve
11871,13,132.8000000000011,13,112.20000000000073,move,improve
11872,13,132.8000000000011,13,112.20000000000073,swap,notBad
11873,13,132.8000000000011,13,112.20000000000073,2opt,notBad
11874,13,132.8000000000011,13,112.20000000000073,move,improve
11875,13,132.8000000000011,13,112.20000000000073,move,improve
11876,13,132.8000000000011,13,112.20000000000073,2opt,notBad
11877,13,132.8000000000011,13,112.20000000000073,2opt,notBad
11878,13,132.8000000000011,13,112.20000000000073,swap,notBad
11879,13,132.8000000000011,13,112.20000000000073,move,improve
11880,13,132.8000000000011,13,112.20000000000073,2opt,notBad
11881,13,132.8000000000011,13,112.20000000000073,swap,notBad
11882,13,132.8000000000011,13,112.20000000000073,move,improve
11883,13,132.8000000000011,13,112.20000000000073,swap,notBad
11884,13,132.8000000000011,13,112.20000000000073,swap,notBad
11885,13,132.8000000000011,13,112.20000000000073,move,improve
11886,13,132.8000000000011,13,112.20000000000073,move,improve
11887,13,132.8000000000011,13,112.20000000000073,move,improve
11888,13,132.8000000000011,13,112.20000000000073,2opt,notBad
11889,13,132.8000000000011,13,112.20000000000073,move,improve
11890,13,132.8000000000011,13,112.20000000000073,move,improve
11891,13,132.8000000000011,13,112.20000000000073,swap,notBad
11892,13,132.8000000000011,13,112.20000000000073,2opt,notBad
11893,13,132.8000000000011,13,112.20000000000073,swap,notBad
11894,13,132.8000000000011,13,112.20000000000073,2opt,notBad
11895,13,132.8000000000011,13,112.20000000000073,move,improve
11896,13,132.8000000000011,13,112.20000000000073,move,improve
11897,13,132.8000000000011,13,112.20000000000073,swap,notBad
11898,13,132.8000000000011,13,112.20000000000073,swap,notBad
11899,13,132.8000000000011,13,112.20000000000073,2opt,notBad
11900,13,132.8000000000011,13,112.20000000000073,2opt,notBad
11901,13,132.8000000000011,13,112.20000000000073,2opt,notBad
11902,13,132.8000000000011,13,112.20000000000073,move,improve
11903,13,132.8000000000011,13,112.20000000000073,2opt,notBad
11904,13,132.8000000000011,13,112.20000000000073,move,improve
11905,13,132.8000000000011,13,112.20000000000073,swap,notBad
11906,13,132.8000000000011,13,112.20000000000073,move,improve
11907,13,132.8000000000011,13,112.20000000000073,move,improve
11908,13,132.8000000000011,13,112.20000000000073,2opt,notBad
11909,13,132.8000000000011,13,112.20000000000073,swap,notBad
11910,13,132.8000000000011,13,112.20000000000073,swap,notBad
11911,13,132.8000000000011,13,112.20000000000073,move,improve
11912,13,132.8000000000011,13,112.20000000000073,move,improve
11913,13,132.8000000000011,13,112.20000000000073,swap,notBad
11914,13,132.8000000000011,13,112.20000000000073,swap,notBad
11915,13,132.8000000000011,13,112.20000000000073,swap,notBad
11916,13,132.8000000000011,13,112.20000000000073,swap,notBad
11917,13,132.8000000000011,13,112.20000000000073,2opt,notBad
11918,13,132.8000000000011,13,112.20000000000073,2opt,notBad
11919,13,132.8000000000011,13,112.20000000000073,2opt,notBad
11920,13,132.8000000000011,13,112.20000000000073,move,improve
11921,13,132.8000000000011,13,112.20000000000073,move,improve
11922,13,132.8000000000011,13,112.20000000000073,swap,notBad
11923,13,132.8000000000011,13,112.20000000000073,2opt,improve
11924,13,132.8000000000011,13,112.20000000000073,2opt,notBad
11925,13,132.8000000000011,13,112.20000000000073,move,improve
11926,13,132.8000000000011,13,112.20000000000073,swap,notBad
11927,13,132.8000000000011,13,112.20000000000073,2opt,notBad
11928,13,132.8000000000011,13,112.20000000000073,2opt,notBad
11929,13,132.8000000000011,13,112.20000000000073,move,improve
11930,13,132.8000000000011,13,112.20000000000073,2opt,notBad
11931,13,132.8000000000011,13,112.20000000000073,move,improve
11932,13,132.8000000000011,13,112.20000000000073,swap,notBad
11933,13,132.8000000000011,13,112.20000000000073,swap,notBad
11934,13,132.8000000000011,13,112.20000000000073,2opt,notBad
11935,13,132.8000000000011,13,112.20000000000073,swap,notBad
11936,13,132.8000000000011,13,112.20000000000073,move,improve
11937,13,132.8000000000011,13,112.20000000000073,move,improve
11938,13,132.8000000000011,13,112.20000000000073,move,improve
11939,13,132.8000000000011,13,112.20000000000073,swap,notBad
11940,13,132.8000000000011,13,112.20000000000073,2opt,notBad
11941,13,132.8000000000011,13,112.20000000000073,2opt,notBad
11942,13,132.8000000000011,13,112.20000000000073,swap,notBad
11943,13,132.8000000000011,13,112.20000000000073,move,improve
11944,13,132.8000000000011,13,112.20000000000073,swap,notBad
11945,13,132.8000000000011,13,112.20000000000073,swap,notBad
11946,13,132.8000000000011,13,112.20000000000073,move,improve
11947,13,132.8000000000011,13,112.20000000000073,2opt,notBad
11948,13,132.8000000000011,13,112.20000000000073,2opt,notBad
11949,13,132.8000000000011,13,112.20000000000073,2opt,notBad
11950,13,132.8000000000011,13,112.20000000000073,move,improve
11951,13,132.8000000000011,13,112.20000000000073,move,improve
11952,13,132.8000000000011,13,112.20000000000073,swap,notBad
11953,13,132.8000000000011,13,112.20000000000073,2opt,notBad
11954,13,132.8000000000011,13,112.20000000000073,2opt,notBad
11955,13,132.8000000000011,13,112.20000000000073,2opt,improve
11956,13,132.8000000000011,13,112.20000000000073,move,improve
11957,13,132.8000000000011,13,112.20000000000073,swap,notBad
11958,13,132.8000000000011,13,112.20000000000073,move,improve
11959,13,132.8000000000011,13,112.20000000000073,2opt,notBad
11960,13,132.8000000000011,13,112.20000000000073,2opt,notBad
11961,13,132.8000000000011,13,112.20000000000073,2opt,notBad
11962,13,132.8000000000011,13,112.20000000000073,2opt,notBad
11963,13,132.8000000000011,13,112.20000000000073,move,improve
11964,13,132.8000000000011,13,112.20000000000073,2opt,notBad
11965,13,132.8000000000011,13,112.20000000000073,move,improve
11966,13,132.8000000000011,13,112.20000000000073,2opt,notBad
11967,13,132.8000000000011,13,112.20000000000073,2opt,notBad
11968,13,132.8000000000011,13,112.20000000000073,move,improve
11969,13,132.8000000000011,13,112.20000000000073,2opt,notBad
11970,13,132.8000000000011,13,112.20000000000073,move,improve
11971,13,132.8000000000011,13,112.20000000000073,2opt,notBad
11972,13,132.8000000000011,13,112.20000000000073,move,improve
11973,13,132.8000000000011,13,112.20000000000073,2opt,notBad
11974,13,132.8000000000011,13,112.20000000000073,2opt,notBad
11975,13,132.8000000000011,13,112.20000000000073,2opt,notBad
11976,13,132.8000000000011,13,112.20000000000073,2opt,notBad
11977,13,132.8000000000011,13,112.20000000000073,move,improve
11978,13,132.8000000000011,13,112.20000000000073,swap,notBad
11979,13,132.8000000000011,13,112.20000000000073,swap,notBad
11980,13,132.8000000000011,13,112.20000000000073,move,improve
11981,13,132.8000000000011,13,112.20000000000073,move,improve
11982,13,132.8000000000011,13,112.20000000000073,swap,notBad
11983,13,132.8000000000011,13,112.20000000000073,move,improve
11984,13,132.8000000000011,13,112.20000000000073,2opt,notBad
11985,13,132.8000000000011,13,112.20000000000073,2opt,notBad
11986,13,132.8000000000011,13,112.20000000000073,move,improve
11987,13,132.8000000000011,13,112.20000000000073,swap,notBad
11988,13,132.8000000000011,13,112.20000000000073,2opt,notBad
11989,13,132.8000000000011,13,112.20000000000073,move,improve
11990,13,132.8000000000011,13,112.20000000000073,move,improve
11991,13,132.8000000000011,13,112.20000000000073,swap,notBad
11992,13,132.8000000000011,13,112.20000000000073,2opt,notBad
11993,13,132.8000000000011,13,112.20000000000073,move,improve
11994,13,132.8000000000011,13,112.20000000000073,swap,notBad
11995,13,132.8000000000011,13,112.20000000000073,swap,notBad
11996,13,132.8000000000011,13,112.20000000000073,move,improve
11997,13,132.8000000000011,13,112.20000000000073,swap,notBad
11998,13,132.8000000000011,13,112.20000000000073,swap,notBad
11999,13,132.8000000000011,13,112.20000000000073,2opt,notBad
12000,13,132.8000000000011,13,112.20000000000073,2opt,notBad
12001,13,132.8000000000011,13,112.20000000000073,2opt,notBad
12002,13,132.8000000000011,13,112.20000000000073,swap,notBad
12003,13,132.8000000000011,13,112.20000000000073,2opt,notBad
12004,13,132.8000000000011,13,112.20000000000073,move,improve
12005,13,132.8000000000011,13,112.20000000000073,2opt,improve
12006,13,132.8000000000011,13,112.20000000000073,move,improve
12007,13,132.8000000000011,13,112.20000000000073,move,improve
12008,13,132.8000000000011,13,112.20000000000073,2opt,notBad
12009,13,132.8000000000011,13,112.20000000000073,move,improve
12010,13,132.8000000000011,13,112.20000000000073,move,improve
12011,13,132.8000000000011,13,112.20000000000073,2opt,notBad
12012,13,132.8000000000011,13,112.20000000000073,2opt,notBad
12013,13,132.8000000000011,13,112.20000000000073,2opt,notBad
12014,13,132.8000000000011,13,112.20000000000073,move,improve
12015,13,132.8000000000011,13,112.20000000000073,swap,notBad
12016,13,132.8000000000011,13,112.20000000000073,move,improve
12017,13,132.8000000000011,13,112.20000000000073,swap,notBad
12018,13,132.8000000000011,13,112.20000000000073,2opt,improve
12019,13,132.8000000000011,13,112.20000000000073,swap,notBad
12020,13,132.8000000000011,13,112.20000000000073,swap,notBad
12021,13,132.8000000000011,13,112.20000000000073,swap,notBad
12022,13,132.8000000000011,13,112.20000000000073,swap,notBad
12023,13,132.8000000000011,13,112.20000000000073,swap,notBad
12024,13,132.8000000000011,13,112.20000000000073,2opt,notBad
12025,13,132.8000000000011,13,112.20000000000073,2opt,notBad
12026,13,132.8000000000011,13,112.20000000000073,swap,notBad
12027,13,132.8000000000011,13,112.20000000000073,swap,notBad
12028,13,132.8000000000011,13,112.20000000000073,swap,notBad
12029,13,132.8000000000011,13,112.20000000000073,move,improve
12030,13,132.8000000000011,13,112.20000000000073,move,improve
12031,13,132.8000000000011,13,112.20000000000073,move,improve
12032,13,132.8000000000011,13,112.20000000000073,move,improve
12033,13,132.8000000000011,13,112.20000000000073,2opt,notBad
12034,13,132.8000000000011,13,112.20000000000073,move,improve
12035,13,132.8000000000011,13,112.20000000000073,2opt,notBad
12036,13,132.8000000000011,13,112.20000000000073,2opt,notBad
12037,13,132.8000000000011,13,112.20000000000073,move,improve
12038,13,132.8000000000011,13,112.20000000000073,swap,notBad
12039,13,132.8000000000011,13,112.20000000000073,2opt,notBad
12040,13,132.8000000000011,13,112.20000000000073,move,improve
12041,13,132.8000000000011,13,112.20000000000073,move,improve
12042,13,132.8000000000011,13,112.20000000000073,move,improve
12043,13,132.8000000000011,13,112.20000000000073,move,improve
12044,13,132.8000000000011,13,112.20000000000073,2opt,notBad
12045,13,132.8000000000011,13,112.20000000000073,2opt,notBad
12046,13,132.8000000000011,13,112.20000000000073,swap,notBad
12047,13,132.8000000000011,13,112.20000000000073,2opt,notBad
12048,13,132.8000000000011,13,112.20000000000073,move,improve
12049,13,132.8000000000011,13,112.20000000000073,swap,notBad
12050,13,132.8000000000011,13,112.20000000000073,move,improve
12051,13,132.8000000000011,13,112.20000000000073,swap,notBad
12052,13,132.8000000000011,13,112.20000000000073,swap,notBad
12053,13,132.8000000000011,13,112.20000000000073,2opt,notBad
12054,13,132.8000000000011,13,112.20000000000073,swap,notBad
12055,13,132.8000000000011,13,112.20000000000073,swap,notBad
12056,13,132.8000000000011,13,112.20000000000073,move,improve
12057,13,132.8000000000011,13,112.20000000000073,2opt,notBad
12058,13,132.8000000000011,13,112.20000000000073,swap,notBad
12059,13,132.8000000000011,13,112.20000000000073,swap,notBad
12060,13,132.8000000000011,13,112.20000000000073,move,improve
12061,13,132.8000000000011,13,112.20000000000073,2opt,notBad
12062,13,132.8000000000011,13,112.20000000000073,swap,notBad
12063,13,132.8000000000011,13,112.20000000000073,2opt,notBad
12064,13,132.8000000000011,13,112.20000000000073,swap,notBad
12065,13,132.8000000000011,13,112.20000000000073,2opt,notBad
12066,13,132.8000000000011,13,112.20000000000073,2opt,notBad
12067,13,132.8000000000011,13,112.20000000000073,2opt,notBad
12068,13,132.8000000000011,13,112.20000000000073,move,improve
12069,13,132.8000000000011,13,112.20000000000073,swap,notBad
12070,13,132.8000000000011,13,112.20000000000073,2opt,improve
12071,13,132.8000000000011,13,112.20000000000073,swap,notBad
12072,13,132.8000000000011,13,112.20000000000073,2opt,notBad
12073,13,132.8000000000011,13,112.20000000000073,move,improve
12074,13,132.8000000000011,13,112.20000000000073,move,improve
12075,13,132.8000000000011,13,112.20000000000073,2opt,notBad
12076,13,132.8000000000011,13,112.20000000000073,2opt,improve
12077,13,132.8000000000011,13,112.20000000000073,swap,notBad
12078,13,132.8000000000011,13,112.20000000000073,2opt,notBad
12079,13,132.8000000000011,13,112.20000000000073,swap,notBad
12080,13,132.8000000000011,13,112.20000000000073,swap,notBad
12081,13,132.8000000000011,13,112.20000000000073,2opt,notBad
12082,13,132.8000000000011,13,112.20000000000073,2opt,notBad
12083,13,132.8000000000011,13,112.20000000000073,2opt,notBad
12084,13,132.8000000000011,13,112.20000000000073,swap,notBad
12085,13,132.8000000000011,13,112.20000000000073,2opt,notBad
12086,13,132.8000000000011,13,112.20000000000073,2opt,notBad
12087,13,132.8000000000011,13,112.20000000000073,swap,notBad
12088,13,132.8000000000011,13,112.20000000000073,2opt,notBad
12089,13,132.8000000000011,13,112.20000000000073,swap,notBad
12090,13,132.8000000000011,13,112.20000000000073,2opt,notBad
12091,13,132.8000000000011,13,112.20000000000073,2opt,notBad
12092,13,132.8000000000011,13,112.20000000000073,move,improve
12093,13,132.8000000000011,13,112.20000000000073,2opt,notBad
12094,13,132.8000000000011,13,112.20000000000073,2opt,notBad
12095,13,132.8000000000011,13,112.20000000000073,swap,notBad
12096,13,132.8000000000011,13,112.20000000000073,2opt,notBad
12097,13,132.8000000000011,13,112.20000000000073,swap,notBad
12098,13,132.8000000000011,13,112.20000000000073,2opt,notBad
12099,13,132.8000000000011,13,112.20000000000073,move,improve
12100,13,132.8000000000011,13,112.20000000000073,2opt,notBad
12101,13,132.8000000000011,13,112.20000000000073,move,improve
12102,13,132.8000000000011,13,112.20000000000073,2opt,notBad
12103,13,132.8000000000011,13,112.20000000000073,move,improve
12104,13,132.8000000000011,13,112.20000000000073,swap,notBad
12105,13,132.8000000000011,13,112.20000000000073,swap,notBad
12106,13,132.8000000000011,13,112.20000000000073,2opt,notBad
12107,13,132.8000000000011,13,112.20000000000073,2opt,notBad
12108,13,132.8000000000011,13,112.20000000000073,swap,notBad
12109,13,132.8000000000011,13,112.20000000000073,2opt,notBad
12110,13,132.8000000000011,13,112.20000000000073,2opt,notBad
12111,13,132.8000000000011,13,112.20000000000073,2opt,notBad
12112,13,132.8000000000011,13,112.20000000000073,swap,notBad
12113,13,132.8000000000011,13,112.20000000000073,swap,notBad
12114,13,132.8000000000011,13,112.20000000000073,move,improve
12115,13,132.8000000000011,13,112.20000000000073,move,improve
12116,13,132.8000000000011,13,112.20000000000073,swap,notBad
12117,13,132.8000000000011,13,112.20000000000073,2opt,notBad
12118,13,132.8000000000011,13,112.20000000000073,swap,notBad
12119,13,132.8000000000011,13,112.20000000000073,move,notBad
12120,13,132.8000000000011,13,112.20000000000073,swap,notBad
12121,13,132.8000000000011,13,112.20000000000073,2opt,notBad
12122,13,132.8000000000011,13,112.20000000000073,2opt,notBad
12123,13,132.8000000000011,13,112.20000000000073,move,improve
12124,13,132.8000000000011,13,112.20000000000073,move,improve
12125,13,132.8000000000011,13,112.20000000000073,2opt,notBad
12126,13,132.8000000000011,13,112.20000000000073,swap,notBad
12127,13,132.8000000000011,13,112.20000000000073,swap,notBad
12128,13,132.8000000000011,13,112.20000000000073,swap,notBad
12129,13,132.8000000000011,13,112.20000000000073,swap,notBad
12130,13,132.8000000000011,13,112.20000000000073,2opt,improve
12131,13,132.8000000000011,13,112.20000000000073,move,improve
12132,13,132.8000000000011,13,112.20000000000073,2opt,notBad
12133,13,132.8000000000011,13,112.20000000000073,move,improve
12134,13,132.8000000000011,13,112.20000000000073,swap,notBad
12135,13,132.8000000000011,13,112.20000000000073,2opt,notBad
12136,13,132.8000000000011,13,112.20000000000073,move,notBad
12137,13,132.8000000000011,13,112.20000000000073,move,improve
12138,13,132.8000000000011,13,112.20000000000073,2opt,notBad
12139,13,132.8000000000011,13,112.20000000000073,move,improve
12140,13,132.8000000000011,13,112.20000000000073,swap,notBad
12141,13,132.8000000000011,13,112.20000000000073,2opt,notBad
12142,13,132.8000000000011,13,112.20000000000073,2opt,notBad
12143,13,132.8000000000011,13,112.20000000000073,2opt,notBad
12144,13,132.8000000000011,13,112.20000000000073,swap,notBad
12145,13,132.8000000000011,13,112.20000000000073,2opt,notBad
12146,13,132.8000000000011,13,112.20000000000073,2opt,notBad
12147,13,132.8000000000011,13,112.20000000000073,swap,notBad
12148,13,132.8000000000011,13,112.20000000000073,swap,notBad
12149,13,132.8000000000011,13,112.20000000000073,move,notBad
12150,13,132.8000000000011,13,112.20000000000073,2opt,notBad
12151,13,132.8000000000011,13,112.20000000000073,swap,notBad
12152,13,132.8000000000011,13,112.20000000000073,move,improve
12153,13,132.8000000000011,13,112.20000000000073,swap,notBad
12154,13,132.8000000000011,13,112.20000000000073,move,improve
12155,13,132.8000000000011,13,112.20000000000073,move,improve
12156,13,132.8000000000011,13,112.20000000000073,swap,notBad
12157,13,132.8000000000011,13,112.20000000000073,swap,notBad
12158,13,132.8000000000011,13,112.20000000000073,2opt,notBad
12159,13,132.8000000000011,13,112.20000000000073,move,improve
12160,13,132.8000000000011,13,112.20000000000073,swap,notBad
12161,13,132.8000000000011,13,112.20000000000073,swap,notBad
12162,13,132.8000000000011,13,112.20000000000073,move,improve
12163,13,132.8000000000011,13,112.20000000000073,swap,notBad
12164,13,132.8000000000011,13,112.20000000000073,2opt,notBad
12165,13,132.8000000000011,13,112.20000000000073,move,improve
12166,13,132.8000000000011,13,112.20000000000073,2opt,notBad
12167,13,132.8000000000011,13,112.20000000000073,2opt,notBad
12168,13,132.8000000000011,13,112.20000000000073,move,improve
12169,13,132.8000000000011,13,112.20000000000073,2opt,notBad
12170,13,132.8000000000011,13,112.20000000000073,move,improve
12171,13,132.8000000000011,13,112.20000000000073,move,improve
12172,13,132.8000000000011,13,112.20000000000073,swap,notBad
12173,13,132.8000000000011,13,112.20000000000073,move,improve
12174,13,132.8000000000011,13,112.20000000000073,2opt,notBad
12175,13,132.8000000000011,13,112.20000000000073,2opt,notBad
12176,13,132.8000000000011,13,112.20000000000073,2opt,notBad
12177,13,132.8000000000011,13,112.20000000000073,move,improve
12178,13,132.8000000000011,13,112.20000000000073,2opt,notBad
12179,13,132.8000000000011,13,112.20000000000073,swap,notBad
12180,13,132.8000000000011,13,112.20000000000073,2opt,notBad
12181,13,132.8000000000011,13,112.20000000000073,swap,notBad
12182,13,132.8000000000011,13,112.20000000000073,swap,notBad
12183,13,132.8000000000011,13,112.20000000000073,2opt,notBad
12184,13,132.8000000000011,13,112.20000000000073,swap,notBad
12185,13,132.8000000000011,13,112.20000000000073,swap,notBad
12186,13,132.8000000000011,13,112.20000000000073,swap,notBad
12187,13,132.8000000000011,13,112.20000000000073,move,improve
12188,13,132.8000000000011,13,112.20000000000073,move,improve
12189,13,132.8000000000011,13,112.20000000000073,swap,notBad
12190,13,132.8000000000011,13,112.20000000000073,swap,notBad
12191,13,132.8000000000011,13,112.20000000000073,swap,notBad
12192,13,132.8000000000011,13,112.20000000000073,2opt,notBad
12193,13,132.8000000000011,13,112.20000000000073,move,improve
12194,13,132.8000000000011,13,112.20000000000073,2opt,notBad
12195,13,132.8000000000011,13,112.20000000000073,2opt,improve
12196,13,132.8000000000011,13,112.20000000000073,2opt,notBad
12197,13,132.8000000000011,13,112.20000000000073,move,improve
12198,13,132.8000000000011,13,112.20000000000073,2opt,notBad
12199,13,132.8000000000011,13,112.20000000000073,move,improve
12200,13,132.8000000000011,13,112.20000000000073,swap,notBad
12201,13,132.8000000000011,13,112.20000000000073,move,improve
12202,13,132.8000000000011,13,112.20000000000073,2opt,improve
12203,13,132.8000000000011,13,112.20000000000073,move,improve
12204,13,132.8000000000011,13,112.20000000000073,2opt,notBad
12205,13,132.8000000000011,13,112.20000000000073,swap,notBad
12206,13,132.8000000000011,13,112.20000000000073,2opt,notBad
12207,13,132.8000000000011,13,112.20000000000073,move,improve
12208,13,132.8000000000011,13,112.20000000000073,2opt,notBad
12209,13,132.8000000000011,13,112.20000000000073,2opt,notBad
12210,13,132.8000000000011,13,112.20000000000073,2opt,notBad
12211,13,132.8000000000011,13,112.20000000000073,swap,notBad
12212,13,132.8000000000011,13,112.20000000000073,swap,notBad
12213,13,132.8000000000011,13,112.20000000000073,swap,notBad
12214,13,132.8000000000011,13,112.20000000000073,2opt,notBad
12215,13,132.8000000000011,13,112.20000000000073,move,improve
12216,13,132.8000000000011,13,112.20000000000073,2opt,notBad
12217,13,132.8000000000011,13,112.20000000000073,2opt,notBad
12218,13,132.8000000000011,13,112.20000000000073,swap,notBad
12219,13,132.8000000000011,13,112.20000000000073,move,improve
12220,13,132.8000000000011,13,112.20000000000073,2opt,notBad
12221,13,132.8000000000011,13,112.20000000000073,2opt,notBad
12222,13,132.8000000000011,13,112.20000000000073,swap,notBad
12223,13,132.8000000000011,13,112.20000000000073,2opt,notBad
12224,13,132.8000000000011,13,112.20000000000073,swap,notBad
12225,13,132.8000000000011,13,112.20000000000073,move,improve
12226,13,132.8000000000011,13,112.20000000000073,move,improve
12227,13,132.8000000000011,13,112.20000000000073,swap,notBad
12228,13,132.8000000000011,13,112.20000000000073,2opt,notBad
12229,13,132.8000000000011,13,112.20000000000073,swap,notBad
12230,13,132.8000000000011,13,112.20000000000073,swap,notBad
12231,13,132.8000000000011,13,112.20000000000073,2opt,notBad
12232,13,132.8000000000011,13,112.20000000000073,move,improve
12233,13,132.8000000000011,13,112.20000000000073,move,improve
12234,13,132.8000000000011,13,112.20000000000073,move,improve
12235,13,132.8000000000011,13,112.20000000000073,2opt,notBad
12236,13,132.8000000000011,13,112.20000000000073,move,improve
12237,13,132.8000000000011,13,112.20000000000073,swap,notBad
12238,13,132.8000000000011,13,112.20000000000073,move,improve
12239,13,132.8000000000011,13,112.20000000000073,swap,notBad
12240,13,132.8000000000011,13,112.20000000000073,move,improve
12241,13,132.8000000000011,13,112.20000000000073,2opt,notBad
12242,13,132.8000000000011,13,112.20000000000073,2opt,notBad
12243,13,132.8000000000011,13,112.20000000000073,swap,notBad
12244,13,132.8000000000011,13,112.20000000000073,swap,notBad
12245,13,132.8000000000011,13,112.20000000000073,move,improve
12246,13,132.8000000000011,13,112.20000000000073,2opt,notBad
12247,13,132.8000000000011,13,112.20000000000073,2opt,improve
12248,13,132.8000000000011,13,112.20000000000073,swap,notBad
12249,13,132.8000000000011,13,112.20000000000073,move,improve
12250,13,132.8000000000011,13,112.20000000000073,move,improve
12251,13,132.8000000000011,13,112.20000000000073,move,improve
12252,13,132.8000000000011,13,112.20000000000073,2opt,improve
12253,13,132.8000000000011,13,112.20000000000073,swap,notBad
12254,13,132.8000000000011,13,112.20000000000073,2opt,notBad
12255,13,132.8000000000011,13,112.20000000000073,move,improve
12256,13,132.8000000000011,13,112.20000000000073,move,improve
12257,13,132.8000000000011,13,112.20000000000073,move,notBad
12258,13,132.8000000000011,13,112.20000000000073,swap,notBad
12259,13,132.8000000000011,13,112.20000000000073,swap,notBad
12260,13,132.8000000000011,13,112.20000000000073,move,improve
12261,13,132.8000000000011,13,112.20000000000073,move,improve
12262,13,132.8000000000011,13,112.20000000000073,2opt,notBad
12263,13,132.8000000000011,13,112.20000000000073,move,improve
12264,13,132.8000000000011,13,112.20000000000073,2opt,improve
12265,13,132.8000000000011,13,112.20000000000073,swap,notBad
12266,13,132.8000000000011,13,112.20000000000073,2opt,notBad
12267,13,132.8000000000011,13,112.20000000000073,2opt,notBad
12268,13,132.8000000000011,13,112.20000000000073,move,improve
12269,13,132.8000000000011,13,112.20000000000073,2opt,notBad
12270,13,132.8000000000011,13,112.20000000000073,move,improve
12271,13,132.8000000000011,13,112.20000000000073,2opt,notBad
12272,13,132.8000000000011,13,112.20000000000073,swap,notBad
12273,13,132.8000000000011,13,112.20000000000073,move,improve
12274,13,132.8000000000011,13,112.20000000000073,swap,notBad
12275,13,132.8000000000011,13,112.20000000000073,swap,notBad
12276,13,132.8000000000011,13,112.20000000000073,move,improve
12277,13,132.8000000000011,13,112.20000000000073,swap,notBad
12278,13,132.8000000000011,13,112.20000000000073,2opt,notBad
12279,13,132.8000000000011,13,112.20000000000073,swap,notBad
12280,13,133.00000000000114,13,112.20000000000073,swap,acceptBad
12281,13,133.00000000000114,13,112.20000000000073,swap,notBad
12282,13,133.00000000000114,13,112.20000000000073,swap,notBad
12283,13,133.00000000000114,13,112.20000000000073,2opt,notBad
12284,13,133.00000000000114,13,112.20000000000073,move,improve
12285,13,133.00000000000114,13,112.20000000000073,swap,notBad
12286,13,133.00000000000114,13,112.20000000000073,2opt,notBad
12287,13,133.00000000000114,13,112.20000000000073,swap,notBad
12288,13,133.00000000000114,13,112.20000000000073,move,improve
12289,13,133.00000000000114,13,112.20000000000073,move,improve
12290,13,133.00000000000114,13,112.20000000000073,move,improve
12291,13,133.00000000000114,13,112.20000000000073,swap,notBad
12292,13,133.00000000000114,13,112.20000000000073,swap,notBad
12293,13,133.00000000000114,13,112.20000000000073,2opt,notBad
12294,13,133.00000000000114,13,112.20000000000073,swap,notBad
12295,13,133.00000000000114,13,112.20000000000073,swap,notBad
12296,13,133.00000000000114,13,112.20000000000073,move,improve
12297,13,133.00000000000114,13,112.20000000000073,swap,notBad
12298,13,133.00000000000114,13,112.20000000000073,2opt,notBad
12299,13,133.00000000000114,13,112.20000000000073,swap,notBad
12300,13,133.00000000000114,13,112.20000000000073,swap,notBad
12301,13,133.00000000000114,13,112.20000000000073,swap,notBad
12302,13,133.00000000000114,13,112.20000000000073,2opt,notBad
12303,13,133.00000000000114,13,112.20000000000073,2opt,improve
12304,13,133.00000000000114,13,112.20000000000073,swap,notBad
12305,13,133.00000000000114,13,112.20000000000073,2opt,notBad
12306,13,133.00000000000114,13,112.20000000000073,swap,notBad
12307,13,133.00000000000114,13,112.20000000000073,swap,notBad
12308,13,133.00000000000114,13,112.20000000000073,move,improve
12309,13,133.00000000000114,13,112.20000000000073,move,improve
12310,13,133.00000000000114,13,112.20000000000073,swap,notBad
12311,13,133.00000000000114,13,112.20000000000073,move,improve
12312,13,133.00000000000114,13,112.20000000000073,swap,notBad
12313,13,133.00000000000114,13,112.20000000000073,move,improve
12314,13,133.00000000000114,13,112.20000000000073,move,improve
12315,13,133.00000000000114,13,112.20000000000073,2opt,notBad
12316,13,133.00000000000114,13,112.20000000000073,swap,notBad
12317,13,133.00000000000114,13,112.20000000000073,swap,notBad
12318,13,133.00000000000114,13,112.20000000000073,swap,notBad
12319,13,133.00000000000114,13,112.20000000000073,move,improve
12320,13,133.00000000000114,13,112.20000000000073,move,improve
12321,13,133.00000000000114,13,112.20000000000073,move,improve
12322,13,133.00000000000114,13,112.20000000000073,move,improve
12323,13,133.00000000000114,13,112.20000000000073,swap,notBad
12324,13,133.00000000000114,13,112.20000000000073,move,improve
12325,13,133.00000000000114,13,112.20000000000073,swap,notBad
12326,13,133.00000000000114,13,112.20000000000073,move,improve
12327,13,133.00000000000114,13,112.20000000000073,move,improve
12328,13,133.00000000000114,13,112.20000000000073,move,improve
12329,13,133.00000000000114,13,112.20000000000073,2opt,notBad
12330,13,133.00000000000114,13,112.20000000000073,move,improve
12331,13,133.00000000000114,13,112.20000000000073,2opt,notBad
12332,13,133.00000000000114,13,112.20000000000073,swap,notBad
12333,13,133.00000000000114,13,112.20000000000073,2opt,notBad
12334,13,133.00000000000114,13,112.20000000000073,swap,notBad
12335,13,133.00000000000114,13,112.20000000000073,2opt,improve
12336,13,133.00000000000114,13,112.20000000000073,move,improve
12337,13,133.00000000000114,13,112.20000000000073,move,improve
12338,13,133.00000000000114,13,112.20000000000073,swap,notBad
12339,13,133.00000000000114,13,112.20000000000073,move,improve
12340,13,133.00000000000114,13,112.20000000000073,move,improve
12341,13,133.00000000000114,13,112.20000000000073,2opt,notBad
12342,13,133.00000000000114,13,112.20000000000073,2opt,notBad
12343,13,133.00000000000114,13,112.20000000000073,move,improve
12344,13,133.00000000000114,13,112.20000000000073,swap,notBad
12345,13,133.00000000000114,13,112.20000000000073,2opt,notBad
12346,13,133.00000000000114,13,112.20000000000073,swap,notBad
12347,13,133.00000000000114,13,112.20000000000073,move,improve
12348,13,133.00000000000114,13,112.20000000000073,2opt,notBad
12349,13,133.00000000000114,13,112.20000000000073,swap,notBad
12350,13,133.00000000000114,13,112.20000000000073,2opt,notBad
12351,13,133.00000000000114,13,112.20000000000073,swap,notBad
12352,13,133.00000000000114,13,112.20000000000073,move,improve
12353,13,133.00000000000114,13,112.20000000000073,move,improve
12354,13,133.00000000000114,13,112.20000000000073,swap,notBad
12355,13,133.00000000000114,13,112.20000000000073,swap,notBad
12356,13,133.00000000000114,13,112.20000000000073,2opt,notBad
12357,13,133.00000000000114,13,112.20000000000073,swap,notBad
12358,13,133.00000000000114,13,112.20000000000073,move,improve
12359,13,133.00000000000114,13,112.20000000000073,2opt,notBad
12360,13,133.00000000000114,13,112.20000000000073,2opt,notBad
12361,13,133.00000000000114,13,112.20000000000073,2opt,notBad
12362,13,133.00000000000114,13,112.20000000000073,move,improve
12363,13,133.00000000000114,13,112.20000000000073,swap,notBad
12364,13,133.00000000000114,13,112.20000000000073,swap,notBad
12365,13,133.00000000000114,13,112.20000000000073,2opt,notBad
12366,13,133.00000000000114,13,112.20000000000073,swap,notBad
12367,13,133.00000000000114,13,112.20000000000073,2opt,notBad
12368,13,133.00000000000114,13,112.20000000000073,swap,notBad
12369,13,133.00000000000114,13,112.20000000000073,swap,notBad
12370,13,133.00000000000114,13,112.20000000000073,move,improve
12371,13,133.00000000000114,13,112.20000000000073,2opt,notBad
12372,13,133.00000000000114,13,112.20000000000073,swap,notBad
12373,13,133.00000000000114,13,112.20000000000073,swap,notBad
12374,13,133.00000000000114,13,112.20000000000073,move,improve
12375,13,133.00000000000114,13,112.20000000000073,swap,notBad
12376,13,133.00000000000114,13,112.20000000000073,swap,notBad
12377,13,133.00000000000114,13,112.20000000000073,2opt,notBad
12378,13,133.00000000000114,13,112.20000000000073,swap,notBad
12379,13,133.00000000000114,13,112.20000000000073,2opt,notBad
12380,13,133.00000000000114,13,112.20000000000073,2opt,improve
12381,13,133.00000000000114,13,112.20000000000073,swap,notBad
12382,13,133.00000000000114,13,112.20000000000073,swap,notBad
12383,13,133.00000000000114,13,112.20000000000073,swap,notBad
12384,13,133.00000000000114,13,112.20000000000073,swap,notBad
12385,13,133.00000000000114,13,112.20000000000073,swap,notBad
12386,13,133.00000000000114,13,112.20000000000073,swap,notBad
12387,13,133.00000000000114,13,112.20000000000073,swap,notBad
12388,13,133.00000000000114,13,112.20000000000073,2opt,notBad
12389,13,133.00000000000114,13,112.20000000000073,swap,notBad
12390,13,133.00000000000114,13,112.20000000000073,swap,notBad
12391,13,133.00000000000114,13,112.20000000000073,2opt,notBad
12392,13,133.00000000000114,13,112.20000000000073,swap,notBad
12393,13,133.00000000000114,13,112.20000000000073,move,improve
12394,13,133.00000000000114,13,112.20000000000073,2opt,notBad
12395,13,133.00000000000114,13,112.20000000000073,swap,notBad
12396,13,133.00000000000114,13,112.20000000000073,2opt,notBad
12397,13,133.00000000000114,13,112.20000000000073,move,improve
12398,13,133.00000000000114,13,112.20000000000073,2opt,notBad
12399,13,133.00000000000114,13,112.20000000000073,2opt,improve
12400,13,133.00000000000114,13,112.20000000000073,move,improve
12401,13,133.00000000000114,13,112.20000000000073,2opt,notBad
12402,13,133.00000000000114,13,112.20000000000073,move,improve
12403,13,133.00000000000114,13,112.20000000000073,2opt,notBad
12404,13,133.00000000000114,13,112.20000000000073,move,improve
12405,13,133.00000000000114,13,112.20000000000073,2opt,notBad
12406,13,133.00000000000114,13,112.20000000000073,2opt,notBad
12407,13,133.00000000000114,13,112.20000000000073,move,improve
12408,13,133.00000000000114,13,112.20000000000073,move,improve
12409,13,133.00000000000114,13,112.20000000000073,move,improve
12410,13,133.00000000000114,13,112.20000000000073,2opt,notBad
12411,13,133.00000000000114,13,112.20000000000073,2opt,notBad
12412,13,133.00000000000114,13,112.20000000000073,swap,notBad
12413,13,133.00000000000114,13,112.20000000000073,swap,notBad
12414,13,133.00000000000114,13,112.20000000000073,swap,notBad
12415,13,133.00000000000114,13,112.20000000000073,swap,notBad
12416,13,133.00000000000114,13,112.20000000000073,swap,notBad
12417,13,133.00000000000114,13,112.20000000000073,move,improve
12418,13,132.8000000000011,13,112.20000000000073,move,improve
12419,13,132.8000000000011,13,112.20000000000073,2opt,improve
12420,13,132.8000000000011,13,112.20000000000073,swap,notBad
12421,13,132.8000000000011,13,112.20000000000073,swap,notBad
12422,13,132.8000000000011,13,112.20000000000073,2opt,notBad
12423,13,132.8000000000011,13,112.20000000000073,2opt,notBad
12424,13,132.8000000000011,13,112.20000000000073,move,improve
12425,13,132.8000000000011,13,112.20000000000073,swap,notBad
12426,13,132.8000000000011,13,112.20000000000073,swap,notBad
12427,13,132.8000000000011,13,112.20000000000073,2opt,notBad
12428,13,132.8000000000011,13,112.20000000000073,2opt,notBad
12429,13,132.8000000000011,13,112.20000000000073,swap,notBad
12430,13,132.8000000000011,13,112.20000000000073,swap,notBad
12431,13,132.8000000000011,13,112.20000000000073,swap,notBad
12432,13,132.8000000000011,13,112.20000000000073,move,improve
12433,13,132.8000000000011,13,112.20000000000073,move,improve
12434,13,132.8000000000011,13,112.20000000000073,move,improve
12435,13,132.8000000000011,13,112.20000000000073,2opt,notBad
12436,13,132.8000000000011,13,112.20000000000073,move,improve
12437,13,132.8000000000011,13,112.20000000000073,move,notBad
12438,13,132.8000000000011,13,112.20000000000073,move,improve
12439,13,132.8000000000011,13,112.20000000000073,swap,notBad
12440,13,132.8000000000011,13,112.20000000000073,move,improve
12441,13,132.8000000000011,13,112.20000000000073,2opt,notBad
12442,13,132.8000000000011,13,112.20000000000073,2opt,notBad
12443,13,132.8000000000011,13,112.20000000000073,2opt,notBad
12444,13,132.8000000000011,13,112.20000000000073,move,improve
12445,13,132.8000000000011,13,112.20000000000073,2opt,notBad
12446,13,132.8000000000011,13,112.20000000000073,2opt,notBad
12447,13,132.8000000000011,13,112.20000000000073,swap,notBad
12448,13,132.8000000000011,13,112.20000000000073,swap,notBad
12449,13,132.8000000000011,13,112.20000000000073,swap,notBad
12450,13,132.8000000000011,13,112.20000000000073,2opt,notBad
12451,13,132.8000000000011,13,112.20000000000073,swap,notBad
12452,13,132.8000000000011,13,112.20000000000073,swap,notBad
12453,13,132.8000000000011,13,112.20000000000073,move,improve
12454,13,132.8000000000011,13,112.20000000000073,2opt,notBad
12455,13,132.8000000000011,13,112.20000000000073,2opt,notBad
12456,13,132.8000000000011,13,112.20000000000073,move,improve
12457,13,132.8000000000011,13,112.20000000000073,2opt,notBad
12458,13,132.8000000000011,13,112.20000000000073,swap,notBad
12459,13,132.8000000000011,13,112.20000000000073,2opt,notBad
12460,13,132.8000000000011,13,112.20000000000073,swap,notBad
12461,13,132.8000000000011,13,112.20000000000073,move,improve
12462,13,132.8000000000011,13,112.20000000000073,swap,notBad
12463,13,132.8000000000011,13,112.20000000000073,move,improve
12464,13,132.8000000000011,13,112.20000000000073,2opt,notBad
12465,13,132.8000000000011,13,112.20000000000073,swap,notBad
12466,13,132.8000000000011,13,112.20000000000073,swap,notBad
12467,13,132.8000000000011,13,112.20000000000073,2opt,notBad
12468,13,132.8000000000011,13,112.20000000000073,move,improve
12469,13,132.8000000000011,13,112.20000000000073,move,improve
12470,13,132.8000000000011,13,112.20000000000073,2opt,notBad
12471,13,132.8000000000011,13,112.20000000000073,2opt,notBad
12472,13,132.8000000000011,13,112.20000000000073,2opt,notBad
12473,13,132.8000000000011,13,112.20000000000073,2opt,notBad
12474,13,132.8000000000011,13,112.20000000000073,2opt,notBad
12475,13,132.8000000000011,13,112.20000000000073,swap,notBad
12476,13,132.8000000000011,13,112.20000000000073,swap,notBad
12477,13,132.8000000000011,13,112.20000000000073,move,improve
12478,13,132.8000000000011,13,112.20000000000073,2opt,notBad
12479,13,132.8000000000011,13,112.20000000000073,move,improve
12480,13,132.8000000000011,13,112.20000000000073,move,improve
12481,13,132.8000000000011,13,112.20000000000073,swap,notBad
12482,13,132.8000000000011,13,112.20000000000073,move,improve
12483,13,132.8000000000011,13,112.20000000000073,swap,notBad
12484,13,132.8000000000011,13,112.20000000000073,swap,notBad
12485,13,132.8000000000011,13,112.20000000000073,swap,notBad
12486,13,132.8000000000011,13,112.20000000000073,swap,notBad
12487,13,132.8000000000011,13,112.20000000000073,move,improve
12488,13,132.8000000000011,13,112.20000000000073,2opt,notBad
12489,13,132.8000000000011,13,112.20000000000073,move,improve
12490,13,132.8000000000011,13,112.20000000000073,2opt,notBad
12491,13,132.8000000000011,13,112.20000000000073,swap,notBad
12492,13,132.8000000000011,13,112.20000000000073,swap,notBad
12493,13,132.8000000000011,13,112.20000000000073,swap,notBad
12494,13,132.8000000000011,13,112.20000000000073,swap,notBad
12495,13,132.8000000000011,13,112.20000000000073,move,improve
12496,13,132.8000000000011,13,112.20000000000073,2opt,notBad
12497,13,132.8000000000011,13,112.20000000000073,2opt,notBad
12498,13,132.8000000000011,13,112.20000000000073,swap,notBad
12499,13,132.8000000000011,13,112.20000000000073,2opt,notBad
12500,13,132.8000000000011,13,112.20000000000073,move,improve
12501,13,132.8000000000011,13,112.20000000000073,swap,notBad
12502,13,132.8000000000011,13,112.20000000000073,2opt,notBad
12503,13,132.8000000000011,13,112.20000000000073,2opt,notBad
12504,13,132.8000000000011,13,112.20000000000073,2opt,notBad
12505,13,132.8000000000011,13,112.20000000000073,2opt,notBad
12506,13,132.8000000000011,13,112.20000000000073,2opt,notBad
12507,13,132.8000000000011,13,112.20000000000073,2opt,notBad
12508,13,132.8000000000011,13,112.20000000000073,swap,notBad
12509,13,132.8000000000011,13,112.20000000000073,move,improve
12510,13,132.8000000000011,13,112.20000000000073,swap,notBad
12511,13,132.8000000000011,13,112.20000000000073,2opt,notBad
12512,13,132.8000000000011,13,112.20000000000073,swap,notBad
12513,13,132.8000000000011,13,112.20000000000073,swap,notBad
12514,13,132.8000000000011,13,112.20000000000073,2opt,notBad
12515,13,132.8000000000011,13,112.20000000000073,move,improve
12516,13,132.8000000000011,13,112.20000000000073,2opt,improve
12517,13,132.8000000000011,13,112.20000000000073,swap,notBad
12518,13,132.8000000000011,13,112.20000000000073,move,improve
12519,13,132.8000000000011,13,112.20000000000073,2opt,notBad
12520,13,132.8000000000011,13,112.20000000000073,2opt,notBad
12521,13,132.8000000000011,13,112.20000000000073,move,improve
12522,13,132.8000000000011,13,112.20000000000073,move,improve
12523,13,132.8000000000011,13,112.20000000000073,swap,notBad
12524,13,132.8000000000011,13,112.20000000000073,swap,notBad
12525,13,132.8000000000011,13,112.20000000000073,2opt,notBad
12526,13,132.8000000000011,13,112.20000000000073,move,improve
12527,13,132.8000000000011,13,112.20000000000073,swap,notBad
12528,13,132.8000000000011,13,112.20000000000073,swap,notBad
12529,13,132.8000000000011,13,112.20000000000073,swap,notBad
12530,13,132.8000000000011,13,112.20000000000073,swap,notBad
12531,13,132.8000000000011,13,112.20000000000073,swap,notBad
12532,13,132.8000000000011,13,112.20000000000073,move,improve
12533,13,132.8000000000011,13,112.20000000000073,move,improve
12534,13,132.8000000000011,13,112.20000000000073,move,improve
12535,13,132.8000000000011,13,112.20000000000073,move,improve
12536,13,132.8000000000011,13,112.20000000000073,swap,notBad
12537,13,132.8000000000011,13,112.20000000000073,2opt,notBad
12538,13,133.40000000000146,13,112.20000000000073,2opt,acceptBad
12539,13,133.40000000000146,13,112.20000000000073,move,improve
12540,13,133.40000000000146,13,112.20000000000073,2opt,notBad
12541,13,133.40000000000146,13,112.20000000000073,move,improve
12542,13,133.40000000000146,13,112.20000000000073,2opt,notBad
12543,13,133.40000000000146,13,112.20000000000073,2opt,notBad
12544,13,133.40000000000146,13,112.20000000000073,swap,notBad
12545,13,133.40000000000146,13,112.20000000000073,swap,notBad
12546,13,133.40000000000146,13,112.20000000000073,swap,notBad
12547,13,133.40000000000146,13,112.20000000000073,2opt,notBad
12548,13,133.40000000000146,13,112.20000000000073,2opt,notBad
12549,13,133.40000000000146,13,112.20000000000073,2opt,notBad
12550,13,133.40000000000146,13,112.20000000000073,move,improve
12551,13,133.40000000000146,13,112.20000000000073,2opt,notBad
12552,13,133.40000000000146,13,112.20000000000073,move,improve
12553,13,133.40000000000146,13,112.20000000000073,move,improve
12554,13,133.40000000000146,13,112.20000000000073,move,improve
12555,13,133.40000000000146,13,112.20000000000073,move,notBad
12556,13,133.40000000000146,13,112.20000000000073,2opt,notBad
12557,13,133.40000000000146,13,112.20000000000073,swap,notBad
12558,13,133.40000000000146,13,112.20000000000073,2opt,notBad
12559,13,133.40000000000146,13,112.20000000000073,move,improve
12560,13,133.40000000000146,13,112.20000000000073,swap,notBad
12561,13,133.40000000000146,13,112.20000000000073,swap,notBad
12562,13,133.40000000000146,13,112.20000000000073,move,improve
12563,13,133.40000000000146,13,112.20000000000073,move,improve
12564,13,133.40000000000146,13,112.20000000000073,move,improve
12565,13,133.40000000000146,13,112.20000000000073,2opt,notBad
12566,13,133.40000000000146,13,112.20000000000073,2opt,notBad
12567,13,133.40000000000146,13,112.20000000000073,swap,notBad
12568,13,133.40000000000146,13,112.20000000000073,swap,notBad
12569,13,133.40000000000146,13,112.20000000000073,move,improve
12570,13,133.40000000000146,13,112.20000000000073,move,improve
12571,13,133.40000000000146,13,112.20000000000073,swap,notBad
12572,13,133.40000000000146,13,112.20000000000073,move,improve
12573,13,133.40000000000146,13,112.20000000000073,swap,notBad
12574,13,133.40000000000146,13,112.20000000000073,2opt,notBad
12575,13,133.40000000000146,13,112.20000000000073,swap,notBad
12576,13,133.40000000000146,13,112.20000000000073,move,improve
12577,13,133.40000000000146,13,112.20000000000073,2opt,notBad
12578,13,133.40000000000146,13,112.20000000000073,2opt,notBad
12579,13,133.40000000000146,13,112.20000000000073,2opt,notBad
12580,13,133.40000000000146,13,112.20000000000073,2opt,improve
12581,13,133.40000000000146,13,112.20000000000073,2opt,notBad
12582,13,133.40000000000146,13,112.20000000000073,move,improve
12583,13,133.40000000000146,13,112.20000000000073,move,improve
12584,13,133.40000000000146,13,112.20000000000073,swap,notBad
12585,13,133.40000000000146,13,112.20000000000073,swap,notBad
12586,13,133.40000000000146,13,112.20000000000073,2opt,notBad
12587,13,133.40000000000146,13,112.20000000000073,swap,notBad
12588,13,133.40000000000146,13,112.20000000000073,move,improve
12589,13,133.40000000000146,13,112.20000000000073,2opt,notBad
12590,13,133.40000000000146,13,112.20000000000073,swap,notBad
12591,13,133.40000000000146,13,112.20000000000073,swap,notBad
12592,13,133.40000000000146,13,112.20000000000073,move,improve
12593,13,133.40000000000146,13,112.20000000000073,move,improve
12594,13,133.40000000000146,13,112.20000000000073,2opt,notBad
12595,13,133.40000000000146,13,112.20000000000073,swap,notBad
12596,13,133.40000000000146,13,112.20000000000073,swap,notBad
12597,13,133.40000000000146,13,112.20000000000073,move,improve
12598,13,133.40000000000146,13,112.20000000000073,swap,notBad
12599,13,133.40000000000146,13,112.20000000000073,swap,notBad
12600,13,133.40000000000146,13,112.20000000000073,move,improve
12601,13,133.40000000000146,13,112.20000000000073,swap,notBad
12602,13,133.40000000000146,13,112.20000000000073,swap,notBad
12603,13,133.40000000000146,13,112.20000000000073,swap,notBad
12604,13,133.40000000000146,13,112.20000000000073,move,improve
12605,13,133.40000000000146,13,112.20000000000073,swap,notBad
12606,13,133.40000000000146,13,112.20000000000073,2opt,notBad
12607,13,133.40000000000146,13,112.20000000000073,swap,notBad
12608,13,133.40000000000146,13,112.20000000000073,swap,notBad
12609,13,133.40000000000146,13,112.20000000000073,move,improve
12610,13,133.40000000000146,13,112.20000000000073,swap,notBad
12611,13,133.40000000000146,13,112.20000000000073,2opt,notBad
12612,13,133.40000000000146,13,112.20000000000073,move,improve
12613,13,133.40000000000146,13,112.20000000000073,swap,notBad
12614,13,133.40000000000146,13,112.20000000000073,swap,notBad
12615,13,133.40000000000146,13,112.20000000000073,2opt,notBad
12616,13,133.40000000000146,13,112.20000000000073,move,improve
12617,13,133.40000000000146,13,112.20000000000073,swap,notBad
12618,13,133.40000000000146,13,112.20000000000073,swap,notBad
12619,13,133.40000000000146,13,112.20000000000073,swap,notBad
12620,13,133.40000000000146,13,112.20000000000073,move,improve
12621,13,133.40000000000146,13,112.20000000000073,swap,notBad
12622,13,133.40000000000146,13,112.20000000000073,swap,notBad
12623,13,133.40000000000146,13,112.20000000000073,swap,notBad
12624,13,133.40000000000146,13,112.20000000000073,move,improve
12625,13,118.20000000000095,13,112.20000000000073,swap,improve
12626,13,118.20000000000095,13,112.20000000000073,move,improve
12627,13,118.20000000000095,13,112.20000000000073,move,improve
12628,13,118.20000000000095,13,112.20000000000073,swap,notBad
12629,13,118.20000000000095,13,112.20000000000073,2opt,notBad
12630,13,118.20000000000095,13,112.20000000000073,swap,notBad
12631,13,118.20000000000095,13,112.20000000000073,2opt,notBad
12632,13,118.20000000000095,13,112.20000000000073,move,improve
12633,13,118.20000000000095,13,112.20000000000073,2opt,notBad
12634,13,118.20000000000095,13,112.20000000000073,swap,notBad
12635,13,118.20000000000095,13,112.20000000000073,move,improve
12636,13,118.20000000000095,13,112.20000000000073,move,improve
12637,13,118.20000000000095,13,112.20000000000073,2opt,notBad
12638,13,118.20000000000095,13,112.20000000000073,move,improve
12639,13,118.20000000000095,13,112.20000000000073,swap,notBad
12640,13,118.20000000000095,13,112.20000000000073,2opt,notBad
12641,13,118.20000000000095,13,112.20000000000073,swap,notBad
12642,13,118.20000000000095,13,112.20000000000073,2opt,notBad
12643,13,118.20000000000095,13,112.20000000000073,2opt,notBad
12644,13,118.20000000000095,13,112.20000000000073,swap,notBad
12645,13,118.20000000000095,13,112.20000000000073,swap,notBad
12646,13,118.20000000000095,13,112.20000000000073,2opt,notBad
12647,13,118.20000000000095,13,112.20000000000073,swap,notBad
12648,13,118.20000000000095,13,112.20000000000073,2opt,notBad
12649,13,118.20000000000095,13,112.20000000000073,swap,notBad
12650,13,118.20000000000095,13,112.20000000000073,2opt,notBad
12651,13,118.20000000000095,13,112.20000000000073,swap,notBad
12652,13,118.20000000000095,13,112.20000000000073,2opt,notBad
12653,13,118.20000000000095,13,112.20000000000073,2opt,notBad
12654,13,118.20000000000095,13,112.20000000000073,move,improve
12655,13,118.20000000000095,13,112.20000000000073,move,improve
12656,13,118.20000000000095,13,112.20000000000073,swap,notBad
12657,13,118.20000000000095,13,112.20000000000073,swap,notBad
12658,13,118.20000000000095,13,112.20000000000073,swap,notBad
12659,13,118.20000000000095,13,112.20000000000073,move,improve
12660,13,118.20000000000095,13,112.20000000000073,move,improve
12661,13,118.20000000000095,13,112.20000000000073,swap,notBad
12662,13,118.20000000000095,13,112.20000000000073,move,improve
12663,13,118.20000000000095,13,112.20000000000073,swap,notBad
12664,13,118.20000000000095,13,112.20000000000073,swap,notBad
12665,13,118.20000000000095,13,112.20000000000073,swap,notBad
12666,13,118.20000000000095,13,112.20000000000073,2opt,notBad
12667,13,118.20000000000095,13,112.20000000000073,swap,notBad
12668,13,118.20000000000095,13,112.20000000000073,move,improve
12669,13,118.20000000000095,13,112.20000000000073,move,improve
12670,13,118.20000000000095,13,112.20000000000073,2opt,notBad
12671,13,118.20000000000095,13,112.20000000000073,2opt,notBad
12672,13,118.20000000000095,13,112.20000000000073,swap,notBad
12673,13,118.20000000000095,13,112.20000000000073,move,improve
12674,13,118.20000000000095,13,112.20000000000073,swap,notBad
12675,13,118.20000000000095,13,112.20000000000073,swap,notBad
12676,13,118.20000000000095,13,112.20000000000073,move,improve
12677,13,118.20000000000095,13,112.20000000000073,2opt,notBad
12678,13,118.20000000000095,13,112.20000000000073,move,improve
12679,13,118.20000000000095,13,112.20000000000073,move,improve
12680,13,118.20000000000095,13,112.20000000000073,swap,notBad
12681,13,118.20000000000095,13,112.20000000000073,swap,notBad
12682,13,118.20000000000095,13,112.20000000000073,swap,notBad
12683,13,118.20000000000095,13,112.20000000000073,swap,notBad
12684,13,118.20000000000095,13,112.20000000000073,move,improve
12685,13,118.20000000000095,13,112.20000000000073,move,improve
12686,13,118.20000000000095,13,112.20000000000073,2opt,notBad
12687,13,118.20000000000095,13,112.20000000000073,move,improve
12688,13,118.20000000000095,13,112.20000000000073,swap,notBad
12689,13,118.20000000000095,13,112.20000000000073,move,improve
12690,13,118.20000000000095,13,112.20000000000073,swap,notBad
12691,13,118.20000000000095,13,112.20000000000073,2opt,notBad
12692,13,118.20000000000095,13,112.20000000000073,move,improve
12693,13,118.20000000000095,13,112.20000000000073,2opt,notBad
12694,13,118.20000000000095,13,112.20000000000073,swap,notBad
12695,13,118.20000000000095,13,112.20000000000073,swap,notBad
12696,13,118.20000000000095,13,112.20000000000073,swap,notBad
12697,13,118.20000000000095,13,112.20000000000073,move,improve
12698,13,118.20000000000095,13,112.20000000000073,swap,notBad
12699,13,118.20000000000095,13,112.20000000000073,swap,notBad
12700,13,118.20000000000095,13,112.20000000000073,move,improve
12701,13,118.20000000000095,13,112.20000000000073,2opt,notBad
12702,13,118.20000000000095,13,112.20000000000073,move,improve
12703,13,118.20000000000095,13,112.20000000000073,move,improve
12704,13,118.20000000000095,13,112.20000000000073,2opt,notBad
12705,13,118.20000000000095,13,112.20000000000073,2opt,notBad
12706,13,118.20000000000095,13,112.20000000000073,swap,notBad
12707,13,118.20000000000095,13,112.20000000000073,move,improve
12708,13,118.20000000000095,13,112.20000000000073,move,improve
12709,13,118.20000000000095,13,112.20000000000073,swap,notBad
12710,13,118.20000000000095,13,112.20000000000073,2opt,notBad
12711,13,118.20000000000095,13,112.20000000000073,swap,notBad
12712,13,118.20000000000095,13,112.20000000000073,swap,notBad
12713,13,118.20000000000095,13,112.20000000000073,swap,notBad
12714,13,118.20000000000095,13,112.20000000000073,2opt,notBad
12715,13,118.20000000000095,13,112.20000000000073,move,improve
12716,13,118.20000000000095,13,112.20000000000073,swap,notBad
12717,13,118.20000000000095,13,112.20000000000073,move,improve
12718,13,118.20000000000095,13,112.20000000000073,2opt,notBad
12719,13,118.20000000000095,13,112.20000000000073,2opt,notBad
12720,13,118.20000000000095,13,112.20000000000073,move,improve
12721,13,118.20000000000095,13,112.20000000000073,2opt,notBad
12722,13,118.20000000000095,13,112.20000000000073,2opt,notBad
12723,13,118.20000000000095,13,112.20000000000073,2opt,notBad
12724,13,118.20000000000095,13,112.20000000000073,2opt,notBad
12725,13,118.20000000000095,13,112.20000000000073,move,improve
12726,13,118.20000000000095,13,112.20000000000073,swap,notBad
12727,13,118.20000000000095,13,112.20000000000073,2opt,notBad
12728,13,118.20000000000095,13,112.20000000000073,swap,notBad
12729,13,118.20000000000095,13,112.20000000000073,swap,notBad
12730,13,118.20000000000095,13,112.20000000000073,move,improve
12731,13,118.20000000000095,13,112.20000000000073,swap,notBad
12732,13,118.20000000000095,13,112.20000000000073,2opt,notBad
12733,13,118.20000000000095,13,112.20000000000073,2opt,notBad
12734,13,118.20000000000095,13,112.20000000000073,2opt,notBad
12735,13,118.20000000000095,13,112.20000000000073,2opt,notBad
12736,13,118.20000000000095,13,112.20000000000073,swap,notBad
12737,13,118.20000000000095,13,112.20000000000073,swap,notBad
12738,13,118.20000000000095,13,112.20000000000073,swap,notBad
12739,13,118.20000000000095,13,112.20000000000073,move,improve
12740,13,118.20000000000095,13,112.20000000000073,swap,notBad
12741,13,118.20000000000095,13,112.20000000000073,2opt,notBad
12742,13,118.20000000000095,13,112.20000000000073,move,improve
12743,13,118.20000000000095,13,112.20000000000073,swap,notBad
12744,13,118.20000000000095,13,112.20000000000073,2opt,notBad
12745,13,118.20000000000095,13,112.20000000000073,move,improve
12746,13,118.20000000000095,13,112.20000000000073,move,improve
12747,13,118.20000000000095,13,112.20000000000073,swap,notBad
12748,13,118.20000000000095,13,112.20000000000073,2opt,notBad
12749,13,118.20000000000095,13,112.20000000000073,move,improve
12750,13,118.20000000000095,13,112.20000000000073,swap,notBad
12751,13,118.20000000000095,13,112.20000000000073,swap,notBad
12752,13,118.20000000000095,13,112.20000000000073,move,improve
12753,13,118.20000000000095,13,112.20000000000073,swap,notBad
12754,13,118.20000000000095,13,112.20000000000073,swap,notBad
12755,13,118.20000000000095,13,112.20000000000073,swap,notBad
12756,13,118.20000000000095,13,112.20000000000073,2opt,notBad
12757,13,118.20000000000095,13,112.20000000000073,move,improve
12758,13,118.20000000000095,13,112.20000000000073,2opt,notBad
12759,13,118.20000000000095,13,112.20000000000073,2opt,notBad
12760,13,118.20000000000095,13,112.20000000000073,swap,notBad
12761,13,118.20000000000095,13,112.20000000000073,swap,notBad
12762,13,118.20000000000095,13,112.20000000000073,2opt,notBad
12763,13,118.20000000000095,13,112.20000000000073,move,improve
12764,13,118.20000000000095,13,112.20000000000073,move,improve
12765,13,118.20000000000095,13,112.20000000000073,move,improve
12766,13,118.20000000000095,13,112.20000000000073,2opt,notBad
12767,13,118.20000000000095,13,112.20000000000073,move,improve
12768,13,118.20000000000095,13,112.20000000000073,2opt,notBad
12769,13,118.20000000000095,13,112.20000000000073,swap,notBad
12770,13,118.20000000000095,13,112.20000000000073,2opt,notBad
12771,13,118.20000000000095,13,112.20000000000073,swap,notBad
12772,13,118.20000000000095,13,112.20000000000073,swap,notBad
12773,13,118.20000000000095,13,112.20000000000073,2opt,notBad
12774,13,118.20000000000095,13,112.20000000000073,move,improve
12775,13,118.20000000000095,13,112.20000000000073,swap,notBad
12776,13,118.20000000000095,13,112.20000000000073,swap,notBad
12777,13,118.20000000000095,13,112.20000000000073,move,improve
12778,13,118.20000000000095,13,112.20000000000073,move,improve
12779,13,118.20000000000095,13,112.20000000000073,2opt,notBad
12780,13,118.20000000000095,13,112.20000000000073,move,improve
12781,13,118.20000000000095,13,112.20000000000073,2opt,notBad
12782,13,118.20000000000095,13,112.20000000000073,move,improve
12783,13,118.20000000000095,13,112.20000000000073,move,improve
12784,13,118.20000000000095,13,112.20000000000073,2opt,notBad
12785,13,118.20000000000095,13,112.20000000000073,2opt,notBad
12786,13,118.20000000000095,13,112.20000000000073,move,improve
12787,13,118.20000000000095,13,112.20000000000073,swap,notBad
12788,13,118.20000000000095,13,112.20000000000073,move,improve
12789,13,118.20000000000095,13,112.20000000000073,move,improve
12790,13,118.20000000000095,13,112.20000000000073,swap,notBad
12791,13,118.20000000000095,13,112.20000000000073,swap,notBad
12792,13,118.20000000000095,13,112.20000000000073,2opt,notBad
12793,13,118.20000000000095,13,112.20000000000073,swap,notBad
12794,13,118.20000000000095,13,112.20000000000073,2opt,notBad
12795,13,118.20000000000095,13,112.20000000000073,2opt,notBad
12796,13,118.20000000000095,13,112.20000000000073,2opt,notBad
12797,13,118.20000000000095,13,112.20000000000073,swap,notBad
12798,13,118.20000000000095,13,112.20000000000073,move,improve
12799,13,118.20000000000095,13,112.20000000000073,swap,notBad
12800,13,118.20000000000095,13,112.20000000000073,swap,notBad
12801,13,118.20000000000095,13,112.20000000000073,2opt,notBad
12802,13,118.20000000000095,13,112.20000000000073,2opt,notBad
12803,13,118.20000000000095,13,112.20000000000073,move,improve
12804,13,118.20000000000095,13,112.20000000000073,swap,notBad
12805,13,118.20000000000095,13,112.20000000000073,2opt,notBad
12806,13,118.20000000000095,13,112.20000000000073,2opt,notBad
12807,13,118.20000000000095,13,112.20000000000073,swap,notBad
12808,13,118.20000000000095,13,112.20000000000073,swap,notBad
12809,13,118.20000000000095,13,112.20000000000073,move,improve
12810,13,118.20000000000095,13,112.20000000000073,move,improve
12811,13,118.20000000000095,13,112.20000000000073,move,improve
12812,13,118.20000000000095,13,112.20000000000073,swap,notBad
12813,13,118.20000000000095,13,112.20000000000073,2opt,notBad
12814,13,118.20000000000095,13,112.20000000000073,2opt,notBad
12815,13,118.20000000000095,13,112.20000000000073,2opt,notBad
12816,13,118.20000000000095,13,112.20000000000073,2opt,notBad
12817,13,118.20000000000095,13,112.20000000000073,2opt,notBad
12818,13,118.20000000000095,13,112.20000000000073,swap,notBad
12819,13,118.20000000000095,13,112.20000000000073,2opt,notBad
12820,13,118.20000000000095,13,112.20000000000073,2opt,notBad
12821,13,118.20000000000095,13,112.20000000000073,move,improve
12822,13,118.20000000000095,13,112.20000000000073,2opt,notBad
12823,13,118.20000000000095,13,112.20000000000073,swap,notBad
12824,13,118.20000000000095,13,112.20000000000073,move,improve
12825,13,118.20000000000095,13,112.20000000000073,2opt,notBad
12826,13,118.20000000000095,13,112.20000000000073,move,improve
12827,13,118.20000000000095,13,112.20000000000073,move,improve
12828,13,118.20000000000095,13,112.20000000000073,move,improve
12829,13,118.20000000000095,13,112.20000000000073,2opt,notBad
12830,13,118.20000000000095,13,112.20000000000073,2opt,notBad
12831,13,118.20000000000095,13,112.20000000000073,move,improve
12832,13,118.20000000000095,13,112.20000000000073,2opt,improve
12833,13,118.20000000000095,13,112.20000000000073,move,improve
12834,13,118.20000000000095,13,112.20000000000073,swap,notBad
12835,13,118.20000000000095,13,112.20000000000073,swap,notBad
12836,13,118.20000000000095,13,112.20000000000073,2opt,notBad
12837,13,118.20000000000095,13,112.20000000000073,move,improve
12838,13,118.20000000000095,13,112.20000000000073,2opt,notBad
12839,13,118.20000000000095,13,112.20000000000073,move,improve
12840,13,118.20000000000095,13,112.20000000000073,swap,notBad
12841,13,118.20000000000095,13,112.20000000000073,move,improve
12842,13,118.20000000000095,13,112.20000000000073,move,improve
12843,13,118.20000000000095,13,112.20000000000073,2opt,improve
12844,13,118.20000000000095,13,112.20000000000073,swap,notBad
12845,13,118.20000000000095,13,112.20000000000073,swap,notBad
12846,13,118.20000000000095,13,112.20000000000073,2opt,improve
12847,13,118.20000000000095,13,112.20000000000073,move,improve
12848,13,118.20000000000095,13,112.20000000000073,2opt,notBad
12849,13,118.20000000000095,13,112.20000000000073,2opt,notBad
12850,13,118.20000000000095,13,112.20000000000073,2opt,notBad
12851,13,118.20000000000095,13,112.20000000000073,2opt,notBad
12852,13,118.20000000000095,13,112.20000000000073,2opt,notBad
12853,13,118.20000000000095,13,112.20000000000073,move,improve
12854,13,118.20000000000095,13,112.20000000000073,swap,notBad
12855,13,118.20000000000095,13,112.20000000000073,move,improve
12856,13,118.20000000000095,13,112.20000000000073,swap,notBad
12857,13,118.20000000000095,13,112.20000000000073,2opt,notBad
12858,13,118.20000000000095,13,112.20000000000073,swap,notBad
12859,13,118.20000000000095,13,112.20000000000073,move,improve
12860,13,118.20000000000095,13,112.20000000000073,move,improve
12861,13,118.20000000000095,13,112.20000000000073,move,improve
12862,13,118.20000000000095,13,112.20000000000073,2opt,notBad
12863,13,118.20000000000095,13,112.20000000000073,2opt,notBad
12864,13,118.20000000000095,13,112.20000000000073,2opt,notBad
12865,13,118.20000000000095,13,112.20000000000073,swap,notBad
12866,13,118.20000000000095,13,112.20000000000073,2opt,notBad
12867,13,118.20000000000095,13,112.20000000000073,2opt,notBad
12868,13,118.20000000000095,13,112.20000000000073,move,improve
12869,13,118.20000000000095,13,112.20000000000073,move,improve
12870,13,118.20000000000095,13,112.20000000000073,2opt,notBad
12871,13,118.20000000000095,13,112.20000000000073,move,improve
12872,13,118.20000000000095,13,112.20000000000073,2opt,notBad
12873,13,118.20000000000095,13,112.20000000000073,move,improve
12874,13,118.20000000000095,13,112.20000000000073,swap,notBad
12875,13,118.20000000000095,13,112.20000000000073,move,improve
12876,13,118.20000000000095,13,112.20000000000073,swap,notBad
12877,13,118.20000000000095,13,112.20000000000073,2opt,notBad
12878,13,118.20000000000095,13,112.20000000000073,swap,notBad
12879,13,118.20000000000095,13,112.20000000000073,2opt,notBad
12880,13,118.20000000000095,13,112.20000000000073,2opt,notBad
12881,13,118.20000000000095,13,112.20000000000073,2opt,improve
12882,13,118.20000000000095,13,112.20000000000073,2opt,notBad
12883,13,118.20000000000095,13,112.20000000000073,move,improve
12884,13,118.20000000000095,13,112.20000000000073,swap,notBad
12885,13,118.20000000000095,13,112.20000000000073,swap,notBad
12886,13,118.20000000000095,13,112.20000000000073,2opt,notBad
12887,13,118.20000000000095,13,112.20000000000073,swap,notBad
12888,13,118.20000000000095,13,112.20000000000073,2opt,notBad
12889,13,118.20000000000095,13,112.20000000000073,swap,notBad
12890,13,118.20000000000095,13,112.20000000000073,swap,notBad
12891,13,118.20000000000095,13,112.20000000000073,swap,notBad
12892,13,118.20000000000095,13,112.20000000000073,swap,notBad
12893,13,118.20000000000095,13,112.20000000000073,2opt,notBad
12894,13,118.20000000000095,13,112.20000000000073,2opt,notBad
12895,13,118.20000000000095,13,112.20000000000073,2opt,notBad
12896,13,118.20000000000095,13,112.20000000000073,2opt,notBad
12897,13,118.20000000000095,13,112.20000000000073,move,improve
12898,13,118.20000000000095,13,112.20000000000073,move,notBad
12899,13,118.20000000000095,13,112.20000000000073,2opt,notBad
12900,13,118.20000000000095,13,112.20000000000073,move,improve
12901,13,118.20000000000095,13,112.20000000000073,2opt,notBad
12902,13,118.20000000000095,13,112.20000000000073,2opt,notBad
12903,13,118.20000000000095,13,112.20000000000073,2opt,notBad
12904,13,118.20000000000095,13,112.20000000000073,2opt,notBad
12905,13,118.20000000000095,13,112.20000000000073,2opt,notBad
12906,13,118.20000000000095,13,112.20000000000073,swap,notBad
12907,13,118.20000000000095,13,112.20000000000073,2opt,notBad
12908,13,118.20000000000095,13,112.20000000000073,move,notBad
12909,13,118.20000000000095,13,112.20000000000073,2opt,notBad
12910,13,118.20000000000095,13,112.20000000000073,2opt,notBad
12911,13,118.20000000000095,13,112.20000000000073,swap,notBad
12912,13,118.20000000000095,13,112.20000000000073,swap,notBad
12913,13,118.20000000000095,13,112.20000000000073,2opt,notBad
12914,13,118.20000000000095,13,112.20000000000073,swap,notBad
12915,13,118.20000000000095,13,112.20000000000073,swap,notBad
12916,13,118.20000000000095,13,112.20000000000073,swap,notBad
12917,13,118.20000000000095,13,112.20000000000073,2opt,notBad
12918,13,118.20000000000095,13,112.20000000000073,swap,notBad
12919,13,118.20000000000095,13,112.20000000000073,move,improve
12920,13,118.20000000000095,13,112.20000000000073,move,improve
12921,13,118.20000000000095,13,112.20000000000073,move,improve
12922,13,118.20000000000095,13,112.20000000000073,swap,notBad
12923,13,118.20000000000095,13,112.20000000000073,swap,notBad
12924,13,118.20000000000095,13,112.20000000000073,swap,notBad
12925,13,118.20000000000095,13,112.20000000000073,2opt,notBad
12926,13,118.20000000000095,13,112.20000000000073,swap,notBad
12927,13,118.20000000000095,13,112.20000000000073,2opt,improve
12928,13,118.20000000000095,13,112.20000000000073,move,improve
12929,13,118.20000000000095,13,112.20000000000073,2opt,notBad
12930,13,118.20000000000095,13,112.20000000000073,2opt,notBad
12931,13,118.20000000000095,13,112.20000000000073,move,improve
12932,13,118.20000000000095,13,112.20000000000073,2opt,notBad
12933,13,118.20000000000095,13,112.20000000000073,move,improve
12934,13,118.20000000000095,13,112.20000000000073,swap,notBad
12935,13,118.20000000000095,13,112.20000000000073,2opt,notBad
12936,13,118.20000000000095,13,112.20000000000073,move,improve
12937,13,118.20000000000095,13,112.20000000000073,move,improve
12938,13,118.20000000000095,13,112.20000000000073,swap,notBad
12939,13,118.20000000000095,13,112.20000000000073,move,improve
12940,13,118.20000000000095,13,112.20000000000073,2opt,notBad
12941,13,118.20000000000095,13,112.20000000000073,2opt,notBad
12942,13,118.20000000000095,13,112.20000000000073,2opt,notBad
12943,13,118.20000000000095,13,112.20000000000073,move,notBad
12944,13,118.20000000000095,13,112.20000000000073,move,improve
12945,13,118.20000000000095,13,112.20000000000073,2opt,notBad
12946,13,118.20000000000095,13,112.20000000000073,swap,notBad
12947,13,118.20000000000095,13,112.20000000000073,move,improve
12948,13,118.20000000000095,13,112.20000000000073,move,improve
12949,13,118.20000000000095,13,112.20000000000073,2opt,notBad
12950,13,118.20000000000095,13,112.20000000000073,swap,notBad
12951,13,118.20000000000095,13,112.20000000000073,2opt,notBad
12952,13,118.20000000000095,13,112.20000000000073,move,improve
12953,13,118.20000000000095,13,112.20000000000073,2opt,notBad
12954,13,118.20000000000095,13,112.20000000000073,move,improve
12955,13,118.20000000000095,13,112.20000000000073,2opt,improve
12956,13,118.20000000000095,13,112.20000000000073,2opt,notBad
12957,13,118.20000000000095,13,112.20000000000073,move,improve
12958,13,118.20000000000095,13,112.20000000000073,move,improve
12959,13,118.20000000000095,13,112.20000000000073,move,improve
12960,13,118.20000000000095,13,112.20000000000073,swap,notBad
12961,13,121.20000000000073,13,112.20000000000073,swap,acceptBad
12962,13,121.20000000000073,13,112.20000000000073,2opt,notBad
12963,13,121.20000000000073,13,112.20000000000073,move,improve
12964,13,121.20000000000073,13,112.20000000000073,move,improve
12965,13,121.20000000000073,13,112.20000000000073,2opt,notBad
12966,13,121.20000000000073,13,112.20000000000073,swap,notBad
12967,13,121.20000000000073,13,112.20000000000073,swap,notBad
12968,13,121.20000000000073,13,112.20000000000073,2opt,notBad
12969,13,121.20000000000073,13,112.20000000000073,swap,notBad
12970,13,121.20000000000073,13,112.20000000000073,move,improve
12971,13,121.20000000000073,13,112.20000000000073,swap,notBad
12972,13,121.20000000000073,13,112.20000000000073,move,improve
12973,13,121.20000000000073,13,112.20000000000073,move,improve
12974,13,121.20000000000073,13,112.20000000000073,move,improve
12975,13,121.20000000000073,13,112.20000000000073,move,improve
12976,13,121.20000000000073,13,112.20000000000073,move,improve
12977,13,121.20000000000073,13,112.20000000000073,2opt,notBad
12978,13,121.20000000000073,13,112.20000000000073,2opt,notBad
12979,13,121.20000000000073,13,112.20000000000073,move,improve
12980,13,121.20000000000073,13,112.20000000000073,swap,notBad
12981,13,121.20000000000073,13,112.20000000000073,move,improve
12982,13,121.20000000000073,13,112.20000000000073,swap,notBad
12983,13,121.20000000000073,13,112.20000000000073,move,improve
12984,13,121.20000000000073,13,112.20000000000073,swap,notBad
12985,13,121.20000000000073,13,112.20000000000073,swap,notBad
12986,13,121.20000000000073,13,112.20000000000073,swap,notBad
12987,13,121.20000000000073,13,112.20000000000073,move,improve
12988,13,121.20000000000073,13,112.20000000000073,2opt,notBad
12989,13,121.20000000000073,13,112.20000000000073,2opt,notBad
12990,13,121.20000000000073,13,112.20000000000073,move,improve
12991,13,121.20000000000073,13,112.20000000000073,swap,notBad
12992,13,121.20000000000073,13,112.20000000000073,2opt,notBad
12993,13,121.20000000000073,13,112.20000000000073,2opt,notBad
12994,13,121.20000000000073,13,112.20000000000073,2opt,notBad
12995,13,121.20000000000073,13,112.20000000000073,2opt,notBad
12996,13,121.20000000000073,13,112.20000000000073,swap,notBad
12997,13,121.20000000000073,13,112.20000000000073,swap,notBad
12998,13,121.20000000000073,13,112.20000000000073,swap,notBad
12999,13,121.20000000000073,13,112.20000000000073,2opt,notBad
13000,13,121.20000000000073,13,112.20000000000073,2opt,notBad
13001,13,121.20000000000073,13,112.20000000000073,move,improve
13002,13,121.20000000000073,13,112.20000000000073,2opt,notBad
13003,13,121.20000000000073,13,112.20000000000073,move,improve
13004,13,121.20000000000073,13,112.20000000000073,swap,notBad
13005,13,121.20000000000073,13,112.20000000000073,2opt,notBad
13006,13,121.20000000000073,13,112.20000000000073,swap,notBad
13007,13,121.20000000000073,13,112.20000000000073,move,improve
13008,13,121.20000000000073,13,112.20000000000073,swap,notBad
13009,13,121.20000000000073,13,112.20000000000073,move,improve
13010,13,121.20000000000073,13,112.20000000000073,2opt,notBad
13011,13,121.20000000000073,13,112.20000000000073,move,improve
13012,13,121.20000000000073,13,112.20000000000073,move,improve
13013,13,121.20000000000073,13,112.20000000000073,move,improve
13014,13,121.20000000000073,13,112.20000000000073,2opt,notBad
13015,13,121.20000000000073,13,112.20000000000073,2opt,notBad
13016,13,121.20000000000073,13,112.20000000000073,2opt,notBad
13017,13,121.20000000000073,13,112.20000000000073,move,improve
13018,13,121.20000000000073,13,112.20000000000073,2opt,notBad
13019,13,121.20000000000073,13,112.20000000000073,swap,notBad
13020,13,121.20000000000073,13,112.20000000000073,2opt,notBad
13021,13,121.20000000000073,13,112.20000000000073,swap,notBad
13022,13,121.20000000000073,13,112.20000000000073,2opt,notBad
13023,13,121.20000000000073,13,112.20000000000073,2opt,notBad
13024,13,121.20000000000073,13,112.20000000000073,move,improve
13025,13,121.20000000000073,13,112.20000000000073,2opt,notBad
13026,13,121.20000000000073,13,112.20000000000073,move,improve
13027,13,121.20000000000073,13,112.20000000000073,move,improve
13028,13,121.20000000000073,13,112.20000000000073,move,improve
13029,13,121.20000000000073,13,112.20000000000073,2opt,notBad
13030,13,121.20000000000073,13,112.20000000000073,swap,notBad
13031,13,121.20000000000073,13,112.20000000000073,2opt,notBad
13032,13,121.20000000000073,13,112.20000000000073,move,improve
13033,13,121.20000000000073,13,112.20000000000073,move,improve
13034,13,121.20000000000073,13,112.20000000000073,2opt,notBad
13035,13,121.20000000000073,13,112.20000000000073,move,improve
13036,13,121.20000000000073,13,112.20000000000073,2opt,notBad
13037,13,121.20000000000073,13,112.20000000000073,move,improve
13038,13,121.20000000000073,13,112.20000000000073,swap,notBad
13039,13,121.20000000000073,13,112.20000000000073,move,improve
13040,13,121.20000000000073,13,112.20000000000073,2opt,notBad
13041,13,121.20000000000073,13,112.20000000000073,swap,notBad
13042,13,121.20000000000073,13,112.20000000000073,move,improve
13043,13,121.20000000000073,13,112.20000000000073,move,improve
13044,13,121.20000000000073,13,112.20000000000073,swap,notBad
13045,13,121.20000000000073,13,112.20000000000073,move,improve
13046,13,121.20000000000073,13,112.20000000000073,move,improve
13047,13,121.20000000000073,13,112.20000000000073,move,improve
13048,13,121.20000000000073,13,112.20000000000073,move,improve
13049,13,121.20000000000073,13,112.20000000000073,swap,notBad
13050,13,121.20000000000073,13,112.20000000000073,swap,notBad
13051,13,121.20000000000073,13,112.20000000000073,2opt,notBad
13052,13,121.20000000000073,13,112.20000000000073,2opt,notBad
13053,13,121.20000000000073,13,112.20000000000073,swap,notBad
13054,13,121.20000000000073,13,112.20000000000073,move,improve
13055,13,121.20000000000073,13,112.20000000000073,move,improve
13056,13,121.20000000000073,13,112.20000000000073,move,improve
13057,13,121.20000000000073,13,112.20000000000073,move,improve
13058,13,118.20000000000095,13,112.20000000000073,move,improve
13059,13,118.20000000000095,13,112.20000000000073,2opt,notBad
13060,13,118.20000000000095,13,112.20000000000073,swap,notBad
13061,13,118.20000000000095,13,112.20000000000073,2opt,notBad
13062,13,118.20000000000095,13,112.20000000000073,swap,notBad
13063,13,118.20000000000095,13,112.20000000000073,2opt,notBad
13064,13,118.20000000000095,13,112.20000000000073,2opt,notBad
13065,13,118.20000000000095,13,112.20000000000073,swap,notBad
13066,13,118.20000000000095,13,112.20000000000073,move,improve
13067,13,118.20000000000095,13,112.20000000000073,2opt,notBad
13068,13,118.20000000000095,13,112.20000000000073,2opt,notBad
13069,13,118.20000000000095,13,112.20000000000073,move,improve
13070,13,118.20000000000095,13,112.20000000000073,swap,notBad
13071,13,118.20000000000095,13,112.20000000000073,move,improve
13072,13,118.20000000000095,13,112.20000000000073,move,improve
13073,13,118.20000000000095,13,112.20000000000073,move,improve
13074,13,118.20000000000095,13,112.20000000000073,2opt,notBad
13075,13,118.20000000000095,13,112.20000000000073,2opt,notBad
13076,13,118.20000000000095,13,112.20000000000073,move,improve
13077,13,118.20000000000095,13,112.20000000000073,swap,notBad
13078,13,118.20000000000095,13,112.20000000000073,swap,notBad
13079,13,118.20000000000095,13,112.20000000000073,swap,notBad
13080,13,118.20000000000095,13,112.20000000000073,move,improve
13081,13,118.20000000000095,13,112.20000000000073,move,improve
13082,13,118.20000000000095,13,112.20000000000073,2opt,improve
13083,13,118.20000000000095,13,112.20000000000073,swap,notBad
13084,13,118.20000000000095,13,112.20000000000073,move,improve
13085,13,118.20000000000095,13,112.20000000000073,2opt,notBad
13086,13,118.20000000000095,13,112.20000000000073,move,improve
13087,13,118.20000000000095,13,112.20000000000073,2opt,improve
13088,13,118.20000000000095,13,112.20000000000073,2opt,notBad
13089,13,118.20000000000095,13,112.20000000000073,move,notBad
13090,13,118.20000000000095,13,112.20000000000073,2opt,notBad
13091,13,118.20000000000095,13,112.20000000000073,swap,notBad
13092,13,118.20000000000095,13,112.20000000000073,2opt,improve
13093,13,118.20000000000095,13,112.20000000000073,swap,notBad
13094,13,118.20000000000095,13,112.20000000000073,move,improve
13095,13,118.20000000000095,13,112.20000000000073,swap,notBad
13096,13,118.20000000000095,13,112.20000000000073,swap,notBad
13097,13,118.20000000000095,13,112.20000000000073,2opt,notBad
13098,13,118.20000000000095,13,112.20000000000073,move,improve
13099,13,118.20000000000095,13,112.20000000000073,swap,notBad
13100,13,118.20000000000095,13,112.20000000000073,2opt,notBad
13101,13,118.20000000000095,13,112.20000000000073,2opt,notBad
13102,13,118.20000000000095,13,112.20000000000073,move,improve
13103,13,118.20000000000095,13,112.20000000000073,2opt,notBad
13104,13,118.20000000000095,13,112.20000000000073,2opt,improve
13105,13,118.20000000000095,13,112.20000000000073,swap,notBad
13106,13,118.20000000000095,13,112.20000000000073,move,improve
13107,13,118.20000000000095,13,112.20000000000073,2opt,notBad
13108,13,118.20000000000095,13,112.20000000000073,2opt,notBad
13109,13,118.20000000000095,13,112.20000000000073,move,improve
13110,13,118.20000000000095,13,112.20000000000073,swap,notBad
13111,13,118.20000000000095,13,112.20000000000073,move,improve
13112,13,118.20000000000095,13,112.20000000000073,2opt,improve
13113,13,118.20000000000095,13,112.20000000000073,move,improve
13114,13,118.20000000000095,13,112.20000000000073,swap,notBad
13115,13,118.20000000000095,13,112.20000000000073,2opt,notBad
13116,13,118.20000000000095,13,112.20000000000073,swap,notBad
13117,13,118.20000000000095,13,112.20000000000073,move,improve
13118,13,118.20000000000095,13,112.20000000000073,move,improve
13119,13,118.20000000000095,13,112.20000000000073,swap,notBad
13120,13,118.20000000000095,13,112.20000000000073,swap,notBad
13121,13,118.20000000000095,13,112.20000000000073,move,improve
13122,13,118.20000000000095,13,112.20000000000073,swap,notBad
13123,13,118.20000000000095,13,112.20000000000073,move,improve
13124,13,118.20000000000095,13,112.20000000000073,swap,notBad
13125,13,118.20000000000095,13,112.20000000000073,swap,notBad
13126,13,118.20000000000095,13,112.20000000000073,swap,notBad
13127,13,118.20000000000095,13,112.20000000000073,move,improve
13128,13,118.20000000000095,13,112.20000000000073,2opt,notBad
13129,13,118.20000000000095,13,112.20000000000073,swap,notBad
13130,13,118.20000000000095,13,112.20000000000073,2opt,notBad
13131,13,118.20000000000095,13,112.20000000000073,move,improve
13132,13,118.20000000000095,13,112.20000000000073,2opt,notBad
13133,13,118.20000000000095,13,112.20000000000073,swap,notBad
13134,13,118.20000000000095,13,112.20000000000073,2opt,notBad
13135,13,118.20000000000095,13,112.20000000000073,swap,notBad
13136,13,118.20000000000095,13,112.20000000000073,2opt,notBad
13137,13,118.20000000000095,13,112.20000000000073,swap,notBad
13138,13,118.20000000000095,13,112.20000000000073,move,improve
13139,13,118.20000000000095,13,112.20000000000073,swap,notBad
13140,13,118.20000000000095,13,112.20000000000073,2opt,notBad
13141,13,118.20000000000095,13,112.20000000000073,move,improve
13142,13,118.20000000000095,13,112.20000000000073,2opt,notBad
13143,13,118.20000000000095,13,112.20000000000073,move,improve
13144,13,118.20000000000095,13,112.20000000000073,swap,notBad
13145,13,118.20000000000095,13,112.20000000000073,2opt,notBad
13146,13,118.20000000000095,13,112.20000000000073,move,improve
13147,13,118.20000000000095,13,112.20000000000073,2opt,notBad
13148,13,118.20000000000095,13,112.20000000000073,2opt,notBad
13149,13,118.20000000000095,13,112.20000000000073,swap,notBad
13150,13,118.20000000000095,13,112.20000000000073,2opt,notBad
13151,13,118.20000000000095,13,112.20000000000073,2opt,notBad
13152,13,118.20000000000095,13,112.20000000000073,swap,notBad
13153,13,118.20000000000095,13,112.20000000000073,2opt,notBad
13154,13,118.20000000000095,13,112.20000000000073,move,improve
13155,13,118.20000000000095,13,112.20000000000073,swap,notBad
13156,13,118.20000000000095,13,112.20000000000073,2opt,notBad
13157,13,118.20000000000095,13,112.20000000000073,swap,notBad
13158,13,118.20000000000095,13,112.20000000000073,2opt,notBad
13159,13,118.20000000000095,13,112.20000000000073,2opt,notBad
13160,13,118.20000000000095,13,112.20000000000073,move,improve
13161,13,118.20000000000095,13,112.20000000000073,move,improve
13162,13,118.20000000000095,13,112.20000000000073,move,notBad
13163,13,118.20000000000095,13,112.20000000000073,swap,notBad
13164,13,118.20000000000095,13,112.20000000000073,2opt,notBad
13165,13,118.20000000000095,13,112.20000000000073,2opt,notBad
13166,13,118.20000000000095,13,112.20000000000073,move,improve
13167,13,118.20000000000095,13,112.20000000000073,2opt,notBad
13168,13,118.20000000000095,13,112.20000000000073,2opt,notBad
13169,13,118.20000000000095,13,112.20000000000073,swap,notBad
13170,13,118.20000000000095,13,112.20000000000073,move,improve
13171,13,118.20000000000095,13,112.20000000000073,2opt,notBad
13172,13,118.20000000000095,13,112.20000000000073,2opt,notBad
13173,13,118.20000000000095,13,112.20000000000073,swap,notBad
13174,13,118.20000000000095,13,112.20000000000073,2opt,notBad
13175,13,118.20000000000095,13,112.20000000000073,2opt,notBad
13176,13,118.20000000000095,13,112.20000000000073,2opt,notBad
13177,13,118.20000000000095,13,112.20000000000073,2opt,notBad
13178,13,118.20000000000095,13,112.20000000000073,move,improve
13179,13,118.20000000000095,13,112.20000000000073,swap,notBad
13180,13,118.20000000000095,13,112.20000000000073,2opt,notBad
13181,13,118.20000000000095,13,112.20000000000073,move,improve
13182,13,118.20000000000095,13,112.20000000000073,move,improve
13183,13,118.20000000000095,13,112.20000000000073,move,improve
13184,13,118.20000000000095,13,112.20000000000073,swap,notBad
13185,13,118.20000000000095,13,112.20000000000073,swap,notBad
13186,13,118.20000000000095,13,112.20000000000073,swap,notBad
13187,13,118.20000000000095,13,112.20000000000073,2opt,improve
13188,13,118.20000000000095,13,112.20000000000073,swap,notBad
13189,13,118.20000000000095,13,112.20000000000073,swap,notBad
13190,13,118.20000000000095,13,112.20000000000073,swap,notBad
13191,13,118.20000000000095,13,112.20000000000073,swap,notBad
13192,13,118.20000000000095,13,112.20000000000073,2opt,notBad
13193,13,118.20000000000095,13,112.20000000000073,move,improve
13194,13,118.20000000000095,13,112.20000000000073,2opt,notBad
13195,13,118.20000000000095,13,112.20000000000073,swap,notBad
13196,13,118.20000000000095,13,112.20000000000073,2opt,notBad
13197,13,118.20000000000095,13,112.20000000000073,swap,notBad
13198,13,121.20000000000073,13,112.20000000000073,swap,acceptBad
13199,13,121.20000000000073,13,112.20000000000073,swap,notBad
13200,13,121.20000000000073,13,112.20000000000073,2opt,improve
13201,13,121.20000000000073,13,112.20000000000073,2opt,notBad
13202,13,121.20000000000073,13,112.20000000000073,swap,notBad
13203,13,121.20000000000073,13,112.20000000000073,move,improve
13204,13,121.20000000000073,13,112.20000000000073,swap,notBad
13205,13,121.20000000000073,13,112.20000000000073,move,improve
13206,13,121.20000000000073,13,112.20000000000073,swap,notBad
13207,13,121.20000000000073,13,112.20000000000073,swap,notBad
13208,13,121.20000000000073,13,112.20000000000073,move,improve
13209,13,121.20000000000073,13,112.20000000000073,2opt,notBad
13210,13,121.20000000000073,13,112.20000000000073,2opt,notBad
13211,13,121.20000000000073,13,112.20000000000073,2opt,notBad
13212,13,121.20000000000073,13,112.20000000000073,move,improve
13213,13,121.20000000000073,13,112.20000000000073,2opt,notBad
13214,13,121.20000000000073,13,112.20000000000073,move,improve
13215,13,121.20000000000073,13,112.20000000000073,swap,notBad
13216,13,121.20000000000073,13,112.20000000000073,2opt,notBad
13217,13,121.20000000000073,13,112.20000000000073,move,improve
13218,13,121.20000000000073,13,112.20000000000073,move,improve
13219,13,121.20000000000073,13,112.20000000000073,swap,notBad
13220,13,121.20000000000073,13,112.20000000000073,move,improve
13221,13,121.20000000000073,13,112.20000000000073,2opt,notBad
13222,13,121.20000000000073,13,112.20000000000073,move,improve
13223,13,121.20000000000073,13,112.20000000000073,2opt,notBad
13224,13,121.20000000000073,13,112.20000000000073,move,improve
13225,13,121.20000000000073,13,112.20000000000073,move,improve
13226,13,121.20000000000073,13,112.20000000000073,2opt,notBad
13227,13,121.20000000000073,13,112.20000000000073,2opt,improve
13228,13,121.20000000000073,13,112.20000000000073,2opt,notBad
13229,13,121.20000000000073,13,112.20000000000073,2opt,notBad
13230,13,121.20000000000073,13,112.20000000000073,move,improve
13231,13,121.20000000000073,13,112.20000000000073,2opt,notBad
13232,13,121.20000000000073,13,112.20000000000073,2opt,notBad
13233,13,121.20000000000073,13,112.20000000000073,move,improve
13234,13,121.20000000000073,13,112.20000000000073,2opt,notBad
13235,13,121.20000000000073,13,112.20000000000073,move,improve
13236,13,121.20000000000073,13,112.20000000000073,move,improve
13237,13,121.20000000000073,13,112.20000000000073,move,improve
13238,13,121.20000000000073,13,112.20000000000073,swap,notBad
13239,13,121.20000000000073,13,112.20000000000073,swap,notBad
13240,13,121.20000000000073,13,112.20000000000073,swap,notBad
13241,13,121.20000000000073,13,112.20000000000073,2opt,notBad
13242,13,121.20000000000073,13,112.20000000000073,move,improve
13243,13,121.20000000000073,13,112.20000000000073,2opt,notBad
13244,13,121.20000000000073,13,112.20000000000073,move,improve
13245,13,121.20000000000073,13,112.20000000000073,2opt,notBad
13246,13,121.20000000000073,13,112.20000000000073,2opt,notBad
13247,13,121.20000000000073,13,112.20000000000073,2opt,notBad
13248,13,121.20000000000073,13,112.20000000000073,2opt,notBad
13249,13,121.20000000000073,13,112.20000000000073,swap,notBad
13250,13,121.20000000000073,13,112.20000000000073,move,improve
13251,13,121.20000000000073,13,112.20000000000073,swap,notBad
13252,13,121.20000000000073,13,112.20000000000073,move,improve
13253,13,121.20000000000073,13,112.20000000000073,2opt,notBad
13254,13,121.20000000000073,13,112.20000000000073,move,improve
13255,13,121.20000000000073,13,112.20000000000073,2opt,improve
13256,13,121.20000000000073,13,112.20000000000073,2opt,notBad
13257,13,121.20000000000073,13,112.20000000000073,move,improve
13258,13,93.20000000000118,13,93.20000000000118,swap,newBest
13259,13,93.20000000000118,13,93.20000000000118,2opt,notBad
13260,13,93.20000000000118,13,93.20000000000118,swap,notBad
13261,13,93.20000000000118,13,93.20000000000118,move,improve
13262,13,93.20000000000118,13,93.20000000000118,2opt,notBad
13263,13,93.20000000000118,13,93.20000000000118,swap,notBad
13264,13,93.20000000000118,13,93.20000000000118,move,improve
13265,13,93.20000000000118,13,93.20000000000118,move,improve
13266,13,93.20000000000118,13,93.20000000000118,2opt,notBad
13267,13,89.40000000000077,13,89.40000000000077,swap,newBest
13268,13,89.40000000000077,13,89.40000000000077,2opt,notBad
13269,13,89.40000000000077,13,89.40000000000077,swap,notBad
13270,13,89.40000000000077,13,89.40000000000077,swap,notBad
13271,13,89.40000000000077,13,89.40000000000077,swap,notBad
13272,13,89.40000000000077,13,89.40000000000077,swap,notBad
13273,13,89.40000000000077,13,89.40000000000077,move,improve
13274,13,89.40000000000077,13,89.40000000000077,move,improve
13275,13,89.40000000000077,13,89.40000000000077,2opt,notBad
13276,13,89.40000000000077,13,89.40000000000077,swap,notBad
13277,13,89.40000000000077,13,89.40000000000077,swap,notBad
13278,13,89.40000000000077,13,89.40000000000077,move,improve
13279,13,89.40000000000077,13,89.40000000000077,move,improve
13280,13,89.40000000000077,13,89.40000000000077,move,improve
13281,13,89.40000000000077,13,89.40000000000077,move,improve
13282,13,89.40000000000077,13,89.40000000000077,2opt,notBad
13283,13,89.40000000000077,13,89.40000000000077,2opt,notBad
13284,13,89.40000000000077,13,89.40000000000077,2opt,notBad
13285,13,89.40000000000077,13,89.40000000000077,move,improve
13286,13,89.40000000000077,13,89.40000000000077,swap,notBad
13287,13,89.40000000000077,13,89.40000000000077,swap,notBad
13288,13,89.40000000000077,13,89.40000000000077,move,improve
13289,13,89.40000000000077,13,89.40000000000077,2opt,notBad
13290,13,89.40000000000077,13,89.40000000000077,2opt,notBad
13291,13,89.40000000000077,13,89.40000000000077,swap,notBad
13292,13,89.40000000000077,13,89.40000000000077,move,improve
13293,13,89.40000000000077,13,89.40000000000077,2opt,notBad
13294,13,89.40000000000077,13,89.40000000000077,2opt,notBad
13295,13,89.40000000000077,13,89.40000000000077,swap,notBad
13296,13,89.40000000000077,13,89.40000000000077,move,improve
13297,13,89.40000000000077,13,89.40000000000077,move,improve
13298,13,89.40000000000077,13,89.40000000000077,move,improve
13299,13,89.40000000000077,13,89.40000000000077,move,improve
13300,13,89.40000000000077,13,89.40000000000077,swap,notBad
13301,13,89.40000000000077,13,89.40000000000077,move,improve
13302,13,89.40000000000077,13,89.40000000000077,move,improve
13303,13,89.40000000000077,13,89.40000000000077,move,improve
13304,13,89.40000000000077,13,89.40000000000077,swap,notBad
13305,13,89.40000000000077,13,89.40000000000077,move,improve
13306,13,89.40000000000077,13,89.40000000000077,move,improve
13307,13,89.40000000000077,13,89.40000000000077,2opt,notBad
13308,13,89.40000000000077,13,89.40000000000077,swap,notBad
13309,13,89.40000000000077,13,89.40000000000077,swap,notBad
13310,13,89.40000000000077,13,89.40000000000077,swap,notBad
13311,13,89.40000000000077,13,89.40000000000077,swap,notBad
13312,13,89.40000000000077,13,89.40000000000077,move,improve
13313,13,89.40000000000077,13,89.40000000000077,swap,notBad
13314,13,89.40000000000077,13,89.40000000000077,swap,notBad
13315,13,89.40000000000077,13,89.40000000000077,2opt,notBad
13316,13,89.40000000000077,13,89.40000000000077,2opt,notBad
13317,13,89.40000000000077,13,89.40000000000077,swap,notBad
13318,13,89.40000000000077,13,89.40000000000077,swap,notBad
13319,13,89.40000000000077,13,89.40000000000077,swap,notBad
13320,13,89.40000000000077,13,89.40000000000077,swap,notBad
13321,13,89.40000000000077,13,89.40000000000077,2opt,notBad
13322,13,89.40000000000077,13,89.40000000000077,2opt,improve
13323,13,89.40000000000077,13,89.40000000000077,2opt,notBad
13324,13,89.40000000000077,13,89.40000000000077,move,improve
13325,13,89.40000000000077,13,89.40000000000077,2opt,notBad
13326,13,89.40000000000077,13,89.40000000000077,2opt,notBad
13327,13,89.40000000000077,13,89.40000000000077,2opt,notBad
13328,13,89.40000000000077,13,89.40000000000077,2opt,notBad
13329,13,89.40000000000077,13,89.40000000000077,2opt,notBad
13330,13,89.40000000000077,13,89.40000000000077,2opt,notBad
13331,13,89.40000000000077,13,89.40000000000077,2opt,notBad
13332,13,89.40000000000077,13,89.40000000000077,2opt,notBad
13333,13,89.40000000000077,13,89.40000000000077,swap,notBad
13334,13,89.40000000000077,13,89.40000000000077,2opt,notBad
13335,13,89.40000000000077,13,89.40000000000077,move,improve
13336,13,89.40000000000077,13,89.40000000000077,move,improve
13337,13,89.40000000000077,13,89.40000000000077,swap,notBad
13338,13,89.40000000000077,13,89.40000000000077,swap,notBad
13339,13,89.40000000000077,13,89.40000000000077,2opt,notBad
13340,13,89.40000000000077,13,89.40000000000077,2opt,notBad
13341,13,89.40000000000077,13,89.40000000000077,swap,notBad
13342,13,89.40000000000077,13,89.40000000000077,move,improve
13343,13,89.40000000000077,13,89.40000000000077,move,improve
13344,13,89.40000000000077,13,89.40000000000077,2opt,notBad
13345,13,89.40000000000077,13,89.40000000000077,2opt,notBad
13346,13,89.40000000000077,13,89.40000000000077,2opt,notBad
13347,13,89.40000000000077,13,89.40000000000077,swap,notBad
13348,13,89.40000000000077,13,89.40000000000077,move,improve
13349,13,89.40000000000077,13,89.40000000000077,move,improve
13350,13,89.40000000000077,13,89.40000000000077,move,improve
13351,13,89.40000000000077,13,89.40000000000077,move,improve
13352,13,89.40000000000077,13,89.40000000000077,2opt,notBad
13353,13,89.40000000000077,13,89.40000000000077,move,improve
13354,13,89.40000000000077,13,89.40000000000077,move,improve
13355,13,89.40000000000077,13,89.40000000000077,2opt,notBad
13356,13,89.40000000000077,13,89.40000000000077,move,improve
13357,13,89.40000000000077,13,89.40000000000077,move,improve
13358,13,89.40000000000077,13,89.40000000000077,move,improve
13359,13,89.40000000000077,13,89.40000000000077,move,improve
13360,13,89.40000000000077,13,89.40000000000077,move,improve
13361,13,89.40000000000077,13,89.40000000000077,2opt,notBad
13362,13,89.40000000000077,13,89.40000000000077,swap,notBad
13363,13,89.40000000000077,13,89.40000000000077,2opt,notBad
13364,13,89.40000000000077,13,89.40000000000077,move,improve
13365,13,89.40000000000077,13,89.40000000000077,2opt,notBad
13366,13,89.40000000000077,13,89.40000000000077,move,improve
13367,13,89.40000000000077,13,89.40000000000077,2opt,improve
13368,13,89.40000000000077,13,89.40000000000077,2opt,notBad
13369,13,89.40000000000077,13,89.40000000000077,move,improve
13370,13,89.40000000000077,13,89.40000000000077,move,improve
13371,13,89.40000000000077,13,89.40000000000077,swap,notBad
13372,13,89.40000000000077,13,89.40000000000077,swap,notBad
13373,13,89.40000000000077,13,89.40000000000077,2opt,notBad
13374,13,89.40000000000077,13,89.40000000000077,move,improve
13375,13,89.40000000000077,13,89.40000000000077,move,improve
13376,13,89.40000000000077,13,89.40000000000077,move,improve
13377,13,89.40000000000077,13,89.40000000000077,2opt,notBad
13378,13,89.40000000000077,13,89.40000000000077,2opt,notBad
13379,13,89.40000000000077,13,89.40000000000077,swap,notBad
13380,13,89.40000000000077,13,89.40000000000077,2opt,notBad
13381,13,89.40000000000077,13,89.40000000000077,2opt,improve
13382,13,89.40000000000077,13,89.40000000000077,move,improve
13383,13,89.40000000000077,13,89.40000000000077,move,improve
13384,13,89.40000000000077,13,89.40000000000077,2opt,notBad
13385,13,89.40000000000077,13,89.40000000000077,move,improve
13386,13,89.40000000000077,13,89.40000000000077,swap,notBad
13387,13,89.40000000000077,13,89.40000000000077,move,improve
13388,13,89.40000000000077,13,89.40000000000077,move,improve
13389,13,89.40000000000077,13,89.40000000000077,swap,notBad
13390,13,89.40000000000077,13,89.40000000000077,2opt,improve
13391,13,89.40000000000077,13,89.40000000000077,swap,notBad
13392,13,89.40000000000077,13,89.40000000000077,swap,notBad
13393,13,89.40000000000077,13,89.40000000000077,move,improve
13394,13,89.40000000000077,13,89.40000000000077,2opt,notBad
13395,13,89.40000000000077,13,89.40000000000077,2opt,notBad
13396,13,89.40000000000077,13,89.40000000000077,2opt,notBad
13397,13,89.40000000000077,13,89.40000000000077,2opt,improve
13398,13,89.40000000000077,13,89.40000000000077,move,improve
13399,13,89.40000000000077,13,89.40000000000077,2opt,notBad
13400,13,89.40000000000077,13,89.40000000000077,swap,notBad
13401,13,89.40000000000077,13,89.40000000000077,move,improve
13402,13,89.40000000000077,13,89.40000000000077,move,improve
13403,13,89.40000000000077,13,89.40000000000077,move,improve
13404,13,89.40000000000077,13,89.40000000000077,2opt,notBad
13405,13,89.40000000000077,13,89.40000000000077,swap,notBad
13406,13,89.40000000000077,13,89.40000000000077,swap,notBad
13407,13,89.40000000000077,13,89.40000000000077,2opt,notBad
13408,13,89.40000000000077,13,89.40000000000077,swap,notBad
13409,13,89.40000000000077,13,89.40000000000077,2opt,notBad
13410,13,89.40000000000077,13,89.40000000000077,move,improve
13411,13,89.40000000000077,13,89.40000000000077,2opt,notBad
13412,13,89.40000000000077,13,89.40000000000077,move,improve
13413,13,89.40000000000077,13,89.40000000000077,move,improve
13414,13,89.40000000000077,13,89.40000000000077,move,improve
13415,13,89.40000000000077,13,89.40000000000077,swap,notBad
13416,13,89.40000000000077,13,89.40000000000077,swap,notBad
13417,13,89.40000000000077,13,89.40000000000077,move,improve
13418,13,89.40000000000077,13,89.40000000000077,2opt,notBad
13419,13,89.40000000000077,13,89.40000000000077,2opt,notBad
13420,13,89.40000000000077,13,89.40000000000077,swap,notBad
13421,13,89.40000000000077,13,89.40000000000077,move,improve
13422,13,89.40000000000077,13,89.40000000000077,2opt,notBad
13423,13,89.40000000000077,13,89.40000000000077,2opt,notBad
13424,13,89.40000000000077,13,89.40000000000077,2opt,notBad
13425,13,89.40000000000077,13,89.40000000000077,swap,notBad
13426,13,89.40000000000077,13,89.40000000000077,swap,notBad
13427,13,89.40000000000077,13,89.40000000000077,2opt,notBad
13428,13,89.40000000000077,13,89.40000000000077,swap,notBad
13429,13,89.40000000000077,13,89.40000000000077,swap,notBad
13430,13,89.40000000000077,13,89.40000000000077,swap,notBad
13431,13,89.40000000000077,13,89.40000000000077,swap,improve
13432,13,89.40000000000077,13,89.40000000000077,swap,notBad
13433,13,89.40000000000077,13,89.40000000000077,2opt,notBad
13434,13,89.40000000000077,13,89.40000000000077,swap,notBad
13435,13,89.40000000000077,13,89.40000000000077,2opt,notBad
13436,13,89.40000000000077,13,89.40000000000077,move,improve
13437,13,89.40000000000077,13,89.40000000000077,move,improve
13438,13,89.40000000000077,13,89.40000000000077,move,improve
13439,13,89.40000000000077,13,89.40000000000077,swap,notBad
13440,13,89.40000000000077,13,89.40000000000077,move,improve
13441,13,89.40000000000077,13,89.40000000000077,2opt,notBad
13442,13,89.40000000000077,13,89.40000000000077,move,improve
13443,13,89.40000000000077,13,89.40000000000077,2opt,notBad
13444,13,89.40000000000077,13,89.40000000000077,2opt,notBad
13445,13,89.40000000000077,13,89.40000000000077,swap,notBad
13446,13,89.40000000000077,13,89.40000000000077,2opt,improve
13447,13,89.40000000000077,13,89.40000000000077,swap,notBad
13448,13,89.40000000000077,13,89.40000000000077,2opt,improve
13449,13,89.40000000000077,13,89.40000000000077,2opt,notBad
13450,13,89.40000000000077,13,89.40000000000077,move,improve
13451,13,89.40000000000077,13,89.40000000000077,swap,notBad
13452,13,89.40000000000077,13,89.40000000000077,2opt,notBad
13453,13,89.40000000000077,13,89.40000000000077,swap,notBad
13454,13,89.40000000000077,13,89.40000000000077,swap,notBad
13455,13,89.40000000000077,13,89.40000000000077,swap,notBad
13456,13,89.40000000000077,13,89.40000000000077,swap,notBad
13457,13,87.00000000000091,13,87.00000000000091,move,newBest
13458,13,87.00000000000091,13,87.00000000000091,2opt,notBad
13459,13,87.00000000000091,13,87.00000000000091,2opt,notBad
13460,13,87.00000000000091,13,87.00000000000091,swap,notBad
13461,13,87.00000000000091,13,87.00000000000091,move,improve
13462,13,87.00000000000091,13,87.00000000000091,2opt,notBad
13463,13,87.00000000000091,13,87.00000000000091,swap,notBad
13464,13,87.00000000000091,13,87.00000000000091,2opt,notBad
13465,13,87.00000000000091,13,87.00000000000091,swap,notBad
13466,13,87.00000000000091,13,87.00000000000091,move,improve
13467,13,87.00000000000091,13,87.00000000000091,2opt,notBad
13468,13,87.00000000000091,13,87.00000000000091,move,improve
13469,13,87.00000000000091,13,87.00000000000091,swap,notBad
13470,13,87.00000000000091,13,87.00000000000091,swap,notBad
13471,13,87.00000000000091,13,87.00000000000091,move,improve
13472,13,87.00000000000091,13,87.00000000000091,swap,notBad
13473,13,87.00000000000091,13,87.00000000000091,2opt,notBad
13474,13,87.00000000000091,13,87.00000000000091,2opt,notBad
13475,13,87.00000000000091,13,87.00000000000091,swap,notBad
13476,13,87.00000000000091,13,87.00000000000091,2opt,improve
13477,13,87.00000000000091,13,87.00000000000091,swap,notBad
13478,13,87.00000000000091,13,87.00000000000091,2opt,improve
13479,13,87.00000000000091,13,87.00000000000091,move,improve
13480,13,87.00000000000091,13,87.00000000000091,swap,notBad
13481,13,87.00000000000091,13,87.00000000000091,2opt,notBad
13482,13,87.00000000000091,13,87.00000000000091,swap,notBad
13483,13,87.00000000000091,13,87.00000000000091,swap,notBad
13484,13,87.00000000000091,13,87.00000000000091,move,improve
13485,13,87.00000000000091,13,87.00000000000091,move,improve
13486,13,87.00000000000091,13,87.00000000000091,move,improve
13487,13,87.00000000000091,13,87.00000000000091,swap,notBad
13488,13,87.00000000000091,13,87.00000000000091,move,improve
13489,13,87.00000000000091,13,87.00000000000091,swap,notBad
13490,13,87.00000000000091,13,87.00000000000091,2opt,notBad
13491,13,87.00000000000091,13,87.00000000000091,swap,notBad
13492,13,87.00000000000091,13,87.00000000000091,swap,notBad
13493,13,87.00000000000091,13,87.00000000000091,move,improve
13494,13,87.00000000000091,13,87.00000000000091,move,improve
13495,13,87.00000000000091,13,87.00000000000091,swap,notBad
13496,13,87.00000000000091,13,87.00000000000091,2opt,notBad
13497,13,87.00000000000091,13,87.00000000000091,swap,notBad
13498,13,87.00000000000091,13,87.00000000000091,2opt,notBad
13499,13,87.00000000000091,13,87.00000000000091,swap,notBad
13500,13,87.00000000000091,13,87.00000000000091,2opt,notBad
13501,13,87.00000000000091,13,87.00000000000091,2opt,notBad
13502,13,87.00000000000091,13,87.00000000000091,2opt,notBad
13503,13,87.00000000000091,13,87.00000000000091,swap,notBad
13504,13,87.00000000000091,13,87.00000000000091,2opt,notBad
13505,13,87.00000000000091,13,87.00000000000091,move,improve
13506,13,87.00000000000091,13,87.00000000000091,move,improve
13507,13,87.00000000000091,13,87.00000000000091,swap,notBad
13508,13,87.00000000000091,13,87.00000000000091,move,improve
13509,13,87.00000000000091,13,87.00000000000091,move,improve
13510,13,87.00000000000091,13,87.00000000000091,2opt,notBad
13511,13,87.00000000000091,13,87.00000000000091,swap,notBad
13512,13,87.00000000000091,13,87.00000000000091,swap,notBad
13513,13,87.00000000000091,13,87.00000000000091,2opt,notBad
13514,13,87.00000000000091,13,87.00000000000091,2opt,notBad
13515,13,87.00000000000091,13,87.00000000000091,2opt,notBad
13516,13,87.00000000000091,13,87.00000000000091,2opt,notBad
13517,13,87.00000000000091,13,87.00000000000091,move,improve
13518,13,87.00000000000091,13,87.00000000000091,2opt,notBad
13519,13,87.00000000000091,13,87.00000000000091,swap,notBad
13520,13,87.00000000000091,13,87.00000000000091,2opt,notBad
13521,13,87.00000000000091,13,87.00000000000091,2opt,notBad
13522,13,87.00000000000091,13,87.00000000000091,move,improve
13523,13,87.00000000000091,13,87.00000000000091,2opt,notBad
13524,13,87.00000000000091,13,87.00000000000091,move,improve
13525,13,87.00000000000091,13,87.00000000000091,swap,notBad
13526,13,87.00000000000091,13,87.00000000000091,swap,notBad
13527,13,87.00000000000091,13,87.00000000000091,swap,notBad
13528,13,87.00000000000091,13,87.00000000000091,2opt,notBad
13529,13,87.00000000000091,13,87.00000000000091,2opt,notBad
13530,13,87.00000000000091,13,87.00000000000091,move,improve
13531,13,87.00000000000091,13,87.00000000000091,2opt,notBad
13532,13,87.00000000000091,13,87.00000000000091,2opt,improve
13533,13,87.00000000000091,13,87.00000000000091,2opt,notBad
13534,13,87.00000000000091,13,87.00000000000091,move,improve
13535,13,87.00000000000091,13,87.00000000000091,swap,notBad
13536,13,87.00000000000091,13,87.00000000000091,swap,notBad
13537,13,87.00000000000091,13,87.00000000000091,2opt,notBad
13538,13,87.00000000000091,13,87.00000000000091,2opt,notBad
13539,13,87.00000000000091,13,87.00000000000091,move,improve
13540,13,87.00000000000091,13,87.00000000000091,2opt,notBad
13541,13,87.00000000000091,13,87.00000000000091,swap,notBad
13542,13,87.00000000000091,13,87.00000000000091,move,improve
13543,13,87.00000000000091,13,87.00000000000091,2opt,notBad
13544,13,87.00000000000091,13,87.00000000000091,2opt,notBad
13545,13,87.00000000000091,13,87.00000000000091,swap,notBad
13546,13,87.00000000000091,13,87.00000000000091,swap,notBad
13547,13,87.00000000000091,13,87.00000000000091,2opt,notBad
13548,13,87.00000000000091,13,87.00000000000091,2opt,notBad
13549,13,87.00000000000091,13,87.00000000000091,move,improve
13550,13,87.00000000000091,13,87.00000000000091,swap,notBad
13551,13,87.00000000000091,13,87.00000000000091,swap,notBad
13552,13,87.00000000000091,13,87.00000000000091,move,improve
13553,13,87.00000000000091,13,87.00000000000091,move,improve
13554,13,87.00000000000091,13,87.00000000000091,2opt,notBad
13555,13,87.00000000000091,13,87.00000000000091,2opt,notBad
13556,13,87.00000000000091,13,87.00000000000091,2opt,notBad
13557,13,87.00000000000091,13,87.00000000000091,swap,notBad
13558,13,87.00000000000091,13,87.00000000000091,swap,notBad
13559,13,87.00000000000091,13,87.00000000000091,swap,notBad
13560,13,87.00000000000091,13,87.00000000000091,move,improve
13561,13,87.00000000000091,13,87.00000000000091,swap,notBad
13562,13,87.00000000000091,13,87.00000000000091,2opt,notBad
13563,13,87.00000000000091,13,87.00000000000091,swap,notBad
13564,13,87.00000000000091,13,87.00000000000091,move,improve
13565,13,87.00000000000091,13,87.00000000000091,2opt,notBad
13566,13,87.00000000000091,13,87.00000000000091,swap,notBad
13567,13,87.00000000000091,13,87.00000000000091,move,improve
13568,13,87.00000000000091,13,87.00000000000091,2opt,notBad
13569,13,87.00000000000091,13,87.00000000000091,swap,notBad
13570,13,87.00000000000091,13,87.00000000000091,swap,notBad
13571,13,87.00000000000091,13,87.00000000000091,swap,notBad
13572,13,87.00000000000091,13,87.00000000000091,swap,notBad
13573,13,87.00000000000091,13,87.00000000000091,move,improve
13574,13,87.00000000000091,13,87.00000000000091,swap,notBad
13575,13,87.00000000000091,13,87.00000000000091,swap,notBad
13576,13,87.00000000000091,13,87.00000000000091,2opt,improve
13577,13,87.00000000000091,13,87.00000000000091,swap,notBad
13578,13,87.00000000000091,13,87.00000000000091,move,improve
13579,13,87.00000000000091,13,87.00000000000091,swap,notBad
13580,13,87.00000000000091,13,87.00000000000091,move,improve
13581,13,87.00000000000091,13,87.00000000000091,swap,notBad
13582,13,87.00000000000091,13,87.00000000000091,move,improve
13583,13,87.00000000000091,13,87.00000000000091,move,improve
13584,13,87.00000000000091,13,87.00000000000091,swap,notBad
13585,13,87.00000000000091,13,87.00000000000091,swap,notBad
13586,13,87.00000000000091,13,87.00000000000091,move,improve
13587,13,87.00000000000091,13,87.00000000000091,2opt,notBad
13588,13,87.00000000000091,13,87.00000000000091,swap,notBad
13589,13,87.00000000000091,13,87.00000000000091,move,improve
13590,13,87.00000000000091,13,87.00000000000091,2opt,notBad
13591,13,87.00000000000091,13,87.00000000000091,swap,notBad
13592,13,87.00000000000091,13,87.00000000000091,2opt,notBad
13593,13,87.00000000000091,13,87.00000000000091,swap,notBad
13594,13,87.00000000000091,13,87.00000000000091,swap,notBad
13595,13,87.00000000000091,13,87.00000000000091,2opt,notBad
13596,13,87.00000000000091,13,87.00000000000091,2opt,notBad
13597,13,87.00000000000091,13,87.00000000000091,2opt,notBad
13598,13,87.00000000000091,13,87.00000000000091,swap,notBad
13599,13,87.00000000000091,13,87.00000000000091,2opt,notBad
13600,13,87.00000000000091,13,87.00000000000091,2opt,notBad
13601,13,87.00000000000091,13,87.00000000000091,swap,notBad
13602,13,87.00000000000091,13,87.00000000000091,move,improve
13603,13,87.00000000000091,13,87.00000000000091,swap,notBad
13604,13,87.00000000000091,13,87.00000000000091,move,improve
13605,13,87.00000000000091,13,87.00000000000091,2opt,notBad
13606,13,87.00000000000091,13,87.00000000000091,2opt,improve
13607,13,87.00000000000091,13,87.00000000000091,2opt,notBad
13608,13,87.00000000000091,13,87.00000000000091,swap,notBad
13609,13,87.00000000000091,13,87.00000000000091,2opt,notBad
13610,13,87.00000000000091,13,87.00000000000091,swap,notBad
13611,13,87.00000000000091,13,87.00000000000091,2opt,notBad
13612,13,87.00000000000091,13,87.00000000000091,move,improve
13613,13,87.00000000000091,13,87.00000000000091,2opt,notBad
13614,13,87.00000000000091,13,87.00000000000091,move,improve
13615,13,87.00000000000091,13,87.00000000000091,2opt,notBad
13616,13,87.00000000000091,13,87.00000000000091,swap,notBad
13617,13,87.00000000000091,13,87.00000000000091,2opt,notBad
13618,13,87.00000000000091,13,87.00000000000091,swap,notBad
13619,13,87.00000000000091,13,87.00000000000091,swap,notBad
13620,13,87.00000000000091,13,87.00000000000091,move,improve
13621,13,87.00000000000091,13,87.00000000000091,swap,notBad
13622,13,87.00000000000091,13,87.00000000000091,2opt,improve
13623,13,87.00000000000091,13,87.00000000000091,swap,notBad
13624,13,87.00000000000091,13,87.00000000000091,2opt,notBad
13625,13,87.00000000000091,13,87.00000000000091,2opt,notBad
13626,13,87.00000000000091,13,87.00000000000091,move,improve
13627,13,87.00000000000091,13,87.00000000000091,2opt,notBad
13628,13,87.00000000000091,13,87.00000000000091,swap,notBad
13629,13,87.00000000000091,13,87.00000000000091,swap,notBad
13630,13,87.00000000000091,13,87.00000000000091,move,improve
13631,13,87.00000000000091,13,87.00000000000091,2opt,notBad
13632,13,87.00000000000091,13,87.00000000000091,move,improve
13633,13,87.00000000000091,13,87.00000000000091,2opt,notBad
13634,13,87.00000000000091,13,87.00000000000091,swap,notBad
13635,13,87.00000000000091,13,87.00000000000091,move,improve
13636,13,87.00000000000091,13,87.00000000000091,move,improve
13637,13,91.00000000000068,13,87.00000000000091,swap,acceptBad
13638,13,91.00000000000068,13,87.00000000000091,swap,notBad
13639,13,91.00000000000068,13,87.00000000000091,move,improve
13640,13,91.00000000000068,13,87.00000000000091,2opt,notBad
13641,13,91.00000000000068,13,87.00000000000091,swap,notBad
13642,13,91.00000000000068,13,87.00000000000091,2opt,notBad
13643,13,91.00000000000068,13,87.00000000000091,2opt,improve
13644,13,91.00000000000068,13,87.00000000000091,2opt,notBad
13645,13,91.00000000000068,13,87.00000000000091,move,improve
13646,13,91.00000000000068,13,87.00000000000091,2opt,notBad
13647,13,92.20000000000095,13,87.00000000000091,swap,acceptBad
13648,13,92.20000000000095,13,87.00000000000091,swap,notBad
13649,13,92.20000000000095,13,87.00000000000091,swap,notBad
13650,13,94.80000000000155,13,87.00000000000091,swap,acceptBad
13651,13,94.80000000000155,13,87.00000000000091,2opt,notBad
13652,13,94.80000000000155,13,87.00000000000091,move,improve
13653,13,94.80000000000155,13,87.00000000000091,move,improve
13654,13,94.80000000000155,13,87.00000000000091,move,improve
13655,13,94.80000000000155,13,87.00000000000091,2opt,notBad
13656,13,94.80000000000155,13,87.00000000000091,move,improve
13657,13,94.80000000000155,13,87.00000000000091,2opt,notBad
13658,13,94.80000000000155,13,87.00000000000091,2opt,notBad
13659,13,94.80000000000155,13,87.00000000000091,move,improve
13660,13,94.80000000000155,13,87.00000000000091,move,improve
13661,13,94.80000000000155,13,87.00000000000091,swap,notBad
13662,13,94.80000000000155,13,87.00000000000091,2opt,notBad
13663,13,94.80000000000155,13,87.00000000000091,swap,notBad
13664,13,94.80000000000155,13,87.00000000000091,2opt,notBad
13665,13,94.80000000000155,13,87.00000000000091,swap,notBad
13666,13,94.80000000000155,13,87.00000000000091,move,improve
13667,13,94.80000000000155,13,87.00000000000091,2opt,notBad
13668,13,94.80000000000155,13,87.00000000000091,swap,notBad
13669,13,94.80000000000155,13,87.00000000000091,move,improve
13670,13,94.80000000000155,13,87.00000000000091,move,improve
13671,13,94.80000000000155,13,87.00000000000091,swap,notBad
13672,13,94.80000000000155,13,87.00000000000091,swap,notBad
13673,13,94.80000000000155,13,87.00000000000091,swap,notBad
13674,13,94.80000000000155,13,87.00000000000091,swap,notBad
13675,13,94.80000000000155,13,87.00000000000091,swap,notBad
13676,13,96.00000000000182,13,87.00000000000091,swap,acceptBad
13677,13,96.00000000000182,13,87.00000000000091,2opt,notBad
13678,13,96.00000000000182,13,87.00000000000091,swap,notBad
13679,13,96.00000000000182,13,87.00000000000091,swap,notBad
13680,13,96.00000000000182,13,87.00000000000091,2opt,notBad
13681,13,96.00000000000182,13,87.00000000000091,swap,notBad
13682,13,96.00000000000182,13,87.00000000000091,2opt,notBad
13683,13,96.00000000000182,13,87.00000000000091,swap,notBad
13684,13,96.00000000000182,13,87.00000000000091,swap,notBad
13685,13,96.00000000000182,13,87.00000000000091,2opt,notBad
13686,13,96.00000000000182,13,87.00000000000091,2opt,notBad
13687,13,96.00000000000182,13,87.00000000000091,move,improve
13688,13,96.00000000000182,13,87.00000000000091,move,improve
13689,13,96.00000000000182,13,87.00000000000091,2opt,notBad
13690,13,96.00000000000182,13,87.00000000000091,2opt,notBad
13691,13,96.00000000000182,13,87.00000000000091,move,improve
13692,13,96.00000000000182,13,87.00000000000091,swap,notBad
13693,13,96.00000000000182,13,87.00000000000091,swap,notBad
13694,13,96.00000000000182,13,87.00000000000091,2opt,notBad
13695,13,96.00000000000182,13,87.00000000000091,swap,notBad
13696,13,96.00000000000182,13,87.00000000000091,swap,notBad
13697,13,96.00000000000182,13,87.00000000000091,move,improve
13698,13,96.00000000000182,13,87.00000000000091,swap,notBad
13699,13,96.00000000000182,13,87.00000000000091,move,improve
13700,13,96.00000000000182,13,87.00000000000091,2opt,notBad
13701,13,96.00000000000182,13,87.00000000000091,2opt,notBad
13702,13,96.00000000000182,13,87.00000000000091,move,improve
13703,13,96.00000000000182,13,87.00000000000091,swap,notBad
13704,13,96.00000000000182,13,87.00000000000091,move,improve
13705,13,96.00000000000182,13,87.00000000000091,2opt,notBad
13706,13,96.00000000000182,13,87.00000000000091,2opt,notBad
13707,13,96.00000000000182,13,87.00000000000091,move,improve
13708,13,96.00000000000182,13,87.00000000000091,swap,notBad
13709,13,96.00000000000182,13,87.00000000000091,move,improve
13710,13,96.00000000000182,13,87.00000000000091,2opt,notBad
13711,13,96.00000000000182,13,87.00000000000091,swap,notBad
13712,13,96.00000000000182,13,87.00000000000091,2opt,notBad
13713,13,96.00000000000182,13,87.00000000000091,2opt,notBad
13714,13,93.80000000000064,13,87.00000000000091,move,improve
13715,13,93.80000000000064,13,87.00000000000091,2opt,notBad
13716,13,93.80000000000064,13,87.00000000000091,move,improve
13717,13,93.80000000000064,13,87.00000000000091,2opt,notBad
13718,13,93.80000000000064,13,87.00000000000091,2opt,notBad
13719,13,93.80000000000064,13,87.00000000000091,swap,notBad
13720,13,93.80000000000064,13,87.00000000000091,swap,notBad
13721,13,93.80000000000064,13,87.00000000000091,move,improve
13722,13,93.80000000000064,13,87.00000000000091,move,improve
13723,13,93.80000000000064,13,87.00000000000091,2opt,notBad
13724,13,93.80000000000064,13,87.00000000000091,move,improve
13725,13,93.80000000000064,13,87.00000000000091,swap,notBad
13726,13,93.80000000000064,13,87.00000000000091,move,improve
13727,13,93.80000000000064,13,87.00000000000091,swap,notBad
13728,13,93.80000000000064,13,87.00000000000091,move,improve
13729,13,93.80000000000064,13,87.00000000000091,swap,notBad
13730,13,93.80000000000064,13,87.00000000000091,move,improve
13731,13,92.20000000000027,13,87.00000000000091,move,improve
13732,13,92.20000000000027,13,87.00000000000091,2opt,notBad
13733,13,92.20000000000027,13,87.00000000000091,swap,notBad
13734,13,92.20000000000027,13,87.00000000000091,move,improve
13735,13,92.20000000000027,13,87.00000000000091,2opt,notBad
13736,13,92.20000000000027,13,87.00000000000091,2opt,notBad
13737,13,92.20000000000027,13,87.00000000000091,swap,notBad
13738,13,92.20000000000027,13,87.00000000000091,move,improve
13739,13,92.20000000000027,13,87.00000000000091,move,improve
13740,13,92.20000000000027,13,87.00000000000091,swap,notBad
13741,13,92.20000000000027,13,87.00000000000091,2opt,notBad
13742,13,92.20000000000027,13,87.00000000000091,2opt,notBad
13743,13,92.20000000000027,13,87.00000000000091,move,notBad
13744,13,92.20000000000027,13,87.00000000000091,swap,notBad
13745,13,92.20000000000027,13,87.00000000000091,move,improve
13746,13,92.20000000000027,13,87.00000000000091,move,improve
13747,13,92.20000000000027,13,87.00000000000091,swap,notBad
13748,13,92.20000000000027,13,87.00000000000091,2opt,notBad
13749,13,92.20000000000027,13,87.00000000000091,2opt,notBad
13750,13,92.20000000000027,13,87.00000000000091,swap,notBad
13751,13,92.20000000000027,13,87.00000000000091,swap,notBad
13752,13,92.20000000000027,13,87.00000000000091,2opt,notBad
13753,13,92.20000000000027,13,87.00000000000091,move,improve
13754,13,92.20000000000027,13,87.00000000000091,swap,notBad
13755,13,92.20000000000027,13,87.00000000000091,2opt,notBad
13756,13,92.20000000000027,13,87.00000000000091,move,improve
13757,13,92.20000000000027,13,87.00000000000091,move,improve
13758,13,92.20000000000027,13,87.00000000000091,2opt,notBad
13759,13,92.20000000000027,13,87.00000000000091,swap,notBad
13760,13,92.20000000000027,13,87.00000000000091,move,improve
13761,13,92.20000000000027,13,87.00000000000091,move,improve
13762,13,92.20000000000027,13,87.00000000000091,2opt,notBad
13763,13,92.20000000000027,13,87.00000000000091,2opt,notBad
13764,13,92.20000000000027,13,87.00000000000091,2opt,notBad
13765,13,92.20000000000027,13,87.00000000000091,2opt,notBad
13766,13,92.20000000000027,13,87.00000000000091,move,improve
13767,13,92.20000000000027,13,87.00000000000091,2opt,notBad
13768,13,92.20000000000027,13,87.00000000000091,swap,notBad
13769,13,92.20000000000027,13,87.00000000000091,2opt,notBad
13770,13,92.20000000000027,13,87.00000000000091,move,improve
13771,13,92.20000000000027,13,87.00000000000091,swap,notBad
13772,13,92.20000000000027,13,87.00000000000091,swap,notBad
13773,13,92.20000000000027,13,87.00000000000091,2opt,notBad
13774,13,92.20000000000027,13,87.00000000000091,move,improve
13775,13,92.20000000000027,13,87.00000000000091,move,improve
13776,13,92.20000000000027,13,87.00000000000091,move,improve
13777,13,92.20000000000027,13,87.00000000000091,move,improve
13778,13,92.20000000000027,13,87.00000000000091,2opt,notBad
13779,13,92.20000000000027,13,87.00000000000091,swap,notBad
13780,13,92.20000000000027,13,87.00000000000091,2opt,notBad
13781,13,92.20000000000027,13,87.00000000000091,move,improve
13782,13,92.20000000000027,13,87.00000000000091,2opt,notBad
13783,13,92.20000000000027,13,87.00000000000091,move,improve
13784,13,92.20000000000027,13,87.00000000000091,swap,notBad
13785,13,92.20000000000027,13,87.00000000000091,2opt,notBad
13786,13,92.20000000000027,13,87.00000000000091,2opt,notBad
13787,13,92.20000000000027,13,87.00000000000091,swap,notBad
13788,13,92.20000000000027,13,87.00000000000091,swap,notBad
13789,13,92.20000000000027,13,87.00000000000091,2opt,notBad
13790,13,92.20000000000027,13,87.00000000000091,2opt,notBad
13791,13,92.20000000000027,13,87.00000000000091,move,improve
13792,13,92.20000000000027,13,87.00000000000091,2opt,notBad
13793,13,92.20000000000027,13,87.00000000000091,swap,notBad
13794,13,92.20000000000027,13,87.00000000000091,2opt,notBad
13795,13,92.20000000000027,13,87.00000000000091,2opt,notBad
13796,13,92.20000000000027,13,87.00000000000091,swap,notBad
13797,13,92.20000000000027,13,87.00000000000091,2opt,notBad
13798,13,92.20000000000027,13,87.00000000000091,move,improve
13799,13,92.20000000000027,13,87.00000000000091,2opt,notBad
13800,13,92.20000000000027,13,87.00000000000091,2opt,improve
13801,13,92.20000000000027,13,87.00000000000091,2opt,notBad
13802,13,92.20000000000027,13,87.00000000000091,move,improve
13803,13,92.20000000000027,13,87.00000000000091,move,notBad
13804,13,92.20000000000027,13,87.00000000000091,move,improve
13805,13,92.20000000000027,13,87.00000000000091,move,improve
13806,13,92.20000000000027,13,87.00000000000091,move,improve
13807,13,92.20000000000027,13,87.00000000000091,2opt,notBad
13808,13,92.20000000000027,13,87.00000000000091,move,improve
13809,13,92.20000000000027,13,87.00000000000091,2opt,notBad
13810,13,92.20000000000027,13,87.00000000000091,2opt,notBad
13811,13,92.20000000000027,13,87.00000000000091,move,improve
13812,13,92.20000000000027,13,87.00000000000091,2opt,notBad
13813,13,92.20000000000027,13,87.00000000000091,move,improve
13814,13,92.20000000000027,13,87.00000000000091,swap,notBad
13815,13,92.20000000000027,13,87.00000000000091,move,improve
13816,13,92.20000000000027,13,87.00000000000091,2opt,notBad
13817,13,92.20000000000027,13,87.00000000000091,move,improve
13818,13,92.20000000000027,13,87.00000000000091,move,improve
13819,13,92.20000000000027,13,87.00000000000091,move,improve
13820,13,92.20000000000027,13,87.00000000000091,2opt,notBad
13821,13,92.20000000000027,13,87.00000000000091,2opt,notBad
13822,13,92.20000000000027,13,87.00000000000091,2opt,notBad
13823,13,92.20000000000027,13,87.00000000000091,move,improve
13824,13,92.20000000000027,13,87.00000000000091,swap,notBad
13825,13,92.20000000000027,13,87.00000000000091,2opt,notBad
13826,13,92.20000000000027,13,87.00000000000091,2opt,notBad
13827,13,92.20000000000027,13,87.00000000000091,2opt,notBad
13828,13,92.20000000000027,13,87.00000000000091,move,improve
13829,13,92.20000000000027,13,87.00000000000091,move,improve
13830,13,92.20000000000027,13,87.00000000000091,move,improve
13831,13,92.20000000000027,13,87.00000000000091,move,improve
13832,13,92.20000000000027,13,87.00000000000091,swap,notBad
13833,13,92.20000000000027,13,87.00000000000091,move,improve
13834,13,92.20000000000027,13,87.00000000000091,move,improve
13835,13,92.20000000000027,13,87.00000000000091,2opt,notBad
13836,13,92.20000000000027,13,87.00000000000091,2opt,notBad
13837,13,92.20000000000027,13,87.00000000000091,2opt,notBad
13838,13,92.20000000000027,13,87.00000000000091,swap,notBad
13839,13,92.20000000000027,13,87.00000000000091,2opt,notBad
13840,13,92.20000000000027,13,87.00000000000091,move,improve
13841,13,92.20000000000027,13,87.00000000000091,2opt,notBad
13842,13,92.20000000000027,13,87.00000000000091,swap,notBad
13843,13,92.20000000000027,13,87.00000000000091,move,improve
13844,13,92.20000000000027,13,87.00000000000091,swap,notBad
13845,13,92.20000000000027,13,87.00000000000091,move,improve
13846,13,92.20000000000027,13,87.00000000000091,swap,notBad
13847,13,92.20000000000027,13,87.00000000000091,swap,notBad
13848,13,92.20000000000027,13,87.00000000000091,move,improve
13849,13,92.20000000000027,13,87.00000000000091,move,improve
13850,13,92.20000000000027,13,87.00000000000091,swap,notBad
13851,13,92.20000000000027,13,87.00000000000091,move,improve
13852,13,92.20000000000027,13,87.00000000000091,swap,notBad
13853,13,92.20000000000027,13,87.00000000000091,2opt,notBad
13854,13,92.20000000000027,13,87.00000000000091,2opt,notBad
13855,13,92.20000000000027,13,87.00000000000091,2opt,notBad
13856,13,92.20000000000027,13,87.00000000000091,2opt,notBad
13857,13,92.20000000000027,13,87.00000000000091,2opt,notBad
13858,13,92.20000000000027,13,87.00000000000091,move,improve
13859,13,92.20000000000027,13,87.00000000000091,2opt,notBad
13860,13,92.20000000000027,13,87.00000000000091,swap,notBad
13861,13,92.20000000000027,13,87.00000000000091,swap,notBad
13862,13,92.20000000000027,13,87.00000000000091,2opt,notBad
13863,13,92.20000000000027,13,87.00000000000091,move,improve
13864,13,92.20000000000027,13,87.00000000000091,swap,notBad
13865,13,92.20000000000027,13,87.00000000000091,swap,notBad
13866,13,92.20000000000027,13,87.00000000000091,2opt,notBad
13867,13,92.20000000000027,13,87.00000000000091,swap,notBad
13868,13,92.20000000000027,13,87.00000000000091,2opt,notBad
13869,13,92.20000000000027,13,87.00000000000091,swap,notBad
13870,13,92.20000000000027,13,87.00000000000091,swap,notBad
13871,13,92.20000000000027,13,87.00000000000091,swap,notBad
13872,13,92.20000000000027,13,87.00000000000091,swap,notBad
13873,13,92.20000000000027,13,87.00000000000091,swap,notBad
13874,13,92.20000000000027,13,87.00000000000091,swap,notBad
13875,13,92.20000000000027,13,87.00000000000091,swap,notBad
13876,13,92.20000000000027,13,87.00000000000091,swap,notBad
13877,13,92.20000000000027,13,87.00000000000091,move,improve
13878,13,92.20000000000027,13,87.00000000000091,2opt,notBad
13879,13,92.20000000000027,13,87.00000000000091,move,improve
13880,13,92.20000000000027,13,87.00000000000091,move,improve
13881,13,92.20000000000027,13,87.00000000000091,move,improve
13882,13,92.20000000000027,13,87.00000000000091,move,improve
13883,13,92.20000000000027,13,87.00000000000091,swap,notBad
13884,13,92.20000000000027,13,87.00000000000091,swap,notBad
13885,13,92.20000000000027,13,87.00000000000091,2opt,notBad
13886,13,92.20000000000027,13,87.00000000000091,swap,notBad
13887,13,92.20000000000027,13,87.00000000000091,2opt,notBad
13888,13,92.20000000000027,13,87.00000000000091,swap,notBad
13889,13,92.20000000000027,13,87.00000000000091,swap,notBad
13890,13,92.20000000000027,13,87.00000000000091,swap,notBad
13891,13,92.20000000000027,13,87.00000000000091,swap,notBad
13892,13,92.20000000000027,13,87.00000000000091,move,improve
13893,13,92.20000000000027,13,87.00000000000091,move,improve
13894,13,92.20000000000027,13,87.00000000000091,move,improve
13895,13,92.20000000000027,13,87.00000000000091,move,improve
13896,13,92.20000000000027,13,87.00000000000091,2opt,improve
13897,13,92.20000000000027,13,87.00000000000091,swap,notBad
13898,13,92.20000000000027,13,87.00000000000091,move,improve
13899,13,92.20000000000027,13,87.00000000000091,2opt,notBad
13900,13,92.20000000000027,13,87.00000000000091,move,improve
13901,13,92.20000000000027,13,87.00000000000091,move,improve
13902,13,92.20000000000027,13,87.00000000000091,2opt,notBad
13903,13,92.20000000000027,13,87.00000000000091,move,improve
13904,13,92.20000000000027,13,87.00000000000091,move,improve
13905,13,92.20000000000027,13,87.00000000000091,2opt,notBad
13906,13,92.20000000000027,13,87.00000000000091,2opt,notBad
13907,13,92.20000000000027,13,87.00000000000091,move,improve
13908,13,92.20000000000027,13,87.00000000000091,2opt,notBad
13909,13,92.20000000000027,13,87.00000000000091,move,improve
13910,13,92.20000000000027,13,87.00000000000091,swap,notBad
13911,13,92.20000000000027,13,87.00000000000091,swap,notBad
13912,13,92.20000000000027,13,87.00000000000091,move,improve
13913,13,92.20000000000027,13,87.00000000000091,move,improve
13914,13,92.20000000000027,13,87.00000000000091,swap,notBad
13915,13,92.20000000000027,13,87.00000000000091,move,improve
13916,13,92.20000000000027,13,87.00000000000091,move,improve
13917,13,92.20000000000027,13,87.00000000000091,move,improve
13918,13,92.20000000000027,13,87.00000000000091,2opt,notBad
13919,13,92.20000000000027,13,87.00000000000091,2opt,notBad
13920,13,92.20000000000027,13,87.00000000000091,swap,notBad
13921,13,92.20000000000027,13,87.00000000000091,move,improve
13922,13,92.20000000000027,13,87.00000000000091,move,improve
13923,13,92.20000000000027,13,87.00000000000091,2opt,notBad
13924,13,92.20000000000027,13,87.00000000000091,swap,notBad
13925,13,92.20000000000027,13,87.00000000000091,swap,notBad
13926,13,92.20000000000027,13,87.00000000000091,swap,notBad
13927,13,92.20000000000027,13,87.00000000000091,move,improve
13928,13,92.20000000000027,13,87.00000000000091,swap,notBad
13929,13,92.20000000000027,13,87.00000000000091,2opt,notBad
13930,13,92.20000000000027,13,87.00000000000091,swap,notBad
13931,13,92.20000000000027,13,87.00000000000091,move,improve
13932,13,92.20000000000027,13,87.00000000000091,2opt,notBad
13933,13,92.20000000000027,13,87.00000000000091,move,improve
13934,13,92.20000000000027,13,87.00000000000091,2opt,notBad
13935,13,92.20000000000027,13,87.00000000000091,2opt,improve
13936,13,92.20000000000027,13,87.00000000000091,swap,notBad
13937,13,92.20000000000027,13,87.00000000000091,move,improve
13938,13,92.20000000000027,13,87.00000000000091,2opt,notBad
13939,13,92.20000000000027,13,87.00000000000091,move,improve
13940,13,92.20000000000027,13,87.00000000000091,2opt,notBad
13941,13,92.20000000000027,13,87.00000000000091,swap,notBad
13942,13,92.20000000000027,13,87.00000000000091,swap,notBad
13943,13,92.20000000000027,13,87.00000000000091,2opt,notBad
13944,13,92.20000000000027,13,87.00000000000091,swap,notBad
13945,13,92.20000000000027,13,87.00000000000091,swap,notBad
13946,13,92.20000000000027,13,87.00000000000091,swap,notBad
13947,13,92.20000000000027,13,87.00000000000091,move,improve
13948,13,92.20000000000027,13,87.00000000000091,swap,notBad
13949,13,92.20000000000027,13,87.00000000000091,move,improve
13950,13,92.20000000000027,13,87.00000000000091,move,improve
13951,13,92.20000000000027,13,87.00000000000091,move,improve
13952,13,92.20000000000027,13,87.00000000000091,2opt,notBad
13953,13,92.20000000000027,13,87.00000000000091,2opt,notBad
13954,13,92.20000000000027,13,87.00000000000091,move,improve
13955,13,92.20000000000027,13,87.00000000000091,2opt,notBad
13956,13,92.20000000000027,13,87.00000000000091,move,improve
13957,13,92.20000000000027,13,87.00000000000091,2opt,notBad
13958,13,92.20000000000027,13,87.00000000000091,swap,notBad
13959,13,92.20000000000027,13,87.00000000000091,move,notBad
13960,13,92.20000000000027,13,87.00000000000091,swap,notBad
13961,13,92.20000000000027,13,87.00000000000091,2opt,notBad
13962,13,92.20000000000027,13,87.00000000000091,move,improve
13963,13,92.20000000000027,13,87.00000000000091,2opt,improve
13964,13,92.20000000000027,13,87.00000000000091,move,improve
13965,13,92.20000000000027,13,87.00000000000091,2opt,notBad
13966,13,92.20000000000027,13,87.00000000000091,swap,notBad
13967,13,92.20000000000027,13,87.00000000000091,2opt,improve
13968,13,92.20000000000027,13,87.00000000000091,move,improve
13969,13,92.20000000000027,13,87.00000000000091,move,improve
13970,13,92.20000000000027,13,87.00000000000091,move,improve
13971,13,92.20000000000027,13,87.00000000000091,2opt,notBad
13972,13,92.20000000000027,13,87.00000000000091,move,improve
13973,13,92.20000000000027,13,87.00000000000091,2opt,notBad
13974,13,92.20000000000027,13,87.00000000000091,2opt,notBad
13975,13,92.20000000000027,13,87.00000000000091,swap,notBad
13976,13,92.20000000000027,13,87.00000000000091,swap,notBad
13977,13,92.20000000000027,13,87.00000000000091,2opt,notBad
13978,13,92.20000000000027,13,87.00000000000091,swap,notBad
13979,13,92.20000000000027,13,87.00000000000091,swap,notBad
13980,13,92.20000000000027,13,87.00000000000091,swap,notBad
13981,13,92.20000000000027,13,87.00000000000091,2opt,notBad
13982,13,92.20000000000027,13,87.00000000000091,swap,notBad
13983,13,92.20000000000027,13,87.00000000000091,2opt,notBad
13984,13,92.20000000000027,13,87.00000000000091,move,improve
13985,13,92.20000000000027,13,87.00000000000091,swap,notBad
13986,13,92.20000000000027,13,87.00000000000091,2opt,notBad
13987,13,92.20000000000027,13,87.00000000000091,2opt,notBad
13988,13,92.20000000000027,13,87.00000000000091,move,improve
13989,13,92.20000000000027,13,87.00000000000091,2opt,notBad
13990,13,92.20000000000027,13,87.00000000000091,2opt,notBad
13991,13,92.20000000000027,13,87.00000000000091,2opt,notBad
13992,13,92.20000000000027,13,87.00000000000091,2opt,notBad
13993,13,92.20000000000027,13,87.00000000000091,swap,notBad
13994,13,92.20000000000027,13,87.00000000000091,2opt,notBad
13995,13,92.20000000000027,13,87.00000000000091,2opt,notBad
13996,13,92.20000000000027,13,87.00000000000091,2opt,notBad
13997,13,92.20000000000027,13,87.00000000000091,2opt,notBad
13998,13,92.20000000000027,13,87.00000000000091,swap,notBad
13999,13,92.20000000000027,13,87.00000000000091,2opt,notBad
14000,13,92.20000000000027,13,87.00000000000091,move,improve
14001,13,92.20000000000027,13,87.00000000000091,2opt,notBad
14002,13,92.20000000000027,13,87.00000000000091,move,improve
14003,13,92.20000000000027,13,87.00000000000091,2opt,notBad
14004,13,92.20000000000027,13,87.00000000000091,swap,notBad
14005,13,92.20000000000027,13,87.00000000000091,move,improve
14006,13,92.20000000000027,13,87.00000000000091,move,improve
14007,13,92.20000000000027,13,87.00000000000091,swap,notBad
14008,13,92.20000000000027,13,87.00000000000091,swap,notBad
14009,13,92.20000000000027,13,87.00000000000091,2opt,notBad
14010,13,92.20000000000027,13,87.00000000000091,swap,notBad
14011,13,92.20000000000027,13,87.00000000000091,move,improve
14012,13,92.20000000000027,13,87.00000000000091,swap,notBad
14013,13,92.20000000000027,13,87.00000000000091,2opt,notBad
14014,13,92.20000000000027,13,87.00000000000091,swap,notBad
14015,13,92.20000000000027,13,87.00000000000091,move,improve
14016,13,92.20000000000027,13,87.00000000000091,move,improve
14017,13,92.20000000000027,13,87.00000000000091,swap,notBad
14018,13,92.20000000000027,13,87.00000000000091,swap,notBad
14019,13,92.20000000000027,13,87.00000000000091,swap,notBad
14020,13,92.20000000000027,13,87.00000000000091,swap,notBad
14021,13,92.20000000000027,13,87.00000000000091,move,improve
14022,13,92.20000000000027,13,87.00000000000091,swap,notBad
14023,13,92.20000000000027,13,87.00000000000091,swap,notBad
14024,13,92.20000000000027,13,87.00000000000091,2opt,notBad
14025,13,92.20000000000027,13,87.00000000000091,move,improve
14026,13,92.20000000000027,13,87.00000000000091,swap,notBad
14027,13,92.20000000000027,13,87.00000000000091,move,improve
14028,13,92.20000000000027,13,87.00000000000091,2opt,notBad
14029,13,92.20000000000027,13,87.00000000000091,move,improve
14030,13,92.20000000000027,13,87.00000000000091,move,improve
14031,13,92.20000000000027,13,87.00000000000091,move,improve
14032,13,92.20000000000027,13,87.00000000000091,2opt,notBad
14033,13,92.20000000000027,13,87.00000000000091,swap,notBad
14034,13,92.20000000000027,13,87.00000000000091,move,improve
14035,13,92.20000000000027,13,87.00000000000091,move,improve
14036,13,92.20000000000027,13,87.00000000000091,2opt,notBad
14037,13,92.20000000000027,13,87.00000000000091,move,improve
14038,13,92.20000000000027,13,87.00000000000091,2opt,notBad
14039,13,92.20000000000027,13,87.00000000000091,2opt,notBad
14040,13,92.20000000000027,13,87.00000000000091,swap,notBad
14041,13,92.20000000000027,13,87.00000000000091,swap,notBad
14042,13,92.20000000000027,13,87.00000000000091,move,improve
14043,13,92.20000000000027,13,87.00000000000091,2opt,notBad
14044,13,92.20000000000027,13,87.00000000000091,2opt,notBad
14045,13,92.20000000000027,13,87.00000000000091,swap,notBad
14046,13,92.20000000000027,13,87.00000000000091,swap,notBad
14047,13,92.20000000000027,13,87.00000000000091,swap,notBad
14048,13,92.20000000000027,13,87.00000000000091,2opt,notBad
14049,13,92.20000000000027,13,87.00000000000091,2opt,notBad
14050,13,92.20000000000027,13,87.00000000000091,swap,notBad
14051,13,92.20000000000027,13,87.00000000000091,move,improve
14052,13,92.20000000000027,13,87.00000000000091,swap,notBad
14053,13,92.20000000000027,13,87.00000000000091,2opt,notBad
14054,13,92.20000000000027,13,87.00000000000091,swap,notBad
14055,13,92.20000000000027,13,87.00000000000091,2opt,improve
14056,13,83.40000000000032,13,83.40000000000032,swap,newBest
14057,13,83.40000000000032,13,83.40000000000032,move,improve
14058,13,83.40000000000032,13,83.40000000000032,2opt,improve
14059,13,83.40000000000032,13,83.40000000000032,2opt,notBad
14060,13,83.40000000000032,13,83.40000000000032,move,improve
14061,13,83.40000000000032,13,83.40000000000032,2opt,notBad
14062,13,83.40000000000032,13,83.40000000000032,swap,notBad
14063,13,83.40000000000032,13,83.40000000000032,move,improve
14064,13,83.40000000000032,13,83.40000000000032,2opt,notBad
14065,13,83.40000000000032,13,83.40000000000032,2opt,notBad
14066,13,83.40000000000032,13,83.40000000000032,swap,notBad
14067,13,83.40000000000032,13,83.40000000000032,move,improve
14068,13,83.40000000000032,13,83.40000000000032,move,improve
14069,13,83.40000000000032,13,83.40000000000032,2opt,notBad
14070,13,83.40000000000032,13,83.40000000000032,move,improve
14071,13,83.40000000000032,13,83.40000000000032,swap,notBad
14072,13,83.40000000000032,13,83.40000000000032,swap,notBad
14073,13,83.40000000000032,13,83.40000000000032,2opt,notBad
14074,13,83.40000000000032,13,83.40000000000032,move,improve
14075,13,83.40000000000032,13,83.40000000000032,swap,notBad
14076,13,83.40000000000032,13,83.40000000000032,2opt,notBad
14077,13,83.40000000000032,13,83.40000000000032,move,improve
14078,13,83.40000000000032,13,83.40000000000032,swap,notBad
14079,13,83.40000000000032,13,83.40000000000032,move,improve
14080,13,83.40000000000032,13,83.40000000000032,swap,notBad
14081,13,83.40000000000032,13,83.40000000000032,swap,notBad
14082,13,83.40000000000032,13,83.40000000000032,swap,notBad
14083,13,83.40000000000032,13,83.40000000000032,2opt,notBad
14084,13,83.40000000000032,13,83.40000000000032,swap,notBad
14085,13,83.40000000000032,13,83.40000000000032,2opt,notBad
14086,13,83.40000000000032,13,83.40000000000032,2opt,notBad
14087,13,83.40000000000032,13,83.40000000000032,2opt,notBad
14088,13,83.40000000000032,13,83.40000000000032,2opt,improve
14089,13,83.40000000000032,13,83.40000000000032,2opt,notBad
14090,13,83.40000000000032,13,83.40000000000032,swap,notBad
14091,13,83.40000000000032,13,83.40000000000032,move,improve
14092,13,83.40000000000032,13,83.40000000000032,move,improve
14093,13,83.40000000000032,13,83.40000000000032,move,improve
14094,13,83.40000000000032,13,83.40000000000032,2opt,notBad
14095,13,83.40000000000032,13,83.40000000000032,2opt,improve
14096,13,83.40000000000032,13,83.40000000000032,2opt,notBad
14097,13,83.40000000000032,13,83.40000000000032,2opt,notBad
14098,13,83.40000000000032,13,83.40000000000032,move,improve
14099,13,83.40000000000032,13,83.40000000000032,swap,notBad
14100,13,83.40000000000032,13,83.40000000000032,swap,notBad
14101,13,83.40000000000032,13,83.40000000000032,2opt,notBad
14102,13,83.40000000000032,13,83.40000000000032,move,improve
14103,13,83.40000000000032,13,83.40000000000032,2opt,notBad
14104,13,83.40000000000032,13,83.40000000000032,swap,notBad
14105,13,83.40000000000032,13,83.40000000000032,swap,notBad
14106,13,83.40000000000032,13,83.40000000000032,swap,notBad
14107,13,83.40000000000032,13,83.40000000000032,move,improve
14108,13,83.40000000000032,13,83.40000000000032,swap,notBad
14109,13,83.40000000000032,13,83.40000000000032,2opt,notBad
14110,13,83.40000000000032,13,83.40000000000032,move,improve
14111,13,83.40000000000032,13,83.40000000000032,swap,notBad
14112,13,83.40000000000032,13,83.40000000000032,2opt,notBad
14113,13,83.40000000000032,13,83.40000000000032,swap,notBad
14114,13,83.40000000000032,13,83.40000000000032,2opt,notBad
14115,13,83.40000000000032,13,83.40000000000032,swap,notBad
14116,13,83.40000000000032,13,83.40000000000032,2opt,notBad
14117,13,83.40000000000032,13,83.40000000000032,swap,notBad
14118,13,83.40000000000032,13,83.40000000000032,swap,notBad
14119,13,83.40000000000032,13,83.40000000000032,2opt,notBad
14120,13,83.40000000000032,13,83.40000000000032,2opt,notBad
14121,13,83.40000000000032,13,83.40000000000032,swap,notBad
14122,13,83.40000000000032,13,83.40000000000032,move,improve
14123,13,83.40000000000032,13,83.40000000000032,move,improve
14124,13,83.40000000000032,13,83.40000000000032,2opt,notBad
14125,13,83.40000000000032,13,83.40000000000032,swap,notBad
14126,13,83.40000000000032,13,83.40000000000032,2opt,notBad
14127,13,83.40000000000032,13,83.40000000000032,swap,notBad
14128,13,83.40000000000032,13,83.40000000000032,2opt,notBad
14129,13,83.40000000000032,13,83.40000000000032,2opt,notBad
14130,13,83.40000000000032,13,83.40000000000032,swap,notBad
14131,13,83.40000000000032,13,83.40000000000032,swap,notBad
14132,13,83.40000000000032,13,83.40000000000032,2opt,notBad
14133,13,83.40000000000032,13,83.40000000000032,swap,notBad
14134,13,83.40000000000032,13,83.40000000000032,move,improve
14135,13,83.40000000000032,13,83.40000000000032,swap,notBad
14136,13,83.40000000000032,13,83.40000000000032,move,improve
14137,13,83.40000000000032,13,83.40000000000032,swap,notBad
14138,13,83.40000000000032,13,83.40000000000032,move,improve
14139,13,83.40000000000032,13,83.40000000000032,2opt,notBad
14140,13,83.40000000000032,13,83.40000000000032,move,improve
14141,13,83.40000000000032,13,83.40000000000032,swap,notBad
14142,13,83.40000000000032,13,83.40000000000032,move,improve
14143,13,83.40000000000032,13,83.40000000000032,2opt,notBad
14144,13,83.40000000000032,13,83.40000000000032,move,improve
14145,13,83.40000000000032,13,83.40000000000032,move,improve
14146,13,83.40000000000032,13,83.40000000000032,2opt,improve
14147,13,83.40000000000032,13,83.40000000000032,swap,notBad
14148,13,83.40000000000032,13,83.40000000000032,swap,notBad
14149,13,83.40000000000032,13,83.40000000000032,2opt,notBad
14150,13,83.40000000000032,13,83.40000000000032,swap,notBad
14151,13,83.40000000000032,13,83.40000000000032,swap,notBad
14152,13,83.40000000000032,13,83.40000000000032,move,improve
14153,13,83.40000000000032,13,83.40000000000032,2opt,notBad
14154,13,83.40000000000032,13,83.40000000000032,swap,notBad
14155,13,83.40000000000032,13,83.40000000000032,move,improve
14156,13,83.40000000000032,13,83.40000000000032,swap,notBad
14157,13,83.40000000000032,13,83.40000000000032,2opt,notBad
14158,13,83.40000000000032,13,83.40000000000032,move,improve
14159,13,83.40000000000032,13,83.40000000000032,move,improve
14160,13,83.40000000000032,13,83.40000000000032,move,improve
14161,13,83.40000000000032,13,83.40000000000032,swap,notBad
14162,13,83.00000000000114,13,83.00000000000114,2opt,newBest
14163,13,83.00000000000114,13,83.00000000000114,move,improve
14164,13,83.00000000000114,13,83.00000000000114,2opt,notBad
14165,13,83.00000000000114,13,83.00000000000114,move,improve
14166,13,83.00000000000114,13,83.00000000000114,swap,notBad
14167,13,83.00000000000114,13,83.00000000000114,move,improve
14168,13,83.00000000000114,13,83.00000000000114,2opt,notBad
14169,13,83.00000000000114,13,83.00000000000114,2opt,notBad
14170,13,83.00000000000114,13,83.00000000000114,move,improve
14171,13,83.00000000000114,13,83.00000000000114,move,improve
14172,13,83.00000000000114,13,83.00000000000114,2opt,improve
14173,13,83.00000000000114,13,83.00000000000114,2opt,notBad
14174,13,83.00000000000114,13,83.00000000000114,move,improve
14175,13,83.00000000000114,13,83.00000000000114,2opt,notBad
14176,13,83.00000000000114,13,83.00000000000114,move,improve
14177,13,83.00000000000114,13,83.00000000000114,2opt,notBad
14178,13,83.00000000000114,13,83.00000000000114,swap,notBad
14179,13,83.00000000000114,13,83.00000000000114,swap,notBad
14180,13,83.00000000000114,13,83.00000000000114,move,improve
14181,13,83.00000000000114,13,83.00000000000114,2opt,notBad
14182,13,83.00000000000114,13,83.00000000000114,swap,notBad
14183,13,83.00000000000114,13,83.00000000000114,move,improve
14184,13,83.00000000000114,13,83.00000000000114,2opt,notBad
14185,13,83.00000000000114,13,83.00000000000114,swap,notBad
14186,13,83.00000000000114,13,83.00000000000114,2opt,notBad
14187,13,83.00000000000114,13,83.00000000000114,2opt,notBad
14188,13,83.00000000000114,13,83.00000000000114,2opt,notBad
14189,13,83.00000000000114,13,83.00000000000114,swap,notBad
14190,13,83.00000000000114,13,83.00000000000114,swap,notBad
14191,13,83.00000000000114,13,83.00000000000114,2opt,notBad
14192,13,83.00000000000114,13,83.00000000000114,move,improve
14193,13,83.00000000000114,13,83.00000000000114,swap,notBad
14194,13,83.00000000000114,13,83.00000000000114,move,improve
14195,13,83.00000000000114,13,83.00000000000114,2opt,notBad
14196,13,83.00000000000114,13,83.00000000000114,move,improve
14197,13,83.00000000000114,13,83.00000000000114,2opt,notBad
14198,13,83.00000000000114,13,83.00000000000114,swap,notBad
14199,13,83.00000000000114,13,83.00000000000114,move,improve
14200,13,83.00000000000114,13,83.00000000000114,2opt,notBad
14201,13,83.00000000000114,13,83.00000000000114,move,improve
14202,13,83.00000000000114,13,83.00000000000114,move,improve
14203,13,83.00000000000114,13,83.00000000000114,move,improve
14204,13,83.00000000000114,13,83.00000000000114,move,notBad
14205,13,83.00000000000114,13,83.00000000000114,move,improve
14206,13,83.00000000000114,13,83.00000000000114,move,improve
14207,13,83.00000000000114,13,83.00000000000114,swap,notBad
14208,13,83.00000000000114,13,83.00000000000114,2opt,improve
14209,13,83.00000000000114,13,83.00000000000114,swap,notBad
14210,13,83.00000000000114,13,83.00000000000114,swap,notBad
14211,13,83.00000000000114,13,83.00000000000114,move,improve
14212,13,83.00000000000114,13,83.00000000000114,swap,notBad
14213,13,83.00000000000114,13,83.00000000000114,swap,notBad
14214,13,83.00000000000114,13,83.00000000000114,move,improve
14215,13,83.00000000000114,13,83.00000000000114,move,improve
14216,13,83.00000000000114,13,83.00000000000114,swap,notBad
14217,13,83.00000000000114,13,83.00000000000114,2opt,notBad
14218,13,83.00000000000114,13,83.00000000000114,move,improve
14219,13,83.00000000000114,13,83.00000000000114,2opt,notBad
14220,13,83.00000000000114,13,83.00000000000114,2opt,notBad
14221,13,83.00000000000114,13,83.00000000000114,2opt,notBad
14222,13,83.00000000000114,13,83.00000000000114,2opt,notBad
14223,13,83.00000000000114,13,83.00000000000114,2opt,notBad
14224,13,83.00000000000114,13,83.00000000000114,swap,notBad
14225,13,83.00000000000114,13,83.00000000000114,move,improve
14226,13,83.00000000000114,13,83.00000000000114,2opt,notBad
14227,13,83.00000000000114,13,83.00000000000114,swap,notBad
14228,13,83.00000000000114,13,83.00000000000114,move,improve
14229,13,83.00000000000114,13,83.00000000000114,move,improve
14230,13,83.00000000000114,13,83.00000000000114,2opt,notBad
14231,13,83.00000000000114,13,83.00000000000114,swap,notBad
14232,13,83.00000000000114,13,83.00000000000114,2opt,notBad
14233,13,83.00000000000114,13,83.00000000000114,2opt,notBad
14234,13,83.00000000000114,13,83.00000000000114,2opt,notBad
14235,13,83.00000000000114,13,83.00000000000114,2opt,notBad
14236,13,83.00000000000114,13,83.00000000000114,move,improve
14237,13,83.00000000000114,13,83.00000000000114,2opt,notBad
14238,13,83.00000000000114,13,83.00000000000114,move,improve
14239,13,83.00000000000114,13,83.00000000000114,move,improve
14240,13,83.00000000000114,13,83.00000000000114,swap,notBad
14241,13,83.00000000000114,13,83.00000000000114,swap,notBad
14242,13,83.00000000000114,13,83.00000000000114,2opt,notBad
14243,13,83.00000000000114,13,83.00000000000114,swap,notBad
14244,13,83.00000000000114,13,83.00000000000114,2opt,notBad
14245,13,83.00000000000114,13,83.00000000000114,swap,notBad
14246,13,83.00000000000114,13,83.00000000000114,2opt,notBad
14247,13,83.00000000000114,13,83.00000000000114,2opt,notBad
14248,13,83.00000000000114,13,83.00000000000114,move,improve
14249,13,83.00000000000114,13,83.00000000000114,move,improve
14250,13,83.00000000000114,13,83.00000000000114,swap,notBad
14251,13,83.00000000000114,13,83.00000000000114,swap,notBad
14252,13,83.00000000000114,13,83.00000000000114,swap,notBad
14253,13,83.00000000000114,13,83.00000000000114,swap,notBad
14254,13,83.00000000000114,13,83.00000000000114,swap,notBad
14255,13,83.00000000000114,13,83.00000000000114,move,improve
14256,13,83.00000000000114,13,83.00000000000114,swap,notBad
14257,13,83.00000000000114,13,83.00000000000114,2opt,notBad
14258,13,83.00000000000114,13,83.00000000000114,swap,notBad
14259,13,83.00000000000114,13,83.00000000000114,swap,notBad
14260,13,83.00000000000114,13,83.00000000000114,swap,notBad
14261,13,83.00000000000114,13,83.00000000000114,2opt,notBad
14262,13,83.00000000000114,13,83.00000000000114,swap,notBad
14263,13,83.00000000000114,13,83.00000000000114,move,improve
14264,13,83.00000000000114,13,83.00000000000114,swap,notBad
14265,13,83.00000000000114,13,83.00000000000114,move,improve
14266,13,83.00000000000114,13,83.00000000000114,swap,notBad
14267,13,83.00000000000114,13,83.00000000000114,2opt,notBad
14268,13,83.00000000000114,13,83.00000000000114,swap,notBad
14269,13,83.00000000000114,13,83.00000000000114,swap,notBad
14270,13,83.00000000000114,13,83.00000000000114,swap,notBad
14271,13,83.00000000000114,13,83.00000000000114,swap,notBad
14272,13,83.00000000000114,13,83.00000000000114,move,improve
14273,13,83.00000000000114,13,83.00000000000114,swap,notBad
14274,13,83.00000000000114,13,83.00000000000114,move,improve
14275,13,83.00000000000114,13,83.00000000000114,move,improve
14276,13,83.00000000000114,13,83.00000000000114,swap,notBad
14277,13,83.00000000000114,13,83.00000000000114,swap,notBad
14278,13,83.00000000000114,13,83.00000000000114,move,improve
14279,13,83.00000000000114,13,83.00000000000114,move,improve
14280,13,83.00000000000114,13,83.00000000000114,move,improve
14281,13,83.00000000000114,13,83.00000000000114,2opt,notBad
14282,13,83.00000000000114,13,83.00000000000114,2opt,notBad
14283,13,83.00000000000114,13,83.00000000000114,swap,notBad
14284,13,83.00000000000114,13,83.00000000000114,move,improve
14285,13,83.00000000000114,13,83.00000000000114,move,improve
14286,13,83.00000000000114,13,83.00000000000114,2opt,notBad
14287,13,83.00000000000114,13,83.00000000000114,swap,notBad
14288,13,83.00000000000114,13,83.00000000000114,2opt,notBad
14289,13,83.00000000000114,13,83.00000000000114,move,improve
14290,13,83.00000000000114,13,83.00000000000114,swap,notBad
14291,13,83.00000000000114,13,83.00000000000114,swap,notBad
14292,13,83.00000000000114,13,83.00000000000114,swap,notBad
14293,13,83.00000000000114,13,83.00000000000114,2opt,notBad
14294,13,83.00000000000114,13,83.00000000000114,move,improve
14295,13,83.00000000000114,13,83.00000000000114,move,improve
14296,13,83.00000000000114,13,83.00000000000114,2opt,improve
14297,13,83.00000000000114,13,83.00000000000114,move,notBad
14298,13,83.00000000000114,13,83.00000000000114,swap,notBad
14299,13,83.00000000000114,13,83.00000000000114,move,improve
14300,13,83.00000000000114,13,83.00000000000114,2opt,notBad
14301,13,83.00000000000114,13,83.00000000000114,move,improve
14302,13,83.00000000000114,13,83.00000000000114,move,improve
14303,13,83.00000000000114,13,83.00000000000114,swap,notBad
14304,13,83.00000000000114,13,83.00000000000114,swap,notBad
14305,13,83.00000000000114,13,83.00000000000114,2opt,notBad
14306,13,83.00000000000114,13,83.00000000000114,swap,notBad
14307,13,83.00000000000114,13,83.00000000000114,2opt,notBad
14308,13,83.00000000000114,13,83.00000000000114,2opt,notBad
14309,13,83.00000000000114,13,83.00000000000114,move,improve
14310,13,83.00000000000114,13,83.00000000000114,move,improve
14311,13,83.00000000000114,13,83.00000000000114,2opt,notBad
14312,13,83.00000000000114,13,83.00000000000114,move,improve
14313,13,83.00000000000114,13,83.00000000000114,swap,notBad
14314,13,83.00000000000114,13,83.00000000000114,move,improve
14315,13,83.00000000000114,13,83.00000000000114,move,improve
14316,13,83.00000000000114,13,83.00000000000114,2opt,notBad
14317,13,83.00000000000114,13,83.00000000000114,2opt,notBad
14318,13,83.00000000000114,13,83.00000000000114,swap,notBad
14319,13,83.00000000000114,13,83.00000000000114,2opt,notBad
14320,13,83.00000000000114,13,83.00000000000114,2opt,notBad
14321,13,83.00000000000114,13,83.00000000000114,move,improve
14322,13,83.00000000000114,13,83.00000000000114,swap,notBad
14323,13,83.00000000000114,13,83.00000000000114,move,improve
14324,13,83.00000000000114,13,83.00000000000114,swap,notBad
14325,13,83.00000000000114,13,83.00000000000114,2opt,notBad
14326,13,83.00000000000114,13,83.00000000000114,move,improve
14327,13,83.00000000000114,13,83.00000000000114,swap,notBad
14328,13,83.00000000000114,13,83.00000000000114,2opt,notBad
14329,13,83.00000000000114,13,83.00000000000114,swap,notBad
14330,13,83.00000000000114,13,83.00000000000114,move,improve
14331,13,83.00000000000114,13,83.00000000000114,move,improve
14332,13,83.00000000000114,13,83.00000000000114,move,improve
14333,13,83.00000000000114,13,83.00000000000114,move,improve
14334,13,83.00000000000114,13,83.00000000000114,move,improve
14335,13,83.00000000000114,13,83.00000000000114,swap,notBad
14336,13,83.00000000000114,13,83.00000000000114,swap,notBad
14337,13,83.00000000000114,13,83.00000000000114,swap,notBad
14338,13,83.00000000000114,13,83.00000000000114,move,improve
14339,13,83.00000000000114,13,83.00000000000114,2opt,notBad
14340,13,83.00000000000114,13,83.00000000000114,swap,notBad
14341,13,83.00000000000114,13,83.00000000000114,swap,notBad
14342,13,83.00000000000114,13,83.00000000000114,2opt,notBad
14343,13,83.00000000000114,13,83.00000000000114,2opt,notBad
14344,13,83.00000000000114,13,83.00000000000114,move,improve
14345,13,83.00000000000114,13,83.00000000000114,swap,notBad
14346,13,83.00000000000114,13,83.00000000000114,move,improve
14347,13,83.00000000000114,13,83.00000000000114,2opt,notBad
14348,13,83.00000000000114,13,83.00000000000114,move,improve
14349,13,83.00000000000114,13,83.00000000000114,move,improve
14350,13,83.00000000000114,13,83.00000000000114,swap,notBad
14351,13,83.00000000000114,13,83.00000000000114,move,improve
14352,13,83.00000000000114,13,83.00000000000114,move,improve
14353,13,83.00000000000114,13,83.00000000000114,2opt,notBad
14354,13,83.00000000000114,13,83.00000000000114,swap,notBad
14355,13,83.00000000000114,13,83.00000000000114,move,improve
14356,13,83.00000000000114,13,83.00000000000114,2opt,notBad
14357,13,83.00000000000114,13,83.00000000000114,2opt,notBad
14358,13,83.00000000000114,13,83.00000000000114,2opt,notBad
14359,13,83.00000000000114,13,83.00000000000114,2opt,notBad
14360,13,83.00000000000114,13,83.00000000000114,move,improve
14361,13,83.00000000000114,13,83.00000000000114,swap,notBad
14362,13,83.00000000000114,13,83.00000000000114,swap,notBad
14363,13,83.00000000000114,13,83.00000000000114,move,improve
14364,13,83.00000000000114,13,83.00000000000114,swap,notBad
14365,13,83.00000000000114,13,83.00000000000114,move,improve
14366,13,83.00000000000114,13,83.00000000000114,move,improve
14367,13,83.00000000000114,13,83.00000000000114,move,improve
14368,13,83.00000000000114,13,83.00000000000114,2opt,notBad
14369,13,83.00000000000114,13,83.00000000000114,2opt,notBad
14370,13,83.00000000000114,13,83.00000000000114,move,improve
14371,13,83.00000000000114,13,83.00000000000114,2opt,notBad
14372,13,83.00000000000114,13,83.00000000000114,swap,notBad
14373,13,83.00000000000114,13,83.00000000000114,move,notBad
14374,13,83.00000000000114,13,83.00000000000114,move,improve
14375,13,83.00000000000114,13,83.00000000000114,2opt,notBad
14376,13,83.00000000000114,13,83.00000000000114,2opt,improve
14377,13,83.00000000000114,13,83.00000000000114,2opt,notBad
14378,13,83.00000000000114,13,83.00000000000114,move,improve
14379,13,83.00000000000114,13,83.00000000000114,2opt,notBad
14380,13,83.00000000000114,13,83.00000000000114,swap,notBad
14381,13,83.00000000000114,13,83.00000000000114,2opt,improve
14382,13,83.00000000000114,13,83.00000000000114,swap,notBad
14383,13,83.00000000000114,13,83.00000000000114,swap,notBad
14384,13,83.00000000000114,13,83.00000000000114,2opt,notBad
14385,13,83.00000000000114,13,83.00000000000114,swap,notBad
14386,13,83.00000000000114,13,83.00000000000114,move,improve
14387,13,83.00000000000114,13,83.00000000000114,move,improve
14388,13,83.00000000000114,13,83.00000000000114,move,improve
14389,13,83.00000000000114,13,83.00000000000114,move,improve
14390,13,83.00000000000114,13,83.00000000000114,move,improve
14391,13,83.00000000000114,13,83.00000000000114,2opt,notBad
14392,13,83.00000000000114,13,83.00000000000114,swap,notBad
14393,13,83.00000000000114,13,83.00000000000114,move,improve
14394,13,83.00000000000114,13,83.00000000000114,move,improve
14395,13,83.00000000000114,13,83.00000000000114,move,improve
14396,13,83.00000000000114,13,83.00000000000114,move,improve
14397,13,83.00000000000114,13,83.00000000000114,move,improve
14398,13,83.00000000000114,13,83.00000000000114,2opt,notBad
14399,13,83.00000000000114,13,83.00000000000114,2opt,notBad
14400,13,83.00000000000114,13,83.00000000000114,swap,notBad
14401,13,83.00000000000114,13,83.00000000000114,move,improve
14402,13,83.00000000000114,13,83.00000000000114,2opt,notBad
14403,13,83.00000000000114,13,83.00000000000114,swap,notBad
14404,13,83.00000000000114,13,83.00000000000114,2opt,notBad
14405,13,83.00000000000114,13,83.00000000000114,swap,notBad
14406,13,83.00000000000114,13,83.00000000000114,move,improve
14407,13,83.00000000000114,13,83.00000000000114,2opt,notBad
14408,13,83.00000000000114,13,83.00000000000114,2opt,notBad
14409,13,83.00000000000114,13,83.00000000000114,move,improve
14410,13,83.00000000000114,13,83.00000000000114,2opt,improve
14411,13,83.00000000000114,13,83.00000000000114,2opt,notBad
14412,13,83.00000000000114,13,83.00000000000114,2opt,notBad
14413,13,83.00000000000114,13,83.00000000000114,swap,notBad
14414,13,83.00000000000114,13,83.00000000000114,swap,notBad
14415,13,83.00000000000114,13,83.00000000000114,2opt,notBad
14416,13,83.00000000000114,13,83.00000000000114,move,improve
14417,13,83.00000000000114,13,83.00000000000114,swap,notBad
14418,13,83.00000000000114,13,83.00000000000114,move,improve
14419,13,83.00000000000114,13,83.00000000000114,move,improve
14420,13,83.00000000000114,13,83.00000000000114,swap,notBad
14421,13,83.00000000000114,13,83.00000000000114,swap,notBad
14422,13,83.00000000000114,13,83.00000000000114,move,improve
14423,13,83.00000000000114,13,83.00000000000114,move,improve
14424,13,83.00000000000114,13,83.00000000000114,move,improve
14425,13,83.00000000000114,13,83.00000000000114,move,improve
14426,13,83.00000000000114,13,83.00000000000114,swap,notBad
14427,13,83.00000000000114,13,83.00000000000114,2opt,notBad
14428,13,83.00000000000114,13,83.00000000000114,2opt,notBad
14429,13,83.00000000000114,13,83.00000000000114,2opt,notBad
14430,13,83.00000000000114,13,83.00000000000114,move,improve
14431,13,83.00000000000114,13,83.00000000000114,2opt,notBad
14432,13,83.00000000000114,13,83.00000000000114,2opt,notBad
14433,13,83.00000000000114,13,83.00000000000114,2opt,notBad
14434,13,83.00000000000114,13,83.00000000000114,move,improve
14435,13,83.00000000000114,13,83.00000000000114,move,improve
14436,13,83.00000000000114,13,83.00000000000114,2opt,notBad
14437,13,83.00000000000114,13,83.00000000000114,2opt,notBad
14438,13,83.00000000000114,13,83.00000000000114,2opt,notBad
14439,13,83.00000000000114,13,83.00000000000114,swap,notBad
14440,13,83.00000000000114,13,83.00000000000114,move,improve
14441,13,83.00000000000114,13,83.00000000000114,swap,notBad
14442,13,83.00000000000114,13,83.00000000000114,move,improve
14443,13,83.00000000000114,13,83.00000000000114,swap,notBad
14444,13,83.00000000000114,13,83.00000000000114,2opt,notBad
14445,13,83.00000000000114,13,83.00000000000114,2opt,notBad
14446,13,83.00000000000114,13,83.00000000000114,move,improve
14447,13,83.00000000000114,13,83.00000000000114,swap,notBad
14448,13,83.00000000000114,13,83.00000000000114,swap,notBad
14449,13,83.00000000000114,13,83.00000000000114,move,improve
14450,13,83.00000000000114,13,83.00000000000114,swap,notBad
14451,13,83.00000000000114,13,83.00000000000114,move,improve
14452,13,83.00000000000114,13,83.00000000000114,swap,notBad
14453,13,83.00000000000114,13,83.00000000000114,2opt,improve
14454,13,83.00000000000114,13,83.00000000000114,move,improve
14455,13,83.00000000000114,13,83.00000000000114,swap,notBad
14456,13,83.00000000000114,13,83.00000000000114,swap,notBad
14457,13,83.00000000000114,13,83.00000000000114,move,improve
14458,13,83.00000000000114,13,83.00000000000114,swap,notBad
14459,13,83.00000000000114,13,83.00000000000114,2opt,notBad
14460,13,83.00000000000114,13,83.00000000000114,move,improve
14461,13,83.00000000000114,13,83.00000000000114,2opt,notBad
14462,13,83.00000000000114,13,83.00000000000114,swap,notBad
14463,13,83.00000000000114,13,83.00000000000114,move,improve
14464,13,83.00000000000114,13,83.00000000000114,move,improve
14465,13,83.00000000000114,13,83.00000000000114,2opt,notBad
14466,13,83.00000000000114,13,83.00000000000114,2opt,notBad
14467,13,83.00000000000114,13,83.00000000000114,swap,notBad
14468,13,83.00000000000114,13,83.00000000000114,2opt,notBad
14469,13,83.00000000000114,13,83.00000000000114,move,improve
14470,13,83.00000000000114,13,83.00000000000114,move,improve
14471,13,83.00000000000114,13,83.00000000000114,move,improve
14472,13,83.00000000000114,13,83.00000000000114,2opt,notBad
14473,13,83.00000000000114,13,83.00000000000114,move,improve
14474,13,83.00000000000114,13,83.00000000000114,move,improve
14475,13,83.00000000000114,13,83.00000000000114,2opt,notBad
14476,13,83.00000000000114,13,83.00000000000114,2opt,notBad
14477,13,83.00000000000114,13,83.00000000000114,swap,notBad
14478,13,83.00000000000114,13,83.00000000000114,swap,notBad
14479,13,83.00000000000114,13,83.00000000000114,move,improve
14480,13,83.00000000000114,13,83.00000000000114,move,improve
14481,13,83.00000000000114,13,83.00000000000114,swap,notBad
14482,13,83.00000000000114,13,83.00000000000114,move,improve
14483,13,83.00000000000114,13,83.00000000000114,move,improve
14484,13,83.00000000000114,13,83.00000000000114,2opt,notBad
14485,13,83.00000000000114,13,83.00000000000114,move,improve
14486,13,83.00000000000114,13,83.00000000000114,swap,notBad
14487,13,83.00000000000114,13,83.00000000000114,move,improve
14488,13,83.00000000000114,13,83.00000000000114,swap,notBad
14489,13,83.00000000000114,13,83.00000000000114,2opt,improve
14490,13,83.00000000000114,13,83.00000000000114,2opt,notBad
14491,13,83.00000000000114,13,83.00000000000114,swap,notBad
14492,13,83.00000000000114,13,83.00000000000114,2opt,notBad
14493,13,83.00000000000114,13,83.00000000000114,swap,notBad
14494,13,83.00000000000114,13,83.00000000000114,move,improve
14495,13,83.00000000000114,13,83.00000000000114,swap,notBad
14496,13,83.00000000000114,13,83.00000000000114,move,improve
14497,13,83.00000000000114,13,83.00000000000114,swap,notBad
14498,13,83.00000000000114,13,83.00000000000114,swap,notBad
14499,13,83.00000000000114,13,83.00000000000114,2opt,notBad
14500,13,83.00000000000114,13,83.00000000000114,2opt,notBad
14501,13,83.00000000000114,13,83.00000000000114,swap,notBad
14502,13,83.00000000000114,13,83.00000000000114,move,improve
14503,13,83.00000000000114,13,83.00000000000114,swap,notBad
14504,13,83.00000000000114,13,83.00000000000114,swap,notBad
14505,13,83.00000000000114,13,83.00000000000114,move,improve
14506,13,83.00000000000114,13,83.00000000000114,2opt,notBad
14507,13,83.00000000000114,13,83.00000000000114,2opt,notBad
14508,13,83.00000000000114,13,83.00000000000114,swap,notBad
14509,13,83.00000000000114,13,83.00000000000114,move,notBad
14510,13,83.00000000000114,13,83.00000000000114,move,improve
14511,13,83.00000000000114,13,83.00000000000114,move,improve
14512,13,83.00000000000114,13,83.00000000000114,move,improve
14513,13,85.6000000000015,13,83.00000000000114,swap,acceptBad
14514,13,85.6000000000015,13,83.00000000000114,2opt,notBad
14515,13,85.6000000000015,13,83.00000000000114,swap,notBad
14516,13,85.6000000000015,13,83.00000000000114,swap,notBad
14517,13,85.6000000000015,13,83.00000000000114,swap,notBad
14518,13,85.6000000000015,13,83.00000000000114,2opt,notBad
14519,13,85.6000000000015,13,83.00000000000114,swap,notBad
14520,13,85.6000000000015,13,83.00000000000114,swap,notBad
14521,13,85.6000000000015,13,83.00000000000114,2opt,notBad
14522,13,85.6000000000015,13,83.00000000000114,swap,notBad
14523,13,85.6000000000015,13,83.00000000000114,swap,notBad
14524,13,85.6000000000015,13,83.00000000000114,2opt,notBad
14525,13,85.6000000000015,13,83.00000000000114,move,improve
14526,13,85.6000000000015,13,83.00000000000114,2opt,improve
14527,13,85.6000000000015,13,83.00000000000114,2opt,notBad
14528,13,85.6000000000015,13,83.00000000000114,2opt,notBad
14529,13,85.6000000000015,13,83.00000000000114,move,improve
14530,13,85.6000000000015,13,83.00000000000114,2opt,notBad
14531,13,85.6000000000015,13,83.00000000000114,move,improve
14532,13,85.6000000000015,13,83.00000000000114,swap,notBad
14533,13,85.6000000000015,13,83.00000000000114,move,improve
14534,13,85.6000000000015,13,83.00000000000114,move,improve
14535,13,85.6000000000015,13,83.00000000000114,2opt,notBad
14536,13,85.6000000000015,13,83.00000000000114,2opt,notBad
14537,13,85.6000000000015,13,83.00000000000114,2opt,notBad
14538,13,85.6000000000015,13,83.00000000000114,2opt,notBad
14539,13,85.6000000000015,13,83.00000000000114,move,improve
14540,13,85.6000000000015,13,83.00000000000114,swap,notBad
14541,13,85.6000000000015,13,83.00000000000114,2opt,notBad
14542,13,85.6000000000015,13,83.00000000000114,swap,notBad
14543,13,85.6000000000015,13,83.00000000000114,swap,notBad
14544,13,85.6000000000015,13,83.00000000000114,2opt,notBad
14545,13,85.6000000000015,13,83.00000000000114,swap,notBad
14546,13,85.6000000000015,13,83.00000000000114,2opt,notBad
14547,13,85.6000000000015,13,83.00000000000114,swap,notBad
14548,13,85.6000000000015,13,83.00000000000114,swap,notBad
14549,13,85.6000000000015,13,83.00000000000114,2opt,notBad
14550,13,85.6000000000015,13,83.00000000000114,move,improve
14551,13,85.6000000000015,13,83.00000000000114,move,improve
14552,13,85.6000000000015,13,83.00000000000114,swap,notBad
14553,13,85.6000000000015,13,83.00000000000114,move,improve
14554,13,85.6000000000015,13,83.00000000000114,2opt,notBad
14555,13,85.6000000000015,13,83.00000000000114,move,improve
14556,13,85.6000000000015,13,83.00000000000114,move,improve
14557,13,85.6000000000015,13,83.00000000000114,swap,notBad
14558,13,85.6000000000015,13,83.00000000000114,move,improve
14559,13,85.6000000000015,13,83.00000000000114,swap,notBad
14560,13,85.6000000000015,13,83.00000000000114,swap,notBad
14561,13,85.6000000000015,13,83.00000000000114,2opt,notBad
14562,13,85.6000000000015,13,83.00000000000114,move,improve
14563,13,85.6000000000015,13,83.00000000000114,2opt,notBad
14564,13,85.6000000000015,13,83.00000000000114,2opt,notBad
14565,13,85.6000000000015,13,83.00000000000114,move,improve
14566,13,85.6000000000015,13,83.00000000000114,move,improve
14567,13,85.6000000000015,13,83.00000000000114,move,improve
14568,13,85.6000000000015,13,83.00000000000114,2opt,notBad
14569,13,85.6000000000015,13,83.00000000000114,move,improve
14570,13,85.6000000000015,13,83.00000000000114,swap,notBad
14571,13,85.6000000000015,13,83.00000000000114,swap,notBad
14572,13,85.6000000000015,13,83.00000000000114,2opt,improve
14573,13,85.6000000000015,13,83.00000000000114,2opt,notBad
14574,13,85.6000000000015,13,83.00000000000114,swap,notBad
14575,13,85.6000000000015,13,83.00000000000114,2opt,notBad
14576,13,85.6000000000015,13,83.00000000000114,2opt,notBad
14577,13,85.6000000000015,13,83.00000000000114,2opt,notBad
14578,13,85.6000000000015,13,83.00000000000114,2opt,notBad
14579,13,85.6000000000015,13,83.00000000000114,swap,notBad
14580,13,85.6000000000015,13,83.00000000000114,swap,notBad
14581,13,85.6000000000015,13,83.00000000000114,2opt,notBad
14582,13,89.80000000000064,13,83.00000000000114,swap,acceptBad
14583,13,89.80000000000064,13,83.00000000000114,2opt,notBad
14584,13,89.80000000000064,13,83.00000000000114,move,improve
14585,13,89.80000000000064,13,83.00000000000114,2opt,notBad
14586,13,89.80000000000064,13,83.00000000000114,2opt,notBad
14587,13,89.80000000000064,13,83.00000000000114,2opt,notBad
14588,13,89.80000000000064,13,83.00000000000114,swap,notBad
14589,13,89.80000000000064,13,83.00000000000114,move,improve
14590,13,89.80000000000064,13,83.00000000000114,move,improve
14591,13,89.80000000000064,13,83.00000000000114,move,improve
14592,13,89.80000000000064,13,83.00000000000114,2opt,notBad
14593,13,89.80000000000064,13,83.00000000000114,move,improve
14594,13,89.80000000000064,13,83.00000000000114,2opt,notBad
14595,13,89.80000000000064,13,83.00000000000114,2opt,notBad
14596,13,89.80000000000064,13,83.00000000000114,2opt,notBad
14597,13,89.80000000000064,13,83.00000000000114,swap,notBad
14598,13,89.80000000000064,13,83.00000000000114,swap,notBad
14599,13,89.80000000000064,13,83.00000000000114,2opt,improve
14600,13,89.80000000000064,13,83.00000000000114,2opt,notBad
14601,13,89.80000000000064,13,83.00000000000114,move,improve
14602,13,89.80000000000064,13,83.00000000000114,swap,notBad
14603,13,89.80000000000064,13,83.00000000000114,2opt,notBad
14604,13,89.80000000000064,13,83.00000000000114,2opt,notBad
14605,13,89.80000000000064,13,83.00000000000114,2opt,notBad
14606,13,89.80000000000064,13,83.00000000000114,2opt,notBad
14607,13,89.80000000000064,13,83.00000000000114,move,improve
14608,13,89.80000000000064,13,83.00000000000114,swap,notBad
14609,13,89.80000000000064,13,83.00000000000114,swap,notBad
14610,13,89.80000000000064,13,83.00000000000114,move,improve
14611,13,89.80000000000064,13,83.00000000000114,2opt,notBad
14612,13,89.80000000000064,13,83.00000000000114,move,improve
14613,13,89.80000000000064,13,83.00000000000114,move,improve
14614,13,89.80000000000064,13,83.00000000000114,swap,notBad
14615,13,89.80000000000064,13,83.00000000000114,2opt,notBad
14616,13,89.80000000000064,13,83.00000000000114,2opt,notBad
14617,13,89.80000000000064,13,83.00000000000114,swap,notBad
14618,13,89.80000000000064,13,83.00000000000114,2opt,notBad
14619,13,89.80000000000064,13,83.00000000000114,swap,notBad
14620,13,89.80000000000064,13,83.00000000000114,swap,notBad
14621,13,89.80000000000064,13,83.00000000000114,move,improve
14622,13,89.80000000000064,13,83.00000000000114,swap,notBad
14623,13,89.80000000000064,13,83.00000000000114,swap,notBad
14624,13,89.80000000000064,13,83.00000000000114,move,improve
14625,13,89.80000000000064,13,83.00000000000114,move,improve
14626,13,89.80000000000064,13,83.00000000000114,2opt,notBad
14627,13,89.80000000000064,13,83.00000000000114,swap,notBad
14628,13,89.80000000000064,13,83.00000000000114,move,improve
14629,13,89.80000000000064,13,83.00000000000114,2opt,notBad
14630,13,89.80000000000064,13,83.00000000000114,2opt,notBad
14631,13,89.80000000000064,13,83.00000000000114,swap,notBad
14632,13,89.80000000000064,13,83.00000000000114,move,improve
14633,13,89.80000000000064,13,83.00000000000114,2opt,notBad
14634,13,89.80000000000064,13,83.00000000000114,2opt,notBad
14635,13,89.80000000000064,13,83.00000000000114,move,improve
14636,13,89.80000000000064,13,83.00000000000114,2opt,notBad
14637,13,89.80000000000064,13,83.00000000000114,2opt,notBad
14638,13,89.80000000000064,13,83.00000000000114,2opt,notBad
14639,13,89.80000000000064,13,83.00000000000114,move,improve
14640,13,89.80000000000064,13,83.00000000000114,swap,notBad
14641,13,89.80000000000064,13,83.00000000000114,2opt,notBad
14642,13,89.80000000000064,13,83.00000000000114,2opt,notBad
14643,13,89.80000000000064,13,83.00000000000114,2opt,notBad
14644,13,89.80000000000064,13,83.00000000000114,swap,notBad
14645,13,89.80000000000064,13,83.00000000000114,2opt,notBad
14646,13,89.80000000000064,13,83.00000000000114,2opt,notBad
14647,13,89.80000000000064,13,83.00000000000114,swap,notBad
14648,13,89.80000000000064,13,83.00000000000114,2opt,notBad
14649,13,89.80000000000064,13,83.00000000000114,move,improve
14650,13,89.80000000000064,13,83.00000000000114,2opt,notBad
14651,13,89.80000000000064,13,83.00000000000114,move,improve
14652,13,89.80000000000064,13,83.00000000000114,swap,notBad
14653,13,89.80000000000064,13,83.00000000000114,2opt,notBad
14654,13,89.80000000000064,13,83.00000000000114,swap,notBad
14655,13,89.80000000000064,13,83.00000000000114,move,improve
14656,13,89.80000000000064,13,83.00000000000114,2opt,notBad
14657,13,89.80000000000064,13,83.00000000000114,2opt,notBad
14658,13,89.80000000000064,13,83.00000000000114,2opt,notBad
14659,13,89.80000000000064,13,83.00000000000114,swap,notBad
14660,13,89.80000000000064,13,83.00000000000114,move,improve
14661,13,89.80000000000064,13,83.00000000000114,2opt,notBad
14662,13,89.80000000000064,13,83.00000000000114,move,improve
14663,13,89.80000000000064,13,83.00000000000114,2opt,improve
14664,13,89.80000000000064,13,83.00000000000114,move,improve
14665,13,89.80000000000064,13,83.00000000000114,2opt,notBad
14666,13,89.80000000000064,13,83.00000000000114,2opt,notBad
14667,13,89.80000000000064,13,83.00000000000114,move,improve
14668,13,89.80000000000064,13,83.00000000000114,2opt,notBad
14669,13,89.80000000000064,13,83.00000000000114,2opt,notBad
14670,13,89.80000000000064,13,83.00000000000114,2opt,notBad
14671,13,89.80000000000064,13,83.00000000000114,swap,notBad
14672,13,89.80000000000064,13,83.00000000000114,move,improve
14673,13,89.80000000000064,13,83.00000000000114,2opt,notBad
14674,13,89.80000000000064,13,83.00000000000114,swap,notBad
14675,13,89.80000000000064,13,83.00000000000114,move,improve
14676,13,89.80000000000064,13,83.00000000000114,2opt,notBad
14677,13,89.80000000000064,13,83.00000000000114,swap,notBad
14678,13,89.80000000000064,13,83.00000000000114,swap,notBad
14679,13,89.80000000000064,13,83.00000000000114,swap,notBad
14680,13,89.80000000000064,13,83.00000000000114,move,improve
14681,13,89.80000000000064,13,83.00000000000114,swap,notBad
14682,13,89.80000000000064,13,83.00000000000114,move,improve
14683,13,89.80000000000064,13,83.00000000000114,swap,notBad
14684,13,89.80000000000064,13,83.00000000000114,swap,notBad
14685,13,89.80000000000064,13,83.00000000000114,swap,notBad
14686,13,89.80000000000064,13,83.00000000000114,2opt,notBad
14687,13,89.80000000000064,13,83.00000000000114,swap,notBad
14688,13,89.80000000000064,13,83.00000000000114,move,improve
14689,13,89.80000000000064,13,83.00000000000114,swap,notBad
14690,13,89.80000000000064,13,83.00000000000114,2opt,notBad
14691,13,89.80000000000064,13,83.00000000000114,move,improve
14692,13,89.80000000000064,13,83.00000000000114,2opt,notBad
14693,13,89.80000000000064,13,83.00000000000114,move,improve
14694,13,89.80000000000064,13,83.00000000000114,2opt,notBad
14695,13,89.80000000000064,13,83.00000000000114,move,improve
14696,13,89.80000000000064,13,83.00000000000114,swap,notBad
14697,13,89.80000000000064,13,83.00000000000114,2opt,notBad
14698,13,89.80000000000064,13,83.00000000000114,move,improve
14699,13,89.80000000000064,13,83.00000000000114,swap,notBad
14700,13,89.80000000000064,13,83.00000000000114,2opt,notBad
14701,13,89.80000000000064,13,83.00000000000114,2opt,notBad
14702,13,89.80000000000064,13,83.00000000000114,swap,notBad
14703,13,89.80000000000064,13,83.00000000000114,move,notBad
14704,13,89.80000000000064,13,83.00000000000114,2opt,notBad
14705,13,89.80000000000064,13,83.00000000000114,2opt,notBad
14706,13,89.80000000000064,13,83.00000000000114,swap,notBad
14707,13,89.80000000000064,13,83.00000000000114,move,improve
14708,13,89.80000000000064,13,83.00000000000114,move,improve
14709,13,89.80000000000064,13,83.00000000000114,move,improve
14710,13,89.80000000000064,13,83.00000000000114,move,improve
14711,13,89.80000000000064,13,83.00000000000114,swap,notBad
14712,13,89.80000000000064,13,83.00000000000114,swap,notBad
14713,13,89.80000000000064,13,83.00000000000114,2opt,notBad
14714,13,89.80000000000064,13,83.00000000000114,2opt,improve
14715,13,89.80000000000064,13,83.00000000000114,2opt,notBad
14716,13,89.80000000000064,13,83.00000000000114,move,improve
14717,13,89.80000000000064,13,83.00000000000114,move,improve
14718,13,89.80000000000064,13,83.00000000000114,swap,notBad
14719,13,89.80000000000064,13,83.00000000000114,2opt,notBad
14720,13,89.80000000000064,13,83.00000000000114,move,improve
14721,13,89.80000000000064,13,83.00000000000114,2opt,notBad
14722,13,89.80000000000064,13,83.00000000000114,move,notBad
14723,13,89.80000000000064,13,83.00000000000114,swap,notBad
14724,13,89.80000000000064,13,83.00000000000114,2opt,notBad
14725,13,89.80000000000064,13,83.00000000000114,swap,notBad
14726,13,89.80000000000064,13,83.00000000000114,move,improve
14727,13,89.80000000000064,13,83.00000000000114,2opt,notBad
14728,13,89.80000000000064,13,83.00000000000114,swap,notBad
14729,13,89.80000000000064,13,83.00000000000114,2opt,notBad
14730,13,89.80000000000064,13,83.00000000000114,2opt,notBad
14731,13,89.80000000000064,13,83.00000000000114,2opt,notBad
14732,13,89.80000000000064,13,83.00000000000114,2opt,notBad
14733,13,89.80000000000064,13,83.00000000000114,move,improve
14734,13,89.80000000000064,13,83.00000000000114,swap,notBad
14735,13,89.80000000000064,13,83.00000000000114,2opt,notBad
14736,13,89.80000000000064,13,83.00000000000114,move,improve
14737,13,89.80000000000064,13,83.00000000000114,move,improve
14738,13,89.80000000000064,13,83.00000000000114,swap,notBad
14739,13,89.80000000000064,13,83.00000000000114,2opt,notBad
14740,13,89.80000000000064,13,83.00000000000114,2opt,notBad
14741,13,89.80000000000064,13,83.00000000000114,swap,notBad
14742,13,89.80000000000064,13,83.00000000000114,move,improve
14743,13,89.80000000000064,13,83.00000000000114,swap,notBad
14744,13,89.80000000000064,13,83.00000000000114,swap,notBad
14745,13,89.80000000000064,13,83.00000000000114,2opt,notBad
14746,13,89.80000000000064,13,83.00000000000114,swap,notBad
14747,13,89.80000000000064,13,83.00000000000114,move,improve
14748,13,89.80000000000064,13,83.00000000000114,2opt,notBad
14749,13,89.80000000000064,13,83.00000000000114,2opt,notBad
14750,13,89.80000000000064,13,83.00000000000114,move,notBad
14751,13,89.80000000000064,13,83.00000000000114,move,improve
14752,13,89.80000000000064,13,83.00000000000114,swap,notBad
14753,13,89.80000000000064,13,83.00000000000114,move,improve
14754,13,89.80000000000064,13,83.00000000000114,move,improve
14755,13,89.80000000000064,13,83.00000000000114,move,improve
14756,13,89.80000000000064,13,83.00000000000114,swap,notBad
14757,13,89.80000000000064,13,83.00000000000114,move,improve
14758,13,89.80000000000064,13,83.00000000000114,2opt,notBad
14759,13,89.80000000000064,13,83.00000000000114,2opt,notBad
14760,13,89.80000000000064,13,83.00000000000114,2opt,notBad
14761,13,89.80000000000064,13,83.00000000000114,move,improve
14762,13,89.80000000000064,13,83.00000000000114,move,improve
14763,13,89.80000000000064,13,83.00000000000114,move,improve
14764,13,89.80000000000064,13,83.00000000000114,move,improve
14765,13,89.80000000000064,13,83.00000000000114,swap,notBad
14766,13,89.80000000000064,13,83.00000000000114,move,improve
14767,13,89.80000000000064,13,83.00000000000114,swap,notBad
14768,13,89.80000000000064,13,83.00000000000114,move,improve
14769,13,89.80000000000064,13,83.00000000000114,swap,notBad
14770,13,89.80000000000064,13,83.00000000000114,2opt,notBad
14771,13,89.80000000000064,13,83.00000000000114,move,improve
14772,13,89.80000000000064,13,83.00000000000114,2opt,notBad
14773,13,89.80000000000064,13,83.00000000000114,2opt,notBad
14774,13,89.80000000000064,13,83.00000000000114,swap,notBad
14775,13,89.80000000000064,13,83.00000000000114,swap,notBad
14776,13,89.80000000000064,13,83.00000000000114,move,improve
14777,13,89.80000000000064,13,83.00000000000114,swap,notBad
14778,13,89.80000000000064,13,83.00000000000114,swap,notBad
14779,13,89.80000000000064,13,83.00000000000114,move,improve
14780,13,89.80000000000064,13,83.00000000000114,move,improve
14781,13,89.80000000000064,13,83.00000000000114,2opt,notBad
14782,13,89.80000000000064,13,83.00000000000114,swap,notBad
14783,13,89.80000000000064,13,83.00000000000114,swap,notBad
14784,13,89.80000000000064,13,83.00000000000114,move,improve
14785,13,89.80000000000064,13,83.00000000000114,swap,notBad
14786,13,89.80000000000064,13,83.00000000000114,2opt,notBad
14787,13,89.80000000000064,13,83.00000000000114,2opt,notBad
14788,13,89.80000000000064,13,83.00000000000114,swap,notBad
14789,13,89.80000000000064,13,83.00000000000114,2opt,notBad
14790,13,89.80000000000064,13,83.00000000000114,move,improve
14791,13,89.80000000000064,13,83.00000000000114,move,improve
14792,13,89.80000000000064,13,83.00000000000114,move,improve
14793,13,89.80000000000064,13,83.00000000000114,move,improve
14794,13,89.80000000000064,13,83.00000000000114,move,improve
14795,13,89.80000000000064,13,83.00000000000114,swap,notBad
14796,13,89.80000000000064,13,83.00000000000114,move,improve
14797,13,89.80000000000064,13,83.00000000000114,move,improve
14798,13,89.80000000000064,13,83.00000000000114,2opt,notBad
14799,13,89.80000000000064,13,83.00000000000114,swap,notBad
14800,13,89.80000000000064,13,83.00000000000114,move,improve
14801,13,89.80000000000064,13,83.00000000000114,2opt,notBad
14802,13,89.80000000000064,13,83.00000000000114,move,improve
14803,13,89.80000000000064,13,83.00000000000114,2opt,notBad
14804,13,89.80000000000064,13,83.00000000000114,2opt,notBad
14805,13,89.80000000000064,13,83.00000000000114,swap,notBad
14806,13,89.80000000000064,13,83.00000000000114,2opt,notBad
14807,13,89.80000000000064,13,83.00000000000114,swap,notBad
14808,13,89.80000000000064,13,83.00000000000114,swap,notBad
14809,13,89.80000000000064,13,83.00000000000114,move,improve
14810,13,89.80000000000064,13,83.00000000000114,swap,notBad
14811,13,89.80000000000064,13,83.00000000000114,swap,notBad
14812,13,89.80000000000064,13,83.00000000000114,move,improve
14813,13,89.80000000000064,13,83.00000000000114,move,improve
14814,13,85.6000000000015,13,83.00000000000114,move,improve
14815,13,85.6000000000015,13,83.00000000000114,2opt,notBad
14816,13,85.6000000000015,13,83.00000000000114,2opt,notBad
14817,13,85.6000000000015,13,83.00000000000114,2opt,notBad
14818,13,85.6000000000015,13,83.00000000000114,swap,notBad
14819,13,85.6000000000015,13,83.00000000000114,swap,notBad
14820,13,85.6000000000015,13,83.00000000000114,move,improve
14821,13,85.6000000000015,13,83.00000000000114,2opt,notBad
14822,13,85.6000000000015,13,83.00000000000114,move,improve
14823,13,85.6000000000015,13,83.00000000000114,2opt,notBad
14824,13,85.6000000000015,13,83.00000000000114,2opt,notBad
14825,13,85.6000000000015,13,83.00000000000114,swap,notBad
14826,13,85.6000000000015,13,83.00000000000114,2opt,notBad
14827,13,85.6000000000015,13,83.00000000000114,2opt,notBad
14828,13,85.6000000000015,13,83.00000000000114,2opt,notBad
14829,13,85.6000000000015,13,83.00000000000114,2opt,notBad
14830,13,85.6000000000015,13,83.00000000000114,move,improve
14831,13,85.6000000000015,13,83.00000000000114,move,improve
14832,13,85.6000000000015,13,83.00000000000114,2opt,notBad
14833,13,85.6000000000015,13,83.00000000000114,move,improve
14834,13,85.6000000000015,13,83.00000000000114,2opt,notBad
14835,13,85.6000000000015,13,83.00000000000114,swap,notBad
14836,13,85.6000000000015,13,83.00000000000114,move,improve
14837,13,85.6000000000015,13,83.00000000000114,move,improve
14838,13,85.6000000000015,13,83.00000000000114,move,improve
14839,13,85.6000000000015,13,83.00000000000114,move,improve
14840,13,85.6000000000015,13,83.00000000000114,2opt,notBad
14841,13,85.6000000000015,13,83.00000000000114,swap,notBad
14842,13,85.6000000000015,13,83.00000000000114,swap,notBad
14843,13,85.6000000000015,13,83.00000000000114,2opt,notBad
14844,13,85.6000000000015,13,83.00000000000114,2opt,notBad
14845,13,85.6000000000015,13,83.00000000000114,2opt,notBad
14846,13,85.6000000000015,13,83.00000000000114,move,improve
14847,13,85.6000000000015,13,83.00000000000114,swap,notBad
14848,13,85.6000000000015,13,83.00000000000114,2opt,notBad
14849,13,85.6000000000015,13,83.00000000000114,2opt,notBad
14850,13,85.6000000000015,13,83.00000000000114,2opt,notBad
14851,13,85.6000000000015,13,83.00000000000114,2opt,notBad
14852,13,85.6000000000015,13,83.00000000000114,move,improve
14853,13,85.6000000000015,13,83.00000000000114,move,improve
14854,13,85.6000000000015,13,83.00000000000114,2opt,notBad
14855,13,85.6000000000015,13,83.00000000000114,2opt,notBad
14856,13,85.6000000000015,13,83.00000000000114,2opt,improve
14857,13,85.6000000000015,13,83.00000000000114,2opt,notBad
14858,13,85.6000000000015,13,83.00000000000114,swap,notBad
14859,13,85.6000000000015,13,83.00000000000114,swap,notBad
14860,13,85.6000000000015,13,83.00000000000114,move,improve
14861,13,85.6000000000015,13,83.00000000000114,2opt,notBad
14862,13,85.6000000000015,13,83.00000000000114,swap,notBad
14863,13,85.6000000000015,13,83.00000000000114,move,improve
14864,13,85.6000000000015,13,83.00000000000114,swap,notBad
14865,13,85.6000000000015,13,83.00000000000114,2opt,notBad
14866,13,85.6000000000015,13,83.00000000000114,2opt,notBad
14867,13,85.6000000000015,13,83.00000000000114,swap,notBad
14868,13,85.6000000000015,13,83.00000000000114,2opt,notBad
14869,13,85.6000000000015,13,83.00000000000114,2opt,notBad
14870,13,85.6000000000015,13,83.00000000000114,swap,notBad
14871,13,85.6000000000015,13,83.00000000000114,swap,notBad
14872,13,85.6000000000015,13,83.00000000000114,swap,notBad
14873,13,85.6000000000015,13,83.00000000000114,swap,notBad
14874,13,85.6000000000015,13,83.00000000000114,move,improve
14875,13,85.6000000000015,13,83.00000000000114,2opt,notBad
14876,13,85.6000000000015,13,83.00000000000114,move,improve
14877,13,85.6000000000015,13,83.00000000000114,2opt,notBad
14878,13,85.6000000000015,13,83.00000000000114,move,improve
14879,13,85.6000000000015,13,83.00000000000114,move,improve
14880,13,85.6000000000015,13,83.00000000000114,2opt,notBad
14881,13,85.6000000000015,13,83.00000000000114,move,improve
14882,13,85.6000000000015,13,83.00000000000114,swap,notBad
14883,13,85.6000000000015,13,83.00000000000114,2opt,notBad
14884,13,85.6000000000015,13,83.00000000000114,2opt,notBad
14885,13,85.6000000000015,13,83.00000000000114,swap,notBad
14886,13,85.6000000000015,13,83.00000000000114,swap,notBad
14887,13,85.6000000000015,13,83.00000000000114,swap,notBad
14888,13,85.6000000000015,13,83.00000000000114,move,improve
14889,13,85.6000000000015,13,83.00000000000114,swap,notBad
14890,13,85.6000000000015,13,83.00000000000114,2opt,notBad
14891,13,85.6000000000015,13,83.00000000000114,move,improve
14892,13,85.6000000000015,13,83.00000000000114,swap,notBad
14893,13,85.6000000000015,13,83.00000000000114,move,improve
14894,13,85.6000000000015,13,83.00000000000114,move,improve
14895,13,85.6000000000015,13,83.00000000000114,swap,notBad
14896,13,85.6000000000015,13,83.00000000000114,swap,notBad
14897,13,85.6000000000015,13,83.00000000000114,2opt,notBad
14898,13,85.6000000000015,13,83.00000000000114,swap,notBad
14899,13,85.6000000000015,13,83.00000000000114,move,improve
14900,13,85.6000000000015,13,83.00000000000114,2opt,notBad
14901,13,85.6000000000015,13,83.00000000000114,move,improve
14902,13,85.6000000000015,13,83.00000000000114,swap,notBad
14903,13,85.6000000000015,13,83.00000000000114,swap,notBad
14904,13,85.6000000000015,13,83.00000000000114,move,improve
14905,13,85.6000000000015,13,83.00000000000114,move,notBad
14906,13,85.6000000000015,13,83.00000000000114,move,improve
14907,13,85.6000000000015,13,83.00000000000114,2opt,notBad
14908,13,85.6000000000015,13,83.00000000000114,move,improve
14909,13,85.6000000000015,13,83.00000000000114,swap,notBad
14910,13,85.6000000000015,13,83.00000000000114,swap,notBad
14911,13,85.6000000000015,13,83.00000000000114,swap,notBad
14912,13,85.6000000000015,13,83.00000000000114,2opt,notBad
14913,13,85.6000000000015,13,83.00000000000114,move,improve
14914,13,85.6000000000015,13,83.00000000000114,move,improve
14915,13,85.6000000000015,13,83.00000000000114,2opt,notBad
14916,13,85.6000000000015,13,83.00000000000114,swap,notBad
14917,13,85.6000000000015,13,83.00000000000114,move,improve
14918,13,85.6000000000015,13,83.00000000000114,move,improve
14919,13,85.6000000000015,13,83.00000000000114,2opt,notBad
14920,13,85.6000000000015,13,83.00000000000114,swap,notBad
14921,13,85.6000000000015,13,83.00000000000114,swap,notBad
14922,13,85.6000000000015,13,83.00000000000114,move,improve
14923,13,85.6000000000015,13,83.00000000000114,move,improve
14924,13,85.6000000000015,13,83.00000000000114,move,improve
14925,13,85.6000000000015,13,83.00000000000114,swap,notBad
14926,13,85.6000000000015,13,83.00000000000114,move,notBad
14927,13,85.6000000000015,13,83.00000000000114,swap,notBad
14928,13,85.6000000000015,13,83.00000000000114,2opt,notBad
14929,13,85.6000000000015,13,83.00000000000114,move,improve
14930,13,85.6000000000015,13,83.00000000000114,move,improve
14931,13,85.6000000000015,13,83.00000000000114,move,improve
14932,13,85.6000000000015,13,83.00000000000114,swap,notBad
14933,13,85.6000000000015,13,83.00000000000114,move,improve
14934,13,85.6000000000015,13,83.00000000000114,move,improve
14935,13,85.6000000000015,13,83.00000000000114,move,improve
14936,13,85.6000000000015,13,83.00000000000114,move,improve
14937,13,85.6000000000015,13,83.00000000000114,swap,notBad
14938,13,85.6000000000015,13,83.00000000000114,swap,notBad
14939,13,85.6000000000015,13,83.00000000000114,move,improve
14940,13,85.6000000000015,13,83.00000000000114,2opt,notBad
14941,13,85.6000000000015,13,83.00000000000114,2opt,notBad
14942,13,85.6000000000015,13,83.00000000000114,move,improve
14943,13,85.6000000000015,13,83.00000000000114,2opt,notBad
14944,13,85.6000000000015,13,83.00000000000114,2opt,notBad
14945,13,85.6000000000015,13,83.00000000000114,move,improve
14946,13,85.6000000000015,13,83.00000000000114,move,improve
14947,13,85.6000000000015,13,83.00000000000114,2opt,notBad
14948,13,85.6000000000015,13,83.00000000000114,swap,notBad
14949,13,85.6000000000015,13,83.00000000000114,2opt,notBad
14950,13,85.6000000000015,13,83.00000000000114,swap,notBad
14951,13,85.6000000000015,13,83.00000000000114,move,improve
14952,13,85.6000000000015,13,83.00000000000114,move,improve
14953,13,85.6000000000015,13,83.00000000000114,move,improve
14954,13,85.6000000000015,13,83.00000000000114,2opt,notBad
14955,13,85.6000000000015,13,83.00000000000114,swap,notBad
14956,13,85.6000000000015,13,83.00000000000114,swap,notBad
14957,13,85.6000000000015,13,83.00000000000114,2opt,notBad
14958,13,85.6000000000015,13,83.00000000000114,move,improve
14959,13,85.6000000000015,13,83.00000000000114,move,improve
14960,13,85.6000000000015,13,83.00000000000114,2opt,notBad
14961,13,85.6000000000015,13,83.00000000000114,swap,notBad
14962,13,85.6000000000015,13,83.00000000000114,2opt,notBad
14963,13,85.6000000000015,13,83.00000000000114,swap,notBad
14964,13,85.6000000000015,13,83.00000000000114,swap,notBad
14965,13,85.6000000000015,13,83.00000000000114,move,notBad
14966,13,85.6000000000015,13,83.00000000000114,swap,notBad
14967,13,85.6000000000015,13,83.00000000000114,2opt,notBad
14968,13,85.6000000000015,13,83.00000000000114,2opt,notBad
14969,13,85.6000000000015,13,83.00000000000114,move,improve
14970,13,85.6000000000015,13,83.00000000000114,2opt,notBad
14971,13,85.6000000000015,13,83.00000000000114,2opt,notBad
14972,13,85.6000000000015,13,83.00000000000114,move,improve
14973,13,85.6000000000015,13,83.00000000000114,2opt,notBad
14974,13,85.6000000000015,13,83.00000000000114,move,improve
14975,13,85.6000000000015,13,83.00000000000114,swap,notBad
14976,13,85.6000000000015,13,83.00000000000114,2opt,notBad
14977,13,85.6000000000015,13,83.00000000000114,swap,notBad
14978,13,85.6000000000015,13,83.00000000000114,2opt,notBad
14979,13,85.6000000000015,13,83.00000000000114,move,improve
14980,13,85.6000000000015,13,83.00000000000114,2opt,notBad
14981,13,85.6000000000015,13,83.00000000000114,move,improve
14982,13,85.6000000000015,13,83.00000000000114,swap,notBad
14983,13,85.6000000000015,13,83.00000000000114,swap,notBad
14984,13,85.6000000000015,13,83.00000000000114,2opt,notBad
14985,13,85.6000000000015,13,83.00000000000114,move,improve
14986,13,85.6000000000015,13,83.00000000000114,2opt,notBad
14987,13,85.6000000000015,13,83.00000000000114,swap,notBad
14988,13,85.6000000000015,13,83.00000000000114,swap,notBad
14989,13,85.6000000000015,13,83.00000000000114,move,improve
14990,13,85.6000000000015,13,83.00000000000114,move,improve
14991,13,85.6000000000015,13,83.00000000000114,move,improve
14992,13,85.6000000000015,13,83.00000000000114,swap,notBad
14993,13,85.6000000000015,13,83.00000000000114,swap,notBad
14994,13,85.6000000000015,13,83.00000000000114,swap,notBad
14995,13,85.6000000000015,13,83.00000000000114,2opt,notBad
14996,13,85.6000000000015,13,83.00000000000114,swap,notBad
14997,13,85.6000000000015,13,83.00000000000114,swap,notBad
14998,13,85.6000000000015,13,83.00000000000114,move,improve
14999,13,85.6000000000015,13,83.00000000000114,swap,notBad
15000,13,85.6000000000015,13,83.00000000000114,2opt,notBad
15001,13,85.6000000000015,13,83.00000000000114,move,improve
15002,13,85.6000000000015,13,83.00000000000114,move,improve
15003,13,85.6000000000015,13,83.00000000000114,swap,notBad
15004,13,85.6000000000015,13,83.00000000000114,2opt,notBad
15005,13,85.6000000000015,13,83.00000000000114,swap,notBad
15006,13,85.6000000000015,13,83.00000000000114,2opt,notBad
15007,13,85.6000000000015,13,83.00000000000114,move,improve
15008,13,85.6000000000015,13,83.00000000000114,swap,notBad
15009,13,85.6000000000015,13,83.00000000000114,2opt,improve
15010,13,85.6000000000015,13,83.00000000000114,2opt,notBad
15011,13,85.6000000000015,13,83.00000000000114,2opt,notBad
15012,13,85.6000000000015,13,83.00000000000114,move,improve
15013,13,85.6000000000015,13,83.00000000000114,swap,notBad
15014,13,85.6000000000015,13,83.00000000000114,move,improve
15015,13,85.6000000000015,13,83.00000000000114,swap,notBad
15016,13,85.6000000000015,13,83.00000000000114,2opt,notBad
15017,13,85.6000000000015,13,83.00000000000114,2opt,notBad
15018,13,85.6000000000015,13,83.00000000000114,move,improve
15019,13,85.6000000000015,13,83.00000000000114,swap,notBad
15020,13,85.6000000000015,13,83.00000000000114,swap,notBad
15021,13,85.6000000000015,13,83.00000000000114,2opt,notBad
15022,13,85.6000000000015,13,83.00000000000114,move,improve
15023,13,85.6000000000015,13,83.00000000000114,2opt,notBad
15024,13,85.6000000000015,13,83.00000000000114,move,improve
15025,13,85.6000000000015,13,83.00000000000114,move,improve
15026,13,85.6000000000015,13,83.00000000000114,move,improve
15027,13,85.6000000000015,13,83.00000000000114,swap,notBad
15028,13,85.6000000000015,13,83.00000000000114,swap,notBad
15029,13,85.6000000000015,13,83.00000000000114,move,improve
15030,13,85.6000000000015,13,83.00000000000114,swap,notBad
15031,13,85.6000000000015,13,83.00000000000114,swap,notBad
15032,13,85.6000000000015,13,83.00000000000114,move,improve
15033,13,85.6000000000015,13,83.00000000000114,2opt,notBad
15034,13,85.6000000000015,13,83.00000000000114,move,improve
15035,13,85.6000000000015,13,83.00000000000114,swap,notBad
15036,13,85.6000000000015,13,83.00000000000114,2opt,improve
15037,13,85.6000000000015,13,83.00000000000114,swap,notBad
15038,13,85.6000000000015,13,83.00000000000114,2opt,improve
15039,13,85.6000000000015,13,83.00000000000114,2opt,notBad
15040,13,85.6000000000015,13,83.00000000000114,swap,notBad
15041,13,85.6000000000015,13,83.00000000000114,move,improve
15042,13,85.6000000000015,13,83.00000000000114,move,improve
15043,13,85.6000000000015,13,83.00000000000114,swap,notBad
15044,13,85.6000000000015,13,83.00000000000114,2opt,notBad
15045,13,85.20000000000141,13,83.00000000000114,swap,improve
15046,13,85.20000000000141,13,83.00000000000114,swap,notBad
15047,13,85.20000000000141,13,83.00000000000114,move,improve
15048,13,85.20000000000141,13,83.00000000000114,swap,notBad
15049,13,85.20000000000141,13,83.00000000000114,2opt,notBad
15050,13,85.20000000000141,13,83.00000000000114,2opt,notBad
15051,13,85.20000000000141,13,83.00000000000114,2opt,notBad
15052,13,85.20000000000141,13,83.00000000000114,move,improve
15053,13,85.20000000000141,13,83.00000000000114,swap,notBad
15054,13,85.20000000000141,13,83.00000000000114,2opt,notBad
15055,13,85.20000000000141,13,83.00000000000114,swap,notBad
15056,13,85.20000000000141,13,83.00000000000114,2opt,notBad
15057,13,85.20000000000141,13,83.00000000000114,swap,notBad
15058,13,85.20000000000141,13,83.00000000000114,2opt,notBad
15059,13,85.20000000000141,13,83.00000000000114,move,improve
15060,13,85.20000000000141,13,83.00000000000114,2opt,notBad
15061,13,85.20000000000141,13,83.00000000000114,swap,notBad
15062,13,85.20000000000141,13,83.00000000000114,2opt,notBad
15063,13,85.20000000000141,13,83.00000000000114,move,improve
15064,13,85.20000000000141,13,83.00000000000114,2opt,notBad
15065,13,85.20000000000141,13,83.00000000000114,2opt,notBad
15066,13,85.20000000000141,13,83.00000000000114,2opt,notBad
15067,13,85.20000000000141,13,83.00000000000114,2opt,notBad
15068,13,85.20000000000141,13,83.00000000000114,2opt,notBad
15069,13,85.20000000000141,13,83.00000000000114,move,improve
15070,13,85.20000000000141,13,83.00000000000114,move,improve
15071,13,85.20000000000141,13,83.00000000000114,swap,notBad
15072,13,85.20000000000141,13,83.00000000000114,move,improve
15073,13,85.20000000000141,13,83.00000000000114,move,improve
15074,13,85.20000000000141,13,83.00000000000114,2opt,notBad
15075,13,85.20000000000141,13,83.00000000000114,move,improve
15076,13,85.20000000000141,13,83.00000000000114,move,improve
15077,13,85.20000000000141,13,83.00000000000114,2opt,notBad
15078,13,85.20000000000141,13,83.00000000000114,move,improve
15079,13,85.20000000000141,13,83.00000000000114,swap,notBad
15080,13,85.20000000000141,13,83.00000000000114,2opt,notBad
15081,13,85.20000000000141,13,83.00000000000114,2opt,notBad
15082,13,85.20000000000141,13,83.00000000000114,swap,notBad
15083,13,85.20000000000141,13,83.00000000000114,2opt,notBad
15084,13,85.20000000000141,13,83.00000000000114,swap,notBad
15085,13,85.20000000000141,13,83.00000000000114,2opt,notBad
15086,13,85.20000000000141,13,83.00000000000114,swap,notBad
15087,13,85.20000000000141,13,83.00000000000114,move,notBad
15088,13,85.20000000000141,13,83.00000000000114,swap,notBad
15089,13,85.20000000000141,13,83.00000000000114,swap,notBad
15090,13,85.20000000000141,13,83.00000000000114,2opt,notBad
15091,13,85.20000000000141,13,83.00000000000114,2opt,notBad
15092,13,85.20000000000141,13,83.00000000000114,move,improve
15093,13,85.20000000000141,13,83.00000000000114,move,improve
15094,13,85.20000000000141,13,83.00000000000114,2opt,notBad
15095,13,85.20000000000141,13,83.00000000000114,swap,notBad
15096,13,85.20000000000141,13,83.00000000000114,swap,notBad
15097,13,85.20000000000141,13,83.00000000000114,2opt,notBad
15098,13,85.20000000000141,13,83.00000000000114,swap,notBad
15099,13,85.20000000000141,13,83.00000000000114,move,improve
15100,13,85.20000000000141,13,83.00000000000114,move,improve
15101,13,85.20000000000141,13,83.00000000000114,move,improve
15102,13,85.20000000000141,13,83.00000000000114,move,improve
15103,13,85.20000000000141,13,83.00000000000114,2opt,notBad
15104,13,85.20000000000141,13,83.00000000000114,swap,notBad
15105,13,85.20000000000141,13,83.00000000000114,swap,notBad
15106,13,85.20000000000141,13,83.00000000000114,move,improve
15107,13,85.20000000000141,13,83.00000000000114,swap,notBad
15108,13,85.20000000000141,13,83.00000000000114,swap,notBad
15109,13,85.20000000000141,13,83.00000000000114,2opt,notBad
15110,13,85.20000000000141,13,83.00000000000114,swap,notBad
15111,13,85.20000000000141,13,83.00000000000114,swap,notBad
15112,13,85.20000000000141,13,83.00000000000114,2opt,notBad
15113,13,85.20000000000141,13,83.00000000000114,move,improve
15114,13,85.20000000000141,13,83.00000000000114,2opt,notBad
15115,13,85.20000000000141,13,83.00000000000114,swap,notBad
15116,13,85.20000000000141,13,83.00000000000114,move,improve
15117,13,85.20000000000141,13,83.00000000000114,2opt,notBad
15118,13,85.20000000000141,13,83.00000000000114,swap,notBad
15119,13,85.20000000000141,13,83.00000000000114,move,improve
15120,13,85.20000000000141,13,83.00000000000114,2opt,notBad
15121,13,85.20000000000141,13,83.00000000000114,2opt,notBad
15122,13,85.20000000000141,13,83.00000000000114,swap,notBad
15123,13,85.20000000000141,13,83.00000000000114,move,improve
15124,13,85.20000000000141,13,83.00000000000114,2opt,notBad
15125,13,85.20000000000141,13,83.00000000000114,2opt,notBad
15126,13,85.20000000000141,13,83.00000000000114,move,improve
15127,13,85.20000000000141,13,83.00000000000114,swap,notBad
15128,13,85.20000000000141,13,83.00000000000114,swap,notBad
15129,13,85.20000000000141,13,83.00000000000114,move,improve
15130,13,85.20000000000141,13,83.00000000000114,2opt,notBad
15131,13,85.20000000000141,13,83.00000000000114,swap,notBad
15132,13,85.20000000000141,13,83.00000000000114,swap,notBad
15133,13,85.20000000000141,13,83.00000000000114,2opt,notBad
15134,13,85.20000000000141,13,83.00000000000114,move,improve
15135,13,85.20000000000141,13,83.00000000000114,move,improve
15136,13,85.20000000000141,13,83.00000000000114,move,improve
15137,13,85.20000000000141,13,83.00000000000114,2opt,notBad
15138,13,85.20000000000141,13,83.00000000000114,move,improve
15139,13,85.20000000000141,13,83.00000000000114,2opt,notBad
15140,13,85.20000000000141,13,83.00000000000114,move,improve
15141,13,85.20000000000141,13,83.00000000000114,2opt,notBad
15142,13,85.20000000000141,13,83.00000000000114,move,improve
15143,13,85.20000000000141,13,83.00000000000114,2opt,notBad
15144,13,85.20000000000141,13,83.00000000000114,swap,notBad
15145,13,85.20000000000141,13,83.00000000000114,2opt,notBad
15146,13,85.20000000000141,13,83.00000000000114,move,improve
15147,13,85.20000000000141,13,83.00000000000114,move,improve
15148,13,85.20000000000141,13,83.00000000000114,2opt,notBad
15149,13,85.20000000000141,13,83.00000000000114,swap,notBad
15150,13,85.20000000000141,13,83.00000000000114,swap,notBad
15151,13,85.20000000000141,13,83.00000000000114,swap,notBad
15152,13,85.20000000000141,13,83.00000000000114,swap,notBad
15153,13,85.20000000000141,13,83.00000000000114,swap,notBad
15154,13,85.20000000000141,13,83.00000000000114,2opt,notBad
15155,13,85.20000000000141,13,83.00000000000114,swap,notBad
15156,13,85.20000000000141,13,83.00000000000114,2opt,notBad
15157,13,85.20000000000141,13,83.00000000000114,swap,notBad
15158,13,85.20000000000141,13,83.00000000000114,move,improve
15159,13,85.20000000000141,13,83.00000000000114,2opt,improve
15160,13,85.20000000000141,13,83.00000000000114,move,improve
15161,13,85.20000000000141,13,83.00000000000114,2opt,notBad
15162,13,85.20000000000141,13,83.00000000000114,swap,notBad
15163,13,85.20000000000141,13,83.00000000000114,move,improve
15164,13,85.20000000000141,13,83.00000000000114,move,improve
15165,13,85.20000000000141,13,83.00000000000114,2opt,notBad
15166,13,85.20000000000141,13,83.00000000000114,2opt,notBad
15167,13,85.20000000000141,13,83.00000000000114,move,improve
15168,13,85.20000000000141,13,83.00000000000114,move,improve
15169,13,85.20000000000141,13,83.00000000000114,swap,notBad
15170,13,85.20000000000141,13,83.00000000000114,2opt,notBad
15171,13,85.20000000000141,13,83.00000000000114,2opt,notBad
15172,13,85.20000000000141,13,83.00000000000114,2opt,improve
15173,13,85.20000000000141,13,83.00000000000114,move,improve
15174,13,85.20000000000141,13,83.00000000000114,2opt,notBad
15175,13,85.20000000000141,13,83.00000000000114,swap,notBad
15176,13,85.20000000000141,13,83.00000000000114,move,improve
15177,13,85.20000000000141,13,83.00000000000114,2opt,notBad
15178,13,85.20000000000141,13,83.00000000000114,swap,notBad
15179,13,85.20000000000141,13,83.00000000000114,2opt,notBad
15180,13,85.20000000000141,13,83.00000000000114,move,improve
15181,13,85.20000000000141,13,83.00000000000114,move,improve
15182,13,85.20000000000141,13,83.00000000000114,move,improve
15183,13,85.20000000000141,13,83.00000000000114,2opt,notBad
15184,13,85.20000000000141,13,83.00000000000114,swap,notBad
15185,13,85.20000000000141,13,83.00000000000114,move,improve
15186,13,85.20000000000141,13,83.00000000000114,2opt,notBad
15187,13,85.20000000000141,13,83.00000000000114,2opt,notBad
15188,13,85.20000000000141,13,83.00000000000114,2opt,notBad
15189,13,85.20000000000141,13,83.00000000000114,2opt,notBad
15190,13,85.20000000000141,13,83.00000000000114,move,improve
15191,13,85.20000000000141,13,83.00000000000114,swap,notBad
15192,13,85.20000000000141,13,83.00000000000114,swap,notBad
15193,13,85.20000000000141,13,83.00000000000114,move,improve
15194,13,85.20000000000141,13,83.00000000000114,swap,notBad
15195,13,85.20000000000141,13,83.00000000000114,2opt,notBad
15196,13,85.20000000000141,13,83.00000000000114,2opt,notBad
15197,13,85.20000000000141,13,83.00000000000114,2opt,notBad
15198,13,85.20000000000141,13,83.00000000000114,move,improve
15199,13,85.20000000000141,13,83.00000000000114,2opt,notBad
15200,13,85.20000000000141,13,83.00000000000114,swap,notBad
15201,13,85.20000000000141,13,83.00000000000114,2opt,notBad
15202,13,85.20000000000141,13,83.00000000000114,swap,notBad
15203,13,85.20000000000141,13,83.00000000000114,move,improve
15204,13,85.20000000000141,13,83.00000000000114,move,improve
15205,13,85.20000000000141,13,83.00000000000114,move,improve
15206,13,85.20000000000141,13,83.00000000000114,swap,notBad
15207,13,85.20000000000141,13,83.00000000000114,swap,notBad
15208,13,85.20000000000141,13,83.00000000000114,swap,notBad
15209,13,85.20000000000141,13,83.00000000000114,move,improve
15210,13,85.20000000000141,13,83.00000000000114,swap,notBad
15211,13,85.20000000000141,13,83.00000000000114,swap,notBad
15212,13,85.20000000000141,13,83.00000000000114,move,improve
15213,13,85.20000000000141,13,83.00000000000114,2opt,notBad
15214,13,85.20000000000141,13,83.00000000000114,2opt,notBad
15215,13,85.20000000000141,13,83.00000000000114,move,improve
15216,13,85.20000000000141,13,83.00000000000114,move,improve
15217,13,85.20000000000141,13,83.00000000000114,swap,notBad
15218,13,85.20000000000141,13,83.00000000000114,move,improve
15219,13,85.20000000000141,13,83.00000000000114,2opt,notBad
15220,13,85.20000000000141,13,83.00000000000114,swap,notBad
15221,13,85.20000000000141,13,83.00000000000114,move,improve
15222,13,85.20000000000141,13,83.00000000000114,swap,notBad
15223,13,85.20000000000141,13,83.00000000000114,2opt,notBad
15224,13,85.20000000000141,13,83.00000000000114,move,improve
15225,13,85.20000000000141,13,83.00000000000114,2opt,notBad
15226,13,85.20000000000141,13,83.00000000000114,2opt,notBad
15227,13,85.20000000000141,13,83.00000000000114,2opt,notBad
15228,13,81.20000000000118,13,81.20000000000118,swap,newBest
15229,13,81.20000000000118,13,81.20000000000118,move,improve
15230,13,81.20000000000118,13,81.20000000000118,2opt,notBad
15231,13,81.20000000000118,13,81.20000000000118,swap,notBad
15232,13,81.20000000000118,13,81.20000000000118,2opt,notBad
15233,13,81.20000000000118,13,81.20000000000118,swap,notBad
15234,13,81.20000000000118,13,81.20000000000118,move,improve
15235,13,81.20000000000118,13,81.20000000000118,swap,notBad
15236,13,81.20000000000118,13,81.20000000000118,move,improve
15237,13,81.20000000000118,13,81.20000000000118,move,improve
15238,13,81.20000000000118,13,81.20000000000118,swap,notBad
15239,13,81.20000000000118,13,81.20000000000118,move,improve
15240,13,81.20000000000118,13,81.20000000000118,move,improve
15241,13,81.20000000000118,13,81.20000000000118,move,improve
15242,13,81.20000000000118,13,81.20000000000118,swap,notBad
15243,13,81.20000000000118,13,81.20000000000118,swap,notBad
15244,13,81.20000000000118,13,81.20000000000118,move,improve
15245,13,81.20000000000118,13,81.20000000000118,move,improve
15246,13,81.20000000000118,13,81.20000000000118,swap,notBad
15247,13,81.20000000000118,13,81.20000000000118,swap,notBad
15248,13,81.20000000000118,13,81.20000000000118,2opt,improve
15249,13,81.20000000000118,13,81.20000000000118,move,improve
15250,13,81.20000000000118,13,81.20000000000118,swap,notBad
15251,13,81.20000000000118,13,81.20000000000118,2opt,notBad
15252,13,81.20000000000118,13,81.20000000000118,2opt,notBad
15253,13,81.20000000000118,13,81.20000000000118,move,improve
15254,13,81.20000000000118,13,81.20000000000118,2opt,notBad
15255,13,81.20000000000118,13,81.20000000000118,2opt,notBad
15256,13,81.20000000000118,13,81.20000000000118,swap,notBad
15257,13,81.20000000000118,13,81.20000000000118,move,improve
15258,13,81.20000000000118,13,81.20000000000118,swap,notBad
15259,13,81.20000000000118,13,81.20000000000118,move,improve
15260,13,81.20000000000118,13,81.20000000000118,2opt,notBad
15261,13,81.20000000000118,13,81.20000000000118,swap,notBad
15262,13,81.20000000000118,13,81.20000000000118,move,improve
15263,13,81.20000000000118,13,81.20000000000118,2opt,notBad
15264,13,81.20000000000118,13,81.20000000000118,2opt,notBad
15265,13,81.20000000000118,13,81.20000000000118,2opt,notBad
15266,13,81.20000000000118,13,81.20000000000118,2opt,notBad
15267,13,81.20000000000118,13,81.20000000000118,move,notBad
15268,13,81.20000000000118,13,81.20000000000118,move,improve
15269,13,81.20000000000118,13,81.20000000000118,swap,notBad
15270,13,81.20000000000118,13,81.20000000000118,swap,notBad
15271,13,81.20000000000118,13,81.20000000000118,move,improve
15272,13,81.20000000000118,13,81.20000000000118,move,improve
15273,13,81.20000000000118,13,81.20000000000118,move,improve
15274,13,81.20000000000118,13,81.20000000000118,2opt,notBad
15275,13,81.20000000000118,13,81.20000000000118,2opt,notBad
15276,13,81.20000000000118,13,81.20000000000118,move,improve
15277,13,81.20000000000118,13,81.20000000000118,2opt,notBad
15278,13,81.20000000000118,13,81.20000000000118,swap,notBad
15279,13,81.20000000000118,13,81.20000000000118,2opt,notBad
15280,13,81.20000000000118,13,81.20000000000118,move,improve
15281,13,81.20000000000118,13,81.20000000000118,swap,notBad
15282,13,81.20000000000118,13,81.20000000000118,move,improve
15283,13,81.20000000000118,13,81.20000000000118,move,improve
15284,13,81.20000000000118,13,81.20000000000118,move,improve
15285,13,81.20000000000118,13,81.20000000000118,2opt,notBad
15286,13,81.20000000000118,13,81.20000000000118,2opt,notBad
15287,13,81.20000000000118,13,81.20000000000118,swap,notBad
15288,13,81.20000000000118,13,81.20000000000118,swap,notBad
15289,13,81.20000000000118,13,81.20000000000118,2opt,notBad
15290,13,81.20000000000118,13,81.20000000000118,2opt,notBad
15291,13,81.20000000000118,13,81.20000000000118,swap,notBad
15292,13,81.20000000000118,13,81.20000000000118,move,improve
15293,13,81.20000000000118,13,81.20000000000118,move,improve
15294,13,81.20000000000118,13,81.20000000000118,2opt,notBad
15295,13,81.20000000000118,13,81.20000000000118,swap,notBad
15296,13,81.20000000000118,13,81.20000000000118,2opt,notBad
15297,13,81.20000000000118,13,81.20000000000118,2opt,notBad
15298,13,71.20000000000164,13,71.20000000000164,swap,newBest
15299,13,71.20000000000164,13,71.20000000000164,swap,notBad
15300,13,71.20000000000164,13,71.20000000000164,move,improve
15301,13,71.20000000000164,13,71.20000000000164,swap,notBad
15302,13,71.20000000000164,13,71.20000000000164,2opt,notBad
15303,13,71.20000000000164,13,71.20000000000164,move,improve
15304,13,71.20000000000164,13,71.20000000000164,move,improve
15305,13,71.20000000000164,13,71.20000000000164,2opt,notBad
15306,13,71.20000000000164,13,71.20000000000164,move,improve
15307,13,71.20000000000164,13,71.20000000000164,move,improve
15308,13,71.20000000000164,13,71.20000000000164,swap,notBad
15309,13,71.20000000000164,13,71.20000000000164,2opt,improve
15310,13,71.20000000000164,13,71.20000000000164,move,improve
15311,13,71.20000000000164,13,71.20000000000164,2opt,notBad
15312,13,71.20000000000164,13,71.20000000000164,2opt,notBad
15313,13,71.20000000000164,13,71.20000000000164,swap,notBad
15314,13,71.20000000000164,13,71.20000000000164,swap,notBad
15315,13,71.20000000000164,13,71.20000000000164,move,improve
15316,13,71.20000000000164,13,71.20000000000164,2opt,notBad
15317,13,71.20000000000164,13,71.20000000000164,swap,notBad
15318,13,71.20000000000164,13,71.20000000000164,2opt,notBad
15319,13,71.20000000000164,13,71.20000000000164,2opt,notBad
15320,13,71.20000000000164,13,71.20000000000164,move,improve
15321,13,71.20000000000164,13,71.20000000000164,swap,notBad
15322,13,71.20000000000164,13,71.20000000000164,2opt,notBad
15323,13,71.20000000000164,13,71.20000000000164,2opt,notBad
15324,13,71.20000000000164,13,71.20000000000164,move,improve
15325,13,71.20000000000164,13,71.20000000000164,swap,notBad
15326,13,71.20000000000164,13,71.20000000000164,move,improve
15327,13,71.20000000000164,13,71.20000000000164,2opt,notBad
15328,13,71.20000000000164,13,71.20000000000164,2opt,improve
15329,13,71.20000000000164,13,71.20000000000164,swap,notBad
15330,13,71.20000000000164,13,71.20000000000164,swap,notBad
15331,13,71.20000000000164,13,71.20000000000164,2opt,notBad
15332,13,71.20000000000164,13,71.20000000000164,2opt,notBad
15333,13,71.20000000000164,13,71.20000000000164,swap,notBad
15334,13,71.20000000000164,13,71.20000000000164,2opt,improve
15335,13,71.20000000000164,13,71.20000000000164,swap,notBad
15336,13,71.20000000000164,13,71.20000000000164,swap,notBad
15337,13,71.20000000000164,13,71.20000000000164,2opt,notBad
15338,13,71.20000000000164,13,71.20000000000164,move,improve
15339,13,71.20000000000164,13,71.20000000000164,move,improve
15340,13,71.20000000000164,13,71.20000000000164,swap,notBad
15341,13,71.20000000000164,13,71.20000000000164,swap,notBad
15342,13,71.20000000000164,13,71.20000000000164,swap,notBad
15343,13,71.20000000000164,13,71.20000000000164,move,improve
15344,13,71.20000000000164,13,71.20000000000164,move,improve
15345,13,71.20000000000164,13,71.20000000000164,move,improve
15346,13,71.20000000000164,13,71.20000000000164,swap,notBad
15347,13,71.20000000000164,13,71.20000000000164,swap,notBad
15348,13,71.20000000000164,13,71.20000000000164,move,improve
15349,13,71.20000000000164,13,71.20000000000164,swap,notBad
15350,13,71.20000000000164,13,71.20000000000164,swap,notBad
15351,13,71.20000000000164,13,71.20000000000164,2opt,notBad
15352,13,70.80000000000155,13,70.80000000000155,move,newBest
15353,13,70.80000000000155,13,70.80000000000155,2opt,notBad
15354,13,70.80000000000155,13,70.80000000000155,move,improve
15355,13,70.80000000000155,13,70.80000000000155,swap,notBad
15356,13,70.80000000000155,13,70.80000000000155,swap,notBad
15357,13,70.80000000000155,13,70.80000000000155,swap,notBad
15358,13,70.80000000000155,13,70.80000000000155,swap,notBad
15359,13,70.80000000000155,13,70.80000000000155,swap,notBad
15360,13,70.80000000000155,13,70.80000000000155,move,improve
15361,13,70.80000000000155,13,70.80000000000155,2opt,notBad
15362,13,70.80000000000155,13,70.80000000000155,2opt,notBad
15363,13,70.80000000000155,13,70.80000000000155,move,improve
15364,13,70.80000000000155,13,70.80000000000155,move,improve
15365,13,70.80000000000155,13,70.80000000000155,2opt,notBad
15366,13,70.80000000000155,13,70.80000000000155,swap,notBad
15367,13,70.80000000000155,13,70.80000000000155,2opt,notBad
15368,13,70.80000000000155,13,70.80000000000155,swap,notBad
15369,13,70.80000000000155,13,70.80000000000155,move,improve
15370,13,70.80000000000155,13,70.80000000000155,move,improve
15371,13,70.80000000000155,13,70.80000000000155,move,improve
15372,13,70.80000000000155,13,70.80000000000155,move,improve
15373,13,70.80000000000155,13,70.80000000000155,swap,notBad
15374,13,70.80000000000155,13,70.80000000000155,move,improve
15375,13,70.80000000000155,13,70.80000000000155,move,improve
15376,13,70.80000000000155,13,70.80000000000155,2opt,notBad
15377,13,70.80000000000155,13,70.80000000000155,move,improve
15378,13,70.80000000000155,13,70.80000000000155,move,improve
15379,13,70.80000000000155,13,70.80000000000155,move,improve
15380,13,70.80000000000155,13,70.80000000000155,move,improve
15381,13,70.80000000000155,13,70.80000000000155,swap,notBad
15382,13,70.80000000000155,13,70.80000000000155,swap,notBad
15383,13,70.80000000000155,13,70.80000000000155,swap,notBad
15384,13,70.80000000000155,13,70.80000000000155,move,improve
15385,13,70.80000000000155,13,70.80000000000155,2opt,notBad
15386,13,70.80000000000155,13,70.80000000000155,move,improve
15387,13,70.80000000000155,13,70.80000000000155,2opt,improve
15388,13,70.80000000000155,13,70.80000000000155,swap,notBad
15389,13,70.80000000000155,13,70.80000000000155,move,improve
15390,13,70.80000000000155,13,70.80000000000155,2opt,notBad
15391,13,70.80000000000155,13,70.80000000000155,2opt,notBad
15392,13,70.80000000000155,13,70.80000000000155,swap,notBad
15393,13,70.80000000000155,13,70.80000000000155,swap,notBad
15394,13,70.80000000000155,13,70.80000000000155,swap,notBad
15395,13,70.80000000000155,13,70.80000000000155,swap,notBad
15396,13,70.80000000000155,13,70.80000000000155,move,improve
15397,13,70.80000000000155,13,70.80000000000155,swap,notBad
15398,13,70.80000000000155,13,70.80000000000155,2opt,notBad
15399,13,70.80000000000155,13,70.80000000000155,swap,notBad
15400,13,70.80000000000155,13,70.80000000000155,move,improve
15401,13,70.80000000000155,13,70.80000000000155,swap,notBad
15402,13,70.80000000000155,13,70.80000000000155,move,improve
15403,13,70.80000000000155,13,70.80000000000155,swap,notBad
15404,13,70.80000000000155,13,70.80000000000155,swap,notBad
15405,13,70.80000000000155,13,70.80000000000155,move,improve
15406,13,70.80000000000155,13,70.80000000000155,move,improve
15407,13,70.80000000000155,13,70.80000000000155,move,improve
15408,13,70.80000000000155,13,70.80000000000155,swap,notBad
15409,13,70.80000000000155,13,70.80000000000155,swap,notBad
15410,13,70.80000000000155,13,70.80000000000155,2opt,notBad
15411,13,70.80000000000155,13,70.80000000000155,swap,notBad
15412,13,70.80000000000155,13,70.80000000000155,move,improve
15413,13,70.80000000000155,13,70.80000000000155,2opt,notBad
15414,13,70.80000000000155,13,70.80000000000155,move,improve
15415,13,70.80000000000155,13,70.80000000000155,2opt,notBad
15416,13,70.80000000000155,13,70.80000000000155,move,improve
15417,13,70.80000000000155,13,70.80000000000155,swap,notBad
15418,13,70.80000000000155,13,70.80000000000155,2opt,notBad
15419,13,70.80000000000155,13,70.80000000000155,swap,notBad
15420,13,70.80000000000155,13,70.80000000000155,2opt,notBad
15421,13,70.80000000000155,13,70.80000000000155,move,improve
15422,13,70.80000000000155,13,70.80000000000155,move,improve
15423,13,70.80000000000155,13,70.80000000000155,2opt,notBad
15424,13,70.80000000000155,13,70.80000000000155,2opt,notBad
15425,13,70.80000000000155,13,70.80000000000155,2opt,notBad
15426,13,70.80000000000155,13,70.80000000000155,move,improve
15427,13,70.80000000000155,13,70.80000000000155,swap,notBad
15428,13,70.80000000000155,13,70.80000000000155,2opt,notBad
15429,13,70.80000000000155,13,70.80000000000155,swap,notBad
15430,13,70.80000000000155,13,70.80000000000155,2opt,notBad
15431,13,70.80000000000155,13,70.80000000000155,move,improve
15432,13,70.80000000000155,13,70.80000000000155,2opt,notBad
15433,13,70.80000000000155,13,70.80000000000155,swap,notBad
15434,13,70.80000000000155,13,70.80000000000155,move,improve
15435,13,70.80000000000155,13,70.80000000000155,2opt,notBad
15436,13,70.80000000000155,13,70.80000000000155,2opt,notBad
15437,13,70.80000000000155,13,70.80000000000155,move,improve
15438,13,70.80000000000155,13,70.80000000000155,swap,notBad
15439,13,70.80000000000155,13,70.80000000000155,2opt,notBad
15440,13,70.80000000000155,13,70.80000000000155,2opt,notBad
15441,13,70.80000000000155,13,70.80000000000155,move,improve
15442,13,70.80000000000155,13,70.80000000000155,2opt,notBad
15443,13,70.80000000000155,13,70.80000000000155,2opt,notBad
15444,13,70.80000000000155,13,70.80000000000155,move,improve
15445,13,70.80000000000155,13,70.80000000000155,move,improve
15446,13,70.80000000000155,13,70.80000000000155,move,improve
15447,13,70.80000000000155,13,70.80000000000155,move,improve
15448,13,70.80000000000155,13,70.80000000000155,move,improve
15449,13,70.80000000000155,13,70.80000000000155,swap,notBad
15450,13,70.80000000000155,13,70.80000000000155,2opt,notBad
15451,13,70.80000000000155,13,70.80000000000155,move,improve
15452,13,70.80000000000155,13,70.80000000000155,2opt,notBad
15453,13,70.80000000000155,13,70.80000000000155,swap,notBad
15454,13,70.80000000000155,13,70.80000000000155,move,improve
15455,13,70.80000000000155,13,70.80000000000155,swap,notBad
15456,13,70.80000000000155,13,70.80000000000155,2opt,notBad
15457,13,70.80000000000155,13,70.80000000000155,swap,notBad
15458,13,70.80000000000155,13,70.80000000000155,swap,notBad
15459,13,70.80000000000155,13,70.80000000000155,2opt,notBad
15460,13,70.80000000000155,13,70.80000000000155,swap,notBad
15461,13,70.80000000000155,13,70.80000000000155,swap,notBad
15462,13,70.80000000000155,13,70.80000000000155,swap,notBad
15463,13,70.80000000000155,13,70.80000000000155,2opt,notBad
15464,13,70.80000000000155,13,70.80000000000155,move,improve
15465,13,70.80000000000155,13,70.80000000000155,2opt,notBad
15466,13,70.80000000000155,13,70.80000000000155,2opt,notBad
15467,13,70.80000000000155,13,70.80000000000155,move,improve
15468,13,70.80000000000155,13,70.80000000000155,2opt,notBad
15469,13,70.80000000000155,13,70.80000000000155,2opt,notBad
15470,13,70.80000000000155,13,70.80000000000155,2opt,notBad
15471,13,70.80000000000155,13,70.80000000000155,move,improve
15472,13,70.80000000000155,13,70.80000000000155,2opt,notBad
15473,13,70.80000000000155,13,70.80000000000155,swap,notBad
15474,13,70.80000000000155,13,70.80000000000155,move,improve
15475,13,70.80000000000155,13,70.80000000000155,2opt,notBad
15476,13,70.80000000000155,13,70.80000000000155,swap,notBad
15477,13,70.80000000000155,13,70.80000000000155,move,improve
15478,13,70.80000000000155,13,70.80000000000155,2opt,notBad
15479,13,70.80000000000155,13,70.80000000000155,swap,notBad
15480,13,70.80000000000155,13,70.80000000000155,move,improve
15481,13,70.80000000000155,13,70.80000000000155,move,improve
15482,13,70.80000000000155,13,70.80000000000155,move,improve
15483,13,70.80000000000155,13,70.80000000000155,swap,notBad
15484,13,70.80000000000155,13,70.80000000000155,2opt,notBad
15485,13,70.80000000000155,13,70.80000000000155,swap,notBad
15486,13,70.80000000000155,13,70.80000000000155,move,improve
15487,13,70.80000000000155,13,70.80000000000155,swap,notBad
15488,13,70.80000000000155,13,70.80000000000155,2opt,notBad
15489,13,70.80000000000155,13,70.80000000000155,swap,notBad
15490,13,70.80000000000155,13,70.80000000000155,move,improve
15491,13,70.80000000000155,13,70.80000000000155,swap,notBad
15492,13,70.80000000000155,13,70.80000000000155,swap,notBad
15493,13,70.80000000000155,13,70.80000000000155,move,improve
15494,13,70.80000000000155,13,70.80000000000155,2opt,notBad
15495,13,70.80000000000155,13,70.80000000000155,swap,notBad
15496,13,70.80000000000155,13,70.80000000000155,swap,notBad
15497,13,70.80000000000155,13,70.80000000000155,move,improve
15498,13,70.80000000000155,13,70.80000000000155,swap,notBad
15499,13,70.80000000000155,13,70.80000000000155,swap,notBad
15500,13,70.80000000000155,13,70.80000000000155,move,improve
15501,13,70.80000000000155,13,70.80000000000155,2opt,notBad
15502,13,70.80000000000155,13,70.80000000000155,2opt,notBad
15503,13,70.80000000000155,13,70.80000000000155,move,improve
15504,13,70.80000000000155,13,70.80000000000155,swap,notBad
15505,13,70.80000000000155,13,70.80000000000155,swap,notBad
15506,13,70.80000000000155,13,70.80000000000155,move,improve
15507,13,70.80000000000155,13,70.80000000000155,swap,notBad
15508,13,70.80000000000155,13,70.80000000000155,move,improve
15509,13,70.80000000000155,13,70.80000000000155,2opt,notBad
15510,13,70.80000000000155,13,70.80000000000155,swap,notBad
15511,13,70.80000000000155,13,70.80000000000155,move,improve
15512,13,70.80000000000155,13,70.80000000000155,move,improve
15513,13,70.80000000000155,13,70.80000000000155,swap,notBad
15514,13,70.80000000000155,13,70.80000000000155,2opt,improve
15515,13,70.80000000000155,13,70.80000000000155,swap,notBad
15516,13,70.80000000000155,13,70.80000000000155,swap,notBad
15517,13,70.80000000000155,13,70.80000000000155,move,improve
15518,13,70.80000000000155,13,70.80000000000155,swap,notBad
15519,13,70.80000000000155,13,70.80000000000155,move,improve
15520,13,70.80000000000155,13,70.80000000000155,2opt,notBad
15521,13,70.80000000000155,13,70.80000000000155,swap,notBad
15522,13,70.80000000000155,13,70.80000000000155,move,improve
15523,13,70.80000000000155,13,70.80000000000155,move,improve
15524,13,70.80000000000155,13,70.80000000000155,swap,notBad
15525,13,70.80000000000155,13,70.80000000000155,swap,notBad
15526,13,70.80000000000155,13,70.80000000000155,move,improve
15527,13,70.80000000000155,13,70.80000000000155,swap,notBad
15528,13,70.80000000000155,13,70.80000000000155,2opt,notBad
15529,13,70.80000000000155,13,70.80000000000155,2opt,notBad
15530,13,70.80000000000155,13,70.80000000000155,2opt,notBad
15531,13,70.80000000000155,13,70.80000000000155,move,improve
15532,13,70.80000000000155,13,70.80000000000155,move,improve
15533,13,70.80000000000155,13,70.80000000000155,swap,notBad
15534,13,70.80000000000155,13,70.80000000000155,move,improve
15535,13,70.80000000000155,13,70.80000000000155,move,improve
15536,13,70.80000000000155,13,70.80000000000155,2opt,notBad
15537,13,70.80000000000155,13,70.80000000000155,2opt,notBad
15538,13,70.80000000000155,13,70.80000000000155,2opt,notBad
15539,13,70.80000000000155,13,70.80000000000155,2opt,notBad
15540,13,70.80000000000155,13,70.80000000000155,2opt,notBad
15541,13,70.80000000000155,13,70.80000000000155,swap,notBad
15542,13,70.80000000000155,13,70.80000000000155,swap,notBad
15543,13,70.80000000000155,13,70.80000000000155,swap,notBad
15544,13,70.80000000000155,13,70.80000000000155,2opt,notBad
15545,13,70.80000000000155,13,70.80000000000155,swap,notBad
15546,13,70.80000000000155,13,70.80000000000155,swap,notBad
15547,13,70.80000000000155,13,70.80000000000155,swap,notBad
15548,13,70.80000000000155,13,70.80000000000155,2opt,notBad
15549,13,70.80000000000155,13,70.80000000000155,move,improve
15550,13,70.80000000000155,13,70.80000000000155,swap,notBad
15551,13,70.80000000000155,13,70.80000000000155,swap,notBad
15552,13,70.80000000000155,13,70.80000000000155,2opt,improve
15553,13,70.80000000000155,13,70.80000000000155,2opt,improve
15554,13,70.80000000000155,13,70.80000000000155,move,improve
15555,13,70.80000000000155,13,70.80000000000155,2opt,notBad
15556,13,70.80000000000155,13,70.80000000000155,swap,notBad
15557,13,70.80000000000155,13,70.80000000000155,move,improve
15558,13,70.80000000000155,13,70.80000000000155,move,notBad
15559,13,70.80000000000155,13,70.80000000000155,swap,notBad
15560,13,70.80000000000155,13,70.80000000000155,2opt,notBad
15561,13,70.80000000000155,13,70.80000000000155,move,improve
15562,13,70.80000000000155,13,70.80000000000155,move,improve
15563,13,70.80000000000155,13,70.80000000000155,move,improve
15564,13,70.80000000000155,13,70.80000000000155,2opt,notBad
15565,13,70.80000000000155,13,70.80000000000155,swap,notBad
15566,13,70.80000000000155,13,70.80000000000155,move,improve
15567,13,70.80000000000155,13,70.80000000000155,move,improve
15568,13,70.80000000000155,13,70.80000000000155,swap,notBad
15569,13,70.80000000000155,13,70.80000000000155,2opt,improve
15570,13,70.80000000000155,13,70.80000000000155,swap,notBad
15571,13,70.80000000000155,13,70.80000000000155,2opt,notBad
15572,13,70.80000000000155,13,70.80000000000155,swap,notBad
15573,13,70.80000000000155,13,70.80000000000155,move,improve
15574,13,70.80000000000155,13,70.80000000000155,move,improve
15575,13,70.80000000000155,13,70.80000000000155,move,improve
15576,13,70.80000000000155,13,70.80000000000155,2opt,notBad
15577,13,70.80000000000155,13,70.80000000000155,2opt,notBad
15578,13,70.80000000000155,13,70.80000000000155,swap,notBad
15579,13,70.80000000000155,13,70.80000000000155,swap,notBad
15580,13,70.80000000000155,13,70.80000000000155,2opt,improve
15581,13,70.80000000000155,13,70.80000000000155,2opt,notBad
15582,13,70.80000000000155,13,70.80000000000155,swap,notBad
15583,13,70.80000000000155,13,70.80000000000155,move,improve
15584,13,70.80000000000155,13,70.80000000000155,swap,notBad
15585,13,70.80000000000155,13,70.80000000000155,2opt,notBad
15586,13,70.80000000000155,13,70.80000000000155,move,improve
15587,13,70.80000000000155,13,70.80000000000155,move,improve
15588,13,70.80000000000155,13,70.80000000000155,2opt,notBad
15589,13,70.80000000000155,13,70.80000000000155,move,improve
15590,13,70.80000000000155,13,70.80000000000155,swap,notBad
15591,13,70.80000000000155,13,70.80000000000155,2opt,notBad
15592,13,70.80000000000155,13,70.80000000000155,swap,notBad
15593,13,70.80000000000155,13,70.80000000000155,swap,notBad
15594,13,70.80000000000155,13,70.80000000000155,move,improve
15595,13,70.80000000000155,13,70.80000000000155,2opt,notBad
15596,13,70.80000000000155,13,70.80000000000155,2opt,notBad
15597,13,70.80000000000155,13,70.80000000000155,2opt,notBad
15598,13,70.80000000000155,13,70.80000000000155,move,improve
15599,13,70.80000000000155,13,70.80000000000155,move,improve
15600,13,70.80000000000155,13,70.80000000000155,swap,notBad
15601,13,70.80000000000155,13,70.80000000000155,move,improve
15602,13,70.80000000000155,13,70.80000000000155,2opt,notBad
15603,13,70.80000000000155,13,70.80000000000155,2opt,notBad
15604,13,70.80000000000155,13,70.80000000000155,move,improve
15605,13,70.80000000000155,13,70.80000000000155,2opt,notBad
15606,13,70.80000000000155,13,70.80000000000155,move,improve
15607,13,70.80000000000155,13,70.80000000000155,swap,notBad
15608,13,70.80000000000155,13,70.80000000000155,move,improve
15609,13,70.80000000000155,13,70.80000000000155,2opt,notBad
15610,13,70.80000000000155,13,70.80000000000155,move,improve
15611,13,70.80000000000155,13,70.80000000000155,move,improve
15612,13,70.80000000000155,13,70.80000000000155,swap,notBad
15613,13,70.80000000000155,13,70.80000000000155,2opt,notBad
15614,13,70.80000000000155,13,70.80000000000155,move,improve
15615,13,70.80000000000155,13,70.80000000000155,2opt,notBad
15616,13,70.80000000000155,13,70.80000000000155,move,improve
15617,13,70.80000000000155,13,70.80000000000155,move,improve
15618,13,70.80000000000155,13,70.80000000000155,2opt,notBad
15619,13,70.80000000000155,13,70.80000000000155,swap,notBad
15620,13,70.80000000000155,13,70.80000000000155,2opt,notBad
15621,13,70.80000000000155,13,70.80000000000155,move,improve
15622,13,70.80000000000155,13,70.80000000000155,move,improve
15623,13,70.80000000000155,13,70.80000000000155,2opt,notBad
15624,13,70.80000000000155,13,70.80000000000155,move,improve
15625,13,70.80000000000155,13,70.80000000000155,move,improve
15626,13,70.80000000000155,13,70.80000000000155,2opt,improve
15627,13,70.80000000000155,13,70.80000000000155,move,improve
15628,13,70.80000000000155,13,70.80000000000155,2opt,notBad
15629,13,70.80000000000155,13,70.80000000000155,move,improve
15630,13,70.80000000000155,13,70.80000000000155,2opt,notBad
15631,13,70.80000000000155,13,70.80000000000155,swap,notBad
15632,13,70.80000000000155,13,70.80000000000155,move,improve
15633,13,70.80000000000155,13,70.80000000000155,move,improve
15634,13,70.80000000000155,13,70.80000000000155,move,notBad
15635,13,70.80000000000155,13,70.80000000000155,move,improve
15636,13,70.80000000000155,13,70.80000000000155,2opt,notBad
15637,13,70.80000000000155,13,70.80000000000155,2opt,notBad
15638,13,70.80000000000155,13,70.80000000000155,move,improve
15639,13,70.80000000000155,13,70.80000000000155,move,improve
15640,13,70.80000000000155,13,70.80000000000155,swap,notBad
15641,13,70.80000000000155,13,70.80000000000155,swap,notBad
15642,13,70.80000000000155,13,70.80000000000155,2opt,notBad
15643,13,70.80000000000155,13,70.80000000000155,2opt,notBad
15644,13,70.80000000000155,13,70.80000000000155,move,improve
15645,13,70.80000000000155,13,70.80000000000155,move,improve
15646,13,70.80000000000155,13,70.80000000000155,swap,notBad
15647,13,70.80000000000155,13,70.80000000000155,2opt,notBad
15648,13,70.80000000000155,13,70.80000000000155,2opt,notBad
15649,13,70.80000000000155,13,70.80000000000155,swap,notBad
15650,13,70.80000000000155,13,70.80000000000155,move,improve
15651,13,70.80000000000155,13,70.80000000000155,swap,notBad
15652,13,70.80000000000155,13,70.80000000000155,2opt,notBad
15653,13,70.80000000000155,13,70.80000000000155,swap,notBad
15654,13,70.80000000000155,13,70.80000000000155,2opt,improve
15655,13,70.80000000000155,13,70.80000000000155,2opt,notBad
15656,13,70.80000000000155,13,70.80000000000155,move,improve
15657,13,70.80000000000155,13,70.80000000000155,swap,notBad
15658,13,70.80000000000155,13,70.80000000000155,2opt,notBad
15659,13,70.80000000000155,13,70.80000000000155,move,improve
15660,13,70.80000000000155,13,70.80000000000155,2opt,notBad
15661,13,70.80000000000155,13,70.80000000000155,2opt,notBad
15662,13,70.80000000000155,13,70.80000000000155,2opt,notBad
15663,13,70.80000000000155,13,70.80000000000155,swap,notBad
15664,13,70.80000000000155,13,70.80000000000155,swap,notBad
15665,13,70.80000000000155,13,70.80000000000155,swap,notBad
15666,13,70.80000000000155,13,70.80000000000155,swap,notBad
15667,13,70.80000000000155,13,70.80000000000155,move,improve
15668,13,70.80000000000155,13,70.80000000000155,2opt,notBad
15669,13,70.80000000000155,13,70.80000000000155,2opt,notBad
15670,13,70.80000000000155,13,70.80000000000155,swap,notBad
15671,13,70.80000000000155,13,70.80000000000155,move,improve
15672,13,70.80000000000155,13,70.80000000000155,move,improve
15673,13,70.80000000000155,13,70.80000000000155,2opt,notBad
15674,13,70.80000000000155,13,70.80000000000155,swap,notBad
15675,13,70.80000000000155,13,70.80000000000155,swap,notBad
15676,13,70.80000000000155,13,70.80000000000155,move,improve
15677,13,70.80000000000155,13,70.80000000000155,move,improve
15678,13,70.80000000000155,13,70.80000000000155,2opt,notBad
15679,13,70.80000000000155,13,70.80000000000155,move,improve
15680,13,70.80000000000155,13,70.80000000000155,move,improve
15681,13,70.80000000000155,13,70.80000000000155,2opt,notBad
15682,13,70.80000000000155,13,70.80000000000155,2opt,notBad
15683,13,70.80000000000155,13,70.80000000000155,swap,notBad
15684,13,70.80000000000155,13,70.80000000000155,move,improve
15685,13,70.80000000000155,13,70.80000000000155,swap,notBad
15686,13,70.80000000000155,13,70.80000000000155,2opt,notBad
15687,13,70.80000000000155,13,70.80000000000155,2opt,notBad
15688,13,70.80000000000155,13,70.80000000000155,2opt,notBad
15689,13,70.80000000000155,13,70.80000000000155,2opt,notBad
15690,13,70.80000000000155,13,70.80000000000155,move,improve
15691,13,70.80000000000155,13,70.80000000000155,swap,notBad
15692,13,70.80000000000155,13,70.80000000000155,2opt,notBad
15693,13,70.80000000000155,13,70.80000000000155,move,improve
15694,13,70.80000000000155,13,70.80000000000155,swap,notBad
15695,13,70.80000000000155,13,70.80000000000155,swap,notBad
15696,13,70.80000000000155,13,70.80000000000155,swap,notBad
15697,13,70.80000000000155,13,70.80000000000155,2opt,notBad
15698,13,70.80000000000155,13,70.80000000000155,move,improve
15699,13,70.80000000000155,13,70.80000000000155,move,improve
15700,13,70.80000000000155,13,70.80000000000155,2opt,notBad
15701,13,70.80000000000155,13,70.80000000000155,2opt,notBad
15702,13,70.80000000000155,13,70.80000000000155,2opt,notBad
15703,13,70.80000000000155,13,70.80000000000155,swap,notBad
15704,13,70.80000000000155,13,70.80000000000155,swap,notBad
15705,13,70.80000000000155,13,70.80000000000155,swap,notBad
15706,13,70.80000000000155,13,70.80000000000155,move,improve
15707,13,70.80000000000155,13,70.80000000000155,move,improve
15708,13,70.80000000000155,13,70.80000000000155,2opt,notBad
15709,13,70.80000000000155,13,70.80000000000155,2opt,notBad
15710,13,70.80000000000155,13,70.80000000000155,2opt,notBad
15711,13,70.80000000000155,13,70.80000000000155,move,improve
15712,13,70.80000000000155,13,70.80000000000155,2opt,improve
15713,13,70.80000000000155,13,70.80000000000155,swap,notBad
15714,13,70.80000000000155,13,70.80000000000155,2opt,notBad
15715,13,70.80000000000155,13,70.80000000000155,2opt,notBad
15716,13,70.80000000000155,13,70.80000000000155,swap,notBad
15717,13,70.80000000000155,13,70.80000000000155,move,improve
15718,13,70.80000000000155,13,70.80000000000155,swap,notBad
15719,13,70.80000000000155,13,70.80000000000155,swap,notBad
15720,13,70.80000000000155,13,70.80000000000155,swap,notBad
15721,13,70.80000000000155,13,70.80000000000155,swap,notBad
15722,13,70.80000000000155,13,70.80000000000155,2opt,notBad
15723,13,70.80000000000155,13,70.80000000000155,swap,notBad
15724,13,70.80000000000155,13,70.80000000000155,move,improve
15725,13,70.80000000000155,13,70.80000000000155,move,improve
15726,13,70.80000000000155,13,70.80000000000155,move,improve
15727,13,70.80000000000155,13,70.80000000000155,2opt,notBad
15728,13,70.80000000000155,13,70.80000000000155,2opt,notBad
15729,13,70.80000000000155,13,70.80000000000155,2opt,notBad
15730,13,70.80000000000155,13,70.80000000000155,swap,notBad
15731,13,70.80000000000155,13,70.80000000000155,swap,notBad
15732,13,70.80000000000155,13,70.80000000000155,swap,notBad
15733,13,70.80000000000155,13,70.80000000000155,2opt,notBad
15734,13,70.80000000000155,13,70.80000000000155,swap,notBad
15735,13,70.80000000000155,13,70.80000000000155,move,improve
15736,13,70.80000000000155,13,70.80000000000155,swap,notBad
15737,13,70.80000000000155,13,70.80000000000155,move,improve
15738,13,70.80000000000155,13,70.80000000000155,2opt,notBad
15739,13,70.80000000000155,13,70.80000000000155,swap,notBad
15740,13,70.80000000000155,13,70.80000000000155,swap,notBad
15741,13,70.80000000000155,13,70.80000000000155,2opt,notBad
15742,13,70.80000000000155,13,70.80000000000155,move,notBad
15743,13,70.80000000000155,13,70.80000000000155,2opt,notBad
15744,13,70.80000000000155,13,70.80000000000155,move,improve
15745,13,70.80000000000155,13,70.80000000000155,swap,notBad
15746,13,70.80000000000155,13,70.80000000000155,swap,notBad
15747,13,70.80000000000155,13,70.80000000000155,move,improve
15748,13,70.80000000000155,13,70.80000000000155,2opt,notBad
15749,13,70.80000000000155,13,70.80000000000155,move,improve
15750,13,70.80000000000155,13,70.80000000000155,move,improve
15751,13,70.80000000000155,13,70.80000000000155,swap,notBad
15752,13,70.80000000000155,13,70.80000000000155,move,improve
15753,13,70.80000000000155,13,70.80000000000155,2opt,notBad
15754,13,70.80000000000155,13,70.80000000000155,swap,notBad
15755,13,70.80000000000155,13,70.80000000000155,move,improve
15756,13,70.80000000000155,13,70.80000000000155,2opt,improve
15757,13,70.80000000000155,13,70.80000000000155,2opt,notBad
15758,13,70.80000000000155,13,70.80000000000155,2opt,notBad
15759,13,70.80000000000155,13,70.80000000000155,move,improve
15760,13,70.80000000000155,13,70.80000000000155,2opt,improve
15761,13,70.80000000000155,13,70.80000000000155,move,improve
15762,13,70.80000000000155,13,70.80000000000155,swap,notBad
15763,13,70.80000000000155,13,70.80000000000155,move,improve
15764,13,70.80000000000155,13,70.80000000000155,swap,notBad
15765,13,70.80000000000155,13,70.80000000000155,move,improve
15766,13,70.80000000000155,13,70.80000000000155,move,improve
15767,13,70.80000000000155,13,70.80000000000155,2opt,notBad
15768,13,70.80000000000155,13,70.80000000000155,swap,notBad
15769,13,70.80000000000155,13,70.80000000000155,2opt,notBad
15770,13,70.80000000000155,13,70.80000000000155,2opt,notBad
15771,13,70.80000000000155,13,70.80000000000155,move,improve
15772,13,70.80000000000155,13,70.80000000000155,move,improve
15773,13,70.80000000000155,13,70.80000000000155,swap,notBad
15774,13,70.80000000000155,13,70.80000000000155,swap,notBad
15775,13,70.80000000000155,13,70.80000000000155,swap,notBad
15776,13,70.80000000000155,13,70.80000000000155,2opt,notBad
15777,13,70.80000000000155,13,70.80000000000155,swap,notBad
15778,13,70.80000000000155,13,70.80000000000155,2opt,notBad
15779,13,70.80000000000155,13,70.80000000000155,2opt,notBad
15780,13,70.80000000000155,13,70.80000000000155,swap,notBad
15781,13,70.80000000000155,13,70.80000000000155,swap,notBad
15782,13,70.80000000000155,13,70.80000000000155,move,improve
15783,13,70.80000000000155,13,70.80000000000155,2opt,notBad
15784,13,70.80000000000155,13,70.80000000000155,2opt,notBad
15785,13,70.80000000000155,13,70.80000000000155,2opt,notBad
15786,13,70.80000000000155,13,70.80000000000155,move,improve
15787,13,70.80000000000155,13,70.80000000000155,2opt,notBad
15788,13,70.80000000000155,13,70.80000000000155,swap,notBad
15789,13,70.80000000000155,13,70.80000000000155,2opt,notBad
15790,13,70.80000000000155,13,70.80000000000155,2opt,notBad
15791,13,70.80000000000155,13,70.80000000000155,move,improve
15792,13,70.80000000000155,13,70.80000000000155,2opt,notBad
15793,13,70.80000000000155,13,70.80000000000155,move,improve
15794,13,70.80000000000155,13,70.80000000000155,swap,notBad
15795,13,70.80000000000155,13,70.80000000000155,move,improve
15796,13,70.80000000000155,13,70.80000000000155,swap,notBad
15797,13,70.80000000000155,13,70.80000000000155,move,improve
15798,13,70.80000000000155,13,70.80000000000155,2opt,notBad
15799,13,70.80000000000155,13,70.80000000000155,swap,notBad
15800,13,70.80000000000155,13,70.80000000000155,move,improve
15801,13,70.80000000000155,13,70.80000000000155,2opt,notBad
15802,13,70.80000000000155,13,70.80000000000155,swap,notBad
15803,13,70.80000000000155,13,70.80000000000155,move,improve
15804,13,70.80000000000155,13,70.80000000000155,2opt,notBad
15805,13,70.80000000000155,13,70.80000000000155,2opt,notBad
15806,13,70.80000000000155,13,70.80000000000155,move,improve
15807,13,70.80000000000155,13,70.80000000000155,move,improve
15808,13,70.80000000000155,13,70.80000000000155,move,improve
15809,13,70.80000000000155,13,70.80000000000155,2opt,notBad
15810,13,70.80000000000155,13,70.80000000000155,2opt,improve
15811,13,70.80000000000155,13,70.80000000000155,2opt,notBad
15812,13,70.80000000000155,13,70.80000000000155,swap,notBad
15813,13,70.80000000000155,13,70.80000000000155,swap,notBad
15814,13,70.80000000000155,13,70.80000000000155,move,improve
15815,13,70.80000000000155,13,70.80000000000155,swap,notBad
15816,13,70.80000000000155,13,70.80000000000155,swap,notBad
15817,13,70.80000000000155,13,70.80000000000155,swap,notBad
15818,13,70.80000000000155,13,70.80000000000155,2opt,notBad
15819,13,70.80000000000155,13,70.80000000000155,2opt,notBad
15820,13,70.80000000000155,13,70.80000000000155,swap,notBad
15821,13,70.80000000000155,13,70.80000000000155,move,improve
15822,13,70.80000000000155,13,70.80000000000155,2opt,notBad
15823,13,70.80000000000155,13,70.80000000000155,move,improve
15824,13,70.80000000000155,13,70.80000000000155,swap,notBad
15825,13,70.80000000000155,13,70.80000000000155,2opt,notBad
15826,13,70.80000000000155,13,70.80000000000155,move,improve
15827,13,70.80000000000155,13,70.80000000000155,swap,notBad
15828,13,70.80000000000155,13,70.80000000000155,swap,notBad
15829,13,70.80000000000155,13,70.80000000000155,2opt,notBad
15830,13,70.80000000000155,13,70.80000000000155,2opt,notBad
15831,13,70.80000000000155,13,70.80000000000155,swap,notBad
15832,13,70.80000000000155,13,70.80000000000155,swap,notBad
15833,13,70.80000000000155,13,70.80000000000155,move,improve
15834,13,70.80000000000155,13,70.80000000000155,2opt,notBad
15835,13,70.80000000000155,13,70.80000000000155,2opt,notBad
15836,13,70.80000000000155,13,70.80000000000155,swap,notBad
15837,13,70.80000000000155,13,70.80000000000155,swap,notBad
15838,13,70.80000000000155,13,70.80000000000155,move,improve
15839,13,70.80000000000155,13,70.80000000000155,swap,notBad
15840,13,70.80000000000155,13,70.80000000000155,move,improve
15841,13,70.80000000000155,13,70.80000000000155,2opt,notBad
15842,13,70.80000000000155,13,70.80000000000155,move,improve
15843,13,70.80000000000155,13,70.80000000000155,swap,notBad
15844,13,70.80000000000155,13,70.80000000000155,2opt,notBad
15845,13,70.80000000000155,13,70.80000000000155,move,improve
15846,13,70.80000000000155,13,70.80000000000155,swap,notBad
15847,13,70.80000000000155,13,70.80000000000155,2opt,notBad
15848,13,70.80000000000155,13,70.80000000000155,2opt,notBad
15849,13,70.80000000000155,13,70.80000000000155,2opt,notBad
15850,13,70.80000000000155,13,70.80000000000155,move,improve
15851,13,70.80000000000155,13,70.80000000000155,2opt,notBad
15852,13,70.80000000000155,13,70.80000000000155,move,improve
15853,13,70.80000000000155,13,70.80000000000155,swap,notBad
15854,13,70.80000000000155,13,70.80000000000155,swap,notBad
15855,13,70.80000000000155,13,70.80000000000155,move,improve
15856,13,70.80000000000155,13,70.80000000000155,2opt,notBad
15857,13,70.80000000000155,13,70.80000000000155,move,improve
15858,13,70.80000000000155,13,70.80000000000155,swap,notBad
15859,13,70.80000000000155,13,70.80000000000155,move,improve
15860,13,70.80000000000155,13,70.80000000000155,move,improve
15861,13,70.80000000000155,13,70.80000000000155,swap,notBad
15862,13,70.80000000000155,13,70.80000000000155,move,improve
15863,13,70.80000000000155,13,70.80000000000155,2opt,notBad
15864,13,70.80000000000155,13,70.80000000000155,swap,notBad
15865,13,70.80000000000155,13,70.80000000000155,swap,notBad
15866,13,70.80000000000155,13,70.80000000000155,2opt,notBad
15867,13,70.80000000000155,13,70.80000000000155,move,improve
15868,13,70.80000000000155,13,70.80000000000155,2opt,notBad
15869,13,70.80000000000155,13,70.80000000000155,swap,notBad
15870,13,70.80000000000155,13,70.80000000000155,swap,notBad
15871,13,70.80000000000155,13,70.80000000000155,swap,notBad
15872,13,70.80000000000155,13,70.80000000000155,swap,notBad
15873,13,70.80000000000155,13,70.80000000000155,2opt,notBad
15874,13,70.80000000000155,13,70.80000000000155,swap,notBad
15875,13,70.80000000000155,13,70.80000000000155,2opt,notBad
15876,13,70.80000000000155,13,70.80000000000155,move,improve
15877,13,70.80000000000155,13,70.80000000000155,move,improve
15878,13,70.80000000000155,13,70.80000000000155,swap,notBad
15879,13,70.80000000000155,13,70.80000000000155,swap,notBad
15880,13,70.80000000000155,13,70.80000000000155,move,improve
15881,13,70.80000000000155,13,70.80000000000155,move,improve
15882,13,70.80000000000155,13,70.80000000000155,swap,notBad
15883,13,70.80000000000155,13,70.80000000000155,move,improve
15884,13,70.80000000000155,13,70.80000000000155,move,improve
15885,13,70.80000000000155,13,70.80000000000155,2opt,improve
15886,13,70.80000000000155,13,70.80000000000155,move,improve
15887,13,70.80000000000155,13,70.80000000000155,2opt,notBad
15888,13,70.80000000000155,13,70.80000000000155,swap,notBad
15889,13,70.80000000000155,13,70.80000000000155,2opt,notBad
15890,13,70.80000000000155,13,70.80000000000155,swap,notBad
15891,13,70.80000000000155,13,70.80000000000155,move,improve
15892,13,70.80000000000155,13,70.80000000000155,2opt,notBad
15893,13,70.80000000000155,13,70.80000000000155,2opt,notBad
15894,13,70.80000000000155,13,70.80000000000155,2opt,notBad
15895,13,70.80000000000155,13,70.80000000000155,swap,notBad
15896,13,70.80000000000155,13,70.80000000000155,2opt,notBad
15897,13,70.80000000000155,13,70.80000000000155,move,improve
15898,13,70.80000000000155,13,70.80000000000155,move,improve
15899,13,70.80000000000155,13,70.80000000000155,swap,notBad
15900,13,70.80000000000155,13,70.80000000000155,swap,notBad
15901,13,70.80000000000155,13,70.80000000000155,2opt,notBad
15902,13,70.80000000000155,13,70.80000000000155,swap,notBad
15903,13,70.80000000000155,13,70.80000000000155,2opt,notBad
15904,13,70.80000000000155,13,70.80000000000155,swap,notBad
15905,13,70.80000000000155,13,70.80000000000155,swap,notBad
15906,13,70.80000000000155,13,70.80000000000155,2opt,improve
15907,13,70.80000000000155,13,70.80000000000155,move,improve
15908,13,70.80000000000155,13,70.80000000000155,move,improve
15909,13,70.80000000000155,13,70.80000000000155,2opt,notBad
15910,13,70.80000000000155,13,70.80000000000155,move,improve
15911,13,70.80000000000155,13,70.80000000000155,2opt,notBad
15912,13,70.80000000000155,13,70.80000000000155,2opt,notBad
15913,13,70.80000000000155,13,70.80000000000155,swap,notBad
15914,13,70.80000000000155,13,70.80000000000155,move,improve
15915,13,70.80000000000155,13,70.80000000000155,move,improve
15916,13,70.80000000000155,13,70.80000000000155,2opt,notBad
15917,13,70.80000000000155,13,70.80000000000155,2opt,notBad
15918,13,70.80000000000155,13,70.80000000000155,2opt,notBad
15919,13,70.80000000000155,13,70.80000000000155,2opt,notBad
15920,13,70.80000000000155,13,70.80000000000155,move,improve
15921,13,70.80000000000155,13,70.80000000000155,move,improve
15922,13,70.80000000000155,13,70.80000000000155,move,improve
15923,13,70.80000000000155,13,70.80000000000155,2opt,notBad
15924,13,70.80000000000155,13,70.80000000000155,move,improve
15925,13,70.80000000000155,13,70.80000000000155,2opt,notBad
15926,13,70.80000000000155,13,70.80000000000155,swap,notBad
15927,13,70.80000000000155,13,70.80000000000155,move,improve
15928,13,70.80000000000155,13,70.80000000000155,swap,notBad
15929,13,70.80000000000155,13,70.80000000000155,swap,notBad
15930,13,70.80000000000155,13,70.80000000000155,2opt,notBad
15931,13,70.80000000000155,13,70.80000000000155,move,improve
15932,13,70.80000000000155,13,70.80000000000155,swap,notBad
15933,13,70.80000000000155,13,70.80000000000155,2opt,notBad
15934,13,70.80000000000155,13,70.80000000000155,move,improve
15935,13,70.80000000000155,13,70.80000000000155,swap,notBad
15936,13,70.80000000000155,13,70.80000000000155,swap,notBad
15937,13,70.80000000000155,13,70.80000000000155,move,improve
15938,13,70.80000000000155,13,70.80000000000155,swap,notBad
15939,13,70.80000000000155,13,70.80000000000155,swap,notBad
15940,13,70.80000000000155,13,70.80000000000155,2opt,notBad
15941,13,70.80000000000155,13,70.80000000000155,2opt,notBad
15942,13,70.80000000000155,13,70.80000000000155,2opt,notBad
15943,13,70.80000000000155,13,70.80000000000155,move,improve
15944,13,70.80000000000155,13,70.80000000000155,2opt,notBad
15945,13,70.80000000000155,13,70.80000000000155,2opt,notBad
15946,13,70.80000000000155,13,70.80000000000155,swap,notBad
15947,13,70.80000000000155,13,70.80000000000155,swap,notBad
15948,13,70.80000000000155,13,70.80000000000155,swap,notBad
15949,13,70.80000000000155,13,70.80000000000155,move,improve
15950,13,70.80000000000155,13,70.80000000000155,move,improve
15951,13,70.80000000000155,13,70.80000000000155,move,improve
15952,13,70.80000000000155,13,70.80000000000155,move,improve
15953,13,70.80000000000155,13,70.80000000000155,swap,notBad
15954,13,70.80000000000155,13,70.80000000000155,swap,notBad
15955,13,70.80000000000155,13,70.80000000000155,swap,notBad
15956,13,70.80000000000155,13,70.80000000000155,2opt,notBad
15957,13,70.80000000000155,13,70.80000000000155,swap,notBad
15958,13,70.80000000000155,13,70.80000000000155,2opt,notBad
15959,13,70.80000000000155,13,70.80000000000155,swap,notBad
15960,13,70.80000000000155,13,70.80000000000155,swap,notBad
15961,13,70.80000000000155,13,70.80000000000155,move,improve
15962,13,70.80000000000155,13,70.80000000000155,2opt,improve
15963,13,70.80000000000155,13,70.80000000000155,2opt,notBad
15964,13,70.80000000000155,13,70.80000000000155,2opt,notBad
15965,13,70.80000000000155,13,70.80000000000155,2opt,notBad
15966,13,70.80000000000155,13,70.80000000000155,2opt,notBad
15967,13,70.80000000000155,13,70.80000000000155,swap,notBad
15968,13,70.80000000000155,13,70.80000000000155,move,improve
15969,13,70.80000000000155,13,70.80000000000155,move,improve
15970,13,70.80000000000155,13,70.80000000000155,2opt,notBad
15971,13,70.80000000000155,13,70.80000000000155,swap,notBad
15972,13,70.80000000000155,13,70.80000000000155,move,improve
15973,13,70.80000000000155,13,70.80000000000155,swap,notBad
15974,13,70.80000000000155,13,70.80000000000155,move,improve
15975,13,70.80000000000155,13,70.80000000000155,swap,notBad
15976,13,70.80000000000155,13,70.80000000000155,move,improve
15977,13,70.80000000000155,13,70.80000000000155,swap,notBad
15978,13,70.80000000000155,13,70.80000000000155,swap,notBad
15979,13,70.80000000000155,13,70.80000000000155,move,improve
15980,13,70.80000000000155,13,70.80000000000155,move,improve
15981,13,70.80000000000155,13,70.80000000000155,move,improve
15982,13,70.80000000000155,13,70.80000000000155,2opt,notBad
15983,13,70.80000000000155,13,70.80000000000155,move,improve
15984,13,70.80000000000155,13,70.80000000000155,move,improve
15985,13,70.80000000000155,13,70.80000000000155,move,improve
15986,13,70.80000000000155,13,70.80000000000155,swap,notBad
15987,13,70.80000000000155,13,70.80000000000155,swap,notBad
15988,13,70.80000000000155,13,70.80000000000155,swap,notBad
15989,13,70.80000000000155,13,70.80000000000155,swap,notBad
15990,13,70.80000000000155,13,70.80000000000155,2opt,notBad
15991,13,70.80000000000155,13,70.80000000000155,2opt,notBad
15992,13,70.80000000000155,13,70.80000000000155,2opt,notBad
15993,13,70.80000000000155,13,70.80000000000155,swap,notBad
15994,13,70.80000000000155,13,70.80000000000155,2opt,notBad
15995,13,70.80000000000155,13,70.80000000000155,move,improve
15996,13,70.80000000000155,13,70.80000000000155,2opt,notBad
15997,13,70.80000000000155,13,70.80000000000155,move,improve
15998,13,70.80000000000155,13,70.80000000000155,swap,notBad
15999,13,70.80000000000155,13,70.80000000000155,swap,notBad
16000,13,70.80000000000155,13,70.80000000000155,move,improve
16001,13,70.80000000000155,13,70.80000000000155,swap,notBad
16002,13,70.80000000000155,13,70.80000000000155,move,improve
16003,13,70.80000000000155,13,70.80000000000155,2opt,notBad
16004,13,70.80000000000155,13,70.80000000000155,2opt,notBad
16005,13,70.80000000000155,13,70.80000000000155,swap,notBad
16006,13,70.80000000000155,13,70.80000000000155,swap,notBad
16007,13,70.80000000000155,13,70.80000000000155,move,improve
16008,13,70.80000000000155,13,70.80000000000155,move,improve
16009,13,70.80000000000155,13,70.80000000000155,move,improve
16010,13,70.80000000000155,13,70.80000000000155,swap,notBad
16011,13,70.80000000000155,13,70.80000000000155,move,improve
16012,13,70.80000000000155,13,70.80000000000155,swap,notBad
16013,13,70.80000000000155,13,70.80000000000155,swap,notBad
16014,13,70.80000000000155,13,70.80000000000155,2opt,notBad
16015,13,70.80000000000155,13,70.80000000000155,2opt,notBad
16016,13,70.80000000000155,13,70.80000000000155,2opt,notBad
16017,13,70.80000000000155,13,70.80000000000155,swap,notBad
16018,13,70.80000000000155,13,70.80000000000155,2opt,notBad
16019,13,70.80000000000155,13,70.80000000000155,move,improve
16020,13,70.80000000000155,13,70.80000000000155,move,improve
16021,13,70.80000000000155,13,70.80000000000155,swap,notBad
16022,13,70.80000000000155,13,70.80000000000155,2opt,notBad
16023,13,70.80000000000155,13,70.80000000000155,swap,notBad
16024,13,70.80000000000155,13,70.80000000000155,swap,notBad
16025,13,70.80000000000155,13,70.80000000000155,move,improve
16026,13,70.80000000000155,13,70.80000000000155,2opt,notBad
16027,13,70.80000000000155,13,70.80000000000155,move,improve
16028,13,70.80000000000155,13,70.80000000000155,2opt,notBad
16029,13,70.80000000000155,13,70.80000000000155,2opt,notBad
16030,13,70.80000000000155,13,70.80000000000155,swap,notBad
16031,13,70.80000000000155,13,70.80000000000155,move,improve
16032,13,70.80000000000155,13,70.80000000000155,move,improve
16033,13,70.80000000000155,13,70.80000000000155,move,improve
16034,13,70.80000000000155,13,70.80000000000155,move,improve
16035,13,70.80000000000155,13,70.80000000000155,move,improve
16036,13,70.80000000000155,13,70.80000000000155,move,improve
16037,13,70.80000000000155,13,70.80000000000155,2opt,notBad
16038,13,70.80000000000155,13,70.80000000000155,swap,notBad
16039,13,70.80000000000155,13,70.80000000000155,move,improve
16040,13,70.80000000000155,13,70.80000000000155,move,improve
16041,13,70.80000000000155,13,70.80000000000155,move,improve
16042,13,70.80000000000155,13,70.80000000000155,swap,notBad
16043,13,70.80000000000155,13,70.80000000000155,swap,notBad
16044,13,70.80000000000155,13,70.80000000000155,move,improve
16045,13,70.80000000000155,13,70.80000000000155,move,improve
16046,13,70.80000000000155,13,70.80000000000155,move,improve
16047,13,70.80000000000155,13,70.80000000000155,move,improve
16048,13,70.80000000000155,13,70.80000000000155,2opt,notBad
16049,13,70.80000000000155,13,70.80000000000155,2opt,notBad
16050,13,70.80000000000155,13,70.80000000000155,2opt,improve
16051,13,70.80000000000155,13,70.80000000000155,swap,notBad
16052,13,70.80000000000155,13,70.80000000000155,2opt,notBad
16053,13,70.80000000000155,13,70.80000000000155,2opt,notBad
16054,13,70.80000000000155,13,70.80000000000155,move,improve
16055,13,70.80000000000155,13,70.80000000000155,2opt,notBad
16056,13,70.80000000000155,13,70.80000000000155,2opt,notBad
16057,13,70.80000000000155,13,70.80000000000155,move,improve
16058,13,70.80000000000155,13,70.80000000000155,move,improve
16059,13,70.80000000000155,13,70.80000000000155,swap,notBad
16060,13,70.80000000000155,13,70.80000000000155,swap,notBad
16061,13,70.80000000000155,13,70.80000000000155,swap,notBad
16062,13,70.80000000000155,13,70.80000000000155,move,improve
16063,13,70.80000000000155,13,70.80000000000155,2opt,notBad
16064,13,70.80000000000155,13,70.80000000000155,2opt,notBad
16065,13,70.80000000000155,13,70.80000000000155,swap,notBad
16066,13,70.80000000000155,13,70.80000000000155,swap,notBad
16067,13,70.80000000000155,13,70.80000000000155,2opt,notBad
16068,13,70.80000000000155,13,70.80000000000155,swap,notBad
16069,13,70.80000000000155,13,70.80000000000155,swap,notBad
16070,13,70.80000000000155,13,70.80000000000155,swap,notBad
16071,13,70.80000000000155,13,70.80000000000155,2opt,notBad
16072,13,70.80000000000155,13,70.80000000000155,move,improve
16073,13,70.80000000000155,13,70.80000000000155,swap,notBad
16074,13,70.80000000000155,13,70.80000000000155,2opt,notBad
16075,13,70.80000000000155,13,70.80000000000155,swap,notBad
16076,13,70.80000000000155,13,70.80000000000155,move,improve
16077,13,70.80000000000155,13,70.80000000000155,move,improve
16078,13,70.80000000000155,13,70.80000000000155,swap,notBad
16079,13,70.80000000000155,13,70.80000000000155,swap,notBad
16080,13,70.80000000000155,13,70.80000000000155,swap,notBad
16081,13,70.80000000000155,13,70.80000000000155,move,improve
16082,13,70.80000000000155,13,70.80000000000155,2opt,notBad
16083,13,70.80000000000155,13,70.80000000000155,2opt,improve
16084,13,70.80000000000155,13,70.80000000000155,swap,notBad
16085,13,70.80000000000155,13,70.80000000000155,2opt,notBad
16086,13,70.80000000000155,13,70.80000000000155,swap,notBad
16087,13,70.80000000000155,13,70.80000000000155,2opt,improve
16088,13,70.80000000000155,13,70.80000000000155,2opt,notBad
16089,13,70.80000000000155,13,70.80000000000155,move,improve
16090,13,70.80000000000155,13,70.80000000000155,2opt,notBad
16091,13,70.80000000000155,13,70.80000000000155,move,improve
16092,13,70.80000000000155,13,70.80000000000155,2opt,notBad
16093,13,70.80000000000155,13,70.80000000000155,2opt,notBad
16094,13,70.80000000000155,13,70.80000000000155,swap,notBad
16095,13,70.80000000000155,13,70.80000000000155,swap,notBad
16096,13,70.80000000000155,13,70.80000000000155,swap,notBad
16097,13,70.80000000000155,13,70.80000000000155,swap,notBad
16098,13,70.80000000000155,13,70.80000000000155,move,improve
16099,13,70.80000000000155,13,70.80000000000155,swap,notBad
16100,13,70.80000000000155,13,70.80000000000155,2opt,notBad
16101,13,70.80000000000155,13,70.80000000000155,move,improve
16102,13,70.80000000000155,13,70.80000000000155,swap,notBad
16103,13,70.80000000000155,13,70.80000000000155,swap,notBad
16104,13,70.80000000000155,13,70.80000000000155,2opt,notBad
16105,13,70.80000000000155,13,70.80000000000155,move,improve
16106,13,70.80000000000155,13,70.80000000000155,swap,notBad
16107,13,70.80000000000155,13,70.80000000000155,2opt,notBad
16108,13,70.80000000000155,13,70.80000000000155,move,improve
16109,13,70.80000000000155,13,70.80000000000155,2opt,notBad
16110,13,70.80000000000155,13,70.80000000000155,swap,notBad
16111,13,70.80000000000155,13,70.80000000000155,move,improve
16112,13,70.80000000000155,13,70.80000000000155,2opt,notBad
16113,13,70.80000000000155,13,70.80000000000155,swap,notBad
16114,13,70.80000000000155,13,70.80000000000155,2opt,notBad
16115,13,70.80000000000155,13,70.80000000000155,move,improve
16116,13,70.80000000000155,13,70.80000000000155,move,improve
16117,13,70.80000000000155,13,70.80000000000155,2opt,notBad
16118,13,70.80000000000155,13,70.80000000000155,2opt,notBad
16119,13,70.80000000000155,13,70.80000000000155,move,improve
16120,13,70.80000000000155,13,70.80000000000155,move,improve
16121,13,70.80000000000155,13,70.80000000000155,2opt,notBad
16122,13,70.80000000000155,13,70.80000000000155,swap,notBad
16123,13,70.80000000000155,13,70.80000000000155,2opt,notBad
16124,13,70.80000000000155,13,70.80000000000155,2opt,notBad
16125,13,70.80000000000155,13,70.80000000000155,2opt,notBad
16126,13,70.80000000000155,13,70.80000000000155,move,improve
16127,13,70.80000000000155,13,70.80000000000155,2opt,notBad
16128,13,70.80000000000155,13,70.80000000000155,2opt,notBad
16129,13,70.80000000000155,13,70.80000000000155,move,improve
16130,13,70.80000000000155,13,70.80000000000155,swap,notBad
16131,13,70.80000000000155,13,70.80000000000155,2opt,notBad
16132,13,70.80000000000155,13,70.80000000000155,2opt,notBad
16133,13,70.80000000000155,13,70.80000000000155,move,improve
16134,13,70.80000000000155,13,70.80000000000155,move,improve
16135,13,70.80000000000155,13,70.80000000000155,move,improve
16136,13,70.80000000000155,13,70.80000000000155,swap,notBad
16137,13,70.80000000000155,13,70.80000000000155,2opt,notBad
16138,13,70.80000000000155,13,70.80000000000155,swap,notBad
16139,13,70.80000000000155,13,70.80000000000155,2opt,notBad
16140,13,70.80000000000155,13,70.80000000000155,swap,notBad
16141,13,70.80000000000155,13,70.80000000000155,move,improve
16142,13,70.80000000000155,13,70.80000000000155,swap,notBad
16143,13,70.80000000000155,13,70.80000000000155,swap,notBad
16144,13,70.80000000000155,13,70.80000000000155,move,improve
16145,13,70.80000000000155,13,70.80000000000155,move,improve
16146,13,70.80000000000155,13,70.80000000000155,move,improve
16147,13,70.80000000000155,13,70.80000000000155,move,improve
16148,13,70.80000000000155,13,70.80000000000155,2opt,notBad
16149,13,70.80000000000155,13,70.80000000000155,swap,notBad
16150,13,70.80000000000155,13,70.80000000000155,2opt,notBad
16151,13,70.80000000000155,13,70.80000000000155,2opt,notBad
16152,13,70.80000000000155,13,70.80000000000155,move,improve
16153,13,70.80000000000155,13,70.80000000000155,swap,notBad
16154,13,70.80000000000155,13,70.80000000000155,2opt,notBad
16155,13,70.80000000000155,13,70.80000000000155,swap,notBad
16156,13,70.80000000000155,13,70.80000000000155,move,improve
16157,13,70.80000000000155,13,70.80000000000155,swap,notBad
16158,13,70.80000000000155,13,70.80000000000155,2opt,notBad
16159,13,70.80000000000155,13,70.80000000000155,move,improve
16160,13,70.80000000000155,13,70.80000000000155,swap,notBad
16161,13,70.80000000000155,13,70.80000000000155,2opt,notBad
16162,13,70.80000000000155,13,70.80000000000155,move,improve
16163,13,70.80000000000155,13,70.80000000000155,2opt,improve
16164,13,70.80000000000155,13,70.80000000000155,move,improve
16165,13,70.80000000000155,13,70.80000000000155,move,improve
16166,13,70.80000000000155,13,70.80000000000155,2opt,notBad
16167,13,70.80000000000155,13,70.80000000000155,2opt,notBad
16168,13,70.80000000000155,13,70.80000000000155,swap,notBad
16169,13,70.80000000000155,13,70.80000000000155,2opt,notBad
16170,13,70.80000000000155,13,70.80000000000155,2opt,notBad
16171,13,70.80000000000155,13,70.80000000000155,2opt,notBad
16172,13,70.80000000000155,13,70.80000000000155,swap,notBad
16173,13,70.80000000000155,13,70.80000000000155,swap,notBad
16174,13,70.80000000000155,13,70.80000000000155,move,improve
16175,13,70.80000000000155,13,70.80000000000155,move,improve
16176,13,70.80000000000155,13,70.80000000000155,move,notBad
16177,13,70.80000000000155,13,70.80000000000155,2opt,notBad
16178,13,70.80000000000155,13,70.80000000000155,2opt,notBad
16179,13,70.80000000000155,13,70.80000000000155,2opt,notBad
16180,13,70.80000000000155,13,70.80000000000155,move,improve
16181,13,70.80000000000155,13,70.80000000000155,swap,notBad
16182,13,70.80000000000155,13,70.80000000000155,2opt,notBad
16183,13,70.80000000000155,13,70.80000000000155,2opt,notBad
16184,13,70.80000000000155,13,70.80000000000155,2opt,notBad
16185,13,70.80000000000155,13,70.80000000000155,swap,notBad
16186,13,70.80000000000155,13,70.80000000000155,2opt,notBad
16187,13,70.80000000000155,13,70.80000000000155,swap,notBad
16188,13,70.80000000000155,13,70.80000000000155,swap,notBad
16189,13,70.80000000000155,13,70.80000000000155,2opt,notBad
16190,13,70.80000000000155,13,70.80000000000155,2opt,notBad
16191,13,70.80000000000155,13,70.80000000000155,2opt,notBad
16192,13,70.80000000000155,13,70.80000000000155,2opt,notBad
16193,13,70.80000000000155,13,70.80000000000155,swap,notBad
16194,13,70.80000000000155,13,70.80000000000155,swap,notBad
16195,13,70.80000000000155,13,70.80000000000155,move,improve
16196,13,70.80000000000155,13,70.80000000000155,2opt,notBad
16197,13,70.80000000000155,13,70.80000000000155,swap,notBad
16198,13,70.80000000000155,13,70.80000000000155,swap,notBad
16199,13,70.80000000000155,13,70.80000000000155,swap,notBad
16200,13,70.80000000000155,13,70.80000000000155,move,improve
16201,13,70.80000000000155,13,70.80000000000155,swap,notBad
16202,13,70.80000000000155,13,70.80000000000155,move,notBad
16203,13,70.80000000000155,13,70.80000000000155,2opt,notBad
16204,13,70.80000000000155,13,70.80000000000155,swap,notBad
16205,13,70.80000000000155,13,70.80000000000155,2opt,notBad
16206,13,70.80000000000155,13,70.80000000000155,move,improve
16207,13,70.80000000000155,13,70.80000000000155,2opt,notBad
16208,13,70.80000000000155,13,70.80000000000155,2opt,notBad
16209,13,70.80000000000155,13,70.80000000000155,move,improve
16210,13,70.80000000000155,13,70.80000000000155,2opt,notBad
16211,13,70.80000000000155,13,70.80000000000155,swap,notBad
16212,13,70.80000000000155,13,70.80000000000155,swap,notBad
16213,13,70.80000000000155,13,70.80000000000155,swap,notBad
16214,13,70.80000000000155,13,70.80000000000155,swap,notBad
16215,13,70.80000000000155,13,70.80000000000155,swap,notBad
16216,13,70.80000000000155,13,70.80000000000155,swap,notBad
16217,13,70.80000000000155,13,70.80000000000155,2opt,notBad
16218,13,70.80000000000155,13,70.80000000000155,move,improve
16219,13,70.80000000000155,13,70.80000000000155,swap,notBad
16220,13,70.80000000000155,13,70.80000000000155,move,improve
16221,13,70.80000000000155,13,70.80000000000155,move,improve
16222,13,70.80000000000155,13,70.80000000000155,swap,notBad
16223,13,70.80000000000155,13,70.80000000000155,move,improve
16224,13,70.80000000000155,13,70.80000000000155,move,improve
16225,13,70.80000000000155,13,70.80000000000155,2opt,notBad
16226,13,70.80000000000155,13,70.80000000000155,2opt,notBad
16227,13,70.80000000000155,13,70.80000000000155,move,improve
16228,13,70.80000000000155,13,70.80000000000155,move,improve
16229,13,70.80000000000155,13,70.80000000000155,2opt,notBad
16230,13,70.80000000000155,13,70.80000000000155,swap,notBad
16231,13,70.80000000000155,13,70.80000000000155,2opt,notBad
16232,13,70.80000000000155,13,70.80000000000155,2opt,notBad
16233,13,70.80000000000155,13,70.80000000000155,move,improve
16234,13,70.80000000000155,13,70.80000000000155,swap,notBad
16235,13,70.80000000000155,13,70.80000000000155,2opt,notBad
16236,13,70.80000000000155,13,70.80000000000155,move,improve
16237,13,70.80000000000155,13,70.80000000000155,move,improve
16238,13,70.80000000000155,13,70.80000000000155,move,improve
16239,13,70.80000000000155,13,70.80000000000155,2opt,notBad
16240,13,70.80000000000155,13,70.80000000000155,2opt,notBad
16241,13,70.80000000000155,13,70.80000000000155,2opt,notBad
16242,13,70.80000000000155,13,70.80000000000155,2opt,notBad
16243,13,70.80000000000155,13,70.80000000000155,swap,notBad
16244,13,70.80000000000155,13,70.80000000000155,swap,notBad
16245,13,70.80000000000155,13,70.80000000000155,swap,notBad
16246,13,70.80000000000155,13,70.80000000000155,2opt,notBad
16247,13,70.80000000000155,13,70.80000000000155,move,improve
16248,13,70.80000000000155,13,70.80000000000155,2opt,notBad
16249,13,70.80000000000155,13,70.80000000000155,2opt,notBad
16250,13,70.80000000000155,13,70.80000000000155,move,improve
16251,13,70.80000000000155,13,70.80000000000155,move,improve
16252,13,70.80000000000155,13,70.80000000000155,move,improve
16253,13,70.80000000000155,13,70.80000000000155,swap,notBad
16254,13,70.80000000000155,13,70.80000000000155,2opt,notBad
16255,13,70.80000000000155,13,70.80000000000155,move,improve
16256,13,70.80000000000155,13,70.80000000000155,move,improve
16257,13,70.80000000000155,13,70.80000000000155,move,improve
16258,13,70.80000000000155,13,70.80000000000155,swap,notBad
16259,13,70.80000000000155,13,70.80000000000155,swap,notBad
16260,13,70.80000000000155,13,70.80000000000155,swap,notBad
16261,13,70.80000000000155,13,70.80000000000155,2opt,notBad
16262,13,70.80000000000155,13,70.80000000000155,move,improve
16263,13,70.80000000000155,13,70.80000000000155,move,improve
16264,13,70.80000000000155,13,70.80000000000155,swap,notBad
16265,13,70.80000000000155,13,70.80000000000155,move,improve
16266,13,70.80000000000155,13,70.80000000000155,move,improve
16267,13,70.80000000000155,13,70.80000000000155,move,improve
16268,13,70.80000000000155,13,70.80000000000155,2opt,notBad
16269,13,70.80000000000155,13,70.80000000000155,move,improve
16270,13,70.80000000000155,13,70.80000000000155,2opt,notBad
16271,13,70.80000000000155,13,70.80000000000155,swap,notBad
16272,13,70.80000000000155,13,70.80000000000155,move,improve
16273,13,70.80000000000155,13,70.80000000000155,move,improve
16274,13,70.80000000000155,13,70.80000000000155,swap,notBad
16275,13,70.80000000000155,13,70.80000000000155,move,improve
16276,13,70.80000000000155,13,70.80000000000155,2opt,notBad
16277,13,70.80000000000155,13,70.80000000000155,swap,notBad
16278,13,70.80000000000155,13,70.80000000000155,move,improve
16279,13,70.80000000000155,13,70.80000000000155,move,improve
16280,13,70.80000000000155,13,70.80000000000155,move,notBad
16281,13,70.80000000000155,13,70.80000000000155,2opt,notBad
16282,13,70.80000000000155,13,70.80000000000155,swap,notBad
16283,13,70.80000000000155,13,70.80000000000155,move,improve
16284,13,70.80000000000155,13,70.80000000000155,2opt,notBad
16285,13,70.80000000000155,13,70.80000000000155,swap,notBad
16286,13,70.80000000000155,13,70.80000000000155,2opt,notBad
16287,13,70.80000000000155,13,70.80000000000155,move,improve
16288,13,70.80000000000155,13,70.80000000000155,swap,notBad
16289,13,70.80000000000155,13,70.80000000000155,move,improve
16290,13,70.80000000000155,13,70.80000000000155,2opt,notBad
16291,13,70.80000000000155,13,70.80000000000155,swap,notBad
16292,13,70.80000000000155,13,70.80000000000155,move,improve
16293,13,70.80000000000155,13,70.80000000000155,swap,notBad
16294,13,70.80000000000155,13,70.80000000000155,2opt,notBad
16295,13,70.80000000000155,13,70.80000000000155,swap,notBad
16296,13,70.80000000000155,13,70.80000000000155,swap,notBad
16297,13,70.80000000000155,13,70.80000000000155,swap,notBad
16298,13,70.80000000000155,13,70.80000000000155,move,improve
16299,13,70.80000000000155,13,70.80000000000155,swap,notBad
16300,13,70.80000000000155,13,70.80000000000155,swap,notBad
16301,13,70.80000000000155,13,70.80000000000155,2opt,notBad
16302,13,70.80000000000155,13,70.80000000000155,swap,notBad
16303,13,70.80000000000155,13,70.80000000000155,2opt,notBad
16304,13,70.80000000000155,13,70.80000000000155,move,improve
16305,13,70.80000000000155,13,70.80000000000155,swap,notBad
16306,13,70.80000000000155,13,70.80000000000155,move,improve
16307,13,70.80000000000155,13,70.80000000000155,2opt,notBad
16308,13,70.80000000000155,13,70.80000000000155,2opt,notBad
16309,13,70.80000000000155,13,70.80000000000155,2opt,notBad
16310,13,70.80000000000155,13,70.80000000000155,swap,notBad
16311,13,70.80000000000155,13,70.80000000000155,move,improve
16312,13,70.80000000000155,13,70.80000000000155,swap,notBad
16313,13,70.80000000000155,13,70.80000000000155,2opt,notBad
16314,13,70.80000000000155,13,70.80000000000155,2opt,notBad
16315,13,70.80000000000155,13,70.80000000000155,2opt,notBad
16316,13,70.80000000000155,13,70.80000000000155,2opt,notBad
16317,13,70.80000000000155,13,70.80000000000155,move,improve
16318,13,70.80000000000155,13,70.80000000000155,move,improve
16319,13,70.80000000000155,13,70.80000000000155,swap,notBad
16320,13,70.80000000000155,13,70.80000000000155,2opt,notBad
16321,13,70.80000000000155,13,70.80000000000155,swap,notBad
16322,13,70.80000000000155,13,70.80000000000155,swap,notBad
16323,13,70.80000000000155,13,70.80000000000155,2opt,notBad
16324,13,70.80000000000155,13,70.80000000000155,move,improve
16325,13,70.80000000000155,13,70.80000000000155,move,improve
16326,13,70.80000000000155,13,70.80000000000155,swap,notBad
16327,13,70.80000000000155,13,70.80000000000155,swap,notBad
16328,13,70.80000000000155,13,70.80000000000155,swap,notBad
16329,13,70.80000000000155,13,70.80000000000155,2opt,notBad
16330,13,70.80000000000155,13,70.80000000000155,move,improve
16331,13,70.80000000000155,13,70.80000000000155,swap,notBad
16332,13,70.60000000000082,13,70.60000000000082,swap,newBest
16333,13,70.60000000000082,13,70.60000000000082,move,improve
16334,13,70.60000000000082,13,70.60000000000082,swap,notBad
16335,13,70.60000000000082,13,70.60000000000082,swap,notBad
16336,13,70.60000000000082,13,70.60000000000082,move,improve
16337,13,70.60000000000082,13,70.60000000000082,swap,notBad
16338,13,70.60000000000082,13,70.60000000000082,2opt,notBad
16339,13,70.60000000000082,13,70.60000000000082,2opt,notBad
16340,13,70.60000000000082,13,70.60000000000082,move,improve
16341,13,70.60000000000082,13,70.60000000000082,move,improve
16342,13,70.60000000000082,13,70.60000000000082,move,improve
16343,13,70.60000000000082,13,70.60000000000082,swap,notBad
16344,13,70.60000000000082,13,70.60000000000082,2opt,notBad
16345,13,70.60000000000082,13,70.60000000000082,swap,notBad
16346,13,70.60000000000082,13,70.60000000000082,swap,notBad
16347,13,70.60000000000082,13,70.60000000000082,2opt,improve
16348,13,70.60000000000082,13,70.60000000000082,swap,notBad
16349,13,70.60000000000082,13,70.60000000000082,move,improve
16350,13,70.60000000000082,13,70.60000000000082,swap,notBad
16351,13,70.60000000000082,13,70.60000000000082,2opt,notBad
16352,13,70.60000000000082,13,70.60000000000082,2opt,improve
16353,13,70.60000000000082,13,70.60000000000082,2opt,notBad
16354,13,70.60000000000082,13,70.60000000000082,move,improve
16355,13,70.60000000000082,13,70.60000000000082,swap,notBad
16356,13,70.60000000000082,13,70.60000000000082,move,improve
16357,13,70.60000000000082,13,70.60000000000082,move,improve
16358,13,70.60000000000082,13,70.60000000000082,2opt,notBad
16359,13,70.60000000000082,13,70.60000000000082,2opt,notBad
16360,13,70.60000000000082,13,70.60000000000082,2opt,improve
16361,13,70.60000000000082,13,70.60000000000082,move,improve
16362,13,70.60000000000082,13,70.60000000000082,move,improve
16363,13,70.60000000000082,13,70.60000000000082,2opt,notBad
16364,13,70.60000000000082,13,70.60000000000082,2opt,notBad
16365,13,70.60000000000082,13,70.60000000000082,2opt,notBad
16366,13,70.60000000000082,13,70.60000000000082,2opt,notBad
16367,13,70.60000000000082,13,70.60000000000082,move,improve
16368,13,70.60000000000082,13,70.60000000000082,swap,notBad
16369,13,70.60000000000082,13,70.60000000000082,move,improve
16370,13,70.60000000000082,13,70.60000000000082,swap,notBad
16371,13,70.60000000000082,13,70.60000000000082,2opt,notBad
16372,13,70.60000000000082,13,70.60000000000082,2opt,notBad
16373,13,70.60000000000082,13,70.60000000000082,swap,notBad
16374,13,70.60000000000082,13,70.60000000000082,2opt,notBad
16375,13,70.60000000000082,13,70.60000000000082,swap,notBad
16376,13,70.60000000000082,13,70.60000000000082,swap,notBad
16377,13,70.60000000000082,13,70.60000000000082,swap,notBad
16378,13,70.60000000000082,13,70.60000000000082,move,improve
16379,13,70.60000000000082,13,70.60000000000082,swap,notBad
16380,13,70.60000000000082,13,70.60000000000082,move,improve
16381,13,70.60000000000082,13,70.60000000000082,swap,notBad
16382,13,70.60000000000082,13,70.60000000000082,swap,notBad
16383,13,70.60000000000082,13,70.60000000000082,move,improve
16384,13,70.60000000000082,13,70.60000000000082,2opt,notBad
16385,13,70.60000000000082,13,70.60000000000082,2opt,notBad
16386,13,70.60000000000082,13,70.60000000000082,move,improve
16387,13,70.60000000000082,13,70.60000000000082,move,improve
16388,13,70.60000000000082,13,70.60000000000082,move,improve
16389,13,70.60000000000082,13,70.60000000000082,2opt,notBad
16390,13,70.60000000000082,13,70.60000000000082,move,improve
16391,13,70.60000000000082,13,70.60000000000082,move,improve
16392,13,70.60000000000082,13,70.60000000000082,move,improve
16393,13,70.60000000000082,13,70.60000000000082,swap,notBad
16394,13,70.60000000000082,13,70.60000000000082,2opt,notBad
16395,13,70.60000000000082,13,70.60000000000082,swap,notBad
16396,13,70.60000000000082,13,70.60000000000082,swap,notBad
16397,13,70.60000000000082,13,70.60000000000082,2opt,notBad
16398,13,70.60000000000082,13,70.60000000000082,swap,notBad
16399,13,70.60000000000082,13,70.60000000000082,swap,notBad
16400,13,70.60000000000082,13,70.60000000000082,swap,notBad
16401,13,70.60000000000082,13,70.60000000000082,2opt,notBad
16402,13,70.60000000000082,13,70.60000000000082,swap,notBad
16403,13,70.60000000000082,13,70.60000000000082,2opt,notBad
16404,13,70.60000000000082,13,70.60000000000082,swap,notBad
16405,13,70.60000000000082,13,70.60000000000082,2opt,notBad
16406,13,70.60000000000082,13,70.60000000000082,move,improve
16407,13,70.60000000000082,13,70.60000000000082,2opt,notBad
16408,13,70.60000000000082,13,70.60000000000082,swap,notBad
16409,13,70.60000000000082,13,70.60000000000082,move,improve
16410,13,70.60000000000082,13,70.60000000000082,move,improve
16411,13,70.60000000000082,13,70.60000000000082,swap,notBad
16412,13,70.60000000000082,13,70.60000000000082,move,improve
16413,13,70.60000000000082,13,70.60000000000082,2opt,notBad
16414,13,70.60000000000082,13,70.60000000000082,swap,notBad
16415,13,70.60000000000082,13,70.60000000000082,move,improve
16416,13,70.60000000000082,13,70.60000000000082,swap,notBad
16417,13,70.60000000000082,13,70.60000000000082,move,improve
16418,13,70.60000000000082,13,70.60000000000082,swap,notBad
16419,13,70.60000000000082,13,70.60000000000082,2opt,notBad
16420,13,70.60000000000082,13,70.60000000000082,2opt,notBad
16421,13,70.60000000000082,13,70.60000000000082,move,improve
16422,13,70.60000000000082,13,70.60000000000082,move,improve
16423,13,70.60000000000082,13,70.60000000000082,2opt,notBad
16424,13,70.60000000000082,13,70.60000000000082,move,notBad
16425,13,70.60000000000082,13,70.60000000000082,2opt,notBad
16426,13,70.60000000000082,13,70.60000000000082,2opt,notBad
16427,13,70.60000000000082,13,70.60000000000082,swap,notBad
16428,13,70.60000000000082,13,70.60000000000082,2opt,notBad
16429,13,70.60000000000082,13,70.60000000000082,move,improve
16430,13,70.60000000000082,13,70.60000000000082,2opt,notBad
16431,13,70.60000000000082,13,70.60000000000082,move,improve
16432,13,70.60000000000082,13,70.60000000000082,move,improve
16433,13,70.60000000000082,13,70.60000000000082,move,improve
16434,13,70.60000000000082,13,70.60000000000082,swap,notBad
16435,13,70.60000000000082,13,70.60000000000082,move,improve
16436,13,70.60000000000082,13,70.60000000000082,2opt,notBad
16437,13,70.60000000000082,13,70.60000000000082,move,improve
16438,13,70.60000000000082,13,70.60000000000082,swap,notBad
16439,13,70.60000000000082,13,70.60000000000082,swap,notBad
16440,13,70.60000000000082,13,70.60000000000082,swap,notBad
16441,13,70.60000000000082,13,70.60000000000082,move,improve
16442,13,70.60000000000082,13,70.60000000000082,swap,notBad
16443,13,70.60000000000082,13,70.60000000000082,2opt,notBad
16444,13,70.60000000000082,13,70.60000000000082,swap,notBad
16445,13,70.60000000000082,13,70.60000000000082,swap,notBad
16446,13,70.60000000000082,13,70.60000000000082,move,improve
16447,13,70.60000000000082,13,70.60000000000082,2opt,notBad
16448,13,70.60000000000082,13,70.60000000000082,move,improve
16449,13,70.60000000000082,13,70.60000000000082,swap,notBad
16450,13,70.60000000000082,13,70.60000000000082,move,improve
16451,13,70.60000000000082,13,70.60000000000082,swap,notBad
16452,13,70.60000000000082,13,70.60000000000082,move,improve
16453,13,70.60000000000082,13,70.60000000000082,swap,notBad
16454,13,70.60000000000082,13,70.60000000000082,move,improve
16455,13,70.60000000000082,13,70.60000000000082,2opt,notBad
16456,13,70.60000000000082,13,70.60000000000082,move,improve
16457,13,70.60000000000082,13,70.60000000000082,swap,notBad
16458,13,70.60000000000082,13,70.60000000000082,move,improve
16459,13,70.60000000000082,13,70.60000000000082,move,improve
16460,13,70.60000000000082,13,70.60000000000082,2opt,notBad
16461,13,70.60000000000082,13,70.60000000000082,move,improve
16462,13,70.60000000000082,13,70.60000000000082,move,improve
16463,13,70.60000000000082,13,70.60000000000082,swap,notBad
16464,13,70.60000000000082,13,70.60000000000082,swap,notBad
16465,13,70.60000000000082,13,70.60000000000082,swap,notBad
16466,13,70.60000000000082,13,70.60000000000082,2opt,notBad
16467,13,70.60000000000082,13,70.60000000000082,2opt,notBad
16468,13,70.60000000000082,13,70.60000000000082,2opt,notBad
16469,13,70.60000000000082,13,70.60000000000082,move,improve
16470,13,70.60000000000082,13,70.60000000000082,move,improve
16471,13,70.60000000000082,13,70.60000000000082,move,improve
16472,13,70.60000000000082,13,70.60000000000082,2opt,notBad
16473,13,70.60000000000082,13,70.60000000000082,move,improve
16474,13,70.60000000000082,13,70.60000000000082,swap,notBad
16475,13,70.60000000000082,13,70.60000000000082,swap,notBad
16476,13,70.60000000000082,13,70.60000000000082,2opt,notBad
16477,13,70.60000000000082,13,70.60000000000082,2opt,notBad
16478,13,70.60000000000082,13,70.60000000000082,2opt,notBad
16479,13,70.60000000000082,13,70.60000000000082,move,improve
16480,13,70.60000000000082,13,70.60000000000082,move,improve
16481,13,70.60000000000082,13,70.60000000000082,move,improve
16482,13,70.60000000000082,13,70.60000000000082,swap,notBad
16483,13,70.60000000000082,13,70.60000000000082,2opt,improve
16484,13,70.60000000000082,13,70.60000000000082,swap,notBad
16485,13,70.60000000000082,13,70.60000000000082,2opt,notBad
16486,13,70.60000000000082,13,70.60000000000082,move,improve
16487,13,70.60000000000082,13,70.60000000000082,move,improve
16488,13,70.60000000000082,13,70.60000000000082,2opt,notBad
16489,13,70.60000000000082,13,70.60000000000082,swap,notBad
16490,13,70.60000000000082,13,70.60000000000082,2opt,notBad
16491,13,70.60000000000082,13,70.60000000000082,move,improve
16492,13,70.60000000000082,13,70.60000000000082,swap,notBad
16493,13,70.60000000000082,13,70.60000000000082,move,improve
16494,13,70.60000000000082,13,70.60000000000082,move,improve
16495,13,70.60000000000082,13,70.60000000000082,move,improve
16496,13,70.60000000000082,13,70.60000000000082,swap,notBad
16497,13,70.60000000000082,13,70.60000000000082,2opt,notBad
16498,13,70.60000000000082,13,70.60000000000082,swap,notBad
16499,13,70.60000000000082,13,70.60000000000082,2opt,notBad
16500,13,70.60000000000082,13,70.60000000000082,move,improve
16501,13,70.60000000000082,13,70.60000000000082,swap,notBad
16502,13,70.60000000000082,13,70.60000000000082,swap,notBad
16503,13,70.60000000000082,13,70.60000000000082,swap,notBad
16504,13,70.60000000000082,13,70.60000000000082,move,improve
16505,13,70.60000000000082,13,70.60000000000082,2opt,notBad
16506,13,70.60000000000082,13,70.60000000000082,2opt,notBad
16507,13,70.60000000000082,13,70.60000000000082,swap,notBad
16508,13,70.60000000000082,13,70.60000000000082,swap,notBad
16509,13,70.60000000000082,13,70.60000000000082,swap,notBad
16510,13,70.60000000000082,13,70.60000000000082,swap,notBad
16511,13,70.60000000000082,13,70.60000000000082,2opt,notBad
16512,13,70.60000000000082,13,70.60000000000082,swap,notBad
16513,13,70.60000000000082,13,70.60000000000082,swap,notBad
16514,13,70.60000000000082,13,70.60000000000082,move,improve
16515,13,70.60000000000082,13,70.60000000000082,swap,notBad
16516,13,70.60000000000082,13,70.60000000000082,2opt,notBad
16517,13,70.60000000000082,13,70.60000000000082,2opt,notBad
16518,13,70.60000000000082,13,70.60000000000082,2opt,notBad
16519,13,70.60000000000082,13,70.60000000000082,move,improve
16520,13,70.60000000000082,13,70.60000000000082,move,improve
16521,13,70.60000000000082,13,70.60000000000082,move,improve
16522,13,70.60000000000082,13,70.60000000000082,move,improve
16523,13,70.60000000000082,13,70.60000000000082,move,improve
16524,13,70.60000000000082,13,70.60000000000082,move,improve
16525,13,70.60000000000082,13,70.60000000000082,swap,notBad
16526,13,70.60000000000082,13,70.60000000000082,2opt,notBad
16527,13,70.60000000000082,13,70.60000000000082,swap,notBad
16528,13,70.60000000000082,13,70.60000000000082,swap,notBad
16529,13,70.60000000000082,13,70.60000000000082,2opt,notBad
16530,13,70.60000000000082,13,70.60000000000082,swap,notBad
16531,13,70.60000000000082,13,70.60000000000082,2opt,notBad
16532,13,70.60000000000082,13,70.60000000000082,move,improve
16533,13,70.60000000000082,13,70.60000000000082,swap,notBad
16534,13,70.60000000000082,13,70.60000000000082,swap,notBad
16535,13,70.60000000000082,13,70.60000000000082,2opt,notBad
16536,13,70.60000000000082,13,70.60000000000082,2opt,notBad
16537,13,70.60000000000082,13,70.60000000000082,move,improve
16538,13,70.60000000000082,13,70.60000000000082,move,improve
16539,13,70.60000000000082,13,70.60000000000082,move,improve
16540,13,70.60000000000082,13,70.60000000000082,swap,notBad
16541,13,70.60000000000082,13,70.60000000000082,move,improve
16542,13,70.60000000000082,13,70.60000000000082,2opt,notBad
16543,13,70.60000000000082,13,70.60000000000082,move,notBad
16544,13,70.60000000000082,13,70.60000000000082,swap,notBad
16545,13,70.60000000000082,13,70.60000000000082,swap,notBad
16546,13,70.60000000000082,13,70.60000000000082,2opt,notBad
16547,13,70.60000000000082,13,70.60000000000082,swap,notBad
16548,13,70.60000000000082,13,70.60000000000082,2opt,notBad
16549,13,70.60000000000082,13,70.60000000000082,2opt,notBad
16550,13,70.60000000000082,13,70.60000000000082,swap,notBad
16551,13,70.60000000000082,13,70.60000000000082,2opt,notBad
16552,13,70.60000000000082,13,70.60000000000082,move,improve
16553,13,70.60000000000082,13,70.60000000000082,2opt,notBad
16554,13,70.60000000000082,13,70.60000000000082,swap,notBad
16555,13,70.60000000000082,13,70.60000000000082,swap,notBad
16556,13,70.60000000000082,13,70.60000000000082,2opt,notBad
16557,13,70.60000000000082,13,70.60000000000082,swap,notBad
16558,13,70.60000000000082,13,70.60000000000082,2opt,improve
16559,13,70.60000000000082,13,70.60000000000082,move,improve
16560,13,70.60000000000082,13,70.60000000000082,move,improve
16561,13,70.60000000000082,13,70.60000000000082,swap,notBad
16562,13,70.60000000000082,13,70.60000000000082,swap,notBad
16563,13,70.60000000000082,13,70.60000000000082,2opt,notBad
16564,13,70.60000000000082,13,70.60000000000082,swap,notBad
16565,13,70.60000000000082,13,70.60000000000082,swap,notBad
16566,13,70.60000000000082,13,70.60000000000082,move,improve
16567,13,70.60000000000082,13,70.60000000000082,swap,notBad
16568,13,70.60000000000082,13,70.60000000000082,move,improve
16569,13,70.60000000000082,13,70.60000000000082,swap,notBad
16570,13,70.60000000000082,13,70.60000000000082,move,improve
16571,13,70.60000000000082,13,70.60000000000082,swap,notBad
16572,13,70.60000000000082,13,70.60000000000082,2opt,notBad
16573,13,70.60000000000082,13,70.60000000000082,move,improve
16574,13,70.60000000000082,13,70.60000000000082,2opt,notBad
16575,13,70.60000000000082,13,70.60000000000082,swap,notBad
16576,13,70.60000000000082,13,70.60000000000082,2opt,notBad
16577,13,70.60000000000082,13,70.60000000000082,move,improve
16578,13,70.60000000000082,13,70.60000000000082,swap,notBad
16579,13,70.60000000000082,13,70.60000000000082,move,improve
16580,13,70.60000000000082,13,70.60000000000082,swap,notBad
16581,13,70.60000000000082,13,70.60000000000082,swap,notBad
16582,13,70.60000000000082,13,70.60000000000082,move,improve
16583,13,70.60000000000082,13,70.60000000000082,swap,notBad
16584,13,70.60000000000082,13,70.60000000000082,2opt,notBad
16585,13,70.60000000000082,13,70.60000000000082,move,improve
16586,13,70.60000000000082,13,70.60000000000082,2opt,notBad
16587,13,70.60000000000082,13,70.60000000000082,swap,notBad
16588,13,70.60000000000082,13,70.60000000000082,swap,notBad
16589,13,70.60000000000082,13,70.60000000000082,2opt,notBad
16590,13,70.60000000000082,13,70.60000000000082,swap,notBad
16591,13,70.60000000000082,13,70.60000000000082,2opt,notBad
16592,13,70.60000000000082,13,70.60000000000082,swap,notBad
16593,13,70.60000000000082,13,70.60000000000082,2opt,notBad
16594,13,70.60000000000082,13,70.60000000000082,swap,notBad
16595,13,70.60000000000082,13,70.60000000000082,move,improve
16596,13,70.60000000000082,13,70.60000000000082,move,improve
16597,13,70.60000000000082,13,70.60000000000082,swap,notBad
16598,13,70.60000000000082,13,70.60000000000082,2opt,notBad
16599,13,70.60000000000082,13,70.60000000000082,2opt,notBad
16600,13,70.60000000000082,13,70.60000000000082,move,improve
16601,13,70.60000000000082,13,70.60000000000082,move,improve
16602,13,70.60000000000082,13,70.60000000000082,swap,notBad
16603,13,70.60000000000082,13,70.60000000000082,swap,notBad
16604,13,70.60000000000082,13,70.60000000000082,2opt,notBad
16605,13,70.60000000000082,13,70.60000000000082,2opt,notBad
16606,13,70.60000000000082,13,70.60000000000082,swap,notBad
16607,13,70.60000000000082,13,70.60000000000082,2opt,notBad
16608,13,70.60000000000082,13,70.60000000000082,move,improve
16609,13,70.60000000000082,13,70.60000000000082,2opt,notBad
16610,13,70.60000000000082,13,70.60000000000082,2opt,notBad
16611,13,70.60000000000082,13,70.60000000000082,2opt,improve
16612,13,70.60000000000082,13,70.60000000000082,swap,notBad
16613,13,70.60000000000082,13,70.60000000000082,2opt,notBad
16614,13,70.60000000000082,13,70.60000000000082,2opt,notBad
16615,13,70.60000000000082,13,70.60000000000082,move,improve
16616,13,70.60000000000082,13,70.60000000000082,2opt,notBad
16617,13,70.60000000000082,13,70.60000000000082,swap,notBad
16618,13,70.60000000000082,13,70.60000000000082,move,improve
16619,13,70.60000000000082,13,70.60000000000082,move,improve
16620,13,70.60000000000082,13,70.60000000000082,move,improve
16621,13,70.60000000000082,13,70.60000000000082,swap,notBad
16622,13,70.60000000000082,13,70.60000000000082,swap,notBad
16623,13,70.60000000000082,13,70.60000000000082,move,improve
16624,13,70.60000000000082,13,70.60000000000082,swap,notBad
16625,13,70.60000000000082,13,70.60000000000082,2opt,notBad
16626,13,70.60000000000082,13,70.60000000000082,2opt,notBad
16627,13,70.60000000000082,13,70.60000000000082,2opt,improve
16628,13,70.60000000000082,13,70.60000000000082,swap,notBad
16629,13,70.60000000000082,13,70.60000000000082,move,improve
16630,13,70.60000000000082,13,70.60000000000082,swap,notBad
16631,13,70.60000000000082,13,70.60000000000082,swap,notBad
16632,13,70.60000000000082,13,70.60000000000082,2opt,notBad
16633,13,66.60000000000059,13,66.60000000000059,swap,newBest
16634,13,66.60000000000059,13,66.60000000000059,2opt,notBad
16635,13,66.60000000000059,13,66.60000000000059,swap,notBad
16636,13,66.60000000000059,13,66.60000000000059,move,improve
16637,13,66.60000000000059,13,66.60000000000059,2opt,notBad
16638,13,66.60000000000059,13,66.60000000000059,2opt,notBad
16639,13,66.60000000000059,13,66.60000000000059,2opt,notBad
16640,13,66.60000000000059,13,66.60000000000059,move,improve
16641,13,66.60000000000059,13,66.60000000000059,2opt,notBad
16642,13,66.60000000000059,13,66.60000000000059,2opt,notBad
16643,13,66.60000000000059,13,66.60000000000059,swap,notBad
16644,13,66.60000000000059,13,66.60000000000059,2opt,notBad
16645,13,66.60000000000059,13,66.60000000000059,swap,notBad
16646,13,66.60000000000059,13,66.60000000000059,swap,notBad
16647,13,66.60000000000059,13,66.60000000000059,swap,notBad
16648,13,66.60000000000059,13,66.60000000000059,swap,notBad
16649,13,66.60000000000059,13,66.60000000000059,move,improve
16650,13,66.60000000000059,13,66.60000000000059,2opt,improve
16651,13,66.60000000000059,13,66.60000000000059,swap,notBad
16652,13,66.60000000000059,13,66.60000000000059,2opt,notBad
16653,13,66.60000000000059,13,66.60000000000059,swap,notBad
16654,13,66.60000000000059,13,66.60000000000059,move,improve
16655,13,66.60000000000059,13,66.60000000000059,move,improve
16656,13,66.60000000000059,13,66.60000000000059,swap,notBad
16657,13,66.60000000000059,13,66.60000000000059,swap,notBad
16658,13,66.60000000000059,13,66.60000000000059,2opt,notBad
16659,13,66.60000000000059,13,66.60000000000059,swap,notBad
16660,13,66.60000000000059,13,66.60000000000059,2opt,notBad
16661,13,66.60000000000059,13,66.60000000000059,move,improve
16662,13,66.60000000000059,13,66.60000000000059,move,improve
16663,13,66.60000000000059,13,66.60000000000059,move,improve
16664,13,66.60000000000059,13,66.60000000000059,swap,notBad
16665,13,66.60000000000059,13,66.60000000000059,2opt,notBad
16666,13,66.60000000000059,13,66.60000000000059,swap,notBad
16667,13,66.60000000000059,13,66.60000000000059,move,improve
16668,13,66.60000000000059,13,66.60000000000059,2opt,notBad
16669,13,66.60000000000059,13,66.60000000000059,swap,notBad
16670,13,66.60000000000059,13,66.60000000000059,swap,notBad
16671,13,66.60000000000059,13,66.60000000000059,2opt,improve
16672,13,66.60000000000059,13,66.60000000000059,2opt,notBad
16673,13,66.60000000000059,13,66.60000000000059,swap,notBad
16674,13,66.60000000000059,13,66.60000000000059,swap,notBad
16675,13,66.60000000000059,13,66.60000000000059,2opt,notBad
16676,13,66.60000000000059,13,66.60000000000059,move,improve
16677,13,66.60000000000059,13,66.60000000000059,2opt,notBad
16678,13,66.60000000000059,13,66.60000000000059,move,improve
16679,13,66.60000000000059,13,66.60000000000059,swap,notBad
16680,13,66.60000000000059,13,66.60000000000059,move,improve
16681,13,66.60000000000059,13,66.60000000000059,swap,notBad
16682,13,66.60000000000059,13,66.60000000000059,swap,notBad
16683,13,66.60000000000059,13,66.60000000000059,swap,notBad
16684,13,66.60000000000059,13,66.60000000000059,swap,notBad
16685,13,66.60000000000059,13,66.60000000000059,2opt,improve
16686,13,66.60000000000059,13,66.60000000000059,swap,notBad
16687,13,66.60000000000059,13,66.60000000000059,2opt,notBad
16688,13,66.60000000000059,13,66.60000000000059,move,improve
16689,13,66.60000000000059,13,66.60000000000059,swap,notBad
16690,13,66.60000000000059,13,66.60000000000059,swap,notBad
16691,13,66.60000000000059,13,66.60000000000059,swap,notBad
16692,13,66.60000000000059,13,66.60000000000059,swap,notBad
16693,13,66.60000000000059,13,66.60000000000059,swap,notBad
16694,13,66.60000000000059,13,66.60000000000059,2opt,notBad
16695,13,66.60000000000059,13,66.60000000000059,2opt,notBad
16696,13,66.60000000000059,13,66.60000000000059,swap,notBad
16697,13,66.60000000000059,13,66.60000000000059,2opt,notBad
16698,13,66.60000000000059,13,66.60000000000059,move,improve
16699,13,66.60000000000059,13,66.60000000000059,2opt,notBad
16700,13,66.60000000000059,13,66.60000000000059,move,improve
16701,13,66.60000000000059,13,66.60000000000059,2opt,notBad
16702,13,66.60000000000059,13,66.60000000000059,2opt,notBad
16703,13,66.60000000000059,13,66.60000000000059,move,improve
16704,13,66.60000000000059,13,66.60000000000059,move,improve
16705,13,66.60000000000059,13,66.60000000000059,2opt,notBad
16706,13,66.60000000000059,13,66.60000000000059,swap,notBad
16707,13,66.60000000000059,13,66.60000000000059,swap,notBad
16708,13,66.60000000000059,13,66.60000000000059,swap,notBad
16709,13,66.60000000000059,13,66.60000000000059,swap,notBad
16710,13,66.60000000000059,13,66.60000000000059,2opt,notBad
16711,13,66.60000000000059,13,66.60000000000059,move,improve
16712,13,66.60000000000059,13,66.60000000000059,move,improve
16713,13,66.60000000000059,13,66.60000000000059,2opt,notBad
16714,13,66.60000000000059,13,66.60000000000059,swap,notBad
16715,13,66.60000000000059,13,66.60000000000059,2opt,notBad
16716,13,66.60000000000059,13,66.60000000000059,move,improve
16717,13,66.60000000000059,13,66.60000000000059,swap,notBad
16718,13,66.60000000000059,13,66.60000000000059,move,improve
16719,13,66.60000000000059,13,66.60000000000059,move,improve
16720,13,66.60000000000059,13,66.60000000000059,2opt,notBad
16721,13,66.60000000000059,13,66.60000000000059,swap,notBad
16722,13,66.60000000000059,13,66.60000000000059,swap,notBad
16723,13,66.60000000000059,13,66.60000000000059,2opt,notBad
16724,13,66.60000000000059,13,66.60000000000059,move,improve
16725,13,66.60000000000059,13,66.60000000000059,swap,notBad
16726,13,66.60000000000059,13,66.60000000000059,2opt,notBad
16727,13,66.60000000000059,13,66.60000000000059,swap,notBad
16728,13,66.60000000000059,13,66.60000000000059,swap,notBad
16729,13,66.60000000000059,13,66.60000000000059,2opt,notBad
16730,13,66.60000000000059,13,66.60000000000059,2opt,notBad
16731,13,66.60000000000059,13,66.60000000000059,2opt,notBad
16732,13,66.60000000000059,13,66.60000000000059,2opt,notBad
16733,13,66.60000000000059,13,66.60000000000059,2opt,notBad
16734,13,66.60000000000059,13,66.60000000000059,2opt,notBad
16735,13,66.60000000000059,13,66.60000000000059,2opt,notBad
16736,13,66.60000000000059,13,66.60000000000059,swap,notBad
16737,13,66.60000000000059,13,66.60000000000059,move,improve
16738,13,66.60000000000059,13,66.60000000000059,swap,notBad
16739,13,66.60000000000059,13,66.60000000000059,swap,notBad
16740,13,66.60000000000059,13,66.60000000000059,move,improve
16741,13,66.60000000000059,13,66.60000000000059,2opt,improve
16742,13,66.60000000000059,13,66.60000000000059,swap,notBad
16743,13,66.60000000000059,13,66.60000000000059,swap,notBad
16744,13,66.60000000000059,13,66.60000000000059,swap,notBad
16745,13,66.60000000000059,13,66.60000000000059,swap,notBad
16746,13,66.60000000000059,13,66.60000000000059,move,improve
16747,13,66.60000000000059,13,66.60000000000059,swap,notBad
16748,13,66.60000000000059,13,66.60000000000059,swap,notBad
16749,13,66.60000000000059,13,66.60000000000059,swap,notBad
16750,13,66.60000000000059,13,66.60000000000059,move,improve
16751,13,66.60000000000059,13,66.60000000000059,2opt,notBad
16752,13,66.60000000000059,13,66.60000000000059,2opt,notBad
16753,13,66.60000000000059,13,66.60000000000059,swap,notBad
16754,13,66.60000000000059,13,66.60000000000059,move,improve
16755,13,66.60000000000059,13,66.60000000000059,move,improve
16756,13,66.60000000000059,13,66.60000000000059,move,improve
16757,13,66.60000000000059,13,66.60000000000059,swap,notBad
16758,13,66.60000000000059,13,66.60000000000059,move,improve
16759,13,66.60000000000059,13,66.60000000000059,swap,notBad
16760,13,66.60000000000059,13,66.60000000000059,2opt,notBad
16761,13,66.60000000000059,13,66.60000000000059,2opt,notBad
16762,13,66.60000000000059,13,66.60000000000059,2opt,notBad
16763,13,66.60000000000059,13,66.60000000000059,move,improve
16764,13,66.60000000000059,13,66.60000000000059,swap,notBad
16765,13,66.60000000000059,13,66.60000000000059,2opt,notBad
16766,13,66.60000000000059,13,66.60000000000059,2opt,notBad
16767,13,66.60000000000059,13,66.60000000000059,2opt,improve
16768,13,66.60000000000059,13,66.60000000000059,2opt,notBad
16769,13,66.60000000000059,13,66.60000000000059,swap,notBad
16770,13,66.60000000000059,13,66.60000000000059,swap,notBad
16771,13,66.60000000000059,13,66.60000000000059,move,improve
16772,13,66.60000000000059,13,66.60000000000059,swap,notBad
16773,13,66.60000000000059,13,66.60000000000059,move,improve
16774,13,66.60000000000059,13,66.60000000000059,2opt,notBad
16775,13,66.60000000000059,13,66.60000000000059,swap,notBad
16776,13,66.60000000000059,13,66.60000000000059,move,improve
16777,13,66.60000000000059,13,66.60000000000059,move,improve
16778,13,66.60000000000059,13,66.60000000000059,swap,notBad
16779,13,66.60000000000059,13,66.60000000000059,2opt,notBad
16780,13,66.60000000000059,13,66.60000000000059,swap,notBad
16781,13,66.60000000000059,13,66.60000000000059,swap,notBad
16782,13,66.60000000000059,13,66.60000000000059,swap,notBad
16783,13,66.60000000000059,13,66.60000000000059,2opt,notBad
16784,13,66.60000000000059,13,66.60000000000059,move,improve
16785,13,66.60000000000059,13,66.60000000000059,swap,notBad
16786,13,66.60000000000059,13,66.60000000000059,2opt,notBad
16787,13,66.60000000000059,13,66.60000000000059,2opt,notBad
16788,13,66.60000000000059,13,66.60000000000059,move,improve
16789,13,66.60000000000059,13,66.60000000000059,move,improve
16790,13,66.60000000000059,13,66.60000000000059,2opt,notBad
16791,13,66.60000000000059,13,66.60000000000059,swap,notBad
16792,13,66.60000000000059,13,66.60000000000059,2opt,notBad
16793,13,66.60000000000059,13,66.60000000000059,move,improve
16794,13,66.60000000000059,13,66.60000000000059,2opt,notBad
16795,13,66.60000000000059,13,66.60000000000059,2opt,notBad
16796,13,66.60000000000059,13,66.60000000000059,swap,notBad
16797,13,66.60000000000059,13,66.60000000000059,2opt,notBad
16798,13,66.60000000000059,13,66.60000000000059,swap,notBad
16799,13,66.60000000000059,13,66.60000000000059,move,improve
16800,13,66.60000000000059,13,66.60000000000059,move,improve
16801,13,66.60000000000059,13,66.60000000000059,swap,notBad
16802,13,66.60000000000059,13,66.60000000000059,swap,notBad
16803,13,66.60000000000059,13,66.60000000000059,swap,notBad
16804,13,66.60000000000059,13,66.60000000000059,move,improve
16805,13,66.60000000000059,13,66.60000000000059,2opt,notBad
16806,13,66.60000000000059,13,66.60000000000059,2opt,notBad
16807,13,66.60000000000059,13,66.60000000000059,swap,notBad
16808,13,66.60000000000059,13,66.60000000000059,swap,notBad
16809,13,66.60000000000059,13,66.60000000000059,move,improve
16810,13,66.60000000000059,13,66.60000000000059,2opt,notBad
16811,13,66.60000000000059,13,66.60000000000059,swap,notBad
16812,13,66.60000000000059,13,66.60000000000059,move,improve
16813,13,66.60000000000059,13,66.60000000000059,2opt,notBad
16814,13,66.60000000000059,13,66.60000000000059,2opt,improve
16815,13,66.60000000000059,13,66.60000000000059,swap,notBad
16816,13,66.60000000000059,13,66.60000000000059,move,improve
16817,13,66.60000000000059,13,66.60000000000059,swap,notBad
16818,13,66.60000000000059,13,66.60000000000059,move,improve
16819,13,66.60000000000059,13,66.60000000000059,swap,notBad
16820,13,66.60000000000059,13,66.60000000000059,swap,notBad
16821,13,66.60000000000059,13,66.60000000000059,swap,notBad
16822,13,66.60000000000059,13,66.60000000000059,move,improve
16823,13,66.60000000000059,13,66.60000000000059,move,improve
16824,13,66.60000000000059,13,66.60000000000059,2opt,notBad
16825,13,66.60000000000059,13,66.60000000000059,2opt,notBad
16826,13,66.60000000000059,13,66.60000000000059,move,improve
16827,13,66.60000000000059,13,66.60000000000059,move,improve
16828,13,66.60000000000059,13,66.60000000000059,move,improve
16829,13,66.60000000000059,13,66.60000000000059,move,improve
16830,13,66.60000000000059,13,66.60000000000059,move,improve
16831,13,66.60000000000059,13,66.60000000000059,2opt,notBad
16832,13,66.60000000000059,13,66.60000000000059,move,improve
16833,13,66.60000000000059,13,66.60000000000059,swap,notBad
16834,13,66.60000000000059,13,66.60000000000059,move,improve
16835,13,66.60000000000059,13,66.60000000000059,2opt,notBad
16836,13,66.60000000000059,13,66.60000000000059,move,improve
16837,13,66.60000000000059,13,66.60000000000059,move,improve
16838,13,66.60000000000059,13,66.60000000000059,swap,notBad
16839,13,66.60000000000059,13,66.60000000000059,swap,notBad
16840,13,66.60000000000059,13,66.60000000000059,move,improve
16841,13,66.60000000000059,13,66.60000000000059,2opt,notBad
16842,13,66.60000000000059,13,66.60000000000059,move,improve
16843,13,66.60000000000059,13,66.60000000000059,swap,notBad
16844,13,66.60000000000059,13,66.60000000000059,2opt,notBad
16845,13,66.60000000000059,13,66.60000000000059,swap,notBad
16846,13,66.60000000000059,13,66.60000000000059,swap,notBad
16847,13,66.60000000000059,13,66.60000000000059,move,improve
16848,13,66.60000000000059,13,66.60000000000059,swap,notBad
16849,13,66.60000000000059,13,66.60000000000059,2opt,notBad
16850,13,66.60000000000059,13,66.60000000000059,2opt,improve
16851,13,66.60000000000059,13,66.60000000000059,move,improve
16852,13,66.60000000000059,13,66.60000000000059,swap,notBad
16853,13,66.60000000000059,13,66.60000000000059,move,improve
16854,13,66.60000000000059,13,66.60000000000059,swap,notBad
16855,13,66.60000000000059,13,66.60000000000059,move,improve
16856,13,66.60000000000059,13,66.60000000000059,move,improve
16857,13,66.60000000000059,13,66.60000000000059,swap,notBad
16858,13,66.60000000000059,13,66.60000000000059,swap,notBad
16859,13,66.60000000000059,13,66.60000000000059,swap,notBad
16860,13,66.60000000000059,13,66.60000000000059,swap,notBad
16861,13,66.60000000000059,13,66.60000000000059,2opt,notBad
16862,13,66.60000000000059,13,66.60000000000059,2opt,notBad
16863,13,66.60000000000059,13,66.60000000000059,2opt,notBad
16864,13,66.60000000000059,13,66.60000000000059,2opt,notBad
16865,13,66.60000000000059,13,66.60000000000059,2opt,notBad
16866,13,66.60000000000059,13,66.60000000000059,swap,notBad
16867,13,66.60000000000059,13,66.60000000000059,2opt,notBad
16868,13,66.60000000000059,13,66.60000000000059,2opt,notBad
16869,13,66.60000000000059,13,66.60000000000059,swap,notBad
16870,13,66.60000000000059,13,66.60000000000059,2opt,notBad
16871,13,66.60000000000059,13,66.60000000000059,swap,notBad
16872,13,66.60000000000059,13,66.60000000000059,move,improve
16873,13,66.60000000000059,13,66.60000000000059,2opt,notBad
16874,13,66.60000000000059,13,66.60000000000059,move,improve
16875,13,66.60000000000059,13,66.60000000000059,swap,notBad
16876,13,66.60000000000059,13,66.60000000000059,2opt,notBad
16877,13,66.60000000000059,13,66.60000000000059,swap,notBad
16878,13,66.60000000000059,13,66.60000000000059,swap,notBad
16879,13,66.60000000000059,13,66.60000000000059,2opt,notBad
16880,13,66.60000000000059,13,66.60000000000059,move,improve
16881,13,66.60000000000059,13,66.60000000000059,move,improve
16882,13,66.60000000000059,13,66.60000000000059,swap,notBad
16883,13,66.60000000000059,13,66.60000000000059,swap,notBad
16884,13,66.60000000000059,13,66.60000000000059,2opt,notBad
16885,13,66.60000000000059,13,66.60000000000059,move,improve
16886,13,66.60000000000059,13,66.60000000000059,move,improve
16887,13,66.60000000000059,13,66.60000000000059,swap,notBad
16888,13,66.60000000000059,13,66.60000000000059,2opt,notBad
16889,13,66.60000000000059,13,66.60000000000059,2opt,notBad
16890,13,66.60000000000059,13,66.60000000000059,2opt,notBad
16891,13,66.60000000000059,13,66.60000000000059,swap,notBad
16892,13,66.60000000000059,13,66.60000000000059,move,improve
16893,13,66.60000000000059,13,66.60000000000059,move,improve
16894,13,66.60000000000059,13,66.60000000000059,2opt,notBad
16895,13,66.60000000000059,13,66.60000000000059,2opt,notBad
16896,13,66.60000000000059,13,66.60000000000059,swap,notBad
16897,13,66.60000000000059,13,66.60000000000059,swap,notBad
16898,13,66.60000000000059,13,66.60000000000059,2opt,notBad
16899,13,66.60000000000059,13,66.60000000000059,swap,notBad
16900,13,66.60000000000059,13,66.60000000000059,2opt,notBad
16901,13,66.60000000000059,13,66.60000000000059,swap,notBad
16902,13,66.60000000000059,13,66.60000000000059,2opt,notBad
16903,13,66.60000000000059,13,66.60000000000059,move,improve
16904,13,66.60000000000059,13,66.60000000000059,2opt,notBad
16905,13,66.60000000000059,13,66.60000000000059,2opt,notBad
16906,13,66.60000000000059,13,66.60000000000059,2opt,notBad
16907,13,66.60000000000059,13,66.60000000000059,move,improve
16908,13,66.60000000000059,13,66.60000000000059,move,improve
16909,13,66.60000000000059,13,66.60000000000059,swap,notBad
16910,13,66.60000000000059,13,66.60000000000059,swap,notBad
16911,13,66.60000000000059,13,66.60000000000059,2opt,notBad
16912,13,66.60000000000059,13,66.60000000000059,swap,notBad
16913,13,66.60000000000059,13,66.60000000000059,move,improve
16914,13,66.60000000000059,13,66.60000000000059,swap,notBad
16915,13,66.60000000000059,13,66.60000000000059,move,improve
16916,13,66.60000000000059,13,66.60000000000059,2opt,notBad
16917,13,66.60000000000059,13,66.60000000000059,2opt,notBad
16918,13,66.60000000000059,13,66.60000000000059,swap,notBad
16919,13,66.60000000000059,13,66.60000000000059,2opt,notBad
16920,13,66.60000000000059,13,66.60000000000059,move,improve
16921,13,66.60000000000059,13,66.60000000000059,swap,notBad
16922,13,66.60000000000059,13,66.60000000000059,move,improve
16923,13,66.60000000000059,13,66.60000000000059,2opt,notBad
16924,13,66.60000000000059,13,66.60000000000059,move,improve
16925,13,66.60000000000059,13,66.60000000000059,swap,notBad
16926,13,66.60000000000059,13,66.60000000000059,2opt,notBad
16927,13,66.60000000000059,13,66.60000000000059,2opt,notBad
16928,13,66.60000000000059,13,66.60000000000059,2opt,notBad
16929,13,66.60000000000059,13,66.60000000000059,swap,notBad
16930,13,66.60000000000059,13,66.60000000000059,swap,notBad
16931,13,66.60000000000059,13,66.60000000000059,swap,notBad
16932,13,66.60000000000059,13,66.60000000000059,swap,notBad
16933,13,66.60000000000059,13,66.60000000000059,swap,notBad
16934,13,66.60000000000059,13,66.60000000000059,2opt,notBad
16935,13,66.60000000000059,13,66.60000000000059,2opt,notBad
16936,13,66.60000000000059,13,66.60000000000059,move,improve
16937,13,66.60000000000059,13,66.60000000000059,move,improve
16938,13,66.60000000000059,13,66.60000000000059,swap,notBad
16939,13,66.60000000000059,13,66.60000000000059,move,improve
16940,13,66.60000000000059,13,66.60000000000059,2opt,notBad
16941,13,66.60000000000059,13,66.60000000000059,2opt,notBad
16942,13,66.60000000000059,13,66.60000000000059,2opt,notBad
16943,13,66.60000000000059,13,66.60000000000059,2opt,notBad
16944,13,66.60000000000059,13,66.60000000000059,move,improve
16945,13,66.60000000000059,13,66.60000000000059,move,improve
16946,13,66.60000000000059,13,66.60000000000059,swap,notBad
16947,13,66.60000000000059,13,66.60000000000059,move,improve
16948,13,66.60000000000059,13,66.60000000000059,2opt,notBad
16949,13,66.60000000000059,13,66.60000000000059,swap,notBad
16950,13,66.60000000000059,13,66.60000000000059,move,improve
16951,13,66.60000000000059,13,66.60000000000059,2opt,improve
16952,13,66.60000000000059,13,66.60000000000059,swap,notBad
16953,13,66.60000000000059,13,66.60000000000059,swap,notBad
16954,13,66.60000000000059,13,66.60000000000059,2opt,notBad
16955,13,66.60000000000059,13,66.60000000000059,2opt,notBad
16956,13,66.60000000000059,13,66.60000000000059,2opt,notBad
16957,13,66.60000000000059,13,66.60000000000059,swap,notBad
16958,13,66.60000000000059,13,66.60000000000059,move,improve
16959,13,66.60000000000059,13,66.60000000000059,move,improve
16960,13,66.60000000000059,13,66.60000000000059,move,improve
16961,13,66.60000000000059,13,66.60000000000059,move,improve
16962,13,66.60000000000059,13,66.60000000000059,swap,notBad
16963,13,66.60000000000059,13,66.60000000000059,2opt,notBad
16964,13,66.60000000000059,13,66.60000000000059,swap,notBad
16965,13,66.60000000000059,13,66.60000000000059,2opt,notBad
16966,13,66.60000000000059,13,66.60000000000059,move,improve
16967,13,66.60000000000059,13,66.60000000000059,swap,notBad
16968,13,66.60000000000059,13,66.60000000000059,2opt,notBad
16969,13,66.60000000000059,13,66.60000000000059,2opt,improve
16970,13,66.60000000000059,13,66.60000000000059,swap,notBad
16971,13,66.60000000000059,13,66.60000000000059,move,improve
16972,13,66.60000000000059,13,66.60000000000059,swap,notBad
16973,13,66.60000000000059,13,66.60000000000059,move,improve
16974,13,66.60000000000059,13,66.60000000000059,swap,notBad
16975,13,66.60000000000059,13,66.60000000000059,2opt,improve
16976,13,66.60000000000059,13,66.60000000000059,2opt,notBad
16977,13,66.60000000000059,13,66.60000000000059,swap,notBad
16978,13,66.60000000000059,13,66.60000000000059,swap,notBad
16979,13,66.60000000000059,13,66.60000000000059,2opt,notBad
16980,13,66.60000000000059,13,66.60000000000059,move,improve
16981,13,66.60000000000059,13,66.60000000000059,swap,notBad
16982,13,66.60000000000059,13,66.60000000000059,swap,notBad
16983,13,66.60000000000059,13,66.60000000000059,2opt,notBad
16984,13,66.60000000000059,13,66.60000000000059,swap,notBad
16985,13,66.60000000000059,13,66.60000000000059,2opt,notBad
16986,13,66.60000000000059,13,66.60000000000059,move,improve
16987,13,66.60000000000059,13,66.60000000000059,2opt,notBad
16988,13,66.60000000000059,13,66.60000000000059,2opt,notBad
16989,13,66.60000000000059,13,66.60000000000059,swap,notBad
16990,13,66.60000000000059,13,66.60000000000059,move,improve
16991,13,66.60000000000059,13,66.60000000000059,move,improve
16992,13,66.60000000000059,13,66.60000000000059,move,improve
16993,13,66.60000000000059,13,66.60000000000059,2opt,notBad
16994,13,66.60000000000059,13,66.60000000000059,move,improve
16995,13,66.60000000000059,13,66.60000000000059,move,improve
16996,13,66.60000000000059,13,66.60000000000059,2opt,notBad
16997,13,66.60000000000059,13,66.60000000000059,move,improve
16998,13,66.60000000000059,13,66.60000000000059,move,improve
16999,13,66.60000000000059,13,66.60000000000059,move,improve
17000,13,66.60000000000059,13,66.60000000000059,move,improve
17001,13,66.60000000000059,13,66.60000000000059,2opt,notBad
17002,13,66.60000000000059,13,66.60000000000059,move,improve
17003,13,66.60000000000059,13,66.60000000000059,swap,notBad
17004,13,66.60000000000059,13,66.60000000000059,move,improve
17005,13,66.60000000000059,13,66.60000000000059,move,improve
17006,13,66.60000000000059,13,66.60000000000059,move,improve
17007,13,66.60000000000059,13,66.60000000000059,move,improve
17008,13,66.60000000000059,13,66.60000000000059,move,improve
17009,13,66.60000000000059,13,66.60000000000059,move,improve
17010,13,66.60000000000059,13,66.60000000000059,move,improve
17011,13,66.60000000000059,13,66.60000000000059,2opt,notBad
17012,13,66.60000000000059,13,66.60000000000059,move,improve
17013,13,66.60000000000059,13,66.60000000000059,move,improve
17014,13,66.60000000000059,13,66.60000000000059,2opt,notBad
17015,13,66.60000000000059,13,66.60000000000059,swap,notBad
17016,13,66.60000000000059,13,66.60000000000059,2opt,notBad
17017,13,66.60000000000059,13,66.60000000000059,swap,notBad
17018,13,66.60000000000059,13,66.60000000000059,swap,notBad
17019,13,66.60000000000059,13,66.60000000000059,move,improve
17020,13,66.60000000000059,13,66.60000000000059,swap,notBad
17021,13,66.60000000000059,13,66.60000000000059,2opt,notBad
17022,13,66.60000000000059,13,66.60000000000059,2opt,notBad
17023,13,66.60000000000059,13,66.60000000000059,2opt,improve
17024,13,66.60000000000059,13,66.60000000000059,2opt,notBad
17025,13,66.60000000000059,13,66.60000000000059,swap,notBad
17026,13,66.60000000000059,13,66.60000000000059,swap,notBad
17027,13,66.60000000000059,13,66.60000000000059,2opt,notBad
17028,13,66.60000000000059,13,66.60000000000059,2opt,notBad
17029,13,66.60000000000059,13,66.60000000000059,2opt,notBad
17030,13,66.60000000000059,13,66.60000000000059,move,improve
17031,13,66.60000000000059,13,66.60000000000059,swap,notBad
17032,13,66.60000000000059,13,66.60000000000059,move,improve
17033,13,66.60000000000059,13,66.60000000000059,move,improve
17034,13,66.60000000000059,13,66.60000000000059,2opt,notBad
17035,13,66.60000000000059,13,66.60000000000059,2opt,notBad
17036,13,66.60000000000059,13,66.60000000000059,2opt,notBad
17037,13,66.60000000000059,13,66.60000000000059,move,improve
17038,13,66.60000000000059,13,66.60000000000059,swap,notBad
17039,13,66.60000000000059,13,66.60000000000059,move,improve
17040,13,66.60000000000059,13,66.60000000000059,swap,notBad
17041,13,66.60000000000059,13,66.60000000000059,move,improve
17042,13,66.60000000000059,13,66.60000000000059,swap,notBad
17043,13,66.60000000000059,13,66.60000000000059,swap,notBad
17044,13,66.60000000000059,13,66.60000000000059,swap,notBad
17045,13,66.60000000000059,13,66.60000000000059,2opt,notBad
17046,13,66.60000000000059,13,66.60000000000059,swap,notBad
17047,13,66.60000000000059,13,66.60000000000059,move,improve
17048,13,66.60000000000059,13,66.60000000000059,2opt,improve
17049,13,66.60000000000059,13,66.60000000000059,2opt,notBad
17050,13,66.60000000000059,13,66.60000000000059,2opt,notBad
17051,13,66.60000000000059,13,66.60000000000059,move,improve
17052,13,66.60000000000059,13,66.60000000000059,swap,notBad
17053,13,66.60000000000059,13,66.60000000000059,swap,notBad
17054,13,66.60000000000059,13,66.60000000000059,swap,notBad
17055,13,66.60000000000059,13,66.60000000000059,swap,notBad
17056,13,66.60000000000059,13,66.60000000000059,move,improve
17057,13,66.60000000000059,13,66.60000000000059,move,improve
17058,13,66.60000000000059,13,66.60000000000059,move,improve
17059,13,66.60000000000059,13,66.60000000000059,swap,notBad
17060,13,66.60000000000059,13,66.60000000000059,swap,notBad
17061,13,66.60000000000059,13,66.60000000000059,swap,notBad
17062,13,66.60000000000059,13,66.60000000000059,2opt,notBad
17063,13,66.60000000000059,13,66.60000000000059,swap,notBad
17064,13,66.60000000000059,13,66.60000000000059,2opt,notBad
17065,13,66.60000000000059,13,66.60000000000059,swap,notBad
17066,13,66.60000000000059,13,66.60000000000059,2opt,notBad
17067,13,66.60000000000059,13,66.60000000000059,move,improve
17068,13,66.60000000000059,13,66.60000000000059,2opt,notBad
17069,13,66.60000000000059,13,66.60000000000059,move,improve
17070,13,66.60000000000059,13,66.60000000000059,move,improve
17071,13,66.60000000000059,13,66.60000000000059,move,improve
17072,13,66.60000000000059,13,66.60000000000059,swap,notBad
17073,13,66.60000000000059,13,66.60000000000059,move,improve
17074,13,66.60000000000059,13,66.60000000000059,swap,notBad
17075,13,66.60000000000059,13,66.60000000000059,swap,notBad
17076,13,66.60000000000059,13,66.60000000000059,2opt,improve
17077,13,66.60000000000059,13,66.60000000000059,move,improve
17078,13,66.60000000000059,13,66.60000000000059,swap,notBad
17079,13,66.60000000000059,13,66.60000000000059,2opt,notBad
17080,13,66.60000000000059,13,66.60000000000059,move,improve
17081,13,66.60000000000059,13,66.60000000000059,move,improve
17082,13,66.60000000000059,13,66.60000000000059,move,improve
17083,13,66.60000000000059,13,66.60000000000059,swap,notBad
17084,13,66.60000000000059,13,66.60000000000059,move,improve
17085,13,66.60000000000059,13,66.60000000000059,move,improve
17086,13,66.60000000000059,13,66.60000000000059,move,improve
17087,13,66.60000000000059,13,66.60000000000059,swap,notBad
17088,13,66.60000000000059,13,66.60000000000059,2opt,notBad
17089,13,66.60000000000059,13,66.60000000000059,swap,notBad
17090,13,66.60000000000059,13,66.60000000000059,2opt,notBad
17091,13,66.60000000000059,13,66.60000000000059,move,improve
17092,13,66.60000000000059,13,66.60000000000059,swap,notBad
17093,13,66.60000000000059,13,66.60000000000059,2opt,notBad
17094,13,66.60000000000059,13,66.60000000000059,move,improve
17095,13,66.60000000000059,13,66.60000000000059,swap,notBad
17096,13,66.60000000000059,13,66.60000000000059,2opt,improve
17097,13,66.60000000000059,13,66.60000000000059,swap,notBad
17098,13,66.60000000000059,13,66.60000000000059,2opt,notBad
17099,13,66.60000000000059,13,66.60000000000059,swap,notBad
17100,13,66.60000000000059,13,66.60000000000059,move,improve
17101,13,66.60000000000059,13,66.60000000000059,swap,notBad
17102,13,66.60000000000059,13,66.60000000000059,2opt,notBad
17103,13,66.60000000000059,13,66.60000000000059,move,improve
17104,13,66.60000000000059,13,66.60000000000059,2opt,notBad
17105,13,66.60000000000059,13,66.60000000000059,2opt,notBad
17106,13,66.60000000000059,13,66.60000000000059,2opt,notBad
17107,13,66.60000000000059,13,66.60000000000059,2opt,notBad
17108,13,66.60000000000059,13,66.60000000000059,move,improve
17109,13,66.60000000000059,13,66.60000000000059,swap,notBad
17110,13,66.60000000000059,13,66.60000000000059,2opt,notBad
17111,13,66.60000000000059,13,66.60000000000059,move,improve
17112,13,66.60000000000059,13,66.60000000000059,move,improve
17113,13,66.60000000000059,13,66.60000000000059,2opt,improve
17114,13,66.60000000000059,13,66.60000000000059,2opt,notBad
17115,13,66.60000000000059,13,66.60000000000059,2opt,notBad
17116,13,66.60000000000059,13,66.60000000000059,swap,notBad
17117,13,66.60000000000059,13,66.60000000000059,move,improve
17118,13,66.60000000000059,13,66.60000000000059,swap,notBad
17119,13,66.60000000000059,13,66.60000000000059,swap,notBad
17120,13,66.60000000000059,13,66.60000000000059,2opt,notBad
17121,13,66.60000000000059,13,66.60000000000059,swap,notBad
17122,13,67.20000000000073,13,66.60000000000059,swap,acceptBad
17123,13,67.20000000000073,13,66.60000000000059,move,improve
17124,13,67.20000000000073,13,66.60000000000059,2opt,notBad
17125,13,67.20000000000073,13,66.60000000000059,2opt,notBad
17126,13,67.20000000000073,13,66.60000000000059,move,improve
17127,13,67.20000000000073,13,66.60000000000059,move,improve
17128,13,67.20000000000073,13,66.60000000000059,swap,notBad
17129,13,67.20000000000073,13,66.60000000000059,2opt,notBad
17130,13,67.20000000000073,13,66.60000000000059,2opt,notBad
17131,13,66.60000000000059,13,66.60000000000059,move,improve
17132,13,66.60000000000059,13,66.60000000000059,swap,notBad
17133,13,66.60000000000059,13,66.60000000000059,2opt,notBad
17134,13,66.60000000000059,13,66.60000000000059,2opt,notBad
17135,13,66.60000000000059,13,66.60000000000059,move,improve
17136,13,66.60000000000059,13,66.60000000000059,swap,notBad
17137,13,66.60000000000059,13,66.60000000000059,move,improve
17138,13,66.60000000000059,13,66.60000000000059,move,improve
17139,13,66.60000000000059,13,66.60000000000059,2opt,notBad
17140,13,66.60000000000059,13,66.60000000000059,move,improve
17141,13,66.60000000000059,13,66.60000000000059,move,improve
17142,13,66.60000000000059,13,66.60000000000059,swap,notBad
17143,13,66.60000000000059,13,66.60000000000059,move,improve
17144,13,66.60000000000059,13,66.60000000000059,2opt,improve
17145,13,66.60000000000059,13,66.60000000000059,2opt,notBad
17146,13,66.60000000000059,13,66.60000000000059,2opt,notBad
17147,13,66.60000000000059,13,66.60000000000059,2opt,notBad
17148,13,66.60000000000059,13,66.60000000000059,move,improve
17149,13,66.60000000000059,13,66.60000000000059,move,improve
17150,13,66.60000000000059,13,66.60000000000059,2opt,notBad
17151,13,66.60000000000059,13,66.60000000000059,swap,notBad
17152,13,66.60000000000059,13,66.60000000000059,move,improve
17153,13,66.60000000000059,13,66.60000000000059,2opt,notBad
17154,13,66.60000000000059,13,66.60000000000059,swap,notBad
17155,13,66.60000000000059,13,66.60000000000059,2opt,notBad
17156,13,66.60000000000059,13,66.60000000000059,move,improve
17157,13,66.60000000000059,13,66.60000000000059,move,improve
17158,13,66.60000000000059,13,66.60000000000059,2opt,notBad
17159,13,66.60000000000059,13,66.60000000000059,2opt,notBad
17160,13,66.60000000000059,13,66.60000000000059,swap,notBad
17161,13,66.60000000000059,13,66.60000000000059,2opt,notBad
17162,13,66.60000000000059,13,66.60000000000059,move,improve
17163,13,66.60000000000059,13,66.60000000000059,2opt,improve
17164,13,66.60000000000059,13,66.60000000000059,2opt,notBad
17165,13,66.60000000000059,13,66.60000000000059,2opt,notBad
17166,13,66.60000000000059,13,66.60000000000059,swap,notBad
17167,13,66.60000000000059,13,66.60000000000059,2opt,notBad
17168,13,66.60000000000059,13,66.60000000000059,swap,notBad
17169,13,66.60000000000059,13,66.60000000000059,swap,notBad
17170,13,66.60000000000059,13,66.60000000000059,2opt,notBad
17171,13,66.60000000000059,13,66.60000000000059,move,improve
17172,13,66.60000000000059,13,66.60000000000059,2opt,notBad
17173,13,66.60000000000059,13,66.60000000000059,swap,notBad
17174,13,66.60000000000059,13,66.60000000000059,2opt,notBad
17175,13,66.60000000000059,13,66.60000000000059,move,improve
17176,13,66.60000000000059,13,66.60000000000059,move,improve
17177,13,66.60000000000059,13,66.60000000000059,2opt,notBad
17178,13,66.60000000000059,13,66.60000000000059,2opt,improve
17179,13,66.60000000000059,13,66.60000000000059,swap,notBad
17180,13,66.60000000000059,13,66.60000000000059,move,improve
17181,13,66.60000000000059,13,66.60000000000059,move,improve
17182,13,66.60000000000059,13,66.60000000000059,swap,notBad
17183,13,66.60000000000059,13,66.60000000000059,2opt,notBad
17184,13,66.60000000000059,13,66.60000000000059,move,improve
17185,13,66.60000000000059,13,66.60000000000059,move,improve
17186,13,66.60000000000059,13,66.60000000000059,move,improve
17187,13,66.60000000000059,13,66.60000000000059,move,improve
17188,13,66.60000000000059,13,66.60000000000059,swap,notBad
17189,13,66.60000000000059,13,66.60000000000059,move,improve
17190,13,66.60000000000059,13,66.60000000000059,move,improve
17191,13,66.60000000000059,13,66.60000000000059,move,improve
17192,13,66.60000000000059,13,66.60000000000059,2opt,notBad
17193,13,66.60000000000059,13,66.60000000000059,move,improve
17194,13,66.60000000000059,13,66.60000000000059,swap,notBad
17195,13,66.60000000000059,13,66.60000000000059,move,improve
17196,13,66.60000000000059,13,66.60000000000059,2opt,notBad
17197,13,66.60000000000059,13,66.60000000000059,move,improve
17198,13,66.60000000000059,13,66.60000000000059,2opt,notBad
17199,13,66.60000000000059,13,66.60000000000059,swap,notBad
17200,13,66.60000000000059,13,66.60000000000059,move,improve
17201,13,66.60000000000059,13,66.60000000000059,2opt,improve
17202,13,66.60000000000059,13,66.60000000000059,swap,notBad
17203,13,66.60000000000059,13,66.60000000000059,move,improve
17204,13,66.60000000000059,13,66.60000000000059,2opt,notBad
17205,13,66.60000000000059,13,66.60000000000059,swap,notBad
17206,13,66.60000000000059,13,66.60000000000059,2opt,notBad
17207,13,66.60000000000059,13,66.60000000000059,swap,notBad
17208,13,66.60000000000059,13,66.60000000000059,2opt,notBad
17209,13,66.60000000000059,13,66.60000000000059,move,improve
17210,13,66.60000000000059,13,66.60000000000059,move,improve
17211,13,66.60000000000059,13,66.60000000000059,2opt,notBad
17212,13,66.60000000000059,13,66.60000000000059,swap,notBad
17213,13,66.60000000000059,13,66.60000000000059,swap,notBad
17214,13,66.60000000000059,13,66.60000000000059,move,improve
17215,13,66.60000000000059,13,66.60000000000059,swap,notBad
17216,13,66.60000000000059,13,66.60000000000059,move,improve
17217,13,66.60000000000059,13,66.60000000000059,move,improve
17218,13,66.60000000000059,13,66.60000000000059,move,improve
17219,13,66.60000000000059,13,66.60000000000059,move,improve
17220,13,66.60000000000059,13,66.60000000000059,2opt,notBad
17221,13,66.60000000000059,13,66.60000000000059,swap,notBad
17222,13,66.60000000000059,13,66.60000000000059,swap,notBad
17223,13,66.60000000000059,13,66.60000000000059,swap,notBad
17224,13,66.60000000000059,13,66.60000000000059,swap,notBad
17225,13,66.60000000000059,13,66.60000000000059,move,improve
17226,13,66.60000000000059,13,66.60000000000059,move,improve
17227,13,66.60000000000059,13,66.60000000000059,move,improve
17228,13,66.60000000000059,13,66.60000000000059,swap,notBad
17229,13,66.60000000000059,13,66.60000000000059,move,improve
17230,13,66.60000000000059,13,66.60000000000059,2opt,notBad
17231,13,66.60000000000059,13,66.60000000000059,move,improve
17232,13,66.60000000000059,13,66.60000000000059,swap,notBad
17233,13,66.60000000000059,13,66.60000000000059,move,improve
17234,13,66.60000000000059,13,66.60000000000059,swap,notBad
17235,13,66.60000000000059,13,66.60000000000059,2opt,notBad
17236,13,66.60000000000059,13,66.60000000000059,2opt,notBad
17237,13,66.60000000000059,13,66.60000000000059,swap,notBad
17238,13,66.60000000000059,13,66.60000000000059,2opt,notBad
17239,13,66.60000000000059,13,66.60000000000059,swap,notBad
17240,13,66.60000000000059,13,66.60000000000059,swap,notBad
17241,13,66.60000000000059,13,66.60000000000059,move,improve
17242,13,66.60000000000059,13,66.60000000000059,move,improve
17243,13,66.60000000000059,13,66.60000000000059,swap,notBad
17244,13,66.60000000000059,13,66.60000000000059,swap,notBad
17245,13,66.60000000000059,13,66.60000000000059,2opt,notBad
17246,13,66.60000000000059,13,66.60000000000059,move,improve
17247,13,66.60000000000059,13,66.60000000000059,2opt,notBad
17248,13,66.60000000000059,13,66.60000000000059,2opt,notBad
17249,13,66.60000000000059,13,66.60000000000059,2opt,notBad
17250,13,66.60000000000059,13,66.60000000000059,2opt,notBad
17251,13,66.60000000000059,13,66.60000000000059,2opt,notBad
17252,13,66.60000000000059,13,66.60000000000059,move,improve
17253,13,66.60000000000059,13,66.60000000000059,move,improve
17254,13,66.60000000000059,13,66.60000000000059,swap,notBad
17255,13,66.60000000000059,13,66.60000000000059,2opt,notBad
17256,13,66.60000000000059,13,66.60000000000059,move,improve
17257,13,66.60000000000059,13,66.60000000000059,move,improve
17258,13,66.60000000000059,13,66.60000000000059,move,improve
17259,13,66.60000000000059,13,66.60000000000059,swap,notBad
17260,13,66.60000000000059,13,66.60000000000059,2opt,notBad
17261,13,66.60000000000059,13,66.60000000000059,move,improve
17262,13,66.60000000000059,13,66.60000000000059,2opt,notBad
17263,13,66.60000000000059,13,66.60000000000059,move,improve
17264,13,66.60000000000059,13,66.60000000000059,swap,notBad
17265,13,66.60000000000059,13,66.60000000000059,move,improve
17266,13,66.60000000000059,13,66.60000000000059,swap,notBad
17267,13,66.60000000000059,13,66.60000000000059,swap,notBad
17268,13,66.60000000000059,13,66.60000000000059,2opt,notBad
17269,13,66.60000000000059,13,66.60000000000059,2opt,notBad
17270,13,66.60000000000059,13,66.60000000000059,move,improve
17271,13,66.60000000000059,13,66.60000000000059,move,improve
17272,13,66.60000000000059,13,66.60000000000059,swap,notBad
17273,13,66.60000000000059,13,66.60000000000059,2opt,notBad
17274,13,66.60000000000059,13,66.60000000000059,2opt,notBad
17275,13,66.60000000000059,13,66.60000000000059,move,improve
17276,13,66.60000000000059,13,66.60000000000059,swap,notBad
17277,13,66.60000000000059,13,66.60000000000059,move,improve
17278,13,66.60000000000059,13,66.60000000000059,move,improve
17279,13,66.60000000000059,13,66.60000000000059,2opt,notBad
17280,13,66.60000000000059,13,66.60000000000059,swap,notBad
17281,13,66.60000000000059,13,66.60000000000059,2opt,improve
17282,13,66.60000000000059,13,66.60000000000059,move,improve
17283,13,66.60000000000059,13,66.60000000000059,swap,notBad
17284,13,66.60000000000059,13,66.60000000000059,swap,notBad
17285,13,66.60000000000059,13,66.60000000000059,move,improve
17286,13,66.60000000000059,13,66.60000000000059,2opt,notBad
17287,13,66.60000000000059,13,66.60000000000059,move,improve
17288,13,66.60000000000059,13,66.60000000000059,move,improve
17289,13,66.60000000000059,13,66.60000000000059,swap,notBad
17290,13,66.60000000000059,13,66.60000000000059,move,improve
17291,13,66.60000000000059,13,66.60000000000059,swap,notBad
17292,13,66.60000000000059,13,66.60000000000059,move,improve
17293,13,66.60000000000059,13,66.60000000000059,move,improve
17294,13,66.60000000000059,13,66.60000000000059,swap,notBad
17295,13,66.60000000000059,13,66.60000000000059,2opt,notBad
17296,13,66.60000000000059,13,66.60000000000059,2opt,notBad
17297,13,66.60000000000059,13,66.60000000000059,move,improve
17298,13,66.60000000000059,13,66.60000000000059,move,improve
17299,13,66.60000000000059,13,66.60000000000059,swap,notBad
17300,13,66.60000000000059,13,66.60000000000059,2opt,improve
17301,13,66.60000000000059,13,66.60000000000059,swap,notBad
17302,13,66.60000000000059,13,66.60000000000059,move,improve
17303,13,66.60000000000059,13,66.60000000000059,move,improve
17304,13,66.60000000000059,13,66.60000000000059,2opt,notBad
17305,13,66.60000000000059,13,66.60000000000059,swap,notBad
17306,13,66.60000000000059,13,66.60000000000059,swap,notBad
17307,13,66.60000000000059,13,66.60000000000059,swap,notBad
17308,13,66.60000000000059,13,66.60000000000059,2opt,notBad
17309,13,66.60000000000059,13,66.60000000000059,move,improve
17310,13,66.60000000000059,13,66.60000000000059,swap,notBad
17311,13,66.60000000000059,13,66.60000000000059,swap,notBad
17312,13,66.60000000000059,13,66.60000000000059,move,improve
17313,13,66.60000000000059,13,66.60000000000059,swap,notBad
17314,13,66.60000000000059,13,66.60000000000059,move,improve
17315,13,66.60000000000059,13,66.60000000000059,swap,notBad
17316,13,66.60000000000059,13,66.60000000000059,swap,notBad
17317,13,66.60000000000059,13,66.60000000000059,swap,notBad
17318,13,66.60000000000059,13,66.60000000000059,2opt,notBad
17319,13,66.60000000000059,13,66.60000000000059,swap,notBad
17320,13,66.60000000000059,13,66.60000000000059,swap,notBad
17321,13,66.60000000000059,13,66.60000000000059,move,improve
17322,13,66.60000000000059,13,66.60000000000059,swap,notBad
17323,13,66.60000000000059,13,66.60000000000059,2opt,notBad
17324,13,66.60000000000059,13,66.60000000000059,2opt,notBad
17325,13,66.60000000000059,13,66.60000000000059,2opt,notBad
17326,13,66.60000000000059,13,66.60000000000059,move,improve
17327,13,66.60000000000059,13,66.60000000000059,move,improve
17328,13,66.60000000000059,13,66.60000000000059,move,improve
17329,13,66.60000000000059,13,66.60000000000059,move,improve
17330,13,66.60000000000059,13,66.60000000000059,2opt,notBad
17331,13,66.60000000000059,13,66.60000000000059,2opt,notBad
17332,13,66.60000000000059,13,66.60000000000059,swap,notBad
17333,13,66.60000000000059,13,66.60000000000059,swap,notBad
17334,13,66.60000000000059,13,66.60000000000059,swap,notBad
17335,13,66.60000000000059,13,66.60000000000059,move,improve
17336,13,66.60000000000059,13,66.60000000000059,2opt,notBad
17337,13,66.60000000000059,13,66.60000000000059,move,improve
17338,13,66.60000000000059,13,66.60000000000059,2opt,improve
17339,13,66.60000000000059,13,66.60000000000059,2opt,improve
17340,13,66.60000000000059,13,66.60000000000059,move,improve
17341,13,66.60000000000059,13,66.60000000000059,2opt,notBad
17342,13,66.60000000000059,13,66.60000000000059,move,improve
17343,13,66.60000000000059,13,66.60000000000059,swap,notBad
17344,13,66.60000000000059,13,66.60000000000059,swap,notBad
17345,13,66.60000000000059,13,66.60000000000059,move,improve
17346,13,66.60000000000059,13,66.60000000000059,move,improve
17347,13,66.60000000000059,13,66.60000000000059,2opt,notBad
17348,13,66.60000000000059,13,66.60000000000059,2opt,notBad
17349,13,66.60000000000059,13,66.60000000000059,move,improve
17350,13,66.60000000000059,13,66.60000000000059,swap,notBad
17351,13,66.60000000000059,13,66.60000000000059,swap,notBad
17352,13,66.60000000000059,13,66.60000000000059,move,improve
17353,13,66.60000000000059,13,66.60000000000059,move,improve
17354,13,66.60000000000059,13,66.60000000000059,swap,notBad
17355,13,66.60000000000059,13,66.60000000000059,2opt,notBad
17356,13,66.60000000000059,13,66.60000000000059,2opt,notBad
17357,13,66.60000000000059,13,66.60000000000059,move,improve
17358,13,66.60000000000059,13,66.60000000000059,swap,notBad
17359,13,66.60000000000059,13,66.60000000000059,swap,notBad
17360,13,66.60000000000059,13,66.60000000000059,move,improve
17361,13,66.60000000000059,13,66.60000000000059,2opt,notBad
17362,13,66.60000000000059,13,66.60000000000059,swap,notBad
17363,13,66.60000000000059,13,66.60000000000059,2opt,notBad
17364,13,66.60000000000059,13,66.60000000000059,move,improve
17365,13,66.60000000000059,13,66.60000000000059,swap,notBad
17366,13,66.60000000000059,13,66.60000000000059,swap,notBad
17367,13,66.60000000000059,13,66.60000000000059,move,improve
17368,13,66.60000000000059,13,66.60000000000059,swap,notBad
17369,13,66.60000000000059,13,66.60000000000059,move,improve
17370,13,66.60000000000059,13,66.60000000000059,2opt,notBad
17371,13,66.60000000000059,13,66.60000000000059,swap,notBad
17372,13,66.60000000000059,13,66.60000000000059,swap,notBad
17373,13,66.60000000000059,13,66.60000000000059,2opt,notBad
17374,13,66.60000000000059,13,66.60000000000059,move,improve
17375,13,66.60000000000059,13,66.60000000000059,2opt,notBad
17376,13,66.60000000000059,13,66.60000000000059,move,improve
17377,13,66.60000000000059,13,66.60000000000059,move,improve
17378,13,66.60000000000059,13,66.60000000000059,2opt,notBad
17379,13,66.60000000000059,13,66.60000000000059,2opt,notBad
17380,13,66.60000000000059,13,66.60000000000059,2opt,improve
17381,13,66.60000000000059,13,66.60000000000059,swap,notBad
17382,13,66.60000000000059,13,66.60000000000059,move,improve
17383,13,66.60000000000059,13,66.60000000000059,2opt,notBad
17384,13,66.60000000000059,13,66.60000000000059,swap,notBad
17385,13,66.60000000000059,13,66.60000000000059,swap,notBad
17386,13,66.60000000000059,13,66.60000000000059,2opt,notBad
17387,13,66.60000000000059,13,66.60000000000059,2opt,notBad
17388,13,66.60000000000059,13,66.60000000000059,move,improve
17389,13,66.60000000000059,13,66.60000000000059,move,improve
17390,13,66.60000000000059,13,66.60000000000059,move,improve
17391,13,66.60000000000059,13,66.60000000000059,2opt,notBad
17392,13,66.60000000000059,13,66.60000000000059,move,improve
17393,13,66.60000000000059,13,66.60000000000059,2opt,notBad
17394,13,66.60000000000059,13,66.60000000000059,move,improve
17395,13,66.60000000000059,13,66.60000000000059,move,improve
17396,13,66.60000000000059,13,66.60000000000059,swap,notBad
17397,13,66.60000000000059,13,66.60000000000059,swap,notBad
17398,13,66.60000000000059,13,66.60000000000059,move,improve
17399,13,66.60000000000059,13,66.60000000000059,swap,notBad
17400,13,66.60000000000059,13,66.60000000000059,move,improve
17401,13,66.60000000000059,13,66.60000000000059,move,improve
17402,13,66.60000000000059,13,66.60000000000059,swap,notBad
17403,13,66.60000000000059,13,66.60000000000059,swap,notBad
17404,13,66.60000000000059,13,66.60000000000059,move,improve
17405,13,66.60000000000059,13,66.60000000000059,2opt,notBad
17406,13,66.60000000000059,13,66.60000000000059,2opt,notBad
17407,13,66.60000000000059,13,66.60000000000059,move,improve
17408,13,66.60000000000059,13,66.60000000000059,swap,notBad
17409,13,66.60000000000059,13,66.60000000000059,2opt,notBad
17410,13,66.60000000000059,13,66.60000000000059,swap,notBad
17411,13,66.60000000000059,13,66.60000000000059,2opt,notBad
17412,13,66.60000000000059,13,66.60000000000059,move,improve
17413,13,66.60000000000059,13,66.60000000000059,2opt,notBad
17414,13,66.60000000000059,13,66.60000000000059,move,improve
17415,13,66.60000000000059,13,66.60000000000059,2opt,notBad
17416,13,66.60000000000059,13,66.60000000000059,move,improve
17417,13,66.60000000000059,13,66.60000000000059,move,improve
17418,13,66.60000000000059,13,66.60000000000059,swap,notBad
17419,13,66.60000000000059,13,66.60000000000059,2opt,notBad
17420,13,66.60000000000059,13,66.60000000000059,move,improve
17421,13,66.60000000000059,13,66.60000000000059,move,notBad
17422,13,66.60000000000059,13,66.60000000000059,move,improve
17423,13,66.60000000000059,13,66.60000000000059,swap,notBad
17424,13,66.60000000000059,13,66.60000000000059,2opt,notBad
17425,13,66.60000000000059,13,66.60000000000059,swap,notBad
17426,13,66.60000000000059,13,66.60000000000059,2opt,notBad
17427,13,66.60000000000059,13,66.60000000000059,swap,notBad
17428,13,66.60000000000059,13,66.60000000000059,2opt,notBad
17429,13,66.60000000000059,13,66.60000000000059,move,improve
17430,13,66.60000000000059,13,66.60000000000059,swap,notBad
17431,13,66.60000000000059,13,66.60000000000059,2opt,improve
17432,13,66.60000000000059,13,66.60000000000059,swap,notBad
17433,13,66.60000000000059,13,66.60000000000059,move,improve
17434,13,66.60000000000059,13,66.60000000000059,move,improve
17435,13,66.60000000000059,13,66.60000000000059,move,improve
17436,13,66.60000000000059,13,66.60000000000059,move,improve
17437,13,66.60000000000059,13,66.60000000000059,swap,notBad
17438,13,66.60000000000059,13,66.60000000000059,swap,notBad
17439,13,66.60000000000059,13,66.60000000000059,move,improve
17440,13,66.60000000000059,13,66.60000000000059,swap,notBad
17441,13,66.60000000000059,13,66.60000000000059,swap,notBad
17442,13,66.60000000000059,13,66.60000000000059,move,improve
17443,13,66.60000000000059,13,66.60000000000059,swap,notBad
17444,13,66.60000000000059,13,66.60000000000059,2opt,notBad
17445,13,66.60000000000059,13,66.60000000000059,swap,notBad
17446,13,66.60000000000059,13,66.60000000000059,move,improve
17447,13,66.60000000000059,13,66.60000000000059,2opt,notBad
17448,13,66.60000000000059,13,66.60000000000059,swap,notBad
17449,13,66.60000000000059,13,66.60000000000059,swap,notBad
17450,13,66.60000000000059,13,66.60000000000059,swap,notBad
17451,13,66.60000000000059,13,66.60000000000059,2opt,notBad
17452,13,66.60000000000059,13,66.60000000000059,2opt,notBad
17453,13,66.60000000000059,13,66.60000000000059,move,improve
17454,13,66.60000000000059,13,66.60000000000059,move,improve
17455,13,66.60000000000059,13,66.60000000000059,swap,notBad
17456,13,66.60000000000059,13,66.60000000000059,2opt,notBad
17457,13,66.60000000000059,13,66.60000000000059,2opt,notBad
17458,13,66.60000000000059,13,66.60000000000059,2opt,notBad
17459,13,66.60000000000059,13,66.60000000000059,move,improve
17460,13,66.60000000000059,13,66.60000000000059,move,improve
17461,13,66.60000000000059,13,66.60000000000059,swap,notBad
17462,13,66.60000000000059,13,66.60000000000059,move,improve
17463,13,66.60000000000059,13,66.60000000000059,move,improve
17464,13,66.60000000000059,13,66.60000000000059,move,improve
17465,13,66.60000000000059,13,66.60000000000059,move,improve
17466,13,66.60000000000059,13,66.60000000000059,2opt,notBad
17467,13,66.60000000000059,13,66.60000000000059,2opt,notBad
17468,13,66.60000000000059,13,66.60000000000059,move,improve
17469,13,66.60000000000059,13,66.60000000000059,move,improve
17470,13,66.60000000000059,13,66.60000000000059,swap,notBad
17471,13,66.60000000000059,13,66.60000000000059,2opt,improve
17472,13,66.60000000000059,13,66.60000000000059,swap,notBad
17473,13,66.60000000000059,13,66.60000000000059,move,improve
17474,13,66.60000000000059,13,66.60000000000059,swap,notBad
17475,13,66.60000000000059,13,66.60000000000059,2opt,notBad
17476,13,66.60000000000059,13,66.60000000000059,swap,notBad
17477,13,66.60000000000059,13,66.60000000000059,move,improve
17478,13,66.60000000000059,13,66.60000000000059,move,improve
17479,13,66.60000000000059,13,66.60000000000059,move,notBad
17480,13,66.60000000000059,13,66.60000000000059,2opt,notBad
17481,13,66.60000000000059,13,66.60000000000059,2opt,notBad
17482,13,66.60000000000059,13,66.60000000000059,2opt,notBad
17483,13,66.60000000000059,13,66.60000000000059,swap,notBad
17484,13,66.60000000000059,13,66.60000000000059,move,improve
17485,13,66.60000000000059,13,66.60000000000059,move,improve
17486,13,66.60000000000059,13,66.60000000000059,swap,notBad
17487,13,66.60000000000059,13,66.60000000000059,2opt,notBad
17488,13,66.60000000000059,13,66.60000000000059,swap,notBad
17489,13,66.60000000000059,13,66.60000000000059,swap,notBad
17490,13,66.60000000000059,13,66.60000000000059,move,improve
17491,13,66.60000000000059,13,66.60000000000059,move,improve
17492,13,66.60000000000059,13,66.60000000000059,swap,notBad
17493,13,66.60000000000059,13,66.60000000000059,swap,notBad
17494,13,66.60000000000059,13,66.60000000000059,move,improve
17495,13,66.60000000000059,13,66.60000000000059,swap,notBad
17496,13,66.60000000000059,13,66.60000000000059,move,improve
17497,13,66.60000000000059,13,66.60000000000059,swap,notBad
17498,13,66.60000000000059,13,66.60000000000059,move,improve
17499,13,66.60000000000059,13,66.60000000000059,swap,notBad
17500,13,66.60000000000059,13,66.60000000000059,2opt,notBad
17501,13,66.60000000000059,13,66.60000000000059,2opt,notBad
17502,13,66.60000000000059,13,66.60000000000059,move,improve
17503,13,66.60000000000059,13,66.60000000000059,swap,notBad
17504,13,66.60000000000059,13,66.60000000000059,move,improve
17505,13,66.60000000000059,13,66.60000000000059,move,improve
17506,13,66.60000000000059,13,66.60000000000059,2opt,notBad
17507,13,66.60000000000059,13,66.60000000000059,2opt,notBad
17508,13,66.60000000000059,13,66.60000000000059,2opt,notBad
17509,13,66.60000000000059,13,66.60000000000059,2opt,notBad
17510,13,66.60000000000059,13,66.60000000000059,2opt,notBad
17511,13,66.60000000000059,13,66.60000000000059,swap,notBad
17512,13,66.60000000000059,13,66.60000000000059,move,improve
17513,13,66.60000000000059,13,66.60000000000059,move,improve
17514,13,66.60000000000059,13,66.60000000000059,swap,notBad
17515,13,66.60000000000059,13,66.60000000000059,swap,notBad
17516,13,66.60000000000059,13,66.60000000000059,move,improve
17517,13,66.60000000000059,13,66.60000000000059,2opt,notBad
17518,13,66.60000000000059,13,66.60000000000059,move,notBad
17519,13,66.60000000000059,13,66.60000000000059,2opt,improve
17520,13,66.60000000000059,13,66.60000000000059,move,improve
17521,13,66.60000000000059,13,66.60000000000059,2opt,notBad
17522,13,66.60000000000059,13,66.60000000000059,2opt,notBad
17523,13,66.60000000000059,13,66.60000000000059,2opt,notBad
17524,13,66.60000000000059,13,66.60000000000059,move,improve
17525,13,66.60000000000059,13,66.60000000000059,move,improve
17526,13,66.60000000000059,13,66.60000000000059,2opt,notBad
17527,13,66.60000000000059,13,66.60000000000059,2opt,notBad
17528,13,66.60000000000059,13,66.60000000000059,move,improve
17529,13,66.60000000000059,13,66.60000000000059,swap,notBad
17530,13,66.60000000000059,13,66.60000000000059,swap,notBad
17531,13,66.60000000000059,13,66.60000000000059,2opt,notBad
17532,13,66.60000000000059,13,66.60000000000059,2opt,notBad
17533,13,66.60000000000059,13,66.60000000000059,2opt,notBad
17534,13,66.60000000000059,13,66.60000000000059,2opt,notBad
17535,13,66.60000000000059,13,66.60000000000059,swap,notBad
17536,13,66.60000000000059,13,66.60000000000059,swap,notBad
17537,13,66.60000000000059,13,66.60000000000059,2opt,notBad
17538,13,66.60000000000059,13,66.60000000000059,swap,notBad
17539,13,66.60000000000059,13,66.60000000000059,2opt,notBad
17540,13,66.60000000000059,13,66.60000000000059,2opt,notBad
17541,13,66.60000000000059,13,66.60000000000059,2opt,notBad
17542,13,66.60000000000059,13,66.60000000000059,2opt,notBad
17543,13,66.60000000000059,13,66.60000000000059,swap,notBad
17544,13,66.60000000000059,13,66.60000000000059,2opt,notBad
17545,13,66.60000000000059,13,66.60000000000059,2opt,notBad
17546,13,66.60000000000059,13,66.60000000000059,2opt,notBad
17547,13,66.60000000000059,13,66.60000000000059,swap,notBad
17548,13,66.60000000000059,13,66.60000000000059,swap,notBad
17549,13,66.60000000000059,13,66.60000000000059,swap,notBad
17550,13,66.60000000000059,13,66.60000000000059,swap,notBad
17551,13,66.60000000000059,13,66.60000000000059,move,improve
17552,13,66.60000000000059,13,66.60000000000059,2opt,notBad
17553,13,66.60000000000059,13,66.60000000000059,2opt,notBad
17554,13,66.60000000000059,13,66.60000000000059,move,improve
17555,13,66.60000000000059,13,66.60000000000059,2opt,notBad
17556,13,66.60000000000059,13,66.60000000000059,swap,notBad
17557,13,66.60000000000059,13,66.60000000000059,swap,notBad
17558,13,66.60000000000059,13,66.60000000000059,swap,notBad
17559,13,66.60000000000059,13,66.60000000000059,swap,notBad
17560,13,66.60000000000059,13,66.60000000000059,2opt,notBad
17561,13,66.60000000000059,13,66.60000000000059,move,improve
17562,13,66.60000000000059,13,66.60000000000059,move,improve
17563,13,66.60000000000059,13,66.60000000000059,2opt,notBad
17564,13,66.60000000000059,13,66.60000000000059,2opt,notBad
17565,13,66.60000000000059,13,66.60000000000059,2opt,notBad
17566,13,66.60000000000059,13,66.60000000000059,move,improve
17567,13,66.60000000000059,13,66.60000000000059,2opt,notBad
17568,13,66.60000000000059,13,66.60000000000059,move,improve
17569,13,66.60000000000059,13,66.60000000000059,move,improve
17570,13,66.60000000000059,13,66.60000000000059,move,improve
17571,13,66.60000000000059,13,66.60000000000059,move,improve
17572,13,66.60000000000059,13,66.60000000000059,2opt,notBad
17573,13,66.60000000000059,13,66.60000000000059,swap,notBad
17574,13,66.60000000000059,13,66.60000000000059,2opt,notBad
17575,13,66.60000000000059,13,66.60000000000059,2opt,notBad
17576,13,66.60000000000059,13,66.60000000000059,swap,notBad
17577,13,66.60000000000059,13,66.60000000000059,move,improve
17578,13,66.60000000000059,13,66.60000000000059,move,improve
17579,13,66.60000000000059,13,66.60000000000059,2opt,notBad
17580,13,66.60000000000059,13,66.60000000000059,swap,notBad
17581,13,66.60000000000059,13,66.60000000000059,move,improve
17582,13,66.60000000000059,13,66.60000000000059,2opt,notBad
17583,13,66.60000000000059,13,66.60000000000059,swap,notBad
17584,13,66.60000000000059,13,66.60000000000059,2opt,notBad
17585,13,66.60000000000059,13,66.60000000000059,move,improve
17586,13,66.60000000000059,13,66.60000000000059,swap,notBad
17587,13,66.60000000000059,13,66.60000000000059,move,improve
17588,13,66.60000000000059,13,66.60000000000059,swap,notBad
17589,13,66.60000000000059,13,66.60000000000059,2opt,notBad
17590,13,66.60000000000059,13,66.60000000000059,swap,notBad
17591,13,66.60000000000059,13,66.60000000000059,move,improve
17592,13,66.60000000000059,13,66.60000000000059,swap,notBad
17593,13,66.60000000000059,13,66.60000000000059,2opt,notBad
17594,13,66.60000000000059,13,66.60000000000059,move,improve
17595,13,66.60000000000059,13,66.60000000000059,move,improve
17596,13,66.60000000000059,13,66.60000000000059,move,improve
17597,13,66.60000000000059,13,66.60000000000059,swap,notBad
17598,13,66.60000000000059,13,66.60000000000059,move,improve
17599,13,66.60000000000059,13,66.60000000000059,move,improve
17600,13,66.60000000000059,13,66.60000000000059,move,improve
17601,13,66.60000000000059,13,66.60000000000059,swap,notBad
17602,13,66.60000000000059,13,66.60000000000059,swap,notBad
17603,13,66.60000000000059,13,66.60000000000059,move,improve
17604,13,66.60000000000059,13,66.60000000000059,swap,notBad
17605,13,66.60000000000059,13,66.60000000000059,move,improve
17606,13,66.60000000000059,13,66.60000000000059,2opt,improve
17607,13,66.60000000000059,13,66.60000000000059,move,improve
17608,13,66.60000000000059,13,66.60000000000059,swap,notBad
17609,13,66.60000000000059,13,66.60000000000059,move,improve
17610,13,66.60000000000059,13,66.60000000000059,2opt,notBad
17611,13,66.60000000000059,13,66.60000000000059,2opt,notBad
17612,13,66.60000000000059,13,66.60000000000059,move,improve
17613,13,66.60000000000059,13,66.60000000000059,2opt,notBad
17614,13,66.60000000000059,13,66.60000000000059,swap,notBad
17615,13,66.60000000000059,13,66.60000000000059,swap,notBad
17616,13,66.60000000000059,13,66.60000000000059,swap,notBad
17617,13,66.60000000000059,13,66.60000000000059,swap,notBad
17618,13,66.60000000000059,13,66.60000000000059,swap,notBad
17619,13,66.60000000000059,13,66.60000000000059,2opt,notBad
17620,13,66.60000000000059,13,66.60000000000059,move,improve
17621,13,66.60000000000059,13,66.60000000000059,swap,notBad
17622,13,66.60000000000059,13,66.60000000000059,2opt,notBad
17623,13,66.60000000000059,13,66.60000000000059,swap,notBad
17624,13,66.60000000000059,13,66.60000000000059,swap,notBad
17625,13,66.60000000000059,13,66.60000000000059,move,improve
17626,13,66.60000000000059,13,66.60000000000059,2opt,notBad
17627,13,66.60000000000059,13,66.60000000000059,move,improve
17628,13,66.60000000000059,13,66.60000000000059,move,improve
17629,13,66.60000000000059,13,66.60000000000059,move,improve
17630,13,66.60000000000059,13,66.60000000000059,swap,notBad
17631,13,66.60000000000059,13,66.60000000000059,move,improve
17632,13,66.60000000000059,13,66.60000000000059,2opt,notBad
17633,13,66.60000000000059,13,66.60000000000059,2opt,improve
17634,13,66.60000000000059,13,66.60000000000059,2opt,notBad
17635,13,66.60000000000059,13,66.60000000000059,move,improve
17636,13,66.60000000000059,13,66.60000000000059,move,improve
17637,13,66.60000000000059,13,66.60000000000059,move,improve
17638,13,66.60000000000059,13,66.60000000000059,move,improve
17639,13,66.60000000000059,13,66.60000000000059,2opt,notBad
17640,13,66.60000000000059,13,66.60000000000059,swap,notBad
17641,13,66.60000000000059,13,66.60000000000059,move,improve
17642,13,66.60000000000059,13,66.60000000000059,2opt,notBad
17643,13,66.60000000000059,13,66.60000000000059,move,notBad
17644,13,66.60000000000059,13,66.60000000000059,move,improve
17645,13,66.60000000000059,13,66.60000000000059,2opt,notBad
17646,13,66.60000000000059,13,66.60000000000059,move,improve
17647,13,66.60000000000059,13,66.60000000000059,move,improve
17648,13,66.60000000000059,13,66.60000000000059,swap,notBad
17649,13,66.60000000000059,13,66.60000000000059,swap,notBad
17650,13,66.60000000000059,13,66.60000000000059,swap,notBad
17651,13,66.60000000000059,13,66.60000000000059,2opt,improve
17652,13,66.60000000000059,13,66.60000000000059,move,improve
17653,13,66.60000000000059,13,66.60000000000059,move,improve
17654,13,66.60000000000059,13,66.60000000000059,2opt,improve
17655,13,66.60000000000059,13,66.60000000000059,swap,notBad
17656,13,66.60000000000059,13,66.60000000000059,move,improve
17657,13,66.60000000000059,13,66.60000000000059,move,improve
17658,13,66.60000000000059,13,66.60000000000059,swap,notBad
17659,13,66.60000000000059,13,66.60000000000059,2opt,notBad
17660,13,66.60000000000059,13,66.60000000000059,swap,notBad
17661,13,66.60000000000059,13,66.60000000000059,2opt,notBad
17662,13,66.60000000000059,13,66.60000000000059,swap,notBad
17663,13,66.60000000000059,13,66.60000000000059,move,improve
17664,13,66.60000000000059,13,66.60000000000059,swap,notBad
17665,13,66.60000000000059,13,66.60000000000059,swap,notBad
17666,13,66.60000000000059,13,66.60000000000059,2opt,notBad
17667,13,66.60000000000059,13,66.60000000000059,2opt,notBad
17668,13,66.60000000000059,13,66.60000000000059,swap,notBad
17669,13,66.60000000000059,13,66.60000000000059,swap,notBad
17670,13,66.60000000000059,13,66.60000000000059,swap,notBad
17671,13,66.60000000000059,13,66.60000000000059,2opt,notBad
17672,13,66.60000000000059,13,66.60000000000059,move,improve
17673,13,66.60000000000059,13,66.60000000000059,2opt,notBad
17674,13,66.60000000000059,13,66.60000000000059,move,improve
17675,13,66.60000000000059,13,66.60000000000059,swap,notBad
17676,13,66.60000000000059,13,66.60000000000059,swap,notBad
17677,13,66.60000000000059,13,66.60000000000059,2opt,notBad
17678,13,66.60000000000059,13,66.60000000000059,2opt,notBad
17679,13,66.60000000000059,13,66.60000000000059,move,improve
17680,13,66.60000000000059,13,66.60000000000059,move,improve
17681,13,66.60000000000059,13,66.60000000000059,swap,notBad
17682,13,66.60000000000059,13,66.60000000000059,move,improve
17683,13,66.60000000000059,13,66.60000000000059,swap,notBad
17684,13,66.60000000000059,13,66.60000000000059,move,improve
17685,13,66.60000000000059,13,66.60000000000059,2opt,notBad
17686,13,66.60000000000059,13,66.60000000000059,swap,notBad
17687,13,66.60000000000059,13,66.60000000000059,2opt,notBad
17688,13,66.60000000000059,13,66.60000000000059,move,improve
17689,13,66.60000000000059,13,66.60000000000059,move,improve
17690,13,66.60000000000059,13,66.60000000000059,2opt,notBad
17691,13,66.60000000000059,13,66.60000000000059,move,improve
17692,13,66.60000000000059,13,66.60000000000059,move,improve
17693,13,66.60000000000059,13,66.60000000000059,move,improve
17694,13,66.60000000000059,13,66.60000000000059,move,improve
17695,13,66.60000000000059,13,66.60000000000059,2opt,notBad
17696,13,66.60000000000059,13,66.60000000000059,swap,notBad
17697,13,66.60000000000059,13,66.60000000000059,swap,notBad
17698,13,66.60000000000059,13,66.60000000000059,swap,notBad
17699,13,66.60000000000059,13,66.60000000000059,move,improve
17700,13,66.60000000000059,13,66.60000000000059,move,improve
17701,13,66.60000000000059,13,66.60000000000059,swap,notBad
17702,13,66.60000000000059,13,66.60000000000059,move,improve
17703,13,66.60000000000059,13,66.60000000000059,2opt,notBad
17704,13,66.60000000000059,13,66.60000000000059,move,improve
17705,13,66.60000000000059,13,66.60000000000059,move,improve
17706,13,66.60000000000059,13,66.60000000000059,move,improve
17707,13,66.60000000000059,13,66.60000000000059,swap,notBad
17708,13,66.60000000000059,13,66.60000000000059,2opt,notBad
17709,13,66.60000000000059,13,66.60000000000059,2opt,notBad
17710,13,66.60000000000059,13,66.60000000000059,move,improve
17711,13,66.60000000000059,13,66.60000000000059,swap,notBad
17712,13,66.60000000000059,13,66.60000000000059,swap,notBad
17713,13,66.60000000000059,13,66.60000000000059,2opt,improve
17714,13,66.60000000000059,13,66.60000000000059,move,improve
17715,13,66.60000000000059,13,66.60000000000059,2opt,notBad
17716,13,66.60000000000059,13,66.60000000000059,swap,notBad
17717,13,66.60000000000059,13,66.60000000000059,swap,notBad
17718,13,66.60000000000059,13,66.60000000000059,swap,notBad
17719,13,66.60000000000059,13,66.60000000000059,move,improve
17720,13,66.60000000000059,13,66.60000000000059,swap,notBad
17721,13,66.60000000000059,13,66.60000000000059,2opt,notBad
17722,13,66.60000000000059,13,66.60000000000059,2opt,notBad
17723,13,66.60000000000059,13,66.60000000000059,2opt,notBad
17724,13,66.60000000000059,13,66.60000000000059,move,improve
17725,13,66.60000000000059,13,66.60000000000059,swap,notBad
17726,13,66.60000000000059,13,66.60000000000059,move,improve
17727,13,66.60000000000059,13,66.60000000000059,2opt,notBad
17728,13,66.60000000000059,13,66.60000000000059,swap,notBad
17729,13,66.60000000000059,13,66.60000000000059,move,improve
17730,13,66.60000000000059,13,66.60000000000059,move,improve
17731,13,66.60000000000059,13,66.60000000000059,swap,notBad
17732,13,66.60000000000059,13,66.60000000000059,swap,notBad
17733,13,66.60000000000059,13,66.60000000000059,2opt,notBad
17734,13,66.60000000000059,13,66.60000000000059,swap,notBad
17735,13,66.60000000000059,13,66.60000000000059,move,improve
17736,13,66.60000000000059,13,66.60000000000059,2opt,notBad
17737,13,66.60000000000059,13,66.60000000000059,move,improve
17738,13,66.60000000000059,13,66.60000000000059,swap,notBad
17739,13,66.60000000000059,13,66.60000000000059,move,improve
17740,13,66.60000000000059,13,66.60000000000059,move,improve
17741,13,66.60000000000059,13,66.60000000000059,swap,notBad
17742,13,66.60000000000059,13,66.60000000000059,move,improve
17743,13,66.60000000000059,13,66.60000000000059,swap,notBad
17744,13,66.60000000000059,13,66.60000000000059,2opt,notBad
17745,13,66.60000000000059,13,66.60000000000059,2opt,notBad
17746,13,66.60000000000059,13,66.60000000000059,move,improve
17747,13,66.60000000000059,13,66.60000000000059,move,improve
17748,13,66.60000000000059,13,66.60000000000059,swap,notBad
17749,13,66.60000000000059,13,66.60000000000059,move,improve
17750,13,66.60000000000059,13,66.60000000000059,move,improve
17751,13,66.60000000000059,13,66.60000000000059,move,improve
17752,13,66.60000000000059,13,66.60000000000059,swap,notBad
17753,13,66.60000000000059,13,66.60000000000059,2opt,notBad
17754,13,66.60000000000059,13,66.60000000000059,move,improve
17755,13,66.60000000000059,13,66.60000000000059,swap,notBad
17756,13,66.60000000000059,13,66.60000000000059,move,improve
17757,13,66.60000000000059,13,66.60000000000059,move,improve
17758,13,66.60000000000059,13,66.60000000000059,2opt,notBad
17759,13,66.60000000000059,13,66.60000000000059,move,improve
17760,13,66.60000000000059,13,66.60000000000059,2opt,improve
17761,13,66.60000000000059,13,66.60000000000059,swap,notBad
17762,13,66.60000000000059,13,66.60000000000059,swap,notBad
17763,13,66.60000000000059,13,66.60000000000059,move,improve
17764,13,66.60000000000059,13,66.60000000000059,2opt,notBad
17765,13,66.60000000000059,13,66.60000000000059,2opt,notBad
17766,13,66.60000000000059,13,66.60000000000059,2opt,notBad
17767,13,66.60000000000059,13,66.60000000000059,2opt,notBad
17768,13,66.60000000000059,13,66.60000000000059,swap,notBad
17769,13,66.60000000000059,13,66.60000000000059,move,improve
17770,13,66.60000000000059,13,66.60000000000059,move,improve
17771,13,66.60000000000059,13,66.60000000000059,move,improve
17772,13,66.60000000000059,13,66.60000000000059,2opt,notBad
17773,13,66.60000000000059,13,66.60000000000059,2opt,notBad
17774,13,66.60000000000059,13,66.60000000000059,2opt,notBad
17775,13,66.60000000000059,13,66.60000000000059,2opt,notBad
17776,13,66.60000000000059,13,66.60000000000059,2opt,notBad
17777,13,66.60000000000059,13,66.60000000000059,move,improve
17778,13,66.60000000000059,13,66.60000000000059,move,improve
17779,13,66.60000000000059,13,66.60000000000059,move,improve
17780,13,66.60000000000059,13,66.60000000000059,2opt,notBad
17781,13,66.60000000000059,13,66.60000000000059,swap,notBad
17782,13,66.60000000000059,13,66.60000000000059,move,improve
17783,13,66.60000000000059,13,66.60000000000059,swap,notBad
17784,13,66.60000000000059,13,66.60000000000059,move,improve
17785,13,66.60000000000059,13,66.60000000000059,swap,notBad
17786,13,66.60000000000059,13,66.60000000000059,swap,notBad
17787,13,66.60000000000059,13,66.60000000000059,move,improve
17788,13,66.60000000000059,13,66.60000000000059,2opt,notBad
17789,13,66.60000000000059,13,66.60000000000059,2opt,notBad
17790,13,66.60000000000059,13,66.60000000000059,move,improve
17791,13,66.60000000000059,13,66.60000000000059,move,improve
17792,13,66.60000000000059,13,66.60000000000059,swap,notBad
17793,13,66.60000000000059,13,66.60000000000059,2opt,notBad
17794,13,66.60000000000059,13,66.60000000000059,move,improve
17795,13,66.60000000000059,13,66.60000000000059,move,improve
17796,13,66.60000000000059,13,66.60000000000059,swap,notBad
17797,13,66.60000000000059,13,66.60000000000059,2opt,notBad
17798,13,66.60000000000059,13,66.60000000000059,swap,notBad
17799,13,66.60000000000059,13,66.60000000000059,2opt,notBad
17800,13,66.60000000000059,13,66.60000000000059,swap,notBad
17801,13,66.60000000000059,13,66.60000000000059,2opt,notBad
17802,13,66.60000000000059,13,66.60000000000059,2opt,notBad
17803,13,66.60000000000059,13,66.60000000000059,move,improve
17804,13,66.60000000000059,13,66.60000000000059,move,improve
17805,13,66.60000000000059,13,66.60000000000059,move,improve
17806,13,66.60000000000059,13,66.60000000000059,2opt,notBad
17807,13,66.60000000000059,13,66.60000000000059,2opt,notBad
17808,13,66.60000000000059,13,66.60000000000059,2opt,notBad
17809,13,66.60000000000059,13,66.60000000000059,move,improve
17810,13,66.60000000000059,13,66.60000000000059,swap,notBad
17811,13,66.60000000000059,13,66.60000000000059,swap,notBad
17812,13,66.60000000000059,13,66.60000000000059,move,improve
17813,13,66.60000000000059,13,66.60000000000059,swap,notBad
17814,13,66.60000000000059,13,66.60000000000059,swap,notBad
17815,13,66.60000000000059,13,66.60000000000059,move,improve
17816,13,66.60000000000059,13,66.60000000000059,swap,notBad
17817,13,66.60000000000059,13,66.60000000000059,2opt,notBad
17818,13,66.60000000000059,13,66.60000000000059,swap,notBad
17819,13,66.60000000000059,13,66.60000000000059,swap,notBad
17820,13,66.60000000000059,13,66.60000000000059,move,improve
17821,13,66.60000000000059,13,66.60000000000059,2opt,notBad
17822,13,66.60000000000059,13,66.60000000000059,swap,notBad
17823,13,66.60000000000059,13,66.60000000000059,2opt,notBad
17824,13,66.60000000000059,13,66.60000000000059,swap,notBad
17825,13,66.60000000000059,13,66.60000000000059,swap,notBad
17826,13,66.60000000000059,13,66.60000000000059,2opt,notBad
17827,13,66.60000000000059,13,66.60000000000059,swap,notBad
17828,13,66.60000000000059,13,66.60000000000059,2opt,improve
17829,13,66.60000000000059,13,66.60000000000059,2opt,notBad
17830,13,66.60000000000059,13,66.60000000000059,2opt,notBad
17831,13,66.60000000000059,13,66.60000000000059,2opt,notBad
17832,13,66.60000000000059,13,66.60000000000059,2opt,notBad
17833,13,66.60000000000059,13,66.60000000000059,move,improve
17834,13,66.60000000000059,13,66.60000000000059,swap,notBad
17835,13,66.60000000000059,13,66.60000000000059,2opt,notBad
17836,13,66.60000000000059,13,66.60000000000059,move,improve
17837,13,66.60000000000059,13,66.60000000000059,2opt,notBad
17838,13,66.60000000000059,13,66.60000000000059,move,improve
17839,13,66.60000000000059,13,66.60000000000059,2opt,notBad
17840,13,66.60000000000059,13,66.60000000000059,swap,notBad
17841,13,66.60000000000059,13,66.60000000000059,2opt,notBad
17842,13,66.60000000000059,13,66.60000000000059,swap,notBad
17843,13,66.60000000000059,13,66.60000000000059,swap,notBad
17844,13,66.60000000000059,13,66.60000000000059,swap,notBad
17845,13,66.60000000000059,13,66.60000000000059,2opt,notBad
17846,13,66.60000000000059,13,66.60000000000059,2opt,notBad
17847,13,66.60000000000059,13,66.60000000000059,swap,notBad
17848,13,66.60000000000059,13,66.60000000000059,swap,notBad
17849,13,66.60000000000059,13,66.60000000000059,move,improve
17850,13,66.60000000000059,13,66.60000000000059,2opt,notBad
17851,13,66.60000000000059,13,66.60000000000059,swap,notBad
17852,13,66.60000000000059,13,66.60000000000059,move,improve
17853,13,66.60000000000059,13,66.60000000000059,swap,notBad
17854,13,66.60000000000059,13,66.60000000000059,2opt,notBad
17855,13,66.60000000000059,13,66.60000000000059,2opt,notBad
17856,13,66.60000000000059,13,66.60000000000059,swap,notBad
17857,13,66.60000000000059,13,66.60000000000059,swap,notBad
17858,13,66.60000000000059,13,66.60000000000059,move,improve
17859,13,66.60000000000059,13,66.60000000000059,swap,notBad
17860,13,66.60000000000059,13,66.60000000000059,swap,notBad
17861,13,66.60000000000059,13,66.60000000000059,2opt,notBad
17862,13,66.60000000000059,13,66.60000000000059,2opt,notBad
17863,13,66.60000000000059,13,66.60000000000059,swap,notBad
17864,13,66.60000000000059,13,66.60000000000059,swap,notBad
17865,13,66.60000000000059,13,66.60000000000059,2opt,improve
17866,13,66.60000000000059,13,66.60000000000059,move,improve
17867,13,66.60000000000059,13,66.60000000000059,2opt,notBad
17868,13,66.60000000000059,13,66.60000000000059,swap,notBad
17869,13,66.60000000000059,13,66.60000000000059,2opt,notBad
17870,13,66.60000000000059,13,66.60000000000059,move,improve
17871,13,66.60000000000059,13,66.60000000000059,swap,notBad
17872,13,66.60000000000059,13,66.60000000000059,move,improve
17873,13,66.60000000000059,13,66.60000000000059,swap,notBad
17874,13,66.60000000000059,13,66.60000000000059,swap,notBad
17875,13,66.60000000000059,13,66.60000000000059,move,improve
17876,13,66.60000000000059,13,66.60000000000059,swap,notBad
17877,13,66.60000000000059,13,66.60000000000059,swap,notBad
17878,13,66.60000000000059,13,66.60000000000059,2opt,notBad
17879,13,66.60000000000059,13,66.60000000000059,2opt,notBad
17880,13,66.60000000000059,13,66.60000000000059,move,improve
17881,13,66.60000000000059,13,66.60000000000059,swap,notBad
17882,13,66.60000000000059,13,66.60000000000059,move,improve
17883,13,66.60000000000059,13,66.60000000000059,swap,notBad
17884,13,66.60000000000059,13,66.60000000000059,2opt,notBad
17885,13,66.60000000000059,13,66.60000000000059,2opt,notBad
17886,13,66.60000000000059,13,66.60000000000059,move,improve
17887,13,66.60000000000059,13,66.60000000000059,swap,notBad
17888,13,66.60000000000059,13,66.60000000000059,2opt,notBad
17889,13,66.60000000000059,13,66.60000000000059,swap,notBad
17890,13,66.60000000000059,13,66.60000000000059,2opt,notBad
17891,13,66.60000000000059,13,66.60000000000059,2opt,notBad
17892,13,66.60000000000059,13,66.60000000000059,swap,notBad
17893,13,66.60000000000059,13,66.60000000000059,swap,notBad
17894,13,66.60000000000059,13,66.60000000000059,2opt,notBad
17895,13,66.60000000000059,13,66.60000000000059,swap,notBad
17896,13,66.60000000000059,13,66.60000000000059,move,improve
17897,13,66.60000000000059,13,66.60000000000059,swap,notBad
17898,13,66.60000000000059,13,66.60000000000059,swap,notBad
17899,13,66.60000000000059,13,66.60000000000059,swap,notBad
17900,13,66.60000000000059,13,66.60000000000059,2opt,notBad
17901,13,66.60000000000059,13,66.60000000000059,swap,notBad
17902,13,66.60000000000059,13,66.60000000000059,2opt,notBad
17903,13,66.60000000000059,13,66.60000000000059,swap,notBad
17904,13,66.60000000000059,13,66.60000000000059,swap,notBad
17905,13,66.60000000000059,13,66.60000000000059,move,improve
17906,13,66.60000000000059,13,66.60000000000059,swap,notBad
17907,13,66.60000000000059,13,66.60000000000059,swap,notBad
17908,13,66.60000000000059,13,66.60000000000059,2opt,notBad
17909,13,66.60000000000059,13,66.60000000000059,move,improve
17910,13,66.60000000000059,13,66.60000000000059,2opt,notBad
17911,13,66.60000000000059,13,66.60000000000059,move,improve
17912,13,66.60000000000059,13,66.60000000000059,2opt,notBad
17913,13,66.60000000000059,13,66.60000000000059,2opt,improve
17914,13,66.60000000000059,13,66.60000000000059,swap,notBad
17915,13,66.60000000000059,13,66.60000000000059,move,improve
17916,13,66.60000000000059,13,66.60000000000059,move,improve
17917,13,66.60000000000059,13,66.60000000000059,2opt,notBad
17918,13,66.60000000000059,13,66.60000000000059,2opt,notBad
17919,13,66.60000000000059,13,66.60000000000059,2opt,notBad
17920,13,66.60000000000059,13,66.60000000000059,swap,notBad
17921,13,66.60000000000059,13,66.60000000000059,2opt,notBad
17922,13,66.60000000000059,13,66.60000000000059,swap,notBad
17923,13,66.60000000000059,13,66.60000000000059,2opt,notBad
17924,13,66.60000000000059,13,66.60000000000059,2opt,notBad
17925,13,66.60000000000059,13,66.60000000000059,swap,notBad
17926,13,66.60000000000059,13,66.60000000000059,move,improve
17927,13,66.60000000000059,13,66.60000000000059,2opt,notBad
17928,13,66.60000000000059,13,66.60000000000059,swap,notBad
17929,13,66.60000000000059,13,66.60000000000059,swap,notBad
17930,13,66.60000000000059,13,66.60000000000059,move,improve
17931,13,66.60000000000059,13,66.60000000000059,2opt,notBad
17932,13,66.60000000000059,13,66.60000000000059,move,improve
17933,13,66.60000000000059,13,66.60000000000059,swap,notBad
17934,13,66.60000000000059,13,66.60000000000059,move,improve
17935,13,66.60000000000059,13,66.60000000000059,move,improve
17936,13,66.60000000000059,13,66.60000000000059,move,improve
17937,13,66.60000000000059,13,66.60000000000059,swap,notBad
17938,13,66.60000000000059,13,66.60000000000059,swap,notBad
17939,13,66.60000000000059,13,66.60000000000059,2opt,notBad
17940,13,66.60000000000059,13,66.60000000000059,swap,notBad
17941,13,66.60000000000059,13,66.60000000000059,move,improve
17942,13,66.60000000000059,13,66.60000000000059,2opt,notBad
17943,13,66.60000000000059,13,66.60000000000059,2opt,notBad
17944,13,66.60000000000059,13,66.60000000000059,2opt,notBad
17945,13,66.60000000000059,13,66.60000000000059,move,improve
17946,13,66.60000000000059,13,66.60000000000059,move,improve
17947,13,66.60000000000059,13,66.60000000000059,2opt,notBad
17948,13,66.60000000000059,13,66.60000000000059,swap,notBad
17949,13,66.60000000000059,13,66.60000000000059,swap,notBad
17950,13,66.60000000000059,13,66.60000000000059,swap,notBad
17951,13,66.60000000000059,13,66.60000000000059,2opt,notBad
17952,13,66.60000000000059,13,66.60000000000059,swap,notBad
17953,13,66.60000000000059,13,66.60000000000059,2opt,notBad
17954,13,66.60000000000059,13,66.60000000000059,swap,notBad
17955,13,66.60000000000059,13,66.60000000000059,swap,notBad
17956,13,66.60000000000059,13,66.60000000000059,2opt,notBad
17957,13,66.60000000000059,13,66.60000000000059,swap,notBad
17958,13,66.60000000000059,13,66.60000000000059,2opt,notBad
17959,13,66.60000000000059,13,66.60000000000059,move,improve
17960,13,66.60000000000059,13,66.60000000000059,2opt,notBad
17961,13,66.60000000000059,13,66.60000000000059,move,improve
17962,13,66.60000000000059,13,66.60000000000059,swap,notBad
17963,13,66.60000000000059,13,66.60000000000059,swap,notBad
17964,13,66.60000000000059,13,66.60000000000059,move,improve
17965,13,66.60000000000059,13,66.60000000000059,2opt,notBad
17966,13,66.60000000000059,13,66.60000000000059,swap,notBad
17967,13,66.60000000000059,13,66.60000000000059,move,improve
17968,13,66.60000000000059,13,66.60000000000059,swap,notBad
17969,13,66.60000000000059,13,66.60000000000059,move,improve
17970,13,66.60000000000059,13,66.60000000000059,swap,notBad
17971,13,66.60000000000059,13,66.60000000000059,swap,notBad
17972,13,66.60000000000059,13,66.60000000000059,swap,notBad
17973,13,66.60000000000059,13,66.60000000000059,2opt,notBad
17974,13,66.60000000000059,13,66.60000000000059,move,improve
17975,13,66.60000000000059,13,66.60000000000059,2opt,notBad
17976,13,66.60000000000059,13,66.60000000000059,move,improve
17977,13,66.60000000000059,13,66.60000000000059,move,improve
17978,13,66.60000000000059,13,66.60000000000059,move,improve
17979,13,66.60000000000059,13,66.60000000000059,2opt,notBad
17980,13,66.60000000000059,13,66.60000000000059,move,improve
17981,13,66.60000000000059,13,66.60000000000059,2opt,notBad
17982,13,66.60000000000059,13,66.60000000000059,swap,notBad
17983,13,66.60000000000059,13,66.60000000000059,move,improve
17984,13,66.60000000000059,13,66.60000000000059,swap,notBad
17985,13,66.60000000000059,13,66.60000000000059,move,improve
17986,13,66.60000000000059,13,66.60000000000059,swap,notBad
17987,13,66.60000000000059,13,66.60000000000059,swap,notBad
17988,13,66.60000000000059,13,66.60000000000059,swap,notBad
17989,13,66.60000000000059,13,66.60000000000059,2opt,notBad
17990,13,66.60000000000059,13,66.60000000000059,swap,notBad
17991,13,66.60000000000059,13,66.60000000000059,2opt,notBad
17992,13,66.60000000000059,13,66.60000000000059,move,improve
17993,13,66.60000000000059,13,66.60000000000059,move,improve
17994,13,66.60000000000059,13,66.60000000000059,swap,notBad
17995,13,66.60000000000059,13,66.60000000000059,swap,notBad
17996,13,66.60000000000059,13,66.60000000000059,move,improve
17997,13,66.60000000000059,13,66.60000000000059,move,improve
17998,13,66.60000000000059,13,66.60000000000059,2opt,notBad
17999,13,66.60000000000059,13,66.60000000000059,move,improve
18000,13,66.60000000000059,13,66.60000000000059,move,improve
18001,13,66.60000000000059,13,66.60000000000059,move,improve
18002,13,66.60000000000059,13,66.60000000000059,2opt,notBad
18003,13,66.60000000000059,13,66.60000000000059,2opt,notBad
18004,13,66.60000000000059,13,66.60000000000059,2opt,notBad
18005,13,66.60000000000059,13,66.60000000000059,move,improve
18006,13,66.60000000000059,13,66.60000000000059,move,improve
18007,13,66.60000000000059,13,66.60000000000059,move,improve
18008,13,66.60000000000059,13,66.60000000000059,2opt,notBad
18009,13,66.60000000000059,13,66.60000000000059,2opt,notBad
18010,13,66.60000000000059,13,66.60000000000059,swap,notBad
18011,13,66.60000000000059,13,66.60000000000059,swap,notBad
18012,13,66.60000000000059,13,66.60000000000059,swap,notBad
18013,13,66.60000000000059,13,66.60000000000059,swap,notBad
18014,13,66.60000000000059,13,66.60000000000059,swap,notBad
18015,13,66.60000000000059,13,66.60000000000059,swap,notBad
18016,13,66.60000000000059,13,66.60000000000059,swap,notBad
18017,13,66.60000000000059,13,66.60000000000059,2opt,improve
18018,13,66.60000000000059,13,66.60000000000059,swap,notBad
18019,13,66.60000000000059,13,66.60000000000059,2opt,notBad
18020,13,66.60000000000059,13,66.60000000000059,move,improve
18021,13,66.60000000000059,13,66.60000000000059,2opt,notBad
18022,13,66.60000000000059,13,66.60000000000059,2opt,notBad
18023,13,66.60000000000059,13,66.60000000000059,move,improve
18024,13,66.60000000000059,13,66.60000000000059,swap,notBad
18025,13,66.60000000000059,13,66.60000000000059,move,improve
18026,13,66.60000000000059,13,66.60000000000059,move,improve
18027,13,66.60000000000059,13,66.60000000000059,move,improve
18028,13,66.60000000000059,13,66.60000000000059,move,improve
18029,13,66.60000000000059,13,66.60000000000059,2opt,notBad
18030,13,66.60000000000059,13,66.60000000000059,swap,notBad
18031,13,66.60000000000059,13,66.60000000000059,move,improve
18032,13,66.60000000000059,13,66.60000000000059,swap,notBad
18033,13,66.60000000000059,13,66.60000000000059,move,improve
18034,13,66.60000000000059,13,66.60000000000059,move,improve
18035,13,66.60000000000059,13,66.60000000000059,2opt,notBad
18036,13,66.60000000000059,13,66.60000000000059,swap,notBad
18037,13,66.60000000000059,13,66.60000000000059,swap,notBad
18038,13,66.60000000000059,13,66.60000000000059,2opt,notBad
18039,13,66.60000000000059,13,66.60000000000059,swap,notBad
18040,13,66.60000000000059,13,66.60000000000059,swap,notBad
18041,13,66.60000000000059,13,66.60000000000059,move,improve
18042,13,66.60000000000059,13,66.60000000000059,2opt,notBad
18043,13,66.60000000000059,13,66.60000000000059,move,improve
18044,13,66.60000000000059,13,66.60000000000059,move,notBad
18045,13,66.60000000000059,13,66.60000000000059,2opt,notBad
18046,13,66.60000000000059,13,66.60000000000059,2opt,notBad
18047,13,66.60000000000059,13,66.60000000000059,move,improve
18048,13,66.60000000000059,13,66.60000000000059,2opt,notBad
18049,13,66.60000000000059,13,66.60000000000059,2opt,notBad
18050,13,66.60000000000059,13,66.60000000000059,swap,notBad
18051,13,66.60000000000059,13,66.60000000000059,move,improve
18052,13,66.60000000000059,13,66.60000000000059,2opt,notBad
18053,13,66.60000000000059,13,66.60000000000059,swap,notBad
18054,13,66.60000000000059,13,66.60000000000059,move,improve
18055,13,66.60000000000059,13,66.60000000000059,2opt,notBad
18056,13,66.60000000000059,13,66.60000000000059,move,improve
18057,13,66.60000000000059,13,66.60000000000059,move,improve
18058,13,66.60000000000059,13,66.60000000000059,swap,notBad
18059,13,66.60000000000059,13,66.60000000000059,2opt,notBad
18060,13,66.60000000000059,13,66.60000000000059,swap,notBad
18061,13,66.60000000000059,13,66.60000000000059,2opt,notBad
18062,13,66.60000000000059,13,66.60000000000059,move,improve
18063,13,66.60000000000059,13,66.60000000000059,2opt,notBad
18064,13,66.60000000000059,13,66.60000000000059,move,improve
18065,13,66.60000000000059,13,66.60000000000059,move,improve
18066,13,66.60000000000059,13,66.60000000000059,2opt,notBad
18067,13,66.60000000000059,13,66.60000000000059,swap,notBad
18068,13,66.60000000000059,13,66.60000000000059,move,improve
18069,13,66.60000000000059,13,66.60000000000059,move,improve
18070,13,66.60000000000059,13,66.60000000000059,2opt,notBad
18071,13,66.60000000000059,13,66.60000000000059,2opt,notBad
18072,13,66.60000000000059,13,66.60000000000059,swap,notBad
18073,13,66.60000000000059,13,66.60000000000059,swap,notBad
18074,13,66.60000000000059,13,66.60000000000059,2opt,notBad
18075,13,66.60000000000059,13,66.60000000000059,2opt,notBad
18076,13,66.60000000000059,13,66.60000000000059,move,improve
18077,13,66.60000000000059,13,66.60000000000059,2opt,notBad
18078,13,66.60000000000059,13,66.60000000000059,2opt,notBad
18079,13,66.60000000000059,13,66.60000000000059,2opt,notBad
18080,13,66.60000000000059,13,66.60000000000059,swap,notBad
18081,13,66.60000000000059,13,66.60000000000059,swap,notBad
18082,13,66.60000000000059,13,66.60000000000059,2opt,notBad
18083,13,66.60000000000059,13,66.60000000000059,2opt,notBad
18084,13,66.60000000000059,13,66.60000000000059,2opt,notBad
18085,13,66.60000000000059,13,66.60000000000059,2opt,notBad
18086,13,66.60000000000059,13,66.60000000000059,swap,notBad
18087,13,66.60000000000059,13,66.60000000000059,2opt,notBad
18088,13,66.60000000000059,13,66.60000000000059,2opt,notBad
18089,13,66.60000000000059,13,66.60000000000059,move,improve
18090,13,66.60000000000059,13,66.60000000000059,swap,notBad
18091,13,66.60000000000059,13,66.60000000000059,swap,notBad
18092,13,66.60000000000059,13,66.60000000000059,move,improve
18093,13,66.60000000000059,13,66.60000000000059,2opt,improve
18094,13,66.60000000000059,13,66.60000000000059,swap,notBad
18095,13,66.60000000000059,13,66.60000000000059,2opt,notBad
18096,13,66.60000000000059,13,66.60000000000059,swap,notBad
18097,13,66.60000000000059,13,66.60000000000059,move,improve
18098,13,66.60000000000059,13,66.60000000000059,2opt,notBad
18099,13,66.60000000000059,13,66.60000000000059,swap,notBad
18100,13,66.60000000000059,13,66.60000000000059,2opt,improve
18101,13,66.60000000000059,13,66.60000000000059,swap,notBad
18102,13,66.60000000000059,13,66.60000000000059,move,improve
18103,13,66.60000000000059,13,66.60000000000059,move,improve
18104,13,66.60000000000059,13,66.60000000000059,2opt,notBad
18105,13,66.60000000000059,13,66.60000000000059,move,improve
18106,13,66.60000000000059,13,66.60000000000059,swap,notBad
18107,13,66.60000000000059,13,66.60000000000059,move,improve
18108,13,66.60000000000059,13,66.60000000000059,move,improve
18109,13,66.60000000000059,13,66.60000000000059,swap,notBad
18110,13,66.60000000000059,13,66.60000000000059,swap,notBad
18111,13,66.60000000000059,13,66.60000000000059,swap,notBad
18112,13,66.60000000000059,13,66.60000000000059,swap,notBad
18113,13,66.60000000000059,13,66.60000000000059,move,improve
18114,13,66.60000000000059,13,66.60000000000059,swap,notBad
18115,13,66.60000000000059,13,66.60000000000059,2opt,notBad
18116,13,66.60000000000059,13,66.60000000000059,swap,notBad
18117,13,66.60000000000059,13,66.60000000000059,swap,notBad
18118,13,66.60000000000059,13,66.60000000000059,swap,notBad
18119,13,66.60000000000059,13,66.60000000000059,swap,notBad
18120,13,66.60000000000059,13,66.60000000000059,2opt,notBad
18121,13,66.60000000000059,13,66.60000000000059,move,improve
