i,vehi,obj,vehiBest,objBest,loFunc,note
1,3,1012.6099999999999,3,1012.6099999999999,move,improve
2,3,1012.6099999999999,3,1012.6099999999999,move,improve
3,3,1012.6099999999999,3,1012.6099999999999,move,improve
4,3,1012.6099999999999,3,1012.6099999999999,move,improve
5,3,1015.34,3,1012.6099999999999,swap,acceptBad
6,3,1050.13,3,1012.6099999999999,2opt,acceptBad
7,3,1061.93,3,1012.6099999999999,swap,acceptBad
8,4,1575.18,3,1012.6099999999999,2opt,acceptBad
9,4,1555.92,3,1012.6099999999999,move,improve
10,5,1806.1899999999996,3,1012.6099999999999,2opt,acceptBad
11,5,1788.3899999999999,3,1012.6099999999999,move,improve
12,6,2051.93,3,1012.6099999999999,2opt,acceptBad
13,6,1514.1,3,1012.6099999999999,move,improve
14,6,1476.1599999999996,3,1012.6099999999999,move,improve
15,6,1443.4699999999998,3,1012.6099999999999,swap,improve
16,6,1419.5999999999995,3,1012.6099999999999,move,improve
17,6,1459.7099999999996,3,1012.6099999999999,swap,acceptBad
18,6,1448.0599999999997,3,1012.6099999999999,2opt,improve
19,6,1467.0899999999997,3,1012.6099999999999,2opt,acceptBad
20,6,1531.99,3,1012.6099999999999,swap,acceptBad
21,6,1526.53,3,1012.6099999999999,swap,improve
22,6,1542.2099999999998,3,1012.6099999999999,swap,acceptBad
23,6,1525.34,3,1012.6099999999999,swap,improve
24,6,1525.34,3,1012.6099999999999,2opt,improve
25,6,1524.36,3,1012.6099999999999,move,improve
26,6,1524.36,3,1012.6099999999999,2opt,improve
27,6,1524.36,3,1012.6099999999999,move,improve
28,6,1534.5100000000002,3,1012.6099999999999,2opt,acceptBad
29,6,1534.5100000000002,3,1012.6099999999999,move,improve
30,6,1502.8000000000002,3,1012.6099999999999,move,improve
31,6,1554.6599999999999,3,1012.6099999999999,swap,acceptBad
32,6,1585.3199999999997,3,1012.6099999999999,swap,acceptBad
33,6,1687.3199999999997,3,1012.6099999999999,2opt,acceptBad
34,6,1813.0299999999997,3,1012.6099999999999,swap,acceptBad
35,6,1800.8500000000004,3,1012.6099999999999,2opt,improve
36,6,1816.7399999999998,3,1012.6099999999999,2opt,acceptBad
37,6,1901.2999999999997,3,1012.6099999999999,swap,acceptBad
38,6,1889.4500000000003,3,1012.6099999999999,swap,improve
39,6,1929.02,3,1012.6099999999999,swap,acceptBad
40,6,1922.9299999999998,3,1012.6099999999999,move,improve
41,6,1956.5900000000001,3,1012.6099999999999,swap,acceptBad
42,6,1942.8700000000003,3,1012.6099999999999,move,improve
43,6,1946.0900000000001,3,1012.6099999999999,swap,acceptBad
44,6,1969.7699999999995,3,1012.6099999999999,2opt,acceptBad
45,7,2026.3599999999997,3,1012.6099999999999,2opt,acceptBad
46,7,2037.4899999999993,3,1012.6099999999999,2opt,acceptBad
47,8,3004.9099999999994,3,1012.6099999999999,2opt,acceptBad
48,8,2961.91,3,1012.6099999999999,move,improve
49,8,2926.7,3,1012.6099999999999,move,improve
50,8,2938.1800000000003,3,1012.6099999999999,swap,acceptBad
51,8,2939.86,3,1012.6099999999999,2opt,acceptBad
52,8,2582.79,3,1012.6099999999999,move,improve
53,8,2710.1500000000005,3,1012.6099999999999,swap,acceptBad
54,8,2361.5700000000006,3,1012.6099999999999,move,improve
55,8,2350.3700000000003,3,1012.6099999999999,move,improve
56,8,2361.5000000000005,3,1012.6099999999999,swap,acceptBad
57,8,2361.5000000000005,3,1012.6099999999999,2opt,improve
58,8,2344.4900000000007,3,1012.6099999999999,2opt,improve
59,8,2348.55,3,1012.6099999999999,2opt,acceptBad
60,8,2355.6900000000005,3,1012.6099999999999,2opt,acceptBad
61,8,2355.6900000000005,3,1012.6099999999999,move,improve
62,8,2320.76,3,1012.6099999999999,move,improve
63,8,2341.3600000000006,3,1012.6099999999999,swap,acceptBad
64,8,2193.03,3,1012.6099999999999,move,improve
65,8,2198.6300000000006,3,1012.6099999999999,swap,acceptBad
66,8,2125.2700000000004,3,1012.6099999999999,move,improve
67,8,2182.26,3,1012.6099999999999,move,acceptBad
68,8,2172.8100000000004,3,1012.6099999999999,swap,improve
69,8,2172.8100000000004,3,1012.6099999999999,move,improve
70,8,2174.3700000000003,3,1012.6099999999999,swap,acceptBad
71,8,2174.3700000000003,3,1012.6099999999999,move,improve
72,8,2082.59,3,1012.6099999999999,move,improve
73,8,2100.7200000000003,3,1012.6099999999999,swap,acceptBad
74,8,2071.49,3,1012.6099999999999,swap,improve
75,9,3701.5099999999998,3,1012.6099999999999,2opt,acceptBad
76,9,3701.5099999999998,3,1012.6099999999999,move,improve
77,9,3718.0999999999995,3,1012.6099999999999,swap,acceptBad
78,10,4351.04,3,1012.6099999999999,2opt,acceptBad
79,10,3958.86,3,1012.6099999999999,move,improve
80,10,3940.1000000000004,3,1012.6099999999999,swap,improve
81,10,3798.050000000001,3,1012.6099999999999,move,improve
82,10,3821.92,3,1012.6099999999999,2opt,acceptBad
83,10,4298.310000000001,3,1012.6099999999999,swap,acceptBad
84,10,4365.83,3,1012.6099999999999,2opt,acceptBad
85,10,4379.26,3,1012.6099999999999,swap,acceptBad
86,10,4425.32,3,1012.6099999999999,swap,acceptBad
87,10,4139.57,3,1012.6099999999999,2opt,improve
88,10,4157.41,3,1012.6099999999999,2opt,acceptBad
89,10,3192.5699999999997,3,1012.6099999999999,move,improve
90,10,2999.0299999999997,3,1012.6099999999999,move,improve
91,11,3172.7899999999995,3,1012.6099999999999,2opt,acceptBad
92,11,3201.14,3,1012.6099999999999,2opt,acceptBad
93,11,3167.05,3,1012.6099999999999,2opt,improve
94,11,3132.6099999999997,3,1012.6099999999999,move,improve
95,11,3123.79,3,1012.6099999999999,move,improve
96,11,3113.99,3,1012.6099999999999,swap,improve
97,11,3686.5199999999995,3,1012.6099999999999,2opt,acceptBad
98,11,3686.5199999999995,3,1012.6099999999999,2opt,improve
99,11,3707.24,3,1012.6099999999999,swap,acceptBad
100,11,3682.1800000000003,3,1012.6099999999999,2opt,improve
101,11,3456.8600000000006,3,1012.6099999999999,move,improve
102,10,3042.4300000000003,3,1012.6099999999999,move,improve
103,10,3039.2100000000005,3,1012.6099999999999,move,improve
104,10,3089.67,3,1012.6099999999999,swap,acceptBad
105,10,2894.3300000000004,3,1012.6099999999999,swap,improve
106,10,2894.3300000000004,3,1012.6099999999999,swap,improve
107,10,2862.9700000000003,3,1012.6099999999999,move,improve
108,10,2728.9700000000007,3,1012.6099999999999,swap,improve
109,10,2733.2400000000007,3,1012.6099999999999,swap,acceptBad
110,11,3375.620000000001,3,1012.6099999999999,2opt,acceptBad
111,11,3375.620000000001,3,1012.6099999999999,move,improve
112,11,3390.5299999999997,3,1012.6099999999999,2opt,acceptBad
113,11,3424.830000000001,3,1012.6099999999999,2opt,acceptBad
114,11,3466.0600000000013,3,1012.6099999999999,swap,acceptBad
115,12,4288.02,3,1012.6099999999999,2opt,acceptBad
116,12,4495.110000000001,3,1012.6099999999999,swap,acceptBad
117,12,4482.58,3,1012.6099999999999,2opt,improve
118,12,4570.8099999999995,3,1012.6099999999999,swap,acceptBad
119,12,4583.34,3,1012.6099999999999,2opt,acceptBad
120,12,4574.8,3,1012.6099999999999,swap,improve
121,12,4447.92,3,1012.6099999999999,move,improve
122,12,4471.09,3,1012.6099999999999,2opt,acceptBad
123,12,4495.5199999999995,3,1012.6099999999999,2opt,acceptBad
124,12,4540.879999999999,3,1012.6099999999999,2opt,acceptBad
125,12,4288.02,3,1012.6099999999999,move,improve
126,12,4288.02,3,1012.6099999999999,2opt,improve
127,12,4264.99,3,1012.6099999999999,move,improve
128,12,4259.110000000001,3,1012.6099999999999,swap,improve
129,12,4194.26,3,1012.6099999999999,move,improve
130,12,4181.030000000001,3,1012.6099999999999,2opt,improve
131,12,4161.08,3,1012.6099999999999,move,improve
132,12,4106.400000000001,3,1012.6099999999999,swap,improve
133,12,4114.7300000000005,3,1012.6099999999999,swap,acceptBad
134,12,4114.7300000000005,3,1012.6099999999999,move,improve
135,12,4114.38,3,1012.6099999999999,swap,improve
136,12,4098.63,3,1012.6099999999999,swap,improve
137,12,4098.63,3,1012.6099999999999,move,improve
138,12,4103.88,3,1012.6099999999999,swap,acceptBad
139,12,4150.18,3,1012.6099999999999,swap,acceptBad
140,12,4122.200000000001,3,1012.6099999999999,swap,improve
141,12,4039.76,3,1012.6099999999999,move,improve
142,13,5565.179999999999,3,1012.6099999999999,2opt,acceptBad
143,13,5566.509999999999,3,1012.6099999999999,swap,acceptBad
144,13,5533.259999999999,3,1012.6099999999999,2opt,improve
145,13,4473.82,3,1012.6099999999999,move,improve
146,13,4508.049999999999,3,1012.6099999999999,swap,acceptBad
147,13,4491.8099999999995,3,1012.6099999999999,2opt,improve
148,13,4496.079999999999,3,1012.6099999999999,swap,acceptBad
149,13,4294.709999999998,3,1012.6099999999999,move,improve
150,13,4281.409999999998,3,1012.6099999999999,swap,improve
151,13,4284.98,3,1012.6099999999999,2opt,acceptBad
152,13,4284.98,3,1012.6099999999999,move,improve
153,13,4260.409999999999,3,1012.6099999999999,2opt,improve
154,13,4260.409999999999,3,1012.6099999999999,2opt,improve
155,13,4275.459999999999,3,1012.6099999999999,swap,acceptBad
156,13,4274.829999999999,3,1012.6099999999999,swap,improve
157,13,4264.839999999998,3,1012.6099999999999,move,improve
158,13,4203.149999999999,3,1012.6099999999999,2opt,improve
159,13,3994.4799999999996,3,1012.6099999999999,move,improve
160,14,4366.089999999999,3,1012.6099999999999,2opt,acceptBad
161,14,4383.799999999998,3,1012.6099999999999,2opt,acceptBad
162,15,4739.4299999999985,3,1012.6099999999999,2opt,acceptBad
163,15,4772.049999999999,3,1012.6099999999999,2opt,acceptBad
164,15,4554.13,3,1012.6099999999999,move,improve
165,15,4566.17,3,1012.6099999999999,swap,acceptBad
166,16,5729.49,3,1012.6099999999999,2opt,acceptBad
167,16,5729.49,3,1012.6099999999999,move,improve
168,16,5586.32,3,1012.6099999999999,move,improve
169,16,5415.860000000001,3,1012.6099999999999,swap,improve
170,16,5417.260000000001,3,1012.6099999999999,swap,acceptBad
171,16,5381.94,3,1012.6099999999999,2opt,improve
172,16,5377.32,3,1012.6099999999999,move,improve
173,16,5371.72,3,1012.6099999999999,move,improve
174,16,5371.72,3,1012.6099999999999,2opt,improve
175,16,5371.72,3,1012.6099999999999,move,improve
176,16,4872.92,3,1012.6099999999999,move,improve
177,16,4863.1900000000005,3,1012.6099999999999,move,improve
178,17,5796.03,3,1012.6099999999999,2opt,acceptBad
179,17,5843.07,3,1012.6099999999999,swap,acceptBad
180,17,5848.46,3,1012.6099999999999,swap,acceptBad
181,17,5580.07,3,1012.6099999999999,move,improve
182,17,5575.03,3,1012.6099999999999,swap,improve
183,17,5575.03,3,1012.6099999999999,2opt,improve
184,17,5540.17,3,1012.6099999999999,swap,improve
185,17,5292.719999999999,3,1012.6099999999999,move,improve
186,17,5292.719999999999,3,1012.6099999999999,2opt,improve
187,17,5295.240000000001,3,1012.6099999999999,2opt,acceptBad
188,17,5304.41,3,1012.6099999999999,2opt,acceptBad
189,17,5303.919999999999,3,1012.6099999999999,2opt,improve
190,17,5269.199999999999,3,1012.6099999999999,swap,improve
191,17,5248.689999999999,3,1012.6099999999999,2opt,improve
192,17,5231.749999999998,3,1012.6099999999999,move,improve
193,17,5250.789999999998,3,1012.6099999999999,2opt,acceptBad
194,17,6556.299999999997,3,1012.6099999999999,swap,acceptBad
195,17,6786.369999999996,3,1012.6099999999999,2opt,acceptBad
196,17,8147.769999999993,3,1012.6099999999999,swap,acceptBad
197,17,8607.029999999995,3,1012.6099999999999,2opt,acceptBad
198,17,8300.989999999994,3,1012.6099999999999,swap,improve
199,17,8304.229999999994,3,1012.6099999999999,swap,acceptBad
200,17,6581.759999999999,3,1012.6099999999999,move,improve
201,17,6566.709999999999,3,1012.6099999999999,move,improve
202,17,6642.59,3,1012.6099999999999,swap,acceptBad
203,17,6612.419999999999,3,1012.6099999999999,move,improve
204,17,6385.91,3,1012.6099999999999,move,improve
205,17,6362.95,3,1012.6099999999999,move,improve
206,18,7981.399999999996,3,1012.6099999999999,2opt,acceptBad
207,18,7498.849999999999,3,1012.6099999999999,move,improve
208,18,7514.389999999999,3,1012.6099999999999,2opt,acceptBad
209,18,7529.09,3,1012.6099999999999,swap,acceptBad
210,18,7550.86,3,1012.6099999999999,swap,acceptBad
211,18,7550.58,3,1012.6099999999999,move,improve
212,18,7519.99,3,1012.6099999999999,swap,improve
213,18,7534.76,3,1012.6099999999999,swap,acceptBad
214,18,7534.76,3,1012.6099999999999,2opt,improve
215,18,7106.509999999999,3,1012.6099999999999,move,improve
216,18,7100.209999999999,3,1012.6099999999999,move,improve
217,18,7100.209999999999,3,1012.6099999999999,move,improve
218,18,9243.119999999997,3,1012.6099999999999,2opt,acceptBad
219,18,9218.479999999998,3,1012.6099999999999,2opt,improve
220,18,7733.7599999999975,3,1012.6099999999999,move,improve
221,18,7426.209999999999,3,1012.6099999999999,move,improve
222,18,7408.009999999999,3,1012.6099999999999,swap,improve
223,18,7734.249999999998,3,1012.6099999999999,swap,acceptBad
224,18,7703.799999999998,3,1012.6099999999999,move,improve
225,18,7719.620000000001,3,1012.6099999999999,2opt,acceptBad
226,18,7709.750000000001,3,1012.6099999999999,2opt,improve
227,18,7624.870000000001,3,1012.6099999999999,move,improve
228,18,7603.990000000001,3,1012.6099999999999,move,improve
229,18,7667.1,3,1012.6099999999999,swap,acceptBad
230,18,7646.310000000001,3,1012.6099999999999,move,improve
231,18,7682.380000000002,3,1012.6099999999999,swap,acceptBad
232,18,7640.660000000002,3,1012.6099999999999,move,improve
233,18,8156.1,3,1012.6099999999999,swap,acceptBad
234,18,8146.790000000001,3,1012.6099999999999,move,improve
235,18,7643.800000000001,3,1012.6099999999999,move,improve
236,18,7643.800000000001,3,1012.6099999999999,move,improve
237,18,7404.340000000002,3,1012.6099999999999,swap,improve
238,18,7397.9000000000015,3,1012.6099999999999,move,improve
239,18,7274.99,3,1012.6099999999999,swap,improve
240,18,7296.34,3,1012.6099999999999,swap,acceptBad
241,18,7314.47,3,1012.6099999999999,swap,acceptBad
242,18,7299.49,3,1012.6099999999999,swap,improve
243,18,7323.360000000001,3,1012.6099999999999,swap,acceptBad
244,18,7254.89,3,1012.6099999999999,move,improve
245,18,7242.71,3,1012.6099999999999,swap,improve
246,18,7255.310000000001,3,1012.6099999999999,2opt,acceptBad
247,18,7243.270000000001,3,1012.6099999999999,2opt,improve
248,18,7255.100000000003,3,1012.6099999999999,swap,acceptBad
249,17,6094.35,3,1012.6099999999999,2opt,improve
250,17,7508.060000000001,3,1012.6099999999999,swap,acceptBad
251,16,5511.0199999999995,3,1012.6099999999999,move,improve
252,16,5501.639999999999,3,1012.6099999999999,move,improve
253,16,5533.49,3,1012.6099999999999,swap,acceptBad
254,16,6591.59,3,1012.6099999999999,2opt,acceptBad
255,16,6599.85,3,1012.6099999999999,swap,acceptBad
256,15,4810.079999999998,3,1012.6099999999999,move,improve
257,15,4840.109999999999,3,1012.6099999999999,swap,acceptBad
258,15,4835.909999999998,3,1012.6099999999999,move,improve
259,14,4379.62,3,1012.6099999999999,2opt,improve
260,14,4421.76,3,1012.6099999999999,swap,acceptBad
261,14,4424.139999999999,3,1012.6099999999999,2opt,acceptBad
262,14,4420.709999999998,3,1012.6099999999999,swap,improve
263,14,4420.709999999998,3,1012.6099999999999,move,improve
264,14,4420.709999999998,3,1012.6099999999999,move,improve
265,14,4392.079999999998,3,1012.6099999999999,move,improve
266,14,4499.529999999999,3,1012.6099999999999,swap,acceptBad
267,14,4545.0999999999985,3,1012.6099999999999,swap,acceptBad
268,14,4545.0999999999985,3,1012.6099999999999,2opt,improve
269,14,4550.489999999998,3,1012.6099999999999,swap,acceptBad
270,14,4635.4299999999985,3,1012.6099999999999,swap,acceptBad
271,14,4626.049999999999,3,1012.6099999999999,move,improve
272,14,4625.349999999999,3,1012.6099999999999,2opt,improve
273,14,4613.799999999999,3,1012.6099999999999,2opt,improve
274,14,4613.799999999999,3,1012.6099999999999,move,improve
275,14,4618.0,3,1012.6099999999999,swap,acceptBad
276,14,4651.599999999999,3,1012.6099999999999,2opt,acceptBad
277,14,4634.099999999999,3,1012.6099999999999,swap,improve
278,14,4627.589999999999,3,1012.6099999999999,swap,improve
279,14,4625.7699999999995,3,1012.6099999999999,2opt,improve
280,14,4411.34,3,1012.6099999999999,move,improve
281,14,4372.84,3,1012.6099999999999,move,improve
282,14,4372.84,3,1012.6099999999999,2opt,improve
283,14,4370.53,3,1012.6099999999999,move,improve
284,14,4400.77,3,1012.6099999999999,2opt,acceptBad
285,14,4395.73,3,1012.6099999999999,move,improve
286,14,4268.529999999999,3,1012.6099999999999,swap,improve
287,14,4278.189999999999,3,1012.6099999999999,2opt,acceptBad
288,14,4274.549999999998,3,1012.6099999999999,move,improve
289,14,4269.439999999999,3,1012.6099999999999,move,improve
290,14,4267.129999999999,3,1012.6099999999999,2opt,improve
291,14,4895.56,3,1012.6099999999999,swap,acceptBad
292,14,4979.41,3,1012.6099999999999,swap,acceptBad
293,14,4218.129999999998,3,1012.6099999999999,move,improve
294,14,4226.809999999999,3,1012.6099999999999,swap,acceptBad
295,14,4226.809999999999,3,1012.6099999999999,move,improve
296,14,4192.999999999998,3,1012.6099999999999,move,improve
297,14,4191.039999999999,3,1012.6099999999999,2opt,improve
298,14,4233.529999999999,3,1012.6099999999999,2opt,acceptBad
299,14,4244.589999999999,3,1012.6099999999999,2opt,acceptBad
300,14,4243.609999999999,3,1012.6099999999999,move,improve
301,14,4244.659999999999,3,1012.6099999999999,swap,acceptBad
302,14,4245.149999999999,3,1012.6099999999999,2opt,acceptBad
303,14,4404.34,3,1012.6099999999999,2opt,acceptBad
304,14,4404.199999999999,3,1012.6099999999999,2opt,improve
305,14,4376.519999999999,3,1012.6099999999999,move,improve
306,14,5525.990000000002,3,1012.6099999999999,swap,acceptBad
307,14,4354.0999999999985,3,1012.6099999999999,move,improve
308,14,4088.1699999999983,3,1012.6099999999999,move,improve
309,14,4118.269999999999,3,1012.6099999999999,swap,acceptBad
310,14,4112.249999999998,3,1012.6099999999999,move,improve
311,14,4113.370000000001,3,1012.6099999999999,2opt,acceptBad
312,14,4105.67,3,1012.6099999999999,move,improve
313,14,4101.33,3,1012.6099999999999,swap,improve
314,14,4107.0,3,1012.6099999999999,swap,acceptBad
315,14,4066.6099999999997,3,1012.6099999999999,move,improve
316,14,4019.1099999999997,3,1012.6099999999999,swap,improve
317,14,4019.1099999999997,3,1012.6099999999999,move,improve
318,14,4019.1099999999997,3,1012.6099999999999,move,improve
319,14,5435.280000000001,3,1012.6099999999999,2opt,acceptBad
320,14,5437.450000000001,3,1012.6099999999999,2opt,acceptBad
321,14,4824.950000000001,3,1012.6099999999999,move,improve
322,14,5209.120000000001,3,1012.6099999999999,swap,acceptBad
323,14,5321.200000000002,3,1012.6099999999999,swap,acceptBad
324,14,4843.810000000002,3,1012.6099999999999,move,improve
325,14,4917.800000000002,3,1012.6099999999999,swap,acceptBad
326,14,4890.430000000002,3,1012.6099999999999,move,improve
327,14,4856.410000000002,3,1012.6099999999999,move,improve
328,14,4826.099999999999,3,1012.6099999999999,2opt,improve
329,14,4871.459999999999,3,1012.6099999999999,swap,acceptBad
330,14,4886.0199999999995,3,1012.6099999999999,swap,acceptBad
331,14,4857.469999999999,3,1012.6099999999999,swap,improve
332,14,4855.44,3,1012.6099999999999,swap,improve
333,13,4390.4,3,1012.6099999999999,2opt,improve
334,13,3972.2700000000004,3,1012.6099999999999,move,improve
335,13,3958.48,3,1012.6099999999999,2opt,improve
336,13,4271.17,3,1012.6099999999999,swap,acceptBad
337,13,4237.78,3,1012.6099999999999,move,improve
338,13,4024.8700000000003,3,1012.6099999999999,move,improve
339,13,4049.5099999999993,3,1012.6099999999999,2opt,acceptBad
340,13,4049.5099999999993,3,1012.6099999999999,move,improve
341,13,4046.6399999999994,3,1012.6099999999999,swap,improve
342,13,4021.0899999999997,3,1012.6099999999999,swap,improve
343,13,4001.7,3,1012.6099999999999,move,improve
344,13,3910.98,3,1012.6099999999999,swap,improve
345,12,3274.2799999999997,3,1012.6099999999999,move,improve
346,12,3299.83,3,1012.6099999999999,swap,acceptBad
347,12,3316.07,3,1012.6099999999999,2opt,acceptBad
348,12,3349.32,3,1012.6099999999999,2opt,acceptBad
349,12,3349.67,3,1012.6099999999999,2opt,acceptBad
350,12,3360.55,3,1012.6099999999999,swap,acceptBad
351,12,3392.05,3,1012.6099999999999,swap,acceptBad
352,12,3393.7300000000005,3,1012.6099999999999,swap,acceptBad
353,12,3149.1800000000003,3,1012.6099999999999,swap,improve
354,12,3149.1800000000003,3,1012.6099999999999,move,improve
355,12,3145.6099999999997,3,1012.6099999999999,2opt,improve
356,12,3231.379999999999,3,1012.6099999999999,2opt,acceptBad
357,12,3238.4499999999994,3,1012.6099999999999,swap,acceptBad
358,12,3212.5499999999993,3,1012.6099999999999,move,improve
359,12,3242.6499999999996,3,1012.6099999999999,2opt,acceptBad
360,12,3873.35,3,1012.6099999999999,2opt,acceptBad
361,12,3894.42,3,1012.6099999999999,swap,acceptBad
362,12,3904.4999999999995,3,1012.6099999999999,swap,acceptBad
363,12,4407.639999999999,3,1012.6099999999999,swap,acceptBad
364,12,4344.92,3,1012.6099999999999,move,improve
365,12,4481.15,3,1012.6099999999999,swap,acceptBad
366,12,4481.15,3,1012.6099999999999,2opt,improve
367,12,4015.749999999999,3,1012.6099999999999,move,improve
368,12,3981.7299999999996,3,1012.6099999999999,swap,improve
369,12,3967.7299999999996,3,1012.6099999999999,swap,improve
370,12,3969.83,3,1012.6099999999999,swap,acceptBad
371,12,3990.5499999999993,3,1012.6099999999999,2opt,acceptBad
372,12,3990.5499999999993,3,1012.6099999999999,move,improve
373,12,3975.1499999999996,3,1012.6099999999999,move,improve
374,12,3793.8499999999995,3,1012.6099999999999,move,improve
375,12,3765.359999999999,3,1012.6099999999999,move,improve
376,12,3763.1899999999996,3,1012.6099999999999,2opt,improve
377,12,3752.8299999999995,3,1012.6099999999999,swap,improve
378,13,3960.7099999999996,3,1012.6099999999999,2opt,acceptBad
379,13,3953.7099999999996,3,1012.6099999999999,2opt,improve
380,13,3972.3999999999996,3,1012.6099999999999,swap,acceptBad
381,13,3955.74,3,1012.6099999999999,2opt,improve
382,14,4557.739999999999,3,1012.6099999999999,2opt,acceptBad
383,14,4077.2299999999996,3,1012.6099999999999,move,improve
384,14,4069.74,3,1012.6099999999999,2opt,improve
385,14,4069.879999999999,3,1012.6099999999999,2opt,acceptBad
386,14,4065.539999999999,3,1012.6099999999999,move,improve
387,14,4063.4399999999996,3,1012.6099999999999,2opt,improve
388,14,3875.4799999999996,3,1012.6099999999999,move,improve
389,14,3880.24,3,1012.6099999999999,swap,acceptBad
390,14,3878.9799999999996,3,1012.6099999999999,swap,improve
391,14,3880.0299999999997,3,1012.6099999999999,swap,acceptBad
392,14,3964.4699999999993,3,1012.6099999999999,swap,acceptBad
393,14,3960.8999999999996,3,1012.6099999999999,move,improve
394,14,5618.529999999999,3,1012.6099999999999,move,acceptBad
395,14,5615.73,3,1012.6099999999999,swap,improve
396,14,5601.73,3,1012.6099999999999,move,improve
397,14,5579.539999999999,3,1012.6099999999999,2opt,improve
398,14,3752.12,3,1012.6099999999999,move,improve
399,14,3721.04,3,1012.6099999999999,move,improve
400,14,3709.0,3,1012.6099999999999,swap,improve
401,15,5379.4,3,1012.6099999999999,2opt,acceptBad
402,15,5376.669999999999,3,1012.6099999999999,2opt,improve
403,15,5380.099999999999,3,1012.6099999999999,2opt,acceptBad
404,15,5394.589999999999,3,1012.6099999999999,2opt,acceptBad
405,15,7076.4,3,1012.6099999999999,swap,acceptBad
406,15,5203.859999999999,3,1012.6099999999999,move,improve
407,15,5191.119999999999,3,1012.6099999999999,move,improve
408,15,4691.32,3,1012.6099999999999,move,improve
409,15,4966.509999999999,3,1012.6099999999999,2opt,acceptBad
410,15,4966.509999999999,3,1012.6099999999999,2opt,improve
411,15,4979.67,3,1012.6099999999999,2opt,acceptBad
412,15,4979.67,3,1012.6099999999999,move,improve
413,15,4979.67,3,1012.6099999999999,2opt,improve
414,15,5098.200000000001,3,1012.6099999999999,swap,acceptBad
415,15,5093.4400000000005,3,1012.6099999999999,move,improve
416,15,5078.250000000001,3,1012.6099999999999,move,improve
417,15,5113.250000000002,3,1012.6099999999999,2opt,acceptBad
418,15,5151.470000000001,3,1012.6099999999999,2opt,acceptBad
419,16,5493.639999999999,3,1012.6099999999999,2opt,acceptBad
420,16,5482.089999999999,3,1012.6099999999999,move,improve
421,15,5068.98,3,1012.6099999999999,2opt,improve
422,15,4816.979999999999,3,1012.6099999999999,move,improve
423,15,4819.149999999999,3,1012.6099999999999,2opt,acceptBad
424,15,4812.499999999999,3,1012.6099999999999,move,improve
425,15,4844.489999999999,3,1012.6099999999999,swap,acceptBad
426,15,4844.489999999999,3,1012.6099999999999,2opt,improve
427,15,4554.9,3,1012.6099999999999,move,improve
428,15,4554.9,3,1012.6099999999999,move,improve
429,15,4631.54,3,1012.6099999999999,swap,acceptBad
430,15,4631.54,3,1012.6099999999999,move,improve
431,15,4610.68,3,1012.6099999999999,move,improve
432,15,4610.68,3,1012.6099999999999,move,improve
433,15,4604.3099999999995,3,1012.6099999999999,move,improve
434,15,4555.87,3,1012.6099999999999,move,improve
435,15,4555.87,3,1012.6099999999999,move,improve
436,15,4555.87,3,1012.6099999999999,move,improve
437,15,4583.87,3,1012.6099999999999,swap,acceptBad
438,15,4583.87,3,1012.6099999999999,move,improve
439,15,4572.32,3,1012.6099999999999,2opt,improve
440,15,4544.25,3,1012.6099999999999,move,improve
441,15,4646.51,3,1012.6099999999999,swap,acceptBad
442,15,4727.01,3,1012.6099999999999,swap,acceptBad
443,15,4727.01,3,1012.6099999999999,2opt,improve
444,15,4726.38,3,1012.6099999999999,swap,improve
445,15,4492.27,3,1012.6099999999999,move,improve
446,15,4492.27,3,1012.6099999999999,move,improve
447,15,4706.83,3,1012.6099999999999,swap,acceptBad
448,15,4698.43,3,1012.6099999999999,swap,improve
449,15,4677.849999999999,3,1012.6099999999999,swap,improve
450,15,4598.38,3,1012.6099999999999,swap,improve
451,15,4598.38,3,1012.6099999999999,move,improve
452,15,4580.25,3,1012.6099999999999,2opt,improve
453,15,4554.5599999999995,3,1012.6099999999999,move,improve
454,16,4939.99,3,1012.6099999999999,2opt,acceptBad
455,16,4949.44,3,1012.6099999999999,2opt,acceptBad
456,16,4952.03,3,1012.6099999999999,2opt,acceptBad
457,16,4707.039999999999,3,1012.6099999999999,swap,improve
458,16,4705.57,3,1012.6099999999999,swap,improve
459,16,4736.65,3,1012.6099999999999,2opt,acceptBad
460,16,4707.88,3,1012.6099999999999,move,improve
461,16,4792.23,3,1012.6099999999999,2opt,acceptBad
462,16,4825.199999999999,3,1012.6099999999999,swap,acceptBad
463,16,4825.199999999999,3,1012.6099999999999,move,improve
464,16,4841.089999999999,3,1012.6099999999999,2opt,acceptBad
465,16,4853.9,3,1012.6099999999999,swap,acceptBad
466,16,4844.799999999999,3,1012.6099999999999,move,improve
467,16,4897.37,3,1012.6099999999999,swap,acceptBad
468,16,5120.67,3,1012.6099999999999,swap,acceptBad
469,16,5090.29,3,1012.6099999999999,move,improve
470,16,5090.29,3,1012.6099999999999,move,improve
471,16,5090.29,3,1012.6099999999999,move,improve
472,16,5084.2699999999995,3,1012.6099999999999,move,improve
473,16,5089.3099999999995,3,1012.6099999999999,2opt,acceptBad
474,16,5079.86,3,1012.6099999999999,2opt,improve
475,16,5079.86,3,1012.6099999999999,move,improve
476,16,4974.250000000001,3,1012.6099999999999,move,improve
477,16,4962.9800000000005,3,1012.6099999999999,move,improve
478,16,4962.140000000001,3,1012.6099999999999,move,improve
479,16,4956.1900000000005,3,1012.6099999999999,move,improve
480,16,4972.360000000001,3,1012.6099999999999,2opt,acceptBad
481,16,4947.4400000000005,3,1012.6099999999999,move,improve
482,16,5801.570000000002,3,1012.6099999999999,swap,acceptBad
483,16,5800.170000000003,3,1012.6099999999999,2opt,improve
484,16,5775.460000000003,3,1012.6099999999999,move,improve
485,16,5775.460000000003,3,1012.6099999999999,move,improve
486,16,5512.860000000002,3,1012.6099999999999,move,improve
487,16,5509.7800000000025,3,1012.6099999999999,swap,improve
488,17,7507.85,3,1012.6099999999999,2opt,acceptBad
489,17,7506.380000000003,3,1012.6099999999999,2opt,improve
490,17,7506.380000000003,3,1012.6099999999999,2opt,improve
491,17,7511.630000000003,3,1012.6099999999999,2opt,acceptBad
492,17,7775.040000000001,3,1012.6099999999999,swap,acceptBad
493,17,7739.900000000003,3,1012.6099999999999,2opt,improve
494,17,7736.19,3,1012.6099999999999,2opt,improve
495,17,8293.559999999998,3,1012.6099999999999,swap,acceptBad
496,17,8293.559999999998,3,1012.6099999999999,move,improve
497,17,8295.310000000001,3,1012.6099999999999,2opt,acceptBad
498,17,8558.95,3,1012.6099999999999,move,acceptBad
499,17,8225.009999999997,3,1012.6099999999999,move,improve
500,17,8104.139999999998,3,1012.6099999999999,2opt,improve
501,17,6915.1900000000005,3,1012.6099999999999,swap,improve
502,17,7025.610000000001,3,1012.6099999999999,swap,acceptBad
503,17,7052.000000000001,3,1012.6099999999999,2opt,acceptBad
504,17,7079.230000000001,3,1012.6099999999999,2opt,acceptBad
505,17,7045.770000000001,3,1012.6099999999999,move,improve
506,17,6922.350000000001,3,1012.6099999999999,swap,improve
507,17,7016.639999999999,3,1012.6099999999999,2opt,acceptBad
508,17,7023.36,3,1012.6099999999999,2opt,acceptBad
509,17,8448.31,3,1012.6099999999999,2opt,acceptBad
510,17,8446.769999999999,3,1012.6099999999999,2opt,improve
511,17,8415.619999999999,3,1012.6099999999999,swap,improve
512,17,8437.949999999999,3,1012.6099999999999,swap,acceptBad
513,17,8433.539999999999,3,1012.6099999999999,swap,improve
514,17,8054.519999999997,3,1012.6099999999999,move,improve
515,17,8053.8200000000015,3,1012.6099999999999,2opt,improve
516,17,7798.380000000002,3,1012.6099999999999,move,improve
517,17,7043.929999999999,3,1012.6099999999999,move,improve
518,17,7068.57,3,1012.6099999999999,swap,acceptBad
519,17,7074.379999999999,3,1012.6099999999999,2opt,acceptBad
520,17,7067.869999999999,3,1012.6099999999999,move,improve
521,17,7067.869999999999,3,1012.6099999999999,move,improve
522,17,7038.189999999999,3,1012.6099999999999,move,improve
523,17,7076.0599999999995,3,1012.6099999999999,2opt,acceptBad
524,17,7076.0599999999995,3,1012.6099999999999,move,improve
525,17,7063.67,3,1012.6099999999999,move,improve
526,17,6891.299999999999,3,1012.6099999999999,move,improve
527,17,6893.19,3,1012.6099999999999,2opt,acceptBad
528,17,6867.650000000001,3,1012.6099999999999,swap,improve
529,17,6851.4800000000005,3,1012.6099999999999,swap,improve
530,17,6853.4400000000005,3,1012.6099999999999,2opt,acceptBad
531,17,6886.06,3,1012.6099999999999,swap,acceptBad
532,17,6884.799999999997,3,1012.6099999999999,2opt,improve
533,16,5729.109999999999,3,1012.6099999999999,move,improve
534,16,5728.619999999998,3,1012.6099999999999,2opt,improve
535,16,5749.689999999999,3,1012.6099999999999,2opt,acceptBad
536,16,5747.3099999999995,3,1012.6099999999999,swap,improve
537,16,5570.809999999998,3,1012.6099999999999,move,improve
538,16,5759.799999999998,3,1012.6099999999999,swap,acceptBad
539,16,6143.029999999998,3,1012.6099999999999,swap,acceptBad
540,16,6161.999999999998,3,1012.6099999999999,swap,acceptBad
541,16,6145.059999999998,3,1012.6099999999999,swap,improve
542,16,6145.059999999998,3,1012.6099999999999,2opt,notBad
543,16,6145.059999999998,3,1012.6099999999999,2opt,improve
544,16,6144.009999999998,3,1012.6099999999999,move,improve
545,16,6106.069999999998,3,1012.6099999999999,move,improve
546,16,6108.939999999999,3,1012.6099999999999,2opt,acceptBad
547,16,6063.179999999998,3,1012.6099999999999,2opt,improve
548,16,6063.179999999998,3,1012.6099999999999,move,improve
549,16,6042.459999999998,3,1012.6099999999999,2opt,improve
550,16,6030.699999999998,3,1012.6099999999999,swap,improve
551,16,6009.489999999998,3,1012.6099999999999,swap,improve
552,16,6010.4699999999975,3,1012.6099999999999,2opt,acceptBad
553,16,6011.799999999997,3,1012.6099999999999,2opt,acceptBad
554,16,6226.48,3,1012.6099999999999,2opt,acceptBad
555,17,8152.540000000003,3,1012.6099999999999,2opt,acceptBad
556,17,8144.2800000000025,3,1012.6099999999999,swap,improve
557,17,8167.100000000002,3,1012.6099999999999,swap,acceptBad
558,17,7591.879999999999,3,1012.6099999999999,move,improve
559,17,7261.269999999998,3,1012.6099999999999,move,improve
560,17,7168.67,3,1012.6099999999999,swap,improve
561,17,7168.67,3,1012.6099999999999,move,improve
562,17,7146.900000000001,3,1012.6099999999999,2opt,improve
563,17,7214.700000000001,3,1012.6099999999999,2opt,acceptBad
564,17,7206.930000000002,3,1012.6099999999999,2opt,improve
565,17,7209.030000000001,3,1012.6099999999999,2opt,acceptBad
566,17,7247.8099999999995,3,1012.6099999999999,swap,acceptBad
567,17,7213.720000000003,3,1012.6099999999999,2opt,improve
568,17,7217.220000000003,3,1012.6099999999999,2opt,acceptBad
569,17,7208.260000000004,3,1012.6099999999999,swap,improve
570,17,7225.900000000003,3,1012.6099999999999,2opt,acceptBad
571,17,7133.950000000003,3,1012.6099999999999,swap,improve
572,17,7133.950000000003,3,1012.6099999999999,move,improve
573,17,7019.350000000002,3,1012.6099999999999,move,improve
574,17,7002.120000000002,3,1012.6099999999999,swap,improve
575,17,7797.770000000001,3,1012.6099999999999,swap,acceptBad
576,17,7798.050000000001,3,1012.6099999999999,2opt,acceptBad
577,17,7837.670000000002,3,1012.6099999999999,2opt,acceptBad
578,17,7796.020000000001,3,1012.6099999999999,2opt,improve
579,17,7755.700000000001,3,1012.6099999999999,swap,improve
580,17,7743.100000000002,3,1012.6099999999999,2opt,improve
581,17,7777.820000000002,3,1012.6099999999999,2opt,acceptBad
582,17,7790.980000000003,3,1012.6099999999999,swap,acceptBad
583,17,7808.340000000002,3,1012.6099999999999,2opt,acceptBad
584,17,7808.340000000002,3,1012.6099999999999,move,improve
585,17,7782.02,3,1012.6099999999999,move,improve
586,17,7921.99,3,1012.6099999999999,swap,acceptBad
587,17,7909.47,3,1012.6099999999999,2opt,improve
588,17,7911.150000000001,3,1012.6099999999999,2opt,acceptBad
589,17,7911.08,3,1012.6099999999999,move,improve
590,17,7884.6900000000005,3,1012.6099999999999,move,improve
591,17,7878.39,3,1012.6099999999999,move,improve
592,17,7886.72,3,1012.6099999999999,swap,acceptBad
593,17,7738.720000000001,3,1012.6099999999999,swap,improve
594,17,7783.590000000001,3,1012.6099999999999,swap,acceptBad
595,17,7791.360000000001,3,1012.6099999999999,swap,acceptBad
596,17,7791.1500000000015,3,1012.6099999999999,move,improve
597,17,7777.500000000001,3,1012.6099999999999,swap,improve
598,17,6795.1500000000015,3,1012.6099999999999,move,improve
599,18,9258.54,3,1012.6099999999999,2opt,acceptBad
600,18,9327.420000000004,3,1012.6099999999999,2opt,acceptBad
601,18,7643.340000000001,3,1012.6099999999999,move,improve
602,17,6258.259999999998,3,1012.6099999999999,move,improve
603,17,6986.73,3,1012.6099999999999,swap,acceptBad
604,17,6984.21,3,1012.6099999999999,swap,improve
605,17,6949.279999999997,3,1012.6099999999999,move,improve
606,17,6941.369999999997,3,1012.6099999999999,2opt,improve
607,17,6712.559999999999,3,1012.6099999999999,move,improve
608,17,6643.749999999999,3,1012.6099999999999,move,improve
609,17,6643.749999999999,3,1012.6099999999999,move,improve
610,17,6642.979999999999,3,1012.6099999999999,2opt,improve
611,17,6642.979999999999,3,1012.6099999999999,move,improve
612,17,6667.689999999999,3,1012.6099999999999,2opt,acceptBad
613,17,7475.479999999999,3,1012.6099999999999,swap,acceptBad
614,17,7475.479999999999,3,1012.6099999999999,move,improve
615,17,7435.369999999999,3,1012.6099999999999,move,improve
616,17,7902.1900000000005,3,1012.6099999999999,2opt,acceptBad
617,17,7092.210000000001,3,1012.6099999999999,move,improve
618,17,7067.500000000001,3,1012.6099999999999,swap,improve
619,17,7073.9400000000005,3,1012.6099999999999,swap,acceptBad
620,17,7089.41,3,1012.6099999999999,swap,acceptBad
621,17,7073.5199999999995,3,1012.6099999999999,move,improve
622,17,7057.0,3,1012.6099999999999,move,improve
623,17,7070.3,3,1012.6099999999999,2opt,acceptBad
624,16,5952.3600000000015,3,1012.6099999999999,move,improve
625,16,5947.950000000002,3,1012.6099999999999,2opt,improve
626,16,5417.59,3,1012.6099999999999,move,improve
627,16,5417.59,3,1012.6099999999999,move,improve
628,16,5200.9,3,1012.6099999999999,swap,improve
629,16,5226.03,3,1012.6099999999999,swap,acceptBad
630,16,5226.03,3,1012.6099999999999,move,improve
631,16,5238.9800000000005,3,1012.6099999999999,2opt,acceptBad
632,16,5237.09,3,1012.6099999999999,2opt,improve
633,16,5241.429999999999,3,1012.6099999999999,2opt,acceptBad
634,16,5211.96,3,1012.6099999999999,move,improve
635,16,5575.16,3,1012.6099999999999,swap,acceptBad
636,16,5585.099999999999,3,1012.6099999999999,2opt,acceptBad
637,16,5552.829999999999,3,1012.6099999999999,swap,improve
638,16,5585.66,3,1012.6099999999999,swap,acceptBad
639,16,5568.509999999999,3,1012.6099999999999,move,improve
640,16,5565.5,3,1012.6099999999999,2opt,improve
641,16,5548.839999999999,3,1012.6099999999999,move,improve
642,16,5404.609999999999,3,1012.6099999999999,move,improve
643,16,5407.409999999999,3,1012.6099999999999,2opt,acceptBad
644,16,5389.3499999999985,3,1012.6099999999999,2opt,improve
645,16,5373.249999999998,3,1012.6099999999999,2opt,improve
646,16,5364.079999999998,3,1012.6099999999999,swap,improve
647,16,5343.989999999999,3,1012.6099999999999,swap,improve
648,16,5337.829999999998,3,1012.6099999999999,swap,improve
649,16,5155.469999999999,3,1012.6099999999999,move,improve
650,16,5150.43,3,1012.6099999999999,move,improve
651,16,5150.43,3,1012.6099999999999,move,improve
652,16,5176.539999999999,3,1012.6099999999999,swap,acceptBad
653,16,5176.469999999999,3,1012.6099999999999,move,improve
654,16,5168.139999999999,3,1012.6099999999999,swap,improve
655,16,5170.24,3,1012.6099999999999,swap,acceptBad
656,16,5242.48,3,1012.6099999999999,swap,acceptBad
657,16,5240.17,3,1012.6099999999999,swap,improve
658,16,5251.23,3,1012.6099999999999,2opt,acceptBad
659,16,5156.529999999999,3,1012.6099999999999,swap,improve
660,16,5152.119999999999,3,1012.6099999999999,2opt,improve
661,16,5145.609999999999,3,1012.6099999999999,2opt,improve
662,16,5080.44,3,1012.6099999999999,move,improve
663,16,5083.66,3,1012.6099999999999,swap,acceptBad
664,16,5071.2699999999995,3,1012.6099999999999,move,improve
665,16,5124.4,3,1012.6099999999999,2opt,acceptBad
666,16,5124.889999999999,3,1012.6099999999999,swap,acceptBad
667,16,5232.47,3,1012.6099999999999,swap,acceptBad
668,16,5248.709999999999,3,1012.6099999999999,2opt,acceptBad
669,16,5438.0199999999995,3,1012.6099999999999,swap,acceptBad
670,16,5063.57,3,1012.6099999999999,swap,improve
671,16,5045.44,3,1012.6099999999999,swap,improve
672,16,5045.86,3,1012.6099999999999,swap,acceptBad
673,16,5046.5599999999995,3,1012.6099999999999,swap,acceptBad
674,17,7164.8600000000015,3,1012.6099999999999,2opt,acceptBad
675,17,7183.060000000002,3,1012.6099999999999,swap,acceptBad
676,17,7179.560000000002,3,1012.6099999999999,move,improve
677,17,7236.680000000002,3,1012.6099999999999,swap,acceptBad
678,17,7223.170000000002,3,1012.6099999999999,swap,improve
679,17,7178.440000000002,3,1012.6099999999999,move,improve
680,17,7187.750000000002,3,1012.6099999999999,swap,acceptBad
681,17,7187.750000000002,3,1012.6099999999999,move,improve
682,17,7187.750000000002,3,1012.6099999999999,2opt,improve
683,17,7391.2,3,1012.6099999999999,move,acceptBad
684,17,7391.2,3,1012.6099999999999,move,improve
685,17,7391.2,3,1012.6099999999999,2opt,improve
686,17,7218.14,3,1012.6099999999999,swap,improve
687,17,7707.42,3,1012.6099999999999,swap,acceptBad
688,16,7181.74,3,1012.6099999999999,2opt,improve
689,16,7178.1,3,1012.6099999999999,2opt,improve
690,16,7884.1900000000005,3,1012.6099999999999,swap,acceptBad
691,16,7854.58,3,1012.6099999999999,swap,improve
692,16,7874.46,3,1012.6099999999999,swap,acceptBad
693,16,7904.51,3,1012.6099999999999,swap,acceptBad
694,16,7539.32,3,1012.6099999999999,move,improve
695,16,6853.0,3,1012.6099999999999,move,improve
696,17,7462.92,3,1012.6099999999999,2opt,acceptBad
697,17,7414.27,3,1012.6099999999999,swap,improve
698,17,7416.51,3,1012.6099999999999,swap,acceptBad
699,17,7399.43,3,1012.6099999999999,move,improve
700,17,7399.43,3,1012.6099999999999,move,improve
701,17,8354.610000000002,3,1012.6099999999999,swap,acceptBad
702,17,8354.610000000002,3,1012.6099999999999,move,improve
703,17,8334.240000000002,3,1012.6099999999999,2opt,improve
704,17,8329.900000000001,3,1012.6099999999999,swap,improve
705,17,7393.38,3,1012.6099999999999,move,improve
706,17,7278.979999999999,3,1012.6099999999999,move,improve
707,17,7278.979999999999,3,1012.6099999999999,move,improve
708,17,7290.039999999999,3,1012.6099999999999,swap,acceptBad
709,17,7307.119999999999,3,1012.6099999999999,2opt,acceptBad
710,17,6977.6,3,1012.6099999999999,move,improve
711,17,7161.089999999998,3,1012.6099999999999,swap,acceptBad
712,17,7149.329999999998,3,1012.6099999999999,2opt,improve
713,17,7154.789999999999,3,1012.6099999999999,2opt,acceptBad
714,17,7166.899999999999,3,1012.6099999999999,2opt,acceptBad
715,17,7166.899999999999,3,1012.6099999999999,2opt,improve
716,17,6665.939999999999,3,1012.6099999999999,swap,improve
717,17,6406.239999999998,3,1012.6099999999999,move,improve
718,17,6423.109999999997,3,1012.6099999999999,2opt,acceptBad
719,17,6416.319999999997,3,1012.6099999999999,2opt,improve
720,17,6416.319999999997,3,1012.6099999999999,move,improve
721,17,6426.889999999998,3,1012.6099999999999,2opt,acceptBad
722,17,6385.939999999998,3,1012.6099999999999,move,improve
723,17,6385.939999999998,3,1012.6099999999999,move,improve
724,17,6389.369999999997,3,1012.6099999999999,2opt,acceptBad
725,17,6393.709999999997,3,1012.6099999999999,swap,acceptBad
726,17,6443.619999999997,3,1012.6099999999999,2opt,acceptBad
727,17,6443.619999999997,3,1012.6099999999999,2opt,improve
728,17,6442.639999999998,3,1012.6099999999999,swap,improve
729,17,6451.459999999997,3,1012.6099999999999,swap,acceptBad
730,17,6451.599999999998,3,1012.6099999999999,2opt,acceptBad
731,17,6409.599999999998,3,1012.6099999999999,swap,improve
732,17,6288.389999999998,3,1012.6099999999999,move,improve
733,17,6318.699999999997,3,1012.6099999999999,2opt,acceptBad
734,17,6290.559999999998,3,1012.6099999999999,move,improve
735,17,6198.339999999998,3,1012.6099999999999,move,improve
736,17,5968.299999999999,3,1012.6099999999999,2opt,improve
737,17,5921.33,3,1012.6099999999999,move,improve
738,17,5921.33,3,1012.6099999999999,move,improve
739,17,5898.0199999999995,3,1012.6099999999999,swap,improve
740,17,5908.169999999999,3,1012.6099999999999,swap,acceptBad
741,17,6081.909999999998,3,1012.6099999999999,swap,acceptBad
742,17,6081.909999999998,3,1012.6099999999999,2opt,improve
743,17,6116.419999999998,3,1012.6099999999999,swap,acceptBad
744,17,6075.049999999998,3,1012.6099999999999,move,improve
745,17,6102.069999999998,3,1012.6099999999999,swap,acceptBad
746,17,6224.659999999996,3,1012.6099999999999,swap,acceptBad
747,17,6170.479999999996,3,1012.6099999999999,2opt,improve
748,17,6154.659999999996,3,1012.6099999999999,move,improve
749,17,6061.819999999996,3,1012.6099999999999,move,improve
750,17,6103.069999999997,3,1012.6099999999999,swap,acceptBad
751,17,6214.089999999997,3,1012.6099999999999,2opt,acceptBad
752,17,6143.53,3,1012.6099999999999,move,improve
753,17,6143.94,3,1012.6099999999999,2opt,acceptBad
754,17,6133.299999999999,3,1012.6099999999999,swap,improve
755,17,6148.699999999997,3,1012.6099999999999,2opt,acceptBad
756,17,8641.209999999997,3,1012.6099999999999,swap,acceptBad
757,17,8665.71,3,1012.6099999999999,swap,acceptBad
758,17,8665.71,3,1012.6099999999999,2opt,improve
759,17,6063.09,3,1012.6099999999999,move,improve
760,17,6020.6,3,1012.6099999999999,move,improve
761,16,5184.36,3,1012.6099999999999,move,improve
762,16,5169.73,3,1012.6099999999999,2opt,improve
763,16,5168.61,3,1012.6099999999999,move,improve
764,16,4822.44,3,1012.6099999999999,move,improve
765,17,6043.95,3,1012.6099999999999,2opt,acceptBad
766,17,6043.95,3,1012.6099999999999,move,improve
767,17,6025.19,3,1012.6099999999999,move,improve
768,17,6034.15,3,1012.6099999999999,swap,acceptBad
769,17,6013.71,3,1012.6099999999999,move,improve
770,17,6062.15,3,1012.6099999999999,2opt,acceptBad
771,17,8591.74,3,1012.6099999999999,swap,acceptBad
772,17,6551.889999999999,3,1012.6099999999999,move,improve
773,17,6527.88,3,1012.6099999999999,move,improve
774,17,5732.889999999999,3,1012.6099999999999,move,improve
775,17,5751.79,3,1012.6099999999999,swap,acceptBad
776,17,5738.35,3,1012.6099999999999,move,improve
777,17,5781.75,3,1012.6099999999999,2opt,acceptBad
778,17,5781.75,3,1012.6099999999999,move,improve
779,17,5810.270000000002,3,1012.6099999999999,swap,acceptBad
780,17,5801.450000000002,3,1012.6099999999999,move,improve
781,17,5783.600000000002,3,1012.6099999999999,move,improve
782,17,5780.520000000002,3,1012.6099999999999,2opt,improve
783,17,5751.890000000002,3,1012.6099999999999,move,improve
784,17,5633.66,3,1012.6099999999999,swap,improve
785,17,5662.639999999999,3,1012.6099999999999,2opt,acceptBad
786,17,5647.45,3,1012.6099999999999,move,improve
787,17,5613.01,3,1012.6099999999999,move,improve
788,17,5631.139999999999,3,1012.6099999999999,swap,acceptBad
789,17,5666.42,3,1012.6099999999999,swap,acceptBad
790,17,5693.79,3,1012.6099999999999,swap,acceptBad
791,17,5700.23,3,1012.6099999999999,2opt,acceptBad
792,17,5706.8099999999995,3,1012.6099999999999,2opt,acceptBad
793,17,5665.2300000000005,3,1012.6099999999999,2opt,improve
794,17,5665.2300000000005,3,1012.6099999999999,move,improve
795,17,5665.2300000000005,3,1012.6099999999999,move,improve
796,17,5623.650000000001,3,1012.6099999999999,swap,improve
797,17,5628.55,3,1012.6099999999999,swap,acceptBad
798,17,5628.34,3,1012.6099999999999,swap,improve
799,17,5628.34,3,1012.6099999999999,move,improve
800,17,5613.22,3,1012.6099999999999,move,improve
801,17,5367.490000000001,3,1012.6099999999999,move,improve
802,18,7383.31,3,1012.6099999999999,2opt,acceptBad
803,17,6566.58,3,1012.6099999999999,move,improve
804,17,7119.120000000001,3,1012.6099999999999,swap,acceptBad
805,17,7372.270000000001,3,1012.6099999999999,swap,acceptBad
806,17,7372.270000000001,3,1012.6099999999999,2opt,notBad
807,17,7372.270000000001,3,1012.6099999999999,move,improve
808,17,7354.280000000001,3,1012.6099999999999,swap,improve
809,17,7401.250000000002,3,1012.6099999999999,2opt,acceptBad
810,17,7572.9400000000005,3,1012.6099999999999,swap,acceptBad
811,17,7560.830000000001,3,1012.6099999999999,swap,improve
812,17,7584.980000000003,3,1012.6099999999999,2opt,acceptBad
813,17,7562.930000000004,3,1012.6099999999999,move,improve
814,17,8767.720000000005,3,1012.6099999999999,swap,acceptBad
815,17,8844.150000000003,3,1012.6099999999999,2opt,acceptBad
816,17,8826.860000000004,3,1012.6099999999999,2opt,improve
817,17,8499.800000000003,3,1012.6099999999999,move,improve
818,17,8659.210000000006,3,1012.6099999999999,2opt,acceptBad
819,17,8618.540000000006,3,1012.6099999999999,move,improve
820,16,7039.130000000002,3,1012.6099999999999,move,improve
821,16,7030.730000000002,3,1012.6099999999999,swap,improve
822,16,7071.330000000002,3,1012.6099999999999,swap,acceptBad
823,16,7147.840000000003,3,1012.6099999999999,swap,acceptBad
824,16,7198.800000000003,3,1012.6099999999999,swap,acceptBad
825,16,6991.470000000003,3,1012.6099999999999,move,improve
826,16,6845.360000000002,3,1012.6099999999999,move,improve
827,16,6842.840000000003,3,1012.6099999999999,swap,improve
828,16,6205.96,3,1012.6099999999999,move,improve
829,16,6179.780000000001,3,1012.6099999999999,swap,improve
830,16,6179.780000000001,3,1012.6099999999999,move,improve
831,16,6139.18,3,1012.6099999999999,swap,improve
832,16,6144.150000000001,3,1012.6099999999999,swap,acceptBad
833,16,6142.330000000001,3,1012.6099999999999,2opt,improve
834,16,6142.330000000001,3,1012.6099999999999,move,improve
835,16,6158.360000000001,3,1012.6099999999999,swap,acceptBad
836,16,6092.910000000002,3,1012.6099999999999,2opt,improve
837,16,6091.230000000001,3,1012.6099999999999,move,improve
838,16,6105.580000000002,3,1012.6099999999999,2opt,acceptBad
839,16,6101.9400000000005,3,1012.6099999999999,2opt,improve
840,16,6064.35,3,1012.6099999999999,move,improve
841,16,6064.35,3,1012.6099999999999,2opt,notBad
842,16,5426.430000000001,3,1012.6099999999999,move,improve
843,16,5469.340000000001,3,1012.6099999999999,swap,acceptBad
844,16,5506.089999999998,3,1012.6099999999999,2opt,acceptBad
845,16,6403.18,3,1012.6099999999999,swap,acceptBad
846,16,6371.330000000001,3,1012.6099999999999,move,improve
847,16,6220.289999999997,3,1012.6099999999999,move,improve
848,16,6216.37,3,1012.6099999999999,2opt,improve
849,16,6004.25,3,1012.6099999999999,move,improve
850,16,5994.45,3,1012.6099999999999,swap,improve
851,16,5979.54,3,1012.6099999999999,move,improve
852,16,5993.540000000001,3,1012.6099999999999,2opt,acceptBad
853,16,6026.72,3,1012.6099999999999,2opt,acceptBad
854,16,6026.72,3,1012.6099999999999,2opt,improve
855,16,6029.17,3,1012.6099999999999,swap,acceptBad
856,16,6014.889999999999,3,1012.6099999999999,swap,improve
857,16,5992.84,3,1012.6099999999999,move,improve
858,16,5992.84,3,1012.6099999999999,2opt,notBad
859,16,5992.140000000001,3,1012.6099999999999,2opt,improve
860,16,5991.930000000001,3,1012.6099999999999,move,improve
861,16,5991.930000000001,3,1012.6099999999999,2opt,notBad
862,16,5991.930000000001,3,1012.6099999999999,move,improve
863,16,5956.650000000001,3,1012.6099999999999,move,improve
864,16,5976.01,3,1012.6099999999999,swap,acceptBad
865,15,5163.589999999999,3,1012.6099999999999,move,improve
866,14,4473.18,3,1012.6099999999999,move,improve
867,14,4471.99,3,1012.6099999999999,move,improve
868,14,4446.789999999999,3,1012.6099999999999,move,improve
869,14,4458.06,3,1012.6099999999999,2opt,acceptBad
870,14,4448.89,3,1012.6099999999999,swap,improve
871,14,4476.1900000000005,3,1012.6099999999999,swap,acceptBad
872,14,4465.48,3,1012.6099999999999,2opt,improve
873,14,4738.15,3,1012.6099999999999,swap,acceptBad
874,14,4731.78,3,1012.6099999999999,move,improve
875,14,4760.48,3,1012.6099999999999,swap,acceptBad
876,14,4799.19,3,1012.6099999999999,swap,acceptBad
877,14,4803.11,3,1012.6099999999999,2opt,acceptBad
878,15,6702.87,3,1012.6099999999999,2opt,acceptBad
879,15,6704.549999999999,3,1012.6099999999999,swap,acceptBad
880,15,6739.69,3,1012.6099999999999,swap,acceptBad
881,15,6743.05,3,1012.6099999999999,swap,acceptBad
882,15,6735.49,3,1012.6099999999999,2opt,improve
883,15,5940.859999999999,3,1012.6099999999999,move,improve
884,15,5955.3499999999985,3,1012.6099999999999,swap,acceptBad
885,15,5954.8600000000015,3,1012.6099999999999,2opt,improve
886,15,6738.620000000003,3,1012.6099999999999,2opt,acceptBad
887,15,6729.310000000001,3,1012.6099999999999,2opt,improve
888,15,6728.440000000002,3,1012.6099999999999,2opt,improve
889,15,6752.520000000001,3,1012.6099999999999,swap,acceptBad
890,15,6736.91,3,1012.6099999999999,2opt,improve
891,15,6724.52,3,1012.6099999999999,2opt,improve
892,15,6704.360000000001,3,1012.6099999999999,move,improve
893,15,6689.870000000001,3,1012.6099999999999,swap,improve
894,15,6657.040000000001,3,1012.6099999999999,2opt,improve
895,15,6657.040000000001,3,1012.6099999999999,move,improve
896,15,6664.600000000001,3,1012.6099999999999,swap,acceptBad
897,15,6459.2699999999995,3,1012.6099999999999,move,improve
898,15,6448.349999999999,3,1012.6099999999999,2opt,improve
899,15,6174.790000000001,3,1012.6099999999999,move,improve
900,15,6345.880000000001,3,1012.6099999999999,2opt,acceptBad
901,15,6176.470000000001,3,1012.6099999999999,move,improve
902,15,6150.710000000001,3,1012.6099999999999,move,improve
903,15,6136.010000000001,3,1012.6099999999999,move,improve
904,15,6244.370000000001,3,1012.6099999999999,swap,acceptBad
905,15,6277.060000000001,3,1012.6099999999999,swap,acceptBad
906,15,6277.060000000001,3,1012.6099999999999,move,improve
907,15,6277.060000000001,3,1012.6099999999999,move,improve
908,15,6309.890000000001,3,1012.6099999999999,swap,acceptBad
909,15,6309.890000000001,3,1012.6099999999999,move,improve
910,15,6716.629999999999,3,1012.6099999999999,swap,acceptBad
911,15,6698.989999999999,3,1012.6099999999999,swap,improve
912,15,6695.91,3,1012.6099999999999,2opt,improve
913,15,6757.7,3,1012.6099999999999,swap,acceptBad
914,15,6845.13,3,1012.6099999999999,swap,acceptBad
915,15,6400.750000000001,3,1012.6099999999999,move,improve
916,15,6400.750000000001,3,1012.6099999999999,2opt,improve
917,15,6408.310000000001,3,1012.6099999999999,swap,acceptBad
918,15,6384.929999999999,3,1012.6099999999999,2opt,improve
919,15,6616.789999999998,3,1012.6099999999999,swap,acceptBad
920,15,6645.140000000001,3,1012.6099999999999,2opt,acceptBad
921,16,8663.010000000002,3,1012.6099999999999,2opt,acceptBad
922,16,8632.490000000002,3,1012.6099999999999,2opt,improve
923,16,8624.72,3,1012.6099999999999,swap,improve
924,16,8655.73,3,1012.6099999999999,swap,acceptBad
925,16,8656.5,3,1012.6099999999999,swap,acceptBad
926,16,8628.779999999999,3,1012.6099999999999,2opt,improve
927,16,8630.599999999999,3,1012.6099999999999,swap,acceptBad
928,16,8505.099999999999,3,1012.6099999999999,move,improve
929,16,8508.949999999997,3,1012.6099999999999,2opt,acceptBad
930,16,7240.07,3,1012.6099999999999,2opt,improve
931,16,7234.329999999999,3,1012.6099999999999,move,improve
932,16,7223.689999999999,3,1012.6099999999999,swap,improve
933,16,7191.3499999999985,3,1012.6099999999999,move,improve
934,16,7191.3499999999985,3,1012.6099999999999,move,improve
935,16,7187.989999999999,3,1012.6099999999999,move,improve
936,16,7183.439999999996,3,1012.6099999999999,2opt,improve
937,16,7203.529999999999,3,1012.6099999999999,2opt,acceptBad
938,16,7228.589999999998,3,1012.6099999999999,2opt,acceptBad
939,16,7397.0300000000025,3,1012.6099999999999,2opt,acceptBad
940,16,7427.060000000002,3,1012.6099999999999,swap,acceptBad
941,16,7433.500000000002,3,1012.6099999999999,swap,acceptBad
942,16,7431.290000000005,3,1012.6099999999999,swap,improve
943,16,7426.6700000000055,3,1012.6099999999999,move,improve
944,16,6838.7000000000035,3,1012.6099999999999,move,improve
945,16,6854.030000000003,3,1012.6099999999999,2opt,acceptBad
946,16,7078.9900000000025,3,1012.6099999999999,swap,acceptBad
947,16,6866.280000000003,3,1012.6099999999999,move,improve
948,16,7013.810000000002,3,1012.6099999999999,swap,acceptBad
949,16,7013.810000000002,3,1012.6099999999999,2opt,improve
950,16,7004.080000000003,3,1012.6099999999999,swap,improve
951,16,7019.340000000002,3,1012.6099999999999,swap,acceptBad
952,16,7076.040000000003,3,1012.6099999999999,swap,acceptBad
953,16,7080.730000000002,3,1012.6099999999999,swap,acceptBad
954,16,8306.130000000005,3,1012.6099999999999,2opt,acceptBad
955,16,8305.780000000004,3,1012.6099999999999,2opt,improve
956,16,8279.880000000005,3,1012.6099999999999,swap,improve
957,16,7990.280000000004,3,1012.6099999999999,move,improve
958,16,7940.7900000000045,3,1012.6099999999999,move,improve
959,16,7944.780000000004,3,1012.6099999999999,2opt,acceptBad
960,16,7928.610000000003,3,1012.6099999999999,swap,improve
961,16,7921.260000000003,3,1012.6099999999999,swap,improve
962,16,7912.510000000004,3,1012.6099999999999,move,improve
963,16,7930.300000000003,3,1012.6099999999999,2opt,acceptBad
964,16,7924.140000000003,3,1012.6099999999999,swap,improve
965,16,7921.6900000000005,3,1012.6099999999999,2opt,improve
966,16,7970.76,3,1012.6099999999999,swap,acceptBad
967,16,7999.460000000002,3,1012.6099999999999,2opt,acceptBad
968,16,8580.790000000003,3,1012.6099999999999,2opt,acceptBad
969,16,8580.790000000003,3,1012.6099999999999,2opt,improve
970,16,8407.460000000003,3,1012.6099999999999,swap,improve
971,16,7219.920000000004,3,1012.6099999999999,move,improve
972,16,7202.140000000003,3,1012.6099999999999,swap,improve
973,16,7371.900000000001,3,1012.6099999999999,swap,acceptBad
974,16,7452.39,3,1012.6099999999999,swap,acceptBad
975,16,7516.26,3,1012.6099999999999,swap,acceptBad
976,16,7548.879999999999,3,1012.6099999999999,2opt,acceptBad
977,16,6978.940000000002,3,1012.6099999999999,move,improve
978,16,6936.100000000002,3,1012.6099999999999,move,improve
979,16,7159.950000000003,3,1012.6099999999999,swap,acceptBad
980,16,7311.419999999998,3,1012.6099999999999,2opt,acceptBad
981,16,7317.789999999998,3,1012.6099999999999,swap,acceptBad
982,17,9555.089999999998,3,1012.6099999999999,2opt,acceptBad
983,17,9569.789999999997,3,1012.6099999999999,2opt,acceptBad
984,17,9564.119999999997,3,1012.6099999999999,2opt,improve
985,17,9594.569999999998,3,1012.6099999999999,swap,acceptBad
986,17,9390.04,3,1012.6099999999999,2opt,improve
987,17,9387.17,3,1012.6099999999999,2opt,improve
988,17,9360.15,3,1012.6099999999999,2opt,improve
989,17,8966.36,3,1012.6099999999999,move,improve
990,17,8339.619999999999,3,1012.6099999999999,move,improve
991,17,8321.769999999999,3,1012.6099999999999,2opt,improve
992,17,8067.780000000001,3,1012.6099999999999,swap,improve
993,17,7967.610000000001,3,1012.6099999999999,swap,improve
994,17,7964.6,3,1012.6099999999999,2opt,improve
995,17,7634.160000000002,3,1012.6099999999999,move,improve
996,17,7627.200000000003,3,1012.6099999999999,swap,improve
997,17,7627.550000000003,3,1012.6099999999999,2opt,acceptBad
998,16,6772.29,3,1012.6099999999999,2opt,improve
999,16,6763.680000000003,3,1012.6099999999999,2opt,improve
1000,16,6763.610000000001,3,1012.6099999999999,2opt,improve
1001,17,8738.83,3,1012.6099999999999,2opt,acceptBad
1002,18,10805.87,3,1012.6099999999999,2opt,acceptBad
1003,18,10805.87,3,1012.6099999999999,move,improve
1004,17,10066.590000000004,3,1012.6099999999999,2opt,improve
1005,17,8764.280000000002,3,1012.6099999999999,move,improve
1006,17,8759.1,3,1012.6099999999999,swap,improve
1007,17,8483.51,3,1012.6099999999999,swap,improve
1008,17,7584.270000000002,3,1012.6099999999999,move,improve
1009,17,7587.210000000006,3,1012.6099999999999,2opt,acceptBad
1010,17,7595.400000000006,3,1012.6099999999999,swap,acceptBad
1011,17,7627.110000000006,3,1012.6099999999999,2opt,acceptBad
1012,17,7643.280000000001,3,1012.6099999999999,2opt,acceptBad
1013,17,8550.260000000004,3,1012.6099999999999,2opt,acceptBad
1014,17,8568.320000000003,3,1012.6099999999999,2opt,acceptBad
1015,17,7773.500000000005,3,1012.6099999999999,move,improve
1016,17,7867.710000000005,3,1012.6099999999999,swap,acceptBad
1017,16,6735.59,3,1012.6099999999999,move,improve
1018,16,6732.65,3,1012.6099999999999,swap,improve
1019,16,6728.5199999999995,3,1012.6099999999999,swap,improve
1020,16,6728.5199999999995,3,1012.6099999999999,move,improve
1021,16,6453.17,3,1012.6099999999999,swap,improve
1022,16,6121.0599999999995,3,1012.6099999999999,swap,improve
1023,16,6144.860000000001,3,1012.6099999999999,swap,acceptBad
1024,16,6169.92,3,1012.6099999999999,swap,acceptBad
1025,16,6171.32,3,1012.6099999999999,swap,acceptBad
1026,16,5875.250000000002,3,1012.6099999999999,move,improve
1027,16,5884.07,3,1012.6099999999999,2opt,acceptBad
1028,16,5884.07,3,1012.6099999999999,move,improve
1029,16,5878.4,3,1012.6099999999999,2opt,improve
1030,16,6021.710000000001,3,1012.6099999999999,2opt,acceptBad
1031,16,6029.200000000001,3,1012.6099999999999,2opt,acceptBad
1032,16,6017.019999999999,3,1012.6099999999999,2opt,improve
1033,16,5711.919999999999,3,1012.6099999999999,move,improve
1034,16,5669.919999999999,3,1012.6099999999999,swap,improve
1035,16,5729.839999999998,3,1012.6099999999999,swap,acceptBad
1036,16,5700.579999999998,3,1012.6099999999999,move,improve
1037,16,5698.619999999999,3,1012.6099999999999,swap,improve
1038,16,6306.6799999999985,3,1012.6099999999999,swap,acceptBad
1039,16,6306.6799999999985,3,1012.6099999999999,move,improve
1040,16,6306.6799999999985,3,1012.6099999999999,2opt,improve
1041,16,6247.959999999999,3,1012.6099999999999,2opt,improve
1042,16,6230.599999999999,3,1012.6099999999999,swap,improve
1043,16,6174.88,3,1012.6099999999999,swap,improve
1044,16,6148.7,3,1012.6099999999999,swap,improve
1045,16,6148.7,3,1012.6099999999999,move,improve
1046,16,6149.82,3,1012.6099999999999,2opt,acceptBad
1047,16,6177.119999999999,3,1012.6099999999999,2opt,acceptBad
1048,16,6243.329999999999,3,1012.6099999999999,2opt,acceptBad
1049,16,6235.629999999999,3,1012.6099999999999,2opt,improve
1050,16,6216.449999999999,3,1012.6099999999999,swap,improve
1051,16,6230.169999999998,3,1012.6099999999999,2opt,acceptBad
1052,16,6239.339999999998,3,1012.6099999999999,swap,acceptBad
1053,16,7519.989999999999,3,1012.6099999999999,2opt,acceptBad
1054,16,7278.259999999996,3,1012.6099999999999,move,improve
1055,16,7297.719999999996,3,1012.6099999999999,swap,acceptBad
1056,16,6812.499999999999,3,1012.6099999999999,move,improve
1057,16,6835.389999999998,3,1012.6099999999999,2opt,acceptBad
1058,16,6819.919999999998,3,1012.6099999999999,2opt,improve
1059,16,6840.219999999999,3,1012.6099999999999,2opt,acceptBad
1060,16,6823.419999999999,3,1012.6099999999999,swap,improve
1061,16,6253.549999999997,3,1012.6099999999999,move,improve
1062,16,5534.499999999998,3,1012.6099999999999,move,improve
1063,16,5531.979999999998,3,1012.6099999999999,move,improve
1064,16,5508.739999999998,3,1012.6099999999999,move,improve
1065,16,5495.509999999998,3,1012.6099999999999,move,improve
1066,16,5513.290000000001,3,1012.6099999999999,2opt,acceptBad
1067,16,5475.91,3,1012.6099999999999,move,improve
1068,16,5443.43,3,1012.6099999999999,move,improve
1069,16,5406.54,3,1012.6099999999999,swap,improve
1070,16,5397.72,3,1012.6099999999999,2opt,improve
1071,16,5305.17,3,1012.6099999999999,swap,improve
1072,16,5322.74,3,1012.6099999999999,2opt,acceptBad
1073,17,6585.09,3,1012.6099999999999,2opt,acceptBad
1074,17,6480.240000000001,3,1012.6099999999999,move,improve
1075,17,6480.240000000001,3,1012.6099999999999,move,improve
1076,17,6480.240000000001,3,1012.6099999999999,2opt,improve
1077,17,7963.659999999998,3,1012.6099999999999,swap,acceptBad
1078,17,7970.379999999999,3,1012.6099999999999,2opt,acceptBad
1079,17,6516.849999999998,3,1012.6099999999999,move,improve
1080,17,6584.749999999998,3,1012.6099999999999,swap,acceptBad
1081,17,6033.859999999999,3,1012.6099999999999,swap,improve
1082,17,5630.749999999999,3,1012.6099999999999,swap,improve
1083,17,5630.749999999999,3,1012.6099999999999,move,improve
1084,17,5632.57,3,1012.6099999999999,swap,acceptBad
1085,17,5622.84,3,1012.6099999999999,swap,improve
1086,17,5646.78,3,1012.6099999999999,swap,acceptBad
1087,16,5097.75,3,1012.6099999999999,2opt,improve
1088,16,5623.86,3,1012.6099999999999,swap,acceptBad
1089,16,5637.44,3,1012.6099999999999,swap,acceptBad
1090,16,5629.039999999999,3,1012.6099999999999,2opt,improve
1091,16,7319.15,3,1012.6099999999999,swap,acceptBad
1092,16,7305.709999999999,3,1012.6099999999999,swap,improve
1093,16,7336.509999999999,3,1012.6099999999999,swap,acceptBad
1094,16,6495.499999999999,3,1012.6099999999999,move,improve
1095,16,6463.299999999999,3,1012.6099999999999,move,improve
1096,16,6427.179999999999,3,1012.6099999999999,move,improve
1097,16,6400.86,3,1012.6099999999999,move,improve
1098,16,6400.86,3,1012.6099999999999,2opt,improve
1099,16,6387.7,3,1012.6099999999999,swap,improve
1100,16,6385.389999999999,3,1012.6099999999999,swap,improve
1101,16,6378.879999999999,3,1012.6099999999999,2opt,improve
1102,16,6125.950000000001,3,1012.6099999999999,move,improve
1103,16,6139.950000000001,3,1012.6099999999999,swap,acceptBad
1104,16,6146.81,3,1012.6099999999999,2opt,acceptBad
1105,16,5679.0,3,1012.6099999999999,move,improve
1106,16,7180.5,3,1012.6099999999999,2opt,acceptBad
1107,16,7153.76,3,1012.6099999999999,2opt,improve
1108,16,7160.06,3,1012.6099999999999,swap,acceptBad
1109,16,7186.17,3,1012.6099999999999,2opt,acceptBad
1110,17,9952.71,3,1012.6099999999999,2opt,acceptBad
1111,17,9154.78,3,1012.6099999999999,move,improve
1112,17,8946.39,3,1012.6099999999999,swap,improve
1113,17,9409.059999999998,3,1012.6099999999999,swap,acceptBad
1114,17,9193.679999999998,3,1012.6099999999999,swap,improve
1115,17,9139.330000000002,3,1012.6099999999999,move,improve
1116,17,9233.759999999998,3,1012.6099999999999,2opt,acceptBad
1117,17,9235.580000000002,3,1012.6099999999999,2opt,acceptBad
1118,17,8455.569999999998,3,1012.6099999999999,move,improve
1119,17,8451.230000000003,3,1012.6099999999999,2opt,improve
1120,17,8453.540000000003,3,1012.6099999999999,swap,acceptBad
1121,17,8472.49,3,1012.6099999999999,2opt,acceptBad
1122,17,8900.71,3,1012.6099999999999,2opt,acceptBad
1123,17,8781.28,3,1012.6099999999999,move,improve
1124,17,8761.960000000001,3,1012.6099999999999,move,improve
1125,17,8798.740000000002,3,1012.6099999999999,swap,acceptBad
1126,17,8794.890000000001,3,1012.6099999999999,2opt,improve
1127,17,8328.11,3,1012.6099999999999,move,improve
1128,17,8310.75,3,1012.6099999999999,move,improve
1129,17,8491.79,3,1012.6099999999999,2opt,acceptBad
1130,17,8467.8,3,1012.6099999999999,swap,improve
1131,17,7909.3099999999995,3,1012.6099999999999,move,improve
1132,17,7893.349999999999,3,1012.6099999999999,move,improve
1133,17,7893.349999999999,3,1012.6099999999999,move,improve
1134,17,7900.5599999999995,3,1012.6099999999999,swap,acceptBad
1135,17,7862.549999999999,3,1012.6099999999999,swap,improve
1136,17,7888.060000000001,3,1012.6099999999999,swap,acceptBad
1137,17,7897.930000000001,3,1012.6099999999999,2opt,acceptBad
1138,17,7683.66,3,1012.6099999999999,move,improve
1139,17,7723.9800000000005,3,1012.6099999999999,2opt,acceptBad
1140,17,7716.35,3,1012.6099999999999,2opt,improve
1141,17,7713.550000000001,3,1012.6099999999999,2opt,improve
1142,17,7713.550000000001,3,1012.6099999999999,move,improve
1143,17,7709.770000000001,3,1012.6099999999999,2opt,improve
1144,17,7696.540000000001,3,1012.6099999999999,swap,improve
1145,17,7747.290000000001,3,1012.6099999999999,swap,acceptBad
1146,17,7747.290000000001,3,1012.6099999999999,move,improve
1147,17,7770.390000000001,3,1012.6099999999999,swap,acceptBad
1148,17,7722.8600000000015,3,1012.6099999999999,move,improve
1149,17,7772.630000000001,3,1012.6099999999999,2opt,acceptBad
1150,16,6478.13,3,1012.6099999999999,move,improve
1151,16,5908.16,3,1012.6099999999999,move,improve
1152,16,5905.92,3,1012.6099999999999,swap,improve
1153,16,5855.210000000003,3,1012.6099999999999,move,improve
1154,16,5889.160000000003,3,1012.6099999999999,swap,acceptBad
1155,16,5880.410000000003,3,1012.6099999999999,move,improve
1156,16,5873.270000000002,3,1012.6099999999999,move,improve
1157,16,5828.680000000002,3,1012.6099999999999,move,improve
1158,16,5825.040000000003,3,1012.6099999999999,move,improve
1159,16,5829.940000000002,3,1012.6099999999999,swap,acceptBad
1160,16,5875.930000000002,3,1012.6099999999999,swap,acceptBad
1161,16,5862.770000000001,3,1012.6099999999999,2opt,improve
1162,16,5852.340000000002,3,1012.6099999999999,2opt,improve
1163,16,6529.16,3,1012.6099999999999,swap,acceptBad
1164,16,6539.6600000000035,3,1012.6099999999999,2opt,acceptBad
1165,16,6567.750000000004,3,1012.6099999999999,swap,acceptBad
1166,16,6911.860000000001,3,1012.6099999999999,swap,acceptBad
1167,16,6914.1,3,1012.6099999999999,swap,acceptBad
1168,16,6927.470000000001,3,1012.6099999999999,2opt,acceptBad
1169,16,6927.470000000001,3,1012.6099999999999,move,improve
1170,16,6934.120000000001,3,1012.6099999999999,2opt,acceptBad
1171,16,6717.72,3,1012.6099999999999,2opt,improve
1172,16,6215.96,3,1012.6099999999999,move,improve
1173,16,6213.790000000002,3,1012.6099999999999,2opt,improve
1174,16,6244.030000000002,3,1012.6099999999999,swap,acceptBad
1175,16,8474.82,3,1012.6099999999999,swap,acceptBad
1176,16,8474.609999999997,3,1012.6099999999999,2opt,improve
1177,16,8297.719999999996,3,1012.6099999999999,swap,improve
1178,16,8428.059999999996,3,1012.6099999999999,swap,acceptBad
1179,16,8404.869999999997,3,1012.6099999999999,swap,improve
1180,16,8468.429999999997,3,1012.6099999999999,swap,acceptBad
1181,16,8428.809999999996,3,1012.6099999999999,2opt,improve
1182,16,6099.369999999997,3,1012.6099999999999,move,improve
1183,16,6099.369999999997,3,1012.6099999999999,2opt,improve
1184,16,6065.699999999997,3,1012.6099999999999,2opt,improve
1185,17,6813.519999999996,3,1012.6099999999999,2opt,acceptBad
1186,17,6798.5499999999965,3,1012.6099999999999,swap,improve
1187,17,6810.099999999997,3,1012.6099999999999,2opt,acceptBad
1188,17,7180.13,3,1012.6099999999999,move,acceptBad
1189,17,7170.329999999999,3,1012.6099999999999,2opt,improve
1190,17,6967.039999999999,3,1012.6099999999999,move,improve
1191,17,6967.039999999999,3,1012.6099999999999,2opt,improve
1192,17,6831.450000000001,3,1012.6099999999999,move,improve
1193,16,5821.2199999999975,3,1012.6099999999999,move,improve
1194,16,5800.289999999998,3,1012.6099999999999,swap,improve
1195,16,5800.289999999998,3,1012.6099999999999,move,improve
1196,16,5783.909999999998,3,1012.6099999999999,move,improve
1197,15,5096.639999999998,3,1012.6099999999999,move,improve
1198,15,5084.1799999999985,3,1012.6099999999999,swap,improve
1199,15,5081.449999999997,3,1012.6099999999999,2opt,improve
1200,15,5104.269999999999,3,1012.6099999999999,2opt,acceptBad
1201,15,5106.089999999999,3,1012.6099999999999,2opt,acceptBad
1202,15,5076.339999999998,3,1012.6099999999999,2opt,improve
1203,15,5073.119999999998,3,1012.6099999999999,move,improve
1204,15,5062.059999999999,3,1012.6099999999999,move,improve
1205,15,5078.369999999999,3,1012.6099999999999,2opt,acceptBad
1206,15,4995.239999999999,3,1012.6099999999999,swap,improve
1207,15,5030.449999999999,3,1012.6099999999999,2opt,acceptBad
1208,15,5030.449999999999,3,1012.6099999999999,move,improve
1209,15,5557.230000000001,3,1012.6099999999999,swap,acceptBad
1210,15,5516.35,3,1012.6099999999999,2opt,improve
1211,15,5499.550000000002,3,1012.6099999999999,2opt,improve
1212,15,5502.770000000002,3,1012.6099999999999,2opt,acceptBad
1213,15,5502.770000000002,3,1012.6099999999999,2opt,improve
1214,15,5495.770000000002,3,1012.6099999999999,2opt,improve
1215,15,5460.0700000000015,3,1012.6099999999999,move,improve
1216,15,5471.060000000002,3,1012.6099999999999,2opt,acceptBad
1217,15,5387.540000000003,3,1012.6099999999999,2opt,improve
1218,15,5413.370000000003,3,1012.6099999999999,swap,acceptBad
1219,15,5382.7800000000025,3,1012.6099999999999,2opt,improve
1220,15,5331.1600000000035,3,1012.6099999999999,swap,improve
1221,15,5321.500000000003,3,1012.6099999999999,move,improve
1222,15,5343.060000000003,3,1012.6099999999999,2opt,acceptBad
1223,15,5336.760000000003,3,1012.6099999999999,swap,improve
1224,15,5273.589999999999,3,1012.6099999999999,2opt,improve
1225,15,5291.180000000001,3,1012.6099999999999,swap,acceptBad
1226,15,5299.090000000001,3,1012.6099999999999,2opt,acceptBad
1227,15,5299.090000000001,3,1012.6099999999999,move,improve
1228,15,5376.010000000002,3,1012.6099999999999,swap,acceptBad
1229,15,5376.010000000002,3,1012.6099999999999,2opt,notBad
1230,15,5417.590000000002,3,1012.6099999999999,swap,acceptBad
1231,15,5349.340000000002,3,1012.6099999999999,move,improve
1232,15,5349.340000000002,3,1012.6099999999999,2opt,improve
1233,15,5352.140000000001,3,1012.6099999999999,swap,acceptBad
1234,15,5524.480000000001,3,1012.6099999999999,swap,acceptBad
1235,15,5524.480000000001,3,1012.6099999999999,move,improve
1236,15,6027.620000000001,3,1012.6099999999999,2opt,acceptBad
1237,15,6044.9800000000005,3,1012.6099999999999,swap,acceptBad
1238,15,6027.34,3,1012.6099999999999,swap,improve
1239,15,6026.99,3,1012.6099999999999,swap,improve
1240,15,6022.3,3,1012.6099999999999,swap,improve
1241,15,5946.849999999999,3,1012.6099999999999,move,improve
1242,15,5945.03,3,1012.6099999999999,2opt,improve
1243,15,5771.759999999998,3,1012.6099999999999,move,improve
1244,15,5775.959999999999,3,1012.6099999999999,swap,acceptBad
1245,15,5215.499999999998,3,1012.6099999999999,move,improve
1246,15,5215.359999999999,3,1012.6099999999999,move,improve
1247,15,5228.239999999998,3,1012.6099999999999,2opt,acceptBad
1248,15,5218.9299999999985,3,1012.6099999999999,move,improve
1249,15,5139.550000000001,3,1012.6099999999999,move,improve
1250,15,5134.860000000001,3,1012.6099999999999,2opt,improve
1251,15,5153.900000000001,3,1012.6099999999999,2opt,acceptBad
1252,15,5138.710000000001,3,1012.6099999999999,swap,improve
1253,15,5144.9400000000005,3,1012.6099999999999,swap,acceptBad
1254,15,6303.1500000000015,3,1012.6099999999999,swap,acceptBad
1255,15,6160.659999999996,3,1012.6099999999999,move,improve
1256,15,6174.449999999997,3,1012.6099999999999,2opt,acceptBad
1257,15,6169.899999999997,3,1012.6099999999999,move,improve
1258,15,6138.189999999997,3,1012.6099999999999,swap,improve
1259,15,6108.029999999998,3,1012.6099999999999,2opt,improve
1260,15,6113.489999999998,3,1012.6099999999999,2opt,acceptBad
1261,15,6111.109999999998,3,1012.6099999999999,swap,improve
1262,15,6120.769999999998,3,1012.6099999999999,2opt,acceptBad
1263,15,6097.109999999998,3,1012.6099999999999,swap,improve
1264,15,6092.559999999998,3,1012.6099999999999,swap,improve
1265,15,5879.269999999999,3,1012.6099999999999,move,improve
1266,15,5882.699999999999,3,1012.6099999999999,2opt,acceptBad
1267,15,5857.849999999999,3,1012.6099999999999,move,improve
1268,15,5612.170000000003,3,1012.6099999999999,move,improve
1269,15,5607.620000000002,3,1012.6099999999999,2opt,improve
1270,15,5521.440000000001,3,1012.6099999999999,swap,improve
1271,14,4675.620000000001,3,1012.6099999999999,move,improve
1272,14,4648.67,3,1012.6099999999999,swap,improve
1273,14,4717.430000000002,3,1012.6099999999999,2opt,acceptBad
1274,14,4740.880000000002,3,1012.6099999999999,swap,acceptBad
1275,14,4775.670000000002,3,1012.6099999999999,2opt,acceptBad
1276,14,4702.390000000001,3,1012.6099999999999,move,improve
1277,14,4893.120000000001,3,1012.6099999999999,2opt,acceptBad
1278,14,4887.52,3,1012.6099999999999,swap,improve
1279,14,4920.42,3,1012.6099999999999,swap,acceptBad
1280,14,4878.910000000001,3,1012.6099999999999,move,improve
1281,14,4872.820000000001,3,1012.6099999999999,2opt,improve
1282,14,4872.820000000001,3,1012.6099999999999,move,improve
1283,14,4885.9800000000005,3,1012.6099999999999,swap,acceptBad
1284,14,4885.9800000000005,3,1012.6099999999999,2opt,notBad
1285,14,4856.9,3,1012.6099999999999,2opt,improve
1286,14,4837.09,3,1012.6099999999999,move,improve
1287,14,4837.09,3,1012.6099999999999,move,improve
1288,14,4837.09,3,1012.6099999999999,2opt,notBad
1289,14,4831.77,3,1012.6099999999999,swap,improve
1290,14,4853.12,3,1012.6099999999999,swap,acceptBad
1291,14,4846.12,3,1012.6099999999999,move,improve
1292,14,4874.870000000001,3,1012.6099999999999,2opt,acceptBad
1293,14,4871.3,3,1012.6099999999999,swap,improve
1294,14,4871.3,3,1012.6099999999999,move,improve
1295,14,4864.72,3,1012.6099999999999,swap,improve
1296,14,4865.280000000001,3,1012.6099999999999,swap,acceptBad
1297,14,4876.34,3,1012.6099999999999,2opt,acceptBad
1298,14,4865.139999999999,3,1012.6099999999999,2opt,improve
1299,14,4331.32,3,1012.6099999999999,move,improve
1300,14,4914.61,3,1012.6099999999999,swap,acceptBad
1301,14,4932.11,3,1012.6099999999999,2opt,acceptBad
1302,14,4970.19,3,1012.6099999999999,swap,acceptBad
1303,14,4320.15,3,1012.6099999999999,move,improve
1304,14,4771.210000000001,3,1012.6099999999999,swap,acceptBad
1305,14,4742.650000000001,3,1012.6099999999999,swap,improve
1306,14,4787.8,3,1012.6099999999999,swap,acceptBad
1307,14,4777.72,3,1012.6099999999999,swap,improve
1308,14,4744.610000000001,3,1012.6099999999999,swap,improve
1309,14,4751.120000000001,3,1012.6099999999999,swap,acceptBad
1310,14,4786.95,3,1012.6099999999999,2opt,acceptBad
1311,14,4789.68,3,1012.6099999999999,2opt,acceptBad
1312,14,4789.68,3,1012.6099999999999,2opt,notBad
1313,14,4761.26,3,1012.6099999999999,move,improve
1314,14,4754.1900000000005,3,1012.6099999999999,swap,improve
1315,14,4763.57,3,1012.6099999999999,2opt,acceptBad
1316,14,4747.89,3,1012.6099999999999,2opt,improve
1317,14,4761.54,3,1012.6099999999999,swap,acceptBad
1318,14,4761.54,3,1012.6099999999999,2opt,notBad
1319,14,4671.59,3,1012.6099999999999,move,improve
1320,14,4671.59,3,1012.6099999999999,2opt,improve
1321,14,4608.44,3,1012.6099999999999,move,improve
1322,14,4586.04,3,1012.6099999999999,move,improve
1323,14,4586.04,3,1012.6099999999999,move,improve
1324,14,4586.04,3,1012.6099999999999,move,improve
1325,14,4586.04,3,1012.6099999999999,move,improve
1326,14,4622.159999999999,3,1012.6099999999999,2opt,acceptBad
1327,14,4627.479999999999,3,1012.6099999999999,swap,acceptBad
1328,14,4640.639999999999,3,1012.6099999999999,swap,acceptBad
1329,14,4694.9,3,1012.6099999999999,swap,acceptBad
1330,14,4926.349999999999,3,1012.6099999999999,swap,acceptBad
1331,14,4916.0599999999995,3,1012.6099999999999,2opt,improve
1332,14,4912.98,3,1012.6099999999999,swap,improve
1333,14,4463.18,3,1012.6099999999999,move,improve
1334,14,4451.35,3,1012.6099999999999,move,improve
1335,14,4451.35,3,1012.6099999999999,move,improve
1336,14,4416.98,3,1012.6099999999999,swap,improve
1337,14,4416.98,3,1012.6099999999999,2opt,improve
1338,14,4391.36,3,1012.6099999999999,move,improve
1339,14,4204.669999999999,3,1012.6099999999999,move,improve
1340,14,4202.009999999999,3,1012.6099999999999,swap,improve
1341,14,4237.99,3,1012.6099999999999,2opt,acceptBad
1342,14,4208.799999999998,3,1012.6099999999999,2opt,improve
1343,14,6057.51,3,1012.6099999999999,swap,acceptBad
1344,14,5184.9,3,1012.6099999999999,move,improve
1345,15,5469.169999999999,3,1012.6099999999999,2opt,acceptBad
1346,15,5363.139999999999,3,1012.6099999999999,2opt,improve
1347,15,5376.509999999999,3,1012.6099999999999,2opt,acceptBad
1348,15,5337.66,3,1012.6099999999999,move,improve
1349,15,4982.3399999999965,3,1012.6099999999999,move,improve
1350,15,4982.3399999999965,3,1012.6099999999999,move,improve
1351,15,4946.779999999997,3,1012.6099999999999,swap,improve
1352,15,4936.769999999997,3,1012.6099999999999,2opt,improve
1353,15,4936.769999999997,3,1012.6099999999999,2opt,improve
1354,15,4948.669999999998,3,1012.6099999999999,2opt,acceptBad
1355,15,4948.669999999998,3,1012.6099999999999,move,improve
1356,15,5154.109999999997,3,1012.6099999999999,swap,acceptBad
1357,15,5177.209999999996,3,1012.6099999999999,2opt,acceptBad
1358,15,5190.789999999996,3,1012.6099999999999,2opt,acceptBad
1359,15,5237.699999999998,3,1012.6099999999999,swap,acceptBad
1360,15,5240.919999999997,3,1012.6099999999999,swap,acceptBad
1361,15,5376.959999999998,3,1012.6099999999999,swap,acceptBad
1362,15,5454.449999999999,3,1012.6099999999999,swap,acceptBad
1363,15,5463.339999999998,3,1012.6099999999999,2opt,acceptBad
1364,15,5305.420000000001,3,1012.6099999999999,move,improve
1365,15,5305.420000000001,3,1012.6099999999999,move,improve
1366,15,5286.9400000000005,3,1012.6099999999999,move,improve
1367,15,5231.710000000001,3,1012.6099999999999,swap,improve
1368,15,5230.170000000001,3,1012.6099999999999,move,improve
1369,15,5230.170000000001,3,1012.6099999999999,move,improve
1370,15,5392.830000000002,3,1012.6099999999999,swap,acceptBad
1371,15,5419.080000000002,3,1012.6099999999999,swap,acceptBad
1372,15,5292.730000000001,3,1012.6099999999999,2opt,improve
1373,15,5304.420000000002,3,1012.6099999999999,2opt,acceptBad
1374,15,5249.29,3,1012.6099999999999,swap,improve
1375,15,5268.54,3,1012.6099999999999,2opt,acceptBad
1376,14,4865.640000000001,3,1012.6099999999999,2opt,improve
1377,14,4463.73,3,1012.6099999999999,move,improve
1378,14,4455.469999999999,3,1012.6099999999999,move,improve
1379,14,4503.789999999999,3,1012.6099999999999,swap,acceptBad
1380,14,4528.36,3,1012.6099999999999,2opt,acceptBad
1381,14,4488.399999999999,3,1012.6099999999999,move,improve
1382,14,4502.529999999999,3,1012.6099999999999,2opt,acceptBad
1383,14,4479.289999999999,3,1012.6099999999999,move,improve
1384,14,4273.34,3,1012.6099999999999,move,improve
1385,14,4273.34,3,1012.6099999999999,move,improve
1386,14,4259.339999999999,3,1012.6099999999999,swap,improve
1387,14,4097.44,3,1012.6099999999999,swap,improve
1388,14,4600.19,3,1012.6099999999999,swap,acceptBad
1389,14,4600.19,3,1012.6099999999999,move,improve
1390,14,4576.04,3,1012.6099999999999,move,improve
1391,14,4536.36,3,1012.6099999999999,move,improve
1392,14,4536.36,3,1012.6099999999999,2opt,improve
1393,14,4158.48,3,1012.6099999999999,move,improve
1394,14,4158.48,3,1012.6099999999999,2opt,notBad
1395,14,4130.69,3,1012.6099999999999,move,improve
1396,14,4128.03,3,1012.6099999999999,move,improve
1397,14,4136.360000000001,3,1012.6099999999999,2opt,acceptBad
1398,14,4136.360000000001,3,1012.6099999999999,move,improve
1399,14,4136.360000000001,3,1012.6099999999999,2opt,improve
1400,14,4092.82,3,1012.6099999999999,move,improve
1401,14,4728.72,3,1012.6099999999999,swap,acceptBad
1402,14,4759.450000000001,3,1012.6099999999999,swap,acceptBad
1403,14,4757.280000000001,3,1012.6099999999999,2opt,improve
1404,14,4959.549999999999,3,1012.6099999999999,2opt,acceptBad
1405,14,4965.78,3,1012.6099999999999,swap,acceptBad
1406,14,4996.0199999999995,3,1012.6099999999999,swap,acceptBad
1407,14,4967.109999999999,3,1012.6099999999999,swap,improve
1408,14,5567.699999999999,3,1012.6099999999999,swap,acceptBad
1409,14,5565.669999999999,3,1012.6099999999999,move,improve
1410,14,5552.439999999999,3,1012.6099999999999,swap,improve
1411,14,5488.889999999999,3,1012.6099999999999,move,improve
1412,14,5383.6500000000015,3,1012.6099999999999,2opt,improve
1413,14,5421.869999999999,3,1012.6099999999999,2opt,acceptBad
1414,14,5421.659999999999,3,1012.6099999999999,move,improve
1415,14,5421.659999999999,3,1012.6099999999999,move,improve
1416,14,5266.769999999999,3,1012.6099999999999,move,improve
1417,14,5134.779999999999,3,1012.6099999999999,swap,improve
1418,14,5137.159999999999,3,1012.6099999999999,2opt,acceptBad
1419,14,5108.739999999999,3,1012.6099999999999,move,improve
1420,14,5644.209999999998,3,1012.6099999999999,swap,acceptBad
1421,14,5605.919999999998,3,1012.6099999999999,move,improve
1422,14,5632.309999999999,3,1012.6099999999999,swap,acceptBad
1423,14,5048.8899999999985,3,1012.6099999999999,move,improve
1424,14,5029.089999999998,3,1012.6099999999999,move,improve
1425,14,5039.599999999997,3,1012.6099999999999,2opt,acceptBad
1426,14,4947.569999999996,3,1012.6099999999999,move,improve
1427,14,4929.509999999997,3,1012.6099999999999,move,improve
1428,14,4945.2599999999975,3,1012.6099999999999,2opt,acceptBad
1429,14,4965.209999999997,3,1012.6099999999999,swap,acceptBad
1430,14,4519.309999999999,3,1012.6099999999999,move,improve
1431,14,4462.139999999999,3,1012.6099999999999,swap,improve
1432,14,4462.209999999999,3,1012.6099999999999,swap,acceptBad
1433,14,4556.419999999999,3,1012.6099999999999,2opt,acceptBad
1434,14,4595.129999999999,3,1012.6099999999999,swap,acceptBad
1435,14,5846.979999999999,3,1012.6099999999999,swap,acceptBad
1436,14,5869.239999999998,3,1012.6099999999999,2opt,acceptBad
1437,14,5873.299999999998,3,1012.6099999999999,swap,acceptBad
1438,14,6033.799999999998,3,1012.6099999999999,swap,acceptBad
1439,14,5641.169999999998,3,1012.6099999999999,move,improve
1440,14,5621.379999999998,3,1012.6099999999999,move,improve
1441,14,5600.949999999999,3,1012.6099999999999,swap,improve
1442,14,5572.370000000001,3,1012.6099999999999,swap,improve
1443,14,5600.72,3,1012.6099999999999,swap,acceptBad
1444,14,5586.16,3,1012.6099999999999,swap,improve
1445,14,5577.830000000001,3,1012.6099999999999,2opt,improve
1446,14,5563.410000000001,3,1012.6099999999999,swap,improve
1447,14,5528.629999999999,3,1012.6099999999999,swap,improve
1448,14,5538.8499999999985,3,1012.6099999999999,swap,acceptBad
1449,14,5592.530000000001,3,1012.6099999999999,swap,acceptBad
1450,14,5638.870000000001,3,1012.6099999999999,swap,acceptBad
1451,14,5638.66,3,1012.6099999999999,move,improve
1452,14,5610.38,3,1012.6099999999999,swap,improve
1453,14,5600.37,3,1012.6099999999999,2opt,improve
1454,14,5426.299999999998,3,1012.6099999999999,move,improve
1455,14,4729.539999999999,3,1012.6099999999999,move,improve
1456,14,4701.329999999998,3,1012.6099999999999,move,improve
1457,14,4701.329999999998,3,1012.6099999999999,move,improve
1458,14,4716.590000000001,3,1012.6099999999999,2opt,acceptBad
1459,14,4700.000000000001,3,1012.6099999999999,swap,improve
1460,14,4700.77,3,1012.6099999999999,2opt,acceptBad
1461,14,4684.88,3,1012.6099999999999,2opt,improve
1462,14,4691.74,3,1012.6099999999999,2opt,acceptBad
1463,14,4691.46,3,1012.6099999999999,move,improve
1464,14,4434.709999999999,3,1012.6099999999999,move,improve
1465,14,4434.709999999999,3,1012.6099999999999,move,improve
1466,14,4426.17,3,1012.6099999999999,2opt,improve
1467,14,4439.959999999999,3,1012.6099999999999,swap,acceptBad
1468,14,4405.799999999999,3,1012.6099999999999,move,improve
1469,14,4410.139999999999,3,1012.6099999999999,swap,acceptBad
1470,14,4438.349999999999,3,1012.6099999999999,swap,acceptBad
1471,14,4445.84,3,1012.6099999999999,swap,acceptBad
1472,14,4168.85,3,1012.6099999999999,move,improve
1473,14,4143.02,3,1012.6099999999999,2opt,improve
1474,14,4244.17,3,1012.6099999999999,swap,acceptBad
1475,14,4244.17,3,1012.6099999999999,2opt,notBad
1476,14,4220.44,3,1012.6099999999999,swap,improve
1477,14,4224.57,3,1012.6099999999999,swap,acceptBad
1478,14,4113.5199999999995,3,1012.6099999999999,move,improve
1479,14,4118.7699999999995,3,1012.6099999999999,2opt,acceptBad
1480,14,4095.039999999999,3,1012.6099999999999,move,improve
1481,14,4094.8299999999995,3,1012.6099999999999,move,improve
1482,14,4094.8299999999995,3,1012.6099999999999,move,improve
1483,14,4091.8899999999994,3,1012.6099999999999,2opt,improve
1484,14,4123.8099999999995,3,1012.6099999999999,2opt,acceptBad
1485,14,4095.459999999999,3,1012.6099999999999,move,improve
1486,14,4094.2699999999995,3,1012.6099999999999,swap,improve
1487,14,4114.639999999999,3,1012.6099999999999,2opt,acceptBad
1488,14,4116.459999999999,3,1012.6099999999999,2opt,acceptBad
1489,14,4104.49,3,1012.6099999999999,swap,improve
1490,14,4082.3699999999994,3,1012.6099999999999,move,improve
1491,14,4082.3699999999994,3,1012.6099999999999,move,improve
1492,14,4050.7299999999987,3,1012.6099999999999,2opt,improve
1493,14,4054.5799999999986,3,1012.6099999999999,swap,acceptBad
1494,13,3743.339999999999,3,1012.6099999999999,2opt,improve
1495,13,3743.339999999999,3,1012.6099999999999,move,improve
1496,13,3720.589999999999,3,1012.6099999999999,swap,improve
1497,13,3668.9399999999996,3,1012.6099999999999,swap,improve
1498,13,3690.0099999999998,3,1012.6099999999999,2opt,acceptBad
1499,13,3652.91,3,1012.6099999999999,move,improve
1500,13,3616.4399999999996,3,1012.6099999999999,2opt,improve
1501,13,3605.73,3,1012.6099999999999,2opt,improve
1502,13,3602.23,3,1012.6099999999999,2opt,improve
1503,13,3602.23,3,1012.6099999999999,2opt,improve
1504,13,3600.58,3,1012.6099999999999,swap,improve
1505,13,3602.75,3,1012.6099999999999,2opt,acceptBad
1506,13,3602.75,3,1012.6099999999999,2opt,notBad
1507,13,3936.87,3,1012.6099999999999,2opt,acceptBad
1508,13,3957.59,3,1012.6099999999999,2opt,acceptBad
1509,13,3954.51,3,1012.6099999999999,swap,improve
1510,13,3970.12,3,1012.6099999999999,swap,acceptBad
1511,13,3875.6899999999996,3,1012.6099999999999,move,improve
1512,13,3860.96,3,1012.6099999999999,2opt,improve
1513,13,3873.0699999999997,3,1012.6099999999999,2opt,acceptBad
1514,13,3891.0599999999995,3,1012.6099999999999,swap,acceptBad
1515,13,3898.9699999999993,3,1012.6099999999999,2opt,acceptBad
1516,13,4034.139999999999,3,1012.6099999999999,swap,acceptBad
1517,13,4085.7299999999996,3,1012.6099999999999,2opt,acceptBad
1518,13,3768.1199999999994,3,1012.6099999999999,move,improve
1519,12,3260.1299999999997,3,1012.6099999999999,move,improve
1520,12,3228.7699999999995,3,1012.6099999999999,swap,improve
1521,12,3212.67,3,1012.6099999999999,2opt,improve
1522,12,3223.45,3,1012.6099999999999,swap,acceptBad
1523,12,3223.45,3,1012.6099999999999,2opt,improve
1524,12,3255.62,3,1012.6099999999999,swap,acceptBad
1525,12,3250.12,3,1012.6099999999999,move,improve
1526,12,3277.49,3,1012.6099999999999,swap,acceptBad
1527,12,3277.84,3,1012.6099999999999,2opt,acceptBad
1528,12,3293.6800000000003,3,1012.6099999999999,swap,acceptBad
1529,12,3293.6800000000003,3,1012.6099999999999,move,improve
1530,12,3278.21,3,1012.6099999999999,move,improve
1531,12,3314.26,3,1012.6099999999999,swap,acceptBad
1532,12,3303.6200000000003,3,1012.6099999999999,move,improve
1533,12,3312.7200000000003,3,1012.6099999999999,2opt,acceptBad
1534,12,3317.830000000001,3,1012.6099999999999,2opt,acceptBad
1535,12,3322.2400000000007,3,1012.6099999999999,2opt,acceptBad
1536,12,3322.2400000000007,3,1012.6099999999999,move,improve
1537,12,3322.2400000000007,3,1012.6099999999999,2opt,improve
1538,12,3323.2200000000003,3,1012.6099999999999,2opt,acceptBad
1539,12,3320.9800000000005,3,1012.6099999999999,move,improve
1540,12,3006.8,3,1012.6099999999999,swap,improve
1541,12,2993.4300000000003,3,1012.6099999999999,2opt,improve
1542,12,2993.4300000000003,3,1012.6099999999999,move,improve
1543,12,3005.5400000000004,3,1012.6099999999999,swap,acceptBad
1544,12,3167.04,3,1012.6099999999999,swap,acceptBad
1545,12,3167.04,3,1012.6099999999999,2opt,notBad
1546,12,3152.0599999999995,3,1012.6099999999999,2opt,improve
1547,12,3191.8199999999997,3,1012.6099999999999,swap,acceptBad
1548,12,3162.2099999999996,3,1012.6099999999999,swap,improve
1549,12,3157.1399999999994,3,1012.6099999999999,move,improve
1550,12,3163.3699999999994,3,1012.6099999999999,swap,acceptBad
1551,12,3163.3699999999994,3,1012.6099999999999,move,improve
1552,12,3144.0499999999997,3,1012.6099999999999,2opt,improve
1553,12,3245.17,3,1012.6099999999999,2opt,acceptBad
1554,12,3227.95,3,1012.6099999999999,move,improve
1555,12,3227.95,3,1012.6099999999999,move,improve
1556,12,3225.08,3,1012.6099999999999,2opt,improve
1557,12,3226.97,3,1012.6099999999999,2opt,acceptBad
1558,12,3047.7299999999996,3,1012.6099999999999,move,improve
1559,12,3028.06,3,1012.6099999999999,swap,improve
1560,12,3007.62,3,1012.6099999999999,move,improve
1561,12,3007.62,3,1012.6099999999999,move,improve
1562,12,3163.0200000000004,3,1012.6099999999999,swap,acceptBad
1563,12,3157.0,3,1012.6099999999999,move,improve
1564,12,3117.7300000000005,3,1012.6099999999999,2opt,improve
1565,12,3117.1000000000004,3,1012.6099999999999,swap,improve
1566,12,3117.1000000000004,3,1012.6099999999999,2opt,improve
1567,12,3198.17,3,1012.6099999999999,swap,acceptBad
1568,12,3198.17,3,1012.6099999999999,move,improve
1569,12,3198.17,3,1012.6099999999999,move,improve
1570,12,3174.09,3,1012.6099999999999,move,improve
1571,12,3167.44,3,1012.6099999999999,move,improve
1572,12,3167.44,3,1012.6099999999999,move,improve
1573,12,3086.3700000000003,3,1012.6099999999999,swap,improve
1574,12,3065.3700000000003,3,1012.6099999999999,move,improve
1575,12,3065.3700000000003,3,1012.6099999999999,move,improve
1576,12,3078.1800000000007,3,1012.6099999999999,swap,acceptBad
1577,12,3089.0300000000007,3,1012.6099999999999,2opt,acceptBad
1578,12,3072.9300000000003,3,1012.6099999999999,swap,improve
1579,12,3302.7900000000004,3,1012.6099999999999,swap,acceptBad
1580,12,3317.6300000000006,3,1012.6099999999999,swap,acceptBad
1581,12,3290.0500000000006,3,1012.6099999999999,2opt,improve
1582,12,2943.29,3,1012.6099999999999,move,improve
1583,13,3342.75,3,1012.6099999999999,2opt,acceptBad
1584,13,3342.75,3,1012.6099999999999,move,improve
1585,13,3571.2699999999995,3,1012.6099999999999,swap,acceptBad
1586,13,3575.9599999999996,3,1012.6099999999999,swap,acceptBad
1587,13,3572.25,3,1012.6099999999999,2opt,improve
1588,13,3565.8799999999997,3,1012.6099999999999,swap,improve
1589,13,3555.66,3,1012.6099999999999,swap,improve
1590,13,3527.17,3,1012.6099999999999,move,improve
1591,13,3554.4,3,1012.6099999999999,2opt,acceptBad
1592,13,3599.06,3,1012.6099999999999,2opt,acceptBad
1593,13,3366.34,3,1012.6099999999999,move,improve
1594,13,3178.3900000000003,3,1012.6099999999999,move,improve
1595,13,3136.7400000000002,3,1012.6099999999999,move,improve
1596,13,3136.7400000000002,3,1012.6099999999999,move,improve
1597,13,3135.55,3,1012.6099999999999,move,improve
1598,13,3135.4799999999996,3,1012.6099999999999,2opt,improve
1599,13,3129.3199999999997,3,1012.6099999999999,swap,improve
1600,13,3271.1799999999994,3,1012.6099999999999,swap,acceptBad
1601,13,3274.1899999999996,3,1012.6099999999999,2opt,acceptBad
1602,13,3438.1799999999994,3,1012.6099999999999,swap,acceptBad
1603,13,3460.1599999999994,3,1012.6099999999999,swap,acceptBad
1604,13,3433.4199999999996,3,1012.6099999999999,move,improve
1605,13,3428.87,3,1012.6099999999999,2opt,improve
1606,13,3120.8500000000004,3,1012.6099999999999,move,improve
1607,13,3196.0299999999997,3,1012.6099999999999,swap,acceptBad
1608,13,3455.66,3,1012.6099999999999,swap,acceptBad
1609,13,3455.66,3,1012.6099999999999,2opt,notBad
1610,13,3220.56,3,1012.6099999999999,move,improve
1611,13,3182.34,3,1012.6099999999999,move,improve
1612,13,3168.83,3,1012.6099999999999,swap,improve
1613,13,3194.52,3,1012.6099999999999,swap,acceptBad
1614,13,3200.1899999999996,3,1012.6099999999999,2opt,acceptBad
1615,13,3198.4399999999996,3,1012.6099999999999,2opt,improve
1616,13,3188.29,3,1012.6099999999999,swap,improve
1617,13,3226.9999999999995,3,1012.6099999999999,swap,acceptBad
1618,13,3210.6899999999996,3,1012.6099999999999,move,improve
1619,13,3216.4300000000003,3,1012.6099999999999,2opt,acceptBad
1620,13,3231.9,3,1012.6099999999999,swap,acceptBad
1621,13,3209.7799999999997,3,1012.6099999999999,swap,improve
1622,13,3209.7799999999997,3,1012.6099999999999,move,improve
1623,13,3108.1599999999994,3,1012.6099999999999,move,improve
1624,13,3128.039999999999,3,1012.6099999999999,2opt,acceptBad
1625,13,3109.909999999999,3,1012.6099999999999,move,improve
1626,13,3133.9899999999993,3,1012.6099999999999,swap,acceptBad
1627,13,3137.9799999999996,3,1012.6099999999999,swap,acceptBad
1628,13,3133.7799999999993,3,1012.6099999999999,2opt,improve
1629,13,3141.6899999999996,3,1012.6099999999999,swap,acceptBad
1630,13,3191.249999999999,3,1012.6099999999999,swap,acceptBad
1631,13,3202.239999999999,3,1012.6099999999999,2opt,acceptBad
1632,13,3202.239999999999,3,1012.6099999999999,move,improve
1633,13,3179.419999999999,3,1012.6099999999999,move,improve
1634,13,3179.419999999999,3,1012.6099999999999,move,improve
1635,13,3051.8899999999985,3,1012.6099999999999,move,improve
1636,13,3051.8899999999985,3,1012.6099999999999,2opt,notBad
1637,13,3341.7299999999987,3,1012.6099999999999,move,acceptBad
1638,13,3323.88,3,1012.6099999999999,2opt,improve
1639,13,3352.579999999999,3,1012.6099999999999,2opt,acceptBad
1640,13,3340.4700000000003,3,1012.6099999999999,2opt,improve
1641,13,3340.4700000000003,3,1012.6099999999999,move,improve
1642,13,3327.4500000000003,3,1012.6099999999999,2opt,improve
1643,13,3354.1200000000003,3,1012.6099999999999,swap,acceptBad
1644,13,3349.4300000000003,3,1012.6099999999999,move,improve
1645,13,3682.6000000000004,3,1012.6099999999999,swap,acceptBad
1646,13,3564.519999999999,3,1012.6099999999999,2opt,improve
1647,13,3564.519999999999,3,1012.6099999999999,move,improve
1648,13,3542.0099999999993,3,1012.6099999999999,swap,improve
1649,13,3941.47,3,1012.6099999999999,swap,acceptBad
1650,13,3945.74,3,1012.6099999999999,swap,acceptBad
1651,13,3945.74,3,1012.6099999999999,move,improve
1652,13,3938.3899999999994,3,1012.6099999999999,swap,improve
1653,13,3966.2199999999984,3,1012.6099999999999,2opt,acceptBad
1654,13,3943.119999999998,3,1012.6099999999999,swap,improve
1655,13,3943.119999999998,3,1012.6099999999999,move,improve
1656,13,3321.229999999999,3,1012.6099999999999,move,improve
1657,13,3319.7599999999993,3,1012.6099999999999,swap,improve
1658,13,3285.249999999999,3,1012.6099999999999,move,improve
1659,13,3285.249999999999,3,1012.6099999999999,move,improve
1660,13,3309.539999999999,3,1012.6099999999999,2opt,acceptBad
1661,13,3358.119999999999,3,1012.6099999999999,swap,acceptBad
1662,13,3316.3999999999987,3,1012.6099999999999,move,improve
1663,13,3286.159999999999,3,1012.6099999999999,move,improve
1664,13,3254.659999999999,3,1012.6099999999999,swap,improve
1665,13,3217.769999999999,3,1012.6099999999999,move,improve
1666,13,3217.769999999999,3,1012.6099999999999,move,improve
1667,13,3204.0499999999993,3,1012.6099999999999,move,improve
1668,13,3204.0499999999993,3,1012.6099999999999,swap,notBad
1669,13,3206.0799999999986,3,1012.6099999999999,2opt,acceptBad
1670,13,3171.569999999999,3,1012.6099999999999,2opt,improve
1671,13,3152.179999999999,3,1012.6099999999999,2opt,improve
1672,13,3261.5199999999986,3,1012.6099999999999,swap,acceptBad
1673,13,3261.5199999999986,3,1012.6099999999999,move,improve
1674,13,3258.369999999999,3,1012.6099999999999,move,improve
1675,13,3253.959999999999,3,1012.6099999999999,2opt,improve
1676,13,3263.619999999999,3,1012.6099999999999,2opt,acceptBad
1677,13,3257.1099999999988,3,1012.6099999999999,2opt,improve
1678,13,3286.019999999999,3,1012.6099999999999,2opt,acceptBad
1679,13,3291.3399999999992,3,1012.6099999999999,swap,acceptBad
1680,13,3312.129999999999,3,1012.6099999999999,swap,acceptBad
1681,13,3303.939999999999,3,1012.6099999999999,move,improve
1682,13,3288.2599999999993,3,1012.6099999999999,2opt,improve
1683,13,3201.1499999999996,3,1012.6099999999999,move,improve
1684,13,3201.1499999999996,3,1012.6099999999999,swap,notBad
1685,13,3209.7599999999998,3,1012.6099999999999,swap,acceptBad
1686,13,3203.8799999999997,3,1012.6099999999999,2opt,improve
1687,13,3203.8799999999997,3,1012.6099999999999,move,improve
1688,13,3192.6099999999997,3,1012.6099999999999,2opt,improve
1689,13,3243.8499999999995,3,1012.6099999999999,swap,acceptBad
1690,13,3240.2799999999997,3,1012.6099999999999,2opt,improve
1691,13,3206.12,3,1012.6099999999999,move,improve
1692,13,3206.12,3,1012.6099999999999,move,improve
1693,13,3256.31,3,1012.6099999999999,swap,acceptBad
1694,13,3256.31,3,1012.6099999999999,move,improve
1695,13,3251.8999999999996,3,1012.6099999999999,2opt,improve
1696,13,3236.5699999999997,3,1012.6099999999999,swap,improve
1697,13,3200.24,3,1012.6099999999999,swap,improve
1698,13,3205.63,3,1012.6099999999999,2opt,acceptBad
1699,13,3227.12,3,1012.6099999999999,2opt,acceptBad
1700,13,3227.12,3,1012.6099999999999,2opt,notBad
1701,13,3276.6800000000003,3,1012.6099999999999,swap,acceptBad
1702,13,3274.37,3,1012.6099999999999,swap,improve
1703,13,3270.38,3,1012.6099999999999,swap,improve
1704,13,3235.52,3,1012.6099999999999,move,improve
1705,13,3221.0299999999997,3,1012.6099999999999,swap,improve
1706,13,3203.46,3,1012.6099999999999,move,improve
1707,13,3203.46,3,1012.6099999999999,move,improve
1708,13,3182.1800000000003,3,1012.6099999999999,move,improve
1709,13,3182.1800000000003,3,1012.6099999999999,2opt,notBad
1710,13,3080.74,3,1012.6099999999999,move,improve
1711,13,3080.74,3,1012.6099999999999,2opt,notBad
1712,13,3080.74,3,1012.6099999999999,move,improve
1713,13,3088.37,3,1012.6099999999999,2opt,acceptBad
1714,13,3063.0299999999997,3,1012.6099999999999,move,improve
1715,13,3047.0699999999997,3,1012.6099999999999,move,improve
1716,13,3060.79,3,1012.6099999999999,swap,acceptBad
1717,13,3060.79,3,1012.6099999999999,2opt,improve
1718,13,3093.41,3,1012.6099999999999,swap,acceptBad
1719,13,3104.75,3,1012.6099999999999,2opt,acceptBad
1720,13,3091.87,3,1012.6099999999999,swap,improve
1721,13,3091.87,3,1012.6099999999999,2opt,notBad
1722,13,3085.4999999999995,3,1012.6099999999999,move,improve
1723,13,3937.3899999999994,3,1012.6099999999999,swap,acceptBad
1724,13,4417.95,3,1012.6099999999999,swap,acceptBad
1725,13,4409.41,3,1012.6099999999999,swap,improve
1726,13,4439.719999999999,3,1012.6099999999999,2opt,acceptBad
1727,13,4453.789999999999,3,1012.6099999999999,swap,acceptBad
1728,13,4453.789999999999,3,1012.6099999999999,2opt,notBad
1729,13,4434.679999999999,3,1012.6099999999999,2opt,improve
1730,13,4198.9000000000015,3,1012.6099999999999,2opt,improve
1731,13,3542.7799999999993,3,1012.6099999999999,move,improve
1732,13,3535.0099999999993,3,1012.6099999999999,swap,improve
1733,13,3516.8099999999995,3,1012.6099999999999,move,improve
1734,13,3510.3699999999994,3,1012.6099999999999,move,improve
1735,13,4075.580000000001,3,1012.6099999999999,swap,acceptBad
1736,13,4085.4500000000007,3,1012.6099999999999,swap,acceptBad
1737,13,4085.4500000000007,3,1012.6099999999999,2opt,improve
1738,13,3997.5400000000013,3,1012.6099999999999,swap,improve
1739,13,3683.6699999999996,3,1012.6099999999999,move,improve
1740,13,3674.6399999999994,3,1012.6099999999999,swap,improve
1741,13,3623.7499999999995,3,1012.6099999999999,move,improve
1742,13,3620.3899999999994,3,1012.6099999999999,move,improve
1743,13,3638.3099999999995,3,1012.6099999999999,2opt,acceptBad
1744,13,3638.3099999999995,3,1012.6099999999999,move,improve
1745,13,3848.4300000000007,3,1012.6099999999999,swap,acceptBad
1746,13,3891.5500000000006,3,1012.6099999999999,swap,acceptBad
1747,13,3736.5700000000006,3,1012.6099999999999,move,improve
1748,13,3736.2900000000004,3,1012.6099999999999,2opt,improve
1749,13,3752.3900000000003,3,1012.6099999999999,swap,acceptBad
1750,13,3750.5000000000005,3,1012.6099999999999,2opt,improve
1751,13,3750.5000000000005,3,1012.6099999999999,2opt,notBad
1752,13,3626.9600000000005,3,1012.6099999999999,swap,improve
1753,13,3611.21,3,1012.6099999999999,2opt,improve
1754,13,3611.21,3,1012.6099999999999,2opt,notBad
1755,13,3315.4300000000003,3,1012.6099999999999,move,improve
1756,13,3315.4300000000003,3,1012.6099999999999,2opt,notBad
1757,13,3315.4300000000003,3,1012.6099999999999,2opt,notBad
1758,13,3317.25,3,1012.6099999999999,swap,acceptBad
1759,13,3322.3599999999997,3,1012.6099999999999,2opt,acceptBad
1760,13,3338.1099999999997,3,1012.6099999999999,swap,acceptBad
1761,13,3300.24,3,1012.6099999999999,move,improve
1762,13,3300.24,3,1012.6099999999999,2opt,notBad
1763,13,3300.24,3,1012.6099999999999,move,improve
1764,13,3309.8299999999995,3,1012.6099999999999,2opt,acceptBad
1765,13,3312.7,3,1012.6099999999999,swap,acceptBad
1766,13,3306.539999999999,3,1012.6099999999999,2opt,improve
1767,13,3280.149999999999,3,1012.6099999999999,move,improve
1768,13,3221.1799999999994,3,1012.6099999999999,swap,improve
1769,13,3214.3899999999994,3,1012.6099999999999,2opt,improve
1770,13,3214.7399999999993,3,1012.6099999999999,2opt,acceptBad
1771,13,3534.2199999999993,3,1012.6099999999999,swap,acceptBad
1772,13,3529.3199999999997,3,1012.6099999999999,move,improve
1773,13,3696.6799999999994,3,1012.6099999999999,swap,acceptBad
1774,13,3696.6799999999994,3,1012.6099999999999,move,improve
1775,13,3735.7399999999993,3,1012.6099999999999,2opt,acceptBad
1776,13,3761.1499999999996,3,1012.6099999999999,swap,acceptBad
1777,13,3777.1800000000003,3,1012.6099999999999,2opt,acceptBad
1778,13,3777.1800000000003,3,1012.6099999999999,2opt,notBad
1779,13,3773.7500000000005,3,1012.6099999999999,move,improve
1780,13,3773.7500000000005,3,1012.6099999999999,move,improve
1781,13,3780.26,3,1012.6099999999999,swap,acceptBad
1782,13,3760.84,3,1012.6099999999999,swap,improve
1783,13,3678.3199999999997,3,1012.6099999999999,swap,improve
1784,13,3678.3900000000003,3,1012.6099999999999,swap,acceptBad
1785,13,3382.65,3,1012.6099999999999,move,improve
1786,13,3382.65,3,1012.6099999999999,move,improve
1787,13,3388.67,3,1012.6099999999999,swap,acceptBad
1788,13,3500.9699999999993,3,1012.6099999999999,swap,acceptBad
1789,13,3461.579999999999,3,1012.6099999999999,swap,improve
1790,13,3398.9499999999994,3,1012.6099999999999,move,improve
1791,13,3414.629999999999,3,1012.6099999999999,swap,acceptBad
1792,13,3410.710000000001,3,1012.6099999999999,2opt,improve
1793,13,3429.4299999999994,3,1012.6099999999999,2opt,acceptBad
1794,13,3429.4299999999994,3,1012.6099999999999,2opt,improve
1795,13,3429.4299999999994,3,1012.6099999999999,move,improve
1796,13,3429.4299999999994,3,1012.6099999999999,2opt,notBad
1797,13,3421.029999999999,3,1012.6099999999999,swap,improve
1798,13,3421.029999999999,3,1012.6099999999999,2opt,notBad
1799,13,3391.7700000000004,3,1012.6099999999999,2opt,improve
1800,13,3382.25,3,1012.6099999999999,2opt,improve
1801,13,3414.52,3,1012.6099999999999,swap,acceptBad
1802,13,3609.0499999999997,3,1012.6099999999999,swap,acceptBad
1803,13,3564.46,3,1012.6099999999999,swap,improve
1804,13,3602.4,3,1012.6099999999999,swap,acceptBad
1805,13,3598.9,3,1012.6099999999999,swap,improve
1806,12,3031.33,3,1012.6099999999999,move,improve
1807,12,3027.76,3,1012.6099999999999,swap,improve
1808,12,3230.3999999999996,3,1012.6099999999999,move,acceptBad
1809,12,3222.3499999999995,3,1012.6099999999999,swap,improve
1810,12,3197.0099999999993,3,1012.6099999999999,2opt,improve
1811,12,3212.6899999999996,3,1012.6099999999999,2opt,acceptBad
1812,12,3204.4999999999995,3,1012.6099999999999,2opt,improve
1813,12,3204.4999999999995,3,1012.6099999999999,swap,notBad
1814,12,3204.4999999999995,3,1012.6099999999999,2opt,notBad
1815,12,3192.6699999999996,3,1012.6099999999999,move,improve
1816,12,3212.8999999999996,3,1012.6099999999999,2opt,acceptBad
1817,12,3212.8999999999996,3,1012.6099999999999,move,improve
1818,12,3140.3299999999995,3,1012.6099999999999,move,improve
1819,12,3137.0399999999995,3,1012.6099999999999,2opt,improve
1820,12,3154.12,3,1012.6099999999999,2opt,acceptBad
1821,12,3135.1499999999996,3,1012.6099999999999,move,improve
1822,12,3120.0299999999997,3,1012.6099999999999,swap,improve
1823,12,3064.45,3,1012.6099999999999,2opt,improve
1824,12,3064.45,3,1012.6099999999999,2opt,notBad
1825,12,3050.87,3,1012.6099999999999,swap,improve
1826,12,3058.9700000000003,3,1012.6099999999999,swap,acceptBad
1827,12,3053.0200000000004,3,1012.6099999999999,move,improve
1828,12,2787.6600000000003,3,1012.6099999999999,move,improve
1829,12,2809.3600000000006,3,1012.6099999999999,swap,acceptBad
1830,12,2805.5800000000004,3,1012.6099999999999,move,improve
1831,12,2836.6600000000003,3,1012.6099999999999,swap,acceptBad
1832,12,2833.7200000000003,3,1012.6099999999999,move,improve
1833,12,2833.7200000000003,3,1012.6099999999999,2opt,notBad
1834,12,2839.67,3,1012.6099999999999,swap,acceptBad
1835,12,2860.2000000000007,3,1012.6099999999999,swap,acceptBad
1836,12,2860.2000000000007,3,1012.6099999999999,move,improve
1837,12,2853.4100000000008,3,1012.6099999999999,move,improve
1838,12,2853.4100000000008,3,1012.6099999999999,move,improve
1839,12,2830.590000000001,3,1012.6099999999999,2opt,improve
1840,12,2819.46,3,1012.6099999999999,2opt,improve
1841,12,2810.9900000000002,3,1012.6099999999999,2opt,improve
1842,12,2857.8900000000003,3,1012.6099999999999,swap,acceptBad
1843,12,2857.8900000000003,3,1012.6099999999999,2opt,notBad
1844,12,2789.4699999999993,3,1012.6099999999999,move,improve
1845,12,3018.25,3,1012.6099999999999,swap,acceptBad
1846,12,3018.39,3,1012.6099999999999,2opt,acceptBad
1847,12,3040.93,3,1012.6099999999999,swap,acceptBad
1848,12,3040.93,3,1012.6099999999999,2opt,improve
1849,12,3038.34,3,1012.6099999999999,2opt,improve
1850,12,2987.7300000000005,3,1012.6099999999999,2opt,improve
1851,12,3013.0,3,1012.6099999999999,swap,acceptBad
1852,12,3012.8600000000006,3,1012.6099999999999,move,improve
1853,12,2998.8600000000006,3,1012.6099999999999,swap,improve
1854,12,3002.1500000000005,3,1012.6099999999999,swap,acceptBad
1855,12,2884.790000000001,3,1012.6099999999999,move,improve
1856,11,2373.2200000000003,3,1012.6099999999999,move,improve
1857,11,2372.38,3,1012.6099999999999,move,improve
1858,11,2372.38,3,1012.6099999999999,2opt,notBad
1859,11,2372.38,3,1012.6099999999999,2opt,notBad
1860,11,2413.01,3,1012.6099999999999,swap,acceptBad
1861,11,2473.4299999999994,3,1012.6099999999999,2opt,acceptBad
1862,11,2474.7599999999998,3,1012.6099999999999,2opt,acceptBad
1863,11,2474.7599999999998,3,1012.6099999999999,2opt,notBad
1864,11,2455.16,3,1012.6099999999999,move,improve
1865,11,2446.13,3,1012.6099999999999,swap,improve
1866,11,2483.2299999999996,3,1012.6099999999999,swap,acceptBad
1867,11,2483.2299999999996,3,1012.6099999999999,2opt,notBad
1868,11,2483.2299999999996,3,1012.6099999999999,2opt,notBad
1869,11,2491.21,3,1012.6099999999999,2opt,acceptBad
1870,11,2440.6,3,1012.6099999999999,swap,improve
1871,11,2439.8999999999996,3,1012.6099999999999,move,improve
1872,11,2509.41,3,1012.6099999999999,swap,acceptBad
1873,11,2511.4400000000005,3,1012.6099999999999,2opt,acceptBad
1874,11,2509.76,3,1012.6099999999999,move,improve
1875,11,2485.4700000000003,3,1012.6099999999999,move,improve
1876,11,2485.6800000000003,3,1012.6099999999999,2opt,acceptBad
1877,11,2490.4400000000005,3,1012.6099999999999,swap,acceptBad
1878,11,2490.4400000000005,3,1012.6099999999999,move,improve
1879,11,2477.6100000000006,3,1012.6099999999999,move,improve
1880,11,2477.6100000000006,3,1012.6099999999999,2opt,notBad
1881,11,2674.29,3,1012.6099999999999,swap,acceptBad
1882,11,2684.2300000000005,3,1012.6099999999999,swap,acceptBad
1883,11,2665.75,3,1012.6099999999999,move,improve
1884,11,2665.75,3,1012.6099999999999,2opt,notBad
1885,11,2750.29,3,1012.6099999999999,swap,acceptBad
1886,11,2750.29,3,1012.6099999999999,2opt,improve
1887,11,2750.5700000000006,3,1012.6099999999999,swap,acceptBad
1888,11,2778.71,3,1012.6099999999999,swap,acceptBad
1889,11,2770.03,3,1012.6099999999999,swap,improve
1890,11,2811.9600000000005,3,1012.6099999999999,swap,acceptBad
1891,11,2808.8100000000004,3,1012.6099999999999,move,improve
1892,11,2763.1000000000004,3,1012.6099999999999,move,improve
1893,11,2703.3400000000006,3,1012.6099999999999,swap,improve
1894,11,2680.7299999999996,3,1012.6099999999999,2opt,improve
1895,11,2666.0299999999993,3,1012.6099999999999,swap,improve
1896,11,2657.209999999999,3,1012.6099999999999,swap,improve
1897,11,2637.8899999999994,3,1012.6099999999999,2opt,improve
1898,11,2637.8899999999994,3,1012.6099999999999,move,improve
1899,11,2637.8899999999994,3,1012.6099999999999,move,improve
1900,11,2594.21,3,1012.6099999999999,move,improve
1901,11,2594.21,3,1012.6099999999999,2opt,notBad
1902,11,2611.2199999999993,3,1012.6099999999999,2opt,acceptBad
1903,11,2671.8399999999992,3,1012.6099999999999,swap,acceptBad
1904,11,2671.1399999999994,3,1012.6099999999999,swap,improve
1905,11,2751.0599999999995,3,1012.6099999999999,swap,acceptBad
1906,11,2754.7699999999995,3,1012.6099999999999,swap,acceptBad
1907,11,2751.7599999999993,3,1012.6099999999999,2opt,improve
1908,11,2764.2200000000003,3,1012.6099999999999,2opt,acceptBad
1909,11,2740.629999999999,3,1012.6099999999999,2opt,improve
1910,11,2741.8199999999997,3,1012.6099999999999,2opt,acceptBad
1911,11,2725.16,3,1012.6099999999999,2opt,improve
1912,11,2711.5099999999998,3,1012.6099999999999,move,improve
1913,11,2711.5099999999998,3,1012.6099999999999,move,improve
1914,11,2754.21,3,1012.6099999999999,2opt,acceptBad
1915,11,2754.6300000000006,3,1012.6099999999999,swap,acceptBad
1916,11,2754.28,3,1012.6099999999999,swap,improve
1917,11,2754.28,3,1012.6099999999999,move,improve
1918,11,2754.28,3,1012.6099999999999,2opt,notBad
1919,11,2754.28,3,1012.6099999999999,move,improve
1920,11,2570.75,3,1012.6099999999999,move,improve
1921,11,2570.75,3,1012.6099999999999,2opt,notBad
1922,11,2572.8499999999995,3,1012.6099999999999,2opt,acceptBad
1923,11,2572.0099999999993,3,1012.6099999999999,move,improve
1924,11,2581.5999999999995,3,1012.6099999999999,swap,acceptBad
1925,11,2576.9799999999996,3,1012.6099999999999,move,improve
1926,11,2397.37,3,1012.6099999999999,move,improve
1927,11,2392.7499999999995,3,1012.6099999999999,swap,improve
1928,11,2393.87,3,1012.6099999999999,swap,acceptBad
1929,11,2400.87,3,1012.6099999999999,2opt,acceptBad
1930,11,2400.87,3,1012.6099999999999,move,improve
1931,11,2400.87,3,1012.6099999999999,2opt,notBad
1932,11,2389.7400000000002,3,1012.6099999999999,2opt,improve
1933,11,2400.66,3,1012.6099999999999,swap,acceptBad
1934,11,2477.17,3,1012.6099999999999,swap,acceptBad
1935,11,2461.3500000000004,3,1012.6099999999999,move,improve
1936,11,2461.3500000000004,3,1012.6099999999999,2opt,improve
1937,11,2461.3500000000004,3,1012.6099999999999,2opt,notBad
1938,11,2461.3500000000004,3,1012.6099999999999,move,improve
1939,11,2461.3500000000004,3,1012.6099999999999,2opt,notBad
1940,11,2454.91,3,1012.6099999999999,move,improve
1941,11,2456.59,3,1012.6099999999999,swap,acceptBad
1942,11,2477.94,3,1012.6099999999999,swap,acceptBad
1943,11,2465.27,3,1012.6099999999999,swap,improve
1944,11,2465.27,3,1012.6099999999999,move,improve
1945,11,2438.67,3,1012.6099999999999,move,improve
1946,11,2437.8999999999996,3,1012.6099999999999,move,improve
1947,11,2425.4399999999996,3,1012.6099999999999,2opt,improve
1948,11,2432.16,3,1012.6099999999999,swap,acceptBad
1949,11,2432.16,3,1012.6099999999999,2opt,improve
1950,11,2439.58,3,1012.6099999999999,swap,acceptBad
1951,11,2454.5599999999995,3,1012.6099999999999,swap,acceptBad
1952,11,2387.74,3,1012.6099999999999,move,improve
1953,11,2383.8199999999997,3,1012.6099999999999,swap,improve
1954,11,2383.8199999999997,3,1012.6099999999999,2opt,notBad
1955,11,2375.63,3,1012.6099999999999,2opt,improve
1956,11,2612.14,3,1012.6099999999999,swap,acceptBad
1957,11,2595.13,3,1012.6099999999999,swap,improve
1958,11,2560.55,3,1012.6099999999999,move,improve
1959,11,2581.2000000000003,3,1012.6099999999999,swap,acceptBad
1960,11,2578.33,3,1012.6099999999999,swap,improve
1961,11,2575.67,3,1012.6099999999999,move,improve
1962,11,2575.67,3,1012.6099999999999,swap,notBad
1963,11,2575.67,3,1012.6099999999999,2opt,improve
1964,11,2575.67,3,1012.6099999999999,2opt,notBad
1965,11,2541.16,3,1012.6099999999999,move,improve
1966,11,2530.52,3,1012.6099999999999,swap,improve
1967,11,2530.52,3,1012.6099999999999,2opt,notBad
1968,11,2553.9,3,1012.6099999999999,swap,acceptBad
1969,11,2546.9700000000003,3,1012.6099999999999,swap,improve
1970,11,2570.5599999999995,3,1012.6099999999999,2opt,acceptBad
1971,11,2569.58,3,1012.6099999999999,move,improve
1972,11,2649.3799999999997,3,1012.6099999999999,swap,acceptBad
1973,11,2626.4199999999996,3,1012.6099999999999,move,improve
1974,11,2611.0199999999995,3,1012.6099999999999,move,improve
1975,11,2634.9599999999996,3,1012.6099999999999,2opt,acceptBad
1976,11,2636.3599999999997,3,1012.6099999999999,swap,acceptBad
1977,11,2628.38,3,1012.6099999999999,2opt,improve
1978,11,2635.38,3,1012.6099999999999,2opt,acceptBad
1979,11,2663.17,3,1012.6099999999999,swap,acceptBad
1980,11,2655.82,3,1012.6099999999999,move,improve
1981,11,2684.73,3,1012.6099999999999,swap,acceptBad
1982,11,2684.73,3,1012.6099999999999,move,improve
1983,11,2684.73,3,1012.6099999999999,move,improve
1984,11,2684.73,3,1012.6099999999999,move,improve
1985,11,2674.7200000000003,3,1012.6099999999999,swap,improve
1986,11,2688.44,3,1012.6099999999999,swap,acceptBad
1987,11,2688.44,3,1012.6099999999999,2opt,notBad
1988,11,2684.3100000000004,3,1012.6099999999999,2opt,improve
1989,11,2683.89,3,1012.6099999999999,move,improve
1990,11,2691.7999999999997,3,1012.6099999999999,swap,acceptBad
1991,11,2691.7999999999997,3,1012.6099999999999,2opt,notBad
1992,11,2699.01,3,1012.6099999999999,swap,acceptBad
1993,11,2699.01,3,1012.6099999999999,move,improve
1994,11,2689.56,3,1012.6099999999999,move,improve
1995,11,2718.61,3,1012.6099999999999,2opt,acceptBad
1996,11,2694.46,3,1012.6099999999999,swap,improve
1997,11,2692.85,3,1012.6099999999999,swap,improve
1998,11,2692.85,3,1012.6099999999999,2opt,notBad
1999,11,2702.72,3,1012.6099999999999,2opt,acceptBad
2000,11,2717.5600000000004,3,1012.6099999999999,2opt,acceptBad
2001,11,2717.5600000000004,3,1012.6099999999999,swap,notBad
2002,11,2714.34,3,1012.6099999999999,move,improve
2003,11,2714.34,3,1012.6099999999999,swap,notBad
2004,11,2714.34,3,1012.6099999999999,move,improve
2005,11,2726.17,3,1012.6099999999999,2opt,acceptBad
2006,11,2720.92,3,1012.6099999999999,swap,improve
2007,11,2673.39,3,1012.6099999999999,2opt,improve
2008,11,2676.75,3,1012.6099999999999,2opt,acceptBad
2009,11,2629.3499999999995,3,1012.6099999999999,move,improve
2010,11,2629.3499999999995,3,1012.6099999999999,2opt,improve
2011,11,2607.16,3,1012.6099999999999,move,improve
2012,11,2607.16,3,1012.6099999999999,move,improve
2013,11,2563.6199999999994,3,1012.6099999999999,move,improve
2014,11,2548.7799999999997,3,1012.6099999999999,swap,improve
2015,11,2548.7799999999997,3,1012.6099999999999,move,improve
2016,11,2531.0699999999997,3,1012.6099999999999,2opt,improve
2017,11,2531.0699999999997,3,1012.6099999999999,2opt,notBad
2018,11,2544.5099999999998,3,1012.6099999999999,2opt,acceptBad
2019,11,2544.5099999999998,3,1012.6099999999999,2opt,notBad
2020,11,2544.5099999999998,3,1012.6099999999999,2opt,notBad
2021,11,2544.5099999999998,3,1012.6099999999999,move,improve
2022,11,2527.75,3,1012.6099999999999,swap,improve
2023,11,2522.29,3,1012.6099999999999,move,improve
2024,11,2528.5199999999995,3,1012.6099999999999,swap,acceptBad
2025,11,2528.5199999999995,3,1012.6099999999999,2opt,improve
2026,11,2545.46,3,1012.6099999999999,2opt,acceptBad
2027,11,2613.2299999999996,3,1012.6099999999999,2opt,acceptBad
2028,11,2606.37,3,1012.6099999999999,2opt,improve
2029,11,2471.8499999999995,3,1012.6099999999999,move,improve
2030,11,2503.8399999999997,3,1012.6099999999999,swap,acceptBad
2031,11,2503.8399999999997,3,1012.6099999999999,move,improve
2032,11,2503.8399999999997,3,1012.6099999999999,move,notBad
2033,11,2503.8399999999997,3,1012.6099999999999,swap,notBad
2034,11,2562.7099999999996,3,1012.6099999999999,swap,acceptBad
2035,11,2395.92,3,1012.6099999999999,swap,improve
2036,11,2395.92,3,1012.6099999999999,2opt,notBad
2037,11,2395.92,3,1012.6099999999999,2opt,notBad
2038,11,2590.17,3,1012.6099999999999,swap,acceptBad
2039,11,2583.8,3,1012.6099999999999,move,improve
2040,11,2577.71,3,1012.6099999999999,2opt,improve
2041,11,2648.41,3,1012.6099999999999,swap,acceptBad
2042,11,2714.3799999999997,3,1012.6099999999999,swap,acceptBad
2043,11,2707.7999999999997,3,1012.6099999999999,swap,improve
2044,11,2673.0799999999995,3,1012.6099999999999,move,improve
2045,11,2693.7299999999996,3,1012.6099999999999,swap,acceptBad
2046,11,2680.7799999999993,3,1012.6099999999999,move,improve
2047,11,2637.7299999999996,3,1012.6099999999999,move,improve
2048,11,2612.88,3,1012.6099999999999,2opt,improve
2049,11,2612.88,3,1012.6099999999999,move,improve
2050,11,2612.88,3,1012.6099999999999,2opt,notBad
2051,11,2847.29,3,1012.6099999999999,swap,acceptBad
2052,11,2861.15,3,1012.6099999999999,swap,acceptBad
2053,11,2861.15,3,1012.6099999999999,2opt,notBad
2054,11,2864.8599999999997,3,1012.6099999999999,swap,acceptBad
2055,11,2599.69,3,1012.6099999999999,move,improve
2056,11,2579.88,3,1012.6099999999999,move,improve
2057,11,2593.9100000000003,3,1012.6099999999999,swap,acceptBad
2058,11,2593.9100000000003,3,1012.6099999999999,swap,notBad
2059,11,2612.9500000000007,3,1012.6099999999999,swap,acceptBad
2060,11,2580.4700000000003,3,1012.6099999999999,2opt,improve
2061,11,2660.4799999999996,3,1012.6099999999999,swap,acceptBad
2062,11,2638.5699999999997,3,1012.6099999999999,swap,improve
2063,11,2652.2200000000003,3,1012.6099999999999,2opt,acceptBad
2064,11,2658.66,3,1012.6099999999999,swap,acceptBad
2065,11,2644.2699999999995,3,1012.6099999999999,swap,improve
2066,11,2643.1500000000005,3,1012.6099999999999,2opt,improve
2067,11,2644.83,3,1012.6099999999999,2opt,acceptBad
2068,11,2636.5,3,1012.6099999999999,move,improve
2069,11,2691.8700000000003,3,1012.6099999999999,swap,acceptBad
2070,11,2691.8700000000003,3,1012.6099999999999,2opt,notBad
2071,11,2655.9300000000003,3,1012.6099999999999,swap,improve
2072,11,2655.9300000000003,3,1012.6099999999999,swap,improve
2073,11,2632.13,3,1012.6099999999999,2opt,improve
2074,11,2638.01,3,1012.6099999999999,swap,acceptBad
2075,11,2620.09,3,1012.6099999999999,move,improve
2076,11,2620.09,3,1012.6099999999999,move,improve
2077,11,2526.6499999999996,3,1012.6099999999999,move,improve
2078,11,2509.5099999999998,3,1012.6099999999999,move,improve
2079,11,2503.35,3,1012.6099999999999,swap,improve
2080,11,2547.5199999999995,3,1012.6099999999999,swap,acceptBad
2081,11,2547.5199999999995,3,1012.6099999999999,move,improve
2082,11,2514.8999999999996,3,1012.6099999999999,move,improve
2083,11,2514.8999999999996,3,1012.6099999999999,move,improve
2084,11,2497.63,3,1012.6099999999999,move,improve
2085,11,2515.41,3,1012.6099999999999,swap,acceptBad
2086,11,2466.89,3,1012.6099999999999,move,improve
2087,11,2435.81,3,1012.6099999999999,move,improve
2088,11,2449.81,3,1012.6099999999999,2opt,acceptBad
2089,11,2470.7399999999993,3,1012.6099999999999,2opt,acceptBad
2090,11,2485.4399999999996,3,1012.6099999999999,swap,acceptBad
2091,11,2475.709999999999,3,1012.6099999999999,swap,improve
2092,11,2475.5699999999997,3,1012.6099999999999,move,improve
2093,11,2475.5699999999997,3,1012.6099999999999,2opt,notBad
2094,11,2485.1599999999994,3,1012.6099999999999,swap,acceptBad
2095,11,2458.2599999999993,3,1012.6099999999999,move,improve
2096,11,2487.87,3,1012.6099999999999,2opt,acceptBad
2097,11,2476.67,3,1012.6099999999999,move,improve
2098,11,2485.6999999999994,3,1012.6099999999999,2opt,acceptBad
2099,11,2448.879999999999,3,1012.6099999999999,swap,improve
2100,11,2433.619999999999,3,1012.6099999999999,move,improve
2101,11,2433.619999999999,3,1012.6099999999999,swap,notBad
2102,11,2382.029999999999,3,1012.6099999999999,move,improve
2103,11,2382.029999999999,3,1012.6099999999999,2opt,improve
2104,11,2382.029999999999,3,1012.6099999999999,2opt,notBad
2105,11,2359.419999999999,3,1012.6099999999999,move,improve
2106,11,2371.3900000000003,3,1012.6099999999999,2opt,acceptBad
2107,11,2385.9499999999994,3,1012.6099999999999,2opt,acceptBad
2108,11,2370.6199999999994,3,1012.6099999999999,swap,improve
2109,11,2354.3099999999995,3,1012.6099999999999,move,improve
2110,11,2341.9199999999996,3,1012.6099999999999,move,improve
2111,11,2341.9199999999996,3,1012.6099999999999,2opt,notBad
2112,11,2341.9199999999996,3,1012.6099999999999,2opt,notBad
2113,11,2356.9699999999993,3,1012.6099999999999,swap,acceptBad
2114,11,2135.0299999999993,3,1012.6099999999999,move,improve
2115,11,2135.0299999999993,3,1012.6099999999999,swap,notBad
2116,11,2135.0299999999993,3,1012.6099999999999,move,improve
2117,11,2135.0299999999993,3,1012.6099999999999,2opt,notBad
2118,11,2112.1400000000003,3,1012.6099999999999,2opt,improve
2119,11,2126.28,3,1012.6099999999999,swap,acceptBad
2120,11,2126.28,3,1012.6099999999999,swap,notBad
2121,11,2121.3100000000004,3,1012.6099999999999,move,improve
2122,11,2084.0,3,1012.6099999999999,move,improve
2123,11,2138.81,3,1012.6099999999999,2opt,acceptBad
2124,11,2138.81,3,1012.6099999999999,move,improve
2125,11,2138.81,3,1012.6099999999999,2opt,notBad
2126,11,2138.81,3,1012.6099999999999,move,improve
2127,11,2138.81,3,1012.6099999999999,2opt,notBad
2128,11,2237.8900000000003,3,1012.6099999999999,swap,acceptBad
2129,11,2237.8900000000003,3,1012.6099999999999,swap,notBad
2130,11,2168.2099999999996,3,1012.6099999999999,2opt,improve
2131,11,2168.2099999999996,3,1012.6099999999999,move,improve
2132,11,2168.2099999999996,3,1012.6099999999999,move,improve
2133,11,2168.2099999999996,3,1012.6099999999999,move,improve
2134,11,2204.05,3,1012.6099999999999,swap,acceptBad
2135,11,2204.05,3,1012.6099999999999,2opt,improve
2136,11,2204.05,3,1012.6099999999999,2opt,notBad
2137,11,2203.9099999999994,3,1012.6099999999999,2opt,improve
2138,11,2203.419999999999,3,1012.6099999999999,2opt,improve
2139,11,2203.419999999999,3,1012.6099999999999,move,improve
2140,11,2199.919999999999,3,1012.6099999999999,swap,improve
2141,11,2280.5199999999995,3,1012.6099999999999,swap,acceptBad
2142,11,2249.369999999999,3,1012.6099999999999,swap,improve
2143,11,2246.4299999999994,3,1012.6099999999999,swap,improve
2144,11,2246.4299999999994,3,1012.6099999999999,2opt,notBad
2145,10,1983.6899999999994,3,1012.6099999999999,move,improve
2146,10,2011.8299999999992,3,1012.6099999999999,swap,acceptBad
2147,10,2084.419999999999,3,1012.6099999999999,swap,acceptBad
2148,10,2097.2299999999996,3,1012.6099999999999,2opt,acceptBad
2149,10,2091.209999999999,3,1012.6099999999999,swap,improve
2150,10,2066.7799999999997,3,1012.6099999999999,move,improve
2151,10,2068.6699999999996,3,1012.6099999999999,2opt,acceptBad
2152,10,2066.2199999999993,3,1012.6099999999999,move,improve
2153,10,2015.4299999999998,3,1012.6099999999999,move,improve
2154,10,1993.59,3,1012.6099999999999,2opt,improve
2155,10,2021.24,3,1012.6099999999999,swap,acceptBad
2156,10,2010.04,3,1012.6099999999999,swap,improve
2157,10,2010.04,3,1012.6099999999999,2opt,improve
2158,10,2010.04,3,1012.6099999999999,swap,notBad
2159,10,2002.06,3,1012.6099999999999,2opt,improve
2160,10,2002.06,3,1012.6099999999999,swap,notBad
2161,10,2002.06,3,1012.6099999999999,swap,notBad
2162,10,2027.12,3,1012.6099999999999,swap,acceptBad
2163,10,2027.12,3,1012.6099999999999,move,improve
2164,10,2052.25,3,1012.6099999999999,swap,acceptBad
2165,9,1877.99,3,1012.6099999999999,move,improve
2166,9,1877.99,3,1012.6099999999999,swap,notBad
2167,9,1877.99,3,1012.6099999999999,swap,notBad
2168,9,1835.7900000000002,3,1012.6099999999999,move,improve
2169,9,1835.7900000000002,3,1012.6099999999999,2opt,notBad
2170,9,1840.1999999999998,3,1012.6099999999999,swap,acceptBad
2171,9,1813.2499999999998,3,1012.6099999999999,2opt,improve
2172,9,1813.2499999999998,3,1012.6099999999999,2opt,notBad
2173,9,1806.5999999999997,3,1012.6099999999999,move,improve
2174,9,1916.4299999999998,3,1012.6099999999999,swap,acceptBad
2175,9,1893.2699999999995,3,1012.6099999999999,swap,improve
2176,9,1893.62,3,1012.6099999999999,2opt,acceptBad
2177,9,1893.62,3,1012.6099999999999,2opt,notBad
2178,9,1889.91,3,1012.6099999999999,2opt,improve
2179,9,1871.2800000000004,3,1012.6099999999999,move,improve
2180,9,1868.5499999999997,3,1012.6099999999999,2opt,improve
2181,9,1864.9099999999999,3,1012.6099999999999,swap,improve
2182,9,1852.24,3,1012.6099999999999,swap,improve
2183,9,1852.24,3,1012.6099999999999,move,improve
2184,9,1873.66,3,1012.6099999999999,swap,acceptBad
2185,9,1894.31,3,1012.6099999999999,2opt,acceptBad
2186,9,1892.3500000000001,3,1012.6099999999999,swap,improve
2187,9,1921.6100000000001,3,1012.6099999999999,2opt,acceptBad
2188,9,1921.6100000000001,3,1012.6099999999999,move,improve
2189,9,1876.95,3,1012.6099999999999,move,improve
2190,9,1876.95,3,1012.6099999999999,2opt,improve
2191,9,1891.72,3,1012.6099999999999,swap,acceptBad
2192,9,1773.96,3,1012.6099999999999,swap,improve
2193,9,1783.1999999999998,3,1012.6099999999999,swap,acceptBad
2194,9,1760.94,3,1012.6099999999999,move,improve
2195,9,1754.2199999999998,3,1012.6099999999999,move,improve
2196,9,1807.4899999999998,3,1012.6099999999999,swap,acceptBad
2197,9,1817.15,3,1012.6099999999999,2opt,acceptBad
2198,9,1831.9900000000002,3,1012.6099999999999,swap,acceptBad
2199,9,1925.96,3,1012.6099999999999,swap,acceptBad
2200,9,1935.48,3,1012.6099999999999,2opt,acceptBad
2201,9,1928.9700000000003,3,1012.6099999999999,move,improve
2202,9,1949.49,3,1012.6099999999999,swap,acceptBad
2203,9,1948.3000000000002,3,1012.6099999999999,2opt,improve
2204,9,1948.3000000000002,3,1012.6099999999999,2opt,improve
2205,9,1957.8900000000003,3,1012.6099999999999,2opt,acceptBad
2206,9,1976.7900000000004,3,1012.6099999999999,swap,acceptBad
2207,9,1995.0500000000006,3,1012.6099999999999,swap,acceptBad
2208,9,1956.13,3,1012.6099999999999,move,improve
2209,9,1957.46,3,1012.6099999999999,2opt,acceptBad
2210,9,1939.96,3,1012.6099999999999,move,improve
2211,9,1939.96,3,1012.6099999999999,move,improve
2212,9,1991.13,3,1012.6099999999999,swap,acceptBad
2213,9,2029.98,3,1012.6099999999999,swap,acceptBad
2214,9,2029.98,3,1012.6099999999999,move,improve
2215,9,2029.98,3,1012.6099999999999,2opt,improve
2216,9,1928.2,3,1012.6099999999999,swap,improve
2217,9,1903.9099999999999,3,1012.6099999999999,move,improve
2218,9,1925.1899999999998,3,1012.6099999999999,swap,acceptBad
2219,9,1911.4699999999998,3,1012.6099999999999,move,improve
2220,9,1940.3099999999997,3,1012.6099999999999,swap,acceptBad
2221,9,1943.6699999999998,3,1012.6099999999999,swap,acceptBad
2222,9,1931.4900000000002,3,1012.6099999999999,2opt,improve
2223,9,1930.0899999999997,3,1012.6099999999999,2opt,improve
2224,9,1919.87,3,1012.6099999999999,swap,improve
2225,9,1927.2199999999998,3,1012.6099999999999,swap,acceptBad
2226,9,1927.2199999999998,3,1012.6099999999999,move,improve
2227,9,1927.2199999999998,3,1012.6099999999999,move,improve
2228,9,1927.2199999999998,3,1012.6099999999999,2opt,notBad
2229,9,1924.0,3,1012.6099999999999,swap,improve
2230,9,1917.4199999999996,3,1012.6099999999999,2opt,improve
2231,9,1917.4199999999996,3,1012.6099999999999,move,improve
2232,9,1917.4199999999996,3,1012.6099999999999,2opt,notBad
2233,9,1917.4199999999996,3,1012.6099999999999,swap,notBad
2234,9,1917.4199999999996,3,1012.6099999999999,2opt,notBad
2235,9,1917.4199999999996,3,1012.6099999999999,move,improve
2236,9,1824.9199999999994,3,1012.6099999999999,move,improve
2237,9,1820.7199999999996,3,1012.6099999999999,swap,improve
2238,9,1821.3499999999995,3,1012.6099999999999,swap,acceptBad
2239,9,1817.6399999999996,3,1012.6099999999999,swap,improve
2240,9,1840.1099999999997,3,1012.6099999999999,swap,acceptBad
2241,9,1865.7999999999995,3,1012.6099999999999,swap,acceptBad
2242,9,1865.7999999999995,3,1012.6099999999999,2opt,notBad
2243,9,1865.7999999999995,3,1012.6099999999999,move,notBad
2244,9,2008.7499999999995,3,1012.6099999999999,swap,acceptBad
2245,9,2008.1199999999994,3,1012.6099999999999,move,improve
2246,9,2016.7299999999996,3,1012.6099999999999,swap,acceptBad
2247,9,2033.3899999999999,3,1012.6099999999999,2opt,acceptBad
2248,9,2027.44,3,1012.6099999999999,2opt,improve
2249,9,2035.2799999999997,3,1012.6099999999999,swap,acceptBad
2250,9,2035.2799999999997,3,1012.6099999999999,move,improve
2251,9,2019.5299999999997,3,1012.6099999999999,move,improve
2252,9,1994.33,3,1012.6099999999999,move,improve
2253,9,1976.4099999999999,3,1012.6099999999999,2opt,improve
2254,9,2045.15,3,1012.6099999999999,2opt,acceptBad
2255,9,2030.31,3,1012.6099999999999,move,improve
2256,9,2025.48,3,1012.6099999999999,move,improve
2257,9,2025.48,3,1012.6099999999999,2opt,improve
2258,9,2060.9,3,1012.6099999999999,swap,acceptBad
2259,9,2048.65,3,1012.6099999999999,swap,improve
2260,9,2048.65,3,1012.6099999999999,2opt,notBad
2261,9,2037.6599999999999,3,1012.6099999999999,2opt,improve
2262,9,2049.6299999999997,3,1012.6099999999999,swap,acceptBad
2263,9,2052.29,3,1012.6099999999999,swap,acceptBad
2264,9,2069.0199999999995,3,1012.6099999999999,2opt,acceptBad
2265,9,2057.1899999999996,3,1012.6099999999999,swap,improve
2266,9,2073.29,3,1012.6099999999999,swap,acceptBad
2267,9,2159.6,3,1012.6099999999999,swap,acceptBad
2268,9,2159.11,3,1012.6099999999999,move,improve
2269,9,2182.4900000000002,3,1012.6099999999999,swap,acceptBad
2270,9,2182.4900000000002,3,1012.6099999999999,2opt,notBad
2271,9,2193.55,3,1012.6099999999999,2opt,acceptBad
2272,9,2189.4900000000002,3,1012.6099999999999,move,improve
2273,9,2212.17,3,1012.6099999999999,swap,acceptBad
2274,9,2212.17,3,1012.6099999999999,2opt,notBad
2275,9,2212.17,3,1012.6099999999999,2opt,notBad
2276,9,2212.17,3,1012.6099999999999,2opt,notBad
2277,9,2170.87,3,1012.6099999999999,swap,improve
2278,9,2039.37,3,1012.6099999999999,move,improve
2279,9,2039.37,3,1012.6099999999999,swap,notBad
2280,9,2033.9799999999996,3,1012.6099999999999,move,improve
2281,9,2033.9799999999996,3,1012.6099999999999,2opt,notBad
2282,9,2033.9799999999996,3,1012.6099999999999,2opt,improve
2283,9,2033.9799999999996,3,1012.6099999999999,move,improve
2284,9,2034.12,3,1012.6099999999999,2opt,acceptBad
2285,9,2034.12,3,1012.6099999999999,move,improve
2286,9,2027.19,3,1012.6099999999999,swap,improve
2287,9,2007.73,3,1012.6099999999999,move,improve
2288,9,1984.0699999999997,3,1012.6099999999999,move,improve
2289,9,1890.0099999999998,3,1012.6099999999999,swap,improve
2290,9,1890.0099999999998,3,1012.6099999999999,2opt,notBad
2291,9,1890.0099999999998,3,1012.6099999999999,swap,notBad
2292,9,1890.0099999999998,3,1012.6099999999999,move,improve
2293,9,1870.27,3,1012.6099999999999,move,improve
2294,9,1863.4800000000005,3,1012.6099999999999,2opt,improve
2295,9,1868.5900000000001,3,1012.6099999999999,2opt,acceptBad
2296,9,1938.9899999999998,3,1012.6099999999999,swap,acceptBad
2297,9,1938.9899999999998,3,1012.6099999999999,move,improve
2298,9,1870.9600000000003,3,1012.6099999999999,swap,improve
2299,9,1870.0500000000002,3,1012.6099999999999,swap,improve
2300,9,1881.67,3,1012.6099999999999,swap,acceptBad
2301,9,1898.33,3,1012.6099999999999,swap,acceptBad
2302,9,1875.44,3,1012.6099999999999,move,improve
2303,9,1875.44,3,1012.6099999999999,move,improve
2304,9,1875.44,3,1012.6099999999999,move,improve
2305,9,1827.7000000000003,3,1012.6099999999999,swap,improve
2306,9,1821.96,3,1012.6099999999999,2opt,improve
2307,9,1813.8400000000001,3,1012.6099999999999,2opt,improve
2308,9,1813.8400000000001,3,1012.6099999999999,2opt,notBad
2309,9,1813.8400000000001,3,1012.6099999999999,2opt,improve
2310,9,1791.0899999999997,3,1012.6099999999999,2opt,improve
2311,9,1781.2199999999998,3,1012.6099999999999,move,improve
2312,9,1781.2199999999998,3,1012.6099999999999,2opt,improve
2313,9,1781.2199999999998,3,1012.6099999999999,move,improve
2314,9,1761.7600000000002,3,1012.6099999999999,move,improve
2315,9,1761.7600000000002,3,1012.6099999999999,move,improve
2316,9,1761.7600000000002,3,1012.6099999999999,move,improve
2317,9,1761.7600000000002,3,1012.6099999999999,2opt,notBad
2318,9,1751.27,3,1012.6099999999999,swap,improve
2319,9,1743.2200000000003,3,1012.6099999999999,swap,improve
2320,9,1743.2200000000003,3,1012.6099999999999,move,improve
2321,9,1743.2200000000003,3,1012.6099999999999,2opt,notBad
2322,9,1734.6100000000001,3,1012.6099999999999,move,improve
2323,9,1734.6100000000001,3,1012.6099999999999,2opt,notBad
2324,9,1734.6100000000001,3,1012.6099999999999,2opt,improve
2325,9,1726.35,3,1012.6099999999999,move,improve
2326,9,1708.0800000000004,3,1012.6099999999999,move,improve
2327,9,1725.3700000000003,3,1012.6099999999999,2opt,acceptBad
2328,9,1767.3000000000002,3,1012.6099999999999,swap,acceptBad
2329,9,1767.3000000000002,3,1012.6099999999999,move,improve
2330,9,1778.5700000000002,3,1012.6099999999999,swap,acceptBad
2331,9,1778.5700000000002,3,1012.6099999999999,move,improve
2332,9,1775.9100000000003,3,1012.6099999999999,move,improve
2333,9,1775.9100000000003,3,1012.6099999999999,2opt,notBad
2334,9,1777.1700000000005,3,1012.6099999999999,2opt,acceptBad
2335,9,1773.9500000000003,3,1012.6099999999999,move,improve
2336,9,1784.6600000000003,3,1012.6099999999999,swap,acceptBad
2337,9,1784.6600000000003,3,1012.6099999999999,2opt,notBad
2338,9,1784.6600000000003,3,1012.6099999999999,2opt,notBad
2339,9,1784.6600000000003,3,1012.6099999999999,2opt,notBad
2340,9,1784.6600000000003,3,1012.6099999999999,swap,notBad
2341,9,1773.8100000000004,3,1012.6099999999999,move,improve
2342,9,1773.8100000000004,3,1012.6099999999999,2opt,notBad
2343,9,1785.8200000000004,3,1012.6099999999999,swap,acceptBad
2344,9,1783.5100000000002,3,1012.6099999999999,2opt,improve
2345,9,1783.5100000000002,3,1012.6099999999999,move,notBad
2346,9,1783.5100000000002,3,1012.6099999999999,move,improve
2347,9,1783.5100000000002,3,1012.6099999999999,2opt,notBad
2348,9,1783.5100000000002,3,1012.6099999999999,2opt,notBad
2349,9,1783.3000000000002,3,1012.6099999999999,move,improve
2350,9,1767.8300000000002,3,1012.6099999999999,2opt,improve
2351,9,1767.8300000000002,3,1012.6099999999999,2opt,notBad
2352,9,1774.2000000000005,3,1012.6099999999999,2opt,acceptBad
2353,9,1767.9000000000003,3,1012.6099999999999,move,improve
2354,9,1794.5700000000004,3,1012.6099999999999,swap,acceptBad
2355,9,1794.5700000000004,3,1012.6099999999999,2opt,notBad
2356,9,1767.3400000000004,3,1012.6099999999999,move,improve
2357,9,1767.3400000000004,3,1012.6099999999999,move,improve
2358,9,1767.3400000000004,3,1012.6099999999999,move,notBad
2359,9,1767.3400000000004,3,1012.6099999999999,2opt,notBad
2360,9,1767.3400000000004,3,1012.6099999999999,2opt,improve
2361,9,1766.2200000000005,3,1012.6099999999999,move,improve
2362,9,1757.3300000000004,3,1012.6099999999999,move,improve
2363,9,1747.0400000000002,3,1012.6099999999999,move,improve
2364,9,1809.7600000000002,3,1012.6099999999999,swap,acceptBad
2365,9,1809.7600000000002,3,1012.6099999999999,move,improve
2366,9,1808.92,3,1012.6099999999999,swap,improve
2367,9,1796.9500000000003,3,1012.6099999999999,swap,improve
2368,9,1796.9500000000003,3,1012.6099999999999,2opt,notBad
2369,9,1796.9500000000003,3,1012.6099999999999,2opt,notBad
2370,9,1800.94,3,1012.6099999999999,swap,acceptBad
2371,9,1800.94,3,1012.6099999999999,2opt,notBad
2372,9,1784.2800000000002,3,1012.6099999999999,swap,improve
2373,9,1784.2800000000002,3,1012.6099999999999,2opt,improve
2374,9,1746.5500000000002,3,1012.6099999999999,swap,improve
2375,9,1732.4800000000002,3,1012.6099999999999,swap,improve
2376,9,1726.6000000000004,3,1012.6099999999999,move,improve
2377,9,1785.68,3,1012.6099999999999,swap,acceptBad
2378,9,1785.68,3,1012.6099999999999,swap,notBad
2379,9,1784.7900000000002,3,1012.6099999999999,move,improve
2380,9,1809.0100000000002,3,1012.6099999999999,swap,acceptBad
2381,9,1809.0100000000002,3,1012.6099999999999,move,improve
2382,9,1827.6300000000003,3,1012.6099999999999,2opt,acceptBad
2383,9,1827.8400000000004,3,1012.6099999999999,2opt,acceptBad
2384,9,1811.1100000000001,3,1012.6099999999999,2opt,improve
2385,9,1811.1100000000001,3,1012.6099999999999,swap,notBad
2386,9,1811.1100000000001,3,1012.6099999999999,2opt,notBad
2387,9,1811.1100000000001,3,1012.6099999999999,2opt,notBad
2388,9,1811.1100000000001,3,1012.6099999999999,2opt,notBad
2389,9,1809.7799999999997,3,1012.6099999999999,move,improve
2390,9,1809.7799999999997,3,1012.6099999999999,2opt,notBad
2391,9,1890.12,3,1012.6099999999999,swap,acceptBad
2392,9,1883.3999999999996,3,1012.6099999999999,move,improve
2393,9,1812.5899999999997,3,1012.6099999999999,move,improve
2394,9,1868.6599999999996,3,1012.6099999999999,swap,acceptBad
2395,9,1868.5899999999997,3,1012.6099999999999,move,improve
2396,9,1929.2299999999996,3,1012.6099999999999,swap,acceptBad
2397,9,1924.3099999999997,3,1012.6099999999999,move,improve
2398,9,1919.9599999999998,3,1012.6099999999999,move,improve
2399,9,1916.0399999999997,3,1012.6099999999999,2opt,improve
2400,9,1924.02,3,1012.6099999999999,swap,acceptBad
2401,9,1923.6699999999998,3,1012.6099999999999,swap,improve
2402,9,1934.87,3,1012.6099999999999,2opt,acceptBad
2403,9,1902.25,3,1012.6099999999999,move,improve
2404,9,1902.25,3,1012.6099999999999,2opt,improve
2405,9,1921.08,3,1012.6099999999999,swap,acceptBad
2406,9,1908.06,3,1012.6099999999999,move,improve
2407,9,1901.3399999999997,3,1012.6099999999999,2opt,improve
2408,9,1901.3399999999997,3,1012.6099999999999,2opt,notBad
2409,9,1881.3899999999999,3,1012.6099999999999,swap,improve
2410,9,1852.1999999999998,3,1012.6099999999999,move,improve
2411,9,1785.7099999999998,3,1012.6099999999999,2opt,improve
2412,9,1785.7099999999998,3,1012.6099999999999,2opt,notBad
2413,9,1786.62,3,1012.6099999999999,swap,acceptBad
2414,9,1752.3199999999997,3,1012.6099999999999,move,improve
2415,9,1752.3199999999997,3,1012.6099999999999,move,improve
2416,9,1752.3199999999997,3,1012.6099999999999,2opt,notBad
2417,9,1778.17,3,1012.6099999999999,2opt,acceptBad
2418,9,1795.67,3,1012.6099999999999,2opt,acceptBad
2419,9,1795.67,3,1012.6099999999999,2opt,notBad
2420,9,1840.96,3,1012.6099999999999,swap,acceptBad
2421,9,1838.3700000000001,3,1012.6099999999999,2opt,improve
2422,9,1833.8199999999997,3,1012.6099999999999,2opt,improve
2423,9,1834.3799999999997,3,1012.6099999999999,swap,acceptBad
2424,9,1803.9300000000003,3,1012.6099999999999,2opt,improve
2425,9,1803.9300000000003,3,1012.6099999999999,move,improve
2426,9,1803.9300000000003,3,1012.6099999999999,2opt,notBad
2427,9,1789.1600000000005,3,1012.6099999999999,swap,improve
2428,9,1730.4400000000005,3,1012.6099999999999,move,improve
2429,9,1730.4400000000005,3,1012.6099999999999,2opt,notBad
2430,9,1719.3100000000004,3,1012.6099999999999,move,improve
2431,9,1704.8900000000003,3,1012.6099999999999,2opt,improve
2432,9,1747.7300000000002,3,1012.6099999999999,2opt,acceptBad
2433,9,1749.3400000000001,3,1012.6099999999999,2opt,acceptBad
2434,9,1749.3400000000001,3,1012.6099999999999,2opt,notBad
2435,9,1749.3400000000001,3,1012.6099999999999,move,improve
2436,9,1749.3400000000001,3,1012.6099999999999,move,improve
2437,9,1749.3400000000001,3,1012.6099999999999,2opt,notBad
2438,9,1721.7600000000002,3,1012.6099999999999,2opt,improve
2439,9,1721.7600000000002,3,1012.6099999999999,move,improve
2440,9,1721.7600000000002,3,1012.6099999999999,move,improve
2441,9,1710.8400000000001,3,1012.6099999999999,move,improve
2442,9,1701.1100000000001,3,1012.6099999999999,move,improve
2443,9,1701.1100000000001,3,1012.6099999999999,move,improve
2444,9,1703.2099999999998,3,1012.6099999999999,2opt,acceptBad
2445,9,1703.2099999999998,3,1012.6099999999999,move,improve
2446,9,1748.57,3,1012.6099999999999,swap,acceptBad
2447,9,1748.57,3,1012.6099999999999,2opt,improve
2448,9,1748.08,3,1012.6099999999999,2opt,improve
2449,9,1748.08,3,1012.6099999999999,2opt,notBad
2450,9,1723.19,3,1012.6099999999999,move,improve
2451,9,1785.8399999999997,3,1012.6099999999999,swap,acceptBad
2452,9,1785.8399999999997,3,1012.6099999999999,move,improve
2453,9,1762.6,3,1012.6099999999999,swap,improve
2454,9,1762.6,3,1012.6099999999999,2opt,notBad
2455,9,1762.6,3,1012.6099999999999,swap,notBad
2456,9,1757.0700000000002,3,1012.6099999999999,2opt,improve
2457,9,1757.0700000000002,3,1012.6099999999999,2opt,notBad
2458,9,1757.0700000000002,3,1012.6099999999999,2opt,notBad
2459,9,1735.0900000000001,3,1012.6099999999999,swap,improve
2460,9,1769.26,3,1012.6099999999999,swap,acceptBad
2461,9,1804.98,3,1012.6099999999999,swap,acceptBad
2462,9,1779.1499999999996,3,1012.6099999999999,move,improve
2463,9,1779.1499999999996,3,1012.6099999999999,2opt,improve
2464,9,1779.1499999999996,3,1012.6099999999999,2opt,notBad
2465,9,1779.1499999999996,3,1012.6099999999999,2opt,notBad
2466,9,1779.1499999999996,3,1012.6099999999999,2opt,notBad
2467,9,1761.17,3,1012.6099999999999,move,improve
2468,9,1765.6699999999996,3,1012.6099999999999,swap,acceptBad
2469,9,1765.6699999999996,3,1012.6099999999999,2opt,notBad
2470,9,1765.6699999999996,3,1012.6099999999999,move,improve
2471,9,1765.6699999999996,3,1012.6099999999999,2opt,notBad
2472,9,1765.6699999999996,3,1012.6099999999999,2opt,notBad
2473,9,1729.8599999999997,3,1012.6099999999999,swap,improve
2474,9,1707.25,3,1012.6099999999999,swap,improve
2475,9,1707.25,3,1012.6099999999999,swap,notBad
2476,9,1707.25,3,1012.6099999999999,2opt,notBad
2477,9,1707.25,3,1012.6099999999999,2opt,notBad
2478,9,1763.3899999999999,3,1012.6099999999999,swap,acceptBad
2479,9,1752.6799999999998,3,1012.6099999999999,2opt,improve
2480,9,1724.89,3,1012.6099999999999,2opt,improve
2481,9,1724.96,3,1012.6099999999999,swap,acceptBad
2482,9,1724.96,3,1012.6099999999999,move,improve
2483,9,1720.55,3,1012.6099999999999,2opt,improve
2484,9,1720.55,3,1012.6099999999999,2opt,notBad
2485,9,1711.1699999999998,3,1012.6099999999999,move,improve
2486,9,1717.61,3,1012.6099999999999,2opt,acceptBad
2487,9,1728.6699999999998,3,1012.6099999999999,2opt,acceptBad
2488,9,1728.6699999999998,3,1012.6099999999999,move,improve
2489,9,1728.6699999999998,3,1012.6099999999999,move,improve
2490,9,1694.96,3,1012.6099999999999,move,improve
2491,9,1694.96,3,1012.6099999999999,2opt,improve
2492,9,1694.96,3,1012.6099999999999,move,improve
2493,9,1694.96,3,1012.6099999999999,2opt,notBad
2494,9,1705.1100000000001,3,1012.6099999999999,swap,acceptBad
2495,9,1705.1100000000001,3,1012.6099999999999,2opt,notBad
2496,9,1705.1100000000001,3,1012.6099999999999,move,improve
2497,9,1699.79,3,1012.6099999999999,move,improve
2498,9,1693.6999999999998,3,1012.6099999999999,swap,improve
2499,9,1693.6999999999998,3,1012.6099999999999,2opt,notBad
2500,9,1656.3199999999997,3,1012.6099999999999,swap,improve
2501,9,1649.3899999999999,3,1012.6099999999999,move,improve
2502,9,1649.3899999999999,3,1012.6099999999999,move,improve
2503,9,1649.3899999999999,3,1012.6099999999999,move,improve
2504,9,1649.3899999999999,3,1012.6099999999999,2opt,notBad
2505,9,1649.3899999999999,3,1012.6099999999999,swap,notBad
2506,9,1649.3899999999999,3,1012.6099999999999,move,improve
2507,9,1651.4199999999996,3,1012.6099999999999,2opt,acceptBad
2508,9,1650.5099999999998,3,1012.6099999999999,2opt,improve
2509,9,1631.4699999999998,3,1012.6099999999999,move,improve
2510,9,1633.2199999999998,3,1012.6099999999999,swap,acceptBad
2511,9,1686.4199999999996,3,1012.6099999999999,swap,acceptBad
2512,9,1686.4199999999996,3,1012.6099999999999,swap,notBad
2513,9,1686.4199999999996,3,1012.6099999999999,2opt,improve
2514,9,1686.4199999999996,3,1012.6099999999999,2opt,notBad
2515,9,1686.4199999999996,3,1012.6099999999999,2opt,notBad
2516,9,1702.4499999999998,3,1012.6099999999999,2opt,acceptBad
2517,9,1682.6399999999999,3,1012.6099999999999,move,improve
2518,9,1692.2999999999997,3,1012.6099999999999,swap,acceptBad
2519,9,1692.2999999999997,3,1012.6099999999999,2opt,notBad
2520,9,1692.2999999999997,3,1012.6099999999999,move,improve
2521,9,1692.2999999999997,3,1012.6099999999999,2opt,notBad
2522,9,1680.4699999999996,3,1012.6099999999999,move,improve
2523,9,1659.3299999999997,3,1012.6099999999999,swap,improve
2524,9,1644.07,3,1012.6099999999999,move,improve
2525,9,1636.0899999999997,3,1012.6099999999999,swap,improve
2526,9,1616.2099999999998,3,1012.6099999999999,move,improve
2527,9,1616.2099999999998,3,1012.6099999999999,2opt,notBad
2528,9,1599.8999999999999,3,1012.6099999999999,move,improve
2529,9,1599.48,3,1012.6099999999999,move,improve
2530,9,1616.6299999999999,3,1012.6099999999999,swap,acceptBad
2531,9,1689.3500000000001,3,1012.6099999999999,swap,acceptBad
2532,9,1712.94,3,1012.6099999999999,swap,acceptBad
2533,9,1641.2199999999998,3,1012.6099999999999,move,improve
2534,9,1628.4799999999996,3,1012.6099999999999,move,improve
2535,9,1661.0999999999997,3,1012.6099999999999,swap,acceptBad
2536,9,1680.7699999999998,3,1012.6099999999999,swap,acceptBad
2537,9,1717.0999999999997,3,1012.6099999999999,swap,acceptBad
2538,9,1786.2599999999998,3,1012.6099999999999,swap,acceptBad
2539,9,1813.07,3,1012.6099999999999,swap,acceptBad
2540,9,1813.07,3,1012.6099999999999,swap,notBad
2541,9,1779.61,3,1012.6099999999999,move,improve
2542,9,1779.61,3,1012.6099999999999,swap,notBad
2543,9,1784.0199999999998,3,1012.6099999999999,swap,acceptBad
2544,9,1772.1899999999998,3,1012.6099999999999,move,improve
2545,9,1775.4799999999998,3,1012.6099999999999,swap,acceptBad
2546,9,1775.4799999999998,3,1012.6099999999999,2opt,notBad
2547,9,1742.2299999999998,3,1012.6099999999999,move,improve
2548,9,1738.8,3,1012.6099999999999,move,improve
2549,9,1738.8,3,1012.6099999999999,2opt,notBad
2550,9,1738.8,3,1012.6099999999999,2opt,notBad
2551,9,1719.55,3,1012.6099999999999,swap,improve
2552,9,1717.8699999999997,3,1012.6099999999999,2opt,improve
2553,9,1717.8699999999997,3,1012.6099999999999,move,improve
2554,9,1692.67,3,1012.6099999999999,2opt,improve
2555,9,1708.1399999999999,3,1012.6099999999999,swap,acceptBad
2556,9,1717.9399999999998,3,1012.6099999999999,swap,acceptBad
2557,9,1725.6399999999999,3,1012.6099999999999,swap,acceptBad
2558,9,1725.6399999999999,3,1012.6099999999999,2opt,notBad
2559,9,1725.6399999999999,3,1012.6099999999999,move,improve
2560,9,1735.6499999999999,3,1012.6099999999999,swap,acceptBad
2561,9,1724.1,3,1012.6099999999999,move,improve
2562,9,1719.8299999999997,3,1012.6099999999999,swap,improve
2563,9,1712.2699999999995,3,1012.6099999999999,2opt,improve
2564,9,1737.5399999999995,3,1012.6099999999999,swap,acceptBad
2565,9,1760.7799999999997,3,1012.6099999999999,swap,acceptBad
2566,9,1760.7799999999997,3,1012.6099999999999,2opt,notBad
2567,9,1754.8299999999995,3,1012.6099999999999,swap,improve
2568,8,1543.3999999999996,3,1012.6099999999999,move,improve
2569,8,1562.9299999999996,3,1012.6099999999999,swap,acceptBad
2570,8,1543.3999999999996,3,1012.6099999999999,swap,improve
2571,8,1543.3999999999996,3,1012.6099999999999,2opt,notBad
2572,8,1551.1,3,1012.6099999999999,2opt,acceptBad
2573,8,1551.1,3,1012.6099999999999,2opt,notBad
2574,8,1580.4999999999998,3,1012.6099999999999,swap,acceptBad
2575,8,1608.7799999999995,3,1012.6099999999999,swap,acceptBad
2576,8,1608.7799999999995,3,1012.6099999999999,2opt,notBad
2577,8,1586.5199999999995,3,1012.6099999999999,move,improve
2578,8,1586.5199999999995,3,1012.6099999999999,move,improve
2579,8,1586.5199999999995,3,1012.6099999999999,2opt,notBad
2580,8,1570.4899999999998,3,1012.6099999999999,move,improve
2581,8,1558.3799999999997,3,1012.6099999999999,swap,improve
2582,8,1547.1799999999998,3,1012.6099999999999,swap,improve
2583,8,1547.1799999999998,3,1012.6099999999999,move,improve
2584,8,1552.9899999999998,3,1012.6099999999999,swap,acceptBad
2585,8,1557.8199999999997,3,1012.6099999999999,swap,acceptBad
2586,8,1557.8199999999997,3,1012.6099999999999,2opt,improve
2587,8,1530.94,3,1012.6099999999999,move,improve
2588,8,1512.39,3,1012.6099999999999,2opt,improve
2589,8,1516.03,3,1012.6099999999999,swap,acceptBad
2590,8,1516.03,3,1012.6099999999999,2opt,notBad
2591,8,1516.03,3,1012.6099999999999,swap,notBad
2592,8,1523.2399999999998,3,1012.6099999999999,swap,acceptBad
2593,7,1377.9299999999998,3,1012.6099999999999,move,improve
2594,7,1419.98,3,1012.6099999999999,swap,acceptBad
2595,7,1419.98,3,1012.6099999999999,2opt,notBad
2596,7,1398.7699999999998,3,1012.6099999999999,2opt,improve
2597,7,1391.9099999999996,3,1012.6099999999999,swap,improve
2598,7,1353.2199999999993,3,1012.6099999999999,move,improve
2599,7,1369.5299999999997,3,1012.6099999999999,swap,acceptBad
2600,7,1371.2099999999996,3,1012.6099999999999,swap,acceptBad
2601,7,1377.9299999999998,3,1012.6099999999999,2opt,acceptBad
2602,7,1377.9299999999998,3,1012.6099999999999,swap,notBad
2603,7,1403.1999999999998,3,1012.6099999999999,swap,acceptBad
2604,7,1401.8400000000001,3,1012.6099999999999,move,improve
2605,7,1387.77,3,1012.6099999999999,swap,improve
2606,7,1435.6799999999998,3,1012.6099999999999,swap,acceptBad
2607,7,1435.6799999999998,3,1012.6099999999999,swap,notBad
2608,7,1435.6799999999998,3,1012.6099999999999,2opt,notBad
2609,7,1453.9500000000003,3,1012.6099999999999,swap,acceptBad
2610,7,1444.6399999999999,3,1012.6099999999999,2opt,improve
2611,7,1443.5900000000001,3,1012.6099999999999,move,improve
2612,7,1442.8899999999999,3,1012.6099999999999,move,improve
2613,7,1441.98,3,1012.6099999999999,2opt,improve
2614,7,1421.8899999999999,3,1012.6099999999999,move,improve
2615,7,1421.8899999999999,3,1012.6099999999999,2opt,notBad
2616,7,1421.8899999999999,3,1012.6099999999999,move,improve
2617,7,1420.0700000000002,3,1012.6099999999999,move,improve
2618,7,1420.0700000000002,3,1012.6099999999999,2opt,notBad
2619,7,1420.0700000000002,3,1012.6099999999999,2opt,notBad
2620,7,1471.8000000000002,3,1012.6099999999999,swap,acceptBad
2621,7,1475.02,3,1012.6099999999999,2opt,acceptBad
2622,7,1473.4100000000003,3,1012.6099999999999,move,improve
2623,7,1473.4100000000003,3,1012.6099999999999,2opt,notBad
2624,7,1439.1800000000003,3,1012.6099999999999,move,improve
2625,7,1439.1800000000003,3,1012.6099999999999,2opt,notBad
2626,7,1405.3700000000001,3,1012.6099999999999,2opt,improve
2627,7,1405.3700000000001,3,1012.6099999999999,move,improve
2628,7,1400.4,3,1012.6099999999999,2opt,improve
2629,7,1391.86,3,1012.6099999999999,move,improve
2630,7,1390.88,3,1012.6099999999999,swap,improve
2631,7,1390.88,3,1012.6099999999999,swap,notBad
2632,7,1416.9199999999998,3,1012.6099999999999,swap,acceptBad
2633,7,1432.3899999999999,3,1012.6099999999999,2opt,acceptBad
2634,7,1425.53,3,1012.6099999999999,move,improve
2635,7,1437.08,3,1012.6099999999999,swap,acceptBad
2636,7,1437.08,3,1012.6099999999999,2opt,notBad
2637,7,1437.08,3,1012.6099999999999,2opt,notBad
2638,7,1437.08,3,1012.6099999999999,move,improve
2639,7,1437.08,3,1012.6099999999999,2opt,notBad
2640,7,1452.7599999999998,3,1012.6099999999999,swap,acceptBad
2641,7,1451.71,3,1012.6099999999999,move,improve
2642,7,1451.71,3,1012.6099999999999,2opt,notBad
2643,7,1451.71,3,1012.6099999999999,2opt,notBad
2644,7,1451.71,3,1012.6099999999999,swap,notBad
2645,7,1451.71,3,1012.6099999999999,2opt,notBad
2646,7,1451.71,3,1012.6099999999999,swap,notBad
2647,7,1451.71,3,1012.6099999999999,2opt,notBad
2648,7,1451.71,3,1012.6099999999999,swap,notBad
2649,7,1448.7700000000004,3,1012.6099999999999,2opt,improve
2650,7,1448.7700000000004,3,1012.6099999999999,move,improve
2651,7,1435.82,3,1012.6099999999999,2opt,improve
2652,7,1420.9099999999999,3,1012.6099999999999,move,improve
2653,7,1420.9099999999999,3,1012.6099999999999,2opt,notBad
2654,7,1468.58,3,1012.6099999999999,swap,acceptBad
2655,7,1466.48,3,1012.6099999999999,swap,improve
2656,7,1466.48,3,1012.6099999999999,swap,notBad
2657,7,1459.69,3,1012.6099999999999,move,improve
2658,7,1450.31,3,1012.6099999999999,move,improve
2659,7,1442.75,3,1012.6099999999999,move,improve
2660,7,1410.48,3,1012.6099999999999,2opt,improve
2661,7,1410.48,3,1012.6099999999999,2opt,improve
2662,7,1411.88,3,1012.6099999999999,swap,acceptBad
2663,7,1387.52,3,1012.6099999999999,move,improve
2664,7,1385.77,3,1012.6099999999999,swap,improve
2665,7,1385.77,3,1012.6099999999999,2opt,notBad
2666,7,1385.77,3,1012.6099999999999,2opt,improve
2667,7,1385.77,3,1012.6099999999999,2opt,notBad
2668,7,1379.0500000000002,3,1012.6099999999999,move,improve
2669,7,1407.6,3,1012.6099999999999,swap,acceptBad
2670,7,1413.9699999999998,3,1012.6099999999999,2opt,acceptBad
2671,7,1413.9699999999998,3,1012.6099999999999,2opt,notBad
2672,7,1413.9699999999998,3,1012.6099999999999,move,improve
2673,7,1408.5099999999998,3,1012.6099999999999,2opt,improve
2674,7,1408.5099999999998,3,1012.6099999999999,2opt,improve
2675,7,1408.5099999999998,3,1012.6099999999999,2opt,notBad
2676,7,1386.04,3,1012.6099999999999,move,improve
2677,7,1386.4599999999996,3,1012.6099999999999,2opt,acceptBad
2678,7,1386.4599999999996,3,1012.6099999999999,move,improve
2679,7,1386.4599999999996,3,1012.6099999999999,swap,notBad
2680,7,1421.6,3,1012.6099999999999,swap,acceptBad
2681,7,1421.6,3,1012.6099999999999,2opt,notBad
2682,7,1417.54,3,1012.6099999999999,swap,improve
2683,7,1417.54,3,1012.6099999999999,2opt,notBad
2684,7,1417.54,3,1012.6099999999999,2opt,notBad
2685,7,1417.54,3,1012.6099999999999,2opt,improve
2686,7,1450.23,3,1012.6099999999999,swap,acceptBad
2687,7,1449.9500000000003,3,1012.6099999999999,2opt,improve
2688,7,1445.96,3,1012.6099999999999,move,improve
2689,7,1512.3899999999996,3,1012.6099999999999,swap,acceptBad
2690,7,1524.36,3,1012.6099999999999,2opt,acceptBad
2691,7,1514.9099999999999,3,1012.6099999999999,move,improve
2692,7,1514.9099999999999,3,1012.6099999999999,2opt,notBad
2693,7,1516.5199999999998,3,1012.6099999999999,swap,acceptBad
2694,7,1495.5199999999998,3,1012.6099999999999,move,improve
2695,7,1481.7099999999998,3,1012.6099999999999,swap,improve
2696,7,1485.4899999999998,3,1012.6099999999999,swap,acceptBad
2697,7,1480.9399999999996,3,1012.6099999999999,move,improve
2698,7,1446.3599999999997,3,1012.6099999999999,move,improve
2699,7,1426.62,3,1012.6099999999999,move,improve
2700,7,1408.2799999999997,3,1012.6099999999999,move,improve
2701,7,1430.6099999999997,3,1012.6099999999999,2opt,acceptBad
2702,7,1430.6099999999997,3,1012.6099999999999,move,improve
2703,7,1427.25,3,1012.6099999999999,swap,improve
2704,7,1427.25,3,1012.6099999999999,move,improve
2705,7,1427.25,3,1012.6099999999999,swap,notBad
2706,7,1423.8899999999999,3,1012.6099999999999,swap,improve
2707,7,1477.1599999999999,3,1012.6099999999999,swap,acceptBad
2708,7,1433.8999999999999,3,1012.6099999999999,swap,improve
2709,7,1446.3599999999997,3,1012.6099999999999,swap,acceptBad
2710,7,1446.3599999999997,3,1012.6099999999999,2opt,notBad
2711,7,1443.8399999999997,3,1012.6099999999999,2opt,improve
2712,7,1432.2899999999997,3,1012.6099999999999,move,improve
2713,7,1432.2899999999997,3,1012.6099999999999,swap,notBad
2714,7,1432.2899999999997,3,1012.6099999999999,2opt,notBad
2715,7,1415.77,3,1012.6099999999999,swap,improve
2716,7,1415.77,3,1012.6099999999999,2opt,improve
2717,7,1407.9299999999998,3,1012.6099999999999,move,improve
2718,7,1407.9299999999998,3,1012.6099999999999,move,notBad
2719,7,1439.1499999999999,3,1012.6099999999999,swap,acceptBad
2720,7,1439.1499999999999,3,1012.6099999999999,2opt,notBad
2721,7,1439.1499999999999,3,1012.6099999999999,2opt,notBad
2722,7,1439.1499999999999,3,1012.6099999999999,2opt,improve
2723,7,1448.3899999999999,3,1012.6099999999999,swap,acceptBad
2724,7,1448.3899999999999,3,1012.6099999999999,move,improve
2725,7,1455.1799999999998,3,1012.6099999999999,swap,acceptBad
2726,7,1455.1799999999998,3,1012.6099999999999,swap,notBad
2727,7,1455.1799999999998,3,1012.6099999999999,2opt,notBad
2728,7,1455.1799999999998,3,1012.6099999999999,move,improve
2729,7,1455.1799999999998,3,1012.6099999999999,2opt,notBad
2730,7,1455.1799999999998,3,1012.6099999999999,2opt,notBad
2731,7,1452.59,3,1012.6099999999999,move,improve
2732,7,1464.8399999999997,3,1012.6099999999999,2opt,acceptBad
2733,7,1464.8399999999997,3,1012.6099999999999,2opt,notBad
2734,7,1462.3899999999999,3,1012.6099999999999,2opt,improve
2735,7,1459.3799999999999,3,1012.6099999999999,swap,improve
2736,7,1459.3799999999999,3,1012.6099999999999,2opt,notBad
2737,7,1459.3799999999999,3,1012.6099999999999,move,improve
2738,7,1459.3799999999999,3,1012.6099999999999,move,improve
2739,7,1459.3799999999999,3,1012.6099999999999,2opt,improve
2740,7,1409.0899999999997,3,1012.6099999999999,swap,improve
2741,7,1409.0899999999997,3,1012.6099999999999,2opt,notBad
2742,7,1409.0899999999997,3,1012.6099999999999,2opt,notBad
2743,7,1397.3999999999996,3,1012.6099999999999,2opt,improve
2744,7,1410.21,3,1012.6099999999999,2opt,acceptBad
2745,7,1422.81,3,1012.6099999999999,swap,acceptBad
2746,7,1422.81,3,1012.6099999999999,swap,notBad
2747,7,1422.81,3,1012.6099999999999,2opt,notBad
2748,7,1404.87,3,1012.6099999999999,move,improve
2749,7,1404.87,3,1012.6099999999999,move,improve
2750,7,1404.87,3,1012.6099999999999,2opt,notBad
2751,7,1367.6299999999997,3,1012.6099999999999,swap,improve
2752,7,1367.6299999999997,3,1012.6099999999999,2opt,notBad
2753,7,1360.35,3,1012.6099999999999,swap,improve
2754,7,1356.2199999999998,3,1012.6099999999999,swap,improve
2755,7,1370.7099999999996,3,1012.6099999999999,swap,acceptBad
2756,7,1370.7099999999996,3,1012.6099999999999,swap,notBad
2757,7,1370.7099999999996,3,1012.6099999999999,2opt,notBad
2758,7,1373.2999999999997,3,1012.6099999999999,swap,acceptBad
2759,7,1380.77,3,1012.6099999999999,swap,acceptBad
2760,7,1380.77,3,1012.6099999999999,2opt,notBad
2761,7,1380.77,3,1012.6099999999999,swap,notBad
2762,7,1379.65,3,1012.6099999999999,move,improve
2763,7,1371.8799999999999,3,1012.6099999999999,move,improve
2764,7,1375.24,3,1012.6099999999999,2opt,acceptBad
2765,7,1431.03,3,1012.6099999999999,swap,acceptBad
2766,7,1432.4299999999998,3,1012.6099999999999,swap,acceptBad
2767,7,1402.26,3,1012.6099999999999,move,improve
2768,7,1402.26,3,1012.6099999999999,2opt,notBad
2769,7,1402.26,3,1012.6099999999999,2opt,notBad
2770,7,1386.86,3,1012.6099999999999,swap,improve
2771,7,1408.21,3,1012.6099999999999,swap,acceptBad
2772,7,1408.21,3,1012.6099999999999,2opt,notBad
2773,7,1386.86,3,1012.6099999999999,swap,improve
2774,7,1386.86,3,1012.6099999999999,2opt,notBad
2775,7,1386.86,3,1012.6099999999999,move,improve
2776,7,1386.86,3,1012.6099999999999,move,improve
2777,7,1369.08,3,1012.6099999999999,move,improve
2778,7,1369.08,3,1012.6099999999999,swap,notBad
2779,7,1369.08,3,1012.6099999999999,swap,notBad
2780,7,1369.08,3,1012.6099999999999,swap,notBad
2781,7,1361.31,3,1012.6099999999999,move,improve
2782,7,1361.31,3,1012.6099999999999,move,improve
2783,7,1361.31,3,1012.6099999999999,2opt,notBad
2784,7,1344.7900000000002,3,1012.6099999999999,move,improve
2785,7,1344.7900000000002,3,1012.6099999999999,move,improve
2786,7,1344.7900000000002,3,1012.6099999999999,move,improve
2787,7,1344.7900000000002,3,1012.6099999999999,2opt,notBad
2788,7,1366.63,3,1012.6099999999999,swap,acceptBad
2789,7,1366.63,3,1012.6099999999999,move,improve
2790,7,1366.63,3,1012.6099999999999,2opt,notBad
2791,7,1366.63,3,1012.6099999999999,2opt,notBad
2792,7,1366.63,3,1012.6099999999999,2opt,notBad
2793,7,1365.72,3,1012.6099999999999,swap,improve
2794,7,1325.33,3,1012.6099999999999,move,improve
2795,7,1325.33,3,1012.6099999999999,move,improve
2796,7,1325.33,3,1012.6099999999999,move,improve
2797,7,1305.0299999999997,3,1012.6099999999999,move,improve
2798,7,1283.0500000000002,3,1012.6099999999999,swap,improve
2799,7,1283.0500000000002,3,1012.6099999999999,swap,notBad
2800,7,1297.8899999999999,3,1012.6099999999999,swap,acceptBad
2801,7,1297.8899999999999,3,1012.6099999999999,2opt,improve
2802,7,1297.8899999999999,3,1012.6099999999999,2opt,notBad
2803,7,1296.84,3,1012.6099999999999,move,improve
2804,7,1278.22,3,1012.6099999999999,move,improve
2805,7,1278.22,3,1012.6099999999999,2opt,notBad
2806,7,1279.1299999999999,3,1012.6099999999999,2opt,acceptBad
2807,7,1290.33,3,1012.6099999999999,swap,acceptBad
2808,7,1286.69,3,1012.6099999999999,move,improve
2809,7,1279.8999999999999,3,1012.6099999999999,2opt,improve
2810,7,1304.1199999999997,3,1012.6099999999999,swap,acceptBad
2811,7,1299.9899999999998,3,1012.6099999999999,move,improve
2812,7,1296.07,3,1012.6099999999999,swap,improve
2813,7,1296.3499999999997,3,1012.6099999999999,swap,acceptBad
2814,7,1296.3499999999997,3,1012.6099999999999,swap,notBad
2815,7,1296.3499999999997,3,1012.6099999999999,swap,notBad
2816,7,1296.3499999999997,3,1012.6099999999999,2opt,notBad
2817,7,1296.3499999999997,3,1012.6099999999999,2opt,notBad
2818,7,1336.5299999999997,3,1012.6099999999999,swap,acceptBad
2819,7,1336.5299999999997,3,1012.6099999999999,2opt,notBad
2820,7,1339.2599999999998,3,1012.6099999999999,swap,acceptBad
2821,7,1357.2499999999998,3,1012.6099999999999,swap,acceptBad
2822,7,1357.2499999999998,3,1012.6099999999999,move,improve
2823,7,1354.38,3,1012.6099999999999,2opt,improve
2824,7,1354.38,3,1012.6099999999999,2opt,notBad
2825,7,1354.38,3,1012.6099999999999,2opt,notBad
2826,7,1354.38,3,1012.6099999999999,2opt,notBad
2827,7,1336.4600000000003,3,1012.6099999999999,move,improve
2828,7,1336.4600000000003,3,1012.6099999999999,2opt,notBad
2829,7,1336.4600000000003,3,1012.6099999999999,2opt,notBad
2830,7,1336.4600000000003,3,1012.6099999999999,2opt,improve
2831,7,1330.23,3,1012.6099999999999,move,improve
2832,7,1330.23,3,1012.6099999999999,2opt,notBad
2833,7,1314.17,3,1012.6099999999999,move,improve
2834,7,1314.17,3,1012.6099999999999,2opt,notBad
2835,7,1314.17,3,1012.6099999999999,move,improve
2836,7,1314.17,3,1012.6099999999999,swap,notBad
2837,7,1324.7399999999998,3,1012.6099999999999,2opt,acceptBad
2838,7,1324.7399999999998,3,1012.6099999999999,swap,notBad
2839,7,1323.34,3,1012.6099999999999,move,improve
2840,7,1344.69,3,1012.6099999999999,swap,acceptBad
2841,7,1344.69,3,1012.6099999999999,2opt,notBad
2842,7,1358.55,3,1012.6099999999999,swap,acceptBad
2843,7,1359.6,3,1012.6099999999999,2opt,acceptBad
2844,7,1359.6,3,1012.6099999999999,2opt,notBad
2845,7,1359.6,3,1012.6099999999999,2opt,notBad
2846,7,1367.86,3,1012.6099999999999,swap,acceptBad
2847,7,1367.86,3,1012.6099999999999,move,improve
2848,7,1346.51,3,1012.6099999999999,swap,improve
2849,7,1353.79,3,1012.6099999999999,swap,acceptBad
2850,7,1344.2,3,1012.6099999999999,move,improve
2851,7,1344.2,3,1012.6099999999999,swap,notBad
2852,7,1344.2,3,1012.6099999999999,2opt,notBad
2853,7,1356.4500000000003,3,1012.6099999999999,swap,acceptBad
2854,7,1346.44,3,1012.6099999999999,2opt,improve
2855,7,1304.5100000000002,3,1012.6099999999999,move,improve
2856,7,1304.5100000000002,3,1012.6099999999999,2opt,improve
2857,7,1304.5100000000002,3,1012.6099999999999,2opt,notBad
2858,7,1304.5100000000002,3,1012.6099999999999,2opt,notBad
2859,7,1304.5100000000002,3,1012.6099999999999,2opt,notBad
2860,7,1304.7900000000002,3,1012.6099999999999,2opt,acceptBad
2861,7,1291.14,3,1012.6099999999999,move,improve
2862,7,1313.4700000000003,3,1012.6099999999999,swap,acceptBad
2863,7,1313.4700000000003,3,1012.6099999999999,2opt,notBad
2864,7,1332.16,3,1012.6099999999999,swap,acceptBad
2865,7,1323.9699999999998,3,1012.6099999999999,move,improve
2866,7,1323.9699999999998,3,1012.6099999999999,2opt,notBad
2867,7,1323.9699999999998,3,1012.6099999999999,move,improve
2868,7,1323.9699999999998,3,1012.6099999999999,move,improve
2869,7,1323.9699999999998,3,1012.6099999999999,2opt,notBad
2870,7,1338.3199999999997,3,1012.6099999999999,swap,acceptBad
2871,7,1338.3199999999997,3,1012.6099999999999,swap,notBad
2872,7,1338.3199999999997,3,1012.6099999999999,2opt,notBad
2873,7,1338.3199999999997,3,1012.6099999999999,2opt,notBad
2874,7,1338.3199999999997,3,1012.6099999999999,move,improve
2875,7,1338.3199999999997,3,1012.6099999999999,swap,notBad
2876,7,1315.0099999999998,3,1012.6099999999999,move,improve
2877,7,1315.0099999999998,3,1012.6099999999999,move,improve
2878,7,1315.0099999999998,3,1012.6099999999999,2opt,improve
2879,7,1301.5699999999997,3,1012.6099999999999,move,improve
2880,7,1299.2599999999998,3,1012.6099999999999,move,improve
2881,7,1314.7299999999998,3,1012.6099999999999,swap,acceptBad
2882,7,1314.7299999999998,3,1012.6099999999999,swap,notBad
2883,7,1313.1199999999997,3,1012.6099999999999,swap,improve
2884,7,1313.1199999999997,3,1012.6099999999999,2opt,notBad
2885,7,1313.1199999999997,3,1012.6099999999999,move,improve
2886,7,1313.1199999999997,3,1012.6099999999999,2opt,notBad
2887,7,1313.1199999999997,3,1012.6099999999999,move,improve
2888,7,1313.1199999999997,3,1012.6099999999999,2opt,notBad
2889,7,1310.8099999999997,3,1012.6099999999999,swap,improve
2890,7,1305.63,3,1012.6099999999999,2opt,improve
2891,7,1305.4900000000002,3,1012.6099999999999,move,improve
2892,7,1305.4900000000002,3,1012.6099999999999,2opt,notBad
2893,7,1252.3600000000001,3,1012.6099999999999,swap,improve
2894,7,1262.2100000000003,3,1012.6099999999999,swap,acceptBad
2895,7,1239.71,3,1012.6099999999999,move,improve
2896,7,1223.2600000000002,3,1012.6099999999999,2opt,improve
2897,7,1223.54,3,1012.6099999999999,swap,acceptBad
2898,7,1233.13,3,1012.6099999999999,2opt,acceptBad
2899,7,1233.13,3,1012.6099999999999,move,improve
2900,7,1233.13,3,1012.6099999999999,swap,notBad
2901,7,1233.13,3,1012.6099999999999,move,improve
2902,7,1233.13,3,1012.6099999999999,2opt,notBad
2903,7,1233.13,3,1012.6099999999999,2opt,notBad
2904,7,1233.13,3,1012.6099999999999,move,improve
2905,7,1233.13,3,1012.6099999999999,2opt,notBad
2906,7,1232.2200000000003,3,1012.6099999999999,move,improve
2907,7,1232.2200000000003,3,1012.6099999999999,move,improve
2908,7,1232.2200000000003,3,1012.6099999999999,move,improve
2909,7,1232.2200000000003,3,1012.6099999999999,swap,notBad
2910,7,1232.2200000000003,3,1012.6099999999999,move,improve
2911,7,1232.2200000000003,3,1012.6099999999999,2opt,notBad
2912,7,1232.2200000000003,3,1012.6099999999999,2opt,notBad
2913,7,1232.2200000000003,3,1012.6099999999999,move,improve
2914,7,1232.2200000000003,3,1012.6099999999999,2opt,notBad
2915,7,1232.2200000000003,3,1012.6099999999999,2opt,notBad
2916,7,1238.7300000000002,3,1012.6099999999999,swap,acceptBad
2917,7,1225.64,3,1012.6099999999999,swap,improve
2918,7,1203.1700000000003,3,1012.6099999999999,move,improve
2919,7,1203.1700000000003,3,1012.6099999999999,2opt,notBad
2920,7,1203.1700000000003,3,1012.6099999999999,move,improve
2921,7,1203.1700000000003,3,1012.6099999999999,move,improve
2922,7,1203.1700000000003,3,1012.6099999999999,move,improve
2923,7,1203.1700000000003,3,1012.6099999999999,swap,notBad
2924,7,1203.1700000000003,3,1012.6099999999999,2opt,notBad
2925,7,1203.1700000000003,3,1012.6099999999999,move,improve
2926,7,1203.1700000000003,3,1012.6099999999999,move,improve
2927,7,1203.1700000000003,3,1012.6099999999999,2opt,notBad
2928,7,1203.1700000000003,3,1012.6099999999999,move,improve
2929,7,1203.1700000000003,3,1012.6099999999999,move,improve
2930,7,1203.1700000000003,3,1012.6099999999999,2opt,notBad
2931,7,1200.79,3,1012.6099999999999,2opt,improve
2932,7,1200.79,3,1012.6099999999999,move,improve
2933,7,1200.79,3,1012.6099999999999,2opt,notBad
2934,7,1200.79,3,1012.6099999999999,2opt,notBad
2935,7,1200.79,3,1012.6099999999999,move,improve
2936,7,1200.79,3,1012.6099999999999,swap,notBad
2937,7,1200.79,3,1012.6099999999999,move,improve
2938,7,1200.79,3,1012.6099999999999,move,improve
2939,7,1200.79,3,1012.6099999999999,2opt,improve
2940,7,1199.67,3,1012.6099999999999,move,improve
2941,7,1199.67,3,1012.6099999999999,2opt,notBad
2942,7,1199.67,3,1012.6099999999999,swap,notBad
2943,7,1199.67,3,1012.6099999999999,2opt,notBad
2944,7,1199.67,3,1012.6099999999999,2opt,notBad
2945,7,1199.67,3,1012.6099999999999,2opt,notBad
2946,7,1199.67,3,1012.6099999999999,2opt,improve
2947,7,1203.38,3,1012.6099999999999,swap,acceptBad
2948,7,1203.38,3,1012.6099999999999,swap,notBad
2949,7,1203.38,3,1012.6099999999999,2opt,notBad
2950,7,1203.38,3,1012.6099999999999,move,improve
2951,7,1203.38,3,1012.6099999999999,swap,notBad
2952,7,1201.98,3,1012.6099999999999,swap,improve
2953,7,1201.98,3,1012.6099999999999,move,improve
2954,7,1201.98,3,1012.6099999999999,2opt,notBad
2955,7,1201.98,3,1012.6099999999999,swap,notBad
2956,7,1204.7800000000002,3,1012.6099999999999,swap,acceptBad
2957,7,1204.7800000000002,3,1012.6099999999999,move,improve
2958,7,1204.7800000000002,3,1012.6099999999999,move,improve
2959,7,1204.7800000000002,3,1012.6099999999999,2opt,notBad
2960,7,1204.7800000000002,3,1012.6099999999999,2opt,notBad
2961,7,1192.04,3,1012.6099999999999,2opt,improve
2962,7,1189.2399999999998,3,1012.6099999999999,swap,improve
2963,7,1185.25,3,1012.6099999999999,move,improve
2964,7,1185.25,3,1012.6099999999999,swap,notBad
2965,7,1185.25,3,1012.6099999999999,2opt,improve
2966,7,1185.25,3,1012.6099999999999,2opt,notBad
2967,7,1185.25,3,1012.6099999999999,move,improve
2968,7,1186.1599999999999,3,1012.6099999999999,swap,acceptBad
2969,7,1186.1599999999999,3,1012.6099999999999,2opt,notBad
2970,7,1186.1599999999999,3,1012.6099999999999,2opt,notBad
2971,7,1169.5,3,1012.6099999999999,move,improve
2972,7,1169.5,3,1012.6099999999999,move,improve
2973,7,1185.4599999999998,3,1012.6099999999999,swap,acceptBad
2974,7,1197.4299999999998,3,1012.6099999999999,swap,acceptBad
2975,7,1197.4299999999998,3,1012.6099999999999,swap,notBad
2976,7,1197.4299999999998,3,1012.6099999999999,swap,notBad
2977,7,1197.4299999999998,3,1012.6099999999999,2opt,notBad
2978,7,1185.4599999999998,3,1012.6099999999999,move,improve
2979,7,1196.52,3,1012.6099999999999,swap,acceptBad
2980,7,1196.52,3,1012.6099999999999,2opt,notBad
2981,7,1209.19,3,1012.6099999999999,swap,acceptBad
2982,7,1209.19,3,1012.6099999999999,2opt,notBad
2983,7,1209.19,3,1012.6099999999999,move,improve
2984,7,1205.8999999999999,3,1012.6099999999999,swap,improve
2985,7,1205.8999999999999,3,1012.6099999999999,2opt,notBad
2986,7,1205.8999999999999,3,1012.6099999999999,2opt,notBad
2987,7,1205.8999999999999,3,1012.6099999999999,2opt,improve
2988,7,1202.0499999999997,3,1012.6099999999999,move,improve
2989,7,1202.0499999999997,3,1012.6099999999999,2opt,notBad
2990,7,1202.0499999999997,3,1012.6099999999999,move,improve
2991,7,1202.0499999999997,3,1012.6099999999999,2opt,notBad
2992,7,1202.0499999999997,3,1012.6099999999999,swap,notBad
2993,7,1206.1799999999998,3,1012.6099999999999,swap,acceptBad
2994,7,1210.5900000000001,3,1012.6099999999999,swap,acceptBad
2995,7,1210.5900000000001,3,1012.6099999999999,2opt,notBad
2996,7,1210.5900000000001,3,1012.6099999999999,move,improve
2997,7,1210.5900000000001,3,1012.6099999999999,2opt,improve
2998,7,1210.5900000000001,3,1012.6099999999999,2opt,notBad
2999,7,1210.5900000000001,3,1012.6099999999999,move,improve
3000,7,1210.5900000000001,3,1012.6099999999999,move,improve
3001,7,1225.92,3,1012.6099999999999,swap,acceptBad
3002,7,1225.92,3,1012.6099999999999,2opt,improve
3003,7,1225.92,3,1012.6099999999999,2opt,improve
3004,7,1230.75,3,1012.6099999999999,swap,acceptBad
3005,7,1230.75,3,1012.6099999999999,move,improve
3006,7,1230.75,3,1012.6099999999999,swap,notBad
3007,7,1230.75,3,1012.6099999999999,move,improve
3008,7,1230.75,3,1012.6099999999999,move,improve
3009,7,1230.9000000000003,3,1012.6099999999999,2opt,acceptBad
3010,7,1230.4800000000002,3,1012.6099999999999,swap,improve
3011,7,1230.4800000000002,3,1012.6099999999999,swap,notBad
3012,7,1247.91,3,1012.6099999999999,swap,acceptBad
3013,7,1234.4700000000003,3,1012.6099999999999,move,improve
3014,7,1234.4700000000003,3,1012.6099999999999,move,improve
3015,7,1234.4700000000003,3,1012.6099999999999,2opt,notBad
3016,7,1225.0900000000001,3,1012.6099999999999,move,improve
3017,7,1225.0900000000001,3,1012.6099999999999,move,improve
3018,7,1219.0700000000002,3,1012.6099999999999,2opt,improve
3019,7,1219.0700000000002,3,1012.6099999999999,swap,notBad
3020,7,1208.1499999999999,3,1012.6099999999999,move,improve
3021,7,1208.1499999999999,3,1012.6099999999999,move,improve
3022,7,1208.1499999999999,3,1012.6099999999999,move,improve
3023,7,1208.1499999999999,3,1012.6099999999999,move,improve
3024,7,1188.97,3,1012.6099999999999,2opt,improve
3025,7,1188.97,3,1012.6099999999999,swap,notBad
3026,7,1189.11,3,1012.6099999999999,swap,acceptBad
3027,7,1189.11,3,1012.6099999999999,2opt,notBad
3028,7,1189.11,3,1012.6099999999999,2opt,notBad
3029,7,1189.11,3,1012.6099999999999,2opt,improve
3030,7,1189.11,3,1012.6099999999999,2opt,notBad
3031,7,1181.06,3,1012.6099999999999,move,improve
3032,7,1181.06,3,1012.6099999999999,2opt,notBad
3033,7,1181.06,3,1012.6099999999999,swap,notBad
3034,7,1181.06,3,1012.6099999999999,2opt,notBad
3035,7,1181.06,3,1012.6099999999999,swap,notBad
3036,7,1181.06,3,1012.6099999999999,swap,notBad
3037,7,1181.06,3,1012.6099999999999,2opt,notBad
3038,7,1175.81,3,1012.6099999999999,swap,improve
3039,7,1157.4,3,1012.6099999999999,2opt,improve
3040,7,1157.4,3,1012.6099999999999,2opt,improve
3041,7,1157.4,3,1012.6099999999999,move,improve
3042,7,1157.4,3,1012.6099999999999,2opt,notBad
3043,7,1157.4,3,1012.6099999999999,swap,notBad
3044,7,1157.4,3,1012.6099999999999,swap,notBad
3045,7,1157.4,3,1012.6099999999999,swap,notBad
3046,7,1157.4,3,1012.6099999999999,move,improve
3047,7,1157.4,3,1012.6099999999999,2opt,notBad
3048,7,1157.4,3,1012.6099999999999,2opt,notBad
3049,7,1157.4,3,1012.6099999999999,swap,notBad
3050,7,1157.4,3,1012.6099999999999,move,improve
3051,7,1157.4,3,1012.6099999999999,2opt,notBad
3052,7,1157.4,3,1012.6099999999999,move,improve
3053,7,1157.4,3,1012.6099999999999,swap,notBad
3054,7,1157.4,3,1012.6099999999999,move,improve
3055,7,1157.4,3,1012.6099999999999,swap,notBad
3056,7,1157.4,3,1012.6099999999999,swap,notBad
3057,7,1157.4,3,1012.6099999999999,move,improve
3058,7,1172.66,3,1012.6099999999999,swap,acceptBad
3059,7,1172.66,3,1012.6099999999999,swap,notBad
3060,7,1172.66,3,1012.6099999999999,move,improve
3061,7,1172.66,3,1012.6099999999999,swap,notBad
3062,7,1172.66,3,1012.6099999999999,move,improve
3063,7,1172.66,3,1012.6099999999999,swap,notBad
3064,7,1172.66,3,1012.6099999999999,2opt,notBad
3065,7,1172.66,3,1012.6099999999999,2opt,notBad
3066,7,1160.97,3,1012.6099999999999,move,improve
3067,7,1160.97,3,1012.6099999999999,2opt,notBad
3068,7,1160.97,3,1012.6099999999999,move,improve
3069,7,1160.97,3,1012.6099999999999,2opt,notBad
3070,7,1160.97,3,1012.6099999999999,swap,notBad
3071,7,1160.97,3,1012.6099999999999,2opt,notBad
3072,7,1160.97,3,1012.6099999999999,2opt,notBad
3073,7,1160.97,3,1012.6099999999999,2opt,notBad
3074,7,1156.91,3,1012.6099999999999,move,improve
3075,7,1156.91,3,1012.6099999999999,swap,notBad
3076,7,1156.91,3,1012.6099999999999,2opt,notBad
3077,7,1156.91,3,1012.6099999999999,swap,notBad
3078,7,1156.0000000000002,3,1012.6099999999999,move,improve
3079,7,1156.0000000000002,3,1012.6099999999999,move,improve
3080,7,1156.0000000000002,3,1012.6099999999999,2opt,notBad
3081,7,1156.0000000000002,3,1012.6099999999999,2opt,notBad
3082,7,1156.0000000000002,3,1012.6099999999999,move,improve
3083,7,1156.0000000000002,3,1012.6099999999999,swap,notBad
3084,7,1156.0000000000002,3,1012.6099999999999,swap,notBad
3085,7,1156.0000000000002,3,1012.6099999999999,move,improve
3086,7,1156.0000000000002,3,1012.6099999999999,swap,notBad
3087,7,1153.76,3,1012.6099999999999,2opt,improve
3088,7,1153.76,3,1012.6099999999999,2opt,notBad
3089,7,1153.76,3,1012.6099999999999,swap,notBad
3090,7,1153.76,3,1012.6099999999999,move,improve
3091,7,1147.95,3,1012.6099999999999,move,improve
3092,7,1147.95,3,1012.6099999999999,2opt,improve
3093,7,1147.95,3,1012.6099999999999,2opt,notBad
3094,7,1147.95,3,1012.6099999999999,2opt,notBad
3095,7,1142.3799999999997,3,1012.6099999999999,move,improve
3096,7,1142.3799999999997,3,1012.6099999999999,swap,notBad
3097,7,1142.3799999999997,3,1012.6099999999999,move,improve
3098,7,1142.3799999999997,3,1012.6099999999999,swap,notBad
3099,7,1159.4499999999998,3,1012.6099999999999,swap,acceptBad
3100,7,1159.4499999999998,3,1012.6099999999999,move,improve
3101,7,1159.4499999999998,3,1012.6099999999999,2opt,notBad
3102,7,1153.6799999999998,3,1012.6099999999999,move,improve
3103,7,1153.6799999999998,3,1012.6099999999999,2opt,notBad
3104,7,1153.6799999999998,3,1012.6099999999999,2opt,notBad
3105,7,1153.6799999999998,3,1012.6099999999999,2opt,notBad
3106,7,1186.7199999999998,3,1012.6099999999999,swap,acceptBad
3107,7,1207.4399999999998,3,1012.6099999999999,swap,acceptBad
3108,7,1207.4399999999998,3,1012.6099999999999,swap,notBad
3109,7,1182.2399999999998,3,1012.6099999999999,move,improve
3110,7,1182.2399999999998,3,1012.6099999999999,2opt,notBad
3111,7,1182.2399999999998,3,1012.6099999999999,swap,notBad
3112,7,1182.2399999999998,3,1012.6099999999999,swap,notBad
3113,7,1172.75,3,1012.6099999999999,move,improve
3114,7,1172.75,3,1012.6099999999999,move,improve
3115,7,1171.0700000000002,3,1012.6099999999999,swap,improve
3116,7,1171.0700000000002,3,1012.6099999999999,swap,notBad
3117,7,1171.0700000000002,3,1012.6099999999999,move,improve
3118,7,1171.0700000000002,3,1012.6099999999999,swap,notBad
3119,7,1153.92,3,1012.6099999999999,move,improve
3120,7,1153.92,3,1012.6099999999999,2opt,improve
3121,7,1153.92,3,1012.6099999999999,move,improve
3122,7,1153.92,3,1012.6099999999999,move,improve
3123,7,1153.92,3,1012.6099999999999,move,improve
3124,7,1162.1799999999998,3,1012.6099999999999,swap,acceptBad
3125,7,1162.1799999999998,3,1012.6099999999999,swap,notBad
3126,7,1157.3200000000002,3,1012.6099999999999,move,improve
3127,7,1157.3200000000002,3,1012.6099999999999,swap,notBad
3128,7,1167.19,3,1012.6099999999999,swap,acceptBad
3129,7,1167.19,3,1012.6099999999999,swap,notBad
3130,7,1167.19,3,1012.6099999999999,move,improve
3131,7,1167.19,3,1012.6099999999999,swap,notBad
3132,7,1167.19,3,1012.6099999999999,2opt,notBad
3133,7,1167.19,3,1012.6099999999999,swap,notBad
3134,7,1163.76,3,1012.6099999999999,2opt,improve
3135,7,1163.76,3,1012.6099999999999,swap,notBad
3136,7,1163.76,3,1012.6099999999999,move,improve
3137,7,1154.73,3,1012.6099999999999,move,improve
3138,7,1154.73,3,1012.6099999999999,move,improve
3139,7,1154.73,3,1012.6099999999999,move,improve
3140,7,1154.73,3,1012.6099999999999,2opt,notBad
3141,7,1159.5500000000002,3,1012.6099999999999,swap,acceptBad
3142,7,1159.5500000000002,3,1012.6099999999999,move,improve
3143,7,1159.5500000000002,3,1012.6099999999999,2opt,notBad
3144,7,1159.5500000000002,3,1012.6099999999999,2opt,improve
3145,7,1159.5500000000002,3,1012.6099999999999,2opt,notBad
3146,7,1146.0400000000002,3,1012.6099999999999,2opt,improve
3147,7,1146.0400000000002,3,1012.6099999999999,move,improve
3148,7,1146.0400000000002,3,1012.6099999999999,swap,notBad
3149,7,1146.0400000000002,3,1012.6099999999999,swap,notBad
3150,7,1146.0400000000002,3,1012.6099999999999,2opt,notBad
3151,7,1146.0400000000002,3,1012.6099999999999,swap,notBad
3152,7,1146.0400000000002,3,1012.6099999999999,2opt,improve
3153,7,1134.0700000000002,3,1012.6099999999999,move,improve
3154,7,1134.0700000000002,3,1012.6099999999999,swap,notBad
3155,7,1131.7600000000002,3,1012.6099999999999,move,improve
3156,7,1177.2000000000003,3,1012.6099999999999,move,acceptBad
3157,7,1177.2000000000003,3,1012.6099999999999,2opt,notBad
3158,7,1168.45,3,1012.6099999999999,move,improve
3159,7,1168.45,3,1012.6099999999999,move,improve
3160,7,1168.45,3,1012.6099999999999,2opt,notBad
3161,7,1168.45,3,1012.6099999999999,2opt,notBad
3162,7,1168.45,3,1012.6099999999999,swap,notBad
3163,7,1167.23,3,1012.6099999999999,swap,improve
3164,7,1167.23,3,1012.6099999999999,2opt,notBad
3165,7,1163.52,3,1012.6099999999999,move,improve
3166,7,1163.52,3,1012.6099999999999,2opt,notBad
3167,7,1163.52,3,1012.6099999999999,2opt,notBad
3168,7,1163.52,3,1012.6099999999999,2opt,notBad
3169,7,1163.52,3,1012.6099999999999,move,improve
3170,7,1163.52,3,1012.6099999999999,2opt,improve
3171,7,1163.52,3,1012.6099999999999,2opt,notBad
3172,7,1163.52,3,1012.6099999999999,swap,notBad
3173,7,1163.52,3,1012.6099999999999,swap,notBad
3174,7,1160.51,3,1012.6099999999999,move,improve
3175,7,1160.51,3,1012.6099999999999,swap,notBad
3176,7,1147.6299999999999,3,1012.6099999999999,move,improve
3177,7,1147.6299999999999,3,1012.6099999999999,move,improve
3178,7,1147.6299999999999,3,1012.6099999999999,2opt,notBad
3179,7,1147.6299999999999,3,1012.6099999999999,move,improve
3180,7,1144.9699999999998,3,1012.6099999999999,move,improve
3181,7,1144.9699999999998,3,1012.6099999999999,2opt,notBad
3182,7,1144.9699999999998,3,1012.6099999999999,swap,notBad
3183,7,1144.9699999999998,3,1012.6099999999999,move,improve
3184,7,1144.9699999999998,3,1012.6099999999999,2opt,notBad
3185,7,1137.62,3,1012.6099999999999,2opt,improve
3186,7,1137.62,3,1012.6099999999999,move,improve
3187,7,1147.56,3,1012.6099999999999,2opt,acceptBad
3188,7,1147.56,3,1012.6099999999999,move,improve
3189,7,1147.56,3,1012.6099999999999,2opt,improve
3190,7,1147.56,3,1012.6099999999999,swap,notBad
3191,7,1147.56,3,1012.6099999999999,move,improve
3192,7,1147.56,3,1012.6099999999999,swap,notBad
3193,7,1147.56,3,1012.6099999999999,move,notBad
3194,7,1147.56,3,1012.6099999999999,swap,notBad
3195,7,1147.56,3,1012.6099999999999,move,improve
3196,7,1147.56,3,1012.6099999999999,2opt,notBad
3197,7,1147.56,3,1012.6099999999999,move,improve
3198,7,1147.56,3,1012.6099999999999,swap,notBad
3199,7,1147.56,3,1012.6099999999999,move,improve
3200,7,1147.56,3,1012.6099999999999,2opt,notBad
3201,7,1136.85,3,1012.6099999999999,move,improve
3202,7,1136.85,3,1012.6099999999999,swap,notBad
3203,7,1136.85,3,1012.6099999999999,swap,notBad
3204,7,1136.85,3,1012.6099999999999,2opt,notBad
3205,7,1138.04,3,1012.6099999999999,swap,acceptBad
3206,7,1122.6399999999999,3,1012.6099999999999,move,improve
3207,7,1122.6399999999999,3,1012.6099999999999,2opt,notBad
3208,7,1122.6399999999999,3,1012.6099999999999,move,improve
3209,7,1122.6399999999999,3,1012.6099999999999,2opt,notBad
3210,7,1122.6399999999999,3,1012.6099999999999,swap,notBad
3211,7,1120.19,3,1012.6099999999999,move,improve
3212,7,1120.19,3,1012.6099999999999,2opt,notBad
3213,7,1125.02,3,1012.6099999999999,swap,acceptBad
3214,7,1125.02,3,1012.6099999999999,swap,notBad
3215,7,1125.02,3,1012.6099999999999,2opt,notBad
3216,7,1125.02,3,1012.6099999999999,move,improve
3217,7,1125.02,3,1012.6099999999999,move,improve
3218,7,1125.02,3,1012.6099999999999,2opt,notBad
3219,7,1125.02,3,1012.6099999999999,move,improve
3220,7,1125.02,3,1012.6099999999999,2opt,notBad
3221,7,1125.02,3,1012.6099999999999,swap,notBad
3222,7,1125.02,3,1012.6099999999999,swap,notBad
3223,7,1125.02,3,1012.6099999999999,2opt,notBad
3224,7,1125.02,3,1012.6099999999999,swap,notBad
3225,7,1125.02,3,1012.6099999999999,2opt,notBad
3226,7,1125.02,3,1012.6099999999999,2opt,notBad
3227,7,1125.02,3,1012.6099999999999,swap,notBad
3228,7,1125.02,3,1012.6099999999999,swap,notBad
3229,7,1038.67,3,1012.6099999999999,move,improve
3230,7,1038.67,3,1012.6099999999999,2opt,notBad
3231,7,1038.67,3,1012.6099999999999,move,improve
3232,7,1038.67,3,1012.6099999999999,swap,notBad
3233,7,1038.67,3,1012.6099999999999,move,improve
3234,7,1038.67,3,1012.6099999999999,swap,notBad
3235,7,1038.67,3,1012.6099999999999,2opt,notBad
3236,7,1038.67,3,1012.6099999999999,2opt,improve
3237,7,1043.9099999999999,3,1012.6099999999999,2opt,acceptBad
3238,7,1043.9099999999999,3,1012.6099999999999,2opt,notBad
3239,7,1043.9099999999999,3,1012.6099999999999,move,improve
3240,7,1043.9099999999999,3,1012.6099999999999,move,improve
3241,7,1043.9099999999999,3,1012.6099999999999,move,improve
3242,7,1043.9099999999999,3,1012.6099999999999,move,improve
3243,7,1043.9099999999999,3,1012.6099999999999,2opt,notBad
3244,7,1043.9099999999999,3,1012.6099999999999,2opt,improve
3245,7,1043.9099999999999,3,1012.6099999999999,2opt,improve
3246,7,1043.9099999999999,3,1012.6099999999999,swap,notBad
3247,7,1043.9099999999999,3,1012.6099999999999,swap,notBad
3248,7,1043.9099999999999,3,1012.6099999999999,move,improve
3249,7,1043.9099999999999,3,1012.6099999999999,move,improve
3250,7,1043.9099999999999,3,1012.6099999999999,swap,notBad
3251,7,1043.9099999999999,3,1012.6099999999999,2opt,notBad
3252,7,1043.9099999999999,3,1012.6099999999999,2opt,notBad
3253,7,1043.9099999999999,3,1012.6099999999999,swap,notBad
3254,7,1043.9099999999999,3,1012.6099999999999,move,improve
3255,7,1043.9099999999999,3,1012.6099999999999,swap,notBad
3256,7,1043.9099999999999,3,1012.6099999999999,swap,notBad
3257,7,1043.9099999999999,3,1012.6099999999999,2opt,notBad
3258,7,1037.13,3,1012.6099999999999,move,improve
3259,7,1037.13,3,1012.6099999999999,swap,notBad
3260,7,1045.46,3,1012.6099999999999,swap,acceptBad
3261,7,1045.46,3,1012.6099999999999,swap,notBad
3262,7,1045.46,3,1012.6099999999999,2opt,notBad
3263,7,1045.46,3,1012.6099999999999,move,improve
3264,7,1039.65,3,1012.6099999999999,move,improve
3265,7,1045.39,3,1012.6099999999999,swap,acceptBad
3266,7,1045.39,3,1012.6099999999999,2opt,notBad
3267,7,1045.39,3,1012.6099999999999,move,improve
3268,7,1045.39,3,1012.6099999999999,2opt,notBad
3269,7,1045.39,3,1012.6099999999999,swap,notBad
3270,7,1045.39,3,1012.6099999999999,2opt,improve
3271,7,1045.39,3,1012.6099999999999,swap,notBad
3272,7,1045.39,3,1012.6099999999999,2opt,notBad
3273,7,1045.39,3,1012.6099999999999,swap,notBad
3274,7,1045.39,3,1012.6099999999999,swap,notBad
3275,7,1045.39,3,1012.6099999999999,swap,notBad
3276,7,1044.2,3,1012.6099999999999,move,improve
3277,7,1044.2,3,1012.6099999999999,2opt,improve
3278,7,1044.2,3,1012.6099999999999,2opt,notBad
3279,7,1044.2,3,1012.6099999999999,move,improve
3280,7,1044.2,3,1012.6099999999999,move,improve
3281,7,1044.2,3,1012.6099999999999,move,improve
3282,7,1044.2,3,1012.6099999999999,2opt,improve
3283,7,1043.9199999999998,3,1012.6099999999999,swap,improve
3284,7,1043.9199999999998,3,1012.6099999999999,2opt,notBad
3285,7,1043.9199999999998,3,1012.6099999999999,move,improve
3286,7,1043.9199999999998,3,1012.6099999999999,2opt,notBad
3287,7,1055.54,3,1012.6099999999999,swap,acceptBad
3288,7,1055.54,3,1012.6099999999999,move,improve
3289,7,1055.54,3,1012.6099999999999,2opt,notBad
3290,7,1055.54,3,1012.6099999999999,2opt,notBad
3291,7,1055.54,3,1012.6099999999999,move,improve
3292,7,1055.54,3,1012.6099999999999,2opt,notBad
3293,7,1055.54,3,1012.6099999999999,move,improve
3294,7,1055.54,3,1012.6099999999999,move,improve
3295,7,1055.54,3,1012.6099999999999,2opt,notBad
3296,7,1055.54,3,1012.6099999999999,swap,notBad
3297,7,1055.54,3,1012.6099999999999,2opt,improve
3298,7,1055.54,3,1012.6099999999999,swap,notBad
3299,7,1055.54,3,1012.6099999999999,swap,notBad
3300,7,1055.54,3,1012.6099999999999,2opt,notBad
3301,7,1055.54,3,1012.6099999999999,move,improve
3302,7,1055.54,3,1012.6099999999999,2opt,notBad
3303,7,1055.54,3,1012.6099999999999,2opt,notBad
3304,7,1055.54,3,1012.6099999999999,2opt,notBad
3305,7,1055.54,3,1012.6099999999999,move,improve
3306,7,1054.07,3,1012.6099999999999,move,improve
3307,7,1054.07,3,1012.6099999999999,2opt,notBad
3308,7,1054.07,3,1012.6099999999999,move,improve
3309,7,1054.07,3,1012.6099999999999,swap,notBad
3310,7,1054.07,3,1012.6099999999999,2opt,notBad
3311,7,1054.07,3,1012.6099999999999,2opt,notBad
3312,7,1054.07,3,1012.6099999999999,2opt,notBad
3313,7,1054.07,3,1012.6099999999999,2opt,notBad
3314,7,1054.07,3,1012.6099999999999,move,improve
3315,7,1054.07,3,1012.6099999999999,swap,notBad
3316,7,1054.07,3,1012.6099999999999,move,improve
3317,7,1054.07,3,1012.6099999999999,swap,notBad
3318,7,1054.07,3,1012.6099999999999,move,improve
3319,7,1054.07,3,1012.6099999999999,move,improve
3320,7,1068.77,3,1012.6099999999999,swap,acceptBad
3321,7,1068.77,3,1012.6099999999999,2opt,notBad
3322,7,1068.77,3,1012.6099999999999,move,improve
3323,7,1068.77,3,1012.6099999999999,2opt,notBad
3324,7,1069.33,3,1012.6099999999999,swap,acceptBad
3325,7,1064.15,3,1012.6099999999999,move,improve
3326,7,1064.15,3,1012.6099999999999,swap,notBad
3327,7,1064.15,3,1012.6099999999999,swap,notBad
3328,7,1064.15,3,1012.6099999999999,2opt,notBad
3329,7,1064.15,3,1012.6099999999999,swap,notBad
3330,7,1064.15,3,1012.6099999999999,2opt,notBad
3331,7,1064.15,3,1012.6099999999999,2opt,notBad
3332,7,1064.15,3,1012.6099999999999,2opt,notBad
3333,7,1064.15,3,1012.6099999999999,2opt,notBad
3334,7,1064.15,3,1012.6099999999999,move,improve
3335,7,1064.15,3,1012.6099999999999,2opt,improve
3336,7,1049.45,3,1012.6099999999999,move,improve
3337,7,1049.45,3,1012.6099999999999,move,improve
3338,7,1067.16,3,1012.6099999999999,swap,acceptBad
3339,7,1067.16,3,1012.6099999999999,move,improve
3340,7,1067.16,3,1012.6099999999999,move,improve
3341,7,1067.16,3,1012.6099999999999,swap,notBad
3342,7,1074.3700000000001,3,1012.6099999999999,swap,acceptBad
3343,7,1074.3700000000001,3,1012.6099999999999,2opt,notBad
3344,7,1074.3700000000001,3,1012.6099999999999,2opt,notBad
3345,7,1074.3700000000001,3,1012.6099999999999,move,improve
3346,7,1074.3700000000001,3,1012.6099999999999,2opt,notBad
3347,7,1074.3700000000001,3,1012.6099999999999,2opt,notBad
3348,7,1071.29,3,1012.6099999999999,move,improve
3349,7,1071.29,3,1012.6099999999999,move,improve
3350,7,1061.21,3,1012.6099999999999,2opt,improve
3351,7,1061.21,3,1012.6099999999999,2opt,improve
3352,7,1061.21,3,1012.6099999999999,move,improve
3353,7,1061.21,3,1012.6099999999999,move,improve
3354,7,1056.1699999999998,3,1012.6099999999999,move,improve
3355,7,1042.66,3,1012.6099999999999,move,improve
3356,7,1042.66,3,1012.6099999999999,2opt,notBad
3357,7,1042.66,3,1012.6099999999999,swap,notBad
3358,7,1044.13,3,1012.6099999999999,2opt,acceptBad
3359,7,1044.13,3,1012.6099999999999,move,improve
3360,7,1046.86,3,1012.6099999999999,swap,acceptBad
3361,7,1029.15,3,1012.6099999999999,swap,improve
3362,7,1029.15,3,1012.6099999999999,2opt,notBad
3363,7,1029.15,3,1012.6099999999999,move,improve
3364,7,1029.15,3,1012.6099999999999,swap,notBad
3365,7,1029.15,3,1012.6099999999999,move,improve
3366,7,1029.15,3,1012.6099999999999,2opt,notBad
3367,7,1023.4100000000001,3,1012.6099999999999,swap,improve
3368,7,1023.4100000000001,3,1012.6099999999999,2opt,notBad
3369,7,1023.4100000000001,3,1012.6099999999999,swap,notBad
3370,7,1023.4100000000001,3,1012.6099999999999,2opt,notBad
3371,7,1023.4100000000001,3,1012.6099999999999,swap,notBad
3372,7,1023.4100000000001,3,1012.6099999999999,move,improve
3373,7,1023.4100000000001,3,1012.6099999999999,move,improve
3374,7,1023.4100000000001,3,1012.6099999999999,2opt,notBad
3375,7,1023.4100000000001,3,1012.6099999999999,move,improve
3376,7,1023.4100000000001,3,1012.6099999999999,2opt,notBad
3377,7,1023.4100000000001,3,1012.6099999999999,move,improve
3378,7,1023.4100000000001,3,1012.6099999999999,2opt,notBad
3379,7,1023.4100000000001,3,1012.6099999999999,move,improve
3380,7,1023.4100000000001,3,1012.6099999999999,move,improve
3381,7,1023.4100000000001,3,1012.6099999999999,2opt,notBad
3382,7,1023.4100000000001,3,1012.6099999999999,swap,notBad
3383,7,1023.4100000000001,3,1012.6099999999999,swap,notBad
3384,7,1023.4100000000001,3,1012.6099999999999,2opt,notBad
3385,7,1023.4100000000001,3,1012.6099999999999,2opt,notBad
3386,7,1023.4100000000001,3,1012.6099999999999,2opt,notBad
3387,7,1023.4100000000001,3,1012.6099999999999,2opt,notBad
3388,7,1023.4100000000001,3,1012.6099999999999,move,improve
3389,7,1023.4100000000001,3,1012.6099999999999,move,improve
3390,7,1023.4100000000001,3,1012.6099999999999,swap,notBad
3391,7,1023.4100000000001,3,1012.6099999999999,move,improve
3392,7,1020.6800000000001,3,1012.6099999999999,swap,improve
3393,7,1028.45,3,1012.6099999999999,swap,acceptBad
3394,7,1028.45,3,1012.6099999999999,swap,notBad
3395,7,1028.45,3,1012.6099999999999,move,improve
3396,7,1028.45,3,1012.6099999999999,swap,notBad
3397,7,1028.45,3,1012.6099999999999,move,improve
3398,7,1028.45,3,1012.6099999999999,move,improve
3399,7,1028.45,3,1012.6099999999999,swap,notBad
3400,7,1028.45,3,1012.6099999999999,move,improve
3401,7,1028.45,3,1012.6099999999999,swap,notBad
3402,7,1028.45,3,1012.6099999999999,swap,notBad
3403,7,1028.45,3,1012.6099999999999,2opt,notBad
3404,7,1028.45,3,1012.6099999999999,move,improve
3405,7,1028.45,3,1012.6099999999999,move,improve
3406,7,1028.45,3,1012.6099999999999,2opt,notBad
3407,7,1028.45,3,1012.6099999999999,2opt,notBad
3408,7,1025.79,3,1012.6099999999999,move,improve
3409,7,1032.6499999999999,3,1012.6099999999999,swap,acceptBad
3410,7,1032.6499999999999,3,1012.6099999999999,2opt,notBad
3411,7,1047.3799999999999,3,1012.6099999999999,swap,acceptBad
3412,7,1047.3799999999999,3,1012.6099999999999,swap,notBad
3413,7,1047.3799999999999,3,1012.6099999999999,2opt,notBad
3414,7,1046.2599999999998,3,1012.6099999999999,move,improve
3415,7,1031.53,3,1012.6099999999999,swap,improve
3416,7,1031.53,3,1012.6099999999999,2opt,notBad
3417,7,1031.53,3,1012.6099999999999,2opt,notBad
3418,7,1031.53,3,1012.6099999999999,swap,notBad
3419,7,1027.1899999999998,3,1012.6099999999999,move,improve
3420,7,1027.1899999999998,3,1012.6099999999999,move,improve
3421,7,1027.1899999999998,3,1012.6099999999999,2opt,notBad
3422,7,1027.1899999999998,3,1012.6099999999999,swap,notBad
3423,7,1027.1899999999998,3,1012.6099999999999,move,improve
3424,7,1027.1899999999998,3,1012.6099999999999,move,improve
3425,7,1027.1899999999998,3,1012.6099999999999,move,improve
3426,7,1027.1899999999998,3,1012.6099999999999,swap,notBad
3427,7,1024.46,3,1012.6099999999999,move,improve
3428,7,1024.46,3,1012.6099999999999,2opt,improve
3429,7,1024.46,3,1012.6099999999999,swap,notBad
3430,7,1024.46,3,1012.6099999999999,move,improve
3431,7,1016.3399999999999,3,1012.6099999999999,swap,improve
3432,7,1023.12,3,1012.6099999999999,move,acceptBad
3433,7,1023.12,3,1012.6099999999999,move,improve
3434,7,1023.12,3,1012.6099999999999,swap,notBad
3435,7,1023.12,3,1012.6099999999999,move,improve
3436,7,1023.12,3,1012.6099999999999,swap,notBad
3437,7,1023.12,3,1012.6099999999999,2opt,notBad
3438,7,1023.12,3,1012.6099999999999,move,improve
3439,7,1023.12,3,1012.6099999999999,swap,notBad
3440,7,1023.12,3,1012.6099999999999,move,improve
3441,7,1023.12,3,1012.6099999999999,2opt,notBad
3442,7,1023.12,3,1012.6099999999999,move,improve
3443,7,1023.12,3,1012.6099999999999,move,improve
3444,7,1023.12,3,1012.6099999999999,move,improve
3445,7,1023.12,3,1012.6099999999999,swap,notBad
3446,7,1023.12,3,1012.6099999999999,swap,notBad
3447,7,1023.12,3,1012.6099999999999,2opt,notBad
3448,7,1023.12,3,1012.6099999999999,move,improve
3449,7,1023.12,3,1012.6099999999999,2opt,notBad
3450,7,1022.77,3,1012.6099999999999,swap,improve
3451,7,1022.77,3,1012.6099999999999,2opt,notBad
3452,7,1022.77,3,1012.6099999999999,swap,notBad
3453,7,1022.77,3,1012.6099999999999,2opt,notBad
3454,7,1022.77,3,1012.6099999999999,2opt,notBad
3455,7,1022.77,3,1012.6099999999999,2opt,notBad
3456,7,1022.77,3,1012.6099999999999,2opt,notBad
3457,7,1022.77,3,1012.6099999999999,swap,notBad
3458,7,1016.4,3,1012.6099999999999,move,improve
3459,7,1016.4,3,1012.6099999999999,move,improve
3460,7,1016.4,3,1012.6099999999999,2opt,notBad
3461,7,1016.4,3,1012.6099999999999,move,improve
3462,7,1016.4,3,1012.6099999999999,swap,notBad
3463,7,1016.4,3,1012.6099999999999,swap,notBad
3464,7,1016.4,3,1012.6099999999999,move,improve
3465,7,1016.4,3,1012.6099999999999,2opt,notBad
3466,7,1016.4,3,1012.6099999999999,2opt,notBad
3467,7,1011.78,7,1011.78,swap,newBest
3468,7,1011.78,7,1011.78,swap,notBad
3469,7,1011.78,7,1011.78,2opt,notBad
3470,7,1011.22,7,1011.22,move,newBest
3471,7,1011.22,7,1011.22,swap,notBad
3472,7,1008.21,7,1008.21,move,newBest
3473,7,1008.21,7,1008.21,swap,notBad
3474,7,1008.21,7,1008.21,2opt,notBad
3475,7,1008.21,7,1008.21,swap,notBad
3476,7,1008.21,7,1008.21,move,improve
3477,7,1008.21,7,1008.21,2opt,notBad
3478,7,1008.21,7,1008.21,2opt,notBad
3479,7,1008.21,7,1008.21,move,improve
3480,7,1008.21,7,1008.21,swap,notBad
3481,7,1008.21,7,1008.21,2opt,notBad
3482,7,1008.21,7,1008.21,swap,notBad
3483,7,1008.21,7,1008.21,swap,notBad
3484,7,1008.21,7,1008.21,2opt,notBad
3485,7,1008.21,7,1008.21,2opt,improve
3486,7,1008.21,7,1008.21,move,improve
3487,7,1008.21,7,1008.21,2opt,notBad
3488,7,1008.21,7,1008.21,2opt,notBad
3489,7,1008.21,7,1008.21,2opt,notBad
3490,7,1016.89,7,1008.21,swap,acceptBad
3491,7,1016.89,7,1008.21,2opt,improve
3492,7,1016.89,7,1008.21,swap,notBad
3493,7,1016.89,7,1008.21,swap,notBad
3494,7,1016.89,7,1008.21,swap,notBad
3495,7,1016.89,7,1008.21,2opt,notBad
3496,7,1016.89,7,1008.21,swap,notBad
3497,7,1016.89,7,1008.21,swap,notBad
3498,7,1034.46,7,1008.21,swap,acceptBad
3499,7,1032.24,7,1008.21,move,improve
3500,7,1030.77,7,1008.21,move,improve
3501,7,1030.77,7,1008.21,2opt,notBad
3502,7,1030.77,7,1008.21,2opt,notBad
3503,7,1030.77,7,1008.21,swap,notBad
3504,7,1030.77,7,1008.21,move,improve
3505,7,1023.0699999999999,7,1008.21,move,improve
3506,7,1023.0699999999999,7,1008.21,2opt,notBad
3507,7,1023.0699999999999,7,1008.21,move,improve
3508,7,1023.0699999999999,7,1008.21,2opt,notBad
3509,7,1023.0699999999999,7,1008.21,move,improve
3510,7,1023.0699999999999,7,1008.21,2opt,notBad
3511,7,1023.0699999999999,7,1008.21,move,improve
3512,7,1023.0699999999999,7,1008.21,swap,notBad
3513,7,1023.0699999999999,7,1008.21,swap,notBad
3514,7,1023.0699999999999,7,1008.21,2opt,notBad
3515,7,1023.0699999999999,7,1008.21,2opt,notBad
3516,7,1023.0699999999999,7,1008.21,2opt,notBad
3517,7,1023.0699999999999,7,1008.21,swap,notBad
3518,7,1023.0699999999999,7,1008.21,2opt,notBad
3519,7,1023.0699999999999,7,1008.21,swap,notBad
3520,7,1023.0699999999999,7,1008.21,2opt,improve
3521,7,1023.0699999999999,7,1008.21,move,improve
3522,7,1026.08,7,1008.21,swap,acceptBad
3523,7,1026.08,7,1008.21,swap,notBad
3524,7,1026.08,7,1008.21,2opt,notBad
3525,7,1026.08,7,1008.21,2opt,improve
3526,7,1030.3500000000001,7,1008.21,2opt,acceptBad
3527,7,1030.3500000000001,7,1008.21,2opt,notBad
3528,7,1030.3500000000001,7,1008.21,2opt,notBad
3529,7,1030.3500000000001,7,1008.21,2opt,notBad
3530,7,1030.3500000000001,7,1008.21,2opt,notBad
3531,7,1030.3500000000001,7,1008.21,2opt,notBad
3532,7,1030.3500000000001,7,1008.21,move,improve
3533,7,1030.3500000000001,7,1008.21,2opt,notBad
3534,7,1030.3500000000001,7,1008.21,2opt,notBad
3535,7,1022.5800000000002,7,1008.21,move,improve
3536,7,1022.5800000000002,7,1008.21,swap,notBad
3537,7,1022.5800000000002,7,1008.21,swap,notBad
3538,7,1022.5800000000002,7,1008.21,move,improve
3539,7,1022.5800000000002,7,1008.21,2opt,improve
3540,7,1022.5800000000002,7,1008.21,swap,notBad
3541,7,1022.5800000000002,7,1008.21,swap,notBad
3542,7,1022.5800000000002,7,1008.21,swap,notBad
3543,7,1022.5800000000002,7,1008.21,swap,notBad
3544,7,1022.5800000000002,7,1008.21,swap,notBad
3545,7,1021.74,7,1008.21,move,improve
3546,7,1021.74,7,1008.21,swap,notBad
3547,7,1021.74,7,1008.21,swap,notBad
3548,7,1021.74,7,1008.21,swap,notBad
3549,7,1021.74,7,1008.21,swap,notBad
3550,7,1021.74,7,1008.21,swap,notBad
3551,7,1021.74,7,1008.21,2opt,notBad
3552,7,1021.74,7,1008.21,2opt,improve
3553,7,1021.74,7,1008.21,swap,notBad
3554,7,1021.74,7,1008.21,swap,notBad
3555,7,1021.74,7,1008.21,2opt,notBad
3556,7,1021.74,7,1008.21,2opt,notBad
3557,7,1021.74,7,1008.21,2opt,notBad
3558,7,1021.74,7,1008.21,swap,notBad
3559,7,1021.74,7,1008.21,2opt,notBad
3560,7,1021.74,7,1008.21,swap,notBad
3561,7,1021.74,7,1008.21,swap,notBad
3562,7,1021.74,7,1008.21,swap,notBad
3563,7,1021.74,7,1008.21,move,improve
3564,7,1021.74,7,1008.21,swap,notBad
3565,7,1021.74,7,1008.21,2opt,notBad
3566,7,1021.74,7,1008.21,2opt,notBad
3567,7,1021.74,7,1008.21,2opt,improve
3568,7,1021.74,7,1008.21,swap,notBad
3569,7,1021.74,7,1008.21,swap,notBad
3570,7,1021.74,7,1008.21,move,improve
3571,7,1021.74,7,1008.21,move,improve
3572,7,1007.8100000000002,7,1007.8100000000002,move,newBest
3573,7,1007.8100000000002,7,1007.8100000000002,swap,notBad
3574,7,1007.8100000000002,7,1007.8100000000002,swap,notBad
3575,7,1007.8100000000002,7,1007.8100000000002,2opt,notBad
3576,7,1007.8100000000002,7,1007.8100000000002,swap,notBad
3577,7,1007.8100000000002,7,1007.8100000000002,swap,notBad
3578,7,1007.8100000000002,7,1007.8100000000002,2opt,notBad
3579,7,1007.8100000000002,7,1007.8100000000002,2opt,notBad
3580,7,1007.8100000000002,7,1007.8100000000002,move,improve
3581,7,1007.8100000000002,7,1007.8100000000002,swap,notBad
3582,7,1007.8100000000002,7,1007.8100000000002,2opt,notBad
3583,7,1007.8100000000002,7,1007.8100000000002,swap,notBad
3584,7,1007.8100000000002,7,1007.8100000000002,2opt,notBad
3585,7,1007.8100000000002,7,1007.8100000000002,move,improve
3586,7,1007.8100000000002,7,1007.8100000000002,swap,notBad
3587,7,1007.8100000000002,7,1007.8100000000002,move,improve
3588,7,1007.8100000000002,7,1007.8100000000002,2opt,notBad
3589,7,1004.8000000000002,7,1004.8000000000002,move,newBest
3590,7,1004.8000000000002,7,1004.8000000000002,2opt,notBad
3591,7,1004.8000000000002,7,1004.8000000000002,move,improve
3592,7,1004.8000000000002,7,1004.8000000000002,2opt,notBad
3593,7,1004.8000000000002,7,1004.8000000000002,2opt,notBad
3594,7,1004.8000000000002,7,1004.8000000000002,2opt,notBad
3595,7,1004.8000000000002,7,1004.8000000000002,move,improve
3596,7,1004.8000000000002,7,1004.8000000000002,swap,notBad
3597,7,1004.8000000000002,7,1004.8000000000002,swap,notBad
3598,7,1004.8000000000002,7,1004.8000000000002,move,improve
3599,7,1004.8000000000002,7,1004.8000000000002,swap,notBad
3600,7,1004.8000000000002,7,1004.8000000000002,2opt,improve
3601,7,1004.8000000000002,7,1004.8000000000002,move,notBad
3602,7,1004.8000000000002,7,1004.8000000000002,2opt,notBad
3603,7,1004.8000000000002,7,1004.8000000000002,swap,notBad
3604,7,1010.3999999999999,7,1004.8000000000002,2opt,acceptBad
3605,7,1010.3999999999999,7,1004.8000000000002,move,improve
3606,7,1010.3999999999999,7,1004.8000000000002,2opt,improve
3607,7,1010.3999999999999,7,1004.8000000000002,2opt,notBad
3608,7,1010.3999999999999,7,1004.8000000000002,2opt,notBad
3609,7,1010.3999999999999,7,1004.8000000000002,2opt,notBad
3610,7,1010.3999999999999,7,1004.8000000000002,2opt,notBad
3611,7,1010.3999999999999,7,1004.8000000000002,2opt,notBad
3612,7,1010.3999999999999,7,1004.8000000000002,swap,notBad
3613,7,1010.3999999999999,7,1004.8000000000002,2opt,notBad
3614,7,1010.3999999999999,7,1004.8000000000002,2opt,notBad
3615,7,1010.3999999999999,7,1004.8000000000002,swap,notBad
3616,7,1010.3999999999999,7,1004.8000000000002,2opt,notBad
3617,7,1010.3999999999999,7,1004.8000000000002,2opt,notBad
3618,7,1010.3999999999999,7,1004.8000000000002,2opt,notBad
3619,7,1010.3999999999999,7,1004.8000000000002,swap,notBad
3620,7,1010.3999999999999,7,1004.8000000000002,swap,notBad
3621,7,1010.3999999999999,7,1004.8000000000002,move,improve
3622,7,1010.3999999999999,7,1004.8000000000002,swap,notBad
3623,7,1010.3999999999999,7,1004.8000000000002,move,improve
3624,7,1010.3999999999999,7,1004.8000000000002,move,improve
3625,7,1010.3999999999999,7,1004.8000000000002,move,improve
3626,7,1010.3999999999999,7,1004.8000000000002,2opt,notBad
3627,7,1010.3999999999999,7,1004.8000000000002,move,improve
3628,7,1010.3999999999999,7,1004.8000000000002,move,improve
3629,7,1010.3999999999999,7,1004.8000000000002,swap,notBad
3630,7,1010.3999999999999,7,1004.8000000000002,2opt,notBad
3631,7,1010.3999999999999,7,1004.8000000000002,2opt,notBad
3632,7,1010.3999999999999,7,1004.8000000000002,2opt,notBad
3633,7,1010.3999999999999,7,1004.8000000000002,2opt,notBad
3634,7,1010.3999999999999,7,1004.8000000000002,swap,notBad
3635,7,1005.99,7,1004.8000000000002,move,improve
3636,7,1005.99,7,1004.8000000000002,move,improve
3637,7,1005.99,7,1004.8000000000002,swap,notBad
3638,7,1005.99,7,1004.8000000000002,2opt,notBad
3639,7,1005.99,7,1004.8000000000002,2opt,notBad
3640,7,1005.99,7,1004.8000000000002,swap,notBad
3641,7,1005.99,7,1004.8000000000002,move,improve
3642,7,1001.6499999999999,7,1001.6499999999999,move,newBest
3643,7,1001.6499999999999,7,1001.6499999999999,2opt,notBad
3644,7,1001.6499999999999,7,1001.6499999999999,2opt,notBad
3645,7,1001.6499999999999,7,1001.6499999999999,2opt,notBad
3646,7,1001.6499999999999,7,1001.6499999999999,2opt,notBad
3647,7,998.01,7,998.01,move,newBest
3648,7,998.01,7,998.01,swap,notBad
3649,7,998.01,7,998.01,swap,notBad
3650,7,998.01,7,998.01,2opt,notBad
3651,7,1007.4599999999998,7,998.01,swap,acceptBad
3652,7,1007.4599999999998,7,998.01,move,improve
3653,7,1007.4599999999998,7,998.01,2opt,notBad
3654,7,1018.3799999999999,7,998.01,swap,acceptBad
3655,7,1028.11,7,998.01,swap,acceptBad
3656,7,1028.11,7,998.01,2opt,notBad
3657,7,1028.11,7,998.01,2opt,notBad
3658,7,1028.11,7,998.01,swap,notBad
3659,7,1028.11,7,998.01,move,improve
3660,7,1025.3799999999999,7,998.01,move,improve
3661,7,1025.3799999999999,7,998.01,swap,notBad
3662,7,1025.3799999999999,7,998.01,move,improve
3663,7,1021.74,7,998.01,move,improve
3664,7,1021.74,7,998.01,swap,notBad
3665,7,1021.74,7,998.01,move,improve
3666,7,1021.74,7,998.01,move,improve
3667,7,1021.74,7,998.01,2opt,notBad
3668,7,1027.1299999999999,7,998.01,swap,acceptBad
3669,7,1027.1299999999999,7,998.01,move,improve
3670,7,1027.1299999999999,7,998.01,swap,notBad
3671,7,1027.1299999999999,7,998.01,move,improve
3672,7,1027.1299999999999,7,998.01,move,improve
3673,7,1048.62,7,998.01,swap,acceptBad
3674,7,1038.25,7,998.01,2opt,improve
3675,7,1038.25,7,998.01,move,improve
3676,7,1038.25,7,998.01,2opt,notBad
3677,7,1038.25,7,998.01,swap,notBad
3678,7,1045.57,7,998.01,swap,acceptBad
3679,7,1045.57,7,998.01,2opt,notBad
3680,7,1045.57,7,998.01,swap,notBad
3681,7,1034.37,7,998.01,move,improve
3682,7,1034.0199999999998,7,998.01,move,improve
3683,7,1034.0199999999998,7,998.01,swap,notBad
3684,7,1034.0199999999998,7,998.01,swap,notBad
3685,7,1034.0199999999998,7,998.01,move,improve
3686,7,1034.0199999999998,7,998.01,move,improve
3687,7,1034.0199999999998,7,998.01,move,improve
3688,7,1034.0199999999998,7,998.01,2opt,notBad
3689,7,1032.44,7,998.01,swap,improve
3690,7,1032.44,7,998.01,2opt,notBad
3691,7,1032.44,7,998.01,2opt,notBad
3692,7,1032.44,7,998.01,swap,notBad
3693,7,1032.44,7,998.01,2opt,notBad
3694,7,1032.44,7,998.01,swap,notBad
3695,7,1018.4099999999999,7,998.01,move,improve
3696,7,1018.4099999999999,7,998.01,move,improve
3697,7,1018.4099999999999,7,998.01,swap,notBad
3698,7,1018.4099999999999,7,998.01,move,improve
3699,7,1018.4099999999999,7,998.01,swap,notBad
3700,7,1018.4099999999999,7,998.01,swap,notBad
3701,7,1018.4099999999999,7,998.01,swap,notBad
3702,7,1018.4099999999999,7,998.01,swap,notBad
3703,7,1018.4099999999999,7,998.01,2opt,notBad
3704,7,1018.4099999999999,7,998.01,2opt,notBad
3705,7,1018.4099999999999,7,998.01,swap,notBad
3706,7,1018.4099999999999,7,998.01,2opt,notBad
3707,7,1018.4099999999999,7,998.01,swap,notBad
3708,7,1018.4099999999999,7,998.01,swap,notBad
3709,7,1015.9599999999997,7,998.01,move,improve
3710,7,1015.9599999999997,7,998.01,2opt,notBad
3711,7,1015.9599999999997,7,998.01,2opt,notBad
3712,7,1009.5899999999997,7,998.01,move,improve
3713,7,1009.5899999999997,7,998.01,swap,notBad
3714,7,1009.5899999999997,7,998.01,move,improve
3715,7,1009.5899999999997,7,998.01,swap,notBad
3716,7,1006.5799999999997,7,998.01,move,improve
3717,7,1006.5799999999997,7,998.01,move,improve
3718,7,1006.5799999999997,7,998.01,swap,notBad
3719,7,1006.5799999999997,7,998.01,move,improve
3720,7,1006.5799999999997,7,998.01,swap,notBad
3721,7,1006.5799999999997,7,998.01,swap,notBad
3722,7,1006.5799999999997,7,998.01,2opt,notBad
3723,7,1006.5799999999997,7,998.01,2opt,notBad
3724,7,1006.5799999999997,7,998.01,move,improve
3725,7,1006.5799999999997,7,998.01,2opt,notBad
3726,7,1006.5799999999997,7,998.01,2opt,notBad
3727,7,1006.5799999999997,7,998.01,move,improve
3728,7,1006.5799999999997,7,998.01,2opt,notBad
3729,7,1006.5099999999998,7,998.01,move,improve
3730,7,1006.5099999999998,7,998.01,move,improve
3731,7,1006.5099999999998,7,998.01,swap,notBad
3732,7,1006.5099999999998,7,998.01,2opt,notBad
3733,7,1006.5099999999998,7,998.01,move,improve
3734,7,1006.5099999999998,7,998.01,2opt,notBad
3735,7,1006.5099999999998,7,998.01,swap,notBad
3736,7,1006.5099999999998,7,998.01,move,improve
3737,7,1006.5099999999998,7,998.01,swap,notBad
3738,7,1006.5099999999998,7,998.01,swap,notBad
3739,7,1006.5099999999998,7,998.01,swap,notBad
3740,7,1006.5099999999998,7,998.01,swap,notBad
3741,7,1006.5099999999998,7,998.01,2opt,notBad
3742,7,1006.5099999999998,7,998.01,move,improve
3743,7,1006.5099999999998,7,998.01,swap,notBad
3744,7,1006.5099999999998,7,998.01,swap,notBad
3745,7,1006.5099999999998,7,998.01,2opt,notBad
3746,7,1006.5099999999998,7,998.01,move,improve
3747,7,1003.5699999999999,7,998.01,move,improve
3748,7,1003.5699999999999,7,998.01,move,improve
3749,7,1003.5699999999999,7,998.01,swap,notBad
3750,7,1003.5699999999999,7,998.01,swap,notBad
3751,7,1003.5699999999999,7,998.01,2opt,notBad
3752,7,1003.5699999999999,7,998.01,swap,notBad
3753,7,1003.5699999999999,7,998.01,2opt,notBad
3754,7,1003.5699999999999,7,998.01,2opt,notBad
3755,7,1003.5699999999999,7,998.01,move,improve
3756,7,1003.5699999999999,7,998.01,swap,notBad
3757,7,1003.5699999999999,7,998.01,swap,notBad
3758,7,1003.5699999999999,7,998.01,move,improve
3759,7,1003.5699999999999,7,998.01,move,improve
3760,7,1003.5699999999999,7,998.01,move,improve
3761,7,1003.5699999999999,7,998.01,move,improve
3762,7,1020.7899999999998,7,998.01,swap,acceptBad
3763,7,1004.9699999999999,7,998.01,move,improve
3764,7,1004.9699999999999,7,998.01,2opt,notBad
3765,7,1004.9699999999999,7,998.01,move,improve
3766,7,1004.9699999999999,7,998.01,2opt,notBad
3767,7,999.5799999999999,7,998.01,move,improve
3768,7,999.5799999999999,7,998.01,2opt,improve
3769,7,999.5799999999999,7,998.01,2opt,improve
3770,7,999.5799999999999,7,998.01,move,improve
3771,7,999.5799999999999,7,998.01,2opt,notBad
3772,7,999.5799999999999,7,998.01,move,improve
3773,7,1002.5899999999999,7,998.01,swap,acceptBad
3774,7,1002.5899999999999,7,998.01,move,improve
3775,7,1002.5899999999999,7,998.01,swap,notBad
3776,7,1002.5899999999999,7,998.01,move,improve
3777,7,999.5799999999999,7,998.01,move,improve
3778,7,993.3999999999999,7,993.3999999999999,move,newBest
3779,7,993.3999999999999,7,993.3999999999999,2opt,notBad
3780,7,993.3999999999999,7,993.3999999999999,swap,notBad
3781,7,993.3999999999999,7,993.3999999999999,swap,notBad
3782,7,993.3999999999999,7,993.3999999999999,2opt,notBad
3783,7,993.3999999999999,7,993.3999999999999,move,improve
3784,7,990.81,7,990.81,move,newBest
3785,7,990.81,7,990.81,2opt,improve
3786,7,990.81,7,990.81,2opt,improve
3787,7,990.81,7,990.81,move,improve
3788,7,990.81,7,990.81,swap,notBad
3789,7,990.81,7,990.81,2opt,notBad
3790,7,990.81,7,990.81,swap,notBad
3791,7,990.81,7,990.81,2opt,notBad
3792,7,990.81,7,990.81,2opt,notBad
3793,7,990.81,7,990.81,2opt,notBad
3794,7,990.81,7,990.81,swap,notBad
3795,7,990.81,7,990.81,move,improve
3796,7,990.81,7,990.81,swap,notBad
3797,7,990.81,7,990.81,2opt,notBad
3798,7,990.81,7,990.81,swap,notBad
3799,7,990.81,7,990.81,move,improve
3800,7,990.81,7,990.81,2opt,notBad
3801,7,990.81,7,990.81,2opt,notBad
3802,7,990.81,7,990.81,2opt,notBad
3803,7,990.81,7,990.81,swap,notBad
3804,7,990.81,7,990.81,2opt,notBad
3805,7,990.81,7,990.81,move,improve
3806,7,990.81,7,990.81,2opt,notBad
3807,7,990.81,7,990.81,swap,notBad
3808,7,990.81,7,990.81,move,improve
3809,7,974.7500000000001,7,974.7500000000001,swap,newBest
3810,7,976.4300000000001,7,974.7500000000001,swap,acceptBad
3811,7,972.37,7,972.37,move,newBest
3812,7,972.37,7,972.37,move,improve
3813,7,975.38,7,972.37,swap,acceptBad
3814,7,975.38,7,972.37,move,improve
3815,7,975.38,7,972.37,swap,notBad
3816,7,975.38,7,972.37,move,improve
3817,7,975.38,7,972.37,move,improve
3818,7,975.38,7,972.37,swap,notBad
3819,7,975.38,7,972.37,move,improve
3820,7,975.38,7,972.37,move,improve
3821,7,975.38,7,972.37,swap,notBad
3822,7,975.38,7,972.37,swap,notBad
3823,7,975.38,7,972.37,swap,notBad
3824,7,975.38,7,972.37,move,improve
3825,7,974.4,7,972.37,swap,improve
3826,7,974.4,7,972.37,move,improve
3827,7,974.4,7,972.37,swap,notBad
3828,7,974.4,7,972.37,move,improve
3829,7,974.4,7,972.37,swap,notBad
3830,7,974.4,7,972.37,2opt,notBad
3831,7,974.4,7,972.37,2opt,notBad
3832,7,974.4,7,972.37,2opt,notBad
3833,7,974.4,7,972.37,move,improve
3834,7,974.4,7,972.37,2opt,notBad
3835,7,974.4,7,972.37,2opt,improve
3836,7,974.4,7,972.37,move,improve
3837,7,973.84,7,972.37,move,improve
3838,7,973.84,7,972.37,swap,notBad
3839,7,967.4,7,967.4,move,newBest
3840,7,967.4,7,967.4,2opt,notBad
3841,7,967.4,7,967.4,move,improve
3842,7,967.4,7,967.4,2opt,notBad
3843,7,967.4,7,967.4,move,improve
3844,7,967.4,7,967.4,move,improve
3845,7,967.4,7,967.4,swap,notBad
3846,7,965.72,7,965.72,move,newBest
3847,7,965.72,7,965.72,2opt,notBad
3848,7,965.72,7,965.72,2opt,notBad
3849,7,965.72,7,965.72,2opt,improve
3850,7,965.72,7,965.72,swap,notBad
3851,7,965.72,7,965.72,2opt,improve
3852,7,960.8399999999999,7,960.8399999999999,swap,newBest
3853,7,960.8399999999999,7,960.8399999999999,swap,notBad
3854,7,960.8399999999999,7,960.8399999999999,swap,notBad
3855,7,960.8399999999999,7,960.8399999999999,swap,notBad
3856,7,960.8399999999999,7,960.8399999999999,swap,notBad
3857,7,960.8399999999999,7,960.8399999999999,move,improve
3858,7,960.8399999999999,7,960.8399999999999,swap,notBad
3859,7,960.8399999999999,7,960.8399999999999,swap,notBad
3860,7,960.8399999999999,7,960.8399999999999,2opt,notBad
3861,7,960.8399999999999,7,960.8399999999999,2opt,notBad
3862,7,960.8399999999999,7,960.8399999999999,swap,notBad
3863,7,960.8399999999999,7,960.8399999999999,swap,notBad
3864,7,960.8399999999999,7,960.8399999999999,2opt,notBad
3865,7,960.8399999999999,7,960.8399999999999,2opt,notBad
3866,7,960.8399999999999,7,960.8399999999999,swap,notBad
3867,7,960.8399999999999,7,960.8399999999999,swap,notBad
3868,7,959.6500000000001,7,959.6500000000001,move,newBest
3869,7,948.31,7,948.31,move,newBest
3870,7,959.8599999999999,7,948.31,swap,acceptBad
3871,7,959.8599999999999,7,948.31,2opt,notBad
3872,7,959.8599999999999,7,948.31,swap,notBad
3873,7,959.8599999999999,7,948.31,swap,notBad
3874,7,959.8599999999999,7,948.31,move,improve
3875,7,959.8599999999999,7,948.31,2opt,notBad
3876,7,959.8599999999999,7,948.31,swap,notBad
3877,7,952.72,7,948.31,move,improve
3878,7,952.72,7,948.31,swap,notBad
3879,7,952.72,7,948.31,move,improve
3880,7,952.72,7,948.31,swap,notBad
3881,7,952.72,7,948.31,2opt,improve
3882,7,959.9299999999998,7,948.31,swap,acceptBad
3883,7,959.9299999999998,7,948.31,swap,notBad
3884,7,959.9299999999998,7,948.31,swap,notBad
3885,7,959.9299999999998,7,948.31,swap,notBad
3886,7,959.9299999999998,7,948.31,move,improve
3887,7,959.9299999999998,7,948.31,2opt,notBad
3888,7,959.9299999999998,7,948.31,move,improve
3889,7,959.9299999999998,7,948.31,2opt,notBad
3890,7,959.9299999999998,7,948.31,move,improve
3891,7,965.31,7,948.31,swap,acceptBad
3892,7,965.31,7,948.31,2opt,notBad
3893,7,965.31,7,948.31,2opt,notBad
3894,7,965.31,7,948.31,2opt,notBad
3895,7,965.31,7,948.31,2opt,improve
3896,7,965.31,7,948.31,swap,notBad
3897,7,965.31,7,948.31,2opt,notBad
3898,7,965.31,7,948.31,swap,notBad
3899,7,965.31,7,948.31,swap,notBad
3900,7,965.31,7,948.31,2opt,notBad
3901,7,965.31,7,948.31,2opt,notBad
3902,7,965.31,7,948.31,swap,notBad
3903,7,965.31,7,948.31,move,improve
3904,7,965.31,7,948.31,move,improve
3905,7,965.31,7,948.31,2opt,notBad
3906,7,965.31,7,948.31,move,improve
3907,7,965.31,7,948.31,swap,notBad
3908,7,965.31,7,948.31,2opt,improve
3909,7,965.31,7,948.31,swap,notBad
3910,7,965.31,7,948.31,swap,notBad
3911,7,965.31,7,948.31,2opt,notBad
3912,7,965.31,7,948.31,2opt,notBad
3913,7,965.31,7,948.31,move,improve
3914,7,965.31,7,948.31,2opt,notBad
3915,7,958.1,7,948.31,move,improve
3916,7,958.1,7,948.31,move,improve
3917,7,958.1,7,948.31,move,improve
3918,7,958.1,7,948.31,2opt,notBad
3919,7,958.1,7,948.31,swap,notBad
3920,7,958.1,7,948.31,move,improve
3921,7,958.1,7,948.31,2opt,notBad
3922,7,958.1,7,948.31,swap,notBad
3923,7,958.1,7,948.31,2opt,notBad
3924,7,958.1,7,948.31,move,improve
3925,7,958.1,7,948.31,2opt,notBad
3926,7,958.1,7,948.31,swap,notBad
3927,7,958.1,7,948.31,swap,notBad
3928,7,958.1,7,948.31,swap,notBad
3929,7,958.1,7,948.31,swap,notBad
3930,7,958.1,7,948.31,swap,notBad
3931,7,958.6600000000001,7,948.31,swap,acceptBad
3932,7,955.6500000000001,7,948.31,move,improve
3933,7,955.6500000000001,7,948.31,swap,notBad
3934,7,955.6500000000001,7,948.31,2opt,improve
3935,7,955.6500000000001,7,948.31,2opt,notBad
3936,7,955.6500000000001,7,948.31,2opt,notBad
3937,7,955.6500000000001,7,948.31,swap,notBad
3938,7,955.6500000000001,7,948.31,move,improve
3939,7,955.6500000000001,7,948.31,swap,notBad
3940,7,955.86,7,948.31,2opt,acceptBad
3941,7,955.86,7,948.31,move,improve
3942,7,955.86,7,948.31,move,improve
3943,7,955.86,7,948.31,move,improve
3944,7,955.86,7,948.31,swap,notBad
3945,7,955.86,7,948.31,2opt,notBad
3946,7,955.86,7,948.31,2opt,notBad
3947,7,955.86,7,948.31,swap,notBad
3948,7,955.86,7,948.31,move,improve
3949,7,955.86,7,948.31,2opt,notBad
3950,7,922.7199999999999,7,922.7199999999999,move,newBest
3951,7,922.7199999999999,7,922.7199999999999,swap,notBad
3952,7,922.7199999999999,7,922.7199999999999,swap,notBad
3953,7,922.7199999999999,7,922.7199999999999,move,improve
3954,7,922.7199999999999,7,922.7199999999999,2opt,improve
3955,7,922.7199999999999,7,922.7199999999999,2opt,notBad
3956,7,922.7199999999999,7,922.7199999999999,2opt,notBad
3957,7,922.1599999999999,7,922.1599999999999,move,newBest
3958,7,922.1599999999999,7,922.1599999999999,swap,notBad
3959,7,916.9099999999999,7,916.9099999999999,move,newBest
3960,7,916.9099999999999,7,916.9099999999999,move,improve
3961,7,916.6999999999999,7,916.6999999999999,move,newBest
3962,7,931.4,7,916.6999999999999,swap,acceptBad
3963,7,931.4,7,916.6999999999999,move,improve
3964,7,931.4,7,916.6999999999999,swap,notBad
3965,7,931.4,7,916.6999999999999,swap,notBad
3966,7,931.4,7,916.6999999999999,move,improve
3967,7,931.4,7,916.6999999999999,swap,notBad
3968,7,931.4,7,916.6999999999999,swap,notBad
3969,7,931.4,7,916.6999999999999,2opt,notBad
3970,7,931.4,7,916.6999999999999,2opt,notBad
3971,7,931.4,7,916.6999999999999,swap,notBad
3972,7,931.4,7,916.6999999999999,2opt,notBad
3973,7,931.4,7,916.6999999999999,2opt,notBad
3974,7,931.4,7,916.6999999999999,move,improve
3975,7,931.4,7,916.6999999999999,move,improve
3976,7,931.4,7,916.6999999999999,move,notBad
3977,7,940.5699999999998,7,916.6999999999999,swap,acceptBad
3978,7,940.5699999999998,7,916.6999999999999,2opt,notBad
3979,7,940.5699999999998,7,916.6999999999999,move,improve
3980,7,940.5699999999998,7,916.6999999999999,2opt,notBad
3981,7,940.5699999999998,7,916.6999999999999,swap,notBad
3982,7,940.5699999999998,7,916.6999999999999,swap,notBad
3983,7,940.5699999999998,7,916.6999999999999,2opt,improve
3984,7,940.5699999999998,7,916.6999999999999,swap,notBad
3985,7,940.5699999999998,7,916.6999999999999,move,improve
3986,7,940.5699999999998,7,916.6999999999999,2opt,notBad
3987,7,940.5699999999998,7,916.6999999999999,move,improve
3988,7,940.5699999999998,7,916.6999999999999,move,improve
3989,7,940.5699999999998,7,916.6999999999999,move,improve
3990,7,940.5699999999998,7,916.6999999999999,swap,notBad
3991,7,940.5699999999998,7,916.6999999999999,swap,notBad
3992,7,940.5699999999998,7,916.6999999999999,move,improve
3993,7,940.5699999999998,7,916.6999999999999,swap,notBad
3994,7,940.5699999999998,7,916.6999999999999,2opt,notBad
3995,7,940.5699999999998,7,916.6999999999999,swap,notBad
3996,7,940.5699999999998,7,916.6999999999999,move,improve
3997,7,940.5699999999998,7,916.6999999999999,2opt,notBad
3998,7,940.5699999999998,7,916.6999999999999,2opt,notBad
3999,7,940.5699999999998,7,916.6999999999999,move,improve
4000,7,940.5699999999998,7,916.6999999999999,swap,notBad
4001,7,940.5699999999998,7,916.6999999999999,swap,notBad
4002,7,940.5699999999998,7,916.6999999999999,move,improve
4003,7,940.5699999999998,7,916.6999999999999,2opt,notBad
4004,7,940.5699999999998,7,916.6999999999999,move,improve
4005,7,940.5699999999998,7,916.6999999999999,move,improve
4006,7,940.5699999999998,7,916.6999999999999,2opt,notBad
4007,7,940.5699999999998,7,916.6999999999999,2opt,notBad
4008,7,940.5699999999998,7,916.6999999999999,2opt,improve
4009,7,920.3399999999999,7,916.6999999999999,move,improve
4010,7,920.3399999999999,7,916.6999999999999,move,improve
4011,7,920.3399999999999,7,916.6999999999999,move,improve
4012,7,920.3399999999999,7,916.6999999999999,2opt,notBad
4013,7,920.3399999999999,7,916.6999999999999,2opt,notBad
4014,7,920.3399999999999,7,916.6999999999999,swap,notBad
4015,7,920.3399999999999,7,916.6999999999999,2opt,notBad
4016,7,920.3399999999999,7,916.6999999999999,2opt,notBad
4017,7,920.3399999999999,7,916.6999999999999,swap,notBad
4018,7,920.3399999999999,7,916.6999999999999,move,improve
4019,7,920.3399999999999,7,916.6999999999999,move,improve
4020,7,920.3399999999999,7,916.6999999999999,2opt,notBad
4021,7,920.3399999999999,7,916.6999999999999,move,improve
4022,7,920.3399999999999,7,916.6999999999999,swap,notBad
4023,7,920.3399999999999,7,916.6999999999999,swap,notBad
4024,7,920.3399999999999,7,916.6999999999999,move,improve
4025,7,920.3399999999999,7,916.6999999999999,2opt,notBad
4026,7,920.3399999999999,7,916.6999999999999,move,improve
4027,7,920.3399999999999,7,916.6999999999999,2opt,notBad
4028,7,920.3399999999999,7,916.6999999999999,swap,notBad
4029,7,916.6999999999999,7,916.6999999999999,move,improve
4030,7,916.6999999999999,7,916.6999999999999,move,improve
4031,7,916.6999999999999,7,916.6999999999999,2opt,notBad
4032,7,916.6999999999999,7,916.6999999999999,2opt,notBad
4033,7,916.6999999999999,7,916.6999999999999,move,improve
4034,7,916.6999999999999,7,916.6999999999999,move,improve
4035,7,916.6999999999999,7,916.6999999999999,2opt,notBad
4036,7,916.6999999999999,7,916.6999999999999,swap,notBad
4037,7,916.6999999999999,7,916.6999999999999,move,improve
4038,7,916.6999999999999,7,916.6999999999999,2opt,notBad
4039,7,916.6999999999999,7,916.6999999999999,swap,notBad
4040,7,916.6999999999999,7,916.6999999999999,2opt,notBad
4041,7,916.6999999999999,7,916.6999999999999,2opt,notBad
4042,7,933.64,7,916.6999999999999,swap,acceptBad
4043,7,933.64,7,916.6999999999999,swap,notBad
4044,7,933.64,7,916.6999999999999,move,improve
4045,7,947.0100000000001,7,916.6999999999999,swap,acceptBad
4046,7,947.0100000000001,7,916.6999999999999,swap,notBad
4047,7,942.95,7,916.6999999999999,move,improve
4048,7,942.95,7,916.6999999999999,2opt,notBad
4049,7,942.95,7,916.6999999999999,2opt,improve
4050,7,942.95,7,916.6999999999999,swap,notBad
4051,7,942.95,7,916.6999999999999,swap,notBad
4052,7,942.95,7,916.6999999999999,swap,notBad
4053,7,942.95,7,916.6999999999999,2opt,notBad
4054,7,942.95,7,916.6999999999999,2opt,notBad
4055,7,942.95,7,916.6999999999999,swap,notBad
4056,7,939.31,7,916.6999999999999,move,improve
4057,7,939.31,7,916.6999999999999,swap,notBad
4058,7,939.31,7,916.6999999999999,2opt,notBad
4059,7,939.31,7,916.6999999999999,swap,notBad
4060,7,933.01,7,916.6999999999999,move,improve
4061,7,933.01,7,916.6999999999999,swap,notBad
4062,7,933.01,7,916.6999999999999,swap,notBad
4063,7,933.01,7,916.6999999999999,swap,notBad
4064,7,933.01,7,916.6999999999999,move,improve
4065,7,933.01,7,916.6999999999999,swap,notBad
4066,7,933.01,7,916.6999999999999,move,improve
4067,7,931.68,7,916.6999999999999,2opt,improve
4068,7,931.68,7,916.6999999999999,move,improve
4069,7,931.68,7,916.6999999999999,2opt,notBad
4070,7,931.68,7,916.6999999999999,move,improve
4071,7,931.68,7,916.6999999999999,swap,notBad
4072,7,931.68,7,916.6999999999999,2opt,notBad
4073,7,931.68,7,916.6999999999999,move,improve
4074,7,931.68,7,916.6999999999999,2opt,notBad
4075,7,934.3399999999999,7,916.6999999999999,2opt,acceptBad
4076,7,934.3399999999999,7,916.6999999999999,move,improve
4077,7,934.3399999999999,7,916.6999999999999,move,improve
4078,7,934.3399999999999,7,916.6999999999999,move,improve
4079,7,934.3399999999999,7,916.6999999999999,swap,notBad
4080,7,934.3399999999999,7,916.6999999999999,swap,notBad
4081,7,934.3399999999999,7,916.6999999999999,move,improve
4082,7,934.3399999999999,7,916.6999999999999,move,improve
4083,7,934.3399999999999,7,916.6999999999999,swap,notBad
4084,7,936.58,7,916.6999999999999,swap,acceptBad
4085,7,936.58,7,916.6999999999999,2opt,notBad
4086,7,936.58,7,916.6999999999999,move,improve
4087,7,936.58,7,916.6999999999999,swap,notBad
4088,7,936.58,7,916.6999999999999,move,improve
4089,7,936.58,7,916.6999999999999,swap,notBad
4090,7,936.58,7,916.6999999999999,swap,notBad
4091,7,936.58,7,916.6999999999999,swap,notBad
4092,7,936.58,7,916.6999999999999,move,notBad
4093,7,936.58,7,916.6999999999999,2opt,notBad
4094,7,936.58,7,916.6999999999999,2opt,notBad
4095,7,936.58,7,916.6999999999999,2opt,notBad
4096,7,936.58,7,916.6999999999999,swap,notBad
4097,7,936.58,7,916.6999999999999,swap,notBad
4098,7,936.58,7,916.6999999999999,move,improve
4099,7,936.58,7,916.6999999999999,swap,notBad
4100,7,936.58,7,916.6999999999999,move,improve
4101,7,936.58,7,916.6999999999999,move,improve
4102,7,936.58,7,916.6999999999999,2opt,notBad
4103,7,936.58,7,916.6999999999999,2opt,notBad
4104,7,936.58,7,916.6999999999999,swap,notBad
4105,7,936.58,7,916.6999999999999,2opt,notBad
4106,7,936.58,7,916.6999999999999,2opt,notBad
4107,7,936.58,7,916.6999999999999,swap,notBad
4108,7,936.58,7,916.6999999999999,swap,notBad
4109,7,936.58,7,916.6999999999999,move,improve
4110,7,936.58,7,916.6999999999999,move,improve
4111,7,936.58,7,916.6999999999999,swap,notBad
4112,7,936.58,7,916.6999999999999,swap,notBad
4113,7,936.58,7,916.6999999999999,move,improve
4114,7,936.58,7,916.6999999999999,swap,notBad
4115,7,936.58,7,916.6999999999999,swap,notBad
4116,7,936.58,7,916.6999999999999,2opt,notBad
4117,7,936.58,7,916.6999999999999,2opt,notBad
4118,7,936.58,7,916.6999999999999,2opt,notBad
4119,7,936.58,7,916.6999999999999,swap,notBad
4120,7,936.58,7,916.6999999999999,2opt,notBad
4121,7,936.58,7,916.6999999999999,move,improve
4122,7,936.58,7,916.6999999999999,2opt,notBad
4123,7,936.58,7,916.6999999999999,move,improve
4124,7,936.58,7,916.6999999999999,2opt,improve
4125,7,936.58,7,916.6999999999999,swap,notBad
4126,7,936.58,7,916.6999999999999,2opt,notBad
4127,7,936.58,7,916.6999999999999,2opt,notBad
4128,7,936.58,7,916.6999999999999,move,improve
4129,7,936.58,7,916.6999999999999,2opt,notBad
4130,7,936.58,7,916.6999999999999,swap,notBad
4131,7,936.58,7,916.6999999999999,swap,notBad
4132,7,936.58,7,916.6999999999999,move,improve
4133,7,936.58,7,916.6999999999999,move,improve
4134,7,936.58,7,916.6999999999999,2opt,notBad
4135,7,936.58,7,916.6999999999999,2opt,improve
4136,7,936.58,7,916.6999999999999,move,improve
4137,7,936.58,7,916.6999999999999,move,improve
4138,7,936.58,7,916.6999999999999,2opt,notBad
4139,7,942.88,7,916.6999999999999,swap,acceptBad
4140,7,930.14,7,916.6999999999999,move,improve
4141,7,930.14,7,916.6999999999999,2opt,notBad
4142,7,930.14,7,916.6999999999999,2opt,notBad
4143,7,930.14,7,916.6999999999999,2opt,notBad
4144,7,930.14,7,916.6999999999999,2opt,notBad
4145,7,930.14,7,916.6999999999999,swap,notBad
4146,7,930.14,7,916.6999999999999,2opt,notBad
4147,7,930.14,7,916.6999999999999,swap,notBad
4148,7,930.14,7,916.6999999999999,move,improve
4149,7,930.14,7,916.6999999999999,swap,notBad
4150,7,930.14,7,916.6999999999999,move,notBad
4151,7,930.14,7,916.6999999999999,move,improve
4152,7,930.14,7,916.6999999999999,2opt,notBad
4153,7,930.14,7,916.6999999999999,move,improve
4154,7,930.14,7,916.6999999999999,swap,notBad
4155,7,930.14,7,916.6999999999999,move,improve
4156,7,930.14,7,916.6999999999999,2opt,notBad
4157,7,930.14,7,916.6999999999999,move,improve
4158,7,930.14,7,916.6999999999999,move,improve
4159,7,930.14,7,916.6999999999999,move,improve
4160,7,930.14,7,916.6999999999999,swap,notBad
4161,7,930.14,7,916.6999999999999,swap,notBad
4162,7,935.18,7,916.6999999999999,swap,acceptBad
4163,7,935.18,7,916.6999999999999,2opt,notBad
4164,7,935.18,7,916.6999999999999,swap,notBad
4165,7,935.18,7,916.6999999999999,2opt,improve
4166,7,935.18,7,916.6999999999999,swap,notBad
4167,7,935.18,7,916.6999999999999,move,improve
4168,7,935.18,7,916.6999999999999,swap,notBad
4169,7,935.18,7,916.6999999999999,swap,notBad
4170,7,935.18,7,916.6999999999999,2opt,notBad
4171,7,935.18,7,916.6999999999999,move,notBad
4172,7,935.18,7,916.6999999999999,swap,notBad
4173,7,935.18,7,916.6999999999999,move,improve
4174,7,935.18,7,916.6999999999999,move,improve
4175,7,935.18,7,916.6999999999999,2opt,notBad
4176,7,935.18,7,916.6999999999999,2opt,notBad
4177,7,935.18,7,916.6999999999999,swap,notBad
4178,7,935.18,7,916.6999999999999,swap,notBad
4179,7,935.18,7,916.6999999999999,2opt,notBad
4180,7,935.18,7,916.6999999999999,swap,notBad
4181,7,935.18,7,916.6999999999999,swap,notBad
4182,7,935.18,7,916.6999999999999,swap,notBad
4183,7,935.18,7,916.6999999999999,swap,notBad
4184,7,935.18,7,916.6999999999999,swap,notBad
4185,7,935.18,7,916.6999999999999,2opt,notBad
4186,7,935.18,7,916.6999999999999,swap,notBad
4187,7,935.18,7,916.6999999999999,2opt,notBad
4188,7,935.18,7,916.6999999999999,swap,notBad
4189,7,935.18,7,916.6999999999999,swap,notBad
4190,7,935.18,7,916.6999999999999,move,improve
4191,7,935.18,7,916.6999999999999,move,improve
4192,7,935.18,7,916.6999999999999,swap,notBad
4193,7,935.18,7,916.6999999999999,2opt,notBad
4194,7,935.18,7,916.6999999999999,swap,notBad
4195,7,935.18,7,916.6999999999999,move,improve
4196,7,944.2800000000001,7,916.6999999999999,swap,acceptBad
4197,7,944.2800000000001,7,916.6999999999999,2opt,notBad
4198,7,944.2800000000001,7,916.6999999999999,move,improve
4199,7,944.2800000000001,7,916.6999999999999,move,improve
4200,7,944.2800000000001,7,916.6999999999999,swap,notBad
4201,7,944.2800000000001,7,916.6999999999999,move,improve
4202,7,944.2800000000001,7,916.6999999999999,2opt,notBad
4203,7,944.2800000000001,7,916.6999999999999,swap,notBad
4204,7,944.2800000000001,7,916.6999999999999,swap,notBad
4205,7,944.2800000000001,7,916.6999999999999,move,improve
4206,7,944.2800000000001,7,916.6999999999999,2opt,notBad
4207,7,944.2800000000001,7,916.6999999999999,2opt,notBad
4208,7,944.2800000000001,7,916.6999999999999,move,improve
4209,7,944.2800000000001,7,916.6999999999999,swap,notBad
4210,7,944.2800000000001,7,916.6999999999999,2opt,improve
4211,7,944.2800000000001,7,916.6999999999999,2opt,improve
4212,7,944.2800000000001,7,916.6999999999999,2opt,notBad
4213,7,944.2800000000001,7,916.6999999999999,2opt,notBad
4214,7,944.2800000000001,7,916.6999999999999,2opt,notBad
4215,7,936.7900000000001,7,916.6999999999999,move,improve
4216,7,936.7900000000001,7,916.6999999999999,move,improve
4217,7,936.7900000000001,7,916.6999999999999,move,improve
4218,7,936.7900000000001,7,916.6999999999999,swap,notBad
4219,7,936.7900000000001,7,916.6999999999999,swap,notBad
4220,7,936.7900000000001,7,916.6999999999999,2opt,notBad
4221,7,936.7900000000001,7,916.6999999999999,2opt,notBad
4222,7,936.7900000000001,7,916.6999999999999,2opt,notBad
4223,7,936.7900000000001,7,916.6999999999999,swap,notBad
4224,7,942.0399999999998,7,916.6999999999999,2opt,acceptBad
4225,7,942.0399999999998,7,916.6999999999999,swap,notBad
4226,7,942.0399999999998,7,916.6999999999999,move,improve
4227,7,942.0399999999998,7,916.6999999999999,move,improve
4228,7,942.0399999999998,7,916.6999999999999,swap,notBad
4229,7,942.0399999999998,7,916.6999999999999,2opt,notBad
4230,7,942.0399999999998,7,916.6999999999999,2opt,notBad
4231,7,942.0399999999998,7,916.6999999999999,move,improve
4232,7,942.0399999999998,7,916.6999999999999,2opt,notBad
4233,7,942.0399999999998,7,916.6999999999999,move,improve
4234,7,942.0399999999998,7,916.6999999999999,swap,notBad
4235,7,942.0399999999998,7,916.6999999999999,swap,notBad
4236,7,942.0399999999998,7,916.6999999999999,swap,notBad
4237,7,942.0399999999998,7,916.6999999999999,2opt,notBad
4238,7,942.0399999999998,7,916.6999999999999,2opt,notBad
4239,7,942.0399999999998,7,916.6999999999999,2opt,notBad
4240,7,942.0399999999998,7,916.6999999999999,2opt,notBad
4241,7,942.0399999999998,7,916.6999999999999,swap,notBad
4242,7,942.0399999999998,7,916.6999999999999,swap,notBad
4243,7,942.0399999999998,7,916.6999999999999,move,improve
4244,7,936.7899999999998,7,916.6999999999999,move,improve
4245,7,936.7899999999998,7,916.6999999999999,swap,notBad
4246,7,936.7899999999998,7,916.6999999999999,swap,notBad
4247,7,936.7899999999998,7,916.6999999999999,swap,notBad
4248,7,936.7899999999998,7,916.6999999999999,swap,notBad
4249,7,936.7899999999998,7,916.6999999999999,2opt,notBad
4250,7,936.7899999999998,7,916.6999999999999,2opt,notBad
4251,7,936.7899999999998,7,916.6999999999999,move,improve
4252,7,936.7899999999998,7,916.6999999999999,swap,notBad
4253,7,936.7899999999998,7,916.6999999999999,2opt,improve
4254,7,936.7899999999998,7,916.6999999999999,swap,notBad
4255,7,936.7899999999998,7,916.6999999999999,move,improve
4256,7,936.7899999999998,7,916.6999999999999,move,improve
4257,7,936.7899999999998,7,916.6999999999999,swap,notBad
4258,7,936.7899999999998,7,916.6999999999999,2opt,notBad
4259,7,936.7899999999998,7,916.6999999999999,2opt,notBad
4260,7,936.7899999999998,7,916.6999999999999,swap,notBad
4261,7,936.7899999999998,7,916.6999999999999,2opt,notBad
4262,7,936.7899999999998,7,916.6999999999999,move,improve
4263,7,936.7899999999998,7,916.6999999999999,move,improve
4264,7,936.7899999999998,7,916.6999999999999,move,improve
4265,7,936.7899999999998,7,916.6999999999999,move,improve
4266,7,936.7899999999998,7,916.6999999999999,move,improve
4267,7,936.7899999999998,7,916.6999999999999,2opt,notBad
4268,7,936.7899999999998,7,916.6999999999999,2opt,improve
4269,7,936.7899999999998,7,916.6999999999999,move,improve
4270,7,936.7899999999998,7,916.6999999999999,2opt,notBad
4271,7,936.7899999999998,7,916.6999999999999,2opt,notBad
4272,7,936.7899999999998,7,916.6999999999999,move,improve
4273,7,936.7899999999998,7,916.6999999999999,move,improve
4274,7,936.7899999999998,7,916.6999999999999,swap,notBad
4275,7,936.7899999999998,7,916.6999999999999,move,improve
4276,7,936.7899999999998,7,916.6999999999999,2opt,notBad
4277,7,936.7899999999998,7,916.6999999999999,move,improve
4278,7,936.7899999999998,7,916.6999999999999,move,improve
4279,7,947.2199999999999,7,916.6999999999999,move,acceptBad
4280,7,955.62,7,916.6999999999999,swap,acceptBad
4281,7,955.62,7,916.6999999999999,2opt,notBad
4282,7,955.62,7,916.6999999999999,move,improve
4283,7,955.62,7,916.6999999999999,move,improve
4284,7,955.62,7,916.6999999999999,2opt,notBad
4285,7,955.62,7,916.6999999999999,swap,notBad
4286,7,955.62,7,916.6999999999999,2opt,notBad
4287,7,955.62,7,916.6999999999999,swap,notBad
4288,7,955.62,7,916.6999999999999,2opt,notBad
4289,7,955.62,7,916.6999999999999,move,improve
4290,7,955.62,7,916.6999999999999,move,improve
4291,7,955.62,7,916.6999999999999,move,improve
4292,7,950.86,7,916.6999999999999,move,improve
4293,7,950.86,7,916.6999999999999,move,improve
4294,7,950.86,7,916.6999999999999,2opt,notBad
4295,7,950.86,7,916.6999999999999,2opt,notBad
4296,7,950.86,7,916.6999999999999,2opt,notBad
4297,7,950.86,7,916.6999999999999,2opt,notBad
4298,7,950.86,7,916.6999999999999,2opt,notBad
4299,7,950.86,7,916.6999999999999,swap,notBad
4300,7,950.86,7,916.6999999999999,2opt,notBad
4301,7,950.86,7,916.6999999999999,swap,notBad
4302,7,950.86,7,916.6999999999999,2opt,improve
4303,7,950.86,7,916.6999999999999,move,improve
4304,7,950.86,7,916.6999999999999,swap,notBad
4305,7,950.86,7,916.6999999999999,2opt,notBad
4306,7,950.86,7,916.6999999999999,move,improve
4307,7,950.86,7,916.6999999999999,swap,notBad
4308,7,950.86,7,916.6999999999999,move,improve
4309,7,950.86,7,916.6999999999999,2opt,notBad
4310,7,950.86,7,916.6999999999999,2opt,notBad
4311,7,950.86,7,916.6999999999999,2opt,notBad
4312,7,950.86,7,916.6999999999999,move,improve
4313,7,950.86,7,916.6999999999999,swap,notBad
4314,7,950.86,7,916.6999999999999,swap,notBad
4315,7,950.86,7,916.6999999999999,2opt,notBad
4316,7,950.86,7,916.6999999999999,move,improve
4317,7,950.86,7,916.6999999999999,move,improve
4318,7,950.86,7,916.6999999999999,swap,notBad
4319,7,950.86,7,916.6999999999999,2opt,notBad
4320,7,950.86,7,916.6999999999999,swap,notBad
4321,7,950.86,7,916.6999999999999,2opt,notBad
4322,7,950.86,7,916.6999999999999,move,improve
4323,7,950.86,7,916.6999999999999,move,improve
4324,7,950.86,7,916.6999999999999,2opt,notBad
4325,7,950.86,7,916.6999999999999,swap,notBad
4326,7,950.86,7,916.6999999999999,move,improve
4327,7,950.86,7,916.6999999999999,move,improve
4328,7,950.86,7,916.6999999999999,move,improve
4329,7,950.86,7,916.6999999999999,2opt,improve
4330,7,950.86,7,916.6999999999999,swap,notBad
4331,7,950.86,7,916.6999999999999,move,improve
4332,7,950.86,7,916.6999999999999,move,improve
4333,7,950.86,7,916.6999999999999,2opt,improve
4334,7,950.86,7,916.6999999999999,2opt,notBad
4335,7,950.86,7,916.6999999999999,swap,notBad
4336,7,950.86,7,916.6999999999999,2opt,notBad
4337,7,950.86,7,916.6999999999999,swap,notBad
4338,7,950.86,7,916.6999999999999,move,improve
4339,7,950.86,7,916.6999999999999,2opt,notBad
4340,7,950.86,7,916.6999999999999,swap,notBad
4341,7,950.86,7,916.6999999999999,2opt,notBad
4342,7,950.86,7,916.6999999999999,move,improve
4343,7,950.86,7,916.6999999999999,move,improve
4344,7,950.86,7,916.6999999999999,move,improve
4345,7,950.86,7,916.6999999999999,move,improve
4346,7,947.2199999999999,7,916.6999999999999,move,improve
4347,7,947.2199999999999,7,916.6999999999999,move,improve
4348,7,947.2199999999999,7,916.6999999999999,2opt,notBad
4349,7,947.2199999999999,7,916.6999999999999,swap,notBad
4350,7,947.2199999999999,7,916.6999999999999,2opt,notBad
4351,7,947.2199999999999,7,916.6999999999999,swap,notBad
4352,7,947.2199999999999,7,916.6999999999999,swap,notBad
4353,7,958.3499999999999,7,916.6999999999999,swap,acceptBad
4354,7,958.3499999999999,7,916.6999999999999,move,improve
4355,7,958.3499999999999,7,916.6999999999999,2opt,improve
4356,7,958.3499999999999,7,916.6999999999999,move,improve
4357,7,958.3499999999999,7,916.6999999999999,swap,notBad
4358,7,958.3499999999999,7,916.6999999999999,move,improve
4359,7,958.3499999999999,7,916.6999999999999,2opt,notBad
4360,7,958.3499999999999,7,916.6999999999999,swap,notBad
4361,7,958.3499999999999,7,916.6999999999999,2opt,notBad
4362,7,958.3499999999999,7,916.6999999999999,move,improve
4363,7,958.3499999999999,7,916.6999999999999,2opt,notBad
4364,7,958.3499999999999,7,916.6999999999999,move,improve
4365,7,958.3499999999999,7,916.6999999999999,move,improve
4366,7,958.3499999999999,7,916.6999999999999,swap,notBad
4367,7,958.3499999999999,7,916.6999999999999,move,improve
4368,7,958.3499999999999,7,916.6999999999999,move,improve
4369,7,958.3499999999999,7,916.6999999999999,swap,notBad
4370,7,958.3499999999999,7,916.6999999999999,2opt,notBad
4371,7,958.3499999999999,7,916.6999999999999,2opt,notBad
4372,7,958.3499999999999,7,916.6999999999999,2opt,notBad
4373,7,957.7199999999999,7,916.6999999999999,move,improve
4374,7,957.7199999999999,7,916.6999999999999,2opt,notBad
4375,7,957.7199999999999,7,916.6999999999999,2opt,notBad
4376,7,957.7199999999999,7,916.6999999999999,swap,notBad
4377,7,957.7199999999999,7,916.6999999999999,swap,notBad
4378,7,957.7199999999999,7,916.6999999999999,2opt,notBad
4379,7,957.7199999999999,7,916.6999999999999,swap,notBad
4380,7,957.7199999999999,7,916.6999999999999,2opt,notBad
4381,7,963.5999999999999,7,916.6999999999999,swap,acceptBad
4382,7,963.5999999999999,7,916.6999999999999,swap,notBad
4383,7,947.2199999999999,7,916.6999999999999,move,improve
4384,7,947.2199999999999,7,916.6999999999999,move,improve
4385,7,947.2199999999999,7,916.6999999999999,2opt,notBad
4386,7,947.2199999999999,7,916.6999999999999,swap,notBad
4387,7,947.2199999999999,7,916.6999999999999,swap,notBad
4388,7,947.2199999999999,7,916.6999999999999,move,improve
4389,7,947.2199999999999,7,916.6999999999999,2opt,notBad
4390,7,947.2199999999999,7,916.6999999999999,swap,notBad
4391,7,947.2199999999999,7,916.6999999999999,swap,notBad
4392,7,947.2199999999999,7,916.6999999999999,swap,notBad
4393,7,947.2199999999999,7,916.6999999999999,move,improve
4394,7,947.2199999999999,7,916.6999999999999,2opt,notBad
4395,7,947.2199999999999,7,916.6999999999999,swap,notBad
4396,7,947.2199999999999,7,916.6999999999999,move,improve
4397,7,947.2199999999999,7,916.6999999999999,swap,notBad
4398,7,948.8300000000002,7,916.6999999999999,2opt,acceptBad
4399,7,948.8300000000002,7,916.6999999999999,swap,notBad
4400,7,948.8300000000002,7,916.6999999999999,move,improve
4401,7,948.8300000000002,7,916.6999999999999,swap,notBad
4402,7,966.1300000000001,7,916.6999999999999,move,acceptBad
4403,7,966.1300000000001,7,916.6999999999999,2opt,notBad
4404,7,966.69,7,916.6999999999999,swap,acceptBad
4405,7,966.69,7,916.6999999999999,swap,notBad
4406,7,966.69,7,916.6999999999999,2opt,notBad
4407,7,966.69,7,916.6999999999999,2opt,notBad
4408,7,966.69,7,916.6999999999999,move,improve
4409,7,966.69,7,916.6999999999999,move,improve
4410,7,966.69,7,916.6999999999999,swap,notBad
4411,7,966.69,7,916.6999999999999,2opt,notBad
4412,7,966.69,7,916.6999999999999,swap,notBad
4413,7,966.69,7,916.6999999999999,swap,notBad
4414,7,966.69,7,916.6999999999999,swap,notBad
4415,7,966.69,7,916.6999999999999,move,improve
4416,7,966.69,7,916.6999999999999,swap,notBad
4417,7,966.69,7,916.6999999999999,2opt,notBad
4418,7,966.69,7,916.6999999999999,swap,notBad
4419,7,966.69,7,916.6999999999999,move,improve
4420,7,966.69,7,916.6999999999999,2opt,notBad
4421,7,966.69,7,916.6999999999999,move,improve
4422,7,966.69,7,916.6999999999999,swap,notBad
4423,7,966.69,7,916.6999999999999,2opt,improve
4424,7,966.69,7,916.6999999999999,move,improve
4425,7,966.69,7,916.6999999999999,swap,notBad
4426,7,966.69,7,916.6999999999999,swap,notBad
4427,7,966.69,7,916.6999999999999,move,improve
4428,7,966.69,7,916.6999999999999,move,improve
4429,7,966.69,7,916.6999999999999,2opt,notBad
4430,7,966.69,7,916.6999999999999,move,improve
4431,7,966.69,7,916.6999999999999,move,improve
4432,7,966.69,7,916.6999999999999,2opt,notBad
4433,7,966.69,7,916.6999999999999,swap,notBad
4434,7,966.69,7,916.6999999999999,2opt,notBad
4435,7,966.69,7,916.6999999999999,move,improve
4436,7,966.69,7,916.6999999999999,swap,notBad
4437,7,966.69,7,916.6999999999999,swap,notBad
4438,7,966.69,7,916.6999999999999,swap,notBad
4439,7,969.7,7,916.6999999999999,swap,acceptBad
4440,7,969.7,7,916.6999999999999,2opt,notBad
4441,7,969.7,7,916.6999999999999,move,improve
4442,7,969.7,7,916.6999999999999,2opt,notBad
4443,7,969.7,7,916.6999999999999,move,improve
4444,7,969.7,7,916.6999999999999,2opt,notBad
4445,7,969.7,7,916.6999999999999,move,improve
4446,7,969.7,7,916.6999999999999,2opt,notBad
4447,7,969.7,7,916.6999999999999,move,improve
4448,7,969.7,7,916.6999999999999,2opt,notBad
4449,7,969.7,7,916.6999999999999,move,improve
4450,7,969.7,7,916.6999999999999,2opt,notBad
4451,7,969.7,7,916.6999999999999,move,improve
4452,7,969.7,7,916.6999999999999,move,improve
4453,7,969.7,7,916.6999999999999,swap,notBad
4454,7,969.7,7,916.6999999999999,2opt,notBad
4455,7,969.7,7,916.6999999999999,2opt,improve
4456,7,969.7,7,916.6999999999999,2opt,notBad
4457,7,969.7,7,916.6999999999999,swap,notBad
4458,7,969.7,7,916.6999999999999,move,improve
4459,7,969.7,7,916.6999999999999,swap,notBad
4460,7,969.7,7,916.6999999999999,swap,notBad
4461,7,969.7,7,916.6999999999999,2opt,notBad
4462,7,969.7,7,916.6999999999999,swap,notBad
4463,7,969.7,7,916.6999999999999,move,improve
4464,7,969.7,7,916.6999999999999,2opt,notBad
4465,7,969.7,7,916.6999999999999,swap,notBad
4466,7,969.7,7,916.6999999999999,2opt,notBad
4467,7,969.7,7,916.6999999999999,2opt,notBad
4468,7,969.7,7,916.6999999999999,move,improve
4469,7,969.7,7,916.6999999999999,swap,notBad
4470,7,969.7,7,916.6999999999999,swap,notBad
4471,7,969.7,7,916.6999999999999,swap,notBad
4472,7,969.7,7,916.6999999999999,2opt,notBad
4473,7,969.7,7,916.6999999999999,swap,notBad
4474,7,961.3,7,916.6999999999999,swap,improve
4475,7,961.3,7,916.6999999999999,move,improve
4476,7,961.3,7,916.6999999999999,2opt,notBad
4477,7,961.3,7,916.6999999999999,swap,notBad
4478,7,961.3,7,916.6999999999999,swap,notBad
4479,7,961.3,7,916.6999999999999,swap,notBad
4480,7,961.3,7,916.6999999999999,swap,notBad
4481,7,961.3,7,916.6999999999999,move,improve
4482,7,961.3,7,916.6999999999999,2opt,notBad
4483,7,961.3,7,916.6999999999999,2opt,notBad
4484,7,961.3,7,916.6999999999999,swap,notBad
4485,7,961.3,7,916.6999999999999,2opt,notBad
4486,7,961.3,7,916.6999999999999,move,improve
4487,7,960.74,7,916.6999999999999,move,improve
4488,7,960.74,7,916.6999999999999,2opt,notBad
4489,7,960.74,7,916.6999999999999,move,improve
4490,7,960.74,7,916.6999999999999,2opt,notBad
4491,7,960.74,7,916.6999999999999,swap,notBad
4492,7,960.74,7,916.6999999999999,2opt,notBad
4493,7,960.74,7,916.6999999999999,2opt,notBad
4494,7,960.74,7,916.6999999999999,2opt,notBad
4495,7,960.74,7,916.6999999999999,move,improve
4496,7,960.74,7,916.6999999999999,swap,notBad
4497,7,960.74,7,916.6999999999999,2opt,improve
4498,7,960.74,7,916.6999999999999,2opt,notBad
4499,7,960.74,7,916.6999999999999,move,improve
4500,7,960.74,7,916.6999999999999,move,improve
4501,7,960.74,7,916.6999999999999,2opt,notBad
4502,7,960.74,7,916.6999999999999,2opt,notBad
4503,7,960.74,7,916.6999999999999,move,improve
4504,7,957.73,7,916.6999999999999,move,improve
4505,7,957.73,7,916.6999999999999,move,improve
4506,7,957.73,7,916.6999999999999,move,improve
4507,7,957.73,7,916.6999999999999,move,improve
4508,7,957.73,7,916.6999999999999,move,improve
4509,7,957.73,7,916.6999999999999,swap,notBad
4510,7,957.73,7,916.6999999999999,2opt,notBad
4511,7,957.73,7,916.6999999999999,move,improve
4512,7,957.73,7,916.6999999999999,swap,notBad
4513,7,957.73,7,916.6999999999999,2opt,notBad
4514,7,957.73,7,916.6999999999999,2opt,notBad
4515,7,957.73,7,916.6999999999999,move,improve
4516,7,957.73,7,916.6999999999999,2opt,notBad
4517,7,957.73,7,916.6999999999999,swap,notBad
4518,7,957.73,7,916.6999999999999,2opt,notBad
4519,7,957.73,7,916.6999999999999,2opt,improve
4520,7,957.73,7,916.6999999999999,2opt,notBad
4521,7,957.73,7,916.6999999999999,2opt,notBad
4522,7,957.73,7,916.6999999999999,2opt,notBad
4523,7,940.4300000000002,7,916.6999999999999,swap,improve
4524,7,940.4300000000002,7,916.6999999999999,2opt,notBad
4525,7,940.4300000000002,7,916.6999999999999,move,improve
4526,7,940.4300000000002,7,916.6999999999999,swap,notBad
4527,7,940.4300000000002,7,916.6999999999999,swap,notBad
4528,7,940.4300000000002,7,916.6999999999999,2opt,notBad
4529,7,940.4300000000002,7,916.6999999999999,swap,notBad
4530,7,940.4300000000002,7,916.6999999999999,swap,notBad
4531,7,940.4300000000002,7,916.6999999999999,move,improve
4532,7,940.4300000000002,7,916.6999999999999,2opt,notBad
4533,7,940.4300000000002,7,916.6999999999999,swap,notBad
4534,7,948.2700000000002,7,916.6999999999999,swap,acceptBad
4535,7,948.2700000000002,7,916.6999999999999,move,improve
4536,7,948.2700000000002,7,916.6999999999999,move,improve
4537,7,943.4400000000002,7,916.6999999999999,move,improve
4538,7,943.4400000000002,7,916.6999999999999,move,improve
4539,7,943.4400000000002,7,916.6999999999999,swap,notBad
4540,7,943.4400000000002,7,916.6999999999999,2opt,notBad
4541,7,943.4400000000002,7,916.6999999999999,swap,notBad
4542,7,943.4400000000002,7,916.6999999999999,2opt,improve
4543,7,943.4400000000002,7,916.6999999999999,2opt,notBad
4544,7,943.4400000000002,7,916.6999999999999,move,improve
4545,7,943.4400000000002,7,916.6999999999999,swap,notBad
4546,7,943.4400000000002,7,916.6999999999999,swap,notBad
4547,7,943.4400000000002,7,916.6999999999999,2opt,notBad
4548,7,943.4400000000002,7,916.6999999999999,move,improve
4549,7,943.4400000000002,7,916.6999999999999,swap,notBad
4550,7,943.4400000000002,7,916.6999999999999,move,improve
4551,7,943.4400000000002,7,916.6999999999999,move,improve
4552,7,943.4400000000002,7,916.6999999999999,2opt,notBad
4553,7,943.4400000000002,7,916.6999999999999,move,improve
4554,7,943.4400000000002,7,916.6999999999999,move,improve
4555,7,943.4400000000002,7,916.6999999999999,swap,notBad
4556,7,943.4400000000002,7,916.6999999999999,swap,notBad
4557,7,943.4400000000002,7,916.6999999999999,2opt,notBad
4558,7,943.4400000000002,7,916.6999999999999,2opt,notBad
4559,7,943.4400000000002,7,916.6999999999999,move,improve
4560,7,943.4400000000002,7,916.6999999999999,2opt,notBad
4561,7,943.4400000000002,7,916.6999999999999,2opt,notBad
4562,7,943.4400000000002,7,916.6999999999999,move,improve
4563,7,943.4400000000002,7,916.6999999999999,swap,notBad
4564,7,943.4400000000002,7,916.6999999999999,2opt,notBad
4565,7,943.4400000000002,7,916.6999999999999,2opt,notBad
4566,7,943.4400000000002,7,916.6999999999999,swap,notBad
4567,7,943.4400000000002,7,916.6999999999999,swap,notBad
4568,7,943.65,7,916.6999999999999,2opt,acceptBad
4569,7,943.65,7,916.6999999999999,swap,notBad
4570,7,943.65,7,916.6999999999999,move,improve
4571,7,943.65,7,916.6999999999999,2opt,notBad
4572,7,943.65,7,916.6999999999999,move,improve
4573,7,943.65,7,916.6999999999999,move,improve
4574,7,943.65,7,916.6999999999999,move,improve
4575,7,943.65,7,916.6999999999999,swap,notBad
4576,7,943.65,7,916.6999999999999,2opt,notBad
4577,7,943.65,7,916.6999999999999,2opt,notBad
4578,7,943.65,7,916.6999999999999,swap,notBad
4579,7,943.65,7,916.6999999999999,2opt,notBad
4580,7,943.65,7,916.6999999999999,2opt,notBad
4581,7,943.65,7,916.6999999999999,swap,notBad
4582,7,943.65,7,916.6999999999999,2opt,notBad
4583,7,943.44,7,916.6999999999999,move,improve
4584,7,943.44,7,916.6999999999999,move,improve
4585,7,943.44,7,916.6999999999999,2opt,notBad
4586,7,943.44,7,916.6999999999999,2opt,notBad
4587,7,943.44,7,916.6999999999999,move,improve
4588,7,943.44,7,916.6999999999999,swap,notBad
4589,7,946.45,7,916.6999999999999,2opt,acceptBad
4590,7,946.45,7,916.6999999999999,2opt,notBad
4591,7,958.3600000000001,7,916.6999999999999,swap,acceptBad
4592,7,958.3600000000001,7,916.6999999999999,move,improve
4593,7,958.3600000000001,7,916.6999999999999,move,notBad
4594,7,958.3600000000001,7,916.6999999999999,2opt,notBad
4595,7,958.3600000000001,7,916.6999999999999,move,improve
4596,7,958.3600000000001,7,916.6999999999999,move,improve
4597,7,958.3600000000001,7,916.6999999999999,2opt,notBad
4598,7,969.1400000000001,7,916.6999999999999,swap,acceptBad
4599,7,969.1400000000001,7,916.6999999999999,swap,notBad
4600,7,969.1400000000001,7,916.6999999999999,swap,notBad
4601,7,969.1400000000001,7,916.6999999999999,swap,notBad
4602,7,957.2300000000001,7,916.6999999999999,swap,improve
4603,7,957.2300000000001,7,916.6999999999999,2opt,notBad
4604,7,957.2300000000001,7,916.6999999999999,2opt,notBad
4605,7,957.2300000000001,7,916.6999999999999,move,improve
4606,7,957.2300000000001,7,916.6999999999999,move,improve
4607,7,957.2300000000001,7,916.6999999999999,swap,notBad
4608,7,957.2300000000001,7,916.6999999999999,swap,notBad
4609,7,957.2300000000001,7,916.6999999999999,2opt,notBad
4610,7,957.2300000000001,7,916.6999999999999,move,improve
4611,7,957.2300000000001,7,916.6999999999999,move,improve
4612,7,957.2300000000001,7,916.6999999999999,move,improve
4613,7,957.2300000000001,7,916.6999999999999,swap,notBad
4614,7,965.6300000000001,7,916.6999999999999,swap,acceptBad
4615,7,965.6300000000001,7,916.6999999999999,swap,notBad
4616,7,965.6300000000001,7,916.6999999999999,swap,notBad
4617,7,965.6300000000001,7,916.6999999999999,2opt,notBad
4618,7,965.6300000000001,7,916.6999999999999,2opt,notBad
4619,7,965.6300000000001,7,916.6999999999999,move,improve
4620,7,965.6300000000001,7,916.6999999999999,swap,notBad
4621,7,965.6300000000001,7,916.6999999999999,swap,notBad
4622,7,965.6300000000001,7,916.6999999999999,swap,notBad
4623,7,965.6300000000001,7,916.6999999999999,2opt,notBad
4624,7,965.6300000000001,7,916.6999999999999,swap,notBad
4625,7,965.6300000000001,7,916.6999999999999,swap,notBad
4626,7,965.6300000000001,7,916.6999999999999,swap,notBad
4627,7,965.6300000000001,7,916.6999999999999,swap,notBad
4628,7,965.6300000000001,7,916.6999999999999,move,improve
4629,7,965.6300000000001,7,916.6999999999999,swap,notBad
4630,7,965.6300000000001,7,916.6999999999999,swap,notBad
4631,7,965.6300000000001,7,916.6999999999999,2opt,notBad
4632,7,965.6300000000001,7,916.6999999999999,move,improve
4633,7,965.6300000000001,7,916.6999999999999,swap,notBad
4634,7,965.6300000000001,7,916.6999999999999,swap,notBad
4635,7,965.6300000000001,7,916.6999999999999,2opt,notBad
4636,7,965.6300000000001,7,916.6999999999999,move,improve
4637,7,965.6300000000001,7,916.6999999999999,swap,notBad
4638,7,965.6300000000001,7,916.6999999999999,swap,notBad
4639,7,965.6300000000001,7,916.6999999999999,2opt,notBad
4640,7,965.6300000000001,7,916.6999999999999,swap,notBad
4641,7,965.6300000000001,7,916.6999999999999,move,improve
4642,7,965.6300000000001,7,916.6999999999999,move,improve
4643,7,965.6300000000001,7,916.6999999999999,move,improve
4644,7,965.6300000000001,7,916.6999999999999,swap,notBad
4645,7,965.6300000000001,7,916.6999999999999,swap,notBad
4646,7,965.6300000000001,7,916.6999999999999,move,improve
4647,7,965.6300000000001,7,916.6999999999999,move,improve
4648,7,965.6300000000001,7,916.6999999999999,move,improve
4649,7,965.6300000000001,7,916.6999999999999,swap,notBad
4650,7,965.6300000000001,7,916.6999999999999,swap,notBad
4651,7,965.6300000000001,7,916.6999999999999,move,notBad
4652,7,965.6300000000001,7,916.6999999999999,swap,notBad
4653,7,965.6300000000001,7,916.6999999999999,2opt,notBad
4654,7,965.6300000000001,7,916.6999999999999,move,improve
4655,7,964.44,7,916.6999999999999,move,improve
4656,7,964.44,7,916.6999999999999,move,improve
4657,7,964.44,7,916.6999999999999,2opt,improve
4658,7,964.44,7,916.6999999999999,2opt,notBad
4659,7,964.44,7,916.6999999999999,swap,notBad
4660,7,964.44,7,916.6999999999999,move,improve
4661,7,964.44,7,916.6999999999999,swap,notBad
4662,7,964.44,7,916.6999999999999,2opt,notBad
4663,7,964.44,7,916.6999999999999,move,improve
4664,7,956.04,7,916.6999999999999,move,improve
4665,7,956.04,7,916.6999999999999,2opt,notBad
4666,7,956.04,7,916.6999999999999,move,improve
4667,7,956.04,7,916.6999999999999,2opt,notBad
4668,7,956.04,7,916.6999999999999,2opt,notBad
4669,7,956.04,7,916.6999999999999,2opt,notBad
4670,7,956.04,7,916.6999999999999,move,improve
4671,7,958.8399999999999,7,916.6999999999999,swap,acceptBad
4672,7,958.8399999999999,7,916.6999999999999,move,improve
4673,7,958.8399999999999,7,916.6999999999999,move,improve
4674,7,958.8399999999999,7,916.6999999999999,2opt,notBad
4675,7,958.8399999999999,7,916.6999999999999,swap,notBad
4676,7,958.8399999999999,7,916.6999999999999,swap,notBad
4677,7,958.8399999999999,7,916.6999999999999,swap,notBad
4678,7,958.8399999999999,7,916.6999999999999,swap,notBad
4679,7,958.8399999999999,7,916.6999999999999,2opt,improve
4680,7,958.8399999999999,7,916.6999999999999,2opt,notBad
4681,7,958.8399999999999,7,916.6999999999999,move,improve
4682,7,958.8399999999999,7,916.6999999999999,move,improve
4683,7,958.8399999999999,7,916.6999999999999,swap,notBad
4684,7,958.8399999999999,7,916.6999999999999,swap,notBad
4685,7,952.2600000000001,7,916.6999999999999,swap,improve
4686,7,952.2600000000001,7,916.6999999999999,move,improve
4687,7,952.2600000000001,7,916.6999999999999,2opt,notBad
4688,7,952.2600000000001,7,916.6999999999999,move,improve
4689,7,952.2600000000001,7,916.6999999999999,2opt,notBad
4690,7,952.2600000000001,7,916.6999999999999,swap,notBad
4691,7,952.2600000000001,7,916.6999999999999,move,improve
4692,7,952.2600000000001,7,916.6999999999999,swap,notBad
4693,7,952.2600000000001,7,916.6999999999999,swap,notBad
4694,7,952.2600000000001,7,916.6999999999999,move,improve
4695,7,952.2600000000001,7,916.6999999999999,2opt,notBad
4696,7,952.2600000000001,7,916.6999999999999,2opt,notBad
4697,7,952.2600000000001,7,916.6999999999999,2opt,notBad
4698,7,952.2600000000001,7,916.6999999999999,move,improve
4699,7,952.2600000000001,7,916.6999999999999,2opt,notBad
4700,7,960.6600000000001,7,916.6999999999999,swap,acceptBad
4701,7,960.6600000000001,7,916.6999999999999,move,improve
4702,7,960.6600000000001,7,916.6999999999999,2opt,notBad
4703,7,960.6600000000001,7,916.6999999999999,2opt,notBad
4704,7,960.6600000000001,7,916.6999999999999,swap,notBad
4705,7,960.6600000000001,7,916.6999999999999,swap,notBad
4706,7,959.0500000000001,7,916.6999999999999,swap,improve
4707,7,959.0500000000001,7,916.6999999999999,2opt,notBad
4708,7,959.0500000000001,7,916.6999999999999,move,improve
4709,7,959.0500000000001,7,916.6999999999999,2opt,notBad
4710,7,959.0500000000001,7,916.6999999999999,2opt,improve
4711,7,959.0500000000001,7,916.6999999999999,move,improve
4712,7,959.0500000000001,7,916.6999999999999,swap,notBad
4713,7,959.0500000000001,7,916.6999999999999,move,improve
4714,7,959.0500000000001,7,916.6999999999999,move,improve
4715,7,959.0500000000001,7,916.6999999999999,2opt,notBad
4716,7,959.0500000000001,7,916.6999999999999,2opt,notBad
4717,7,959.0500000000001,7,916.6999999999999,move,improve
4718,7,959.0500000000001,7,916.6999999999999,move,improve
4719,7,959.0500000000001,7,916.6999999999999,2opt,notBad
4720,7,959.0500000000001,7,916.6999999999999,move,improve
4721,7,959.0500000000001,7,916.6999999999999,2opt,notBad
4722,7,959.0500000000001,7,916.6999999999999,move,improve
4723,7,959.0500000000001,7,916.6999999999999,2opt,notBad
4724,7,959.0500000000001,7,916.6999999999999,2opt,notBad
4725,7,959.0500000000001,7,916.6999999999999,swap,notBad
4726,7,959.0500000000001,7,916.6999999999999,swap,notBad
4727,7,959.0500000000001,7,916.6999999999999,swap,notBad
4728,7,959.0500000000001,7,916.6999999999999,move,improve
4729,7,959.0500000000001,7,916.6999999999999,swap,notBad
4730,7,959.0500000000001,7,916.6999999999999,2opt,notBad
4731,7,959.0500000000001,7,916.6999999999999,swap,notBad
4732,7,959.0500000000001,7,916.6999999999999,move,improve
4733,7,959.0500000000001,7,916.6999999999999,2opt,notBad
4734,7,959.0500000000001,7,916.6999999999999,move,improve
4735,7,959.0500000000001,7,916.6999999999999,swap,notBad
4736,7,959.0500000000001,7,916.6999999999999,move,improve
4737,7,959.0500000000001,7,916.6999999999999,move,improve
4738,7,959.0500000000001,7,916.6999999999999,swap,notBad
4739,7,959.0500000000001,7,916.6999999999999,2opt,notBad
4740,7,959.0500000000001,7,916.6999999999999,move,improve
4741,7,959.0500000000001,7,916.6999999999999,move,improve
4742,7,959.0500000000001,7,916.6999999999999,swap,notBad
4743,7,959.0500000000001,7,916.6999999999999,move,improve
4744,7,952.19,7,916.6999999999999,move,improve
4745,7,952.19,7,916.6999999999999,2opt,notBad
4746,7,952.19,7,916.6999999999999,swap,notBad
4747,7,952.19,7,916.6999999999999,move,improve
4748,7,952.19,7,916.6999999999999,move,improve
4749,7,952.19,7,916.6999999999999,move,improve
4750,7,952.19,7,916.6999999999999,move,improve
4751,7,952.19,7,916.6999999999999,2opt,notBad
4752,7,952.19,7,916.6999999999999,2opt,notBad
4753,7,952.19,7,916.6999999999999,move,improve
4754,7,952.19,7,916.6999999999999,swap,notBad
4755,7,952.19,7,916.6999999999999,swap,notBad
4756,7,952.19,7,916.6999999999999,swap,notBad
4757,7,952.19,7,916.6999999999999,2opt,notBad
4758,7,952.19,7,916.6999999999999,swap,notBad
4759,7,952.19,7,916.6999999999999,swap,notBad
4760,7,952.19,7,916.6999999999999,move,improve
4761,7,952.19,7,916.6999999999999,move,improve
4762,7,952.19,7,916.6999999999999,swap,notBad
4763,7,952.19,7,916.6999999999999,swap,notBad
4764,7,952.19,7,916.6999999999999,2opt,notBad
4765,7,952.19,7,916.6999999999999,move,improve
4766,7,952.19,7,916.6999999999999,move,improve
4767,7,952.19,7,916.6999999999999,swap,notBad
4768,7,952.19,7,916.6999999999999,2opt,notBad
4769,7,942.46,7,916.6999999999999,move,improve
4770,7,942.46,7,916.6999999999999,move,improve
4771,7,942.46,7,916.6999999999999,swap,notBad
4772,7,942.46,7,916.6999999999999,swap,notBad
4773,7,942.46,7,916.6999999999999,2opt,notBad
4774,7,942.46,7,916.6999999999999,2opt,notBad
4775,7,942.46,7,916.6999999999999,swap,notBad
4776,7,942.46,7,916.6999999999999,move,improve
4777,7,942.46,7,916.6999999999999,swap,notBad
4778,7,942.46,7,916.6999999999999,swap,notBad
4779,7,942.46,7,916.6999999999999,swap,notBad
4780,7,942.46,7,916.6999999999999,move,notBad
4781,7,942.46,7,916.6999999999999,move,improve
4782,7,942.46,7,916.6999999999999,move,improve
4783,7,942.46,7,916.6999999999999,2opt,notBad
4784,7,942.46,7,916.6999999999999,swap,notBad
4785,7,952.19,7,916.6999999999999,swap,acceptBad
4786,7,952.19,7,916.6999999999999,2opt,notBad
4787,7,952.19,7,916.6999999999999,2opt,notBad
4788,7,952.19,7,916.6999999999999,move,improve
4789,7,952.19,7,916.6999999999999,move,improve
4790,7,952.19,7,916.6999999999999,move,improve
4791,7,952.19,7,916.6999999999999,move,improve
4792,7,952.19,7,916.6999999999999,2opt,notBad
4793,7,952.19,7,916.6999999999999,2opt,notBad
4794,7,960.0300000000001,7,916.6999999999999,swap,acceptBad
4795,7,960.0300000000001,7,916.6999999999999,move,improve
4796,7,960.0300000000001,7,916.6999999999999,move,improve
4797,7,960.0300000000001,7,916.6999999999999,swap,notBad
4798,7,960.0300000000001,7,916.6999999999999,2opt,notBad
4799,7,960.0300000000001,7,916.6999999999999,swap,notBad
4800,7,960.0300000000001,7,916.6999999999999,move,improve
4801,7,960.0300000000001,7,916.6999999999999,2opt,notBad
4802,7,960.0300000000001,7,916.6999999999999,2opt,notBad
4803,7,960.0300000000001,7,916.6999999999999,2opt,notBad
4804,7,960.0300000000001,7,916.6999999999999,swap,notBad
4805,7,960.0300000000001,7,916.6999999999999,swap,notBad
4806,7,960.0300000000001,7,916.6999999999999,move,improve
4807,7,960.0300000000001,7,916.6999999999999,swap,notBad
4808,7,960.0300000000001,7,916.6999999999999,move,improve
4809,7,960.0300000000001,7,916.6999999999999,move,improve
4810,7,960.0300000000001,7,916.6999999999999,2opt,improve
4811,7,960.0300000000001,7,916.6999999999999,2opt,notBad
4812,7,960.0300000000001,7,916.6999999999999,swap,notBad
4813,7,960.0300000000001,7,916.6999999999999,swap,notBad
4814,7,960.0300000000001,7,916.6999999999999,swap,notBad
4815,7,960.0300000000001,7,916.6999999999999,move,improve
4816,7,960.0300000000001,7,916.6999999999999,2opt,notBad
4817,7,960.0300000000001,7,916.6999999999999,swap,notBad
4818,7,960.0300000000001,7,916.6999999999999,move,improve
4819,7,960.0300000000001,7,916.6999999999999,move,improve
4820,7,960.0300000000001,7,916.6999999999999,2opt,notBad
4821,7,960.0300000000001,7,916.6999999999999,2opt,improve
4822,7,960.0300000000001,7,916.6999999999999,2opt,notBad
4823,7,960.0300000000001,7,916.6999999999999,move,improve
4824,7,960.0300000000001,7,916.6999999999999,swap,notBad
4825,7,960.0300000000001,7,916.6999999999999,2opt,improve
4826,7,960.0300000000001,7,916.6999999999999,move,improve
4827,7,960.0300000000001,7,916.6999999999999,swap,notBad
4828,7,960.0300000000001,7,916.6999999999999,swap,notBad
4829,7,960.0300000000001,7,916.6999999999999,move,improve
4830,7,950.3000000000001,7,916.6999999999999,move,improve
4831,7,950.3000000000001,7,916.6999999999999,2opt,notBad
4832,7,950.3000000000001,7,916.6999999999999,2opt,notBad
4833,7,950.3000000000001,7,916.6999999999999,swap,notBad
4834,7,950.3000000000001,7,916.6999999999999,2opt,notBad
4835,7,950.3000000000001,7,916.6999999999999,swap,notBad
4836,7,950.3000000000001,7,916.6999999999999,move,improve
4837,7,950.3000000000001,7,916.6999999999999,swap,notBad
4838,7,950.3000000000001,7,916.6999999999999,move,improve
4839,7,955.6200000000001,7,916.6999999999999,swap,acceptBad
4840,7,955.6200000000001,7,916.6999999999999,2opt,notBad
4841,7,955.6200000000001,7,916.6999999999999,2opt,notBad
4842,7,955.6200000000001,7,916.6999999999999,move,improve
4843,7,955.6200000000001,7,916.6999999999999,2opt,notBad
4844,7,955.6200000000001,7,916.6999999999999,swap,notBad
4845,7,955.6200000000001,7,916.6999999999999,move,improve
4846,7,955.6200000000001,7,916.6999999999999,2opt,notBad
4847,7,955.6200000000001,7,916.6999999999999,move,improve
4848,7,955.6200000000001,7,916.6999999999999,move,improve
4849,7,955.6200000000001,7,916.6999999999999,move,improve
4850,7,955.6200000000001,7,916.6999999999999,move,improve
4851,7,955.6200000000001,7,916.6999999999999,move,improve
4852,7,956.0400000000001,7,916.6999999999999,swap,acceptBad
4853,7,956.0400000000001,7,916.6999999999999,2opt,notBad
4854,7,956.0400000000001,7,916.6999999999999,move,improve
4855,7,956.0400000000001,7,916.6999999999999,2opt,notBad
4856,7,956.0400000000001,7,916.6999999999999,swap,notBad
4857,7,956.0400000000001,7,916.6999999999999,swap,notBad
4858,7,956.0400000000001,7,916.6999999999999,move,notBad
4859,7,956.0400000000001,7,916.6999999999999,swap,notBad
4860,7,956.0400000000001,7,916.6999999999999,move,improve
4861,7,948.2,7,916.6999999999999,move,improve
4862,7,948.2,7,916.6999999999999,move,improve
4863,7,948.2,7,916.6999999999999,2opt,notBad
4864,7,948.2,7,916.6999999999999,swap,notBad
4865,7,948.2,7,916.6999999999999,2opt,notBad
4866,7,948.2,7,916.6999999999999,move,improve
4867,7,948.2,7,916.6999999999999,move,improve
4868,7,948.2,7,916.6999999999999,move,improve
4869,7,948.2,7,916.6999999999999,move,improve
4870,7,948.2,7,916.6999999999999,move,improve
4871,7,948.2,7,916.6999999999999,2opt,notBad
4872,7,948.2,7,916.6999999999999,move,improve
4873,7,948.2,7,916.6999999999999,swap,notBad
4874,7,948.2,7,916.6999999999999,2opt,notBad
4875,7,948.2,7,916.6999999999999,move,improve
4876,7,948.2,7,916.6999999999999,move,improve
4877,7,948.2,7,916.6999999999999,2opt,notBad
4878,7,948.2,7,916.6999999999999,swap,notBad
4879,7,948.2,7,916.6999999999999,swap,notBad
4880,7,948.2,7,916.6999999999999,move,improve
4881,7,948.2,7,916.6999999999999,2opt,notBad
4882,7,948.2,7,916.6999999999999,move,improve
4883,7,948.2,7,916.6999999999999,2opt,notBad
4884,7,948.2,7,916.6999999999999,move,improve
4885,7,948.2,7,916.6999999999999,move,improve
4886,7,948.2,7,916.6999999999999,2opt,notBad
4887,7,948.2,7,916.6999999999999,2opt,notBad
4888,7,948.2,7,916.6999999999999,2opt,notBad
4889,7,948.2,7,916.6999999999999,move,improve
4890,7,948.2,7,916.6999999999999,move,improve
4891,7,948.2,7,916.6999999999999,swap,notBad
4892,7,948.2,7,916.6999999999999,move,improve
4893,7,948.2,7,916.6999999999999,move,improve
4894,7,948.2,7,916.6999999999999,swap,notBad
4895,7,948.2,7,916.6999999999999,swap,notBad
4896,7,948.2,7,916.6999999999999,move,improve
4897,7,948.2,7,916.6999999999999,move,improve
4898,7,948.2,7,916.6999999999999,swap,notBad
4899,7,948.2,7,916.6999999999999,2opt,notBad
4900,7,948.2,7,916.6999999999999,move,improve
4901,7,948.2,7,916.6999999999999,swap,notBad
4902,7,942.0400000000001,7,916.6999999999999,move,improve
4903,7,942.0400000000001,7,916.6999999999999,swap,notBad
4904,7,942.0400000000001,7,916.6999999999999,2opt,improve
4905,7,942.0400000000001,7,916.6999999999999,swap,notBad
4906,7,942.0400000000001,7,916.6999999999999,2opt,notBad
4907,7,942.0400000000001,7,916.6999999999999,2opt,notBad
4908,7,942.0400000000001,7,916.6999999999999,swap,notBad
4909,7,942.0400000000001,7,916.6999999999999,move,improve
4910,7,942.0400000000001,7,916.6999999999999,move,improve
4911,7,942.0400000000001,7,916.6999999999999,move,improve
4912,7,942.0400000000001,7,916.6999999999999,2opt,notBad
4913,7,942.0400000000001,7,916.6999999999999,move,improve
4914,7,942.0400000000001,7,916.6999999999999,2opt,notBad
4915,7,942.0400000000001,7,916.6999999999999,swap,notBad
4916,7,942.0400000000001,7,916.6999999999999,swap,notBad
4917,7,942.0400000000001,7,916.6999999999999,swap,notBad
4918,7,942.0400000000001,7,916.6999999999999,swap,notBad
4919,7,942.0400000000001,7,916.6999999999999,move,improve
4920,7,942.0400000000001,7,916.6999999999999,swap,notBad
4921,7,942.0400000000001,7,916.6999999999999,2opt,notBad
4922,7,942.0400000000001,7,916.6999999999999,swap,notBad
4923,7,949.11,7,916.6999999999999,swap,acceptBad
4924,7,949.11,7,916.6999999999999,move,improve
4925,7,949.11,7,916.6999999999999,move,improve
4926,7,949.11,7,916.6999999999999,move,improve
4927,7,949.11,7,916.6999999999999,2opt,notBad
4928,7,949.11,7,916.6999999999999,move,improve
4929,7,949.11,7,916.6999999999999,swap,notBad
4930,7,949.11,7,916.6999999999999,move,improve
4931,7,945.2600000000001,7,916.6999999999999,move,improve
4932,7,945.2600000000001,7,916.6999999999999,2opt,notBad
4933,7,945.2600000000001,7,916.6999999999999,move,improve
4934,7,945.2600000000001,7,916.6999999999999,move,improve
4935,7,945.2600000000001,7,916.6999999999999,2opt,notBad
4936,7,945.2600000000001,7,916.6999999999999,swap,notBad
4937,7,945.2600000000001,7,916.6999999999999,move,improve
4938,7,945.2600000000001,7,916.6999999999999,move,improve
4939,7,945.2600000000001,7,916.6999999999999,move,improve
4940,7,945.2600000000001,7,916.6999999999999,2opt,notBad
4941,7,945.2600000000001,7,916.6999999999999,swap,notBad
4942,7,945.2600000000001,7,916.6999999999999,move,improve
4943,7,945.2600000000001,7,916.6999999999999,2opt,notBad
4944,7,945.2600000000001,7,916.6999999999999,move,improve
4945,7,945.2600000000001,7,916.6999999999999,2opt,notBad
4946,7,945.2600000000001,7,916.6999999999999,2opt,notBad
4947,7,945.2600000000001,7,916.6999999999999,swap,notBad
4948,7,945.2600000000001,7,916.6999999999999,move,improve
4949,7,945.2600000000001,7,916.6999999999999,swap,notBad
4950,7,945.2600000000001,7,916.6999999999999,swap,notBad
4951,7,945.2600000000001,7,916.6999999999999,swap,notBad
4952,7,945.2600000000001,7,916.6999999999999,2opt,notBad
4953,7,945.2600000000001,7,916.6999999999999,swap,notBad
4954,7,945.2600000000001,7,916.6999999999999,swap,notBad
4955,7,945.2600000000001,7,916.6999999999999,swap,notBad
4956,7,945.2600000000001,7,916.6999999999999,2opt,notBad
4957,7,945.2600000000001,7,916.6999999999999,move,improve
4958,7,945.2600000000001,7,916.6999999999999,move,improve
4959,7,945.2600000000001,7,916.6999999999999,swap,notBad
4960,7,945.2600000000001,7,916.6999999999999,move,improve
4961,7,945.2600000000001,7,916.6999999999999,swap,notBad
4962,7,945.2600000000001,7,916.6999999999999,2opt,notBad
4963,7,945.2600000000001,7,916.6999999999999,swap,notBad
4964,7,945.2600000000001,7,916.6999999999999,2opt,notBad
4965,7,945.2600000000001,7,916.6999999999999,swap,notBad
4966,7,945.2600000000001,7,916.6999999999999,2opt,notBad
4967,7,945.2600000000001,7,916.6999999999999,swap,notBad
4968,7,945.2600000000001,7,916.6999999999999,2opt,notBad
4969,7,945.2600000000001,7,916.6999999999999,swap,notBad
4970,7,945.2600000000001,7,916.6999999999999,move,improve
4971,7,945.2600000000001,7,916.6999999999999,move,improve
4972,7,945.2600000000001,7,916.6999999999999,swap,notBad
4973,7,945.2600000000001,7,916.6999999999999,swap,notBad
4974,7,945.2600000000001,7,916.6999999999999,swap,notBad
4975,7,945.2600000000001,7,916.6999999999999,2opt,notBad
4976,7,945.2600000000001,7,916.6999999999999,move,improve
4977,7,945.2600000000001,7,916.6999999999999,2opt,notBad
4978,7,945.2600000000001,7,916.6999999999999,swap,notBad
4979,7,945.2600000000001,7,916.6999999999999,move,improve
4980,7,945.2600000000001,7,916.6999999999999,2opt,notBad
4981,7,945.2600000000001,7,916.6999999999999,move,improve
4982,7,945.2600000000001,7,916.6999999999999,2opt,notBad
4983,7,945.2600000000001,7,916.6999999999999,2opt,notBad
4984,7,945.2600000000001,7,916.6999999999999,move,improve
4985,7,945.2600000000001,7,916.6999999999999,swap,notBad
4986,7,945.2600000000001,7,916.6999999999999,swap,notBad
4987,7,945.2600000000001,7,916.6999999999999,2opt,notBad
4988,7,945.2600000000001,7,916.6999999999999,2opt,notBad
4989,7,945.12,7,916.6999999999999,move,improve
4990,7,945.12,7,916.6999999999999,2opt,notBad
4991,7,945.12,7,916.6999999999999,swap,notBad
4992,7,945.12,7,916.6999999999999,2opt,notBad
4993,7,945.12,7,916.6999999999999,swap,notBad
4994,7,945.12,7,916.6999999999999,move,improve
4995,7,945.12,7,916.6999999999999,2opt,notBad
4996,7,945.12,7,916.6999999999999,2opt,notBad
4997,7,945.12,7,916.6999999999999,swap,notBad
4998,7,945.12,7,916.6999999999999,2opt,notBad
4999,7,945.12,7,916.6999999999999,2opt,improve
5000,7,945.12,7,916.6999999999999,move,improve
5001,7,945.12,7,916.6999999999999,move,improve
5002,7,945.12,7,916.6999999999999,2opt,notBad
5003,7,945.12,7,916.6999999999999,2opt,improve
5004,7,945.12,7,916.6999999999999,move,improve
5005,7,945.12,7,916.6999999999999,2opt,notBad
5006,7,945.12,7,916.6999999999999,move,improve
5007,7,945.12,7,916.6999999999999,2opt,improve
5008,7,945.12,7,916.6999999999999,swap,notBad
5009,7,945.12,7,916.6999999999999,2opt,improve
5010,7,945.12,7,916.6999999999999,swap,notBad
5011,7,945.12,7,916.6999999999999,move,improve
5012,7,945.12,7,916.6999999999999,2opt,improve
5013,7,945.12,7,916.6999999999999,swap,notBad
5014,7,945.12,7,916.6999999999999,move,improve
5015,7,945.12,7,916.6999999999999,move,improve
5016,7,945.12,7,916.6999999999999,swap,notBad
5017,7,945.12,7,916.6999999999999,swap,notBad
5018,7,945.12,7,916.6999999999999,move,improve
5019,7,945.12,7,916.6999999999999,swap,notBad
5020,7,945.12,7,916.6999999999999,swap,notBad
5021,7,949.18,7,916.6999999999999,swap,acceptBad
5022,7,949.18,7,916.6999999999999,swap,notBad
5023,7,949.18,7,916.6999999999999,2opt,notBad
5024,7,949.18,7,916.6999999999999,2opt,improve
5025,7,949.18,7,916.6999999999999,move,improve
5026,7,949.18,7,916.6999999999999,swap,notBad
5027,7,949.18,7,916.6999999999999,move,improve
5028,7,949.18,7,916.6999999999999,swap,notBad
5029,7,949.18,7,916.6999999999999,swap,notBad
5030,7,949.18,7,916.6999999999999,move,improve
5031,7,949.18,7,916.6999999999999,2opt,notBad
5032,7,949.18,7,916.6999999999999,move,improve
5033,7,949.18,7,916.6999999999999,swap,notBad
5034,7,953.6600000000001,7,916.6999999999999,swap,acceptBad
5035,7,953.6600000000001,7,916.6999999999999,move,improve
5036,7,953.6600000000001,7,916.6999999999999,move,notBad
5037,7,953.6600000000001,7,916.6999999999999,move,improve
5038,7,953.6600000000001,7,916.6999999999999,2opt,notBad
5039,7,953.6600000000001,7,916.6999999999999,move,improve
5040,7,953.6600000000001,7,916.6999999999999,2opt,notBad
5041,7,953.6600000000001,7,916.6999999999999,2opt,notBad
5042,7,953.6600000000001,7,916.6999999999999,2opt,notBad
5043,7,953.6600000000001,7,916.6999999999999,2opt,notBad
5044,7,953.6600000000001,7,916.6999999999999,move,notBad
5045,7,953.6600000000001,7,916.6999999999999,move,improve
5046,7,953.6600000000001,7,916.6999999999999,move,improve
5047,7,953.6600000000001,7,916.6999999999999,2opt,notBad
5048,7,953.6600000000001,7,916.6999999999999,2opt,notBad
5049,7,953.6600000000001,7,916.6999999999999,2opt,notBad
5050,7,953.6600000000001,7,916.6999999999999,2opt,notBad
5051,7,953.6600000000001,7,916.6999999999999,2opt,notBad
5052,7,953.6600000000001,7,916.6999999999999,swap,notBad
5053,7,945.75,7,916.6999999999999,swap,improve
5054,7,945.75,7,916.6999999999999,swap,notBad
5055,7,945.75,7,916.6999999999999,move,improve
5056,7,945.75,7,916.6999999999999,swap,notBad
5057,7,945.75,7,916.6999999999999,move,improve
5058,7,945.75,7,916.6999999999999,move,improve
5059,7,945.75,7,916.6999999999999,move,improve
5060,7,945.75,7,916.6999999999999,move,improve
5061,7,945.2600000000001,7,916.6999999999999,move,improve
5062,7,945.2600000000001,7,916.6999999999999,swap,notBad
5063,7,945.2600000000001,7,916.6999999999999,swap,notBad
5064,7,945.2600000000001,7,916.6999999999999,swap,notBad
5065,7,945.2600000000001,7,916.6999999999999,2opt,notBad
5066,7,945.2600000000001,7,916.6999999999999,swap,notBad
5067,7,945.2600000000001,7,916.6999999999999,move,improve
5068,7,945.2600000000001,7,916.6999999999999,2opt,notBad
5069,7,944.4200000000001,7,916.6999999999999,move,improve
5070,7,944.4200000000001,7,916.6999999999999,swap,notBad
5071,7,944.4200000000001,7,916.6999999999999,2opt,notBad
5072,7,944.4200000000001,7,916.6999999999999,swap,notBad
5073,7,954.2200000000001,7,916.6999999999999,swap,acceptBad
5074,7,954.2200000000001,7,916.6999999999999,swap,notBad
5075,7,954.2200000000001,7,916.6999999999999,2opt,notBad
5076,7,954.2200000000001,7,916.6999999999999,swap,notBad
5077,7,958.9800000000001,7,916.6999999999999,swap,acceptBad
5078,7,958.9800000000001,7,916.6999999999999,move,improve
5079,7,958.9800000000001,7,916.6999999999999,move,improve
5080,7,958.9800000000001,7,916.6999999999999,2opt,notBad
5081,7,958.9800000000001,7,916.6999999999999,move,improve
5082,7,958.9800000000001,7,916.6999999999999,2opt,improve
5083,7,958.9800000000001,7,916.6999999999999,move,improve
5084,7,958.9800000000001,7,916.6999999999999,2opt,notBad
5085,7,958.9800000000001,7,916.6999999999999,move,improve
5086,7,958.9800000000001,7,916.6999999999999,swap,notBad
5087,7,958.9800000000001,7,916.6999999999999,swap,notBad
5088,7,958.9800000000001,7,916.6999999999999,swap,improve
5089,7,956.39,7,916.6999999999999,2opt,improve
5090,7,951.8399999999999,7,916.6999999999999,2opt,improve
5091,7,951.8399999999999,7,916.6999999999999,swap,notBad
5092,7,951.8399999999999,7,916.6999999999999,2opt,notBad
5093,7,951.8399999999999,7,916.6999999999999,swap,notBad
5094,7,951.8399999999999,7,916.6999999999999,move,improve
5095,7,951.8399999999999,7,916.6999999999999,move,improve
5096,7,951.8399999999999,7,916.6999999999999,2opt,notBad
5097,7,951.8399999999999,7,916.6999999999999,swap,notBad
5098,7,951.8399999999999,7,916.6999999999999,move,improve
5099,7,951.8399999999999,7,916.6999999999999,2opt,notBad
5100,7,951.8399999999999,7,916.6999999999999,move,improve
5101,7,951.8399999999999,7,916.6999999999999,2opt,notBad
5102,7,954.0100000000001,7,916.6999999999999,swap,acceptBad
5103,7,954.0100000000001,7,916.6999999999999,2opt,notBad
5104,7,954.0100000000001,7,916.6999999999999,move,improve
5105,7,954.0100000000001,7,916.6999999999999,swap,notBad
5106,7,954.0100000000001,7,916.6999999999999,swap,notBad
5107,7,954.0100000000001,7,916.6999999999999,move,improve
5108,7,954.0100000000001,7,916.6999999999999,2opt,notBad
5109,7,946.31,7,916.6999999999999,move,improve
5110,7,946.31,7,916.6999999999999,swap,notBad
5111,7,946.31,7,916.6999999999999,move,improve
5112,7,946.31,7,916.6999999999999,swap,notBad
5113,7,946.31,7,916.6999999999999,2opt,notBad
5114,7,946.31,7,916.6999999999999,swap,notBad
5115,7,946.31,7,916.6999999999999,swap,notBad
5116,7,946.31,7,916.6999999999999,2opt,notBad
5117,7,950.09,7,916.6999999999999,swap,acceptBad
5118,7,950.09,7,916.6999999999999,swap,notBad
5119,7,950.09,7,916.6999999999999,2opt,notBad
5120,7,947.71,7,916.6999999999999,move,improve
5121,7,947.71,7,916.6999999999999,move,improve
5122,7,947.71,7,916.6999999999999,swap,notBad
5123,7,947.71,7,916.6999999999999,swap,notBad
5124,7,947.71,7,916.6999999999999,swap,notBad
5125,7,947.71,7,916.6999999999999,swap,notBad
5126,7,947.71,7,916.6999999999999,2opt,improve
5127,7,947.71,7,916.6999999999999,move,improve
5128,7,946.3800000000001,7,916.6999999999999,2opt,improve
5129,7,946.3800000000001,7,916.6999999999999,swap,notBad
5130,7,946.3800000000001,7,916.6999999999999,2opt,improve
5131,7,946.3800000000001,7,916.6999999999999,swap,notBad
5132,7,945.19,7,916.6999999999999,2opt,improve
5133,7,945.19,7,916.6999999999999,move,improve
5134,7,945.19,7,916.6999999999999,2opt,notBad
5135,7,945.19,7,916.6999999999999,swap,notBad
5136,7,945.19,7,916.6999999999999,move,improve
5137,7,945.19,7,916.6999999999999,2opt,notBad
5138,7,945.19,7,916.6999999999999,2opt,notBad
5139,7,934.7599999999999,7,916.6999999999999,move,improve
5140,7,934.7599999999999,7,916.6999999999999,2opt,notBad
5141,7,934.7599999999999,7,916.6999999999999,2opt,improve
5142,7,934.7599999999999,7,916.6999999999999,2opt,notBad
5143,7,934.7599999999999,7,916.6999999999999,2opt,notBad
5144,7,934.7599999999999,7,916.6999999999999,swap,notBad
5145,7,934.7599999999999,7,916.6999999999999,move,improve
5146,7,934.7599999999999,7,916.6999999999999,move,improve
5147,7,934.7599999999999,7,916.6999999999999,2opt,notBad
5148,7,934.7599999999999,7,916.6999999999999,move,improve
5149,7,934.7599999999999,7,916.6999999999999,2opt,notBad
5150,7,934.7599999999999,7,916.6999999999999,swap,notBad
5151,7,934.7599999999999,7,916.6999999999999,swap,notBad
5152,7,934.7599999999999,7,916.6999999999999,swap,notBad
5153,7,934.7599999999999,7,916.6999999999999,2opt,notBad
5154,7,934.7599999999999,7,916.6999999999999,2opt,notBad
5155,7,934.7599999999999,7,916.6999999999999,move,improve
5156,7,934.7599999999999,7,916.6999999999999,2opt,notBad
5157,7,934.7599999999999,7,916.6999999999999,2opt,notBad
5158,7,932.1700000000001,7,916.6999999999999,move,improve
5159,7,940.0100000000001,7,916.6999999999999,swap,acceptBad
5160,7,940.0100000000001,7,916.6999999999999,2opt,notBad
5161,7,940.0100000000001,7,916.6999999999999,2opt,notBad
5162,7,940.0100000000001,7,916.6999999999999,move,improve
5163,7,940.0100000000001,7,916.6999999999999,2opt,notBad
5164,7,938.6099999999999,7,916.6999999999999,2opt,improve
5165,7,938.6099999999999,7,916.6999999999999,2opt,notBad
5166,7,938.6099999999999,7,916.6999999999999,move,improve
5167,7,938.6099999999999,7,916.6999999999999,swap,notBad
5168,7,938.6099999999999,7,916.6999999999999,move,improve
5169,7,938.6099999999999,7,916.6999999999999,move,improve
5170,7,938.6099999999999,7,916.6999999999999,2opt,notBad
5171,7,938.6099999999999,7,916.6999999999999,move,improve
5172,7,938.6099999999999,7,916.6999999999999,swap,notBad
5173,7,938.6099999999999,7,916.6999999999999,swap,notBad
5174,7,930.9099999999999,7,916.6999999999999,swap,improve
5175,7,930.9099999999999,7,916.6999999999999,2opt,notBad
5176,7,930.9099999999999,7,916.6999999999999,move,improve
5177,7,930.9099999999999,7,916.6999999999999,move,notBad
5178,7,930.9099999999999,7,916.6999999999999,swap,notBad
5179,7,930.9099999999999,7,916.6999999999999,swap,notBad
5180,7,930.9099999999999,7,916.6999999999999,2opt,notBad
5181,7,930.9099999999999,7,916.6999999999999,swap,notBad
5182,7,938.9599999999999,7,916.6999999999999,swap,acceptBad
5183,7,938.9599999999999,7,916.6999999999999,swap,notBad
5184,7,938.9599999999999,7,916.6999999999999,2opt,notBad
5185,7,938.9599999999999,7,916.6999999999999,move,improve
5186,7,938.9599999999999,7,916.6999999999999,swap,notBad
5187,7,938.9599999999999,7,916.6999999999999,move,improve
5188,7,938.9599999999999,7,916.6999999999999,move,improve
5189,7,940.7099999999999,7,916.6999999999999,swap,acceptBad
5190,7,940.7099999999999,7,916.6999999999999,swap,notBad
5191,7,940.7099999999999,7,916.6999999999999,swap,notBad
5192,7,940.7099999999999,7,916.6999999999999,2opt,notBad
5193,7,940.7099999999999,7,916.6999999999999,swap,notBad
5194,7,940.7099999999999,7,916.6999999999999,swap,notBad
5195,7,932.8699999999999,7,916.6999999999999,move,improve
5196,7,932.8699999999999,7,916.6999999999999,move,improve
5197,7,932.8699999999999,7,916.6999999999999,move,improve
5198,7,932.8699999999999,7,916.6999999999999,2opt,notBad
5199,7,932.8699999999999,7,916.6999999999999,move,improve
5200,7,932.8699999999999,7,916.6999999999999,swap,notBad
5201,7,932.8699999999999,7,916.6999999999999,swap,notBad
5202,7,932.8699999999999,7,916.6999999999999,move,improve
5203,7,932.8699999999999,7,916.6999999999999,2opt,notBad
5204,7,932.8699999999999,7,916.6999999999999,move,improve
5205,7,932.8699999999999,7,916.6999999999999,swap,notBad
5206,7,932.8699999999999,7,916.6999999999999,swap,notBad
5207,7,932.8699999999999,7,916.6999999999999,swap,notBad
5208,7,932.8699999999999,7,916.6999999999999,2opt,notBad
5209,7,926.7799999999999,7,916.6999999999999,move,improve
5210,7,926.7799999999999,7,916.6999999999999,move,improve
5211,7,926.7799999999999,7,916.6999999999999,swap,notBad
5212,7,926.7799999999999,7,916.6999999999999,2opt,notBad
5213,7,926.7799999999999,7,916.6999999999999,2opt,notBad
5214,7,920.19,7,916.6999999999999,2opt,improve
5215,7,920.19,7,916.6999999999999,2opt,notBad
5216,7,920.19,7,916.6999999999999,2opt,notBad
5217,7,909.2,7,909.2,move,newBest
5218,7,909.7600000000002,7,909.2,swap,acceptBad
5219,7,909.7600000000002,7,909.2,move,improve
5220,7,909.7600000000002,7,909.2,move,improve
5221,7,909.7600000000002,7,909.2,swap,notBad
5222,7,909.7600000000002,7,909.2,move,improve
5223,7,909.7600000000002,7,909.2,swap,notBad
5224,7,909.7600000000002,7,909.2,move,improve
5225,7,909.7600000000002,7,909.2,move,improve
5226,7,909.7600000000002,7,909.2,2opt,notBad
5227,7,909.7600000000002,7,909.2,swap,notBad
5228,7,909.7600000000002,7,909.2,move,improve
5229,7,909.7600000000002,7,909.2,move,improve
5230,7,909.7600000000002,7,909.2,2opt,notBad
5231,7,909.7600000000002,7,909.2,2opt,notBad
5232,7,909.7600000000002,7,909.2,swap,notBad
5233,7,909.7600000000002,7,909.2,swap,notBad
5234,7,909.7600000000002,7,909.2,2opt,improve
5235,7,909.7600000000002,7,909.2,swap,notBad
5236,7,909.7600000000002,7,909.2,swap,notBad
5237,7,909.7600000000002,7,909.2,swap,notBad
5238,7,909.7600000000002,7,909.2,move,improve
5239,7,909.7600000000002,7,909.2,swap,notBad
5240,7,909.7600000000002,7,909.2,swap,notBad
5241,7,909.7600000000002,7,909.2,move,improve
5242,7,909.7600000000002,7,909.2,swap,notBad
5243,7,909.7600000000002,7,909.2,2opt,notBad
5244,7,909.7600000000002,7,909.2,move,improve
5245,7,909.7600000000002,7,909.2,move,improve
5246,7,909.7600000000002,7,909.2,move,improve
5247,7,909.7600000000002,7,909.2,move,improve
5248,7,909.7600000000002,7,909.2,move,improve
5249,7,909.7600000000002,7,909.2,swap,notBad
5250,7,909.7600000000002,7,909.2,swap,notBad
5251,7,909.7600000000002,7,909.2,move,improve
5252,7,909.7600000000002,7,909.2,2opt,notBad
5253,7,909.7600000000002,7,909.2,swap,notBad
5254,7,909.7600000000002,7,909.2,move,improve
5255,7,909.7600000000002,7,909.2,2opt,notBad
5256,7,909.7600000000002,7,909.2,swap,notBad
5257,7,909.7600000000002,7,909.2,2opt,notBad
5258,7,909.7600000000002,7,909.2,swap,notBad
5259,7,909.7600000000002,7,909.2,move,improve
5260,7,909.7600000000002,7,909.2,swap,notBad
5261,7,909.7600000000002,7,909.2,move,improve
5262,7,909.7600000000002,7,909.2,move,improve
5263,7,909.7600000000002,7,909.2,move,improve
5264,7,909.7600000000002,7,909.2,move,improve
5265,7,912.7700000000002,7,909.2,swap,acceptBad
5266,7,912.7700000000002,7,909.2,swap,notBad
5267,7,907.3100000000002,7,907.3100000000002,move,newBest
5268,7,907.3100000000002,7,907.3100000000002,2opt,notBad
5269,7,907.3100000000002,7,907.3100000000002,2opt,notBad
5270,7,907.3100000000002,7,907.3100000000002,move,improve
5271,7,907.3100000000002,7,907.3100000000002,swap,notBad
5272,7,904.3000000000002,7,904.3000000000002,move,newBest
5273,7,904.3000000000002,7,904.3000000000002,2opt,notBad
5274,7,904.3000000000002,7,904.3000000000002,move,improve
5275,7,904.3000000000002,7,904.3000000000002,2opt,notBad
5276,7,904.3000000000002,7,904.3000000000002,move,improve
5277,7,904.3000000000002,7,904.3000000000002,move,improve
5278,7,904.3000000000002,7,904.3000000000002,swap,notBad
5279,7,904.3000000000002,7,904.3000000000002,move,improve
5280,7,904.3000000000002,7,904.3000000000002,move,improve
5281,7,904.3000000000002,7,904.3000000000002,swap,notBad
5282,7,904.3000000000002,7,904.3000000000002,swap,notBad
5283,7,904.3000000000002,7,904.3000000000002,2opt,notBad
5284,7,904.3000000000002,7,904.3000000000002,swap,notBad
5285,7,904.3000000000002,7,904.3000000000002,move,improve
5286,7,904.3000000000002,7,904.3000000000002,2opt,notBad
5287,7,904.3000000000002,7,904.3000000000002,2opt,notBad
5288,7,904.3000000000002,7,904.3000000000002,move,improve
5289,7,904.3000000000002,7,904.3000000000002,swap,notBad
5290,7,904.3000000000002,7,904.3000000000002,swap,notBad
5291,7,904.3000000000002,7,904.3000000000002,move,improve
5292,7,904.3000000000002,7,904.3000000000002,swap,notBad
5293,7,904.3000000000002,7,904.3000000000002,move,improve
5294,7,904.3000000000002,7,904.3000000000002,swap,notBad
5295,7,904.3000000000002,7,904.3000000000002,2opt,notBad
5296,7,904.3000000000002,7,904.3000000000002,swap,notBad
5297,7,904.3000000000002,7,904.3000000000002,move,improve
5298,7,904.3000000000002,7,904.3000000000002,2opt,notBad
5299,7,904.3000000000002,7,904.3000000000002,2opt,notBad
5300,7,904.3000000000002,7,904.3000000000002,move,improve
5301,7,904.3000000000002,7,904.3000000000002,2opt,notBad
5302,7,904.3000000000002,7,904.3000000000002,swap,notBad
5303,7,904.3000000000002,7,904.3000000000002,2opt,notBad
5304,7,896.4600000000003,7,896.4600000000003,move,newBest
5305,7,896.4600000000003,7,896.4600000000003,2opt,notBad
5306,7,896.4600000000003,7,896.4600000000003,move,improve
5307,7,896.4600000000003,7,896.4600000000003,swap,notBad
5308,7,896.4600000000003,7,896.4600000000003,move,improve
5309,7,896.4600000000003,7,896.4600000000003,move,improve
5310,7,896.4600000000003,7,896.4600000000003,move,improve
5311,7,896.4600000000003,7,896.4600000000003,swap,notBad
5312,7,896.4600000000003,7,896.4600000000003,2opt,notBad
5313,7,896.4600000000003,7,896.4600000000003,2opt,notBad
5314,7,896.4600000000003,7,896.4600000000003,swap,notBad
5315,7,896.4600000000003,7,896.4600000000003,2opt,notBad
5316,7,896.4600000000003,7,896.4600000000003,move,improve
5317,7,896.4600000000003,7,896.4600000000003,2opt,notBad
5318,7,896.4600000000003,7,896.4600000000003,swap,notBad
5319,7,896.4600000000003,7,896.4600000000003,move,improve
5320,7,896.4600000000003,7,896.4600000000003,swap,notBad
5321,7,896.4600000000003,7,896.4600000000003,move,improve
5322,7,896.4600000000003,7,896.4600000000003,swap,notBad
5323,7,896.4600000000003,7,896.4600000000003,swap,notBad
5324,7,896.4600000000003,7,896.4600000000003,swap,notBad
5325,7,896.4600000000003,7,896.4600000000003,2opt,notBad
5326,7,896.4600000000003,7,896.4600000000003,swap,notBad
5327,7,896.4600000000003,7,896.4600000000003,move,improve
5328,7,896.4600000000003,7,896.4600000000003,2opt,notBad
5329,7,896.4600000000003,7,896.4600000000003,2opt,notBad
5330,7,896.4600000000003,7,896.4600000000003,2opt,notBad
5331,7,896.4600000000003,7,896.4600000000003,2opt,notBad
5332,7,896.4600000000003,7,896.4600000000003,move,improve
5333,7,892.5400000000002,7,892.5400000000002,move,newBest
5334,7,892.5400000000002,7,892.5400000000002,swap,notBad
5335,7,892.5400000000002,7,892.5400000000002,move,improve
5336,7,892.5400000000002,7,892.5400000000002,move,improve
5337,7,892.5400000000002,7,892.5400000000002,move,improve
5338,7,892.5400000000002,7,892.5400000000002,swap,notBad
5339,7,892.5400000000002,7,892.5400000000002,swap,notBad
5340,7,892.5400000000002,7,892.5400000000002,swap,notBad
5341,7,892.5400000000002,7,892.5400000000002,swap,notBad
5342,7,892.5400000000002,7,892.5400000000002,move,improve
5343,7,892.5400000000002,7,892.5400000000002,2opt,notBad
5344,7,892.5400000000002,7,892.5400000000002,move,improve
5345,7,892.5400000000002,7,892.5400000000002,move,improve
5346,7,892.5400000000002,7,892.5400000000002,2opt,notBad
5347,7,892.5400000000002,7,892.5400000000002,2opt,notBad
5348,7,892.5400000000002,7,892.5400000000002,move,improve
5349,7,908.6400000000002,7,892.5400000000002,move,acceptBad
5350,7,908.6400000000002,7,892.5400000000002,2opt,notBad
5351,7,908.6400000000002,7,892.5400000000002,swap,notBad
5352,7,908.6400000000002,7,892.5400000000002,move,improve
5353,7,908.6400000000002,7,892.5400000000002,2opt,notBad
5354,7,908.6400000000002,7,892.5400000000002,2opt,notBad
5355,7,908.6400000000002,7,892.5400000000002,move,improve
5356,7,908.6400000000002,7,892.5400000000002,move,notBad
5357,7,908.6400000000002,7,892.5400000000002,move,improve
5358,7,911.1600000000001,7,892.5400000000002,swap,acceptBad
5359,7,911.1600000000001,7,892.5400000000002,move,notBad
5360,7,911.1600000000001,7,892.5400000000002,2opt,improve
5361,7,911.1600000000001,7,892.5400000000002,2opt,notBad
5362,7,911.1600000000001,7,892.5400000000002,move,improve
5363,7,911.1600000000001,7,892.5400000000002,swap,notBad
5364,7,911.1600000000001,7,892.5400000000002,move,improve
5365,7,911.1600000000001,7,892.5400000000002,swap,notBad
5366,7,911.1600000000001,7,892.5400000000002,2opt,notBad
5367,7,911.1600000000001,7,892.5400000000002,swap,notBad
5368,7,911.1600000000001,7,892.5400000000002,2opt,notBad
5369,7,911.1600000000001,7,892.5400000000002,swap,notBad
5370,7,911.1600000000001,7,892.5400000000002,2opt,notBad
5371,7,911.1600000000001,7,892.5400000000002,2opt,notBad
5372,7,911.1600000000001,7,892.5400000000002,2opt,notBad
5373,7,911.1600000000001,7,892.5400000000002,swap,notBad
5374,7,911.1600000000001,7,892.5400000000002,move,improve
5375,7,911.1600000000001,7,892.5400000000002,move,improve
5376,7,911.1600000000001,7,892.5400000000002,swap,notBad
5377,7,911.1600000000001,7,892.5400000000002,2opt,notBad
5378,7,911.1600000000001,7,892.5400000000002,move,improve
5379,7,911.1600000000001,7,892.5400000000002,move,improve
5380,7,908.6400000000002,7,892.5400000000002,move,improve
5381,7,908.6400000000002,7,892.5400000000002,move,improve
5382,7,908.6400000000002,7,892.5400000000002,2opt,notBad
5383,7,908.6400000000002,7,892.5400000000002,2opt,improve
5384,7,908.6400000000002,7,892.5400000000002,move,improve
5385,7,908.6400000000002,7,892.5400000000002,move,improve
5386,7,908.6400000000002,7,892.5400000000002,swap,notBad
5387,7,908.6400000000002,7,892.5400000000002,move,improve
5388,7,908.6400000000002,7,892.5400000000002,2opt,notBad
5389,7,908.6400000000002,7,892.5400000000002,move,improve
5390,7,908.6400000000002,7,892.5400000000002,2opt,notBad
5391,7,908.6400000000002,7,892.5400000000002,2opt,notBad
5392,7,908.6400000000002,7,892.5400000000002,move,improve
5393,7,908.6400000000002,7,892.5400000000002,move,improve
5394,7,908.6400000000002,7,892.5400000000002,move,improve
5395,7,908.6400000000002,7,892.5400000000002,move,improve
5396,7,908.6400000000002,7,892.5400000000002,2opt,notBad
5397,7,908.0800000000002,7,892.5400000000002,move,improve
5398,7,908.0800000000002,7,892.5400000000002,move,improve
5399,7,908.0800000000002,7,892.5400000000002,move,improve
5400,7,908.0800000000002,7,892.5400000000002,move,improve
5401,7,908.0800000000002,7,892.5400000000002,swap,notBad
5402,7,908.0800000000002,7,892.5400000000002,2opt,improve
5403,7,908.0800000000002,7,892.5400000000002,swap,notBad
5404,7,908.0800000000002,7,892.5400000000002,2opt,notBad
5405,7,908.0800000000002,7,892.5400000000002,move,improve
5406,7,908.0800000000002,7,892.5400000000002,move,improve
5407,7,908.0800000000002,7,892.5400000000002,2opt,notBad
5408,7,908.0800000000002,7,892.5400000000002,move,improve
5409,7,908.0800000000002,7,892.5400000000002,move,improve
5410,7,908.0800000000002,7,892.5400000000002,move,improve
5411,7,908.0800000000002,7,892.5400000000002,move,improve
5412,7,908.0800000000002,7,892.5400000000002,move,improve
5413,7,908.0800000000002,7,892.5400000000002,move,improve
5414,7,908.0800000000002,7,892.5400000000002,move,improve
5415,7,908.0800000000002,7,892.5400000000002,swap,notBad
5416,7,908.0800000000002,7,892.5400000000002,2opt,improve
5417,7,908.0800000000002,7,892.5400000000002,2opt,notBad
5418,7,908.0800000000002,7,892.5400000000002,2opt,notBad
5419,7,908.0800000000002,7,892.5400000000002,swap,notBad
5420,7,910.6,7,892.5400000000002,swap,acceptBad
5421,7,910.6,7,892.5400000000002,move,improve
5422,7,910.6,7,892.5400000000002,move,improve
5423,7,910.6,7,892.5400000000002,2opt,notBad
5424,7,910.6,7,892.5400000000002,move,improve
5425,7,910.6,7,892.5400000000002,move,improve
5426,7,910.6,7,892.5400000000002,2opt,notBad
5427,7,910.6,7,892.5400000000002,2opt,improve
5428,7,910.6,7,892.5400000000002,2opt,notBad
5429,7,910.6,7,892.5400000000002,2opt,improve
5430,7,910.6,7,892.5400000000002,swap,notBad
5431,7,910.6,7,892.5400000000002,swap,notBad
5432,7,910.6,7,892.5400000000002,2opt,notBad
5433,7,910.6,7,892.5400000000002,move,improve
5434,7,910.6,7,892.5400000000002,move,improve
5435,7,910.6,7,892.5400000000002,2opt,notBad
5436,7,910.6,7,892.5400000000002,move,improve
5437,7,910.6,7,892.5400000000002,2opt,improve
5438,7,908.0800000000002,7,892.5400000000002,move,improve
5439,7,908.0800000000002,7,892.5400000000002,2opt,notBad
5440,7,908.0800000000002,7,892.5400000000002,2opt,improve
5441,7,908.0800000000002,7,892.5400000000002,move,improve
5442,7,908.0800000000002,7,892.5400000000002,2opt,notBad
5443,7,908.0800000000002,7,892.5400000000002,move,improve
5444,7,908.0800000000002,7,892.5400000000002,move,improve
5445,7,908.0800000000002,7,892.5400000000002,swap,notBad
5446,7,908.0800000000002,7,892.5400000000002,2opt,notBad
5447,7,908.0800000000002,7,892.5400000000002,swap,notBad
5448,7,908.0800000000002,7,892.5400000000002,2opt,notBad
5449,7,908.0800000000002,7,892.5400000000002,swap,notBad
5450,7,908.0800000000002,7,892.5400000000002,swap,notBad
5451,7,908.0800000000002,7,892.5400000000002,swap,notBad
5452,7,908.0800000000002,7,892.5400000000002,2opt,notBad
5453,7,908.0800000000002,7,892.5400000000002,swap,notBad
5454,7,908.0800000000002,7,892.5400000000002,2opt,notBad
5455,7,908.0800000000002,7,892.5400000000002,swap,notBad
5456,7,908.0800000000002,7,892.5400000000002,swap,notBad
5457,7,908.0800000000002,7,892.5400000000002,move,improve
5458,7,908.0800000000002,7,892.5400000000002,move,improve
5459,7,908.0800000000002,7,892.5400000000002,2opt,notBad
5460,7,908.0800000000002,7,892.5400000000002,move,improve
5461,7,908.0800000000002,7,892.5400000000002,2opt,notBad
5462,7,908.0800000000002,7,892.5400000000002,2opt,notBad
5463,7,913.5400000000001,7,892.5400000000002,swap,acceptBad
5464,7,913.5400000000001,7,892.5400000000002,swap,notBad
5465,7,913.5400000000001,7,892.5400000000002,swap,notBad
5466,7,913.5400000000001,7,892.5400000000002,2opt,improve
5467,7,913.5400000000001,7,892.5400000000002,2opt,notBad
5468,7,913.5400000000001,7,892.5400000000002,move,improve
5469,7,913.5400000000001,7,892.5400000000002,move,improve
5470,7,913.5400000000001,7,892.5400000000002,swap,notBad
5471,7,913.5400000000001,7,892.5400000000002,2opt,notBad
5472,7,913.5400000000001,7,892.5400000000002,swap,notBad
5473,7,913.5400000000001,7,892.5400000000002,move,improve
5474,7,913.5400000000001,7,892.5400000000002,move,improve
5475,7,913.5400000000001,7,892.5400000000002,swap,notBad
5476,7,913.5400000000001,7,892.5400000000002,2opt,notBad
5477,7,913.5400000000001,7,892.5400000000002,move,improve
5478,7,913.5400000000001,7,892.5400000000002,2opt,notBad
5479,7,913.5400000000001,7,892.5400000000002,move,improve
5480,7,913.5400000000001,7,892.5400000000002,2opt,notBad
5481,7,916.0600000000002,7,892.5400000000002,swap,acceptBad
5482,7,916.0600000000002,7,892.5400000000002,move,improve
5483,7,916.0600000000002,7,892.5400000000002,swap,notBad
5484,7,916.0600000000002,7,892.5400000000002,swap,notBad
5485,7,916.0600000000002,7,892.5400000000002,swap,notBad
5486,7,916.0600000000002,7,892.5400000000002,move,improve
5487,7,916.0600000000002,7,892.5400000000002,swap,notBad
5488,7,916.0600000000002,7,892.5400000000002,move,improve
5489,7,916.0600000000002,7,892.5400000000002,swap,notBad
5490,7,916.0600000000002,7,892.5400000000002,swap,notBad
5491,7,916.0600000000002,7,892.5400000000002,2opt,notBad
5492,7,916.0600000000002,7,892.5400000000002,move,improve
5493,7,916.0600000000002,7,892.5400000000002,swap,notBad
5494,7,916.0600000000002,7,892.5400000000002,2opt,notBad
5495,7,916.0600000000002,7,892.5400000000002,2opt,notBad
5496,7,916.0600000000002,7,892.5400000000002,move,improve
5497,7,916.0600000000002,7,892.5400000000002,swap,notBad
5498,7,916.0600000000002,7,892.5400000000002,move,improve
5499,7,916.0600000000002,7,892.5400000000002,2opt,notBad
5500,7,916.0600000000002,7,892.5400000000002,swap,notBad
5501,7,916.0600000000002,7,892.5400000000002,2opt,notBad
5502,7,916.0600000000002,7,892.5400000000002,swap,notBad
5503,7,916.0600000000002,7,892.5400000000002,swap,notBad
5504,7,916.0600000000002,7,892.5400000000002,2opt,improve
5505,7,916.0600000000002,7,892.5400000000002,2opt,notBad
5506,7,916.0600000000002,7,892.5400000000002,move,improve
5507,7,916.0600000000002,7,892.5400000000002,2opt,notBad
5508,7,916.0600000000002,7,892.5400000000002,2opt,improve
5509,7,916.0600000000002,7,892.5400000000002,2opt,notBad
5510,7,916.0600000000002,7,892.5400000000002,2opt,notBad
5511,7,916.0600000000002,7,892.5400000000002,swap,notBad
5512,7,916.0600000000002,7,892.5400000000002,2opt,notBad
5513,7,916.0600000000002,7,892.5400000000002,swap,notBad
5514,7,916.0600000000002,7,892.5400000000002,swap,notBad
5515,7,916.0600000000002,7,892.5400000000002,swap,notBad
5516,7,916.0600000000002,7,892.5400000000002,2opt,improve
5517,7,916.0600000000002,7,892.5400000000002,move,improve
5518,7,916.0600000000002,7,892.5400000000002,swap,notBad
5519,7,916.0600000000002,7,892.5400000000002,swap,notBad
5520,7,916.0600000000002,7,892.5400000000002,2opt,notBad
5521,7,916.0600000000002,7,892.5400000000002,2opt,notBad
5522,7,916.0600000000002,7,892.5400000000002,swap,notBad
5523,7,916.0600000000002,7,892.5400000000002,swap,notBad
5524,7,916.0600000000002,7,892.5400000000002,swap,notBad
5525,7,916.0600000000002,7,892.5400000000002,move,improve
5526,7,916.0600000000002,7,892.5400000000002,swap,notBad
5527,7,916.0600000000002,7,892.5400000000002,move,improve
5528,7,916.0600000000002,7,892.5400000000002,2opt,notBad
5529,7,916.0600000000002,7,892.5400000000002,swap,notBad
5530,7,916.0600000000002,7,892.5400000000002,swap,notBad
5531,7,916.0600000000002,7,892.5400000000002,move,improve
5532,7,916.0600000000002,7,892.5400000000002,swap,notBad
5533,7,915.6400000000001,7,892.5400000000002,move,improve
5534,7,915.6400000000001,7,892.5400000000002,move,improve
5535,7,915.6400000000001,7,892.5400000000002,swap,notBad
5536,7,915.6400000000001,7,892.5400000000002,move,improve
5537,7,915.6400000000001,7,892.5400000000002,move,improve
5538,7,915.6400000000001,7,892.5400000000002,swap,notBad
5539,7,915.6400000000001,7,892.5400000000002,2opt,notBad
5540,7,915.6400000000001,7,892.5400000000002,2opt,improve
5541,7,915.6400000000001,7,892.5400000000002,move,improve
5542,7,915.6400000000001,7,892.5400000000002,2opt,notBad
5543,7,915.6400000000001,7,892.5400000000002,swap,notBad
5544,7,915.6400000000001,7,892.5400000000002,swap,notBad
5545,7,915.6400000000001,7,892.5400000000002,2opt,notBad
5546,7,915.6400000000001,7,892.5400000000002,2opt,notBad
5547,7,913.1200000000001,7,892.5400000000002,move,improve
5548,7,913.1200000000001,7,892.5400000000002,2opt,notBad
5549,7,913.1200000000001,7,892.5400000000002,2opt,notBad
5550,7,913.1200000000001,7,892.5400000000002,move,improve
5551,7,913.1200000000001,7,892.5400000000002,2opt,notBad
5552,7,913.1200000000001,7,892.5400000000002,move,improve
5553,7,913.1200000000001,7,892.5400000000002,swap,notBad
5554,7,913.1200000000001,7,892.5400000000002,2opt,notBad
5555,7,913.1200000000001,7,892.5400000000002,move,improve
5556,7,913.1200000000001,7,892.5400000000002,2opt,notBad
5557,7,913.1200000000001,7,892.5400000000002,move,improve
5558,7,913.1200000000001,7,892.5400000000002,swap,notBad
5559,7,913.1200000000001,7,892.5400000000002,swap,notBad
5560,7,913.1200000000001,7,892.5400000000002,move,improve
5561,7,913.1200000000001,7,892.5400000000002,swap,notBad
5562,7,913.1200000000001,7,892.5400000000002,2opt,notBad
5563,7,913.1200000000001,7,892.5400000000002,2opt,notBad
5564,7,913.1200000000001,7,892.5400000000002,2opt,notBad
5565,7,913.1200000000001,7,892.5400000000002,2opt,notBad
5566,7,913.1200000000001,7,892.5400000000002,2opt,notBad
5567,7,913.1200000000001,7,892.5400000000002,2opt,notBad
5568,7,913.1200000000001,7,892.5400000000002,move,improve
5569,7,913.1200000000001,7,892.5400000000002,swap,notBad
5570,7,913.1200000000001,7,892.5400000000002,2opt,notBad
5571,7,913.1200000000001,7,892.5400000000002,move,improve
5572,7,913.1200000000001,7,892.5400000000002,2opt,notBad
5573,7,913.1200000000001,7,892.5400000000002,swap,notBad
5574,7,913.1200000000001,7,892.5400000000002,swap,notBad
5575,7,913.1200000000001,7,892.5400000000002,move,improve
5576,7,913.1200000000001,7,892.5400000000002,2opt,notBad
5577,7,913.1200000000001,7,892.5400000000002,swap,notBad
5578,7,913.1200000000001,7,892.5400000000002,move,improve
5579,7,913.1200000000001,7,892.5400000000002,swap,notBad
5580,7,913.1200000000001,7,892.5400000000002,2opt,notBad
5581,7,913.1200000000001,7,892.5400000000002,move,improve
5582,7,913.1200000000001,7,892.5400000000002,2opt,improve
5583,7,913.1200000000001,7,892.5400000000002,2opt,notBad
5584,7,913.1200000000001,7,892.5400000000002,swap,notBad
5585,7,913.1200000000001,7,892.5400000000002,2opt,notBad
5586,7,916.4100000000001,7,892.5400000000002,swap,acceptBad
5587,7,916.4100000000001,7,892.5400000000002,move,improve
5588,7,916.4100000000001,7,892.5400000000002,swap,notBad
5589,7,916.4100000000001,7,892.5400000000002,swap,notBad
5590,7,916.4100000000001,7,892.5400000000002,2opt,notBad
5591,7,916.4100000000001,7,892.5400000000002,move,improve
5592,7,916.4100000000001,7,892.5400000000002,move,improve
5593,7,915.9900000000002,7,892.5400000000002,move,improve
5594,7,915.9900000000002,7,892.5400000000002,swap,notBad
5595,7,915.9900000000002,7,892.5400000000002,swap,notBad
5596,7,918.5100000000002,7,892.5400000000002,swap,acceptBad
5597,7,918.5100000000002,7,892.5400000000002,swap,notBad
5598,7,918.5100000000002,7,892.5400000000002,move,improve
5599,7,918.5100000000002,7,892.5400000000002,2opt,notBad
5600,7,918.9300000000002,7,892.5400000000002,swap,acceptBad
5601,7,918.9300000000002,7,892.5400000000002,2opt,notBad
5602,7,921.8000000000002,7,892.5400000000002,swap,acceptBad
5603,7,921.8000000000002,7,892.5400000000002,move,improve
5604,7,921.8000000000002,7,892.5400000000002,2opt,notBad
5605,7,921.8000000000002,7,892.5400000000002,swap,notBad
5606,7,921.8000000000002,7,892.5400000000002,2opt,notBad
5607,7,921.8000000000002,7,892.5400000000002,2opt,notBad
5608,7,918.9300000000002,7,892.5400000000002,move,improve
5609,7,918.9300000000002,7,892.5400000000002,move,improve
5610,7,918.9300000000002,7,892.5400000000002,swap,notBad
5611,7,918.9300000000002,7,892.5400000000002,move,improve
5612,7,918.9300000000002,7,892.5400000000002,move,improve
5613,7,918.9300000000002,7,892.5400000000002,2opt,notBad
5614,7,918.9300000000002,7,892.5400000000002,swap,notBad
5615,7,918.9300000000002,7,892.5400000000002,swap,notBad
5616,7,918.9300000000002,7,892.5400000000002,2opt,notBad
5617,7,918.9300000000002,7,892.5400000000002,swap,notBad
5618,7,918.9300000000002,7,892.5400000000002,2opt,notBad
5619,7,918.9300000000002,7,892.5400000000002,swap,notBad
5620,7,918.9300000000002,7,892.5400000000002,swap,notBad
5621,7,918.9300000000002,7,892.5400000000002,swap,notBad
5622,7,918.9300000000002,7,892.5400000000002,2opt,notBad
5623,7,918.9300000000002,7,892.5400000000002,swap,notBad
5624,7,913.6800000000002,7,892.5400000000002,move,improve
5625,7,913.6800000000002,7,892.5400000000002,2opt,notBad
5626,7,913.6800000000002,7,892.5400000000002,move,improve
5627,7,913.6800000000002,7,892.5400000000002,swap,notBad
5628,7,913.6800000000002,7,892.5400000000002,swap,notBad
5629,7,913.6800000000002,7,892.5400000000002,move,improve
5630,7,913.6800000000002,7,892.5400000000002,move,improve
5631,7,913.6800000000002,7,892.5400000000002,move,improve
5632,7,913.6800000000002,7,892.5400000000002,swap,notBad
5633,7,913.6800000000002,7,892.5400000000002,move,improve
5634,7,913.6800000000002,7,892.5400000000002,2opt,notBad
5635,7,913.6800000000002,7,892.5400000000002,2opt,notBad
5636,7,913.6800000000002,7,892.5400000000002,2opt,notBad
5637,7,913.6800000000002,7,892.5400000000002,move,improve
5638,7,913.6800000000002,7,892.5400000000002,swap,notBad
5639,7,913.6800000000002,7,892.5400000000002,move,improve
5640,7,913.6800000000002,7,892.5400000000002,2opt,notBad
5641,7,913.6800000000002,7,892.5400000000002,swap,notBad
5642,7,913.6800000000002,7,892.5400000000002,move,improve
5643,7,913.6800000000002,7,892.5400000000002,2opt,notBad
5644,7,913.6800000000002,7,892.5400000000002,move,improve
5645,7,913.6800000000002,7,892.5400000000002,2opt,improve
5646,7,913.6800000000002,7,892.5400000000002,move,improve
5647,7,913.6800000000002,7,892.5400000000002,swap,notBad
5648,7,913.6800000000002,7,892.5400000000002,swap,notBad
5649,7,913.6800000000002,7,892.5400000000002,move,improve
5650,7,913.6800000000002,7,892.5400000000002,swap,notBad
5651,7,913.6800000000002,7,892.5400000000002,swap,notBad
5652,7,913.6800000000002,7,892.5400000000002,swap,notBad
5653,7,913.6800000000002,7,892.5400000000002,2opt,improve
5654,7,913.6800000000002,7,892.5400000000002,swap,notBad
5655,7,913.6800000000002,7,892.5400000000002,move,improve
5656,7,913.6800000000002,7,892.5400000000002,2opt,notBad
5657,7,913.6800000000002,7,892.5400000000002,swap,notBad
5658,7,913.6800000000002,7,892.5400000000002,2opt,improve
5659,7,913.6800000000002,7,892.5400000000002,2opt,notBad
5660,7,913.6800000000002,7,892.5400000000002,2opt,notBad
5661,7,913.6800000000002,7,892.5400000000002,swap,notBad
5662,7,913.6800000000002,7,892.5400000000002,move,improve
5663,7,913.6800000000002,7,892.5400000000002,2opt,notBad
5664,7,913.6800000000002,7,892.5400000000002,move,improve
5665,7,913.6800000000002,7,892.5400000000002,move,improve
5666,7,913.6800000000002,7,892.5400000000002,2opt,notBad
5667,7,913.6800000000002,7,892.5400000000002,2opt,notBad
5668,7,913.6800000000002,7,892.5400000000002,2opt,notBad
5669,7,913.6800000000002,7,892.5400000000002,swap,notBad
5670,7,913.6800000000002,7,892.5400000000002,swap,notBad
5671,7,913.6800000000002,7,892.5400000000002,2opt,notBad
5672,7,913.6800000000002,7,892.5400000000002,move,improve
5673,7,913.6800000000002,7,892.5400000000002,2opt,improve
5674,7,913.6800000000002,7,892.5400000000002,move,improve
5675,7,913.6800000000002,7,892.5400000000002,2opt,notBad
5676,7,913.6800000000002,7,892.5400000000002,swap,notBad
5677,7,913.6800000000002,7,892.5400000000002,2opt,notBad
5678,7,913.6800000000002,7,892.5400000000002,swap,notBad
5679,7,913.6800000000002,7,892.5400000000002,swap,notBad
5680,7,913.6800000000002,7,892.5400000000002,swap,notBad
5681,7,913.6800000000002,7,892.5400000000002,move,improve
5682,7,913.6800000000002,7,892.5400000000002,2opt,notBad
5683,7,913.6800000000002,7,892.5400000000002,2opt,notBad
5684,7,913.6800000000002,7,892.5400000000002,2opt,notBad
5685,7,913.6800000000002,7,892.5400000000002,2opt,notBad
5686,7,913.6800000000002,7,892.5400000000002,move,improve
5687,7,913.6800000000002,7,892.5400000000002,2opt,notBad
5688,7,913.6800000000002,7,892.5400000000002,swap,notBad
5689,7,913.6800000000002,7,892.5400000000002,2opt,notBad
5690,7,913.6800000000002,7,892.5400000000002,swap,notBad
5691,7,913.6800000000002,7,892.5400000000002,swap,notBad
5692,7,913.6800000000002,7,892.5400000000002,swap,notBad
5693,7,913.6800000000002,7,892.5400000000002,swap,notBad
5694,7,913.2600000000002,7,892.5400000000002,move,improve
5695,7,913.2600000000002,7,892.5400000000002,move,improve
5696,7,913.2600000000002,7,892.5400000000002,move,improve
5697,7,913.2600000000002,7,892.5400000000002,2opt,notBad
5698,7,910.9500000000002,7,892.5400000000002,move,improve
5699,7,910.9500000000002,7,892.5400000000002,2opt,notBad
5700,7,910.9500000000002,7,892.5400000000002,move,improve
5701,7,910.9500000000002,7,892.5400000000002,move,improve
5702,7,910.9500000000002,7,892.5400000000002,move,improve
5703,7,910.9500000000002,7,892.5400000000002,move,improve
5704,7,910.9500000000002,7,892.5400000000002,move,improve
5705,7,910.9500000000002,7,892.5400000000002,swap,notBad
5706,7,910.9500000000002,7,892.5400000000002,move,improve
5707,7,910.9500000000002,7,892.5400000000002,2opt,notBad
5708,7,910.9500000000002,7,892.5400000000002,swap,notBad
5709,7,910.9500000000002,7,892.5400000000002,2opt,notBad
5710,7,910.9500000000002,7,892.5400000000002,move,improve
5711,7,910.9500000000002,7,892.5400000000002,move,improve
5712,7,910.9500000000002,7,892.5400000000002,swap,notBad
5713,7,910.9500000000002,7,892.5400000000002,swap,notBad
5714,7,910.9500000000002,7,892.5400000000002,move,improve
5715,7,910.9500000000002,7,892.5400000000002,2opt,improve
5716,7,910.9500000000002,7,892.5400000000002,2opt,notBad
5717,7,910.9500000000002,7,892.5400000000002,2opt,notBad
5718,7,910.9500000000002,7,892.5400000000002,swap,notBad
5719,7,910.9500000000002,7,892.5400000000002,move,improve
5720,7,910.9500000000002,7,892.5400000000002,move,improve
5721,7,910.9500000000002,7,892.5400000000002,swap,notBad
5722,7,910.9500000000002,7,892.5400000000002,2opt,notBad
5723,7,910.9500000000002,7,892.5400000000002,swap,notBad
5724,7,910.9500000000002,7,892.5400000000002,move,improve
5725,7,910.9500000000002,7,892.5400000000002,swap,notBad
5726,7,910.9500000000002,7,892.5400000000002,2opt,notBad
5727,7,910.9500000000002,7,892.5400000000002,2opt,notBad
5728,7,910.9500000000002,7,892.5400000000002,2opt,notBad
5729,7,910.9500000000002,7,892.5400000000002,move,improve
5730,7,910.9500000000002,7,892.5400000000002,move,improve
5731,7,910.9500000000002,7,892.5400000000002,swap,notBad
5732,7,910.9500000000002,7,892.5400000000002,move,improve
5733,7,910.9500000000002,7,892.5400000000002,move,improve
5734,7,910.9500000000002,7,892.5400000000002,swap,notBad
5735,7,910.9500000000002,7,892.5400000000002,swap,notBad
5736,7,910.9500000000002,7,892.5400000000002,swap,notBad
5737,7,910.9500000000002,7,892.5400000000002,2opt,notBad
5738,7,910.9500000000002,7,892.5400000000002,move,improve
5739,7,910.9500000000002,7,892.5400000000002,2opt,improve
5740,7,910.9500000000002,7,892.5400000000002,move,improve
5741,7,910.9500000000002,7,892.5400000000002,swap,notBad
5742,7,910.9500000000002,7,892.5400000000002,swap,notBad
5743,7,910.9500000000002,7,892.5400000000002,move,improve
5744,7,910.9500000000002,7,892.5400000000002,swap,notBad
5745,7,910.9500000000002,7,892.5400000000002,2opt,notBad
5746,7,910.9500000000002,7,892.5400000000002,2opt,notBad
5747,7,910.9500000000002,7,892.5400000000002,move,improve
5748,7,910.9500000000002,7,892.5400000000002,swap,notBad
5749,7,910.9500000000002,7,892.5400000000002,swap,notBad
5750,7,910.9500000000002,7,892.5400000000002,swap,notBad
5751,7,910.9500000000002,7,892.5400000000002,2opt,improve
5752,7,910.9500000000002,7,892.5400000000002,swap,notBad
5753,7,910.9500000000002,7,892.5400000000002,2opt,notBad
5754,7,910.9500000000002,7,892.5400000000002,swap,notBad
5755,7,910.9500000000002,7,892.5400000000002,move,improve
5756,7,910.9500000000002,7,892.5400000000002,move,improve
5757,7,910.9500000000002,7,892.5400000000002,swap,notBad
5758,7,910.9500000000002,7,892.5400000000002,move,improve
5759,7,910.9500000000002,7,892.5400000000002,2opt,notBad
5760,7,910.9500000000002,7,892.5400000000002,move,improve
5761,7,910.9500000000002,7,892.5400000000002,swap,notBad
5762,7,910.9500000000002,7,892.5400000000002,2opt,notBad
5763,7,910.9500000000002,7,892.5400000000002,move,improve
5764,7,910.9500000000002,7,892.5400000000002,swap,notBad
5765,7,910.9500000000002,7,892.5400000000002,swap,notBad
5766,7,910.9500000000002,7,892.5400000000002,move,improve
5767,7,910.9500000000002,7,892.5400000000002,2opt,notBad
5768,7,910.9500000000002,7,892.5400000000002,2opt,notBad
5769,7,910.9500000000002,7,892.5400000000002,swap,notBad
5770,7,910.9500000000002,7,892.5400000000002,move,improve
5771,7,910.9500000000002,7,892.5400000000002,move,improve
5772,7,910.9500000000002,7,892.5400000000002,move,improve
5773,7,910.9500000000002,7,892.5400000000002,move,improve
5774,7,910.9500000000002,7,892.5400000000002,swap,notBad
5775,7,910.9500000000002,7,892.5400000000002,move,improve
5776,7,910.9500000000002,7,892.5400000000002,move,improve
5777,7,910.9500000000002,7,892.5400000000002,2opt,notBad
5778,7,910.9500000000002,7,892.5400000000002,2opt,notBad
5779,7,910.9500000000002,7,892.5400000000002,2opt,notBad
5780,7,910.9500000000002,7,892.5400000000002,swap,notBad
5781,7,910.9500000000002,7,892.5400000000002,swap,notBad
5782,7,910.9500000000002,7,892.5400000000002,move,improve
5783,7,910.9500000000002,7,892.5400000000002,2opt,notBad
5784,7,910.9500000000002,7,892.5400000000002,move,improve
5785,7,910.9500000000002,7,892.5400000000002,2opt,notBad
5786,7,910.9500000000002,7,892.5400000000002,move,improve
5787,7,910.9500000000002,7,892.5400000000002,move,improve
5788,7,910.9500000000002,7,892.5400000000002,2opt,notBad
5789,7,910.9500000000002,7,892.5400000000002,swap,notBad
5790,7,910.9500000000002,7,892.5400000000002,2opt,notBad
5791,7,910.9500000000002,7,892.5400000000002,2opt,notBad
5792,7,910.9500000000002,7,892.5400000000002,move,improve
5793,7,910.9500000000002,7,892.5400000000002,2opt,notBad
5794,7,910.9500000000002,7,892.5400000000002,move,improve
5795,7,910.3900000000001,7,892.5400000000002,move,improve
5796,7,910.3900000000001,7,892.5400000000002,2opt,notBad
5797,7,910.3900000000001,7,892.5400000000002,move,improve
5798,7,910.3900000000001,7,892.5400000000002,swap,notBad
5799,7,910.3900000000001,7,892.5400000000002,swap,notBad
5800,7,910.3900000000001,7,892.5400000000002,move,improve
5801,7,910.3900000000001,7,892.5400000000002,swap,notBad
5802,7,910.3900000000001,7,892.5400000000002,2opt,notBad
5803,7,910.3900000000001,7,892.5400000000002,2opt,notBad
5804,7,910.3900000000001,7,892.5400000000002,2opt,notBad
5805,7,911.9300000000002,7,892.5400000000002,swap,acceptBad
5806,7,911.9300000000002,7,892.5400000000002,swap,notBad
5807,7,911.9300000000002,7,892.5400000000002,2opt,notBad
5808,7,911.9300000000002,7,892.5400000000002,move,improve
5809,7,911.9300000000002,7,892.5400000000002,2opt,notBad
5810,7,911.9300000000002,7,892.5400000000002,swap,notBad
5811,7,911.9300000000002,7,892.5400000000002,2opt,notBad
5812,7,911.9300000000002,7,892.5400000000002,swap,notBad
5813,7,911.9300000000002,7,892.5400000000002,move,improve
5814,7,911.9300000000002,7,892.5400000000002,2opt,notBad
5815,7,911.9300000000002,7,892.5400000000002,2opt,improve
5816,7,911.9300000000002,7,892.5400000000002,move,improve
5817,7,911.9300000000002,7,892.5400000000002,move,improve
5818,7,911.9300000000002,7,892.5400000000002,move,improve
5819,7,911.9300000000002,7,892.5400000000002,2opt,notBad
5820,7,911.9300000000002,7,892.5400000000002,move,improve
5821,7,911.9300000000002,7,892.5400000000002,2opt,notBad
5822,7,911.9300000000002,7,892.5400000000002,swap,notBad
5823,7,911.9300000000002,7,892.5400000000002,swap,notBad
5824,7,911.9300000000002,7,892.5400000000002,swap,notBad
5825,7,911.9300000000002,7,892.5400000000002,move,improve
5826,7,911.9300000000002,7,892.5400000000002,move,improve
5827,7,911.9300000000002,7,892.5400000000002,move,improve
5828,7,911.9300000000002,7,892.5400000000002,2opt,notBad
5829,7,911.9300000000002,7,892.5400000000002,swap,notBad
5830,7,911.9300000000002,7,892.5400000000002,swap,notBad
5831,7,911.9300000000002,7,892.5400000000002,2opt,notBad
5832,7,911.9300000000002,7,892.5400000000002,move,improve
5833,7,911.9300000000002,7,892.5400000000002,move,improve
5834,7,911.9300000000002,7,892.5400000000002,2opt,notBad
5835,7,911.9300000000002,7,892.5400000000002,move,improve
5836,7,911.9300000000002,7,892.5400000000002,move,improve
5837,7,911.9300000000002,7,892.5400000000002,move,improve
5838,7,911.9300000000002,7,892.5400000000002,move,improve
5839,7,911.9300000000002,7,892.5400000000002,move,improve
5840,7,911.9300000000002,7,892.5400000000002,swap,notBad
5841,7,911.9300000000002,7,892.5400000000002,move,improve
5842,7,911.9300000000002,7,892.5400000000002,move,improve
5843,7,911.9300000000002,7,892.5400000000002,swap,notBad
5844,7,911.9300000000002,7,892.5400000000002,2opt,notBad
5845,7,911.9300000000002,7,892.5400000000002,swap,notBad
5846,7,911.9300000000002,7,892.5400000000002,2opt,notBad
5847,7,911.9300000000002,7,892.5400000000002,swap,notBad
5848,7,911.9300000000002,7,892.5400000000002,swap,notBad
5849,7,911.9300000000002,7,892.5400000000002,2opt,notBad
5850,7,911.9300000000002,7,892.5400000000002,2opt,notBad
5851,7,911.9300000000002,7,892.5400000000002,swap,notBad
5852,7,911.9300000000002,7,892.5400000000002,move,improve
5853,7,911.9300000000002,7,892.5400000000002,move,improve
5854,7,911.9300000000002,7,892.5400000000002,swap,notBad
5855,7,911.9300000000002,7,892.5400000000002,move,improve
5856,7,911.9300000000002,7,892.5400000000002,2opt,improve
5857,7,911.9300000000002,7,892.5400000000002,swap,notBad
5858,7,911.9300000000002,7,892.5400000000002,swap,notBad
5859,7,911.9300000000002,7,892.5400000000002,move,improve
5860,7,911.9300000000002,7,892.5400000000002,move,improve
5861,7,911.9300000000002,7,892.5400000000002,2opt,notBad
5862,7,911.9300000000002,7,892.5400000000002,move,improve
5863,7,911.9300000000002,7,892.5400000000002,move,improve
5864,7,911.9300000000002,7,892.5400000000002,swap,notBad
5865,7,911.9300000000002,7,892.5400000000002,2opt,notBad
5866,7,909.4100000000001,7,892.5400000000002,move,improve
5867,7,909.4100000000001,7,892.5400000000002,2opt,notBad
5868,7,909.4100000000001,7,892.5400000000002,2opt,notBad
5869,7,909.4100000000001,7,892.5400000000002,2opt,notBad
5870,7,909.4100000000001,7,892.5400000000002,2opt,notBad
5871,7,909.4100000000001,7,892.5400000000002,swap,notBad
5872,7,909.4100000000001,7,892.5400000000002,swap,notBad
5873,7,909.4100000000001,7,892.5400000000002,swap,notBad
5874,7,909.4100000000001,7,892.5400000000002,swap,notBad
5875,7,909.4100000000001,7,892.5400000000002,2opt,notBad
5876,7,909.4100000000001,7,892.5400000000002,swap,notBad
5877,7,909.4100000000001,7,892.5400000000002,2opt,notBad
5878,7,909.4100000000001,7,892.5400000000002,move,improve
5879,7,909.4100000000001,7,892.5400000000002,swap,notBad
5880,7,909.4100000000001,7,892.5400000000002,2opt,notBad
5881,7,909.4100000000001,7,892.5400000000002,move,improve
5882,7,909.4100000000001,7,892.5400000000002,swap,notBad
5883,7,909.4100000000001,7,892.5400000000002,2opt,notBad
5884,7,909.4100000000001,7,892.5400000000002,move,improve
5885,7,909.4100000000001,7,892.5400000000002,swap,notBad
5886,7,909.4100000000001,7,892.5400000000002,swap,notBad
5887,7,909.4100000000001,7,892.5400000000002,swap,notBad
5888,7,909.4100000000001,7,892.5400000000002,2opt,notBad
5889,7,909.4100000000001,7,892.5400000000002,move,improve
5890,7,909.4100000000001,7,892.5400000000002,2opt,notBad
5891,7,907.8700000000001,7,892.5400000000002,move,improve
5892,7,907.8700000000001,7,892.5400000000002,move,improve
5893,7,907.8700000000001,7,892.5400000000002,move,improve
5894,7,907.8700000000001,7,892.5400000000002,2opt,notBad
5895,7,907.8700000000001,7,892.5400000000002,move,improve
5896,7,907.8700000000001,7,892.5400000000002,swap,notBad
5897,7,907.8700000000001,7,892.5400000000002,move,improve
5898,7,907.8700000000001,7,892.5400000000002,2opt,notBad
5899,7,907.8700000000001,7,892.5400000000002,move,improve
5900,7,907.8700000000001,7,892.5400000000002,2opt,notBad
5901,7,907.8700000000001,7,892.5400000000002,move,improve
5902,7,907.8700000000001,7,892.5400000000002,2opt,notBad
5903,7,907.8700000000001,7,892.5400000000002,move,improve
5904,7,907.8700000000001,7,892.5400000000002,swap,notBad
5905,7,907.8700000000001,7,892.5400000000002,swap,notBad
5906,7,907.8700000000001,7,892.5400000000002,2opt,notBad
5907,7,907.8700000000001,7,892.5400000000002,2opt,notBad
5908,7,907.8700000000001,7,892.5400000000002,2opt,notBad
5909,7,907.8700000000001,7,892.5400000000002,swap,notBad
5910,7,907.8700000000001,7,892.5400000000002,move,improve
5911,7,907.8700000000001,7,892.5400000000002,move,improve
5912,7,907.8700000000001,7,892.5400000000002,2opt,notBad
5913,7,907.8700000000001,7,892.5400000000002,2opt,notBad
5914,7,907.8700000000001,7,892.5400000000002,swap,notBad
5915,7,907.8700000000001,7,892.5400000000002,swap,notBad
5916,7,907.8700000000001,7,892.5400000000002,swap,notBad
5917,7,907.8700000000001,7,892.5400000000002,move,improve
5918,7,907.8700000000001,7,892.5400000000002,2opt,notBad
5919,7,907.8700000000001,7,892.5400000000002,swap,notBad
5920,7,907.8700000000001,7,892.5400000000002,swap,notBad
5921,7,907.8700000000001,7,892.5400000000002,move,notBad
5922,7,907.8700000000001,7,892.5400000000002,2opt,improve
5923,7,907.8700000000001,7,892.5400000000002,move,improve
5924,7,907.8700000000001,7,892.5400000000002,swap,notBad
5925,7,907.8700000000001,7,892.5400000000002,move,improve
5926,7,907.8700000000001,7,892.5400000000002,move,improve
5927,7,907.8700000000001,7,892.5400000000002,move,improve
5928,7,907.8700000000001,7,892.5400000000002,2opt,notBad
5929,7,907.8700000000001,7,892.5400000000002,swap,notBad
5930,7,907.8700000000001,7,892.5400000000002,swap,notBad
5931,7,907.8700000000001,7,892.5400000000002,swap,notBad
5932,7,907.8700000000001,7,892.5400000000002,2opt,notBad
5933,7,907.8700000000001,7,892.5400000000002,move,improve
5934,7,907.8700000000001,7,892.5400000000002,2opt,notBad
5935,7,907.8700000000001,7,892.5400000000002,swap,notBad
5936,7,907.8700000000001,7,892.5400000000002,swap,notBad
5937,7,907.8700000000001,7,892.5400000000002,swap,notBad
5938,7,907.8700000000001,7,892.5400000000002,move,improve
5939,7,907.8700000000001,7,892.5400000000002,swap,notBad
5940,7,907.8700000000001,7,892.5400000000002,swap,notBad
5941,7,907.8700000000001,7,892.5400000000002,2opt,notBad
5942,7,907.8700000000001,7,892.5400000000002,swap,notBad
5943,7,907.8700000000001,7,892.5400000000002,move,improve
5944,7,907.8700000000001,7,892.5400000000002,swap,notBad
5945,7,907.8700000000001,7,892.5400000000002,move,improve
5946,7,907.8700000000001,7,892.5400000000002,2opt,notBad
5947,7,907.8700000000001,7,892.5400000000002,swap,notBad
5948,7,907.8700000000001,7,892.5400000000002,move,improve
5949,7,907.8700000000001,7,892.5400000000002,swap,notBad
5950,7,907.8700000000001,7,892.5400000000002,move,improve
5951,7,907.8700000000001,7,892.5400000000002,swap,notBad
5952,7,907.8700000000001,7,892.5400000000002,swap,notBad
5953,7,907.8700000000001,7,892.5400000000002,swap,notBad
5954,7,907.8700000000001,7,892.5400000000002,move,improve
5955,7,907.8700000000001,7,892.5400000000002,move,improve
5956,7,907.8700000000001,7,892.5400000000002,move,improve
5957,7,907.8700000000001,7,892.5400000000002,swap,notBad
5958,7,907.8700000000001,7,892.5400000000002,2opt,notBad
5959,7,907.8700000000001,7,892.5400000000002,2opt,notBad
5960,7,907.8700000000001,7,892.5400000000002,swap,notBad
5961,7,907.8700000000001,7,892.5400000000002,move,improve
5962,7,907.8700000000001,7,892.5400000000002,move,improve
5963,7,907.8700000000001,7,892.5400000000002,2opt,notBad
5964,7,907.8700000000001,7,892.5400000000002,move,improve
5965,7,907.8700000000001,7,892.5400000000002,2opt,notBad
5966,7,907.8700000000001,7,892.5400000000002,swap,notBad
5967,7,907.8700000000001,7,892.5400000000002,move,improve
5968,7,907.8700000000001,7,892.5400000000002,swap,notBad
5969,7,907.8700000000001,7,892.5400000000002,2opt,notBad
5970,7,907.8700000000001,7,892.5400000000002,2opt,notBad
5971,7,907.8700000000001,7,892.5400000000002,2opt,notBad
5972,7,907.8700000000001,7,892.5400000000002,2opt,notBad
5973,7,907.8700000000001,7,892.5400000000002,swap,notBad
5974,7,907.8700000000001,7,892.5400000000002,2opt,notBad
5975,7,907.8700000000001,7,892.5400000000002,2opt,notBad
5976,7,907.8700000000001,7,892.5400000000002,2opt,notBad
5977,7,907.8700000000001,7,892.5400000000002,move,improve
5978,7,907.8700000000001,7,892.5400000000002,2opt,improve
5979,7,907.8700000000001,7,892.5400000000002,2opt,notBad
5980,7,907.8700000000001,7,892.5400000000002,move,improve
5981,7,907.8700000000001,7,892.5400000000002,2opt,notBad
5982,7,907.8700000000001,7,892.5400000000002,swap,notBad
5983,7,907.8700000000001,7,892.5400000000002,swap,notBad
5984,7,907.8700000000001,7,892.5400000000002,swap,notBad
5985,7,907.8700000000001,7,892.5400000000002,2opt,notBad
5986,7,907.8700000000001,7,892.5400000000002,2opt,notBad
5987,7,907.8700000000001,7,892.5400000000002,2opt,notBad
5988,7,907.8700000000001,7,892.5400000000002,2opt,notBad
5989,7,907.8700000000001,7,892.5400000000002,2opt,notBad
5990,7,907.8700000000001,7,892.5400000000002,swap,notBad
5991,7,907.8700000000001,7,892.5400000000002,move,improve
5992,7,907.8700000000001,7,892.5400000000002,2opt,notBad
5993,7,907.8700000000001,7,892.5400000000002,swap,notBad
5994,7,907.8700000000001,7,892.5400000000002,move,improve
5995,7,907.8700000000001,7,892.5400000000002,move,improve
5996,7,907.8700000000001,7,892.5400000000002,swap,notBad
5997,7,907.8700000000001,7,892.5400000000002,swap,notBad
5998,7,907.8700000000001,7,892.5400000000002,move,improve
5999,7,907.8700000000001,7,892.5400000000002,2opt,notBad
6000,7,907.8700000000001,7,892.5400000000002,2opt,notBad
6001,7,907.8700000000001,7,892.5400000000002,swap,notBad
6002,7,907.8700000000001,7,892.5400000000002,move,improve
6003,7,907.8700000000001,7,892.5400000000002,2opt,notBad
6004,7,907.8700000000001,7,892.5400000000002,swap,notBad
6005,7,907.8700000000001,7,892.5400000000002,2opt,notBad
6006,7,907.8700000000001,7,892.5400000000002,2opt,improve
6007,7,907.8700000000001,7,892.5400000000002,2opt,notBad
6008,7,907.8700000000001,7,892.5400000000002,2opt,notBad
6009,7,907.8700000000001,7,892.5400000000002,move,improve
6010,7,907.8700000000001,7,892.5400000000002,move,improve
6011,7,907.8700000000001,7,892.5400000000002,move,improve
6012,7,907.8700000000001,7,892.5400000000002,2opt,notBad
6013,7,907.8700000000001,7,892.5400000000002,2opt,notBad
6014,7,907.8700000000001,7,892.5400000000002,move,improve
6015,7,907.8700000000001,7,892.5400000000002,swap,notBad
6016,7,907.8700000000001,7,892.5400000000002,move,improve
6017,7,907.8700000000001,7,892.5400000000002,2opt,notBad
6018,7,907.8700000000001,7,892.5400000000002,2opt,notBad
6019,7,907.8700000000001,7,892.5400000000002,2opt,notBad
6020,7,907.8700000000001,7,892.5400000000002,move,improve
6021,7,907.8700000000001,7,892.5400000000002,swap,notBad
6022,7,907.8700000000001,7,892.5400000000002,move,improve
6023,7,907.8700000000001,7,892.5400000000002,swap,notBad
6024,7,907.8700000000001,7,892.5400000000002,move,improve
6025,7,907.8700000000001,7,892.5400000000002,move,improve
6026,7,907.8700000000001,7,892.5400000000002,2opt,notBad
6027,7,911.1600000000002,7,892.5400000000002,swap,acceptBad
6028,7,911.1600000000002,7,892.5400000000002,move,improve
6029,7,911.1600000000002,7,892.5400000000002,move,notBad
6030,7,911.1600000000002,7,892.5400000000002,2opt,notBad
6031,7,907.8700000000001,7,892.5400000000002,move,improve
6032,7,907.8700000000001,7,892.5400000000002,move,improve
6033,7,907.8700000000001,7,892.5400000000002,move,improve
6034,7,907.8700000000001,7,892.5400000000002,swap,notBad
6035,7,907.8700000000001,7,892.5400000000002,move,improve
6036,7,907.8700000000001,7,892.5400000000002,move,improve
6037,7,907.8700000000001,7,892.5400000000002,move,improve
6038,7,907.8700000000001,7,892.5400000000002,2opt,notBad
6039,7,907.8700000000001,7,892.5400000000002,swap,notBad
6040,7,907.8700000000001,7,892.5400000000002,swap,notBad
6041,7,907.8700000000001,7,892.5400000000002,swap,notBad
6042,7,907.8700000000001,7,892.5400000000002,2opt,notBad
6043,7,907.8700000000001,7,892.5400000000002,swap,notBad
6044,7,907.8700000000001,7,892.5400000000002,swap,notBad
6045,7,907.8700000000001,7,892.5400000000002,2opt,notBad
6046,7,907.8700000000001,7,892.5400000000002,2opt,notBad
6047,7,907.8700000000001,7,892.5400000000002,2opt,notBad
6048,7,907.8700000000001,7,892.5400000000002,2opt,improve
6049,7,907.8700000000001,7,892.5400000000002,move,improve
6050,7,907.8700000000001,7,892.5400000000002,2opt,notBad
6051,7,907.8700000000001,7,892.5400000000002,move,improve
6052,7,907.8700000000001,7,892.5400000000002,2opt,improve
6053,7,907.8700000000001,7,892.5400000000002,swap,notBad
6054,7,907.8700000000001,7,892.5400000000002,move,improve
6055,7,907.8700000000001,7,892.5400000000002,move,improve
6056,7,907.8700000000001,7,892.5400000000002,2opt,notBad
6057,7,907.8700000000001,7,892.5400000000002,move,improve
6058,7,907.8700000000001,7,892.5400000000002,swap,notBad
6059,7,907.8700000000001,7,892.5400000000002,swap,notBad
6060,7,907.8700000000001,7,892.5400000000002,swap,notBad
6061,7,907.8700000000001,7,892.5400000000002,move,improve
6062,7,907.8700000000001,7,892.5400000000002,swap,notBad
6063,7,907.8700000000001,7,892.5400000000002,move,improve
6064,7,907.8700000000001,7,892.5400000000002,2opt,notBad
6065,7,907.8700000000001,7,892.5400000000002,swap,notBad
6066,7,907.8700000000001,7,892.5400000000002,move,improve
6067,7,907.8700000000001,7,892.5400000000002,swap,notBad
6068,7,907.8700000000001,7,892.5400000000002,move,improve
6069,7,907.8700000000001,7,892.5400000000002,move,improve
6070,7,907.8700000000001,7,892.5400000000002,swap,notBad
6071,7,907.8700000000001,7,892.5400000000002,swap,notBad
6072,7,907.8700000000001,7,892.5400000000002,move,improve
6073,7,907.8700000000001,7,892.5400000000002,swap,notBad
6074,7,907.8700000000001,7,892.5400000000002,2opt,notBad
6075,7,907.8700000000001,7,892.5400000000002,move,improve
6076,7,907.8700000000001,7,892.5400000000002,2opt,notBad
6077,7,907.8700000000001,7,892.5400000000002,swap,notBad
6078,7,907.8700000000001,7,892.5400000000002,move,improve
6079,7,907.8700000000001,7,892.5400000000002,move,improve
6080,7,907.8700000000001,7,892.5400000000002,move,improve
6081,7,907.8700000000001,7,892.5400000000002,swap,notBad
6082,7,907.8700000000001,7,892.5400000000002,swap,notBad
6083,7,907.8700000000001,7,892.5400000000002,swap,notBad
6084,7,907.8700000000001,7,892.5400000000002,2opt,notBad
6085,7,907.8700000000001,7,892.5400000000002,swap,notBad
6086,7,907.8700000000001,7,892.5400000000002,swap,notBad
6087,7,907.8700000000001,7,892.5400000000002,2opt,improve
6088,7,907.8700000000001,7,892.5400000000002,2opt,improve
6089,7,907.8700000000001,7,892.5400000000002,move,improve
6090,7,907.8700000000001,7,892.5400000000002,move,improve
6091,7,907.8700000000001,7,892.5400000000002,2opt,notBad
6092,7,907.8700000000001,7,892.5400000000002,move,improve
6093,7,907.8700000000001,7,892.5400000000002,move,improve
6094,7,907.8700000000001,7,892.5400000000002,move,improve
6095,7,907.8700000000001,7,892.5400000000002,move,improve
6096,7,907.8700000000001,7,892.5400000000002,move,improve
6097,7,907.8700000000001,7,892.5400000000002,2opt,notBad
6098,7,907.8700000000001,7,892.5400000000002,move,improve
6099,7,907.8700000000001,7,892.5400000000002,move,improve
6100,7,907.8700000000001,7,892.5400000000002,2opt,notBad
6101,7,907.8700000000001,7,892.5400000000002,move,improve
6102,7,907.8700000000001,7,892.5400000000002,move,improve
6103,7,907.8700000000001,7,892.5400000000002,2opt,improve
6104,7,907.8700000000001,7,892.5400000000002,move,improve
6105,7,907.8700000000001,7,892.5400000000002,move,improve
6106,7,907.8700000000001,7,892.5400000000002,2opt,notBad
6107,7,907.8700000000001,7,892.5400000000002,swap,notBad
6108,7,907.8700000000001,7,892.5400000000002,2opt,notBad
6109,7,907.8700000000001,7,892.5400000000002,move,improve
6110,7,907.8700000000001,7,892.5400000000002,2opt,notBad
6111,7,907.8700000000001,7,892.5400000000002,move,improve
6112,7,907.8700000000001,7,892.5400000000002,2opt,notBad
6113,7,907.8700000000001,7,892.5400000000002,move,improve
6114,7,907.8700000000001,7,892.5400000000002,move,improve
6115,7,907.8700000000001,7,892.5400000000002,2opt,notBad
6116,7,907.8700000000001,7,892.5400000000002,move,improve
6117,7,907.8700000000001,7,892.5400000000002,2opt,improve
6118,7,907.8700000000001,7,892.5400000000002,move,improve
6119,7,907.8700000000001,7,892.5400000000002,move,improve
6120,7,907.8700000000001,7,892.5400000000002,swap,notBad
6121,7,907.8700000000001,7,892.5400000000002,2opt,notBad
6122,7,907.8700000000001,7,892.5400000000002,2opt,notBad
6123,7,907.8700000000001,7,892.5400000000002,swap,notBad
6124,7,907.8700000000001,7,892.5400000000002,2opt,notBad
6125,7,907.8700000000001,7,892.5400000000002,move,improve
6126,7,907.8700000000001,7,892.5400000000002,2opt,improve
6127,7,907.8700000000001,7,892.5400000000002,move,improve
6128,7,907.8700000000001,7,892.5400000000002,2opt,notBad
6129,7,907.8700000000001,7,892.5400000000002,2opt,notBad
6130,7,907.8700000000001,7,892.5400000000002,2opt,notBad
6131,7,907.8700000000001,7,892.5400000000002,swap,notBad
6132,7,907.8700000000001,7,892.5400000000002,swap,notBad
6133,7,907.8700000000001,7,892.5400000000002,swap,notBad
6134,7,907.8700000000001,7,892.5400000000002,swap,notBad
6135,7,907.8700000000001,7,892.5400000000002,move,improve
6136,7,907.8700000000001,7,892.5400000000002,2opt,notBad
6137,7,907.8700000000001,7,892.5400000000002,2opt,notBad
6138,7,907.8700000000001,7,892.5400000000002,swap,notBad
6139,7,907.8700000000001,7,892.5400000000002,2opt,notBad
6140,7,907.8700000000001,7,892.5400000000002,swap,notBad
6141,7,907.8700000000001,7,892.5400000000002,2opt,notBad
6142,7,907.8700000000001,7,892.5400000000002,2opt,notBad
6143,7,907.8700000000001,7,892.5400000000002,swap,notBad
6144,7,907.8700000000001,7,892.5400000000002,move,improve
6145,7,907.8700000000001,7,892.5400000000002,move,improve
6146,7,907.8700000000001,7,892.5400000000002,swap,notBad
6147,7,907.8700000000001,7,892.5400000000002,move,improve
6148,7,907.8700000000001,7,892.5400000000002,move,improve
6149,7,907.8700000000001,7,892.5400000000002,2opt,notBad
6150,7,907.8700000000001,7,892.5400000000002,move,improve
6151,7,911.1600000000002,7,892.5400000000002,swap,acceptBad
6152,7,911.1600000000002,7,892.5400000000002,2opt,notBad
6153,7,911.1600000000002,7,892.5400000000002,move,improve
6154,7,911.1600000000002,7,892.5400000000002,swap,notBad
6155,7,911.1600000000002,7,892.5400000000002,2opt,notBad
6156,7,911.1600000000002,7,892.5400000000002,2opt,notBad
6157,7,911.1600000000002,7,892.5400000000002,swap,notBad
6158,7,911.1600000000002,7,892.5400000000002,move,improve
6159,7,911.1600000000002,7,892.5400000000002,move,improve
6160,7,911.1600000000002,7,892.5400000000002,move,improve
6161,7,911.1600000000002,7,892.5400000000002,2opt,notBad
6162,7,911.1600000000002,7,892.5400000000002,move,improve
6163,7,911.1600000000002,7,892.5400000000002,move,improve
6164,7,911.1600000000002,7,892.5400000000002,2opt,notBad
6165,7,911.1600000000002,7,892.5400000000002,2opt,notBad
6166,7,911.1600000000002,7,892.5400000000002,move,improve
6167,7,911.1600000000002,7,892.5400000000002,move,improve
6168,7,911.1600000000002,7,892.5400000000002,2opt,notBad
6169,7,911.1600000000002,7,892.5400000000002,move,notBad
6170,7,911.1600000000002,7,892.5400000000002,2opt,notBad
6171,7,911.1600000000002,7,892.5400000000002,2opt,notBad
6172,7,911.1600000000002,7,892.5400000000002,swap,notBad
6173,7,911.1600000000002,7,892.5400000000002,swap,notBad
6174,7,911.1600000000002,7,892.5400000000002,2opt,notBad
6175,7,911.1600000000002,7,892.5400000000002,2opt,improve
6176,7,907.8700000000001,7,892.5400000000002,move,improve
6177,7,907.8700000000001,7,892.5400000000002,2opt,notBad
6178,7,907.8700000000001,7,892.5400000000002,swap,notBad
6179,7,907.8700000000001,7,892.5400000000002,move,improve
6180,7,907.8700000000001,7,892.5400000000002,swap,notBad
6181,7,907.8700000000001,7,892.5400000000002,move,improve
6182,7,907.8700000000001,7,892.5400000000002,2opt,notBad
6183,7,907.8700000000001,7,892.5400000000002,move,improve
6184,7,907.8700000000001,7,892.5400000000002,2opt,notBad
6185,7,907.8700000000001,7,892.5400000000002,2opt,notBad
6186,7,907.8700000000001,7,892.5400000000002,2opt,improve
6187,7,907.8700000000001,7,892.5400000000002,swap,notBad
6188,7,907.8700000000001,7,892.5400000000002,2opt,notBad
6189,7,907.8700000000001,7,892.5400000000002,swap,notBad
6190,7,907.8700000000001,7,892.5400000000002,move,improve
6191,7,907.8700000000001,7,892.5400000000002,swap,notBad
6192,7,907.8700000000001,7,892.5400000000002,swap,notBad
6193,7,907.8700000000001,7,892.5400000000002,swap,notBad
6194,7,907.8700000000001,7,892.5400000000002,2opt,notBad
6195,7,907.8700000000001,7,892.5400000000002,swap,notBad
6196,7,907.8700000000001,7,892.5400000000002,swap,notBad
6197,7,907.8700000000001,7,892.5400000000002,2opt,notBad
6198,7,907.8700000000001,7,892.5400000000002,swap,notBad
6199,7,907.8700000000001,7,892.5400000000002,swap,notBad
6200,7,907.8700000000001,7,892.5400000000002,2opt,improve
6201,7,907.8700000000001,7,892.5400000000002,2opt,notBad
6202,7,907.8700000000001,7,892.5400000000002,2opt,notBad
6203,7,907.8700000000001,7,892.5400000000002,2opt,notBad
6204,7,907.8700000000001,7,892.5400000000002,swap,notBad
6205,7,907.8700000000001,7,892.5400000000002,swap,notBad
6206,7,907.8700000000001,7,892.5400000000002,swap,notBad
6207,7,907.8700000000001,7,892.5400000000002,move,improve
6208,7,907.8700000000001,7,892.5400000000002,2opt,notBad
6209,7,907.8700000000001,7,892.5400000000002,swap,notBad
6210,7,907.8700000000001,7,892.5400000000002,swap,notBad
6211,7,907.8700000000001,7,892.5400000000002,swap,notBad
6212,7,907.8700000000001,7,892.5400000000002,swap,notBad
6213,7,907.8700000000001,7,892.5400000000002,2opt,improve
6214,7,907.8700000000001,7,892.5400000000002,swap,notBad
6215,7,907.8700000000001,7,892.5400000000002,2opt,notBad
6216,7,907.8700000000001,7,892.5400000000002,swap,notBad
6217,7,907.8700000000001,7,892.5400000000002,2opt,notBad
6218,7,907.8700000000001,7,892.5400000000002,move,improve
6219,7,907.8700000000001,7,892.5400000000002,2opt,notBad
6220,7,907.8700000000001,7,892.5400000000002,swap,notBad
6221,7,907.8700000000001,7,892.5400000000002,move,notBad
6222,7,907.8700000000001,7,892.5400000000002,2opt,notBad
6223,7,907.8700000000001,7,892.5400000000002,move,improve
6224,7,907.8700000000001,7,892.5400000000002,swap,notBad
6225,7,907.8700000000001,7,892.5400000000002,2opt,notBad
6226,7,907.8700000000001,7,892.5400000000002,2opt,notBad
6227,7,907.8700000000001,7,892.5400000000002,swap,notBad
6228,7,907.8700000000001,7,892.5400000000002,move,improve
6229,7,907.8700000000001,7,892.5400000000002,move,improve
6230,7,907.8700000000001,7,892.5400000000002,2opt,notBad
6231,7,907.8700000000001,7,892.5400000000002,2opt,notBad
6232,7,907.8700000000001,7,892.5400000000002,2opt,notBad
6233,7,907.8700000000001,7,892.5400000000002,2opt,notBad
6234,7,907.8700000000001,7,892.5400000000002,swap,notBad
6235,7,907.8700000000001,7,892.5400000000002,swap,notBad
6236,7,907.8700000000001,7,892.5400000000002,move,improve
6237,7,907.8700000000001,7,892.5400000000002,move,improve
6238,7,907.8700000000001,7,892.5400000000002,2opt,notBad
6239,7,907.8700000000001,7,892.5400000000002,move,improve
6240,7,907.8700000000001,7,892.5400000000002,swap,notBad
6241,7,907.8700000000001,7,892.5400000000002,move,improve
6242,7,907.8700000000001,7,892.5400000000002,2opt,notBad
6243,7,907.8700000000001,7,892.5400000000002,move,improve
6244,7,907.8700000000001,7,892.5400000000002,swap,notBad
6245,7,907.8700000000001,7,892.5400000000002,swap,notBad
6246,7,907.8700000000001,7,892.5400000000002,move,improve
6247,7,907.8700000000001,7,892.5400000000002,swap,notBad
6248,7,907.8700000000001,7,892.5400000000002,2opt,notBad
6249,7,907.8700000000001,7,892.5400000000002,swap,notBad
6250,7,907.8700000000001,7,892.5400000000002,swap,notBad
6251,7,907.8700000000001,7,892.5400000000002,2opt,notBad
6252,7,907.8700000000001,7,892.5400000000002,move,improve
6253,7,907.8700000000001,7,892.5400000000002,move,improve
6254,7,907.8700000000001,7,892.5400000000002,2opt,notBad
6255,7,907.8700000000001,7,892.5400000000002,2opt,notBad
6256,7,907.8700000000001,7,892.5400000000002,swap,notBad
6257,7,915.0800000000002,7,892.5400000000002,swap,acceptBad
6258,7,915.0800000000002,7,892.5400000000002,move,improve
6259,7,918.0900000000001,7,892.5400000000002,swap,acceptBad
6260,7,918.0900000000001,7,892.5400000000002,move,improve
6261,7,918.0900000000001,7,892.5400000000002,2opt,notBad
6262,7,918.0900000000001,7,892.5400000000002,swap,notBad
6263,7,918.0900000000001,7,892.5400000000002,2opt,notBad
6264,7,918.0900000000001,7,892.5400000000002,move,notBad
6265,7,918.0900000000001,7,892.5400000000002,move,improve
6266,7,918.0900000000001,7,892.5400000000002,swap,notBad
6267,7,918.0900000000001,7,892.5400000000002,move,improve
6268,7,918.0900000000001,7,892.5400000000002,2opt,notBad
6269,7,918.0900000000001,7,892.5400000000002,move,improve
6270,7,918.0900000000001,7,892.5400000000002,move,improve
6271,7,918.0900000000001,7,892.5400000000002,2opt,improve
6272,7,918.0900000000001,7,892.5400000000002,move,improve
6273,7,918.0900000000001,7,892.5400000000002,swap,notBad
6274,7,918.0900000000001,7,892.5400000000002,2opt,notBad
6275,7,918.0900000000001,7,892.5400000000002,move,improve
6276,7,918.0900000000001,7,892.5400000000002,2opt,notBad
6277,7,918.0900000000001,7,892.5400000000002,move,improve
6278,7,918.0900000000001,7,892.5400000000002,2opt,improve
6279,7,918.0900000000001,7,892.5400000000002,swap,notBad
6280,7,918.0900000000001,7,892.5400000000002,move,improve
6281,7,918.0900000000001,7,892.5400000000002,2opt,notBad
6282,7,918.0900000000001,7,892.5400000000002,swap,notBad
6283,7,918.0900000000001,7,892.5400000000002,2opt,notBad
6284,7,918.0900000000001,7,892.5400000000002,move,improve
6285,7,918.0900000000001,7,892.5400000000002,swap,notBad
6286,7,918.0900000000001,7,892.5400000000002,2opt,notBad
6287,7,918.0900000000001,7,892.5400000000002,2opt,notBad
6288,7,918.0900000000001,7,892.5400000000002,swap,notBad
6289,7,918.0900000000001,7,892.5400000000002,2opt,notBad
6290,7,918.0900000000001,7,892.5400000000002,2opt,notBad
6291,7,918.0900000000001,7,892.5400000000002,2opt,notBad
6292,7,918.0900000000001,7,892.5400000000002,move,improve
6293,7,919.6300000000001,7,892.5400000000002,swap,acceptBad
6294,7,919.6300000000001,7,892.5400000000002,2opt,notBad
6295,7,919.6300000000001,7,892.5400000000002,swap,notBad
6296,7,919.6300000000001,7,892.5400000000002,2opt,notBad
6297,7,919.6300000000001,7,892.5400000000002,swap,notBad
6298,7,919.6300000000001,7,892.5400000000002,swap,notBad
6299,7,919.6300000000001,7,892.5400000000002,2opt,notBad
6300,7,919.6300000000001,7,892.5400000000002,2opt,notBad
6301,7,919.6300000000001,7,892.5400000000002,swap,notBad
6302,7,919.6300000000001,7,892.5400000000002,swap,notBad
6303,7,919.6300000000001,7,892.5400000000002,move,improve
6304,7,919.6300000000001,7,892.5400000000002,swap,notBad
6305,7,918.0900000000001,7,892.5400000000002,move,improve
6306,7,918.0900000000001,7,892.5400000000002,move,improve
6307,7,918.0900000000001,7,892.5400000000002,move,improve
6308,7,918.0900000000001,7,892.5400000000002,2opt,notBad
6309,7,918.0900000000001,7,892.5400000000002,move,improve
6310,7,918.0900000000001,7,892.5400000000002,2opt,notBad
6311,7,918.0900000000001,7,892.5400000000002,swap,notBad
6312,7,918.0900000000001,7,892.5400000000002,2opt,notBad
6313,7,918.0900000000001,7,892.5400000000002,2opt,notBad
6314,7,918.0900000000001,7,892.5400000000002,2opt,notBad
6315,7,918.0900000000001,7,892.5400000000002,swap,notBad
6316,7,918.0900000000001,7,892.5400000000002,2opt,notBad
6317,7,918.0900000000001,7,892.5400000000002,move,improve
6318,7,918.0900000000001,7,892.5400000000002,2opt,notBad
6319,7,918.0900000000001,7,892.5400000000002,move,improve
6320,7,918.0900000000001,7,892.5400000000002,2opt,notBad
6321,7,918.0900000000001,7,892.5400000000002,swap,notBad
6322,7,918.0900000000001,7,892.5400000000002,swap,notBad
6323,7,918.0900000000001,7,892.5400000000002,move,improve
6324,7,918.0900000000001,7,892.5400000000002,2opt,improve
6325,7,918.0900000000001,7,892.5400000000002,move,improve
6326,7,918.0900000000001,7,892.5400000000002,2opt,notBad
6327,7,918.0900000000001,7,892.5400000000002,move,improve
6328,7,918.0900000000001,7,892.5400000000002,move,improve
6329,7,918.0900000000001,7,892.5400000000002,2opt,notBad
6330,7,918.0900000000001,7,892.5400000000002,swap,notBad
6331,7,918.0900000000001,7,892.5400000000002,2opt,notBad
6332,7,918.0900000000001,7,892.5400000000002,2opt,improve
6333,7,918.0900000000001,7,892.5400000000002,move,improve
6334,7,918.0900000000001,7,892.5400000000002,swap,notBad
6335,7,918.0900000000001,7,892.5400000000002,2opt,notBad
6336,7,918.0900000000001,7,892.5400000000002,move,improve
6337,7,918.0900000000001,7,892.5400000000002,2opt,notBad
6338,7,918.0900000000001,7,892.5400000000002,swap,notBad
6339,7,918.0900000000001,7,892.5400000000002,swap,notBad
6340,7,918.0900000000001,7,892.5400000000002,move,improve
6341,7,918.0900000000001,7,892.5400000000002,2opt,notBad
6342,7,918.0900000000001,7,892.5400000000002,move,improve
6343,7,918.0900000000001,7,892.5400000000002,move,improve
6344,7,918.0900000000001,7,892.5400000000002,move,improve
6345,7,918.0900000000001,7,892.5400000000002,swap,notBad
6346,7,918.0900000000001,7,892.5400000000002,swap,notBad
6347,7,918.0900000000001,7,892.5400000000002,swap,notBad
6348,7,918.0900000000001,7,892.5400000000002,2opt,notBad
6349,7,918.0900000000001,7,892.5400000000002,2opt,notBad
6350,7,918.0900000000001,7,892.5400000000002,swap,notBad
6351,7,918.0900000000001,7,892.5400000000002,swap,notBad
6352,7,918.0900000000001,7,892.5400000000002,2opt,notBad
6353,7,918.0900000000001,7,892.5400000000002,swap,notBad
6354,7,918.0900000000001,7,892.5400000000002,swap,notBad
6355,7,918.0900000000001,7,892.5400000000002,move,improve
6356,7,918.0900000000001,7,892.5400000000002,2opt,notBad
6357,7,918.0900000000001,7,892.5400000000002,2opt,notBad
6358,7,918.0900000000001,7,892.5400000000002,2opt,notBad
6359,7,918.0900000000001,7,892.5400000000002,2opt,notBad
6360,7,918.0900000000001,7,892.5400000000002,move,improve
6361,7,918.0900000000001,7,892.5400000000002,swap,notBad
6362,7,918.0900000000001,7,892.5400000000002,2opt,notBad
6363,7,918.0900000000001,7,892.5400000000002,swap,notBad
6364,7,918.0900000000001,7,892.5400000000002,2opt,notBad
6365,7,918.0900000000001,7,892.5400000000002,move,improve
6366,7,918.0900000000001,7,892.5400000000002,2opt,notBad
6367,7,918.0900000000001,7,892.5400000000002,2opt,improve
6368,7,918.0900000000001,7,892.5400000000002,move,improve
6369,7,918.0900000000001,7,892.5400000000002,2opt,notBad
6370,7,918.0900000000001,7,892.5400000000002,move,improve
6371,7,918.0900000000001,7,892.5400000000002,swap,notBad
6372,7,918.0900000000001,7,892.5400000000002,swap,notBad
6373,7,918.0900000000001,7,892.5400000000002,move,improve
6374,7,918.0900000000001,7,892.5400000000002,move,improve
6375,7,918.0900000000001,7,892.5400000000002,swap,notBad
6376,7,918.0900000000001,7,892.5400000000002,swap,notBad
6377,7,918.0900000000001,7,892.5400000000002,2opt,improve
6378,7,918.0900000000001,7,892.5400000000002,swap,notBad
6379,7,918.0900000000001,7,892.5400000000002,swap,notBad
6380,7,918.0900000000001,7,892.5400000000002,move,improve
6381,7,918.0900000000001,7,892.5400000000002,swap,notBad
6382,7,918.0900000000001,7,892.5400000000002,move,improve
6383,7,918.0900000000001,7,892.5400000000002,swap,notBad
6384,7,918.0900000000001,7,892.5400000000002,2opt,notBad
6385,7,918.0900000000001,7,892.5400000000002,swap,notBad
6386,7,918.0900000000001,7,892.5400000000002,swap,notBad
6387,7,918.0900000000001,7,892.5400000000002,swap,notBad
6388,7,918.0900000000001,7,892.5400000000002,swap,notBad
6389,7,918.0900000000001,7,892.5400000000002,move,improve
6390,7,918.0900000000001,7,892.5400000000002,swap,notBad
6391,7,918.0900000000001,7,892.5400000000002,swap,notBad
6392,7,918.0900000000001,7,892.5400000000002,swap,notBad
6393,7,918.0900000000001,7,892.5400000000002,swap,notBad
6394,7,918.0900000000001,7,892.5400000000002,2opt,notBad
6395,7,918.0900000000001,7,892.5400000000002,2opt,notBad
6396,7,918.0900000000001,7,892.5400000000002,swap,notBad
6397,7,918.0900000000001,7,892.5400000000002,swap,notBad
6398,7,918.0900000000001,7,892.5400000000002,swap,notBad
6399,7,918.0900000000001,7,892.5400000000002,move,improve
6400,7,918.0900000000001,7,892.5400000000002,2opt,improve
6401,7,918.0900000000001,7,892.5400000000002,move,improve
6402,7,915.0800000000002,7,892.5400000000002,move,improve
6403,7,915.0800000000002,7,892.5400000000002,swap,notBad
6404,7,915.0800000000002,7,892.5400000000002,2opt,improve
6405,7,915.0800000000002,7,892.5400000000002,2opt,notBad
6406,7,915.0800000000002,7,892.5400000000002,2opt,notBad
6407,7,915.0800000000002,7,892.5400000000002,2opt,notBad
6408,7,915.0800000000002,7,892.5400000000002,move,improve
6409,7,915.0800000000002,7,892.5400000000002,2opt,notBad
6410,7,915.0800000000002,7,892.5400000000002,swap,notBad
6411,7,915.0800000000002,7,892.5400000000002,swap,notBad
6412,7,915.0800000000002,7,892.5400000000002,move,improve
6413,7,915.0800000000002,7,892.5400000000002,2opt,improve
6414,7,915.0800000000002,7,892.5400000000002,2opt,notBad
6415,7,915.0800000000002,7,892.5400000000002,move,improve
6416,7,915.0800000000002,7,892.5400000000002,move,improve
6417,7,915.0800000000002,7,892.5400000000002,swap,notBad
6418,7,915.0800000000002,7,892.5400000000002,2opt,improve
6419,7,915.0800000000002,7,892.5400000000002,swap,notBad
6420,7,915.0800000000002,7,892.5400000000002,2opt,notBad
6421,7,915.0800000000002,7,892.5400000000002,move,improve
6422,7,915.0800000000002,7,892.5400000000002,swap,notBad
6423,7,915.0800000000002,7,892.5400000000002,2opt,improve
6424,7,915.0800000000002,7,892.5400000000002,swap,notBad
6425,7,915.0800000000002,7,892.5400000000002,2opt,notBad
6426,7,915.0800000000002,7,892.5400000000002,2opt,improve
6427,7,915.0800000000002,7,892.5400000000002,2opt,notBad
6428,7,915.0800000000002,7,892.5400000000002,swap,notBad
6429,7,915.0800000000002,7,892.5400000000002,2opt,notBad
6430,7,915.0800000000002,7,892.5400000000002,move,improve
6431,7,915.0800000000002,7,892.5400000000002,swap,notBad
6432,7,915.0800000000002,7,892.5400000000002,move,improve
6433,7,915.0800000000002,7,892.5400000000002,swap,notBad
6434,7,915.0800000000002,7,892.5400000000002,move,improve
6435,7,915.0800000000002,7,892.5400000000002,2opt,notBad
6436,7,915.0800000000002,7,892.5400000000002,move,improve
6437,7,915.0800000000002,7,892.5400000000002,swap,notBad
6438,7,915.0800000000002,7,892.5400000000002,2opt,notBad
6439,7,915.0800000000002,7,892.5400000000002,move,improve
6440,7,915.0800000000002,7,892.5400000000002,swap,notBad
6441,7,915.0800000000002,7,892.5400000000002,move,improve
6442,7,915.0800000000002,7,892.5400000000002,2opt,notBad
6443,7,915.0800000000002,7,892.5400000000002,swap,notBad
6444,7,915.0800000000002,7,892.5400000000002,swap,notBad
6445,7,915.0800000000002,7,892.5400000000002,swap,notBad
6446,7,915.0800000000002,7,892.5400000000002,swap,notBad
6447,7,915.0800000000002,7,892.5400000000002,move,improve
6448,7,915.0800000000002,7,892.5400000000002,2opt,notBad
6449,7,915.0800000000002,7,892.5400000000002,move,improve
6450,7,915.0800000000002,7,892.5400000000002,2opt,notBad
6451,7,915.0800000000002,7,892.5400000000002,2opt,notBad
6452,7,915.0800000000002,7,892.5400000000002,swap,notBad
6453,7,915.0800000000002,7,892.5400000000002,swap,notBad
6454,7,915.0800000000002,7,892.5400000000002,move,improve
6455,7,915.0800000000002,7,892.5400000000002,2opt,notBad
6456,7,915.0800000000002,7,892.5400000000002,swap,notBad
6457,7,915.0800000000002,7,892.5400000000002,2opt,notBad
6458,7,915.0800000000002,7,892.5400000000002,move,improve
6459,7,915.0800000000002,7,892.5400000000002,move,improve
6460,7,915.0800000000002,7,892.5400000000002,move,improve
6461,7,915.0800000000002,7,892.5400000000002,move,improve
6462,7,915.0800000000002,7,892.5400000000002,2opt,notBad
6463,7,915.0800000000002,7,892.5400000000002,move,improve
6464,7,915.0800000000002,7,892.5400000000002,swap,notBad
6465,7,915.0800000000002,7,892.5400000000002,move,improve
6466,7,915.0800000000002,7,892.5400000000002,move,improve
6467,7,915.0800000000002,7,892.5400000000002,move,improve
6468,7,915.0800000000002,7,892.5400000000002,2opt,notBad
6469,7,915.0800000000002,7,892.5400000000002,2opt,notBad
6470,7,915.0800000000002,7,892.5400000000002,swap,notBad
6471,7,915.0800000000002,7,892.5400000000002,2opt,notBad
6472,7,915.0800000000002,7,892.5400000000002,move,improve
6473,7,915.0800000000002,7,892.5400000000002,swap,notBad
6474,7,915.0800000000002,7,892.5400000000002,move,improve
6475,7,915.0800000000002,7,892.5400000000002,swap,notBad
6476,7,915.0800000000002,7,892.5400000000002,2opt,improve
6477,7,915.0800000000002,7,892.5400000000002,2opt,notBad
6478,7,915.0800000000002,7,892.5400000000002,swap,notBad
6479,7,915.0800000000002,7,892.5400000000002,move,improve
6480,7,915.0800000000002,7,892.5400000000002,2opt,notBad
6481,7,915.0800000000002,7,892.5400000000002,move,improve
6482,7,915.0800000000002,7,892.5400000000002,move,improve
6483,7,915.0800000000002,7,892.5400000000002,move,improve
6484,7,915.0800000000002,7,892.5400000000002,swap,notBad
6485,7,915.0800000000002,7,892.5400000000002,move,improve
6486,7,915.0800000000002,7,892.5400000000002,swap,notBad
6487,7,915.0800000000002,7,892.5400000000002,swap,notBad
6488,7,915.0800000000002,7,892.5400000000002,move,improve
6489,7,915.0800000000002,7,892.5400000000002,2opt,notBad
6490,7,915.0800000000002,7,892.5400000000002,swap,notBad
6491,7,915.0800000000002,7,892.5400000000002,2opt,improve
6492,7,915.0800000000002,7,892.5400000000002,2opt,notBad
6493,7,915.0800000000002,7,892.5400000000002,2opt,notBad
6494,7,915.0800000000002,7,892.5400000000002,2opt,notBad
6495,7,915.0800000000002,7,892.5400000000002,2opt,notBad
6496,7,915.0800000000002,7,892.5400000000002,2opt,notBad
6497,7,915.0800000000002,7,892.5400000000002,swap,notBad
6498,7,907.8700000000001,7,892.5400000000002,swap,improve
6499,7,907.8700000000001,7,892.5400000000002,2opt,improve
6500,7,907.8700000000001,7,892.5400000000002,move,improve
6501,7,907.8700000000001,7,892.5400000000002,move,improve
6502,7,907.8700000000001,7,892.5400000000002,move,improve
6503,7,907.8700000000001,7,892.5400000000002,move,improve
6504,7,907.8700000000001,7,892.5400000000002,move,improve
6505,7,907.8700000000001,7,892.5400000000002,swap,notBad
6506,7,907.8700000000001,7,892.5400000000002,swap,notBad
6507,7,907.8700000000001,7,892.5400000000002,swap,notBad
6508,7,907.8700000000001,7,892.5400000000002,move,improve
6509,7,907.8700000000001,7,892.5400000000002,2opt,improve
6510,7,907.8700000000001,7,892.5400000000002,move,improve
6511,7,907.8700000000001,7,892.5400000000002,swap,notBad
6512,7,907.8700000000001,7,892.5400000000002,move,improve
6513,7,907.8700000000001,7,892.5400000000002,2opt,notBad
6514,7,907.8700000000001,7,892.5400000000002,swap,notBad
6515,7,907.8700000000001,7,892.5400000000002,2opt,notBad
6516,7,907.8700000000001,7,892.5400000000002,2opt,notBad
6517,7,907.8700000000001,7,892.5400000000002,swap,notBad
6518,7,907.8700000000001,7,892.5400000000002,move,improve
6519,7,907.8700000000001,7,892.5400000000002,swap,notBad
6520,7,907.8700000000001,7,892.5400000000002,swap,notBad
6521,7,907.8700000000001,7,892.5400000000002,move,improve
6522,7,907.8700000000001,7,892.5400000000002,swap,notBad
6523,7,907.8700000000001,7,892.5400000000002,move,improve
6524,7,907.8700000000001,7,892.5400000000002,2opt,notBad
6525,7,907.8700000000001,7,892.5400000000002,swap,notBad
6526,7,907.8700000000001,7,892.5400000000002,move,improve
6527,7,909.0600000000001,7,892.5400000000002,2opt,acceptBad
6528,7,909.0600000000001,7,892.5400000000002,2opt,notBad
6529,7,909.0600000000001,7,892.5400000000002,move,improve
6530,7,909.0600000000001,7,892.5400000000002,swap,notBad
6531,7,909.0600000000001,7,892.5400000000002,2opt,notBad
6532,7,909.0600000000001,7,892.5400000000002,swap,notBad
6533,7,909.0600000000001,7,892.5400000000002,2opt,notBad
6534,7,909.0600000000001,7,892.5400000000002,move,improve
6535,7,909.0600000000001,7,892.5400000000002,2opt,notBad
6536,7,909.0600000000001,7,892.5400000000002,2opt,notBad
6537,7,909.0600000000001,7,892.5400000000002,swap,notBad
6538,7,909.0600000000001,7,892.5400000000002,2opt,notBad
6539,7,909.0600000000001,7,892.5400000000002,2opt,notBad
6540,7,909.0600000000001,7,892.5400000000002,move,improve
6541,7,909.0600000000001,7,892.5400000000002,2opt,improve
6542,7,909.0600000000001,7,892.5400000000002,move,improve
6543,7,909.0600000000001,7,892.5400000000002,2opt,improve
6544,7,909.0600000000001,7,892.5400000000002,swap,notBad
6545,7,909.0600000000001,7,892.5400000000002,move,improve
6546,7,909.0600000000001,7,892.5400000000002,move,improve
6547,7,909.0600000000001,7,892.5400000000002,2opt,notBad
6548,7,909.0600000000001,7,892.5400000000002,swap,notBad
6549,7,909.0600000000001,7,892.5400000000002,2opt,notBad
6550,7,909.0600000000001,7,892.5400000000002,swap,notBad
6551,7,909.0600000000001,7,892.5400000000002,swap,notBad
6552,7,909.0600000000001,7,892.5400000000002,move,improve
6553,7,909.0600000000001,7,892.5400000000002,2opt,notBad
6554,7,909.0600000000001,7,892.5400000000002,2opt,notBad
6555,7,909.0600000000001,7,892.5400000000002,move,improve
6556,7,909.0600000000001,7,892.5400000000002,2opt,notBad
6557,7,909.0600000000001,7,892.5400000000002,2opt,notBad
6558,7,909.0600000000001,7,892.5400000000002,2opt,notBad
6559,7,909.0600000000001,7,892.5400000000002,2opt,notBad
6560,7,909.0600000000001,7,892.5400000000002,swap,notBad
6561,7,909.0600000000001,7,892.5400000000002,swap,notBad
6562,7,909.0600000000001,7,892.5400000000002,2opt,notBad
6563,7,909.0600000000001,7,892.5400000000002,swap,notBad
6564,7,909.0600000000001,7,892.5400000000002,move,improve
6565,7,909.0600000000001,7,892.5400000000002,move,improve
6566,7,909.0600000000001,7,892.5400000000002,swap,notBad
6567,7,909.0600000000001,7,892.5400000000002,2opt,notBad
6568,7,909.0600000000001,7,892.5400000000002,2opt,notBad
6569,7,909.0600000000001,7,892.5400000000002,2opt,notBad
6570,7,909.0600000000001,7,892.5400000000002,2opt,notBad
6571,7,909.0600000000001,7,892.5400000000002,move,improve
6572,7,909.0600000000001,7,892.5400000000002,swap,notBad
6573,7,909.0600000000001,7,892.5400000000002,2opt,notBad
6574,7,909.0600000000001,7,892.5400000000002,move,improve
6575,7,909.0600000000001,7,892.5400000000002,swap,notBad
6576,7,909.0600000000001,7,892.5400000000002,move,improve
6577,7,909.0600000000001,7,892.5400000000002,2opt,notBad
6578,7,909.0600000000001,7,892.5400000000002,move,improve
6579,7,909.0600000000001,7,892.5400000000002,swap,notBad
6580,7,909.0600000000001,7,892.5400000000002,swap,notBad
6581,7,892.96,7,892.5400000000002,move,improve
6582,7,892.96,7,892.5400000000002,move,improve
6583,7,892.96,7,892.5400000000002,2opt,notBad
6584,7,892.96,7,892.5400000000002,2opt,notBad
6585,7,892.96,7,892.5400000000002,move,improve
6586,7,892.96,7,892.5400000000002,move,improve
6587,7,891.7700000000002,7,891.7700000000002,move,newBest
6588,7,891.7700000000002,7,891.7700000000002,swap,notBad
6589,7,891.7700000000002,7,891.7700000000002,swap,notBad
6590,7,891.7700000000002,7,891.7700000000002,swap,notBad
6591,7,891.7700000000002,7,891.7700000000002,2opt,notBad
6592,7,891.7700000000002,7,891.7700000000002,move,improve
6593,7,891.7700000000002,7,891.7700000000002,2opt,notBad
6594,7,891.7700000000002,7,891.7700000000002,2opt,notBad
6595,7,891.7700000000002,7,891.7700000000002,swap,notBad
6596,7,891.7700000000002,7,891.7700000000002,move,improve
6597,7,891.7700000000002,7,891.7700000000002,2opt,notBad
6598,7,891.7700000000002,7,891.7700000000002,swap,notBad
6599,7,891.7700000000002,7,891.7700000000002,2opt,notBad
6600,7,891.7700000000002,7,891.7700000000002,move,improve
6601,7,891.7700000000002,7,891.7700000000002,2opt,improve
6602,7,891.7700000000002,7,891.7700000000002,move,improve
6603,7,891.7700000000002,7,891.7700000000002,2opt,notBad
6604,7,891.7700000000002,7,891.7700000000002,move,improve
6605,7,891.7700000000002,7,891.7700000000002,move,improve
6606,7,891.7700000000002,7,891.7700000000002,2opt,notBad
6607,7,891.7700000000002,7,891.7700000000002,swap,notBad
6608,7,891.7700000000002,7,891.7700000000002,move,improve
6609,7,891.7700000000002,7,891.7700000000002,move,improve
6610,7,891.7700000000002,7,891.7700000000002,swap,notBad
6611,7,891.7700000000002,7,891.7700000000002,move,improve
6612,7,891.7700000000002,7,891.7700000000002,move,improve
6613,7,891.7700000000002,7,891.7700000000002,move,improve
6614,7,891.7700000000002,7,891.7700000000002,move,improve
6615,7,891.7700000000002,7,891.7700000000002,swap,notBad
6616,7,891.7700000000002,7,891.7700000000002,swap,notBad
6617,7,891.7700000000002,7,891.7700000000002,swap,notBad
6618,7,891.7700000000002,7,891.7700000000002,2opt,notBad
6619,7,891.7700000000002,7,891.7700000000002,2opt,notBad
6620,7,891.7700000000002,7,891.7700000000002,swap,notBad
6621,7,891.7700000000002,7,891.7700000000002,2opt,notBad
6622,7,891.7700000000002,7,891.7700000000002,swap,notBad
6623,7,891.7700000000002,7,891.7700000000002,2opt,notBad
6624,7,891.7700000000002,7,891.7700000000002,2opt,notBad
6625,7,891.7700000000002,7,891.7700000000002,move,improve
6626,7,891.7700000000002,7,891.7700000000002,2opt,notBad
6627,7,891.7700000000002,7,891.7700000000002,move,improve
6628,7,891.7700000000002,7,891.7700000000002,2opt,notBad
6629,7,891.7700000000002,7,891.7700000000002,2opt,notBad
6630,7,891.7700000000002,7,891.7700000000002,move,improve
6631,7,891.7700000000002,7,891.7700000000002,2opt,notBad
6632,7,891.7700000000002,7,891.7700000000002,move,improve
6633,7,891.7700000000002,7,891.7700000000002,2opt,improve
6634,7,891.7700000000002,7,891.7700000000002,move,improve
6635,7,891.7700000000002,7,891.7700000000002,swap,notBad
6636,7,891.7700000000002,7,891.7700000000002,move,improve
6637,7,891.7700000000002,7,891.7700000000002,2opt,notBad
6638,7,891.7700000000002,7,891.7700000000002,2opt,notBad
6639,7,891.7700000000002,7,891.7700000000002,move,improve
6640,7,891.7700000000002,7,891.7700000000002,swap,notBad
6641,7,891.7700000000002,7,891.7700000000002,move,improve
6642,7,891.7700000000002,7,891.7700000000002,swap,notBad
6643,7,891.7700000000002,7,891.7700000000002,swap,notBad
6644,7,891.7700000000002,7,891.7700000000002,move,improve
6645,7,891.7700000000002,7,891.7700000000002,2opt,notBad
6646,7,891.7700000000002,7,891.7700000000002,swap,notBad
6647,7,891.7700000000002,7,891.7700000000002,2opt,notBad
6648,7,891.7700000000002,7,891.7700000000002,move,improve
6649,7,891.7700000000002,7,891.7700000000002,2opt,notBad
6650,7,891.7700000000002,7,891.7700000000002,move,improve
6651,7,891.7700000000002,7,891.7700000000002,swap,notBad
6652,7,891.7700000000002,7,891.7700000000002,move,improve
6653,7,891.7700000000002,7,891.7700000000002,2opt,notBad
6654,7,891.7700000000002,7,891.7700000000002,2opt,notBad
6655,7,891.7700000000002,7,891.7700000000002,swap,notBad
6656,7,891.7700000000002,7,891.7700000000002,move,improve
6657,7,891.7700000000002,7,891.7700000000002,2opt,notBad
6658,7,891.7700000000002,7,891.7700000000002,2opt,notBad
6659,7,891.7700000000002,7,891.7700000000002,swap,notBad
6660,7,891.7700000000002,7,891.7700000000002,swap,notBad
6661,7,891.7700000000002,7,891.7700000000002,swap,notBad
6662,7,891.7700000000002,7,891.7700000000002,swap,notBad
6663,7,891.7700000000002,7,891.7700000000002,2opt,notBad
6664,7,891.7700000000002,7,891.7700000000002,move,improve
6665,7,891.7700000000002,7,891.7700000000002,2opt,notBad
6666,7,891.7700000000002,7,891.7700000000002,move,improve
6667,7,891.7700000000002,7,891.7700000000002,2opt,notBad
6668,7,891.7700000000002,7,891.7700000000002,2opt,notBad
6669,7,891.7700000000002,7,891.7700000000002,move,improve
6670,7,891.7700000000002,7,891.7700000000002,2opt,notBad
6671,7,891.7700000000002,7,891.7700000000002,move,improve
6672,7,891.7700000000002,7,891.7700000000002,move,improve
6673,7,891.7700000000002,7,891.7700000000002,move,improve
6674,7,891.7700000000002,7,891.7700000000002,2opt,notBad
6675,7,891.7700000000002,7,891.7700000000002,swap,notBad
6676,7,891.7700000000002,7,891.7700000000002,move,improve
6677,7,891.7700000000002,7,891.7700000000002,2opt,notBad
6678,7,891.7700000000002,7,891.7700000000002,move,improve
6679,7,891.7700000000002,7,891.7700000000002,move,improve
6680,7,891.7700000000002,7,891.7700000000002,2opt,notBad
6681,7,891.7700000000002,7,891.7700000000002,move,improve
6682,7,891.7700000000002,7,891.7700000000002,move,improve
6683,7,891.7700000000002,7,891.7700000000002,swap,notBad
6684,7,891.7700000000002,7,891.7700000000002,swap,notBad
6685,7,891.7700000000002,7,891.7700000000002,2opt,notBad
6686,7,891.7700000000002,7,891.7700000000002,2opt,notBad
6687,7,891.7700000000002,7,891.7700000000002,2opt,notBad
6688,7,891.7700000000002,7,891.7700000000002,swap,notBad
6689,7,891.7700000000002,7,891.7700000000002,move,improve
6690,7,891.7700000000002,7,891.7700000000002,2opt,notBad
6691,7,891.7700000000002,7,891.7700000000002,move,improve
6692,7,891.7700000000002,7,891.7700000000002,move,improve
6693,7,891.7700000000002,7,891.7700000000002,move,improve
6694,7,891.7700000000002,7,891.7700000000002,swap,notBad
6695,7,891.7700000000002,7,891.7700000000002,2opt,notBad
6696,7,891.7700000000002,7,891.7700000000002,swap,notBad
6697,7,891.7700000000002,7,891.7700000000002,move,improve
6698,7,891.7700000000002,7,891.7700000000002,2opt,notBad
6699,7,891.7700000000002,7,891.7700000000002,move,improve
6700,7,891.7700000000002,7,891.7700000000002,move,improve
6701,7,891.7700000000002,7,891.7700000000002,swap,notBad
6702,7,891.7700000000002,7,891.7700000000002,swap,notBad
6703,7,891.7700000000002,7,891.7700000000002,2opt,notBad
6704,7,891.7700000000002,7,891.7700000000002,2opt,improve
6705,7,891.7700000000002,7,891.7700000000002,swap,notBad
6706,7,891.7700000000002,7,891.7700000000002,2opt,notBad
6707,7,891.7700000000002,7,891.7700000000002,swap,notBad
6708,7,891.7700000000002,7,891.7700000000002,move,improve
6709,7,891.7700000000002,7,891.7700000000002,move,improve
6710,7,891.7700000000002,7,891.7700000000002,2opt,notBad
6711,7,891.7700000000002,7,891.7700000000002,move,improve
6712,7,891.7700000000002,7,891.7700000000002,2opt,improve
6713,7,891.7700000000002,7,891.7700000000002,move,improve
6714,7,891.7700000000002,7,891.7700000000002,swap,notBad
6715,7,891.7700000000002,7,891.7700000000002,move,improve
6716,7,891.7700000000002,7,891.7700000000002,swap,notBad
6717,7,891.7700000000002,7,891.7700000000002,move,improve
6718,7,891.7700000000002,7,891.7700000000002,2opt,notBad
6719,7,891.7700000000002,7,891.7700000000002,2opt,notBad
6720,7,891.7700000000002,7,891.7700000000002,swap,notBad
6721,7,891.7700000000002,7,891.7700000000002,move,improve
6722,7,891.7700000000002,7,891.7700000000002,swap,notBad
6723,7,891.7700000000002,7,891.7700000000002,move,notBad
6724,7,891.7700000000002,7,891.7700000000002,2opt,improve
6725,7,891.7700000000002,7,891.7700000000002,swap,notBad
6726,7,891.7700000000002,7,891.7700000000002,swap,notBad
6727,7,891.7700000000002,7,891.7700000000002,move,improve
6728,7,891.7700000000002,7,891.7700000000002,swap,notBad
6729,7,891.7700000000002,7,891.7700000000002,2opt,notBad
6730,7,891.7700000000002,7,891.7700000000002,swap,notBad
6731,7,891.7700000000002,7,891.7700000000002,swap,notBad
6732,7,891.7700000000002,7,891.7700000000002,swap,notBad
6733,7,891.7700000000002,7,891.7700000000002,move,improve
6734,7,891.7700000000002,7,891.7700000000002,2opt,improve
6735,7,891.7700000000002,7,891.7700000000002,move,improve
6736,7,891.7700000000002,7,891.7700000000002,move,improve
6737,7,891.7700000000002,7,891.7700000000002,2opt,notBad
6738,7,891.7700000000002,7,891.7700000000002,2opt,notBad
6739,7,891.7700000000002,7,891.7700000000002,swap,notBad
6740,7,891.7700000000002,7,891.7700000000002,move,improve
6741,7,891.7700000000002,7,891.7700000000002,move,improve
6742,7,891.7700000000002,7,891.7700000000002,2opt,notBad
6743,7,891.7700000000002,7,891.7700000000002,swap,notBad
6744,7,891.7700000000002,7,891.7700000000002,swap,notBad
6745,7,891.7700000000002,7,891.7700000000002,move,improve
6746,7,891.7700000000002,7,891.7700000000002,2opt,notBad
6747,7,891.7700000000002,7,891.7700000000002,2opt,notBad
6748,7,891.7700000000002,7,891.7700000000002,2opt,notBad
6749,7,891.7700000000002,7,891.7700000000002,swap,notBad
6750,7,891.7700000000002,7,891.7700000000002,2opt,notBad
6751,7,891.7700000000002,7,891.7700000000002,move,improve
6752,7,891.7700000000002,7,891.7700000000002,2opt,notBad
6753,7,891.7700000000002,7,891.7700000000002,swap,notBad
6754,7,891.7700000000002,7,891.7700000000002,2opt,improve
6755,7,891.7700000000002,7,891.7700000000002,move,improve
6756,7,891.7700000000002,7,891.7700000000002,move,improve
6757,7,891.7700000000002,7,891.7700000000002,2opt,notBad
6758,7,891.7700000000002,7,891.7700000000002,2opt,notBad
6759,7,891.7700000000002,7,891.7700000000002,swap,notBad
6760,7,891.7700000000002,7,891.7700000000002,2opt,notBad
6761,7,891.7700000000002,7,891.7700000000002,2opt,notBad
6762,7,891.7700000000002,7,891.7700000000002,swap,notBad
6763,7,891.7700000000002,7,891.7700000000002,move,improve
6764,7,891.7700000000002,7,891.7700000000002,move,improve
6765,7,891.7700000000002,7,891.7700000000002,swap,notBad
6766,7,891.7700000000002,7,891.7700000000002,move,improve
6767,7,891.7700000000002,7,891.7700000000002,2opt,improve
6768,7,891.7700000000002,7,891.7700000000002,move,improve
6769,7,891.7700000000002,7,891.7700000000002,2opt,notBad
6770,7,891.7700000000002,7,891.7700000000002,swap,notBad
6771,7,891.7700000000002,7,891.7700000000002,2opt,notBad
6772,7,891.7700000000002,7,891.7700000000002,swap,notBad
6773,7,891.7700000000002,7,891.7700000000002,move,improve
6774,7,891.7700000000002,7,891.7700000000002,swap,notBad
6775,7,891.7700000000002,7,891.7700000000002,2opt,notBad
6776,7,891.7700000000002,7,891.7700000000002,swap,notBad
6777,7,891.7700000000002,7,891.7700000000002,swap,notBad
6778,7,891.7700000000002,7,891.7700000000002,move,improve
6779,7,891.7700000000002,7,891.7700000000002,swap,notBad
6780,7,891.7700000000002,7,891.7700000000002,2opt,notBad
6781,7,891.7700000000002,7,891.7700000000002,2opt,notBad
6782,7,891.7700000000002,7,891.7700000000002,move,improve
6783,7,891.7700000000002,7,891.7700000000002,move,improve
6784,7,891.7700000000002,7,891.7700000000002,2opt,notBad
6785,7,891.7700000000002,7,891.7700000000002,swap,notBad
6786,7,891.7700000000002,7,891.7700000000002,swap,notBad
6787,7,891.7700000000002,7,891.7700000000002,move,improve
6788,7,891.7700000000002,7,891.7700000000002,swap,notBad
6789,7,891.7700000000002,7,891.7700000000002,2opt,notBad
6790,7,891.7700000000002,7,891.7700000000002,move,improve
6791,7,891.7700000000002,7,891.7700000000002,move,improve
6792,7,891.7700000000002,7,891.7700000000002,move,improve
6793,7,891.7700000000002,7,891.7700000000002,2opt,notBad
6794,7,891.7700000000002,7,891.7700000000002,swap,notBad
6795,7,891.7700000000002,7,891.7700000000002,move,improve
6796,7,891.7700000000002,7,891.7700000000002,swap,notBad
6797,7,891.7700000000002,7,891.7700000000002,move,improve
6798,7,891.7700000000002,7,891.7700000000002,swap,notBad
6799,7,891.7700000000002,7,891.7700000000002,swap,notBad
6800,7,891.7700000000002,7,891.7700000000002,swap,notBad
6801,7,891.7700000000002,7,891.7700000000002,move,improve
6802,7,891.7700000000002,7,891.7700000000002,2opt,notBad
6803,7,891.7700000000002,7,891.7700000000002,swap,notBad
6804,7,891.7700000000002,7,891.7700000000002,2opt,notBad
6805,7,891.7700000000002,7,891.7700000000002,move,improve
6806,7,891.7700000000002,7,891.7700000000002,move,improve
6807,7,891.7700000000002,7,891.7700000000002,move,improve
6808,7,891.7700000000002,7,891.7700000000002,swap,notBad
6809,7,891.7700000000002,7,891.7700000000002,move,improve
6810,7,891.7700000000002,7,891.7700000000002,move,improve
6811,7,891.7700000000002,7,891.7700000000002,swap,notBad
6812,7,891.7700000000002,7,891.7700000000002,move,improve
6813,7,891.7700000000002,7,891.7700000000002,swap,notBad
6814,7,891.7700000000002,7,891.7700000000002,2opt,notBad
6815,7,891.7700000000002,7,891.7700000000002,swap,notBad
6816,7,891.7700000000002,7,891.7700000000002,2opt,notBad
6817,7,891.7700000000002,7,891.7700000000002,move,improve
6818,7,891.7700000000002,7,891.7700000000002,2opt,notBad
6819,7,891.7700000000002,7,891.7700000000002,2opt,improve
6820,7,891.7700000000002,7,891.7700000000002,swap,notBad
6821,7,891.7700000000002,7,891.7700000000002,2opt,notBad
6822,7,891.7700000000002,7,891.7700000000002,move,improve
6823,7,891.7700000000002,7,891.7700000000002,move,improve
6824,7,891.7700000000002,7,891.7700000000002,move,improve
6825,7,891.7700000000002,7,891.7700000000002,2opt,notBad
6826,7,891.7700000000002,7,891.7700000000002,2opt,notBad
6827,7,891.7700000000002,7,891.7700000000002,2opt,notBad
6828,7,891.7700000000002,7,891.7700000000002,move,improve
6829,7,891.7700000000002,7,891.7700000000002,move,improve
6830,7,891.7700000000002,7,891.7700000000002,2opt,notBad
6831,7,891.7700000000002,7,891.7700000000002,2opt,notBad
6832,7,891.7700000000002,7,891.7700000000002,move,improve
6833,7,891.7700000000002,7,891.7700000000002,swap,notBad
6834,7,891.7700000000002,7,891.7700000000002,move,notBad
6835,7,891.7700000000002,7,891.7700000000002,move,improve
6836,7,891.7700000000002,7,891.7700000000002,move,improve
6837,7,891.7700000000002,7,891.7700000000002,2opt,notBad
6838,7,891.7700000000002,7,891.7700000000002,2opt,notBad
6839,7,891.7700000000002,7,891.7700000000002,swap,notBad
6840,7,891.7700000000002,7,891.7700000000002,2opt,notBad
6841,7,891.7700000000002,7,891.7700000000002,swap,notBad
6842,7,891.7700000000002,7,891.7700000000002,2opt,notBad
6843,7,891.7700000000002,7,891.7700000000002,swap,notBad
6844,7,891.7700000000002,7,891.7700000000002,swap,notBad
6845,7,891.7700000000002,7,891.7700000000002,2opt,notBad
6846,7,891.7700000000002,7,891.7700000000002,2opt,notBad
6847,7,891.7700000000002,7,891.7700000000002,2opt,notBad
6848,7,891.7700000000002,7,891.7700000000002,swap,notBad
6849,7,891.7700000000002,7,891.7700000000002,move,improve
6850,7,891.7700000000002,7,891.7700000000002,2opt,notBad
6851,7,891.7700000000002,7,891.7700000000002,move,improve
6852,7,891.7700000000002,7,891.7700000000002,move,improve
6853,7,891.7700000000002,7,891.7700000000002,move,improve
6854,7,891.7700000000002,7,891.7700000000002,swap,notBad
6855,7,891.7700000000002,7,891.7700000000002,move,improve
6856,7,891.7700000000002,7,891.7700000000002,swap,notBad
6857,7,891.7700000000002,7,891.7700000000002,move,improve
6858,7,891.7700000000002,7,891.7700000000002,swap,notBad
6859,7,891.7700000000002,7,891.7700000000002,move,improve
6860,7,891.7700000000002,7,891.7700000000002,2opt,notBad
6861,7,891.7700000000002,7,891.7700000000002,move,improve
6862,7,891.7700000000002,7,891.7700000000002,swap,notBad
6863,7,891.7700000000002,7,891.7700000000002,swap,notBad
6864,7,891.7700000000002,7,891.7700000000002,swap,notBad
6865,7,891.7700000000002,7,891.7700000000002,swap,notBad
6866,7,891.7700000000002,7,891.7700000000002,move,improve
6867,7,891.7700000000002,7,891.7700000000002,swap,notBad
6868,7,891.7700000000002,7,891.7700000000002,swap,notBad
6869,7,891.7700000000002,7,891.7700000000002,2opt,notBad
6870,7,891.7700000000002,7,891.7700000000002,move,improve
6871,7,891.7700000000002,7,891.7700000000002,move,improve
6872,7,891.7700000000002,7,891.7700000000002,move,improve
6873,7,891.7700000000002,7,891.7700000000002,swap,notBad
6874,7,891.7700000000002,7,891.7700000000002,2opt,notBad
6875,7,891.7700000000002,7,891.7700000000002,swap,notBad
6876,7,891.7700000000002,7,891.7700000000002,move,improve
6877,7,891.7700000000002,7,891.7700000000002,swap,notBad
6878,7,891.7700000000002,7,891.7700000000002,swap,notBad
6879,7,891.7700000000002,7,891.7700000000002,move,improve
6880,7,891.7700000000002,7,891.7700000000002,2opt,notBad
6881,7,891.7700000000002,7,891.7700000000002,swap,notBad
6882,7,891.7700000000002,7,891.7700000000002,2opt,notBad
6883,7,891.7700000000002,7,891.7700000000002,move,improve
6884,7,891.7700000000002,7,891.7700000000002,2opt,notBad
6885,7,891.7700000000002,7,891.7700000000002,swap,notBad
6886,7,891.7700000000002,7,891.7700000000002,swap,notBad
6887,7,891.7700000000002,7,891.7700000000002,2opt,notBad
6888,7,891.7700000000002,7,891.7700000000002,2opt,improve
6889,7,891.7700000000002,7,891.7700000000002,swap,notBad
6890,7,891.7700000000002,7,891.7700000000002,2opt,improve
6891,7,891.7700000000002,7,891.7700000000002,2opt,notBad
6892,7,891.7700000000002,7,891.7700000000002,swap,notBad
6893,7,891.7700000000002,7,891.7700000000002,2opt,notBad
6894,7,891.7700000000002,7,891.7700000000002,2opt,notBad
6895,7,891.7700000000002,7,891.7700000000002,2opt,notBad
6896,7,893.24,7,891.7700000000002,swap,acceptBad
6897,7,893.24,7,891.7700000000002,2opt,notBad
6898,7,893.24,7,891.7700000000002,swap,notBad
6899,7,893.24,7,891.7700000000002,swap,notBad
6900,7,893.24,7,891.7700000000002,swap,notBad
6901,7,893.24,7,891.7700000000002,2opt,notBad
6902,7,893.24,7,891.7700000000002,move,improve
6903,7,893.24,7,891.7700000000002,swap,notBad
6904,7,893.24,7,891.7700000000002,swap,notBad
6905,7,893.24,7,891.7700000000002,move,improve
6906,7,893.24,7,891.7700000000002,move,improve
6907,7,893.24,7,891.7700000000002,2opt,notBad
6908,7,893.24,7,891.7700000000002,swap,notBad
6909,7,893.24,7,891.7700000000002,swap,notBad
6910,7,893.24,7,891.7700000000002,2opt,notBad
6911,7,893.24,7,891.7700000000002,move,notBad
6912,7,893.24,7,891.7700000000002,move,improve
6913,7,893.24,7,891.7700000000002,move,improve
6914,7,893.24,7,891.7700000000002,move,improve
6915,7,893.24,7,891.7700000000002,move,improve
6916,7,893.24,7,891.7700000000002,2opt,notBad
6917,7,893.24,7,891.7700000000002,2opt,notBad
6918,7,893.24,7,891.7700000000002,swap,notBad
6919,7,893.24,7,891.7700000000002,move,improve
6920,7,893.24,7,891.7700000000002,move,improve
6921,7,893.24,7,891.7700000000002,swap,notBad
6922,7,893.24,7,891.7700000000002,swap,notBad
6923,7,893.24,7,891.7700000000002,swap,notBad
6924,7,893.24,7,891.7700000000002,2opt,notBad
6925,7,893.24,7,891.7700000000002,swap,notBad
6926,7,893.24,7,891.7700000000002,2opt,notBad
6927,7,893.24,7,891.7700000000002,2opt,improve
6928,7,893.24,7,891.7700000000002,move,improve
6929,7,893.24,7,891.7700000000002,swap,notBad
6930,7,893.24,7,891.7700000000002,2opt,notBad
6931,7,893.24,7,891.7700000000002,swap,notBad
6932,7,893.24,7,891.7700000000002,move,improve
6933,7,893.24,7,891.7700000000002,2opt,notBad
6934,7,893.24,7,891.7700000000002,2opt,notBad
6935,7,893.24,7,891.7700000000002,swap,notBad
6936,7,893.24,7,891.7700000000002,2opt,notBad
6937,7,893.24,7,891.7700000000002,swap,notBad
6938,7,893.24,7,891.7700000000002,2opt,notBad
6939,7,893.24,7,891.7700000000002,2opt,notBad
6940,7,893.24,7,891.7700000000002,swap,notBad
6941,7,893.24,7,891.7700000000002,2opt,improve
6942,7,893.24,7,891.7700000000002,2opt,notBad
6943,7,893.24,7,891.7700000000002,2opt,notBad
6944,7,893.24,7,891.7700000000002,move,improve
6945,7,893.24,7,891.7700000000002,swap,notBad
6946,7,893.24,7,891.7700000000002,2opt,notBad
6947,7,893.24,7,891.7700000000002,swap,notBad
6948,7,893.24,7,891.7700000000002,2opt,notBad
6949,7,893.24,7,891.7700000000002,move,improve
6950,7,893.24,7,891.7700000000002,move,improve
6951,7,893.24,7,891.7700000000002,move,improve
6952,7,893.24,7,891.7700000000002,swap,notBad
6953,7,893.24,7,891.7700000000002,move,improve
6954,7,893.24,7,891.7700000000002,move,improve
6955,7,893.24,7,891.7700000000002,move,improve
6956,7,893.24,7,891.7700000000002,swap,notBad
6957,7,893.24,7,891.7700000000002,swap,notBad
6958,7,893.24,7,891.7700000000002,2opt,notBad
6959,7,893.24,7,891.7700000000002,2opt,notBad
6960,7,893.24,7,891.7700000000002,move,improve
6961,7,893.24,7,891.7700000000002,2opt,notBad
6962,7,893.24,7,891.7700000000002,2opt,notBad
6963,7,893.24,7,891.7700000000002,2opt,notBad
6964,7,893.24,7,891.7700000000002,2opt,notBad
6965,7,893.24,7,891.7700000000002,swap,notBad
6966,7,893.24,7,891.7700000000002,2opt,notBad
6967,7,893.24,7,891.7700000000002,move,improve
6968,7,893.24,7,891.7700000000002,2opt,notBad
6969,7,893.24,7,891.7700000000002,swap,notBad
6970,7,893.24,7,891.7700000000002,move,improve
6971,7,893.24,7,891.7700000000002,move,improve
6972,7,893.24,7,891.7700000000002,swap,notBad
6973,7,893.24,7,891.7700000000002,swap,notBad
6974,7,893.24,7,891.7700000000002,2opt,notBad
6975,7,893.24,7,891.7700000000002,move,improve
6976,7,893.24,7,891.7700000000002,swap,notBad
6977,7,893.24,7,891.7700000000002,swap,notBad
6978,7,893.24,7,891.7700000000002,move,improve
6979,7,893.24,7,891.7700000000002,swap,notBad
6980,7,893.24,7,891.7700000000002,move,improve
6981,7,893.24,7,891.7700000000002,swap,notBad
6982,7,893.24,7,891.7700000000002,move,improve
6983,7,893.24,7,891.7700000000002,swap,notBad
6984,7,893.24,7,891.7700000000002,swap,notBad
6985,7,893.24,7,891.7700000000002,move,improve
6986,7,893.24,7,891.7700000000002,swap,notBad
6987,7,893.24,7,891.7700000000002,swap,notBad
6988,7,893.24,7,891.7700000000002,swap,notBad
6989,7,893.24,7,891.7700000000002,move,improve
6990,7,893.24,7,891.7700000000002,2opt,notBad
6991,7,893.24,7,891.7700000000002,move,improve
6992,7,893.24,7,891.7700000000002,swap,notBad
6993,7,893.24,7,891.7700000000002,swap,notBad
6994,7,893.24,7,891.7700000000002,move,improve
6995,7,893.24,7,891.7700000000002,2opt,notBad
6996,7,893.24,7,891.7700000000002,2opt,notBad
6997,7,893.24,7,891.7700000000002,2opt,notBad
6998,7,893.24,7,891.7700000000002,move,improve
6999,7,893.24,7,891.7700000000002,swap,notBad
7000,7,893.24,7,891.7700000000002,2opt,notBad
7001,7,893.24,7,891.7700000000002,move,improve
7002,7,893.24,7,891.7700000000002,2opt,improve
7003,7,893.24,7,891.7700000000002,swap,notBad
7004,7,893.24,7,891.7700000000002,swap,notBad
7005,7,893.24,7,891.7700000000002,2opt,notBad
7006,7,893.24,7,891.7700000000002,2opt,notBad
7007,7,893.24,7,891.7700000000002,move,improve
7008,7,893.24,7,891.7700000000002,swap,notBad
7009,7,893.24,7,891.7700000000002,swap,notBad
7010,7,893.24,7,891.7700000000002,move,improve
7011,7,893.24,7,891.7700000000002,move,improve
7012,7,893.24,7,891.7700000000002,move,improve
7013,7,893.24,7,891.7700000000002,move,improve
7014,7,893.24,7,891.7700000000002,swap,notBad
7015,7,893.24,7,891.7700000000002,swap,notBad
7016,7,893.24,7,891.7700000000002,2opt,improve
7017,7,893.24,7,891.7700000000002,2opt,notBad
7018,7,893.24,7,891.7700000000002,2opt,notBad
7019,7,893.24,7,891.7700000000002,swap,notBad
7020,7,893.24,7,891.7700000000002,swap,notBad
7021,7,893.24,7,891.7700000000002,move,improve
7022,7,893.24,7,891.7700000000002,move,improve
7023,7,893.24,7,891.7700000000002,swap,notBad
7024,7,893.24,7,891.7700000000002,move,improve
7025,7,893.24,7,891.7700000000002,move,improve
7026,7,893.24,7,891.7700000000002,move,improve
7027,7,893.24,7,891.7700000000002,2opt,notBad
7028,7,893.24,7,891.7700000000002,2opt,notBad
7029,7,893.24,7,891.7700000000002,move,improve
7030,7,893.24,7,891.7700000000002,2opt,notBad
7031,7,893.24,7,891.7700000000002,swap,notBad
7032,7,893.24,7,891.7700000000002,2opt,notBad
7033,7,893.24,7,891.7700000000002,move,improve
7034,7,893.24,7,891.7700000000002,move,improve
7035,7,893.24,7,891.7700000000002,move,improve
7036,7,893.24,7,891.7700000000002,2opt,notBad
7037,7,893.24,7,891.7700000000002,2opt,notBad
7038,7,893.24,7,891.7700000000002,2opt,notBad
7039,7,893.24,7,891.7700000000002,2opt,notBad
7040,7,893.24,7,891.7700000000002,move,improve
7041,7,893.24,7,891.7700000000002,2opt,notBad
7042,7,893.24,7,891.7700000000002,2opt,notBad
7043,7,893.24,7,891.7700000000002,swap,notBad
7044,7,893.24,7,891.7700000000002,move,improve
7045,7,893.24,7,891.7700000000002,move,improve
7046,7,893.24,7,891.7700000000002,2opt,notBad
7047,7,893.24,7,891.7700000000002,move,improve
7048,7,893.24,7,891.7700000000002,2opt,notBad
7049,7,893.24,7,891.7700000000002,swap,notBad
7050,7,893.24,7,891.7700000000002,swap,notBad
7051,7,893.24,7,891.7700000000002,move,improve
7052,7,893.24,7,891.7700000000002,move,improve
7053,7,893.24,7,891.7700000000002,2opt,improve
7054,7,893.24,7,891.7700000000002,2opt,notBad
7055,7,893.24,7,891.7700000000002,move,improve
7056,7,893.24,7,891.7700000000002,swap,notBad
7057,7,893.24,7,891.7700000000002,move,improve
7058,7,893.24,7,891.7700000000002,move,improve
7059,7,893.24,7,891.7700000000002,swap,notBad
7060,7,893.24,7,891.7700000000002,swap,notBad
7061,7,893.24,7,891.7700000000002,swap,notBad
7062,7,893.24,7,891.7700000000002,move,improve
7063,7,893.24,7,891.7700000000002,move,improve
7064,7,893.24,7,891.7700000000002,move,improve
7065,7,893.24,7,891.7700000000002,2opt,improve
7066,7,893.24,7,891.7700000000002,swap,notBad
7067,7,893.24,7,891.7700000000002,move,improve
7068,7,893.24,7,891.7700000000002,swap,notBad
7069,7,893.24,7,891.7700000000002,swap,notBad
7070,7,893.24,7,891.7700000000002,move,improve
7071,7,893.24,7,891.7700000000002,2opt,notBad
7072,7,893.24,7,891.7700000000002,swap,notBad
7073,7,893.24,7,891.7700000000002,move,improve
7074,7,893.24,7,891.7700000000002,swap,notBad
7075,7,893.24,7,891.7700000000002,move,improve
7076,7,893.24,7,891.7700000000002,2opt,notBad
7077,7,893.24,7,891.7700000000002,swap,notBad
7078,7,893.24,7,891.7700000000002,move,improve
7079,7,893.24,7,891.7700000000002,swap,notBad
7080,7,893.24,7,891.7700000000002,swap,notBad
7081,7,893.24,7,891.7700000000002,2opt,notBad
7082,7,893.24,7,891.7700000000002,move,improve
7083,7,893.24,7,891.7700000000002,swap,notBad
7084,7,893.24,7,891.7700000000002,swap,notBad
7085,7,893.24,7,891.7700000000002,swap,notBad
7086,7,893.24,7,891.7700000000002,2opt,notBad
7087,7,893.24,7,891.7700000000002,swap,notBad
7088,7,893.24,7,891.7700000000002,2opt,notBad
7089,7,893.24,7,891.7700000000002,move,improve
7090,7,893.24,7,891.7700000000002,2opt,improve
7091,7,893.24,7,891.7700000000002,2opt,notBad
7092,7,893.24,7,891.7700000000002,2opt,notBad
7093,7,893.24,7,891.7700000000002,2opt,notBad
7094,7,893.24,7,891.7700000000002,move,improve
7095,7,893.24,7,891.7700000000002,move,improve
7096,7,893.24,7,891.7700000000002,move,improve
7097,7,891.7700000000002,7,891.7700000000002,move,improve
7098,7,891.7700000000002,7,891.7700000000002,2opt,notBad
7099,7,891.7700000000002,7,891.7700000000002,move,improve
7100,7,891.7700000000002,7,891.7700000000002,2opt,notBad
7101,7,891.7700000000002,7,891.7700000000002,move,improve
7102,7,891.7700000000002,7,891.7700000000002,2opt,notBad
7103,7,891.7700000000002,7,891.7700000000002,move,improve
7104,7,891.7700000000002,7,891.7700000000002,2opt,notBad
7105,7,891.7700000000002,7,891.7700000000002,swap,notBad
7106,7,891.7700000000002,7,891.7700000000002,move,improve
7107,7,891.7700000000002,7,891.7700000000002,move,improve
7108,7,891.7700000000002,7,891.7700000000002,move,improve
7109,7,891.7700000000002,7,891.7700000000002,2opt,notBad
7110,7,891.7700000000002,7,891.7700000000002,2opt,notBad
7111,7,891.7700000000002,7,891.7700000000002,2opt,improve
7112,7,891.7700000000002,7,891.7700000000002,swap,notBad
7113,7,891.7700000000002,7,891.7700000000002,move,improve
7114,7,891.7700000000002,7,891.7700000000002,move,improve
7115,7,891.7700000000002,7,891.7700000000002,2opt,notBad
7116,7,891.7700000000002,7,891.7700000000002,2opt,improve
7117,7,891.7700000000002,7,891.7700000000002,2opt,notBad
7118,7,891.7700000000002,7,891.7700000000002,2opt,notBad
7119,7,891.7700000000002,7,891.7700000000002,move,improve
7120,7,891.7700000000002,7,891.7700000000002,2opt,notBad
7121,7,891.7700000000002,7,891.7700000000002,move,improve
7122,7,891.7700000000002,7,891.7700000000002,2opt,notBad
7123,7,891.7700000000002,7,891.7700000000002,move,improve
7124,7,891.7700000000002,7,891.7700000000002,2opt,notBad
7125,7,891.7700000000002,7,891.7700000000002,move,improve
7126,7,891.7700000000002,7,891.7700000000002,2opt,notBad
7127,7,891.7700000000002,7,891.7700000000002,swap,notBad
7128,7,891.7700000000002,7,891.7700000000002,swap,notBad
7129,7,891.7700000000002,7,891.7700000000002,2opt,notBad
7130,7,891.7700000000002,7,891.7700000000002,move,improve
7131,7,891.7700000000002,7,891.7700000000002,move,notBad
7132,7,891.7700000000002,7,891.7700000000002,move,improve
7133,7,891.7700000000002,7,891.7700000000002,move,improve
7134,7,891.7700000000002,7,891.7700000000002,swap,notBad
7135,7,891.7700000000002,7,891.7700000000002,2opt,notBad
7136,7,891.7700000000002,7,891.7700000000002,2opt,notBad
7137,7,891.7700000000002,7,891.7700000000002,2opt,notBad
7138,7,891.7700000000002,7,891.7700000000002,move,improve
7139,7,891.7700000000002,7,891.7700000000002,swap,notBad
7140,7,891.7700000000002,7,891.7700000000002,2opt,notBad
7141,7,891.7700000000002,7,891.7700000000002,swap,notBad
7142,7,891.7700000000002,7,891.7700000000002,swap,notBad
7143,7,891.7700000000002,7,891.7700000000002,swap,notBad
7144,7,891.7700000000002,7,891.7700000000002,2opt,notBad
7145,7,891.7700000000002,7,891.7700000000002,swap,notBad
7146,7,891.7700000000002,7,891.7700000000002,move,improve
7147,7,891.7700000000002,7,891.7700000000002,move,improve
7148,7,891.7700000000002,7,891.7700000000002,move,improve
7149,7,891.7700000000002,7,891.7700000000002,2opt,notBad
7150,7,891.7700000000002,7,891.7700000000002,move,improve
7151,7,891.7700000000002,7,891.7700000000002,2opt,notBad
7152,7,891.7700000000002,7,891.7700000000002,move,improve
7153,7,891.7700000000002,7,891.7700000000002,move,improve
7154,7,891.7700000000002,7,891.7700000000002,2opt,notBad
7155,7,891.7700000000002,7,891.7700000000002,swap,notBad
7156,7,891.7700000000002,7,891.7700000000002,2opt,notBad
7157,7,891.7700000000002,7,891.7700000000002,2opt,notBad
7158,7,891.7700000000002,7,891.7700000000002,2opt,improve
7159,7,891.7700000000002,7,891.7700000000002,2opt,notBad
7160,7,891.7700000000002,7,891.7700000000002,move,improve
7161,7,891.7700000000002,7,891.7700000000002,swap,notBad
7162,7,891.7700000000002,7,891.7700000000002,move,improve
7163,7,891.7700000000002,7,891.7700000000002,swap,notBad
7164,7,891.7700000000002,7,891.7700000000002,move,improve
7165,7,891.7700000000002,7,891.7700000000002,2opt,notBad
7166,7,891.7700000000002,7,891.7700000000002,2opt,improve
7167,7,891.7700000000002,7,891.7700000000002,swap,notBad
7168,7,891.7700000000002,7,891.7700000000002,swap,notBad
7169,7,891.7700000000002,7,891.7700000000002,move,improve
7170,7,891.7700000000002,7,891.7700000000002,move,improve
7171,7,891.7700000000002,7,891.7700000000002,move,improve
7172,7,891.7700000000002,7,891.7700000000002,move,improve
7173,7,891.7700000000002,7,891.7700000000002,2opt,notBad
7174,7,891.7700000000002,7,891.7700000000002,swap,notBad
7175,7,891.7700000000002,7,891.7700000000002,2opt,notBad
7176,7,891.7700000000002,7,891.7700000000002,swap,notBad
7177,7,891.7700000000002,7,891.7700000000002,2opt,improve
7178,7,891.7700000000002,7,891.7700000000002,swap,notBad
7179,7,891.7700000000002,7,891.7700000000002,swap,notBad
7180,7,891.7700000000002,7,891.7700000000002,swap,notBad
7181,7,891.7700000000002,7,891.7700000000002,move,improve
7182,7,891.7700000000002,7,891.7700000000002,move,improve
7183,7,891.7700000000002,7,891.7700000000002,2opt,notBad
7184,7,891.7700000000002,7,891.7700000000002,2opt,notBad
7185,7,891.7700000000002,7,891.7700000000002,swap,notBad
7186,7,891.7700000000002,7,891.7700000000002,2opt,notBad
7187,7,891.7700000000002,7,891.7700000000002,move,improve
7188,7,891.7700000000002,7,891.7700000000002,2opt,notBad
7189,7,891.7700000000002,7,891.7700000000002,swap,notBad
7190,7,891.7700000000002,7,891.7700000000002,swap,notBad
7191,7,891.7700000000002,7,891.7700000000002,move,improve
7192,7,891.7700000000002,7,891.7700000000002,2opt,notBad
7193,7,891.7700000000002,7,891.7700000000002,2opt,improve
7194,7,891.7700000000002,7,891.7700000000002,swap,notBad
7195,7,891.7700000000002,7,891.7700000000002,swap,notBad
7196,7,891.7700000000002,7,891.7700000000002,swap,notBad
7197,7,891.7700000000002,7,891.7700000000002,2opt,improve
7198,7,891.7700000000002,7,891.7700000000002,move,improve
7199,7,891.7700000000002,7,891.7700000000002,2opt,notBad
7200,7,891.7700000000002,7,891.7700000000002,2opt,notBad
7201,7,891.7700000000002,7,891.7700000000002,swap,notBad
7202,7,891.7700000000002,7,891.7700000000002,2opt,notBad
7203,7,891.7700000000002,7,891.7700000000002,2opt,notBad
7204,7,891.7700000000002,7,891.7700000000002,swap,notBad
7205,7,891.7700000000002,7,891.7700000000002,swap,notBad
7206,7,891.7700000000002,7,891.7700000000002,2opt,notBad
7207,7,891.7700000000002,7,891.7700000000002,swap,notBad
7208,7,891.7700000000002,7,891.7700000000002,2opt,notBad
7209,7,891.7700000000002,7,891.7700000000002,swap,notBad
7210,7,891.7700000000002,7,891.7700000000002,2opt,notBad
7211,7,891.7700000000002,7,891.7700000000002,swap,notBad
7212,7,891.7700000000002,7,891.7700000000002,swap,notBad
7213,7,891.7700000000002,7,891.7700000000002,move,improve
7214,7,891.7700000000002,7,891.7700000000002,2opt,notBad
7215,7,891.7700000000002,7,891.7700000000002,2opt,notBad
7216,7,891.7700000000002,7,891.7700000000002,2opt,notBad
7217,7,891.7700000000002,7,891.7700000000002,swap,notBad
7218,7,891.7700000000002,7,891.7700000000002,2opt,notBad
7219,7,891.7700000000002,7,891.7700000000002,2opt,notBad
7220,7,891.7700000000002,7,891.7700000000002,2opt,notBad
7221,7,891.7700000000002,7,891.7700000000002,2opt,notBad
7222,7,891.7700000000002,7,891.7700000000002,move,improve
7223,7,891.7700000000002,7,891.7700000000002,move,improve
7224,7,891.7700000000002,7,891.7700000000002,swap,notBad
7225,7,891.7700000000002,7,891.7700000000002,2opt,notBad
7226,7,891.7700000000002,7,891.7700000000002,2opt,notBad
7227,7,891.7700000000002,7,891.7700000000002,swap,notBad
7228,7,891.7700000000002,7,891.7700000000002,move,improve
7229,7,891.7700000000002,7,891.7700000000002,swap,notBad
7230,7,891.7700000000002,7,891.7700000000002,move,improve
7231,7,891.7700000000002,7,891.7700000000002,swap,notBad
7232,7,891.7700000000002,7,891.7700000000002,2opt,notBad
7233,7,891.7700000000002,7,891.7700000000002,2opt,notBad
7234,7,891.7700000000002,7,891.7700000000002,2opt,improve
7235,7,891.7700000000002,7,891.7700000000002,move,improve
7236,7,891.7700000000002,7,891.7700000000002,move,improve
7237,7,891.7700000000002,7,891.7700000000002,2opt,notBad
7238,7,891.7700000000002,7,891.7700000000002,move,improve
7239,7,891.7700000000002,7,891.7700000000002,swap,notBad
7240,7,891.7700000000002,7,891.7700000000002,2opt,improve
7241,7,891.7700000000002,7,891.7700000000002,swap,notBad
7242,7,891.7700000000002,7,891.7700000000002,swap,notBad
7243,7,891.7700000000002,7,891.7700000000002,swap,notBad
7244,7,891.7700000000002,7,891.7700000000002,swap,notBad
7245,7,891.7700000000002,7,891.7700000000002,2opt,notBad
7246,7,891.7700000000002,7,891.7700000000002,move,improve
7247,7,891.7700000000002,7,891.7700000000002,move,improve
7248,7,891.7700000000002,7,891.7700000000002,swap,notBad
7249,7,891.7700000000002,7,891.7700000000002,swap,notBad
7250,7,891.7700000000002,7,891.7700000000002,move,improve
7251,7,891.7700000000002,7,891.7700000000002,move,improve
7252,7,891.7700000000002,7,891.7700000000002,swap,notBad
7253,7,891.7700000000002,7,891.7700000000002,swap,notBad
7254,7,891.7700000000002,7,891.7700000000002,2opt,notBad
7255,7,891.7700000000002,7,891.7700000000002,move,improve
7256,7,891.7700000000002,7,891.7700000000002,swap,notBad
7257,7,891.7700000000002,7,891.7700000000002,swap,notBad
7258,7,891.7700000000002,7,891.7700000000002,2opt,notBad
7259,7,891.7700000000002,7,891.7700000000002,2opt,notBad
7260,7,891.7700000000002,7,891.7700000000002,2opt,notBad
7261,7,891.7700000000002,7,891.7700000000002,swap,notBad
7262,7,891.7700000000002,7,891.7700000000002,swap,notBad
7263,7,891.7700000000002,7,891.7700000000002,swap,notBad
7264,7,891.7700000000002,7,891.7700000000002,move,improve
7265,7,891.7700000000002,7,891.7700000000002,2opt,notBad
7266,7,891.7700000000002,7,891.7700000000002,2opt,notBad
7267,7,891.7700000000002,7,891.7700000000002,swap,notBad
7268,7,891.7700000000002,7,891.7700000000002,2opt,notBad
7269,7,891.7700000000002,7,891.7700000000002,2opt,notBad
7270,7,891.7700000000002,7,891.7700000000002,move,improve
7271,7,891.7700000000002,7,891.7700000000002,swap,notBad
7272,7,891.7700000000002,7,891.7700000000002,move,improve
7273,7,891.7700000000002,7,891.7700000000002,swap,notBad
7274,7,891.7700000000002,7,891.7700000000002,2opt,notBad
7275,7,891.7700000000002,7,891.7700000000002,move,improve
7276,7,891.7700000000002,7,891.7700000000002,2opt,notBad
7277,7,891.7700000000002,7,891.7700000000002,2opt,notBad
7278,7,891.7700000000002,7,891.7700000000002,move,improve
7279,7,891.7700000000002,7,891.7700000000002,2opt,notBad
7280,7,891.7700000000002,7,891.7700000000002,2opt,notBad
7281,7,891.7700000000002,7,891.7700000000002,2opt,notBad
7282,7,891.7700000000002,7,891.7700000000002,2opt,notBad
7283,7,891.7700000000002,7,891.7700000000002,swap,notBad
7284,7,891.7700000000002,7,891.7700000000002,swap,notBad
7285,7,891.7700000000002,7,891.7700000000002,swap,notBad
7286,7,891.7700000000002,7,891.7700000000002,move,improve
7287,7,891.7700000000002,7,891.7700000000002,swap,notBad
7288,7,891.7700000000002,7,891.7700000000002,2opt,notBad
7289,7,891.7700000000002,7,891.7700000000002,swap,notBad
7290,7,891.7700000000002,7,891.7700000000002,move,improve
7291,7,891.7700000000002,7,891.7700000000002,swap,notBad
7292,7,891.7700000000002,7,891.7700000000002,swap,notBad
7293,7,891.7700000000002,7,891.7700000000002,move,improve
7294,7,891.7700000000002,7,891.7700000000002,2opt,notBad
7295,7,891.7700000000002,7,891.7700000000002,2opt,notBad
7296,7,891.7700000000002,7,891.7700000000002,swap,notBad
7297,7,891.7700000000002,7,891.7700000000002,swap,notBad
7298,7,891.7700000000002,7,891.7700000000002,2opt,improve
7299,7,891.7700000000002,7,891.7700000000002,2opt,notBad
7300,7,891.7700000000002,7,891.7700000000002,swap,notBad
7301,7,891.7700000000002,7,891.7700000000002,swap,notBad
7302,7,891.7700000000002,7,891.7700000000002,2opt,notBad
7303,7,891.7700000000002,7,891.7700000000002,2opt,notBad
7304,7,891.7700000000002,7,891.7700000000002,move,improve
7305,7,891.7700000000002,7,891.7700000000002,swap,notBad
7306,7,891.7700000000002,7,891.7700000000002,2opt,notBad
7307,7,891.7700000000002,7,891.7700000000002,swap,notBad
7308,7,891.7700000000002,7,891.7700000000002,swap,notBad
7309,7,891.7700000000002,7,891.7700000000002,2opt,improve
7310,7,891.7700000000002,7,891.7700000000002,move,improve
7311,7,891.7700000000002,7,891.7700000000002,2opt,notBad
7312,7,891.7700000000002,7,891.7700000000002,move,improve
7313,7,891.7700000000002,7,891.7700000000002,2opt,notBad
7314,7,891.7700000000002,7,891.7700000000002,swap,notBad
7315,7,891.7700000000002,7,891.7700000000002,move,improve
7316,7,891.7700000000002,7,891.7700000000002,2opt,notBad
7317,7,891.7700000000002,7,891.7700000000002,swap,notBad
7318,7,891.7700000000002,7,891.7700000000002,swap,notBad
7319,7,891.7700000000002,7,891.7700000000002,2opt,notBad
7320,7,891.7700000000002,7,891.7700000000002,swap,notBad
7321,7,891.7700000000002,7,891.7700000000002,swap,notBad
7322,7,891.7700000000002,7,891.7700000000002,swap,notBad
7323,7,891.7700000000002,7,891.7700000000002,2opt,notBad
7324,7,891.7700000000002,7,891.7700000000002,move,improve
7325,7,891.7700000000002,7,891.7700000000002,swap,notBad
7326,7,891.7700000000002,7,891.7700000000002,2opt,notBad
7327,7,891.7700000000002,7,891.7700000000002,2opt,notBad
7328,7,891.7700000000002,7,891.7700000000002,move,improve
7329,7,891.7700000000002,7,891.7700000000002,2opt,improve
7330,7,891.7700000000002,7,891.7700000000002,2opt,improve
7331,7,891.7700000000002,7,891.7700000000002,swap,notBad
7332,7,891.7700000000002,7,891.7700000000002,2opt,notBad
7333,7,891.7700000000002,7,891.7700000000002,2opt,notBad
7334,7,891.7700000000002,7,891.7700000000002,move,improve
7335,7,891.7700000000002,7,891.7700000000002,move,improve
7336,7,891.7700000000002,7,891.7700000000002,swap,notBad
7337,7,891.7700000000002,7,891.7700000000002,move,improve
7338,7,891.7700000000002,7,891.7700000000002,move,improve
7339,7,891.7700000000002,7,891.7700000000002,2opt,notBad
7340,7,891.7700000000002,7,891.7700000000002,2opt,notBad
7341,7,891.7700000000002,7,891.7700000000002,move,improve
7342,7,891.7700000000002,7,891.7700000000002,move,improve
7343,7,891.7700000000002,7,891.7700000000002,swap,notBad
7344,7,891.7700000000002,7,891.7700000000002,swap,notBad
7345,7,891.7700000000002,7,891.7700000000002,2opt,notBad
7346,7,891.7700000000002,7,891.7700000000002,2opt,notBad
7347,7,891.7700000000002,7,891.7700000000002,2opt,notBad
7348,7,891.7700000000002,7,891.7700000000002,swap,notBad
7349,7,891.7700000000002,7,891.7700000000002,move,improve
7350,7,891.7700000000002,7,891.7700000000002,2opt,notBad
7351,7,891.7700000000002,7,891.7700000000002,move,improve
7352,7,891.7700000000002,7,891.7700000000002,move,improve
7353,7,891.7700000000002,7,891.7700000000002,move,improve
7354,7,891.7700000000002,7,891.7700000000002,move,improve
7355,7,891.7700000000002,7,891.7700000000002,move,improve
7356,7,891.7700000000002,7,891.7700000000002,swap,notBad
7357,7,891.7700000000002,7,891.7700000000002,move,improve
7358,7,891.7700000000002,7,891.7700000000002,2opt,notBad
7359,7,891.7700000000002,7,891.7700000000002,swap,notBad
7360,7,891.7700000000002,7,891.7700000000002,swap,notBad
7361,7,891.7700000000002,7,891.7700000000002,2opt,notBad
7362,7,891.7700000000002,7,891.7700000000002,move,improve
7363,7,891.7700000000002,7,891.7700000000002,move,improve
7364,7,891.7700000000002,7,891.7700000000002,swap,notBad
7365,7,891.7700000000002,7,891.7700000000002,swap,notBad
7366,7,891.7700000000002,7,891.7700000000002,2opt,notBad
7367,7,891.7700000000002,7,891.7700000000002,swap,notBad
7368,7,891.7700000000002,7,891.7700000000002,move,improve
7369,7,891.7700000000002,7,891.7700000000002,swap,notBad
7370,7,891.7700000000002,7,891.7700000000002,move,improve
7371,7,891.7700000000002,7,891.7700000000002,swap,notBad
7372,7,891.7700000000002,7,891.7700000000002,2opt,improve
7373,7,891.7700000000002,7,891.7700000000002,move,improve
7374,7,891.7700000000002,7,891.7700000000002,move,improve
7375,7,891.7700000000002,7,891.7700000000002,2opt,notBad
7376,7,891.7700000000002,7,891.7700000000002,swap,notBad
7377,7,891.7700000000002,7,891.7700000000002,2opt,notBad
7378,7,891.7700000000002,7,891.7700000000002,move,improve
7379,7,891.7700000000002,7,891.7700000000002,swap,notBad
7380,7,891.7700000000002,7,891.7700000000002,swap,notBad
7381,7,891.7700000000002,7,891.7700000000002,2opt,notBad
7382,7,891.7700000000002,7,891.7700000000002,2opt,notBad
7383,7,891.7700000000002,7,891.7700000000002,swap,notBad
7384,7,891.7700000000002,7,891.7700000000002,2opt,notBad
7385,7,891.7700000000002,7,891.7700000000002,move,improve
7386,7,891.7700000000002,7,891.7700000000002,move,improve
7387,7,891.7700000000002,7,891.7700000000002,move,improve
7388,7,891.7700000000002,7,891.7700000000002,2opt,notBad
7389,7,891.7700000000002,7,891.7700000000002,move,improve
7390,7,891.7700000000002,7,891.7700000000002,move,improve
7391,7,891.7700000000002,7,891.7700000000002,move,improve
7392,7,891.7700000000002,7,891.7700000000002,2opt,notBad
7393,7,891.7700000000002,7,891.7700000000002,2opt,notBad
7394,7,891.7700000000002,7,891.7700000000002,2opt,notBad
7395,7,891.7700000000002,7,891.7700000000002,swap,notBad
7396,7,891.7700000000002,7,891.7700000000002,move,improve
7397,7,891.7700000000002,7,891.7700000000002,2opt,notBad
7398,7,891.7700000000002,7,891.7700000000002,2opt,notBad
7399,7,891.7700000000002,7,891.7700000000002,2opt,notBad
7400,7,891.7700000000002,7,891.7700000000002,swap,notBad
7401,7,891.7700000000002,7,891.7700000000002,2opt,notBad
7402,7,891.7700000000002,7,891.7700000000002,2opt,notBad
7403,7,891.7700000000002,7,891.7700000000002,move,improve
7404,7,891.7700000000002,7,891.7700000000002,move,improve
7405,7,891.7700000000002,7,891.7700000000002,move,improve
7406,7,891.7700000000002,7,891.7700000000002,move,improve
7407,7,891.7700000000002,7,891.7700000000002,swap,notBad
7408,7,891.7700000000002,7,891.7700000000002,swap,notBad
7409,7,891.7700000000002,7,891.7700000000002,2opt,notBad
7410,7,891.7700000000002,7,891.7700000000002,2opt,improve
7411,7,891.7700000000002,7,891.7700000000002,swap,notBad
7412,7,891.7700000000002,7,891.7700000000002,2opt,notBad
7413,7,891.7700000000002,7,891.7700000000002,2opt,notBad
7414,7,891.7700000000002,7,891.7700000000002,move,improve
7415,7,891.7700000000002,7,891.7700000000002,move,improve
7416,7,891.7700000000002,7,891.7700000000002,swap,notBad
7417,7,891.7700000000002,7,891.7700000000002,swap,notBad
7418,7,891.7700000000002,7,891.7700000000002,2opt,improve
7419,7,891.7700000000002,7,891.7700000000002,2opt,notBad
7420,7,891.7700000000002,7,891.7700000000002,move,improve
7421,7,891.7700000000002,7,891.7700000000002,2opt,notBad
7422,7,891.7700000000002,7,891.7700000000002,swap,notBad
7423,7,891.7700000000002,7,891.7700000000002,swap,notBad
7424,7,891.7700000000002,7,891.7700000000002,move,improve
7425,7,891.7700000000002,7,891.7700000000002,swap,notBad
7426,7,891.7700000000002,7,891.7700000000002,swap,notBad
7427,7,891.7700000000002,7,891.7700000000002,2opt,notBad
7428,7,891.7700000000002,7,891.7700000000002,2opt,notBad
7429,7,891.7700000000002,7,891.7700000000002,2opt,improve
7430,7,891.7700000000002,7,891.7700000000002,move,improve
7431,7,891.7700000000002,7,891.7700000000002,move,improve
7432,7,891.7700000000002,7,891.7700000000002,2opt,notBad
7433,7,891.7700000000002,7,891.7700000000002,2opt,improve
7434,7,891.7700000000002,7,891.7700000000002,2opt,notBad
7435,7,891.7700000000002,7,891.7700000000002,swap,notBad
7436,7,891.7700000000002,7,891.7700000000002,2opt,notBad
7437,7,891.7700000000002,7,891.7700000000002,swap,notBad
7438,7,891.7700000000002,7,891.7700000000002,move,improve
7439,7,891.7700000000002,7,891.7700000000002,swap,notBad
7440,7,891.7700000000002,7,891.7700000000002,move,improve
7441,7,891.7700000000002,7,891.7700000000002,swap,notBad
7442,7,891.7700000000002,7,891.7700000000002,move,improve
7443,7,891.7700000000002,7,891.7700000000002,move,improve
7444,7,891.7700000000002,7,891.7700000000002,swap,notBad
7445,7,891.7700000000002,7,891.7700000000002,move,improve
7446,7,891.7700000000002,7,891.7700000000002,move,improve
7447,7,891.7700000000002,7,891.7700000000002,move,improve
7448,7,891.7700000000002,7,891.7700000000002,swap,notBad
7449,7,891.7700000000002,7,891.7700000000002,move,improve
7450,7,891.7700000000002,7,891.7700000000002,swap,notBad
7451,7,891.7700000000002,7,891.7700000000002,move,improve
7452,7,891.7700000000002,7,891.7700000000002,2opt,improve
7453,7,891.7700000000002,7,891.7700000000002,2opt,notBad
7454,7,891.7700000000002,7,891.7700000000002,2opt,notBad
7455,7,891.7700000000002,7,891.7700000000002,2opt,notBad
7456,7,891.7700000000002,7,891.7700000000002,2opt,notBad
7457,7,891.7700000000002,7,891.7700000000002,move,improve
7458,7,891.7700000000002,7,891.7700000000002,move,improve
7459,7,891.7700000000002,7,891.7700000000002,move,improve
7460,7,891.7700000000002,7,891.7700000000002,move,improve
7461,7,891.7700000000002,7,891.7700000000002,move,notBad
7462,7,891.7700000000002,7,891.7700000000002,swap,notBad
7463,7,891.7700000000002,7,891.7700000000002,2opt,notBad
7464,7,891.7700000000002,7,891.7700000000002,2opt,notBad
7465,7,891.7700000000002,7,891.7700000000002,2opt,notBad
7466,7,891.7700000000002,7,891.7700000000002,move,improve
7467,7,891.7700000000002,7,891.7700000000002,move,improve
7468,7,891.7700000000002,7,891.7700000000002,move,improve
7469,7,891.7700000000002,7,891.7700000000002,move,improve
7470,7,891.7700000000002,7,891.7700000000002,swap,notBad
7471,7,891.7700000000002,7,891.7700000000002,2opt,notBad
7472,7,891.7700000000002,7,891.7700000000002,2opt,improve
7473,7,891.7700000000002,7,891.7700000000002,swap,notBad
7474,7,891.7700000000002,7,891.7700000000002,2opt,notBad
7475,7,891.7700000000002,7,891.7700000000002,2opt,notBad
7476,7,891.7700000000002,7,891.7700000000002,2opt,notBad
7477,7,891.7700000000002,7,891.7700000000002,swap,notBad
7478,7,891.7700000000002,7,891.7700000000002,move,improve
7479,7,891.7700000000002,7,891.7700000000002,move,improve
7480,7,891.7700000000002,7,891.7700000000002,move,improve
7481,7,891.7700000000002,7,891.7700000000002,move,improve
7482,7,891.7700000000002,7,891.7700000000002,move,improve
7483,7,891.7700000000002,7,891.7700000000002,swap,notBad
7484,7,891.7700000000002,7,891.7700000000002,move,improve
7485,7,891.7700000000002,7,891.7700000000002,swap,notBad
7486,7,891.7700000000002,7,891.7700000000002,move,improve
7487,7,891.7700000000002,7,891.7700000000002,swap,notBad
7488,7,891.7700000000002,7,891.7700000000002,move,improve
7489,7,891.7700000000002,7,891.7700000000002,move,improve
7490,7,891.7700000000002,7,891.7700000000002,move,improve
7491,7,891.7700000000002,7,891.7700000000002,2opt,improve
7492,7,891.7700000000002,7,891.7700000000002,move,improve
7493,7,891.7700000000002,7,891.7700000000002,move,improve
7494,7,891.7700000000002,7,891.7700000000002,2opt,notBad
7495,7,891.7700000000002,7,891.7700000000002,swap,notBad
7496,7,891.7700000000002,7,891.7700000000002,2opt,notBad
7497,7,891.7700000000002,7,891.7700000000002,move,improve
7498,7,891.7700000000002,7,891.7700000000002,swap,notBad
7499,7,891.7700000000002,7,891.7700000000002,2opt,notBad
7500,7,891.7700000000002,7,891.7700000000002,move,improve
7501,7,891.7700000000002,7,891.7700000000002,move,improve
7502,7,891.7700000000002,7,891.7700000000002,2opt,notBad
7503,7,891.7700000000002,7,891.7700000000002,2opt,notBad
7504,7,891.7700000000002,7,891.7700000000002,swap,notBad
7505,7,891.7700000000002,7,891.7700000000002,move,improve
7506,7,891.7700000000002,7,891.7700000000002,swap,notBad
7507,7,891.7700000000002,7,891.7700000000002,2opt,notBad
7508,7,891.7700000000002,7,891.7700000000002,move,improve
7509,7,891.7700000000002,7,891.7700000000002,2opt,notBad
7510,7,891.7700000000002,7,891.7700000000002,swap,notBad
7511,7,891.7700000000002,7,891.7700000000002,2opt,notBad
7512,7,891.7700000000002,7,891.7700000000002,swap,notBad
7513,7,891.7700000000002,7,891.7700000000002,2opt,notBad
7514,7,891.7700000000002,7,891.7700000000002,move,improve
7515,7,891.7700000000002,7,891.7700000000002,swap,notBad
7516,7,891.7700000000002,7,891.7700000000002,swap,notBad
7517,7,891.7700000000002,7,891.7700000000002,2opt,notBad
7518,7,891.7700000000002,7,891.7700000000002,swap,notBad
7519,7,891.7700000000002,7,891.7700000000002,swap,notBad
7520,7,891.7700000000002,7,891.7700000000002,swap,notBad
7521,7,891.7700000000002,7,891.7700000000002,swap,notBad
7522,7,891.7700000000002,7,891.7700000000002,2opt,improve
7523,7,891.7700000000002,7,891.7700000000002,2opt,notBad
7524,7,891.7700000000002,7,891.7700000000002,2opt,notBad
7525,7,891.7700000000002,7,891.7700000000002,move,improve
7526,7,891.7700000000002,7,891.7700000000002,swap,notBad
7527,7,891.7700000000002,7,891.7700000000002,move,improve
7528,7,891.7700000000002,7,891.7700000000002,move,improve
7529,7,891.7700000000002,7,891.7700000000002,2opt,notBad
7530,7,891.7700000000002,7,891.7700000000002,2opt,notBad
7531,7,891.7700000000002,7,891.7700000000002,move,improve
7532,7,891.7700000000002,7,891.7700000000002,swap,notBad
7533,7,891.7700000000002,7,891.7700000000002,2opt,notBad
7534,7,891.7700000000002,7,891.7700000000002,swap,notBad
7535,7,891.7700000000002,7,891.7700000000002,swap,notBad
7536,7,891.7700000000002,7,891.7700000000002,2opt,notBad
7537,7,891.7700000000002,7,891.7700000000002,2opt,notBad
7538,7,891.7700000000002,7,891.7700000000002,move,improve
7539,7,891.7700000000002,7,891.7700000000002,swap,notBad
7540,7,891.7700000000002,7,891.7700000000002,2opt,notBad
7541,7,891.7700000000002,7,891.7700000000002,move,improve
7542,7,891.7700000000002,7,891.7700000000002,swap,notBad
7543,7,891.7700000000002,7,891.7700000000002,2opt,notBad
7544,7,891.7700000000002,7,891.7700000000002,swap,notBad
7545,7,891.7700000000002,7,891.7700000000002,move,improve
7546,7,891.7700000000002,7,891.7700000000002,move,improve
7547,7,891.7700000000002,7,891.7700000000002,move,improve
7548,7,891.7700000000002,7,891.7700000000002,2opt,notBad
7549,7,891.7700000000002,7,891.7700000000002,2opt,notBad
7550,7,891.7700000000002,7,891.7700000000002,move,improve
7551,7,891.7700000000002,7,891.7700000000002,move,improve
7552,7,891.7700000000002,7,891.7700000000002,2opt,notBad
7553,7,891.7700000000002,7,891.7700000000002,swap,notBad
7554,7,891.7700000000002,7,891.7700000000002,2opt,improve
7555,7,891.7700000000002,7,891.7700000000002,swap,notBad
7556,7,891.7700000000002,7,891.7700000000002,swap,notBad
7557,7,891.7700000000002,7,891.7700000000002,move,improve
7558,7,891.7700000000002,7,891.7700000000002,2opt,notBad
7559,7,891.7700000000002,7,891.7700000000002,2opt,notBad
7560,7,891.7700000000002,7,891.7700000000002,swap,notBad
7561,7,891.7700000000002,7,891.7700000000002,move,improve
7562,7,891.7700000000002,7,891.7700000000002,2opt,notBad
7563,7,891.7700000000002,7,891.7700000000002,swap,notBad
7564,7,891.7700000000002,7,891.7700000000002,swap,notBad
7565,7,891.7700000000002,7,891.7700000000002,2opt,notBad
7566,7,891.7700000000002,7,891.7700000000002,move,improve
7567,7,891.7700000000002,7,891.7700000000002,swap,notBad
7568,7,891.7700000000002,7,891.7700000000002,swap,notBad
7569,7,891.7700000000002,7,891.7700000000002,2opt,improve
7570,7,891.7700000000002,7,891.7700000000002,swap,notBad
7571,7,891.7700000000002,7,891.7700000000002,move,improve
7572,7,891.7700000000002,7,891.7700000000002,swap,notBad
7573,7,891.7700000000002,7,891.7700000000002,swap,notBad
7574,7,891.7700000000002,7,891.7700000000002,move,improve
7575,7,891.7700000000002,7,891.7700000000002,move,improve
7576,7,891.7700000000002,7,891.7700000000002,swap,notBad
7577,7,891.7700000000002,7,891.7700000000002,swap,notBad
7578,7,891.7700000000002,7,891.7700000000002,swap,notBad
7579,7,891.7700000000002,7,891.7700000000002,swap,notBad
7580,7,891.7700000000002,7,891.7700000000002,2opt,notBad
7581,7,891.7700000000002,7,891.7700000000002,move,improve
7582,7,891.7700000000002,7,891.7700000000002,2opt,notBad
7583,7,891.7700000000002,7,891.7700000000002,move,improve
7584,7,891.7700000000002,7,891.7700000000002,2opt,improve
7585,7,891.7700000000002,7,891.7700000000002,move,improve
7586,7,891.7700000000002,7,891.7700000000002,swap,notBad
7587,7,891.7700000000002,7,891.7700000000002,2opt,notBad
7588,7,891.7700000000002,7,891.7700000000002,move,improve
7589,7,891.7700000000002,7,891.7700000000002,2opt,notBad
7590,7,891.7700000000002,7,891.7700000000002,swap,notBad
7591,7,891.7700000000002,7,891.7700000000002,move,improve
7592,7,891.7700000000002,7,891.7700000000002,swap,notBad
7593,7,891.7700000000002,7,891.7700000000002,move,improve
7594,7,891.7700000000002,7,891.7700000000002,move,improve
7595,7,891.7700000000002,7,891.7700000000002,move,improve
7596,7,891.7700000000002,7,891.7700000000002,swap,notBad
7597,7,891.7700000000002,7,891.7700000000002,move,improve
7598,7,891.7700000000002,7,891.7700000000002,move,improve
7599,7,891.7700000000002,7,891.7700000000002,swap,notBad
7600,7,891.7700000000002,7,891.7700000000002,2opt,improve
7601,7,891.7700000000002,7,891.7700000000002,swap,notBad
7602,7,891.7700000000002,7,891.7700000000002,move,improve
7603,7,891.7700000000002,7,891.7700000000002,move,improve
7604,7,891.7700000000002,7,891.7700000000002,move,improve
7605,7,891.7700000000002,7,891.7700000000002,swap,notBad
7606,7,891.7700000000002,7,891.7700000000002,2opt,notBad
7607,7,891.7700000000002,7,891.7700000000002,2opt,notBad
7608,7,891.7700000000002,7,891.7700000000002,2opt,notBad
7609,7,891.7700000000002,7,891.7700000000002,2opt,notBad
7610,7,891.7700000000002,7,891.7700000000002,swap,notBad
7611,7,891.7700000000002,7,891.7700000000002,move,improve
7612,7,891.7700000000002,7,891.7700000000002,2opt,notBad
7613,7,891.7700000000002,7,891.7700000000002,move,improve
7614,7,891.7700000000002,7,891.7700000000002,2opt,notBad
7615,7,891.7700000000002,7,891.7700000000002,move,improve
7616,7,891.7700000000002,7,891.7700000000002,swap,notBad
7617,7,891.7700000000002,7,891.7700000000002,swap,notBad
7618,7,891.7700000000002,7,891.7700000000002,move,improve
7619,7,891.7700000000002,7,891.7700000000002,swap,notBad
7620,7,891.7700000000002,7,891.7700000000002,move,improve
7621,7,891.7700000000002,7,891.7700000000002,move,improve
7622,7,891.7700000000002,7,891.7700000000002,swap,notBad
7623,7,891.7700000000002,7,891.7700000000002,2opt,notBad
7624,7,891.7700000000002,7,891.7700000000002,2opt,notBad
7625,7,891.7700000000002,7,891.7700000000002,2opt,notBad
7626,7,891.7700000000002,7,891.7700000000002,swap,notBad
7627,7,891.7700000000002,7,891.7700000000002,swap,notBad
7628,7,891.7700000000002,7,891.7700000000002,swap,notBad
7629,7,891.7700000000002,7,891.7700000000002,2opt,notBad
7630,7,891.7700000000002,7,891.7700000000002,2opt,notBad
7631,7,891.7700000000002,7,891.7700000000002,2opt,notBad
7632,7,891.7700000000002,7,891.7700000000002,swap,notBad
7633,7,891.7700000000002,7,891.7700000000002,swap,notBad
7634,7,891.7700000000002,7,891.7700000000002,2opt,notBad
7635,7,891.7700000000002,7,891.7700000000002,move,improve
7636,7,891.7700000000002,7,891.7700000000002,2opt,improve
7637,7,891.7700000000002,7,891.7700000000002,2opt,notBad
7638,7,891.7700000000002,7,891.7700000000002,2opt,notBad
7639,7,891.7700000000002,7,891.7700000000002,move,improve
7640,7,891.7700000000002,7,891.7700000000002,move,improve
7641,7,891.7700000000002,7,891.7700000000002,2opt,notBad
7642,7,891.7700000000002,7,891.7700000000002,2opt,notBad
7643,7,891.7700000000002,7,891.7700000000002,move,improve
7644,7,891.7700000000002,7,891.7700000000002,move,improve
7645,7,891.7700000000002,7,891.7700000000002,2opt,notBad
7646,7,894.2900000000002,7,891.7700000000002,swap,acceptBad
7647,7,894.2900000000002,7,891.7700000000002,swap,notBad
7648,7,894.2900000000002,7,891.7700000000002,2opt,improve
7649,7,894.2900000000002,7,891.7700000000002,swap,notBad
7650,7,894.2900000000002,7,891.7700000000002,move,improve
7651,7,894.2900000000002,7,891.7700000000002,swap,notBad
7652,7,894.2900000000002,7,891.7700000000002,2opt,notBad
7653,7,894.2900000000002,7,891.7700000000002,swap,notBad
7654,7,894.2900000000002,7,891.7700000000002,swap,notBad
7655,7,894.2900000000002,7,891.7700000000002,2opt,notBad
7656,7,894.2900000000002,7,891.7700000000002,swap,notBad
7657,7,894.2900000000002,7,891.7700000000002,2opt,notBad
7658,7,894.2900000000002,7,891.7700000000002,move,improve
7659,7,894.2900000000002,7,891.7700000000002,move,improve
7660,7,894.2900000000002,7,891.7700000000002,swap,notBad
7661,7,894.2900000000002,7,891.7700000000002,move,improve
7662,7,894.2900000000002,7,891.7700000000002,move,improve
7663,7,894.2900000000002,7,891.7700000000002,swap,notBad
7664,7,894.2900000000002,7,891.7700000000002,move,improve
7665,7,894.2900000000002,7,891.7700000000002,move,improve
7666,7,894.2900000000002,7,891.7700000000002,2opt,notBad
7667,7,894.2900000000002,7,891.7700000000002,move,improve
7668,7,894.2900000000002,7,891.7700000000002,2opt,notBad
7669,7,894.2900000000002,7,891.7700000000002,2opt,notBad
7670,7,894.2900000000002,7,891.7700000000002,2opt,notBad
7671,7,894.2900000000002,7,891.7700000000002,swap,notBad
7672,7,894.2900000000002,7,891.7700000000002,move,improve
7673,7,894.2900000000002,7,891.7700000000002,move,improve
7674,7,894.2900000000002,7,891.7700000000002,2opt,notBad
7675,7,894.2900000000002,7,891.7700000000002,swap,notBad
7676,7,894.2900000000002,7,891.7700000000002,move,improve
7677,7,894.2900000000002,7,891.7700000000002,move,improve
7678,7,894.2900000000002,7,891.7700000000002,swap,notBad
7679,7,894.2900000000002,7,891.7700000000002,swap,notBad
7680,7,894.2900000000002,7,891.7700000000002,move,improve
7681,7,894.2900000000002,7,891.7700000000002,move,improve
7682,7,894.2900000000002,7,891.7700000000002,move,improve
7683,7,894.2900000000002,7,891.7700000000002,move,improve
7684,7,894.2900000000002,7,891.7700000000002,swap,notBad
7685,7,894.2900000000002,7,891.7700000000002,2opt,notBad
7686,7,894.2900000000002,7,891.7700000000002,move,improve
7687,7,894.2900000000002,7,891.7700000000002,swap,notBad
7688,7,894.2900000000002,7,891.7700000000002,2opt,notBad
7689,7,894.2900000000002,7,891.7700000000002,move,improve
7690,7,894.2900000000002,7,891.7700000000002,2opt,notBad
7691,7,894.2900000000002,7,891.7700000000002,move,improve
7692,7,894.2900000000002,7,891.7700000000002,swap,notBad
7693,7,894.2900000000002,7,891.7700000000002,move,improve
7694,7,894.2900000000002,7,891.7700000000002,move,improve
7695,7,894.2900000000002,7,891.7700000000002,move,improve
7696,7,894.2900000000002,7,891.7700000000002,2opt,notBad
7697,7,894.2900000000002,7,891.7700000000002,move,improve
7698,7,894.2900000000002,7,891.7700000000002,2opt,notBad
7699,7,894.2900000000002,7,891.7700000000002,2opt,notBad
7700,7,894.2900000000002,7,891.7700000000002,swap,notBad
7701,7,894.2900000000002,7,891.7700000000002,swap,notBad
7702,7,894.2900000000002,7,891.7700000000002,2opt,notBad
7703,7,894.2900000000002,7,891.7700000000002,swap,notBad
7704,7,894.2900000000002,7,891.7700000000002,swap,notBad
7705,7,894.2900000000002,7,891.7700000000002,2opt,notBad
7706,7,894.2900000000002,7,891.7700000000002,swap,notBad
7707,7,894.2900000000002,7,891.7700000000002,move,improve
7708,7,894.2900000000002,7,891.7700000000002,move,improve
7709,7,894.2900000000002,7,891.7700000000002,move,improve
7710,7,894.2900000000002,7,891.7700000000002,swap,notBad
7711,7,894.2900000000002,7,891.7700000000002,2opt,notBad
7712,7,894.2900000000002,7,891.7700000000002,2opt,notBad
7713,7,894.2900000000002,7,891.7700000000002,swap,notBad
7714,7,894.2900000000002,7,891.7700000000002,2opt,notBad
7715,7,894.2900000000002,7,891.7700000000002,swap,notBad
7716,7,894.2900000000002,7,891.7700000000002,swap,notBad
7717,7,894.2900000000002,7,891.7700000000002,move,improve
7718,7,894.2900000000002,7,891.7700000000002,2opt,notBad
7719,7,894.2900000000002,7,891.7700000000002,2opt,notBad
7720,7,894.2900000000002,7,891.7700000000002,2opt,notBad
7721,7,894.2900000000002,7,891.7700000000002,2opt,notBad
7722,7,894.2900000000002,7,891.7700000000002,swap,notBad
7723,7,894.2900000000002,7,891.7700000000002,swap,notBad
7724,7,894.2900000000002,7,891.7700000000002,move,improve
7725,7,894.2900000000002,7,891.7700000000002,move,improve
7726,7,894.2900000000002,7,891.7700000000002,move,improve
7727,7,894.2900000000002,7,891.7700000000002,swap,notBad
7728,7,894.2900000000002,7,891.7700000000002,2opt,notBad
7729,7,894.2900000000002,7,891.7700000000002,move,improve
7730,7,894.2900000000002,7,891.7700000000002,move,improve
7731,7,894.2900000000002,7,891.7700000000002,move,improve
7732,7,894.2900000000002,7,891.7700000000002,swap,notBad
7733,7,894.2900000000002,7,891.7700000000002,2opt,notBad
7734,7,894.2900000000002,7,891.7700000000002,swap,notBad
7735,7,894.2900000000002,7,891.7700000000002,2opt,notBad
7736,7,894.2900000000002,7,891.7700000000002,swap,notBad
7737,7,894.2900000000002,7,891.7700000000002,2opt,notBad
7738,7,894.2900000000002,7,891.7700000000002,2opt,improve
7739,7,894.2900000000002,7,891.7700000000002,2opt,notBad
7740,7,894.2900000000002,7,891.7700000000002,move,improve
7741,7,894.2900000000002,7,891.7700000000002,swap,notBad
7742,7,894.2900000000002,7,891.7700000000002,swap,notBad
7743,7,894.2900000000002,7,891.7700000000002,2opt,improve
7744,7,894.2900000000002,7,891.7700000000002,2opt,notBad
7745,7,894.2900000000002,7,891.7700000000002,swap,notBad
7746,7,894.2900000000002,7,891.7700000000002,2opt,notBad
7747,7,894.2900000000002,7,891.7700000000002,swap,notBad
7748,7,894.2900000000002,7,891.7700000000002,2opt,notBad
7749,7,894.2900000000002,7,891.7700000000002,swap,notBad
7750,7,894.2900000000002,7,891.7700000000002,move,improve
7751,7,894.8500000000001,7,891.7700000000002,swap,acceptBad
7752,7,894.8500000000001,7,891.7700000000002,swap,notBad
7753,7,894.8500000000001,7,891.7700000000002,2opt,notBad
7754,7,894.8500000000001,7,891.7700000000002,move,improve
7755,7,894.8500000000001,7,891.7700000000002,2opt,notBad
7756,7,894.8500000000001,7,891.7700000000002,move,improve
7757,7,894.8500000000001,7,891.7700000000002,2opt,notBad
7758,7,894.8500000000001,7,891.7700000000002,swap,notBad
7759,7,894.8500000000001,7,891.7700000000002,swap,notBad
7760,7,894.8500000000001,7,891.7700000000002,swap,notBad
7761,7,894.8500000000001,7,891.7700000000002,move,improve
7762,7,894.8500000000001,7,891.7700000000002,swap,notBad
7763,7,894.8500000000001,7,891.7700000000002,move,improve
7764,7,894.8500000000001,7,891.7700000000002,move,improve
7765,7,894.8500000000001,7,891.7700000000002,2opt,notBad
7766,7,894.8500000000001,7,891.7700000000002,move,improve
7767,7,894.8500000000001,7,891.7700000000002,move,improve
7768,7,894.8500000000001,7,891.7700000000002,2opt,notBad
7769,7,894.8500000000001,7,891.7700000000002,swap,notBad
7770,7,894.8500000000001,7,891.7700000000002,swap,notBad
7771,7,894.8500000000001,7,891.7700000000002,2opt,notBad
7772,7,894.8500000000001,7,891.7700000000002,2opt,notBad
7773,7,894.8500000000001,7,891.7700000000002,move,improve
7774,7,894.8500000000001,7,891.7700000000002,move,improve
7775,7,894.8500000000001,7,891.7700000000002,move,improve
7776,7,894.8500000000001,7,891.7700000000002,2opt,notBad
7777,7,894.8500000000001,7,891.7700000000002,2opt,notBad
7778,7,894.8500000000001,7,891.7700000000002,swap,notBad
7779,7,894.8500000000001,7,891.7700000000002,swap,notBad
7780,7,894.8500000000001,7,891.7700000000002,move,improve
7781,7,894.8500000000001,7,891.7700000000002,move,improve
7782,7,894.8500000000001,7,891.7700000000002,move,improve
7783,7,894.8500000000001,7,891.7700000000002,2opt,notBad
7784,7,894.8500000000001,7,891.7700000000002,2opt,notBad
7785,7,894.8500000000001,7,891.7700000000002,2opt,notBad
7786,7,894.8500000000001,7,891.7700000000002,move,improve
7787,7,894.8500000000001,7,891.7700000000002,2opt,notBad
7788,7,894.8500000000001,7,891.7700000000002,swap,notBad
7789,7,894.8500000000001,7,891.7700000000002,swap,notBad
7790,7,897.1600000000003,7,891.7700000000002,swap,acceptBad
7791,7,897.1600000000003,7,891.7700000000002,swap,notBad
7792,7,897.1600000000003,7,891.7700000000002,move,improve
7793,7,897.1600000000003,7,891.7700000000002,swap,notBad
7794,7,897.1600000000003,7,891.7700000000002,swap,notBad
7795,7,897.1600000000003,7,891.7700000000002,move,improve
7796,7,897.1600000000003,7,891.7700000000002,2opt,notBad
7797,7,897.1600000000003,7,891.7700000000002,2opt,notBad
7798,7,894.8500000000001,7,891.7700000000002,move,improve
7799,7,894.8500000000001,7,891.7700000000002,swap,notBad
7800,7,894.8500000000001,7,891.7700000000002,2opt,improve
7801,7,894.8500000000001,7,891.7700000000002,2opt,notBad
7802,7,894.8500000000001,7,891.7700000000002,swap,notBad
7803,7,892.3300000000002,7,891.7700000000002,move,improve
7804,7,892.3300000000002,7,891.7700000000002,2opt,notBad
7805,7,892.3300000000002,7,891.7700000000002,swap,notBad
7806,7,892.3300000000002,7,891.7700000000002,move,improve
7807,7,892.3300000000002,7,891.7700000000002,move,improve
7808,7,892.3300000000002,7,891.7700000000002,swap,notBad
7809,7,892.3300000000002,7,891.7700000000002,swap,notBad
7810,7,892.3300000000002,7,891.7700000000002,2opt,notBad
7811,7,892.3300000000002,7,891.7700000000002,move,improve
7812,7,892.3300000000002,7,891.7700000000002,swap,notBad
7813,7,892.3300000000002,7,891.7700000000002,2opt,notBad
7814,7,892.3300000000002,7,891.7700000000002,swap,notBad
7815,7,892.3300000000002,7,891.7700000000002,2opt,improve
7816,7,892.3300000000002,7,891.7700000000002,2opt,notBad
7817,7,892.3300000000002,7,891.7700000000002,swap,notBad
7818,7,892.3300000000002,7,891.7700000000002,move,improve
7819,7,892.3300000000002,7,891.7700000000002,move,improve
7820,7,892.3300000000002,7,891.7700000000002,swap,notBad
7821,7,892.3300000000002,7,891.7700000000002,swap,notBad
7822,7,891.7700000000002,7,891.7700000000002,move,improve
7823,7,891.7700000000002,7,891.7700000000002,2opt,notBad
7824,7,891.7700000000002,7,891.7700000000002,move,improve
7825,7,891.7700000000002,7,891.7700000000002,move,improve
7826,7,891.7700000000002,7,891.7700000000002,2opt,notBad
7827,7,891.7700000000002,7,891.7700000000002,swap,notBad
7828,7,891.7700000000002,7,891.7700000000002,move,improve
7829,7,891.7700000000002,7,891.7700000000002,swap,notBad
7830,7,891.7700000000002,7,891.7700000000002,swap,notBad
7831,7,891.7700000000002,7,891.7700000000002,move,improve
7832,7,891.7700000000002,7,891.7700000000002,move,improve
7833,7,891.7700000000002,7,891.7700000000002,2opt,notBad
7834,7,891.7700000000002,7,891.7700000000002,2opt,notBad
7835,7,891.7700000000002,7,891.7700000000002,move,improve
7836,7,891.7700000000002,7,891.7700000000002,2opt,notBad
7837,7,891.7700000000002,7,891.7700000000002,move,improve
7838,7,891.7700000000002,7,891.7700000000002,move,improve
7839,7,891.7700000000002,7,891.7700000000002,move,improve
7840,7,891.7700000000002,7,891.7700000000002,move,improve
7841,7,891.7700000000002,7,891.7700000000002,move,improve
7842,7,891.7700000000002,7,891.7700000000002,2opt,notBad
7843,7,891.7700000000002,7,891.7700000000002,2opt,notBad
7844,7,891.7700000000002,7,891.7700000000002,swap,notBad
7845,7,891.7700000000002,7,891.7700000000002,swap,notBad
7846,7,891.7700000000002,7,891.7700000000002,2opt,notBad
7847,7,891.7700000000002,7,891.7700000000002,2opt,improve
7848,7,891.7700000000002,7,891.7700000000002,swap,notBad
7849,7,891.7700000000002,7,891.7700000000002,2opt,notBad
7850,7,891.7700000000002,7,891.7700000000002,move,improve
7851,7,891.7700000000002,7,891.7700000000002,move,improve
7852,7,891.7700000000002,7,891.7700000000002,swap,notBad
7853,7,891.7700000000002,7,891.7700000000002,swap,notBad
7854,7,891.7700000000002,7,891.7700000000002,move,improve
7855,7,891.7700000000002,7,891.7700000000002,move,improve
7856,7,891.7700000000002,7,891.7700000000002,2opt,notBad
7857,7,891.7700000000002,7,891.7700000000002,swap,notBad
7858,7,891.7700000000002,7,891.7700000000002,swap,notBad
7859,7,891.7700000000002,7,891.7700000000002,move,improve
7860,7,891.7700000000002,7,891.7700000000002,swap,notBad
7861,7,891.7700000000002,7,891.7700000000002,2opt,notBad
7862,7,891.7700000000002,7,891.7700000000002,swap,notBad
7863,7,891.7700000000002,7,891.7700000000002,move,improve
7864,7,891.7700000000002,7,891.7700000000002,move,improve
7865,7,891.7700000000002,7,891.7700000000002,swap,notBad
7866,7,891.7700000000002,7,891.7700000000002,move,improve
7867,7,891.7700000000002,7,891.7700000000002,2opt,notBad
7868,7,891.7700000000002,7,891.7700000000002,2opt,notBad
7869,7,891.7700000000002,7,891.7700000000002,swap,notBad
7870,7,891.7700000000002,7,891.7700000000002,2opt,notBad
7871,7,891.7700000000002,7,891.7700000000002,move,improve
7872,7,891.7700000000002,7,891.7700000000002,swap,notBad
7873,7,891.7700000000002,7,891.7700000000002,swap,notBad
7874,7,891.7700000000002,7,891.7700000000002,2opt,improve
7875,7,891.7700000000002,7,891.7700000000002,swap,notBad
7876,7,891.7700000000002,7,891.7700000000002,swap,notBad
7877,7,891.7700000000002,7,891.7700000000002,move,improve
7878,7,891.7700000000002,7,891.7700000000002,move,improve
7879,7,891.7700000000002,7,891.7700000000002,2opt,notBad
7880,7,891.7700000000002,7,891.7700000000002,2opt,notBad
7881,7,891.7700000000002,7,891.7700000000002,2opt,notBad
7882,7,891.7700000000002,7,891.7700000000002,move,improve
7883,7,891.7700000000002,7,891.7700000000002,2opt,notBad
7884,7,891.7700000000002,7,891.7700000000002,2opt,improve
7885,7,891.7700000000002,7,891.7700000000002,move,improve
7886,7,891.7700000000002,7,891.7700000000002,move,improve
7887,7,891.7700000000002,7,891.7700000000002,2opt,notBad
7888,7,891.7700000000002,7,891.7700000000002,2opt,notBad
7889,7,891.7700000000002,7,891.7700000000002,2opt,notBad
7890,7,891.7700000000002,7,891.7700000000002,move,improve
7891,7,891.7700000000002,7,891.7700000000002,swap,notBad
7892,7,891.7700000000002,7,891.7700000000002,move,improve
7893,7,891.7700000000002,7,891.7700000000002,swap,notBad
7894,7,891.7700000000002,7,891.7700000000002,swap,notBad
7895,7,891.7700000000002,7,891.7700000000002,move,improve
7896,7,891.7700000000002,7,891.7700000000002,swap,notBad
7897,7,891.7700000000002,7,891.7700000000002,move,improve
7898,7,891.7700000000002,7,891.7700000000002,swap,notBad
7899,7,891.7700000000002,7,891.7700000000002,swap,notBad
7900,7,891.7700000000002,7,891.7700000000002,2opt,notBad
7901,7,891.7700000000002,7,891.7700000000002,swap,notBad
7902,7,891.7700000000002,7,891.7700000000002,move,improve
7903,7,891.7700000000002,7,891.7700000000002,2opt,improve
7904,7,891.7700000000002,7,891.7700000000002,swap,notBad
7905,7,891.7700000000002,7,891.7700000000002,move,improve
7906,7,891.7700000000002,7,891.7700000000002,2opt,notBad
7907,7,891.7700000000002,7,891.7700000000002,move,improve
7908,7,891.7700000000002,7,891.7700000000002,swap,notBad
7909,7,891.7700000000002,7,891.7700000000002,swap,notBad
7910,7,891.7700000000002,7,891.7700000000002,move,improve
7911,7,891.7700000000002,7,891.7700000000002,move,improve
7912,7,891.7700000000002,7,891.7700000000002,2opt,notBad
7913,7,891.7700000000002,7,891.7700000000002,swap,notBad
7914,7,891.7700000000002,7,891.7700000000002,move,improve
7915,7,891.7700000000002,7,891.7700000000002,move,improve
7916,7,891.7700000000002,7,891.7700000000002,swap,notBad
7917,7,891.7700000000002,7,891.7700000000002,move,improve
7918,7,891.7700000000002,7,891.7700000000002,2opt,notBad
7919,7,891.7700000000002,7,891.7700000000002,swap,notBad
7920,7,891.7700000000002,7,891.7700000000002,swap,notBad
7921,7,891.7700000000002,7,891.7700000000002,move,improve
7922,7,891.7700000000002,7,891.7700000000002,swap,notBad
7923,7,891.7700000000002,7,891.7700000000002,move,improve
7924,7,891.7700000000002,7,891.7700000000002,2opt,notBad
7925,7,891.7700000000002,7,891.7700000000002,swap,notBad
7926,7,891.7700000000002,7,891.7700000000002,move,improve
7927,7,891.7700000000002,7,891.7700000000002,move,improve
7928,7,891.7700000000002,7,891.7700000000002,move,improve
7929,7,891.7700000000002,7,891.7700000000002,2opt,notBad
7930,7,891.7700000000002,7,891.7700000000002,2opt,notBad
7931,7,891.7700000000002,7,891.7700000000002,move,improve
7932,7,891.7700000000002,7,891.7700000000002,move,improve
7933,7,891.7700000000002,7,891.7700000000002,swap,notBad
7934,7,891.7700000000002,7,891.7700000000002,swap,notBad
7935,7,891.7700000000002,7,891.7700000000002,2opt,notBad
7936,7,891.7700000000002,7,891.7700000000002,2opt,notBad
7937,7,891.7700000000002,7,891.7700000000002,swap,notBad
7938,7,891.7700000000002,7,891.7700000000002,2opt,notBad
7939,7,891.7700000000002,7,891.7700000000002,swap,notBad
7940,7,891.7700000000002,7,891.7700000000002,move,improve
7941,7,891.7700000000002,7,891.7700000000002,move,improve
7942,7,891.7700000000002,7,891.7700000000002,2opt,notBad
7943,7,891.7700000000002,7,891.7700000000002,2opt,notBad
7944,7,891.7700000000002,7,891.7700000000002,2opt,notBad
7945,7,891.7700000000002,7,891.7700000000002,move,improve
7946,7,891.7700000000002,7,891.7700000000002,swap,notBad
7947,7,891.7700000000002,7,891.7700000000002,2opt,notBad
7948,7,891.7700000000002,7,891.7700000000002,2opt,notBad
7949,7,891.7700000000002,7,891.7700000000002,move,improve
7950,7,891.7700000000002,7,891.7700000000002,move,improve
7951,7,891.7700000000002,7,891.7700000000002,move,improve
7952,7,891.7700000000002,7,891.7700000000002,swap,notBad
7953,7,891.7700000000002,7,891.7700000000002,move,improve
7954,7,891.7700000000002,7,891.7700000000002,2opt,notBad
7955,7,891.7700000000002,7,891.7700000000002,2opt,notBad
7956,7,891.7700000000002,7,891.7700000000002,move,improve
7957,7,891.7700000000002,7,891.7700000000002,swap,notBad
7958,7,891.7700000000002,7,891.7700000000002,2opt,notBad
7959,7,891.7700000000002,7,891.7700000000002,move,improve
7960,7,891.7700000000002,7,891.7700000000002,swap,notBad
7961,7,891.7700000000002,7,891.7700000000002,move,improve
7962,7,891.7700000000002,7,891.7700000000002,2opt,notBad
7963,7,891.7700000000002,7,891.7700000000002,swap,notBad
7964,7,891.7700000000002,7,891.7700000000002,2opt,notBad
7965,7,891.7700000000002,7,891.7700000000002,swap,notBad
7966,7,891.7700000000002,7,891.7700000000002,2opt,notBad
7967,7,891.7700000000002,7,891.7700000000002,swap,notBad
7968,7,891.7700000000002,7,891.7700000000002,swap,notBad
7969,7,891.7700000000002,7,891.7700000000002,swap,notBad
7970,7,891.7700000000002,7,891.7700000000002,move,improve
7971,7,891.7700000000002,7,891.7700000000002,move,improve
7972,7,891.7700000000002,7,891.7700000000002,2opt,notBad
7973,7,891.7700000000002,7,891.7700000000002,swap,notBad
7974,7,891.7700000000002,7,891.7700000000002,2opt,notBad
7975,7,891.7700000000002,7,891.7700000000002,swap,notBad
7976,7,891.7700000000002,7,891.7700000000002,2opt,notBad
7977,7,891.7700000000002,7,891.7700000000002,swap,notBad
7978,7,891.7700000000002,7,891.7700000000002,2opt,notBad
7979,7,891.7700000000002,7,891.7700000000002,move,improve
7980,7,891.7700000000002,7,891.7700000000002,move,improve
7981,7,891.7700000000002,7,891.7700000000002,swap,notBad
7982,7,891.7700000000002,7,891.7700000000002,move,improve
7983,7,891.7700000000002,7,891.7700000000002,move,improve
7984,7,891.7700000000002,7,891.7700000000002,swap,notBad
7985,7,891.7700000000002,7,891.7700000000002,2opt,notBad
7986,7,891.7700000000002,7,891.7700000000002,move,improve
7987,7,891.7700000000002,7,891.7700000000002,swap,notBad
7988,7,891.7700000000002,7,891.7700000000002,2opt,notBad
7989,7,891.7700000000002,7,891.7700000000002,swap,notBad
7990,7,891.7700000000002,7,891.7700000000002,move,improve
7991,7,891.7700000000002,7,891.7700000000002,2opt,notBad
7992,7,891.7700000000002,7,891.7700000000002,swap,notBad
7993,7,891.7700000000002,7,891.7700000000002,2opt,notBad
7994,7,891.7700000000002,7,891.7700000000002,swap,notBad
7995,7,891.7700000000002,7,891.7700000000002,swap,notBad
7996,7,891.7700000000002,7,891.7700000000002,2opt,notBad
7997,7,891.7700000000002,7,891.7700000000002,2opt,notBad
7998,7,891.7700000000002,7,891.7700000000002,swap,notBad
7999,7,891.7700000000002,7,891.7700000000002,swap,notBad
8000,7,891.7700000000002,7,891.7700000000002,2opt,notBad
8001,7,891.7700000000002,7,891.7700000000002,2opt,notBad
8002,7,891.7700000000002,7,891.7700000000002,2opt,improve
8003,7,891.7700000000002,7,891.7700000000002,move,improve
8004,7,891.7700000000002,7,891.7700000000002,move,improve
8005,7,891.7700000000002,7,891.7700000000002,2opt,notBad
8006,7,891.7700000000002,7,891.7700000000002,move,improve
8007,7,891.7700000000002,7,891.7700000000002,move,improve
8008,7,891.7700000000002,7,891.7700000000002,2opt,notBad
8009,7,891.7700000000002,7,891.7700000000002,swap,notBad
8010,7,891.7700000000002,7,891.7700000000002,move,improve
8011,7,891.7700000000002,7,891.7700000000002,2opt,notBad
8012,7,891.7700000000002,7,891.7700000000002,2opt,notBad
8013,7,891.7700000000002,7,891.7700000000002,swap,notBad
8014,7,891.7700000000002,7,891.7700000000002,swap,notBad
8015,7,891.7700000000002,7,891.7700000000002,swap,notBad
8016,7,891.7700000000002,7,891.7700000000002,swap,notBad
8017,7,891.7700000000002,7,891.7700000000002,move,improve
8018,7,891.7700000000002,7,891.7700000000002,move,improve
8019,7,891.7700000000002,7,891.7700000000002,move,improve
8020,7,891.7700000000002,7,891.7700000000002,move,improve
8021,7,891.7700000000002,7,891.7700000000002,move,improve
8022,7,891.7700000000002,7,891.7700000000002,2opt,notBad
8023,7,891.7700000000002,7,891.7700000000002,move,improve
8024,7,891.7700000000002,7,891.7700000000002,2opt,notBad
8025,7,891.7700000000002,7,891.7700000000002,2opt,notBad
8026,7,891.7700000000002,7,891.7700000000002,swap,notBad
8027,7,891.7700000000002,7,891.7700000000002,swap,notBad
8028,7,891.7700000000002,7,891.7700000000002,swap,notBad
8029,7,891.7700000000002,7,891.7700000000002,2opt,notBad
8030,7,891.7700000000002,7,891.7700000000002,move,improve
8031,7,891.7700000000002,7,891.7700000000002,move,improve
8032,7,891.7700000000002,7,891.7700000000002,swap,notBad
8033,7,891.7700000000002,7,891.7700000000002,swap,notBad
8034,7,891.7700000000002,7,891.7700000000002,swap,notBad
8035,7,891.7700000000002,7,891.7700000000002,swap,notBad
8036,7,891.7700000000002,7,891.7700000000002,move,improve
8037,7,891.7700000000002,7,891.7700000000002,2opt,notBad
8038,7,891.7700000000002,7,891.7700000000002,move,improve
8039,7,891.7700000000002,7,891.7700000000002,swap,notBad
8040,7,891.7700000000002,7,891.7700000000002,2opt,notBad
8041,7,891.7700000000002,7,891.7700000000002,2opt,notBad
8042,7,891.7700000000002,7,891.7700000000002,swap,notBad
8043,7,891.7700000000002,7,891.7700000000002,move,improve
8044,7,891.7700000000002,7,891.7700000000002,swap,notBad
8045,7,891.7700000000002,7,891.7700000000002,2opt,notBad
8046,7,891.7700000000002,7,891.7700000000002,2opt,notBad
8047,7,891.7700000000002,7,891.7700000000002,move,improve
8048,7,891.7700000000002,7,891.7700000000002,move,improve
8049,7,891.7700000000002,7,891.7700000000002,move,improve
8050,7,891.7700000000002,7,891.7700000000002,swap,notBad
8051,7,891.7700000000002,7,891.7700000000002,move,improve
8052,7,891.7700000000002,7,891.7700000000002,2opt,notBad
8053,7,891.7700000000002,7,891.7700000000002,swap,notBad
8054,7,891.7700000000002,7,891.7700000000002,swap,notBad
8055,7,891.7700000000002,7,891.7700000000002,2opt,notBad
8056,7,891.7700000000002,7,891.7700000000002,swap,notBad
8057,7,891.7700000000002,7,891.7700000000002,swap,notBad
8058,7,891.7700000000002,7,891.7700000000002,2opt,improve
8059,7,891.7700000000002,7,891.7700000000002,2opt,notBad
8060,7,891.7700000000002,7,891.7700000000002,swap,notBad
8061,7,891.7700000000002,7,891.7700000000002,2opt,notBad
8062,7,891.7700000000002,7,891.7700000000002,swap,notBad
8063,7,891.7700000000002,7,891.7700000000002,move,improve
8064,7,891.7700000000002,7,891.7700000000002,swap,notBad
8065,7,891.7700000000002,7,891.7700000000002,swap,notBad
8066,7,891.7700000000002,7,891.7700000000002,2opt,notBad
8067,7,891.7700000000002,7,891.7700000000002,swap,notBad
8068,7,891.7700000000002,7,891.7700000000002,move,improve
8069,7,891.7700000000002,7,891.7700000000002,2opt,notBad
8070,7,891.7700000000002,7,891.7700000000002,2opt,improve
8071,7,891.7700000000002,7,891.7700000000002,move,improve
8072,7,891.7700000000002,7,891.7700000000002,move,improve
8073,7,891.7700000000002,7,891.7700000000002,move,notBad
8074,7,891.7700000000002,7,891.7700000000002,swap,notBad
8075,7,891.7700000000002,7,891.7700000000002,swap,notBad
8076,7,891.7700000000002,7,891.7700000000002,2opt,notBad
8077,7,891.7700000000002,7,891.7700000000002,move,improve
8078,7,891.7700000000002,7,891.7700000000002,move,improve
8079,7,891.7700000000002,7,891.7700000000002,swap,notBad
8080,7,891.7700000000002,7,891.7700000000002,swap,notBad
8081,7,891.7700000000002,7,891.7700000000002,swap,notBad
8082,7,891.7700000000002,7,891.7700000000002,move,improve
8083,7,891.7700000000002,7,891.7700000000002,2opt,notBad
8084,7,891.7700000000002,7,891.7700000000002,2opt,notBad
8085,7,891.7700000000002,7,891.7700000000002,move,improve
8086,7,891.7700000000002,7,891.7700000000002,2opt,improve
8087,7,891.7700000000002,7,891.7700000000002,2opt,notBad
8088,7,891.7700000000002,7,891.7700000000002,move,improve
8089,7,891.7700000000002,7,891.7700000000002,move,improve
8090,7,891.7700000000002,7,891.7700000000002,move,improve
8091,7,891.7700000000002,7,891.7700000000002,swap,notBad
8092,7,891.7700000000002,7,891.7700000000002,move,improve
8093,7,891.7700000000002,7,891.7700000000002,2opt,notBad
8094,7,891.7700000000002,7,891.7700000000002,swap,notBad
8095,7,891.7700000000002,7,891.7700000000002,move,improve
8096,7,891.7700000000002,7,891.7700000000002,move,improve
8097,7,891.7700000000002,7,891.7700000000002,move,improve
8098,7,891.7700000000002,7,891.7700000000002,2opt,notBad
8099,7,891.7700000000002,7,891.7700000000002,move,improve
8100,7,891.7700000000002,7,891.7700000000002,2opt,notBad
8101,7,891.7700000000002,7,891.7700000000002,2opt,notBad
8102,7,891.7700000000002,7,891.7700000000002,move,improve
8103,7,891.7700000000002,7,891.7700000000002,swap,notBad
8104,7,891.7700000000002,7,891.7700000000002,2opt,notBad
8105,7,891.7700000000002,7,891.7700000000002,2opt,notBad
8106,7,891.7700000000002,7,891.7700000000002,swap,notBad
8107,7,891.7700000000002,7,891.7700000000002,move,improve
8108,7,891.7700000000002,7,891.7700000000002,move,improve
8109,7,891.7700000000002,7,891.7700000000002,2opt,notBad
8110,7,891.7700000000002,7,891.7700000000002,move,improve
8111,7,891.7700000000002,7,891.7700000000002,move,improve
8112,7,891.7700000000002,7,891.7700000000002,move,improve
8113,7,891.7700000000002,7,891.7700000000002,swap,notBad
8114,7,891.7700000000002,7,891.7700000000002,move,improve
8115,7,891.7700000000002,7,891.7700000000002,2opt,notBad
8116,7,891.7700000000002,7,891.7700000000002,swap,notBad
8117,7,891.7700000000002,7,891.7700000000002,2opt,improve
8118,7,891.7700000000002,7,891.7700000000002,move,notBad
8119,7,891.7700000000002,7,891.7700000000002,2opt,notBad
8120,7,891.7700000000002,7,891.7700000000002,swap,notBad
8121,7,891.7700000000002,7,891.7700000000002,2opt,notBad
8122,7,891.7700000000002,7,891.7700000000002,swap,notBad
8123,7,891.7700000000002,7,891.7700000000002,swap,notBad
8124,7,891.7700000000002,7,891.7700000000002,move,notBad
8125,7,891.7700000000002,7,891.7700000000002,2opt,notBad
8126,7,891.7700000000002,7,891.7700000000002,move,improve
8127,7,891.7700000000002,7,891.7700000000002,move,improve
8128,7,891.7700000000002,7,891.7700000000002,2opt,notBad
8129,7,891.7700000000002,7,891.7700000000002,2opt,notBad
8130,7,891.7700000000002,7,891.7700000000002,move,improve
8131,7,891.7700000000002,7,891.7700000000002,swap,notBad
8132,7,891.7700000000002,7,891.7700000000002,swap,notBad
8133,7,891.7700000000002,7,891.7700000000002,swap,notBad
8134,7,891.7700000000002,7,891.7700000000002,2opt,notBad
8135,7,891.7700000000002,7,891.7700000000002,swap,notBad
8136,7,891.7700000000002,7,891.7700000000002,swap,notBad
8137,7,891.7700000000002,7,891.7700000000002,swap,notBad
8138,7,891.7700000000002,7,891.7700000000002,move,improve
8139,7,891.7700000000002,7,891.7700000000002,swap,notBad
8140,7,891.7700000000002,7,891.7700000000002,move,improve
8141,7,891.7700000000002,7,891.7700000000002,2opt,notBad
8142,7,891.7700000000002,7,891.7700000000002,2opt,notBad
8143,7,891.7700000000002,7,891.7700000000002,swap,notBad
8144,7,891.7700000000002,7,891.7700000000002,move,improve
8145,7,891.7700000000002,7,891.7700000000002,swap,notBad
8146,7,891.7700000000002,7,891.7700000000002,move,improve
8147,7,891.7700000000002,7,891.7700000000002,2opt,notBad
8148,7,891.7700000000002,7,891.7700000000002,move,improve
8149,7,891.7700000000002,7,891.7700000000002,move,improve
8150,7,891.7700000000002,7,891.7700000000002,move,improve
8151,7,891.7700000000002,7,891.7700000000002,move,improve
8152,7,891.7700000000002,7,891.7700000000002,2opt,notBad
8153,7,891.7700000000002,7,891.7700000000002,swap,notBad
8154,7,891.7700000000002,7,891.7700000000002,2opt,notBad
8155,7,891.7700000000002,7,891.7700000000002,2opt,improve
8156,7,891.7700000000002,7,891.7700000000002,2opt,notBad
8157,7,891.7700000000002,7,891.7700000000002,swap,notBad
8158,7,891.7700000000002,7,891.7700000000002,2opt,notBad
8159,7,891.7700000000002,7,891.7700000000002,move,improve
8160,7,891.7700000000002,7,891.7700000000002,2opt,notBad
8161,7,891.7700000000002,7,891.7700000000002,2opt,notBad
8162,7,891.7700000000002,7,891.7700000000002,swap,notBad
8163,7,891.7700000000002,7,891.7700000000002,swap,notBad
8164,7,891.7700000000002,7,891.7700000000002,move,improve
8165,7,891.7700000000002,7,891.7700000000002,2opt,notBad
8166,7,891.7700000000002,7,891.7700000000002,move,improve
8167,7,891.7700000000002,7,891.7700000000002,move,notBad
8168,7,891.7700000000002,7,891.7700000000002,move,improve
8169,7,891.7700000000002,7,891.7700000000002,move,improve
8170,7,891.7700000000002,7,891.7700000000002,move,improve
8171,7,891.7700000000002,7,891.7700000000002,2opt,improve
8172,7,891.7700000000002,7,891.7700000000002,swap,notBad
8173,7,891.7700000000002,7,891.7700000000002,move,improve
8174,7,891.7700000000002,7,891.7700000000002,move,improve
8175,7,891.7700000000002,7,891.7700000000002,swap,notBad
8176,7,891.7700000000002,7,891.7700000000002,move,improve
8177,7,891.7700000000002,7,891.7700000000002,2opt,notBad
8178,7,891.7700000000002,7,891.7700000000002,move,improve
8179,7,891.7700000000002,7,891.7700000000002,move,improve
8180,7,891.7700000000002,7,891.7700000000002,move,improve
8181,7,891.7700000000002,7,891.7700000000002,move,improve
8182,7,891.7700000000002,7,891.7700000000002,swap,notBad
8183,7,891.7700000000002,7,891.7700000000002,move,improve
8184,7,891.7700000000002,7,891.7700000000002,2opt,notBad
8185,7,891.7700000000002,7,891.7700000000002,2opt,notBad
8186,7,891.7700000000002,7,891.7700000000002,2opt,notBad
8187,7,891.7700000000002,7,891.7700000000002,2opt,notBad
8188,7,891.7700000000002,7,891.7700000000002,2opt,notBad
8189,7,891.7700000000002,7,891.7700000000002,swap,notBad
8190,7,891.7700000000002,7,891.7700000000002,2opt,notBad
8191,7,891.7700000000002,7,891.7700000000002,swap,notBad
8192,7,891.7700000000002,7,891.7700000000002,move,improve
8193,7,891.7700000000002,7,891.7700000000002,2opt,notBad
8194,7,891.7700000000002,7,891.7700000000002,swap,notBad
8195,7,891.7700000000002,7,891.7700000000002,2opt,notBad
8196,7,891.7700000000002,7,891.7700000000002,2opt,notBad
8197,7,891.7700000000002,7,891.7700000000002,2opt,notBad
8198,7,891.7700000000002,7,891.7700000000002,move,improve
8199,7,891.7700000000002,7,891.7700000000002,swap,notBad
8200,7,891.7700000000002,7,891.7700000000002,swap,notBad
8201,7,891.7700000000002,7,891.7700000000002,move,improve
8202,7,891.7700000000002,7,891.7700000000002,swap,notBad
8203,7,891.7700000000002,7,891.7700000000002,swap,notBad
8204,7,891.7700000000002,7,891.7700000000002,2opt,notBad
8205,7,891.7700000000002,7,891.7700000000002,move,improve
8206,7,891.7700000000002,7,891.7700000000002,swap,notBad
8207,7,891.7700000000002,7,891.7700000000002,move,improve
8208,7,891.7700000000002,7,891.7700000000002,move,improve
8209,7,891.7700000000002,7,891.7700000000002,swap,notBad
8210,7,891.7700000000002,7,891.7700000000002,swap,notBad
8211,7,891.7700000000002,7,891.7700000000002,move,improve
8212,7,891.7700000000002,7,891.7700000000002,swap,notBad
8213,7,891.7700000000002,7,891.7700000000002,move,improve
8214,7,891.7700000000002,7,891.7700000000002,swap,notBad
8215,7,891.7700000000002,7,891.7700000000002,swap,notBad
8216,7,891.7700000000002,7,891.7700000000002,swap,notBad
8217,7,891.7700000000002,7,891.7700000000002,swap,notBad
8218,7,891.7700000000002,7,891.7700000000002,move,improve
8219,7,891.7700000000002,7,891.7700000000002,swap,notBad
8220,7,891.7700000000002,7,891.7700000000002,swap,notBad
8221,7,891.7700000000002,7,891.7700000000002,swap,notBad
8222,7,891.7700000000002,7,891.7700000000002,2opt,notBad
8223,7,891.7700000000002,7,891.7700000000002,swap,notBad
8224,7,891.7700000000002,7,891.7700000000002,swap,notBad
8225,7,891.7700000000002,7,891.7700000000002,swap,notBad
8226,7,891.7700000000002,7,891.7700000000002,swap,notBad
8227,7,891.7700000000002,7,891.7700000000002,move,improve
8228,7,891.7700000000002,7,891.7700000000002,swap,notBad
8229,7,891.7700000000002,7,891.7700000000002,swap,notBad
8230,7,891.7700000000002,7,891.7700000000002,swap,notBad
8231,7,891.7700000000002,7,891.7700000000002,swap,notBad
8232,7,891.7700000000002,7,891.7700000000002,2opt,improve
8233,7,891.7700000000002,7,891.7700000000002,swap,notBad
8234,7,891.7700000000002,7,891.7700000000002,2opt,improve
8235,7,891.7700000000002,7,891.7700000000002,swap,notBad
8236,7,891.7700000000002,7,891.7700000000002,swap,notBad
8237,7,891.7700000000002,7,891.7700000000002,move,improve
8238,7,891.7700000000002,7,891.7700000000002,2opt,improve
8239,7,891.7700000000002,7,891.7700000000002,swap,notBad
8240,7,891.7700000000002,7,891.7700000000002,move,improve
8241,7,891.7700000000002,7,891.7700000000002,swap,notBad
8242,7,891.7700000000002,7,891.7700000000002,swap,notBad
8243,7,891.7700000000002,7,891.7700000000002,move,improve
8244,7,891.7700000000002,7,891.7700000000002,2opt,notBad
8245,7,891.7700000000002,7,891.7700000000002,move,improve
8246,7,891.7700000000002,7,891.7700000000002,swap,notBad
8247,7,891.7700000000002,7,891.7700000000002,move,improve
8248,7,891.7700000000002,7,891.7700000000002,swap,notBad
8249,7,891.7700000000002,7,891.7700000000002,2opt,notBad
8250,7,891.7700000000002,7,891.7700000000002,2opt,notBad
8251,7,891.7700000000002,7,891.7700000000002,move,improve
8252,7,891.7700000000002,7,891.7700000000002,swap,notBad
8253,7,891.7700000000002,7,891.7700000000002,swap,notBad
8254,7,891.7700000000002,7,891.7700000000002,2opt,notBad
8255,7,891.7700000000002,7,891.7700000000002,swap,notBad
8256,7,891.7700000000002,7,891.7700000000002,swap,notBad
8257,7,891.7700000000002,7,891.7700000000002,swap,notBad
8258,7,891.7700000000002,7,891.7700000000002,move,improve
8259,7,891.7700000000002,7,891.7700000000002,swap,notBad
8260,7,891.7700000000002,7,891.7700000000002,move,improve
8261,7,891.7700000000002,7,891.7700000000002,move,improve
8262,7,891.7700000000002,7,891.7700000000002,2opt,notBad
8263,7,891.7700000000002,7,891.7700000000002,move,improve
8264,7,891.7700000000002,7,891.7700000000002,swap,notBad
8265,7,891.7700000000002,7,891.7700000000002,2opt,notBad
8266,7,891.7700000000002,7,891.7700000000002,2opt,improve
8267,7,891.7700000000002,7,891.7700000000002,move,improve
8268,7,891.7700000000002,7,891.7700000000002,move,improve
8269,7,891.7700000000002,7,891.7700000000002,move,improve
8270,7,891.7700000000002,7,891.7700000000002,swap,notBad
8271,7,891.7700000000002,7,891.7700000000002,move,improve
8272,7,892.3300000000002,7,891.7700000000002,swap,acceptBad
8273,7,892.3300000000002,7,891.7700000000002,move,improve
8274,7,892.3300000000002,7,891.7700000000002,2opt,notBad
8275,7,892.3300000000002,7,891.7700000000002,move,improve
8276,7,892.3300000000002,7,891.7700000000002,swap,notBad
8277,7,892.3300000000002,7,891.7700000000002,2opt,notBad
8278,7,892.3300000000002,7,891.7700000000002,2opt,notBad
8279,7,892.3300000000002,7,891.7700000000002,swap,notBad
8280,7,892.3300000000002,7,891.7700000000002,swap,notBad
8281,7,892.3300000000002,7,891.7700000000002,2opt,notBad
8282,7,892.3300000000002,7,891.7700000000002,move,improve
8283,7,892.3300000000002,7,891.7700000000002,swap,notBad
8284,7,892.3300000000002,7,891.7700000000002,move,improve
8285,7,892.3300000000002,7,891.7700000000002,move,improve
8286,7,892.3300000000002,7,891.7700000000002,2opt,notBad
8287,7,892.3300000000002,7,891.7700000000002,2opt,notBad
8288,7,892.3300000000002,7,891.7700000000002,2opt,improve
8289,7,892.3300000000002,7,891.7700000000002,2opt,notBad
8290,7,892.3300000000002,7,891.7700000000002,move,improve
8291,7,892.3300000000002,7,891.7700000000002,move,improve
8292,7,892.3300000000002,7,891.7700000000002,2opt,notBad
8293,7,892.3300000000002,7,891.7700000000002,swap,notBad
8294,7,892.3300000000002,7,891.7700000000002,move,improve
8295,7,892.3300000000002,7,891.7700000000002,2opt,notBad
8296,7,892.3300000000002,7,891.7700000000002,move,improve
8297,7,892.3300000000002,7,891.7700000000002,2opt,notBad
8298,7,892.3300000000002,7,891.7700000000002,swap,notBad
8299,7,892.3300000000002,7,891.7700000000002,swap,notBad
8300,7,892.3300000000002,7,891.7700000000002,swap,notBad
8301,7,892.3300000000002,7,891.7700000000002,move,improve
8302,7,892.3300000000002,7,891.7700000000002,swap,notBad
8303,7,892.3300000000002,7,891.7700000000002,swap,notBad
8304,7,892.3300000000002,7,891.7700000000002,2opt,notBad
8305,7,892.3300000000002,7,891.7700000000002,2opt,notBad
8306,7,892.3300000000002,7,891.7700000000002,swap,notBad
8307,7,892.3300000000002,7,891.7700000000002,2opt,notBad
8308,7,892.3300000000002,7,891.7700000000002,swap,notBad
8309,7,892.3300000000002,7,891.7700000000002,swap,notBad
8310,7,892.3300000000002,7,891.7700000000002,2opt,notBad
8311,7,892.3300000000002,7,891.7700000000002,2opt,notBad
8312,7,892.3300000000002,7,891.7700000000002,swap,notBad
8313,7,892.3300000000002,7,891.7700000000002,2opt,notBad
8314,7,892.3300000000002,7,891.7700000000002,swap,notBad
8315,7,892.3300000000002,7,891.7700000000002,swap,notBad
8316,7,892.3300000000002,7,891.7700000000002,2opt,improve
8317,7,892.3300000000002,7,891.7700000000002,swap,notBad
8318,7,892.3300000000002,7,891.7700000000002,move,improve
8319,7,892.3300000000002,7,891.7700000000002,2opt,notBad
8320,7,892.3300000000002,7,891.7700000000002,2opt,improve
8321,7,892.3300000000002,7,891.7700000000002,move,improve
8322,7,892.3300000000002,7,891.7700000000002,2opt,notBad
8323,7,892.3300000000002,7,891.7700000000002,2opt,notBad
8324,7,892.3300000000002,7,891.7700000000002,move,improve
8325,7,892.3300000000002,7,891.7700000000002,swap,notBad
8326,7,892.3300000000002,7,891.7700000000002,swap,notBad
8327,7,892.3300000000002,7,891.7700000000002,2opt,notBad
8328,7,892.3300000000002,7,891.7700000000002,swap,notBad
8329,7,892.3300000000002,7,891.7700000000002,swap,notBad
8330,7,892.3300000000002,7,891.7700000000002,move,improve
8331,7,892.3300000000002,7,891.7700000000002,swap,notBad
8332,7,892.3300000000002,7,891.7700000000002,move,improve
8333,7,892.3300000000002,7,891.7700000000002,move,improve
8334,7,892.3300000000002,7,891.7700000000002,2opt,improve
8335,7,892.3300000000002,7,891.7700000000002,swap,notBad
8336,7,892.3300000000002,7,891.7700000000002,swap,notBad
8337,7,892.3300000000002,7,891.7700000000002,swap,notBad
8338,7,892.3300000000002,7,891.7700000000002,swap,notBad
8339,7,892.3300000000002,7,891.7700000000002,swap,notBad
8340,7,892.3300000000002,7,891.7700000000002,move,improve
8341,7,892.3300000000002,7,891.7700000000002,swap,notBad
8342,7,892.3300000000002,7,891.7700000000002,move,improve
8343,7,892.3300000000002,7,891.7700000000002,move,improve
8344,7,892.3300000000002,7,891.7700000000002,swap,notBad
8345,7,892.3300000000002,7,891.7700000000002,swap,notBad
8346,7,892.3300000000002,7,891.7700000000002,2opt,notBad
8347,7,892.3300000000002,7,891.7700000000002,move,improve
8348,7,892.3300000000002,7,891.7700000000002,2opt,notBad
8349,7,892.3300000000002,7,891.7700000000002,2opt,notBad
8350,7,892.3300000000002,7,891.7700000000002,swap,notBad
8351,7,892.3300000000002,7,891.7700000000002,2opt,improve
8352,7,891.7700000000002,7,891.7700000000002,move,improve
8353,7,891.7700000000002,7,891.7700000000002,2opt,notBad
8354,7,891.7700000000002,7,891.7700000000002,swap,notBad
8355,7,891.7700000000002,7,891.7700000000002,swap,notBad
8356,7,891.7700000000002,7,891.7700000000002,swap,notBad
8357,7,891.7700000000002,7,891.7700000000002,move,improve
8358,7,891.7700000000002,7,891.7700000000002,move,improve
8359,7,891.7700000000002,7,891.7700000000002,move,improve
8360,7,891.7700000000002,7,891.7700000000002,2opt,notBad
8361,7,891.7700000000002,7,891.7700000000002,move,improve
8362,7,891.7700000000002,7,891.7700000000002,swap,notBad
8363,7,891.7700000000002,7,891.7700000000002,2opt,notBad
8364,7,891.7700000000002,7,891.7700000000002,move,improve
8365,7,891.7700000000002,7,891.7700000000002,swap,notBad
8366,7,891.7700000000002,7,891.7700000000002,swap,notBad
8367,7,891.7700000000002,7,891.7700000000002,2opt,notBad
8368,7,891.7700000000002,7,891.7700000000002,move,improve
8369,7,891.7700000000002,7,891.7700000000002,move,improve
8370,7,891.7700000000002,7,891.7700000000002,2opt,notBad
8371,7,891.7700000000002,7,891.7700000000002,swap,notBad
8372,7,891.7700000000002,7,891.7700000000002,swap,notBad
8373,7,891.7700000000002,7,891.7700000000002,swap,notBad
8374,7,891.7700000000002,7,891.7700000000002,swap,notBad
8375,7,891.7700000000002,7,891.7700000000002,2opt,notBad
8376,7,891.7700000000002,7,891.7700000000002,2opt,notBad
8377,7,891.7700000000002,7,891.7700000000002,swap,notBad
8378,7,891.7700000000002,7,891.7700000000002,2opt,notBad
8379,7,891.7700000000002,7,891.7700000000002,2opt,improve
8380,7,891.7700000000002,7,891.7700000000002,move,improve
8381,7,891.7700000000002,7,891.7700000000002,swap,notBad
8382,7,891.7700000000002,7,891.7700000000002,2opt,notBad
8383,7,891.7700000000002,7,891.7700000000002,move,improve
8384,7,891.7700000000002,7,891.7700000000002,swap,notBad
8385,7,891.7700000000002,7,891.7700000000002,swap,notBad
8386,7,891.7700000000002,7,891.7700000000002,swap,notBad
8387,7,891.7700000000002,7,891.7700000000002,2opt,notBad
8388,7,891.7700000000002,7,891.7700000000002,move,improve
8389,7,891.7700000000002,7,891.7700000000002,move,improve
8390,7,891.7700000000002,7,891.7700000000002,move,improve
8391,7,891.7700000000002,7,891.7700000000002,move,improve
8392,7,891.7700000000002,7,891.7700000000002,move,improve
8393,7,891.7700000000002,7,891.7700000000002,2opt,notBad
8394,7,891.7700000000002,7,891.7700000000002,move,improve
8395,7,891.7700000000002,7,891.7700000000002,move,improve
8396,7,891.7700000000002,7,891.7700000000002,swap,notBad
8397,7,891.7700000000002,7,891.7700000000002,2opt,notBad
8398,7,891.7700000000002,7,891.7700000000002,move,improve
8399,7,891.7700000000002,7,891.7700000000002,2opt,notBad
8400,7,891.7700000000002,7,891.7700000000002,move,improve
8401,7,891.7700000000002,7,891.7700000000002,2opt,notBad
8402,7,891.7700000000002,7,891.7700000000002,2opt,notBad
8403,7,891.7700000000002,7,891.7700000000002,2opt,notBad
8404,7,891.7700000000002,7,891.7700000000002,2opt,notBad
8405,7,891.7700000000002,7,891.7700000000002,2opt,notBad
8406,7,891.7700000000002,7,891.7700000000002,swap,notBad
8407,7,891.7700000000002,7,891.7700000000002,swap,notBad
8408,7,891.7700000000002,7,891.7700000000002,swap,notBad
8409,7,891.7700000000002,7,891.7700000000002,move,notBad
8410,7,891.7700000000002,7,891.7700000000002,move,improve
8411,7,891.7700000000002,7,891.7700000000002,2opt,notBad
8412,7,891.7700000000002,7,891.7700000000002,swap,notBad
8413,7,891.7700000000002,7,891.7700000000002,swap,notBad
8414,7,891.7700000000002,7,891.7700000000002,swap,notBad
8415,7,891.7700000000002,7,891.7700000000002,move,improve
8416,7,891.7700000000002,7,891.7700000000002,2opt,notBad
8417,7,891.7700000000002,7,891.7700000000002,move,improve
8418,7,891.7700000000002,7,891.7700000000002,move,improve
8419,7,891.7700000000002,7,891.7700000000002,swap,notBad
8420,7,891.7700000000002,7,891.7700000000002,swap,notBad
8421,7,891.7700000000002,7,891.7700000000002,move,improve
8422,7,891.7700000000002,7,891.7700000000002,move,improve
8423,7,891.7700000000002,7,891.7700000000002,2opt,notBad
8424,7,894.7800000000002,7,891.7700000000002,swap,acceptBad
8425,7,894.7800000000002,7,891.7700000000002,move,improve
8426,7,894.7800000000002,7,891.7700000000002,move,improve
8427,7,894.7800000000002,7,891.7700000000002,swap,notBad
8428,7,894.7800000000002,7,891.7700000000002,swap,notBad
8429,7,894.7800000000002,7,891.7700000000002,swap,notBad
8430,7,894.7800000000002,7,891.7700000000002,move,improve
8431,7,894.7800000000002,7,891.7700000000002,swap,notBad
8432,7,894.7800000000002,7,891.7700000000002,swap,notBad
8433,7,894.7800000000002,7,891.7700000000002,move,improve
8434,7,894.7800000000002,7,891.7700000000002,move,improve
8435,7,894.7800000000002,7,891.7700000000002,swap,notBad
8436,7,894.7800000000002,7,891.7700000000002,move,improve
8437,7,894.7800000000002,7,891.7700000000002,swap,notBad
8438,7,894.7800000000002,7,891.7700000000002,2opt,notBad
8439,7,894.7800000000002,7,891.7700000000002,swap,notBad
8440,7,894.7800000000002,7,891.7700000000002,2opt,notBad
8441,7,894.7800000000002,7,891.7700000000002,swap,notBad
8442,7,894.7800000000002,7,891.7700000000002,swap,notBad
8443,7,894.7800000000002,7,891.7700000000002,move,improve
8444,7,894.7800000000002,7,891.7700000000002,swap,notBad
8445,7,894.7800000000002,7,891.7700000000002,swap,notBad
8446,7,894.7800000000002,7,891.7700000000002,swap,notBad
8447,7,894.7800000000002,7,891.7700000000002,move,improve
8448,7,894.7800000000002,7,891.7700000000002,swap,notBad
8449,7,894.7800000000002,7,891.7700000000002,swap,notBad
8450,7,894.7800000000002,7,891.7700000000002,2opt,notBad
8451,7,894.7800000000002,7,891.7700000000002,swap,notBad
8452,7,894.7800000000002,7,891.7700000000002,swap,notBad
8453,7,894.7800000000002,7,891.7700000000002,swap,notBad
8454,7,894.7800000000002,7,891.7700000000002,2opt,improve
8455,7,894.7800000000002,7,891.7700000000002,move,improve
8456,7,894.7800000000002,7,891.7700000000002,swap,notBad
8457,7,894.7800000000002,7,891.7700000000002,swap,notBad
8458,7,894.7800000000002,7,891.7700000000002,swap,notBad
8459,7,894.7800000000002,7,891.7700000000002,swap,notBad
8460,7,897.3000000000002,7,891.7700000000002,swap,acceptBad
8461,7,897.3000000000002,7,891.7700000000002,move,improve
8462,7,897.3000000000002,7,891.7700000000002,swap,notBad
8463,7,897.3000000000002,7,891.7700000000002,swap,notBad
8464,7,897.3000000000002,7,891.7700000000002,move,improve
8465,7,897.3000000000002,7,891.7700000000002,2opt,notBad
8466,7,897.3000000000002,7,891.7700000000002,swap,notBad
8467,7,897.3000000000002,7,891.7700000000002,move,improve
8468,7,897.3000000000002,7,891.7700000000002,move,improve
8469,7,897.3000000000002,7,891.7700000000002,move,notBad
8470,7,897.3000000000002,7,891.7700000000002,move,improve
8471,7,897.3000000000002,7,891.7700000000002,move,improve
8472,7,897.3000000000002,7,891.7700000000002,move,improve
8473,7,897.3000000000002,7,891.7700000000002,move,improve
8474,7,897.3000000000002,7,891.7700000000002,swap,notBad
8475,7,897.3000000000002,7,891.7700000000002,swap,notBad
8476,7,897.3000000000002,7,891.7700000000002,move,improve
8477,7,897.3000000000002,7,891.7700000000002,swap,notBad
8478,7,897.3000000000002,7,891.7700000000002,2opt,notBad
8479,7,897.3000000000002,7,891.7700000000002,move,improve
8480,7,897.3000000000002,7,891.7700000000002,swap,notBad
8481,7,897.3000000000002,7,891.7700000000002,2opt,notBad
8482,7,897.3000000000002,7,891.7700000000002,swap,notBad
8483,7,897.3000000000002,7,891.7700000000002,move,improve
8484,7,897.3000000000002,7,891.7700000000002,swap,notBad
8485,7,897.3000000000002,7,891.7700000000002,swap,notBad
8486,7,897.3000000000002,7,891.7700000000002,2opt,improve
8487,7,897.3000000000002,7,891.7700000000002,swap,notBad
8488,7,897.3000000000002,7,891.7700000000002,swap,notBad
8489,7,897.3000000000002,7,891.7700000000002,2opt,notBad
8490,7,897.3000000000002,7,891.7700000000002,swap,notBad
8491,7,897.3000000000002,7,891.7700000000002,move,improve
8492,7,897.3000000000002,7,891.7700000000002,2opt,notBad
8493,7,894.7800000000002,7,891.7700000000002,move,improve
8494,7,894.7800000000002,7,891.7700000000002,swap,notBad
8495,7,898.0700000000002,7,891.7700000000002,swap,acceptBad
8496,7,898.0700000000002,7,891.7700000000002,move,improve
8497,7,898.0700000000002,7,891.7700000000002,2opt,notBad
8498,7,898.0700000000002,7,891.7700000000002,move,improve
8499,7,898.0700000000002,7,891.7700000000002,swap,notBad
8500,7,898.0700000000002,7,891.7700000000002,move,improve
8501,7,898.0700000000002,7,891.7700000000002,swap,notBad
8502,7,898.0700000000002,7,891.7700000000002,move,improve
8503,7,898.0700000000002,7,891.7700000000002,2opt,notBad
8504,7,898.0700000000002,7,891.7700000000002,move,improve
8505,7,898.0700000000002,7,891.7700000000002,swap,notBad
8506,7,898.0700000000002,7,891.7700000000002,2opt,notBad
8507,7,898.0700000000002,7,891.7700000000002,move,improve
8508,7,898.0700000000002,7,891.7700000000002,move,improve
8509,7,898.0700000000002,7,891.7700000000002,move,improve
8510,7,898.0700000000002,7,891.7700000000002,2opt,notBad
8511,7,898.0700000000002,7,891.7700000000002,swap,notBad
8512,7,898.0700000000002,7,891.7700000000002,swap,notBad
8513,7,898.0700000000002,7,891.7700000000002,2opt,improve
8514,7,898.0700000000002,7,891.7700000000002,2opt,notBad
8515,7,898.0700000000002,7,891.7700000000002,swap,notBad
8516,7,898.0700000000002,7,891.7700000000002,2opt,notBad
8517,7,898.0700000000002,7,891.7700000000002,2opt,notBad
8518,7,898.0700000000002,7,891.7700000000002,2opt,notBad
8519,7,898.0700000000002,7,891.7700000000002,move,improve
8520,7,898.0700000000002,7,891.7700000000002,swap,notBad
8521,7,897.6500000000001,7,891.7700000000002,move,improve
8522,7,897.6500000000001,7,891.7700000000002,swap,notBad
8523,7,897.6500000000001,7,891.7700000000002,move,improve
8524,7,897.6500000000001,7,891.7700000000002,move,improve
8525,7,897.6500000000001,7,891.7700000000002,move,improve
8526,7,897.6500000000001,7,891.7700000000002,swap,notBad
8527,7,897.6500000000001,7,891.7700000000002,2opt,improve
8528,7,897.6500000000001,7,891.7700000000002,move,improve
8529,7,897.6500000000001,7,891.7700000000002,move,improve
8530,7,897.6500000000001,7,891.7700000000002,swap,notBad
8531,7,897.6500000000001,7,891.7700000000002,2opt,notBad
8532,7,897.6500000000001,7,891.7700000000002,swap,notBad
8533,7,897.6500000000001,7,891.7700000000002,2opt,notBad
8534,7,897.6500000000001,7,891.7700000000002,move,improve
8535,7,897.6500000000001,7,891.7700000000002,2opt,notBad
8536,7,897.6500000000001,7,891.7700000000002,move,improve
8537,7,897.6500000000001,7,891.7700000000002,move,improve
8538,7,897.6500000000001,7,891.7700000000002,move,improve
8539,7,897.6500000000001,7,891.7700000000002,swap,notBad
8540,7,897.6500000000001,7,891.7700000000002,swap,notBad
8541,7,897.6500000000001,7,891.7700000000002,move,improve
8542,7,897.6500000000001,7,891.7700000000002,move,improve
8543,7,897.6500000000001,7,891.7700000000002,move,improve
8544,7,897.6500000000001,7,891.7700000000002,2opt,notBad
8545,7,897.6500000000001,7,891.7700000000002,swap,notBad
8546,7,897.6500000000001,7,891.7700000000002,swap,notBad
8547,7,897.6500000000001,7,891.7700000000002,2opt,notBad
8548,7,897.6500000000001,7,891.7700000000002,move,improve
8549,7,897.6500000000001,7,891.7700000000002,swap,notBad
8550,7,897.6500000000001,7,891.7700000000002,2opt,notBad
8551,7,897.6500000000001,7,891.7700000000002,2opt,notBad
8552,7,897.6500000000001,7,891.7700000000002,2opt,improve
8553,7,897.6500000000001,7,891.7700000000002,move,improve
8554,7,897.6500000000001,7,891.7700000000002,swap,notBad
8555,7,897.6500000000001,7,891.7700000000002,move,improve
8556,7,897.6500000000001,7,891.7700000000002,move,notBad
8557,7,897.6500000000001,7,891.7700000000002,swap,notBad
8558,7,897.6500000000001,7,891.7700000000002,swap,notBad
8559,7,897.6500000000001,7,891.7700000000002,swap,notBad
8560,7,897.6500000000001,7,891.7700000000002,move,improve
8561,7,897.6500000000001,7,891.7700000000002,swap,notBad
8562,7,897.6500000000001,7,891.7700000000002,swap,notBad
8563,7,897.6500000000001,7,891.7700000000002,2opt,notBad
8564,7,897.6500000000001,7,891.7700000000002,move,improve
8565,7,897.6500000000001,7,891.7700000000002,2opt,notBad
8566,7,897.6500000000001,7,891.7700000000002,2opt,notBad
8567,7,897.6500000000001,7,891.7700000000002,2opt,notBad
8568,7,897.6500000000001,7,891.7700000000002,swap,notBad
8569,7,897.6500000000001,7,891.7700000000002,move,improve
8570,7,897.6500000000001,7,891.7700000000002,swap,notBad
8571,7,897.6500000000001,7,891.7700000000002,2opt,notBad
8572,7,897.6500000000001,7,891.7700000000002,2opt,notBad
8573,7,897.6500000000001,7,891.7700000000002,move,improve
8574,7,897.6500000000001,7,891.7700000000002,2opt,notBad
8575,7,897.6500000000001,7,891.7700000000002,2opt,notBad
8576,7,897.6500000000001,7,891.7700000000002,swap,notBad
8577,7,897.6500000000001,7,891.7700000000002,2opt,notBad
8578,7,897.6500000000001,7,891.7700000000002,swap,notBad
8579,7,897.6500000000001,7,891.7700000000002,swap,notBad
8580,7,895.3400000000001,7,891.7700000000002,move,improve
8581,7,895.3400000000001,7,891.7700000000002,swap,notBad
8582,7,895.3400000000001,7,891.7700000000002,swap,notBad
8583,7,895.3400000000001,7,891.7700000000002,swap,notBad
8584,7,895.3400000000001,7,891.7700000000002,move,improve
8585,7,895.3400000000001,7,891.7700000000002,move,improve
8586,7,895.3400000000001,7,891.7700000000002,2opt,notBad
8587,7,895.3400000000001,7,891.7700000000002,move,improve
8588,7,895.3400000000001,7,891.7700000000002,swap,notBad
8589,7,895.3400000000001,7,891.7700000000002,swap,notBad
8590,7,895.3400000000001,7,891.7700000000002,move,improve
8591,7,895.3400000000001,7,891.7700000000002,2opt,improve
8592,7,895.3400000000001,7,891.7700000000002,2opt,notBad
8593,7,895.3400000000001,7,891.7700000000002,2opt,improve
8594,7,895.3400000000001,7,891.7700000000002,swap,notBad
8595,7,895.3400000000001,7,891.7700000000002,swap,notBad
8596,7,895.3400000000001,7,891.7700000000002,swap,notBad
8597,7,895.3400000000001,7,891.7700000000002,swap,notBad
8598,7,895.3400000000001,7,891.7700000000002,move,improve
8599,7,895.3400000000001,7,891.7700000000002,2opt,notBad
8600,7,895.3400000000001,7,891.7700000000002,swap,notBad
8601,7,895.3400000000001,7,891.7700000000002,move,improve
8602,7,895.3400000000001,7,891.7700000000002,2opt,notBad
8603,7,895.3400000000001,7,891.7700000000002,swap,notBad
8604,7,895.3400000000001,7,891.7700000000002,move,improve
8605,7,895.3400000000001,7,891.7700000000002,move,improve
8606,7,895.3400000000001,7,891.7700000000002,move,improve
8607,7,895.3400000000001,7,891.7700000000002,2opt,notBad
8608,7,895.3400000000001,7,891.7700000000002,2opt,notBad
8609,7,895.3400000000001,7,891.7700000000002,swap,notBad
8610,7,895.3400000000001,7,891.7700000000002,swap,notBad
8611,7,895.3400000000001,7,891.7700000000002,move,improve
8612,7,895.3400000000001,7,891.7700000000002,swap,notBad
8613,7,895.3400000000001,7,891.7700000000002,move,improve
8614,7,895.3400000000001,7,891.7700000000002,2opt,notBad
8615,7,895.3400000000001,7,891.7700000000002,2opt,notBad
8616,7,895.3400000000001,7,891.7700000000002,2opt,notBad
8617,7,895.3400000000001,7,891.7700000000002,swap,notBad
8618,7,895.3400000000001,7,891.7700000000002,2opt,notBad
8619,7,895.3400000000001,7,891.7700000000002,2opt,notBad
8620,7,895.3400000000001,7,891.7700000000002,2opt,notBad
8621,7,895.3400000000001,7,891.7700000000002,swap,notBad
8622,7,895.3400000000001,7,891.7700000000002,2opt,notBad
8623,7,895.3400000000001,7,891.7700000000002,swap,notBad
8624,7,895.3400000000001,7,891.7700000000002,move,improve
8625,7,895.3400000000001,7,891.7700000000002,swap,notBad
8626,7,895.3400000000001,7,891.7700000000002,move,improve
8627,7,895.3400000000001,7,891.7700000000002,move,improve
8628,7,895.3400000000001,7,891.7700000000002,2opt,notBad
8629,7,895.3400000000001,7,891.7700000000002,move,improve
8630,7,895.3400000000001,7,891.7700000000002,swap,notBad
8631,7,895.3400000000001,7,891.7700000000002,move,improve
8632,7,895.3400000000001,7,891.7700000000002,swap,notBad
8633,7,895.3400000000001,7,891.7700000000002,swap,notBad
8634,7,895.3400000000001,7,891.7700000000002,2opt,notBad
8635,7,895.3400000000001,7,891.7700000000002,move,improve
8636,7,895.3400000000001,7,891.7700000000002,swap,notBad
8637,7,895.3400000000001,7,891.7700000000002,move,improve
8638,7,895.3400000000001,7,891.7700000000002,2opt,notBad
8639,7,895.3400000000001,7,891.7700000000002,move,improve
8640,7,895.3400000000001,7,891.7700000000002,swap,notBad
8641,7,895.3400000000001,7,891.7700000000002,swap,notBad
8642,7,895.3400000000001,7,891.7700000000002,swap,notBad
8643,7,895.3400000000001,7,891.7700000000002,2opt,notBad
8644,7,895.3400000000001,7,891.7700000000002,move,improve
8645,7,897.8600000000001,7,891.7700000000002,swap,acceptBad
8646,7,897.8600000000001,7,891.7700000000002,2opt,notBad
8647,7,897.8600000000001,7,891.7700000000002,swap,notBad
8648,7,897.8600000000001,7,891.7700000000002,2opt,notBad
8649,7,897.8600000000001,7,891.7700000000002,2opt,notBad
8650,7,897.8600000000001,7,891.7700000000002,move,improve
8651,7,897.8600000000001,7,891.7700000000002,move,improve
8652,7,897.8600000000001,7,891.7700000000002,swap,notBad
8653,7,897.8600000000001,7,891.7700000000002,2opt,notBad
8654,7,897.8600000000001,7,891.7700000000002,move,improve
8655,7,894.8500000000001,7,891.7700000000002,move,improve
8656,7,894.8500000000001,7,891.7700000000002,move,improve
8657,7,894.8500000000001,7,891.7700000000002,swap,notBad
8658,7,894.8500000000001,7,891.7700000000002,swap,notBad
8659,7,894.8500000000001,7,891.7700000000002,2opt,notBad
8660,7,894.2900000000002,7,891.7700000000002,move,improve
8661,7,894.2900000000002,7,891.7700000000002,2opt,notBad
8662,7,894.2900000000002,7,891.7700000000002,move,improve
8663,7,894.2900000000002,7,891.7700000000002,swap,notBad
8664,7,894.2900000000002,7,891.7700000000002,2opt,improve
8665,7,894.2900000000002,7,891.7700000000002,swap,notBad
8666,7,894.2900000000002,7,891.7700000000002,swap,notBad
8667,7,894.2900000000002,7,891.7700000000002,move,improve
8668,7,894.2900000000002,7,891.7700000000002,move,improve
8669,7,894.2900000000002,7,891.7700000000002,2opt,notBad
8670,7,894.2900000000002,7,891.7700000000002,swap,notBad
8671,7,894.2900000000002,7,891.7700000000002,move,improve
8672,7,894.2900000000002,7,891.7700000000002,move,improve
8673,7,894.2900000000002,7,891.7700000000002,2opt,notBad
8674,7,894.2900000000002,7,891.7700000000002,2opt,notBad
8675,7,894.2900000000002,7,891.7700000000002,swap,notBad
8676,7,894.2900000000002,7,891.7700000000002,2opt,notBad
8677,7,894.2900000000002,7,891.7700000000002,2opt,notBad
8678,7,894.2900000000002,7,891.7700000000002,move,improve
8679,7,894.2900000000002,7,891.7700000000002,move,improve
8680,7,894.2900000000002,7,891.7700000000002,swap,notBad
8681,7,894.2900000000002,7,891.7700000000002,swap,notBad
8682,7,894.2900000000002,7,891.7700000000002,move,improve
8683,7,894.2900000000002,7,891.7700000000002,move,improve
8684,7,894.2900000000002,7,891.7700000000002,2opt,notBad
8685,7,894.2900000000002,7,891.7700000000002,move,improve
8686,7,894.2900000000002,7,891.7700000000002,swap,notBad
8687,7,894.2900000000002,7,891.7700000000002,2opt,notBad
8688,7,894.2900000000002,7,891.7700000000002,swap,notBad
8689,7,894.2900000000002,7,891.7700000000002,move,improve
8690,7,894.2900000000002,7,891.7700000000002,move,improve
8691,7,894.2900000000002,7,891.7700000000002,2opt,notBad
8692,7,894.2900000000002,7,891.7700000000002,2opt,notBad
8693,7,894.2900000000002,7,891.7700000000002,2opt,notBad
8694,7,894.2900000000002,7,891.7700000000002,swap,notBad
8695,7,894.2900000000002,7,891.7700000000002,swap,notBad
8696,7,894.2900000000002,7,891.7700000000002,swap,notBad
8697,7,894.2900000000002,7,891.7700000000002,2opt,notBad
8698,7,894.2900000000002,7,891.7700000000002,swap,notBad
8699,7,894.2900000000002,7,891.7700000000002,2opt,notBad
8700,7,894.2900000000002,7,891.7700000000002,move,notBad
8701,7,894.2900000000002,7,891.7700000000002,2opt,notBad
8702,7,894.2900000000002,7,891.7700000000002,swap,notBad
8703,7,894.2900000000002,7,891.7700000000002,swap,notBad
8704,7,894.2900000000002,7,891.7700000000002,2opt,notBad
8705,7,894.2900000000002,7,891.7700000000002,swap,notBad
8706,7,894.2900000000002,7,891.7700000000002,swap,notBad
8707,7,894.2900000000002,7,891.7700000000002,swap,notBad
8708,7,894.2900000000002,7,891.7700000000002,2opt,notBad
8709,7,894.2900000000002,7,891.7700000000002,swap,notBad
8710,7,894.2900000000002,7,891.7700000000002,move,improve
8711,7,894.2900000000002,7,891.7700000000002,swap,notBad
8712,7,894.2900000000002,7,891.7700000000002,swap,notBad
8713,7,894.2900000000002,7,891.7700000000002,swap,notBad
8714,7,894.2900000000002,7,891.7700000000002,swap,notBad
8715,7,894.2900000000002,7,891.7700000000002,move,notBad
8716,7,894.2900000000002,7,891.7700000000002,2opt,notBad
8717,7,894.2900000000002,7,891.7700000000002,2opt,notBad
8718,7,894.2900000000002,7,891.7700000000002,2opt,notBad
8719,7,894.2900000000002,7,891.7700000000002,swap,notBad
8720,7,894.2900000000002,7,891.7700000000002,move,improve
8721,7,894.2900000000002,7,891.7700000000002,2opt,notBad
8722,7,894.2900000000002,7,891.7700000000002,swap,notBad
8723,7,894.2900000000002,7,891.7700000000002,swap,notBad
8724,7,894.2900000000002,7,891.7700000000002,move,improve
8725,7,894.2900000000002,7,891.7700000000002,move,improve
8726,7,894.2900000000002,7,891.7700000000002,2opt,notBad
8727,7,894.2900000000002,7,891.7700000000002,move,improve
8728,7,894.2900000000002,7,891.7700000000002,2opt,notBad
8729,7,894.2900000000002,7,891.7700000000002,2opt,notBad
8730,7,894.2900000000002,7,891.7700000000002,swap,notBad
8731,7,894.2900000000002,7,891.7700000000002,2opt,notBad
8732,7,894.2900000000002,7,891.7700000000002,2opt,notBad
8733,7,894.2900000000002,7,891.7700000000002,swap,notBad
8734,7,894.2900000000002,7,891.7700000000002,move,improve
8735,7,894.2900000000002,7,891.7700000000002,swap,notBad
8736,7,894.2900000000002,7,891.7700000000002,move,improve
8737,7,894.2900000000002,7,891.7700000000002,swap,notBad
8738,7,894.2900000000002,7,891.7700000000002,swap,notBad
8739,7,894.2900000000002,7,891.7700000000002,2opt,notBad
8740,7,894.2900000000002,7,891.7700000000002,move,improve
8741,7,894.2900000000002,7,891.7700000000002,swap,notBad
8742,7,894.2900000000002,7,891.7700000000002,2opt,notBad
8743,7,894.2900000000002,7,891.7700000000002,swap,notBad
8744,7,894.2900000000002,7,891.7700000000002,swap,notBad
8745,7,891.7700000000002,7,891.7700000000002,move,improve
8746,7,891.7700000000002,7,891.7700000000002,swap,notBad
8747,7,891.7700000000002,7,891.7700000000002,move,improve
8748,7,891.7700000000002,7,891.7700000000002,move,improve
8749,7,891.7700000000002,7,891.7700000000002,move,improve
8750,7,891.7700000000002,7,891.7700000000002,swap,notBad
8751,7,891.7700000000002,7,891.7700000000002,swap,notBad
8752,7,891.7700000000002,7,891.7700000000002,swap,notBad
8753,7,891.7700000000002,7,891.7700000000002,swap,notBad
8754,7,891.7700000000002,7,891.7700000000002,move,improve
8755,7,891.7700000000002,7,891.7700000000002,2opt,improve
8756,7,891.7700000000002,7,891.7700000000002,2opt,notBad
8757,7,891.7700000000002,7,891.7700000000002,2opt,notBad
8758,7,891.7700000000002,7,891.7700000000002,swap,notBad
8759,7,891.7700000000002,7,891.7700000000002,2opt,notBad
8760,7,891.7700000000002,7,891.7700000000002,swap,notBad
8761,7,891.7700000000002,7,891.7700000000002,swap,notBad
8762,7,891.7700000000002,7,891.7700000000002,swap,notBad
8763,7,891.7700000000002,7,891.7700000000002,swap,notBad
8764,7,891.7700000000002,7,891.7700000000002,2opt,notBad
8765,7,891.7700000000002,7,891.7700000000002,swap,notBad
8766,7,891.7700000000002,7,891.7700000000002,swap,notBad
8767,7,891.7700000000002,7,891.7700000000002,swap,notBad
8768,7,891.7700000000002,7,891.7700000000002,2opt,notBad
8769,7,891.7700000000002,7,891.7700000000002,move,improve
8770,7,891.7700000000002,7,891.7700000000002,2opt,notBad
8771,7,891.7700000000002,7,891.7700000000002,swap,notBad
8772,7,891.7700000000002,7,891.7700000000002,swap,notBad
8773,7,891.7700000000002,7,891.7700000000002,move,improve
8774,7,891.7700000000002,7,891.7700000000002,2opt,notBad
8775,7,891.7700000000002,7,891.7700000000002,swap,notBad
8776,7,891.7700000000002,7,891.7700000000002,move,improve
8777,7,891.7700000000002,7,891.7700000000002,swap,notBad
8778,7,891.7700000000002,7,891.7700000000002,swap,notBad
8779,7,891.7700000000002,7,891.7700000000002,move,improve
8780,7,891.7700000000002,7,891.7700000000002,move,improve
8781,7,891.7700000000002,7,891.7700000000002,swap,notBad
8782,7,891.7700000000002,7,891.7700000000002,swap,notBad
8783,7,891.7700000000002,7,891.7700000000002,2opt,notBad
8784,7,891.7700000000002,7,891.7700000000002,move,improve
8785,7,891.7700000000002,7,891.7700000000002,swap,notBad
8786,7,891.7700000000002,7,891.7700000000002,move,improve
8787,7,891.7700000000002,7,891.7700000000002,swap,notBad
8788,7,891.7700000000002,7,891.7700000000002,swap,notBad
8789,7,891.7700000000002,7,891.7700000000002,swap,notBad
8790,7,891.7700000000002,7,891.7700000000002,move,improve
8791,7,891.7700000000002,7,891.7700000000002,2opt,notBad
8792,7,891.7700000000002,7,891.7700000000002,2opt,improve
8793,7,891.7700000000002,7,891.7700000000002,swap,notBad
8794,7,891.7700000000002,7,891.7700000000002,swap,notBad
8795,7,891.7700000000002,7,891.7700000000002,2opt,notBad
8796,7,891.7700000000002,7,891.7700000000002,move,improve
8797,7,891.7700000000002,7,891.7700000000002,swap,notBad
8798,7,891.7700000000002,7,891.7700000000002,move,improve
8799,7,891.7700000000002,7,891.7700000000002,move,improve
8800,7,891.7700000000002,7,891.7700000000002,2opt,notBad
8801,7,891.7700000000002,7,891.7700000000002,2opt,notBad
8802,7,891.7700000000002,7,891.7700000000002,swap,notBad
8803,7,891.7700000000002,7,891.7700000000002,2opt,notBad
8804,7,891.7700000000002,7,891.7700000000002,swap,notBad
8805,7,891.7700000000002,7,891.7700000000002,2opt,notBad
8806,7,891.7700000000002,7,891.7700000000002,2opt,notBad
8807,7,891.7700000000002,7,891.7700000000002,2opt,notBad
8808,7,891.7700000000002,7,891.7700000000002,swap,notBad
8809,7,891.7700000000002,7,891.7700000000002,2opt,notBad
8810,7,891.7700000000002,7,891.7700000000002,swap,notBad
8811,7,891.7700000000002,7,891.7700000000002,swap,notBad
8812,7,891.7700000000002,7,891.7700000000002,swap,notBad
8813,7,891.7700000000002,7,891.7700000000002,2opt,notBad
8814,7,891.7700000000002,7,891.7700000000002,swap,notBad
8815,7,891.7700000000002,7,891.7700000000002,2opt,notBad
8816,7,891.7700000000002,7,891.7700000000002,2opt,notBad
8817,7,891.7700000000002,7,891.7700000000002,move,improve
8818,7,891.7700000000002,7,891.7700000000002,swap,notBad
8819,7,891.7700000000002,7,891.7700000000002,2opt,notBad
8820,7,891.7700000000002,7,891.7700000000002,swap,notBad
8821,7,891.7700000000002,7,891.7700000000002,swap,notBad
8822,7,891.7700000000002,7,891.7700000000002,move,improve
8823,7,891.7700000000002,7,891.7700000000002,swap,notBad
8824,7,891.7700000000002,7,891.7700000000002,swap,notBad
8825,7,891.7700000000002,7,891.7700000000002,move,improve
8826,7,891.7700000000002,7,891.7700000000002,move,improve
8827,7,891.7700000000002,7,891.7700000000002,swap,notBad
8828,7,891.7700000000002,7,891.7700000000002,2opt,notBad
8829,7,891.7700000000002,7,891.7700000000002,move,improve
8830,7,891.7700000000002,7,891.7700000000002,2opt,notBad
8831,7,891.7700000000002,7,891.7700000000002,move,improve
8832,7,891.7700000000002,7,891.7700000000002,move,improve
8833,7,891.7700000000002,7,891.7700000000002,move,improve
8834,7,891.7700000000002,7,891.7700000000002,swap,notBad
8835,7,891.7700000000002,7,891.7700000000002,move,improve
8836,7,891.7700000000002,7,891.7700000000002,2opt,notBad
8837,7,891.7700000000002,7,891.7700000000002,move,improve
8838,7,891.7700000000002,7,891.7700000000002,move,improve
8839,7,891.7700000000002,7,891.7700000000002,swap,notBad
8840,7,891.7700000000002,7,891.7700000000002,swap,notBad
8841,7,891.7700000000002,7,891.7700000000002,move,improve
8842,7,891.7700000000002,7,891.7700000000002,move,improve
8843,7,891.7700000000002,7,891.7700000000002,move,improve
8844,7,891.7700000000002,7,891.7700000000002,2opt,notBad
8845,7,891.7700000000002,7,891.7700000000002,move,improve
8846,7,891.7700000000002,7,891.7700000000002,2opt,notBad
8847,7,891.7700000000002,7,891.7700000000002,move,improve
8848,7,891.7700000000002,7,891.7700000000002,2opt,notBad
8849,7,891.7700000000002,7,891.7700000000002,move,improve
8850,7,891.7700000000002,7,891.7700000000002,2opt,notBad
8851,7,891.7700000000002,7,891.7700000000002,move,improve
8852,7,891.7700000000002,7,891.7700000000002,2opt,improve
8853,7,891.7700000000002,7,891.7700000000002,swap,notBad
8854,7,891.7700000000002,7,891.7700000000002,swap,notBad
8855,7,891.7700000000002,7,891.7700000000002,move,improve
8856,7,891.7700000000002,7,891.7700000000002,2opt,improve
8857,7,891.7700000000002,7,891.7700000000002,swap,notBad
8858,7,891.7700000000002,7,891.7700000000002,move,improve
8859,7,891.7700000000002,7,891.7700000000002,move,improve
8860,7,891.7700000000002,7,891.7700000000002,move,improve
8861,7,891.7700000000002,7,891.7700000000002,move,improve
8862,7,891.7700000000002,7,891.7700000000002,move,improve
8863,7,891.7700000000002,7,891.7700000000002,swap,notBad
8864,7,891.7700000000002,7,891.7700000000002,swap,notBad
8865,7,891.7700000000002,7,891.7700000000002,2opt,improve
8866,7,891.7700000000002,7,891.7700000000002,2opt,notBad
8867,7,891.7700000000002,7,891.7700000000002,move,improve
8868,7,891.7700000000002,7,891.7700000000002,2opt,notBad
8869,7,891.7700000000002,7,891.7700000000002,swap,notBad
8870,7,891.7700000000002,7,891.7700000000002,2opt,notBad
8871,7,891.7700000000002,7,891.7700000000002,swap,notBad
8872,7,891.7700000000002,7,891.7700000000002,move,improve
8873,7,891.7700000000002,7,891.7700000000002,swap,notBad
8874,7,891.7700000000002,7,891.7700000000002,swap,notBad
8875,7,891.7700000000002,7,891.7700000000002,swap,notBad
8876,7,891.7700000000002,7,891.7700000000002,2opt,notBad
8877,7,891.7700000000002,7,891.7700000000002,2opt,notBad
8878,7,891.7700000000002,7,891.7700000000002,move,improve
8879,7,891.7700000000002,7,891.7700000000002,swap,notBad
8880,7,891.7700000000002,7,891.7700000000002,move,improve
8881,7,891.7700000000002,7,891.7700000000002,move,improve
8882,7,891.7700000000002,7,891.7700000000002,move,improve
8883,7,891.7700000000002,7,891.7700000000002,swap,notBad
8884,7,891.7700000000002,7,891.7700000000002,move,improve
8885,7,891.7700000000002,7,891.7700000000002,2opt,notBad
8886,7,891.7700000000002,7,891.7700000000002,swap,notBad
8887,7,891.7700000000002,7,891.7700000000002,move,improve
8888,7,891.7700000000002,7,891.7700000000002,move,improve
8889,7,891.7700000000002,7,891.7700000000002,move,improve
8890,7,891.7700000000002,7,891.7700000000002,2opt,improve
8891,7,891.7700000000002,7,891.7700000000002,move,improve
8892,7,891.7700000000002,7,891.7700000000002,swap,notBad
8893,7,891.7700000000002,7,891.7700000000002,swap,notBad
8894,7,891.7700000000002,7,891.7700000000002,move,improve
8895,7,891.7700000000002,7,891.7700000000002,move,improve
8896,7,891.7700000000002,7,891.7700000000002,move,improve
8897,7,891.7700000000002,7,891.7700000000002,2opt,notBad
8898,7,891.7700000000002,7,891.7700000000002,swap,notBad
8899,7,891.7700000000002,7,891.7700000000002,2opt,notBad
8900,7,891.7700000000002,7,891.7700000000002,swap,notBad
8901,7,891.7700000000002,7,891.7700000000002,swap,notBad
8902,7,891.7700000000002,7,891.7700000000002,move,improve
8903,7,891.7700000000002,7,891.7700000000002,2opt,notBad
8904,7,891.7700000000002,7,891.7700000000002,swap,notBad
8905,7,891.7700000000002,7,891.7700000000002,move,improve
8906,7,891.7700000000002,7,891.7700000000002,2opt,notBad
8907,7,891.7700000000002,7,891.7700000000002,move,improve
8908,7,891.7700000000002,7,891.7700000000002,move,improve
8909,7,891.7700000000002,7,891.7700000000002,swap,notBad
8910,7,891.7700000000002,7,891.7700000000002,2opt,notBad
8911,7,891.7700000000002,7,891.7700000000002,move,improve
8912,7,891.7700000000002,7,891.7700000000002,swap,notBad
8913,7,891.7700000000002,7,891.7700000000002,move,improve
8914,7,891.7700000000002,7,891.7700000000002,move,improve
8915,7,891.7700000000002,7,891.7700000000002,2opt,notBad
8916,7,891.7700000000002,7,891.7700000000002,move,improve
8917,7,891.7700000000002,7,891.7700000000002,2opt,improve
8918,7,891.7700000000002,7,891.7700000000002,move,improve
8919,7,891.7700000000002,7,891.7700000000002,2opt,notBad
8920,7,891.7700000000002,7,891.7700000000002,2opt,notBad
8921,7,891.7700000000002,7,891.7700000000002,move,improve
8922,7,891.7700000000002,7,891.7700000000002,move,improve
8923,7,891.7700000000002,7,891.7700000000002,swap,notBad
8924,7,891.7700000000002,7,891.7700000000002,swap,notBad
8925,7,891.7700000000002,7,891.7700000000002,2opt,notBad
8926,7,891.7700000000002,7,891.7700000000002,2opt,notBad
8927,7,891.7700000000002,7,891.7700000000002,2opt,notBad
8928,7,891.7700000000002,7,891.7700000000002,swap,notBad
8929,7,891.7700000000002,7,891.7700000000002,2opt,notBad
8930,7,891.7700000000002,7,891.7700000000002,swap,notBad
8931,7,891.7700000000002,7,891.7700000000002,swap,notBad
8932,7,891.7700000000002,7,891.7700000000002,move,improve
8933,7,891.7700000000002,7,891.7700000000002,swap,notBad
8934,7,891.7700000000002,7,891.7700000000002,swap,notBad
8935,7,891.7700000000002,7,891.7700000000002,2opt,notBad
8936,7,891.7700000000002,7,891.7700000000002,swap,notBad
8937,7,891.7700000000002,7,891.7700000000002,swap,notBad
8938,7,893.24,7,891.7700000000002,swap,acceptBad
8939,7,893.24,7,891.7700000000002,swap,notBad
8940,7,893.24,7,891.7700000000002,swap,notBad
8941,7,893.24,7,891.7700000000002,2opt,notBad
8942,7,893.24,7,891.7700000000002,2opt,notBad
8943,7,893.24,7,891.7700000000002,move,improve
8944,7,893.24,7,891.7700000000002,swap,notBad
8945,7,893.24,7,891.7700000000002,move,improve
8946,7,893.24,7,891.7700000000002,move,improve
8947,7,893.24,7,891.7700000000002,swap,notBad
8948,7,893.24,7,891.7700000000002,swap,notBad
8949,7,893.24,7,891.7700000000002,swap,notBad
8950,7,893.24,7,891.7700000000002,2opt,notBad
8951,7,893.24,7,891.7700000000002,move,improve
8952,7,893.24,7,891.7700000000002,swap,notBad
8953,7,893.24,7,891.7700000000002,swap,notBad
8954,7,893.24,7,891.7700000000002,swap,notBad
8955,7,893.24,7,891.7700000000002,move,improve
8956,7,893.24,7,891.7700000000002,swap,notBad
8957,7,893.24,7,891.7700000000002,2opt,notBad
8958,7,893.24,7,891.7700000000002,2opt,notBad
8959,7,893.24,7,891.7700000000002,move,improve
8960,7,893.24,7,891.7700000000002,move,improve
8961,7,893.24,7,891.7700000000002,2opt,notBad
8962,7,893.24,7,891.7700000000002,move,improve
8963,7,893.24,7,891.7700000000002,move,notBad
8964,7,893.24,7,891.7700000000002,2opt,improve
8965,7,893.24,7,891.7700000000002,swap,notBad
8966,7,893.24,7,891.7700000000002,move,improve
8967,7,893.24,7,891.7700000000002,move,improve
8968,7,893.24,7,891.7700000000002,swap,notBad
8969,7,893.24,7,891.7700000000002,move,improve
8970,7,893.24,7,891.7700000000002,2opt,notBad
8971,7,893.24,7,891.7700000000002,2opt,notBad
8972,7,893.24,7,891.7700000000002,move,improve
8973,7,893.24,7,891.7700000000002,swap,notBad
8974,7,893.24,7,891.7700000000002,2opt,notBad
8975,7,893.24,7,891.7700000000002,2opt,notBad
8976,7,893.24,7,891.7700000000002,move,improve
8977,7,893.24,7,891.7700000000002,swap,notBad
8978,7,893.24,7,891.7700000000002,swap,notBad
8979,7,893.24,7,891.7700000000002,2opt,notBad
8980,7,893.24,7,891.7700000000002,move,improve
8981,7,893.24,7,891.7700000000002,2opt,notBad
8982,7,893.24,7,891.7700000000002,swap,notBad
8983,7,893.24,7,891.7700000000002,move,improve
8984,7,893.24,7,891.7700000000002,move,improve
8985,7,893.24,7,891.7700000000002,2opt,notBad
8986,7,893.24,7,891.7700000000002,2opt,notBad
8987,7,893.24,7,891.7700000000002,move,improve
8988,7,893.24,7,891.7700000000002,2opt,notBad
8989,7,893.24,7,891.7700000000002,swap,notBad
8990,7,893.24,7,891.7700000000002,swap,notBad
8991,7,893.24,7,891.7700000000002,swap,notBad
8992,7,893.24,7,891.7700000000002,move,improve
8993,7,893.24,7,891.7700000000002,2opt,notBad
8994,7,893.24,7,891.7700000000002,swap,notBad
8995,7,893.24,7,891.7700000000002,swap,notBad
8996,7,893.24,7,891.7700000000002,swap,notBad
8997,7,893.24,7,891.7700000000002,swap,notBad
8998,7,893.24,7,891.7700000000002,move,improve
8999,7,893.24,7,891.7700000000002,swap,notBad
9000,7,893.24,7,891.7700000000002,move,improve
9001,7,893.24,7,891.7700000000002,2opt,notBad
9002,7,893.24,7,891.7700000000002,move,improve
9003,7,893.24,7,891.7700000000002,move,improve
9004,7,893.24,7,891.7700000000002,move,improve
9005,7,893.24,7,891.7700000000002,swap,notBad
9006,7,893.24,7,891.7700000000002,2opt,notBad
9007,7,893.24,7,891.7700000000002,swap,notBad
9008,7,893.24,7,891.7700000000002,swap,notBad
9009,7,893.24,7,891.7700000000002,swap,notBad
9010,7,893.24,7,891.7700000000002,2opt,notBad
9011,7,893.24,7,891.7700000000002,move,improve
9012,7,893.24,7,891.7700000000002,swap,notBad
9013,7,893.24,7,891.7700000000002,swap,notBad
9014,7,893.24,7,891.7700000000002,2opt,notBad
9015,7,893.24,7,891.7700000000002,swap,notBad
9016,7,893.24,7,891.7700000000002,2opt,improve
9017,7,893.24,7,891.7700000000002,swap,notBad
9018,7,893.24,7,891.7700000000002,2opt,improve
9019,7,893.24,7,891.7700000000002,2opt,notBad
9020,7,893.24,7,891.7700000000002,swap,notBad
9021,7,893.24,7,891.7700000000002,move,improve
9022,7,893.24,7,891.7700000000002,2opt,notBad
9023,7,893.24,7,891.7700000000002,2opt,notBad
9024,7,893.24,7,891.7700000000002,swap,notBad
9025,7,893.24,7,891.7700000000002,move,improve
9026,7,893.24,7,891.7700000000002,swap,notBad
9027,7,893.24,7,891.7700000000002,move,improve
9028,7,893.24,7,891.7700000000002,move,improve
9029,7,893.24,7,891.7700000000002,move,improve
9030,7,893.24,7,891.7700000000002,2opt,notBad
9031,7,893.24,7,891.7700000000002,move,improve
9032,7,893.24,7,891.7700000000002,2opt,notBad
9033,7,893.24,7,891.7700000000002,swap,notBad
9034,7,893.24,7,891.7700000000002,swap,notBad
9035,7,893.24,7,891.7700000000002,move,improve
9036,7,893.24,7,891.7700000000002,swap,notBad
9037,7,893.24,7,891.7700000000002,2opt,notBad
9038,7,893.24,7,891.7700000000002,move,improve
9039,7,893.24,7,891.7700000000002,move,improve
9040,7,893.24,7,891.7700000000002,swap,notBad
9041,7,893.24,7,891.7700000000002,move,improve
9042,7,893.24,7,891.7700000000002,swap,notBad
9043,7,893.24,7,891.7700000000002,2opt,notBad
9044,7,893.24,7,891.7700000000002,swap,notBad
9045,7,893.24,7,891.7700000000002,swap,notBad
9046,7,893.24,7,891.7700000000002,move,improve
9047,7,893.24,7,891.7700000000002,move,improve
9048,7,893.24,7,891.7700000000002,2opt,notBad
9049,7,893.24,7,891.7700000000002,swap,notBad
9050,7,893.24,7,891.7700000000002,swap,notBad
9051,7,893.24,7,891.7700000000002,move,improve
9052,7,893.24,7,891.7700000000002,move,improve
9053,7,893.24,7,891.7700000000002,2opt,improve
9054,7,893.24,7,891.7700000000002,2opt,notBad
9055,7,893.24,7,891.7700000000002,2opt,notBad
9056,7,893.24,7,891.7700000000002,swap,notBad
9057,7,893.24,7,891.7700000000002,2opt,notBad
9058,7,893.24,7,891.7700000000002,2opt,notBad
9059,7,893.24,7,891.7700000000002,move,improve
9060,7,893.24,7,891.7700000000002,swap,notBad
9061,7,893.24,7,891.7700000000002,move,improve
9062,7,893.24,7,891.7700000000002,2opt,notBad
9063,7,893.24,7,891.7700000000002,swap,notBad
9064,7,893.24,7,891.7700000000002,swap,notBad
9065,7,893.24,7,891.7700000000002,swap,notBad
9066,7,893.24,7,891.7700000000002,swap,notBad
9067,7,893.24,7,891.7700000000002,2opt,notBad
9068,7,893.24,7,891.7700000000002,2opt,notBad
9069,7,893.24,7,891.7700000000002,move,improve
9070,7,893.24,7,891.7700000000002,swap,notBad
9071,7,893.24,7,891.7700000000002,swap,notBad
9072,7,893.24,7,891.7700000000002,2opt,notBad
9073,7,893.24,7,891.7700000000002,swap,notBad
9074,7,893.24,7,891.7700000000002,move,improve
9075,7,893.24,7,891.7700000000002,move,improve
9076,7,893.24,7,891.7700000000002,move,improve
9077,7,891.7700000000002,7,891.7700000000002,move,improve
9078,7,891.7700000000002,7,891.7700000000002,move,improve
9079,7,891.7700000000002,7,891.7700000000002,move,improve
9080,7,891.7700000000002,7,891.7700000000002,move,improve
9081,7,891.7700000000002,7,891.7700000000002,move,notBad
9082,7,891.7700000000002,7,891.7700000000002,swap,notBad
9083,7,891.7700000000002,7,891.7700000000002,swap,notBad
9084,7,891.7700000000002,7,891.7700000000002,swap,notBad
9085,7,891.7700000000002,7,891.7700000000002,2opt,notBad
9086,7,891.7700000000002,7,891.7700000000002,move,improve
9087,7,891.7700000000002,7,891.7700000000002,2opt,notBad
9088,7,891.7700000000002,7,891.7700000000002,move,improve
9089,7,891.7700000000002,7,891.7700000000002,move,improve
9090,7,891.7700000000002,7,891.7700000000002,move,improve
9091,7,891.7700000000002,7,891.7700000000002,2opt,improve
9092,7,891.7700000000002,7,891.7700000000002,swap,notBad
9093,7,891.7700000000002,7,891.7700000000002,2opt,notBad
9094,7,891.7700000000002,7,891.7700000000002,swap,notBad
9095,7,891.7700000000002,7,891.7700000000002,swap,notBad
9096,7,891.7700000000002,7,891.7700000000002,2opt,notBad
9097,7,891.7700000000002,7,891.7700000000002,swap,notBad
9098,7,891.7700000000002,7,891.7700000000002,2opt,notBad
9099,7,891.7700000000002,7,891.7700000000002,2opt,notBad
9100,7,891.7700000000002,7,891.7700000000002,2opt,notBad
9101,7,891.7700000000002,7,891.7700000000002,swap,notBad
9102,7,891.7700000000002,7,891.7700000000002,swap,notBad
9103,7,891.7700000000002,7,891.7700000000002,move,improve
9104,7,891.7700000000002,7,891.7700000000002,swap,notBad
9105,7,891.7700000000002,7,891.7700000000002,swap,notBad
9106,7,891.7700000000002,7,891.7700000000002,swap,notBad
9107,7,891.7700000000002,7,891.7700000000002,2opt,notBad
9108,7,891.7700000000002,7,891.7700000000002,2opt,notBad
9109,7,891.7700000000002,7,891.7700000000002,swap,notBad
9110,7,891.7700000000002,7,891.7700000000002,swap,notBad
9111,7,891.7700000000002,7,891.7700000000002,swap,notBad
9112,7,891.7700000000002,7,891.7700000000002,move,improve
9113,7,891.7700000000002,7,891.7700000000002,2opt,notBad
9114,7,891.7700000000002,7,891.7700000000002,2opt,improve
9115,7,891.7700000000002,7,891.7700000000002,swap,notBad
9116,7,891.7700000000002,7,891.7700000000002,swap,notBad
9117,7,891.7700000000002,7,891.7700000000002,2opt,notBad
9118,7,891.7700000000002,7,891.7700000000002,swap,notBad
9119,7,891.7700000000002,7,891.7700000000002,move,improve
9120,7,891.7700000000002,7,891.7700000000002,swap,notBad
9121,7,891.7700000000002,7,891.7700000000002,swap,notBad
9122,7,891.7700000000002,7,891.7700000000002,swap,notBad
9123,7,891.7700000000002,7,891.7700000000002,2opt,improve
9124,7,891.7700000000002,7,891.7700000000002,move,improve
9125,7,891.7700000000002,7,891.7700000000002,swap,notBad
9126,7,891.7700000000002,7,891.7700000000002,swap,notBad
9127,7,891.7700000000002,7,891.7700000000002,swap,notBad
9128,7,891.7700000000002,7,891.7700000000002,2opt,notBad
9129,7,891.7700000000002,7,891.7700000000002,2opt,notBad
9130,7,891.7700000000002,7,891.7700000000002,2opt,notBad
9131,7,891.7700000000002,7,891.7700000000002,2opt,improve
9132,7,891.7700000000002,7,891.7700000000002,move,improve
9133,7,891.7700000000002,7,891.7700000000002,swap,notBad
9134,7,891.7700000000002,7,891.7700000000002,2opt,notBad
9135,7,891.7700000000002,7,891.7700000000002,2opt,notBad
9136,7,891.7700000000002,7,891.7700000000002,move,improve
9137,7,891.7700000000002,7,891.7700000000002,move,improve
9138,7,891.7700000000002,7,891.7700000000002,2opt,notBad
9139,7,891.7700000000002,7,891.7700000000002,move,improve
9140,7,891.7700000000002,7,891.7700000000002,swap,notBad
9141,7,891.7700000000002,7,891.7700000000002,2opt,notBad
9142,7,891.7700000000002,7,891.7700000000002,2opt,notBad
9143,7,891.7700000000002,7,891.7700000000002,move,improve
9144,7,891.7700000000002,7,891.7700000000002,swap,notBad
9145,7,891.7700000000002,7,891.7700000000002,2opt,notBad
9146,7,891.7700000000002,7,891.7700000000002,2opt,notBad
9147,7,891.7700000000002,7,891.7700000000002,move,improve
9148,7,891.7700000000002,7,891.7700000000002,move,improve
9149,7,891.7700000000002,7,891.7700000000002,2opt,notBad
9150,7,891.7700000000002,7,891.7700000000002,2opt,notBad
9151,7,891.7700000000002,7,891.7700000000002,swap,notBad
9152,7,891.7700000000002,7,891.7700000000002,swap,notBad
9153,7,891.7700000000002,7,891.7700000000002,swap,notBad
9154,7,891.7700000000002,7,891.7700000000002,swap,notBad
9155,7,891.7700000000002,7,891.7700000000002,move,improve
9156,7,891.7700000000002,7,891.7700000000002,2opt,notBad
9157,7,891.7700000000002,7,891.7700000000002,2opt,notBad
9158,7,891.7700000000002,7,891.7700000000002,move,improve
9159,7,891.7700000000002,7,891.7700000000002,swap,notBad
9160,7,891.7700000000002,7,891.7700000000002,move,improve
9161,7,891.7700000000002,7,891.7700000000002,move,improve
9162,7,891.7700000000002,7,891.7700000000002,move,improve
9163,7,891.7700000000002,7,891.7700000000002,swap,notBad
9164,7,891.7700000000002,7,891.7700000000002,2opt,notBad
9165,7,891.7700000000002,7,891.7700000000002,2opt,notBad
9166,7,891.7700000000002,7,891.7700000000002,move,improve
9167,7,891.7700000000002,7,891.7700000000002,move,improve
9168,7,891.7700000000002,7,891.7700000000002,move,improve
9169,7,891.7700000000002,7,891.7700000000002,move,improve
9170,7,891.7700000000002,7,891.7700000000002,swap,notBad
9171,7,891.7700000000002,7,891.7700000000002,swap,notBad
9172,7,891.7700000000002,7,891.7700000000002,move,improve
9173,7,891.7700000000002,7,891.7700000000002,move,improve
9174,7,891.7700000000002,7,891.7700000000002,move,improve
9175,7,891.7700000000002,7,891.7700000000002,move,improve
9176,7,891.7700000000002,7,891.7700000000002,2opt,notBad
9177,7,891.7700000000002,7,891.7700000000002,2opt,notBad
9178,7,891.7700000000002,7,891.7700000000002,2opt,notBad
9179,7,891.7700000000002,7,891.7700000000002,swap,notBad
9180,7,891.7700000000002,7,891.7700000000002,swap,notBad
9181,7,891.7700000000002,7,891.7700000000002,move,improve
9182,7,891.7700000000002,7,891.7700000000002,swap,notBad
9183,7,891.7700000000002,7,891.7700000000002,2opt,notBad
9184,7,891.7700000000002,7,891.7700000000002,move,improve
9185,7,891.7700000000002,7,891.7700000000002,2opt,notBad
9186,7,891.7700000000002,7,891.7700000000002,move,improve
9187,7,891.7700000000002,7,891.7700000000002,2opt,notBad
9188,7,891.7700000000002,7,891.7700000000002,2opt,notBad
9189,7,891.7700000000002,7,891.7700000000002,swap,notBad
9190,7,891.7700000000002,7,891.7700000000002,move,improve
9191,7,891.7700000000002,7,891.7700000000002,swap,notBad
9192,7,891.7700000000002,7,891.7700000000002,2opt,notBad
9193,7,891.7700000000002,7,891.7700000000002,2opt,notBad
9194,7,891.7700000000002,7,891.7700000000002,2opt,notBad
9195,7,891.7700000000002,7,891.7700000000002,2opt,notBad
9196,7,891.7700000000002,7,891.7700000000002,swap,notBad
9197,7,891.7700000000002,7,891.7700000000002,2opt,notBad
9198,7,891.7700000000002,7,891.7700000000002,move,improve
9199,7,891.7700000000002,7,891.7700000000002,move,improve
9200,7,891.7700000000002,7,891.7700000000002,move,improve
9201,7,891.7700000000002,7,891.7700000000002,move,improve
9202,7,891.7700000000002,7,891.7700000000002,move,improve
9203,7,891.7700000000002,7,891.7700000000002,swap,notBad
9204,7,891.7700000000002,7,891.7700000000002,move,notBad
9205,7,891.7700000000002,7,891.7700000000002,swap,notBad
9206,7,891.7700000000002,7,891.7700000000002,swap,notBad
9207,7,891.7700000000002,7,891.7700000000002,move,improve
9208,7,891.7700000000002,7,891.7700000000002,2opt,notBad
9209,7,891.7700000000002,7,891.7700000000002,swap,notBad
9210,7,891.7700000000002,7,891.7700000000002,2opt,notBad
9211,7,891.7700000000002,7,891.7700000000002,move,improve
9212,7,891.7700000000002,7,891.7700000000002,swap,notBad
9213,7,891.7700000000002,7,891.7700000000002,move,improve
9214,7,891.7700000000002,7,891.7700000000002,move,improve
9215,7,891.7700000000002,7,891.7700000000002,swap,notBad
9216,7,891.7700000000002,7,891.7700000000002,swap,notBad
9217,7,891.7700000000002,7,891.7700000000002,2opt,notBad
9218,7,891.7700000000002,7,891.7700000000002,swap,notBad
9219,7,891.7700000000002,7,891.7700000000002,2opt,notBad
9220,7,891.7700000000002,7,891.7700000000002,2opt,notBad
9221,7,891.7700000000002,7,891.7700000000002,swap,notBad
9222,7,891.7700000000002,7,891.7700000000002,swap,notBad
9223,7,891.7700000000002,7,891.7700000000002,swap,notBad
9224,7,891.7700000000002,7,891.7700000000002,swap,notBad
9225,7,891.7700000000002,7,891.7700000000002,move,improve
9226,7,891.7700000000002,7,891.7700000000002,swap,notBad
9227,7,891.7700000000002,7,891.7700000000002,2opt,notBad
9228,7,891.7700000000002,7,891.7700000000002,2opt,notBad
9229,7,891.7700000000002,7,891.7700000000002,swap,notBad
9230,7,891.7700000000002,7,891.7700000000002,2opt,notBad
9231,7,891.7700000000002,7,891.7700000000002,2opt,notBad
9232,7,891.7700000000002,7,891.7700000000002,swap,notBad
9233,7,891.7700000000002,7,891.7700000000002,swap,notBad
9234,7,891.7700000000002,7,891.7700000000002,2opt,notBad
9235,7,891.7700000000002,7,891.7700000000002,swap,notBad
9236,7,891.7700000000002,7,891.7700000000002,2opt,notBad
9237,7,891.7700000000002,7,891.7700000000002,2opt,improve
9238,7,891.7700000000002,7,891.7700000000002,2opt,notBad
9239,7,891.7700000000002,7,891.7700000000002,2opt,notBad
9240,7,891.7700000000002,7,891.7700000000002,swap,notBad
9241,7,891.7700000000002,7,891.7700000000002,swap,notBad
9242,7,891.7700000000002,7,891.7700000000002,move,improve
9243,7,891.7700000000002,7,891.7700000000002,move,improve
9244,7,891.7700000000002,7,891.7700000000002,swap,notBad
9245,7,891.7700000000002,7,891.7700000000002,move,improve
9246,7,891.7700000000002,7,891.7700000000002,move,improve
9247,7,891.7700000000002,7,891.7700000000002,swap,notBad
9248,7,891.7700000000002,7,891.7700000000002,swap,notBad
9249,7,891.7700000000002,7,891.7700000000002,move,improve
9250,7,891.7700000000002,7,891.7700000000002,move,improve
9251,7,891.7700000000002,7,891.7700000000002,2opt,improve
9252,7,891.7700000000002,7,891.7700000000002,2opt,notBad
9253,7,891.7700000000002,7,891.7700000000002,move,improve
9254,7,891.7700000000002,7,891.7700000000002,swap,notBad
9255,7,891.7700000000002,7,891.7700000000002,2opt,notBad
9256,7,891.7700000000002,7,891.7700000000002,move,improve
9257,7,891.7700000000002,7,891.7700000000002,swap,notBad
9258,7,891.7700000000002,7,891.7700000000002,2opt,notBad
9259,7,891.7700000000002,7,891.7700000000002,swap,notBad
9260,7,891.7700000000002,7,891.7700000000002,swap,notBad
9261,7,891.7700000000002,7,891.7700000000002,swap,notBad
9262,7,891.7700000000002,7,891.7700000000002,swap,notBad
9263,7,891.7700000000002,7,891.7700000000002,swap,notBad
9264,7,891.7700000000002,7,891.7700000000002,swap,notBad
9265,7,891.7700000000002,7,891.7700000000002,move,improve
9266,7,891.7700000000002,7,891.7700000000002,2opt,notBad
9267,7,891.7700000000002,7,891.7700000000002,2opt,notBad
9268,7,891.7700000000002,7,891.7700000000002,swap,notBad
9269,7,891.7700000000002,7,891.7700000000002,2opt,notBad
9270,7,891.7700000000002,7,891.7700000000002,swap,notBad
9271,7,891.7700000000002,7,891.7700000000002,2opt,notBad
9272,7,891.7700000000002,7,891.7700000000002,2opt,notBad
9273,7,891.7700000000002,7,891.7700000000002,swap,notBad
9274,7,891.7700000000002,7,891.7700000000002,swap,notBad
9275,7,891.7700000000002,7,891.7700000000002,swap,notBad
9276,7,891.7700000000002,7,891.7700000000002,swap,notBad
9277,7,891.7700000000002,7,891.7700000000002,swap,notBad
9278,7,891.7700000000002,7,891.7700000000002,move,improve
9279,7,891.7700000000002,7,891.7700000000002,2opt,notBad
9280,7,891.7700000000002,7,891.7700000000002,move,improve
9281,7,891.7700000000002,7,891.7700000000002,2opt,notBad
9282,7,891.7700000000002,7,891.7700000000002,2opt,notBad
9283,7,891.7700000000002,7,891.7700000000002,2opt,notBad
9284,7,891.7700000000002,7,891.7700000000002,swap,notBad
9285,7,891.7700000000002,7,891.7700000000002,move,improve
9286,7,891.7700000000002,7,891.7700000000002,move,notBad
9287,7,891.7700000000002,7,891.7700000000002,2opt,improve
9288,7,891.7700000000002,7,891.7700000000002,move,improve
9289,7,891.7700000000002,7,891.7700000000002,move,improve
9290,7,891.7700000000002,7,891.7700000000002,swap,notBad
9291,7,891.7700000000002,7,891.7700000000002,swap,notBad
9292,7,891.7700000000002,7,891.7700000000002,2opt,notBad
9293,7,891.7700000000002,7,891.7700000000002,move,improve
9294,7,891.7700000000002,7,891.7700000000002,2opt,notBad
9295,7,891.7700000000002,7,891.7700000000002,move,improve
9296,7,891.7700000000002,7,891.7700000000002,move,improve
9297,7,891.7700000000002,7,891.7700000000002,2opt,notBad
9298,7,891.7700000000002,7,891.7700000000002,2opt,notBad
9299,7,891.7700000000002,7,891.7700000000002,move,improve
9300,7,891.7700000000002,7,891.7700000000002,swap,notBad
9301,7,891.7700000000002,7,891.7700000000002,2opt,notBad
9302,7,891.7700000000002,7,891.7700000000002,2opt,notBad
9303,7,891.7700000000002,7,891.7700000000002,swap,notBad
9304,7,891.7700000000002,7,891.7700000000002,2opt,notBad
9305,7,891.7700000000002,7,891.7700000000002,swap,notBad
9306,7,891.7700000000002,7,891.7700000000002,swap,notBad
9307,7,891.7700000000002,7,891.7700000000002,2opt,notBad
9308,7,891.7700000000002,7,891.7700000000002,swap,notBad
9309,7,891.7700000000002,7,891.7700000000002,swap,notBad
9310,7,891.7700000000002,7,891.7700000000002,move,improve
9311,7,891.7700000000002,7,891.7700000000002,move,improve
9312,7,891.7700000000002,7,891.7700000000002,move,improve
9313,7,891.7700000000002,7,891.7700000000002,move,improve
9314,7,891.7700000000002,7,891.7700000000002,2opt,notBad
9315,7,891.7700000000002,7,891.7700000000002,move,improve
9316,7,891.7700000000002,7,891.7700000000002,swap,notBad
9317,7,891.7700000000002,7,891.7700000000002,swap,notBad
9318,7,891.7700000000002,7,891.7700000000002,move,improve
9319,7,891.7700000000002,7,891.7700000000002,2opt,improve
9320,7,891.7700000000002,7,891.7700000000002,swap,notBad
9321,7,891.7700000000002,7,891.7700000000002,move,improve
9322,7,891.7700000000002,7,891.7700000000002,2opt,notBad
9323,7,891.7700000000002,7,891.7700000000002,move,improve
9324,7,891.7700000000002,7,891.7700000000002,2opt,notBad
9325,7,891.7700000000002,7,891.7700000000002,move,improve
9326,7,891.7700000000002,7,891.7700000000002,move,improve
9327,7,891.7700000000002,7,891.7700000000002,move,improve
9328,7,891.7700000000002,7,891.7700000000002,2opt,notBad
9329,7,891.7700000000002,7,891.7700000000002,move,improve
9330,7,891.7700000000002,7,891.7700000000002,swap,notBad
9331,7,891.7700000000002,7,891.7700000000002,swap,notBad
9332,7,891.7700000000002,7,891.7700000000002,move,improve
9333,7,891.7700000000002,7,891.7700000000002,move,improve
9334,7,891.7700000000002,7,891.7700000000002,move,improve
9335,7,891.7700000000002,7,891.7700000000002,swap,notBad
9336,7,891.7700000000002,7,891.7700000000002,2opt,notBad
9337,7,891.7700000000002,7,891.7700000000002,swap,notBad
9338,7,891.7700000000002,7,891.7700000000002,2opt,notBad
9339,7,891.7700000000002,7,891.7700000000002,move,improve
9340,7,891.7700000000002,7,891.7700000000002,swap,notBad
9341,7,891.7700000000002,7,891.7700000000002,move,improve
9342,7,891.7700000000002,7,891.7700000000002,move,improve
9343,7,891.7700000000002,7,891.7700000000002,swap,notBad
9344,7,891.7700000000002,7,891.7700000000002,swap,notBad
9345,7,891.7700000000002,7,891.7700000000002,swap,notBad
9346,7,891.7700000000002,7,891.7700000000002,2opt,notBad
9347,7,891.7700000000002,7,891.7700000000002,swap,notBad
9348,7,891.7700000000002,7,891.7700000000002,2opt,notBad
9349,7,891.7700000000002,7,891.7700000000002,move,improve
9350,7,891.7700000000002,7,891.7700000000002,2opt,notBad
9351,7,891.7700000000002,7,891.7700000000002,swap,notBad
9352,7,891.7700000000002,7,891.7700000000002,2opt,notBad
9353,7,891.7700000000002,7,891.7700000000002,move,improve
9354,7,891.7700000000002,7,891.7700000000002,move,improve
9355,7,891.7700000000002,7,891.7700000000002,2opt,notBad
9356,7,891.7700000000002,7,891.7700000000002,move,improve
9357,7,891.7700000000002,7,891.7700000000002,move,improve
9358,7,891.7700000000002,7,891.7700000000002,swap,notBad
9359,7,891.7700000000002,7,891.7700000000002,move,improve
9360,7,891.7700000000002,7,891.7700000000002,swap,notBad
9361,7,891.7700000000002,7,891.7700000000002,move,improve
9362,7,891.7700000000002,7,891.7700000000002,move,improve
9363,7,891.7700000000002,7,891.7700000000002,2opt,notBad
9364,7,891.7700000000002,7,891.7700000000002,swap,notBad
9365,7,891.7700000000002,7,891.7700000000002,swap,notBad
9366,7,891.7700000000002,7,891.7700000000002,swap,notBad
9367,7,891.7700000000002,7,891.7700000000002,move,improve
9368,7,891.7700000000002,7,891.7700000000002,2opt,notBad
9369,7,891.7700000000002,7,891.7700000000002,move,improve
9370,7,891.7700000000002,7,891.7700000000002,move,improve
9371,7,891.7700000000002,7,891.7700000000002,2opt,notBad
9372,7,891.7700000000002,7,891.7700000000002,swap,notBad
9373,7,891.7700000000002,7,891.7700000000002,move,notBad
9374,7,891.7700000000002,7,891.7700000000002,2opt,notBad
9375,7,891.7700000000002,7,891.7700000000002,swap,notBad
9376,7,891.7700000000002,7,891.7700000000002,swap,notBad
9377,7,891.7700000000002,7,891.7700000000002,move,improve
9378,7,891.7700000000002,7,891.7700000000002,2opt,notBad
9379,7,891.7700000000002,7,891.7700000000002,2opt,notBad
9380,7,891.7700000000002,7,891.7700000000002,swap,notBad
9381,7,891.7700000000002,7,891.7700000000002,swap,notBad
9382,7,891.7700000000002,7,891.7700000000002,swap,notBad
9383,7,891.7700000000002,7,891.7700000000002,swap,notBad
9384,7,891.7700000000002,7,891.7700000000002,swap,notBad
9385,7,891.7700000000002,7,891.7700000000002,swap,notBad
9386,7,891.7700000000002,7,891.7700000000002,2opt,notBad
9387,7,891.7700000000002,7,891.7700000000002,swap,notBad
9388,7,891.7700000000002,7,891.7700000000002,2opt,notBad
9389,7,891.7700000000002,7,891.7700000000002,swap,notBad
9390,7,891.7700000000002,7,891.7700000000002,2opt,notBad
9391,7,891.7700000000002,7,891.7700000000002,move,improve
9392,7,891.7700000000002,7,891.7700000000002,move,improve
9393,7,891.7700000000002,7,891.7700000000002,2opt,notBad
9394,7,891.7700000000002,7,891.7700000000002,2opt,improve
9395,7,891.7700000000002,7,891.7700000000002,swap,notBad
9396,7,891.7700000000002,7,891.7700000000002,move,improve
9397,7,891.7700000000002,7,891.7700000000002,swap,notBad
9398,7,891.7700000000002,7,891.7700000000002,move,improve
9399,7,891.7700000000002,7,891.7700000000002,move,improve
9400,7,891.7700000000002,7,891.7700000000002,2opt,notBad
9401,7,891.7700000000002,7,891.7700000000002,move,improve
9402,7,891.7700000000002,7,891.7700000000002,move,improve
9403,7,891.7700000000002,7,891.7700000000002,swap,notBad
9404,7,891.7700000000002,7,891.7700000000002,2opt,improve
9405,7,891.7700000000002,7,891.7700000000002,2opt,notBad
9406,7,891.7700000000002,7,891.7700000000002,move,improve
9407,7,891.7700000000002,7,891.7700000000002,swap,notBad
9408,7,891.7700000000002,7,891.7700000000002,2opt,notBad
9409,7,891.7700000000002,7,891.7700000000002,2opt,notBad
9410,7,891.7700000000002,7,891.7700000000002,move,improve
9411,7,891.7700000000002,7,891.7700000000002,swap,notBad
9412,7,891.7700000000002,7,891.7700000000002,2opt,improve
9413,7,891.7700000000002,7,891.7700000000002,move,improve
9414,7,891.7700000000002,7,891.7700000000002,2opt,notBad
9415,7,891.7700000000002,7,891.7700000000002,2opt,notBad
9416,7,891.7700000000002,7,891.7700000000002,move,improve
9417,7,891.7700000000002,7,891.7700000000002,swap,notBad
9418,7,891.7700000000002,7,891.7700000000002,swap,notBad
9419,7,891.7700000000002,7,891.7700000000002,swap,notBad
9420,7,891.7700000000002,7,891.7700000000002,swap,notBad
9421,7,891.7700000000002,7,891.7700000000002,2opt,notBad
9422,7,891.7700000000002,7,891.7700000000002,2opt,notBad
9423,7,891.7700000000002,7,891.7700000000002,swap,notBad
9424,7,891.7700000000002,7,891.7700000000002,2opt,notBad
9425,7,891.7700000000002,7,891.7700000000002,swap,notBad
9426,7,891.7700000000002,7,891.7700000000002,move,notBad
9427,7,891.7700000000002,7,891.7700000000002,move,improve
9428,7,891.7700000000002,7,891.7700000000002,swap,notBad
9429,7,891.7700000000002,7,891.7700000000002,2opt,notBad
9430,7,891.7700000000002,7,891.7700000000002,swap,notBad
9431,7,891.7700000000002,7,891.7700000000002,move,improve
9432,7,891.7700000000002,7,891.7700000000002,2opt,notBad
9433,7,891.7700000000002,7,891.7700000000002,move,notBad
9434,7,891.7700000000002,7,891.7700000000002,swap,notBad
9435,7,891.7700000000002,7,891.7700000000002,2opt,notBad
9436,7,891.7700000000002,7,891.7700000000002,2opt,notBad
9437,7,891.7700000000002,7,891.7700000000002,swap,notBad
9438,7,891.7700000000002,7,891.7700000000002,2opt,notBad
9439,7,891.7700000000002,7,891.7700000000002,move,improve
9440,7,891.7700000000002,7,891.7700000000002,2opt,notBad
9441,7,891.7700000000002,7,891.7700000000002,swap,notBad
9442,7,891.7700000000002,7,891.7700000000002,swap,notBad
9443,7,891.7700000000002,7,891.7700000000002,move,improve
9444,7,891.7700000000002,7,891.7700000000002,move,improve
9445,7,891.7700000000002,7,891.7700000000002,2opt,notBad
9446,7,891.7700000000002,7,891.7700000000002,2opt,notBad
9447,7,891.7700000000002,7,891.7700000000002,move,improve
9448,7,891.7700000000002,7,891.7700000000002,move,improve
9449,7,891.7700000000002,7,891.7700000000002,2opt,notBad
9450,7,891.7700000000002,7,891.7700000000002,swap,notBad
9451,7,891.7700000000002,7,891.7700000000002,swap,notBad
9452,7,891.7700000000002,7,891.7700000000002,move,improve
9453,7,891.7700000000002,7,891.7700000000002,swap,notBad
9454,7,891.7700000000002,7,891.7700000000002,swap,notBad
9455,7,891.7700000000002,7,891.7700000000002,2opt,notBad
9456,7,891.7700000000002,7,891.7700000000002,move,improve
9457,7,891.7700000000002,7,891.7700000000002,move,improve
9458,7,891.7700000000002,7,891.7700000000002,2opt,notBad
9459,7,891.7700000000002,7,891.7700000000002,2opt,notBad
9460,7,891.7700000000002,7,891.7700000000002,move,improve
9461,7,891.7700000000002,7,891.7700000000002,swap,notBad
9462,7,891.7700000000002,7,891.7700000000002,move,improve
9463,7,891.7700000000002,7,891.7700000000002,swap,notBad
9464,7,891.7700000000002,7,891.7700000000002,swap,notBad
9465,7,891.7700000000002,7,891.7700000000002,2opt,notBad
9466,7,891.7700000000002,7,891.7700000000002,swap,notBad
9467,7,891.7700000000002,7,891.7700000000002,move,notBad
9468,7,893.24,7,891.7700000000002,swap,acceptBad
9469,7,893.24,7,891.7700000000002,swap,notBad
9470,7,893.24,7,891.7700000000002,swap,notBad
9471,7,893.24,7,891.7700000000002,swap,notBad
9472,7,893.24,7,891.7700000000002,swap,notBad
9473,7,893.24,7,891.7700000000002,2opt,notBad
9474,7,893.24,7,891.7700000000002,move,improve
9475,7,893.24,7,891.7700000000002,move,improve
9476,7,893.24,7,891.7700000000002,move,improve
9477,7,893.24,7,891.7700000000002,move,improve
9478,7,893.24,7,891.7700000000002,swap,notBad
9479,7,893.24,7,891.7700000000002,swap,notBad
9480,7,893.24,7,891.7700000000002,swap,notBad
9481,7,893.24,7,891.7700000000002,move,improve
9482,7,893.24,7,891.7700000000002,swap,notBad
9483,7,893.24,7,891.7700000000002,2opt,notBad
9484,7,893.24,7,891.7700000000002,swap,notBad
9485,7,893.24,7,891.7700000000002,move,improve
9486,7,893.24,7,891.7700000000002,swap,notBad
9487,7,893.24,7,891.7700000000002,move,improve
9488,7,893.24,7,891.7700000000002,2opt,notBad
9489,7,893.24,7,891.7700000000002,2opt,notBad
9490,7,893.24,7,891.7700000000002,move,improve
9491,7,893.24,7,891.7700000000002,swap,notBad
9492,7,893.24,7,891.7700000000002,swap,notBad
9493,7,893.24,7,891.7700000000002,swap,notBad
9494,7,893.24,7,891.7700000000002,swap,notBad
9495,7,893.24,7,891.7700000000002,swap,notBad
9496,7,891.7700000000002,7,891.7700000000002,move,improve
9497,7,891.7700000000002,7,891.7700000000002,move,improve
9498,7,891.7700000000002,7,891.7700000000002,move,improve
9499,7,891.7700000000002,7,891.7700000000002,move,improve
9500,7,891.7700000000002,7,891.7700000000002,2opt,notBad
9501,7,891.7700000000002,7,891.7700000000002,move,notBad
9502,7,891.7700000000002,7,891.7700000000002,2opt,notBad
9503,7,891.7700000000002,7,891.7700000000002,swap,notBad
9504,7,891.7700000000002,7,891.7700000000002,move,improve
9505,7,891.7700000000002,7,891.7700000000002,swap,notBad
9506,7,891.7700000000002,7,891.7700000000002,2opt,notBad
9507,7,891.7700000000002,7,891.7700000000002,move,improve
9508,7,891.7700000000002,7,891.7700000000002,move,improve
9509,7,891.7700000000002,7,891.7700000000002,2opt,notBad
9510,7,891.7700000000002,7,891.7700000000002,2opt,notBad
9511,7,891.7700000000002,7,891.7700000000002,2opt,notBad
9512,7,891.7700000000002,7,891.7700000000002,move,improve
9513,7,891.7700000000002,7,891.7700000000002,move,improve
9514,7,891.7700000000002,7,891.7700000000002,swap,notBad
9515,7,891.7700000000002,7,891.7700000000002,swap,notBad
9516,7,891.7700000000002,7,891.7700000000002,swap,notBad
9517,7,891.7700000000002,7,891.7700000000002,swap,notBad
9518,7,891.7700000000002,7,891.7700000000002,2opt,notBad
9519,7,891.7700000000002,7,891.7700000000002,2opt,notBad
9520,7,891.7700000000002,7,891.7700000000002,2opt,notBad
9521,7,891.7700000000002,7,891.7700000000002,2opt,notBad
9522,7,891.7700000000002,7,891.7700000000002,swap,notBad
9523,7,891.7700000000002,7,891.7700000000002,2opt,improve
9524,7,891.7700000000002,7,891.7700000000002,2opt,notBad
9525,7,891.98,7,891.7700000000002,2opt,acceptBad
9526,7,891.77,7,891.77,move,newBest
9527,7,891.77,7,891.77,move,improve
9528,7,891.77,7,891.77,swap,notBad
9529,7,891.77,7,891.77,2opt,notBad
9530,7,891.77,7,891.77,swap,notBad
9531,7,891.77,7,891.77,move,improve
9532,7,891.77,7,891.77,2opt,notBad
9533,7,891.77,7,891.77,move,improve
9534,7,891.77,7,891.77,2opt,improve
9535,7,891.77,7,891.77,move,improve
9536,7,891.77,7,891.77,swap,notBad
9537,7,891.77,7,891.77,swap,notBad
9538,7,891.77,7,891.77,2opt,notBad
9539,7,891.77,7,891.77,2opt,notBad
9540,7,891.77,7,891.77,swap,notBad
9541,7,891.77,7,891.77,move,improve
9542,7,891.77,7,891.77,2opt,notBad
9543,7,891.77,7,891.77,swap,notBad
9544,7,891.77,7,891.77,move,improve
9545,7,891.77,7,891.77,swap,notBad
9546,7,891.77,7,891.77,2opt,notBad
9547,7,891.77,7,891.77,move,improve
9548,7,891.77,7,891.77,swap,notBad
9549,7,891.77,7,891.77,2opt,notBad
9550,7,891.77,7,891.77,swap,notBad
9551,7,891.77,7,891.77,move,improve
9552,7,891.77,7,891.77,move,improve
9553,7,891.77,7,891.77,2opt,notBad
9554,7,891.77,7,891.77,move,improve
9555,7,891.77,7,891.77,swap,notBad
9556,7,891.77,7,891.77,move,improve
9557,7,891.77,7,891.77,swap,notBad
9558,7,891.77,7,891.77,2opt,notBad
9559,7,891.77,7,891.77,swap,notBad
9560,7,891.77,7,891.77,move,improve
9561,7,891.77,7,891.77,move,improve
9562,7,891.77,7,891.77,2opt,notBad
9563,7,891.77,7,891.77,move,improve
9564,7,891.77,7,891.77,swap,notBad
9565,7,891.77,7,891.77,swap,notBad
9566,7,891.77,7,891.77,2opt,notBad
9567,7,891.77,7,891.77,move,improve
9568,7,891.77,7,891.77,swap,notBad
9569,7,891.77,7,891.77,swap,notBad
9570,7,891.77,7,891.77,move,improve
9571,7,891.77,7,891.77,swap,notBad
9572,7,891.77,7,891.77,move,improve
9573,7,891.77,7,891.77,move,improve
9574,7,891.77,7,891.77,2opt,improve
9575,7,891.77,7,891.77,swap,notBad
9576,7,891.77,7,891.77,2opt,notBad
9577,7,891.77,7,891.77,2opt,notBad
9578,7,891.77,7,891.77,swap,notBad
9579,7,891.77,7,891.77,move,improve
9580,7,891.77,7,891.77,2opt,notBad
9581,7,891.77,7,891.77,2opt,notBad
9582,7,891.77,7,891.77,swap,notBad
9583,7,891.77,7,891.77,2opt,notBad
9584,7,891.77,7,891.77,swap,notBad
9585,7,891.77,7,891.77,move,improve
9586,7,891.77,7,891.77,swap,notBad
9587,7,891.77,7,891.77,swap,notBad
9588,7,891.77,7,891.77,swap,notBad
9589,7,891.77,7,891.77,2opt,notBad
9590,7,891.77,7,891.77,swap,notBad
9591,7,891.77,7,891.77,swap,notBad
9592,7,891.77,7,891.77,swap,notBad
9593,7,891.77,7,891.77,move,improve
9594,7,891.77,7,891.77,move,improve
9595,7,891.77,7,891.77,move,improve
9596,7,891.77,7,891.77,swap,notBad
9597,7,891.77,7,891.77,swap,notBad
9598,7,891.77,7,891.77,move,improve
9599,7,891.77,7,891.77,move,improve
9600,7,891.77,7,891.77,swap,notBad
9601,7,891.77,7,891.77,2opt,notBad
9602,7,891.77,7,891.77,swap,notBad
9603,7,891.77,7,891.77,move,improve
9604,7,891.77,7,891.77,move,improve
9605,7,891.77,7,891.77,swap,notBad
9606,7,891.77,7,891.77,swap,notBad
9607,7,891.77,7,891.77,move,improve
9608,7,891.77,7,891.77,move,improve
9609,7,891.77,7,891.77,move,improve
9610,7,891.77,7,891.77,2opt,notBad
9611,7,891.77,7,891.77,2opt,improve
9612,7,891.77,7,891.77,move,improve
9613,7,891.77,7,891.77,2opt,notBad
9614,7,891.77,7,891.77,2opt,improve
9615,7,891.77,7,891.77,swap,notBad
9616,7,891.77,7,891.77,move,improve
9617,7,891.77,7,891.77,2opt,notBad
9618,7,891.77,7,891.77,2opt,notBad
9619,7,891.77,7,891.77,move,improve
9620,7,891.77,7,891.77,move,improve
9621,7,891.77,7,891.77,move,improve
9622,7,891.77,7,891.77,2opt,notBad
9623,7,891.77,7,891.77,swap,notBad
9624,7,891.77,7,891.77,swap,notBad
9625,7,891.77,7,891.77,2opt,notBad
9626,7,891.77,7,891.77,2opt,notBad
9627,7,891.77,7,891.77,move,improve
9628,7,891.77,7,891.77,2opt,notBad
9629,7,891.77,7,891.77,swap,notBad
9630,7,891.77,7,891.77,2opt,notBad
9631,7,891.77,7,891.77,move,improve
9632,7,891.77,7,891.77,swap,notBad
9633,7,891.77,7,891.77,2opt,notBad
9634,7,891.77,7,891.77,move,improve
9635,7,891.77,7,891.77,move,improve
9636,7,891.77,7,891.77,swap,notBad
9637,7,891.77,7,891.77,swap,notBad
9638,7,891.77,7,891.77,move,improve
9639,7,891.77,7,891.77,move,improve
9640,7,891.77,7,891.77,move,improve
9641,7,891.77,7,891.77,move,improve
9642,7,891.77,7,891.77,2opt,improve
9643,7,891.77,7,891.77,swap,notBad
9644,7,891.77,7,891.77,2opt,notBad
9645,7,891.77,7,891.77,swap,notBad
9646,7,891.77,7,891.77,swap,notBad
9647,7,891.77,7,891.77,swap,notBad
9648,7,891.77,7,891.77,move,improve
9649,7,891.77,7,891.77,2opt,notBad
9650,7,891.77,7,891.77,move,improve
9651,7,891.77,7,891.77,swap,notBad
9652,7,891.77,7,891.77,swap,notBad
9653,7,891.77,7,891.77,swap,notBad
9654,7,891.77,7,891.77,2opt,notBad
9655,7,891.77,7,891.77,move,improve
9656,7,891.77,7,891.77,swap,notBad
9657,7,891.77,7,891.77,move,improve
9658,7,891.77,7,891.77,2opt,notBad
9659,7,891.77,7,891.77,move,improve
9660,7,891.77,7,891.77,2opt,notBad
9661,7,891.77,7,891.77,move,improve
9662,7,891.77,7,891.77,2opt,notBad
9663,7,891.77,7,891.77,2opt,notBad
9664,7,891.77,7,891.77,swap,notBad
9665,7,891.77,7,891.77,swap,notBad
9666,7,891.77,7,891.77,swap,notBad
9667,7,891.77,7,891.77,2opt,notBad
9668,7,891.77,7,891.77,move,improve
9669,7,891.77,7,891.77,2opt,notBad
9670,7,891.77,7,891.77,2opt,notBad
9671,7,891.77,7,891.77,2opt,improve
9672,7,891.77,7,891.77,swap,notBad
9673,7,891.77,7,891.77,2opt,notBad
9674,7,891.77,7,891.77,swap,notBad
9675,7,891.77,7,891.77,2opt,notBad
9676,7,891.77,7,891.77,swap,notBad
9677,7,891.77,7,891.77,swap,notBad
9678,7,891.77,7,891.77,swap,notBad
9679,7,891.77,7,891.77,move,notBad
9680,7,893.24,7,891.77,swap,acceptBad
9681,7,893.24,7,891.77,move,improve
9682,7,893.24,7,891.77,move,improve
9683,7,893.24,7,891.77,move,improve
9684,7,893.24,7,891.77,move,improve
9685,7,893.24,7,891.77,2opt,notBad
9686,7,893.24,7,891.77,swap,notBad
9687,7,893.24,7,891.77,move,improve
9688,7,893.24,7,891.77,swap,notBad
9689,7,893.24,7,891.77,swap,notBad
9690,7,893.24,7,891.77,move,improve
9691,7,893.24,7,891.77,2opt,notBad
9692,7,893.24,7,891.77,2opt,notBad
9693,7,893.24,7,891.77,2opt,notBad
9694,7,893.24,7,891.77,swap,notBad
9695,7,893.24,7,891.77,move,improve
9696,7,893.24,7,891.77,swap,notBad
9697,7,893.24,7,891.77,2opt,notBad
9698,7,893.24,7,891.77,move,improve
9699,7,893.24,7,891.77,move,improve
9700,7,893.24,7,891.77,move,improve
9701,7,893.24,7,891.77,swap,notBad
9702,7,893.24,7,891.77,swap,notBad
9703,7,893.24,7,891.77,2opt,notBad
9704,7,893.24,7,891.77,swap,notBad
9705,7,893.24,7,891.77,2opt,improve
9706,7,893.24,7,891.77,swap,notBad
9707,7,893.24,7,891.77,2opt,notBad
9708,7,893.24,7,891.77,swap,notBad
9709,7,893.24,7,891.77,2opt,notBad
9710,7,893.24,7,891.77,swap,notBad
9711,7,893.24,7,891.77,move,improve
9712,7,893.24,7,891.77,move,improve
9713,7,893.24,7,891.77,2opt,notBad
9714,7,893.24,7,891.77,swap,notBad
9715,7,893.24,7,891.77,2opt,notBad
9716,7,893.24,7,891.77,2opt,notBad
9717,7,893.24,7,891.77,move,improve
9718,7,893.24,7,891.77,swap,notBad
9719,7,893.24,7,891.77,2opt,notBad
9720,7,893.24,7,891.77,swap,notBad
9721,7,893.24,7,891.77,swap,notBad
9722,7,893.24,7,891.77,2opt,notBad
9723,7,893.24,7,891.77,2opt,notBad
9724,7,893.24,7,891.77,2opt,notBad
9725,7,893.24,7,891.77,swap,notBad
9726,7,893.24,7,891.77,move,improve
9727,7,893.24,7,891.77,move,improve
9728,7,893.24,7,891.77,move,improve
9729,7,893.24,7,891.77,swap,notBad
9730,7,893.24,7,891.77,move,improve
9731,7,893.24,7,891.77,2opt,notBad
9732,7,893.24,7,891.77,move,improve
9733,7,893.24,7,891.77,2opt,notBad
9734,7,893.24,7,891.77,swap,notBad
9735,7,893.24,7,891.77,swap,notBad
9736,7,893.24,7,891.77,2opt,notBad
9737,7,893.24,7,891.77,move,improve
9738,7,893.24,7,891.77,move,improve
9739,7,893.24,7,891.77,2opt,notBad
9740,7,893.24,7,891.77,move,notBad
9741,7,891.77,7,891.77,move,improve
9742,7,891.77,7,891.77,move,improve
9743,7,891.77,7,891.77,move,improve
9744,7,891.77,7,891.77,swap,notBad
9745,7,891.77,7,891.77,swap,notBad
9746,7,891.77,7,891.77,move,notBad
9747,7,891.77,7,891.77,swap,notBad
9748,7,891.77,7,891.77,move,improve
9749,7,891.77,7,891.77,move,improve
9750,7,891.77,7,891.77,2opt,notBad
9751,7,891.77,7,891.77,move,improve
9752,7,891.77,7,891.77,move,improve
9753,7,891.77,7,891.77,swap,notBad
9754,7,891.77,7,891.77,2opt,notBad
9755,7,891.77,7,891.77,swap,notBad
9756,7,891.77,7,891.77,2opt,notBad
9757,7,891.77,7,891.77,swap,notBad
9758,7,891.77,7,891.77,move,improve
9759,7,891.77,7,891.77,swap,notBad
9760,7,891.77,7,891.77,move,improve
9761,7,891.77,7,891.77,move,improve
9762,7,891.77,7,891.77,move,improve
9763,7,891.77,7,891.77,2opt,notBad
9764,7,891.77,7,891.77,swap,notBad
9765,7,891.77,7,891.77,swap,notBad
9766,7,891.77,7,891.77,swap,notBad
9767,7,891.77,7,891.77,move,improve
9768,7,891.77,7,891.77,move,improve
9769,7,891.77,7,891.77,move,improve
9770,7,891.77,7,891.77,move,improve
9771,7,891.77,7,891.77,swap,notBad
9772,7,891.77,7,891.77,2opt,notBad
9773,7,891.77,7,891.77,2opt,notBad
9774,7,891.77,7,891.77,move,improve
9775,7,891.77,7,891.77,move,improve
9776,7,891.77,7,891.77,2opt,notBad
9777,7,891.77,7,891.77,swap,notBad
9778,7,891.77,7,891.77,2opt,notBad
9779,7,891.77,7,891.77,move,improve
9780,7,891.77,7,891.77,move,improve
9781,7,891.77,7,891.77,2opt,improve
9782,7,891.77,7,891.77,swap,notBad
9783,7,891.77,7,891.77,2opt,notBad
9784,7,891.77,7,891.77,swap,notBad
9785,7,891.77,7,891.77,2opt,notBad
9786,7,891.77,7,891.77,move,improve
9787,7,891.77,7,891.77,move,improve
9788,7,891.77,7,891.77,move,improve
9789,7,891.77,7,891.77,move,improve
9790,7,891.77,7,891.77,move,improve
9791,7,891.77,7,891.77,swap,notBad
9792,7,891.77,7,891.77,move,improve
9793,7,891.77,7,891.77,2opt,notBad
9794,7,891.77,7,891.77,swap,notBad
9795,7,891.77,7,891.77,move,improve
9796,7,891.77,7,891.77,move,improve
9797,7,891.77,7,891.77,2opt,notBad
9798,7,891.77,7,891.77,2opt,notBad
9799,7,891.77,7,891.77,swap,notBad
9800,7,891.77,7,891.77,move,improve
9801,7,891.77,7,891.77,move,improve
9802,7,891.77,7,891.77,move,improve
9803,7,891.77,7,891.77,swap,notBad
9804,7,891.77,7,891.77,swap,notBad
9805,7,891.77,7,891.77,2opt,notBad
9806,7,891.77,7,891.77,2opt,notBad
9807,7,891.77,7,891.77,swap,notBad
9808,7,891.77,7,891.77,move,improve
9809,7,891.77,7,891.77,move,improve
9810,7,891.77,7,891.77,move,improve
9811,7,891.77,7,891.77,swap,notBad
9812,7,891.77,7,891.77,2opt,notBad
9813,7,891.77,7,891.77,2opt,notBad
9814,7,891.77,7,891.77,move,improve
9815,7,891.77,7,891.77,swap,notBad
9816,7,891.77,7,891.77,swap,notBad
9817,7,891.77,7,891.77,move,improve
9818,7,891.77,7,891.77,2opt,improve
9819,7,891.77,7,891.77,move,improve
9820,7,891.77,7,891.77,swap,notBad
9821,7,891.77,7,891.77,swap,notBad
9822,7,891.77,7,891.77,2opt,notBad
9823,7,891.77,7,891.77,move,improve
9824,7,891.77,7,891.77,2opt,notBad
9825,7,891.77,7,891.77,move,improve
9826,7,891.77,7,891.77,2opt,notBad
9827,7,891.77,7,891.77,swap,notBad
9828,7,891.77,7,891.77,move,improve
9829,7,891.77,7,891.77,swap,notBad
9830,7,891.77,7,891.77,swap,notBad
9831,7,893.24,7,891.77,swap,acceptBad
9832,7,893.24,7,891.77,move,improve
9833,7,893.24,7,891.77,2opt,notBad
9834,7,893.24,7,891.77,move,improve
9835,7,893.24,7,891.77,move,improve
9836,7,893.24,7,891.77,move,improve
9837,7,893.24,7,891.77,2opt,notBad
9838,7,893.24,7,891.77,move,improve
9839,7,893.24,7,891.77,move,improve
9840,7,893.24,7,891.77,move,improve
9841,7,893.24,7,891.77,2opt,notBad
9842,7,893.24,7,891.77,2opt,notBad
9843,7,893.24,7,891.77,move,improve
9844,7,893.24,7,891.77,swap,notBad
9845,7,893.24,7,891.77,2opt,notBad
9846,7,893.24,7,891.77,move,improve
9847,7,893.24,7,891.77,move,improve
9848,7,893.24,7,891.77,move,improve
9849,7,893.24,7,891.77,2opt,notBad
9850,7,893.24,7,891.77,move,improve
9851,7,893.24,7,891.77,move,improve
9852,7,893.24,7,891.77,swap,notBad
9853,7,891.77,7,891.77,move,improve
9854,7,891.77,7,891.77,move,improve
9855,7,891.77,7,891.77,move,improve
9856,7,891.77,7,891.77,2opt,improve
9857,7,891.77,7,891.77,move,improve
9858,7,891.77,7,891.77,2opt,notBad
9859,7,891.77,7,891.77,2opt,notBad
9860,7,891.77,7,891.77,move,improve
9861,7,891.77,7,891.77,swap,notBad
9862,7,891.77,7,891.77,2opt,notBad
9863,7,891.77,7,891.77,move,improve
9864,7,891.77,7,891.77,swap,notBad
9865,7,891.77,7,891.77,swap,notBad
9866,7,891.77,7,891.77,swap,notBad
9867,7,891.77,7,891.77,swap,notBad
9868,7,891.77,7,891.77,swap,notBad
9869,7,891.77,7,891.77,move,improve
9870,7,891.77,7,891.77,swap,notBad
9871,7,891.77,7,891.77,swap,notBad
9872,7,891.77,7,891.77,move,improve
9873,7,891.77,7,891.77,move,improve
9874,7,891.77,7,891.77,move,improve
9875,7,891.77,7,891.77,2opt,notBad
9876,7,891.77,7,891.77,move,improve
9877,7,891.77,7,891.77,swap,notBad
9878,7,891.77,7,891.77,move,improve
9879,7,891.77,7,891.77,move,improve
9880,7,891.77,7,891.77,move,improve
9881,7,891.77,7,891.77,move,improve
9882,7,891.77,7,891.77,swap,notBad
9883,7,891.77,7,891.77,move,improve
9884,7,891.77,7,891.77,move,improve
9885,7,891.77,7,891.77,swap,notBad
9886,7,891.77,7,891.77,2opt,improve
9887,7,891.77,7,891.77,move,improve
9888,7,891.77,7,891.77,2opt,notBad
9889,7,891.77,7,891.77,move,improve
9890,7,891.77,7,891.77,2opt,notBad
9891,7,891.77,7,891.77,swap,notBad
9892,7,891.77,7,891.77,swap,notBad
9893,7,891.77,7,891.77,2opt,notBad
9894,7,891.77,7,891.77,2opt,notBad
9895,7,891.77,7,891.77,swap,notBad
9896,7,891.77,7,891.77,move,improve
9897,7,891.77,7,891.77,2opt,notBad
9898,7,891.77,7,891.77,move,improve
9899,7,891.77,7,891.77,2opt,notBad
9900,7,891.77,7,891.77,swap,notBad
9901,7,891.77,7,891.77,move,improve
9902,7,891.77,7,891.77,2opt,notBad
9903,7,891.77,7,891.77,2opt,notBad
9904,7,891.77,7,891.77,swap,notBad
9905,7,891.77,7,891.77,move,notBad
9906,7,891.77,7,891.77,move,improve
9907,7,891.77,7,891.77,swap,notBad
9908,7,891.77,7,891.77,swap,notBad
9909,7,891.77,7,891.77,swap,notBad
9910,7,891.77,7,891.77,2opt,notBad
9911,7,891.77,7,891.77,2opt,notBad
9912,7,891.77,7,891.77,move,improve
9913,7,891.77,7,891.77,2opt,notBad
9914,7,891.77,7,891.77,move,improve
9915,7,891.77,7,891.77,move,improve
9916,7,891.77,7,891.77,move,improve
9917,7,891.77,7,891.77,move,improve
9918,7,891.77,7,891.77,move,improve
9919,7,891.77,7,891.77,swap,notBad
9920,7,891.77,7,891.77,2opt,notBad
9921,7,891.77,7,891.77,swap,notBad
9922,7,891.77,7,891.77,move,improve
9923,7,891.77,7,891.77,move,improve
9924,7,891.77,7,891.77,swap,notBad
9925,7,891.77,7,891.77,move,improve
9926,7,891.77,7,891.77,2opt,notBad
9927,7,891.77,7,891.77,2opt,notBad
9928,7,891.77,7,891.77,2opt,notBad
9929,7,891.77,7,891.77,swap,notBad
9930,7,891.77,7,891.77,swap,notBad
9931,7,891.77,7,891.77,2opt,notBad
9932,7,891.77,7,891.77,2opt,notBad
9933,7,891.77,7,891.77,move,improve
9934,7,891.77,7,891.77,move,improve
9935,7,891.77,7,891.77,swap,notBad
9936,7,891.77,7,891.77,2opt,notBad
9937,7,891.77,7,891.77,2opt,notBad
9938,7,891.77,7,891.77,move,improve
9939,7,891.77,7,891.77,move,improve
9940,7,891.77,7,891.77,move,improve
9941,7,891.77,7,891.77,move,improve
9942,7,891.77,7,891.77,move,improve
9943,7,891.77,7,891.77,2opt,notBad
9944,7,891.77,7,891.77,swap,notBad
9945,7,891.77,7,891.77,2opt,notBad
9946,7,891.77,7,891.77,swap,notBad
9947,7,891.77,7,891.77,2opt,notBad
9948,7,891.77,7,891.77,move,improve
9949,7,891.77,7,891.77,move,improve
9950,7,891.77,7,891.77,2opt,notBad
9951,7,891.77,7,891.77,move,improve
9952,7,891.77,7,891.77,swap,notBad
9953,7,891.77,7,891.77,swap,notBad
9954,7,891.77,7,891.77,2opt,improve
9955,7,891.77,7,891.77,move,improve
9956,7,891.77,7,891.77,2opt,notBad
9957,7,891.77,7,891.77,2opt,notBad
9958,7,891.77,7,891.77,2opt,notBad
9959,7,891.77,7,891.77,swap,notBad
9960,7,891.77,7,891.77,2opt,notBad
9961,7,891.77,7,891.77,swap,notBad
9962,7,891.77,7,891.77,swap,notBad
9963,7,891.77,7,891.77,2opt,notBad
9964,7,891.77,7,891.77,2opt,notBad
9965,7,891.77,7,891.77,swap,notBad
9966,7,891.77,7,891.77,2opt,notBad
9967,7,891.77,7,891.77,move,improve
9968,7,891.77,7,891.77,2opt,notBad
9969,7,891.77,7,891.77,move,improve
9970,7,891.77,7,891.77,move,improve
9971,7,891.77,7,891.77,swap,notBad
9972,7,891.77,7,891.77,move,improve
9973,7,891.77,7,891.77,2opt,notBad
9974,7,891.77,7,891.77,swap,notBad
9975,7,891.77,7,891.77,move,improve
9976,7,891.77,7,891.77,2opt,notBad
9977,7,891.77,7,891.77,move,improve
9978,7,891.77,7,891.77,swap,notBad
9979,7,891.77,7,891.77,swap,notBad
9980,7,891.77,7,891.77,swap,notBad
9981,7,891.77,7,891.77,move,improve
9982,7,891.77,7,891.77,move,improve
9983,7,891.77,7,891.77,2opt,notBad
9984,7,891.77,7,891.77,swap,notBad
9985,7,891.77,7,891.77,swap,notBad
9986,7,891.77,7,891.77,2opt,improve
9987,7,891.77,7,891.77,2opt,notBad
9988,7,891.77,7,891.77,move,improve
9989,7,891.77,7,891.77,2opt,notBad
9990,7,891.77,7,891.77,swap,notBad
9991,7,891.77,7,891.77,move,improve
9992,7,891.77,7,891.77,2opt,notBad
9993,7,891.77,7,891.77,2opt,notBad
9994,7,891.77,7,891.77,swap,notBad
9995,7,891.77,7,891.77,move,improve
9996,7,891.77,7,891.77,swap,notBad
9997,7,891.77,7,891.77,move,improve
9998,7,891.77,7,891.77,2opt,notBad
9999,7,891.77,7,891.77,swap,notBad
10000,7,891.77,7,891.77,2opt,notBad
10001,7,891.77,7,891.77,2opt,notBad
10002,7,891.77,7,891.77,2opt,notBad
10003,7,891.77,7,891.77,move,improve
10004,7,891.77,7,891.77,2opt,notBad
10005,7,891.77,7,891.77,2opt,notBad
10006,7,891.77,7,891.77,swap,notBad
10007,7,891.77,7,891.77,swap,notBad
10008,7,891.77,7,891.77,swap,notBad
10009,7,891.77,7,891.77,2opt,improve
10010,7,891.77,7,891.77,swap,notBad
10011,7,891.77,7,891.77,2opt,notBad
10012,7,891.77,7,891.77,2opt,notBad
10013,7,891.77,7,891.77,2opt,notBad
10014,7,891.77,7,891.77,2opt,notBad
10015,7,891.77,7,891.77,move,improve
10016,7,891.77,7,891.77,move,improve
10017,7,891.77,7,891.77,swap,notBad
10018,7,891.77,7,891.77,move,improve
10019,7,891.77,7,891.77,2opt,notBad
10020,7,891.77,7,891.77,2opt,notBad
10021,7,891.77,7,891.77,move,improve
10022,7,891.77,7,891.77,2opt,notBad
10023,7,891.77,7,891.77,move,improve
10024,7,891.77,7,891.77,move,improve
10025,7,891.77,7,891.77,2opt,notBad
10026,7,891.77,7,891.77,2opt,notBad
10027,7,891.77,7,891.77,2opt,notBad
10028,7,891.77,7,891.77,2opt,improve
10029,7,891.77,7,891.77,2opt,notBad
10030,7,891.77,7,891.77,swap,notBad
10031,7,891.77,7,891.77,swap,notBad
10032,7,891.77,7,891.77,move,improve
10033,7,891.77,7,891.77,move,improve
10034,7,891.77,7,891.77,2opt,notBad
10035,7,891.77,7,891.77,swap,notBad
10036,7,891.77,7,891.77,2opt,notBad
10037,7,891.77,7,891.77,move,improve
10038,7,891.77,7,891.77,2opt,notBad
10039,7,891.77,7,891.77,swap,notBad
10040,7,891.77,7,891.77,move,improve
10041,7,891.77,7,891.77,move,improve
10042,7,891.77,7,891.77,move,improve
10043,7,891.77,7,891.77,move,improve
10044,7,891.77,7,891.77,move,improve
10045,7,891.77,7,891.77,2opt,notBad
10046,7,891.77,7,891.77,move,improve
10047,7,891.77,7,891.77,move,improve
10048,7,891.77,7,891.77,2opt,notBad
10049,7,891.77,7,891.77,move,improve
10050,7,891.77,7,891.77,2opt,notBad
10051,7,891.77,7,891.77,swap,notBad
10052,7,891.77,7,891.77,move,improve
10053,7,891.77,7,891.77,swap,notBad
10054,7,891.77,7,891.77,2opt,notBad
10055,7,891.77,7,891.77,2opt,notBad
10056,7,891.77,7,891.77,swap,notBad
10057,7,891.77,7,891.77,2opt,improve
10058,7,891.77,7,891.77,2opt,notBad
10059,7,891.77,7,891.77,move,improve
10060,7,891.77,7,891.77,2opt,notBad
10061,7,891.77,7,891.77,move,improve
10062,7,891.77,7,891.77,swap,notBad
10063,7,891.77,7,891.77,move,improve
10064,7,891.77,7,891.77,2opt,notBad
10065,7,891.77,7,891.77,move,improve
10066,7,891.77,7,891.77,swap,notBad
10067,7,891.77,7,891.77,2opt,notBad
10068,7,891.77,7,891.77,move,improve
10069,7,891.77,7,891.77,2opt,notBad
10070,7,891.77,7,891.77,2opt,notBad
10071,7,891.77,7,891.77,swap,notBad
10072,7,891.77,7,891.77,2opt,notBad
10073,7,891.77,7,891.77,2opt,notBad
10074,7,891.77,7,891.77,move,improve
10075,7,891.77,7,891.77,move,improve
10076,7,891.77,7,891.77,2opt,notBad
10077,7,891.77,7,891.77,move,improve
10078,7,891.77,7,891.77,swap,notBad
10079,7,891.77,7,891.77,2opt,notBad
10080,7,891.77,7,891.77,swap,notBad
10081,7,891.77,7,891.77,2opt,notBad
10082,7,891.77,7,891.77,move,improve
10083,7,891.77,7,891.77,swap,notBad
10084,7,891.77,7,891.77,move,improve
10085,7,891.77,7,891.77,swap,notBad
10086,7,891.77,7,891.77,2opt,notBad
10087,7,891.77,7,891.77,2opt,notBad
10088,7,891.77,7,891.77,swap,notBad
10089,7,891.77,7,891.77,swap,notBad
10090,7,891.77,7,891.77,move,improve
10091,7,891.77,7,891.77,move,improve
10092,7,891.77,7,891.77,2opt,notBad
10093,7,891.77,7,891.77,2opt,notBad
10094,7,891.77,7,891.77,swap,notBad
10095,7,891.77,7,891.77,swap,notBad
10096,7,891.77,7,891.77,2opt,notBad
10097,7,891.77,7,891.77,move,improve
10098,7,891.77,7,891.77,swap,notBad
10099,7,891.77,7,891.77,move,improve
10100,7,891.77,7,891.77,swap,notBad
10101,7,891.77,7,891.77,2opt,notBad
10102,7,891.77,7,891.77,move,improve
10103,7,891.77,7,891.77,move,improve
10104,7,891.77,7,891.77,move,improve
10105,7,891.77,7,891.77,move,improve
10106,7,891.77,7,891.77,move,improve
10107,7,891.77,7,891.77,swap,notBad
10108,7,891.77,7,891.77,swap,notBad
10109,7,891.77,7,891.77,2opt,notBad
10110,7,891.77,7,891.77,2opt,notBad
10111,7,891.77,7,891.77,swap,notBad
10112,7,891.77,7,891.77,2opt,notBad
10113,7,891.77,7,891.77,move,improve
10114,7,891.77,7,891.77,2opt,notBad
10115,7,891.77,7,891.77,swap,notBad
10116,7,891.77,7,891.77,2opt,notBad
10117,7,891.77,7,891.77,move,improve
10118,7,891.77,7,891.77,move,improve
10119,7,891.77,7,891.77,2opt,notBad
10120,7,891.77,7,891.77,2opt,notBad
10121,7,891.77,7,891.77,swap,notBad
10122,7,891.77,7,891.77,swap,notBad
10123,7,891.77,7,891.77,2opt,notBad
10124,7,891.77,7,891.77,swap,notBad
10125,7,891.77,7,891.77,move,improve
10126,7,891.77,7,891.77,2opt,notBad
10127,7,891.77,7,891.77,swap,notBad
10128,7,891.77,7,891.77,swap,notBad
10129,7,891.77,7,891.77,2opt,notBad
10130,7,891.77,7,891.77,swap,notBad
10131,7,891.77,7,891.77,swap,notBad
10132,7,891.77,7,891.77,2opt,notBad
10133,7,891.77,7,891.77,2opt,notBad
10134,7,891.77,7,891.77,swap,notBad
10135,7,891.77,7,891.77,2opt,notBad
10136,7,891.77,7,891.77,2opt,notBad
10137,7,891.77,7,891.77,2opt,notBad
10138,7,891.77,7,891.77,2opt,improve
10139,7,891.77,7,891.77,swap,notBad
10140,7,891.77,7,891.77,swap,notBad
10141,7,891.77,7,891.77,2opt,notBad
10142,7,891.77,7,891.77,2opt,notBad
10143,7,891.77,7,891.77,move,improve
10144,7,891.77,7,891.77,2opt,notBad
10145,7,891.77,7,891.77,move,improve
10146,7,891.77,7,891.77,2opt,notBad
10147,7,891.77,7,891.77,2opt,notBad
10148,7,891.77,7,891.77,swap,notBad
10149,7,891.77,7,891.77,2opt,notBad
10150,7,891.77,7,891.77,2opt,notBad
10151,7,891.77,7,891.77,2opt,notBad
10152,7,891.77,7,891.77,move,improve
10153,7,891.77,7,891.77,2opt,improve
10154,7,891.77,7,891.77,move,improve
10155,7,891.77,7,891.77,swap,notBad
10156,7,891.77,7,891.77,swap,notBad
10157,7,891.77,7,891.77,swap,notBad
10158,7,891.77,7,891.77,swap,notBad
10159,7,891.77,7,891.77,2opt,notBad
10160,7,891.77,7,891.77,move,improve
10161,7,891.77,7,891.77,2opt,notBad
10162,7,891.77,7,891.77,swap,notBad
10163,7,891.77,7,891.77,move,improve
10164,7,891.77,7,891.77,2opt,notBad
10165,7,891.77,7,891.77,2opt,notBad
10166,7,891.77,7,891.77,move,improve
10167,7,891.77,7,891.77,2opt,notBad
10168,7,891.77,7,891.77,2opt,notBad
10169,7,891.77,7,891.77,move,improve
10170,7,891.77,7,891.77,move,improve
10171,7,891.77,7,891.77,2opt,notBad
10172,7,891.77,7,891.77,move,improve
10173,7,891.77,7,891.77,swap,notBad
10174,7,891.77,7,891.77,swap,notBad
10175,7,891.77,7,891.77,2opt,notBad
10176,7,891.77,7,891.77,swap,notBad
10177,7,891.77,7,891.77,swap,notBad
10178,7,891.77,7,891.77,move,improve
10179,7,891.77,7,891.77,move,improve
10180,7,891.77,7,891.77,swap,notBad
10181,7,891.77,7,891.77,move,notBad
10182,7,891.77,7,891.77,swap,notBad
10183,7,891.77,7,891.77,2opt,notBad
10184,7,891.77,7,891.77,2opt,notBad
10185,7,891.77,7,891.77,move,notBad
10186,7,891.77,7,891.77,move,improve
10187,7,891.77,7,891.77,2opt,notBad
10188,7,891.77,7,891.77,swap,notBad
10189,7,891.77,7,891.77,move,improve
10190,7,891.77,7,891.77,2opt,notBad
10191,7,891.77,7,891.77,move,improve
10192,7,891.77,7,891.77,swap,notBad
10193,7,891.77,7,891.77,swap,notBad
10194,7,891.77,7,891.77,swap,notBad
10195,7,891.77,7,891.77,swap,notBad
10196,7,891.77,7,891.77,2opt,notBad
10197,7,891.77,7,891.77,swap,notBad
10198,7,891.77,7,891.77,2opt,notBad
10199,7,891.77,7,891.77,move,improve
10200,7,891.77,7,891.77,swap,notBad
10201,7,891.77,7,891.77,2opt,notBad
10202,7,891.77,7,891.77,move,improve
10203,7,891.77,7,891.77,move,improve
10204,7,891.77,7,891.77,move,improve
10205,7,891.77,7,891.77,2opt,improve
10206,7,891.77,7,891.77,move,improve
10207,7,891.77,7,891.77,2opt,improve
10208,7,891.77,7,891.77,move,improve
10209,7,891.77,7,891.77,move,improve
10210,7,891.77,7,891.77,2opt,improve
10211,7,891.77,7,891.77,swap,notBad
10212,7,891.77,7,891.77,move,improve
10213,7,891.77,7,891.77,2opt,notBad
10214,7,891.77,7,891.77,swap,notBad
10215,7,891.77,7,891.77,swap,notBad
10216,7,891.77,7,891.77,move,improve
10217,7,891.77,7,891.77,swap,notBad
10218,7,891.77,7,891.77,swap,notBad
10219,7,891.77,7,891.77,move,improve
10220,7,891.77,7,891.77,swap,notBad
10221,7,891.77,7,891.77,swap,notBad
10222,7,891.77,7,891.77,swap,notBad
10223,7,891.77,7,891.77,move,improve
10224,7,891.77,7,891.77,2opt,notBad
10225,7,891.77,7,891.77,swap,notBad
10226,7,891.77,7,891.77,swap,notBad
10227,7,891.77,7,891.77,move,improve
10228,7,891.77,7,891.77,2opt,notBad
10229,7,891.77,7,891.77,move,improve
10230,7,891.77,7,891.77,move,improve
10231,7,891.77,7,891.77,swap,notBad
10232,7,891.77,7,891.77,2opt,notBad
10233,7,891.77,7,891.77,2opt,improve
10234,7,891.77,7,891.77,swap,notBad
10235,7,891.77,7,891.77,swap,notBad
10236,7,891.77,7,891.77,move,improve
10237,7,891.77,7,891.77,move,improve
10238,7,891.77,7,891.77,swap,notBad
10239,7,891.77,7,891.77,move,improve
10240,7,891.77,7,891.77,move,improve
10241,7,891.77,7,891.77,2opt,notBad
10242,7,891.77,7,891.77,swap,notBad
10243,7,891.77,7,891.77,move,improve
10244,7,891.77,7,891.77,2opt,improve
10245,7,891.77,7,891.77,move,improve
10246,7,891.77,7,891.77,swap,notBad
10247,7,891.77,7,891.77,swap,notBad
10248,7,891.77,7,891.77,swap,notBad
10249,7,891.77,7,891.77,move,improve
10250,7,891.77,7,891.77,swap,notBad
10251,7,891.77,7,891.77,2opt,notBad
10252,7,891.77,7,891.77,move,improve
10253,7,891.77,7,891.77,swap,notBad
10254,7,891.77,7,891.77,move,improve
10255,7,891.77,7,891.77,swap,notBad
10256,7,891.77,7,891.77,2opt,notBad
10257,7,891.77,7,891.77,move,improve
10258,7,891.77,7,891.77,swap,notBad
10259,7,891.77,7,891.77,2opt,notBad
10260,7,891.77,7,891.77,2opt,improve
10261,7,891.77,7,891.77,swap,notBad
10262,7,891.77,7,891.77,swap,notBad
10263,7,891.77,7,891.77,move,improve
10264,7,891.77,7,891.77,swap,notBad
10265,7,891.77,7,891.77,swap,notBad
10266,7,891.77,7,891.77,2opt,notBad
10267,7,891.77,7,891.77,swap,notBad
10268,7,891.77,7,891.77,move,improve
10269,7,891.77,7,891.77,2opt,notBad
10270,7,891.77,7,891.77,swap,notBad
10271,7,891.77,7,891.77,move,improve
10272,7,891.77,7,891.77,move,improve
10273,7,891.77,7,891.77,swap,notBad
10274,7,891.77,7,891.77,swap,notBad
10275,7,891.77,7,891.77,move,improve
10276,7,891.77,7,891.77,swap,notBad
10277,7,891.77,7,891.77,swap,notBad
10278,7,891.77,7,891.77,move,improve
10279,7,891.77,7,891.77,swap,notBad
10280,7,891.77,7,891.77,swap,notBad
10281,7,891.77,7,891.77,move,improve
10282,7,891.77,7,891.77,swap,notBad
10283,7,891.77,7,891.77,swap,notBad
10284,7,891.77,7,891.77,swap,notBad
10285,7,891.77,7,891.77,2opt,notBad
10286,7,891.77,7,891.77,2opt,notBad
10287,7,891.77,7,891.77,move,improve
10288,7,891.77,7,891.77,2opt,notBad
10289,7,891.77,7,891.77,swap,notBad
10290,7,891.77,7,891.77,swap,notBad
10291,7,891.77,7,891.77,move,improve
10292,7,891.77,7,891.77,swap,notBad
10293,7,891.77,7,891.77,swap,notBad
10294,7,891.77,7,891.77,2opt,notBad
10295,7,891.77,7,891.77,swap,notBad
10296,7,891.77,7,891.77,2opt,notBad
10297,7,891.77,7,891.77,2opt,notBad
10298,7,891.77,7,891.77,move,improve
10299,7,891.77,7,891.77,2opt,notBad
10300,7,891.77,7,891.77,2opt,notBad
10301,7,891.77,7,891.77,2opt,notBad
10302,7,891.77,7,891.77,swap,notBad
10303,7,891.77,7,891.77,2opt,notBad
10304,7,891.77,7,891.77,swap,notBad
10305,7,891.77,7,891.77,move,improve
10306,7,891.77,7,891.77,swap,notBad
10307,7,891.77,7,891.77,2opt,notBad
10308,7,891.77,7,891.77,swap,notBad
10309,7,891.77,7,891.77,move,improve
10310,7,891.77,7,891.77,2opt,notBad
10311,7,891.77,7,891.77,2opt,notBad
10312,7,891.77,7,891.77,2opt,notBad
10313,7,891.77,7,891.77,swap,notBad
10314,7,891.77,7,891.77,swap,notBad
10315,7,891.77,7,891.77,2opt,notBad
10316,7,891.77,7,891.77,2opt,notBad
10317,7,891.77,7,891.77,move,improve
10318,7,891.77,7,891.77,swap,notBad
10319,7,891.77,7,891.77,2opt,notBad
10320,7,891.77,7,891.77,move,improve
10321,7,891.77,7,891.77,move,improve
10322,7,891.77,7,891.77,move,improve
10323,7,891.77,7,891.77,move,improve
10324,7,891.77,7,891.77,swap,notBad
10325,7,891.77,7,891.77,swap,notBad
10326,7,891.77,7,891.77,move,improve
10327,7,891.77,7,891.77,move,improve
10328,7,891.77,7,891.77,2opt,notBad
10329,7,891.77,7,891.77,move,improve
10330,7,891.77,7,891.77,move,improve
10331,7,891.77,7,891.77,swap,notBad
10332,7,891.77,7,891.77,swap,notBad
10333,7,891.77,7,891.77,move,improve
10334,7,891.77,7,891.77,move,improve
10335,7,891.77,7,891.77,2opt,notBad
10336,7,891.77,7,891.77,move,improve
10337,7,891.77,7,891.77,2opt,notBad
10338,7,891.77,7,891.77,2opt,notBad
10339,7,891.77,7,891.77,move,improve
10340,7,891.77,7,891.77,swap,notBad
10341,7,891.77,7,891.77,2opt,notBad
10342,7,891.77,7,891.77,swap,notBad
10343,7,891.77,7,891.77,move,improve
10344,7,891.77,7,891.77,2opt,notBad
10345,7,891.77,7,891.77,move,improve
10346,7,891.77,7,891.77,swap,notBad
10347,7,891.77,7,891.77,2opt,improve
10348,7,891.77,7,891.77,swap,notBad
10349,7,891.77,7,891.77,2opt,notBad
10350,7,891.77,7,891.77,2opt,notBad
10351,7,891.77,7,891.77,2opt,notBad
10352,7,891.77,7,891.77,2opt,notBad
10353,7,891.77,7,891.77,2opt,notBad
10354,7,891.77,7,891.77,2opt,notBad
10355,7,891.77,7,891.77,swap,notBad
10356,7,891.77,7,891.77,swap,notBad
10357,7,891.77,7,891.77,swap,notBad
10358,7,891.77,7,891.77,swap,notBad
10359,7,891.77,7,891.77,2opt,notBad
10360,7,891.77,7,891.77,2opt,improve
10361,7,891.77,7,891.77,swap,notBad
10362,7,891.77,7,891.77,move,improve
10363,7,891.77,7,891.77,2opt,notBad
10364,7,891.77,7,891.77,swap,notBad
10365,7,891.77,7,891.77,move,improve
10366,7,891.77,7,891.77,2opt,notBad
10367,7,891.77,7,891.77,2opt,notBad
10368,7,891.77,7,891.77,swap,notBad
10369,7,891.77,7,891.77,2opt,notBad
10370,7,891.77,7,891.77,swap,notBad
10371,7,891.77,7,891.77,2opt,improve
10372,7,891.77,7,891.77,2opt,improve
10373,7,891.77,7,891.77,move,improve
10374,7,891.77,7,891.77,swap,notBad
10375,7,891.77,7,891.77,2opt,notBad
10376,7,891.77,7,891.77,move,improve
10377,7,891.77,7,891.77,swap,notBad
10378,7,891.77,7,891.77,swap,notBad
10379,7,891.77,7,891.77,2opt,notBad
10380,7,891.77,7,891.77,2opt,notBad
10381,7,891.77,7,891.77,2opt,notBad
10382,7,891.77,7,891.77,move,improve
10383,7,891.77,7,891.77,swap,notBad
10384,7,891.77,7,891.77,swap,notBad
10385,7,891.77,7,891.77,move,improve
10386,7,891.77,7,891.77,move,improve
10387,7,891.77,7,891.77,move,improve
10388,7,891.77,7,891.77,move,improve
10389,7,891.77,7,891.77,swap,notBad
10390,7,891.77,7,891.77,swap,notBad
10391,7,891.77,7,891.77,move,improve
10392,7,891.77,7,891.77,2opt,notBad
10393,7,891.77,7,891.77,move,improve
10394,7,891.77,7,891.77,swap,notBad
10395,7,891.77,7,891.77,2opt,notBad
10396,7,891.77,7,891.77,2opt,notBad
10397,7,891.77,7,891.77,2opt,notBad
10398,7,891.77,7,891.77,swap,notBad
10399,7,891.77,7,891.77,2opt,notBad
10400,7,891.77,7,891.77,2opt,notBad
10401,7,891.77,7,891.77,2opt,notBad
10402,7,891.77,7,891.77,move,improve
10403,7,891.77,7,891.77,move,improve
10404,7,891.77,7,891.77,move,improve
10405,7,891.77,7,891.77,swap,notBad
10406,7,891.77,7,891.77,2opt,notBad
10407,7,891.77,7,891.77,2opt,notBad
10408,7,891.77,7,891.77,move,improve
10409,7,891.77,7,891.77,move,improve
10410,7,891.77,7,891.77,swap,notBad
10411,7,891.77,7,891.77,move,improve
10412,7,891.77,7,891.77,move,improve
10413,7,891.77,7,891.77,2opt,notBad
10414,7,891.77,7,891.77,move,improve
10415,7,891.77,7,891.77,move,improve
10416,7,891.77,7,891.77,move,improve
10417,7,891.77,7,891.77,swap,notBad
10418,7,891.77,7,891.77,2opt,notBad
10419,7,891.77,7,891.77,2opt,notBad
10420,7,891.77,7,891.77,2opt,notBad
10421,7,891.77,7,891.77,move,improve
10422,7,891.77,7,891.77,move,improve
10423,7,891.77,7,891.77,2opt,notBad
10424,7,891.77,7,891.77,2opt,notBad
10425,7,891.77,7,891.77,2opt,improve
10426,7,891.77,7,891.77,move,improve
10427,7,891.77,7,891.77,2opt,notBad
10428,7,891.77,7,891.77,2opt,notBad
10429,7,891.77,7,891.77,move,improve
10430,7,891.77,7,891.77,move,improve
10431,7,891.77,7,891.77,2opt,notBad
10432,7,891.77,7,891.77,2opt,improve
10433,7,891.77,7,891.77,swap,notBad
10434,7,891.77,7,891.77,2opt,notBad
10435,7,891.77,7,891.77,swap,notBad
10436,7,891.77,7,891.77,swap,notBad
10437,7,891.77,7,891.77,move,improve
10438,7,891.77,7,891.77,move,improve
10439,7,891.77,7,891.77,2opt,notBad
10440,7,891.77,7,891.77,swap,notBad
10441,7,891.77,7,891.77,swap,notBad
10442,7,891.77,7,891.77,move,improve
10443,7,891.77,7,891.77,2opt,improve
10444,7,891.77,7,891.77,swap,notBad
10445,7,891.77,7,891.77,swap,notBad
10446,7,891.77,7,891.77,2opt,notBad
10447,7,891.77,7,891.77,move,improve
10448,7,891.77,7,891.77,swap,notBad
10449,7,891.77,7,891.77,2opt,improve
10450,7,891.77,7,891.77,move,improve
10451,7,891.77,7,891.77,swap,notBad
10452,7,891.77,7,891.77,move,improve
10453,7,891.77,7,891.77,move,improve
10454,7,891.77,7,891.77,swap,notBad
10455,7,891.77,7,891.77,move,improve
10456,7,891.77,7,891.77,2opt,notBad
10457,7,891.77,7,891.77,2opt,notBad
10458,7,891.77,7,891.77,move,improve
10459,7,891.77,7,891.77,2opt,notBad
10460,7,891.77,7,891.77,2opt,notBad
10461,7,891.77,7,891.77,swap,notBad
10462,7,891.77,7,891.77,swap,notBad
10463,7,891.77,7,891.77,2opt,notBad
10464,7,891.77,7,891.77,move,improve
10465,7,891.77,7,891.77,2opt,notBad
10466,7,891.77,7,891.77,swap,notBad
10467,7,891.77,7,891.77,move,improve
10468,7,891.77,7,891.77,2opt,notBad
10469,7,891.77,7,891.77,2opt,notBad
10470,7,891.77,7,891.77,move,improve
10471,7,891.77,7,891.77,move,improve
10472,7,891.77,7,891.77,2opt,notBad
10473,7,891.77,7,891.77,swap,notBad
10474,7,891.77,7,891.77,swap,notBad
10475,7,891.77,7,891.77,move,improve
10476,7,891.77,7,891.77,move,improve
10477,7,891.77,7,891.77,move,improve
10478,7,891.77,7,891.77,move,improve
10479,7,891.77,7,891.77,2opt,notBad
10480,7,891.77,7,891.77,swap,notBad
10481,7,891.77,7,891.77,2opt,notBad
10482,7,891.77,7,891.77,swap,notBad
10483,7,891.77,7,891.77,swap,notBad
10484,7,891.77,7,891.77,swap,notBad
10485,7,891.77,7,891.77,move,improve
10486,7,891.77,7,891.77,swap,notBad
10487,7,891.77,7,891.77,swap,notBad
10488,7,891.77,7,891.77,swap,notBad
10489,7,891.77,7,891.77,2opt,notBad
10490,7,891.77,7,891.77,swap,notBad
10491,7,891.77,7,891.77,move,improve
10492,7,891.77,7,891.77,2opt,notBad
10493,7,891.77,7,891.77,swap,notBad
10494,7,891.77,7,891.77,move,improve
10495,7,891.77,7,891.77,swap,notBad
10496,7,891.77,7,891.77,swap,notBad
10497,7,891.77,7,891.77,swap,notBad
10498,7,891.77,7,891.77,swap,notBad
10499,7,891.77,7,891.77,2opt,improve
10500,7,891.77,7,891.77,move,improve
10501,7,891.77,7,891.77,2opt,notBad
10502,7,891.77,7,891.77,2opt,notBad
10503,7,891.77,7,891.77,2opt,notBad
10504,7,891.77,7,891.77,2opt,notBad
10505,7,891.77,7,891.77,2opt,notBad
10506,7,891.77,7,891.77,2opt,notBad
10507,7,891.77,7,891.77,swap,notBad
10508,7,891.77,7,891.77,move,improve
10509,7,891.77,7,891.77,2opt,notBad
10510,7,891.77,7,891.77,2opt,notBad
10511,7,891.77,7,891.77,swap,notBad
10512,7,891.77,7,891.77,2opt,notBad
10513,7,891.77,7,891.77,swap,notBad
10514,7,891.77,7,891.77,2opt,notBad
10515,7,891.77,7,891.77,move,improve
10516,7,891.77,7,891.77,2opt,notBad
10517,7,891.77,7,891.77,move,notBad
10518,7,891.77,7,891.77,move,improve
10519,7,891.77,7,891.77,swap,notBad
10520,7,891.77,7,891.77,swap,notBad
10521,7,891.77,7,891.77,swap,notBad
10522,7,891.77,7,891.77,move,improve
10523,7,891.77,7,891.77,move,improve
10524,7,891.77,7,891.77,swap,notBad
10525,7,891.77,7,891.77,2opt,notBad
10526,7,891.77,7,891.77,swap,notBad
10527,7,891.77,7,891.77,2opt,notBad
10528,7,891.77,7,891.77,move,improve
10529,7,891.77,7,891.77,move,improve
10530,7,891.77,7,891.77,move,notBad
10531,7,891.77,7,891.77,2opt,notBad
10532,7,891.77,7,891.77,move,improve
10533,7,891.77,7,891.77,2opt,notBad
10534,7,891.77,7,891.77,move,improve
10535,7,891.77,7,891.77,swap,notBad
10536,7,891.77,7,891.77,swap,notBad
10537,7,891.77,7,891.77,swap,notBad
10538,7,891.77,7,891.77,swap,notBad
10539,7,891.77,7,891.77,swap,notBad
10540,7,891.77,7,891.77,2opt,notBad
10541,7,891.77,7,891.77,move,improve
10542,7,891.77,7,891.77,swap,notBad
10543,7,891.77,7,891.77,move,improve
10544,7,891.77,7,891.77,move,improve
10545,7,891.77,7,891.77,move,improve
10546,7,891.77,7,891.77,swap,notBad
10547,7,891.77,7,891.77,swap,notBad
10548,7,891.77,7,891.77,swap,notBad
10549,7,891.77,7,891.77,move,improve
10550,7,891.77,7,891.77,2opt,notBad
10551,7,891.77,7,891.77,2opt,notBad
10552,7,891.77,7,891.77,move,improve
10553,7,891.77,7,891.77,2opt,notBad
10554,7,891.77,7,891.77,swap,notBad
10555,7,891.77,7,891.77,2opt,notBad
10556,7,891.77,7,891.77,move,improve
10557,7,891.77,7,891.77,swap,notBad
10558,7,891.77,7,891.77,swap,notBad
10559,7,891.77,7,891.77,2opt,notBad
10560,7,891.77,7,891.77,move,improve
10561,7,891.77,7,891.77,2opt,notBad
10562,7,891.77,7,891.77,swap,notBad
10563,7,891.77,7,891.77,move,improve
10564,7,891.77,7,891.77,move,improve
10565,7,891.77,7,891.77,2opt,notBad
10566,7,891.77,7,891.77,2opt,notBad
10567,7,891.77,7,891.77,move,improve
10568,7,891.77,7,891.77,2opt,notBad
10569,7,891.77,7,891.77,swap,notBad
10570,7,891.77,7,891.77,2opt,notBad
10571,7,891.77,7,891.77,2opt,notBad
10572,7,891.77,7,891.77,move,improve
10573,7,891.77,7,891.77,swap,notBad
10574,7,891.77,7,891.77,move,improve
10575,7,891.77,7,891.77,move,improve
10576,7,891.77,7,891.77,swap,notBad
10577,7,891.77,7,891.77,swap,notBad
10578,7,891.77,7,891.77,2opt,notBad
10579,7,891.77,7,891.77,2opt,notBad
10580,7,891.77,7,891.77,swap,notBad
10581,7,891.77,7,891.77,2opt,notBad
10582,7,891.77,7,891.77,swap,notBad
10583,7,891.77,7,891.77,2opt,notBad
10584,7,891.77,7,891.77,move,improve
10585,7,891.77,7,891.77,swap,notBad
10586,7,891.77,7,891.77,swap,notBad
10587,7,891.77,7,891.77,2opt,notBad
10588,7,891.77,7,891.77,2opt,notBad
10589,7,891.77,7,891.77,swap,notBad
10590,7,891.77,7,891.77,move,improve
10591,7,891.77,7,891.77,2opt,notBad
10592,7,891.77,7,891.77,move,improve
10593,7,891.77,7,891.77,move,improve
10594,7,891.77,7,891.77,swap,notBad
10595,7,891.77,7,891.77,2opt,notBad
10596,7,891.77,7,891.77,2opt,notBad
10597,7,891.77,7,891.77,move,improve
10598,7,891.77,7,891.77,move,improve
10599,7,891.77,7,891.77,2opt,improve
10600,7,891.77,7,891.77,2opt,notBad
10601,7,891.77,7,891.77,move,improve
10602,7,891.77,7,891.77,swap,notBad
10603,7,891.77,7,891.77,move,improve
10604,7,891.77,7,891.77,swap,notBad
10605,7,891.77,7,891.77,swap,notBad
10606,7,891.77,7,891.77,swap,notBad
10607,7,891.77,7,891.77,move,improve
10608,7,891.77,7,891.77,swap,notBad
10609,7,891.77,7,891.77,swap,notBad
10610,7,891.77,7,891.77,2opt,notBad
10611,7,891.77,7,891.77,move,improve
10612,7,891.77,7,891.77,2opt,notBad
10613,7,891.77,7,891.77,move,improve
10614,7,891.77,7,891.77,2opt,notBad
10615,7,891.77,7,891.77,move,improve
10616,7,891.77,7,891.77,move,improve
10617,7,891.77,7,891.77,move,improve
10618,7,891.77,7,891.77,move,improve
10619,7,891.77,7,891.77,swap,notBad
10620,7,891.77,7,891.77,swap,notBad
10621,7,891.77,7,891.77,move,improve
10622,7,891.77,7,891.77,2opt,notBad
10623,7,891.77,7,891.77,swap,notBad
10624,7,891.77,7,891.77,move,improve
10625,7,891.77,7,891.77,move,improve
10626,7,891.77,7,891.77,move,improve
10627,7,891.77,7,891.77,swap,notBad
10628,7,891.77,7,891.77,swap,notBad
10629,7,891.77,7,891.77,swap,notBad
10630,7,891.77,7,891.77,2opt,notBad
10631,7,891.77,7,891.77,2opt,notBad
10632,7,891.77,7,891.77,2opt,notBad
10633,7,891.77,7,891.77,2opt,notBad
10634,7,891.77,7,891.77,2opt,notBad
10635,7,891.77,7,891.77,2opt,improve
10636,7,891.77,7,891.77,move,improve
10637,7,891.77,7,891.77,swap,notBad
10638,7,891.77,7,891.77,2opt,notBad
10639,7,891.77,7,891.77,move,improve
10640,7,891.77,7,891.77,swap,notBad
10641,7,891.77,7,891.77,swap,notBad
10642,7,891.77,7,891.77,2opt,notBad
10643,7,891.77,7,891.77,2opt,notBad
10644,7,891.77,7,891.77,move,improve
10645,7,891.77,7,891.77,swap,notBad
10646,7,891.77,7,891.77,swap,notBad
10647,7,891.77,7,891.77,2opt,notBad
10648,7,891.77,7,891.77,move,improve
10649,7,891.77,7,891.77,2opt,notBad
10650,7,891.77,7,891.77,swap,notBad
10651,7,891.77,7,891.77,2opt,notBad
10652,7,891.77,7,891.77,2opt,notBad
10653,7,891.77,7,891.77,swap,notBad
10654,7,891.77,7,891.77,2opt,notBad
10655,7,891.77,7,891.77,swap,notBad
10656,7,891.77,7,891.77,swap,notBad
10657,7,891.77,7,891.77,move,improve
10658,7,891.77,7,891.77,swap,notBad
10659,7,891.77,7,891.77,move,improve
10660,7,891.77,7,891.77,2opt,notBad
10661,7,891.77,7,891.77,swap,notBad
10662,7,891.77,7,891.77,move,improve
10663,7,891.77,7,891.77,2opt,notBad
10664,7,891.77,7,891.77,swap,notBad
10665,7,891.77,7,891.77,swap,notBad
10666,7,891.77,7,891.77,2opt,improve
10667,7,891.77,7,891.77,2opt,notBad
10668,7,891.77,7,891.77,2opt,notBad
10669,7,891.77,7,891.77,move,improve
10670,7,892.3299999999999,7,891.77,swap,acceptBad
10671,7,892.3299999999999,7,891.77,move,improve
10672,7,892.3299999999999,7,891.77,swap,notBad
10673,7,892.3299999999999,7,891.77,swap,notBad
10674,7,892.3299999999999,7,891.77,2opt,notBad
10675,7,892.3299999999999,7,891.77,move,improve
10676,7,892.3299999999999,7,891.77,swap,notBad
10677,7,892.3299999999999,7,891.77,2opt,notBad
10678,7,892.3299999999999,7,891.77,2opt,notBad
10679,7,892.3299999999999,7,891.77,swap,notBad
10680,7,892.3299999999999,7,891.77,move,improve
10681,7,892.3299999999999,7,891.77,swap,notBad
10682,7,892.3299999999999,7,891.77,swap,notBad
10683,7,892.3299999999999,7,891.77,2opt,notBad
10684,7,892.3299999999999,7,891.77,2opt,improve
10685,7,892.3299999999999,7,891.77,swap,notBad
10686,7,892.3299999999999,7,891.77,2opt,notBad
10687,7,892.3299999999999,7,891.77,move,improve
10688,7,892.3299999999999,7,891.77,move,improve
10689,7,892.3299999999999,7,891.77,move,improve
10690,7,892.3299999999999,7,891.77,2opt,notBad
10691,7,892.3299999999999,7,891.77,move,improve
10692,7,892.3299999999999,7,891.77,swap,notBad
10693,7,892.3299999999999,7,891.77,move,improve
10694,7,892.3299999999999,7,891.77,swap,notBad
10695,7,892.3299999999999,7,891.77,2opt,notBad
10696,7,892.3299999999999,7,891.77,2opt,notBad
10697,7,892.3299999999999,7,891.77,swap,notBad
10698,7,892.3299999999999,7,891.77,swap,notBad
10699,7,892.3299999999999,7,891.77,move,improve
10700,7,892.3299999999999,7,891.77,2opt,notBad
10701,7,892.3299999999999,7,891.77,move,improve
10702,7,892.3299999999999,7,891.77,2opt,notBad
10703,7,892.3299999999999,7,891.77,2opt,notBad
10704,7,892.3299999999999,7,891.77,2opt,notBad
10705,7,892.3299999999999,7,891.77,swap,notBad
10706,7,892.3299999999999,7,891.77,move,improve
10707,7,892.3299999999999,7,891.77,2opt,notBad
10708,7,892.3299999999999,7,891.77,2opt,notBad
10709,7,892.3299999999999,7,891.77,2opt,notBad
10710,7,892.3299999999999,7,891.77,move,improve
10711,7,892.3299999999999,7,891.77,swap,notBad
10712,7,892.3299999999999,7,891.77,move,improve
10713,7,892.3299999999999,7,891.77,move,improve
10714,7,892.3299999999999,7,891.77,swap,notBad
10715,7,892.3299999999999,7,891.77,swap,notBad
10716,7,892.3299999999999,7,891.77,swap,notBad
10717,7,892.3299999999999,7,891.77,move,improve
10718,7,892.3299999999999,7,891.77,move,improve
10719,7,892.3299999999999,7,891.77,swap,notBad
10720,7,892.3299999999999,7,891.77,swap,notBad
10721,7,892.3299999999999,7,891.77,move,improve
10722,7,892.3299999999999,7,891.77,move,improve
10723,7,892.3299999999999,7,891.77,2opt,notBad
10724,7,892.3299999999999,7,891.77,swap,notBad
10725,7,892.3299999999999,7,891.77,move,improve
10726,7,892.3299999999999,7,891.77,swap,notBad
10727,7,892.3299999999999,7,891.77,swap,notBad
10728,7,892.3299999999999,7,891.77,2opt,notBad
10729,7,892.3299999999999,7,891.77,move,improve
10730,7,892.3299999999999,7,891.77,move,improve
10731,7,892.3299999999999,7,891.77,move,improve
10732,7,892.3299999999999,7,891.77,swap,notBad
10733,7,893.8,7,891.77,swap,acceptBad
10734,7,893.8,7,891.77,move,improve
10735,7,893.8,7,891.77,move,improve
10736,7,893.8,7,891.77,2opt,notBad
10737,7,893.8,7,891.77,move,improve
10738,7,893.8,7,891.77,swap,notBad
10739,7,893.8,7,891.77,move,improve
10740,7,893.8,7,891.77,swap,notBad
10741,7,893.8,7,891.77,2opt,notBad
10742,7,893.8,7,891.77,swap,notBad
10743,7,893.8,7,891.77,2opt,notBad
10744,7,893.8,7,891.77,swap,notBad
10745,7,893.8,7,891.77,move,improve
10746,7,893.8,7,891.77,2opt,notBad
10747,7,893.8,7,891.77,swap,notBad
10748,7,892.3299999999999,7,891.77,move,improve
10749,7,892.3299999999999,7,891.77,2opt,notBad
10750,7,892.3299999999999,7,891.77,move,improve
10751,7,892.3299999999999,7,891.77,swap,notBad
10752,7,892.3299999999999,7,891.77,2opt,notBad
10753,7,892.3299999999999,7,891.77,2opt,notBad
10754,7,892.3299999999999,7,891.77,move,notBad
10755,7,892.3299999999999,7,891.77,swap,notBad
10756,7,892.3299999999999,7,891.77,swap,notBad
10757,7,892.3299999999999,7,891.77,2opt,improve
10758,7,892.3299999999999,7,891.77,swap,notBad
10759,7,892.3299999999999,7,891.77,move,notBad
10760,7,892.3299999999999,7,891.77,move,improve
10761,7,892.3299999999999,7,891.77,swap,notBad
10762,7,892.3299999999999,7,891.77,move,improve
10763,7,892.3299999999999,7,891.77,2opt,notBad
10764,7,892.3299999999999,7,891.77,2opt,notBad
10765,7,892.3299999999999,7,891.77,swap,notBad
10766,7,892.3299999999999,7,891.77,move,improve
10767,7,892.3299999999999,7,891.77,swap,notBad
10768,7,892.3299999999999,7,891.77,2opt,notBad
10769,7,892.3299999999999,7,891.77,swap,notBad
10770,7,892.3299999999999,7,891.77,move,improve
10771,7,892.3299999999999,7,891.77,move,improve
10772,7,892.3299999999999,7,891.77,swap,notBad
10773,7,892.3299999999999,7,891.77,move,improve
10774,7,892.3299999999999,7,891.77,swap,notBad
10775,7,892.3299999999999,7,891.77,swap,notBad
10776,7,892.3299999999999,7,891.77,swap,notBad
10777,7,892.3299999999999,7,891.77,2opt,notBad
10778,7,892.3299999999999,7,891.77,2opt,notBad
10779,7,892.3299999999999,7,891.77,swap,notBad
10780,7,892.3299999999999,7,891.77,swap,notBad
10781,7,892.3299999999999,7,891.77,2opt,notBad
10782,7,892.3299999999999,7,891.77,swap,notBad
10783,7,892.3299999999999,7,891.77,swap,notBad
10784,7,892.3299999999999,7,891.77,swap,notBad
10785,7,892.3299999999999,7,891.77,move,improve
10786,7,891.77,7,891.77,move,improve
10787,7,891.77,7,891.77,move,improve
10788,7,891.77,7,891.77,swap,notBad
10789,7,891.77,7,891.77,swap,notBad
10790,7,891.77,7,891.77,2opt,notBad
10791,7,891.77,7,891.77,move,notBad
10792,7,891.77,7,891.77,swap,notBad
10793,7,891.77,7,891.77,2opt,notBad
10794,7,891.77,7,891.77,swap,notBad
10795,7,891.77,7,891.77,swap,notBad
10796,7,891.77,7,891.77,swap,notBad
10797,7,891.77,7,891.77,swap,notBad
10798,7,891.77,7,891.77,swap,notBad
10799,7,891.77,7,891.77,move,improve
10800,7,891.77,7,891.77,2opt,notBad
10801,7,891.77,7,891.77,move,improve
10802,7,891.77,7,891.77,move,improve
10803,7,891.77,7,891.77,move,improve
10804,7,891.77,7,891.77,swap,notBad
10805,7,891.77,7,891.77,2opt,notBad
10806,7,891.77,7,891.77,swap,notBad
10807,7,891.77,7,891.77,move,improve
10808,7,891.77,7,891.77,swap,notBad
10809,7,891.77,7,891.77,2opt,notBad
10810,7,891.77,7,891.77,swap,notBad
10811,7,891.77,7,891.77,move,improve
10812,7,891.77,7,891.77,2opt,notBad
10813,7,891.77,7,891.77,swap,notBad
10814,7,891.77,7,891.77,2opt,notBad
10815,7,891.77,7,891.77,move,improve
10816,7,891.77,7,891.77,move,improve
10817,7,891.77,7,891.77,swap,notBad
10818,7,891.77,7,891.77,2opt,notBad
10819,7,891.77,7,891.77,swap,notBad
10820,7,891.77,7,891.77,move,improve
10821,7,891.77,7,891.77,swap,notBad
10822,7,891.77,7,891.77,2opt,improve
10823,7,891.77,7,891.77,2opt,notBad
10824,7,891.77,7,891.77,move,improve
10825,7,891.77,7,891.77,2opt,notBad
10826,7,891.77,7,891.77,swap,notBad
10827,7,891.77,7,891.77,2opt,notBad
10828,7,891.77,7,891.77,2opt,notBad
10829,7,891.77,7,891.77,swap,notBad
10830,7,891.77,7,891.77,move,improve
10831,7,891.77,7,891.77,2opt,improve
10832,7,891.77,7,891.77,swap,notBad
10833,7,891.77,7,891.77,swap,notBad
10834,7,891.77,7,891.77,swap,notBad
10835,7,891.77,7,891.77,2opt,notBad
10836,7,891.77,7,891.77,swap,notBad
10837,7,891.77,7,891.77,2opt,improve
10838,7,891.77,7,891.77,move,improve
10839,7,891.77,7,891.77,2opt,notBad
10840,7,891.77,7,891.77,2opt,notBad
10841,7,891.77,7,891.77,swap,notBad
10842,7,891.77,7,891.77,swap,notBad
10843,7,891.77,7,891.77,2opt,notBad
10844,7,891.77,7,891.77,2opt,notBad
10845,7,891.77,7,891.77,2opt,notBad
10846,7,891.77,7,891.77,2opt,notBad
10847,7,891.77,7,891.77,move,improve
10848,7,891.77,7,891.77,move,improve
10849,7,891.77,7,891.77,move,improve
10850,7,891.77,7,891.77,move,improve
10851,7,891.77,7,891.77,move,improve
10852,7,891.77,7,891.77,move,notBad
10853,7,891.77,7,891.77,move,improve
10854,7,891.77,7,891.77,move,improve
10855,7,891.77,7,891.77,swap,notBad
10856,7,891.77,7,891.77,move,improve
10857,7,891.77,7,891.77,move,improve
10858,7,891.77,7,891.77,move,improve
10859,7,891.77,7,891.77,move,improve
10860,7,891.77,7,891.77,swap,notBad
10861,7,891.77,7,891.77,move,improve
10862,7,891.77,7,891.77,move,improve
10863,7,891.77,7,891.77,swap,notBad
10864,7,891.77,7,891.77,swap,notBad
10865,7,891.77,7,891.77,2opt,improve
10866,7,891.77,7,891.77,2opt,notBad
10867,7,891.77,7,891.77,swap,notBad
10868,7,891.77,7,891.77,2opt,notBad
10869,7,891.77,7,891.77,move,improve
10870,7,891.77,7,891.77,move,improve
10871,7,891.77,7,891.77,move,improve
10872,7,891.77,7,891.77,swap,notBad
10873,7,891.77,7,891.77,swap,notBad
10874,7,891.77,7,891.77,move,improve
10875,7,891.77,7,891.77,move,improve
10876,7,891.77,7,891.77,swap,notBad
10877,7,891.77,7,891.77,swap,notBad
10878,7,891.77,7,891.77,swap,notBad
10879,7,891.77,7,891.77,move,improve
10880,7,891.77,7,891.77,swap,notBad
10881,7,891.77,7,891.77,move,improve
10882,7,891.77,7,891.77,move,improve
10883,7,891.77,7,891.77,swap,notBad
10884,7,891.77,7,891.77,swap,notBad
10885,7,891.77,7,891.77,move,improve
10886,7,891.77,7,891.77,swap,notBad
10887,7,891.77,7,891.77,2opt,notBad
10888,7,891.77,7,891.77,swap,notBad
10889,7,891.77,7,891.77,2opt,notBad
10890,7,891.77,7,891.77,swap,notBad
10891,7,891.77,7,891.77,swap,notBad
10892,7,891.77,7,891.77,move,improve
10893,7,891.77,7,891.77,swap,notBad
10894,7,891.77,7,891.77,swap,notBad
10895,7,891.77,7,891.77,2opt,notBad
10896,7,891.77,7,891.77,2opt,notBad
10897,7,891.77,7,891.77,move,improve
10898,7,891.77,7,891.77,2opt,notBad
10899,7,891.77,7,891.77,swap,notBad
10900,7,891.77,7,891.77,swap,notBad
10901,7,891.77,7,891.77,swap,notBad
10902,7,891.77,7,891.77,swap,notBad
10903,7,891.77,7,891.77,move,improve
10904,7,891.77,7,891.77,move,improve
10905,7,891.77,7,891.77,swap,notBad
10906,7,891.77,7,891.77,move,improve
10907,7,891.77,7,891.77,2opt,notBad
10908,7,891.77,7,891.77,swap,notBad
10909,7,891.77,7,891.77,move,improve
10910,7,891.77,7,891.77,swap,notBad
10911,7,891.77,7,891.77,move,improve
10912,7,891.77,7,891.77,move,improve
10913,7,891.77,7,891.77,swap,notBad
10914,7,891.77,7,891.77,2opt,notBad
10915,7,891.77,7,891.77,move,improve
10916,7,891.77,7,891.77,swap,notBad
10917,7,891.77,7,891.77,move,improve
10918,7,891.77,7,891.77,swap,notBad
10919,7,891.77,7,891.77,move,improve
10920,7,891.77,7,891.77,swap,notBad
10921,7,891.77,7,891.77,2opt,notBad
10922,7,891.77,7,891.77,move,improve
10923,7,891.77,7,891.77,move,improve
10924,7,891.77,7,891.77,2opt,notBad
10925,7,891.77,7,891.77,swap,notBad
10926,7,891.77,7,891.77,swap,notBad
10927,7,891.77,7,891.77,swap,notBad
10928,7,891.77,7,891.77,2opt,notBad
10929,7,891.77,7,891.77,move,improve
10930,7,891.77,7,891.77,move,improve
10931,7,891.77,7,891.77,move,improve
10932,7,891.77,7,891.77,swap,notBad
10933,7,891.77,7,891.77,move,improve
10934,7,891.77,7,891.77,move,improve
10935,7,891.77,7,891.77,move,improve
10936,7,891.77,7,891.77,move,improve
10937,7,891.77,7,891.77,move,improve
10938,7,891.77,7,891.77,2opt,notBad
10939,7,891.77,7,891.77,move,improve
10940,7,891.77,7,891.77,move,improve
10941,7,891.77,7,891.77,2opt,notBad
10942,7,891.77,7,891.77,2opt,notBad
10943,7,891.77,7,891.77,swap,notBad
10944,7,891.77,7,891.77,swap,notBad
10945,7,891.77,7,891.77,swap,notBad
10946,7,891.77,7,891.77,2opt,notBad
10947,7,891.77,7,891.77,2opt,notBad
10948,7,891.77,7,891.77,2opt,notBad
10949,7,891.77,7,891.77,swap,notBad
10950,7,891.77,7,891.77,swap,notBad
10951,7,891.77,7,891.77,swap,notBad
10952,7,891.77,7,891.77,move,improve
10953,7,891.77,7,891.77,2opt,notBad
10954,7,891.77,7,891.77,move,improve
10955,7,891.77,7,891.77,move,improve
10956,7,891.77,7,891.77,move,improve
10957,7,891.77,7,891.77,move,improve
10958,7,891.77,7,891.77,move,improve
10959,7,891.77,7,891.77,2opt,notBad
10960,7,891.77,7,891.77,2opt,notBad
10961,7,891.77,7,891.77,swap,notBad
10962,7,891.77,7,891.77,2opt,improve
10963,7,891.77,7,891.77,2opt,improve
10964,7,891.77,7,891.77,swap,notBad
10965,7,891.77,7,891.77,move,improve
10966,7,891.77,7,891.77,move,notBad
10967,7,891.77,7,891.77,move,improve
10968,7,891.77,7,891.77,swap,notBad
10969,7,891.77,7,891.77,swap,notBad
10970,7,891.77,7,891.77,2opt,notBad
10971,7,891.77,7,891.77,move,improve
10972,7,891.77,7,891.77,swap,notBad
10973,7,891.77,7,891.77,move,improve
10974,7,891.77,7,891.77,2opt,notBad
10975,7,891.77,7,891.77,2opt,notBad
10976,7,891.77,7,891.77,2opt,notBad
10977,7,891.77,7,891.77,move,improve
10978,7,891.77,7,891.77,2opt,notBad
10979,7,891.77,7,891.77,2opt,notBad
10980,7,891.77,7,891.77,move,improve
10981,7,891.77,7,891.77,2opt,notBad
10982,7,891.77,7,891.77,move,improve
10983,7,891.77,7,891.77,move,improve
10984,7,891.77,7,891.77,swap,notBad
10985,7,891.77,7,891.77,swap,notBad
10986,7,891.77,7,891.77,2opt,improve
10987,7,891.77,7,891.77,swap,notBad
10988,7,891.77,7,891.77,2opt,notBad
10989,7,891.77,7,891.77,2opt,notBad
10990,7,891.77,7,891.77,move,improve
10991,7,891.77,7,891.77,2opt,notBad
10992,7,891.77,7,891.77,swap,notBad
10993,7,891.77,7,891.77,swap,notBad
10994,7,891.77,7,891.77,2opt,improve
10995,7,891.77,7,891.77,swap,notBad
10996,7,891.77,7,891.77,2opt,improve
10997,7,891.77,7,891.77,2opt,notBad
10998,7,891.77,7,891.77,move,improve
10999,7,891.77,7,891.77,move,improve
11000,7,891.77,7,891.77,2opt,notBad
11001,7,891.77,7,891.77,2opt,notBad
11002,7,891.77,7,891.77,move,improve
11003,7,891.77,7,891.77,swap,notBad
11004,7,891.77,7,891.77,move,improve
11005,7,891.77,7,891.77,2opt,notBad
11006,7,891.77,7,891.77,move,improve
11007,7,891.77,7,891.77,move,improve
11008,7,891.77,7,891.77,2opt,notBad
11009,7,891.77,7,891.77,2opt,notBad
11010,7,891.77,7,891.77,move,improve
11011,7,891.77,7,891.77,move,improve
11012,7,891.77,7,891.77,move,improve
11013,7,891.77,7,891.77,move,improve
11014,7,891.77,7,891.77,swap,notBad
11015,7,891.77,7,891.77,swap,notBad
11016,7,891.77,7,891.77,move,improve
11017,7,891.77,7,891.77,2opt,notBad
11018,7,891.77,7,891.77,swap,notBad
11019,7,891.77,7,891.77,2opt,notBad
11020,7,891.77,7,891.77,2opt,notBad
11021,7,891.77,7,891.77,swap,notBad
11022,7,891.77,7,891.77,2opt,notBad
11023,7,891.77,7,891.77,move,improve
11024,7,891.77,7,891.77,swap,notBad
11025,7,891.77,7,891.77,move,improve
11026,7,891.77,7,891.77,swap,notBad
11027,7,891.77,7,891.77,move,improve
11028,7,891.77,7,891.77,swap,notBad
11029,7,891.77,7,891.77,move,improve
11030,7,891.77,7,891.77,move,improve
11031,7,891.77,7,891.77,move,improve
11032,7,891.77,7,891.77,move,improve
11033,7,891.77,7,891.77,swap,notBad
11034,7,891.77,7,891.77,swap,notBad
11035,7,891.77,7,891.77,2opt,notBad
11036,7,891.77,7,891.77,2opt,improve
11037,7,891.77,7,891.77,swap,notBad
11038,7,891.77,7,891.77,move,improve
11039,7,891.77,7,891.77,2opt,notBad
11040,7,891.77,7,891.77,2opt,notBad
11041,7,891.77,7,891.77,2opt,notBad
11042,7,891.77,7,891.77,move,improve
11043,7,891.77,7,891.77,swap,notBad
11044,7,891.77,7,891.77,swap,notBad
11045,7,891.77,7,891.77,move,improve
11046,7,891.77,7,891.77,move,improve
11047,7,891.77,7,891.77,move,improve
11048,7,891.77,7,891.77,2opt,improve
11049,7,891.77,7,891.77,swap,notBad
11050,7,891.77,7,891.77,move,improve
11051,7,891.77,7,891.77,swap,notBad
11052,7,891.77,7,891.77,move,improve
11053,7,891.77,7,891.77,2opt,notBad
11054,7,891.77,7,891.77,move,improve
11055,7,891.77,7,891.77,2opt,notBad
11056,7,891.77,7,891.77,move,improve
11057,7,891.77,7,891.77,move,improve
11058,7,891.77,7,891.77,2opt,notBad
11059,7,891.77,7,891.77,swap,notBad
11060,7,891.77,7,891.77,2opt,notBad
11061,7,891.77,7,891.77,swap,notBad
11062,7,891.77,7,891.77,2opt,notBad
11063,7,891.77,7,891.77,swap,notBad
11064,7,891.77,7,891.77,swap,notBad
11065,7,891.77,7,891.77,swap,notBad
11066,7,891.77,7,891.77,move,improve
11067,7,891.77,7,891.77,2opt,notBad
11068,7,891.77,7,891.77,2opt,notBad
11069,7,891.77,7,891.77,move,improve
11070,7,891.77,7,891.77,swap,notBad
11071,7,891.77,7,891.77,move,improve
11072,7,891.77,7,891.77,swap,notBad
11073,7,891.77,7,891.77,move,improve
11074,7,891.77,7,891.77,move,improve
11075,7,891.77,7,891.77,2opt,notBad
11076,7,891.77,7,891.77,swap,notBad
11077,7,891.77,7,891.77,swap,notBad
11078,7,891.77,7,891.77,move,improve
11079,7,891.77,7,891.77,swap,notBad
11080,7,891.77,7,891.77,swap,notBad
11081,7,891.77,7,891.77,swap,notBad
11082,7,891.77,7,891.77,move,improve
11083,7,891.77,7,891.77,move,notBad
11084,7,891.77,7,891.77,move,improve
11085,7,891.77,7,891.77,2opt,notBad
11086,7,891.77,7,891.77,move,improve
11087,7,891.77,7,891.77,move,improve
11088,7,891.77,7,891.77,2opt,notBad
11089,7,891.77,7,891.77,2opt,notBad
11090,7,891.77,7,891.77,move,improve
11091,7,891.77,7,891.77,move,improve
11092,7,891.77,7,891.77,swap,notBad
11093,7,891.77,7,891.77,move,improve
11094,7,891.77,7,891.77,swap,notBad
11095,7,891.77,7,891.77,swap,notBad
11096,7,891.77,7,891.77,swap,notBad
11097,7,891.77,7,891.77,2opt,notBad
11098,7,891.77,7,891.77,move,improve
11099,7,891.77,7,891.77,2opt,notBad
11100,7,891.77,7,891.77,swap,notBad
11101,7,891.77,7,891.77,move,improve
11102,7,891.77,7,891.77,move,improve
11103,7,891.77,7,891.77,move,improve
11104,7,891.77,7,891.77,swap,notBad
11105,7,891.77,7,891.77,swap,notBad
11106,7,891.77,7,891.77,swap,notBad
11107,7,891.77,7,891.77,swap,notBad
11108,7,891.77,7,891.77,move,improve
11109,7,891.77,7,891.77,move,improve
11110,7,891.77,7,891.77,2opt,notBad
11111,7,891.77,7,891.77,2opt,notBad
11112,7,891.77,7,891.77,2opt,notBad
11113,7,891.77,7,891.77,swap,notBad
11114,7,891.77,7,891.77,move,improve
11115,7,891.77,7,891.77,2opt,notBad
11116,7,891.77,7,891.77,2opt,notBad
11117,7,891.77,7,891.77,swap,notBad
11118,7,891.77,7,891.77,move,improve
11119,7,891.77,7,891.77,move,improve
11120,7,891.77,7,891.77,move,improve
11121,7,891.77,7,891.77,swap,notBad
11122,7,891.77,7,891.77,swap,notBad
11123,7,891.77,7,891.77,move,improve
11124,7,891.77,7,891.77,move,improve
11125,7,891.77,7,891.77,swap,notBad
11126,7,891.77,7,891.77,move,improve
11127,7,891.77,7,891.77,2opt,notBad
11128,7,891.77,7,891.77,2opt,notBad
11129,7,891.77,7,891.77,2opt,improve
11130,7,891.77,7,891.77,swap,notBad
11131,7,891.77,7,891.77,move,improve
11132,7,891.77,7,891.77,swap,notBad
11133,7,891.77,7,891.77,move,improve
11134,7,891.77,7,891.77,move,improve
11135,7,891.77,7,891.77,2opt,notBad
11136,7,891.77,7,891.77,swap,notBad
11137,7,891.77,7,891.77,2opt,notBad
11138,7,891.77,7,891.77,2opt,notBad
11139,7,891.77,7,891.77,swap,notBad
11140,7,891.77,7,891.77,swap,notBad
11141,7,891.77,7,891.77,swap,notBad
11142,7,891.77,7,891.77,move,improve
11143,7,891.77,7,891.77,swap,notBad
11144,7,891.77,7,891.77,2opt,notBad
11145,7,891.77,7,891.77,swap,notBad
11146,7,891.77,7,891.77,swap,notBad
11147,7,891.77,7,891.77,swap,notBad
11148,7,891.77,7,891.77,move,improve
11149,7,891.77,7,891.77,2opt,notBad
11150,7,891.77,7,891.77,swap,notBad
11151,7,891.77,7,891.77,swap,notBad
11152,7,891.77,7,891.77,move,improve
11153,7,891.77,7,891.77,2opt,improve
11154,7,891.77,7,891.77,swap,notBad
11155,7,891.77,7,891.77,move,improve
11156,7,891.77,7,891.77,2opt,notBad
11157,7,891.77,7,891.77,2opt,notBad
11158,7,891.77,7,891.77,2opt,notBad
11159,7,891.77,7,891.77,swap,notBad
11160,7,891.77,7,891.77,2opt,notBad
11161,7,891.77,7,891.77,2opt,notBad
11162,7,893.24,7,891.77,swap,acceptBad
11163,7,893.24,7,891.77,move,improve
11164,7,893.24,7,891.77,2opt,notBad
11165,7,893.24,7,891.77,move,improve
11166,7,893.24,7,891.77,2opt,notBad
11167,7,893.24,7,891.77,2opt,notBad
11168,7,893.24,7,891.77,swap,notBad
11169,7,893.24,7,891.77,move,improve
11170,7,893.24,7,891.77,swap,notBad
11171,7,893.24,7,891.77,swap,notBad
11172,7,893.24,7,891.77,move,improve
11173,7,893.24,7,891.77,swap,notBad
11174,7,893.24,7,891.77,move,improve
11175,7,893.24,7,891.77,move,improve
11176,7,893.24,7,891.77,swap,notBad
11177,7,893.24,7,891.77,2opt,notBad
11178,7,893.24,7,891.77,swap,notBad
11179,7,893.24,7,891.77,move,improve
11180,7,893.24,7,891.77,2opt,notBad
11181,7,893.24,7,891.77,swap,notBad
11182,7,893.24,7,891.77,move,improve
11183,7,893.24,7,891.77,move,improve
11184,7,893.24,7,891.77,swap,notBad
11185,7,893.24,7,891.77,move,improve
11186,7,893.24,7,891.77,2opt,notBad
11187,7,893.24,7,891.77,swap,notBad
11188,7,893.24,7,891.77,move,improve
11189,7,893.24,7,891.77,2opt,notBad
11190,7,893.24,7,891.77,move,improve
11191,7,893.24,7,891.77,swap,notBad
11192,7,893.24,7,891.77,move,improve
11193,7,893.24,7,891.77,2opt,notBad
11194,7,893.24,7,891.77,swap,notBad
11195,7,893.24,7,891.77,swap,notBad
11196,7,893.24,7,891.77,move,improve
11197,7,893.24,7,891.77,2opt,improve
11198,7,893.24,7,891.77,swap,notBad
11199,7,893.24,7,891.77,move,improve
11200,7,893.24,7,891.77,2opt,notBad
11201,7,893.24,7,891.77,2opt,notBad
11202,7,893.24,7,891.77,move,improve
11203,7,893.24,7,891.77,2opt,notBad
11204,7,893.24,7,891.77,2opt,notBad
11205,7,893.24,7,891.77,move,improve
11206,7,893.24,7,891.77,2opt,improve
11207,7,893.24,7,891.77,move,improve
11208,7,893.24,7,891.77,move,improve
11209,7,893.24,7,891.77,move,improve
11210,7,893.24,7,891.77,swap,notBad
11211,7,893.24,7,891.77,swap,notBad
11212,7,891.77,7,891.77,move,improve
11213,7,891.77,7,891.77,move,improve
11214,7,891.77,7,891.77,swap,notBad
11215,7,891.77,7,891.77,move,improve
11216,7,891.77,7,891.77,move,improve
11217,7,891.77,7,891.77,move,improve
11218,7,891.77,7,891.77,2opt,notBad
11219,7,891.77,7,891.77,swap,notBad
11220,7,891.77,7,891.77,swap,notBad
11221,7,891.77,7,891.77,2opt,notBad
11222,7,891.77,7,891.77,swap,notBad
11223,7,891.77,7,891.77,2opt,notBad
11224,7,891.77,7,891.77,2opt,notBad
11225,7,891.77,7,891.77,move,improve
11226,7,891.77,7,891.77,swap,notBad
11227,7,891.77,7,891.77,2opt,improve
11228,7,891.77,7,891.77,2opt,notBad
11229,7,891.77,7,891.77,2opt,notBad
11230,7,891.77,7,891.77,move,improve
11231,7,891.77,7,891.77,swap,notBad
11232,7,891.77,7,891.77,2opt,notBad
11233,7,891.77,7,891.77,2opt,notBad
11234,7,891.77,7,891.77,2opt,improve
11235,7,891.77,7,891.77,2opt,notBad
11236,7,891.77,7,891.77,swap,notBad
11237,7,891.77,7,891.77,2opt,notBad
11238,7,891.77,7,891.77,swap,notBad
11239,7,891.77,7,891.77,move,improve
11240,7,891.77,7,891.77,move,improve
11241,7,891.77,7,891.77,move,improve
11242,7,891.77,7,891.77,move,improve
11243,7,891.77,7,891.77,move,improve
11244,7,891.77,7,891.77,swap,notBad
11245,7,891.77,7,891.77,move,improve
11246,7,891.77,7,891.77,2opt,notBad
11247,7,891.77,7,891.77,move,improve
11248,7,891.77,7,891.77,move,improve
11249,7,891.77,7,891.77,swap,notBad
11250,7,891.77,7,891.77,2opt,notBad
11251,7,891.77,7,891.77,2opt,notBad
11252,7,891.77,7,891.77,swap,notBad
11253,7,891.77,7,891.77,2opt,notBad
11254,7,891.77,7,891.77,2opt,notBad
11255,7,891.77,7,891.77,2opt,notBad
11256,7,891.77,7,891.77,move,improve
11257,7,891.77,7,891.77,swap,notBad
11258,7,891.77,7,891.77,move,improve
11259,7,891.77,7,891.77,move,improve
11260,7,891.77,7,891.77,swap,notBad
11261,7,891.77,7,891.77,2opt,notBad
11262,7,891.77,7,891.77,2opt,notBad
11263,7,891.77,7,891.77,swap,notBad
11264,7,891.77,7,891.77,2opt,notBad
11265,7,891.77,7,891.77,move,improve
11266,7,891.77,7,891.77,swap,notBad
11267,7,891.77,7,891.77,move,improve
11268,7,891.77,7,891.77,move,improve
11269,7,891.77,7,891.77,swap,notBad
11270,7,891.77,7,891.77,2opt,notBad
11271,7,891.77,7,891.77,swap,notBad
11272,7,891.77,7,891.77,2opt,notBad
11273,7,891.77,7,891.77,move,improve
11274,7,891.77,7,891.77,swap,notBad
11275,7,891.77,7,891.77,move,improve
11276,7,891.77,7,891.77,move,improve
11277,7,891.77,7,891.77,2opt,notBad
11278,7,891.77,7,891.77,swap,notBad
11279,7,891.77,7,891.77,move,improve
11280,7,891.77,7,891.77,move,improve
11281,7,891.77,7,891.77,move,improve
11282,7,891.77,7,891.77,2opt,improve
11283,7,891.77,7,891.77,swap,notBad
11284,7,891.77,7,891.77,move,improve
11285,7,891.77,7,891.77,swap,notBad
11286,7,891.77,7,891.77,move,improve
11287,7,891.77,7,891.77,2opt,notBad
11288,7,891.77,7,891.77,swap,notBad
11289,7,891.77,7,891.77,swap,notBad
11290,7,891.77,7,891.77,move,improve
11291,7,891.77,7,891.77,2opt,notBad
11292,7,891.77,7,891.77,2opt,improve
11293,7,891.77,7,891.77,move,improve
11294,7,891.77,7,891.77,move,improve
11295,7,891.77,7,891.77,2opt,improve
11296,7,891.77,7,891.77,move,improve
11297,7,891.77,7,891.77,2opt,notBad
11298,7,891.77,7,891.77,move,improve
11299,7,891.77,7,891.77,2opt,notBad
11300,7,891.77,7,891.77,move,improve
11301,7,891.77,7,891.77,move,improve
11302,7,891.77,7,891.77,swap,notBad
11303,7,891.77,7,891.77,2opt,notBad
11304,7,891.77,7,891.77,swap,notBad
11305,7,891.77,7,891.77,2opt,notBad
11306,7,891.77,7,891.77,swap,notBad
11307,7,891.77,7,891.77,2opt,notBad
11308,7,891.77,7,891.77,swap,notBad
11309,7,891.77,7,891.77,2opt,notBad
11310,7,891.77,7,891.77,move,improve
11311,7,891.77,7,891.77,swap,notBad
11312,7,891.77,7,891.77,move,improve
11313,7,891.77,7,891.77,swap,notBad
11314,7,891.77,7,891.77,2opt,notBad
11315,7,891.77,7,891.77,move,improve
11316,7,891.77,7,891.77,2opt,notBad
11317,7,891.77,7,891.77,2opt,notBad
11318,7,891.77,7,891.77,2opt,notBad
11319,7,891.77,7,891.77,swap,notBad
11320,7,891.77,7,891.77,move,improve
11321,7,891.77,7,891.77,swap,notBad
11322,7,891.77,7,891.77,swap,notBad
11323,7,891.77,7,891.77,2opt,notBad
11324,7,891.77,7,891.77,move,improve
11325,7,891.77,7,891.77,2opt,improve
11326,7,891.77,7,891.77,move,improve
11327,7,891.77,7,891.77,swap,notBad
11328,7,891.77,7,891.77,2opt,notBad
11329,7,891.77,7,891.77,2opt,notBad
11330,7,891.77,7,891.77,2opt,notBad
11331,7,891.77,7,891.77,swap,notBad
11332,7,891.77,7,891.77,2opt,notBad
11333,7,892.3299999999999,7,891.77,swap,acceptBad
11334,7,892.3299999999999,7,891.77,swap,notBad
11335,7,892.3299999999999,7,891.77,swap,notBad
11336,7,892.3299999999999,7,891.77,swap,notBad
11337,7,892.3299999999999,7,891.77,swap,notBad
11338,7,892.3299999999999,7,891.77,swap,notBad
11339,7,892.3299999999999,7,891.77,swap,notBad
11340,7,892.3299999999999,7,891.77,swap,notBad
11341,7,892.3299999999999,7,891.77,2opt,notBad
11342,7,892.3299999999999,7,891.77,2opt,notBad
11343,7,892.3299999999999,7,891.77,move,improve
11344,7,892.3299999999999,7,891.77,swap,notBad
11345,7,892.3299999999999,7,891.77,2opt,notBad
11346,7,892.3299999999999,7,891.77,2opt,improve
11347,7,892.3299999999999,7,891.77,2opt,notBad
11348,7,892.3299999999999,7,891.77,2opt,notBad
11349,7,892.3299999999999,7,891.77,swap,notBad
11350,7,892.3299999999999,7,891.77,move,improve
11351,7,892.3299999999999,7,891.77,move,improve
11352,7,892.3299999999999,7,891.77,move,improve
11353,7,892.3299999999999,7,891.77,move,improve
11354,7,892.3299999999999,7,891.77,swap,notBad
11355,7,892.3299999999999,7,891.77,swap,notBad
11356,7,892.3299999999999,7,891.77,2opt,notBad
11357,7,892.3299999999999,7,891.77,swap,notBad
11358,7,892.3299999999999,7,891.77,swap,notBad
11359,7,892.3299999999999,7,891.77,2opt,notBad
11360,7,892.3299999999999,7,891.77,swap,notBad
11361,7,892.3299999999999,7,891.77,move,improve
11362,7,892.3299999999999,7,891.77,swap,notBad
11363,7,892.3299999999999,7,891.77,move,improve
11364,7,892.3299999999999,7,891.77,move,improve
11365,7,892.3299999999999,7,891.77,move,improve
11366,7,892.3299999999999,7,891.77,2opt,notBad
11367,7,892.3299999999999,7,891.77,2opt,notBad
11368,7,892.3299999999999,7,891.77,move,improve
11369,7,892.3299999999999,7,891.77,move,improve
11370,7,892.3299999999999,7,891.77,2opt,improve
11371,7,892.3299999999999,7,891.77,2opt,notBad
11372,7,892.3299999999999,7,891.77,swap,notBad
11373,7,892.3299999999999,7,891.77,swap,notBad
11374,7,892.3299999999999,7,891.77,swap,notBad
11375,7,892.3299999999999,7,891.77,move,improve
11376,7,892.3299999999999,7,891.77,move,improve
11377,7,892.3299999999999,7,891.77,move,improve
11378,7,892.3299999999999,7,891.77,move,improve
11379,7,892.3299999999999,7,891.77,2opt,notBad
11380,7,892.3299999999999,7,891.77,2opt,notBad
11381,7,892.3299999999999,7,891.77,move,notBad
11382,7,892.3299999999999,7,891.77,2opt,notBad
11383,7,892.3299999999999,7,891.77,swap,notBad
11384,7,892.3299999999999,7,891.77,swap,notBad
11385,7,892.3299999999999,7,891.77,move,improve
11386,7,892.3299999999999,7,891.77,move,improve
11387,7,892.3299999999999,7,891.77,2opt,notBad
11388,7,892.3299999999999,7,891.77,swap,notBad
11389,7,892.3299999999999,7,891.77,move,improve
11390,7,892.3299999999999,7,891.77,2opt,notBad
11391,7,892.3299999999999,7,891.77,2opt,notBad
11392,7,892.3299999999999,7,891.77,move,improve
11393,7,892.3299999999999,7,891.77,2opt,notBad
11394,7,892.3299999999999,7,891.77,2opt,notBad
11395,7,892.3299999999999,7,891.77,2opt,notBad
11396,7,892.3299999999999,7,891.77,move,notBad
11397,7,892.3299999999999,7,891.77,2opt,notBad
11398,7,892.3299999999999,7,891.77,swap,notBad
11399,7,892.3299999999999,7,891.77,swap,notBad
11400,7,892.3299999999999,7,891.77,move,improve
11401,7,892.3299999999999,7,891.77,move,improve
11402,7,892.3299999999999,7,891.77,move,improve
11403,7,892.3299999999999,7,891.77,2opt,notBad
11404,7,892.3299999999999,7,891.77,move,improve
11405,7,892.3299999999999,7,891.77,swap,notBad
11406,7,892.3299999999999,7,891.77,move,improve
11407,7,892.3299999999999,7,891.77,2opt,notBad
11408,7,892.3299999999999,7,891.77,2opt,notBad
11409,7,892.3299999999999,7,891.77,swap,notBad
11410,7,892.3299999999999,7,891.77,2opt,notBad
11411,7,892.3299999999999,7,891.77,2opt,notBad
11412,7,892.3299999999999,7,891.77,move,improve
11413,7,891.77,7,891.77,move,improve
11414,7,891.77,7,891.77,swap,notBad
11415,7,891.77,7,891.77,2opt,notBad
11416,7,891.77,7,891.77,move,improve
11417,7,891.77,7,891.77,swap,notBad
11418,7,891.77,7,891.77,move,improve
11419,7,891.77,7,891.77,swap,notBad
11420,7,891.77,7,891.77,2opt,notBad
11421,7,891.77,7,891.77,swap,notBad
11422,7,891.77,7,891.77,2opt,notBad
11423,7,891.77,7,891.77,move,improve
11424,7,891.77,7,891.77,2opt,improve
11425,7,891.77,7,891.77,2opt,notBad
11426,7,891.77,7,891.77,swap,notBad
11427,7,891.77,7,891.77,swap,notBad
11428,7,891.77,7,891.77,swap,notBad
11429,7,891.77,7,891.77,move,improve
11430,7,891.77,7,891.77,2opt,notBad
11431,7,891.77,7,891.77,move,improve
11432,7,891.77,7,891.77,move,improve
11433,7,891.77,7,891.77,swap,notBad
11434,7,891.77,7,891.77,move,improve
11435,7,891.77,7,891.77,move,improve
11436,7,891.77,7,891.77,move,improve
11437,7,891.77,7,891.77,move,improve
11438,7,891.77,7,891.77,move,improve
11439,7,891.77,7,891.77,swap,notBad
11440,7,891.77,7,891.77,swap,notBad
11441,7,891.77,7,891.77,move,improve
11442,7,891.77,7,891.77,swap,notBad
11443,7,891.77,7,891.77,move,improve
11444,7,891.77,7,891.77,move,improve
11445,7,891.77,7,891.77,2opt,notBad
11446,7,891.77,7,891.77,move,improve
11447,7,891.77,7,891.77,swap,notBad
11448,7,891.77,7,891.77,move,improve
11449,7,891.77,7,891.77,move,improve
11450,7,891.77,7,891.77,move,improve
11451,7,891.77,7,891.77,move,improve
11452,7,891.77,7,891.77,move,improve
11453,7,891.77,7,891.77,2opt,notBad
11454,7,891.77,7,891.77,swap,notBad
11455,7,891.77,7,891.77,swap,notBad
11456,7,891.77,7,891.77,2opt,notBad
11457,7,891.77,7,891.77,move,improve
11458,7,891.77,7,891.77,2opt,notBad
11459,7,891.77,7,891.77,move,improve
11460,7,891.77,7,891.77,move,improve
11461,7,891.77,7,891.77,2opt,notBad
11462,7,891.77,7,891.77,move,improve
11463,7,891.77,7,891.77,swap,notBad
11464,7,891.77,7,891.77,move,improve
11465,7,891.77,7,891.77,move,improve
11466,7,891.77,7,891.77,2opt,notBad
11467,7,891.77,7,891.77,2opt,notBad
11468,7,891.77,7,891.77,move,improve
11469,7,891.77,7,891.77,2opt,notBad
11470,7,891.77,7,891.77,2opt,notBad
11471,7,891.77,7,891.77,2opt,notBad
11472,7,891.77,7,891.77,swap,notBad
11473,7,891.77,7,891.77,swap,notBad
11474,7,891.77,7,891.77,move,improve
11475,7,891.77,7,891.77,2opt,improve
11476,7,891.77,7,891.77,swap,notBad
11477,7,891.77,7,891.77,2opt,notBad
11478,7,891.77,7,891.77,move,improve
11479,7,891.77,7,891.77,move,improve
11480,7,891.77,7,891.77,swap,notBad
11481,7,891.77,7,891.77,swap,notBad
11482,7,891.77,7,891.77,swap,notBad
11483,7,891.77,7,891.77,move,improve
11484,7,891.77,7,891.77,2opt,notBad
11485,7,891.77,7,891.77,move,improve
11486,7,891.77,7,891.77,move,improve
11487,7,891.77,7,891.77,move,improve
11488,7,891.77,7,891.77,2opt,notBad
11489,7,891.77,7,891.77,2opt,notBad
11490,7,891.77,7,891.77,swap,notBad
11491,7,891.77,7,891.77,2opt,notBad
11492,7,891.77,7,891.77,move,improve
11493,7,891.77,7,891.77,swap,notBad
11494,7,891.77,7,891.77,move,improve
11495,7,891.77,7,891.77,move,improve
11496,7,891.77,7,891.77,move,improve
11497,7,891.77,7,891.77,swap,notBad
11498,7,891.77,7,891.77,move,improve
11499,7,891.77,7,891.77,2opt,notBad
11500,7,891.77,7,891.77,2opt,notBad
11501,7,891.77,7,891.77,swap,notBad
11502,7,891.77,7,891.77,2opt,notBad
11503,7,891.77,7,891.77,2opt,notBad
11504,7,891.77,7,891.77,2opt,notBad
11505,7,891.77,7,891.77,swap,notBad
11506,7,891.77,7,891.77,swap,notBad
11507,7,891.77,7,891.77,move,improve
11508,7,891.77,7,891.77,swap,notBad
11509,7,891.77,7,891.77,2opt,notBad
11510,7,891.77,7,891.77,2opt,notBad
11511,7,891.77,7,891.77,move,improve
11512,7,891.77,7,891.77,2opt,improve
11513,7,891.77,7,891.77,swap,notBad
11514,7,891.77,7,891.77,swap,notBad
11515,7,891.77,7,891.77,move,improve
11516,7,891.77,7,891.77,move,improve
11517,7,891.77,7,891.77,swap,notBad
11518,7,891.77,7,891.77,swap,notBad
11519,7,891.77,7,891.77,swap,notBad
11520,7,891.77,7,891.77,2opt,notBad
11521,7,891.77,7,891.77,swap,notBad
11522,7,891.77,7,891.77,2opt,notBad
11523,7,891.77,7,891.77,2opt,notBad
11524,7,891.77,7,891.77,2opt,notBad
11525,7,891.77,7,891.77,2opt,notBad
11526,7,891.77,7,891.77,swap,notBad
11527,7,891.77,7,891.77,2opt,improve
11528,7,891.77,7,891.77,move,improve
11529,7,891.77,7,891.77,2opt,notBad
11530,7,891.77,7,891.77,move,improve
11531,7,891.77,7,891.77,2opt,notBad
11532,7,891.77,7,891.77,2opt,notBad
11533,7,891.77,7,891.77,move,improve
11534,7,891.77,7,891.77,move,improve
11535,7,891.77,7,891.77,swap,notBad
11536,7,891.77,7,891.77,swap,notBad
11537,7,891.77,7,891.77,2opt,notBad
11538,7,891.77,7,891.77,2opt,notBad
11539,7,891.77,7,891.77,swap,notBad
11540,7,891.77,7,891.77,2opt,notBad
11541,7,891.77,7,891.77,swap,notBad
11542,7,891.77,7,891.77,2opt,notBad
11543,7,891.77,7,891.77,2opt,notBad
11544,7,891.77,7,891.77,move,improve
11545,7,891.77,7,891.77,swap,notBad
11546,7,891.77,7,891.77,move,improve
11547,7,891.77,7,891.77,2opt,notBad
11548,7,891.77,7,891.77,swap,notBad
11549,7,891.77,7,891.77,move,improve
11550,7,891.77,7,891.77,swap,notBad
11551,7,891.77,7,891.77,swap,notBad
11552,7,891.77,7,891.77,swap,notBad
11553,7,891.77,7,891.77,2opt,notBad
11554,7,891.77,7,891.77,2opt,notBad
11555,7,891.77,7,891.77,2opt,notBad
11556,7,891.77,7,891.77,swap,notBad
11557,7,891.77,7,891.77,2opt,notBad
11558,7,891.77,7,891.77,move,improve
11559,7,891.77,7,891.77,swap,notBad
11560,7,891.77,7,891.77,2opt,notBad
11561,7,891.77,7,891.77,move,improve
11562,7,891.77,7,891.77,move,notBad
11563,7,891.77,7,891.77,swap,notBad
11564,7,891.77,7,891.77,swap,notBad
11565,7,891.77,7,891.77,move,improve
11566,7,891.77,7,891.77,move,improve
11567,7,891.77,7,891.77,swap,notBad
11568,7,891.77,7,891.77,swap,notBad
11569,7,891.77,7,891.77,move,improve
11570,7,891.77,7,891.77,swap,notBad
11571,7,891.77,7,891.77,move,improve
11572,7,891.77,7,891.77,swap,notBad
11573,7,891.77,7,891.77,move,improve
11574,7,891.77,7,891.77,move,improve
11575,7,891.77,7,891.77,swap,notBad
11576,7,891.77,7,891.77,move,improve
11577,7,891.77,7,891.77,2opt,notBad
11578,7,891.77,7,891.77,move,improve
11579,7,891.77,7,891.77,move,improve
11580,7,891.77,7,891.77,move,improve
11581,7,891.77,7,891.77,move,improve
11582,7,891.77,7,891.77,2opt,notBad
11583,7,891.77,7,891.77,2opt,notBad
11584,7,891.77,7,891.77,2opt,notBad
11585,7,891.77,7,891.77,swap,notBad
11586,7,891.77,7,891.77,2opt,notBad
11587,7,891.77,7,891.77,move,improve
11588,7,891.77,7,891.77,swap,notBad
11589,7,891.77,7,891.77,move,improve
11590,7,891.77,7,891.77,swap,notBad
11591,7,891.77,7,891.77,swap,notBad
11592,7,891.77,7,891.77,swap,notBad
11593,7,891.77,7,891.77,swap,notBad
11594,7,891.77,7,891.77,move,improve
11595,7,891.77,7,891.77,move,improve
11596,7,891.77,7,891.77,swap,notBad
11597,7,891.77,7,891.77,swap,notBad
11598,7,891.77,7,891.77,swap,notBad
11599,7,891.77,7,891.77,swap,notBad
11600,7,891.77,7,891.77,2opt,notBad
11601,7,891.77,7,891.77,move,improve
11602,7,891.77,7,891.77,2opt,notBad
11603,7,891.77,7,891.77,2opt,notBad
11604,7,891.77,7,891.77,move,improve
11605,7,891.77,7,891.77,swap,notBad
11606,7,891.77,7,891.77,swap,notBad
11607,7,891.77,7,891.77,2opt,notBad
11608,7,891.77,7,891.77,2opt,improve
11609,7,891.77,7,891.77,swap,notBad
11610,7,891.77,7,891.77,move,improve
11611,7,891.77,7,891.77,swap,notBad
11612,7,891.77,7,891.77,swap,notBad
11613,7,891.77,7,891.77,move,improve
11614,7,891.77,7,891.77,move,improve
11615,7,891.77,7,891.77,2opt,notBad
11616,7,891.77,7,891.77,2opt,notBad
11617,7,891.77,7,891.77,swap,notBad
11618,7,891.77,7,891.77,swap,notBad
11619,7,891.77,7,891.77,swap,notBad
11620,7,891.77,7,891.77,swap,notBad
11621,7,891.77,7,891.77,move,improve
11622,7,891.77,7,891.77,2opt,notBad
11623,7,891.77,7,891.77,2opt,notBad
11624,7,891.77,7,891.77,move,improve
11625,7,891.77,7,891.77,swap,notBad
11626,7,891.77,7,891.77,swap,notBad
11627,7,891.77,7,891.77,2opt,notBad
11628,7,891.77,7,891.77,2opt,notBad
11629,7,891.77,7,891.77,move,improve
11630,7,891.77,7,891.77,move,improve
11631,7,891.77,7,891.77,move,improve
11632,7,891.77,7,891.77,swap,notBad
11633,7,891.77,7,891.77,move,improve
11634,7,891.77,7,891.77,2opt,notBad
11635,7,891.77,7,891.77,swap,notBad
11636,7,891.77,7,891.77,2opt,notBad
11637,7,891.77,7,891.77,swap,notBad
11638,7,891.77,7,891.77,2opt,notBad
11639,7,891.77,7,891.77,2opt,notBad
11640,7,891.77,7,891.77,move,improve
11641,7,891.77,7,891.77,swap,notBad
11642,7,891.77,7,891.77,swap,notBad
11643,7,891.77,7,891.77,swap,notBad
11644,7,891.77,7,891.77,move,improve
11645,7,891.77,7,891.77,swap,notBad
11646,7,891.77,7,891.77,2opt,notBad
11647,7,891.77,7,891.77,2opt,notBad
11648,7,891.77,7,891.77,move,improve
11649,7,891.77,7,891.77,swap,notBad
11650,7,891.77,7,891.77,2opt,improve
11651,7,891.77,7,891.77,move,improve
11652,7,891.77,7,891.77,move,improve
11653,7,892.3299999999999,7,891.77,swap,acceptBad
11654,7,892.3299999999999,7,891.77,swap,notBad
11655,7,892.3299999999999,7,891.77,move,improve
11656,7,892.3299999999999,7,891.77,move,improve
11657,7,892.3299999999999,7,891.77,swap,notBad
11658,7,892.3299999999999,7,891.77,move,improve
11659,7,892.3299999999999,7,891.77,2opt,notBad
11660,7,892.3299999999999,7,891.77,2opt,improve
11661,7,892.3299999999999,7,891.77,2opt,notBad
11662,7,892.3299999999999,7,891.77,2opt,notBad
11663,7,892.3299999999999,7,891.77,swap,notBad
11664,7,892.3299999999999,7,891.77,2opt,notBad
11665,7,892.3299999999999,7,891.77,swap,notBad
11666,7,892.3299999999999,7,891.77,swap,notBad
11667,7,892.3299999999999,7,891.77,swap,notBad
11668,7,892.3299999999999,7,891.77,swap,notBad
11669,7,892.3299999999999,7,891.77,swap,notBad
11670,7,892.3299999999999,7,891.77,swap,notBad
11671,7,892.3299999999999,7,891.77,2opt,notBad
11672,7,892.3299999999999,7,891.77,2opt,notBad
11673,7,892.3299999999999,7,891.77,2opt,notBad
11674,7,892.3299999999999,7,891.77,swap,notBad
11675,7,892.3299999999999,7,891.77,swap,notBad
11676,7,892.3299999999999,7,891.77,swap,notBad
11677,7,892.3299999999999,7,891.77,2opt,notBad
11678,7,892.3299999999999,7,891.77,2opt,notBad
11679,7,892.3299999999999,7,891.77,2opt,notBad
11680,7,892.3299999999999,7,891.77,swap,notBad
11681,7,892.3299999999999,7,891.77,2opt,improve
11682,7,892.3299999999999,7,891.77,move,improve
11683,7,892.3299999999999,7,891.77,2opt,notBad
11684,7,892.3299999999999,7,891.77,swap,notBad
11685,7,892.3299999999999,7,891.77,move,improve
11686,7,892.3299999999999,7,891.77,2opt,notBad
11687,7,892.3299999999999,7,891.77,move,improve
11688,7,892.3299999999999,7,891.77,move,improve
11689,7,892.3299999999999,7,891.77,2opt,notBad
11690,7,892.3299999999999,7,891.77,swap,notBad
11691,7,892.3299999999999,7,891.77,2opt,notBad
11692,7,892.3299999999999,7,891.77,move,improve
11693,7,892.3299999999999,7,891.77,2opt,notBad
11694,7,892.3299999999999,7,891.77,2opt,notBad
11695,7,892.3299999999999,7,891.77,2opt,notBad
11696,7,892.3299999999999,7,891.77,2opt,notBad
11697,7,892.3299999999999,7,891.77,move,improve
11698,7,892.3299999999999,7,891.77,swap,notBad
11699,7,892.3299999999999,7,891.77,2opt,notBad
11700,7,892.3299999999999,7,891.77,move,improve
11701,7,892.3299999999999,7,891.77,swap,notBad
11702,7,892.3299999999999,7,891.77,2opt,notBad
11703,7,892.3299999999999,7,891.77,move,improve
11704,7,892.3299999999999,7,891.77,move,improve
11705,7,892.3299999999999,7,891.77,swap,notBad
11706,7,892.3299999999999,7,891.77,move,improve
11707,7,892.3299999999999,7,891.77,swap,notBad
11708,7,892.3299999999999,7,891.77,swap,notBad
11709,7,892.3299999999999,7,891.77,move,improve
11710,7,892.3299999999999,7,891.77,2opt,notBad
11711,7,891.77,7,891.77,move,improve
11712,7,891.77,7,891.77,2opt,notBad
11713,7,891.77,7,891.77,move,improve
11714,7,891.77,7,891.77,swap,notBad
11715,7,891.77,7,891.77,2opt,notBad
11716,7,891.77,7,891.77,2opt,notBad
11717,7,891.77,7,891.77,swap,notBad
11718,7,891.77,7,891.77,2opt,improve
11719,7,891.77,7,891.77,2opt,notBad
11720,7,891.77,7,891.77,2opt,notBad
11721,7,891.77,7,891.77,swap,notBad
11722,7,891.77,7,891.77,swap,notBad
11723,7,891.77,7,891.77,2opt,notBad
11724,7,891.77,7,891.77,2opt,notBad
11725,7,891.77,7,891.77,2opt,notBad
11726,7,891.77,7,891.77,2opt,notBad
11727,7,891.77,7,891.77,2opt,notBad
11728,7,891.77,7,891.77,swap,notBad
11729,7,891.77,7,891.77,swap,notBad
11730,7,891.77,7,891.77,swap,notBad
11731,7,891.77,7,891.77,swap,notBad
11732,7,891.77,7,891.77,2opt,notBad
11733,7,891.77,7,891.77,move,improve
11734,7,891.77,7,891.77,2opt,notBad
11735,7,891.77,7,891.77,move,improve
11736,7,891.77,7,891.77,2opt,notBad
11737,7,891.77,7,891.77,move,improve
11738,7,891.77,7,891.77,2opt,notBad
11739,7,891.77,7,891.77,swap,notBad
11740,7,891.77,7,891.77,2opt,notBad
11741,7,891.77,7,891.77,move,improve
11742,7,891.77,7,891.77,move,improve
11743,7,891.77,7,891.77,swap,notBad
11744,7,891.77,7,891.77,swap,notBad
11745,7,891.77,7,891.77,2opt,notBad
11746,7,891.77,7,891.77,move,improve
11747,7,891.77,7,891.77,2opt,notBad
11748,7,891.77,7,891.77,move,improve
11749,7,891.77,7,891.77,move,improve
11750,7,891.77,7,891.77,swap,notBad
11751,7,891.77,7,891.77,move,improve
11752,7,891.77,7,891.77,swap,notBad
11753,7,891.77,7,891.77,swap,notBad
11754,7,891.77,7,891.77,2opt,notBad
11755,7,891.77,7,891.77,move,improve
11756,7,891.77,7,891.77,swap,notBad
11757,7,891.77,7,891.77,move,improve
11758,7,891.77,7,891.77,move,improve
11759,7,891.77,7,891.77,2opt,notBad
11760,7,891.77,7,891.77,swap,notBad
11761,7,891.77,7,891.77,move,improve
11762,7,891.77,7,891.77,2opt,notBad
11763,7,891.77,7,891.77,swap,notBad
11764,7,891.77,7,891.77,swap,notBad
11765,7,891.77,7,891.77,swap,notBad
11766,7,891.77,7,891.77,2opt,notBad
11767,7,891.77,7,891.77,2opt,notBad
11768,7,891.77,7,891.77,2opt,notBad
11769,7,891.77,7,891.77,swap,notBad
11770,7,891.77,7,891.77,swap,notBad
11771,7,891.77,7,891.77,2opt,notBad
11772,7,891.77,7,891.77,2opt,notBad
11773,7,891.77,7,891.77,2opt,notBad
11774,7,891.77,7,891.77,swap,notBad
11775,7,891.77,7,891.77,2opt,notBad
11776,7,891.77,7,891.77,2opt,notBad
11777,7,891.77,7,891.77,move,improve
11778,7,891.77,7,891.77,2opt,improve
11779,7,891.77,7,891.77,2opt,notBad
11780,7,891.77,7,891.77,2opt,notBad
11781,7,891.77,7,891.77,2opt,notBad
11782,7,891.77,7,891.77,2opt,notBad
11783,7,891.77,7,891.77,swap,notBad
11784,7,892.3299999999999,7,891.77,swap,acceptBad
11785,7,892.3299999999999,7,891.77,swap,notBad
11786,7,892.3299999999999,7,891.77,2opt,notBad
11787,7,892.3299999999999,7,891.77,2opt,notBad
11788,7,892.3299999999999,7,891.77,move,improve
11789,7,892.3299999999999,7,891.77,2opt,improve
11790,7,892.3299999999999,7,891.77,2opt,notBad
11791,7,892.3299999999999,7,891.77,2opt,notBad
11792,7,892.3299999999999,7,891.77,move,improve
11793,7,892.3299999999999,7,891.77,2opt,notBad
11794,7,892.3299999999999,7,891.77,2opt,notBad
11795,7,892.3299999999999,7,891.77,swap,notBad
11796,7,892.3299999999999,7,891.77,swap,notBad
11797,7,892.3299999999999,7,891.77,2opt,notBad
11798,7,892.3299999999999,7,891.77,swap,notBad
11799,7,892.3299999999999,7,891.77,swap,notBad
11800,7,892.3299999999999,7,891.77,swap,notBad
11801,7,892.3299999999999,7,891.77,swap,notBad
11802,7,892.3299999999999,7,891.77,swap,notBad
11803,7,892.3299999999999,7,891.77,move,improve
11804,7,892.3299999999999,7,891.77,2opt,notBad
11805,7,892.3299999999999,7,891.77,move,improve
11806,7,892.3299999999999,7,891.77,swap,notBad
11807,7,892.3299999999999,7,891.77,2opt,notBad
11808,7,892.3299999999999,7,891.77,swap,notBad
11809,7,892.3299999999999,7,891.77,2opt,notBad
11810,7,892.3299999999999,7,891.77,2opt,notBad
11811,7,892.3299999999999,7,891.77,2opt,notBad
11812,7,892.3299999999999,7,891.77,2opt,notBad
11813,7,892.3299999999999,7,891.77,swap,notBad
11814,7,892.3299999999999,7,891.77,swap,notBad
11815,7,892.3299999999999,7,891.77,2opt,notBad
11816,7,892.3299999999999,7,891.77,swap,notBad
11817,7,892.3299999999999,7,891.77,swap,notBad
11818,7,892.3299999999999,7,891.77,2opt,notBad
11819,7,892.3299999999999,7,891.77,2opt,improve
11820,7,892.3299999999999,7,891.77,move,improve
11821,7,892.3299999999999,7,891.77,swap,notBad
11822,7,892.3299999999999,7,891.77,2opt,notBad
11823,7,892.3299999999999,7,891.77,2opt,notBad
11824,7,892.3299999999999,7,891.77,swap,notBad
11825,7,892.3299999999999,7,891.77,2opt,notBad
11826,7,892.3299999999999,7,891.77,2opt,improve
11827,7,892.3299999999999,7,891.77,swap,notBad
11828,7,892.3299999999999,7,891.77,2opt,notBad
11829,7,892.3299999999999,7,891.77,swap,notBad
11830,7,892.3299999999999,7,891.77,swap,notBad
11831,7,892.3299999999999,7,891.77,move,improve
11832,7,892.3299999999999,7,891.77,2opt,notBad
11833,7,892.3299999999999,7,891.77,move,improve
11834,7,892.3299999999999,7,891.77,2opt,notBad
11835,7,892.3299999999999,7,891.77,move,improve
11836,7,892.3299999999999,7,891.77,2opt,notBad
11837,7,892.3299999999999,7,891.77,2opt,notBad
11838,7,892.3299999999999,7,891.77,swap,notBad
11839,7,892.3299999999999,7,891.77,swap,notBad
11840,7,892.3299999999999,7,891.77,swap,notBad
11841,7,892.3299999999999,7,891.77,swap,notBad
11842,7,892.3299999999999,7,891.77,2opt,notBad
11843,7,892.3299999999999,7,891.77,2opt,notBad
11844,7,892.3299999999999,7,891.77,2opt,notBad
11845,7,892.3299999999999,7,891.77,move,improve
11846,7,892.3299999999999,7,891.77,swap,notBad
11847,7,892.3299999999999,7,891.77,2opt,notBad
11848,7,892.3299999999999,7,891.77,swap,notBad
11849,7,892.3299999999999,7,891.77,move,improve
11850,7,892.3299999999999,7,891.77,move,notBad
11851,7,892.3299999999999,7,891.77,2opt,notBad
11852,7,892.3299999999999,7,891.77,2opt,notBad
11853,7,892.3299999999999,7,891.77,2opt,notBad
11854,7,892.3299999999999,7,891.77,swap,notBad
11855,7,892.3299999999999,7,891.77,move,improve
11856,7,892.3299999999999,7,891.77,2opt,improve
11857,7,892.3299999999999,7,891.77,2opt,notBad
11858,7,892.3299999999999,7,891.77,swap,notBad
11859,7,892.3299999999999,7,891.77,swap,notBad
11860,7,892.3299999999999,7,891.77,swap,notBad
11861,7,892.3299999999999,7,891.77,2opt,notBad
11862,7,892.3299999999999,7,891.77,2opt,notBad
11863,7,892.3299999999999,7,891.77,swap,notBad
11864,7,892.3299999999999,7,891.77,move,improve
11865,7,892.3299999999999,7,891.77,swap,notBad
11866,7,892.3299999999999,7,891.77,swap,notBad
11867,7,892.3299999999999,7,891.77,move,improve
11868,7,892.3299999999999,7,891.77,move,improve
11869,7,892.3299999999999,7,891.77,swap,notBad
11870,7,892.3299999999999,7,891.77,move,improve
11871,7,892.3299999999999,7,891.77,2opt,notBad
11872,7,892.3299999999999,7,891.77,2opt,notBad
11873,7,892.3299999999999,7,891.77,swap,notBad
11874,7,892.3299999999999,7,891.77,move,improve
11875,7,892.3299999999999,7,891.77,2opt,notBad
11876,7,892.3299999999999,7,891.77,swap,notBad
11877,7,892.3299999999999,7,891.77,swap,notBad
11878,7,892.3299999999999,7,891.77,move,improve
11879,7,892.3299999999999,7,891.77,move,notBad
11880,7,892.3299999999999,7,891.77,2opt,notBad
11881,7,892.3299999999999,7,891.77,swap,notBad
11882,7,892.3299999999999,7,891.77,2opt,notBad
11883,7,892.3299999999999,7,891.77,swap,notBad
11884,7,892.3299999999999,7,891.77,2opt,notBad
11885,7,892.3299999999999,7,891.77,2opt,notBad
11886,7,892.3299999999999,7,891.77,move,improve
11887,7,892.3299999999999,7,891.77,swap,notBad
11888,7,892.3299999999999,7,891.77,2opt,notBad
11889,7,892.3299999999999,7,891.77,2opt,notBad
11890,7,892.3299999999999,7,891.77,swap,notBad
11891,7,892.3299999999999,7,891.77,move,improve
11892,7,892.3299999999999,7,891.77,swap,notBad
11893,7,892.3299999999999,7,891.77,swap,notBad
11894,7,892.3299999999999,7,891.77,move,improve
11895,7,892.3299999999999,7,891.77,2opt,notBad
11896,7,892.3299999999999,7,891.77,2opt,notBad
11897,7,892.3299999999999,7,891.77,swap,notBad
11898,7,892.3299999999999,7,891.77,swap,notBad
11899,7,892.3299999999999,7,891.77,2opt,notBad
11900,7,892.3299999999999,7,891.77,2opt,notBad
11901,7,892.3299999999999,7,891.77,move,improve
11902,7,892.3299999999999,7,891.77,swap,notBad
11903,7,892.3299999999999,7,891.77,2opt,notBad
11904,7,892.3299999999999,7,891.77,2opt,notBad
11905,7,892.3299999999999,7,891.77,move,improve
11906,7,892.3299999999999,7,891.77,swap,notBad
11907,7,892.3299999999999,7,891.77,swap,notBad
11908,7,892.3299999999999,7,891.77,move,improve
11909,7,892.3299999999999,7,891.77,move,improve
11910,7,892.3299999999999,7,891.77,2opt,notBad
11911,7,892.3299999999999,7,891.77,move,improve
11912,7,892.3299999999999,7,891.77,swap,notBad
11913,7,892.3299999999999,7,891.77,2opt,notBad
11914,7,892.3299999999999,7,891.77,move,improve
11915,7,892.3299999999999,7,891.77,move,improve
11916,7,892.3299999999999,7,891.77,swap,notBad
11917,7,892.3299999999999,7,891.77,move,improve
11918,7,892.3299999999999,7,891.77,2opt,notBad
11919,7,892.3299999999999,7,891.77,move,improve
11920,7,892.3299999999999,7,891.77,move,improve
11921,7,892.3299999999999,7,891.77,swap,notBad
11922,7,892.3299999999999,7,891.77,swap,notBad
11923,7,892.3299999999999,7,891.77,swap,notBad
11924,7,892.3299999999999,7,891.77,swap,notBad
11925,7,892.3299999999999,7,891.77,2opt,notBad
11926,7,892.3299999999999,7,891.77,2opt,notBad
11927,7,892.3299999999999,7,891.77,move,improve
11928,7,892.3299999999999,7,891.77,2opt,notBad
11929,7,892.3299999999999,7,891.77,2opt,notBad
11930,7,892.3299999999999,7,891.77,2opt,notBad
11931,7,892.3299999999999,7,891.77,2opt,notBad
11932,7,892.3299999999999,7,891.77,2opt,notBad
11933,7,892.3299999999999,7,891.77,swap,notBad
11934,7,892.3299999999999,7,891.77,2opt,notBad
11935,7,892.3299999999999,7,891.77,2opt,notBad
11936,7,892.3299999999999,7,891.77,2opt,notBad
11937,7,892.3299999999999,7,891.77,swap,notBad
11938,7,892.3299999999999,7,891.77,move,improve
11939,7,892.3299999999999,7,891.77,move,improve
11940,7,892.3299999999999,7,891.77,2opt,notBad
11941,7,892.3299999999999,7,891.77,swap,notBad
11942,7,892.3299999999999,7,891.77,swap,notBad
11943,7,892.3299999999999,7,891.77,move,improve
11944,7,892.3299999999999,7,891.77,2opt,notBad
11945,7,892.3299999999999,7,891.77,2opt,notBad
11946,7,892.3299999999999,7,891.77,move,improve
11947,7,892.3299999999999,7,891.77,move,improve
11948,7,892.3299999999999,7,891.77,2opt,notBad
11949,7,892.3299999999999,7,891.77,2opt,notBad
11950,7,892.3299999999999,7,891.77,2opt,notBad
11951,7,892.3299999999999,7,891.77,swap,notBad
11952,7,892.3299999999999,7,891.77,2opt,notBad
11953,7,892.3299999999999,7,891.77,swap,notBad
11954,7,892.3299999999999,7,891.77,move,improve
11955,7,892.3299999999999,7,891.77,swap,notBad
11956,7,892.3299999999999,7,891.77,2opt,improve
11957,7,892.3299999999999,7,891.77,2opt,notBad
11958,7,892.3299999999999,7,891.77,2opt,notBad
11959,7,892.3299999999999,7,891.77,swap,notBad
11960,7,892.3299999999999,7,891.77,move,improve
11961,7,892.3299999999999,7,891.77,move,improve
11962,7,892.3299999999999,7,891.77,swap,notBad
11963,7,892.3299999999999,7,891.77,2opt,notBad
11964,7,892.3299999999999,7,891.77,2opt,notBad
11965,7,892.3299999999999,7,891.77,swap,notBad
11966,7,892.3299999999999,7,891.77,swap,notBad
11967,7,892.3299999999999,7,891.77,move,improve
11968,7,892.3299999999999,7,891.77,2opt,improve
11969,7,892.3299999999999,7,891.77,2opt,notBad
11970,7,892.3299999999999,7,891.77,2opt,notBad
11971,7,892.3299999999999,7,891.77,move,improve
11972,7,892.3299999999999,7,891.77,2opt,notBad
11973,7,892.3299999999999,7,891.77,move,notBad
11974,7,892.3299999999999,7,891.77,swap,notBad
11975,7,892.3299999999999,7,891.77,swap,notBad
11976,7,892.3299999999999,7,891.77,2opt,notBad
11977,7,892.3299999999999,7,891.77,swap,notBad
11978,7,892.3299999999999,7,891.77,2opt,notBad
11979,7,892.3299999999999,7,891.77,swap,notBad
11980,7,892.3299999999999,7,891.77,2opt,notBad
11981,7,892.3299999999999,7,891.77,move,improve
11982,7,892.3299999999999,7,891.77,move,improve
11983,7,892.3299999999999,7,891.77,2opt,notBad
11984,7,891.77,7,891.77,move,improve
11985,7,891.77,7,891.77,2opt,notBad
11986,7,891.77,7,891.77,2opt,notBad
11987,7,891.77,7,891.77,move,improve
11988,7,891.77,7,891.77,2opt,notBad
11989,7,891.77,7,891.77,move,improve
11990,7,891.77,7,891.77,swap,notBad
11991,7,891.77,7,891.77,2opt,notBad
11992,7,891.77,7,891.77,move,improve
11993,7,891.77,7,891.77,move,improve
11994,7,891.77,7,891.77,move,improve
11995,7,891.77,7,891.77,swap,notBad
11996,7,891.77,7,891.77,2opt,notBad
11997,7,891.77,7,891.77,2opt,notBad
11998,7,891.77,7,891.77,2opt,notBad
11999,7,891.77,7,891.77,swap,notBad
12000,7,891.77,7,891.77,2opt,notBad
12001,7,891.77,7,891.77,move,improve
12002,7,891.77,7,891.77,swap,notBad
12003,7,891.77,7,891.77,move,improve
12004,7,891.77,7,891.77,2opt,notBad
12005,7,891.77,7,891.77,move,improve
12006,7,891.77,7,891.77,swap,notBad
12007,7,891.77,7,891.77,2opt,notBad
12008,7,891.77,7,891.77,move,improve
12009,7,891.77,7,891.77,swap,notBad
12010,7,891.77,7,891.77,move,improve
12011,7,891.77,7,891.77,2opt,notBad
12012,7,891.77,7,891.77,2opt,notBad
12013,7,891.77,7,891.77,move,improve
12014,7,891.77,7,891.77,2opt,notBad
12015,7,891.77,7,891.77,move,improve
12016,7,891.77,7,891.77,move,improve
12017,7,891.77,7,891.77,swap,notBad
12018,7,891.77,7,891.77,move,improve
12019,7,891.77,7,891.77,swap,notBad
12020,7,891.77,7,891.77,move,improve
12021,7,891.77,7,891.77,move,improve
12022,7,891.77,7,891.77,move,improve
12023,7,891.77,7,891.77,swap,notBad
12024,7,891.77,7,891.77,swap,notBad
12025,7,891.77,7,891.77,2opt,notBad
12026,7,891.77,7,891.77,move,improve
12027,7,891.77,7,891.77,swap,notBad
12028,7,891.77,7,891.77,swap,notBad
12029,7,891.77,7,891.77,swap,notBad
12030,7,891.77,7,891.77,move,improve
12031,7,891.77,7,891.77,move,improve
12032,7,891.77,7,891.77,move,improve
12033,7,891.77,7,891.77,move,improve
12034,7,891.77,7,891.77,2opt,notBad
12035,7,891.77,7,891.77,move,improve
12036,7,891.77,7,891.77,move,improve
12037,7,891.77,7,891.77,2opt,notBad
12038,7,891.77,7,891.77,move,improve
12039,7,891.77,7,891.77,move,improve
12040,7,891.77,7,891.77,swap,notBad
12041,7,891.77,7,891.77,move,improve
12042,7,891.77,7,891.77,2opt,notBad
12043,7,891.77,7,891.77,move,improve
12044,7,891.77,7,891.77,swap,notBad
12045,7,891.77,7,891.77,2opt,notBad
12046,7,891.77,7,891.77,move,improve
12047,7,891.77,7,891.77,swap,notBad
12048,7,891.77,7,891.77,move,improve
12049,7,891.77,7,891.77,move,improve
12050,7,891.77,7,891.77,swap,notBad
12051,7,891.77,7,891.77,2opt,notBad
12052,7,891.77,7,891.77,2opt,notBad
12053,7,891.77,7,891.77,move,improve
12054,7,891.77,7,891.77,move,improve
12055,7,891.77,7,891.77,2opt,notBad
12056,7,891.77,7,891.77,move,improve
12057,7,891.77,7,891.77,2opt,notBad
12058,7,891.77,7,891.77,swap,notBad
12059,7,891.77,7,891.77,2opt,notBad
12060,7,891.77,7,891.77,move,improve
12061,7,891.77,7,891.77,2opt,improve
12062,7,891.77,7,891.77,2opt,notBad
12063,7,891.77,7,891.77,move,notBad
12064,7,891.77,7,891.77,2opt,notBad
12065,7,891.77,7,891.77,swap,notBad
12066,7,891.77,7,891.77,move,improve
12067,7,891.77,7,891.77,move,improve
12068,7,891.77,7,891.77,swap,notBad
12069,7,891.77,7,891.77,swap,notBad
12070,7,891.77,7,891.77,move,improve
12071,7,891.77,7,891.77,swap,notBad
12072,7,891.77,7,891.77,2opt,notBad
12073,7,891.77,7,891.77,2opt,notBad
12074,7,891.77,7,891.77,move,improve
12075,7,891.77,7,891.77,2opt,notBad
12076,7,891.77,7,891.77,swap,notBad
12077,7,891.77,7,891.77,swap,notBad
12078,7,891.77,7,891.77,move,improve
12079,7,891.77,7,891.77,2opt,notBad
12080,7,891.77,7,891.77,swap,notBad
12081,7,891.77,7,891.77,move,improve
12082,7,891.77,7,891.77,move,improve
12083,7,891.77,7,891.77,move,improve
12084,7,891.77,7,891.77,swap,notBad
12085,7,891.77,7,891.77,move,improve
12086,7,891.77,7,891.77,swap,notBad
12087,7,891.77,7,891.77,2opt,notBad
12088,7,891.77,7,891.77,swap,notBad
12089,7,891.77,7,891.77,move,improve
12090,7,891.77,7,891.77,move,improve
12091,7,891.77,7,891.77,move,improve
12092,7,891.77,7,891.77,swap,notBad
12093,7,891.77,7,891.77,move,improve
12094,7,891.77,7,891.77,move,improve
12095,7,891.77,7,891.77,swap,notBad
12096,7,891.77,7,891.77,move,improve
12097,7,891.77,7,891.77,2opt,notBad
12098,7,891.77,7,891.77,swap,notBad
12099,7,891.77,7,891.77,swap,notBad
12100,7,891.77,7,891.77,2opt,notBad
12101,7,891.77,7,891.77,2opt,notBad
12102,7,891.77,7,891.77,2opt,notBad
12103,7,891.77,7,891.77,swap,notBad
12104,7,891.77,7,891.77,move,improve
12105,7,891.77,7,891.77,swap,notBad
12106,7,891.77,7,891.77,swap,notBad
12107,7,891.77,7,891.77,2opt,notBad
12108,7,891.77,7,891.77,swap,notBad
12109,7,891.77,7,891.77,move,improve
12110,7,891.77,7,891.77,move,improve
12111,7,891.77,7,891.77,2opt,notBad
12112,7,891.77,7,891.77,move,improve
12113,7,891.77,7,891.77,swap,notBad
12114,7,891.77,7,891.77,move,improve
12115,7,891.77,7,891.77,2opt,notBad
12116,7,891.77,7,891.77,2opt,notBad
12117,7,891.77,7,891.77,move,improve
12118,7,891.77,7,891.77,swap,notBad
12119,7,891.77,7,891.77,2opt,notBad
12120,7,891.77,7,891.77,swap,notBad
12121,7,891.77,7,891.77,swap,notBad
12122,7,891.77,7,891.77,2opt,notBad
12123,7,891.77,7,891.77,swap,notBad
12124,7,891.77,7,891.77,move,improve
12125,7,891.77,7,891.77,2opt,notBad
12126,7,891.77,7,891.77,2opt,notBad
12127,7,891.77,7,891.77,swap,notBad
12128,7,891.77,7,891.77,move,improve
12129,7,891.77,7,891.77,swap,notBad
12130,7,891.77,7,891.77,swap,notBad
12131,7,891.77,7,891.77,move,improve
12132,7,891.77,7,891.77,2opt,notBad
12133,7,891.77,7,891.77,swap,notBad
12134,7,891.77,7,891.77,swap,notBad
12135,7,891.77,7,891.77,2opt,notBad
12136,7,891.77,7,891.77,move,improve
12137,7,891.77,7,891.77,swap,notBad
12138,7,891.77,7,891.77,move,improve
12139,7,891.77,7,891.77,swap,notBad
12140,7,891.77,7,891.77,move,improve
12141,7,891.77,7,891.77,2opt,notBad
12142,7,891.77,7,891.77,move,improve
12143,7,891.77,7,891.77,2opt,notBad
12144,7,891.77,7,891.77,2opt,notBad
12145,7,891.77,7,891.77,2opt,improve
12146,7,891.77,7,891.77,swap,notBad
12147,7,891.77,7,891.77,move,improve
12148,7,891.77,7,891.77,2opt,notBad
12149,7,891.77,7,891.77,2opt,notBad
12150,7,891.77,7,891.77,2opt,notBad
12151,7,891.77,7,891.77,move,improve
12152,7,891.77,7,891.77,2opt,improve
12153,7,891.77,7,891.77,2opt,improve
12154,7,891.77,7,891.77,move,improve
12155,7,891.77,7,891.77,swap,notBad
12156,7,891.77,7,891.77,move,improve
12157,7,891.77,7,891.77,swap,notBad
12158,7,891.77,7,891.77,swap,notBad
12159,7,891.77,7,891.77,2opt,notBad
12160,7,891.77,7,891.77,swap,notBad
12161,7,891.77,7,891.77,2opt,notBad
12162,7,891.77,7,891.77,move,improve
12163,7,891.77,7,891.77,2opt,notBad
12164,7,891.77,7,891.77,swap,notBad
12165,7,891.77,7,891.77,swap,notBad
12166,7,891.77,7,891.77,swap,notBad
12167,7,891.77,7,891.77,2opt,notBad
12168,7,891.77,7,891.77,move,improve
12169,7,891.77,7,891.77,2opt,notBad
12170,7,891.77,7,891.77,2opt,notBad
12171,7,891.77,7,891.77,2opt,notBad
12172,7,891.77,7,891.77,move,improve
12173,7,891.77,7,891.77,swap,notBad
12174,7,891.77,7,891.77,2opt,notBad
12175,7,891.77,7,891.77,move,improve
12176,7,891.77,7,891.77,2opt,notBad
12177,7,891.77,7,891.77,move,improve
12178,7,891.77,7,891.77,move,improve
12179,7,891.77,7,891.77,2opt,improve
12180,7,891.77,7,891.77,move,improve
12181,7,891.77,7,891.77,move,improve
12182,7,891.77,7,891.77,2opt,improve
12183,7,891.77,7,891.77,move,improve
12184,7,891.77,7,891.77,move,improve
12185,7,891.77,7,891.77,move,improve
12186,7,891.77,7,891.77,swap,notBad
12187,7,891.77,7,891.77,swap,notBad
12188,7,891.77,7,891.77,2opt,notBad
12189,7,891.77,7,891.77,move,improve
12190,7,891.77,7,891.77,2opt,notBad
12191,7,891.77,7,891.77,move,improve
12192,7,891.77,7,891.77,swap,notBad
12193,7,891.77,7,891.77,move,improve
12194,7,891.77,7,891.77,move,improve
12195,7,891.77,7,891.77,2opt,notBad
12196,7,891.77,7,891.77,swap,notBad
12197,7,891.77,7,891.77,2opt,improve
12198,7,891.77,7,891.77,swap,notBad
12199,7,891.77,7,891.77,2opt,notBad
12200,7,891.77,7,891.77,move,improve
12201,7,891.77,7,891.77,2opt,notBad
12202,7,891.77,7,891.77,2opt,notBad
12203,7,891.77,7,891.77,2opt,notBad
12204,7,891.77,7,891.77,2opt,notBad
12205,7,891.77,7,891.77,swap,notBad
12206,7,891.77,7,891.77,swap,notBad
12207,7,891.77,7,891.77,swap,notBad
12208,7,891.77,7,891.77,2opt,notBad
12209,7,891.77,7,891.77,move,improve
12210,7,891.77,7,891.77,move,improve
12211,7,891.77,7,891.77,2opt,notBad
12212,7,891.77,7,891.77,move,improve
12213,7,891.77,7,891.77,move,improve
12214,7,891.77,7,891.77,swap,notBad
12215,7,891.77,7,891.77,move,improve
12216,7,891.77,7,891.77,move,improve
12217,7,891.77,7,891.77,swap,notBad
12218,7,891.77,7,891.77,2opt,notBad
12219,7,891.77,7,891.77,2opt,notBad
12220,7,891.77,7,891.77,swap,notBad
12221,7,891.77,7,891.77,swap,notBad
12222,7,891.77,7,891.77,2opt,improve
12223,7,891.77,7,891.77,move,improve
12224,7,891.77,7,891.77,swap,notBad
12225,7,891.77,7,891.77,2opt,notBad
12226,7,891.77,7,891.77,2opt,notBad
12227,7,891.77,7,891.77,2opt,notBad
12228,7,891.77,7,891.77,move,improve
12229,7,891.77,7,891.77,swap,notBad
12230,7,891.77,7,891.77,swap,notBad
12231,7,891.77,7,891.77,swap,notBad
12232,7,891.77,7,891.77,2opt,notBad
12233,7,891.77,7,891.77,move,improve
12234,7,891.77,7,891.77,move,improve
12235,7,891.77,7,891.77,swap,notBad
12236,7,891.77,7,891.77,2opt,notBad
12237,7,891.77,7,891.77,2opt,improve
12238,7,891.77,7,891.77,2opt,notBad
12239,7,891.77,7,891.77,swap,notBad
12240,7,891.77,7,891.77,swap,notBad
12241,7,891.77,7,891.77,move,improve
12242,7,891.77,7,891.77,swap,notBad
12243,7,891.77,7,891.77,2opt,notBad
12244,7,891.77,7,891.77,swap,notBad
12245,7,891.77,7,891.77,2opt,notBad
12246,7,891.77,7,891.77,swap,notBad
12247,7,891.77,7,891.77,2opt,notBad
12248,7,891.77,7,891.77,move,improve
12249,7,891.77,7,891.77,swap,notBad
12250,7,891.77,7,891.77,2opt,notBad
12251,7,891.77,7,891.77,2opt,notBad
12252,7,891.77,7,891.77,move,improve
12253,7,891.77,7,891.77,swap,notBad
12254,7,891.77,7,891.77,move,improve
12255,7,891.77,7,891.77,swap,notBad
12256,7,891.77,7,891.77,2opt,notBad
12257,7,891.77,7,891.77,move,improve
12258,7,891.77,7,891.77,move,improve
12259,7,891.77,7,891.77,move,improve
12260,7,891.77,7,891.77,2opt,notBad
12261,7,891.77,7,891.77,2opt,notBad
12262,7,891.77,7,891.77,2opt,notBad
12263,7,891.77,7,891.77,swap,notBad
12264,7,891.77,7,891.77,swap,notBad
12265,7,891.77,7,891.77,2opt,notBad
12266,7,891.77,7,891.77,2opt,notBad
12267,7,891.77,7,891.77,swap,notBad
12268,7,891.77,7,891.77,move,improve
12269,7,891.77,7,891.77,2opt,notBad
12270,7,891.77,7,891.77,2opt,notBad
12271,7,891.77,7,891.77,swap,notBad
12272,7,891.77,7,891.77,swap,notBad
12273,7,891.77,7,891.77,swap,notBad
12274,7,891.77,7,891.77,move,improve
12275,7,891.77,7,891.77,move,improve
12276,7,891.77,7,891.77,swap,notBad
12277,7,891.77,7,891.77,move,improve
12278,7,891.77,7,891.77,move,improve
12279,7,891.77,7,891.77,move,improve
12280,7,891.77,7,891.77,move,improve
12281,7,891.77,7,891.77,move,improve
12282,7,891.77,7,891.77,move,improve
12283,7,891.77,7,891.77,2opt,notBad
12284,7,891.77,7,891.77,move,improve
12285,7,891.77,7,891.77,move,notBad
12286,7,891.77,7,891.77,swap,notBad
12287,7,891.77,7,891.77,move,improve
12288,7,891.77,7,891.77,move,improve
12289,7,891.77,7,891.77,2opt,notBad
12290,7,891.77,7,891.77,swap,notBad
12291,7,891.77,7,891.77,swap,notBad
12292,7,891.77,7,891.77,swap,notBad
12293,7,891.77,7,891.77,move,improve
12294,7,891.77,7,891.77,move,improve
12295,7,891.77,7,891.77,move,improve
12296,7,891.77,7,891.77,swap,notBad
12297,7,891.77,7,891.77,move,improve
12298,7,891.77,7,891.77,2opt,notBad
12299,7,891.77,7,891.77,swap,notBad
12300,7,891.77,7,891.77,move,improve
12301,7,891.77,7,891.77,swap,notBad
12302,7,891.77,7,891.77,2opt,notBad
12303,7,891.77,7,891.77,2opt,notBad
12304,7,891.77,7,891.77,move,improve
12305,7,891.77,7,891.77,2opt,notBad
12306,7,891.77,7,891.77,2opt,notBad
12307,7,891.77,7,891.77,swap,notBad
12308,7,891.77,7,891.77,swap,notBad
12309,7,891.77,7,891.77,move,improve
12310,7,891.77,7,891.77,move,improve
12311,7,891.77,7,891.77,2opt,notBad
12312,7,891.77,7,891.77,2opt,notBad
12313,7,891.77,7,891.77,move,improve
12314,7,891.77,7,891.77,move,improve
12315,7,891.77,7,891.77,2opt,notBad
12316,7,891.77,7,891.77,move,improve
12317,7,891.77,7,891.77,swap,notBad
12318,7,891.77,7,891.77,move,improve
12319,7,891.77,7,891.77,swap,notBad
12320,7,891.77,7,891.77,2opt,notBad
12321,7,891.77,7,891.77,move,improve
12322,7,891.77,7,891.77,move,improve
12323,7,891.77,7,891.77,2opt,notBad
12324,7,891.77,7,891.77,2opt,notBad
12325,7,891.77,7,891.77,2opt,notBad
12326,7,891.77,7,891.77,swap,notBad
12327,7,891.77,7,891.77,swap,notBad
12328,7,891.77,7,891.77,2opt,notBad
12329,7,891.77,7,891.77,2opt,notBad
12330,7,891.77,7,891.77,2opt,notBad
12331,7,891.77,7,891.77,swap,notBad
12332,7,891.77,7,891.77,move,improve
12333,7,891.77,7,891.77,move,improve
12334,7,891.77,7,891.77,2opt,notBad
12335,7,891.77,7,891.77,move,improve
12336,7,891.77,7,891.77,move,improve
12337,7,891.77,7,891.77,move,improve
12338,7,891.77,7,891.77,swap,notBad
12339,7,891.77,7,891.77,move,improve
12340,7,891.77,7,891.77,swap,notBad
12341,7,891.77,7,891.77,swap,notBad
12342,7,891.77,7,891.77,move,improve
12343,7,891.77,7,891.77,2opt,improve
12344,7,891.77,7,891.77,swap,notBad
12345,7,891.77,7,891.77,2opt,notBad
12346,7,891.77,7,891.77,move,improve
12347,7,891.77,7,891.77,move,improve
12348,7,891.77,7,891.77,2opt,notBad
12349,7,891.77,7,891.77,move,improve
12350,7,891.77,7,891.77,swap,notBad
12351,7,891.77,7,891.77,move,improve
12352,7,891.77,7,891.77,2opt,notBad
12353,7,891.77,7,891.77,move,improve
12354,7,891.77,7,891.77,2opt,notBad
12355,7,891.77,7,891.77,move,improve
12356,7,891.77,7,891.77,swap,notBad
12357,7,891.77,7,891.77,2opt,notBad
12358,7,891.77,7,891.77,2opt,notBad
12359,7,891.77,7,891.77,swap,notBad
12360,7,891.77,7,891.77,swap,notBad
12361,7,891.77,7,891.77,2opt,notBad
12362,7,891.77,7,891.77,swap,notBad
12363,7,891.77,7,891.77,swap,notBad
12364,7,891.77,7,891.77,swap,notBad
12365,7,891.77,7,891.77,move,improve
12366,7,891.77,7,891.77,2opt,notBad
12367,7,891.77,7,891.77,swap,notBad
12368,7,891.77,7,891.77,move,improve
12369,7,891.77,7,891.77,swap,notBad
12370,7,891.77,7,891.77,move,improve
12371,7,891.77,7,891.77,2opt,notBad
12372,7,891.77,7,891.77,swap,notBad
12373,7,891.77,7,891.77,2opt,notBad
12374,7,891.77,7,891.77,2opt,notBad
12375,7,891.77,7,891.77,2opt,notBad
12376,7,891.77,7,891.77,2opt,notBad
12377,7,891.77,7,891.77,2opt,notBad
12378,7,891.77,7,891.77,2opt,notBad
12379,7,891.77,7,891.77,2opt,notBad
12380,7,891.77,7,891.77,2opt,improve
12381,7,891.77,7,891.77,swap,notBad
12382,7,891.77,7,891.77,2opt,notBad
12383,7,891.77,7,891.77,move,improve
12384,7,891.77,7,891.77,2opt,notBad
12385,7,891.77,7,891.77,swap,notBad
12386,7,891.77,7,891.77,2opt,improve
12387,7,891.77,7,891.77,2opt,notBad
12388,7,891.77,7,891.77,2opt,improve
12389,7,891.77,7,891.77,2opt,notBad
12390,7,891.77,7,891.77,2opt,notBad
12391,7,891.77,7,891.77,2opt,notBad
12392,7,891.77,7,891.77,move,improve
12393,7,891.77,7,891.77,swap,notBad
12394,7,891.77,7,891.77,move,improve
12395,7,891.77,7,891.77,swap,notBad
12396,7,891.77,7,891.77,swap,notBad
12397,7,891.77,7,891.77,swap,notBad
12398,7,891.77,7,891.77,2opt,notBad
12399,7,891.77,7,891.77,swap,notBad
12400,7,891.77,7,891.77,move,improve
12401,7,891.77,7,891.77,swap,notBad
12402,7,891.77,7,891.77,move,improve
12403,7,891.77,7,891.77,move,improve
12404,7,891.77,7,891.77,2opt,notBad
12405,7,891.77,7,891.77,move,improve
12406,7,891.77,7,891.77,swap,notBad
12407,7,891.77,7,891.77,2opt,notBad
12408,7,891.77,7,891.77,2opt,notBad
12409,7,891.77,7,891.77,move,improve
12410,7,891.77,7,891.77,swap,notBad
12411,7,891.77,7,891.77,move,improve
12412,7,891.77,7,891.77,move,improve
12413,7,891.77,7,891.77,2opt,notBad
12414,7,891.77,7,891.77,swap,notBad
12415,7,891.77,7,891.77,swap,notBad
12416,7,891.77,7,891.77,2opt,notBad
12417,7,891.77,7,891.77,move,improve
12418,7,891.77,7,891.77,move,improve
12419,7,891.77,7,891.77,swap,notBad
12420,7,891.77,7,891.77,swap,notBad
12421,7,891.77,7,891.77,2opt,notBad
12422,7,891.77,7,891.77,2opt,notBad
12423,7,891.77,7,891.77,swap,notBad
12424,7,891.77,7,891.77,swap,notBad
12425,7,891.77,7,891.77,move,improve
12426,7,891.77,7,891.77,2opt,notBad
12427,7,891.77,7,891.77,move,improve
12428,7,891.77,7,891.77,move,improve
12429,7,891.77,7,891.77,swap,notBad
12430,7,891.77,7,891.77,swap,notBad
12431,7,891.77,7,891.77,2opt,notBad
12432,7,891.77,7,891.77,swap,notBad
12433,7,891.77,7,891.77,move,improve
12434,7,891.77,7,891.77,swap,notBad
12435,7,891.77,7,891.77,move,notBad
12436,7,891.77,7,891.77,move,improve
12437,7,891.77,7,891.77,2opt,notBad
12438,7,891.77,7,891.77,swap,notBad
12439,7,891.77,7,891.77,swap,notBad
12440,7,891.77,7,891.77,2opt,notBad
12441,7,891.77,7,891.77,swap,notBad
12442,7,891.77,7,891.77,move,improve
12443,7,891.77,7,891.77,move,improve
12444,7,891.77,7,891.77,2opt,notBad
12445,7,891.77,7,891.77,move,improve
12446,7,891.77,7,891.77,move,improve
12447,7,891.77,7,891.77,move,improve
12448,7,891.77,7,891.77,swap,notBad
12449,7,891.77,7,891.77,move,improve
12450,7,891.77,7,891.77,2opt,notBad
12451,7,891.77,7,891.77,2opt,notBad
12452,7,891.77,7,891.77,2opt,notBad
12453,7,891.77,7,891.77,swap,notBad
12454,7,891.77,7,891.77,2opt,notBad
12455,7,891.77,7,891.77,swap,notBad
12456,7,891.77,7,891.77,swap,notBad
12457,7,891.77,7,891.77,swap,notBad
12458,7,891.77,7,891.77,move,improve
12459,7,891.77,7,891.77,2opt,improve
12460,7,891.77,7,891.77,2opt,notBad
12461,7,891.77,7,891.77,swap,notBad
12462,7,891.77,7,891.77,move,improve
12463,7,891.77,7,891.77,move,improve
12464,7,891.77,7,891.77,move,improve
12465,7,891.77,7,891.77,2opt,improve
12466,7,891.77,7,891.77,move,improve
12467,7,891.77,7,891.77,2opt,notBad
12468,7,891.77,7,891.77,2opt,notBad
12469,7,891.77,7,891.77,2opt,notBad
12470,7,891.77,7,891.77,swap,notBad
12471,7,891.77,7,891.77,move,improve
12472,7,891.77,7,891.77,2opt,notBad
12473,7,891.77,7,891.77,move,improve
12474,7,891.77,7,891.77,2opt,notBad
12475,7,891.77,7,891.77,swap,notBad
12476,7,891.77,7,891.77,swap,notBad
12477,7,891.77,7,891.77,swap,notBad
12478,7,891.77,7,891.77,move,improve
12479,7,891.77,7,891.77,swap,notBad
12480,7,891.77,7,891.77,swap,notBad
12481,7,891.77,7,891.77,move,improve
12482,7,891.77,7,891.77,2opt,improve
12483,7,891.77,7,891.77,move,improve
12484,7,891.77,7,891.77,2opt,notBad
12485,7,891.77,7,891.77,swap,notBad
12486,7,891.77,7,891.77,move,improve
12487,7,891.77,7,891.77,2opt,notBad
12488,7,891.77,7,891.77,move,improve
12489,7,891.77,7,891.77,move,notBad
12490,7,891.77,7,891.77,move,improve
12491,7,891.77,7,891.77,swap,notBad
12492,7,891.77,7,891.77,move,improve
12493,7,891.77,7,891.77,move,improve
12494,7,891.77,7,891.77,swap,notBad
12495,7,891.77,7,891.77,2opt,notBad
12496,7,891.77,7,891.77,move,improve
12497,7,891.77,7,891.77,swap,notBad
12498,7,891.77,7,891.77,2opt,notBad
12499,7,891.77,7,891.77,swap,notBad
12500,7,891.77,7,891.77,swap,notBad
12501,7,891.77,7,891.77,swap,notBad
12502,7,891.77,7,891.77,swap,notBad
12503,7,891.77,7,891.77,2opt,notBad
12504,7,891.77,7,891.77,move,improve
12505,7,891.77,7,891.77,2opt,notBad
12506,7,891.77,7,891.77,2opt,improve
12507,7,891.77,7,891.77,move,improve
12508,7,891.77,7,891.77,swap,notBad
12509,7,891.77,7,891.77,swap,notBad
12510,7,891.77,7,891.77,swap,notBad
12511,7,891.77,7,891.77,swap,notBad
12512,7,891.77,7,891.77,move,improve
12513,7,891.77,7,891.77,move,improve
12514,7,891.77,7,891.77,2opt,notBad
12515,7,891.77,7,891.77,2opt,notBad
12516,7,891.77,7,891.77,swap,notBad
12517,7,891.77,7,891.77,swap,notBad
12518,7,891.77,7,891.77,2opt,notBad
12519,7,891.77,7,891.77,swap,notBad
12520,7,891.77,7,891.77,2opt,improve
12521,7,891.77,7,891.77,swap,notBad
12522,7,891.77,7,891.77,swap,notBad
12523,7,891.77,7,891.77,2opt,improve
12524,7,891.77,7,891.77,2opt,improve
12525,7,891.77,7,891.77,2opt,notBad
12526,7,891.77,7,891.77,2opt,notBad
12527,7,891.77,7,891.77,swap,notBad
12528,7,891.77,7,891.77,move,improve
12529,7,891.77,7,891.77,2opt,notBad
12530,7,891.77,7,891.77,swap,notBad
12531,7,891.77,7,891.77,move,improve
12532,7,891.77,7,891.77,move,improve
12533,7,891.77,7,891.77,swap,notBad
12534,7,891.77,7,891.77,swap,notBad
12535,7,891.77,7,891.77,move,improve
12536,7,891.77,7,891.77,2opt,notBad
12537,7,891.77,7,891.77,2opt,notBad
12538,7,891.77,7,891.77,2opt,notBad
12539,7,891.77,7,891.77,swap,notBad
12540,7,891.77,7,891.77,2opt,notBad
12541,7,891.77,7,891.77,2opt,notBad
12542,7,891.77,7,891.77,2opt,notBad
12543,7,891.77,7,891.77,2opt,notBad
12544,7,891.77,7,891.77,2opt,notBad
12545,7,891.77,7,891.77,2opt,notBad
12546,7,891.77,7,891.77,move,improve
12547,7,891.77,7,891.77,2opt,notBad
12548,7,891.77,7,891.77,2opt,notBad
12549,7,891.77,7,891.77,2opt,notBad
12550,7,891.77,7,891.77,2opt,notBad
12551,7,891.77,7,891.77,swap,notBad
12552,7,891.77,7,891.77,swap,notBad
12553,7,891.77,7,891.77,swap,notBad
12554,7,891.77,7,891.77,swap,notBad
12555,7,891.77,7,891.77,2opt,notBad
12556,7,891.77,7,891.77,2opt,notBad
12557,7,891.77,7,891.77,move,improve
12558,7,891.77,7,891.77,2opt,notBad
12559,7,891.77,7,891.77,move,improve
12560,7,891.77,7,891.77,swap,notBad
12561,7,891.77,7,891.77,swap,notBad
12562,7,891.77,7,891.77,2opt,notBad
12563,7,891.77,7,891.77,swap,notBad
12564,7,891.77,7,891.77,2opt,improve
12565,7,891.77,7,891.77,swap,notBad
12566,7,891.77,7,891.77,move,improve
12567,7,891.77,7,891.77,2opt,notBad
12568,7,891.77,7,891.77,swap,notBad
12569,7,891.77,7,891.77,swap,notBad
12570,7,891.77,7,891.77,2opt,improve
12571,7,891.77,7,891.77,2opt,notBad
12572,7,891.77,7,891.77,2opt,improve
12573,7,891.77,7,891.77,2opt,notBad
12574,7,891.77,7,891.77,2opt,notBad
12575,7,891.77,7,891.77,swap,notBad
12576,7,891.77,7,891.77,2opt,notBad
12577,7,891.77,7,891.77,move,improve
12578,7,891.77,7,891.77,move,improve
12579,7,891.77,7,891.77,2opt,notBad
12580,7,891.77,7,891.77,swap,notBad
12581,7,891.77,7,891.77,swap,notBad
12582,7,891.77,7,891.77,2opt,notBad
12583,7,891.77,7,891.77,swap,notBad
12584,7,891.77,7,891.77,swap,notBad
12585,7,891.77,7,891.77,swap,notBad
12586,7,891.77,7,891.77,move,improve
12587,7,891.77,7,891.77,move,improve
12588,7,891.77,7,891.77,move,improve
12589,7,891.77,7,891.77,swap,notBad
12590,7,891.77,7,891.77,2opt,notBad
12591,7,891.77,7,891.77,2opt,notBad
12592,7,891.77,7,891.77,2opt,notBad
12593,7,891.77,7,891.77,swap,notBad
12594,7,891.77,7,891.77,move,improve
12595,7,891.77,7,891.77,move,improve
12596,7,891.77,7,891.77,move,improve
12597,7,891.77,7,891.77,move,improve
12598,7,891.77,7,891.77,move,improve
12599,7,891.77,7,891.77,swap,notBad
12600,7,891.77,7,891.77,2opt,improve
12601,7,891.77,7,891.77,2opt,notBad
12602,7,891.77,7,891.77,2opt,improve
12603,7,891.77,7,891.77,swap,notBad
12604,7,891.77,7,891.77,move,improve
12605,7,891.77,7,891.77,move,improve
12606,7,891.77,7,891.77,2opt,notBad
12607,7,891.77,7,891.77,swap,notBad
12608,7,891.77,7,891.77,2opt,notBad
12609,7,891.77,7,891.77,swap,notBad
12610,7,891.77,7,891.77,swap,notBad
12611,7,891.77,7,891.77,2opt,notBad
12612,7,891.77,7,891.77,2opt,improve
12613,7,891.77,7,891.77,2opt,notBad
12614,7,891.77,7,891.77,2opt,notBad
12615,7,891.77,7,891.77,swap,notBad
12616,7,891.77,7,891.77,2opt,notBad
12617,7,891.77,7,891.77,swap,notBad
12618,7,891.77,7,891.77,move,improve
12619,7,891.77,7,891.77,swap,notBad
12620,7,891.77,7,891.77,move,improve
12621,7,891.77,7,891.77,2opt,notBad
12622,7,891.77,7,891.77,swap,notBad
12623,7,891.77,7,891.77,swap,notBad
12624,7,891.77,7,891.77,2opt,notBad
12625,7,891.77,7,891.77,2opt,notBad
12626,7,891.77,7,891.77,swap,notBad
12627,7,891.77,7,891.77,move,improve
12628,7,891.77,7,891.77,2opt,notBad
12629,7,891.77,7,891.77,swap,notBad
12630,7,891.77,7,891.77,2opt,notBad
12631,7,891.77,7,891.77,2opt,notBad
12632,7,891.77,7,891.77,move,improve
12633,7,891.77,7,891.77,2opt,notBad
12634,7,891.77,7,891.77,swap,notBad
12635,7,891.77,7,891.77,swap,notBad
12636,7,891.77,7,891.77,2opt,improve
12637,7,891.77,7,891.77,2opt,improve
12638,7,891.77,7,891.77,2opt,notBad
12639,7,891.77,7,891.77,2opt,notBad
12640,7,891.77,7,891.77,2opt,notBad
12641,7,891.77,7,891.77,move,improve
12642,7,891.77,7,891.77,move,improve
12643,7,891.77,7,891.77,move,improve
12644,7,891.77,7,891.77,swap,notBad
12645,7,891.77,7,891.77,move,improve
12646,7,891.77,7,891.77,move,improve
12647,7,891.77,7,891.77,swap,notBad
12648,7,891.77,7,891.77,swap,notBad
12649,7,891.77,7,891.77,2opt,improve
12650,7,891.77,7,891.77,move,improve
12651,7,891.77,7,891.77,move,improve
12652,7,891.77,7,891.77,2opt,notBad
12653,7,891.77,7,891.77,2opt,notBad
12654,7,891.77,7,891.77,swap,notBad
12655,7,891.77,7,891.77,swap,notBad
12656,7,891.77,7,891.77,2opt,notBad
12657,7,891.77,7,891.77,swap,notBad
12658,7,891.77,7,891.77,swap,notBad
12659,7,891.77,7,891.77,swap,notBad
12660,7,891.77,7,891.77,move,improve
12661,7,891.77,7,891.77,swap,notBad
12662,7,891.77,7,891.77,move,improve
12663,7,891.77,7,891.77,2opt,notBad
12664,7,891.77,7,891.77,2opt,notBad
12665,7,891.77,7,891.77,2opt,notBad
12666,7,891.77,7,891.77,2opt,improve
12667,7,891.77,7,891.77,move,notBad
12668,7,891.77,7,891.77,move,improve
12669,7,891.77,7,891.77,swap,notBad
12670,7,891.77,7,891.77,2opt,improve
12671,7,891.77,7,891.77,2opt,notBad
12672,7,891.77,7,891.77,2opt,notBad
12673,7,891.77,7,891.77,2opt,notBad
12674,7,891.77,7,891.77,2opt,notBad
12675,7,891.77,7,891.77,move,improve
12676,7,891.77,7,891.77,swap,notBad
12677,7,891.77,7,891.77,swap,notBad
12678,7,891.77,7,891.77,move,improve
12679,7,891.77,7,891.77,2opt,notBad
12680,7,891.77,7,891.77,move,improve
12681,7,891.77,7,891.77,move,improve
12682,7,891.77,7,891.77,2opt,notBad
12683,7,891.77,7,891.77,swap,notBad
12684,7,891.77,7,891.77,move,improve
12685,7,891.77,7,891.77,swap,notBad
12686,7,891.77,7,891.77,2opt,notBad
12687,7,891.77,7,891.77,2opt,notBad
12688,7,891.77,7,891.77,swap,notBad
12689,7,891.77,7,891.77,swap,notBad
12690,7,891.77,7,891.77,2opt,notBad
12691,7,891.77,7,891.77,2opt,notBad
12692,7,891.77,7,891.77,swap,notBad
12693,7,891.77,7,891.77,move,improve
12694,7,891.77,7,891.77,2opt,improve
12695,7,891.77,7,891.77,swap,notBad
12696,7,891.77,7,891.77,swap,notBad
12697,7,891.77,7,891.77,move,improve
12698,7,891.77,7,891.77,move,improve
12699,7,891.77,7,891.77,swap,notBad
12700,7,891.77,7,891.77,move,improve
12701,7,891.77,7,891.77,move,improve
12702,7,891.77,7,891.77,swap,notBad
12703,7,891.77,7,891.77,move,improve
12704,7,891.77,7,891.77,swap,notBad
12705,7,891.77,7,891.77,2opt,notBad
12706,7,891.77,7,891.77,swap,notBad
12707,7,891.77,7,891.77,2opt,notBad
12708,7,891.77,7,891.77,2opt,notBad
12709,7,891.77,7,891.77,2opt,notBad
12710,7,891.77,7,891.77,swap,notBad
12711,7,891.77,7,891.77,move,improve
12712,7,891.77,7,891.77,swap,notBad
12713,7,891.77,7,891.77,move,improve
12714,7,891.77,7,891.77,2opt,notBad
12715,7,891.77,7,891.77,move,improve
12716,7,891.77,7,891.77,2opt,notBad
12717,7,891.77,7,891.77,2opt,notBad
12718,7,891.77,7,891.77,move,improve
12719,7,891.77,7,891.77,move,improve
12720,7,891.77,7,891.77,move,improve
12721,7,891.77,7,891.77,swap,notBad
12722,7,891.77,7,891.77,2opt,notBad
12723,7,891.77,7,891.77,2opt,notBad
12724,7,891.77,7,891.77,swap,notBad
12725,7,891.77,7,891.77,swap,notBad
12726,7,891.77,7,891.77,swap,notBad
12727,7,891.77,7,891.77,swap,notBad
12728,7,891.77,7,891.77,2opt,notBad
12729,7,891.77,7,891.77,2opt,improve
12730,7,891.77,7,891.77,2opt,notBad
12731,7,891.77,7,891.77,2opt,notBad
12732,7,891.77,7,891.77,swap,notBad
12733,7,891.77,7,891.77,swap,notBad
12734,7,891.77,7,891.77,swap,notBad
12735,7,891.77,7,891.77,swap,notBad
12736,7,891.77,7,891.77,2opt,notBad
12737,7,891.77,7,891.77,swap,notBad
12738,7,891.77,7,891.77,move,improve
12739,7,891.77,7,891.77,swap,notBad
12740,7,891.77,7,891.77,2opt,notBad
12741,7,891.77,7,891.77,swap,notBad
12742,7,891.77,7,891.77,swap,notBad
12743,7,891.77,7,891.77,swap,notBad
12744,7,891.77,7,891.77,2opt,notBad
12745,7,891.77,7,891.77,2opt,notBad
12746,7,891.77,7,891.77,2opt,notBad
12747,7,891.77,7,891.77,move,improve
12748,7,891.77,7,891.77,swap,notBad
12749,7,891.77,7,891.77,2opt,notBad
12750,7,891.77,7,891.77,swap,notBad
12751,7,891.77,7,891.77,2opt,notBad
12752,7,891.77,7,891.77,2opt,notBad
12753,7,891.77,7,891.77,swap,notBad
12754,7,891.77,7,891.77,2opt,improve
12755,7,891.77,7,891.77,move,improve
12756,7,891.77,7,891.77,2opt,notBad
12757,7,891.77,7,891.77,move,improve
12758,7,891.77,7,891.77,move,improve
12759,7,891.77,7,891.77,swap,notBad
12760,7,891.77,7,891.77,swap,notBad
12761,7,891.77,7,891.77,move,improve
12762,7,891.77,7,891.77,swap,notBad
12763,7,891.77,7,891.77,swap,notBad
12764,7,891.77,7,891.77,2opt,notBad
12765,7,891.77,7,891.77,2opt,notBad
12766,7,891.77,7,891.77,move,improve
12767,7,891.77,7,891.77,move,improve
12768,7,891.77,7,891.77,2opt,notBad
12769,7,891.77,7,891.77,2opt,notBad
12770,7,891.77,7,891.77,swap,notBad
12771,7,891.77,7,891.77,swap,notBad
12772,7,891.77,7,891.77,swap,notBad
12773,7,891.77,7,891.77,move,improve
12774,7,891.77,7,891.77,move,improve
12775,7,891.77,7,891.77,swap,notBad
12776,7,891.77,7,891.77,2opt,notBad
12777,7,891.77,7,891.77,swap,notBad
12778,7,891.77,7,891.77,swap,notBad
12779,7,891.77,7,891.77,swap,notBad
12780,7,891.77,7,891.77,swap,notBad
12781,7,891.77,7,891.77,2opt,notBad
12782,7,891.77,7,891.77,move,notBad
12783,7,891.77,7,891.77,swap,notBad
