i,vehi,obj,vehiBest,objBest,loFunc,note
1,2,356.75,2,356.75,move,improve
2,2,357.3900000000001,2,356.75,swap,acceptBad
3,3,626.35,2,356.75,2opt,acceptBad
4,3,607.5300000000001,2,356.75,swap,improve
5,4,2024.7300000000002,2,356.75,2opt,acceptBad
6,4,2140.2900000000004,2,356.75,swap,acceptBad
7,4,1904.9800000000002,2,356.75,move,improve
8,4,1923.2199999999998,2,356.75,swap,acceptBad
9,5,2754.93,2,356.75,2opt,acceptBad
10,5,2757.18,2,356.75,swap,acceptBad
11,5,2768.1,2,356.75,swap,acceptBad
12,6,3797.4100000000008,2,356.75,2opt,acceptBad
13,6,3845.85,2,356.75,swap,acceptBad
14,6,3880.74,2,356.75,swap,acceptBad
15,6,4003.16,2,356.75,2opt,acceptBad
16,6,4002.6800000000007,2,356.75,swap,improve
17,6,3995.57,2,356.75,move,improve
18,6,3976.43,2,356.75,2opt,improve
19,6,4684.320000000001,2,356.75,swap,acceptBad
20,6,4698.179999999999,2,356.75,swap,acceptBad
21,6,4473.5199999999995,2,356.75,2opt,improve
22,7,5251.869999999998,2,356.75,2opt,acceptBad
23,7,5260.869999999999,2,356.75,swap,acceptBad
24,7,4957.36,2,356.75,move,improve
25,7,4969.090000000001,2,356.75,swap,acceptBad
26,7,4617.220000000001,2,356.75,move,improve
27,8,6831.770000000001,2,356.75,2opt,acceptBad
28,8,6618.3099999999995,2,356.75,2opt,improve
29,8,6618.879999999999,2,356.75,swap,acceptBad
30,8,5920.84,2,356.75,2opt,improve
31,8,5202.410000000002,2,356.75,2opt,improve
32,8,5163.8600000000015,2,356.75,swap,improve
33,8,5082.900000000001,2,356.75,move,improve
34,8,7526.519999999998,2,356.75,2opt,acceptBad
35,8,7451.879999999999,2,356.75,swap,improve
36,9,8052.839999999997,2,356.75,2opt,acceptBad
37,9,6680.950000000001,2,356.75,move,improve
38,9,6684.55,2,356.75,2opt,acceptBad
39,9,6931.670000000001,2,356.75,swap,acceptBad
40,9,6935.900000000001,2,356.75,2opt,acceptBad
41,9,6638.749999999999,2,356.75,move,improve
42,9,6660.619999999999,2,356.75,swap,acceptBad
43,9,6458.53,2,356.75,2opt,improve
44,10,9402.429999999997,2,356.75,2opt,acceptBad
45,11,12464.909999999994,2,356.75,2opt,acceptBad
46,11,12309.159999999996,2,356.75,move,improve
47,11,11830.459999999995,2,356.75,move,improve
48,11,12399.729999999998,2,356.75,2opt,acceptBad
49,11,12387.269999999995,2,356.75,move,improve
50,10,10403.039999999999,2,356.75,2opt,improve
51,10,9954.909999999998,2,356.75,swap,improve
52,10,10177.179999999997,2,356.75,2opt,acceptBad
53,10,10150.539999999999,2,356.75,swap,improve
54,10,9874.049999999997,2,356.75,move,improve
55,10,9879.839999999997,2,356.75,swap,acceptBad
56,10,9879.159999999998,2,356.75,move,improve
57,10,10279.78,2,356.75,2opt,acceptBad
58,10,11543.92,2,356.75,2opt,acceptBad
59,10,11387.4,2,356.75,move,improve
60,10,11363.939999999999,2,356.75,2opt,improve
61,10,11343.580000000002,2,356.75,2opt,improve
62,10,10958.200000000003,2,356.75,2opt,improve
63,10,10966.180000000002,2,356.75,2opt,acceptBad
64,10,10966.180000000002,2,356.75,move,improve
65,10,11586.400000000001,2,356.75,2opt,acceptBad
66,10,11629.460000000003,2,356.75,2opt,acceptBad
67,10,11663.54,2,356.75,swap,acceptBad
68,10,11846.720000000001,2,356.75,swap,acceptBad
69,10,11846.720000000001,2,356.75,2opt,improve
70,10,11550.279999999999,2,356.75,move,improve
71,10,10951.489999999998,2,356.75,move,improve
72,10,12410.969999999998,2,356.75,2opt,acceptBad
73,10,13226.619999999995,2,356.75,2opt,acceptBad
74,10,13588.709999999997,2,356.75,swap,acceptBad
75,10,13167.909999999996,2,356.75,move,improve
76,10,13110.85,2,356.75,2opt,improve
77,10,13078.480000000005,2,356.75,swap,improve
78,10,13022.820000000007,2,356.75,2opt,improve
79,10,13004.480000000003,2,356.75,swap,improve
80,10,13001.470000000005,2,356.75,swap,improve
81,10,12902.830000000005,2,356.75,swap,improve
82,10,13062.430000000004,2,356.75,swap,acceptBad
83,10,12618.130000000006,2,356.75,move,improve
84,9,9229.420000000004,2,356.75,move,improve
85,9,9216.67,2,356.75,move,improve
86,9,9726.460000000001,2,356.75,2opt,acceptBad
87,9,9038.64,2,356.75,move,improve
88,9,8490.74,2,356.75,move,improve
89,9,8052.91,2,356.75,2opt,improve
90,9,8043.94,2,356.75,swap,improve
91,9,8087.959999999998,2,356.75,swap,acceptBad
92,9,7725.499999999998,2,356.75,move,improve
93,9,7789.7199999999975,2,356.75,swap,acceptBad
94,9,8364.25,2,356.75,2opt,acceptBad
95,9,7844.409999999997,2,356.75,move,improve
96,9,7680.959999999999,2,356.75,move,improve
97,9,7622.6399999999985,2,356.75,move,improve
98,9,8372.01,2,356.75,swap,acceptBad
99,9,8288.429999999998,2,356.75,2opt,improve
100,8,6196.170000000001,2,356.75,2opt,improve
101,8,6243.009999999999,2,356.75,swap,acceptBad
102,8,6081.550000000001,2,356.75,2opt,improve
103,8,6230.490000000001,2,356.75,swap,acceptBad
104,8,6245.99,2,356.75,swap,acceptBad
105,8,6206.110000000001,2,356.75,swap,improve
106,8,6187.9400000000005,2,356.75,swap,improve
107,8,5975.429999999999,2,356.75,move,improve
108,8,6571.299999999999,2,356.75,swap,acceptBad
109,8,6374.179999999999,2,356.75,move,improve
110,8,6250.13,2,356.75,move,improve
111,8,5709.42,2,356.75,move,improve
112,8,5815.790000000001,2,356.75,swap,acceptBad
113,8,5513.46,2,356.75,move,improve
114,8,5520.800000000001,2,356.75,2opt,acceptBad
115,8,5277.9800000000005,2,356.75,move,improve
116,8,5100.72,2,356.75,swap,improve
117,8,4937.84,2,356.75,move,improve
118,9,7961.5599999999995,2,356.75,2opt,acceptBad
119,9,7729.759999999999,2,356.75,move,improve
120,9,7727.629999999999,2,356.75,swap,improve
121,9,6906.469999999999,2,356.75,move,improve
122,9,5496.49,2,356.75,move,improve
123,9,5262.48,2,356.75,move,improve
124,9,5159.599999999999,2,356.75,move,improve
125,9,5158.429999999999,2,356.75,2opt,improve
126,9,5100.5599999999995,2,356.75,swap,improve
127,9,4951.160000000001,2,356.75,move,improve
128,9,5676.3099999999995,2,356.75,2opt,acceptBad
129,9,5674.350000000001,2,356.75,swap,improve
130,9,7051.780000000001,2,356.75,swap,acceptBad
131,9,6827.07,2,356.75,move,improve
132,9,7000.809999999999,2,356.75,2opt,acceptBad
133,9,6699.46,2,356.75,move,improve
134,9,6301.42,2,356.75,move,improve
135,9,5895.109999999999,2,356.75,move,improve
136,9,5886.079999999999,2,356.75,swap,improve
137,9,5620.32,2,356.75,move,improve
138,9,5684.6,2,356.75,swap,acceptBad
139,9,5654.49,2,356.75,swap,improve
140,9,5667.27,2,356.75,2opt,acceptBad
141,9,5437.45,2,356.75,move,improve
142,9,4693.16,2,356.75,swap,improve
143,9,4693.16,2,356.75,move,improve
144,9,4693.16,2,356.75,move,improve
145,9,4447.65,2,356.75,move,improve
146,9,4397.23,2,356.75,move,improve
147,9,5841.6399999999985,2,356.75,2opt,acceptBad
148,9,4587.81,2,356.75,move,improve
149,9,4589.339999999999,2,356.75,2opt,acceptBad
150,9,6200.129999999999,2,356.75,swap,acceptBad
151,9,6241.669999999998,2,356.75,2opt,acceptBad
152,9,7184.259999999998,2,356.75,swap,acceptBad
153,9,7444.519999999997,2,356.75,2opt,acceptBad
154,9,7409.299999999998,2,356.75,swap,improve
155,9,7038.179999999999,2,356.75,move,improve
156,9,7026.9,2,356.75,2opt,improve
157,9,7155.680000000001,2,356.75,swap,acceptBad
158,9,7163.219999999999,2,356.75,swap,acceptBad
159,9,7163.219999999999,2,356.75,move,improve
160,9,6837.569999999999,2,356.75,move,improve
161,9,6888.399999999998,2,356.75,2opt,acceptBad
162,9,5815.589999999999,2,356.75,move,improve
163,9,6355.5,2,356.75,2opt,acceptBad
164,9,6292.419999999998,2,356.75,2opt,improve
165,9,5930.689999999998,2,356.75,move,improve
166,9,5921.12,2,356.75,2opt,improve
167,9,5926.15,2,356.75,swap,acceptBad
168,9,4740.810000000001,2,356.75,2opt,improve
169,9,4582.080000000001,2,356.75,move,improve
170,9,5642.219999999999,2,356.75,swap,acceptBad
171,9,5494.63,2,356.75,move,improve
172,9,5279.099999999999,2,356.75,move,improve
173,9,5160.939999999999,2,356.75,move,improve
174,9,5425.43,2,356.75,swap,acceptBad
175,9,7536.209999999998,2,356.75,swap,acceptBad
176,9,8024.159999999999,2,356.75,swap,acceptBad
177,9,8049.0599999999995,2,356.75,swap,acceptBad
178,9,7994.039999999999,2,356.75,swap,improve
179,9,7597.02,2,356.75,move,improve
180,9,7352.05,2,356.75,move,improve
181,9,7060.740000000001,2,356.75,move,improve
182,9,7000.4400000000005,2,356.75,move,improve
183,10,7551.180000000001,2,356.75,2opt,acceptBad
184,10,7680.320000000003,2,356.75,swap,acceptBad
185,10,7761.670000000002,2,356.75,swap,acceptBad
186,10,7418.560000000002,2,356.75,move,improve
187,10,8260.490000000003,2,356.75,2opt,acceptBad
188,10,8261.660000000002,2,356.75,2opt,acceptBad
189,10,8251.010000000002,2,356.75,2opt,improve
190,10,8517.64,2,356.75,2opt,acceptBad
191,10,8585.84,2,356.75,2opt,acceptBad
192,10,8338.460000000001,2,356.75,move,improve
193,10,7776.730000000001,2,356.75,move,improve
194,10,8176.17,2,356.75,swap,acceptBad
195,10,7686.699999999999,2,356.75,move,improve
196,10,7597.0599999999995,2,356.75,swap,improve
197,10,7382.68,2,356.75,move,improve
198,10,7375.829999999999,2,356.75,move,improve
199,10,7548.869999999996,2,356.75,2opt,acceptBad
200,10,7502.129999999996,2,356.75,swap,improve
201,10,7417.949999999995,2,356.75,move,improve
202,10,7214.279999999995,2,356.75,move,improve
203,10,7771.679999999999,2,356.75,2opt,acceptBad
204,10,7946.179999999996,2,356.75,2opt,acceptBad
205,10,7579.279999999997,2,356.75,move,improve
206,10,7579.279999999997,2,356.75,move,improve
207,10,7619.229999999999,2,356.75,swap,acceptBad
208,10,8074.77,2,356.75,swap,acceptBad
209,10,7978.8899999999985,2,356.75,move,improve
210,10,8005.609999999999,2,356.75,swap,acceptBad
211,10,8005.609999999999,2,356.75,move,improve
212,11,10916.790000000003,2,356.75,2opt,acceptBad
213,11,11325.559999999998,2,356.75,2opt,acceptBad
214,11,12394.129999999997,2,356.75,swap,acceptBad
215,11,12302.099999999999,2,356.75,swap,improve
216,11,12718.509999999997,2,356.75,swap,acceptBad
217,11,13837.699999999999,2,356.75,swap,acceptBad
218,11,13686.78,2,356.75,2opt,improve
219,11,13738.109999999995,2,356.75,swap,acceptBad
220,11,13641.049999999996,2,356.75,2opt,improve
221,11,13776.789999999995,2,356.75,swap,acceptBad
222,11,13890.159999999994,2,356.75,swap,acceptBad
223,11,12472.549999999997,2,356.75,move,improve
224,11,12269.529999999999,2,356.75,2opt,improve
225,11,12233.159999999998,2,356.75,2opt,improve
226,12,15386.320000000002,2,356.75,2opt,acceptBad
227,12,15174.900000000001,2,356.75,2opt,improve
228,12,15172.769999999999,2,356.75,2opt,improve
229,12,15391.939999999999,2,356.75,swap,acceptBad
230,12,15035.259999999997,2,356.75,move,improve
231,12,14429.64,2,356.75,move,improve
232,12,14838.970000000003,2,356.75,2opt,acceptBad
233,12,14615.41,2,356.75,2opt,improve
234,12,14009.27,2,356.75,move,improve
235,12,14009.27,2,356.75,move,improve
236,12,13799.980000000001,2,356.75,move,improve
237,12,13740.49,2,356.75,2opt,improve
238,12,13097.219999999998,2,356.75,move,improve
239,12,13603.009999999998,2,356.75,swap,acceptBad
240,13,16556.099999999995,2,356.75,2opt,acceptBad
241,13,16338.519999999995,2,356.75,move,improve
242,13,16214.099999999993,2,356.75,2opt,improve
243,13,16139.569999999994,2,356.75,swap,improve
244,13,16150.4,2,356.75,2opt,acceptBad
245,13,19158.77,2,356.75,2opt,acceptBad
246,13,19412.84,2,356.75,swap,acceptBad
247,13,19129.65,2,356.75,move,improve
248,13,19132.920000000002,2,356.75,2opt,acceptBad
249,13,19132.920000000002,2,356.75,2opt,improve
250,13,19132.920000000002,2,356.75,move,improve
251,13,18567.26,2,356.75,swap,improve
252,13,18513.379999999994,2,356.75,swap,improve
253,13,18454.379999999994,2,356.75,swap,improve
254,13,18287.31999999999,2,356.75,swap,improve
255,13,18287.31999999999,2,356.75,move,improve
256,13,18084.76999999999,2,356.75,2opt,improve
257,13,18084.599999999984,2,356.75,swap,improve
258,13,18266.879999999983,2,356.75,swap,acceptBad
259,13,18203.479999999985,2,356.75,swap,improve
260,13,18822.90999999999,2,356.75,2opt,acceptBad
261,13,18328.23999999999,2,356.75,move,improve
262,13,18252.019999999993,2,356.75,2opt,improve
263,13,17808.539999999997,2,356.75,move,improve
264,13,16980.919999999995,2,356.75,2opt,improve
265,13,17307.12999999999,2,356.75,2opt,acceptBad
266,13,17316.319999999992,2,356.75,swap,acceptBad
267,13,16357.029999999993,2,356.75,2opt,improve
268,13,15944.439999999999,2,356.75,move,improve
269,13,15984.840000000004,2,356.75,swap,acceptBad
270,13,15732.820000000002,2,356.75,move,improve
271,13,16053.069999999996,2,356.75,swap,acceptBad
272,13,16054.759999999998,2,356.75,swap,acceptBad
273,13,16046.389999999994,2,356.75,2opt,improve
274,13,16610.399999999998,2,356.75,2opt,acceptBad
275,13,16710.679999999997,2,356.75,2opt,acceptBad
276,13,16677.57999999999,2,356.75,2opt,improve
277,13,16479.689999999995,2,356.75,move,improve
278,13,16470.899999999994,2,356.75,2opt,improve
279,13,15631.859999999993,2,356.75,move,improve
280,13,15832.03,2,356.75,2opt,acceptBad
281,13,15692.880000000005,2,356.75,swap,improve
282,13,15692.880000000005,2,356.75,move,improve
283,13,15761.420000000004,2,356.75,swap,acceptBad
284,13,15487.959999999995,2,356.75,move,improve
285,13,15485.470000000001,2,356.75,2opt,improve
286,13,15485.470000000001,2,356.75,2opt,improve
287,13,15494.439999999999,2,356.75,swap,acceptBad
288,13,15435.85,2,356.75,move,improve
289,13,16196.210000000001,2,356.75,2opt,acceptBad
290,13,16138.869999999995,2,356.75,swap,improve
291,13,15432.830000000004,2,356.75,move,improve
292,13,14810.610000000004,2,356.75,move,improve
293,13,14810.610000000004,2,356.75,move,improve
294,14,16446.84000000001,2,356.75,2opt,acceptBad
295,14,16523.02000000002,2,356.75,2opt,acceptBad
296,14,16307.690000000015,2,356.75,swap,improve
297,14,17572.890000000014,2,356.75,2opt,acceptBad
298,14,18217.03000000001,2,356.75,swap,acceptBad
299,14,18062.260000000017,2,356.75,2opt,improve
300,14,20009.690000000013,2,356.75,2opt,acceptBad
301,14,20135.670000000013,2,356.75,swap,acceptBad
302,14,19893.550000000007,2,356.75,move,improve
303,14,18896.57000000001,2,356.75,move,improve
304,13,17218.000000000007,2,356.75,2opt,improve
305,13,17553.07000000001,2,356.75,swap,acceptBad
306,13,17262.450000000008,2,356.75,swap,improve
307,13,17005.64000000001,2,356.75,move,improve
308,13,16064.19000000001,2,356.75,move,improve
309,13,16064.19000000001,2,356.75,move,improve
310,13,16064.820000000007,2,356.75,2opt,acceptBad
311,13,16326.600000000004,2,356.75,2opt,acceptBad
312,13,18046.010000000006,2,356.75,2opt,acceptBad
313,13,17191.74,2,356.75,swap,improve
314,13,17462.450000000008,2,356.75,swap,acceptBad
315,12,15231.710000000001,2,356.75,2opt,improve
316,12,15214.789999999995,2,356.75,move,improve
317,12,14907.17,2,356.75,move,improve
318,12,14827.92,2,356.75,swap,improve
319,13,16342.989999999996,2,356.75,2opt,acceptBad
320,13,16339.239999999996,2,356.75,2opt,improve
321,13,16347.069999999996,2,356.75,swap,acceptBad
322,13,16019.579999999996,2,356.75,move,improve
323,13,16011.509999999997,2,356.75,swap,improve
324,13,16009.579999999994,2,356.75,2opt,improve
325,13,15880.209999999995,2,356.75,move,improve
326,13,15855.099999999999,2,356.75,swap,improve
327,13,15770.890000000003,2,356.75,2opt,improve
328,13,15142.190000000004,2,356.75,move,improve
329,13,15142.340000000006,2,356.75,2opt,acceptBad
330,13,15125.780000000004,2,356.75,swap,improve
331,13,15095.709999999994,2,356.75,2opt,improve
332,13,15489.289999999994,2,356.75,2opt,acceptBad
333,13,16123.629999999997,2,356.75,swap,acceptBad
334,13,16130.679999999998,2,356.75,2opt,acceptBad
335,12,14044.16,2,356.75,move,improve
336,12,13823.529999999999,2,356.75,move,improve
337,12,13823.769999999999,2,356.75,swap,acceptBad
338,12,13445.63,2,356.75,move,improve
339,12,13440.349999999999,2,356.75,2opt,improve
340,12,13203.779999999999,2,356.75,move,improve
341,12,12892.580000000005,2,356.75,move,improve
342,12,13397.760000000002,2,356.75,2opt,acceptBad
343,11,12242.32,2,356.75,2opt,improve
344,11,12174.679999999997,2,356.75,swap,improve
345,11,13194.090000000002,2,356.75,2opt,acceptBad
346,11,13223.039999999995,2,356.75,2opt,acceptBad
347,11,13009.239999999998,2,356.75,2opt,improve
348,11,13012.63,2,356.75,swap,acceptBad
349,11,12995.849999999999,2,356.75,swap,improve
350,11,12667.199999999999,2,356.75,move,improve
351,11,12667.199999999999,2,356.75,move,improve
352,11,12667.199999999999,2,356.75,move,improve
353,11,11573.570000000002,2,356.75,move,improve
354,11,11566.490000000002,2,356.75,2opt,improve
355,11,11203.930000000002,2,356.75,move,improve
356,11,10823.33,2,356.75,move,improve
357,11,10776.320000000002,2,356.75,swap,improve
358,11,10289.34,2,356.75,move,improve
359,11,9925.320000000002,2,356.75,move,improve
360,11,10074.579999999998,2,356.75,2opt,acceptBad
361,11,10075.629999999997,2,356.75,2opt,acceptBad
362,11,10075.629999999997,2,356.75,move,improve
363,11,10571.33,2,356.75,2opt,acceptBad
364,11,10574.63,2,356.75,2opt,acceptBad
365,12,12609.77,2,356.75,2opt,acceptBad
366,12,12608.78,2,356.75,swap,improve
367,12,12393.679999999997,2,356.75,swap,improve
368,12,11839.87,2,356.75,move,improve
369,12,12623.970000000001,2,356.75,2opt,acceptBad
370,12,12623.970000000001,2,356.75,2opt,improve
371,12,12392.190000000002,2,356.75,move,improve
372,12,12409.860000000002,2,356.75,swap,acceptBad
373,12,11640.640000000003,2,356.75,move,improve
374,12,11505.380000000006,2,356.75,swap,improve
375,12,11505.380000000006,2,356.75,move,improve
376,12,11581.999999999998,2,356.75,swap,acceptBad
377,12,11135.750000000002,2,356.75,move,improve
378,12,11726.599999999999,2,356.75,swap,acceptBad
379,12,11726.599999999999,2,356.75,2opt,improve
380,12,11728.939999999999,2,356.75,2opt,acceptBad
381,12,12684.6,2,356.75,2opt,acceptBad
382,12,12863.69,2,356.75,2opt,acceptBad
383,12,13789.579999999998,2,356.75,2opt,acceptBad
384,12,13439.089999999997,2,356.75,move,improve
385,13,16333.079999999998,2,356.75,2opt,acceptBad
386,13,16357.529999999997,2,356.75,swap,acceptBad
387,13,15888.549999999997,2,356.75,move,improve
388,13,15373.309999999998,2,356.75,move,improve
389,13,15714.240000000003,2,356.75,2opt,acceptBad
390,13,15751.43,2,356.75,2opt,acceptBad
391,13,17301.870000000006,2,356.75,2opt,acceptBad
392,13,18556.840000000007,2,356.75,2opt,acceptBad
393,13,17051.730000000007,2,356.75,2opt,improve
394,13,16537.550000000003,2,356.75,move,improve
395,13,16131.830000000002,2,356.75,swap,improve
396,13,15351.960000000001,2,356.75,move,improve
397,13,15854.400000000005,2,356.75,swap,acceptBad
398,13,15943.500000000004,2,356.75,swap,acceptBad
399,13,15943.91,2,356.75,swap,acceptBad
400,13,15808.519999999999,2,356.75,move,improve
401,13,15140.600000000002,2,356.75,move,improve
402,13,14087.510000000004,2,356.75,move,improve
403,13,14238.320000000002,2,356.75,swap,acceptBad
404,13,14254.730000000001,2,356.75,swap,acceptBad
405,13,14237.310000000005,2,356.75,swap,improve
406,13,15020.759999999998,2,356.75,swap,acceptBad
407,13,15023.669999999998,2,356.75,2opt,acceptBad
408,13,14691.810000000003,2,356.75,move,improve
409,13,15113.279999999999,2,356.75,swap,acceptBad
410,13,14863.36,2,356.75,move,improve
411,13,14859.130000000001,2,356.75,2opt,improve
412,13,15140.240000000002,2,356.75,swap,acceptBad
413,13,14724.659999999998,2,356.75,2opt,improve
414,13,14380.089999999998,2,356.75,move,improve
415,13,14467.429999999998,2,356.75,swap,acceptBad
416,13,14545.02,2,356.75,2opt,acceptBad
417,13,14135.520000000002,2,356.75,move,improve
418,13,14139.480000000001,2,356.75,swap,acceptBad
419,13,14690.969999999996,2,356.75,2opt,acceptBad
420,13,14966.46,2,356.75,swap,acceptBad
421,13,15028.800000000001,2,356.75,2opt,acceptBad
422,13,15197.490000000003,2,356.75,2opt,acceptBad
423,13,14641.130000000003,2,356.75,swap,improve
424,13,14174.940000000006,2,356.75,move,improve
425,13,14174.940000000006,2,356.75,move,improve
426,13,13864.950000000004,2,356.75,move,improve
427,13,14343.670000000002,2,356.75,swap,acceptBad
428,13,14103.050000000005,2,356.75,move,improve
429,13,14119.570000000007,2,356.75,swap,acceptBad
430,13,14364.669999999996,2,356.75,2opt,acceptBad
431,13,13997.629999999996,2,356.75,move,improve
432,13,14932.669999999996,2,356.75,swap,acceptBad
433,13,15002.179999999993,2,356.75,swap,acceptBad
434,13,14383.310000000001,2,356.75,move,improve
435,13,14374.79,2,356.75,2opt,improve
436,13,15372.730000000007,2,356.75,2opt,acceptBad
437,13,14934.030000000006,2,356.75,move,improve
438,13,15129.289999999999,2,356.75,swap,acceptBad
439,13,15129.289999999999,2,356.75,move,improve
440,13,15264.74,2,356.75,swap,acceptBad
441,13,15080.660000000003,2,356.75,move,improve
442,13,15003.600000000006,2,356.75,move,improve
443,13,14945.320000000005,2,356.75,2opt,improve
444,13,14460.800000000007,2,356.75,move,improve
445,14,17916.629999999997,2,356.75,2opt,acceptBad
446,14,16351.619999999999,2,356.75,move,improve
447,14,16021.960000000003,2,356.75,move,improve
448,14,15960.600000000002,2,356.75,move,improve
449,14,18491.790000000005,2,356.75,2opt,acceptBad
450,14,18732.850000000006,2,356.75,swap,acceptBad
451,14,19361.31,2,356.75,2opt,acceptBad
452,14,19332.229999999996,2,356.75,move,improve
453,14,18972.54999999999,2,356.75,move,improve
454,14,18588.97999999999,2,356.75,move,improve
455,14,18938.38,2,356.75,swap,acceptBad
456,14,18565.99,2,356.75,swap,improve
457,14,18565.99,2,356.75,move,improve
458,14,18562.360000000004,2,356.75,2opt,improve
459,14,19495.879999999997,2,356.75,swap,acceptBad
460,14,19371.95,2,356.75,move,improve
461,14,19003.15,2,356.75,move,improve
462,14,19012.990000000005,2,356.75,2opt,acceptBad
463,14,18763.75,2,356.75,2opt,improve
464,14,18386.670000000006,2,356.75,2opt,improve
465,14,18437.930000000004,2,356.75,swap,acceptBad
466,14,18569.35,2,356.75,swap,acceptBad
467,14,18990.23,2,356.75,2opt,acceptBad
468,14,18972.940000000006,2,356.75,move,improve
469,14,18913.500000000004,2,356.75,2opt,improve
470,14,19328.71,2,356.75,2opt,acceptBad
471,15,21874.96,2,356.75,2opt,acceptBad
472,15,21361.379999999994,2,356.75,move,improve
473,15,19105.489999999998,2,356.75,move,improve
474,15,19025.299999999996,2,356.75,move,improve
475,15,18734.51,2,356.75,move,improve
476,15,18998.25,2,356.75,swap,acceptBad
477,15,17727.619999999995,2,356.75,move,improve
478,15,17831.429999999993,2,356.75,swap,acceptBad
479,15,17570.399999999998,2,356.75,move,improve
480,15,17565.480000000003,2,356.75,move,improve
481,15,17585.149999999998,2,356.75,2opt,acceptBad
482,15,17424.219999999998,2,356.75,swap,improve
483,15,17207.48,2,356.75,move,improve
484,15,16822.390000000003,2,356.75,move,improve
485,15,16822.390000000003,2,356.75,move,improve
486,15,17116.62,2,356.75,swap,acceptBad
487,15,16965.389999999996,2,356.75,2opt,improve
488,15,17006.890000000003,2,356.75,swap,acceptBad
489,15,16794.76000000001,2,356.75,2opt,improve
490,15,16774.63,2,356.75,swap,improve
491,15,16478.629999999997,2,356.75,move,improve
492,14,14911.649999999998,2,356.75,2opt,improve
493,14,15528.229999999994,2,356.75,2opt,acceptBad
494,14,14522.049999999994,2,356.75,move,improve
495,14,14629.7,2,356.75,move,acceptBad
496,14,15037.009999999995,2,356.75,2opt,acceptBad
497,14,14675.369999999994,2,356.75,move,improve
498,14,14086.439999999995,2,356.75,move,improve
499,14,14206.899999999996,2,356.75,swap,acceptBad
500,14,14016.489999999993,2,356.75,move,improve
501,14,14375.459999999994,2,356.75,swap,acceptBad
502,14,14363.409999999996,2,356.75,swap,improve
503,14,14436.77,2,356.75,swap,acceptBad
504,14,14438.39,2,356.75,swap,acceptBad
505,14,14455.229999999996,2,356.75,swap,acceptBad
506,14,16499.61,2,356.75,2opt,acceptBad
507,13,13641.390000000005,2,356.75,move,improve
508,13,13817.219999999996,2,356.75,2opt,acceptBad
509,13,13817.579999999996,2,356.75,swap,acceptBad
510,13,13966.770000000002,2,356.75,2opt,acceptBad
511,13,9885.339999999997,2,356.75,move,improve
512,13,9846.699999999997,2,356.75,move,improve
513,13,9259.619999999997,2,356.75,move,improve
514,13,9474.649999999998,2,356.75,2opt,acceptBad
515,13,9396.339999999997,2,356.75,2opt,improve
516,13,11376.11,2,356.75,2opt,acceptBad
517,13,11358.15,2,356.75,swap,improve
518,13,10858.19,2,356.75,move,improve
519,13,11330.809999999998,2,356.75,swap,acceptBad
520,13,11551.789999999997,2,356.75,2opt,acceptBad
521,13,11551.789999999997,2,356.75,move,improve
522,13,11352.85,2,356.75,2opt,improve
523,13,11352.85,2,356.75,2opt,notBad
524,13,12550.589999999998,2,356.75,2opt,acceptBad
525,13,11958.12,2,356.75,move,improve
526,13,11636.909999999998,2,356.75,2opt,improve
527,13,11788.169999999998,2,356.75,swap,acceptBad
528,13,11383.729999999996,2,356.75,move,improve
529,13,11341.069999999996,2,356.75,swap,improve
530,13,11341.069999999996,2,356.75,move,improve
531,13,12705.61,2,356.75,swap,acceptBad
532,13,12696.47,2,356.75,move,improve
533,13,12679.279999999999,2,356.75,swap,improve
534,13,13077.159999999998,2,356.75,swap,acceptBad
535,13,14588.909999999998,2,356.75,2opt,acceptBad
536,13,14943.180000000004,2,356.75,2opt,acceptBad
537,13,14764.32,2,356.75,move,improve
538,13,14281.150000000001,2,356.75,move,improve
539,13,14356.910000000002,2,356.75,swap,acceptBad
540,13,14539.45,2,356.75,swap,acceptBad
541,13,14404.099999999995,2,356.75,move,improve
542,13,14079.279999999995,2,356.75,move,improve
543,13,13902.439999999991,2,356.75,2opt,improve
544,13,13906.57999999999,2,356.75,swap,acceptBad
545,13,13701.739999999998,2,356.75,move,improve
546,13,13659.979999999996,2,356.75,swap,improve
547,13,13636.339999999998,2,356.75,swap,improve
548,13,13843.780000000004,2,356.75,swap,acceptBad
549,13,14007.429999999997,2,356.75,2opt,acceptBad
550,13,13683.17,2,356.75,move,improve
551,13,13158.509999999991,2,356.75,2opt,improve
552,13,12953.499999999989,2,356.75,move,improve
553,13,12968.429999999991,2,356.75,2opt,acceptBad
554,13,12989.049999999997,2,356.75,2opt,acceptBad
555,13,13127.979999999996,2,356.75,swap,acceptBad
556,13,13084.509999999997,2,356.75,swap,improve
557,13,13593.160000000003,2,356.75,2opt,acceptBad
558,13,14250.559999999998,2,356.75,2opt,acceptBad
559,13,16719.42,2,356.75,swap,acceptBad
560,13,16197.139999999994,2,356.75,swap,improve
561,13,16040.520000000004,2,356.75,swap,improve
562,13,16040.520000000004,2,356.75,move,improve
563,13,14365.550000000007,2,356.75,move,improve
564,13,14342.150000000005,2,356.75,swap,improve
565,13,14066.300000000003,2,356.75,move,improve
566,13,14244.64,2,356.75,swap,acceptBad
567,13,14017.220000000001,2,356.75,swap,improve
568,13,13693.869999999999,2,356.75,move,improve
569,13,16005.650000000005,2,356.75,2opt,acceptBad
570,13,15825.630000000005,2,356.75,2opt,improve
571,13,17434.77999999999,2,356.75,2opt,acceptBad
572,13,17745.57,2,356.75,2opt,acceptBad
573,13,17745.57,2,356.75,move,improve
574,13,17310.550000000003,2,356.75,move,improve
575,13,15069.759999999998,2,356.75,2opt,improve
576,13,16009.69,2,356.75,2opt,acceptBad
577,13,15637.11,2,356.75,move,improve
578,13,15701.750000000005,2,356.75,swap,acceptBad
579,13,15225.200000000004,2,356.75,move,improve
580,13,14701.640000000005,2,356.75,move,improve
581,13,14702.520000000006,2,356.75,swap,acceptBad
582,13,14712.750000000002,2,356.75,2opt,acceptBad
583,13,14277.420000000004,2,356.75,move,improve
584,13,13964.219999999998,2,356.75,move,improve
585,13,13875.21,2,356.75,2opt,improve
586,13,14495.810000000001,2,356.75,2opt,acceptBad
587,13,14448.330000000004,2,356.75,2opt,improve
588,13,14546.790000000003,2,356.75,swap,acceptBad
589,13,17765.84,2,356.75,2opt,acceptBad
590,13,17915.320000000003,2,356.75,2opt,acceptBad
591,13,17949.280000000002,2,356.75,swap,acceptBad
592,13,18473.5,2,356.75,swap,acceptBad
593,12,16642.249999999996,2,356.75,2opt,improve
594,12,16663.01,2,356.75,swap,acceptBad
595,12,17214.130000000005,2,356.75,swap,acceptBad
596,12,17307.710000000003,2,356.75,swap,acceptBad
597,12,17699.550000000003,2,356.75,swap,acceptBad
598,12,17600.04,2,356.75,2opt,improve
599,12,17553.08,2,356.75,swap,improve
600,12,17387.350000000002,2,356.75,swap,improve
601,11,14569.669999999998,2,356.75,move,improve
602,11,14951.46,2,356.75,2opt,acceptBad
603,11,14910.529999999999,2,356.75,swap,improve
604,11,14909.75,2,356.75,2opt,improve
605,11,14367.439999999999,2,356.75,move,improve
606,11,14144.689999999997,2,356.75,move,improve
607,11,13880.469999999998,2,356.75,move,improve
608,11,13794.79,2,356.75,swap,improve
609,11,13009.640000000001,2,356.75,move,improve
610,11,12908.410000000003,2,356.75,2opt,improve
611,11,12362.160000000002,2,356.75,move,improve
612,11,12267.740000000002,2,356.75,swap,improve
613,11,12123.91,2,356.75,2opt,improve
614,11,13473.43,2,356.75,2opt,acceptBad
615,11,13128.550000000003,2,356.75,swap,improve
616,11,13266.230000000003,2,356.75,swap,acceptBad
617,11,13289.270000000004,2,356.75,swap,acceptBad
618,11,13941.080000000004,2,356.75,2opt,acceptBad
619,11,12786.450000000004,2,356.75,swap,improve
620,11,12563.350000000002,2,356.75,swap,improve
621,11,12596.410000000002,2,356.75,swap,acceptBad
622,11,12708.340000000002,2,356.75,swap,acceptBad
623,11,12419.690000000004,2,356.75,swap,improve
624,11,12125.279999999997,2,356.75,2opt,improve
625,11,11998.649999999998,2,356.75,move,improve
626,11,11955.73,2,356.75,2opt,improve
627,11,11424.570000000002,2,356.75,move,improve
628,11,11690.130000000001,2,356.75,swap,acceptBad
629,11,11690.130000000001,2,356.75,2opt,improve
630,11,12179.380000000001,2,356.75,2opt,acceptBad
631,11,12136.51,2,356.75,2opt,improve
632,11,12314.920000000002,2,356.75,swap,acceptBad
633,11,13158.360000000004,2,356.75,2opt,acceptBad
634,11,12880.160000000003,2,356.75,move,improve
635,11,11806.77,2,356.75,move,improve
636,11,10879.279999999997,2,356.75,move,improve
637,11,10817.859999999999,2,356.75,swap,improve
638,11,10543.499999999998,2,356.75,move,improve
639,12,12534.02,2,356.75,2opt,acceptBad
640,12,12737.380000000001,2,356.75,swap,acceptBad
641,12,12888.220000000003,2,356.75,swap,acceptBad
642,12,12283.82,2,356.75,move,improve
643,12,11983.809999999998,2,356.75,move,improve
644,12,12357.779999999993,2,356.75,2opt,acceptBad
645,12,12912.379999999997,2,356.75,2opt,acceptBad
646,12,12582.269999999997,2,356.75,move,improve
647,12,12457.8,2,356.75,move,improve
648,13,14688.730000000001,2,356.75,2opt,acceptBad
649,13,14505.560000000001,2,356.75,swap,improve
650,13,12910.8,2,356.75,move,improve
651,13,16390.7,2,356.75,swap,acceptBad
652,13,17208.97,2,356.75,swap,acceptBad
653,13,16730.069999999996,2,356.75,move,improve
654,13,16443.959999999995,2,356.75,move,improve
655,13,16526.109999999997,2,356.75,swap,acceptBad
656,13,16513.430000000004,2,356.75,move,improve
657,13,16895.260000000006,2,356.75,swap,acceptBad
658,13,16895.260000000006,2,356.75,move,improve
659,13,16700.1,2,356.75,swap,improve
660,13,18371.710000000006,2,356.75,swap,acceptBad
661,13,18728.520000000004,2,356.75,2opt,acceptBad
662,13,18011.260000000002,2,356.75,move,improve
663,13,17811.55,2,356.75,swap,improve
664,13,18089.910000000003,2,356.75,swap,acceptBad
665,13,18097.110000000004,2,356.75,swap,acceptBad
666,13,18355.890000000003,2,356.75,swap,acceptBad
667,13,18148.460000000003,2,356.75,move,improve
668,13,18070.430000000008,2,356.75,swap,improve
669,13,18113.790000000008,2,356.75,swap,acceptBad
670,13,17959.320000000003,2,356.75,swap,improve
671,13,18106.36,2,356.75,2opt,acceptBad
672,13,18279.54,2,356.75,swap,acceptBad
673,13,18297.510000000002,2,356.75,swap,acceptBad
674,13,18143.990000000005,2,356.75,move,improve
675,13,17846.630000000005,2,356.75,move,improve
676,13,17442.880000000005,2,356.75,move,improve
677,13,17022.00999999999,2,356.75,2opt,improve
678,13,16840.089999999997,2,356.75,move,improve
679,13,16611.459999999992,2,356.75,move,improve
680,13,15876.569999999989,2,356.75,move,improve
681,13,15939.869999999992,2,356.75,swap,acceptBad
682,13,15899.279999999992,2,356.75,swap,improve
683,13,15766.489999999994,2,356.75,move,improve
684,13,15713.49,2,356.75,move,improve
685,13,16223.82,2,356.75,2opt,acceptBad
686,13,16223.82,2,356.75,move,improve
687,13,16214.809999999996,2,356.75,move,improve
688,13,16757.939999999995,2,356.75,swap,acceptBad
689,13,17462.399999999998,2,356.75,2opt,acceptBad
690,13,17470.2,2,356.75,swap,acceptBad
691,13,17353.120000000003,2,356.75,move,improve
692,13,17470.829999999998,2,356.75,2opt,acceptBad
693,13,17460.81,2,356.75,swap,improve
694,13,17220.77,2,356.75,2opt,improve
695,13,17303.15,2,356.75,swap,acceptBad
696,13,16591.19,2,356.75,move,improve
697,13,16323.22,2,356.75,move,improve
698,13,15170.839999999993,2,356.75,swap,improve
699,13,14861.159999999996,2,356.75,move,improve
700,13,14861.159999999996,2,356.75,move,improve
701,13,14861.159999999996,2,356.75,2opt,improve
702,13,14856.929999999997,2,356.75,swap,improve
703,13,14949.699999999995,2,356.75,swap,acceptBad
704,13,14598.079999999998,2,356.75,2opt,improve
705,13,14340.43,2,356.75,2opt,improve
706,13,14241.789999999999,2,356.75,swap,improve
707,13,14136.679999999997,2,356.75,2opt,improve
708,13,14150.479999999992,2,356.75,2opt,acceptBad
709,13,14080.49,2,356.75,move,improve
710,13,14080.31,2,356.75,2opt,improve
711,13,14074.979999999998,2,356.75,2opt,improve
712,13,13930.500000000002,2,356.75,swap,improve
713,13,13930.500000000002,2,356.75,move,improve
714,13,14119.290000000003,2,356.75,2opt,acceptBad
715,13,14488.139999999996,2,356.75,2opt,acceptBad
716,13,14049.749999999993,2,356.75,move,improve
717,13,14133.899999999994,2,356.75,swap,acceptBad
718,13,12379.319999999998,2,356.75,2opt,improve
719,13,12062.439999999997,2,356.75,move,improve
720,13,12045.529999999992,2,356.75,move,improve
721,13,12040.489999999993,2,356.75,swap,improve
722,13,11875.489999999996,2,356.75,2opt,improve
723,13,11626.0,2,356.75,move,improve
724,12,11464.929999999998,2,356.75,2opt,improve
725,12,12713.13,2,356.75,2opt,acceptBad
726,12,12623.570000000002,2,356.75,swap,improve
727,12,12761.480000000001,2,356.75,swap,acceptBad
728,12,11867.379999999996,2,356.75,swap,improve
729,12,12114.900000000001,2,356.75,2opt,acceptBad
730,12,11796.25,2,356.75,move,improve
731,12,11703.509999999998,2,356.75,move,improve
732,12,11703.509999999998,2,356.75,move,improve
733,12,11748.749999999998,2,356.75,swap,acceptBad
734,12,11451.889999999998,2,356.75,2opt,improve
735,12,10269.619999999997,2,356.75,move,improve
736,11,9592.13,2,356.75,2opt,improve
737,11,9966.65,2,356.75,swap,acceptBad
738,11,10051.310000000001,2,356.75,swap,acceptBad
739,11,10101.939999999999,2,356.75,2opt,acceptBad
740,12,11281.28,2,356.75,2opt,acceptBad
741,12,11122.64,2,356.75,swap,improve
742,12,11279.8,2,356.75,2opt,acceptBad
743,12,12142.359999999999,2,356.75,2opt,acceptBad
744,12,12099.25,2,356.75,2opt,improve
745,12,11666.369999999997,2,356.75,move,improve
746,12,11668.529999999997,2,356.75,2opt,acceptBad
747,12,11668.529999999997,2,356.75,move,improve
748,12,11379.59,2,356.75,move,improve
749,12,11263.390000000001,2,356.75,swap,improve
750,12,11263.12,2,356.75,2opt,improve
751,12,11301.11,2,356.75,2opt,acceptBad
752,12,11167.449999999997,2,356.75,swap,improve
753,12,11051.369999999997,2,356.75,2opt,improve
754,12,11078.609999999997,2,356.75,swap,acceptBad
755,12,9837.179999999997,2,356.75,move,improve
756,12,11060.249999999998,2,356.75,2opt,acceptBad
757,12,10788.88,2,356.75,2opt,improve
758,12,10762.01,2,356.75,swap,improve
759,12,9458.91,2,356.75,swap,improve
760,12,9405.71,2,356.75,swap,improve
761,12,9347.469999999998,2,356.75,2opt,improve
762,12,9527.35,2,356.75,2opt,acceptBad
763,12,9057.869999999999,2,356.75,move,improve
764,12,8444.109999999999,2,356.75,move,improve
765,12,8444.109999999999,2,356.75,2opt,improve
766,12,8983.029999999997,2,356.75,2opt,acceptBad
767,12,8424.909999999998,2,356.75,move,improve
768,12,9503.609999999999,2,356.75,swap,acceptBad
769,12,9479.109999999999,2,356.75,move,improve
770,12,9479.109999999999,2,356.75,move,improve
771,12,9427.229999999998,2,356.75,swap,improve
772,12,9427.229999999998,2,356.75,move,improve
773,12,9788.639999999998,2,356.75,swap,acceptBad
774,12,9787.669999999996,2,356.75,swap,improve
775,12,12187.470000000005,2,356.75,2opt,acceptBad
776,12,12718.250000000004,2,356.75,swap,acceptBad
777,12,12237.530000000002,2,356.75,move,improve
778,12,12263.469999999998,2,356.75,2opt,acceptBad
779,12,13644.76,2,356.75,2opt,acceptBad
780,12,12547.409999999998,2,356.75,move,improve
781,12,12547.409999999998,2,356.75,move,improve
782,12,12789.560000000001,2,356.75,swap,acceptBad
783,12,12443.239999999998,2,356.75,move,improve
784,12,12367.749999999995,2,356.75,2opt,improve
785,12,12249.379999999996,2,356.75,swap,improve
786,12,13330.33,2,356.75,2opt,acceptBad
787,11,10771.809999999998,2,356.75,2opt,improve
788,11,10772.909999999996,2,356.75,swap,acceptBad
789,11,12490.809999999998,2,356.75,swap,acceptBad
790,11,12308.59,2,356.75,swap,improve
791,11,12088.050000000003,2,356.75,2opt,improve
792,11,11835.310000000003,2,356.75,move,improve
793,11,12809.679999999998,2,356.75,swap,acceptBad
794,11,12812.059999999998,2,356.75,swap,acceptBad
795,11,12883.690000000002,2,356.75,2opt,acceptBad
796,11,10926.87,2,356.75,2opt,improve
797,11,11987.839999999998,2,356.75,2opt,acceptBad
798,11,11418.109999999997,2,356.75,move,improve
799,11,10262.109999999999,2,356.75,2opt,improve
800,11,10339.819999999998,2,356.75,swap,acceptBad
801,11,11220.410000000003,2,356.75,swap,acceptBad
802,11,10968.920000000002,2,356.75,move,improve
803,11,11284.590000000004,2,356.75,swap,acceptBad
804,11,10887.000000000005,2,356.75,move,improve
805,11,10312.230000000005,2,356.75,2opt,improve
806,11,12616.280000000004,2,356.75,swap,acceptBad
807,11,12523.179999999998,2,356.75,swap,improve
808,11,12895.87,2,356.75,2opt,acceptBad
809,11,12891.04,2,356.75,2opt,improve
810,10,10430.2,2,356.75,2opt,improve
811,11,13548.4,2,356.75,2opt,acceptBad
812,11,13490.09,2,356.75,move,improve
813,11,12148.980000000003,2,356.75,move,improve
814,11,12148.320000000003,2,356.75,swap,improve
815,11,11890.89,2,356.75,move,improve
816,11,12187.210000000005,2,356.75,swap,acceptBad
817,11,12126.529999999999,2,356.75,swap,improve
818,11,12436.400000000001,2,356.75,2opt,acceptBad
819,11,13485.590000000002,2,356.75,2opt,acceptBad
820,11,13485.590000000002,2,356.75,2opt,improve
821,11,13430.720000000003,2,356.75,swap,improve
822,11,13174.319999999998,2,356.75,move,improve
823,11,12891.309999999994,2,356.75,2opt,improve
824,11,12779.769999999993,2,356.75,move,improve
825,11,12895.689999999995,2,356.75,swap,acceptBad
826,11,13728.119999999997,2,356.75,2opt,acceptBad
827,11,13482.599999999999,2,356.75,move,improve
828,11,13094.43,2,356.75,move,improve
829,12,15869.209999999994,2,356.75,2opt,acceptBad
830,12,15541.919999999993,2,356.75,2opt,improve
831,12,15462.740000000005,2,356.75,2opt,improve
832,12,15462.740000000005,2,356.75,2opt,improve
833,12,15541.920000000004,2,356.75,swap,acceptBad
834,12,15075.820000000002,2,356.75,move,improve
835,12,15075.820000000002,2,356.75,move,improve
836,12,15075.820000000002,2,356.75,2opt,notBad
837,12,14946.539999999999,2,356.75,swap,improve
838,12,15128.8,2,356.75,swap,acceptBad
839,12,15025.079999999998,2,356.75,2opt,improve
840,12,15855.880000000001,2,356.75,2opt,acceptBad
841,12,15850.539999999997,2,356.75,2opt,improve
842,11,13893.82,2,356.75,2opt,improve
843,11,13074.219999999998,2,356.75,move,improve
844,11,13072.119999999997,2,356.75,2opt,improve
845,11,12296.099999999997,2,356.75,swap,improve
846,11,12169.949999999997,2,356.75,swap,improve
847,11,10602.869999999999,2,356.75,2opt,improve
848,11,10602.869999999999,2,356.75,move,improve
849,11,12073.17,2,356.75,2opt,acceptBad
850,11,11567.939999999995,2,356.75,move,improve
851,11,11139.159999999994,2,356.75,move,improve
852,11,10823.519999999997,2,356.75,move,improve
853,11,11228.419999999996,2,356.75,2opt,acceptBad
854,11,10849.499999999998,2,356.75,move,improve
855,11,12443.36,2,356.75,2opt,acceptBad
856,11,11997.66,2,356.75,move,improve
857,11,12497.339999999997,2,356.75,2opt,acceptBad
858,11,12163.5,2,356.75,2opt,improve
859,12,15409.34,2,356.75,2opt,acceptBad
860,12,16216.909999999996,2,356.75,2opt,acceptBad
861,12,15121.889999999998,2,356.75,move,improve
862,12,14610.799999999997,2,356.75,move,improve
863,12,14233.770000000002,2,356.75,2opt,improve
864,12,14194.830000000002,2,356.75,swap,improve
865,12,14194.830000000002,2,356.75,2opt,improve
866,12,13934.05,2,356.75,move,improve
867,12,13508.15,2,356.75,move,improve
868,12,12952.789999999997,2,356.75,move,improve
869,12,12877.430000000002,2,356.75,move,improve
870,12,12601.119999999997,2,356.75,2opt,improve
871,12,12720.319999999996,2,356.75,swap,acceptBad
872,12,12244.779999999992,2,356.75,move,improve
873,12,12175.859999999995,2,356.75,move,improve
874,12,11847.78,2,356.75,move,improve
875,12,11847.78,2,356.75,move,improve
876,12,12256.259999999998,2,356.75,swap,acceptBad
877,12,13198.44,2,356.75,2opt,acceptBad
878,12,13404.540000000005,2,356.75,2opt,acceptBad
879,12,13449.02,2,356.75,swap,acceptBad
880,12,13479.940000000002,2,356.75,2opt,acceptBad
881,12,13242.550000000001,2,356.75,move,improve
882,12,13242.550000000001,2,356.75,move,improve
883,12,13196.95,2,356.75,swap,improve
884,12,13263.689999999999,2,356.75,swap,acceptBad
885,12,13263.689999999999,2,356.75,move,improve
886,12,12969.550000000003,2,356.75,move,improve
887,12,13236.000000000004,2,356.75,swap,acceptBad
888,12,13225.640000000005,2,356.75,2opt,improve
889,12,13223.630000000006,2,356.75,swap,improve
890,12,12371.83,2,356.75,2opt,improve
891,13,13063.940000000002,2,356.75,2opt,acceptBad
892,13,14334.13,2,356.75,swap,acceptBad
893,13,14695.920000000002,2,356.75,2opt,acceptBad
894,13,15531.299999999997,2,356.75,2opt,acceptBad
895,13,14882.96,2,356.75,move,improve
896,13,15363.619999999999,2,356.75,2opt,acceptBad
897,13,15005.530000000006,2,356.75,2opt,improve
898,13,13838.130000000001,2,356.75,move,improve
899,13,13883.300000000001,2,356.75,swap,acceptBad
900,13,14196.709999999997,2,356.75,swap,acceptBad
901,13,14029.479999999994,2,356.75,move,improve
902,13,13901.83,2,356.75,2opt,improve
903,13,13871.980000000001,2,356.75,swap,improve
904,13,13449.130000000005,2,356.75,move,improve
905,13,13318.030000000004,2,356.75,swap,improve
906,13,13318.030000000004,2,356.75,move,improve
907,13,13315.310000000003,2,356.75,swap,improve
908,13,13280.56,2,356.75,swap,improve
909,13,13144.859999999999,2,356.75,2opt,improve
910,13,13050.539999999999,2,356.75,swap,improve
911,13,14765.699999999999,2,356.75,swap,acceptBad
912,13,14685.569999999998,2,356.75,2opt,improve
913,13,14673.830000000002,2,356.75,2opt,improve
914,13,14405.319999999994,2,356.75,2opt,improve
915,13,14770.649999999998,2,356.75,swap,acceptBad
916,13,14303.989999999996,2,356.75,move,improve
917,13,13714.789999999994,2,356.75,move,improve
918,13,13052.829999999998,2,356.75,move,improve
919,13,13052.829999999998,2,356.75,2opt,notBad
920,13,13131.289999999999,2,356.75,swap,acceptBad
921,13,13910.969999999998,2,356.75,2opt,acceptBad
922,13,14130.23,2,356.75,2opt,acceptBad
923,13,14002.46,2,356.75,swap,improve
924,13,15128.07,2,356.75,swap,acceptBad
925,13,15131.490000000003,2,356.75,2opt,acceptBad
926,13,16412.660000000003,2,356.75,2opt,acceptBad
927,13,16412.660000000003,2,356.75,2opt,improve
928,13,16049.790000000003,2,356.75,move,improve
929,13,16432.739999999994,2,356.75,swap,acceptBad
930,13,16430.729999999992,2,356.75,swap,improve
931,13,16430.729999999992,2,356.75,2opt,improve
932,13,17530.78,2,356.75,2opt,acceptBad
933,13,17220.079999999994,2,356.75,move,improve
934,13,17136.319999999992,2,356.75,swap,improve
935,13,17133.46999999999,2,356.75,swap,improve
936,13,16903.72999999999,2,356.75,2opt,improve
937,13,16415.70999999999,2,356.75,move,improve
938,13,16633.289999999997,2,356.75,swap,acceptBad
939,13,16348.919999999995,2,356.75,swap,improve
940,13,16347.159999999998,2,356.75,2opt,improve
941,13,15171.919999999998,2,356.75,move,improve
942,13,15241.239999999996,2,356.75,swap,acceptBad
943,13,15506.419999999996,2,356.75,2opt,acceptBad
944,13,14883.909999999996,2,356.75,move,improve
945,13,14130.189999999999,2,356.75,move,improve
946,13,14397.849999999988,2,356.75,2opt,acceptBad
947,13,14352.689999999986,2,356.75,2opt,improve
948,13,13412.489999999989,2,356.75,move,improve
949,14,16265.109999999991,2,356.75,2opt,acceptBad
950,14,16680.82,2,356.75,2opt,acceptBad
951,14,16087.439999999995,2,356.75,move,improve
952,14,16077.239999999994,2,356.75,swap,improve
953,14,16077.239999999994,2,356.75,2opt,notBad
954,14,13419.589999999998,2,356.75,swap,improve
955,14,16153.08999999999,2,356.75,2opt,acceptBad
956,14,16461.55,2,356.75,2opt,acceptBad
957,14,16299.789999999997,2,356.75,2opt,improve
958,14,16677.46,2,356.75,2opt,acceptBad
959,14,16789.439999999995,2,356.75,2opt,acceptBad
960,14,16733.0,2,356.75,swap,improve
961,14,16643.940000000002,2,356.75,move,improve
962,14,16222.180000000008,2,356.75,move,improve
963,14,16304.820000000002,2,356.75,2opt,acceptBad
964,14,15971.9,2,356.75,move,improve
965,14,16926.479999999996,2,356.75,swap,acceptBad
966,14,16923.450000000004,2,356.75,2opt,improve
967,14,16883.36,2,356.75,2opt,improve
968,14,17295.219999999994,2,356.75,swap,acceptBad
969,14,17292.399999999994,2,356.75,swap,improve
970,14,17309.239999999994,2,356.75,swap,acceptBad
971,14,16272.32,2,356.75,move,improve
972,14,16255.779999999999,2,356.75,move,improve
973,14,16638.760000000006,2,356.75,swap,acceptBad
974,14,16866.10000000001,2,356.75,2opt,acceptBad
975,14,16438.650000000005,2,356.75,move,improve
976,14,16704.890000000007,2,356.75,swap,acceptBad
977,14,15916.750000000002,2,356.75,move,improve
978,14,15754.180000000002,2,356.75,move,improve
979,14,15754.180000000002,2,356.75,2opt,notBad
980,14,15875.22000000001,2,356.75,2opt,acceptBad
981,13,14688.310000000005,2,356.75,2opt,improve
982,13,14888.940000000002,2,356.75,2opt,acceptBad
983,13,14862.380000000003,2,356.75,move,improve
984,13,15197.250000000002,2,356.75,swap,acceptBad
985,13,15331.319999999998,2,356.75,swap,acceptBad
986,13,15331.319999999998,2,356.75,2opt,improve
987,13,15088.09,2,356.75,move,improve
988,13,14636.860000000002,2,356.75,move,improve
989,13,14175.82,2,356.75,move,improve
990,13,14250.119999999997,2,356.75,2opt,acceptBad
991,13,14249.099999999999,2,356.75,swap,improve
992,13,14496.249999999998,2,356.75,swap,acceptBad
993,13,14464.480000000001,2,356.75,move,improve
994,13,14326.959999999997,2,356.75,move,improve
995,13,14219.58,2,356.75,2opt,improve
996,13,14308.079999999998,2,356.75,swap,acceptBad
997,13,14473.83,2,356.75,2opt,acceptBad
998,13,14453.769999999997,2,356.75,swap,improve
999,13,14534.709999999995,2,356.75,swap,acceptBad
1000,13,16489.28,2,356.75,2opt,acceptBad
1001,12,13103.149999999996,2,356.75,move,improve
1002,12,12130.249999999996,2,356.75,move,improve
1003,12,12304.67,2,356.75,swap,acceptBad
1004,12,12435.060000000003,2,356.75,2opt,acceptBad
1005,12,12716.139999999998,2,356.75,swap,acceptBad
1006,12,12427.019999999995,2,356.75,move,improve
1007,12,12996.779999999999,2,356.75,2opt,acceptBad
1008,12,11269.3,2,356.75,move,improve
1009,12,10902.039999999999,2,356.75,move,improve
1010,12,10866.28,2,356.75,swap,improve
1011,12,10459.430000000002,2,356.75,move,improve
1012,12,10430.0,2,356.75,move,improve
1013,12,9944.609999999999,2,356.75,2opt,improve
1014,12,9643.76,2,356.75,move,improve
1015,12,10929.760000000002,2,356.75,2opt,acceptBad
1016,12,11340.560000000001,2,356.75,2opt,acceptBad
1017,12,11320.619999999999,2,356.75,swap,improve
1018,12,11280.160000000002,2,356.75,swap,improve
1019,12,12012.44,2,356.75,2opt,acceptBad
1020,12,12226.14,2,356.75,2opt,acceptBad
1021,12,11968.450000000003,2,356.75,move,improve
1022,12,11961.659999999998,2,356.75,2opt,improve
1023,12,12229.240000000002,2,356.75,2opt,acceptBad
1024,12,11935.509999999998,2,356.75,move,improve
1025,12,11865.789999999997,2,356.75,2opt,improve
1026,12,11544.710000000001,2,356.75,move,improve
1027,12,11544.710000000001,2,356.75,2opt,notBad
1028,12,11544.710000000001,2,356.75,move,improve
1029,12,11544.710000000001,2,356.75,move,improve
1030,12,11806.730000000001,2,356.75,swap,acceptBad
1031,12,12023.57,2,356.75,swap,acceptBad
1032,12,11164.600000000002,2,356.75,move,improve
1033,12,11284.000000000004,2,356.75,2opt,acceptBad
1034,12,11152.330000000002,2,356.75,2opt,improve
1035,12,11040.140000000003,2,356.75,swap,improve
1036,12,11711.160000000005,2,356.75,2opt,acceptBad
1037,12,11104.560000000001,2,356.75,move,improve
1038,12,10733.79,2,356.75,move,improve
1039,12,10515.41,2,356.75,2opt,improve
1040,12,10914.68,2,356.75,swap,acceptBad
1041,12,10931.07,2,356.75,swap,acceptBad
1042,12,10544.109999999999,2,356.75,move,improve
1043,12,11226.41,2,356.75,2opt,acceptBad
1044,12,11141.539999999999,2,356.75,swap,improve
1045,11,8640.619999999999,2,356.75,2opt,improve
1046,11,9030.279999999999,2,356.75,2opt,acceptBad
1047,11,9030.279999999999,2,356.75,move,improve
1048,10,7747.910000000001,2,356.75,move,improve
1049,10,8257.780000000002,2,356.75,2opt,acceptBad
1050,10,8276.410000000003,2,356.75,swap,acceptBad
1051,10,8263.75,2,356.75,swap,improve
1052,10,8263.75,2,356.75,move,improve
1053,10,9099.55,2,356.75,swap,acceptBad
1054,10,8671.470000000003,2,356.75,2opt,improve
1055,10,8795.390000000001,2,356.75,2opt,acceptBad
1056,10,8729.89,2,356.75,move,improve
1057,10,8899.470000000001,2,356.75,2opt,acceptBad
1058,10,8790.34,2,356.75,swap,improve
1059,10,8789.619999999999,2,356.75,swap,improve
1060,10,9209.649999999998,2,356.75,2opt,acceptBad
1061,10,9256.229999999998,2,356.75,2opt,acceptBad
1062,10,9256.95,2,356.75,swap,acceptBad
1063,10,9107.66,2,356.75,swap,improve
1064,10,9296.439999999999,2,356.75,swap,acceptBad
1065,10,9034.279999999999,2,356.75,2opt,improve
1066,10,8858.329999999998,2,356.75,2opt,improve
1067,10,8147.999999999999,2,356.75,2opt,improve
1068,10,8412.66,2,356.75,swap,acceptBad
1069,10,8412.66,2,356.75,2opt,notBad
1070,10,10427.46,2,356.75,2opt,acceptBad
1071,10,10427.46,2,356.75,2opt,notBad
1072,10,10470.4,2,356.75,swap,acceptBad
1073,10,10470.4,2,356.75,2opt,notBad
1074,10,10467.220000000001,2,356.75,2opt,improve
1075,10,11470.719999999996,2,356.75,2opt,acceptBad
1076,10,12198.09,2,356.75,swap,acceptBad
1077,10,12199.6,2,356.75,swap,acceptBad
1078,10,12293.929999999998,2,356.75,2opt,acceptBad
1079,11,14150.659999999998,2,356.75,2opt,acceptBad
1080,11,13769.239999999996,2,356.75,swap,improve
1081,11,13719.739999999993,2,356.75,2opt,improve
1082,11,13719.739999999993,2,356.75,2opt,notBad
1083,11,13317.669999999995,2,356.75,2opt,improve
1084,11,12939.039999999997,2,356.75,swap,improve
1085,11,12929.349999999997,2,356.75,2opt,improve
1086,10,12058.16,2,356.75,2opt,improve
1087,10,12316.54,2,356.75,swap,acceptBad
1088,10,12392.999999999998,2,356.75,swap,acceptBad
1089,10,12113.009999999997,2,356.75,move,improve
1090,10,11797.63,2,356.75,move,improve
1091,10,11405.85,2,356.75,2opt,improve
1092,10,11565.55,2,356.75,swap,acceptBad
1093,9,8870.499999999996,2,356.75,2opt,improve
1094,9,8284.81,2,356.75,2opt,improve
1095,9,8284.81,2,356.75,2opt,notBad
1096,9,8589.05,2,356.75,swap,acceptBad
1097,9,7874.129999999998,2,356.75,move,improve
1098,9,7263.68,2,356.75,2opt,improve
1099,9,6730.82,2,356.75,swap,improve
1100,9,6389.990000000002,2,356.75,move,improve
1101,9,6216.06,2,356.75,move,improve
1102,9,6142.6500000000015,2,356.75,2opt,improve
1103,9,6040.410000000001,2,356.75,2opt,improve
1104,9,6144.52,2,356.75,swap,acceptBad
1105,9,6580.68,2,356.75,2opt,acceptBad
1106,9,6621.910000000001,2,356.75,swap,acceptBad
1107,9,6621.910000000001,2,356.75,move,improve
1108,9,6155.790000000001,2,356.75,move,improve
1109,9,6155.790000000001,2,356.75,2opt,notBad
1110,10,9094.949999999997,2,356.75,2opt,acceptBad
1111,10,9094.949999999997,2,356.75,2opt,notBad
1112,10,8108.879999999997,2,356.75,2opt,improve
1113,10,8033.599999999999,2,356.75,2opt,improve
1114,10,7648.69,2,356.75,move,improve
1115,10,6975.31,2,356.75,move,improve
1116,10,6975.31,2,356.75,2opt,notBad
1117,10,7497.639999999999,2,356.75,swap,acceptBad
1118,10,7158.5599999999995,2,356.75,move,improve
1119,10,7279.969999999998,2,356.75,2opt,acceptBad
1120,10,8761.689999999997,2,356.75,swap,acceptBad
1121,10,8739.669999999998,2,356.75,swap,improve
1122,10,8498.449999999997,2,356.75,swap,improve
1123,10,8495.389999999996,2,356.75,swap,improve
1124,10,8542.009999999998,2,356.75,2opt,acceptBad
1125,10,9863.439999999999,2,356.75,swap,acceptBad
1126,9,7687.259999999998,2,356.75,2opt,improve
1127,9,7657.859999999999,2,356.75,move,improve
1128,9,7217.040000000001,2,356.75,move,improve
1129,9,6726.420000000001,2,356.75,move,improve
1130,9,8045.700000000001,2,356.75,2opt,acceptBad
1131,9,7768.59,2,356.75,move,improve
1132,9,7684.62,2,356.75,move,improve
1133,9,8411.05,2,356.75,2opt,acceptBad
1134,9,8202.279999999999,2,356.75,move,improve
1135,9,8202.279999999999,2,356.75,2opt,notBad
1136,9,7563.430000000003,2,356.75,2opt,improve
1137,9,7089.760000000001,2,356.75,move,improve
1138,9,8366.64,2,356.75,swap,acceptBad
1139,9,8386.59,2,356.75,swap,acceptBad
1140,9,9302.21,2,356.75,2opt,acceptBad
1141,9,9312.0,2,356.75,swap,acceptBad
1142,9,9405.999999999998,2,356.75,2opt,acceptBad
1143,9,9405.999999999998,2,356.75,2opt,improve
1144,9,9388.009999999997,2,356.75,move,improve
1145,9,8174.009999999998,2,356.75,swap,improve
1146,9,8279.029999999999,2,356.75,swap,acceptBad
1147,9,8207.979999999998,2,356.75,swap,improve
1148,9,8113.899999999997,2,356.75,move,improve
1149,9,7102.380000000003,2,356.75,swap,improve
1150,9,6572.950000000003,2,356.75,swap,improve
1151,9,6572.950000000003,2,356.75,move,improve
1152,9,6111.100000000002,2,356.75,move,improve
1153,9,6677.530000000002,2,356.75,swap,acceptBad
1154,9,6677.530000000002,2,356.75,move,improve
1155,9,6510.6900000000005,2,356.75,2opt,improve
1156,9,6510.6900000000005,2,356.75,move,improve
1157,9,6510.6900000000005,2,356.75,2opt,notBad
1158,9,6523.33,2,356.75,swap,acceptBad
1159,9,6519.060000000001,2,356.75,swap,improve
1160,9,6695.120000000001,2,356.75,swap,acceptBad
1161,9,6728.889999999999,2,356.75,swap,acceptBad
1162,9,6461.260000000003,2,356.75,move,improve
1163,9,7226.630000000001,2,356.75,2opt,acceptBad
1164,9,7213.200000000002,2,356.75,2opt,improve
1165,9,8099.630000000001,2,356.75,2opt,acceptBad
1166,10,10694.59,2,356.75,2opt,acceptBad
1167,10,10412.650000000001,2,356.75,move,improve
1168,10,9539.680000000002,2,356.75,move,improve
1169,10,9156.880000000001,2,356.75,move,improve
1170,10,9255.490000000002,2,356.75,swap,acceptBad
1171,10,9611.67,2,356.75,2opt,acceptBad
1172,10,9625.990000000002,2,356.75,2opt,acceptBad
1173,10,8791.75,2,356.75,move,improve
1174,10,9409.810000000003,2,356.75,2opt,acceptBad
1175,10,9232.16,2,356.75,move,improve
1176,10,9232.16,2,356.75,2opt,notBad
1177,10,9472.18,2,356.75,2opt,acceptBad
1178,10,9289.170000000002,2,356.75,move,improve
1179,10,10642.380000000001,2,356.75,2opt,acceptBad
1180,10,10965.890000000001,2,356.75,swap,acceptBad
1181,10,10783.790000000003,2,356.75,2opt,improve
1182,10,10783.790000000003,2,356.75,2opt,improve
1183,10,10420.490000000003,2,356.75,swap,improve
1184,10,10466.93,2,356.75,swap,acceptBad
1185,10,10427.9,2,356.75,swap,improve
1186,10,10403.439999999997,2,356.75,2opt,improve
1187,9,9408.000000000004,2,356.75,2opt,improve
1188,9,9359.280000000002,2,356.75,swap,improve
1189,9,9335.060000000003,2,356.75,2opt,improve
1190,9,8521.110000000002,2,356.75,move,improve
1191,9,8521.020000000002,2,356.75,swap,improve
1192,9,8265.85,2,356.75,swap,improve
1193,9,8366.050000000003,2,356.75,2opt,acceptBad
1194,9,8036.490000000001,2,356.75,move,improve
1195,9,7866.120000000002,2,356.75,move,improve
1196,9,8522.03,2,356.75,2opt,acceptBad
1197,9,8113.550000000004,2,356.75,swap,improve
1198,9,8044.039999999999,2,356.75,swap,improve
1199,9,8192.009999999998,2,356.75,2opt,acceptBad
1200,9,7906.269999999999,2,356.75,move,improve
1201,9,7695.290000000001,2,356.75,2opt,improve
1202,9,7738.730000000001,2,356.75,2opt,acceptBad
1203,9,7738.730000000001,2,356.75,2opt,notBad
1204,9,7774.790000000001,2,356.75,swap,acceptBad
1205,9,7812.490000000002,2,356.75,swap,acceptBad
1206,9,7740.500000000002,2,356.75,swap,improve
1207,9,7740.500000000002,2,356.75,2opt,notBad
1208,9,7708.430000000002,2,356.75,move,improve
1209,9,7708.430000000002,2,356.75,move,improve
1210,8,6423.43,2,356.75,2opt,improve
1211,8,6473.1,2,356.75,2opt,acceptBad
1212,8,6322.93,2,356.75,move,improve
1213,8,5845.679999999999,2,356.75,move,improve
1214,8,5814.049999999999,2,356.75,2opt,improve
1215,8,6174.909999999999,2,356.75,swap,acceptBad
1216,8,6147.5599999999995,2,356.75,swap,improve
1217,8,6052.17,2,356.75,swap,improve
1218,8,6076.19,2,356.75,swap,acceptBad
1219,8,5476.749999999999,2,356.75,move,improve
1220,8,4891.909999999999,2,356.75,move,improve
1221,8,4891.909999999999,2,356.75,2opt,improve
1222,8,4576.39,2,356.75,move,improve
1223,8,4580.5,2,356.75,2opt,acceptBad
1224,8,4589.38,2,356.75,swap,acceptBad
1225,8,4589.38,2,356.75,2opt,notBad
1226,8,4438.4,2,356.75,move,improve
1227,8,4746.879999999999,2,356.75,swap,acceptBad
1228,8,4741.9400000000005,2,356.75,swap,improve
1229,8,4585.02,2,356.75,move,improve
1230,8,4585.02,2,356.75,move,improve
1231,8,4577.55,2,356.75,swap,improve
1232,8,4484.91,2,356.75,move,improve
1233,8,4436.96,2,356.75,swap,improve
1234,8,5389.169999999999,2,356.75,2opt,acceptBad
1235,8,5392.129999999999,2,356.75,swap,acceptBad
1236,8,5290.299999999999,2,356.75,2opt,improve
1237,9,6811.8099999999995,2,356.75,2opt,acceptBad
1238,9,6876.640000000001,2,356.75,2opt,acceptBad
1239,9,6883.330000000001,2,356.75,swap,acceptBad
1240,9,6883.330000000001,2,356.75,move,improve
1241,9,6880.749999999999,2,356.75,2opt,improve
1242,9,6704.14,2,356.75,move,improve
1243,9,6704.559999999999,2,356.75,2opt,acceptBad
1244,9,7150.769999999999,2,356.75,2opt,acceptBad
1245,9,7217.079999999998,2,356.75,2opt,acceptBad
1246,9,6931.709999999997,2,356.75,move,improve
1247,9,6939.959999999997,2,356.75,swap,acceptBad
1248,9,6702.2599999999975,2,356.75,move,improve
1249,9,6719.749999999999,2,356.75,swap,acceptBad
1250,9,6629.379999999998,2,356.75,move,improve
1251,9,6629.379999999998,2,356.75,move,improve
1252,9,6628.39,2,356.75,2opt,improve
1253,9,6649.029999999999,2,356.75,swap,acceptBad
1254,9,6695.629999999998,2,356.75,swap,acceptBad
1255,9,6695.629999999998,2,356.75,2opt,notBad
1256,9,6753.259999999998,2,356.75,swap,acceptBad
1257,9,6633.12,2,356.75,move,improve
1258,9,6503.489999999999,2,356.75,move,improve
1259,9,7197.519999999999,2,356.75,swap,acceptBad
1260,9,7197.519999999999,2,356.75,2opt,notBad
1261,9,7257.730000000001,2,356.75,swap,acceptBad
1262,9,7257.730000000001,2,356.75,2opt,notBad
1263,9,7257.730000000001,2,356.75,2opt,notBad
1264,9,6664.7400000000025,2,356.75,move,improve
1265,9,6714.100000000001,2,356.75,swap,acceptBad
1266,9,6476.900000000001,2,356.75,swap,improve
1267,9,6492.14,2,356.75,2opt,acceptBad
1268,9,6492.14,2,356.75,move,improve
1269,9,6239.099999999999,2,356.75,move,improve
1270,9,6239.099999999999,2,356.75,2opt,notBad
1271,9,6192.65,2,356.75,move,improve
1272,9,6275.730000000001,2,356.75,swap,acceptBad
1273,9,6282.910000000001,2,356.75,swap,acceptBad
1274,9,6183.85,2,356.75,swap,improve
1275,9,6795.25,2,356.75,2opt,acceptBad
1276,9,6716.750000000001,2,356.75,swap,improve
1277,9,6648.130000000001,2,356.75,2opt,improve
1278,9,6648.130000000001,2,356.75,move,improve
1279,9,6648.130000000001,2,356.75,2opt,improve
1280,9,6648.130000000001,2,356.75,2opt,improve
1281,9,6746.2300000000005,2,356.75,2opt,acceptBad
1282,9,6008.3,2,356.75,move,improve
1283,9,5887.240000000002,2,356.75,swap,improve
1284,9,5824.52,2,356.75,swap,improve
1285,9,5840.28,2,356.75,2opt,acceptBad
1286,9,5840.28,2,356.75,move,improve
1287,9,5840.28,2,356.75,2opt,notBad
1288,9,7049.739999999999,2,356.75,swap,acceptBad
1289,9,6799.029999999999,2,356.75,move,improve
1290,9,6769.779999999999,2,356.75,swap,improve
1291,9,6767.0,2,356.75,swap,improve
1292,9,7444.34,2,356.75,swap,acceptBad
1293,9,7462.83,2,356.75,2opt,acceptBad
1294,9,7716.130000000001,2,356.75,2opt,acceptBad
1295,9,7959.110000000001,2,356.75,2opt,acceptBad
1296,9,7542.73,2,356.75,move,improve
1297,9,7405.99,2,356.75,move,improve
1298,9,7518.140000000001,2,356.75,swap,acceptBad
1299,9,7521.3200000000015,2,356.75,swap,acceptBad
1300,9,7342.34,2,356.75,2opt,improve
1301,9,7342.34,2,356.75,2opt,notBad
1302,9,6989.239999999999,2,356.75,move,improve
1303,9,6988.579999999999,2,356.75,swap,improve
1304,9,6988.579999999999,2,356.75,2opt,notBad
1305,9,7005.769999999999,2,356.75,swap,acceptBad
1306,9,6686.79,2,356.75,move,improve
1307,9,6778.720000000001,2,356.75,swap,acceptBad
1308,9,7056.2300000000005,2,356.75,2opt,acceptBad
1309,9,6880.1,2,356.75,move,improve
1310,9,6956.109999999999,2,356.75,swap,acceptBad
1311,9,6956.109999999999,2,356.75,move,improve
1312,9,6956.109999999999,2,356.75,2opt,improve
1313,9,6907.390000000001,2,356.75,swap,improve
1314,9,6712.790000000001,2,356.75,move,improve
1315,9,6705.560000000001,2,356.75,move,improve
1316,9,8318.15,2,356.75,2opt,acceptBad
1317,9,7617.419999999998,2,356.75,move,improve
1318,9,7926.5199999999995,2,356.75,swap,acceptBad
1319,9,7673.389999999999,2,356.75,swap,improve
1320,9,7384.419999999998,2,356.75,move,improve
1321,9,7403.749999999999,2,356.75,2opt,acceptBad
1322,9,6788.089999999998,2,356.75,move,improve
1323,9,6787.49,2,356.75,2opt,improve
1324,9,6634.999999999999,2,356.75,move,improve
1325,9,7399.009999999999,2,356.75,2opt,acceptBad
1326,9,7399.009999999999,2,356.75,2opt,notBad
1327,9,7452.05,2,356.75,swap,acceptBad
1328,9,7614.370000000001,2,356.75,2opt,acceptBad
1329,9,7660.73,2,356.75,swap,acceptBad
1330,9,7484.07,2,356.75,move,improve
1331,9,7258.77,2,356.75,2opt,improve
1332,9,7116.78,2,356.75,swap,improve
1333,9,7116.78,2,356.75,2opt,notBad
1334,9,7238.24,2,356.75,2opt,acceptBad
1335,9,7107.200000000003,2,356.75,move,improve
1336,9,6441.339999999998,2,356.75,move,improve
1337,9,6182.859999999998,2,356.75,move,improve
1338,9,5734.019999999999,2,356.75,move,improve
1339,9,5831.019999999999,2,356.75,2opt,acceptBad
1340,9,5815.119999999999,2,356.75,move,improve
1341,9,5815.119999999999,2,356.75,2opt,notBad
1342,9,6750.3,2,356.75,2opt,acceptBad
1343,9,6929.629999999999,2,356.75,swap,acceptBad
1344,9,7246.819999999999,2,356.75,swap,acceptBad
1345,9,7246.819999999999,2,356.75,2opt,notBad
1346,9,7084.059999999998,2,356.75,move,improve
1347,9,7084.059999999998,2,356.75,move,improve
1348,9,7203.399999999998,2,356.75,2opt,acceptBad
1349,9,7202.86,2,356.75,2opt,improve
1350,9,6876.0099999999975,2,356.75,swap,improve
1351,9,7156.299999999999,2,356.75,move,acceptBad
1352,9,7156.299999999999,2,356.75,move,improve
1353,9,7097.1799999999985,2,356.75,swap,improve
1354,9,7138.079999999997,2,356.75,swap,acceptBad
1355,9,7138.079999999997,2,356.75,move,improve
1356,9,7220.1399999999985,2,356.75,2opt,acceptBad
1357,9,8075.419999999998,2,356.75,swap,acceptBad
1358,9,7643.769999999998,2,356.75,move,improve
1359,9,7620.149999999998,2,356.75,swap,improve
1360,9,7252.359999999997,2,356.75,move,improve
1361,9,7235.469999999999,2,356.75,2opt,improve
1362,9,7233.58,2,356.75,2opt,improve
1363,9,6666.889999999999,2,356.75,move,improve
1364,9,6431.279999999999,2,356.75,move,improve
1365,9,6431.279999999999,2,356.75,move,improve
1366,9,6544.089999999998,2,356.75,swap,acceptBad
1367,9,5895.620000000002,2,356.75,move,improve
1368,9,6591.77,2,356.75,swap,acceptBad
1369,9,7232.009999999998,2,356.75,swap,acceptBad
1370,9,7595.160000000001,2,356.75,2opt,acceptBad
1371,9,7602.0599999999995,2,356.75,2opt,acceptBad
1372,9,7226.750000000002,2,356.75,move,improve
1373,9,7211.090000000002,2,356.75,swap,improve
1374,9,6913.040000000002,2,356.75,move,improve
1375,9,6954.449999999999,2,356.75,swap,acceptBad
1376,9,7175.1799999999985,2,356.75,swap,acceptBad
1377,9,6906.2699999999995,2,356.75,2opt,improve
1378,9,6906.2699999999995,2,356.75,2opt,notBad
1379,9,6800.54,2,356.75,swap,improve
1380,9,6899.400000000001,2,356.75,swap,acceptBad
1381,9,6899.400000000001,2,356.75,2opt,notBad
1382,9,6493.039999999999,2,356.75,swap,improve
1383,9,6542.24,2,356.75,swap,acceptBad
1384,9,6496.379999999999,2,356.75,swap,improve
1385,9,6490.469999999999,2,356.75,move,improve
1386,9,6402.78,2,356.75,move,improve
1387,9,6402.78,2,356.75,2opt,notBad
1388,9,6402.78,2,356.75,move,improve
1389,9,6378.509999999998,2,356.75,2opt,improve
1390,9,6437.659999999999,2,356.75,swap,acceptBad
1391,9,6747.020000000001,2,356.75,2opt,acceptBad
1392,9,6726.540000000002,2,356.75,swap,improve
1393,9,6726.540000000002,2,356.75,2opt,notBad
1394,9,6599.220000000002,2,356.75,move,improve
1395,9,6520.030000000002,2,356.75,swap,improve
1396,8,5539.55,2,356.75,2opt,improve
1397,8,5323.79,2,356.75,move,improve
1398,8,5008.92,2,356.75,move,improve
1399,8,5193.38,2,356.75,swap,acceptBad
1400,8,5151.0599999999995,2,356.75,swap,improve
1401,8,5151.0599999999995,2,356.75,2opt,notBad
1402,8,5387.280000000001,2,356.75,2opt,acceptBad
1403,8,5566.81,2,356.75,2opt,acceptBad
1404,8,5360.389999999999,2,356.75,move,improve
1405,8,5360.389999999999,2,356.75,2opt,notBad
1406,8,5177.64,2,356.75,swap,improve
1407,8,5522.45,2,356.75,2opt,acceptBad
1408,8,4995.9299999999985,2,356.75,move,improve
1409,8,4995.9299999999985,2,356.75,2opt,notBad
1410,8,4444.599999999999,2,356.75,2opt,improve
1411,8,4444.599999999999,2,356.75,move,improve
1412,8,4444.599999999999,2,356.75,2opt,notBad
1413,8,4429.5199999999995,2,356.75,swap,improve
1414,8,4608.06,2,356.75,swap,acceptBad
1415,8,4525.160000000001,2,356.75,move,improve
1416,8,4343.280000000001,2,356.75,swap,improve
1417,8,4144.400000000001,2,356.75,move,improve
1418,8,3683.6600000000003,2,356.75,move,improve
1419,8,3753.9500000000003,2,356.75,2opt,acceptBad
1420,8,4126.710000000001,2,356.75,swap,acceptBad
1421,8,3623.210000000001,2,356.75,move,improve
1422,8,3623.210000000001,2,356.75,move,improve
1423,8,3613.350000000001,2,356.75,swap,improve
1424,8,3610.0300000000007,2,356.75,move,improve
1425,8,3963.9199999999996,2,356.75,2opt,acceptBad
1426,8,4823.700000000001,2,356.75,2opt,acceptBad
1427,8,4588.06,2,356.75,2opt,improve
1428,8,4621.56,2,356.75,swap,acceptBad
1429,8,4621.56,2,356.75,2opt,notBad
1430,8,4143.300000000001,2,356.75,2opt,improve
1431,8,4108.8200000000015,2,356.75,move,improve
1432,8,4108.8200000000015,2,356.75,2opt,notBad
1433,8,4108.8200000000015,2,356.75,2opt,notBad
1434,8,4031.620000000001,2,356.75,swap,improve
1435,8,4036.420000000001,2,356.75,swap,acceptBad
1436,8,3755.3099999999995,2,356.75,2opt,improve
1437,8,3505.37,2,356.75,move,improve
1438,8,3435.81,2,356.75,move,improve
1439,8,3435.81,2,356.75,move,improve
1440,8,4478.969999999998,2,356.75,2opt,acceptBad
1441,8,4478.969999999998,2,356.75,2opt,notBad
1442,8,4470.129999999999,2,356.75,swap,improve
1443,8,5019.21,2,356.75,2opt,acceptBad
1444,8,5599.969999999999,2,356.75,2opt,acceptBad
1445,8,5596.76,2,356.75,swap,improve
1446,8,5569.629999999999,2,356.75,swap,improve
1447,8,5700.079999999999,2,356.75,swap,acceptBad
1448,8,5641.37,2,356.75,swap,improve
1449,8,6474.49,2,356.75,2opt,acceptBad
1450,8,6435.530000000001,2,356.75,swap,improve
1451,8,6435.06,2,356.75,swap,improve
1452,8,5485.52,2,356.75,2opt,improve
1453,8,6024.5199999999995,2,356.75,2opt,acceptBad
1454,8,5813.659999999999,2,356.75,move,improve
1455,8,5545.8099999999995,2,356.75,move,improve
1456,8,5262.749999999999,2,356.75,move,improve
1457,8,5249.460000000001,2,356.75,2opt,improve
1458,8,5155.4800000000005,2,356.75,swap,improve
1459,8,5265.159999999999,2,356.75,swap,acceptBad
1460,8,5105.699999999999,2,356.75,move,improve
1461,8,4958.84,2,356.75,move,improve
1462,8,4958.84,2,356.75,2opt,notBad
1463,8,4960.579999999999,2,356.75,2opt,acceptBad
1464,8,4964.299999999999,2,356.75,swap,acceptBad
1465,8,4964.299999999999,2,356.75,2opt,notBad
1466,8,4964.299999999999,2,356.75,move,improve
1467,8,4868.159999999999,2,356.75,swap,improve
1468,8,4733.150000000001,2,356.75,move,improve
1469,8,4164.579999999999,2,356.75,move,improve
1470,8,4140.83,2,356.75,2opt,improve
1471,8,4093.989999999999,2,356.75,swap,improve
1472,8,4138.659999999999,2,356.75,swap,acceptBad
1473,8,4159.259999999999,2,356.75,swap,acceptBad
1474,8,4318.140000000001,2,356.75,swap,acceptBad
1475,8,4318.140000000001,2,356.75,2opt,notBad
1476,8,4418.08,2,356.75,2opt,acceptBad
1477,8,4418.08,2,356.75,2opt,notBad
1478,8,4375.1,2,356.75,move,improve
1479,8,4364.3,2,356.75,2opt,improve
1480,8,4260.94,2,356.75,move,improve
1481,8,4140.66,2,356.75,move,improve
1482,8,4354.86,2,356.75,swap,acceptBad
1483,8,4354.86,2,356.75,2opt,notBad
1484,8,4354.86,2,356.75,2opt,notBad
1485,8,3875.34,2,356.75,move,improve
1486,8,3883.29,2,356.75,swap,acceptBad
1487,8,4570.469999999999,2,356.75,swap,acceptBad
1488,8,4136.43,2,356.75,move,improve
1489,8,3582.69,2,356.75,move,improve
1490,8,3269.4699999999993,2,356.75,move,improve
1491,8,3328.98,2,356.75,swap,acceptBad
1492,8,3325.38,2,356.75,swap,improve
1493,8,3325.38,2,356.75,2opt,notBad
1494,8,3357.240000000001,2,356.75,swap,acceptBad
1495,8,3365.0600000000004,2,356.75,swap,acceptBad
1496,8,3365.0600000000004,2,356.75,2opt,notBad
1497,8,3357.1600000000008,2,356.75,swap,improve
1498,8,3338.52,2,356.75,move,improve
1499,8,3304.6800000000003,2,356.75,move,improve
1500,8,4170.2300000000005,2,356.75,swap,acceptBad
1501,8,3955.8899999999994,2,356.75,2opt,improve
1502,8,3955.8899999999994,2,356.75,2opt,notBad
1503,8,4008.7099999999996,2,356.75,2opt,acceptBad
1504,8,4327.75,2,356.75,swap,acceptBad
1505,8,4265.090000000001,2,356.75,move,improve
1506,8,4258.849999999999,2,356.75,2opt,improve
1507,8,4072.019999999999,2,356.75,swap,improve
1508,8,4042.579999999999,2,356.75,move,improve
1509,8,4032.589999999999,2,356.75,move,improve
1510,8,3977.870000000001,2,356.75,swap,improve
1511,8,3967.479999999999,2,356.75,swap,improve
1512,8,4040.039999999999,2,356.75,swap,acceptBad
1513,8,4040.039999999999,2,356.75,2opt,notBad
1514,8,4071.6599999999985,2,356.75,swap,acceptBad
1515,8,4271.9400000000005,2,356.75,2opt,acceptBad
1516,8,4201.620000000001,2,356.75,move,improve
1517,8,4201.620000000001,2,356.75,2opt,notBad
1518,8,5204.400000000001,2,356.75,2opt,acceptBad
1519,8,5203.08,2,356.75,swap,improve
1520,8,4695.44,2,356.75,move,improve
1521,8,5045.78,2,356.75,swap,acceptBad
1522,8,5348.620000000001,2,356.75,2opt,acceptBad
1523,8,5310.1,2,356.75,2opt,improve
1524,8,4931.7,2,356.75,move,improve
1525,8,5653.509999999998,2,356.75,swap,acceptBad
1526,8,5418.19,2,356.75,move,improve
1527,8,5256.199999999999,2,356.75,swap,improve
1528,8,5025.07,2,356.75,2opt,improve
1529,8,5025.07,2,356.75,2opt,notBad
1530,8,5147.150000000001,2,356.75,swap,acceptBad
1531,8,5196.050000000001,2,356.75,2opt,acceptBad
1532,8,5196.050000000001,2,356.75,2opt,notBad
1533,8,5143.48,2,356.75,move,improve
1534,8,5287.490000000001,2,356.75,swap,acceptBad
1535,8,5747.0,2,356.75,swap,acceptBad
1536,8,6141.950000000001,2,356.75,2opt,acceptBad
1537,8,5633.24,2,356.75,move,improve
1538,8,5729.54,2,356.75,2opt,acceptBad
1539,8,5521.740000000001,2,356.75,move,improve
1540,8,5520.930000000001,2,356.75,swap,improve
1541,8,5520.930000000001,2,356.75,move,improve
1542,8,5546.920000000001,2,356.75,swap,acceptBad
1543,8,5547.610000000001,2,356.75,swap,acceptBad
1544,8,5498.249999999999,2,356.75,move,improve
1545,8,5049.89,2,356.75,move,improve
1546,8,5049.89,2,356.75,2opt,notBad
1547,8,5077.889999999999,2,356.75,swap,acceptBad
1548,8,5077.889999999999,2,356.75,2opt,notBad
1549,8,5077.889999999999,2,356.75,move,improve
1550,8,5033.410000000001,2,356.75,swap,improve
1551,8,5034.3099999999995,2,356.75,swap,acceptBad
1552,8,5034.3099999999995,2,356.75,2opt,notBad
1553,8,5140.9,2,356.75,2opt,acceptBad
1554,8,5140.9,2,356.75,move,improve
1555,8,4856.499999999998,2,356.75,move,improve
1556,8,4596.079999999999,2,356.75,move,improve
1557,8,4397.449999999999,2,356.75,move,improve
1558,8,4401.919999999999,2,356.75,2opt,acceptBad
1559,8,4271.299999999999,2,356.75,move,improve
1560,8,4271.299999999999,2,356.75,2opt,notBad
1561,8,4407.039999999999,2,356.75,swap,acceptBad
1562,8,4407.039999999999,2,356.75,2opt,notBad
1563,8,4313.51,2,356.75,swap,improve
1564,8,4303.8499999999985,2,356.75,swap,improve
1565,8,4450.11,2,356.75,swap,acceptBad
1566,8,4450.11,2,356.75,2opt,notBad
1567,8,4078.57,2,356.75,swap,improve
1568,8,4442.900000000001,2,356.75,swap,acceptBad
1569,8,4091.320000000001,2,356.75,2opt,improve
1570,8,4097.580000000001,2,356.75,swap,acceptBad
1571,8,4097.580000000001,2,356.75,2opt,improve
1572,8,4097.580000000001,2,356.75,2opt,improve
1573,8,4097.580000000001,2,356.75,move,improve
1574,8,4097.580000000001,2,356.75,2opt,notBad
1575,8,4101.27,2,356.75,swap,acceptBad
1576,8,4072.35,2,356.75,2opt,improve
1577,8,4093.069999999999,2,356.75,swap,acceptBad
1578,8,3942.0499999999993,2,356.75,move,improve
1579,8,4223.47,2,356.75,2opt,acceptBad
1580,8,4223.47,2,356.75,2opt,notBad
1581,8,4208.17,2,356.75,move,improve
1582,8,4063.0299999999993,2,356.75,swap,improve
1583,8,4208.03,2,356.75,swap,acceptBad
1584,8,5079.209999999999,2,356.75,swap,acceptBad
1585,8,4437.25,2,356.75,move,improve
1586,8,4078.6,2,356.75,swap,improve
1587,8,4261.220000000001,2,356.75,swap,acceptBad
1588,8,3944.2600000000007,2,356.75,move,improve
1589,8,3986.0200000000004,2,356.75,swap,acceptBad
1590,8,4075.4,2,356.75,swap,acceptBad
1591,8,4062.76,2,356.75,swap,improve
1592,8,4062.76,2,356.75,move,improve
1593,8,4062.76,2,356.75,2opt,notBad
1594,8,4062.76,2,356.75,2opt,notBad
1595,8,4090.460000000001,2,356.75,2opt,acceptBad
1596,8,4090.460000000001,2,356.75,2opt,notBad
1597,8,4044.8400000000006,2,356.75,swap,improve
1598,8,4128.1900000000005,2,356.75,swap,acceptBad
1599,8,4246.110000000001,2,356.75,2opt,acceptBad
1600,8,4246.110000000001,2,356.75,2opt,notBad
1601,8,3876.1800000000017,2,356.75,move,improve
1602,8,3876.1800000000017,2,356.75,2opt,notBad
1603,8,3973.8900000000012,2,356.75,swap,acceptBad
1604,8,3973.8900000000012,2,356.75,move,improve
1605,8,3973.8900000000012,2,356.75,2opt,notBad
1606,8,3976.7700000000013,2,356.75,swap,acceptBad
1607,8,3976.7700000000013,2,356.75,2opt,notBad
1608,8,3976.7700000000013,2,356.75,2opt,notBad
1609,8,3780.0299999999997,2,356.75,move,improve
1610,8,3780.0299999999997,2,356.75,2opt,notBad
1611,8,3779.999999999999,2,356.75,2opt,improve
1612,8,3669.720000000001,2,356.75,move,improve
1613,8,3569.610000000001,2,356.75,move,improve
1614,8,3569.610000000001,2,356.75,2opt,notBad
1615,8,3569.610000000001,2,356.75,2opt,notBad
1616,8,3409.7500000000005,2,356.75,move,improve
1617,8,3399.9199999999996,2,356.75,swap,improve
1618,8,3337.79,2,356.75,swap,improve
1619,8,3337.79,2,356.75,2opt,notBad
1620,8,3335.3700000000003,2,356.75,swap,improve
1621,8,3307.1100000000006,2,356.75,move,improve
1622,8,3163.770000000001,2,356.75,swap,improve
1623,8,3242.9700000000007,2,356.75,swap,acceptBad
1624,8,3226.7400000000007,2,356.75,2opt,improve
1625,8,3227.0100000000007,2,356.75,2opt,acceptBad
1626,8,3227.0100000000007,2,356.75,2opt,notBad
1627,8,3088.51,2,356.75,move,improve
1628,8,2922.6600000000003,2,356.75,move,improve
1629,8,2741.3999999999996,2,356.75,move,improve
1630,8,2819.14,2,356.75,swap,acceptBad
1631,8,2819.14,2,356.75,2opt,notBad
1632,8,2784.12,2,356.75,move,improve
1633,8,2784.12,2,356.75,2opt,notBad
1634,8,3072.6799999999994,2,356.75,2opt,acceptBad
1635,8,3054.3999999999987,2,356.75,swap,improve
1636,8,3054.3999999999987,2,356.75,2opt,notBad
1637,8,3054.3999999999987,2,356.75,2opt,notBad
1638,8,2880.979999999998,2,356.75,move,improve
1639,8,2880.979999999998,2,356.75,swap,notBad
1640,8,2925.5899999999992,2,356.75,2opt,acceptBad
1641,8,2946.7699999999995,2,356.75,swap,acceptBad
1642,8,2946.7699999999995,2,356.75,2opt,notBad
1643,8,2786.919999999999,2,356.75,move,improve
1644,8,2786.919999999999,2,356.75,2opt,notBad
1645,8,2786.919999999999,2,356.75,2opt,improve
1646,8,2786.919999999999,2,356.75,2opt,notBad
1647,8,2783.29,2,356.75,2opt,improve
1648,8,2897.34,2,356.75,swap,acceptBad
1649,8,2897.34,2,356.75,move,improve
1650,8,2897.34,2,356.75,2opt,notBad
1651,8,2897.34,2,356.75,2opt,notBad
1652,8,2903.82,2,356.75,swap,acceptBad
1653,8,2804.5799999999995,2,356.75,move,improve
1654,8,2887.709999999999,2,356.75,swap,acceptBad
1655,8,2887.709999999999,2,356.75,move,improve
1656,8,3578.2199999999993,2,356.75,swap,acceptBad
1657,8,3578.2199999999993,2,356.75,2opt,notBad
1658,8,3357.9699999999993,2,356.75,move,improve
1659,8,3377.5599999999995,2,356.75,swap,acceptBad
1660,8,3377.5599999999995,2,356.75,2opt,notBad
1661,8,3220.0999999999995,2,356.75,move,improve
1662,8,3220.0999999999995,2,356.75,2opt,notBad
1663,8,3232.0099999999998,2,356.75,swap,acceptBad
1664,8,3094.77,2,356.75,move,improve
1665,8,3094.77,2,356.75,move,improve
1666,8,3143.6699999999996,2,356.75,swap,acceptBad
1667,8,3143.6699999999996,2,356.75,move,improve
1668,8,4253.0599999999995,2,356.75,swap,acceptBad
1669,8,4253.0599999999995,2,356.75,2opt,notBad
1670,8,3732.62,2,356.75,move,improve
1671,8,3728.54,2,356.75,swap,improve
1672,8,3768.02,2,356.75,swap,acceptBad
1673,8,3400.899999999999,2,356.75,move,improve
1674,8,3400.899999999999,2,356.75,2opt,notBad
1675,8,3299.84,2,356.75,move,improve
1676,8,3322.6400000000003,2,356.75,swap,acceptBad
1677,8,3322.6400000000003,2,356.75,2opt,notBad
1678,8,3655.6799999999985,2,356.75,swap,acceptBad
1679,8,3578.949999999999,2,356.75,move,improve
1680,8,3578.949999999999,2,356.75,move,improve
1681,8,3558.529999999999,2,356.75,swap,improve
1682,8,3320.6399999999994,2,356.75,move,improve
1683,8,3274.92,2,356.75,move,improve
1684,8,3274.92,2,356.75,move,improve
1685,8,3672.7199999999993,2,356.75,2opt,acceptBad
1686,8,3659.92,2,356.75,swap,improve
1687,8,4706.079999999998,2,356.75,swap,acceptBad
1688,8,4617.1799999999985,2,356.75,swap,improve
1689,8,4644.999999999999,2,356.75,swap,acceptBad
1690,8,4644.999999999999,2,356.75,2opt,notBad
1691,8,4644.999999999999,2,356.75,2opt,notBad
1692,8,4644.999999999999,2,356.75,2opt,notBad
1693,8,4235.579999999999,2,356.75,2opt,improve
1694,8,4213.079999999999,2,356.75,swap,improve
1695,8,4213.079999999999,2,356.75,2opt,notBad
1696,8,3953.4000000000005,2,356.75,move,improve
1697,8,3953.4000000000005,2,356.75,swap,notBad
1698,8,3542.75,2,356.75,move,improve
1699,8,3768.2300000000005,2,356.75,swap,acceptBad
1700,8,3784.7000000000003,2,356.75,swap,acceptBad
1701,8,3808.08,2,356.75,swap,acceptBad
1702,8,3883.2399999999993,2,356.75,swap,acceptBad
1703,8,3883.2399999999993,2,356.75,2opt,notBad
1704,8,3883.2399999999993,2,356.75,move,improve
1705,8,3510.9799999999987,2,356.75,move,improve
1706,8,3156.8099999999995,2,356.75,move,improve
1707,8,3167.3599999999983,2,356.75,swap,acceptBad
1708,8,3021.159999999999,2,356.75,move,improve
1709,8,3040.7999999999993,2,356.75,2opt,acceptBad
1710,8,2809.749999999999,2,356.75,move,improve
1711,8,2809.749999999999,2,356.75,2opt,notBad
1712,8,2463.4799999999996,2,356.75,2opt,improve
1713,8,2605.1400000000003,2,356.75,2opt,acceptBad
1714,8,2605.1400000000003,2,356.75,2opt,notBad
1715,8,2605.1400000000003,2,356.75,move,improve
1716,8,2605.1400000000003,2,356.75,2opt,notBad
1717,8,2605.1400000000003,2,356.75,2opt,notBad
1718,8,2605.1400000000003,2,356.75,2opt,notBad
1719,8,2558.1,2,356.75,move,improve
1720,8,2323.72,2,356.75,move,improve
1721,8,2323.72,2,356.75,move,improve
1722,8,2323.72,2,356.75,swap,notBad
1723,8,2323.72,2,356.75,move,improve
1724,8,2327.0499999999997,2,356.75,swap,acceptBad
1725,8,2367.49,2,356.75,2opt,acceptBad
1726,8,2367.49,2,356.75,2opt,notBad
1727,8,2382.369999999999,2,356.75,2opt,acceptBad
1728,8,2382.369999999999,2,356.75,move,improve
1729,8,2676.009999999999,2,356.75,swap,acceptBad
1730,8,2678.949999999999,2,356.75,swap,acceptBad
1731,8,2690.659999999999,2,356.75,swap,acceptBad
1732,8,2690.659999999999,2,356.75,move,improve
1733,8,2469.8599999999988,2,356.75,move,improve
1734,8,2464.779999999999,2,356.75,swap,improve
1735,8,2464.779999999999,2,356.75,2opt,notBad
1736,8,2464.779999999999,2,356.75,move,improve
1737,8,2464.779999999999,2,356.75,2opt,notBad
1738,8,2428.8199999999997,2,356.75,move,improve
1739,8,2428.8199999999997,2,356.75,swap,notBad
1740,8,2395.1499999999996,2,356.75,swap,improve
1741,8,2395.1499999999996,2,356.75,2opt,notBad
1742,8,2244.7699999999995,2,356.75,move,improve
1743,8,2215.5499999999993,2,356.75,swap,improve
1744,7,1945.2299999999996,2,356.75,2opt,improve
1745,7,1945.2299999999996,2,356.75,2opt,notBad
1746,7,1945.2299999999996,2,356.75,move,improve
1747,7,1945.2299999999996,2,356.75,move,improve
1748,6,1731.9599999999991,2,356.75,2opt,improve
1749,6,1761.2099999999994,2,356.75,swap,acceptBad
1750,6,1742.6099999999992,2,356.75,move,improve
1751,6,1875.5999999999995,2,356.75,swap,acceptBad
1752,6,2448.2599999999998,2,356.75,swap,acceptBad
1753,6,2106.03,2,356.75,move,improve
1754,6,1775.4999999999995,2,356.75,swap,improve
1755,6,1813.7199999999998,2,356.75,swap,acceptBad
1756,6,1694.5099999999993,2,356.75,move,improve
1757,6,1558.4299999999998,2,356.75,2opt,improve
1758,6,1600.4299999999992,2,356.75,2opt,acceptBad
1759,6,1572.5699999999997,2,356.75,swap,improve
1760,6,1514.8899999999999,2,356.75,move,improve
1761,6,1412.6099999999997,2,356.75,move,improve
1762,6,1393.0099999999998,2,356.75,swap,improve
1763,6,1262.4899999999996,2,356.75,move,improve
1764,6,1262.4899999999996,2,356.75,move,improve
1765,6,1118.9799999999996,2,356.75,move,improve
1766,6,1318.68,2,356.75,swap,acceptBad
1767,6,1277.3599999999997,2,356.75,2opt,improve
1768,6,1280.8399999999997,2,356.75,swap,acceptBad
1769,6,1280.8399999999997,2,356.75,move,improve
1770,6,1280.8399999999997,2,356.75,2opt,notBad
1771,6,1280.8399999999997,2,356.75,2opt,notBad
1772,6,1158.7999999999997,2,356.75,move,improve
1773,6,1158.7999999999997,2,356.75,2opt,notBad
1774,6,1054.9899999999996,2,356.75,move,improve
1775,6,1011.0699999999995,2,356.75,move,improve
1776,6,1008.0299999999995,2,356.75,swap,improve
1777,6,1044.1099999999997,2,356.75,swap,acceptBad
1778,6,1037.7799999999995,2,356.75,swap,improve
1779,6,1035.3499999999995,2,356.75,swap,improve
1780,6,974.87,2,356.75,move,improve
1781,6,1000.2599999999999,2,356.75,swap,acceptBad
1782,6,1000.2599999999999,2,356.75,2opt,notBad
1783,6,977.0600000000002,2,356.75,move,improve
1784,6,931.1500000000005,2,356.75,move,improve
1785,6,995.4200000000003,2,356.75,2opt,acceptBad
1786,6,979.0300000000004,2,356.75,swap,improve
1787,6,979.0300000000004,2,356.75,move,improve
1788,6,1190.2100000000007,2,356.75,2opt,acceptBad
1789,6,1190.2100000000007,2,356.75,2opt,notBad
1790,6,1190.2100000000007,2,356.75,2opt,notBad
1791,6,1173.3800000000006,2,356.75,swap,improve
1792,6,1145.3400000000006,2,356.75,move,improve
1793,6,940.7200000000005,2,356.75,2opt,improve
1794,6,888.3600000000001,2,356.75,move,improve
1795,6,888.3600000000001,2,356.75,2opt,notBad
1796,6,888.3600000000001,2,356.75,2opt,notBad
1797,6,888.3600000000001,2,356.75,move,improve
1798,6,856.9200000000001,2,356.75,move,improve
1799,6,1032.85,2,356.75,swap,acceptBad
1800,6,1052.5199999999995,2,356.75,swap,acceptBad
1801,6,1052.5199999999995,2,356.75,swap,notBad
1802,6,1052.5199999999995,2,356.75,2opt,notBad
1803,6,1110.9599999999996,2,356.75,swap,acceptBad
1804,6,1110.9599999999996,2,356.75,2opt,notBad
1805,6,1104.6599999999996,2,356.75,move,improve
1806,6,994.8999999999996,2,356.75,2opt,improve
1807,6,994.8999999999996,2,356.75,move,improve
1808,6,1069.9399999999996,2,356.75,swap,acceptBad
1809,6,870.3800000000001,2,356.75,move,improve
1810,6,870.3800000000001,2,356.75,2opt,notBad
1811,6,870.3800000000001,2,356.75,2opt,notBad
1812,6,870.3800000000001,2,356.75,2opt,notBad
1813,6,857.3600000000004,2,356.75,2opt,improve
1814,6,857.3600000000004,2,356.75,2opt,notBad
1815,6,857.3600000000004,2,356.75,2opt,notBad
1816,6,817.7099999999997,2,356.75,move,improve
1817,6,1040.3899999999994,2,356.75,swap,acceptBad
1818,6,1003.2199999999993,2,356.75,swap,improve
1819,6,1003.2199999999993,2,356.75,2opt,notBad
1820,6,796.3599999999996,2,356.75,move,improve
1821,6,796.3599999999996,2,356.75,swap,notBad
1822,6,796.3599999999996,2,356.75,2opt,notBad
1823,6,787.8099999999996,2,356.75,move,improve
1824,6,800.25,2,356.75,2opt,acceptBad
1825,6,800.25,2,356.75,move,improve
1826,6,746.5499999999993,2,356.75,move,improve
1827,6,746.5499999999993,2,356.75,move,improve
1828,6,746.5499999999993,2,356.75,2opt,notBad
1829,6,738.0099999999999,2,356.75,move,improve
1830,6,756.2099999999996,2,356.75,swap,acceptBad
1831,6,756.2099999999996,2,356.75,swap,notBad
1832,6,953.7199999999999,2,356.75,swap,acceptBad
1833,6,1197.9799999999996,2,356.75,2opt,acceptBad
1834,6,1200.5299999999995,2,356.75,swap,acceptBad
1835,6,1053.28,2,356.75,swap,improve
1836,6,937.6999999999998,2,356.75,swap,improve
1837,6,919.1899999999996,2,356.75,swap,improve
1838,6,919.1899999999996,2,356.75,2opt,notBad
1839,6,916.3099999999995,2,356.75,move,improve
1840,6,914.7199999999996,2,356.75,2opt,improve
1841,6,869.1499999999996,2,356.75,move,improve
1842,6,869.1499999999996,2,356.75,swap,notBad
1843,6,795.8499999999997,2,356.75,move,improve
1844,6,795.8499999999997,2,356.75,move,improve
1845,6,796.3499999999999,2,356.75,2opt,acceptBad
1846,6,794.6899999999999,2,356.75,move,improve
1847,6,794.6899999999999,2,356.75,move,improve
1848,6,794.6899999999999,2,356.75,move,improve
1849,6,794.6899999999999,2,356.75,2opt,notBad
1850,6,794.6899999999999,2,356.75,move,improve
1851,6,784.4599999999999,2,356.75,move,improve
1852,6,1030.9800000000005,2,356.75,2opt,acceptBad
1853,6,1030.9800000000005,2,356.75,2opt,notBad
1854,6,799.7799999999993,2,356.75,move,improve
1855,6,799.7799999999993,2,356.75,2opt,notBad
1856,6,799.7799999999993,2,356.75,2opt,notBad
1857,6,1115.269999999999,2,356.75,2opt,acceptBad
1858,6,1115.269999999999,2,356.75,move,improve
1859,6,1115.269999999999,2,356.75,2opt,notBad
1860,6,1035.8599999999997,2,356.75,move,improve
1861,6,1035.8599999999997,2,356.75,move,improve
1862,6,956.1699999999998,2,356.75,move,improve
1863,6,870.5099999999998,2,356.75,move,improve
1864,6,985.6700000000003,2,356.75,swap,acceptBad
1865,6,988.49,2,356.75,swap,acceptBad
1866,6,998.8400000000001,2,356.75,swap,acceptBad
1867,6,998.8400000000001,2,356.75,2opt,notBad
1868,6,998.8400000000001,2,356.75,2opt,notBad
1869,6,998.8400000000001,2,356.75,2opt,improve
1870,6,994.8300000000002,2,356.75,swap,improve
1871,6,994.8300000000002,2,356.75,2opt,notBad
1872,6,1062.1399999999999,2,356.75,swap,acceptBad
1873,6,1062.1399999999999,2,356.75,2opt,notBad
1874,6,1025.1999999999996,2,356.75,2opt,improve
1875,6,1003.7599999999998,2,356.75,swap,improve
1876,6,971.96,2,356.75,swap,improve
1877,6,1034.49,2,356.75,move,acceptBad
1878,6,1013.3699999999999,2,356.75,swap,improve
1879,6,975.95,2,356.75,move,improve
1880,6,986.0600000000002,2,356.75,2opt,acceptBad
1881,6,1651.6699999999996,2,356.75,swap,acceptBad
1882,6,1280.8299999999997,2,356.75,move,improve
1883,6,1280.8299999999997,2,356.75,move,improve
1884,6,1347.3299999999997,2,356.75,swap,acceptBad
1885,6,1084.7299999999998,2,356.75,move,improve
1886,6,1084.7299999999998,2,356.75,2opt,notBad
1887,6,1084.7299999999998,2,356.75,move,improve
1888,6,1020.1599999999996,2,356.75,move,improve
1889,6,951.6300000000002,2,356.75,move,improve
1890,6,951.6300000000002,2,356.75,2opt,notBad
1891,6,1028.4700000000005,2,356.75,swap,acceptBad
1892,6,928.4800000000001,2,356.75,move,improve
1893,6,920.0400000000003,2,356.75,2opt,improve
1894,6,920.0400000000003,2,356.75,2opt,notBad
1895,6,888.5600000000004,2,356.75,swap,improve
1896,6,888.5600000000004,2,356.75,move,improve
1897,6,1067.4600000000007,2,356.75,swap,acceptBad
1898,6,1136.45,2,356.75,swap,acceptBad
1899,6,1136.45,2,356.75,2opt,notBad
1900,6,1155.49,2,356.75,swap,acceptBad
1901,6,1155.49,2,356.75,2opt,notBad
1902,6,1196.4299999999998,2,356.75,swap,acceptBad
1903,6,1265.6999999999998,2,356.75,swap,acceptBad
1904,6,1149.58,2,356.75,move,improve
1905,6,1132.06,2,356.75,move,improve
1906,6,1034.98,2,356.75,swap,improve
1907,6,1034.98,2,356.75,move,improve
1908,6,1032.34,2,356.75,move,improve
1909,6,1032.34,2,356.75,2opt,notBad
1910,6,1032.34,2,356.75,2opt,notBad
1911,6,1032.34,2,356.75,move,improve
1912,6,1026.98,2,356.75,move,improve
1913,6,805.9999999999991,2,356.75,swap,improve
1914,6,837.9199999999992,2,356.75,2opt,acceptBad
1915,6,800.8999999999999,2,356.75,move,improve
1916,6,800.8999999999999,2,356.75,2opt,notBad
1917,6,800.8999999999999,2,356.75,2opt,notBad
1918,6,800.8999999999999,2,356.75,2opt,notBad
1919,6,998.9399999999996,2,356.75,swap,acceptBad
1920,6,998.9399999999996,2,356.75,2opt,notBad
1921,6,998.9399999999996,2,356.75,move,improve
1922,6,1008.3899999999996,2,356.75,swap,acceptBad
1923,6,1008.3899999999996,2,356.75,2opt,notBad
1924,6,1008.3899999999996,2,356.75,2opt,notBad
1925,6,997.9699999999993,2,356.75,swap,improve
1926,6,1385.7499999999998,2,356.75,swap,acceptBad
1927,6,1227.4699999999996,2,356.75,swap,improve
1928,6,1215.9699999999998,2,356.75,2opt,improve
1929,6,1170.7699999999993,2,356.75,move,improve
1930,6,1247.3299999999995,2,356.75,swap,acceptBad
1931,6,1177.8899999999996,2,356.75,swap,improve
1932,6,1188.2999999999997,2,356.75,swap,acceptBad
1933,6,1159.4199999999996,2,356.75,swap,improve
1934,6,1150.4199999999996,2,356.75,move,improve
1935,6,1280.3999999999996,2,356.75,swap,acceptBad
1936,6,1250.2099999999998,2,356.75,2opt,improve
1937,6,1250.2099999999998,2,356.75,2opt,notBad
1938,6,1250.7799999999997,2,356.75,2opt,acceptBad
1939,6,1250.7799999999997,2,356.75,2opt,notBad
1940,6,1250.7799999999997,2,356.75,2opt,notBad
1941,6,1274.3999999999996,2,356.75,swap,acceptBad
1942,6,1274.3999999999996,2,356.75,2opt,notBad
1943,6,1226.6099999999997,2,356.75,swap,improve
1944,6,1753.6799999999996,2,356.75,swap,acceptBad
1945,6,1777.07,2,356.75,swap,acceptBad
1946,6,1598.4599999999996,2,356.75,move,improve
1947,6,1644.2999999999995,2,356.75,2opt,acceptBad
1948,6,1644.2999999999995,2,356.75,move,improve
1949,6,1586.3199999999993,2,356.75,2opt,improve
1950,6,1585.9599999999991,2,356.75,swap,improve
1951,6,1613.1499999999996,2,356.75,2opt,acceptBad
1952,6,1231.6,2,356.75,move,improve
1953,6,1171.6399999999999,2,356.75,move,improve
1954,6,1171.6399999999999,2,356.75,2opt,notBad
1955,6,1118.7600000000004,2,356.75,move,improve
1956,6,1142.9,2,356.75,2opt,acceptBad
1957,6,1142.9,2,356.75,2opt,notBad
1958,6,1142.9,2,356.75,2opt,notBad
1959,6,1142.9,2,356.75,2opt,notBad
1960,6,1505.2599999999998,2,356.75,swap,acceptBad
1961,6,1468.81,2,356.75,move,improve
1962,6,1468.81,2,356.75,2opt,notBad
1963,6,1241.9299999999998,2,356.75,move,improve
1964,6,1241.9299999999998,2,356.75,2opt,notBad
1965,6,815.4000000000002,2,356.75,move,improve
1966,6,922.4200000000001,2,356.75,swap,acceptBad
1967,6,902.1800000000001,2,356.75,swap,improve
1968,6,1088.84,2,356.75,swap,acceptBad
1969,6,967.2399999999998,2,356.75,move,improve
1970,6,804.4999999999999,2,356.75,move,improve
1971,6,786.0400000000003,2,356.75,swap,improve
1972,6,786.0400000000003,2,356.75,2opt,notBad
1973,6,781.1400000000003,2,356.75,move,improve
1974,6,777.7200000000001,2,356.75,move,improve
1975,6,777.7200000000001,2,356.75,2opt,notBad
1976,6,738.7799999999999,2,356.75,move,improve
1977,6,738.7799999999999,2,356.75,2opt,notBad
1978,6,887.4,2,356.75,swap,acceptBad
1979,6,736.2799999999999,2,356.75,move,improve
1980,6,723.0699999999996,2,356.75,swap,improve
1981,6,743.5299999999996,2,356.75,swap,acceptBad
1982,6,849.03,2,356.75,swap,acceptBad
1983,6,958.5299999999999,2,356.75,swap,acceptBad
1984,6,958.5299999999999,2,356.75,2opt,notBad
1985,6,808.1900000000002,2,356.75,move,improve
1986,6,808.1900000000002,2,356.75,2opt,notBad
1987,6,818.1900000000003,2,356.75,swap,acceptBad
1988,6,707.3900000000006,2,356.75,swap,improve
1989,6,707.3900000000006,2,356.75,move,improve
1990,6,694.3700000000006,2,356.75,move,improve
1991,6,694.3700000000006,2,356.75,2opt,notBad
1992,6,694.3700000000006,2,356.75,2opt,notBad
1993,6,694.3700000000005,2,356.75,move,improve
1994,6,694.3700000000005,2,356.75,2opt,notBad
1995,6,849.4300000000002,2,356.75,2opt,acceptBad
1996,6,896.2600000000007,2,356.75,swap,acceptBad
1997,6,914.4200000000008,2,356.75,swap,acceptBad
1998,6,914.4200000000008,2,356.75,swap,notBad
1999,6,914.4200000000008,2,356.75,2opt,notBad
2000,6,1001.1600000000005,2,356.75,swap,acceptBad
2001,6,1001.1600000000005,2,356.75,2opt,notBad
2002,6,917.23,2,356.75,move,improve
2003,6,917.23,2,356.75,move,improve
2004,6,917.23,2,356.75,move,improve
2005,6,1026.9299999999998,2,356.75,swap,acceptBad
2006,6,1026.9299999999998,2,356.75,2opt,improve
2007,6,1105.3899999999999,2,356.75,swap,acceptBad
2008,6,1041.25,2,356.75,2opt,improve
2009,6,1299.5700000000002,2,356.75,swap,acceptBad
2010,6,1286.93,2,356.75,swap,improve
2011,6,936.7099999999999,2,356.75,move,improve
2012,6,929.1699999999994,2,356.75,2opt,improve
2013,6,929.1699999999994,2,356.75,2opt,notBad
2014,6,916.6899999999996,2,356.75,move,improve
2015,6,910.0899999999997,2,356.75,move,improve
2016,6,910.0899999999997,2,356.75,2opt,notBad
2017,6,910.0899999999997,2,356.75,2opt,notBad
2018,6,843.3299999999997,2,356.75,swap,improve
2019,6,735.3899999999996,2,356.75,move,improve
2020,6,706.5199999999998,2,356.75,move,improve
2021,6,721.82,2,356.75,swap,acceptBad
2022,6,721.82,2,356.75,move,improve
2023,6,721.82,2,356.75,2opt,notBad
2024,6,734.9599999999998,2,356.75,swap,acceptBad
2025,6,914.5399999999995,2,356.75,swap,acceptBad
2026,6,947.1999999999996,2,356.75,swap,acceptBad
2027,6,947.1999999999996,2,356.75,2opt,notBad
2028,6,947.1999999999996,2,356.75,2opt,notBad
2029,6,912.9999999999995,2,356.75,move,improve
2030,6,912.9999999999995,2,356.75,2opt,notBad
2031,6,912.9999999999995,2,356.75,2opt,notBad
2032,6,869.1599999999999,2,356.75,move,improve
2033,6,994.8999999999997,2,356.75,swap,acceptBad
2034,6,994.8999999999997,2,356.75,swap,notBad
2035,6,994.8999999999997,2,356.75,swap,notBad
2036,6,963.8599999999996,2,356.75,move,improve
2037,6,963.8599999999996,2,356.75,2opt,notBad
2038,6,787.02,2,356.75,move,improve
2039,6,858.8699999999994,2,356.75,swap,acceptBad
2040,6,858.8699999999994,2,356.75,move,improve
2041,6,858.8699999999994,2,356.75,2opt,notBad
2042,6,858.8699999999994,2,356.75,swap,notBad
2043,6,731.7899999999998,2,356.75,move,improve
2044,6,737.29,2,356.75,2opt,acceptBad
2045,6,737.29,2,356.75,2opt,notBad
2046,6,737.29,2,356.75,move,improve
2047,6,737.29,2,356.75,move,improve
2048,6,701.6800000000002,2,356.75,swap,improve
2049,6,682.5500000000006,2,356.75,move,improve
2050,6,682.5500000000006,2,356.75,2opt,notBad
2051,6,682.5500000000006,2,356.75,2opt,notBad
2052,6,746.0300000000004,2,356.75,swap,acceptBad
2053,6,746.0300000000004,2,356.75,2opt,improve
2054,6,898.1800000000001,2,356.75,swap,acceptBad
2055,6,898.1800000000001,2,356.75,2opt,notBad
2056,6,1077.5399999999997,2,356.75,swap,acceptBad
2057,6,1114.1399999999999,2,356.75,2opt,acceptBad
2058,6,1114.1399999999999,2,356.75,2opt,notBad
2059,6,1114.1399999999999,2,356.75,2opt,notBad
2060,6,1114.1399999999999,2,356.75,2opt,notBad
2061,6,1155.29,2,356.75,2opt,acceptBad
2062,6,1155.29,2,356.75,2opt,notBad
2063,6,1137.1399999999999,2,356.75,move,improve
2064,6,935.0000000000001,2,356.75,move,improve
2065,6,935.0000000000001,2,356.75,2opt,notBad
2066,6,840.6800000000001,2,356.75,swap,improve
2067,6,840.6800000000001,2,356.75,2opt,improve
2068,6,787.9200000000001,2,356.75,2opt,improve
2069,6,781.68,2,356.75,swap,improve
2070,6,780.18,2,356.75,move,improve
2071,6,780.18,2,356.75,2opt,notBad
2072,6,780.18,2,356.75,swap,notBad
2073,6,768.5200000000002,2,356.75,move,improve
2074,6,994.3400000000001,2,356.75,swap,acceptBad
2075,6,994.3400000000001,2,356.75,2opt,notBad
2076,6,994.3400000000001,2,356.75,2opt,notBad
2077,6,981.9799999999998,2,356.75,swap,improve
2078,6,961.8300000000002,2,356.75,move,improve
2079,6,961.8300000000002,2,356.75,2opt,notBad
2080,6,961.8300000000002,2,356.75,2opt,notBad
2081,6,948.33,2,356.75,move,improve
2082,6,948.33,2,356.75,2opt,improve
2083,6,911.5400000000001,2,356.75,swap,improve
2084,6,911.5400000000001,2,356.75,2opt,improve
2085,6,911.5400000000001,2,356.75,2opt,notBad
2086,6,911.5400000000001,2,356.75,2opt,notBad
2087,6,872.1500000000001,2,356.75,move,improve
2088,6,980.8299999999999,2,356.75,move,acceptBad
2089,6,994.7499999999998,2,356.75,swap,acceptBad
2090,6,834.1099999999997,2,356.75,move,improve
2091,6,834.1099999999997,2,356.75,2opt,notBad
2092,6,834.1099999999997,2,356.75,2opt,notBad
2093,6,834.1099999999997,2,356.75,move,improve
2094,6,824.7500000000002,2,356.75,move,improve
2095,6,824.7500000000002,2,356.75,2opt,notBad
2096,6,871.27,2,356.75,2opt,acceptBad
2097,6,871.27,2,356.75,2opt,notBad
2098,6,871.27,2,356.75,swap,notBad
2099,6,848.0500000000003,2,356.75,move,improve
2100,6,848.0500000000003,2,356.75,2opt,notBad
2101,6,848.0500000000003,2,356.75,2opt,notBad
2102,6,848.0500000000003,2,356.75,2opt,improve
2103,6,847.3300000000004,2,356.75,move,improve
2104,6,799.9500000000004,2,356.75,move,improve
2105,6,799.3100000000005,2,356.75,move,improve
2106,6,816.0899999999998,2,356.75,swap,acceptBad
2107,6,818.4699999999998,2,356.75,swap,acceptBad
2108,6,821.6699999999998,2,356.75,swap,acceptBad
2109,6,861.3899999999996,2,356.75,2opt,acceptBad
2110,6,915.2499999999997,2,356.75,swap,acceptBad
2111,6,900.8499999999997,2,356.75,move,improve
2112,6,836.6799999999996,2,356.75,move,improve
2113,6,852.9999999999995,2,356.75,swap,acceptBad
2114,6,852.9999999999995,2,356.75,2opt,notBad
2115,6,852.9999999999995,2,356.75,2opt,notBad
2116,6,814.4000000000001,2,356.75,swap,improve
2117,6,812.3,2,356.75,move,improve
2118,6,975.8199999999997,2,356.75,swap,acceptBad
2119,6,808.6600000000003,2,356.75,move,improve
2120,6,802.3800000000003,2,356.75,2opt,improve
2121,6,839.8200000000004,2,356.75,swap,acceptBad
2122,6,728.2800000000004,2,356.75,move,improve
2123,6,737.7200000000003,2,356.75,swap,acceptBad
2124,6,737.7200000000003,2,356.75,move,improve
2125,6,838.8799999999994,2,356.75,swap,acceptBad
2126,6,822.2599999999999,2,356.75,swap,improve
2127,6,783.6900000000003,2,356.75,move,improve
2128,6,704.6200000000008,2,356.75,move,improve
2129,6,653.0200000000004,2,356.75,move,improve
2130,6,653.0200000000004,2,356.75,2opt,improve
2131,6,767.3,2,356.75,swap,acceptBad
2132,6,929.2399999999998,2,356.75,swap,acceptBad
2133,6,1018.0599999999997,2,356.75,swap,acceptBad
2134,6,1018.0599999999997,2,356.75,2opt,notBad
2135,6,1018.0599999999997,2,356.75,move,improve
2136,6,919.72,2,356.75,swap,improve
2137,6,919.72,2,356.75,move,improve
2138,6,919.72,2,356.75,2opt,notBad
2139,6,908.3400000000006,2,356.75,2opt,improve
2140,6,908.3400000000006,2,356.75,move,improve
2141,6,805.8799999999999,2,356.75,move,improve
2142,6,804.44,2,356.75,move,improve
2143,6,763.0600000000002,2,356.75,move,improve
2144,6,913.3199999999997,2,356.75,2opt,acceptBad
2145,6,913.3199999999997,2,356.75,2opt,notBad
2146,6,913.3199999999997,2,356.75,swap,notBad
2147,6,1116.2199999999998,2,356.75,swap,acceptBad
2148,6,1116.2199999999998,2,356.75,2opt,notBad
2149,6,974.9399999999996,2,356.75,move,improve
2150,6,974.9399999999996,2,356.75,move,improve
2151,6,1001.54,2,356.75,swap,acceptBad
2152,6,1143.8599999999997,2,356.75,swap,acceptBad
2153,6,1143.8599999999997,2,356.75,2opt,notBad
2154,6,1142.4200000000005,2,356.75,swap,improve
2155,6,966.2200000000005,2,356.75,move,improve
2156,6,966.2200000000005,2,356.75,move,improve
2157,6,966.2200000000005,2,356.75,2opt,notBad
2158,6,875.5200000000007,2,356.75,move,improve
2159,6,900.5800000000005,2,356.75,2opt,acceptBad
2160,6,834.8800000000003,2,356.75,move,improve
2161,6,834.8800000000003,2,356.75,2opt,improve
2162,6,887.8800000000003,2,356.75,swap,acceptBad
2163,6,887.8800000000003,2,356.75,2opt,notBad
2164,6,877.1100000000004,2,356.75,move,improve
2165,6,877.1100000000004,2,356.75,2opt,improve
2166,6,877.1100000000004,2,356.75,2opt,notBad
2167,6,877.1100000000004,2,356.75,2opt,notBad
2168,6,877.1100000000004,2,356.75,2opt,notBad
2169,6,1016.2400000000002,2,356.75,swap,acceptBad
2170,6,1016.2400000000002,2,356.75,2opt,improve
2171,6,1062.8200000000004,2,356.75,swap,acceptBad
2172,6,1055.2000000000005,2,356.75,swap,improve
2173,6,948.8200000000004,2,356.75,2opt,improve
2174,6,973.5600000000002,2,356.75,swap,acceptBad
2175,6,973.5600000000002,2,356.75,move,improve
2176,6,973.5600000000002,2,356.75,2opt,improve
2177,6,1032.2400000000002,2,356.75,swap,acceptBad
2178,6,758.3700000000001,2,356.75,move,improve
2179,6,757.7700000000001,2,356.75,swap,improve
2180,6,878.5899999999999,2,356.75,swap,acceptBad
2181,6,1191.6499999999996,2,356.75,swap,acceptBad
2182,6,1183.73,2,356.75,2opt,improve
2183,6,1139.31,2,356.75,swap,improve
2184,6,1139.31,2,356.75,2opt,notBad
2185,6,1129.49,2,356.75,move,improve
2186,6,939.3299999999999,2,356.75,swap,improve
2187,6,879.99,2,356.75,move,improve
2188,6,879.99,2,356.75,move,improve
2189,6,879.99,2,356.75,move,improve
2190,6,882.57,2,356.75,swap,acceptBad
2191,6,1018.7699999999999,2,356.75,swap,acceptBad
2192,6,844.1899999999998,2,356.75,2opt,improve
2193,6,844.1899999999998,2,356.75,2opt,notBad
2194,6,821.1300000000001,2,356.75,swap,improve
2195,6,725.1399999999999,2,356.75,swap,improve
2196,6,719.4599999999998,2,356.75,move,improve
2197,6,879.5599999999998,2,356.75,swap,acceptBad
2198,6,942.78,2,356.75,swap,acceptBad
2199,6,969.0600000000002,2,356.75,2opt,acceptBad
2200,6,974.7400000000002,2,356.75,swap,acceptBad
2201,6,974.7400000000002,2,356.75,2opt,notBad
2202,6,935.3400000000004,2,356.75,move,improve
2203,6,943.5000000000005,2,356.75,2opt,acceptBad
2204,6,943.5000000000005,2,356.75,move,improve
2205,6,948.8200000000004,2,356.75,swap,acceptBad
2206,6,948.8200000000004,2,356.75,2opt,notBad
2207,6,1012.4200000000001,2,356.75,swap,acceptBad
2208,6,839.1999999999998,2,356.75,move,improve
2209,6,839.1999999999998,2,356.75,swap,notBad
2210,6,839.1999999999998,2,356.75,move,improve
2211,6,839.1999999999998,2,356.75,2opt,notBad
2212,6,861.3399999999999,2,356.75,swap,acceptBad
2213,6,715.52,2,356.75,move,improve
2214,6,715.52,2,356.75,2opt,notBad
2215,6,715.52,2,356.75,2opt,notBad
2216,6,710.06,2,356.75,swap,improve
2217,6,721.9799999999997,2,356.75,swap,acceptBad
2218,6,875.64,2,356.75,swap,acceptBad
2219,6,826.98,2,356.75,move,improve
2220,6,822.0600000000002,2,356.75,swap,improve
2221,6,839.0999999999997,2,356.75,swap,acceptBad
2222,6,836.2999999999997,2,356.75,move,improve
2223,6,836.2999999999997,2,356.75,2opt,notBad
2224,6,812.2199999999998,2,356.75,swap,improve
2225,6,844.8600000000001,2,356.75,swap,acceptBad
2226,6,844.8600000000001,2,356.75,2opt,notBad
2227,6,844.8600000000001,2,356.75,move,improve
2228,6,844.8600000000001,2,356.75,2opt,notBad
2229,6,779.2600000000002,2,356.75,swap,improve
2230,6,724.8400000000006,2,356.75,move,improve
2231,6,724.8400000000006,2,356.75,2opt,notBad
2232,6,838.3000000000001,2,356.75,swap,acceptBad
2233,6,818.0800000000002,2,356.75,swap,improve
2234,6,818.0800000000002,2,356.75,swap,notBad
2235,6,824.7500000000003,2,356.75,swap,acceptBad
2236,6,778.2500000000005,2,356.75,move,improve
2237,6,746.6100000000005,2,356.75,move,improve
2238,6,951.6900000000002,2,356.75,swap,acceptBad
2239,6,864.2500000000002,2,356.75,swap,improve
2240,6,980.29,2,356.75,swap,acceptBad
2241,6,980.29,2,356.75,2opt,notBad
2242,6,998.71,2,356.75,swap,acceptBad
2243,6,998.71,2,356.75,2opt,notBad
2244,6,981.9300000000005,2,356.75,move,improve
2245,6,857.5000000000002,2,356.75,move,improve
2246,6,857.4000000000001,2,356.75,move,improve
2247,6,843.2600000000003,2,356.75,swap,improve
2248,6,843.2600000000003,2,356.75,swap,notBad
2249,6,775.14,2,356.75,2opt,improve
2250,6,775.14,2,356.75,move,improve
2251,6,876.08,2,356.75,swap,acceptBad
2252,6,814.8399999999999,2,356.75,move,improve
2253,6,814.8399999999999,2,356.75,2opt,improve
2254,6,752.3199999999994,2,356.75,2opt,improve
2255,6,743.1199999999994,2,356.75,swap,improve
2256,6,727.3699999999994,2,356.75,move,improve
2257,6,727.3699999999994,2,356.75,2opt,notBad
2258,6,768.8099999999996,2,356.75,swap,acceptBad
2259,6,768.8099999999996,2,356.75,2opt,notBad
2260,6,768.8099999999996,2,356.75,2opt,notBad
2261,6,768.8099999999996,2,356.75,move,improve
2262,6,889.7499999999998,2,356.75,swap,acceptBad
2263,6,889.7499999999998,2,356.75,2opt,notBad
2264,6,889.7499999999998,2,356.75,2opt,notBad
2265,6,842.0700000000004,2,356.75,swap,improve
2266,6,842.0700000000004,2,356.75,move,improve
2267,6,778.29,2,356.75,move,improve
2268,6,778.29,2,356.75,2opt,notBad
2269,6,779.3599999999997,2,356.75,swap,acceptBad
2270,6,779.3599999999997,2,356.75,move,improve
2271,6,777.9199999999995,2,356.75,move,improve
2272,6,777.9199999999995,2,356.75,2opt,notBad
2273,6,790.4799999999996,2,356.75,swap,acceptBad
2274,6,767.5399999999997,2,356.75,move,improve
2275,6,767.5399999999997,2,356.75,2opt,notBad
2276,6,818.3199999999998,2,356.75,swap,acceptBad
2277,6,818.3199999999998,2,356.75,2opt,notBad
2278,6,875.0199999999995,2,356.75,swap,acceptBad
2279,5,825.7299999999996,2,356.75,2opt,improve
2280,5,825.7299999999996,2,356.75,2opt,notBad
2281,5,719.9699999999998,2,356.75,move,improve
2282,5,728.5899999999997,2,356.75,swap,acceptBad
2283,5,728.5899999999997,2,356.75,2opt,notBad
2284,5,713.0099999999998,2,356.75,move,improve
2285,5,638.7899999999997,2,356.75,move,improve
2286,5,638.7899999999997,2,356.75,2opt,notBad
2287,5,638.7899999999997,2,356.75,move,improve
2288,5,638.7899999999997,2,356.75,move,improve
2289,5,623.9299999999998,2,356.75,2opt,improve
2290,5,623.9299999999998,2,356.75,move,improve
2291,5,615.0799999999997,2,356.75,swap,improve
2292,5,615.0799999999997,2,356.75,2opt,notBad
2293,5,615.0799999999997,2,356.75,swap,notBad
2294,5,615.0799999999997,2,356.75,swap,notBad
2295,5,651.3599999999994,2,356.75,swap,acceptBad
2296,5,608.6999999999994,2,356.75,move,improve
2297,5,606.1499999999995,2,356.75,move,improve
2298,5,625.1999999999994,2,356.75,swap,acceptBad
2299,5,624.4799999999997,2,356.75,move,improve
2300,5,680.2099999999996,2,356.75,swap,acceptBad
2301,5,672.5699999999998,2,356.75,move,improve
2302,5,677.0000000000002,2,356.75,2opt,acceptBad
2303,5,677.0000000000002,2,356.75,2opt,notBad
2304,5,701.7499999999998,2,356.75,swap,acceptBad
2305,5,701.7499999999998,2,356.75,2opt,notBad
2306,5,689.3599999999999,2,356.75,swap,improve
2307,5,689.3599999999999,2,356.75,2opt,notBad
2308,5,689.3599999999999,2,356.75,move,improve
2309,5,689.3599999999999,2,356.75,2opt,notBad
2310,5,689.3599999999999,2,356.75,2opt,notBad
2311,5,683.4600000000003,2,356.75,2opt,improve
2312,5,683.4600000000003,2,356.75,2opt,notBad
2313,5,683.4600000000003,2,356.75,2opt,notBad
2314,5,869.95,2,356.75,swap,acceptBad
2315,5,879.3399999999999,2,356.75,2opt,acceptBad
2316,5,887.3499999999999,2,356.75,swap,acceptBad
2317,5,877.48,2,356.75,move,improve
2318,5,933.5599999999996,2,356.75,swap,acceptBad
2319,5,933.5599999999996,2,356.75,2opt,notBad
2320,5,867.14,2,356.75,swap,improve
2321,5,854.16,2,356.75,move,improve
2322,5,708.3500000000004,2,356.75,move,improve
2323,5,700.8700000000003,2,356.75,move,improve
2324,5,584.7399999999996,2,356.75,move,improve
2325,5,584.7399999999996,2,356.75,move,improve
2326,5,648.3300000000003,2,356.75,swap,acceptBad
2327,5,648.3300000000003,2,356.75,move,improve
2328,5,600.9399999999996,2,356.75,move,improve
2329,5,600.48,2,356.75,move,improve
2330,5,600.48,2,356.75,2opt,notBad
2331,5,600.48,2,356.75,move,improve
2332,5,600.48,2,356.75,move,improve
2333,5,600.48,2,356.75,swap,notBad
2334,5,600.48,2,356.75,2opt,notBad
2335,5,600.48,2,356.75,2opt,notBad
2336,5,610.4999999999999,2,356.75,swap,acceptBad
2337,5,610.4999999999999,2,356.75,swap,notBad
2338,5,610.4999999999999,2,356.75,move,improve
2339,5,714.9499999999996,2,356.75,swap,acceptBad
2340,5,714.9499999999996,2,356.75,swap,notBad
2341,5,714.9499999999996,2,356.75,2opt,notBad
2342,5,686.3899999999999,2,356.75,move,improve
2343,5,626.3999999999999,2,356.75,2opt,improve
2344,5,626.3999999999999,2,356.75,swap,notBad
2345,5,626.3999999999999,2,356.75,2opt,notBad
2346,5,626.3999999999999,2,356.75,swap,notBad
2347,5,626.3999999999999,2,356.75,2opt,notBad
2348,5,624.3199999999998,2,356.75,move,improve
2349,5,624.3199999999998,2,356.75,2opt,notBad
2350,5,624.3199999999998,2,356.75,move,improve
2351,5,624.3199999999998,2,356.75,swap,notBad
2352,5,600.5300000000001,2,356.75,move,improve
2353,5,629.03,2,356.75,swap,acceptBad
2354,5,629.03,2,356.75,2opt,notBad
2355,5,629.03,2,356.75,move,improve
2356,5,629.03,2,356.75,move,improve
2357,5,642.4299999999998,2,356.75,swap,acceptBad
2358,5,700.2100000000003,2,356.75,swap,acceptBad
2359,5,643.69,2,356.75,move,improve
2360,5,632.52,2,356.75,move,improve
2361,5,749.2499999999998,2,356.75,swap,acceptBad
2362,5,749.2499999999998,2,356.75,2opt,notBad
2363,5,854.4899999999999,2,356.75,swap,acceptBad
2364,5,854.4899999999999,2,356.75,swap,notBad
2365,5,822.8599999999999,2,356.75,swap,improve
2366,5,828.3699999999997,2,356.75,swap,acceptBad
2367,5,828.3699999999997,2,356.75,2opt,notBad
2368,5,731.5699999999999,2,356.75,move,improve
2369,5,731.5699999999999,2,356.75,2opt,notBad
2370,5,655.1199999999999,2,356.75,move,improve
2371,5,655.1199999999999,2,356.75,2opt,notBad
2372,5,662.1999999999998,2,356.75,2opt,acceptBad
2373,5,662.1999999999998,2,356.75,2opt,notBad
2374,5,662.1999999999998,2,356.75,move,improve
2375,5,662.1999999999998,2,356.75,2opt,notBad
2376,5,662.1999999999998,2,356.75,move,improve
2377,5,662.1999999999998,2,356.75,2opt,improve
2378,5,662.1999999999998,2,356.75,swap,notBad
2379,5,662.1999999999998,2,356.75,2opt,notBad
2380,5,662.1999999999998,2,356.75,move,improve
2381,5,611.6999999999997,2,356.75,move,improve
2382,5,611.6999999999997,2,356.75,2opt,notBad
2383,5,637.96,2,356.75,swap,acceptBad
2384,5,637.96,2,356.75,2opt,notBad
2385,5,637.96,2,356.75,2opt,notBad
2386,5,751.5899999999999,2,356.75,swap,acceptBad
2387,5,729.7999999999995,2,356.75,move,improve
2388,5,637.9999999999998,2,356.75,move,improve
2389,5,666.88,2,356.75,swap,acceptBad
2390,5,666.88,2,356.75,2opt,notBad
2391,5,814.3000000000002,2,356.75,swap,acceptBad
2392,5,809.7000000000003,2,356.75,move,improve
2393,5,808.9200000000003,2,356.75,2opt,improve
2394,5,853.5200000000007,2,356.75,swap,acceptBad
2395,5,842.1800000000005,2,356.75,move,improve
2396,5,773.3500000000004,2,356.75,move,improve
2397,5,773.3500000000004,2,356.75,2opt,improve
2398,5,773.3500000000004,2,356.75,swap,notBad
2399,5,686.0900000000004,2,356.75,move,improve
2400,5,684.8300000000005,2,356.75,move,improve
2401,5,683.4000000000003,2,356.75,move,improve
2402,5,653.1800000000003,2,356.75,move,improve
2403,5,587.28,2,356.75,move,improve
2404,5,587.28,2,356.75,swap,notBad
2405,5,695.54,2,356.75,swap,acceptBad
2406,5,692.85,2,356.75,swap,improve
2407,5,677.0999999999999,2,356.75,move,improve
2408,5,677.0999999999999,2,356.75,2opt,improve
2409,5,768.28,2,356.75,swap,acceptBad
2410,5,768.28,2,356.75,2opt,notBad
2411,5,768.28,2,356.75,move,improve
2412,5,768.28,2,356.75,swap,notBad
2413,5,689.9699999999995,2,356.75,move,improve
2414,5,774.2399999999998,2,356.75,swap,acceptBad
2415,5,784.5899999999997,2,356.75,2opt,acceptBad
2416,5,784.5899999999997,2,356.75,swap,notBad
2417,5,896.3099999999996,2,356.75,swap,acceptBad
2418,5,852.2399999999997,2,356.75,2opt,improve
2419,5,893.5499999999997,2,356.75,swap,acceptBad
2420,5,893.5499999999997,2,356.75,2opt,notBad
2421,5,893.5499999999997,2,356.75,2opt,improve
2422,5,893.5499999999997,2,356.75,2opt,notBad
2423,5,831.3499999999999,2,356.75,move,improve
2424,5,831.3499999999999,2,356.75,swap,notBad
2425,5,826.5799999999999,2,356.75,2opt,improve
2426,5,826.5799999999999,2,356.75,swap,notBad
2427,5,873.4499999999996,2,356.75,2opt,acceptBad
2428,5,873.4499999999996,2,356.75,2opt,notBad
2429,5,907.1799999999996,2,356.75,swap,acceptBad
2430,5,907.1799999999996,2,356.75,swap,notBad
2431,5,901.5299999999996,2,356.75,swap,improve
2432,5,901.5299999999996,2,356.75,2opt,notBad
2433,5,946.3299999999999,2,356.75,swap,acceptBad
2434,5,834.44,2,356.75,move,improve
2435,5,867.6599999999999,2,356.75,swap,acceptBad
2436,5,849.1599999999999,2,356.75,move,improve
2437,5,849.1599999999999,2,356.75,2opt,notBad
2438,5,849.1599999999999,2,356.75,2opt,notBad
2439,5,810.6599999999999,2,356.75,swap,improve
2440,5,810.6599999999999,2,356.75,2opt,notBad
2441,5,802.2299999999998,2,356.75,move,improve
2442,5,802.2299999999998,2,356.75,swap,notBad
2443,5,802.2299999999998,2,356.75,2opt,notBad
2444,5,802.2299999999998,2,356.75,2opt,notBad
2445,5,791.03,2,356.75,move,improve
2446,5,791.03,2,356.75,2opt,notBad
2447,5,791.03,2,356.75,2opt,notBad
2448,5,791.03,2,356.75,2opt,notBad
2449,5,867.19,2,356.75,swap,acceptBad
2450,5,851.5600000000002,2,356.75,2opt,improve
2451,5,851.5600000000002,2,356.75,move,improve
2452,5,847.5800000000004,2,356.75,swap,improve
2453,5,812.9200000000001,2,356.75,move,improve
2454,5,719.7600000000002,2,356.75,move,improve
2455,5,679.9000000000008,2,356.75,move,improve
2456,5,667.1400000000006,2,356.75,move,improve
2457,5,667.1400000000006,2,356.75,2opt,notBad
2458,5,667.1400000000006,2,356.75,move,improve
2459,5,667.1400000000006,2,356.75,swap,notBad
2460,5,667.1400000000006,2,356.75,2opt,notBad
2461,5,667.1400000000006,2,356.75,swap,notBad
2462,5,667.1400000000006,2,356.75,2opt,notBad
2463,5,667.1400000000006,2,356.75,2opt,notBad
2464,5,667.1400000000006,2,356.75,2opt,notBad
2465,5,653.5900000000004,2,356.75,move,improve
2466,5,641.6600000000002,2,356.75,move,improve
2467,5,639.5600000000002,2,356.75,2opt,improve
2468,5,575.3199999999996,2,356.75,move,improve
2469,5,542.0699999999998,2,356.75,move,improve
2470,5,524.1599999999999,2,356.75,move,improve
2471,5,518.7499999999993,2,356.75,move,improve
2472,5,518.7499999999993,2,356.75,2opt,notBad
2473,5,518.7499999999993,2,356.75,2opt,notBad
2474,5,518.7499999999993,2,356.75,move,improve
2475,5,518.7499999999993,2,356.75,swap,notBad
2476,5,518.7499999999993,2,356.75,2opt,notBad
2477,5,641.34,2,356.75,swap,acceptBad
2478,5,641.34,2,356.75,2opt,notBad
2479,5,641.34,2,356.75,swap,notBad
2480,5,653.2799999999999,2,356.75,2opt,acceptBad
2481,5,653.2799999999999,2,356.75,2opt,notBad
2482,5,691.5500000000002,2,356.75,2opt,acceptBad
2483,5,691.5500000000002,2,356.75,move,improve
2484,5,679.3799999999999,2,356.75,move,improve
2485,5,672.1199999999999,2,356.75,2opt,improve
2486,5,556.3800000000001,2,356.75,swap,improve
2487,5,556.3800000000001,2,356.75,swap,notBad
2488,5,556.3800000000001,2,356.75,swap,notBad
2489,5,556.3800000000001,2,356.75,swap,notBad
2490,5,556.3800000000001,2,356.75,swap,notBad
2491,5,671.8199999999997,2,356.75,swap,acceptBad
2492,5,685.6800000000001,2,356.75,swap,acceptBad
2493,5,535.5699999999999,2,356.75,move,improve
2494,5,561.2,2,356.75,swap,acceptBad
2495,5,558.7399999999999,2,356.75,2opt,improve
2496,5,558.7399999999999,2,356.75,move,improve
2497,5,558.7399999999999,2,356.75,swap,notBad
2498,5,558.7399999999999,2,356.75,move,improve
2499,5,558.7399999999999,2,356.75,2opt,notBad
2500,5,558.7399999999999,2,356.75,2opt,notBad
2501,5,558.7399999999999,2,356.75,2opt,notBad
2502,5,558.7399999999999,2,356.75,2opt,notBad
2503,5,554.71,2,356.75,move,improve
2504,5,553.0699999999996,2,356.75,move,improve
2505,5,562.5699999999995,2,356.75,swap,acceptBad
2506,5,614.2799999999991,2,356.75,swap,acceptBad
2507,5,683.5699999999991,2,356.75,swap,acceptBad
2508,5,683.5699999999991,2,356.75,swap,notBad
2509,5,677.1799999999992,2,356.75,move,improve
2510,5,715.1799999999993,2,356.75,swap,acceptBad
2511,5,772.8699999999994,2,356.75,swap,acceptBad
2512,5,844.4399999999997,2,356.75,2opt,acceptBad
2513,5,826.3500000000001,2,356.75,move,improve
2514,5,826.3500000000001,2,356.75,move,improve
2515,5,741.3199999999999,2,356.75,swap,improve
2516,5,721.52,2,356.75,2opt,improve
2517,5,718.28,2,356.75,2opt,improve
2518,5,703.4299999999997,2,356.75,move,improve
2519,5,828.2299999999997,2,356.75,swap,acceptBad
2520,5,828.2299999999997,2,356.75,move,improve
2521,5,851.4699999999998,2,356.75,swap,acceptBad
2522,5,704.4499999999998,2,356.75,move,improve
2523,5,704.4499999999998,2,356.75,2opt,notBad
2524,5,704.4499999999998,2,356.75,2opt,notBad
2525,5,704.4499999999998,2,356.75,move,improve
2526,5,637.99,2,356.75,move,improve
2527,5,639.25,2,356.75,swap,acceptBad
2528,5,684.6800000000002,2,356.75,swap,acceptBad
2529,5,684.6800000000002,2,356.75,2opt,notBad
2530,5,745.6399999999996,2,356.75,swap,acceptBad
2531,5,745.6399999999996,2,356.75,move,improve
2532,5,629.8700000000001,2,356.75,move,improve
2533,5,600.6800000000004,2,356.75,move,improve
2534,5,598.8800000000006,2,356.75,move,improve
2535,5,598.8800000000006,2,356.75,swap,notBad
2536,5,598.8800000000006,2,356.75,move,improve
2537,5,598.8800000000006,2,356.75,move,improve
2538,5,623.2300000000002,2,356.75,2opt,acceptBad
2539,5,583.3500000000006,2,356.75,move,improve
2540,5,583.3500000000006,2,356.75,move,improve
2541,5,570.33,2,356.75,swap,improve
2542,5,570.33,2,356.75,2opt,notBad
2543,5,570.33,2,356.75,move,improve
2544,5,566.5800000000005,2,356.75,swap,improve
2545,5,566.5800000000005,2,356.75,2opt,notBad
2546,5,566.5800000000005,2,356.75,move,improve
2547,5,554.2200000000001,2,356.75,move,improve
2548,5,604.4300000000003,2,356.75,swap,acceptBad
2549,5,590.1800000000001,2,356.75,move,improve
2550,5,687.8300000000002,2,356.75,swap,acceptBad
2551,5,687.8300000000002,2,356.75,2opt,improve
2552,5,684.6400000000001,2,356.75,move,improve
2553,5,684.6400000000001,2,356.75,2opt,notBad
2554,5,696.4100000000003,2,356.75,swap,acceptBad
2555,5,696.4100000000003,2,356.75,2opt,notBad
2556,5,686.9100000000003,2,356.75,move,improve
2557,5,686.9100000000003,2,356.75,2opt,improve
2558,5,686.9100000000003,2,356.75,2opt,notBad
2559,5,644.7600000000006,2,356.75,move,improve
2560,5,644.7600000000006,2,356.75,2opt,notBad
2561,5,644.0400000000005,2,356.75,move,improve
2562,5,713.0800000000003,2,356.75,swap,acceptBad
2563,5,672.3400000000004,2,356.75,move,improve
2564,5,672.3400000000004,2,356.75,2opt,notBad
2565,5,678.4300000000005,2,356.75,move,acceptBad
2566,5,654.5300000000011,2,356.75,2opt,improve
2567,5,696.230000000001,2,356.75,swap,acceptBad
2568,5,696.230000000001,2,356.75,2opt,notBad
2569,5,745.1000000000013,2,356.75,swap,acceptBad
2570,5,700.0100000000009,2,356.75,move,improve
2571,5,727.0300000000008,2,356.75,swap,acceptBad
2572,5,727.0300000000008,2,356.75,move,improve
2573,5,684.2300000000007,2,356.75,move,improve
2574,5,684.2300000000007,2,356.75,move,improve
2575,5,682.0100000000006,2,356.75,move,improve
2576,5,636.6300000000006,2,356.75,swap,improve
2577,5,636.6300000000006,2,356.75,move,improve
2578,5,636.6300000000006,2,356.75,move,improve
2579,5,636.6300000000006,2,356.75,2opt,notBad
2580,5,611.6999999999996,2,356.75,move,improve
2581,5,618.0299999999997,2,356.75,swap,acceptBad
2582,5,618.0299999999997,2,356.75,swap,notBad
2583,5,605.96,2,356.75,move,improve
2584,5,605.96,2,356.75,move,improve
2585,5,605.96,2,356.75,move,improve
2586,5,701.8599999999999,2,356.75,swap,acceptBad
2587,5,597.3499999999999,2,356.75,move,improve
2588,5,597.3499999999999,2,356.75,2opt,notBad
2589,5,590.3800000000001,2,356.75,move,improve
2590,5,700.2399999999996,2,356.75,swap,acceptBad
2591,5,700.2399999999996,2,356.75,2opt,notBad
2592,5,701.5599999999996,2,356.75,move,acceptBad
2593,5,701.5599999999996,2,356.75,2opt,improve
2594,5,701.5599999999996,2,356.75,move,improve
2595,5,701.5599999999996,2,356.75,move,improve
2596,5,701.5599999999996,2,356.75,move,improve
2597,5,699.0099999999993,2,356.75,2opt,improve
2598,5,613.5099999999998,2,356.75,move,improve
2599,5,613.5099999999998,2,356.75,2opt,notBad
2600,5,614.3199999999998,2,356.75,swap,acceptBad
2601,5,614.3199999999998,2,356.75,2opt,notBad
2602,5,614.3199999999998,2,356.75,move,improve
2603,5,614.3199999999998,2,356.75,move,improve
2604,5,614.3199999999998,2,356.75,2opt,notBad
2605,5,614.3199999999998,2,356.75,2opt,improve
2606,5,613.5200000000001,2,356.75,move,improve
2607,5,663.6299999999995,2,356.75,swap,acceptBad
2608,5,663.6299999999995,2,356.75,move,improve
2609,5,663.6299999999995,2,356.75,2opt,notBad
2610,5,663.5199999999996,2,356.75,move,improve
2611,5,663.5199999999996,2,356.75,move,improve
2612,5,653.9999999999995,2,356.75,move,improve
2613,5,653.9999999999995,2,356.75,move,improve
2614,5,660.1699999999994,2,356.75,swap,acceptBad
2615,5,660.1699999999994,2,356.75,2opt,notBad
2616,5,660.1699999999994,2,356.75,move,improve
2617,5,660.1699999999994,2,356.75,2opt,notBad
2618,5,608.3699999999995,2,356.75,move,improve
2619,5,636.5999999999995,2,356.75,swap,acceptBad
2620,5,635.8199999999994,2,356.75,move,improve
2621,5,635.8199999999994,2,356.75,2opt,notBad
2622,5,635.8199999999994,2,356.75,2opt,notBad
2623,5,635.8199999999994,2,356.75,2opt,notBad
2624,5,614.5600000000001,2,356.75,move,improve
2625,5,614.5600000000001,2,356.75,2opt,notBad
2626,5,614.5600000000001,2,356.75,2opt,notBad
2627,5,614.5600000000001,2,356.75,move,improve
2628,5,614.5600000000001,2,356.75,2opt,notBad
2629,5,614.5600000000001,2,356.75,2opt,notBad
2630,5,614.5600000000001,2,356.75,2opt,notBad
2631,5,582.8099999999996,2,356.75,swap,improve
2632,5,582.8099999999996,2,356.75,2opt,notBad
2633,5,582.8099999999996,2,356.75,2opt,notBad
2634,5,582.8099999999996,2,356.75,swap,notBad
2635,5,582.8099999999996,2,356.75,move,improve
2636,5,596.2700000000002,2,356.75,swap,acceptBad
2637,5,596.2700000000002,2,356.75,swap,notBad
2638,5,595.5400000000001,2,356.75,move,improve
2639,5,595.5400000000001,2,356.75,2opt,notBad
2640,5,595.5400000000001,2,356.75,move,improve
2641,5,595.5400000000001,2,356.75,2opt,notBad
2642,5,595.5400000000001,2,356.75,2opt,notBad
2643,5,595.5400000000001,2,356.75,2opt,notBad
2644,5,663.0,2,356.75,swap,acceptBad
2645,5,663.0,2,356.75,2opt,notBad
2646,5,748.3600000000004,2,356.75,swap,acceptBad
2647,5,748.3600000000004,2,356.75,move,improve
2648,5,780.6600000000004,2,356.75,swap,acceptBad
2649,5,773.9200000000004,2,356.75,move,improve
2650,5,773.9200000000004,2,356.75,move,improve
2651,5,773.9200000000004,2,356.75,2opt,notBad
2652,5,788.2500000000005,2,356.75,swap,acceptBad
2653,5,788.2500000000005,2,356.75,move,improve
2654,5,788.2500000000005,2,356.75,move,improve
2655,5,788.2500000000005,2,356.75,swap,notBad
2656,5,782.7600000000004,2,356.75,swap,improve
2657,5,751.9099999999999,2,356.75,move,improve
2658,5,735.9499999999997,2,356.75,swap,improve
2659,5,697.7899999999997,2,356.75,move,improve
2660,5,656.5999999999998,2,356.75,swap,improve
2661,5,670.9799999999994,2,356.75,swap,acceptBad
2662,5,670.9799999999994,2,356.75,2opt,improve
2663,5,670.9799999999994,2,356.75,2opt,notBad
2664,5,670.9799999999994,2,356.75,2opt,notBad
2665,5,670.9799999999994,2,356.75,move,improve
2666,5,670.9799999999994,2,356.75,2opt,notBad
2667,5,670.9799999999994,2,356.75,2opt,notBad
2668,5,670.9799999999994,2,356.75,2opt,notBad
2669,5,670.9799999999994,2,356.75,move,improve
2670,5,670.9799999999994,2,356.75,swap,notBad
2671,5,670.9799999999994,2,356.75,swap,notBad
2672,5,670.9799999999994,2,356.75,2opt,notBad
2673,5,670.9799999999994,2,356.75,2opt,notBad
2674,5,670.9799999999994,2,356.75,2opt,notBad
2675,5,726.4799999999996,2,356.75,swap,acceptBad
2676,5,726.4799999999996,2,356.75,move,improve
2677,5,787.9899999999993,2,356.75,swap,acceptBad
2678,5,787.9899999999993,2,356.75,swap,notBad
2679,5,737.5599999999996,2,356.75,swap,improve
2680,5,737.5599999999996,2,356.75,2opt,notBad
2681,5,674.5900000000001,2,356.75,move,improve
2682,5,674.5900000000001,2,356.75,2opt,notBad
2683,5,674.3500000000001,2,356.75,move,improve
2684,5,674.3500000000001,2,356.75,2opt,notBad
2685,5,751.3500000000003,2,356.75,swap,acceptBad
2686,5,751.3500000000003,2,356.75,move,improve
2687,5,737.2500000000005,2,356.75,move,improve
2688,5,737.2500000000005,2,356.75,2opt,notBad
2689,5,709.3199999999995,2,356.75,move,improve
2690,5,709.3199999999995,2,356.75,2opt,improve
2691,5,676.6699999999994,2,356.75,move,improve
2692,5,676.6699999999994,2,356.75,move,improve
2693,5,676.6699999999994,2,356.75,2opt,notBad
2694,5,676.6699999999994,2,356.75,2opt,notBad
2695,5,700.4399999999996,2,356.75,swap,acceptBad
2696,5,700.6299999999998,2,356.75,swap,acceptBad
2697,5,797.8199999999994,2,356.75,swap,acceptBad
2698,5,797.8199999999994,2,356.75,2opt,notBad
2699,5,849.079999999999,2,356.75,swap,acceptBad
2700,5,799.1699999999994,2,356.75,move,improve
2701,5,782.6699999999994,2,356.75,2opt,improve
2702,5,659.0500000000004,2,356.75,move,improve
2703,5,659.0500000000004,2,356.75,swap,notBad
2704,5,659.0500000000004,2,356.75,move,improve
2705,5,655.8400000000004,2,356.75,swap,improve
2706,5,655.8400000000004,2,356.75,2opt,notBad
2707,5,655.8400000000004,2,356.75,2opt,notBad
2708,5,650.34,2,356.75,swap,improve
2709,5,650.34,2,356.75,swap,notBad
2710,5,727.3100000000003,2,356.75,swap,acceptBad
2711,5,727.3100000000003,2,356.75,2opt,notBad
2712,5,661.5099999999998,2,356.75,move,improve
2713,5,709.1099999999998,2,356.75,swap,acceptBad
2714,5,700.8599999999996,2,356.75,swap,improve
2715,5,736.52,2,356.75,swap,acceptBad
2716,5,762.9200000000001,2,356.75,swap,acceptBad
2717,5,762.9200000000001,2,356.75,2opt,improve
2718,5,768.2600000000001,2,356.75,swap,acceptBad
2719,5,762.54,2,356.75,move,improve
2720,5,762.54,2,356.75,2opt,notBad
2721,5,762.54,2,356.75,2opt,improve
2722,5,727.4899999999998,2,356.75,swap,improve
2723,5,744.9399999999995,2,356.75,swap,acceptBad
2724,5,744.9399999999995,2,356.75,swap,notBad
2725,5,744.9399999999995,2,356.75,2opt,notBad
2726,5,744.9399999999995,2,356.75,2opt,notBad
2727,5,744.9399999999995,2,356.75,2opt,notBad
2728,5,747.9999999999994,2,356.75,swap,acceptBad
2729,5,747.9999999999994,2,356.75,2opt,improve
2730,5,726.4499999999996,2,356.75,move,improve
2731,5,726.4499999999996,2,356.75,2opt,notBad
2732,5,764.2099999999998,2,356.75,swap,acceptBad
2733,5,764.2099999999998,2,356.75,2opt,notBad
2734,5,753.9399999999997,2,356.75,move,improve
2735,5,753.9399999999997,2,356.75,2opt,notBad
2736,5,857.8499999999995,2,356.75,swap,acceptBad
2737,5,892.3999999999994,2,356.75,swap,acceptBad
2738,5,892.3999999999994,2,356.75,2opt,notBad
2739,5,848.4199999999996,2,356.75,swap,improve
2740,5,848.4199999999996,2,356.75,2opt,notBad
2741,5,857.7699999999998,2,356.75,2opt,acceptBad
2742,5,866.9899999999996,2,356.75,swap,acceptBad
2743,5,805.4,2,356.75,move,improve
2744,5,805.4,2,356.75,move,improve
2745,5,793.5499999999995,2,356.75,move,improve
2746,5,721.3899999999998,2,356.75,move,improve
2747,5,725.5300000000001,2,356.75,swap,acceptBad
2748,5,725.5300000000001,2,356.75,2opt,notBad
2749,5,725.5300000000001,2,356.75,swap,notBad
2750,5,737.8699999999999,2,356.75,swap,acceptBad
2751,5,733.8199999999998,2,356.75,2opt,improve
2752,5,722.4200000000001,2,356.75,move,improve
2753,5,788.4699999999998,2,356.75,swap,acceptBad
2754,5,788.4699999999998,2,356.75,move,improve
2755,5,785.41,2,356.75,2opt,improve
2756,5,785.41,2,356.75,2opt,notBad
2757,5,785.41,2,356.75,2opt,notBad
2758,5,785.41,2,356.75,2opt,notBad
2759,5,638.3299999999997,2,356.75,move,improve
2760,5,554.7299999999998,2,356.75,move,improve
2761,5,550.9499999999998,2,356.75,2opt,improve
2762,5,546.3299999999998,2,356.75,move,improve
2763,5,529.9199999999998,2,356.75,move,improve
2764,5,526.94,2,356.75,move,improve
2765,5,526.94,2,356.75,move,improve
2766,5,526.94,2,356.75,swap,notBad
2767,5,526.94,2,356.75,2opt,improve
2768,5,526.94,2,356.75,2opt,notBad
2769,5,526.94,2,356.75,move,improve
2770,5,570.3300000000005,2,356.75,swap,acceptBad
2771,5,570.3300000000005,2,356.75,2opt,notBad
2772,5,570.3300000000005,2,356.75,2opt,notBad
2773,5,570.3300000000005,2,356.75,2opt,notBad
2774,5,570.3300000000005,2,356.75,2opt,notBad
2775,5,563.0400000000002,2,356.75,move,improve
2776,5,580.1099999999998,2,356.75,swap,acceptBad
2777,5,628.869999999999,2,356.75,swap,acceptBad
2778,5,673.2999999999995,2,356.75,swap,acceptBad
2779,5,673.2999999999995,2,356.75,2opt,notBad
2780,5,680.0599999999996,2,356.75,swap,acceptBad
2781,5,554.4699999999998,2,356.75,swap,improve
2782,5,554.4699999999998,2,356.75,2opt,notBad
2783,5,554.4699999999998,2,356.75,2opt,notBad
2784,5,554.4699999999998,2,356.75,move,improve
2785,5,544.3400000000001,2,356.75,swap,improve
2786,5,544.3400000000001,2,356.75,2opt,improve
2787,5,579.1900000000007,2,356.75,swap,acceptBad
2788,5,579.1900000000007,2,356.75,2opt,notBad
2789,5,579.1900000000007,2,356.75,move,improve
2790,5,628.78,2,356.75,swap,acceptBad
2791,5,628.78,2,356.75,2opt,notBad
2792,5,634.9599999999999,2,356.75,swap,acceptBad
2793,5,625.0300000000004,2,356.75,move,improve
2794,5,625.0300000000004,2,356.75,2opt,notBad
2795,5,625.0300000000004,2,356.75,2opt,notBad
2796,5,620.3400000000003,2,356.75,move,improve
2797,5,620.3400000000003,2,356.75,2opt,notBad
2798,5,597.1199999999999,2,356.75,move,improve
2799,5,578.53,2,356.75,move,improve
2800,5,645.1000000000001,2,356.75,swap,acceptBad
2801,5,659.5299999999999,2,356.75,2opt,acceptBad
2802,5,659.5299999999999,2,356.75,2opt,notBad
2803,5,670.4099999999999,2,356.75,swap,acceptBad
2804,5,740.9400000000002,2,356.75,swap,acceptBad
2805,5,715.6700000000003,2,356.75,move,improve
2806,5,715.6700000000003,2,356.75,2opt,notBad
2807,5,715.6700000000003,2,356.75,2opt,notBad
2808,5,715.6700000000003,2,356.75,2opt,notBad
2809,5,715.6700000000003,2,356.75,2opt,improve
2810,5,583.0000000000001,2,356.75,move,improve
2811,5,583.0000000000001,2,356.75,2opt,notBad
2812,5,583.0000000000001,2,356.75,2opt,improve
2813,5,584.78,2,356.75,swap,acceptBad
2814,5,584.78,2,356.75,2opt,notBad
2815,5,584.78,2,356.75,move,improve
2816,5,579.3499999999999,2,356.75,move,improve
2817,5,579.3499999999999,2,356.75,move,improve
2818,5,581.45,2,356.75,swap,acceptBad
2819,5,581.45,2,356.75,2opt,improve
2820,5,596.6199999999997,2,356.75,swap,acceptBad
2821,5,590.4999999999998,2,356.75,move,improve
2822,5,590.4999999999998,2,356.75,2opt,notBad
2823,5,590.4999999999998,2,356.75,2opt,notBad
2824,5,645.2499999999995,2,356.75,swap,acceptBad
2825,5,645.2499999999995,2,356.75,2opt,notBad
2826,5,661.8499999999996,2,356.75,move,acceptBad
2827,5,661.8499999999996,2,356.75,2opt,notBad
2828,5,616.2799999999996,2,356.75,move,improve
2829,5,605.01,2,356.75,move,improve
2830,5,605.01,2,356.75,move,improve
2831,5,605.01,2,356.75,2opt,notBad
2832,5,583.2200000000001,2,356.75,2opt,improve
2833,5,589.4,2,356.75,swap,acceptBad
2834,5,580.8399999999998,2,356.75,move,improve
2835,5,580.8399999999998,2,356.75,2opt,notBad
2836,5,580.8399999999998,2,356.75,2opt,notBad
2837,5,580.8399999999998,2,356.75,2opt,notBad
2838,5,580.8399999999998,2,356.75,2opt,notBad
2839,5,623.9300000000004,2,356.75,swap,acceptBad
2840,5,585.5599999999998,2,356.75,swap,improve
2841,5,622.8100000000003,2,356.75,swap,acceptBad
2842,5,573.7899999999997,2,356.75,move,improve
2843,5,573.4099999999999,2,356.75,swap,improve
2844,5,573.4099999999999,2,356.75,swap,notBad
2845,5,573.4099999999999,2,356.75,swap,notBad
2846,5,559.7899999999995,2,356.75,move,improve
2847,5,559.7899999999995,2,356.75,2opt,notBad
2848,5,559.7899999999995,2,356.75,swap,notBad
2849,5,531.8700000000001,2,356.75,move,improve
2850,5,515.6000000000004,2,356.75,move,improve
2851,5,570.1200000000006,2,356.75,swap,acceptBad
2852,5,570.1200000000006,2,356.75,2opt,notBad
2853,5,515.6700000000004,2,356.75,move,improve
2854,5,515.6700000000004,2,356.75,2opt,notBad
2855,5,511.6500000000004,2,356.75,move,improve
2856,5,511.6500000000004,2,356.75,swap,notBad
2857,5,511.6500000000004,2,356.75,swap,notBad
2858,5,568.6399999999994,2,356.75,swap,acceptBad
2859,5,568.6399999999994,2,356.75,swap,notBad
2860,5,528.4700000000006,2,356.75,move,improve
2861,5,562.7200000000004,2,356.75,swap,acceptBad
2862,5,562.7200000000004,2,356.75,2opt,notBad
2863,5,560.4899999999999,2,356.75,move,improve
2864,5,560.4899999999999,2,356.75,2opt,improve
2865,5,525.3700000000001,2,356.75,move,improve
2866,5,525.3700000000001,2,356.75,2opt,notBad
2867,5,525.3700000000001,2,356.75,2opt,notBad
2868,5,573.1800000000002,2,356.75,swap,acceptBad
2869,5,573.1800000000002,2,356.75,2opt,improve
2870,5,573.1800000000002,2,356.75,2opt,notBad
2871,5,573.1800000000002,2,356.75,2opt,notBad
2872,5,573.1800000000002,2,356.75,2opt,improve
2873,5,573.1800000000002,2,356.75,2opt,notBad
2874,5,573.1800000000002,2,356.75,2opt,notBad
2875,5,573.1800000000002,2,356.75,2opt,notBad
2876,5,573.1800000000002,2,356.75,swap,notBad
2877,5,573.1800000000002,2,356.75,move,improve
2878,5,622.6599999999999,2,356.75,swap,acceptBad
2879,5,622.6599999999999,2,356.75,2opt,notBad
2880,5,599.0099999999999,2,356.75,move,improve
2881,5,591.8499999999999,2,356.75,2opt,improve
2882,5,591.8499999999999,2,356.75,2opt,improve
2883,5,591.8499999999999,2,356.75,move,improve
2884,5,591.8499999999999,2,356.75,2opt,notBad
2885,5,518.2499999999997,2,356.75,move,improve
2886,5,518.2499999999997,2,356.75,move,improve
2887,5,518.2499999999997,2,356.75,move,improve
2888,5,518.2499999999997,2,356.75,2opt,notBad
2889,5,518.2499999999997,2,356.75,move,improve
2890,5,518.5199999999996,2,356.75,swap,acceptBad
2891,5,580.4199999999998,2,356.75,swap,acceptBad
2892,5,580.4199999999998,2,356.75,2opt,improve
2893,5,580.4199999999998,2,356.75,2opt,notBad
2894,5,580.4199999999998,2,356.75,2opt,improve
2895,5,580.4199999999998,2,356.75,2opt,notBad
2896,5,580.4199999999998,2,356.75,swap,notBad
2897,5,580.4199999999998,2,356.75,2opt,notBad
2898,5,580.4199999999998,2,356.75,2opt,notBad
2899,5,580.4199999999998,2,356.75,2opt,notBad
2900,5,580.4199999999998,2,356.75,2opt,notBad
2901,5,580.4199999999998,2,356.75,2opt,notBad
2902,5,598.5399999999995,2,356.75,swap,acceptBad
2903,5,598.5399999999995,2,356.75,2opt,notBad
2904,5,546.2400000000001,2,356.75,move,improve
2905,5,543.39,2,356.75,2opt,improve
2906,5,533.8299999999997,2,356.75,move,improve
2907,5,533.8299999999997,2,356.75,move,improve
2908,5,533.8299999999997,2,356.75,move,improve
2909,5,533.8299999999997,2,356.75,2opt,improve
2910,5,532.9999999999997,2,356.75,move,improve
2911,5,537.7599999999994,2,356.75,2opt,acceptBad
2912,5,523.3399999999998,2,356.75,move,improve
2913,5,505.2799999999998,2,356.75,move,improve
2914,5,505.2799999999998,2,356.75,move,improve
2915,5,505.2799999999998,2,356.75,2opt,notBad
2916,5,535.3900000000001,2,356.75,swap,acceptBad
2917,5,535.3900000000001,2,356.75,swap,notBad
2918,5,535.3900000000001,2,356.75,swap,notBad
2919,5,535.3900000000001,2,356.75,move,improve
2920,5,556.1099999999999,2,356.75,swap,acceptBad
2921,5,569.1499999999997,2,356.75,swap,acceptBad
2922,5,569.1499999999997,2,356.75,2opt,notBad
2923,5,569.1499999999997,2,356.75,2opt,notBad
2924,5,569.1499999999997,2,356.75,2opt,improve
2925,5,569.1499999999997,2,356.75,2opt,notBad
2926,5,557.9000000000001,2,356.75,swap,improve
2927,5,566.4099999999999,2,356.75,swap,acceptBad
2928,5,566.4099999999999,2,356.75,swap,notBad
2929,5,566.4099999999999,2,356.75,swap,notBad
2930,5,566.4099999999999,2,356.75,move,improve
2931,5,566.4099999999999,2,356.75,swap,notBad
2932,5,565.8099999999997,2,356.75,swap,improve
2933,5,565.8099999999997,2,356.75,2opt,notBad
2934,5,565.8099999999997,2,356.75,swap,notBad
2935,5,528.6099999999998,2,356.75,move,improve
2936,5,528.6099999999998,2,356.75,swap,notBad
2937,5,546.7699999999998,2,356.75,swap,acceptBad
2938,5,546.7699999999998,2,356.75,2opt,notBad
2939,5,546.7699999999998,2,356.75,swap,notBad
2940,5,514.7099999999997,2,356.75,move,improve
2941,5,514.7099999999997,2,356.75,2opt,notBad
2942,5,523.3699999999999,2,356.75,swap,acceptBad
2943,5,523.3699999999999,2,356.75,swap,notBad
2944,5,538.9300000000002,2,356.75,2opt,acceptBad
2945,5,529.1800000000002,2,356.75,move,improve
2946,5,531.9799999999998,2,356.75,swap,acceptBad
2947,5,531.9799999999998,2,356.75,move,improve
2948,5,495.0599999999999,2,356.75,move,improve
2949,5,479.6099999999998,2,356.75,move,improve
2950,5,479.6099999999998,2,356.75,swap,notBad
2951,5,479.6099999999998,2,356.75,2opt,notBad
2952,5,479.6099999999998,2,356.75,2opt,notBad
2953,5,470.61000000000007,2,356.75,move,improve
2954,5,470.61000000000007,2,356.75,move,improve
2955,5,470.61000000000007,2,356.75,swap,notBad
2956,5,470.61000000000007,2,356.75,move,improve
2957,5,470.61000000000007,2,356.75,swap,notBad
2958,5,470.34000000000003,2,356.75,move,improve
2959,5,470.34000000000003,2,356.75,move,improve
2960,5,470.34000000000003,2,356.75,move,improve
2961,5,470.34000000000003,2,356.75,swap,notBad
2962,5,470.34000000000003,2,356.75,move,improve
2963,5,470.34000000000003,2,356.75,swap,notBad
2964,5,470.34000000000003,2,356.75,2opt,notBad
2965,5,470.34000000000003,2,356.75,swap,notBad
2966,5,470.34000000000003,2,356.75,move,improve
2967,5,470.34000000000003,2,356.75,2opt,notBad
2968,5,470.34000000000003,2,356.75,swap,notBad
2969,5,470.34000000000003,2,356.75,swap,notBad
2970,5,470.34000000000003,2,356.75,swap,notBad
2971,5,470.34000000000003,2,356.75,2opt,notBad
2972,5,534.83,2,356.75,swap,acceptBad
2973,5,533.24,2,356.75,move,improve
2974,5,533.24,2,356.75,move,improve
2975,5,533.24,2,356.75,2opt,notBad
2976,5,533.24,2,356.75,2opt,notBad
2977,5,533.24,2,356.75,move,improve
2978,5,533.24,2,356.75,move,improve
2979,5,533.24,2,356.75,swap,notBad
2980,5,533.24,2,356.75,swap,notBad
2981,5,533.24,2,356.75,swap,notBad
2982,5,533.24,2,356.75,2opt,notBad
2983,5,533.24,2,356.75,swap,notBad
2984,5,533.24,2,356.75,swap,notBad
2985,5,533.24,2,356.75,swap,notBad
2986,5,532.8899999999999,2,356.75,move,improve
2987,5,532.8899999999999,2,356.75,swap,notBad
2988,5,532.8899999999999,2,356.75,2opt,notBad
2989,5,532.8899999999999,2,356.75,move,improve
2990,5,532.8899999999999,2,356.75,move,improve
2991,5,532.8899999999999,2,356.75,2opt,notBad
2992,5,543.2499999999998,2,356.75,swap,acceptBad
2993,5,543.2499999999998,2,356.75,2opt,notBad
2994,5,537.6399999999995,2,356.75,move,improve
2995,5,537.6399999999995,2,356.75,swap,notBad
2996,5,537.6399999999995,2,356.75,2opt,notBad
2997,5,537.6399999999995,2,356.75,2opt,notBad
2998,5,543.6099999999996,2,356.75,swap,acceptBad
2999,5,543.6099999999996,2,356.75,2opt,notBad
3000,5,543.6099999999996,2,356.75,2opt,notBad
3001,5,542.2899999999996,2,356.75,move,improve
3002,5,541.8499999999997,2,356.75,swap,improve
3003,5,541.8499999999997,2,356.75,2opt,notBad
3004,5,541.8499999999997,2,356.75,swap,notBad
3005,5,541.8499999999997,2,356.75,2opt,notBad
3006,5,541.8499999999997,2,356.75,2opt,notBad
3007,5,538.6899999999997,2,356.75,swap,improve
3008,5,538.6899999999997,2,356.75,2opt,notBad
3009,5,503.68000000000006,2,356.75,move,improve
3010,5,503.68000000000006,2,356.75,swap,notBad
3011,5,503.68000000000006,2,356.75,2opt,notBad
3012,5,503.68000000000006,2,356.75,2opt,notBad
3013,5,503.68000000000006,2,356.75,2opt,notBad
3014,5,503.68000000000006,2,356.75,2opt,notBad
3015,5,503.68000000000006,2,356.75,2opt,notBad
3016,5,496.7399999999996,2,356.75,move,improve
3017,5,496.7399999999996,2,356.75,2opt,notBad
3018,5,496.7399999999996,2,356.75,2opt,notBad
3019,5,496.7399999999996,2,356.75,2opt,notBad
3020,5,488.4200000000001,2,356.75,move,improve
3021,5,483.67999999999995,2,356.75,move,improve
3022,5,483.67999999999995,2,356.75,swap,notBad
3023,5,476.7699999999999,2,356.75,move,improve
3024,5,476.7699999999999,2,356.75,move,improve
3025,5,486.5300000000002,2,356.75,swap,acceptBad
3026,5,486.5300000000002,2,356.75,swap,notBad
3027,5,486.5300000000002,2,356.75,move,improve
3028,5,486.5300000000002,2,356.75,2opt,notBad
3029,5,486.5300000000002,2,356.75,move,improve
3030,5,486.5300000000002,2,356.75,move,improve
3031,5,499.1600000000002,2,356.75,swap,acceptBad
3032,5,499.1600000000002,2,356.75,2opt,notBad
3033,5,496.8699999999999,2,356.75,move,improve
3034,5,496.8699999999999,2,356.75,2opt,notBad
3035,5,516.1200000000001,2,356.75,swap,acceptBad
3036,5,493.1499999999994,2,356.75,move,improve
3037,5,493.1499999999994,2,356.75,move,improve
3038,5,491.6199999999991,2,356.75,move,improve
3039,5,497.5899999999993,2,356.75,2opt,acceptBad
3040,5,497.5899999999993,2,356.75,swap,notBad
3041,5,497.5899999999993,2,356.75,move,improve
3042,5,497.5899999999993,2,356.75,2opt,notBad
3043,5,497.5899999999993,2,356.75,2opt,notBad
3044,5,497.5899999999993,2,356.75,move,improve
3045,5,497.5899999999993,2,356.75,move,improve
3046,5,497.5899999999993,2,356.75,move,improve
3047,5,497.5899999999993,2,356.75,swap,notBad
3048,5,497.5899999999993,2,356.75,2opt,improve
3049,5,497.5899999999993,2,356.75,move,improve
3050,5,493.4699999999998,2,356.75,move,improve
3051,5,491.4899999999999,2,356.75,move,improve
3052,5,493.54,2,356.75,swap,acceptBad
3053,5,491.29999999999995,2,356.75,move,improve
3054,5,491.29999999999995,2,356.75,swap,notBad
3055,5,491.29999999999995,2,356.75,swap,notBad
3056,5,491.29999999999995,2,356.75,2opt,notBad
3057,5,491.27,2,356.75,move,improve
3058,5,491.27,2,356.75,move,improve
3059,5,491.27,2,356.75,2opt,notBad
3060,5,491.27,2,356.75,swap,notBad
3061,5,491.27,2,356.75,2opt,notBad
3062,5,491.27,2,356.75,swap,notBad
3063,5,491.27,2,356.75,2opt,notBad
3064,5,490.92999999999995,2,356.75,move,improve
3065,5,506.48999999999967,2,356.75,move,acceptBad
3066,5,506.48999999999967,2,356.75,2opt,notBad
3067,5,506.48999999999967,2,356.75,2opt,improve
3068,5,503.7999999999993,2,356.75,move,improve
3069,5,503.7999999999993,2,356.75,move,improve
3070,5,485.8,2,356.75,move,improve
3071,5,485.8,2,356.75,move,improve
3072,5,485.8,2,356.75,2opt,notBad
3073,5,485.8,2,356.75,2opt,notBad
3074,5,485.8,2,356.75,move,improve
3075,5,515.0100000000007,2,356.75,swap,acceptBad
3076,5,515.0100000000007,2,356.75,2opt,notBad
3077,5,515.0100000000007,2,356.75,swap,notBad
3078,5,515.0100000000007,2,356.75,move,improve
3079,5,515.0100000000007,2,356.75,2opt,notBad
3080,5,500.95000000000033,2,356.75,move,improve
3081,5,500.95000000000033,2,356.75,move,improve
3082,5,507.88000000000017,2,356.75,2opt,acceptBad
3083,5,507.88000000000017,2,356.75,swap,notBad
3084,5,507.88000000000017,2,356.75,swap,notBad
3085,5,507.88000000000017,2,356.75,move,improve
3086,5,507.88000000000017,2,356.75,swap,notBad
3087,5,507.88000000000017,2,356.75,2opt,notBad
3088,5,507.88000000000017,2,356.75,move,improve
3089,5,571.32,2,356.75,swap,acceptBad
3090,5,571.32,2,356.75,swap,notBad
3091,5,571.32,2,356.75,move,improve
3092,5,571.32,2,356.75,2opt,notBad
3093,5,571.32,2,356.75,2opt,notBad
3094,5,571.32,2,356.75,2opt,notBad
3095,5,571.32,2,356.75,swap,notBad
3096,5,571.32,2,356.75,2opt,notBad
3097,5,571.32,2,356.75,swap,notBad
3098,5,571.2400000000002,2,356.75,move,improve
3099,5,613.4099999999996,2,356.75,swap,acceptBad
3100,5,618.9099999999997,2,356.75,swap,acceptBad
3101,5,579.4099999999996,2,356.75,move,improve
3102,5,514.6099999999997,2,356.75,move,improve
3103,5,514.6099999999997,2,356.75,move,improve
3104,5,511.49000000000046,2,356.75,move,improve
3105,5,511.49000000000046,2,356.75,2opt,notBad
3106,5,509.7000000000002,2,356.75,move,improve
3107,5,509.7000000000002,2,356.75,swap,notBad
3108,5,509.7000000000002,2,356.75,swap,notBad
3109,5,509.7000000000002,2,356.75,2opt,notBad
3110,5,508.98000000000013,2,356.75,move,improve
3111,5,532.6500000000003,2,356.75,move,acceptBad
3112,5,532.6500000000003,2,356.75,swap,notBad
3113,5,532.6500000000003,2,356.75,2opt,notBad
3114,5,532.6500000000003,2,356.75,2opt,notBad
3115,5,532.6500000000003,2,356.75,move,improve
3116,5,518.2399999999996,2,356.75,move,improve
3117,5,518.2399999999996,2,356.75,2opt,notBad
3118,5,518.2399999999996,2,356.75,2opt,notBad
3119,5,518.2399999999996,2,356.75,move,improve
3120,5,518.2399999999996,2,356.75,move,improve
3121,5,518.2399999999996,2,356.75,2opt,notBad
3122,5,518.2399999999996,2,356.75,2opt,notBad
3123,5,557.0499999999997,2,356.75,swap,acceptBad
3124,5,557.0499999999997,2,356.75,swap,notBad
3125,5,557.0499999999997,2,356.75,2opt,notBad
3126,5,557.0499999999997,2,356.75,2opt,notBad
3127,5,557.0499999999997,2,356.75,swap,notBad
3128,5,566.0499999999996,2,356.75,swap,acceptBad
3129,5,601.2199999999993,2,356.75,swap,acceptBad
3130,5,601.2199999999993,2,356.75,swap,notBad
3131,5,639.7299999999994,2,356.75,swap,acceptBad
3132,5,593.06,2,356.75,move,improve
3133,5,593.06,2,356.75,swap,notBad
3134,5,544.7700000000001,2,356.75,move,improve
3135,5,544.7700000000001,2,356.75,swap,notBad
3136,5,555.29,2,356.75,swap,acceptBad
3137,5,555.29,2,356.75,move,improve
3138,5,555.29,2,356.75,swap,notBad
3139,5,537.3299999999994,2,356.75,move,improve
3140,5,537.3299999999994,2,356.75,move,improve
3141,5,525.5099999999994,2,356.75,move,improve
3142,5,552.2800000000004,2,356.75,swap,acceptBad
3143,5,528.1999999999996,2,356.75,move,improve
3144,5,528.1999999999996,2,356.75,swap,notBad
3145,5,528.1999999999996,2,356.75,2opt,notBad
3146,5,528.1999999999996,2,356.75,2opt,improve
3147,5,528.1999999999996,2,356.75,move,improve
3148,5,528.1999999999996,2,356.75,move,improve
3149,5,528.1999999999996,2,356.75,swap,notBad
3150,5,516.4999999999995,2,356.75,move,improve
3151,5,531.8299999999994,2,356.75,move,acceptBad
3152,5,531.8299999999994,2,356.75,move,improve
3153,5,531.8299999999994,2,356.75,2opt,notBad
3154,5,531.8299999999994,2,356.75,2opt,notBad
3155,5,531.8299999999994,2,356.75,2opt,notBad
3156,5,531.8299999999994,2,356.75,swap,notBad
3157,5,531.8299999999994,2,356.75,swap,notBad
3158,5,531.8299999999994,2,356.75,2opt,notBad
3159,5,531.8299999999994,2,356.75,move,improve
3160,5,531.8299999999994,2,356.75,swap,notBad
3161,5,520.2899999999996,2,356.75,move,improve
3162,5,556.5299999999993,2,356.75,swap,acceptBad
3163,5,556.5299999999993,2,356.75,swap,notBad
3164,5,556.5299999999993,2,356.75,2opt,notBad
3165,5,598.5799999999999,2,356.75,swap,acceptBad
3166,5,598.5799999999999,2,356.75,2opt,notBad
3167,5,598.5799999999999,2,356.75,2opt,notBad
3168,5,582.0799999999998,2,356.75,move,improve
3169,5,582.0799999999998,2,356.75,swap,notBad
3170,5,582.0799999999998,2,356.75,2opt,notBad
3171,5,582.0799999999998,2,356.75,move,improve
3172,5,580.9699999999993,2,356.75,move,improve
3173,5,580.9699999999993,2,356.75,swap,notBad
3174,5,580.9699999999993,2,356.75,swap,notBad
3175,5,552.59,2,356.75,2opt,improve
3176,5,552.59,2,356.75,move,improve
3177,5,552.59,2,356.75,2opt,notBad
3178,5,552.59,2,356.75,2opt,improve
3179,5,566.7800000000002,2,356.75,swap,acceptBad
3180,5,560.5700000000003,2,356.75,swap,improve
3181,5,530.3399999999998,2,356.75,move,improve
3182,5,513.7899999999997,2,356.75,move,improve
3183,5,513.7899999999997,2,356.75,move,improve
3184,5,513.7899999999997,2,356.75,swap,notBad
3185,5,513.7899999999997,2,356.75,swap,notBad
3186,5,513.1699999999995,2,356.75,move,improve
3187,5,513.1699999999995,2,356.75,move,improve
3188,5,513.1699999999995,2,356.75,move,improve
3189,5,513.1699999999995,2,356.75,2opt,notBad
3190,5,571.8699999999997,2,356.75,swap,acceptBad
3191,5,571.8699999999997,2,356.75,move,improve
3192,5,571.8699999999997,2,356.75,2opt,notBad
3193,5,580.1700000000002,2,356.75,swap,acceptBad
3194,5,580.1700000000002,2,356.75,2opt,notBad
3195,5,548.5000000000001,2,356.75,swap,improve
3196,5,548.5000000000001,2,356.75,move,improve
3197,5,548.5000000000001,2,356.75,2opt,notBad
3198,5,548.5000000000001,2,356.75,2opt,improve
3199,5,531.47,2,356.75,move,improve
3200,5,531.47,2,356.75,move,improve
3201,5,531.47,2,356.75,2opt,notBad
3202,5,531.47,2,356.75,2opt,notBad
3203,5,524.2900000000004,2,356.75,move,improve
3204,5,521.5300000000003,2,356.75,move,improve
3205,5,521.5300000000003,2,356.75,2opt,notBad
3206,5,521.5300000000003,2,356.75,move,improve
3207,5,521.5300000000003,2,356.75,swap,notBad
3208,5,521.5300000000003,2,356.75,swap,notBad
3209,5,520.6100000000004,2,356.75,move,improve
3210,5,520.6100000000004,2,356.75,2opt,notBad
3211,5,520.6100000000004,2,356.75,move,improve
3212,5,520.6100000000004,2,356.75,2opt,notBad
3213,5,520.6100000000004,2,356.75,move,improve
3214,5,520.6100000000004,2,356.75,move,improve
3215,5,520.6100000000004,2,356.75,swap,notBad
3216,5,520.6100000000004,2,356.75,move,improve
3217,5,520.6100000000004,2,356.75,swap,notBad
3218,5,549.9000000000001,2,356.75,swap,acceptBad
3219,5,549.0,2,356.75,move,improve
3220,5,549.0,2,356.75,move,improve
3221,5,549.0,2,356.75,swap,notBad
3222,5,527.1100000000002,2,356.75,swap,improve
3223,5,527.1100000000002,2,356.75,2opt,notBad
3224,5,527.1100000000002,2,356.75,2opt,notBad
3225,5,530.0099999999994,2,356.75,swap,acceptBad
3226,5,524.1699999999995,2,356.75,move,improve
3227,5,524.1699999999995,2,356.75,move,improve
3228,5,524.1699999999995,2,356.75,swap,notBad
3229,5,568.2100000000002,2,356.75,swap,acceptBad
3230,5,557.0499999999997,2,356.75,move,improve
3231,5,557.0499999999997,2,356.75,swap,notBad
3232,5,583.35,2,356.75,swap,acceptBad
3233,5,583.35,2,356.75,swap,notBad
3234,5,582.0600000000004,2,356.75,move,improve
3235,5,581.0700000000002,2,356.75,move,improve
3236,5,581.0700000000002,2,356.75,2opt,notBad
3237,5,571.2499999999998,2,356.75,move,improve
3238,5,536.9199999999996,2,356.75,move,improve
3239,5,536.9199999999996,2,356.75,2opt,notBad
3240,5,536.9199999999996,2,356.75,2opt,notBad
3241,5,536.9199999999996,2,356.75,2opt,notBad
3242,5,532.4999999999995,2,356.75,move,improve
3243,5,532.4999999999995,2,356.75,swap,notBad
3244,5,569.9199999999995,2,356.75,swap,acceptBad
3245,5,605.9699999999993,2,356.75,swap,acceptBad
3246,5,605.9699999999993,2,356.75,move,improve
3247,5,605.9699999999993,2,356.75,move,improve
3248,5,605.9699999999993,2,356.75,swap,notBad
3249,5,621.2099999999994,2,356.75,swap,acceptBad
3250,5,621.2099999999994,2,356.75,2opt,notBad
3251,5,621.2099999999994,2,356.75,2opt,notBad
3252,5,621.2099999999994,2,356.75,2opt,notBad
3253,5,621.2099999999994,2,356.75,swap,notBad
3254,5,609.8399999999993,2,356.75,2opt,improve
3255,5,593.0999999999992,2,356.75,move,improve
3256,5,593.0999999999992,2,356.75,2opt,notBad
3257,5,593.0999999999992,2,356.75,2opt,notBad
3258,5,592.3599999999991,2,356.75,move,improve
3259,5,553.7700000000002,2,356.75,move,improve
3260,5,515.0100000000002,2,356.75,swap,improve
3261,5,515.0100000000002,2,356.75,2opt,notBad
3262,5,515.0100000000002,2,356.75,move,improve
3263,5,515.0100000000002,2,356.75,swap,notBad
3264,5,515.0100000000002,2,356.75,swap,notBad
3265,5,515.0100000000002,2,356.75,swap,notBad
3266,5,515.0100000000002,2,356.75,move,improve
3267,5,515.0100000000002,2,356.75,2opt,notBad
3268,5,515.0100000000002,2,356.75,2opt,notBad
3269,5,515.0100000000002,2,356.75,move,improve
3270,5,515.0100000000002,2,356.75,move,improve
3271,5,515.0100000000002,2,356.75,move,improve
3272,5,515.0100000000002,2,356.75,swap,notBad
3273,5,501.4200000000002,2,356.75,move,improve
3274,5,501.4200000000002,2,356.75,2opt,notBad
3275,5,493.83000000000015,2,356.75,2opt,improve
3276,5,493.83000000000015,2,356.75,2opt,notBad
3277,5,487.15,2,356.75,swap,improve
3278,5,487.15,2,356.75,swap,notBad
3279,5,487.04000000000013,2,356.75,move,improve
3280,5,487.04000000000013,2,356.75,swap,notBad
3281,5,487.04000000000013,2,356.75,swap,notBad
3282,5,487.04000000000013,2,356.75,2opt,notBad
3283,5,487.04000000000013,2,356.75,2opt,notBad
3284,5,487.04000000000013,2,356.75,move,improve
3285,5,487.04000000000013,2,356.75,2opt,notBad
3286,5,487.04000000000013,2,356.75,swap,notBad
3287,5,487.04000000000013,2,356.75,2opt,improve
3288,5,487.04000000000013,2,356.75,move,improve
3289,5,498.44,2,356.75,2opt,acceptBad
3290,5,497.99,2,356.75,move,improve
3291,5,494.5399999999999,2,356.75,move,improve
3292,5,494.5399999999999,2,356.75,2opt,notBad
3293,5,494.5399999999999,2,356.75,swap,notBad
3294,5,494.5399999999999,2,356.75,2opt,notBad
3295,5,494.5399999999999,2,356.75,2opt,improve
3296,5,494.5399999999999,2,356.75,move,improve
3297,5,494.5399999999999,2,356.75,2opt,notBad
3298,5,494.5399999999999,2,356.75,swap,notBad
3299,5,492.55000000000024,2,356.75,move,improve
3300,5,490.38000000000034,2,356.75,swap,improve
3301,5,490.38000000000034,2,356.75,move,improve
3302,5,527.1999999999998,2,356.75,swap,acceptBad
3303,5,567.0199999999999,2,356.75,swap,acceptBad
3304,5,567.0199999999999,2,356.75,move,improve
3305,5,567.0199999999999,2,356.75,2opt,notBad
3306,5,536.2799999999993,2,356.75,move,improve
3307,5,524.4499999999996,2,356.75,move,improve
3308,5,524.4499999999996,2,356.75,swap,notBad
3309,5,521.4499999999998,2,356.75,2opt,improve
3310,5,521.4499999999998,2,356.75,move,improve
3311,5,521.4499999999998,2,356.75,swap,notBad
3312,5,520.6500000000003,2,356.75,move,improve
3313,5,520.6500000000003,2,356.75,2opt,notBad
3314,5,518.51,2,356.75,move,improve
3315,5,518.51,2,356.75,move,improve
3316,5,518.51,2,356.75,2opt,notBad
3317,5,518.51,2,356.75,move,improve
3318,5,518.51,2,356.75,move,improve
3319,5,518.51,2,356.75,move,improve
3320,5,518.51,2,356.75,move,improve
3321,5,518.51,2,356.75,move,improve
3322,5,517.9100000000001,2,356.75,move,improve
3323,5,517.9100000000001,2,356.75,2opt,notBad
3324,5,539.6199999999998,2,356.75,swap,acceptBad
3325,5,536.9199999999998,2,356.75,move,improve
3326,5,546.8899999999996,2,356.75,swap,acceptBad
3327,5,544.3399999999995,2,356.75,move,improve
3328,5,544.3399999999995,2,356.75,2opt,notBad
3329,5,526.4999999999994,2,356.75,move,improve
3330,5,531.8399999999996,2,356.75,2opt,acceptBad
3331,5,531.8399999999996,2,356.75,swap,notBad
3332,5,531.8399999999996,2,356.75,move,improve
3333,5,531.1600000000007,2,356.75,swap,improve
3334,5,531.1600000000007,2,356.75,swap,notBad
3335,5,531.1600000000007,2,356.75,move,improve
3336,5,523.0800000000002,2,356.75,move,improve
3337,5,523.0800000000002,2,356.75,2opt,improve
3338,5,532.8600000000001,2,356.75,swap,acceptBad
3339,5,532.8600000000001,2,356.75,swap,notBad
3340,5,508.15999999999985,2,356.75,move,improve
3341,5,551.7,2,356.75,swap,acceptBad
3342,5,551.7,2,356.75,swap,notBad
3343,5,551.7,2,356.75,move,improve
3344,5,551.7,2,356.75,swap,notBad
3345,5,551.7,2,356.75,2opt,notBad
3346,5,549.87,2,356.75,move,improve
3347,5,557.5000000000001,2,356.75,swap,acceptBad
3348,5,557.5000000000001,2,356.75,2opt,notBad
3349,5,557.5000000000001,2,356.75,move,improve
3350,5,557.5000000000001,2,356.75,move,improve
3351,5,557.3200000000002,2,356.75,swap,improve
3352,5,575.2099999999999,2,356.75,swap,acceptBad
3353,5,575.2099999999999,2,356.75,2opt,notBad
3354,5,575.2099999999999,2,356.75,move,improve
3355,5,575.2099999999999,2,356.75,swap,notBad
3356,5,575.2099999999999,2,356.75,swap,notBad
3357,5,551.6700000000001,2,356.75,swap,improve
3358,5,551.6700000000001,2,356.75,swap,notBad
3359,5,558.6600000000002,2,356.75,2opt,acceptBad
3360,5,558.6600000000002,2,356.75,swap,notBad
3361,5,558.6600000000002,2,356.75,2opt,notBad
3362,5,558.6600000000002,2,356.75,swap,notBad
3363,5,558.6600000000002,2,356.75,move,improve
3364,5,558.6600000000002,2,356.75,2opt,notBad
3365,5,558.6600000000002,2,356.75,swap,notBad
3366,5,558.6600000000002,2,356.75,move,improve
3367,5,558.6600000000002,2,356.75,swap,notBad
3368,5,558.6600000000002,2,356.75,move,improve
3369,5,558.6600000000002,2,356.75,move,improve
3370,5,558.6600000000002,2,356.75,2opt,notBad
3371,5,558.6600000000002,2,356.75,2opt,notBad
3372,5,558.6600000000002,2,356.75,move,improve
3373,5,556.1800000000003,2,356.75,move,improve
3374,5,554.6600000000001,2,356.75,move,improve
3375,5,554.6600000000001,2,356.75,swap,notBad
3376,5,554.6600000000001,2,356.75,move,improve
3377,5,554.6600000000001,2,356.75,swap,notBad
3378,5,554.6600000000001,2,356.75,swap,notBad
3379,5,554.6600000000001,2,356.75,move,improve
3380,5,554.9700000000005,2,356.75,swap,acceptBad
3381,5,554.9700000000005,2,356.75,2opt,notBad
3382,5,554.9700000000005,2,356.75,move,improve
3383,5,554.9700000000005,2,356.75,swap,notBad
3384,5,554.9700000000005,2,356.75,swap,notBad
3385,5,554.9700000000005,2,356.75,move,improve
3386,5,554.9700000000005,2,356.75,2opt,notBad
3387,5,578.0500000000003,2,356.75,swap,acceptBad
3388,5,578.0500000000003,2,356.75,swap,notBad
3389,5,578.0500000000003,2,356.75,move,improve
3390,5,578.0500000000003,2,356.75,2opt,notBad
3391,5,566.1600000000002,2,356.75,move,improve
3392,5,566.1600000000002,2,356.75,move,improve
3393,5,566.1600000000002,2,356.75,move,improve
3394,5,566.1600000000002,2,356.75,move,improve
3395,5,566.1600000000002,2,356.75,2opt,notBad
3396,5,566.1600000000002,2,356.75,swap,notBad
3397,5,566.1600000000002,2,356.75,move,improve
3398,5,566.1600000000002,2,356.75,swap,notBad
3399,5,538.8000000000004,2,356.75,move,improve
3400,5,538.8000000000004,2,356.75,swap,notBad
3401,5,538.8000000000004,2,356.75,2opt,notBad
3402,5,528.3600000000005,2,356.75,move,improve
3403,5,528.3600000000005,2,356.75,2opt,notBad
3404,5,518.9699999999991,2,356.75,move,improve
3405,5,518.9699999999991,2,356.75,2opt,notBad
3406,5,520.5199999999995,2,356.75,swap,acceptBad
3407,5,520.5199999999995,2,356.75,2opt,notBad
3408,5,520.5199999999995,2,356.75,move,improve
3409,5,520.5199999999995,2,356.75,swap,notBad
3410,5,500.4399999999997,2,356.75,swap,improve
3411,5,500.4399999999997,2,356.75,swap,notBad
3412,5,500.4399999999997,2,356.75,2opt,notBad
3413,5,500.4399999999997,2,356.75,2opt,notBad
3414,5,516.45,2,356.75,swap,acceptBad
3415,5,516.45,2,356.75,move,improve
3416,5,516.2299999999999,2,356.75,move,improve
3417,5,516.2299999999999,2,356.75,swap,notBad
3418,5,516.2299999999999,2,356.75,move,improve
3419,5,516.2299999999999,2,356.75,move,improve
3420,5,516.2299999999999,2,356.75,swap,notBad
3421,5,516.2299999999999,2,356.75,2opt,notBad
3422,5,516.2299999999999,2,356.75,move,improve
3423,5,516.2299999999999,2,356.75,2opt,notBad
3424,5,516.2299999999999,2,356.75,swap,notBad
3425,5,516.1199999999998,2,356.75,move,improve
3426,5,516.1199999999998,2,356.75,swap,notBad
3427,5,519.8399999999999,2,356.75,2opt,acceptBad
3428,5,519.8399999999999,2,356.75,2opt,notBad
3429,5,523.6399999999999,2,356.75,swap,acceptBad
3430,5,523.6399999999999,2,356.75,move,improve
3431,5,523.6399999999999,2,356.75,2opt,notBad
3432,5,523.6399999999999,2,356.75,move,improve
3433,5,523.6399999999999,2,356.75,2opt,notBad
3434,5,523.6399999999999,2,356.75,2opt,notBad
3435,5,523.6399999999999,2,356.75,swap,notBad
3436,5,523.6399999999999,2,356.75,move,improve
3437,5,523.6399999999999,2,356.75,swap,notBad
3438,5,523.6399999999999,2,356.75,move,improve
3439,5,523.6399999999999,2,356.75,2opt,notBad
3440,5,523.6399999999999,2,356.75,2opt,notBad
3441,5,523.6399999999999,2,356.75,move,improve
3442,5,523.6399999999999,2,356.75,move,improve
3443,5,523.6399999999999,2,356.75,2opt,notBad
3444,5,523.6399999999999,2,356.75,move,improve
3445,5,523.6399999999999,2,356.75,2opt,notBad
3446,5,523.6399999999999,2,356.75,move,improve
3447,5,523.6399999999999,2,356.75,swap,notBad
3448,5,523.6399999999999,2,356.75,2opt,notBad
3449,5,523.6399999999999,2,356.75,move,improve
3450,5,523.6399999999999,2,356.75,swap,notBad
3451,5,523.6399999999999,2,356.75,2opt,improve
3452,5,523.6399999999999,2,356.75,2opt,notBad
3453,5,523.6399999999999,2,356.75,swap,notBad
3454,5,523.6399999999999,2,356.75,move,improve
3455,5,522.05,2,356.75,move,improve
3456,5,522.05,2,356.75,swap,notBad
3457,5,522.05,2,356.75,move,improve
3458,5,522.05,2,356.75,swap,notBad
3459,5,522.05,2,356.75,move,improve
3460,5,522.05,2,356.75,move,improve
3461,5,522.05,2,356.75,swap,notBad
3462,5,522.05,2,356.75,2opt,notBad
3463,5,522.05,2,356.75,move,improve
3464,5,522.05,2,356.75,move,improve
3465,5,522.05,2,356.75,2opt,notBad
3466,5,522.05,2,356.75,2opt,notBad
3467,5,522.05,2,356.75,2opt,notBad
3468,5,522.05,2,356.75,swap,notBad
3469,5,522.05,2,356.75,swap,notBad
3470,5,517.5499999999997,2,356.75,move,improve
3471,5,517.5499999999997,2,356.75,swap,notBad
3472,5,517.5499999999997,2,356.75,2opt,notBad
3473,5,517.5499999999997,2,356.75,move,improve
3474,5,517.5499999999997,2,356.75,2opt,notBad
3475,5,517.5499999999997,2,356.75,2opt,notBad
3476,5,536.6999999999998,2,356.75,swap,acceptBad
3477,5,536.6999999999998,2,356.75,2opt,notBad
3478,5,536.6999999999998,2,356.75,2opt,notBad
3479,5,536.6999999999998,2,356.75,move,improve
3480,5,531.7399999999998,2,356.75,swap,improve
3481,5,531.7399999999998,2,356.75,2opt,improve
3482,5,519.7599999999999,2,356.75,move,improve
3483,5,519.7599999999999,2,356.75,move,improve
3484,5,519.7599999999999,2,356.75,swap,notBad
3485,5,519.6999999999999,2,356.75,move,improve
3486,5,524.82,2,356.75,move,acceptBad
3487,5,524.82,2,356.75,move,improve
3488,5,536.7600000000002,2,356.75,swap,acceptBad
3489,5,536.7600000000002,2,356.75,move,improve
3490,5,536.7600000000002,2,356.75,move,improve
3491,5,536.7600000000002,2,356.75,swap,notBad
3492,5,536.7600000000002,2,356.75,2opt,notBad
3493,5,536.7600000000002,2,356.75,move,improve
3494,5,536.7600000000002,2,356.75,move,improve
3495,5,536.7600000000002,2,356.75,2opt,notBad
3496,5,536.7600000000002,2,356.75,swap,notBad
3497,5,536.7600000000002,2,356.75,move,improve
3498,5,536.7600000000002,2,356.75,swap,notBad
3499,5,536.5200000000002,2,356.75,move,improve
3500,5,536.5200000000002,2,356.75,2opt,notBad
3501,5,536.5200000000002,2,356.75,swap,notBad
3502,5,530.1099999999997,2,356.75,move,improve
3503,5,526.13,2,356.75,move,improve
3504,5,526.13,2,356.75,swap,notBad
3505,5,526.13,2,356.75,2opt,improve
3506,5,526.13,2,356.75,move,improve
3507,5,521.96,2,356.75,move,improve
3508,5,521.96,2,356.75,2opt,notBad
3509,5,521.96,2,356.75,move,improve
3510,5,521.96,2,356.75,swap,notBad
3511,5,521.96,2,356.75,swap,notBad
3512,5,527.1800000000001,2,356.75,swap,acceptBad
3513,5,527.1800000000001,2,356.75,swap,notBad
3514,5,527.1800000000001,2,356.75,2opt,notBad
3515,5,527.1800000000001,2,356.75,move,improve
3516,5,527.1800000000001,2,356.75,move,improve
3517,5,527.1800000000001,2,356.75,swap,notBad
3518,5,527.1800000000001,2,356.75,move,improve
3519,5,527.1800000000001,2,356.75,2opt,notBad
3520,5,549.7499999999995,2,356.75,swap,acceptBad
3521,5,522.35,2,356.75,move,improve
3522,5,522.35,2,356.75,swap,notBad
3523,5,522.35,2,356.75,swap,notBad
3524,5,522.35,2,356.75,swap,notBad
3525,5,522.35,2,356.75,swap,notBad
3526,5,522.35,2,356.75,swap,notBad
3527,5,522.35,2,356.75,2opt,notBad
3528,5,522.35,2,356.75,2opt,notBad
3529,5,522.35,2,356.75,swap,notBad
3530,5,522.35,2,356.75,move,improve
3531,5,522.35,2,356.75,2opt,notBad
3532,5,515.9300000000001,2,356.75,move,improve
3533,5,515.9300000000001,2,356.75,move,improve
3534,5,512.09,2,356.75,move,improve
3535,5,512.09,2,356.75,move,improve
3536,5,512.09,2,356.75,2opt,notBad
3537,5,512.09,2,356.75,swap,notBad
3538,5,512.09,2,356.75,2opt,notBad
3539,5,511.22,2,356.75,move,improve
3540,5,511.22,2,356.75,swap,notBad
3541,5,511.22,2,356.75,swap,notBad
3542,5,511.22,2,356.75,2opt,notBad
3543,5,479.0000000000001,2,356.75,move,improve
3544,5,479.0000000000001,2,356.75,move,improve
3545,5,479.0000000000001,2,356.75,2opt,notBad
3546,5,479.0000000000001,2,356.75,swap,notBad
3547,5,479.0000000000001,2,356.75,move,improve
3548,5,479.0000000000001,2,356.75,swap,notBad
3549,5,479.0000000000001,2,356.75,move,improve
3550,5,479.0000000000001,2,356.75,swap,notBad
3551,5,479.0000000000001,2,356.75,move,improve
3552,5,479.0000000000001,2,356.75,move,improve
3553,5,479.0000000000001,2,356.75,2opt,notBad
3554,5,479.0000000000001,2,356.75,2opt,notBad
3555,5,479.0000000000001,2,356.75,move,improve
3556,5,479.0000000000001,2,356.75,2opt,notBad
3557,5,479.0000000000001,2,356.75,move,improve
3558,5,479.0000000000001,2,356.75,move,improve
3559,5,479.0000000000001,2,356.75,2opt,notBad
3560,5,479.0000000000001,2,356.75,move,improve
3561,5,479.0000000000001,2,356.75,swap,notBad
3562,5,479.0000000000001,2,356.75,2opt,notBad
3563,5,479.0000000000001,2,356.75,move,improve
3564,5,479.0000000000001,2,356.75,2opt,notBad
3565,5,479.0000000000001,2,356.75,move,improve
3566,5,479.0000000000001,2,356.75,move,improve
3567,5,479.0000000000001,2,356.75,swap,notBad
3568,5,479.0000000000001,2,356.75,2opt,notBad
3569,5,479.0000000000001,2,356.75,2opt,notBad
3570,5,479.0000000000001,2,356.75,move,improve
3571,5,479.0000000000001,2,356.75,swap,notBad
3572,5,479.0000000000001,2,356.75,2opt,notBad
3573,5,479.0000000000001,2,356.75,move,improve
3574,5,479.0000000000001,2,356.75,move,improve
3575,5,479.0000000000001,2,356.75,swap,notBad
3576,5,479.0000000000001,2,356.75,2opt,notBad
3577,5,479.0000000000001,2,356.75,2opt,notBad
3578,5,479.0000000000001,2,356.75,swap,notBad
3579,5,479.0000000000001,2,356.75,2opt,improve
3580,5,479.0000000000001,2,356.75,move,improve
3581,5,479.0000000000001,2,356.75,move,improve
3582,5,486.7899999999998,2,356.75,swap,acceptBad
3583,5,486.7899999999998,2,356.75,swap,notBad
3584,5,486.7899999999998,2,356.75,2opt,notBad
3585,5,486.7899999999998,2,356.75,2opt,notBad
3586,5,486.7899999999998,2,356.75,swap,notBad
3587,5,486.7899999999998,2,356.75,move,improve
3588,5,515.7399999999999,2,356.75,swap,acceptBad
3589,5,515.7399999999999,2,356.75,2opt,notBad
3590,5,515.7399999999999,2,356.75,2opt,notBad
3591,5,487.32999999999987,2,356.75,move,improve
3592,5,487.32999999999987,2,356.75,2opt,notBad
3593,5,487.32999999999987,2,356.75,move,improve
3594,5,487.32999999999987,2,356.75,2opt,notBad
3595,5,487.32999999999987,2,356.75,2opt,notBad
3596,5,487.32999999999987,2,356.75,move,improve
3597,5,494.22999999999934,2,356.75,swap,acceptBad
3598,5,494.22999999999934,2,356.75,move,improve
3599,5,494.22999999999934,2,356.75,swap,notBad
3600,5,519.8899999999994,2,356.75,swap,acceptBad
3601,5,519.8899999999994,2,356.75,move,improve
3602,5,519.8899999999994,2,356.75,swap,notBad
3603,5,475.62999999999994,2,356.75,move,improve
3604,5,475.62999999999994,2,356.75,swap,notBad
3605,5,475.62999999999994,2,356.75,move,improve
3606,5,475.62999999999994,2,356.75,move,improve
3607,5,475.62999999999994,2,356.75,swap,notBad
3608,5,475.62999999999994,2,356.75,move,improve
3609,5,475.62999999999994,2,356.75,2opt,notBad
3610,5,482.23,2,356.75,swap,acceptBad
3611,5,482.23,2,356.75,move,improve
3612,5,482.23,2,356.75,2opt,notBad
3613,5,482.23,2,356.75,swap,notBad
3614,5,482.23,2,356.75,swap,notBad
3615,5,482.23,2,356.75,move,improve
3616,5,496.3799999999999,2,356.75,swap,acceptBad
3617,5,498.6299999999996,2,356.75,swap,acceptBad
3618,5,498.6299999999996,2,356.75,2opt,notBad
3619,5,498.6299999999996,2,356.75,move,improve
3620,5,498.6299999999996,2,356.75,move,improve
3621,5,498.6299999999996,2,356.75,swap,notBad
3622,5,502.85999999999996,2,356.75,2opt,acceptBad
3623,5,502.85999999999996,2,356.75,swap,notBad
3624,5,502.85999999999996,2,356.75,2opt,notBad
3625,5,502.85999999999996,2,356.75,move,improve
3626,5,502.85999999999996,2,356.75,move,improve
3627,5,502.85999999999996,2,356.75,2opt,notBad
3628,5,502.85999999999996,2,356.75,2opt,notBad
3629,5,502.85999999999996,2,356.75,move,improve
3630,5,502.85999999999996,2,356.75,2opt,notBad
3631,5,509.0999999999999,2,356.75,swap,acceptBad
3632,5,503.0799999999997,2,356.75,move,improve
3633,5,503.0799999999997,2,356.75,move,improve
3634,5,503.0799999999997,2,356.75,2opt,notBad
3635,5,503.0799999999997,2,356.75,2opt,notBad
3636,5,503.0799999999997,2,356.75,swap,notBad
3637,5,503.0799999999997,2,356.75,swap,notBad
3638,5,503.0799999999997,2,356.75,2opt,notBad
3639,5,503.0799999999997,2,356.75,2opt,notBad
3640,5,503.0799999999997,2,356.75,swap,notBad
3641,5,503.0799999999997,2,356.75,swap,notBad
3642,5,503.0799999999997,2,356.75,2opt,notBad
3643,5,503.0799999999997,2,356.75,2opt,notBad
3644,5,499.3899999999998,2,356.75,move,improve
3645,5,499.3899999999998,2,356.75,move,improve
3646,5,499.3899999999998,2,356.75,2opt,notBad
3647,5,499.3899999999998,2,356.75,2opt,notBad
3648,5,518.2999999999996,2,356.75,swap,acceptBad
3649,5,518.2999999999996,2,356.75,2opt,notBad
3650,5,518.2999999999996,2,356.75,swap,notBad
3651,5,518.2999999999996,2,356.75,2opt,notBad
3652,5,518.2999999999996,2,356.75,swap,notBad
3653,5,518.2999999999996,2,356.75,2opt,improve
3654,5,508.11999999999983,2,356.75,move,improve
3655,5,508.11999999999983,2,356.75,swap,notBad
3656,5,508.11999999999983,2,356.75,move,improve
3657,5,508.11999999999983,2,356.75,move,improve
3658,5,508.11999999999983,2,356.75,swap,notBad
3659,5,508.11999999999983,2,356.75,swap,notBad
3660,5,508.11999999999983,2,356.75,2opt,notBad
3661,5,508.11999999999983,2,356.75,2opt,notBad
3662,5,508.11999999999983,2,356.75,2opt,notBad
3663,5,508.11999999999983,2,356.75,2opt,notBad
3664,5,508.11999999999983,2,356.75,swap,notBad
3665,5,508.11999999999983,2,356.75,move,improve
3666,5,508.11999999999983,2,356.75,move,improve
3667,5,508.11999999999983,2,356.75,swap,notBad
3668,5,500.15999999999946,2,356.75,move,improve
3669,5,500.15999999999946,2,356.75,swap,notBad
3670,5,500.15999999999946,2,356.75,move,improve
3671,5,500.15999999999946,2,356.75,move,improve
3672,5,500.15999999999946,2,356.75,2opt,notBad
3673,5,500.15999999999946,2,356.75,2opt,notBad
3674,5,500.15999999999946,2,356.75,swap,notBad
3675,5,493.49999999999966,2,356.75,move,improve
3676,5,532.0099999999996,2,356.75,swap,acceptBad
3677,5,532.0099999999996,2,356.75,2opt,notBad
3678,5,532.0099999999996,2,356.75,2opt,notBad
3679,5,532.0099999999996,2,356.75,2opt,notBad
3680,5,508.35999999999973,2,356.75,move,improve
3681,5,508.35999999999973,2,356.75,swap,notBad
3682,5,508.35999999999973,2,356.75,2opt,notBad
3683,5,508.35999999999973,2,356.75,swap,notBad
3684,5,508.35999999999973,2,356.75,move,improve
3685,5,508.35999999999973,2,356.75,move,improve
3686,5,508.35999999999973,2,356.75,2opt,notBad
3687,5,508.35999999999973,2,356.75,move,improve
3688,5,510.1599999999999,2,356.75,2opt,acceptBad
3689,5,510.1599999999999,2,356.75,2opt,notBad
3690,5,510.1599999999999,2,356.75,2opt,improve
3691,5,510.1599999999999,2,356.75,swap,notBad
3692,5,510.1599999999999,2,356.75,swap,notBad
3693,5,510.1599999999999,2,356.75,swap,notBad
3694,5,541.3699999999999,2,356.75,swap,acceptBad
3695,5,541.3699999999999,2,356.75,2opt,notBad
3696,5,543.4699999999999,2,356.75,2opt,acceptBad
3697,5,543.4699999999999,2,356.75,swap,notBad
3698,5,543.4699999999999,2,356.75,2opt,notBad
3699,5,543.4699999999999,2,356.75,2opt,notBad
3700,5,543.4699999999999,2,356.75,move,improve
3701,5,543.4699999999999,2,356.75,2opt,improve
3702,5,543.4699999999999,2,356.75,move,improve
3703,5,543.4699999999999,2,356.75,move,improve
3704,5,543.4699999999999,2,356.75,move,improve
3705,5,543.4699999999999,2,356.75,move,improve
3706,5,543.4699999999999,2,356.75,2opt,notBad
3707,5,543.4699999999999,2,356.75,swap,notBad
3708,5,539.5899999999999,2,356.75,2opt,improve
3709,5,539.5899999999999,2,356.75,swap,notBad
3710,5,560.2499999999999,2,356.75,swap,acceptBad
3711,5,560.2499999999999,2,356.75,move,notBad
3712,5,558.2700000000001,2,356.75,move,improve
3713,5,497.53000000000003,2,356.75,move,improve
3714,5,497.53000000000003,2,356.75,2opt,notBad
3715,5,492.19000000000005,2,356.75,move,improve
3716,5,492.19000000000005,2,356.75,swap,notBad
3717,5,492.19000000000005,2,356.75,move,improve
3718,5,492.19000000000005,2,356.75,2opt,notBad
3719,5,492.19000000000005,2,356.75,move,improve
3720,5,492.19000000000005,2,356.75,move,improve
3721,5,492.19000000000005,2,356.75,move,improve
3722,5,492.19000000000005,2,356.75,move,improve
3723,5,492.19000000000005,2,356.75,swap,notBad
3724,5,492.19000000000005,2,356.75,move,improve
3725,5,492.19000000000005,2,356.75,swap,notBad
3726,5,492.19000000000005,2,356.75,2opt,notBad
3727,5,492.19000000000005,2,356.75,2opt,notBad
3728,5,492.19000000000005,2,356.75,move,improve
3729,5,492.19000000000005,2,356.75,move,improve
3730,5,492.19000000000005,2,356.75,swap,notBad
3731,5,492.19000000000005,2,356.75,swap,notBad
3732,5,492.19000000000005,2,356.75,swap,notBad
3733,5,492.19000000000005,2,356.75,swap,notBad
3734,5,492.19000000000005,2,356.75,2opt,notBad
3735,5,492.19000000000005,2,356.75,2opt,notBad
3736,5,492.56999999999994,2,356.75,swap,acceptBad
3737,5,492.56999999999994,2,356.75,2opt,notBad
3738,5,484.1099999999999,2,356.75,move,improve
3739,5,484.1099999999999,2,356.75,2opt,notBad
3740,5,484.1099999999999,2,356.75,swap,notBad
3741,5,484.1099999999999,2,356.75,2opt,notBad
3742,5,484.1099999999999,2,356.75,move,improve
3743,5,484.1099999999999,2,356.75,2opt,notBad
3744,5,483.2400000000002,2,356.75,move,improve
3745,5,483.2400000000002,2,356.75,move,improve
3746,5,483.2400000000002,2,356.75,move,improve
3747,5,483.2400000000002,2,356.75,2opt,notBad
3748,5,478.59000000000015,2,356.75,move,improve
3749,5,478.59000000000015,2,356.75,2opt,notBad
3750,5,478.59000000000015,2,356.75,swap,notBad
3751,5,478.59000000000015,2,356.75,move,improve
3752,5,478.59000000000015,2,356.75,move,improve
3753,5,478.59000000000015,2,356.75,swap,notBad
3754,5,478.32,2,356.75,move,improve
3755,5,480.2399999999998,2,356.75,2opt,acceptBad
3756,5,480.2399999999998,2,356.75,move,improve
3757,5,480.2399999999998,2,356.75,2opt,notBad
3758,5,480.2399999999998,2,356.75,swap,notBad
3759,5,480.2399999999998,2,356.75,move,improve
3760,5,480.2399999999998,2,356.75,swap,notBad
3761,5,480.2399999999998,2,356.75,move,improve
3762,5,472.70999999999975,2,356.75,move,improve
3763,5,472.70999999999975,2,356.75,swap,notBad
3764,5,472.70999999999975,2,356.75,2opt,notBad
3765,5,472.70999999999975,2,356.75,swap,notBad
3766,5,472.70999999999975,2,356.75,swap,notBad
3767,5,472.70999999999975,2,356.75,2opt,improve
3768,5,472.70999999999975,2,356.75,2opt,notBad
3769,5,472.70999999999975,2,356.75,swap,notBad
3770,5,472.70999999999975,2,356.75,move,improve
3771,5,472.70999999999975,2,356.75,move,improve
3772,5,473.33999999999986,2,356.75,swap,acceptBad
3773,5,473.33999999999986,2,356.75,move,improve
3774,5,475.21000000000004,2,356.75,swap,acceptBad
3775,5,475.21000000000004,2,356.75,2opt,notBad
3776,5,474.8499999999998,2,356.75,move,improve
3777,5,474.8499999999998,2,356.75,move,improve
3778,5,474.8499999999998,2,356.75,2opt,improve
3779,5,474.8499999999998,2,356.75,swap,notBad
3780,5,474.8499999999998,2,356.75,2opt,notBad
3781,5,474.8499999999998,2,356.75,move,improve
3782,5,474.8499999999998,2,356.75,move,improve
3783,5,474.8499999999998,2,356.75,move,improve
3784,5,474.8499999999998,2,356.75,swap,notBad
3785,5,474.8499999999998,2,356.75,swap,notBad
3786,5,474.8499999999998,2,356.75,move,improve
3787,5,474.8499999999998,2,356.75,2opt,improve
3788,5,474.8499999999998,2,356.75,move,improve
3789,5,474.8499999999998,2,356.75,2opt,notBad
3790,5,474.8499999999998,2,356.75,swap,notBad
3791,5,474.8499999999998,2,356.75,move,improve
3792,5,474.8499999999998,2,356.75,move,improve
3793,5,474.8499999999998,2,356.75,swap,notBad
3794,5,474.8499999999998,2,356.75,2opt,improve
3795,5,474.8499999999998,2,356.75,2opt,notBad
3796,5,473.6799999999998,2,356.75,move,improve
3797,5,473.6799999999998,2,356.75,swap,notBad
3798,5,473.6799999999998,2,356.75,swap,notBad
3799,5,473.6799999999998,2,356.75,swap,notBad
3800,5,473.6799999999998,2,356.75,2opt,notBad
3801,5,473.6799999999998,2,356.75,swap,notBad
3802,5,473.6799999999998,2,356.75,move,improve
3803,5,473.6799999999998,2,356.75,swap,notBad
3804,5,473.6799999999998,2,356.75,2opt,notBad
3805,5,472.08,2,356.75,swap,improve
3806,5,472.08,2,356.75,2opt,notBad
3807,5,472.05,2,356.75,move,improve
3808,5,472.05,2,356.75,2opt,notBad
3809,5,472.05,2,356.75,move,improve
3810,5,472.05,2,356.75,swap,notBad
3811,5,472.05,2,356.75,2opt,notBad
3812,5,472.05,2,356.75,2opt,notBad
3813,5,472.05,2,356.75,swap,notBad
3814,5,472.05,2,356.75,move,improve
3815,5,472.05,2,356.75,swap,notBad
3816,5,472.05,2,356.75,2opt,notBad
3817,5,472.05,2,356.75,move,improve
3818,5,472.05,2,356.75,move,improve
3819,5,472.05,2,356.75,2opt,notBad
3820,5,472.05,2,356.75,swap,notBad
3821,5,472.05,2,356.75,2opt,notBad
3822,5,472.05,2,356.75,move,improve
3823,5,472.05,2,356.75,move,improve
3824,5,472.05,2,356.75,2opt,notBad
3825,5,472.05,2,356.75,swap,notBad
3826,5,472.05,2,356.75,move,improve
3827,5,472.05,2,356.75,2opt,notBad
3828,5,472.05,2,356.75,move,improve
3829,5,472.05,2,356.75,swap,notBad
3830,5,483.33000000000004,2,356.75,swap,acceptBad
3831,5,501.9499999999998,2,356.75,swap,acceptBad
3832,5,501.9499999999998,2,356.75,swap,notBad
3833,5,501.9499999999998,2,356.75,2opt,notBad
3834,5,501.9499999999998,2,356.75,2opt,notBad
3835,5,501.9499999999998,2,356.75,move,improve
3836,5,509.4499999999998,2,356.75,move,acceptBad
3837,5,509.4499999999998,2,356.75,swap,notBad
3838,5,505.95999999999987,2,356.75,move,improve
3839,5,507.9999999999999,2,356.75,2opt,acceptBad
3840,5,507.9999999999999,2,356.75,move,improve
3841,5,517.8299999999999,2,356.75,swap,acceptBad
3842,5,517.8299999999999,2,356.75,swap,notBad
3843,5,517.8299999999999,2,356.75,swap,notBad
3844,5,517.8299999999999,2,356.75,2opt,notBad
3845,5,517.8299999999999,2,356.75,move,improve
3846,5,517.8299999999999,2,356.75,move,improve
3847,5,514.7999999999996,2,356.75,swap,improve
3848,5,504.4399999999998,2,356.75,move,improve
3849,5,504.4399999999998,2,356.75,move,improve
3850,5,504.4399999999998,2,356.75,swap,notBad
3851,5,504.4399999999998,2,356.75,swap,notBad
3852,5,504.4399999999998,2,356.75,move,improve
3853,5,504.4399999999998,2,356.75,2opt,notBad
3854,5,504.4399999999998,2,356.75,2opt,notBad
3855,5,504.4399999999998,2,356.75,swap,notBad
3856,5,504.4399999999998,2,356.75,move,improve
3857,5,504.4399999999998,2,356.75,2opt,notBad
3858,5,504.4399999999998,2,356.75,move,improve
3859,5,504.4399999999998,2,356.75,2opt,notBad
3860,5,504.4399999999998,2,356.75,2opt,notBad
3861,5,504.4399999999998,2,356.75,move,improve
3862,5,504.4399999999998,2,356.75,move,improve
3863,5,504.4399999999998,2,356.75,2opt,notBad
3864,5,504.4399999999998,2,356.75,2opt,notBad
3865,5,504.4399999999998,2,356.75,move,improve
3866,5,504.4399999999998,2,356.75,move,improve
3867,5,504.4399999999998,2,356.75,2opt,notBad
3868,5,504.4399999999998,2,356.75,2opt,notBad
3869,5,504.4399999999998,2,356.75,2opt,notBad
3870,5,502.06999999999994,2,356.75,move,improve
3871,5,502.06999999999994,2,356.75,swap,notBad
3872,5,502.06999999999994,2,356.75,move,improve
3873,5,502.06999999999994,2,356.75,2opt,notBad
3874,5,502.06999999999994,2,356.75,move,improve
3875,5,502.06999999999994,2,356.75,swap,notBad
3876,5,502.06999999999994,2,356.75,2opt,notBad
3877,5,502.06999999999994,2,356.75,swap,notBad
3878,5,502.06999999999994,2,356.75,swap,notBad
3879,5,502.06999999999994,2,356.75,2opt,notBad
3880,5,502.06999999999994,2,356.75,2opt,notBad
3881,5,502.06999999999994,2,356.75,swap,notBad
3882,5,502.06999999999994,2,356.75,2opt,notBad
3883,5,502.06999999999994,2,356.75,swap,notBad
3884,5,502.06999999999994,2,356.75,swap,notBad
3885,5,502.06999999999994,2,356.75,move,improve
3886,5,502.06999999999994,2,356.75,move,improve
3887,5,502.06999999999994,2,356.75,move,improve
3888,5,502.06999999999994,2,356.75,move,improve
3889,5,502.06999999999994,2,356.75,2opt,notBad
3890,5,502.06999999999994,2,356.75,2opt,notBad
3891,5,502.06999999999994,2,356.75,swap,notBad
3892,5,502.06999999999994,2,356.75,2opt,notBad
3893,5,502.06999999999994,2,356.75,2opt,notBad
3894,5,502.06999999999994,2,356.75,2opt,notBad
3895,5,502.06999999999994,2,356.75,swap,notBad
3896,5,527.93,2,356.75,swap,acceptBad
3897,5,503.01999999999975,2,356.75,move,improve
3898,5,503.01999999999975,2,356.75,move,improve
3899,5,503.01999999999975,2,356.75,move,improve
3900,5,503.01999999999975,2,356.75,move,improve
3901,5,503.01999999999975,2,356.75,2opt,notBad
3902,5,503.01999999999975,2,356.75,2opt,notBad
3903,5,503.01999999999975,2,356.75,swap,notBad
3904,5,503.01999999999975,2,356.75,2opt,notBad
3905,5,503.01999999999975,2,356.75,move,improve
3906,5,503.01999999999975,2,356.75,move,improve
3907,5,503.01999999999975,2,356.75,2opt,notBad
3908,5,503.01999999999975,2,356.75,swap,notBad
3909,5,503.01999999999975,2,356.75,swap,notBad
3910,5,503.01999999999975,2,356.75,2opt,notBad
3911,5,503.01999999999975,2,356.75,2opt,notBad
3912,5,503.01999999999975,2,356.75,2opt,notBad
3913,5,503.01999999999975,2,356.75,move,improve
3914,5,503.01999999999975,2,356.75,2opt,notBad
3915,5,506.1899999999998,2,356.75,swap,acceptBad
3916,5,502.7099999999998,2,356.75,2opt,improve
3917,5,509.9499999999998,2,356.75,swap,acceptBad
3918,5,509.9499999999998,2,356.75,move,improve
3919,5,509.9499999999998,2,356.75,2opt,notBad
3920,5,509.9499999999998,2,356.75,move,improve
3921,5,507.55000000000007,2,356.75,2opt,improve
3922,5,507.55000000000007,2,356.75,swap,notBad
3923,5,507.55000000000007,2,356.75,swap,notBad
3924,5,507.55000000000007,2,356.75,move,improve
3925,5,507.55000000000007,2,356.75,2opt,notBad
3926,5,507.55000000000007,2,356.75,move,improve
3927,5,507.55000000000007,2,356.75,2opt,notBad
3928,5,507.55000000000007,2,356.75,2opt,notBad
3929,5,507.55000000000007,2,356.75,swap,notBad
3930,5,507.55000000000007,2,356.75,move,improve
3931,5,507.55000000000007,2,356.75,swap,notBad
3932,5,507.55000000000007,2,356.75,2opt,improve
3933,5,507.55000000000007,2,356.75,2opt,notBad
3934,5,507.55000000000007,2,356.75,swap,notBad
3935,5,507.55000000000007,2,356.75,move,improve
3936,5,507.55000000000007,2,356.75,2opt,notBad
3937,5,507.33000000000004,2,356.75,move,improve
3938,5,507.33000000000004,2,356.75,swap,notBad
3939,5,507.33000000000004,2,356.75,2opt,notBad
3940,5,519.2700000000001,2,356.75,swap,acceptBad
3941,5,519.2700000000001,2,356.75,swap,notBad
3942,5,519.2700000000001,2,356.75,swap,notBad
3943,5,519.2700000000001,2,356.75,move,improve
3944,5,519.2700000000001,2,356.75,2opt,notBad
3945,5,519.2700000000001,2,356.75,2opt,notBad
3946,5,519.2700000000001,2,356.75,2opt,notBad
3947,5,519.2700000000001,2,356.75,swap,notBad
3948,5,519.2700000000001,2,356.75,2opt,notBad
3949,5,538.8499999999999,2,356.75,move,acceptBad
3950,5,538.8499999999999,2,356.75,2opt,notBad
3951,5,538.8499999999999,2,356.75,2opt,improve
3952,5,538.8499999999999,2,356.75,swap,notBad
3953,5,538.8499999999999,2,356.75,2opt,notBad
3954,5,538.8499999999999,2,356.75,2opt,notBad
3955,5,538.8499999999999,2,356.75,2opt,notBad
3956,5,538.8499999999999,2,356.75,2opt,notBad
3957,5,538.8499999999999,2,356.75,2opt,notBad
3958,5,538.8499999999999,2,356.75,2opt,notBad
3959,5,550.7999999999998,2,356.75,swap,acceptBad
3960,5,550.7999999999998,2,356.75,2opt,notBad
3961,5,542.04,2,356.75,2opt,improve
3962,5,542.04,2,356.75,swap,notBad
3963,5,542.04,2,356.75,2opt,notBad
3964,5,542.04,2,356.75,2opt,notBad
3965,5,517.9400000000003,2,356.75,move,improve
3966,5,517.9400000000003,2,356.75,2opt,improve
3967,5,517.9400000000003,2,356.75,move,improve
3968,5,511.9400000000002,2,356.75,move,improve
3969,5,511.9400000000002,2,356.75,swap,notBad
3970,5,489.4200000000004,2,356.75,move,improve
3971,5,489.4200000000004,2,356.75,swap,notBad
3972,5,489.4200000000004,2,356.75,2opt,notBad
3973,5,488.8400000000002,2,356.75,move,improve
3974,5,488.8400000000002,2,356.75,move,improve
3975,5,486.08000000000044,2,356.75,move,improve
3976,5,486.08000000000044,2,356.75,move,improve
3977,5,486.08000000000044,2,356.75,move,improve
3978,5,486.08000000000044,2,356.75,2opt,notBad
3979,5,486.08000000000044,2,356.75,2opt,notBad
3980,5,486.08000000000044,2,356.75,move,improve
3981,5,486.08000000000044,2,356.75,2opt,notBad
3982,5,484.9200000000005,2,356.75,move,improve
3983,5,484.9200000000005,2,356.75,move,improve
3984,5,484.9200000000005,2,356.75,swap,notBad
3985,5,484.9200000000005,2,356.75,swap,notBad
3986,5,484.9200000000005,2,356.75,2opt,notBad
3987,5,484.9200000000005,2,356.75,swap,notBad
3988,5,484.9200000000005,2,356.75,swap,notBad
3989,5,478.2600000000005,2,356.75,move,improve
3990,5,478.2600000000005,2,356.75,move,improve
3991,5,478.2600000000005,2,356.75,2opt,notBad
3992,5,478.2600000000005,2,356.75,move,improve
3993,5,478.2600000000005,2,356.75,move,improve
3994,5,478.2600000000005,2,356.75,2opt,notBad
3995,5,478.2600000000005,2,356.75,swap,notBad
3996,5,471.5,2,356.75,swap,improve
3997,5,471.5,2,356.75,swap,notBad
3998,5,471.5,2,356.75,swap,notBad
3999,5,471.5,2,356.75,2opt,notBad
4000,5,471.5,2,356.75,swap,notBad
4001,5,471.5,2,356.75,2opt,notBad
4002,5,471.5,2,356.75,swap,notBad
4003,5,471.5,2,356.75,swap,notBad
4004,5,471.5,2,356.75,2opt,notBad
4005,5,471.5,2,356.75,2opt,improve
4006,5,471.5,2,356.75,move,improve
4007,5,471.5,2,356.75,swap,notBad
4008,5,471.5,2,356.75,2opt,notBad
4009,5,471.5,2,356.75,move,improve
4010,5,473.45,2,356.75,swap,acceptBad
4011,5,473.45,2,356.75,swap,notBad
4012,5,473.11999999999995,2,356.75,move,improve
4013,5,473.11999999999995,2,356.75,2opt,notBad
4014,5,473.11999999999995,2,356.75,2opt,notBad
4015,5,473.11999999999995,2,356.75,2opt,notBad
4016,5,473.11999999999995,2,356.75,2opt,notBad
4017,5,473.11999999999995,2,356.75,move,improve
4018,5,473.11999999999995,2,356.75,move,improve
4019,5,473.11999999999995,2,356.75,swap,notBad
4020,5,473.11999999999995,2,356.75,2opt,notBad
4021,5,473.11999999999995,2,356.75,move,improve
4022,5,473.11999999999995,2,356.75,2opt,notBad
4023,5,473.03,2,356.75,move,improve
4024,5,473.03,2,356.75,2opt,notBad
4025,5,473.03,2,356.75,swap,notBad
4026,5,473.03,2,356.75,2opt,notBad
4027,5,473.03,2,356.75,move,improve
4028,5,473.03,2,356.75,move,improve
4029,5,473.03,2,356.75,swap,notBad
4030,5,473.03,2,356.75,move,improve
4031,5,473.03,2,356.75,swap,notBad
4032,5,473.03,2,356.75,2opt,notBad
4033,5,473.03,2,356.75,swap,notBad
4034,5,473.03,2,356.75,2opt,notBad
4035,5,473.03,2,356.75,swap,notBad
4036,5,473.03,2,356.75,swap,notBad
4037,5,473.03,2,356.75,2opt,improve
4038,5,475.74999999999994,2,356.75,swap,acceptBad
4039,5,475.74999999999994,2,356.75,2opt,notBad
4040,5,475.74999999999994,2,356.75,2opt,notBad
4041,5,475.74999999999994,2,356.75,2opt,notBad
4042,5,475.74999999999994,2,356.75,2opt,improve
4043,5,475.74999999999994,2,356.75,2opt,notBad
4044,5,475.74999999999994,2,356.75,swap,notBad
4045,5,475.74999999999994,2,356.75,2opt,notBad
4046,5,475.74999999999994,2,356.75,2opt,notBad
4047,5,475.74999999999994,2,356.75,move,improve
4048,5,465.52,2,356.75,move,improve
4049,5,465.52,2,356.75,swap,notBad
4050,5,465.52,2,356.75,2opt,notBad
4051,5,465.52,2,356.75,swap,notBad
4052,5,465.52,2,356.75,2opt,improve
4053,5,465.52,2,356.75,2opt,notBad
4054,5,465.52,2,356.75,swap,notBad
4055,5,465.52,2,356.75,swap,notBad
4056,5,465.52,2,356.75,swap,notBad
4057,5,465.52,2,356.75,2opt,notBad
4058,5,465.52,2,356.75,move,improve
4059,5,465.52,2,356.75,move,improve
4060,5,465.52,2,356.75,swap,notBad
4061,5,465.52,2,356.75,2opt,notBad
4062,5,465.52,2,356.75,2opt,notBad
4063,5,465.52,2,356.75,2opt,notBad
4064,5,463.57,2,356.75,move,improve
4065,5,463.57,2,356.75,swap,notBad
4066,5,463.57,2,356.75,swap,notBad
4067,5,463.57,2,356.75,2opt,notBad
4068,5,463.57,2,356.75,swap,notBad
4069,5,463.57,2,356.75,2opt,notBad
4070,5,460.21,2,356.75,move,improve
4071,5,460.21,2,356.75,swap,notBad
4072,5,460.21,2,356.75,2opt,notBad
4073,5,460.21,2,356.75,swap,notBad
4074,5,460.21,2,356.75,swap,notBad
4075,5,460.21,2,356.75,2opt,notBad
4076,5,460.21,2,356.75,swap,notBad
4077,5,460.21,2,356.75,swap,notBad
4078,5,460.21,2,356.75,move,improve
4079,5,460.21,2,356.75,swap,notBad
4080,5,460.21,2,356.75,move,improve
4081,5,460.21,2,356.75,2opt,notBad
4082,5,471.53000000000054,2,356.75,move,acceptBad
4083,5,471.53000000000054,2,356.75,swap,notBad
4084,5,471.53000000000054,2,356.75,swap,notBad
4085,5,471.53000000000054,2,356.75,2opt,notBad
4086,5,471.53000000000054,2,356.75,swap,notBad
4087,5,471.53000000000054,2,356.75,2opt,notBad
4088,5,471.53000000000054,2,356.75,swap,notBad
4089,5,471.53000000000054,2,356.75,2opt,notBad
4090,5,471.53000000000054,2,356.75,swap,notBad
4091,5,471.53000000000054,2,356.75,2opt,notBad
4092,5,471.53000000000054,2,356.75,swap,notBad
4093,5,469.4300000000004,2,356.75,move,improve
4094,5,469.4300000000004,2,356.75,swap,notBad
4095,5,469.4300000000004,2,356.75,2opt,improve
4096,5,469.4300000000004,2,356.75,2opt,notBad
4097,5,469.4300000000004,2,356.75,move,improve
4098,5,469.79000000000036,2,356.75,2opt,acceptBad
4099,5,472.04,2,356.75,swap,acceptBad
4100,5,472.04,2,356.75,move,improve
4101,5,472.04,2,356.75,2opt,notBad
4102,5,472.04,2,356.75,2opt,notBad
4103,5,472.04,2,356.75,2opt,notBad
4104,5,472.04,2,356.75,swap,notBad
4105,5,471.85000000000036,2,356.75,move,improve
4106,5,471.85000000000036,2,356.75,2opt,notBad
4107,5,471.85000000000036,2,356.75,move,improve
4108,5,471.85000000000036,2,356.75,move,improve
4109,5,471.85000000000036,2,356.75,swap,notBad
4110,5,471.85000000000036,2,356.75,move,improve
4111,5,471.85000000000036,2,356.75,2opt,notBad
4112,5,471.85000000000036,2,356.75,2opt,notBad
4113,5,471.85000000000036,2,356.75,swap,notBad
4114,5,471.85000000000036,2,356.75,2opt,notBad
4115,5,471.85000000000036,2,356.75,2opt,notBad
4116,5,471.85000000000036,2,356.75,swap,notBad
4117,5,471.85000000000036,2,356.75,move,improve
4118,5,471.85000000000036,2,356.75,move,improve
4119,5,471.85000000000036,2,356.75,swap,notBad
4120,5,461.11000000000035,2,356.75,move,improve
4121,5,461.11000000000035,2,356.75,2opt,notBad
4122,5,461.11000000000035,2,356.75,2opt,notBad
4123,5,461.11000000000035,2,356.75,swap,notBad
4124,5,461.11000000000035,2,356.75,move,improve
4125,5,473.47000000000077,2,356.75,swap,acceptBad
4126,5,473.47000000000077,2,356.75,2opt,notBad
4127,5,473.47000000000077,2,356.75,2opt,notBad
4128,5,472.26000000000073,2,356.75,move,improve
4129,5,472.26000000000073,2,356.75,2opt,notBad
4130,5,472.26000000000073,2,356.75,swap,notBad
4131,5,472.26000000000073,2,356.75,swap,notBad
4132,5,460.9000000000006,2,356.75,move,improve
4133,5,460.9000000000006,2,356.75,2opt,notBad
4134,5,460.9000000000006,2,356.75,swap,notBad
4135,5,460.9000000000006,2,356.75,move,improve
4136,5,460.9000000000006,2,356.75,2opt,notBad
4137,5,460.9000000000006,2,356.75,move,improve
4138,5,460.9000000000006,2,356.75,2opt,notBad
4139,5,460.9000000000006,2,356.75,move,improve
4140,5,460.9000000000006,2,356.75,swap,notBad
4141,5,460.9000000000006,2,356.75,2opt,notBad
4142,5,485.51000000000096,2,356.75,swap,acceptBad
4143,5,485.51000000000096,2,356.75,move,improve
4144,5,485.51000000000096,2,356.75,swap,notBad
4145,5,485.1800000000011,2,356.75,move,improve
4146,5,485.1800000000011,2,356.75,2opt,notBad
4147,5,485.1800000000011,2,356.75,2opt,notBad
4148,5,485.1800000000011,2,356.75,2opt,improve
4149,5,485.1800000000011,2,356.75,move,improve
4150,5,485.1800000000011,2,356.75,swap,notBad
4151,5,472.8700000000003,2,356.75,swap,improve
4152,5,472.8700000000003,2,356.75,2opt,notBad
4153,5,469.12000000000023,2,356.75,move,improve
4154,5,469.12000000000023,2,356.75,swap,notBad
4155,5,476.42999999999984,2,356.75,swap,acceptBad
4156,5,476.42999999999984,2,356.75,2opt,notBad
4157,5,476.42999999999984,2,356.75,2opt,notBad
4158,5,476.42999999999984,2,356.75,swap,notBad
4159,5,476.42999999999984,2,356.75,swap,notBad
4160,5,476.42999999999984,2,356.75,swap,notBad
4161,5,476.42999999999984,2,356.75,swap,notBad
4162,5,475.64999999999986,2,356.75,move,improve
4163,5,475.64999999999986,2,356.75,move,improve
4164,5,475.64999999999986,2,356.75,swap,notBad
4165,5,475.64999999999986,2,356.75,swap,notBad
4166,5,475.64999999999986,2,356.75,2opt,notBad
4167,5,475.5599999999997,2,356.75,move,improve
4168,5,475.5599999999997,2,356.75,swap,notBad
4169,5,475.5599999999997,2,356.75,move,improve
4170,5,475.5599999999997,2,356.75,2opt,notBad
4171,5,475.5599999999997,2,356.75,2opt,notBad
4172,5,475.5599999999997,2,356.75,move,improve
4173,5,463.37000000000046,2,356.75,swap,improve
4174,5,463.37000000000046,2,356.75,swap,notBad
4175,5,463.07000000000045,2,356.75,move,improve
4176,5,463.07000000000045,2,356.75,move,improve
4177,5,463.07000000000045,2,356.75,2opt,notBad
4178,5,463.07000000000045,2,356.75,move,improve
4179,5,463.07000000000045,2,356.75,move,improve
4180,5,463.07000000000045,2,356.75,2opt,notBad
4181,5,463.07000000000045,2,356.75,swap,notBad
4182,5,463.07000000000045,2,356.75,move,improve
4183,5,463.07000000000045,2,356.75,swap,notBad
4184,5,463.07000000000045,2,356.75,2opt,notBad
4185,5,463.07000000000045,2,356.75,2opt,notBad
4186,5,463.07000000000045,2,356.75,move,improve
4187,5,463.07000000000045,2,356.75,move,improve
4188,5,463.07000000000045,2,356.75,swap,notBad
4189,5,463.07000000000045,2,356.75,2opt,notBad
4190,5,463.07000000000045,2,356.75,2opt,improve
4191,5,462.79000000000036,2,356.75,move,improve
4192,5,462.79000000000036,2,356.75,move,improve
4193,5,462.79000000000036,2,356.75,move,improve
4194,5,462.79000000000036,2,356.75,move,improve
4195,5,462.79000000000036,2,356.75,swap,notBad
4196,5,462.79000000000036,2,356.75,move,improve
4197,5,463.27000000000027,2,356.75,swap,acceptBad
4198,5,463.27000000000027,2,356.75,move,improve
4199,5,463.27000000000027,2,356.75,2opt,notBad
4200,5,463.27000000000027,2,356.75,swap,notBad
4201,5,461.58000000000055,2,356.75,move,improve
4202,5,461.58000000000055,2,356.75,2opt,notBad
4203,5,461.58000000000055,2,356.75,2opt,notBad
4204,5,461.58000000000055,2,356.75,move,improve
4205,5,461.58000000000055,2,356.75,swap,notBad
4206,5,461.58000000000055,2,356.75,move,improve
4207,5,461.58000000000055,2,356.75,2opt,improve
4208,5,461.58000000000055,2,356.75,swap,notBad
4209,5,461.4900000000006,2,356.75,swap,improve
4210,5,461.4900000000006,2,356.75,swap,notBad
4211,5,461.4900000000006,2,356.75,move,improve
4212,5,461.4900000000006,2,356.75,swap,notBad
4213,5,456.0200000000007,2,356.75,swap,improve
4214,5,456.0200000000007,2,356.75,swap,notBad
4215,5,456.0200000000007,2,356.75,swap,notBad
4216,5,456.0200000000007,2,356.75,move,improve
4217,5,456.0200000000007,2,356.75,move,improve
4218,5,456.0200000000007,2,356.75,2opt,improve
4219,5,456.0200000000007,2,356.75,2opt,improve
4220,5,456.0200000000007,2,356.75,2opt,notBad
4221,5,456.0200000000007,2,356.75,2opt,notBad
4222,5,456.0200000000007,2,356.75,move,improve
4223,5,450.47000000000014,2,356.75,move,improve
4224,5,450.47000000000014,2,356.75,swap,notBad
4225,5,450.47000000000014,2,356.75,move,improve
4226,5,450.47000000000014,2,356.75,swap,notBad
4227,5,450.47000000000014,2,356.75,move,improve
4228,5,450.47000000000014,2,356.75,swap,notBad
4229,5,450.47000000000014,2,356.75,move,improve
4230,5,450.47000000000014,2,356.75,swap,notBad
4231,5,452.6200000000001,2,356.75,swap,acceptBad
4232,5,452.6200000000001,2,356.75,swap,notBad
4233,5,452.6200000000001,2,356.75,2opt,notBad
4234,5,452.6200000000001,2,356.75,move,improve
4235,5,452.6200000000001,2,356.75,move,improve
4236,5,452.6200000000001,2,356.75,move,improve
4237,5,452.6200000000001,2,356.75,swap,notBad
4238,5,452.6200000000001,2,356.75,swap,notBad
4239,5,452.6200000000001,2,356.75,move,improve
4240,5,452.6200000000001,2,356.75,swap,notBad
4241,5,452.6200000000001,2,356.75,swap,notBad
4242,5,450.41000000000014,2,356.75,move,improve
4243,5,449.6599999999999,2,356.75,move,improve
4244,5,463.51,2,356.75,move,acceptBad
4245,5,463.51,2,356.75,2opt,notBad
4246,5,463.51,2,356.75,swap,notBad
4247,5,463.51,2,356.75,swap,notBad
4248,5,463.51,2,356.75,2opt,notBad
4249,5,463.51,2,356.75,move,improve
4250,5,463.51,2,356.75,move,improve
4251,5,463.51,2,356.75,2opt,notBad
4252,5,463.51,2,356.75,move,improve
4253,5,463.51,2,356.75,move,improve
4254,5,467.4499999999996,2,356.75,2opt,acceptBad
4255,5,467.4499999999996,2,356.75,swap,notBad
4256,5,467.4499999999996,2,356.75,swap,notBad
4257,5,467.4499999999996,2,356.75,swap,notBad
4258,5,467.4499999999996,2,356.75,2opt,notBad
4259,5,467.4499999999996,2,356.75,swap,notBad
4260,5,467.4499999999996,2,356.75,swap,notBad
4261,5,467.4499999999996,2,356.75,2opt,notBad
4262,5,467.4499999999996,2,356.75,move,improve
4263,5,467.4499999999996,2,356.75,move,improve
4264,5,467.4499999999996,2,356.75,swap,notBad
4265,5,467.4499999999996,2,356.75,swap,notBad
4266,5,467.4499999999996,2,356.75,2opt,notBad
4267,5,467.4499999999996,2,356.75,2opt,notBad
4268,5,467.4499999999996,2,356.75,swap,notBad
4269,5,467.4499999999996,2,356.75,move,improve
4270,5,467.4499999999996,2,356.75,2opt,notBad
4271,5,467.4499999999996,2,356.75,2opt,notBad
4272,5,467.0899999999996,2,356.75,2opt,improve
4273,5,467.0899999999996,2,356.75,move,improve
4274,5,467.0899999999996,2,356.75,2opt,notBad
4275,5,467.0899999999996,2,356.75,2opt,notBad
4276,5,467.0899999999996,2,356.75,swap,notBad
4277,5,467.0899999999996,2,356.75,2opt,notBad
4278,5,467.0899999999996,2,356.75,move,improve
4279,5,455.6199999999992,2,356.75,move,improve
4280,5,455.6199999999992,2,356.75,2opt,notBad
4281,5,455.6199999999992,2,356.75,swap,notBad
4282,5,455.6199999999992,2,356.75,move,improve
4283,5,455.6199999999992,2,356.75,2opt,notBad
4284,5,455.6199999999992,2,356.75,move,improve
4285,5,455.6199999999992,2,356.75,2opt,notBad
4286,5,455.97999999999917,2,356.75,2opt,acceptBad
4287,5,455.97999999999917,2,356.75,move,improve
4288,5,455.97999999999917,2,356.75,2opt,notBad
4289,5,455.97999999999917,2,356.75,2opt,improve
4290,5,455.97999999999917,2,356.75,swap,notBad
4291,5,455.97999999999917,2,356.75,move,improve
4292,5,455.97999999999917,2,356.75,swap,notBad
4293,5,455.97999999999917,2,356.75,move,improve
4294,5,455.97999999999917,2,356.75,2opt,improve
4295,5,455.97999999999917,2,356.75,2opt,notBad
4296,5,455.97999999999917,2,356.75,move,improve
4297,5,455.97999999999917,2,356.75,2opt,notBad
4298,5,455.97999999999917,2,356.75,move,improve
4299,5,452.4599999999996,2,356.75,move,improve
4300,5,452.4599999999996,2,356.75,swap,notBad
4301,5,452.4599999999996,2,356.75,move,improve
4302,5,452.4599999999996,2,356.75,2opt,notBad
4303,5,452.4599999999996,2,356.75,move,improve
4304,5,452.4599999999996,2,356.75,swap,notBad
4305,5,452.4599999999996,2,356.75,2opt,notBad
4306,5,473.8900000000002,2,356.75,move,acceptBad
4307,5,471.5,2,356.75,move,improve
4308,5,471.5,2,356.75,move,improve
4309,5,471.5,2,356.75,move,improve
4310,5,472.48,2,356.75,swap,acceptBad
4311,5,468.95,2,356.75,move,improve
4312,5,468.95,2,356.75,move,improve
4313,5,468.95,2,356.75,move,improve
4314,5,468.95,2,356.75,swap,notBad
4315,5,468.95,2,356.75,move,improve
4316,5,468.95,2,356.75,move,improve
4317,5,468.95,2,356.75,2opt,notBad
4318,5,468.95,2,356.75,move,improve
4319,5,468.95,2,356.75,2opt,notBad
4320,5,468.95,2,356.75,move,improve
4321,5,468.95,2,356.75,swap,notBad
4322,5,468.95,2,356.75,2opt,notBad
4323,5,468.95,2,356.75,move,improve
4324,5,468.95,2,356.75,2opt,notBad
4325,5,468.95,2,356.75,swap,notBad
4326,5,468.95,2,356.75,2opt,notBad
4327,5,468.95,2,356.75,move,improve
4328,5,468.95,2,356.75,2opt,notBad
4329,5,468.95,2,356.75,swap,notBad
4330,5,468.95,2,356.75,swap,notBad
4331,5,468.95,2,356.75,swap,notBad
4332,5,468.95,2,356.75,move,improve
4333,5,492.1999999999996,2,356.75,swap,acceptBad
4334,5,492.1999999999996,2,356.75,move,improve
4335,5,492.1999999999996,2,356.75,2opt,improve
4336,5,492.1999999999996,2,356.75,move,improve
4337,5,499.69999999999936,2,356.75,swap,acceptBad
4338,5,499.69999999999936,2,356.75,2opt,notBad
4339,5,516.1699999999994,2,356.75,swap,acceptBad
4340,5,516.1699999999994,2,356.75,2opt,notBad
4341,5,516.1699999999994,2,356.75,swap,notBad
4342,5,516.1699999999994,2,356.75,2opt,notBad
4343,5,516.1699999999994,2,356.75,move,improve
4344,5,516.1699999999994,2,356.75,move,improve
4345,5,516.1699999999994,2,356.75,swap,notBad
4346,5,516.1699999999994,2,356.75,swap,notBad
4347,5,516.1699999999994,2,356.75,swap,notBad
4348,5,516.1699999999994,2,356.75,swap,notBad
4349,5,516.1699999999994,2,356.75,move,improve
4350,5,516.1699999999994,2,356.75,2opt,notBad
4351,5,516.1699999999994,2,356.75,2opt,notBad
4352,5,516.1699999999994,2,356.75,move,improve
4353,5,516.1699999999994,2,356.75,2opt,improve
4354,5,516.1699999999994,2,356.75,move,improve
4355,5,486.44000000000034,2,356.75,move,improve
4356,5,486.44000000000034,2,356.75,2opt,notBad
4357,5,486.44000000000034,2,356.75,move,improve
4358,5,486.44000000000034,2,356.75,move,improve
4359,5,486.44000000000034,2,356.75,2opt,notBad
4360,5,486.44000000000034,2,356.75,swap,notBad
4361,5,486.44000000000034,2,356.75,2opt,notBad
4362,5,486.44000000000034,2,356.75,swap,notBad
4363,5,486.44000000000034,2,356.75,move,improve
4364,5,486.44000000000034,2,356.75,move,improve
4365,5,486.44000000000034,2,356.75,swap,notBad
4366,5,483.8300000000002,2,356.75,move,improve
4367,5,483.8300000000002,2,356.75,swap,notBad
4368,5,483.8300000000002,2,356.75,move,improve
4369,5,483.8300000000002,2,356.75,swap,notBad
4370,5,483.8300000000002,2,356.75,swap,notBad
4371,5,489.2799999999994,2,356.75,swap,acceptBad
4372,5,489.2799999999994,2,356.75,move,improve
4373,5,489.2799999999994,2,356.75,swap,notBad
4374,5,489.2799999999994,2,356.75,swap,notBad
4375,5,495.85000000000025,2,356.75,swap,acceptBad
4376,5,495.85000000000025,2,356.75,2opt,notBad
4377,5,496.3900000000002,2,356.75,2opt,acceptBad
4378,5,496.3900000000002,2,356.75,move,improve
4379,5,496.3900000000002,2,356.75,2opt,notBad
4380,5,496.3900000000002,2,356.75,move,improve
4381,5,496.3900000000002,2,356.75,2opt,improve
4382,5,496.3900000000002,2,356.75,2opt,notBad
4383,5,496.3900000000002,2,356.75,swap,notBad
4384,5,496.3900000000002,2,356.75,swap,notBad
4385,5,496.3900000000002,2,356.75,move,improve
4386,5,496.3900000000002,2,356.75,swap,notBad
4387,5,487.49000000000007,2,356.75,move,improve
4388,5,487.49000000000007,2,356.75,swap,notBad
4389,5,486.8600000000002,2,356.75,2opt,improve
4390,5,479.90000000000015,2,356.75,move,improve
4391,5,479.90000000000015,2,356.75,swap,notBad
4392,5,479.90000000000015,2,356.75,2opt,improve
4393,5,477.0100000000001,2,356.75,move,improve
4394,5,477.0100000000001,2,356.75,swap,notBad
4395,5,477.0100000000001,2,356.75,2opt,notBad
4396,5,477.0100000000001,2,356.75,move,improve
4397,5,477.0100000000001,2,356.75,2opt,notBad
4398,5,476.6300000000002,2,356.75,move,improve
4399,5,476.6300000000002,2,356.75,2opt,notBad
4400,5,476.6300000000002,2,356.75,2opt,notBad
4401,5,476.6300000000002,2,356.75,2opt,notBad
4402,5,476.6300000000002,2,356.75,swap,notBad
4403,5,476.6300000000002,2,356.75,swap,notBad
4404,5,476.6300000000002,2,356.75,swap,notBad
4405,5,476.6300000000002,2,356.75,swap,notBad
4406,5,476.6300000000002,2,356.75,2opt,notBad
4407,5,476.6300000000002,2,356.75,2opt,notBad
4408,5,476.6300000000002,2,356.75,move,improve
4409,5,476.6300000000002,2,356.75,swap,notBad
4410,5,476.6300000000002,2,356.75,move,improve
4411,5,476.6300000000002,2,356.75,2opt,notBad
4412,5,476.6300000000002,2,356.75,2opt,improve
4413,5,476.6300000000002,2,356.75,2opt,notBad
4414,5,476.6300000000002,2,356.75,2opt,notBad
4415,5,476.6300000000002,2,356.75,2opt,notBad
4416,5,476.6300000000002,2,356.75,2opt,notBad
4417,5,476.6300000000002,2,356.75,2opt,notBad
4418,5,476.6300000000002,2,356.75,swap,notBad
4419,5,452.6799999999995,2,356.75,move,improve
4420,5,452.6799999999995,2,356.75,swap,notBad
4421,5,452.6799999999995,2,356.75,2opt,notBad
4422,5,452.6799999999995,2,356.75,move,improve
4423,5,452.6799999999995,2,356.75,move,improve
4424,5,452.6799999999995,2,356.75,2opt,notBad
4425,5,452.6799999999995,2,356.75,swap,notBad
4426,5,452.6799999999995,2,356.75,swap,notBad
4427,5,452.6799999999995,2,356.75,2opt,notBad
4428,5,452.6799999999995,2,356.75,2opt,notBad
4429,5,469.0799999999996,2,356.75,move,acceptBad
4430,5,469.0799999999996,2,356.75,2opt,notBad
4431,5,469.0799999999996,2,356.75,2opt,notBad
4432,5,469.0799999999996,2,356.75,swap,notBad
4433,5,469.0799999999996,2,356.75,2opt,notBad
4434,5,469.0799999999996,2,356.75,swap,notBad
4435,5,469.0799999999996,2,356.75,move,improve
4436,5,468.9099999999997,2,356.75,move,improve
4437,5,468.9099999999997,2,356.75,move,improve
4438,5,468.9099999999997,2,356.75,move,improve
4439,5,468.9099999999997,2,356.75,2opt,notBad
4440,5,468.9099999999997,2,356.75,move,improve
4441,5,468.9099999999997,2,356.75,2opt,notBad
4442,5,468.9099999999997,2,356.75,2opt,notBad
4443,5,468.9099999999997,2,356.75,swap,notBad
4444,5,468.9099999999997,2,356.75,move,improve
4445,5,468.9099999999997,2,356.75,move,improve
4446,5,468.9099999999997,2,356.75,swap,notBad
4447,5,468.9099999999997,2,356.75,move,improve
4448,5,468.9099999999997,2,356.75,swap,notBad
4449,5,459.74000000000035,2,356.75,swap,improve
4450,5,459.74000000000035,2,356.75,2opt,notBad
4451,5,459.74000000000035,2,356.75,swap,notBad
4452,5,459.74000000000035,2,356.75,move,improve
4453,5,459.74000000000035,2,356.75,move,improve
4454,5,459.74000000000035,2,356.75,2opt,notBad
4455,5,459.74000000000035,2,356.75,2opt,improve
4456,5,459.74000000000035,2,356.75,2opt,notBad
4457,5,459.74000000000035,2,356.75,swap,notBad
4458,5,455.5599999999995,2,356.75,move,improve
4459,5,455.5599999999995,2,356.75,swap,notBad
4460,5,455.5599999999995,2,356.75,2opt,notBad
4461,5,455.24999999999926,2,356.75,move,improve
4462,5,455.24999999999926,2,356.75,move,improve
4463,5,455.24999999999926,2,356.75,2opt,notBad
4464,5,455.24999999999926,2,356.75,2opt,notBad
4465,5,455.24999999999926,2,356.75,swap,notBad
4466,5,455.24999999999926,2,356.75,move,improve
4467,5,455.24999999999926,2,356.75,swap,notBad
4468,5,455.24999999999926,2,356.75,swap,notBad
4469,5,455.24999999999926,2,356.75,2opt,notBad
4470,5,454.12999999999965,2,356.75,move,improve
4471,5,454.12999999999965,2,356.75,2opt,notBad
4472,5,454.12999999999965,2,356.75,2opt,improve
4473,5,454.12999999999965,2,356.75,2opt,notBad
4474,5,454.12999999999965,2,356.75,2opt,notBad
4475,5,454.12999999999965,2,356.75,move,improve
4476,5,454.12999999999965,2,356.75,swap,notBad
4477,5,454.12999999999965,2,356.75,swap,notBad
4478,5,454.12999999999965,2,356.75,move,improve
4479,5,454.12999999999965,2,356.75,swap,notBad
4480,5,454.12999999999965,2,356.75,swap,notBad
4481,5,454.12999999999965,2,356.75,2opt,notBad
4482,5,454.12999999999965,2,356.75,move,improve
4483,5,454.12999999999965,2,356.75,swap,notBad
4484,5,453.76999999999964,2,356.75,move,improve
4485,5,453.76999999999964,2,356.75,2opt,notBad
4486,5,453.76999999999964,2,356.75,move,improve
4487,5,453.76999999999964,2,356.75,swap,notBad
4488,5,453.1599999999998,2,356.75,move,improve
4489,5,453.1599999999998,2,356.75,2opt,notBad
4490,5,453.1599999999998,2,356.75,swap,notBad
4491,5,453.1599999999998,2,356.75,2opt,notBad
4492,5,453.1599999999998,2,356.75,move,improve
4493,5,453.1599999999998,2,356.75,swap,notBad
4494,5,453.1599999999998,2,356.75,2opt,improve
4495,5,453.1599999999998,2,356.75,2opt,notBad
4496,5,453.1599999999998,2,356.75,move,improve
4497,5,453.1599999999998,2,356.75,move,notBad
4498,5,453.1599999999998,2,356.75,swap,notBad
4499,5,453.1599999999998,2,356.75,swap,notBad
4500,5,453.1599999999998,2,356.75,2opt,notBad
4501,5,453.1599999999998,2,356.75,2opt,notBad
4502,5,453.1599999999998,2,356.75,swap,notBad
4503,5,453.1599999999998,2,356.75,swap,notBad
4504,5,453.1599999999998,2,356.75,2opt,notBad
4505,5,453.1599999999998,2,356.75,move,improve
4506,5,452.27999999999986,2,356.75,move,improve
4507,5,452.27999999999986,2,356.75,2opt,notBad
4508,5,452.27999999999986,2,356.75,swap,notBad
4509,5,452.27999999999986,2,356.75,move,improve
4510,5,452.27999999999986,2,356.75,2opt,notBad
4511,5,452.27999999999986,2,356.75,swap,notBad
4512,5,452.27999999999986,2,356.75,move,improve
4513,5,452.27999999999986,2,356.75,move,improve
4514,5,452.27999999999986,2,356.75,move,improve
4515,5,452.27999999999986,2,356.75,2opt,improve
4516,5,452.27999999999986,2,356.75,move,improve
4517,5,452.27999999999986,2,356.75,2opt,improve
4518,5,452.27999999999986,2,356.75,2opt,notBad
4519,5,452.27999999999986,2,356.75,swap,notBad
4520,5,452.27999999999986,2,356.75,swap,notBad
4521,5,452.27999999999986,2,356.75,swap,notBad
4522,5,452.27999999999986,2,356.75,move,improve
4523,5,452.27999999999986,2,356.75,move,improve
4524,5,452.27999999999986,2,356.75,swap,notBad
4525,5,452.27999999999986,2,356.75,2opt,notBad
4526,5,452.27999999999986,2,356.75,2opt,notBad
4527,5,452.27999999999986,2,356.75,move,improve
4528,5,452.27999999999986,2,356.75,2opt,notBad
4529,5,452.27999999999986,2,356.75,2opt,notBad
4530,5,452.27999999999986,2,356.75,swap,notBad
4531,5,452.27999999999986,2,356.75,2opt,notBad
4532,5,452.27999999999986,2,356.75,swap,notBad
4533,5,452.27999999999986,2,356.75,swap,notBad
4534,5,452.27999999999986,2,356.75,move,improve
4535,5,452.27999999999986,2,356.75,move,improve
4536,5,452.27999999999986,2,356.75,move,improve
4537,5,452.27999999999986,2,356.75,move,improve
4538,5,452.27999999999986,2,356.75,2opt,notBad
4539,5,452.27999999999986,2,356.75,swap,notBad
4540,5,452.27999999999986,2,356.75,swap,notBad
4541,5,452.27999999999986,2,356.75,2opt,notBad
4542,5,452.27999999999986,2,356.75,swap,notBad
4543,5,452.27999999999986,2,356.75,move,improve
4544,5,452.27999999999986,2,356.75,swap,notBad
4545,5,452.27999999999986,2,356.75,swap,notBad
4546,5,466.93999999999966,2,356.75,swap,acceptBad
4547,5,466.93999999999966,2,356.75,move,improve
4548,5,462.2999999999998,2,356.75,move,improve
4549,5,462.2999999999998,2,356.75,2opt,notBad
4550,5,462.2999999999998,2,356.75,2opt,notBad
4551,5,460.0199999999999,2,356.75,move,improve
4552,5,460.0199999999999,2,356.75,move,improve
4553,5,460.0199999999999,2,356.75,move,improve
4554,5,460.0199999999999,2,356.75,move,improve
4555,5,460.0199999999999,2,356.75,move,improve
4556,5,460.0199999999999,2,356.75,move,improve
4557,5,460.0199999999999,2,356.75,move,improve
4558,5,460.0199999999999,2,356.75,swap,notBad
4559,5,460.0199999999999,2,356.75,2opt,notBad
4560,5,460.0199999999999,2,356.75,2opt,notBad
4561,5,460.0199999999999,2,356.75,swap,notBad
4562,5,460.0199999999999,2,356.75,swap,notBad
4563,5,460.0199999999999,2,356.75,2opt,notBad
4564,5,460.0199999999999,2,356.75,move,improve
4565,5,460.0199999999999,2,356.75,move,improve
4566,5,460.0199999999999,2,356.75,swap,notBad
4567,5,460.0199999999999,2,356.75,2opt,notBad
4568,5,460.0199999999999,2,356.75,move,improve
4569,5,467.4900000000003,2,356.75,swap,acceptBad
4570,5,467.4900000000003,2,356.75,move,improve
4571,5,467.4900000000003,2,356.75,2opt,notBad
4572,5,467.4900000000003,2,356.75,2opt,notBad
4573,5,467.4900000000003,2,356.75,swap,notBad
4574,5,467.4900000000003,2,356.75,move,improve
4575,5,467.4900000000003,2,356.75,move,improve
4576,5,467.4900000000003,2,356.75,2opt,notBad
4577,5,467.4900000000003,2,356.75,move,improve
4578,5,467.4900000000003,2,356.75,move,improve
4579,5,467.4900000000003,2,356.75,2opt,notBad
4580,5,467.4900000000003,2,356.75,2opt,notBad
4581,5,467.4900000000003,2,356.75,swap,notBad
4582,5,467.4900000000003,2,356.75,2opt,notBad
4583,5,467.4900000000003,2,356.75,swap,notBad
4584,5,467.4900000000003,2,356.75,swap,notBad
4585,5,467.4900000000003,2,356.75,2opt,notBad
4586,5,467.4900000000003,2,356.75,2opt,notBad
4587,5,467.4900000000003,2,356.75,move,improve
4588,5,467.4900000000003,2,356.75,swap,notBad
4589,5,467.4900000000003,2,356.75,swap,notBad
4590,5,467.4900000000003,2,356.75,2opt,notBad
4591,5,467.4900000000003,2,356.75,swap,notBad
4592,5,467.4900000000003,2,356.75,swap,notBad
4593,5,467.4900000000003,2,356.75,2opt,notBad
4594,5,467.4900000000003,2,356.75,2opt,notBad
4595,5,467.4900000000003,2,356.75,2opt,notBad
4596,5,467.4900000000003,2,356.75,2opt,notBad
4597,5,467.4900000000003,2,356.75,2opt,notBad
4598,5,482.36000000000035,2,356.75,swap,acceptBad
4599,5,481.58000000000027,2,356.75,move,improve
4600,5,481.58000000000027,2,356.75,2opt,notBad
4601,5,481.58000000000027,2,356.75,move,improve
4602,5,481.58000000000027,2,356.75,swap,notBad
4603,5,481.58000000000027,2,356.75,2opt,notBad
4604,5,481.58000000000027,2,356.75,move,improve
4605,5,481.58000000000027,2,356.75,move,improve
4606,5,481.58000000000027,2,356.75,2opt,notBad
4607,5,481.58000000000027,2,356.75,move,improve
4608,5,481.58000000000027,2,356.75,2opt,notBad
4609,5,481.58000000000027,2,356.75,2opt,notBad
4610,5,481.58000000000027,2,356.75,2opt,notBad
4611,5,481.58000000000027,2,356.75,2opt,notBad
4612,5,481.58000000000027,2,356.75,swap,notBad
4613,5,481.58000000000027,2,356.75,2opt,notBad
4614,5,481.58000000000027,2,356.75,swap,notBad
4615,5,481.58000000000027,2,356.75,swap,notBad
4616,5,481.58000000000027,2,356.75,move,improve
4617,5,481.58000000000027,2,356.75,swap,notBad
4618,5,468.22999999999956,2,356.75,move,improve
4619,5,468.1099999999999,2,356.75,move,improve
4620,5,468.1099999999999,2,356.75,2opt,notBad
4621,5,468.1099999999999,2,356.75,2opt,notBad
4622,5,468.1099999999999,2,356.75,2opt,notBad
4623,5,468.1099999999999,2,356.75,swap,notBad
4624,5,468.1099999999999,2,356.75,swap,notBad
4625,5,468.1099999999999,2,356.75,2opt,notBad
4626,5,481.0699999999998,2,356.75,swap,acceptBad
4627,5,468.67999999999984,2,356.75,move,improve
4628,5,468.67999999999984,2,356.75,2opt,notBad
4629,5,468.67999999999984,2,356.75,swap,notBad
4630,5,468.67999999999984,2,356.75,2opt,notBad
4631,5,468.67999999999984,2,356.75,swap,notBad
4632,5,468.67999999999984,2,356.75,2opt,notBad
4633,5,468.67999999999984,2,356.75,swap,notBad
4634,5,468.67999999999984,2,356.75,2opt,notBad
4635,5,468.67999999999984,2,356.75,move,improve
4636,5,468.67999999999984,2,356.75,2opt,notBad
4637,5,468.67999999999984,2,356.75,2opt,improve
4638,5,468.67999999999984,2,356.75,2opt,notBad
4639,5,460.6699999999999,2,356.75,move,improve
4640,5,460.6699999999999,2,356.75,2opt,notBad
4641,5,453.4799999999996,2,356.75,move,improve
4642,5,453.4799999999996,2,356.75,swap,notBad
4643,5,453.4799999999996,2,356.75,swap,notBad
4644,5,453.4799999999996,2,356.75,2opt,improve
4645,5,453.4799999999996,2,356.75,swap,notBad
4646,5,453.4799999999996,2,356.75,2opt,notBad
4647,5,453.4799999999996,2,356.75,swap,notBad
4648,5,453.4799999999996,2,356.75,move,improve
4649,5,453.4799999999996,2,356.75,2opt,notBad
4650,5,453.4799999999996,2,356.75,2opt,improve
4651,5,453.4799999999996,2,356.75,swap,notBad
4652,5,453.4799999999996,2,356.75,2opt,notBad
4653,5,453.4799999999996,2,356.75,move,improve
4654,5,453.4799999999996,2,356.75,2opt,notBad
4655,5,453.4799999999996,2,356.75,move,improve
4656,5,453.4799999999996,2,356.75,2opt,notBad
4657,5,453.4799999999996,2,356.75,move,improve
4658,5,453.4799999999996,2,356.75,swap,notBad
4659,5,453.4799999999996,2,356.75,2opt,notBad
4660,5,453.4799999999996,2,356.75,2opt,notBad
4661,5,453.4799999999996,2,356.75,move,improve
4662,5,453.4799999999996,2,356.75,move,improve
4663,5,453.4799999999996,2,356.75,swap,notBad
4664,5,453.4799999999996,2,356.75,swap,notBad
4665,5,453.4799999999996,2,356.75,2opt,notBad
4666,5,453.4799999999996,2,356.75,swap,notBad
4667,5,453.47999999999945,2,356.75,move,improve
4668,5,453.47999999999945,2,356.75,swap,notBad
4669,5,453.47999999999945,2,356.75,swap,notBad
4670,5,453.47999999999945,2,356.75,2opt,notBad
4671,5,453.47999999999945,2,356.75,2opt,notBad
4672,5,453.47999999999945,2,356.75,move,improve
4673,5,453.47999999999945,2,356.75,swap,notBad
4674,5,453.47999999999945,2,356.75,swap,notBad
4675,5,453.47999999999945,2,356.75,swap,notBad
4676,5,453.47999999999945,2,356.75,swap,notBad
4677,5,453.47999999999945,2,356.75,swap,notBad
4678,5,453.47999999999945,2,356.75,2opt,notBad
4679,5,453.47999999999945,2,356.75,2opt,notBad
4680,5,453.47999999999945,2,356.75,swap,notBad
4681,5,453.47999999999945,2,356.75,2opt,notBad
4682,5,453.47999999999945,2,356.75,2opt,notBad
4683,5,453.47999999999945,2,356.75,swap,notBad
4684,5,453.47999999999945,2,356.75,move,improve
4685,5,453.47999999999945,2,356.75,2opt,notBad
4686,5,453.47999999999945,2,356.75,swap,notBad
4687,5,453.47999999999945,2,356.75,2opt,notBad
4688,5,453.47999999999945,2,356.75,swap,notBad
4689,5,453.47999999999945,2,356.75,move,improve
4690,5,453.47999999999945,2,356.75,2opt,notBad
4691,5,453.47999999999945,2,356.75,swap,notBad
4692,5,453.47999999999945,2,356.75,swap,notBad
4693,5,453.47999999999945,2,356.75,move,improve
4694,5,463.759999999999,2,356.75,swap,acceptBad
4695,5,463.759999999999,2,356.75,move,improve
4696,5,463.759999999999,2,356.75,move,improve
4697,5,457.4599999999993,2,356.75,move,improve
4698,5,457.4599999999993,2,356.75,2opt,notBad
4699,5,457.4599999999993,2,356.75,swap,notBad
4700,5,457.4599999999993,2,356.75,2opt,improve
4701,5,457.4599999999993,2,356.75,2opt,notBad
4702,5,457.03999999999974,2,356.75,move,improve
4703,5,457.03999999999974,2,356.75,swap,notBad
4704,5,457.03999999999974,2,356.75,2opt,notBad
4705,5,457.03999999999974,2,356.75,2opt,notBad
4706,5,457.03999999999974,2,356.75,2opt,notBad
4707,5,457.03999999999974,2,356.75,move,improve
4708,5,457.03999999999974,2,356.75,2opt,notBad
4709,5,457.03999999999974,2,356.75,swap,notBad
4710,5,457.03999999999974,2,356.75,move,improve
4711,5,457.03999999999974,2,356.75,2opt,notBad
4712,5,457.03999999999974,2,356.75,swap,notBad
4713,5,457.03999999999974,2,356.75,swap,notBad
4714,5,457.03999999999974,2,356.75,2opt,notBad
4715,5,457.03999999999974,2,356.75,move,improve
4716,5,457.03999999999974,2,356.75,swap,notBad
4717,5,457.03999999999974,2,356.75,2opt,notBad
4718,5,457.03999999999974,2,356.75,2opt,notBad
4719,5,457.03999999999974,2,356.75,2opt,notBad
4720,5,457.03999999999974,2,356.75,move,improve
4721,5,457.03999999999974,2,356.75,move,improve
4722,5,457.03999999999974,2,356.75,2opt,notBad
4723,5,457.03999999999974,2,356.75,2opt,notBad
4724,5,457.03999999999974,2,356.75,swap,notBad
4725,5,457.03999999999974,2,356.75,swap,notBad
4726,5,457.03999999999974,2,356.75,move,improve
4727,5,457.03999999999974,2,356.75,swap,notBad
4728,5,457.03999999999974,2,356.75,2opt,notBad
4729,5,457.03999999999974,2,356.75,2opt,notBad
4730,5,457.03999999999974,2,356.75,2opt,notBad
4731,5,456.10999999999956,2,356.75,move,improve
4732,5,456.10999999999956,2,356.75,move,improve
4733,5,455.75999999999937,2,356.75,move,improve
4734,5,455.75999999999937,2,356.75,move,improve
4735,5,459.1699999999994,2,356.75,swap,acceptBad
4736,5,459.1699999999994,2,356.75,2opt,notBad
4737,5,459.1699999999994,2,356.75,move,improve
4738,5,459.1699999999994,2,356.75,move,improve
4739,5,459.1699999999994,2,356.75,move,improve
4740,5,459.1699999999994,2,356.75,swap,notBad
4741,5,459.1699999999994,2,356.75,swap,notBad
4742,5,459.1699999999994,2,356.75,move,improve
4743,5,459.1699999999994,2,356.75,swap,notBad
4744,5,459.1699999999994,2,356.75,swap,notBad
4745,5,459.1699999999994,2,356.75,swap,notBad
4746,5,459.1699999999994,2,356.75,swap,notBad
4747,5,459.1699999999994,2,356.75,2opt,notBad
4748,5,459.1699999999994,2,356.75,move,improve
4749,5,459.1699999999994,2,356.75,swap,notBad
4750,5,452.7099999999996,2,356.75,move,improve
4751,5,452.7099999999996,2,356.75,swap,notBad
4752,5,452.7099999999996,2,356.75,swap,notBad
4753,5,452.7099999999996,2,356.75,move,improve
4754,5,452.7099999999996,2,356.75,2opt,notBad
4755,5,452.7099999999996,2,356.75,swap,notBad
4756,5,452.7099999999996,2,356.75,move,improve
4757,5,452.7099999999996,2,356.75,swap,notBad
4758,5,445.6299999999998,2,356.75,move,improve
4759,5,445.6299999999998,2,356.75,move,improve
4760,5,445.6299999999998,2,356.75,move,improve
4761,5,445.6299999999998,2,356.75,2opt,notBad
4762,5,445.6299999999998,2,356.75,2opt,notBad
4763,5,445.6299999999998,2,356.75,2opt,improve
4764,5,445.6299999999998,2,356.75,move,improve
4765,5,460.92000000000013,2,356.75,move,acceptBad
4766,5,460.92000000000013,2,356.75,move,improve
4767,5,460.92000000000013,2,356.75,2opt,notBad
4768,5,460.92000000000013,2,356.75,move,improve
4769,5,460.92000000000013,2,356.75,move,improve
4770,5,460.92000000000013,2,356.75,swap,notBad
4771,5,460.92000000000013,2,356.75,swap,notBad
4772,5,460.92000000000013,2,356.75,move,improve
4773,5,460.92000000000013,2,356.75,swap,notBad
4774,5,460.92000000000013,2,356.75,swap,notBad
4775,5,460.92000000000013,2,356.75,swap,notBad
4776,5,460.92000000000013,2,356.75,2opt,notBad
4777,5,460.92000000000013,2,356.75,2opt,notBad
4778,5,460.92000000000013,2,356.75,swap,notBad
4779,5,460.92000000000013,2,356.75,move,improve
4780,5,460.92000000000013,2,356.75,swap,notBad
4781,5,460.92000000000013,2,356.75,move,improve
4782,5,460.92000000000013,2,356.75,2opt,notBad
4783,5,460.92000000000013,2,356.75,2opt,notBad
4784,5,460.92000000000013,2,356.75,move,improve
4785,5,460.92000000000013,2,356.75,move,improve
4786,5,470.77999999999986,2,356.75,swap,acceptBad
4787,5,470.77999999999986,2,356.75,2opt,notBad
4788,5,470.77999999999986,2,356.75,move,improve
4789,5,470.77999999999986,2,356.75,2opt,notBad
4790,5,470.77999999999986,2,356.75,2opt,notBad
4791,5,470.31999999999954,2,356.75,move,improve
4792,5,470.31999999999954,2,356.75,move,improve
4793,5,470.31999999999954,2,356.75,move,improve
4794,5,470.31999999999954,2,356.75,swap,notBad
4795,5,470.31999999999954,2,356.75,2opt,notBad
4796,5,470.31999999999954,2,356.75,move,improve
4797,5,470.31999999999954,2,356.75,2opt,notBad
4798,5,470.31999999999954,2,356.75,2opt,notBad
4799,5,470.31999999999954,2,356.75,move,improve
4800,5,470.31999999999954,2,356.75,2opt,notBad
4801,5,470.31999999999954,2,356.75,swap,notBad
4802,5,463.1899999999998,2,356.75,move,improve
4803,5,463.1899999999998,2,356.75,2opt,notBad
4804,5,463.1899999999998,2,356.75,2opt,improve
4805,5,463.1899999999998,2,356.75,2opt,notBad
4806,5,463.1899999999998,2,356.75,move,improve
4807,5,461.0000000000003,2,356.75,move,improve
4808,5,461.0000000000003,2,356.75,move,improve
4809,5,461.0000000000003,2,356.75,move,improve
4810,5,461.0000000000003,2,356.75,2opt,notBad
4811,5,495.1899999999998,2,356.75,move,acceptBad
4812,5,495.1899999999998,2,356.75,swap,notBad
4813,5,495.1899999999998,2,356.75,2opt,notBad
4814,5,495.1899999999998,2,356.75,2opt,notBad
4815,5,486.19999999999993,2,356.75,move,improve
4816,5,486.19999999999993,2,356.75,swap,notBad
4817,5,486.19999999999993,2,356.75,2opt,notBad
4818,5,486.19999999999993,2,356.75,2opt,notBad
4819,5,486.19999999999993,2,356.75,2opt,notBad
4820,5,486.19999999999993,2,356.75,2opt,notBad
4821,5,485.47999999999996,2,356.75,move,improve
4822,5,485.47999999999996,2,356.75,move,improve
4823,5,485.47999999999996,2,356.75,2opt,improve
4824,5,485.47999999999996,2,356.75,swap,notBad
4825,5,485.47999999999996,2,356.75,swap,notBad
4826,5,485.47999999999996,2,356.75,swap,notBad
4827,5,485.47999999999996,2,356.75,2opt,notBad
4828,5,485.47999999999996,2,356.75,move,improve
4829,5,485.47999999999996,2,356.75,swap,notBad
4830,5,485.47999999999996,2,356.75,2opt,notBad
4831,5,485.47999999999996,2,356.75,swap,notBad
4832,5,485.47999999999996,2,356.75,2opt,notBad
4833,5,485.47999999999996,2,356.75,2opt,notBad
4834,5,485.47999999999996,2,356.75,swap,notBad
4835,5,485.47999999999996,2,356.75,2opt,notBad
4836,5,485.47999999999996,2,356.75,2opt,notBad
4837,5,485.47999999999996,2,356.75,move,improve
4838,5,485.47999999999996,2,356.75,swap,notBad
4839,5,485.47999999999996,2,356.75,move,improve
4840,5,485.47999999999996,2,356.75,swap,notBad
4841,5,485.47999999999996,2,356.75,2opt,notBad
4842,5,485.47999999999996,2,356.75,2opt,notBad
4843,5,485.47999999999996,2,356.75,2opt,notBad
4844,5,485.47999999999996,2,356.75,2opt,notBad
4845,5,485.47999999999996,2,356.75,swap,notBad
4846,5,485.47999999999996,2,356.75,move,improve
4847,5,485.47999999999996,2,356.75,move,improve
4848,5,485.47999999999996,2,356.75,swap,notBad
4849,5,485.47999999999996,2,356.75,2opt,notBad
4850,5,485.47999999999996,2,356.75,2opt,notBad
4851,5,485.47999999999996,2,356.75,2opt,notBad
4852,5,485.47999999999996,2,356.75,swap,notBad
4853,5,485.47999999999996,2,356.75,move,improve
4854,5,485.47999999999996,2,356.75,swap,notBad
4855,5,485.47999999999996,2,356.75,swap,notBad
4856,5,485.47999999999996,2,356.75,move,improve
4857,5,485.47999999999996,2,356.75,move,improve
4858,5,485.47999999999996,2,356.75,move,improve
4859,5,485.47999999999996,2,356.75,swap,notBad
4860,5,485.4999999999997,2,356.75,swap,acceptBad
4861,5,485.4999999999997,2,356.75,2opt,notBad
4862,5,485.4999999999997,2,356.75,move,improve
4863,5,485.4999999999997,2,356.75,2opt,notBad
4864,5,485.4999999999997,2,356.75,2opt,notBad
4865,5,485.4999999999997,2,356.75,swap,notBad
4866,5,485.4999999999997,2,356.75,move,improve
4867,5,485.4999999999997,2,356.75,swap,notBad
4868,5,485.4999999999997,2,356.75,2opt,notBad
4869,5,485.4999999999997,2,356.75,swap,notBad
4870,5,489.70999999999964,2,356.75,move,acceptBad
4871,5,489.70999999999964,2,356.75,2opt,improve
4872,5,489.70999999999964,2,356.75,2opt,notBad
4873,5,489.70999999999964,2,356.75,swap,notBad
4874,5,496.83999999999986,2,356.75,swap,acceptBad
4875,5,496.83999999999986,2,356.75,swap,notBad
4876,5,496.83999999999986,2,356.75,swap,notBad
4877,5,496.83999999999986,2,356.75,move,improve
4878,5,496.83999999999986,2,356.75,swap,notBad
4879,5,496.83999999999986,2,356.75,move,improve
4880,5,496.83999999999986,2,356.75,2opt,notBad
4881,5,496.83999999999986,2,356.75,2opt,notBad
4882,5,494.75000000000006,2,356.75,move,improve
4883,5,494.75000000000006,2,356.75,move,improve
4884,5,494.75000000000006,2,356.75,2opt,notBad
4885,5,494.75000000000006,2,356.75,swap,notBad
4886,5,494.75000000000006,2,356.75,swap,notBad
4887,5,494.75000000000006,2,356.75,move,improve
4888,5,494.75000000000006,2,356.75,2opt,notBad
4889,5,494.75000000000006,2,356.75,move,improve
4890,5,494.75000000000006,2,356.75,2opt,notBad
4891,5,494.75000000000006,2,356.75,2opt,notBad
4892,5,494.75000000000006,2,356.75,move,improve
4893,5,494.75000000000006,2,356.75,move,improve
4894,5,494.75000000000006,2,356.75,swap,notBad
4895,5,494.75000000000006,2,356.75,swap,notBad
4896,5,505.90000000000003,2,356.75,swap,acceptBad
4897,5,504.58000000000004,2,356.75,swap,improve
4898,5,504.58000000000004,2,356.75,2opt,notBad
4899,5,504.58000000000004,2,356.75,2opt,notBad
4900,5,504.58000000000004,2,356.75,move,improve
4901,5,504.58000000000004,2,356.75,move,improve
4902,5,504.58000000000004,2,356.75,swap,notBad
4903,5,504.58000000000004,2,356.75,move,improve
4904,5,504.58000000000004,2,356.75,swap,notBad
4905,5,504.58000000000004,2,356.75,2opt,notBad
4906,5,504.58000000000004,2,356.75,2opt,notBad
4907,5,504.58000000000004,2,356.75,swap,notBad
4908,5,504.58000000000004,2,356.75,swap,notBad
4909,5,504.58000000000004,2,356.75,swap,notBad
4910,5,504.58000000000004,2,356.75,swap,notBad
4911,5,504.58000000000004,2,356.75,2opt,notBad
4912,5,504.58000000000004,2,356.75,2opt,notBad
4913,5,503.68000000000006,2,356.75,move,improve
4914,5,503.68000000000006,2,356.75,2opt,notBad
4915,5,503.68000000000006,2,356.75,2opt,notBad
4916,5,503.68000000000006,2,356.75,2opt,notBad
4917,5,503.68000000000006,2,356.75,swap,notBad
4918,5,503.1199999999998,2,356.75,move,improve
4919,5,503.1199999999998,2,356.75,move,improve
4920,5,503.1199999999998,2,356.75,swap,notBad
4921,5,503.1199999999998,2,356.75,swap,notBad
4922,5,503.1199999999998,2,356.75,2opt,notBad
4923,5,503.1199999999998,2,356.75,move,improve
4924,5,503.1199999999998,2,356.75,swap,notBad
4925,5,503.1199999999998,2,356.75,move,improve
4926,5,503.1199999999998,2,356.75,2opt,notBad
4927,5,498.5699999999997,2,356.75,move,improve
4928,5,493.42999999999984,2,356.75,move,improve
4929,5,493.42999999999984,2,356.75,move,improve
4930,5,493.42999999999984,2,356.75,2opt,notBad
4931,5,493.42999999999984,2,356.75,swap,notBad
4932,5,493.42999999999984,2,356.75,swap,notBad
4933,5,493.42999999999984,2,356.75,move,improve
4934,5,493.42999999999984,2,356.75,swap,notBad
4935,5,493.42999999999984,2,356.75,2opt,notBad
4936,5,493.42999999999984,2,356.75,swap,notBad
4937,5,493.42999999999984,2,356.75,swap,notBad
4938,5,493.42999999999984,2,356.75,2opt,notBad
4939,5,500.0099999999994,2,356.75,swap,acceptBad
4940,5,512.0099999999996,2,356.75,swap,acceptBad
4941,5,512.0099999999996,2,356.75,move,improve
4942,5,512.0099999999996,2,356.75,swap,notBad
4943,5,512.0099999999996,2,356.75,move,improve
4944,5,502.5099999999999,2,356.75,move,improve
4945,5,489.3799999999997,2,356.75,move,improve
4946,5,489.3799999999997,2,356.75,swap,notBad
4947,5,489.3799999999997,2,356.75,move,improve
4948,5,489.3799999999997,2,356.75,swap,notBad
4949,5,489.3799999999997,2,356.75,swap,notBad
4950,5,489.3799999999997,2,356.75,move,improve
4951,5,489.3799999999997,2,356.75,2opt,notBad
4952,5,488.5699999999998,2,356.75,move,improve
4953,5,488.5699999999998,2,356.75,swap,notBad
4954,5,488.5699999999998,2,356.75,2opt,notBad
4955,5,488.5699999999998,2,356.75,swap,notBad
4956,5,488.5699999999998,2,356.75,move,improve
4957,5,486.56999999999965,2,356.75,move,improve
4958,5,486.56999999999965,2,356.75,2opt,notBad
4959,5,486.56999999999965,2,356.75,move,improve
4960,5,486.56999999999965,2,356.75,2opt,notBad
4961,5,486.56999999999965,2,356.75,2opt,notBad
4962,5,486.56999999999965,2,356.75,2opt,notBad
4963,5,486.56999999999965,2,356.75,move,improve
4964,5,486.56999999999965,2,356.75,move,improve
4965,5,486.56999999999965,2,356.75,2opt,improve
4966,5,486.56999999999965,2,356.75,move,improve
4967,5,486.56999999999965,2,356.75,swap,notBad
4968,5,486.56999999999965,2,356.75,2opt,notBad
4969,5,486.56999999999965,2,356.75,2opt,notBad
4970,5,486.56999999999965,2,356.75,2opt,notBad
4971,5,486.56999999999965,2,356.75,swap,notBad
4972,5,486.56999999999965,2,356.75,swap,notBad
4973,5,486.56999999999965,2,356.75,2opt,notBad
4974,5,486.56999999999965,2,356.75,swap,notBad
4975,5,486.56999999999965,2,356.75,swap,notBad
4976,5,486.56999999999965,2,356.75,2opt,notBad
4977,5,485.78999999999957,2,356.75,move,improve
4978,5,485.78999999999957,2,356.75,move,improve
4979,5,485.78999999999957,2,356.75,2opt,notBad
4980,5,485.78999999999957,2,356.75,move,improve
4981,5,485.78999999999957,2,356.75,swap,notBad
4982,5,485.78999999999957,2,356.75,2opt,notBad
4983,5,485.78999999999957,2,356.75,move,improve
4984,5,485.78999999999957,2,356.75,swap,notBad
4985,5,485.78999999999957,2,356.75,swap,notBad
4986,5,485.78999999999957,2,356.75,move,improve
4987,5,485.78999999999957,2,356.75,swap,notBad
4988,5,485.78999999999957,2,356.75,2opt,notBad
4989,5,484.6699999999996,2,356.75,move,improve
4990,5,484.6699999999996,2,356.75,2opt,notBad
4991,5,483.79999999999967,2,356.75,move,improve
4992,5,483.79999999999967,2,356.75,swap,notBad
4993,5,483.79999999999967,2,356.75,2opt,notBad
4994,5,483.79999999999967,2,356.75,2opt,notBad
4995,5,483.79999999999967,2,356.75,2opt,notBad
4996,5,483.79999999999967,2,356.75,swap,notBad
4997,5,483.79999999999967,2,356.75,2opt,notBad
4998,5,483.79999999999967,2,356.75,swap,notBad
4999,5,483.79999999999967,2,356.75,swap,notBad
5000,5,483.79999999999967,2,356.75,2opt,notBad
5001,5,477.6199999999998,2,356.75,move,improve
5002,5,474.66999999999973,2,356.75,move,improve
5003,5,474.66999999999973,2,356.75,swap,notBad
5004,5,474.66999999999973,2,356.75,move,improve
5005,5,474.66999999999973,2,356.75,move,improve
5006,5,474.66999999999973,2,356.75,swap,notBad
5007,5,474.66999999999973,2,356.75,swap,notBad
5008,5,474.66999999999973,2,356.75,swap,notBad
5009,5,474.66999999999973,2,356.75,move,improve
5010,5,474.66999999999973,2,356.75,swap,notBad
5011,5,474.66999999999973,2,356.75,move,improve
5012,5,474.66999999999973,2,356.75,2opt,notBad
5013,5,474.66999999999973,2,356.75,2opt,notBad
5014,5,480.5999999999998,2,356.75,swap,acceptBad
5015,5,480.5999999999998,2,356.75,2opt,notBad
5016,5,480.5999999999998,2,356.75,2opt,notBad
5017,5,480.5999999999998,2,356.75,swap,notBad
5018,5,480.5999999999998,2,356.75,2opt,notBad
5019,5,480.5999999999998,2,356.75,2opt,notBad
5020,5,479.39999999999975,2,356.75,move,improve
5021,5,479.39999999999975,2,356.75,swap,notBad
5022,5,479.39999999999975,2,356.75,swap,notBad
5023,5,479.39999999999975,2,356.75,swap,notBad
5024,5,479.39999999999975,2,356.75,2opt,notBad
5025,5,479.39999999999975,2,356.75,2opt,notBad
5026,5,479.39999999999975,2,356.75,move,improve
5027,5,479.39999999999975,2,356.75,move,improve
5028,5,479.39999999999975,2,356.75,move,improve
5029,5,479.39999999999975,2,356.75,move,improve
5030,5,479.39999999999975,2,356.75,move,improve
5031,5,479.39999999999975,2,356.75,move,improve
5032,5,479.39999999999975,2,356.75,move,improve
5033,5,479.39999999999975,2,356.75,2opt,notBad
5034,5,479.39999999999975,2,356.75,2opt,improve
5035,5,479.28999999999974,2,356.75,move,improve
5036,5,479.28999999999974,2,356.75,swap,notBad
5037,5,479.28999999999974,2,356.75,move,improve
5038,5,479.28999999999974,2,356.75,move,improve
5039,5,479.28999999999974,2,356.75,swap,notBad
5040,5,479.28999999999974,2,356.75,swap,notBad
5041,5,479.28999999999974,2,356.75,swap,notBad
5042,5,479.28999999999974,2,356.75,move,improve
5043,5,479.28999999999974,2,356.75,move,improve
5044,5,479.28999999999974,2,356.75,move,improve
5045,5,479.28999999999974,2,356.75,2opt,improve
5046,5,479.28999999999974,2,356.75,2opt,notBad
5047,5,479.28999999999974,2,356.75,2opt,notBad
5048,5,479.28999999999974,2,356.75,2opt,notBad
5049,5,479.28999999999974,2,356.75,swap,notBad
5050,5,479.28999999999974,2,356.75,2opt,notBad
5051,5,479.28999999999974,2,356.75,move,improve
5052,5,479.28999999999974,2,356.75,move,improve
5053,5,479.28999999999974,2,356.75,move,improve
5054,5,479.28999999999974,2,356.75,move,improve
5055,5,479.28999999999974,2,356.75,2opt,notBad
5056,5,479.28999999999974,2,356.75,swap,notBad
5057,5,479.28999999999974,2,356.75,move,improve
5058,5,479.28999999999974,2,356.75,move,improve
5059,5,479.28999999999974,2,356.75,2opt,notBad
5060,5,479.28999999999974,2,356.75,move,improve
5061,5,480.8799999999997,2,356.75,2opt,acceptBad
5062,5,480.8799999999997,2,356.75,2opt,notBad
5063,5,480.8799999999997,2,356.75,2opt,notBad
5064,5,480.8799999999997,2,356.75,2opt,notBad
5065,5,480.8799999999997,2,356.75,swap,notBad
5066,5,480.8799999999997,2,356.75,move,improve
5067,5,488.38999999999953,2,356.75,swap,acceptBad
5068,5,488.38999999999953,2,356.75,swap,notBad
5069,5,488.38999999999953,2,356.75,move,improve
5070,5,492.41999999999973,2,356.75,swap,acceptBad
5071,5,492.41999999999973,2,356.75,2opt,notBad
5072,5,492.41999999999973,2,356.75,move,improve
5073,5,492.41999999999973,2,356.75,swap,notBad
5074,5,492.41999999999973,2,356.75,swap,notBad
5075,5,492.41999999999973,2,356.75,swap,notBad
5076,5,492.41999999999973,2,356.75,2opt,improve
5077,5,492.41999999999973,2,356.75,move,improve
5078,5,492.41999999999973,2,356.75,move,improve
5079,5,492.41999999999973,2,356.75,move,improve
5080,5,492.41999999999973,2,356.75,swap,notBad
5081,5,492.41999999999973,2,356.75,swap,notBad
5082,5,491.3599999999997,2,356.75,move,improve
5083,5,491.3599999999997,2,356.75,move,improve
5084,5,491.3599999999997,2,356.75,2opt,notBad
5085,5,491.3599999999997,2,356.75,2opt,improve
5086,5,491.3599999999997,2,356.75,2opt,improve
5087,5,491.3599999999997,2,356.75,swap,notBad
5088,5,491.3599999999997,2,356.75,move,improve
5089,5,491.24999999999983,2,356.75,move,improve
5090,5,491.24999999999983,2,356.75,swap,notBad
5091,5,491.24999999999983,2,356.75,move,notBad
5092,5,491.24999999999983,2,356.75,swap,notBad
5093,5,491.24999999999983,2,356.75,move,improve
5094,5,491.24999999999983,2,356.75,2opt,notBad
5095,5,491.24999999999983,2,356.75,swap,notBad
5096,5,494.3399999999998,2,356.75,swap,acceptBad
5097,5,494.3099999999998,2,356.75,move,improve
5098,5,494.3099999999998,2,356.75,2opt,notBad
5099,5,494.3099999999998,2,356.75,swap,notBad
5100,5,494.3099999999998,2,356.75,2opt,notBad
5101,5,494.3099999999998,2,356.75,move,improve
5102,5,494.3099999999998,2,356.75,swap,notBad
5103,5,494.3099999999998,2,356.75,swap,notBad
5104,5,494.3099999999998,2,356.75,swap,notBad
5105,5,494.3099999999998,2,356.75,swap,notBad
5106,5,494.3099999999998,2,356.75,2opt,notBad
5107,5,494.3099999999998,2,356.75,2opt,notBad
5108,5,494.3099999999998,2,356.75,move,improve
5109,5,497.0599999999995,2,356.75,swap,acceptBad
5110,5,496.5799999999995,2,356.75,move,improve
5111,5,507.4199999999995,2,356.75,swap,acceptBad
5112,5,493.7099999999995,2,356.75,move,improve
5113,5,493.7099999999995,2,356.75,2opt,notBad
5114,5,493.7099999999995,2,356.75,swap,notBad
5115,5,493.7099999999995,2,356.75,swap,notBad
5116,5,493.7099999999995,2,356.75,2opt,notBad
5117,5,493.7099999999995,2,356.75,swap,notBad
5118,5,493.7099999999995,2,356.75,move,improve
5119,5,493.7099999999995,2,356.75,swap,notBad
5120,5,490.4099999999996,2,356.75,move,improve
5121,5,490.4099999999996,2,356.75,swap,notBad
5122,5,490.4099999999996,2,356.75,move,improve
5123,5,490.4099999999996,2,356.75,swap,notBad
5124,5,489.6899999999996,2,356.75,move,improve
5125,5,489.6899999999996,2,356.75,2opt,notBad
5126,5,489.6899999999996,2,356.75,2opt,notBad
5127,5,489.6899999999996,2,356.75,swap,notBad
5128,5,489.6899999999996,2,356.75,move,improve
5129,5,489.6899999999996,2,356.75,2opt,notBad
5130,5,489.6899999999996,2,356.75,2opt,notBad
5131,5,489.6899999999996,2,356.75,2opt,notBad
5132,5,489.6899999999996,2,356.75,2opt,notBad
5133,5,489.6899999999996,2,356.75,swap,notBad
5134,5,489.6899999999996,2,356.75,2opt,notBad
5135,5,489.6899999999996,2,356.75,move,improve
5136,5,489.6899999999996,2,356.75,move,improve
5137,5,489.6899999999996,2,356.75,2opt,notBad
5138,5,489.6899999999996,2,356.75,swap,notBad
5139,5,489.6899999999996,2,356.75,swap,notBad
5140,5,489.6899999999996,2,356.75,move,improve
5141,5,487.8599999999996,2,356.75,swap,improve
5142,5,487.8599999999996,2,356.75,move,improve
5143,5,487.8599999999996,2,356.75,2opt,notBad
5144,5,487.8599999999996,2,356.75,move,improve
5145,5,487.2899999999996,2,356.75,move,improve
5146,5,487.2899999999996,2,356.75,2opt,notBad
5147,5,487.2899999999996,2,356.75,move,improve
5148,5,487.2899999999996,2,356.75,swap,notBad
5149,5,487.2299999999997,2,356.75,move,improve
5150,5,487.2299999999997,2,356.75,swap,notBad
5151,5,487.2299999999997,2,356.75,move,improve
5152,5,487.2299999999997,2,356.75,2opt,notBad
5153,5,495.5200000000002,2,356.75,swap,acceptBad
5154,5,495.5200000000002,2,356.75,swap,notBad
5155,5,495.5200000000002,2,356.75,move,improve
5156,5,495.5200000000002,2,356.75,swap,notBad
5157,5,495.5200000000002,2,356.75,swap,notBad
5158,5,495.5200000000002,2,356.75,2opt,notBad
5159,5,494.2599999999994,2,356.75,swap,improve
5160,5,494.2599999999994,2,356.75,move,improve
5161,5,494.2599999999994,2,356.75,2opt,improve
5162,5,494.2599999999994,2,356.75,move,improve
5163,5,494.2599999999994,2,356.75,2opt,notBad
5164,5,494.2599999999994,2,356.75,swap,notBad
5165,5,494.2599999999994,2,356.75,move,improve
5166,5,501.21999999999986,2,356.75,swap,acceptBad
5167,5,501.21999999999986,2,356.75,swap,notBad
5168,5,501.21999999999986,2,356.75,2opt,improve
5169,5,501.21999999999986,2,356.75,swap,notBad
5170,5,501.21999999999986,2,356.75,2opt,notBad
5171,5,501.21999999999986,2,356.75,swap,notBad
5172,5,501.21999999999986,2,356.75,2opt,improve
5173,5,501.21999999999986,2,356.75,2opt,notBad
5174,5,501.21999999999986,2,356.75,2opt,notBad
5175,5,500.91999999999985,2,356.75,move,improve
5176,5,500.91999999999985,2,356.75,2opt,improve
5177,5,500.7999999999999,2,356.75,move,improve
5178,5,500.7999999999999,2,356.75,move,improve
5179,5,500.7999999999999,2,356.75,move,improve
5180,5,500.7999999999999,2,356.75,2opt,notBad
5181,5,500.7999999999999,2,356.75,move,improve
5182,5,500.7999999999999,2,356.75,2opt,notBad
5183,5,500.7999999999999,2,356.75,2opt,notBad
5184,5,500.7999999999999,2,356.75,move,improve
5185,5,500.7999999999999,2,356.75,2opt,notBad
5186,5,500.7999999999999,2,356.75,move,improve
5187,5,500.7999999999999,2,356.75,2opt,notBad
5188,5,500.7399999999999,2,356.75,swap,improve
5189,5,500.7399999999999,2,356.75,2opt,notBad
5190,5,500.7399999999999,2,356.75,2opt,notBad
5191,5,500.7399999999999,2,356.75,move,improve
5192,5,486.5199999999997,2,356.75,move,improve
5193,5,486.5199999999997,2,356.75,swap,notBad
5194,5,486.5199999999997,2,356.75,move,improve
5195,5,486.5199999999997,2,356.75,swap,notBad
5196,5,480.0899999999995,2,356.75,move,improve
5197,5,480.0899999999995,2,356.75,move,improve
5198,5,480.0899999999995,2,356.75,2opt,notBad
5199,5,479.0899999999996,2,356.75,move,improve
5200,5,479.0899999999996,2,356.75,2opt,notBad
5201,5,479.0899999999996,2,356.75,2opt,notBad
5202,5,479.0899999999996,2,356.75,move,improve
5203,5,479.0899999999996,2,356.75,swap,notBad
5204,5,479.0899999999996,2,356.75,2opt,notBad
5205,5,479.0899999999994,2,356.75,move,improve
5206,5,485.50999999999965,2,356.75,swap,acceptBad
5207,5,485.50999999999965,2,356.75,swap,notBad
5208,5,485.50999999999965,2,356.75,move,improve
5209,5,485.50999999999965,2,356.75,2opt,notBad
5210,5,485.50999999999965,2,356.75,swap,notBad
5211,5,480.12999999999926,2,356.75,2opt,improve
5212,5,480.12999999999926,2,356.75,2opt,notBad
5213,5,480.12999999999926,2,356.75,2opt,notBad
5214,5,480.12999999999926,2,356.75,2opt,notBad
5215,5,480.12999999999926,2,356.75,swap,notBad
5216,5,480.12999999999926,2,356.75,2opt,notBad
5217,5,476.13999999999936,2,356.75,move,improve
5218,5,476.13999999999936,2,356.75,move,improve
5219,5,476.13999999999936,2,356.75,swap,notBad
5220,5,476.13999999999936,2,356.75,move,improve
5221,5,476.13999999999936,2,356.75,swap,notBad
5222,5,476.13999999999936,2,356.75,2opt,notBad
5223,5,476.13999999999936,2,356.75,swap,notBad
5224,5,476.13999999999936,2,356.75,move,improve
5225,5,476.13999999999936,2,356.75,swap,notBad
5226,5,476.13999999999936,2,356.75,move,improve
5227,5,476.13999999999936,2,356.75,move,improve
5228,5,476.13999999999936,2,356.75,swap,notBad
5229,5,476.13999999999936,2,356.75,swap,notBad
5230,5,476.13999999999936,2,356.75,move,improve
5231,5,476.13999999999936,2,356.75,move,improve
5232,5,476.13999999999936,2,356.75,swap,notBad
5233,5,471.3899999999994,2,356.75,move,improve
5234,5,477.6399999999997,2,356.75,swap,acceptBad
5235,5,477.6399999999997,2,356.75,swap,notBad
5236,5,477.6399999999997,2,356.75,move,improve
5237,5,477.6399999999997,2,356.75,2opt,notBad
5238,5,477.6399999999997,2,356.75,swap,notBad
5239,5,477.6399999999997,2,356.75,swap,notBad
5240,5,477.6399999999997,2,356.75,move,improve
5241,5,474.04999999999984,2,356.75,move,improve
5242,5,474.04999999999984,2,356.75,move,improve
5243,5,474.04999999999984,2,356.75,move,improve
5244,5,474.04999999999984,2,356.75,2opt,notBad
5245,5,474.04999999999984,2,356.75,swap,notBad
5246,5,474.04999999999984,2,356.75,swap,notBad
5247,5,474.04999999999984,2,356.75,2opt,notBad
5248,5,474.04999999999984,2,356.75,2opt,notBad
5249,5,474.04999999999984,2,356.75,move,improve
5250,5,474.04999999999984,2,356.75,2opt,notBad
5251,5,474.04999999999984,2,356.75,move,improve
5252,5,470.6499999999999,2,356.75,move,improve
5253,5,470.6499999999999,2,356.75,move,improve
5254,5,470.6499999999999,2,356.75,swap,notBad
5255,5,470.6499999999999,2,356.75,move,improve
5256,5,470.6499999999999,2,356.75,move,improve
5257,5,470.6499999999999,2,356.75,move,improve
5258,5,470.6499999999999,2,356.75,swap,notBad
5259,5,470.6499999999999,2,356.75,swap,notBad
5260,5,470.6499999999999,2,356.75,swap,notBad
5261,5,470.6499999999999,2,356.75,2opt,improve
5262,5,471.9999999999999,2,356.75,swap,acceptBad
5263,5,471.9999999999999,2,356.75,swap,notBad
5264,5,471.9999999999999,2,356.75,move,improve
5265,5,471.9999999999999,2,356.75,move,improve
5266,5,470.6499999999999,2,356.75,move,improve
5267,5,470.6499999999999,2,356.75,move,improve
5268,5,470.6499999999999,2,356.75,swap,notBad
5269,5,470.6499999999999,2,356.75,move,improve
5270,5,470.6499999999999,2,356.75,move,improve
5271,5,478.65,2,356.75,swap,acceptBad
5272,5,478.65,2,356.75,move,improve
5273,5,478.65,2,356.75,move,improve
5274,5,478.65,2,356.75,move,improve
5275,5,478.65,2,356.75,2opt,notBad
5276,5,478.65,2,356.75,2opt,notBad
5277,5,478.65,2,356.75,2opt,notBad
5278,5,478.65,2,356.75,swap,notBad
5279,5,478.65,2,356.75,2opt,notBad
5280,5,478.65,2,356.75,move,improve
5281,5,480.93,2,356.75,swap,acceptBad
5282,5,480.93,2,356.75,swap,notBad
5283,5,480.93,2,356.75,swap,notBad
5284,5,480.93,2,356.75,2opt,improve
5285,5,480.93,2,356.75,swap,notBad
5286,5,480.93,2,356.75,2opt,notBad
5287,5,480.93,2,356.75,2opt,notBad
5288,5,481.0799999999999,2,356.75,swap,acceptBad
5289,5,481.0799999999999,2,356.75,swap,notBad
5290,5,481.0799999999999,2,356.75,swap,notBad
5291,5,481.0799999999999,2,356.75,move,improve
5292,5,481.0799999999999,2,356.75,move,improve
5293,5,481.0799999999999,2,356.75,2opt,notBad
5294,5,481.0799999999999,2,356.75,2opt,improve
5295,5,481.0799999999999,2,356.75,swap,notBad
5296,5,477.1699999999998,2,356.75,move,improve
5297,5,477.1699999999998,2,356.75,swap,notBad
5298,5,476.89999999999986,2,356.75,move,improve
5299,5,476.89999999999986,2,356.75,2opt,notBad
5300,5,476.89999999999986,2,356.75,move,improve
5301,5,476.89999999999986,2,356.75,swap,notBad
5302,5,476.89999999999986,2,356.75,swap,notBad
5303,5,476.89999999999986,2,356.75,swap,notBad
5304,5,476.89999999999986,2,356.75,2opt,notBad
5305,5,476.89999999999986,2,356.75,move,improve
5306,5,476.89999999999986,2,356.75,swap,notBad
5307,5,476.89999999999986,2,356.75,2opt,notBad
5308,5,476.89999999999986,2,356.75,swap,notBad
5309,5,476.89999999999986,2,356.75,swap,notBad
5310,5,476.89999999999986,2,356.75,move,improve
5311,5,476.89999999999986,2,356.75,move,improve
5312,5,476.89999999999986,2,356.75,2opt,notBad
5313,5,476.89999999999986,2,356.75,move,improve
5314,5,470.8800000000003,2,356.75,move,improve
5315,5,470.8800000000003,2,356.75,move,improve
5316,5,470.8800000000003,2,356.75,move,improve
5317,5,470.8800000000003,2,356.75,2opt,notBad
5318,5,470.8800000000003,2,356.75,move,improve
5319,5,470.8800000000003,2,356.75,2opt,notBad
5320,5,470.8800000000003,2,356.75,swap,notBad
5321,5,470.8800000000003,2,356.75,swap,notBad
5322,5,470.8800000000003,2,356.75,swap,notBad
5323,5,470.73000000000013,2,356.75,move,improve
5324,5,470.73000000000013,2,356.75,2opt,notBad
5325,5,470.73000000000013,2,356.75,swap,notBad
5326,5,470.73000000000013,2,356.75,swap,notBad
5327,5,470.73000000000013,2,356.75,2opt,notBad
5328,5,470.73000000000013,2,356.75,move,improve
5329,5,468.9000000000001,2,356.75,move,improve
5330,5,468.9000000000001,2,356.75,move,improve
5331,5,468.9000000000001,2,356.75,move,improve
5332,5,468.9000000000001,2,356.75,2opt,notBad
5333,5,468.9000000000001,2,356.75,move,improve
5334,5,468.9000000000001,2,356.75,2opt,notBad
5335,5,468.9000000000001,2,356.75,2opt,notBad
5336,5,468.9000000000001,2,356.75,2opt,notBad
5337,5,468.9000000000001,2,356.75,move,improve
5338,5,468.9000000000001,2,356.75,swap,notBad
5339,5,468.9000000000001,2,356.75,move,improve
5340,5,468.9000000000001,2,356.75,swap,notBad
5341,5,468.9000000000001,2,356.75,move,improve
5342,5,468.9000000000001,2,356.75,move,improve
5343,5,468.9000000000001,2,356.75,2opt,notBad
5344,5,468.9000000000001,2,356.75,swap,notBad
5345,5,468.9000000000001,2,356.75,move,improve
5346,5,468.9000000000001,2,356.75,2opt,notBad
5347,5,468.9000000000001,2,356.75,swap,notBad
5348,5,468.9000000000001,2,356.75,swap,notBad
5349,5,468.9000000000001,2,356.75,swap,notBad
5350,5,468.9000000000001,2,356.75,move,improve
5351,5,468.9000000000001,2,356.75,move,improve
5352,5,468.9000000000001,2,356.75,swap,notBad
5353,5,468.9000000000001,2,356.75,2opt,notBad
5354,5,468.9000000000001,2,356.75,swap,notBad
5355,5,468.9000000000001,2,356.75,swap,notBad
5356,5,468.9000000000001,2,356.75,2opt,notBad
5357,5,468.9000000000001,2,356.75,move,improve
5358,5,468.9000000000001,2,356.75,2opt,notBad
5359,5,468.9000000000001,2,356.75,move,improve
5360,5,468.9000000000001,2,356.75,move,improve
5361,5,468.9000000000001,2,356.75,swap,notBad
5362,5,468.9000000000001,2,356.75,swap,notBad
5363,5,468.9000000000001,2,356.75,2opt,notBad
5364,5,468.9000000000001,2,356.75,2opt,notBad
5365,5,468.9000000000001,2,356.75,move,improve
5366,5,468.9000000000001,2,356.75,2opt,notBad
5367,5,468.9000000000001,2,356.75,move,improve
5368,5,468.9000000000001,2,356.75,move,improve
5369,5,468.9000000000001,2,356.75,2opt,notBad
5370,5,468.9000000000001,2,356.75,swap,notBad
5371,5,468.9000000000001,2,356.75,2opt,notBad
5372,5,468.9000000000001,2,356.75,2opt,notBad
5373,5,468.9000000000001,2,356.75,2opt,notBad
5374,5,468.9000000000001,2,356.75,2opt,notBad
5375,5,468.9000000000001,2,356.75,move,improve
5376,5,468.9000000000001,2,356.75,swap,notBad
5377,5,468.9000000000001,2,356.75,2opt,notBad
5378,5,468.9000000000001,2,356.75,move,improve
5379,5,468.9000000000001,2,356.75,move,improve
5380,5,468.9000000000001,2,356.75,2opt,notBad
5381,5,468.9000000000001,2,356.75,2opt,notBad
5382,5,464.4600000000001,2,356.75,move,improve
5383,5,464.4600000000001,2,356.75,2opt,notBad
5384,5,464.4600000000001,2,356.75,2opt,notBad
5385,5,464.4600000000001,2,356.75,move,improve
5386,5,464.4600000000001,2,356.75,2opt,notBad
5387,5,464.4600000000001,2,356.75,move,improve
5388,5,464.4600000000001,2,356.75,swap,notBad
5389,5,464.4600000000001,2,356.75,move,improve
5390,5,464.4600000000001,2,356.75,move,improve
5391,5,464.4600000000001,2,356.75,2opt,notBad
5392,5,464.4600000000001,2,356.75,2opt,notBad
5393,5,464.4600000000001,2,356.75,2opt,improve
5394,5,470.0500000000003,2,356.75,swap,acceptBad
5395,5,470.0500000000003,2,356.75,2opt,notBad
5396,5,470.0500000000003,2,356.75,move,improve
5397,5,470.0500000000003,2,356.75,swap,notBad
5398,5,470.0500000000003,2,356.75,swap,notBad
5399,5,470.0500000000003,2,356.75,2opt,improve
5400,5,470.0500000000003,2,356.75,move,improve
5401,5,470.0500000000003,2,356.75,move,improve
5402,5,470.0500000000003,2,356.75,2opt,notBad
5403,5,470.0500000000003,2,356.75,move,improve
5404,5,470.0500000000003,2,356.75,2opt,notBad
5405,5,470.0500000000003,2,356.75,swap,notBad
5406,5,470.0500000000003,2,356.75,2opt,notBad
5407,5,470.0500000000003,2,356.75,move,improve
5408,5,470.0500000000003,2,356.75,2opt,notBad
5409,5,470.0500000000003,2,356.75,swap,notBad
5410,5,470.0500000000003,2,356.75,swap,notBad
5411,5,469.43000000000046,2,356.75,swap,improve
5412,5,469.43000000000046,2,356.75,move,improve
5413,5,469.43000000000046,2,356.75,move,improve
5414,5,469.43000000000046,2,356.75,2opt,notBad
5415,5,469.43000000000046,2,356.75,move,improve
5416,5,478.38000000000056,2,356.75,swap,acceptBad
5417,5,478.38000000000056,2,356.75,2opt,notBad
5418,5,471.1300000000007,2,356.75,move,improve
5419,5,471.1300000000007,2,356.75,move,improve
5420,5,471.1300000000007,2,356.75,2opt,notBad
5421,5,471.1300000000007,2,356.75,2opt,notBad
5422,5,471.1300000000007,2,356.75,move,improve
5423,5,471.1300000000007,2,356.75,2opt,notBad
5424,5,471.1300000000007,2,356.75,move,improve
5425,5,471.1300000000007,2,356.75,2opt,notBad
5426,5,471.1300000000007,2,356.75,2opt,improve
5427,5,471.1300000000007,2,356.75,2opt,notBad
5428,5,471.1300000000007,2,356.75,2opt,notBad
5429,5,469.30000000000064,2,356.75,move,improve
5430,5,469.30000000000064,2,356.75,swap,notBad
5431,5,469.30000000000064,2,356.75,move,improve
5432,5,469.30000000000064,2,356.75,move,improve
5433,5,469.30000000000064,2,356.75,2opt,notBad
5434,5,469.30000000000064,2,356.75,move,improve
5435,5,469.30000000000064,2,356.75,move,improve
5436,5,469.30000000000064,2,356.75,swap,notBad
5437,5,469.30000000000064,2,356.75,2opt,notBad
5438,5,469.30000000000064,2,356.75,swap,notBad
5439,5,469.30000000000064,2,356.75,2opt,notBad
5440,5,469.30000000000064,2,356.75,move,improve
5441,5,469.30000000000064,2,356.75,move,improve
5442,5,469.30000000000064,2,356.75,move,improve
5443,5,475.50000000000074,2,356.75,swap,acceptBad
5444,5,475.50000000000074,2,356.75,2opt,notBad
5445,5,475.50000000000074,2,356.75,move,improve
5446,5,475.50000000000074,2,356.75,2opt,notBad
5447,5,475.50000000000074,2,356.75,2opt,notBad
5448,5,475.50000000000074,2,356.75,swap,notBad
5449,5,475.50000000000074,2,356.75,move,improve
5450,5,475.50000000000074,2,356.75,2opt,notBad
5451,5,475.50000000000074,2,356.75,2opt,notBad
5452,5,475.50000000000074,2,356.75,2opt,notBad
5453,5,475.50000000000074,2,356.75,move,improve
5454,5,475.50000000000074,2,356.75,move,improve
5455,5,475.50000000000074,2,356.75,swap,notBad
5456,5,475.50000000000074,2,356.75,move,improve
5457,5,475.4200000000005,2,356.75,move,improve
5458,5,475.4200000000005,2,356.75,2opt,notBad
5459,5,475.4200000000005,2,356.75,2opt,notBad
5460,5,475.4200000000005,2,356.75,swap,notBad
5461,5,475.4200000000005,2,356.75,2opt,improve
5462,5,475.4200000000005,2,356.75,swap,notBad
5463,5,475.4200000000005,2,356.75,move,improve
5464,5,475.4200000000005,2,356.75,move,improve
5465,5,475.4200000000005,2,356.75,swap,notBad
5466,5,475.4200000000005,2,356.75,2opt,notBad
5467,5,475.4200000000005,2,356.75,2opt,notBad
5468,5,475.4200000000005,2,356.75,move,improve
5469,5,475.4200000000005,2,356.75,move,improve
5470,5,475.4200000000005,2,356.75,swap,notBad
5471,5,475.4200000000005,2,356.75,2opt,notBad
5472,5,475.4200000000005,2,356.75,swap,notBad
5473,5,475.4200000000005,2,356.75,move,improve
5474,5,475.4200000000005,2,356.75,move,improve
5475,5,475.4200000000005,2,356.75,2opt,notBad
5476,5,475.4200000000005,2,356.75,2opt,notBad
5477,5,475.4200000000005,2,356.75,2opt,notBad
5478,5,475.4200000000005,2,356.75,2opt,notBad
5479,5,475.4200000000005,2,356.75,swap,notBad
5480,5,475.4200000000005,2,356.75,2opt,improve
5481,5,475.4200000000005,2,356.75,2opt,notBad
5482,5,475.4200000000005,2,356.75,swap,notBad
5483,5,475.4200000000005,2,356.75,move,improve
5484,5,475.4200000000005,2,356.75,swap,notBad
5485,5,475.4200000000005,2,356.75,swap,notBad
5486,5,475.4200000000005,2,356.75,move,improve
5487,5,475.4200000000005,2,356.75,move,improve
5488,5,475.4200000000005,2,356.75,2opt,notBad
5489,5,475.4200000000005,2,356.75,move,improve
5490,5,474.9100000000005,2,356.75,swap,improve
5491,5,474.9100000000005,2,356.75,swap,notBad
5492,5,474.9100000000005,2,356.75,swap,notBad
5493,5,474.9100000000005,2,356.75,2opt,notBad
5494,5,474.9100000000005,2,356.75,2opt,notBad
5495,5,474.9100000000005,2,356.75,2opt,improve
5496,5,474.9100000000005,2,356.75,swap,notBad
5497,5,474.9100000000005,2,356.75,2opt,notBad
5498,5,474.9100000000005,2,356.75,2opt,improve
5499,5,474.9100000000005,2,356.75,move,improve
5500,5,474.9100000000005,2,356.75,move,improve
5501,5,474.9100000000005,2,356.75,2opt,notBad
5502,5,474.9100000000005,2,356.75,swap,notBad
5503,5,472.5900000000005,2,356.75,swap,improve
5504,5,472.5900000000005,2,356.75,move,improve
5505,5,472.5900000000005,2,356.75,2opt,improve
5506,5,470.70999999999924,2,356.75,move,improve
5507,5,470.70999999999924,2,356.75,swap,notBad
5508,5,470.70999999999924,2,356.75,move,improve
5509,5,470.70999999999924,2,356.75,move,improve
5510,5,470.70999999999924,2,356.75,2opt,notBad
5511,5,470.70999999999924,2,356.75,swap,notBad
5512,5,463.23000000000013,2,356.75,move,improve
5513,5,462.89000000000016,2,356.75,move,improve
5514,5,462.89000000000016,2,356.75,2opt,notBad
5515,5,462.89000000000016,2,356.75,2opt,notBad
5516,5,462.89000000000016,2,356.75,2opt,notBad
5517,5,462.89000000000016,2,356.75,2opt,notBad
5518,5,462.89000000000016,2,356.75,swap,notBad
5519,5,462.89000000000016,2,356.75,swap,notBad
5520,5,462.89000000000016,2,356.75,move,improve
5521,5,462.89000000000016,2,356.75,swap,notBad
5522,5,462.89000000000016,2,356.75,move,improve
5523,5,462.89000000000016,2,356.75,swap,notBad
5524,5,462.89000000000016,2,356.75,2opt,notBad
5525,5,462.89000000000016,2,356.75,move,improve
5526,5,462.04000000000025,2,356.75,move,improve
5527,5,462.04000000000025,2,356.75,swap,notBad
5528,5,469.91999999999996,2,356.75,swap,acceptBad
5529,5,469.91999999999996,2,356.75,2opt,notBad
5530,5,469.91999999999996,2,356.75,2opt,notBad
5531,5,469.91999999999996,2,356.75,swap,notBad
5532,5,469.91999999999996,2,356.75,move,improve
5533,5,469.91999999999996,2,356.75,move,improve
5534,5,469.91999999999996,2,356.75,move,improve
5535,5,469.91999999999996,2,356.75,2opt,notBad
5536,5,469.91999999999996,2,356.75,2opt,improve
5537,5,469.91999999999996,2,356.75,swap,notBad
5538,5,469.91999999999996,2,356.75,move,improve
5539,5,469.77000000000015,2,356.75,move,improve
5540,5,469.77000000000015,2,356.75,move,improve
5541,5,469.77000000000015,2,356.75,move,improve
5542,5,469.77000000000015,2,356.75,swap,notBad
5543,5,469.77000000000015,2,356.75,2opt,notBad
5544,5,469.77000000000015,2,356.75,2opt,notBad
5545,5,469.77000000000015,2,356.75,2opt,notBad
5546,5,469.77000000000015,2,356.75,move,improve
5547,5,469.77000000000015,2,356.75,swap,notBad
5548,5,469.77000000000015,2,356.75,swap,notBad
5549,5,469.77000000000015,2,356.75,2opt,notBad
5550,5,469.77000000000015,2,356.75,2opt,notBad
5551,5,469.77000000000015,2,356.75,2opt,notBad
5552,5,461.42999999999995,2,356.75,move,improve
5553,5,461.42999999999995,2,356.75,2opt,notBad
5554,5,461.42999999999995,2,356.75,move,improve
5555,5,461.42999999999995,2,356.75,swap,notBad
5556,5,461.42999999999995,2,356.75,2opt,notBad
5557,5,461.42999999999995,2,356.75,swap,notBad
5558,5,461.42999999999995,2,356.75,move,improve
5559,5,461.42999999999995,2,356.75,2opt,notBad
5560,5,461.42999999999995,2,356.75,2opt,improve
5561,5,461.42999999999995,2,356.75,2opt,notBad
5562,5,461.42999999999995,2,356.75,swap,notBad
5563,5,461.42999999999995,2,356.75,move,improve
5564,5,461.42999999999995,2,356.75,2opt,notBad
5565,5,461.42999999999995,2,356.75,swap,notBad
5566,5,461.42999999999995,2,356.75,swap,notBad
5567,5,461.42999999999995,2,356.75,2opt,notBad
5568,5,461.42999999999995,2,356.75,swap,notBad
5569,5,461.42999999999995,2,356.75,swap,notBad
5570,5,461.42999999999995,2,356.75,move,improve
5571,5,461.42999999999995,2,356.75,2opt,notBad
5572,5,461.42999999999995,2,356.75,swap,notBad
5573,5,461.42999999999995,2,356.75,swap,notBad
5574,5,461.42999999999995,2,356.75,move,improve
5575,5,461.42999999999995,2,356.75,2opt,notBad
5576,5,461.42999999999995,2,356.75,2opt,notBad
5577,5,461.42999999999995,2,356.75,2opt,notBad
5578,5,461.42999999999995,2,356.75,swap,notBad
5579,5,461.42999999999995,2,356.75,swap,notBad
5580,5,461.42999999999995,2,356.75,2opt,notBad
5581,5,461.42999999999995,2,356.75,swap,notBad
5582,5,461.42999999999995,2,356.75,move,improve
5583,5,468.2200000000004,2,356.75,swap,acceptBad
5584,5,468.2200000000004,2,356.75,2opt,notBad
5585,5,468.2200000000004,2,356.75,2opt,notBad
5586,5,468.2200000000004,2,356.75,2opt,notBad
5587,5,468.2200000000004,2,356.75,swap,notBad
5588,5,468.2200000000004,2,356.75,swap,notBad
5589,5,468.2200000000004,2,356.75,move,improve
5590,5,468.2200000000004,2,356.75,2opt,notBad
5591,5,468.2200000000004,2,356.75,2opt,improve
5592,5,468.2200000000004,2,356.75,move,improve
5593,5,468.2200000000004,2,356.75,move,improve
5594,5,468.2200000000004,2,356.75,2opt,notBad
5595,5,468.2200000000004,2,356.75,2opt,notBad
5596,5,468.2200000000004,2,356.75,swap,notBad
5597,5,468.2200000000004,2,356.75,2opt,notBad
5598,5,468.2200000000004,2,356.75,2opt,notBad
5599,5,468.2200000000004,2,356.75,swap,notBad
5600,5,468.2200000000004,2,356.75,2opt,notBad
5601,5,468.2200000000004,2,356.75,move,improve
5602,5,468.2200000000004,2,356.75,move,improve
5603,5,468.2200000000004,2,356.75,swap,notBad
5604,5,475.7799999999998,2,356.75,swap,acceptBad
5605,5,475.7799999999998,2,356.75,swap,notBad
5606,5,475.7799999999998,2,356.75,2opt,notBad
5607,5,475.7799999999998,2,356.75,move,improve
5608,5,475.7799999999998,2,356.75,move,improve
5609,5,475.7799999999998,2,356.75,swap,notBad
5610,5,475.7799999999998,2,356.75,move,improve
5611,5,475.7799999999998,2,356.75,2opt,improve
5612,5,475.7799999999998,2,356.75,swap,notBad
5613,5,477.19999999999885,2,356.75,swap,acceptBad
5614,5,477.19999999999885,2,356.75,swap,notBad
5615,5,477.19999999999885,2,356.75,swap,notBad
5616,5,477.19999999999885,2,356.75,move,improve
5617,5,477.19999999999885,2,356.75,swap,notBad
5618,5,477.19999999999885,2,356.75,2opt,notBad
5619,5,477.19999999999885,2,356.75,2opt,improve
5620,5,477.19999999999885,2,356.75,move,improve
5621,5,477.19999999999885,2,356.75,move,improve
5622,5,477.19999999999885,2,356.75,2opt,notBad
5623,5,477.19999999999885,2,356.75,2opt,notBad
5624,5,474.4099999999992,2,356.75,move,improve
5625,5,469.08000000000044,2,356.75,move,improve
5626,5,469.08000000000044,2,356.75,swap,notBad
5627,5,469.08000000000044,2,356.75,swap,notBad
5628,5,469.08000000000044,2,356.75,swap,notBad
5629,5,469.08000000000044,2,356.75,move,improve
5630,5,469.08000000000044,2,356.75,2opt,improve
5631,5,469.08000000000044,2,356.75,2opt,notBad
5632,5,469.08000000000044,2,356.75,2opt,notBad
5633,5,469.08000000000044,2,356.75,swap,notBad
5634,5,469.08000000000044,2,356.75,move,improve
5635,5,469.08000000000044,2,356.75,move,improve
5636,5,469.08000000000044,2,356.75,swap,notBad
5637,5,469.08000000000044,2,356.75,swap,notBad
5638,5,469.08000000000044,2,356.75,move,improve
5639,5,465.7900000000002,2,356.75,move,improve
5640,5,465.7900000000002,2,356.75,move,improve
5641,5,465.7900000000002,2,356.75,swap,notBad
5642,5,465.7900000000002,2,356.75,2opt,notBad
5643,5,465.7900000000002,2,356.75,swap,notBad
5644,5,465.7900000000002,2,356.75,move,improve
5645,5,465.7900000000002,2,356.75,move,improve
5646,5,465.7900000000002,2,356.75,2opt,notBad
5647,5,465.7900000000002,2,356.75,2opt,notBad
5648,5,465.7900000000002,2,356.75,2opt,notBad
5649,5,465.7900000000002,2,356.75,move,improve
5650,5,465.7900000000002,2,356.75,move,improve
5651,5,465.7900000000002,2,356.75,move,improve
5652,5,465.7900000000002,2,356.75,move,improve
5653,5,465.7900000000002,2,356.75,move,improve
5654,5,465.7900000000002,2,356.75,move,improve
5655,5,465.7900000000002,2,356.75,move,improve
5656,5,465.7900000000002,2,356.75,move,improve
5657,5,465.7900000000002,2,356.75,move,improve
5658,5,465.7900000000002,2,356.75,2opt,notBad
5659,5,465.7900000000002,2,356.75,move,improve
5660,5,465.7900000000002,2,356.75,move,improve
5661,5,465.7900000000002,2,356.75,2opt,notBad
5662,5,465.7900000000002,2,356.75,move,improve
5663,5,465.7900000000002,2,356.75,2opt,notBad
5664,5,465.7900000000002,2,356.75,swap,notBad
5665,5,465.7900000000002,2,356.75,move,improve
5666,5,465.7900000000002,2,356.75,move,improve
5667,5,465.7900000000002,2,356.75,swap,notBad
5668,5,465.7900000000002,2,356.75,2opt,notBad
5669,5,465.7900000000002,2,356.75,swap,notBad
5670,5,465.7900000000002,2,356.75,move,improve
5671,5,465.7900000000002,2,356.75,move,improve
5672,5,469.5699999999997,2,356.75,swap,acceptBad
5673,5,469.5699999999997,2,356.75,swap,notBad
5674,5,467.50000000000034,2,356.75,move,improve
5675,5,467.50000000000034,2,356.75,2opt,notBad
5676,5,467.50000000000034,2,356.75,move,improve
5677,5,467.50000000000034,2,356.75,swap,notBad
5678,5,464.32000000000016,2,356.75,move,improve
5679,5,464.32000000000016,2,356.75,swap,notBad
5680,5,464.32000000000016,2,356.75,2opt,notBad
5681,5,464.32000000000016,2,356.75,move,improve
5682,5,464.32000000000016,2,356.75,move,improve
5683,5,464.32000000000016,2,356.75,swap,notBad
5684,5,464.32000000000016,2,356.75,2opt,notBad
5685,5,464.32000000000016,2,356.75,2opt,notBad
5686,5,464.32000000000016,2,356.75,swap,notBad
5687,5,464.32000000000016,2,356.75,2opt,notBad
5688,5,464.32000000000016,2,356.75,swap,notBad
5689,5,464.32000000000016,2,356.75,2opt,improve
5690,5,464.32000000000016,2,356.75,move,improve
5691,5,464.32000000000016,2,356.75,move,improve
5692,5,464.32000000000016,2,356.75,move,improve
5693,5,464.32000000000016,2,356.75,swap,notBad
5694,5,464.32000000000016,2,356.75,2opt,notBad
5695,5,464.32000000000016,2,356.75,swap,notBad
5696,5,464.32000000000016,2,356.75,2opt,notBad
5697,5,464.32000000000016,2,356.75,swap,notBad
5698,5,464.32000000000016,2,356.75,move,improve
5699,5,464.32000000000016,2,356.75,move,improve
5700,5,464.32000000000016,2,356.75,move,improve
5701,5,464.32000000000016,2,356.75,move,improve
5702,5,464.32000000000016,2,356.75,swap,notBad
5703,5,464.32000000000016,2,356.75,2opt,notBad
5704,5,464.32000000000016,2,356.75,swap,notBad
5705,5,464.32000000000016,2,356.75,2opt,notBad
5706,5,464.32000000000016,2,356.75,2opt,notBad
5707,5,464.32000000000016,2,356.75,move,improve
5708,5,464.32000000000016,2,356.75,swap,notBad
5709,5,464.32000000000016,2,356.75,2opt,notBad
5710,5,464.32000000000016,2,356.75,move,improve
5711,5,464.32000000000016,2,356.75,2opt,notBad
5712,5,464.32000000000016,2,356.75,swap,notBad
5713,5,464.32000000000016,2,356.75,move,improve
5714,5,464.32000000000016,2,356.75,2opt,notBad
5715,5,464.32000000000016,2,356.75,2opt,notBad
5716,5,464.32000000000016,2,356.75,swap,notBad
5717,5,464.32000000000016,2,356.75,2opt,notBad
5718,5,464.32000000000016,2,356.75,swap,notBad
5719,5,464.32000000000016,2,356.75,swap,notBad
5720,5,464.32000000000016,2,356.75,move,improve
5721,5,464.32000000000016,2,356.75,2opt,notBad
5722,5,464.32000000000016,2,356.75,swap,notBad
5723,5,464.32000000000016,2,356.75,move,improve
5724,5,464.32000000000016,2,356.75,move,improve
5725,5,464.32000000000016,2,356.75,swap,notBad
5726,5,464.32000000000016,2,356.75,2opt,notBad
5727,5,464.32000000000016,2,356.75,move,improve
5728,5,464.32000000000016,2,356.75,2opt,notBad
5729,5,464.32000000000016,2,356.75,2opt,notBad
5730,5,464.32000000000016,2,356.75,move,improve
5731,5,464.32000000000016,2,356.75,swap,notBad
5732,5,464.32000000000016,2,356.75,swap,notBad
5733,5,464.32000000000016,2,356.75,swap,notBad
5734,5,464.32000000000016,2,356.75,move,improve
5735,5,464.32000000000016,2,356.75,move,improve
5736,5,464.32000000000016,2,356.75,2opt,improve
5737,5,464.32000000000016,2,356.75,swap,notBad
5738,5,464.32000000000016,2,356.75,swap,notBad
5739,5,464.32000000000016,2,356.75,move,improve
5740,5,464.32000000000016,2,356.75,2opt,notBad
5741,5,464.32000000000016,2,356.75,2opt,notBad
5742,5,464.32000000000016,2,356.75,swap,notBad
5743,5,464.21000000000004,2,356.75,swap,improve
5744,5,464.21000000000004,2,356.75,move,improve
5745,5,464.21000000000004,2,356.75,2opt,notBad
5746,5,464.21000000000004,2,356.75,2opt,notBad
5747,5,464.21000000000004,2,356.75,swap,notBad
5748,5,464.21000000000004,2,356.75,2opt,notBad
5749,5,464.21000000000004,2,356.75,swap,notBad
5750,5,464.21000000000004,2,356.75,move,improve
5751,5,464.21000000000004,2,356.75,move,improve
5752,5,464.21000000000004,2,356.75,move,improve
5753,5,463.01999999999913,2,356.75,move,improve
5754,5,463.01999999999913,2,356.75,swap,notBad
5755,5,463.01999999999913,2,356.75,2opt,improve
5756,5,463.01999999999913,2,356.75,2opt,notBad
5757,5,463.01999999999913,2,356.75,2opt,notBad
5758,5,463.01999999999913,2,356.75,move,improve
5759,5,463.01999999999913,2,356.75,2opt,notBad
5760,5,463.01999999999913,2,356.75,swap,notBad
5761,5,463.01999999999913,2,356.75,2opt,notBad
5762,5,463.01999999999913,2,356.75,2opt,notBad
5763,5,463.01999999999913,2,356.75,swap,notBad
5764,5,463.01999999999913,2,356.75,swap,notBad
5765,5,463.01999999999913,2,356.75,2opt,notBad
5766,5,463.01999999999913,2,356.75,move,improve
5767,5,463.01999999999913,2,356.75,2opt,notBad
5768,5,463.01999999999913,2,356.75,swap,notBad
5769,5,463.01999999999913,2,356.75,swap,notBad
5770,5,463.01999999999913,2,356.75,2opt,notBad
5771,5,460.01999999999936,2,356.75,move,improve
5772,5,458.7699999999998,2,356.75,move,improve
5773,5,458.7699999999998,2,356.75,move,improve
5774,5,458.7699999999998,2,356.75,swap,notBad
5775,5,458.7699999999998,2,356.75,move,improve
5776,5,458.7699999999998,2,356.75,2opt,notBad
5777,5,458.7699999999998,2,356.75,2opt,notBad
5778,5,458.7699999999998,2,356.75,2opt,notBad
5779,5,458.7699999999998,2,356.75,swap,notBad
5780,5,458.7699999999998,2,356.75,2opt,notBad
5781,5,458.7699999999998,2,356.75,2opt,notBad
5782,5,458.7699999999998,2,356.75,2opt,notBad
5783,5,458.7699999999998,2,356.75,swap,notBad
5784,5,458.7699999999998,2,356.75,swap,notBad
5785,5,458.7699999999998,2,356.75,move,improve
5786,5,458.7699999999998,2,356.75,2opt,notBad
5787,5,458.7699999999998,2,356.75,move,improve
5788,5,458.7699999999998,2,356.75,move,improve
5789,5,458.7699999999998,2,356.75,swap,notBad
5790,5,458.7699999999998,2,356.75,move,improve
5791,5,458.7699999999998,2,356.75,move,improve
5792,5,458.7699999999998,2,356.75,swap,notBad
5793,5,458.7699999999998,2,356.75,swap,notBad
5794,5,458.7699999999998,2,356.75,swap,notBad
5795,5,458.7699999999998,2,356.75,2opt,notBad
5796,5,458.7699999999998,2,356.75,swap,notBad
5797,5,458.7699999999998,2,356.75,move,improve
5798,5,458.7699999999998,2,356.75,2opt,notBad
5799,5,458.7699999999998,2,356.75,swap,notBad
5800,5,458.7699999999998,2,356.75,swap,notBad
5801,5,458.7699999999998,2,356.75,swap,notBad
5802,5,458.7699999999998,2,356.75,2opt,notBad
5803,5,458.7699999999998,2,356.75,2opt,notBad
5804,5,458.7699999999998,2,356.75,move,improve
5805,5,458.7699999999998,2,356.75,swap,notBad
5806,5,458.7699999999998,2,356.75,swap,notBad
5807,5,458.7699999999998,2,356.75,2opt,notBad
5808,5,458.7699999999998,2,356.75,2opt,notBad
5809,5,458.7699999999998,2,356.75,move,improve
5810,5,458.7699999999998,2,356.75,2opt,notBad
5811,5,458.7699999999998,2,356.75,swap,notBad
5812,5,458.7699999999998,2,356.75,move,improve
5813,5,458.7699999999998,2,356.75,swap,notBad
5814,5,458.7699999999998,2,356.75,swap,notBad
5815,5,458.7699999999998,2,356.75,2opt,improve
5816,5,458.7699999999998,2,356.75,2opt,notBad
5817,5,458.7699999999998,2,356.75,move,improve
5818,5,458.7699999999998,2,356.75,2opt,notBad
5819,5,458.7099999999998,2,356.75,swap,improve
5820,5,458.7099999999998,2,356.75,swap,notBad
5821,5,458.7099999999998,2,356.75,2opt,notBad
5822,5,458.7099999999998,2,356.75,move,improve
5823,5,458.7099999999998,2,356.75,swap,notBad
5824,5,458.58999999999986,2,356.75,move,improve
5825,5,458.58999999999986,2,356.75,2opt,notBad
5826,5,458.58999999999986,2,356.75,2opt,notBad
5827,5,458.58999999999986,2,356.75,swap,notBad
5828,5,458.58999999999986,2,356.75,move,improve
5829,5,458.58999999999986,2,356.75,2opt,notBad
5830,5,458.58999999999986,2,356.75,move,improve
5831,5,458.58999999999986,2,356.75,2opt,notBad
5832,5,458.58999999999986,2,356.75,move,improve
5833,5,458.58999999999986,2,356.75,2opt,notBad
5834,5,458.58999999999986,2,356.75,swap,notBad
5835,5,458.58999999999986,2,356.75,2opt,notBad
5836,5,458.58999999999986,2,356.75,move,improve
5837,5,458.58999999999986,2,356.75,swap,notBad
5838,5,458.58999999999986,2,356.75,2opt,notBad
5839,5,458.58999999999986,2,356.75,swap,notBad
5840,5,458.58999999999986,2,356.75,move,improve
5841,5,458.58999999999986,2,356.75,2opt,notBad
5842,5,458.58999999999986,2,356.75,move,improve
5843,5,458.58999999999986,2,356.75,swap,notBad
5844,5,461.0499999999998,2,356.75,swap,acceptBad
5845,5,461.0499999999998,2,356.75,swap,notBad
5846,5,461.0499999999998,2,356.75,move,improve
5847,5,461.0499999999998,2,356.75,swap,notBad
5848,5,460.3899999999999,2,356.75,move,improve
5849,5,460.3899999999999,2,356.75,swap,notBad
5850,5,460.3899999999999,2,356.75,2opt,notBad
5851,5,460.3899999999999,2,356.75,swap,notBad
5852,5,460.3899999999999,2,356.75,swap,notBad
5853,5,460.3899999999999,2,356.75,2opt,notBad
5854,5,460.3899999999999,2,356.75,swap,notBad
5855,5,457.40000000000026,2,356.75,move,improve
5856,5,457.40000000000026,2,356.75,2opt,notBad
5857,5,457.40000000000026,2,356.75,swap,notBad
5858,5,455.3499999999996,2,356.75,move,improve
5859,5,455.3499999999996,2,356.75,swap,notBad
5860,5,455.3499999999996,2,356.75,swap,notBad
5861,5,455.3499999999996,2,356.75,2opt,notBad
5862,5,455.3499999999996,2,356.75,2opt,notBad
5863,5,455.3499999999996,2,356.75,2opt,notBad
5864,5,455.3499999999996,2,356.75,2opt,notBad
5865,5,453.7,2,356.75,move,improve
5866,5,453.7,2,356.75,2opt,notBad
5867,5,453.7,2,356.75,move,improve
5868,5,453.7,2,356.75,2opt,notBad
5869,5,453.7,2,356.75,move,improve
5870,5,453.7,2,356.75,swap,notBad
5871,5,453.7,2,356.75,swap,notBad
5872,5,453.7,2,356.75,2opt,notBad
5873,5,453.7,2,356.75,move,improve
5874,5,453.7,2,356.75,2opt,improve
5875,5,453.7,2,356.75,2opt,notBad
5876,5,453.7,2,356.75,swap,notBad
5877,5,451.84,2,356.75,move,improve
5878,5,451.84,2,356.75,2opt,notBad
5879,5,450.3399999999995,2,356.75,move,improve
5880,5,450.3399999999995,2,356.75,move,improve
5881,5,450.3399999999995,2,356.75,2opt,notBad
5882,5,450.3399999999995,2,356.75,2opt,notBad
5883,5,450.3399999999995,2,356.75,move,improve
5884,5,450.3399999999995,2,356.75,move,improve
5885,5,450.16000000000025,2,356.75,move,improve
5886,5,450.16000000000025,2,356.75,swap,notBad
5887,5,450.16000000000025,2,356.75,2opt,notBad
5888,5,450.16000000000025,2,356.75,swap,notBad
5889,5,450.16000000000025,2,356.75,swap,notBad
5890,5,450.16000000000025,2,356.75,2opt,notBad
5891,5,450.16000000000025,2,356.75,move,improve
5892,5,450.16000000000025,2,356.75,2opt,notBad
5893,5,450.16000000000025,2,356.75,2opt,notBad
5894,5,450.16000000000025,2,356.75,swap,notBad
5895,5,449.25000000000006,2,356.75,move,improve
5896,5,449.25000000000006,2,356.75,2opt,notBad
5897,5,449.25000000000006,2,356.75,2opt,notBad
5898,5,449.25000000000006,2,356.75,swap,notBad
5899,5,449.25000000000006,2,356.75,move,improve
5900,5,449.25000000000006,2,356.75,2opt,notBad
5901,5,449.25000000000006,2,356.75,move,improve
5902,5,449.25000000000006,2,356.75,2opt,notBad
5903,5,449.25000000000006,2,356.75,move,improve
5904,5,449.25000000000006,2,356.75,swap,notBad
5905,5,455.0799999999993,2,356.75,swap,acceptBad
5906,5,455.0799999999993,2,356.75,swap,notBad
5907,5,455.0799999999993,2,356.75,move,improve
5908,5,455.0799999999993,2,356.75,move,improve
5909,5,455.0799999999993,2,356.75,2opt,notBad
5910,5,455.0799999999993,2,356.75,2opt,notBad
5911,5,455.0799999999993,2,356.75,move,improve
5912,5,455.0799999999993,2,356.75,2opt,notBad
5913,5,455.0799999999993,2,356.75,swap,notBad
5914,5,455.0799999999993,2,356.75,move,improve
5915,5,455.0799999999993,2,356.75,2opt,notBad
5916,5,455.0799999999993,2,356.75,swap,notBad
5917,5,455.0799999999993,2,356.75,swap,notBad
5918,5,455.0799999999993,2,356.75,swap,notBad
5919,5,455.0799999999993,2,356.75,move,improve
5920,5,455.0799999999993,2,356.75,swap,notBad
5921,5,455.0799999999993,2,356.75,swap,notBad
5922,5,455.0799999999993,2,356.75,swap,notBad
5923,5,455.0799999999993,2,356.75,2opt,improve
5924,5,455.0799999999993,2,356.75,swap,notBad
5925,5,455.0799999999993,2,356.75,2opt,notBad
5926,5,455.0799999999993,2,356.75,move,improve
5927,5,455.0799999999993,2,356.75,2opt,notBad
5928,5,455.0799999999993,2,356.75,swap,notBad
5929,5,455.0799999999993,2,356.75,2opt,improve
5930,5,455.0799999999993,2,356.75,2opt,notBad
5931,5,455.0799999999993,2,356.75,swap,notBad
5932,5,455.0799999999993,2,356.75,2opt,notBad
5933,5,455.0799999999993,2,356.75,move,improve
5934,5,455.0799999999993,2,356.75,move,improve
5935,5,455.0799999999993,2,356.75,move,notBad
5936,5,455.0799999999993,2,356.75,2opt,notBad
5937,5,455.0799999999993,2,356.75,2opt,notBad
5938,5,455.0799999999993,2,356.75,swap,notBad
5939,5,455.0799999999993,2,356.75,swap,notBad
5940,5,455.0799999999993,2,356.75,swap,notBad
5941,5,455.0799999999993,2,356.75,move,improve
5942,5,455.0799999999993,2,356.75,swap,notBad
5943,5,455.0799999999993,2,356.75,move,improve
5944,5,455.0799999999993,2,356.75,2opt,notBad
5945,5,455.0799999999993,2,356.75,move,improve
5946,5,455.0799999999993,2,356.75,move,notBad
5947,5,455.0799999999993,2,356.75,2opt,notBad
5948,5,455.0799999999993,2,356.75,2opt,notBad
5949,5,455.0799999999993,2,356.75,swap,notBad
5950,5,455.0799999999993,2,356.75,swap,notBad
5951,5,455.0799999999993,2,356.75,swap,notBad
5952,5,455.0799999999993,2,356.75,swap,notBad
5953,5,455.0799999999993,2,356.75,move,improve
5954,5,455.0799999999993,2,356.75,move,improve
5955,5,455.0799999999993,2,356.75,2opt,notBad
5956,5,455.0799999999993,2,356.75,2opt,notBad
5957,5,455.0799999999993,2,356.75,2opt,notBad
5958,5,455.0799999999993,2,356.75,2opt,notBad
5959,5,455.0799999999993,2,356.75,swap,notBad
5960,5,455.0799999999993,2,356.75,move,improve
5961,5,455.0799999999993,2,356.75,2opt,notBad
5962,5,455.0799999999993,2,356.75,swap,notBad
5963,5,455.0799999999993,2,356.75,move,improve
5964,5,455.0799999999993,2,356.75,move,improve
5965,5,455.0799999999993,2,356.75,2opt,notBad
5966,5,455.0799999999993,2,356.75,move,improve
5967,5,455.0799999999993,2,356.75,move,notBad
5968,5,455.0799999999993,2,356.75,2opt,notBad
5969,5,455.0799999999993,2,356.75,swap,notBad
5970,5,455.0799999999993,2,356.75,swap,notBad
5971,5,455.0799999999993,2,356.75,swap,notBad
5972,5,455.0799999999993,2,356.75,2opt,notBad
5973,5,455.0799999999993,2,356.75,2opt,notBad
5974,5,455.0799999999993,2,356.75,2opt,notBad
5975,5,455.0799999999993,2,356.75,swap,notBad
5976,5,455.0799999999993,2,356.75,move,improve
5977,5,464.0799999999993,2,356.75,swap,acceptBad
5978,5,464.0799999999993,2,356.75,swap,notBad
5979,5,464.0799999999993,2,356.75,2opt,notBad
5980,5,457.3299999999992,2,356.75,move,improve
5981,5,457.3299999999992,2,356.75,swap,notBad
5982,5,457.3299999999992,2,356.75,move,improve
5983,5,457.3299999999992,2,356.75,swap,notBad
5984,5,457.3299999999992,2,356.75,move,improve
5985,5,457.3299999999992,2,356.75,move,improve
5986,5,457.3299999999992,2,356.75,2opt,notBad
5987,5,457.3299999999992,2,356.75,2opt,notBad
5988,5,457.3299999999992,2,356.75,move,improve
5989,5,457.3299999999992,2,356.75,2opt,notBad
5990,5,457.3299999999992,2,356.75,swap,notBad
5991,5,455.3300000000006,2,356.75,move,improve
5992,5,455.3300000000006,2,356.75,move,improve
5993,5,455.3300000000006,2,356.75,move,improve
5994,5,455.3300000000006,2,356.75,move,improve
5995,5,455.3300000000006,2,356.75,swap,notBad
5996,5,455.3300000000006,2,356.75,swap,notBad
5997,5,455.3300000000006,2,356.75,move,improve
5998,5,455.3300000000006,2,356.75,swap,notBad
5999,5,455.33000000000044,2,356.75,move,improve
6000,5,455.33000000000044,2,356.75,move,improve
6001,5,455.0200000000004,2,356.75,swap,improve
6002,5,455.0200000000004,2,356.75,swap,notBad
6003,5,455.0200000000004,2,356.75,2opt,notBad
6004,5,455.0200000000004,2,356.75,swap,notBad
6005,5,455.0200000000004,2,356.75,2opt,improve
6006,5,455.0200000000004,2,356.75,swap,notBad
6007,5,455.0200000000004,2,356.75,2opt,notBad
6008,5,455.0200000000004,2,356.75,2opt,notBad
6009,5,455.0200000000004,2,356.75,swap,notBad
6010,5,455.0200000000004,2,356.75,swap,notBad
6011,5,455.0200000000004,2,356.75,move,improve
6012,5,455.0200000000004,2,356.75,move,improve
6013,5,455.0200000000004,2,356.75,2opt,improve
6014,5,455.0200000000004,2,356.75,swap,notBad
6015,5,455.0200000000004,2,356.75,swap,notBad
6016,5,455.0200000000004,2,356.75,2opt,notBad
6017,5,455.0200000000004,2,356.75,swap,notBad
6018,5,455.0200000000004,2,356.75,move,improve
6019,5,455.0200000000004,2,356.75,2opt,notBad
6020,5,455.0200000000004,2,356.75,move,improve
6021,5,455.0200000000004,2,356.75,2opt,notBad
6022,5,455.0200000000004,2,356.75,swap,notBad
6023,5,455.0200000000004,2,356.75,2opt,notBad
6024,5,455.0200000000004,2,356.75,move,improve
6025,5,455.0200000000004,2,356.75,swap,notBad
6026,5,455.0200000000004,2,356.75,2opt,notBad
6027,5,455.0200000000004,2,356.75,2opt,notBad
6028,5,451.59999999999934,2,356.75,move,improve
6029,5,451.59999999999934,2,356.75,2opt,notBad
6030,5,451.59999999999934,2,356.75,move,improve
6031,5,451.59999999999934,2,356.75,2opt,notBad
6032,5,451.59999999999934,2,356.75,swap,notBad
6033,5,451.59999999999934,2,356.75,2opt,notBad
6034,5,451.59999999999934,2,356.75,2opt,notBad
6035,5,451.59999999999934,2,356.75,move,improve
6036,5,451.59999999999934,2,356.75,swap,notBad
6037,5,451.59999999999934,2,356.75,move,improve
6038,5,451.59999999999934,2,356.75,move,improve
6039,5,451.59999999999934,2,356.75,swap,notBad
6040,5,451.59999999999934,2,356.75,move,improve
6041,5,451.59999999999934,2,356.75,2opt,notBad
6042,5,451.59999999999934,2,356.75,swap,notBad
6043,5,451.59999999999934,2,356.75,2opt,notBad
6044,5,451.59999999999934,2,356.75,swap,notBad
6045,5,451.59999999999934,2,356.75,swap,notBad
6046,5,451.59999999999934,2,356.75,2opt,notBad
6047,5,451.59999999999934,2,356.75,2opt,notBad
6048,5,451.59999999999934,2,356.75,swap,notBad
6049,5,451.59999999999934,2,356.75,2opt,notBad
6050,5,451.59999999999934,2,356.75,swap,notBad
6051,5,451.59999999999934,2,356.75,move,improve
6052,5,451.59999999999934,2,356.75,2opt,notBad
6053,5,451.59999999999934,2,356.75,swap,notBad
6054,5,451.59999999999934,2,356.75,swap,notBad
6055,5,451.59999999999934,2,356.75,swap,notBad
6056,5,451.59999999999934,2,356.75,move,improve
6057,5,451.59999999999934,2,356.75,swap,notBad
6058,5,451.59999999999934,2,356.75,swap,notBad
6059,5,451.59999999999934,2,356.75,move,improve
6060,5,451.59999999999934,2,356.75,swap,notBad
6061,5,451.59999999999934,2,356.75,2opt,notBad
6062,5,451.59999999999934,2,356.75,2opt,notBad
6063,5,451.59999999999934,2,356.75,2opt,notBad
6064,5,451.59999999999934,2,356.75,2opt,notBad
6065,5,451.59999999999934,2,356.75,move,improve
6066,5,451.59999999999934,2,356.75,2opt,notBad
6067,5,451.59999999999934,2,356.75,2opt,notBad
6068,5,451.59999999999934,2,356.75,swap,notBad
6069,5,451.59999999999934,2,356.75,swap,notBad
6070,5,451.59999999999934,2,356.75,2opt,notBad
6071,5,451.59999999999934,2,356.75,move,improve
6072,5,451.59999999999934,2,356.75,2opt,notBad
6073,5,451.59999999999934,2,356.75,swap,notBad
6074,5,451.59999999999934,2,356.75,move,improve
6075,5,451.59999999999934,2,356.75,move,improve
6076,5,451.59999999999934,2,356.75,2opt,notBad
6077,5,451.59999999999934,2,356.75,swap,notBad
6078,5,451.59999999999934,2,356.75,swap,notBad
6079,5,451.59999999999934,2,356.75,2opt,notBad
6080,5,451.59999999999934,2,356.75,2opt,notBad
6081,5,451.59999999999934,2,356.75,2opt,notBad
6082,5,451.59999999999934,2,356.75,swap,notBad
6083,5,451.59999999999934,2,356.75,2opt,notBad
6084,5,451.59999999999934,2,356.75,2opt,notBad
6085,5,451.59999999999934,2,356.75,move,improve
6086,5,451.59999999999934,2,356.75,swap,notBad
6087,5,451.59999999999934,2,356.75,2opt,notBad
6088,5,451.59999999999934,2,356.75,2opt,notBad
6089,5,451.59999999999934,2,356.75,move,improve
6090,5,451.59999999999934,2,356.75,2opt,notBad
6091,5,451.59999999999934,2,356.75,move,improve
6092,5,451.59999999999934,2,356.75,swap,notBad
6093,5,451.4199999999993,2,356.75,move,improve
6094,5,451.4199999999993,2,356.75,2opt,notBad
6095,5,451.4199999999993,2,356.75,swap,notBad
6096,5,451.4199999999993,2,356.75,2opt,notBad
6097,5,451.4199999999993,2,356.75,2opt,notBad
6098,5,451.4199999999993,2,356.75,2opt,notBad
6099,5,451.4199999999993,2,356.75,move,improve
6100,5,451.4199999999993,2,356.75,move,improve
6101,5,451.4199999999993,2,356.75,swap,notBad
6102,5,451.4199999999993,2,356.75,swap,notBad
6103,5,451.4199999999993,2,356.75,move,improve
6104,5,451.4199999999993,2,356.75,move,improve
6105,5,451.4199999999993,2,356.75,2opt,notBad
6106,5,455.6800000000004,2,356.75,move,acceptBad
6107,5,455.6800000000004,2,356.75,2opt,notBad
6108,5,455.6800000000004,2,356.75,2opt,improve
6109,5,455.6800000000004,2,356.75,move,improve
6110,5,455.6800000000004,2,356.75,2opt,notBad
6111,5,455.6800000000004,2,356.75,2opt,notBad
6112,5,455.6800000000004,2,356.75,swap,notBad
6113,5,453.3999999999995,2,356.75,move,improve
6114,5,453.3999999999995,2,356.75,2opt,notBad
6115,5,453.3999999999995,2,356.75,move,improve
6116,5,453.3999999999995,2,356.75,move,improve
6117,5,453.3999999999995,2,356.75,move,improve
6118,5,453.3999999999995,2,356.75,swap,notBad
6119,5,453.3999999999995,2,356.75,move,improve
6120,5,453.3999999999995,2,356.75,move,improve
6121,5,453.3999999999995,2,356.75,2opt,notBad
6122,5,453.3999999999995,2,356.75,swap,notBad
6123,5,453.3999999999995,2,356.75,swap,notBad
6124,5,453.3999999999995,2,356.75,move,improve
6125,5,453.3999999999995,2,356.75,swap,notBad
6126,5,453.3999999999995,2,356.75,2opt,notBad
6127,5,453.3999999999995,2,356.75,2opt,notBad
6128,5,453.3999999999995,2,356.75,move,improve
6129,5,453.3999999999995,2,356.75,swap,notBad
6130,5,453.3999999999995,2,356.75,2opt,notBad
6131,5,453.3999999999995,2,356.75,move,improve
6132,5,453.3999999999995,2,356.75,move,improve
6133,5,453.3999999999995,2,356.75,move,improve
6134,5,453.3999999999995,2,356.75,swap,notBad
6135,5,453.3999999999995,2,356.75,swap,notBad
6136,5,453.3999999999995,2,356.75,swap,notBad
6137,5,453.3999999999995,2,356.75,swap,notBad
6138,5,453.3999999999995,2,356.75,move,improve
6139,5,453.3999999999995,2,356.75,2opt,notBad
6140,5,453.3999999999995,2,356.75,swap,notBad
6141,5,453.3999999999995,2,356.75,2opt,notBad
6142,5,453.3999999999995,2,356.75,swap,notBad
6143,5,453.3999999999995,2,356.75,swap,notBad
6144,5,453.3999999999995,2,356.75,2opt,notBad
6145,5,453.3999999999995,2,356.75,swap,notBad
6146,5,453.3999999999995,2,356.75,swap,notBad
6147,5,453.3999999999995,2,356.75,2opt,improve
6148,5,453.3999999999995,2,356.75,move,improve
6149,5,453.3999999999995,2,356.75,2opt,improve
6150,5,453.3999999999995,2,356.75,2opt,notBad
6151,5,453.3999999999995,2,356.75,2opt,notBad
6152,5,453.3999999999995,2,356.75,move,improve
6153,5,453.3999999999995,2,356.75,move,improve
6154,5,453.3999999999995,2,356.75,2opt,notBad
6155,5,453.3999999999995,2,356.75,move,improve
6156,5,453.3999999999995,2,356.75,move,improve
6157,5,453.3999999999995,2,356.75,2opt,notBad
6158,5,453.3999999999995,2,356.75,swap,notBad
6159,5,453.3999999999995,2,356.75,move,improve
6160,5,453.3999999999995,2,356.75,2opt,notBad
6161,5,453.3999999999995,2,356.75,2opt,notBad
6162,5,453.3999999999995,2,356.75,2opt,notBad
6163,5,453.3999999999995,2,356.75,move,improve
6164,5,453.3999999999995,2,356.75,move,improve
6165,5,453.3999999999995,2,356.75,move,improve
6166,5,453.3999999999995,2,356.75,2opt,notBad
6167,5,453.3999999999995,2,356.75,move,improve
6168,5,453.3999999999995,2,356.75,move,improve
6169,5,453.3999999999995,2,356.75,move,improve
6170,5,453.3999999999995,2,356.75,2opt,notBad
6171,5,453.3999999999995,2,356.75,move,improve
6172,5,453.3999999999995,2,356.75,2opt,notBad
6173,5,453.3999999999995,2,356.75,2opt,notBad
6174,5,453.3999999999995,2,356.75,swap,notBad
6175,5,453.3999999999995,2,356.75,move,improve
6176,5,453.3999999999995,2,356.75,swap,notBad
6177,5,453.3999999999995,2,356.75,swap,notBad
6178,5,453.3999999999995,2,356.75,2opt,notBad
6179,5,453.3999999999995,2,356.75,move,improve
6180,5,453.3999999999995,2,356.75,swap,notBad
6181,5,453.3999999999995,2,356.75,move,improve
6182,5,453.3999999999995,2,356.75,2opt,notBad
6183,5,453.3999999999995,2,356.75,move,improve
6184,5,453.3999999999995,2,356.75,2opt,notBad
6185,5,453.3999999999995,2,356.75,2opt,notBad
6186,5,453.3999999999995,2,356.75,swap,notBad
6187,5,453.3999999999995,2,356.75,2opt,notBad
6188,5,453.3999999999995,2,356.75,swap,notBad
6189,5,453.3999999999995,2,356.75,2opt,notBad
6190,5,453.3999999999995,2,356.75,2opt,notBad
6191,5,453.3999999999995,2,356.75,move,improve
6192,5,453.3999999999995,2,356.75,move,improve
6193,5,453.3999999999995,2,356.75,move,improve
6194,5,453.3999999999995,2,356.75,swap,notBad
6195,5,453.3999999999995,2,356.75,swap,notBad
6196,5,453.3999999999995,2,356.75,2opt,notBad
6197,5,453.3999999999995,2,356.75,swap,notBad
6198,5,453.3999999999995,2,356.75,2opt,notBad
6199,5,453.3999999999995,2,356.75,move,improve
6200,5,453.3999999999995,2,356.75,2opt,improve
6201,5,453.3999999999995,2,356.75,2opt,notBad
6202,5,453.3999999999995,2,356.75,move,improve
6203,5,453.3999999999995,2,356.75,2opt,notBad
6204,5,453.3999999999995,2,356.75,move,improve
6205,5,453.3999999999995,2,356.75,swap,notBad
6206,5,453.3999999999995,2,356.75,swap,notBad
6207,5,453.3999999999995,2,356.75,move,improve
6208,5,453.3999999999995,2,356.75,2opt,notBad
6209,5,453.3999999999995,2,356.75,swap,notBad
6210,5,453.3999999999995,2,356.75,2opt,improve
6211,5,453.3999999999995,2,356.75,move,improve
6212,5,453.3999999999995,2,356.75,2opt,notBad
6213,5,453.3999999999995,2,356.75,swap,notBad
6214,5,453.3999999999995,2,356.75,swap,notBad
6215,5,453.3999999999995,2,356.75,2opt,notBad
6216,5,453.3999999999995,2,356.75,swap,notBad
6217,5,453.3999999999995,2,356.75,2opt,notBad
6218,5,453.3999999999995,2,356.75,move,improve
6219,5,453.3999999999995,2,356.75,move,improve
6220,5,453.3999999999995,2,356.75,swap,notBad
6221,5,453.3999999999995,2,356.75,swap,notBad
6222,5,453.3999999999995,2,356.75,2opt,notBad
6223,5,453.3999999999995,2,356.75,swap,notBad
6224,5,453.3999999999995,2,356.75,2opt,notBad
6225,5,453.3999999999995,2,356.75,swap,notBad
6226,5,453.3999999999995,2,356.75,swap,notBad
6227,5,453.3999999999995,2,356.75,2opt,notBad
6228,5,453.3999999999995,2,356.75,move,improve
6229,5,453.3999999999995,2,356.75,2opt,notBad
6230,5,453.3999999999995,2,356.75,swap,notBad
6231,5,453.3999999999995,2,356.75,2opt,improve
6232,5,453.3999999999995,2,356.75,move,improve
6233,5,453.3999999999995,2,356.75,2opt,notBad
6234,5,453.3999999999995,2,356.75,2opt,notBad
6235,5,453.3999999999995,2,356.75,2opt,notBad
6236,5,453.3999999999995,2,356.75,2opt,notBad
6237,5,453.3999999999995,2,356.75,2opt,notBad
6238,5,453.3999999999995,2,356.75,swap,notBad
6239,5,453.3999999999995,2,356.75,2opt,notBad
6240,5,453.3999999999995,2,356.75,swap,notBad
6241,5,453.3999999999995,2,356.75,2opt,notBad
6242,5,453.3999999999995,2,356.75,move,improve
6243,5,453.3999999999995,2,356.75,swap,notBad
6244,5,453.3999999999995,2,356.75,swap,notBad
6245,5,453.3999999999995,2,356.75,swap,notBad
6246,5,453.3999999999995,2,356.75,2opt,notBad
6247,5,453.3999999999995,2,356.75,2opt,notBad
6248,5,453.3999999999995,2,356.75,swap,notBad
6249,5,453.3999999999995,2,356.75,2opt,notBad
6250,5,453.3999999999995,2,356.75,2opt,notBad
6251,5,453.3999999999995,2,356.75,swap,notBad
6252,5,453.3999999999995,2,356.75,swap,notBad
6253,5,453.3999999999995,2,356.75,swap,notBad
6254,5,453.3999999999995,2,356.75,move,improve
6255,5,453.3999999999995,2,356.75,move,improve
6256,5,453.3999999999995,2,356.75,move,improve
6257,5,453.3999999999995,2,356.75,2opt,notBad
6258,5,453.3999999999995,2,356.75,move,improve
6259,5,453.3999999999995,2,356.75,move,improve
6260,5,453.3999999999995,2,356.75,swap,notBad
6261,5,453.3999999999995,2,356.75,move,improve
6262,5,453.3999999999995,2,356.75,swap,notBad
6263,5,453.3999999999995,2,356.75,swap,notBad
6264,5,453.3999999999995,2,356.75,move,improve
6265,5,453.3999999999995,2,356.75,2opt,notBad
6266,5,453.3999999999995,2,356.75,move,improve
6267,5,453.3999999999995,2,356.75,move,improve
6268,5,453.3999999999995,2,356.75,2opt,notBad
6269,5,453.3999999999995,2,356.75,swap,notBad
6270,5,453.3999999999995,2,356.75,2opt,notBad
6271,5,453.3999999999995,2,356.75,swap,notBad
6272,5,453.3999999999995,2,356.75,move,improve
6273,5,453.3999999999995,2,356.75,swap,notBad
6274,5,453.3999999999995,2,356.75,swap,notBad
6275,5,453.3999999999995,2,356.75,swap,notBad
6276,5,453.3999999999995,2,356.75,2opt,notBad
6277,5,453.3999999999995,2,356.75,swap,notBad
6278,5,453.3999999999995,2,356.75,2opt,notBad
6279,5,453.3999999999995,2,356.75,swap,notBad
6280,5,453.3999999999995,2,356.75,move,improve
6281,5,453.3999999999995,2,356.75,move,improve
6282,5,453.3999999999995,2,356.75,swap,notBad
6283,5,453.3999999999995,2,356.75,2opt,notBad
6284,5,453.3999999999995,2,356.75,move,improve
6285,5,453.3999999999995,2,356.75,move,improve
6286,5,453.3999999999995,2,356.75,move,improve
6287,5,453.3999999999995,2,356.75,move,improve
6288,5,453.3999999999995,2,356.75,move,improve
6289,5,453.3999999999995,2,356.75,2opt,notBad
6290,5,453.3999999999995,2,356.75,2opt,notBad
6291,5,453.3999999999995,2,356.75,move,improve
6292,5,453.3999999999995,2,356.75,move,improve
6293,5,453.3999999999995,2,356.75,swap,notBad
6294,5,453.3999999999995,2,356.75,2opt,notBad
6295,5,453.3999999999995,2,356.75,move,improve
6296,5,453.3999999999995,2,356.75,2opt,improve
6297,5,453.3999999999995,2,356.75,2opt,notBad
6298,5,453.3999999999995,2,356.75,swap,notBad
6299,5,453.3999999999995,2,356.75,move,improve
6300,5,453.3999999999995,2,356.75,2opt,notBad
6301,5,453.3999999999995,2,356.75,move,improve
6302,5,453.3999999999995,2,356.75,swap,notBad
6303,5,453.3999999999995,2,356.75,move,improve
6304,5,453.3999999999995,2,356.75,2opt,notBad
6305,5,453.3999999999995,2,356.75,2opt,notBad
6306,5,453.3999999999995,2,356.75,move,improve
6307,5,453.3999999999995,2,356.75,swap,notBad
6308,5,453.3999999999995,2,356.75,move,improve
6309,5,453.3999999999995,2,356.75,2opt,notBad
6310,5,453.3999999999995,2,356.75,2opt,notBad
6311,5,453.3999999999995,2,356.75,move,improve
6312,5,453.3999999999995,2,356.75,2opt,notBad
6313,5,453.3999999999995,2,356.75,2opt,improve
6314,5,453.3999999999995,2,356.75,2opt,notBad
6315,5,453.3999999999995,2,356.75,swap,notBad
6316,5,453.3999999999995,2,356.75,move,improve
6317,5,453.3999999999995,2,356.75,move,improve
6318,5,453.3999999999995,2,356.75,2opt,notBad
6319,5,453.3999999999995,2,356.75,2opt,notBad
6320,5,453.3999999999995,2,356.75,swap,notBad
6321,5,453.3999999999995,2,356.75,move,improve
6322,5,453.3999999999995,2,356.75,2opt,notBad
6323,5,453.3999999999995,2,356.75,2opt,notBad
6324,5,453.3999999999995,2,356.75,swap,notBad
6325,5,453.3999999999995,2,356.75,2opt,notBad
6326,5,453.3999999999995,2,356.75,2opt,notBad
6327,5,453.3999999999995,2,356.75,2opt,notBad
6328,5,453.3999999999995,2,356.75,swap,notBad
6329,5,453.3999999999995,2,356.75,move,improve
6330,5,456.41999999999956,2,356.75,move,acceptBad
6331,5,456.41999999999956,2,356.75,2opt,notBad
6332,5,456.41999999999956,2,356.75,move,improve
6333,5,456.41999999999956,2,356.75,move,improve
6334,5,456.41999999999956,2,356.75,move,improve
6335,5,456.41999999999956,2,356.75,2opt,notBad
6336,5,456.41999999999956,2,356.75,move,improve
6337,5,456.41999999999956,2,356.75,move,improve
6338,5,456.41999999999956,2,356.75,move,improve
6339,5,456.41999999999956,2,356.75,move,improve
6340,5,456.41999999999956,2,356.75,move,improve
6341,5,456.41999999999956,2,356.75,move,improve
6342,5,456.41999999999956,2,356.75,swap,notBad
6343,5,459.9799999999998,2,356.75,swap,acceptBad
6344,5,459.9799999999998,2,356.75,swap,notBad
6345,5,459.9799999999998,2,356.75,2opt,notBad
6346,5,459.9799999999998,2,356.75,2opt,notBad
6347,5,459.9799999999998,2,356.75,move,improve
6348,5,459.9799999999998,2,356.75,swap,notBad
6349,5,459.9799999999998,2,356.75,move,improve
6350,5,457.07999999999964,2,356.75,move,improve
6351,5,457.07999999999964,2,356.75,2opt,notBad
6352,5,457.07999999999964,2,356.75,2opt,notBad
6353,5,457.07999999999964,2,356.75,move,improve
6354,5,457.07999999999964,2,356.75,move,improve
6355,5,457.07999999999964,2,356.75,swap,notBad
6356,5,457.07999999999964,2,356.75,move,improve
6357,5,457.07999999999964,2,356.75,2opt,notBad
6358,5,457.07999999999964,2,356.75,swap,notBad
6359,5,457.07999999999964,2,356.75,2opt,notBad
6360,5,457.07999999999964,2,356.75,move,improve
6361,5,457.07999999999964,2,356.75,2opt,notBad
6362,5,457.07999999999964,2,356.75,move,improve
6363,5,457.07999999999964,2,356.75,2opt,notBad
6364,5,457.07999999999964,2,356.75,2opt,notBad
6365,5,457.07999999999964,2,356.75,2opt,notBad
6366,5,457.07999999999964,2,356.75,2opt,notBad
6367,5,452.77999999999975,2,356.75,move,improve
6368,5,452.77999999999975,2,356.75,swap,notBad
6369,5,452.77999999999975,2,356.75,move,improve
6370,5,452.77999999999975,2,356.75,move,improve
6371,5,452.77999999999975,2,356.75,swap,notBad
6372,5,452.77999999999975,2,356.75,move,improve
6373,5,452.77999999999975,2,356.75,swap,notBad
6374,5,452.77999999999975,2,356.75,swap,notBad
6375,5,452.77999999999975,2,356.75,swap,notBad
6376,5,452.77999999999975,2,356.75,2opt,notBad
6377,5,452.77999999999975,2,356.75,swap,notBad
6378,5,452.77999999999975,2,356.75,swap,notBad
6379,5,452.77999999999975,2,356.75,swap,notBad
6380,5,452.77999999999975,2,356.75,2opt,notBad
6381,5,452.77999999999975,2,356.75,move,improve
6382,5,452.77999999999975,2,356.75,2opt,notBad
6383,5,452.77999999999975,2,356.75,swap,notBad
6384,5,452.77999999999975,2,356.75,2opt,notBad
6385,5,452.77999999999975,2,356.75,swap,notBad
6386,5,452.77999999999975,2,356.75,move,improve
6387,5,452.77999999999975,2,356.75,swap,notBad
6388,5,452.77999999999975,2,356.75,2opt,notBad
6389,5,452.77999999999975,2,356.75,move,improve
6390,5,452.77999999999975,2,356.75,swap,notBad
6391,5,452.77999999999975,2,356.75,move,improve
6392,5,452.77999999999975,2,356.75,2opt,notBad
6393,5,452.77999999999975,2,356.75,2opt,notBad
6394,5,452.77999999999975,2,356.75,2opt,notBad
6395,5,452.77999999999975,2,356.75,2opt,notBad
6396,5,452.77999999999975,2,356.75,move,improve
6397,5,452.77999999999975,2,356.75,move,improve
6398,5,452.77999999999975,2,356.75,move,improve
6399,5,452.77999999999975,2,356.75,move,improve
6400,5,452.77999999999975,2,356.75,move,improve
6401,5,452.77999999999975,2,356.75,swap,notBad
6402,5,452.77999999999975,2,356.75,2opt,improve
6403,5,452.77999999999975,2,356.75,move,improve
6404,5,452.77999999999975,2,356.75,2opt,notBad
6405,5,452.77999999999975,2,356.75,move,improve
6406,5,452.77999999999975,2,356.75,swap,notBad
6407,5,452.77999999999975,2,356.75,swap,notBad
6408,5,452.77999999999975,2,356.75,move,improve
6409,5,452.77999999999975,2,356.75,move,improve
6410,5,452.77999999999975,2,356.75,2opt,notBad
6411,5,452.77999999999975,2,356.75,move,improve
6412,5,452.77999999999975,2,356.75,swap,notBad
6413,5,452.77999999999975,2,356.75,2opt,notBad
6414,5,452.77999999999975,2,356.75,move,improve
6415,5,452.77999999999975,2,356.75,2opt,notBad
6416,5,452.77999999999975,2,356.75,swap,notBad
6417,5,452.77999999999975,2,356.75,swap,notBad
6418,5,452.77999999999975,2,356.75,2opt,notBad
6419,5,452.77999999999975,2,356.75,2opt,notBad
6420,5,452.77999999999975,2,356.75,swap,notBad
6421,5,452.77999999999975,2,356.75,2opt,notBad
6422,5,452.77999999999975,2,356.75,move,improve
6423,5,452.77999999999975,2,356.75,swap,notBad
6424,5,452.77999999999975,2,356.75,move,improve
6425,5,452.77999999999975,2,356.75,2opt,improve
6426,5,452.77999999999975,2,356.75,move,improve
6427,5,452.77999999999975,2,356.75,move,improve
6428,5,452.77999999999975,2,356.75,swap,notBad
6429,5,452.77999999999975,2,356.75,swap,notBad
6430,5,452.77999999999975,2,356.75,2opt,notBad
6431,5,452.77999999999975,2,356.75,swap,notBad
6432,5,452.77999999999975,2,356.75,2opt,notBad
6433,5,452.77999999999975,2,356.75,move,improve
6434,5,452.77999999999975,2,356.75,move,improve
6435,5,452.77999999999975,2,356.75,2opt,improve
6436,5,452.77999999999975,2,356.75,swap,notBad
6437,5,452.77999999999975,2,356.75,move,improve
6438,5,452.77999999999975,2,356.75,swap,notBad
6439,5,452.77999999999975,2,356.75,2opt,notBad
6440,5,452.77999999999975,2,356.75,2opt,notBad
6441,5,452.77999999999975,2,356.75,2opt,notBad
6442,5,452.77999999999975,2,356.75,2opt,notBad
6443,5,452.77999999999975,2,356.75,move,improve
6444,5,452.77999999999975,2,356.75,2opt,notBad
6445,5,452.77999999999975,2,356.75,2opt,notBad
6446,5,452.77999999999975,2,356.75,move,improve
6447,5,452.77999999999975,2,356.75,swap,notBad
6448,5,452.77999999999975,2,356.75,2opt,notBad
6449,5,452.77999999999975,2,356.75,swap,notBad
6450,5,452.77999999999975,2,356.75,swap,notBad
6451,5,452.77999999999975,2,356.75,move,improve
6452,5,452.77999999999975,2,356.75,swap,notBad
6453,5,452.77999999999975,2,356.75,move,improve
6454,5,452.77999999999975,2,356.75,swap,notBad
6455,5,452.77999999999975,2,356.75,swap,notBad
6456,5,452.77999999999975,2,356.75,swap,notBad
6457,5,452.77999999999975,2,356.75,move,improve
6458,5,452.77999999999975,2,356.75,2opt,notBad
6459,5,452.77999999999975,2,356.75,2opt,notBad
6460,5,452.77999999999975,2,356.75,move,improve
6461,5,451.56999999999937,2,356.75,move,improve
6462,5,451.56999999999937,2,356.75,2opt,notBad
6463,5,451.56999999999937,2,356.75,2opt,improve
6464,5,451.56999999999937,2,356.75,2opt,notBad
6465,5,451.56999999999937,2,356.75,2opt,notBad
6466,5,451.56999999999937,2,356.75,swap,notBad
6467,5,451.56999999999937,2,356.75,2opt,notBad
6468,5,451.56999999999937,2,356.75,swap,notBad
6469,5,451.56999999999937,2,356.75,2opt,notBad
6470,5,451.56999999999937,2,356.75,2opt,notBad
6471,5,451.56999999999937,2,356.75,2opt,notBad
6472,5,451.56999999999937,2,356.75,2opt,notBad
6473,5,451.56999999999937,2,356.75,move,improve
6474,5,451.56999999999937,2,356.75,move,improve
6475,5,451.56999999999937,2,356.75,swap,notBad
6476,5,451.56999999999937,2,356.75,2opt,notBad
6477,5,451.56999999999937,2,356.75,2opt,notBad
6478,5,451.56999999999937,2,356.75,swap,notBad
6479,5,451.56999999999937,2,356.75,move,improve
6480,5,451.56999999999937,2,356.75,2opt,notBad
6481,5,451.56999999999937,2,356.75,move,improve
6482,5,451.56999999999937,2,356.75,move,improve
6483,5,451.56999999999937,2,356.75,swap,notBad
6484,5,451.56999999999937,2,356.75,2opt,notBad
6485,5,451.56999999999937,2,356.75,2opt,notBad
6486,5,451.56999999999937,2,356.75,swap,notBad
6487,5,451.56999999999937,2,356.75,move,improve
6488,5,451.56999999999937,2,356.75,2opt,improve
6489,5,451.56999999999937,2,356.75,2opt,notBad
6490,5,451.56999999999937,2,356.75,swap,notBad
6491,5,451.56999999999937,2,356.75,swap,notBad
6492,5,451.56999999999937,2,356.75,swap,notBad
6493,5,451.56999999999937,2,356.75,move,improve
6494,5,451.56999999999937,2,356.75,move,improve
6495,5,451.56999999999937,2,356.75,move,improve
6496,5,451.56999999999937,2,356.75,swap,notBad
6497,5,451.56999999999937,2,356.75,swap,notBad
6498,5,451.56999999999937,2,356.75,2opt,notBad
6499,5,451.56999999999937,2,356.75,move,improve
6500,5,451.56999999999937,2,356.75,2opt,notBad
6501,5,451.56999999999937,2,356.75,swap,notBad
6502,5,451.56999999999937,2,356.75,swap,notBad
6503,5,451.56999999999937,2,356.75,swap,notBad
6504,5,451.56999999999937,2,356.75,swap,notBad
6505,5,451.56999999999937,2,356.75,move,improve
6506,5,451.56999999999937,2,356.75,swap,notBad
6507,5,451.56999999999937,2,356.75,2opt,notBad
6508,5,451.56999999999937,2,356.75,swap,notBad
6509,5,451.56999999999937,2,356.75,swap,notBad
6510,5,451.56999999999937,2,356.75,2opt,notBad
6511,5,451.56999999999937,2,356.75,move,improve
6512,5,451.56999999999937,2,356.75,2opt,notBad
6513,5,451.56999999999937,2,356.75,swap,notBad
6514,5,451.56999999999937,2,356.75,move,improve
6515,5,451.56999999999937,2,356.75,2opt,improve
6516,5,451.56999999999937,2,356.75,2opt,notBad
6517,5,451.56999999999937,2,356.75,move,improve
6518,5,451.56999999999937,2,356.75,swap,notBad
6519,5,451.56999999999937,2,356.75,swap,notBad
6520,5,451.56999999999937,2,356.75,swap,notBad
6521,5,451.56999999999937,2,356.75,2opt,notBad
6522,5,451.56999999999937,2,356.75,move,improve
6523,5,451.56999999999937,2,356.75,2opt,notBad
6524,5,451.56999999999937,2,356.75,move,improve
6525,5,451.56999999999937,2,356.75,2opt,notBad
6526,5,451.56999999999937,2,356.75,move,improve
6527,5,451.56999999999937,2,356.75,2opt,notBad
6528,5,451.56999999999937,2,356.75,2opt,notBad
6529,5,451.56999999999937,2,356.75,move,improve
6530,5,451.56999999999937,2,356.75,swap,notBad
6531,5,451.56999999999937,2,356.75,2opt,improve
6532,5,451.56999999999937,2,356.75,2opt,notBad
6533,5,451.56999999999937,2,356.75,2opt,notBad
6534,5,451.56999999999937,2,356.75,move,improve
6535,5,451.56999999999937,2,356.75,2opt,notBad
6536,5,451.56999999999937,2,356.75,move,improve
6537,5,450.76999999999987,2,356.75,move,improve
6538,5,450.76999999999987,2,356.75,swap,notBad
6539,5,450.76999999999987,2,356.75,move,improve
6540,5,450.76999999999987,2,356.75,move,improve
6541,5,450.76999999999987,2,356.75,2opt,improve
6542,5,450.76999999999987,2,356.75,2opt,notBad
6543,5,450.76999999999987,2,356.75,2opt,notBad
6544,5,450.76999999999987,2,356.75,swap,notBad
6545,5,450.76999999999987,2,356.75,move,improve
6546,5,450.76999999999987,2,356.75,move,improve
6547,5,450.76999999999987,2,356.75,move,improve
6548,5,450.76999999999987,2,356.75,move,improve
6549,5,450.76999999999987,2,356.75,swap,notBad
6550,5,450.76999999999987,2,356.75,swap,notBad
6551,5,450.76999999999987,2,356.75,2opt,notBad
6552,5,450.76999999999987,2,356.75,swap,notBad
6553,5,450.76999999999987,2,356.75,swap,notBad
6554,5,450.76999999999987,2,356.75,swap,notBad
6555,5,450.76999999999987,2,356.75,move,improve
6556,5,450.76999999999987,2,356.75,move,improve
6557,5,450.76999999999987,2,356.75,2opt,notBad
6558,5,450.76999999999987,2,356.75,2opt,notBad
6559,5,450.76999999999987,2,356.75,move,improve
6560,5,450.76999999999987,2,356.75,move,improve
6561,5,450.76999999999987,2,356.75,move,improve
6562,5,450.76999999999987,2,356.75,move,improve
6563,5,450.76999999999987,2,356.75,2opt,notBad
6564,5,450.76999999999987,2,356.75,move,improve
6565,5,450.76999999999987,2,356.75,swap,notBad
6566,5,450.76999999999987,2,356.75,move,improve
6567,5,450.76999999999987,2,356.75,move,improve
6568,5,450.76999999999987,2,356.75,swap,notBad
6569,5,451.0999999999996,2,356.75,swap,acceptBad
6570,5,451.0999999999996,2,356.75,move,improve
6571,5,451.0999999999996,2,356.75,swap,notBad
6572,5,451.0999999999996,2,356.75,move,improve
6573,5,451.0999999999996,2,356.75,swap,notBad
6574,5,451.0999999999996,2,356.75,swap,notBad
6575,5,451.0999999999996,2,356.75,2opt,notBad
6576,5,451.0999999999996,2,356.75,2opt,notBad
6577,5,456.06000000000023,2,356.75,move,acceptBad
6578,5,456.06000000000023,2,356.75,move,improve
6579,5,456.06000000000023,2,356.75,move,improve
6580,5,453.0799999999996,2,356.75,move,improve
6581,5,453.0799999999996,2,356.75,move,improve
6582,5,453.0799999999996,2,356.75,move,improve
6583,5,453.0799999999996,2,356.75,swap,notBad
6584,5,453.0799999999996,2,356.75,move,improve
6585,5,453.0799999999996,2,356.75,2opt,notBad
6586,5,453.0799999999996,2,356.75,swap,notBad
6587,5,453.0799999999996,2,356.75,swap,notBad
6588,5,453.0799999999996,2,356.75,swap,notBad
6589,5,453.0799999999996,2,356.75,move,improve
6590,5,453.0799999999996,2,356.75,2opt,notBad
6591,5,453.0799999999996,2,356.75,2opt,notBad
6592,5,453.0799999999996,2,356.75,move,improve
6593,5,453.0799999999996,2,356.75,2opt,notBad
6594,5,453.0799999999996,2,356.75,swap,notBad
6595,5,453.0799999999996,2,356.75,move,improve
6596,5,453.0799999999996,2,356.75,swap,notBad
6597,5,453.0799999999996,2,356.75,2opt,notBad
6598,5,453.0799999999996,2,356.75,swap,notBad
6599,5,453.0799999999996,2,356.75,move,improve
6600,5,453.0799999999996,2,356.75,2opt,notBad
6601,5,453.0799999999996,2,356.75,2opt,notBad
6602,5,453.0799999999996,2,356.75,swap,notBad
6603,5,453.0799999999996,2,356.75,move,improve
6604,5,453.0799999999996,2,356.75,swap,notBad
6605,5,453.0799999999996,2,356.75,move,improve
6606,5,453.0799999999996,2,356.75,move,improve
6607,5,453.0799999999996,2,356.75,2opt,notBad
6608,5,453.0799999999996,2,356.75,2opt,notBad
6609,5,453.0799999999996,2,356.75,move,improve
6610,5,453.0799999999996,2,356.75,swap,notBad
6611,5,453.0799999999996,2,356.75,2opt,improve
6612,5,453.0799999999996,2,356.75,swap,notBad
6613,5,453.0799999999996,2,356.75,swap,notBad
6614,5,453.0799999999996,2,356.75,2opt,improve
6615,5,453.0799999999996,2,356.75,2opt,improve
6616,5,453.0799999999996,2,356.75,swap,notBad
6617,5,453.0799999999996,2,356.75,move,improve
6618,5,453.0799999999996,2,356.75,2opt,notBad
6619,5,453.0799999999996,2,356.75,2opt,notBad
6620,5,453.0799999999996,2,356.75,move,improve
6621,5,453.0799999999996,2,356.75,swap,notBad
6622,5,453.0799999999996,2,356.75,swap,notBad
6623,5,453.0799999999996,2,356.75,move,improve
6624,5,453.0799999999996,2,356.75,swap,notBad
6625,5,453.0799999999996,2,356.75,2opt,notBad
6626,5,453.0799999999996,2,356.75,2opt,notBad
6627,5,453.0799999999996,2,356.75,move,improve
6628,5,453.0799999999996,2,356.75,swap,notBad
6629,5,453.0799999999996,2,356.75,2opt,notBad
6630,5,453.0799999999996,2,356.75,move,improve
6631,5,453.0799999999996,2,356.75,swap,notBad
6632,5,453.0799999999996,2,356.75,swap,notBad
6633,5,453.0799999999996,2,356.75,2opt,notBad
6634,5,455.81999999999937,2,356.75,move,acceptBad
6635,5,455.81999999999937,2,356.75,2opt,notBad
6636,5,455.81999999999937,2,356.75,2opt,notBad
6637,5,455.81999999999937,2,356.75,swap,notBad
6638,5,455.81999999999937,2,356.75,2opt,notBad
6639,5,455.81999999999937,2,356.75,2opt,improve
6640,5,455.81999999999937,2,356.75,2opt,notBad
6641,5,455.81999999999937,2,356.75,move,improve
6642,5,455.01000000000056,2,356.75,move,improve
6643,5,455.01000000000056,2,356.75,move,improve
6644,5,455.01000000000056,2,356.75,2opt,notBad
6645,5,455.01000000000056,2,356.75,swap,notBad
6646,5,455.01000000000056,2,356.75,swap,notBad
6647,5,455.01000000000056,2,356.75,move,improve
6648,5,455.01000000000056,2,356.75,2opt,notBad
6649,5,455.01000000000056,2,356.75,2opt,notBad
6650,5,455.01000000000056,2,356.75,move,improve
6651,5,455.01000000000056,2,356.75,2opt,notBad
6652,5,455.01000000000056,2,356.75,2opt,notBad
6653,5,455.01000000000056,2,356.75,2opt,notBad
6654,5,455.01000000000056,2,356.75,swap,notBad
6655,5,455.01000000000056,2,356.75,swap,notBad
6656,5,455.01000000000056,2,356.75,swap,notBad
6657,5,455.01000000000056,2,356.75,move,improve
6658,5,455.01000000000056,2,356.75,swap,notBad
6659,5,455.01000000000056,2,356.75,2opt,notBad
6660,5,455.01000000000056,2,356.75,swap,notBad
6661,5,455.01000000000056,2,356.75,swap,notBad
6662,5,455.01000000000056,2,356.75,2opt,notBad
6663,5,455.01000000000056,2,356.75,move,improve
6664,5,455.01000000000056,2,356.75,move,improve
6665,5,455.01000000000056,2,356.75,2opt,notBad
6666,5,455.01000000000056,2,356.75,swap,notBad
6667,5,455.01000000000056,2,356.75,swap,notBad
6668,5,455.01000000000056,2,356.75,swap,notBad
6669,5,455.01000000000056,2,356.75,2opt,notBad
6670,5,455.01000000000056,2,356.75,swap,notBad
6671,5,455.01000000000056,2,356.75,move,improve
6672,5,455.01000000000056,2,356.75,2opt,notBad
6673,5,455.01000000000056,2,356.75,move,improve
6674,5,455.01000000000056,2,356.75,move,improve
6675,5,455.01000000000056,2,356.75,2opt,notBad
6676,5,454.70000000000044,2,356.75,move,improve
6677,5,454.70000000000044,2,356.75,move,improve
6678,5,454.70000000000044,2,356.75,move,improve
6679,5,454.70000000000044,2,356.75,2opt,notBad
6680,5,454.70000000000044,2,356.75,2opt,notBad
6681,5,454.70000000000044,2,356.75,move,improve
6682,5,454.70000000000044,2,356.75,move,improve
6683,5,454.70000000000044,2,356.75,2opt,notBad
6684,5,454.70000000000044,2,356.75,2opt,notBad
6685,5,454.70000000000044,2,356.75,move,improve
6686,5,454.70000000000044,2,356.75,move,improve
6687,5,454.70000000000044,2,356.75,swap,notBad
6688,5,454.70000000000044,2,356.75,2opt,notBad
6689,5,454.70000000000044,2,356.75,2opt,notBad
6690,5,454.70000000000044,2,356.75,2opt,notBad
6691,5,454.70000000000044,2,356.75,move,improve
6692,5,454.70000000000044,2,356.75,swap,notBad
6693,5,454.70000000000044,2,356.75,2opt,notBad
6694,5,454.70000000000044,2,356.75,move,improve
6695,5,450.97,2,356.75,move,improve
6696,5,450.97,2,356.75,move,improve
6697,5,450.97,2,356.75,2opt,notBad
6698,5,450.97,2,356.75,move,improve
6699,5,450.97,2,356.75,move,improve
6700,5,450.97,2,356.75,swap,notBad
6701,5,450.97,2,356.75,swap,notBad
6702,5,450.97,2,356.75,move,improve
6703,5,450.97,2,356.75,move,improve
6704,5,450.97,2,356.75,move,improve
6705,5,450.97,2,356.75,move,improve
6706,5,450.97,2,356.75,move,improve
6707,5,450.97,2,356.75,2opt,notBad
6708,5,450.97,2,356.75,swap,notBad
6709,5,450.97,2,356.75,move,improve
6710,5,450.97,2,356.75,swap,notBad
6711,5,450.97,2,356.75,2opt,notBad
6712,5,450.97,2,356.75,move,improve
6713,5,450.97,2,356.75,swap,notBad
6714,5,450.97,2,356.75,move,improve
6715,5,450.97,2,356.75,move,improve
6716,5,450.97,2,356.75,swap,notBad
6717,5,450.97,2,356.75,move,improve
6718,5,450.97,2,356.75,swap,notBad
6719,5,450.97,2,356.75,2opt,notBad
6720,5,450.97,2,356.75,move,improve
6721,5,450.97,2,356.75,2opt,notBad
6722,5,450.97,2,356.75,2opt,notBad
6723,5,450.97,2,356.75,swap,notBad
6724,5,450.97,2,356.75,swap,notBad
6725,5,450.97,2,356.75,2opt,notBad
6726,5,450.97,2,356.75,move,improve
6727,5,450.97,2,356.75,move,improve
6728,5,450.97,2,356.75,move,improve
6729,5,450.97,2,356.75,2opt,notBad
6730,5,450.97,2,356.75,move,improve
6731,5,450.97,2,356.75,move,improve
6732,5,450.97,2,356.75,move,improve
6733,5,450.97,2,356.75,move,improve
6734,5,450.97,2,356.75,2opt,notBad
6735,5,450.97,2,356.75,2opt,notBad
6736,5,450.97,2,356.75,swap,notBad
6737,5,450.97,2,356.75,2opt,notBad
6738,5,450.97,2,356.75,move,improve
6739,5,454.63000000000005,2,356.75,swap,acceptBad
6740,5,454.63000000000005,2,356.75,move,improve
6741,5,455.6800000000001,2,356.75,swap,acceptBad
6742,5,455.6800000000001,2,356.75,2opt,notBad
6743,5,455.6800000000001,2,356.75,swap,notBad
6744,5,455.6800000000001,2,356.75,2opt,notBad
6745,5,455.6800000000001,2,356.75,2opt,notBad
6746,5,455.6800000000001,2,356.75,2opt,notBad
6747,5,455.6800000000001,2,356.75,2opt,notBad
6748,5,455.6800000000001,2,356.75,move,improve
6749,5,455.6800000000001,2,356.75,2opt,notBad
6750,5,458.0300000000002,2,356.75,swap,acceptBad
6751,5,458.0300000000002,2,356.75,2opt,notBad
6752,5,458.0300000000002,2,356.75,swap,notBad
6753,5,458.0300000000002,2,356.75,move,improve
6754,5,458.0300000000002,2,356.75,swap,notBad
6755,5,458.0300000000002,2,356.75,2opt,notBad
6756,5,459.8000000000002,2,356.75,2opt,acceptBad
6757,5,459.8000000000002,2,356.75,swap,notBad
6758,5,459.8000000000002,2,356.75,2opt,notBad
6759,5,459.8000000000002,2,356.75,swap,notBad
6760,5,459.8000000000002,2,356.75,swap,notBad
6761,5,459.8000000000002,2,356.75,move,improve
6762,5,459.8000000000002,2,356.75,move,improve
6763,5,459.8000000000002,2,356.75,2opt,notBad
6764,5,459.8000000000002,2,356.75,swap,notBad
6765,5,459.8000000000002,2,356.75,move,improve
6766,5,459.8000000000002,2,356.75,move,improve
6767,5,459.8000000000002,2,356.75,move,improve
6768,5,459.8000000000002,2,356.75,swap,notBad
6769,5,459.8000000000002,2,356.75,2opt,notBad
6770,5,459.8000000000002,2,356.75,move,improve
6771,5,459.8000000000002,2,356.75,move,improve
6772,5,459.8000000000002,2,356.75,move,improve
6773,5,459.8000000000002,2,356.75,swap,notBad
6774,5,459.8000000000002,2,356.75,swap,notBad
6775,5,459.8000000000002,2,356.75,swap,notBad
6776,5,459.8000000000002,2,356.75,2opt,notBad
6777,5,459.8000000000002,2,356.75,swap,notBad
6778,5,459.8000000000002,2,356.75,2opt,notBad
6779,5,459.8000000000002,2,356.75,2opt,notBad
6780,5,459.8000000000002,2,356.75,2opt,improve
6781,5,459.8000000000002,2,356.75,move,improve
6782,5,459.8000000000002,2,356.75,swap,notBad
6783,5,459.8000000000002,2,356.75,swap,notBad
6784,5,459.8000000000002,2,356.75,2opt,notBad
6785,5,459.8000000000002,2,356.75,2opt,notBad
6786,5,459.8000000000002,2,356.75,swap,notBad
6787,5,459.8000000000002,2,356.75,swap,notBad
6788,5,459.8000000000002,2,356.75,2opt,notBad
6789,5,459.8000000000002,2,356.75,swap,notBad
6790,5,459.8000000000002,2,356.75,2opt,notBad
6791,5,459.8000000000002,2,356.75,2opt,notBad
6792,5,459.28000000000037,2,356.75,move,improve
6793,5,459.28000000000037,2,356.75,swap,notBad
6794,5,459.28000000000037,2,356.75,swap,notBad
6795,5,459.28000000000037,2,356.75,swap,notBad
6796,5,459.28000000000037,2,356.75,move,improve
6797,5,459.28000000000037,2,356.75,2opt,notBad
6798,5,459.28000000000037,2,356.75,2opt,notBad
6799,5,459.28000000000037,2,356.75,2opt,notBad
6800,5,459.28000000000037,2,356.75,swap,notBad
6801,5,459.28000000000037,2,356.75,swap,notBad
6802,5,459.28000000000037,2,356.75,swap,notBad
6803,5,459.28000000000037,2,356.75,2opt,notBad
6804,5,459.28000000000037,2,356.75,2opt,notBad
6805,5,459.28000000000037,2,356.75,swap,notBad
6806,5,459.28000000000037,2,356.75,move,improve
6807,5,459.28000000000037,2,356.75,swap,notBad
6808,5,458.4599999999999,2,356.75,move,improve
6809,5,458.4599999999999,2,356.75,move,improve
6810,5,458.4599999999999,2,356.75,move,improve
6811,5,458.4599999999999,2,356.75,2opt,notBad
6812,5,458.4599999999999,2,356.75,move,improve
6813,5,458.4599999999999,2,356.75,move,improve
6814,5,458.4599999999999,2,356.75,2opt,notBad
6815,5,458.4599999999999,2,356.75,move,improve
6816,5,458.4599999999999,2,356.75,swap,notBad
6817,5,458.4599999999999,2,356.75,2opt,notBad
6818,5,458.4599999999999,2,356.75,move,improve
6819,5,458.4599999999999,2,356.75,swap,notBad
6820,5,458.4599999999999,2,356.75,2opt,notBad
6821,5,458.4599999999999,2,356.75,swap,notBad
6822,5,458.4599999999999,2,356.75,swap,notBad
6823,5,458.4599999999999,2,356.75,move,improve
6824,5,458.4599999999999,2,356.75,move,improve
6825,5,458.4599999999999,2,356.75,2opt,notBad
6826,5,458.4599999999999,2,356.75,move,improve
6827,5,458.4599999999999,2,356.75,swap,notBad
6828,5,458.4599999999999,2,356.75,move,improve
6829,5,458.4599999999999,2,356.75,move,improve
6830,5,458.4599999999999,2,356.75,move,improve
6831,5,458.4599999999999,2,356.75,move,improve
6832,5,458.4599999999999,2,356.75,swap,notBad
6833,5,458.4599999999999,2,356.75,swap,notBad
6834,5,458.4599999999999,2,356.75,move,improve
6835,5,458.4599999999999,2,356.75,move,improve
6836,5,458.4599999999999,2,356.75,2opt,notBad
6837,5,458.4599999999999,2,356.75,swap,notBad
6838,5,458.4599999999999,2,356.75,swap,notBad
6839,5,458.4599999999999,2,356.75,move,improve
6840,5,458.4599999999999,2,356.75,2opt,notBad
6841,5,458.4599999999999,2,356.75,swap,notBad
6842,5,458.4599999999999,2,356.75,2opt,notBad
6843,5,458.4599999999999,2,356.75,move,improve
6844,5,458.4599999999999,2,356.75,move,improve
6845,5,458.4599999999999,2,356.75,2opt,notBad
6846,5,458.4599999999999,2,356.75,swap,notBad
6847,5,458.4599999999999,2,356.75,swap,notBad
6848,5,458.4599999999999,2,356.75,swap,notBad
6849,5,458.4599999999999,2,356.75,move,improve
6850,5,458.4599999999999,2,356.75,swap,notBad
6851,5,458.4599999999999,2,356.75,swap,notBad
6852,5,458.4599999999999,2,356.75,2opt,notBad
6853,5,457.22999999999996,2,356.75,move,improve
6854,5,457.22999999999996,2,356.75,move,improve
6855,5,457.22999999999996,2,356.75,2opt,notBad
6856,5,457.22999999999996,2,356.75,swap,notBad
6857,5,457.22999999999996,2,356.75,move,improve
6858,5,457.22999999999996,2,356.75,2opt,notBad
6859,5,457.22999999999996,2,356.75,move,improve
6860,5,457.22999999999996,2,356.75,2opt,notBad
6861,5,457.22999999999996,2,356.75,swap,notBad
6862,5,457.22999999999996,2,356.75,move,improve
6863,5,457.22999999999996,2,356.75,move,improve
6864,5,457.22999999999996,2,356.75,2opt,notBad
6865,5,457.22999999999996,2,356.75,2opt,notBad
6866,5,457.22999999999996,2,356.75,swap,notBad
6867,5,457.22999999999996,2,356.75,move,improve
6868,5,457.22999999999996,2,356.75,move,notBad
6869,5,457.22999999999996,2,356.75,move,improve
6870,5,457.22999999999996,2,356.75,swap,notBad
6871,5,457.22999999999996,2,356.75,move,improve
6872,5,457.22999999999996,2,356.75,move,improve
6873,5,457.22999999999996,2,356.75,2opt,notBad
6874,5,457.22999999999996,2,356.75,2opt,notBad
6875,5,457.22999999999996,2,356.75,2opt,notBad
6876,5,457.22999999999996,2,356.75,2opt,notBad
6877,5,457.22999999999996,2,356.75,swap,notBad
6878,5,457.22999999999996,2,356.75,move,improve
6879,5,457.22999999999996,2,356.75,move,notBad
6880,5,457.22999999999996,2,356.75,move,improve
6881,5,457.22999999999996,2,356.75,2opt,notBad
6882,5,457.22999999999996,2,356.75,2opt,notBad
6883,5,457.22999999999996,2,356.75,2opt,notBad
6884,5,457.22999999999996,2,356.75,2opt,notBad
6885,5,457.22999999999996,2,356.75,2opt,notBad
6886,5,457.22999999999996,2,356.75,swap,notBad
6887,5,457.22999999999996,2,356.75,move,improve
6888,5,457.22999999999996,2,356.75,swap,notBad
6889,5,457.22999999999996,2,356.75,swap,notBad
6890,5,457.22999999999996,2,356.75,2opt,notBad
6891,5,457.22999999999996,2,356.75,swap,notBad
6892,5,457.22999999999996,2,356.75,2opt,notBad
6893,5,457.22999999999996,2,356.75,2opt,notBad
6894,5,457.22999999999996,2,356.75,2opt,notBad
6895,5,457.22999999999996,2,356.75,move,improve
6896,5,457.22999999999996,2,356.75,2opt,notBad
6897,5,457.22999999999996,2,356.75,swap,notBad
6898,5,453.0299999999999,2,356.75,move,improve
6899,5,453.0299999999999,2,356.75,swap,notBad
6900,5,453.0299999999999,2,356.75,2opt,notBad
6901,5,453.0299999999999,2,356.75,move,improve
6902,5,453.0299999999999,2,356.75,2opt,notBad
6903,5,453.0299999999999,2,356.75,swap,notBad
6904,5,453.0299999999999,2,356.75,2opt,improve
6905,5,453.0299999999999,2,356.75,move,improve
6906,5,453.0299999999999,2,356.75,move,improve
6907,5,453.0299999999999,2,356.75,move,improve
6908,5,453.0299999999999,2,356.75,swap,notBad
6909,5,453.0299999999999,2,356.75,2opt,notBad
6910,5,453.0299999999999,2,356.75,2opt,notBad
6911,5,453.0299999999999,2,356.75,swap,notBad
6912,5,453.0299999999999,2,356.75,2opt,notBad
6913,5,453.0299999999999,2,356.75,2opt,notBad
6914,5,453.0299999999999,2,356.75,swap,notBad
6915,5,453.0299999999999,2,356.75,2opt,notBad
6916,5,453.0299999999999,2,356.75,2opt,notBad
6917,5,453.0299999999999,2,356.75,swap,notBad
6918,5,453.0299999999999,2,356.75,2opt,notBad
6919,5,453.0299999999999,2,356.75,move,improve
6920,5,453.0299999999999,2,356.75,swap,notBad
6921,5,453.0299999999999,2,356.75,move,improve
6922,5,453.0299999999999,2,356.75,move,improve
6923,5,453.0299999999999,2,356.75,swap,notBad
6924,5,453.0299999999999,2,356.75,move,improve
6925,5,458.0800000000001,2,356.75,swap,acceptBad
6926,5,458.0800000000001,2,356.75,move,improve
6927,5,458.0800000000001,2,356.75,swap,notBad
6928,5,458.0800000000001,2,356.75,2opt,notBad
6929,5,458.0800000000001,2,356.75,2opt,notBad
6930,5,458.0800000000001,2,356.75,move,notBad
6931,5,461.54999999999995,2,356.75,swap,acceptBad
6932,5,461.54999999999995,2,356.75,move,improve
6933,5,461.54999999999995,2,356.75,2opt,notBad
6934,5,461.54999999999995,2,356.75,2opt,notBad
6935,5,461.54999999999995,2,356.75,2opt,notBad
6936,5,461.54999999999995,2,356.75,swap,notBad
6937,5,461.54999999999995,2,356.75,swap,notBad
6938,5,461.54999999999995,2,356.75,move,improve
6939,5,461.3800000000001,2,356.75,move,improve
6940,5,461.3800000000001,2,356.75,2opt,notBad
6941,5,461.3800000000001,2,356.75,move,improve
6942,5,461.3800000000001,2,356.75,move,improve
6943,5,461.3800000000001,2,356.75,2opt,notBad
6944,5,461.3800000000001,2,356.75,move,improve
6945,5,461.3800000000001,2,356.75,swap,notBad
6946,5,461.3800000000001,2,356.75,move,improve
6947,5,461.3800000000001,2,356.75,2opt,notBad
6948,5,461.3800000000001,2,356.75,move,improve
6949,5,461.3800000000001,2,356.75,swap,notBad
6950,5,461.3800000000001,2,356.75,move,improve
6951,5,461.3800000000001,2,356.75,2opt,notBad
6952,5,461.3800000000001,2,356.75,move,improve
6953,5,461.3800000000001,2,356.75,move,improve
6954,5,461.3800000000001,2,356.75,swap,notBad
6955,5,461.3800000000001,2,356.75,2opt,notBad
6956,5,461.3800000000001,2,356.75,swap,notBad
6957,5,458.3399999999996,2,356.75,2opt,improve
6958,5,458.3399999999996,2,356.75,2opt,notBad
6959,5,458.3399999999996,2,356.75,2opt,notBad
6960,5,458.3399999999996,2,356.75,move,improve
6961,5,462.53999999999957,2,356.75,move,acceptBad
6962,5,462.53999999999957,2,356.75,move,improve
6963,5,462.53999999999957,2,356.75,swap,notBad
6964,5,461.93999999999954,2,356.75,move,improve
6965,5,461.93999999999954,2,356.75,swap,notBad
6966,5,461.93999999999954,2,356.75,move,improve
6967,5,461.93999999999954,2,356.75,swap,notBad
6968,5,461.93999999999954,2,356.75,swap,notBad
6969,5,461.93999999999954,2,356.75,swap,notBad
6970,5,461.93999999999954,2,356.75,swap,notBad
6971,5,461.93999999999954,2,356.75,2opt,notBad
6972,5,461.93999999999954,2,356.75,2opt,notBad
6973,5,461.93999999999954,2,356.75,2opt,notBad
6974,5,461.93999999999954,2,356.75,swap,notBad
6975,5,461.93999999999954,2,356.75,2opt,notBad
6976,5,461.93999999999954,2,356.75,swap,notBad
6977,5,461.93999999999954,2,356.75,move,improve
6978,5,461.93999999999954,2,356.75,move,improve
6979,5,461.93999999999954,2,356.75,2opt,notBad
6980,5,461.93999999999954,2,356.75,move,improve
6981,5,461.93999999999954,2,356.75,move,improve
6982,5,461.93999999999954,2,356.75,2opt,notBad
6983,5,461.93999999999954,2,356.75,swap,notBad
6984,5,459.8399999999999,2,356.75,move,improve
6985,5,459.8399999999999,2,356.75,swap,notBad
6986,5,459.8399999999999,2,356.75,move,improve
6987,5,459.8399999999999,2,356.75,2opt,improve
6988,5,459.8399999999999,2,356.75,move,improve
6989,5,459.8399999999999,2,356.75,move,improve
6990,5,459.8399999999999,2,356.75,swap,notBad
6991,5,459.8399999999999,2,356.75,move,improve
6992,5,459.8399999999999,2,356.75,swap,notBad
6993,5,459.8399999999999,2,356.75,swap,notBad
6994,5,459.8399999999999,2,356.75,move,improve
6995,5,459.8399999999999,2,356.75,swap,notBad
6996,5,459.8399999999999,2,356.75,move,improve
6997,5,459.8399999999999,2,356.75,move,improve
6998,5,459.8399999999999,2,356.75,2opt,notBad
6999,5,459.8399999999999,2,356.75,2opt,notBad
7000,5,459.8399999999999,2,356.75,move,improve
7001,5,459.8399999999999,2,356.75,2opt,notBad
7002,5,459.8399999999999,2,356.75,move,improve
7003,5,459.8399999999999,2,356.75,swap,notBad
7004,5,459.8399999999999,2,356.75,swap,notBad
7005,5,459.8399999999999,2,356.75,2opt,notBad
7006,5,459.8399999999999,2,356.75,swap,notBad
7007,5,459.8399999999999,2,356.75,2opt,notBad
7008,5,459.8399999999999,2,356.75,2opt,notBad
7009,5,459.8399999999999,2,356.75,2opt,notBad
7010,5,459.8399999999999,2,356.75,swap,notBad
7011,5,459.8399999999999,2,356.75,swap,notBad
7012,5,459.8399999999999,2,356.75,move,improve
7013,5,459.8399999999999,2,356.75,swap,notBad
7014,5,459.8399999999999,2,356.75,2opt,improve
7015,5,459.8399999999999,2,356.75,swap,notBad
7016,5,459.8399999999999,2,356.75,move,improve
7017,5,459.8399999999999,2,356.75,2opt,notBad
7018,5,459.8399999999999,2,356.75,swap,notBad
7019,5,459.8399999999999,2,356.75,move,improve
7020,5,459.8399999999999,2,356.75,2opt,notBad
7021,5,459.8399999999999,2,356.75,move,improve
7022,5,458.99,2,356.75,move,improve
7023,5,458.99,2,356.75,swap,notBad
7024,5,458.99,2,356.75,swap,notBad
7025,5,458.99,2,356.75,2opt,notBad
7026,5,458.99,2,356.75,2opt,notBad
7027,5,458.99,2,356.75,swap,notBad
7028,5,458.99,2,356.75,swap,notBad
7029,5,458.99,2,356.75,2opt,notBad
7030,5,458.99,2,356.75,2opt,notBad
7031,5,458.99,2,356.75,2opt,notBad
7032,5,458.99,2,356.75,move,improve
7033,5,458.99,2,356.75,move,improve
7034,5,458.99,2,356.75,move,improve
7035,5,458.99,2,356.75,2opt,notBad
7036,5,458.99,2,356.75,swap,notBad
7037,5,458.99,2,356.75,2opt,notBad
7038,5,458.99,2,356.75,move,improve
7039,5,458.99,2,356.75,2opt,notBad
7040,5,458.99,2,356.75,move,improve
7041,5,458.99,2,356.75,move,improve
7042,5,458.99,2,356.75,swap,notBad
7043,5,458.99,2,356.75,move,improve
7044,5,458.99,2,356.75,swap,notBad
7045,5,458.99,2,356.75,2opt,notBad
7046,5,458.99,2,356.75,swap,notBad
7047,5,458.99,2,356.75,2opt,notBad
7048,5,458.99,2,356.75,move,improve
7049,5,458.99,2,356.75,2opt,notBad
7050,5,458.99,2,356.75,swap,notBad
7051,5,458.99,2,356.75,swap,notBad
7052,5,458.99,2,356.75,2opt,notBad
7053,5,458.99,2,356.75,move,improve
7054,5,458.99,2,356.75,swap,notBad
7055,5,458.99,2,356.75,move,improve
7056,5,458.99,2,356.75,swap,notBad
7057,5,458.99,2,356.75,move,improve
7058,5,458.99,2,356.75,swap,notBad
7059,5,458.99,2,356.75,2opt,improve
7060,5,458.99,2,356.75,move,improve
7061,5,458.99,2,356.75,swap,notBad
7062,5,458.99,2,356.75,move,improve
7063,5,458.99,2,356.75,2opt,notBad
7064,5,458.99,2,356.75,move,improve
7065,5,458.99,2,356.75,move,improve
7066,5,458.99,2,356.75,2opt,notBad
7067,5,458.99,2,356.75,swap,notBad
7068,5,458.99,2,356.75,2opt,notBad
7069,5,458.99,2,356.75,2opt,notBad
7070,5,458.99,2,356.75,swap,notBad
7071,5,458.99,2,356.75,move,improve
7072,5,458.99,2,356.75,2opt,notBad
7073,5,458.99,2,356.75,move,improve
7074,5,458.99,2,356.75,2opt,notBad
7075,5,458.99,2,356.75,move,improve
7076,5,458.99,2,356.75,move,improve
7077,5,458.99,2,356.75,swap,notBad
7078,5,458.99,2,356.75,move,improve
7079,5,458.99,2,356.75,2opt,notBad
7080,5,458.99,2,356.75,move,improve
7081,5,458.99,2,356.75,2opt,notBad
7082,5,458.99,2,356.75,swap,notBad
7083,5,458.99,2,356.75,move,improve
7084,5,458.99,2,356.75,2opt,notBad
7085,5,458.99,2,356.75,move,improve
7086,5,458.99,2,356.75,swap,notBad
7087,5,458.99,2,356.75,move,improve
7088,5,458.99,2,356.75,move,improve
7089,5,458.99,2,356.75,move,improve
7090,5,458.99,2,356.75,swap,notBad
7091,5,458.81999999999925,2,356.75,swap,improve
7092,5,458.81999999999925,2,356.75,swap,notBad
7093,5,458.81999999999925,2,356.75,2opt,notBad
7094,5,458.81999999999925,2,356.75,swap,notBad
7095,5,458.81999999999925,2,356.75,2opt,notBad
7096,5,458.81999999999925,2,356.75,move,improve
7097,5,458.81999999999925,2,356.75,2opt,notBad
7098,5,458.81999999999925,2,356.75,2opt,notBad
7099,5,458.81999999999925,2,356.75,swap,notBad
7100,5,458.81999999999925,2,356.75,move,improve
7101,5,458.81999999999925,2,356.75,move,improve
7102,5,458.81999999999925,2,356.75,2opt,improve
7103,5,458.81999999999925,2,356.75,swap,notBad
7104,5,458.81999999999925,2,356.75,2opt,notBad
7105,5,458.81999999999925,2,356.75,move,improve
7106,5,458.81999999999925,2,356.75,move,improve
7107,5,458.81999999999925,2,356.75,2opt,notBad
7108,5,458.81999999999925,2,356.75,swap,notBad
7109,5,458.81999999999925,2,356.75,swap,notBad
7110,5,458.81999999999925,2,356.75,swap,notBad
7111,5,458.81999999999925,2,356.75,2opt,notBad
7112,5,458.81999999999925,2,356.75,2opt,notBad
7113,5,458.81999999999925,2,356.75,swap,notBad
7114,5,458.81999999999925,2,356.75,move,improve
7115,5,458.81999999999925,2,356.75,2opt,notBad
7116,5,458.81999999999925,2,356.75,2opt,notBad
7117,5,458.81999999999925,2,356.75,2opt,notBad
7118,5,458.81999999999925,2,356.75,2opt,notBad
7119,5,458.81999999999925,2,356.75,swap,notBad
7120,5,458.81999999999925,2,356.75,swap,notBad
7121,5,458.81999999999925,2,356.75,move,improve
7122,5,458.81999999999925,2,356.75,swap,notBad
7123,5,458.81999999999925,2,356.75,2opt,notBad
7124,5,458.81999999999925,2,356.75,swap,notBad
7125,5,458.81999999999925,2,356.75,2opt,notBad
7126,5,458.81999999999925,2,356.75,swap,notBad
7127,5,458.81999999999925,2,356.75,move,improve
7128,5,458.81999999999925,2,356.75,move,improve
7129,5,458.81999999999925,2,356.75,swap,notBad
7130,5,458.81999999999925,2,356.75,move,improve
7131,5,458.81999999999925,2,356.75,swap,notBad
7132,5,458.81999999999925,2,356.75,2opt,notBad
7133,5,458.81999999999925,2,356.75,swap,notBad
7134,5,458.81999999999925,2,356.75,swap,notBad
7135,5,458.81999999999925,2,356.75,move,improve
7136,5,458.81999999999925,2,356.75,swap,notBad
7137,5,458.81999999999925,2,356.75,swap,notBad
7138,5,458.81999999999925,2,356.75,move,improve
7139,5,458.81999999999925,2,356.75,move,improve
7140,5,458.81999999999925,2,356.75,swap,notBad
7141,5,458.81999999999925,2,356.75,2opt,notBad
7142,5,458.81999999999925,2,356.75,move,improve
7143,5,458.81999999999925,2,356.75,swap,notBad
7144,5,458.81999999999925,2,356.75,swap,notBad
7145,5,458.81999999999925,2,356.75,move,improve
7146,5,458.81999999999925,2,356.75,swap,notBad
7147,5,458.81999999999925,2,356.75,move,improve
7148,5,458.81999999999925,2,356.75,2opt,notBad
7149,5,458.81999999999925,2,356.75,2opt,notBad
7150,5,458.81999999999925,2,356.75,move,improve
7151,5,458.81999999999925,2,356.75,swap,notBad
7152,5,458.81999999999925,2,356.75,move,improve
7153,5,458.81999999999925,2,356.75,2opt,notBad
7154,5,458.81999999999925,2,356.75,swap,notBad
7155,5,458.81999999999925,2,356.75,2opt,notBad
7156,5,458.81999999999925,2,356.75,swap,notBad
7157,5,458.81999999999925,2,356.75,swap,notBad
7158,5,457.56999999999914,2,356.75,move,improve
7159,5,457.56999999999914,2,356.75,2opt,notBad
7160,5,457.56999999999914,2,356.75,swap,notBad
7161,5,457.56999999999914,2,356.75,2opt,notBad
7162,5,457.56999999999914,2,356.75,2opt,notBad
7163,5,457.56999999999914,2,356.75,swap,notBad
7164,5,457.56999999999914,2,356.75,move,improve
7165,5,457.56999999999914,2,356.75,2opt,notBad
7166,5,457.56999999999914,2,356.75,2opt,notBad
7167,5,457.56999999999914,2,356.75,move,improve
7168,5,457.56999999999914,2,356.75,move,improve
7169,5,457.56999999999914,2,356.75,move,improve
7170,5,457.56999999999914,2,356.75,swap,notBad
7171,5,457.56999999999914,2,356.75,swap,notBad
7172,5,457.739999999999,2,356.75,swap,acceptBad
7173,5,457.739999999999,2,356.75,2opt,notBad
7174,5,457.739999999999,2,356.75,2opt,notBad
7175,5,457.739999999999,2,356.75,2opt,notBad
7176,5,457.739999999999,2,356.75,move,improve
7177,5,457.739999999999,2,356.75,2opt,notBad
7178,5,457.739999999999,2,356.75,move,improve
7179,5,457.739999999999,2,356.75,2opt,notBad
7180,5,457.739999999999,2,356.75,swap,notBad
7181,5,457.739999999999,2,356.75,2opt,improve
7182,5,457.739999999999,2,356.75,swap,notBad
7183,5,457.739999999999,2,356.75,move,improve
7184,5,457.739999999999,2,356.75,move,improve
7185,5,457.739999999999,2,356.75,move,improve
7186,5,457.739999999999,2,356.75,2opt,notBad
7187,5,457.739999999999,2,356.75,swap,notBad
7188,5,457.739999999999,2,356.75,move,improve
7189,5,457.739999999999,2,356.75,2opt,notBad
7190,5,457.739999999999,2,356.75,swap,notBad
7191,5,457.739999999999,2,356.75,2opt,notBad
7192,5,457.739999999999,2,356.75,swap,notBad
7193,5,457.739999999999,2,356.75,move,improve
7194,5,457.739999999999,2,356.75,move,improve
7195,5,457.739999999999,2,356.75,2opt,notBad
7196,5,457.739999999999,2,356.75,move,improve
7197,5,457.739999999999,2,356.75,2opt,notBad
7198,5,457.739999999999,2,356.75,2opt,notBad
7199,5,457.739999999999,2,356.75,move,improve
7200,5,457.739999999999,2,356.75,2opt,notBad
7201,5,457.739999999999,2,356.75,move,improve
7202,5,461.4599999999994,2,356.75,move,acceptBad
7203,5,461.4599999999994,2,356.75,2opt,notBad
7204,5,461.4599999999994,2,356.75,swap,notBad
7205,5,461.4599999999994,2,356.75,2opt,notBad
7206,5,461.4599999999994,2,356.75,move,improve
7207,5,461.4599999999994,2,356.75,2opt,notBad
7208,5,461.4599999999994,2,356.75,2opt,notBad
7209,5,461.4599999999994,2,356.75,move,improve
7210,5,461.4599999999994,2,356.75,2opt,notBad
7211,5,461.4599999999994,2,356.75,2opt,notBad
7212,5,461.4599999999994,2,356.75,2opt,notBad
7213,5,461.4599999999994,2,356.75,2opt,notBad
7214,5,461.4599999999994,2,356.75,move,improve
7215,5,461.4599999999994,2,356.75,2opt,notBad
7216,5,461.4599999999994,2,356.75,move,improve
7217,5,461.4599999999994,2,356.75,2opt,notBad
7218,5,461.4599999999994,2,356.75,swap,notBad
7219,5,461.4599999999994,2,356.75,swap,notBad
7220,5,461.4599999999994,2,356.75,move,improve
7221,5,461.4599999999994,2,356.75,move,improve
7222,5,461.4599999999994,2,356.75,2opt,notBad
7223,5,461.4599999999994,2,356.75,swap,notBad
7224,5,461.4599999999994,2,356.75,swap,notBad
7225,5,461.4599999999994,2,356.75,swap,notBad
7226,5,461.4599999999994,2,356.75,move,improve
7227,5,461.4599999999994,2,356.75,2opt,notBad
7228,5,461.4599999999994,2,356.75,2opt,notBad
7229,5,461.4599999999994,2,356.75,swap,notBad
7230,5,461.4599999999994,2,356.75,swap,notBad
7231,5,461.4599999999994,2,356.75,2opt,notBad
7232,5,461.4599999999994,2,356.75,swap,notBad
7233,5,461.4599999999994,2,356.75,2opt,notBad
7234,5,461.4599999999994,2,356.75,swap,notBad
7235,5,461.4599999999994,2,356.75,2opt,notBad
7236,5,465.92999999999915,2,356.75,swap,acceptBad
7237,5,465.92999999999915,2,356.75,2opt,notBad
7238,5,461.2500000000001,2,356.75,swap,improve
7239,5,461.2500000000001,2,356.75,2opt,improve
7240,5,461.2500000000001,2,356.75,move,improve
7241,5,461.2500000000001,2,356.75,swap,notBad
7242,5,461.2500000000001,2,356.75,2opt,notBad
7243,5,461.2500000000001,2,356.75,move,improve
7244,5,461.2500000000001,2,356.75,swap,notBad
7245,5,461.2500000000001,2,356.75,swap,notBad
7246,5,461.2500000000001,2,356.75,2opt,notBad
7247,5,461.2500000000001,2,356.75,swap,notBad
7248,5,461.2500000000001,2,356.75,move,improve
7249,5,461.2500000000001,2,356.75,move,improve
7250,5,461.2500000000001,2,356.75,2opt,notBad
7251,5,461.2500000000001,2,356.75,move,improve
7252,5,461.2500000000001,2,356.75,swap,notBad
7253,5,461.2500000000001,2,356.75,swap,notBad
7254,5,461.2500000000001,2,356.75,swap,notBad
7255,5,461.2500000000001,2,356.75,swap,notBad
7256,5,461.12999999999937,2,356.75,move,improve
7257,5,461.12999999999937,2,356.75,2opt,notBad
7258,5,461.12999999999937,2,356.75,move,improve
7259,5,461.12999999999937,2,356.75,move,improve
7260,5,461.12999999999937,2,356.75,move,improve
7261,5,461.12999999999937,2,356.75,move,improve
7262,5,461.12999999999937,2,356.75,2opt,notBad
7263,5,461.12999999999937,2,356.75,move,improve
7264,5,461.12999999999937,2,356.75,move,improve
7265,5,461.12999999999937,2,356.75,swap,notBad
7266,5,461.12999999999937,2,356.75,move,improve
7267,5,461.12999999999937,2,356.75,move,improve
7268,5,461.12999999999937,2,356.75,2opt,notBad
7269,5,461.12999999999937,2,356.75,swap,notBad
7270,5,461.12999999999937,2,356.75,2opt,notBad
7271,5,461.12999999999937,2,356.75,move,improve
7272,5,461.12999999999937,2,356.75,move,improve
7273,5,461.12999999999937,2,356.75,move,improve
7274,5,461.12999999999937,2,356.75,2opt,notBad
7275,5,461.12999999999937,2,356.75,2opt,improve
7276,5,461.12999999999937,2,356.75,swap,notBad
7277,5,461.12999999999937,2,356.75,move,improve
7278,5,461.6799999999994,2,356.75,swap,acceptBad
7279,5,461.6799999999994,2,356.75,move,improve
7280,5,461.6799999999994,2,356.75,2opt,notBad
7281,5,461.6799999999994,2,356.75,2opt,notBad
7282,5,461.6799999999994,2,356.75,swap,notBad
7283,5,461.6799999999994,2,356.75,move,improve
7284,5,461.6799999999994,2,356.75,2opt,notBad
7285,5,461.6799999999994,2,356.75,swap,notBad
7286,5,461.6799999999994,2,356.75,2opt,notBad
7287,5,461.6799999999994,2,356.75,2opt,notBad
7288,5,461.6799999999994,2,356.75,move,improve
7289,5,461.6799999999994,2,356.75,swap,notBad
7290,5,461.6799999999994,2,356.75,move,improve
7291,5,461.0799999999999,2,356.75,move,improve
7292,5,461.0799999999999,2,356.75,2opt,notBad
7293,5,461.0799999999999,2,356.75,move,improve
7294,5,461.0799999999999,2,356.75,move,improve
7295,5,461.0799999999999,2,356.75,2opt,notBad
7296,5,461.0799999999999,2,356.75,swap,notBad
7297,5,461.0799999999999,2,356.75,swap,notBad
7298,5,461.0799999999999,2,356.75,swap,notBad
7299,5,461.0799999999999,2,356.75,2opt,notBad
7300,5,461.0799999999999,2,356.75,swap,notBad
7301,5,461.0799999999999,2,356.75,2opt,improve
7302,5,461.0799999999999,2,356.75,swap,notBad
7303,5,461.0799999999999,2,356.75,swap,notBad
7304,5,461.0799999999999,2,356.75,swap,notBad
7305,5,461.0799999999999,2,356.75,move,improve
7306,5,461.0799999999999,2,356.75,swap,notBad
7307,5,461.0799999999999,2,356.75,2opt,notBad
7308,5,461.0799999999999,2,356.75,2opt,notBad
7309,5,461.0799999999999,2,356.75,2opt,notBad
7310,5,462.2699999999995,2,356.75,swap,acceptBad
7311,5,462.2699999999995,2,356.75,swap,notBad
7312,5,462.2699999999995,2,356.75,swap,notBad
7313,5,462.2699999999995,2,356.75,move,improve
7314,5,462.2699999999995,2,356.75,swap,notBad
7315,5,462.2699999999995,2,356.75,move,improve
7316,5,462.2699999999995,2,356.75,swap,notBad
7317,5,462.2699999999995,2,356.75,move,improve
7318,5,462.2699999999995,2,356.75,swap,notBad
7319,5,462.2699999999995,2,356.75,swap,notBad
7320,5,462.2699999999995,2,356.75,2opt,notBad
7321,5,462.2699999999995,2,356.75,move,improve
7322,5,462.2699999999995,2,356.75,move,improve
7323,5,462.2699999999995,2,356.75,2opt,notBad
7324,5,462.2699999999995,2,356.75,swap,notBad
7325,5,462.2699999999995,2,356.75,move,improve
7326,5,462.2699999999995,2,356.75,swap,notBad
7327,5,462.2699999999995,2,356.75,2opt,notBad
7328,5,462.2699999999995,2,356.75,2opt,notBad
7329,5,462.2699999999995,2,356.75,move,improve
7330,5,462.2699999999995,2,356.75,swap,notBad
7331,5,462.2699999999995,2,356.75,swap,notBad
7332,5,462.2699999999995,2,356.75,2opt,notBad
7333,5,462.2699999999995,2,356.75,2opt,notBad
7334,5,462.2699999999995,2,356.75,swap,notBad
7335,5,462.2699999999995,2,356.75,2opt,notBad
7336,5,462.2699999999995,2,356.75,move,improve
7337,5,462.2699999999995,2,356.75,2opt,notBad
7338,5,462.2699999999995,2,356.75,swap,notBad
7339,5,462.2699999999995,2,356.75,swap,notBad
7340,5,462.2699999999995,2,356.75,swap,notBad
7341,5,462.2699999999995,2,356.75,2opt,notBad
7342,5,462.2699999999995,2,356.75,move,improve
7343,5,462.2699999999995,2,356.75,swap,notBad
7344,5,462.2699999999995,2,356.75,2opt,notBad
7345,5,462.2699999999995,2,356.75,move,improve
7346,5,462.2699999999995,2,356.75,swap,notBad
7347,5,462.2699999999995,2,356.75,2opt,notBad
7348,5,462.2699999999995,2,356.75,swap,notBad
7349,5,462.2699999999995,2,356.75,move,improve
7350,5,462.2699999999995,2,356.75,move,improve
7351,5,462.2699999999995,2,356.75,swap,notBad
7352,5,462.2699999999995,2,356.75,move,improve
7353,5,462.2699999999995,2,356.75,2opt,notBad
7354,5,462.2699999999995,2,356.75,2opt,notBad
7355,5,462.2699999999995,2,356.75,swap,notBad
7356,5,462.2699999999995,2,356.75,2opt,notBad
7357,5,462.2699999999995,2,356.75,move,improve
7358,5,462.2699999999995,2,356.75,move,improve
7359,5,462.2699999999995,2,356.75,move,improve
7360,5,462.2699999999995,2,356.75,2opt,notBad
7361,5,462.2699999999995,2,356.75,swap,notBad
7362,5,462.2699999999995,2,356.75,2opt,notBad
7363,5,462.2699999999995,2,356.75,swap,notBad
7364,5,462.2699999999995,2,356.75,2opt,notBad
7365,5,462.2699999999995,2,356.75,2opt,notBad
7366,5,462.2699999999995,2,356.75,swap,notBad
7367,5,462.2699999999995,2,356.75,2opt,improve
7368,5,462.2699999999995,2,356.75,2opt,notBad
7369,5,462.2699999999995,2,356.75,swap,notBad
7370,5,462.2699999999995,2,356.75,move,improve
7371,5,462.2699999999995,2,356.75,move,improve
7372,5,461.0799999999999,2,356.75,move,improve
7373,5,461.0799999999999,2,356.75,swap,notBad
7374,5,461.0799999999999,2,356.75,move,improve
7375,5,461.0799999999999,2,356.75,2opt,notBad
7376,5,461.0799999999999,2,356.75,move,improve
7377,5,461.0799999999999,2,356.75,swap,notBad
7378,5,461.0799999999999,2,356.75,swap,notBad
7379,5,461.0799999999999,2,356.75,swap,notBad
7380,5,461.0799999999999,2,356.75,move,improve
7381,5,461.0799999999999,2,356.75,move,improve
7382,5,461.0799999999999,2,356.75,move,improve
7383,5,461.0799999999999,2,356.75,2opt,notBad
7384,5,461.0799999999999,2,356.75,move,improve
7385,5,461.0799999999999,2,356.75,swap,notBad
7386,5,461.0799999999999,2,356.75,move,improve
7387,5,461.0799999999999,2,356.75,swap,notBad
7388,5,461.0799999999999,2,356.75,swap,notBad
7389,5,461.0799999999999,2,356.75,move,improve
7390,5,464.3000000000001,2,356.75,move,acceptBad
7391,5,464.3000000000001,2,356.75,swap,notBad
7392,5,464.3000000000001,2,356.75,swap,notBad
7393,5,464.3000000000001,2,356.75,2opt,improve
7394,5,464.3000000000001,2,356.75,2opt,notBad
7395,5,464.3000000000001,2,356.75,move,improve
7396,5,464.3000000000001,2,356.75,2opt,improve
7397,5,464.3000000000001,2,356.75,2opt,notBad
7398,5,464.3000000000001,2,356.75,2opt,notBad
7399,5,471.1199999999997,2,356.75,swap,acceptBad
7400,5,471.1199999999997,2,356.75,swap,notBad
7401,5,471.1199999999997,2,356.75,swap,notBad
7402,5,471.1199999999997,2,356.75,2opt,notBad
7403,5,471.1199999999997,2,356.75,swap,notBad
7404,5,471.1199999999997,2,356.75,swap,notBad
7405,5,471.1199999999997,2,356.75,swap,notBad
7406,5,471.1199999999997,2,356.75,2opt,notBad
7407,5,471.1199999999997,2,356.75,move,improve
7408,5,471.1199999999997,2,356.75,move,improve
7409,5,471.1199999999997,2,356.75,swap,notBad
7410,5,469.0399999999995,2,356.75,move,improve
7411,5,469.0399999999995,2,356.75,2opt,notBad
7412,5,469.0399999999995,2,356.75,swap,notBad
7413,5,469.0399999999995,2,356.75,move,improve
7414,5,469.0399999999995,2,356.75,move,improve
7415,5,469.0399999999995,2,356.75,2opt,notBad
7416,5,469.0399999999995,2,356.75,swap,notBad
7417,5,468.8899999999995,2,356.75,move,improve
7418,5,468.8899999999995,2,356.75,move,improve
7419,5,468.8899999999995,2,356.75,swap,notBad
7420,5,468.8899999999995,2,356.75,2opt,improve
7421,5,468.8899999999995,2,356.75,swap,notBad
7422,5,468.8899999999995,2,356.75,swap,notBad
7423,5,468.8899999999995,2,356.75,2opt,notBad
7424,5,468.8899999999995,2,356.75,move,improve
7425,5,468.8899999999995,2,356.75,move,improve
7426,5,468.8899999999995,2,356.75,swap,notBad
7427,5,468.8899999999995,2,356.75,2opt,notBad
7428,5,468.8899999999995,2,356.75,2opt,notBad
7429,5,468.8899999999995,2,356.75,2opt,notBad
7430,5,468.8899999999995,2,356.75,move,improve
7431,5,468.8899999999995,2,356.75,swap,notBad
7432,5,468.8899999999995,2,356.75,2opt,notBad
7433,5,468.8899999999995,2,356.75,2opt,notBad
7434,5,468.8899999999995,2,356.75,2opt,notBad
7435,5,468.8899999999995,2,356.75,move,improve
7436,5,468.8899999999995,2,356.75,2opt,notBad
7437,5,468.8899999999995,2,356.75,swap,notBad
7438,5,468.8899999999995,2,356.75,move,improve
7439,5,468.8899999999995,2,356.75,move,improve
7440,5,468.8899999999995,2,356.75,swap,notBad
7441,5,468.8899999999995,2,356.75,2opt,notBad
7442,5,468.8899999999995,2,356.75,swap,notBad
7443,5,468.8899999999995,2,356.75,2opt,notBad
7444,5,468.8899999999995,2,356.75,move,improve
7445,5,468.8899999999995,2,356.75,2opt,notBad
7446,5,468.8899999999995,2,356.75,move,improve
7447,5,468.8899999999995,2,356.75,2opt,notBad
7448,5,468.8899999999995,2,356.75,2opt,improve
7449,5,468.8899999999995,2,356.75,swap,notBad
7450,5,468.8899999999995,2,356.75,2opt,notBad
7451,5,468.8899999999995,2,356.75,2opt,notBad
7452,5,461.13999999999936,2,356.75,move,improve
7453,5,461.13999999999936,2,356.75,2opt,notBad
7454,5,461.13999999999936,2,356.75,swap,notBad
7455,5,461.13999999999936,2,356.75,move,improve
7456,5,461.13999999999936,2,356.75,swap,notBad
7457,5,461.13999999999936,2,356.75,move,improve
7458,5,461.13999999999936,2,356.75,swap,notBad
7459,5,461.13999999999936,2,356.75,move,improve
7460,5,461.13999999999936,2,356.75,move,improve
7461,5,461.13999999999936,2,356.75,swap,notBad
7462,5,461.13999999999936,2,356.75,swap,notBad
7463,5,461.13999999999936,2,356.75,2opt,notBad
7464,5,461.13999999999936,2,356.75,move,improve
7465,5,461.13999999999936,2,356.75,swap,notBad
7466,5,461.13999999999936,2,356.75,2opt,notBad
7467,5,461.13999999999936,2,356.75,swap,notBad
7468,5,461.13999999999936,2,356.75,2opt,notBad
7469,5,461.13999999999936,2,356.75,swap,notBad
7470,5,461.13999999999936,2,356.75,move,improve
7471,5,461.13999999999936,2,356.75,2opt,notBad
7472,5,461.13999999999936,2,356.75,swap,notBad
7473,5,461.13999999999936,2,356.75,2opt,notBad
7474,5,461.13999999999936,2,356.75,move,improve
7475,5,461.13999999999936,2,356.75,2opt,notBad
7476,5,461.13999999999936,2,356.75,2opt,notBad
7477,5,461.13999999999936,2,356.75,2opt,notBad
7478,5,461.13999999999936,2,356.75,swap,notBad
7479,5,461.13999999999936,2,356.75,move,improve
7480,5,461.13999999999936,2,356.75,swap,notBad
7481,5,461.13999999999936,2,356.75,2opt,notBad
7482,5,461.13999999999936,2,356.75,2opt,notBad
7483,5,461.13999999999936,2,356.75,swap,notBad
7484,5,461.13999999999936,2,356.75,swap,notBad
7485,5,461.13999999999936,2,356.75,2opt,notBad
7486,5,461.13999999999936,2,356.75,move,improve
7487,5,461.13999999999936,2,356.75,2opt,notBad
7488,5,461.13999999999936,2,356.75,2opt,notBad
7489,5,461.13999999999936,2,356.75,2opt,notBad
7490,5,461.13999999999936,2,356.75,swap,notBad
7491,5,461.13999999999936,2,356.75,2opt,notBad
7492,5,461.13999999999936,2,356.75,2opt,notBad
7493,5,461.13999999999936,2,356.75,2opt,notBad
7494,5,461.13999999999936,2,356.75,2opt,notBad
7495,5,461.13999999999936,2,356.75,move,improve
7496,5,461.13999999999936,2,356.75,swap,notBad
7497,5,461.13999999999936,2,356.75,2opt,notBad
7498,5,461.13999999999936,2,356.75,move,improve
7499,5,461.13999999999936,2,356.75,move,improve
7500,5,461.13999999999936,2,356.75,2opt,notBad
7501,5,461.13999999999936,2,356.75,swap,notBad
7502,5,461.24999999999926,2,356.75,swap,acceptBad
7503,5,461.24999999999926,2,356.75,move,improve
7504,5,461.24999999999926,2,356.75,2opt,notBad
7505,5,461.24999999999926,2,356.75,2opt,notBad
7506,5,461.24999999999926,2,356.75,2opt,notBad
7507,5,461.24999999999926,2,356.75,2opt,notBad
7508,5,461.24999999999926,2,356.75,swap,notBad
7509,5,461.24999999999926,2,356.75,move,improve
7510,5,461.24999999999926,2,356.75,2opt,notBad
7511,5,461.24999999999926,2,356.75,move,improve
7512,5,461.24999999999926,2,356.75,move,improve
7513,5,461.24999999999926,2,356.75,2opt,notBad
7514,5,461.24999999999926,2,356.75,2opt,notBad
7515,5,461.24999999999926,2,356.75,2opt,notBad
7516,5,461.24999999999926,2,356.75,move,improve
7517,5,461.24999999999926,2,356.75,2opt,notBad
7518,5,461.24999999999926,2,356.75,swap,notBad
7519,5,461.24999999999926,2,356.75,2opt,notBad
7520,5,461.24999999999926,2,356.75,2opt,notBad
7521,5,461.24999999999926,2,356.75,2opt,notBad
7522,5,461.24999999999926,2,356.75,2opt,notBad
7523,5,461.24999999999926,2,356.75,swap,notBad
7524,5,461.24999999999926,2,356.75,move,improve
7525,5,461.24999999999926,2,356.75,move,improve
7526,5,461.24999999999926,2,356.75,move,improve
7527,5,461.24999999999926,2,356.75,2opt,notBad
7528,5,461.24999999999926,2,356.75,swap,notBad
7529,5,461.24999999999926,2,356.75,move,improve
7530,5,461.24999999999926,2,356.75,2opt,notBad
7531,5,461.24999999999926,2,356.75,move,improve
7532,5,461.24999999999926,2,356.75,swap,notBad
7533,5,461.24999999999926,2,356.75,2opt,notBad
7534,5,461.24999999999926,2,356.75,move,improve
7535,5,461.24999999999926,2,356.75,swap,notBad
7536,5,461.24999999999926,2,356.75,move,improve
7537,5,461.24999999999926,2,356.75,move,improve
7538,5,461.24999999999926,2,356.75,move,improve
7539,5,461.24999999999926,2,356.75,move,improve
7540,5,461.24999999999926,2,356.75,move,improve
7541,5,461.24999999999926,2,356.75,swap,notBad
7542,5,461.24999999999926,2,356.75,move,improve
7543,5,461.24999999999926,2,356.75,2opt,notBad
7544,5,461.24999999999926,2,356.75,2opt,notBad
7545,5,461.24999999999926,2,356.75,2opt,notBad
7546,5,461.24999999999926,2,356.75,move,improve
7547,5,461.24999999999926,2,356.75,2opt,notBad
7548,5,461.24999999999926,2,356.75,2opt,notBad
7549,5,461.24999999999926,2,356.75,swap,notBad
7550,5,461.24999999999926,2,356.75,2opt,notBad
7551,5,461.24999999999926,2,356.75,move,improve
7552,5,461.24999999999926,2,356.75,swap,notBad
7553,5,461.24999999999926,2,356.75,move,improve
7554,5,461.24999999999926,2,356.75,swap,notBad
7555,5,461.24999999999926,2,356.75,swap,notBad
7556,5,461.24999999999926,2,356.75,2opt,notBad
7557,5,461.24999999999926,2,356.75,2opt,notBad
7558,5,461.24999999999926,2,356.75,2opt,notBad
7559,5,461.24999999999926,2,356.75,2opt,notBad
7560,5,461.24999999999926,2,356.75,2opt,notBad
7561,5,461.24999999999926,2,356.75,move,improve
7562,5,461.24999999999926,2,356.75,2opt,notBad
7563,5,461.24999999999926,2,356.75,2opt,notBad
7564,5,461.24999999999926,2,356.75,move,improve
7565,5,461.24999999999926,2,356.75,2opt,notBad
7566,5,461.24999999999926,2,356.75,swap,notBad
7567,5,461.24999999999926,2,356.75,2opt,improve
7568,5,461.24999999999926,2,356.75,move,improve
7569,5,461.24999999999926,2,356.75,move,improve
7570,5,461.24999999999926,2,356.75,2opt,notBad
7571,5,461.24999999999926,2,356.75,move,improve
7572,5,461.24999999999926,2,356.75,move,improve
7573,5,461.24999999999926,2,356.75,move,improve
7574,5,461.24999999999926,2,356.75,swap,notBad
7575,5,461.24999999999926,2,356.75,2opt,notBad
7576,5,461.24999999999926,2,356.75,move,improve
7577,5,461.24999999999926,2,356.75,2opt,notBad
7578,5,461.24999999999926,2,356.75,move,improve
7579,5,461.24999999999926,2,356.75,swap,notBad
7580,5,461.24999999999926,2,356.75,swap,notBad
7581,5,461.24999999999926,2,356.75,swap,notBad
7582,5,461.24999999999926,2,356.75,2opt,notBad
7583,5,461.24999999999926,2,356.75,2opt,improve
7584,5,461.24999999999926,2,356.75,swap,notBad
7585,5,461.24999999999926,2,356.75,move,improve
7586,5,461.24999999999926,2,356.75,swap,notBad
7587,5,461.24999999999926,2,356.75,2opt,notBad
7588,5,461.24999999999926,2,356.75,swap,notBad
7589,5,461.24999999999926,2,356.75,swap,notBad
7590,5,461.24999999999926,2,356.75,2opt,notBad
7591,5,461.24999999999926,2,356.75,2opt,notBad
7592,5,461.24999999999926,2,356.75,move,improve
7593,5,461.24999999999926,2,356.75,move,improve
7594,5,461.24999999999926,2,356.75,2opt,notBad
7595,5,461.24999999999926,2,356.75,2opt,notBad
7596,5,461.24999999999926,2,356.75,swap,notBad
7597,5,461.24999999999926,2,356.75,move,improve
7598,5,461.24999999999926,2,356.75,move,improve
7599,5,461.24999999999926,2,356.75,move,improve
7600,5,461.24999999999926,2,356.75,swap,notBad
7601,5,461.24999999999926,2,356.75,swap,notBad
7602,5,461.24999999999926,2,356.75,2opt,notBad
7603,5,461.24999999999926,2,356.75,2opt,notBad
7604,5,461.24999999999926,2,356.75,move,improve
7605,5,461.24999999999926,2,356.75,swap,notBad
7606,5,461.24999999999926,2,356.75,2opt,notBad
7607,5,461.24999999999926,2,356.75,move,improve
7608,5,461.24999999999926,2,356.75,swap,notBad
7609,5,461.24999999999926,2,356.75,swap,notBad
7610,5,461.24999999999926,2,356.75,swap,notBad
7611,5,461.24999999999926,2,356.75,move,improve
7612,5,461.24999999999926,2,356.75,2opt,notBad
7613,5,461.24999999999926,2,356.75,2opt,notBad
7614,5,461.24999999999926,2,356.75,swap,notBad
7615,5,461.24999999999926,2,356.75,move,improve
7616,5,461.24999999999926,2,356.75,swap,notBad
7617,5,461.24999999999926,2,356.75,move,improve
7618,5,461.24999999999926,2,356.75,2opt,notBad
7619,5,461.24999999999926,2,356.75,swap,notBad
7620,5,461.24999999999926,2,356.75,move,improve
7621,5,461.24999999999926,2,356.75,swap,notBad
7622,5,461.24999999999926,2,356.75,move,improve
7623,5,461.24999999999926,2,356.75,move,improve
7624,5,461.24999999999926,2,356.75,2opt,notBad
7625,5,461.24999999999926,2,356.75,move,improve
7626,5,461.24999999999926,2,356.75,2opt,improve
7627,5,461.24999999999926,2,356.75,2opt,notBad
7628,5,461.24999999999926,2,356.75,move,improve
7629,5,461.24999999999926,2,356.75,move,improve
7630,5,461.24999999999926,2,356.75,swap,notBad
7631,5,461.24999999999926,2,356.75,swap,notBad
7632,5,461.24999999999926,2,356.75,swap,notBad
7633,5,461.24999999999926,2,356.75,swap,notBad
7634,5,461.24999999999926,2,356.75,2opt,notBad
7635,5,461.24999999999926,2,356.75,swap,notBad
7636,5,461.24999999999926,2,356.75,2opt,notBad
7637,5,461.24999999999926,2,356.75,2opt,notBad
7638,5,461.24999999999926,2,356.75,2opt,improve
7639,5,461.24999999999926,2,356.75,2opt,notBad
7640,5,461.24999999999926,2,356.75,swap,notBad
7641,5,461.24999999999926,2,356.75,move,improve
7642,5,461.24999999999926,2,356.75,swap,notBad
7643,5,461.24999999999926,2,356.75,2opt,notBad
7644,5,461.24999999999926,2,356.75,move,improve
7645,5,461.24999999999926,2,356.75,swap,notBad
7646,5,461.24999999999926,2,356.75,2opt,notBad
7647,5,461.24999999999926,2,356.75,swap,notBad
7648,5,461.24999999999926,2,356.75,2opt,notBad
7649,5,461.24999999999926,2,356.75,2opt,notBad
7650,5,461.24999999999926,2,356.75,move,improve
7651,5,461.24999999999926,2,356.75,move,improve
7652,5,461.24999999999926,2,356.75,move,improve
7653,5,461.24999999999926,2,356.75,swap,notBad
7654,5,463.92,2,356.75,swap,acceptBad
7655,5,463.92,2,356.75,move,improve
7656,5,463.92,2,356.75,move,improve
7657,5,463.92,2,356.75,swap,notBad
7658,5,463.86000000000007,2,356.75,move,improve
7659,5,463.86000000000007,2,356.75,2opt,notBad
7660,5,463.86000000000007,2,356.75,swap,notBad
7661,5,463.86000000000007,2,356.75,swap,notBad
7662,5,463.86000000000007,2,356.75,move,improve
7663,5,459.62999999999937,2,356.75,move,improve
7664,5,459.62999999999937,2,356.75,swap,notBad
7665,5,459.62999999999937,2,356.75,2opt,notBad
7666,5,459.62999999999937,2,356.75,move,improve
7667,5,459.62999999999937,2,356.75,swap,notBad
7668,5,459.62999999999937,2,356.75,move,improve
7669,5,459.62999999999937,2,356.75,2opt,notBad
7670,5,459.62999999999937,2,356.75,swap,notBad
7671,5,459.62999999999937,2,356.75,2opt,notBad
7672,5,459.62999999999937,2,356.75,swap,notBad
7673,5,459.62999999999937,2,356.75,move,improve
7674,5,459.62999999999937,2,356.75,swap,notBad
7675,5,459.62999999999937,2,356.75,move,improve
7676,5,459.62999999999937,2,356.75,move,improve
7677,5,459.62999999999937,2,356.75,move,improve
7678,5,459.62999999999937,2,356.75,swap,notBad
7679,5,459.62999999999937,2,356.75,swap,notBad
7680,5,459.62999999999937,2,356.75,2opt,notBad
7681,5,459.62999999999937,2,356.75,swap,notBad
7682,5,459.62999999999937,2,356.75,swap,notBad
7683,5,459.62999999999937,2,356.75,2opt,notBad
7684,5,459.62999999999937,2,356.75,swap,notBad
7685,5,459.62999999999937,2,356.75,2opt,notBad
7686,5,459.62999999999937,2,356.75,swap,notBad
7687,5,459.62999999999937,2,356.75,move,improve
7688,5,459.62999999999937,2,356.75,2opt,notBad
7689,5,459.62999999999937,2,356.75,swap,notBad
7690,5,460.7099999999992,2,356.75,swap,acceptBad
7691,5,460.7099999999992,2,356.75,swap,notBad
7692,5,460.7099999999992,2,356.75,swap,notBad
7693,5,460.2400000000001,2,356.75,move,improve
7694,5,460.2400000000001,2,356.75,swap,notBad
7695,5,460.2400000000001,2,356.75,move,improve
7696,5,460.2400000000001,2,356.75,swap,notBad
7697,5,460.2400000000001,2,356.75,move,improve
7698,5,460.2400000000001,2,356.75,2opt,notBad
7699,5,460.2400000000001,2,356.75,2opt,notBad
7700,5,460.2400000000001,2,356.75,swap,notBad
7701,5,460.2400000000001,2,356.75,move,improve
7702,5,460.2400000000001,2,356.75,swap,notBad
7703,5,460.2400000000001,2,356.75,move,improve
7704,5,460.2400000000001,2,356.75,swap,notBad
7705,5,460.2400000000001,2,356.75,swap,notBad
7706,5,460.2400000000001,2,356.75,swap,notBad
7707,5,460.2400000000001,2,356.75,swap,notBad
7708,5,460.2400000000001,2,356.75,move,improve
7709,5,460.2400000000001,2,356.75,swap,notBad
7710,5,460.2400000000001,2,356.75,2opt,notBad
7711,5,460.2400000000001,2,356.75,swap,notBad
7712,5,460.2400000000001,2,356.75,swap,notBad
7713,5,460.2400000000001,2,356.75,move,improve
7714,5,460.2400000000001,2,356.75,swap,notBad
7715,5,460.2400000000001,2,356.75,swap,notBad
7716,5,460.2400000000001,2,356.75,swap,notBad
7717,5,460.2400000000001,2,356.75,move,improve
7718,5,460.2400000000001,2,356.75,2opt,notBad
7719,5,460.2400000000001,2,356.75,swap,notBad
7720,5,460.2400000000001,2,356.75,swap,notBad
7721,5,460.2400000000001,2,356.75,swap,notBad
7722,5,460.2400000000001,2,356.75,swap,notBad
7723,5,460.2400000000001,2,356.75,2opt,notBad
7724,5,460.2400000000001,2,356.75,swap,notBad
7725,5,460.2400000000001,2,356.75,2opt,notBad
7726,5,460.2400000000001,2,356.75,swap,notBad
7727,5,460.2400000000001,2,356.75,move,improve
7728,5,460.2400000000001,2,356.75,2opt,notBad
7729,5,460.2400000000001,2,356.75,2opt,notBad
7730,5,460.2400000000001,2,356.75,2opt,improve
7731,5,460.2400000000001,2,356.75,move,improve
7732,5,460.2400000000001,2,356.75,move,improve
7733,5,460.2400000000001,2,356.75,move,improve
7734,5,460.2400000000001,2,356.75,2opt,notBad
7735,5,460.2400000000001,2,356.75,move,improve
7736,5,460.2400000000001,2,356.75,swap,notBad
7737,5,462.6400000000001,2,356.75,move,acceptBad
7738,5,462.6400000000001,2,356.75,2opt,notBad
7739,5,462.6400000000001,2,356.75,move,improve
7740,5,462.6400000000001,2,356.75,2opt,improve
7741,5,462.6400000000001,2,356.75,swap,notBad
7742,5,462.6400000000001,2,356.75,swap,notBad
7743,5,462.6400000000001,2,356.75,swap,notBad
7744,5,462.6400000000001,2,356.75,move,improve
7745,5,462.6400000000001,2,356.75,swap,notBad
7746,5,462.6400000000001,2,356.75,swap,notBad
7747,5,462.6400000000001,2,356.75,2opt,notBad
7748,5,462.6400000000001,2,356.75,2opt,notBad
7749,5,462.6400000000001,2,356.75,2opt,notBad
7750,5,462.6400000000001,2,356.75,move,improve
7751,5,460.2400000000001,2,356.75,move,improve
7752,5,460.2400000000001,2,356.75,2opt,notBad
7753,5,460.2400000000001,2,356.75,2opt,notBad
7754,5,462.56000000000057,2,356.75,swap,acceptBad
7755,5,462.56000000000057,2,356.75,swap,notBad
7756,5,461.3700000000007,2,356.75,move,improve
7757,5,461.3700000000007,2,356.75,2opt,notBad
7758,5,461.3700000000007,2,356.75,2opt,notBad
7759,5,461.3700000000007,2,356.75,swap,notBad
7760,5,461.3700000000007,2,356.75,2opt,notBad
7761,5,463.7700000000007,2,356.75,move,acceptBad
7762,5,463.7700000000007,2,356.75,move,improve
7763,5,463.7700000000007,2,356.75,swap,notBad
7764,5,463.6800000000002,2,356.75,move,improve
7765,5,463.6800000000002,2,356.75,move,improve
7766,5,463.5999999999992,2,356.75,move,improve
7767,5,463.5999999999992,2,356.75,swap,notBad
7768,5,463.5999999999992,2,356.75,2opt,notBad
7769,5,463.5999999999992,2,356.75,move,improve
7770,5,463.5999999999992,2,356.75,move,improve
7771,5,463.5999999999992,2,356.75,2opt,notBad
7772,5,463.5999999999992,2,356.75,swap,notBad
7773,5,463.5999999999992,2,356.75,move,improve
7774,5,463.5999999999992,2,356.75,2opt,notBad
7775,5,463.5999999999992,2,356.75,swap,notBad
7776,5,463.5999999999992,2,356.75,move,improve
7777,5,463.5999999999992,2,356.75,2opt,notBad
7778,5,463.5999999999992,2,356.75,2opt,notBad
7779,5,463.5999999999992,2,356.75,2opt,notBad
7780,5,462.8499999999992,2,356.75,move,improve
7781,5,462.8499999999992,2,356.75,move,improve
7782,5,462.8499999999992,2,356.75,swap,notBad
7783,5,462.8499999999992,2,356.75,swap,notBad
7784,5,462.8499999999992,2,356.75,2opt,notBad
7785,5,462.8499999999992,2,356.75,move,improve
7786,5,462.8499999999992,2,356.75,2opt,notBad
7787,5,462.8499999999992,2,356.75,swap,notBad
7788,5,462.8499999999992,2,356.75,swap,notBad
7789,5,462.8499999999992,2,356.75,move,improve
7790,5,462.8499999999992,2,356.75,swap,notBad
7791,5,462.8499999999992,2,356.75,move,improve
7792,5,462.8499999999992,2,356.75,move,improve
7793,5,462.8499999999992,2,356.75,2opt,notBad
7794,5,462.8499999999992,2,356.75,move,improve
7795,5,462.8499999999992,2,356.75,swap,notBad
7796,5,462.8499999999992,2,356.75,swap,notBad
7797,5,462.8499999999992,2,356.75,2opt,notBad
7798,5,461.5199999999996,2,356.75,move,improve
7799,5,461.5199999999996,2,356.75,2opt,notBad
7800,5,461.5199999999996,2,356.75,swap,notBad
7801,5,461.5199999999996,2,356.75,2opt,notBad
7802,5,461.5199999999996,2,356.75,move,improve
7803,5,461.5199999999996,2,356.75,2opt,notBad
7804,5,461.5199999999996,2,356.75,2opt,improve
7805,5,461.5199999999996,2,356.75,move,improve
7806,5,461.5199999999996,2,356.75,move,improve
7807,5,461.5199999999996,2,356.75,move,improve
7808,5,461.5199999999996,2,356.75,2opt,improve
7809,5,461.5199999999996,2,356.75,move,improve
7810,5,461.5199999999996,2,356.75,swap,notBad
7811,5,461.5199999999996,2,356.75,2opt,notBad
7812,5,461.14,2,356.75,move,improve
7813,5,461.14,2,356.75,move,improve
7814,5,461.14,2,356.75,2opt,notBad
7815,5,461.14,2,356.75,2opt,notBad
7816,5,461.14,2,356.75,2opt,notBad
7817,5,461.14,2,356.75,swap,notBad
7818,5,461.14,2,356.75,move,improve
7819,5,461.14,2,356.75,swap,notBad
7820,5,461.14,2,356.75,move,improve
7821,5,461.14,2,356.75,swap,notBad
7822,5,461.14,2,356.75,move,improve
7823,5,461.14,2,356.75,2opt,notBad
7824,5,461.14,2,356.75,move,improve
7825,5,461.14,2,356.75,move,improve
7826,5,461.14,2,356.75,swap,notBad
7827,5,461.14,2,356.75,move,improve
7828,5,461.14,2,356.75,swap,notBad
7829,5,461.14,2,356.75,2opt,notBad
7830,5,461.14,2,356.75,swap,notBad
7831,5,461.14,2,356.75,move,improve
7832,5,461.14,2,356.75,move,improve
7833,5,461.14,2,356.75,2opt,notBad
7834,5,461.14,2,356.75,move,improve
7835,5,461.14,2,356.75,move,improve
7836,5,461.14,2,356.75,swap,notBad
7837,5,461.14,2,356.75,move,improve
7838,5,461.14,2,356.75,2opt,notBad
7839,5,461.14,2,356.75,move,improve
7840,5,461.14,2,356.75,move,improve
7841,5,461.14,2,356.75,2opt,notBad
7842,5,461.14,2,356.75,swap,notBad
7843,5,460.25000000000017,2,356.75,move,improve
7844,5,460.25000000000017,2,356.75,2opt,notBad
7845,5,460.25000000000017,2,356.75,2opt,improve
7846,5,460.25000000000017,2,356.75,swap,notBad
7847,5,460.25000000000017,2,356.75,swap,notBad
7848,5,460.25000000000017,2,356.75,2opt,notBad
7849,5,460.25000000000017,2,356.75,move,improve
7850,5,459.92000000000024,2,356.75,move,improve
7851,5,459.92000000000024,2,356.75,swap,notBad
7852,5,459.92000000000024,2,356.75,swap,notBad
7853,5,459.92000000000024,2,356.75,swap,notBad
7854,5,459.92000000000024,2,356.75,2opt,notBad
7855,5,459.92000000000024,2,356.75,move,improve
7856,5,458.1700000000002,2,356.75,move,improve
7857,5,458.1700000000002,2,356.75,swap,notBad
7858,5,458.1700000000002,2,356.75,swap,notBad
7859,5,458.1700000000002,2,356.75,2opt,notBad
7860,5,458.1700000000002,2,356.75,swap,notBad
7861,5,458.1700000000002,2,356.75,2opt,notBad
7862,5,458.1700000000002,2,356.75,move,improve
7863,5,458.1700000000002,2,356.75,2opt,notBad
7864,5,458.1700000000002,2,356.75,swap,notBad
7865,5,458.1700000000002,2,356.75,move,improve
7866,5,458.1700000000002,2,356.75,2opt,notBad
7867,5,458.1700000000002,2,356.75,swap,notBad
7868,5,458.1700000000002,2,356.75,2opt,notBad
7869,5,458.1700000000002,2,356.75,swap,notBad
7870,5,458.1700000000002,2,356.75,move,improve
7871,5,458.1700000000002,2,356.75,move,improve
7872,5,458.1700000000002,2,356.75,2opt,notBad
7873,5,458.1700000000002,2,356.75,move,improve
7874,5,458.1700000000002,2,356.75,2opt,notBad
7875,5,458.1700000000002,2,356.75,move,improve
7876,5,458.1700000000002,2,356.75,2opt,notBad
7877,5,458.1700000000002,2,356.75,swap,notBad
7878,5,458.1700000000002,2,356.75,swap,notBad
7879,5,458.1700000000002,2,356.75,swap,notBad
7880,5,458.1700000000002,2,356.75,2opt,notBad
7881,5,458.1700000000002,2,356.75,2opt,notBad
7882,5,458.1700000000002,2,356.75,move,improve
7883,5,458.1700000000002,2,356.75,2opt,notBad
7884,5,458.1700000000002,2,356.75,swap,notBad
7885,5,458.1700000000002,2,356.75,2opt,improve
7886,5,458.1700000000002,2,356.75,2opt,notBad
7887,5,458.1700000000002,2,356.75,swap,notBad
7888,5,458.1700000000002,2,356.75,2opt,notBad
7889,5,458.1700000000002,2,356.75,2opt,improve
7890,5,458.1700000000002,2,356.75,move,improve
7891,5,458.1700000000002,2,356.75,swap,notBad
7892,5,458.1700000000002,2,356.75,2opt,notBad
7893,5,458.1700000000002,2,356.75,swap,notBad
7894,5,458.1700000000002,2,356.75,2opt,notBad
7895,5,458.1700000000002,2,356.75,2opt,notBad
7896,5,458.1700000000002,2,356.75,move,improve
7897,5,458.1700000000002,2,356.75,swap,notBad
7898,5,458.1700000000002,2,356.75,2opt,notBad
7899,5,459.92000000000024,2,356.75,swap,acceptBad
7900,5,459.92000000000024,2,356.75,2opt,notBad
7901,5,459.92000000000024,2,356.75,2opt,notBad
7902,5,459.92000000000024,2,356.75,swap,notBad
7903,5,459.92000000000024,2,356.75,2opt,notBad
7904,5,459.92000000000024,2,356.75,move,improve
7905,5,459.92000000000024,2,356.75,swap,notBad
7906,5,459.92000000000024,2,356.75,swap,notBad
7907,5,459.92000000000024,2,356.75,2opt,improve
7908,5,459.92000000000024,2,356.75,2opt,notBad
7909,5,459.92000000000024,2,356.75,2opt,notBad
7910,5,459.92000000000024,2,356.75,2opt,notBad
7911,5,458.82000000000016,2,356.75,move,improve
7912,5,457.58000000000027,2,356.75,move,improve
7913,5,457.58000000000027,2,356.75,move,improve
7914,5,457.58000000000027,2,356.75,2opt,notBad
7915,5,457.58000000000027,2,356.75,move,improve
7916,5,457.58000000000027,2,356.75,2opt,notBad
7917,5,455.51000000000005,2,356.75,move,improve
7918,5,455.51000000000005,2,356.75,swap,notBad
7919,5,455.51000000000005,2,356.75,swap,notBad
7920,5,455.51000000000005,2,356.75,swap,notBad
7921,5,455.51000000000005,2,356.75,move,improve
7922,5,455.51000000000005,2,356.75,swap,notBad
7923,5,455.51000000000005,2,356.75,move,improve
7924,5,455.51000000000005,2,356.75,move,improve
7925,5,455.51000000000005,2,356.75,swap,notBad
7926,5,455.51000000000005,2,356.75,swap,notBad
7927,5,455.51000000000005,2,356.75,swap,notBad
7928,5,455.51000000000005,2,356.75,move,improve
7929,5,455.51000000000005,2,356.75,swap,notBad
7930,5,455.51000000000005,2,356.75,2opt,notBad
7931,5,455.51000000000005,2,356.75,2opt,notBad
7932,5,452.32,2,356.75,move,improve
7933,5,452.32,2,356.75,swap,notBad
7934,5,452.32,2,356.75,move,improve
7935,5,452.32,2,356.75,move,improve
7936,5,452.32,2,356.75,swap,notBad
7937,5,452.32,2,356.75,2opt,notBad
7938,5,452.32,2,356.75,2opt,notBad
7939,5,452.32,2,356.75,2opt,notBad
7940,5,452.32,2,356.75,move,improve
7941,5,452.32,2,356.75,move,improve
7942,5,452.32,2,356.75,move,improve
7943,5,452.32,2,356.75,2opt,notBad
7944,5,452.32,2,356.75,swap,notBad
7945,5,452.32,2,356.75,2opt,notBad
7946,5,452.32,2,356.75,move,improve
7947,5,452.32,2,356.75,2opt,notBad
7948,5,452.32,2,356.75,2opt,improve
7949,5,466.1199999999998,2,356.75,move,acceptBad
7950,5,466.1199999999998,2,356.75,move,improve
7951,5,466.1199999999998,2,356.75,2opt,notBad
7952,5,466.1199999999998,2,356.75,move,improve
7953,5,466.1199999999998,2,356.75,2opt,notBad
7954,5,466.1199999999998,2,356.75,swap,notBad
7955,5,466.1199999999998,2,356.75,swap,notBad
7956,5,466.1199999999998,2,356.75,2opt,notBad
7957,5,466.1199999999998,2,356.75,move,improve
7958,5,463.7200000000001,2,356.75,swap,improve
7959,5,463.7200000000001,2,356.75,2opt,improve
7960,5,463.7200000000001,2,356.75,move,improve
7961,5,463.7200000000001,2,356.75,2opt,notBad
7962,5,463.7200000000001,2,356.75,swap,notBad
7963,5,463.7200000000001,2,356.75,swap,notBad
7964,5,463.7200000000001,2,356.75,move,improve
7965,5,463.7200000000001,2,356.75,2opt,notBad
7966,5,463.7200000000001,2,356.75,swap,notBad
7967,5,463.7200000000001,2,356.75,move,improve
7968,5,463.7200000000001,2,356.75,move,improve
7969,5,463.7200000000001,2,356.75,swap,notBad
7970,5,459.90999999999957,2,356.75,move,improve
7971,5,459.90999999999957,2,356.75,move,improve
7972,5,459.90999999999957,2,356.75,2opt,notBad
7973,5,459.90999999999957,2,356.75,2opt,notBad
7974,5,459.90999999999957,2,356.75,2opt,notBad
7975,5,459.90999999999957,2,356.75,swap,notBad
7976,5,459.90999999999957,2,356.75,swap,notBad
7977,5,459.90999999999957,2,356.75,swap,notBad
7978,5,459.90999999999957,2,356.75,2opt,notBad
7979,5,459.3599999999998,2,356.75,move,improve
7980,5,459.3599999999998,2,356.75,swap,notBad
7981,5,453.6699999999998,2,356.75,move,improve
7982,5,453.6699999999998,2,356.75,swap,notBad
7983,5,457.4499999999998,2,356.75,move,acceptBad
7984,5,457.4499999999998,2,356.75,swap,notBad
7985,5,457.4499999999998,2,356.75,move,improve
7986,5,457.4499999999998,2,356.75,2opt,notBad
7987,5,457.4499999999998,2,356.75,swap,notBad
7988,5,457.4499999999998,2,356.75,move,improve
7989,5,457.4499999999998,2,356.75,swap,notBad
7990,5,457.4499999999998,2,356.75,move,improve
7991,5,457.4499999999998,2,356.75,swap,notBad
7992,5,457.4499999999998,2,356.75,2opt,notBad
7993,5,457.4499999999998,2,356.75,2opt,notBad
7994,5,457.4499999999998,2,356.75,2opt,notBad
7995,5,457.4499999999998,2,356.75,2opt,notBad
7996,5,457.4499999999998,2,356.75,swap,notBad
7997,5,455.3799999999998,2,356.75,move,improve
7998,5,455.3799999999998,2,356.75,2opt,notBad
7999,5,455.3799999999998,2,356.75,swap,notBad
8000,5,455.3799999999998,2,356.75,move,improve
8001,5,455.3799999999998,2,356.75,move,improve
8002,5,455.3799999999998,2,356.75,swap,notBad
8003,5,455.3799999999998,2,356.75,swap,notBad
8004,5,455.3799999999998,2,356.75,move,improve
8005,5,455.3799999999998,2,356.75,swap,notBad
8006,5,455.3799999999998,2,356.75,2opt,notBad
8007,5,455.3799999999998,2,356.75,swap,notBad
8008,5,455.3799999999998,2,356.75,swap,notBad
8009,5,455.3799999999998,2,356.75,2opt,notBad
8010,5,455.3799999999998,2,356.75,swap,notBad
8011,5,455.3799999999998,2,356.75,move,improve
8012,5,455.3799999999998,2,356.75,2opt,notBad
8013,5,455.3799999999998,2,356.75,move,improve
8014,5,455.3799999999998,2,356.75,move,improve
8015,5,454.7799999999998,2,356.75,move,improve
8016,5,454.7799999999998,2,356.75,swap,notBad
8017,5,454.7799999999998,2,356.75,swap,notBad
8018,5,454.7799999999998,2,356.75,move,improve
8019,5,454.7799999999998,2,356.75,swap,notBad
8020,5,454.7799999999998,2,356.75,swap,notBad
8021,5,454.7799999999998,2,356.75,swap,notBad
8022,5,454.7799999999998,2,356.75,move,improve
8023,5,454.7799999999998,2,356.75,2opt,notBad
8024,5,454.7799999999998,2,356.75,2opt,notBad
8025,5,454.7799999999998,2,356.75,move,improve
8026,5,454.7799999999998,2,356.75,move,improve
8027,5,454.7799999999998,2,356.75,2opt,notBad
8028,5,454.7799999999998,2,356.75,2opt,notBad
8029,5,454.7799999999998,2,356.75,swap,notBad
8030,5,454.7799999999998,2,356.75,2opt,notBad
8031,5,454.7799999999998,2,356.75,swap,notBad
8032,5,454.7799999999998,2,356.75,swap,notBad
8033,5,454.7799999999998,2,356.75,move,improve
8034,5,454.7799999999998,2,356.75,move,improve
8035,5,454.7799999999998,2,356.75,swap,notBad
8036,5,454.7799999999998,2,356.75,move,improve
8037,5,454.7799999999998,2,356.75,move,improve
8038,5,454.7799999999998,2,356.75,move,improve
8039,5,454.7799999999998,2,356.75,move,improve
8040,5,454.7799999999998,2,356.75,move,improve
8041,5,454.7799999999998,2,356.75,2opt,notBad
8042,5,454.7799999999998,2,356.75,swap,notBad
8043,5,454.7799999999998,2,356.75,move,improve
8044,5,454.7799999999998,2,356.75,move,improve
8045,5,454.7799999999998,2,356.75,swap,notBad
8046,5,454.7799999999998,2,356.75,move,improve
8047,5,454.7799999999998,2,356.75,move,improve
8048,5,454.7799999999998,2,356.75,swap,notBad
8049,5,453.20000000000016,2,356.75,move,improve
8050,5,453.20000000000016,2,356.75,swap,notBad
8051,5,453.20000000000016,2,356.75,swap,notBad
8052,5,453.20000000000016,2,356.75,move,improve
8053,5,453.20000000000016,2,356.75,2opt,improve
8054,5,453.20000000000016,2,356.75,2opt,notBad
8055,5,453.20000000000016,2,356.75,swap,notBad
8056,5,453.20000000000016,2,356.75,2opt,improve
8057,5,453.20000000000016,2,356.75,2opt,notBad
8058,5,453.20000000000016,2,356.75,2opt,notBad
8059,5,453.20000000000016,2,356.75,swap,notBad
8060,5,453.20000000000016,2,356.75,swap,notBad
8061,5,453.20000000000016,2,356.75,2opt,notBad
8062,5,453.20000000000016,2,356.75,move,improve
8063,5,453.20000000000016,2,356.75,swap,notBad
8064,5,453.20000000000016,2,356.75,move,improve
8065,5,453.20000000000016,2,356.75,swap,notBad
8066,5,453.20000000000016,2,356.75,move,improve
8067,5,453.20000000000016,2,356.75,swap,notBad
8068,5,453.20000000000016,2,356.75,move,improve
8069,5,453.20000000000016,2,356.75,2opt,notBad
8070,5,453.20000000000016,2,356.75,move,improve
8071,5,453.20000000000016,2,356.75,2opt,notBad
8072,5,453.20000000000016,2,356.75,move,improve
8073,5,453.20000000000016,2,356.75,2opt,notBad
8074,5,453.20000000000016,2,356.75,move,improve
8075,5,453.20000000000016,2,356.75,2opt,notBad
8076,5,453.20000000000016,2,356.75,2opt,notBad
8077,5,453.20000000000016,2,356.75,move,improve
8078,5,453.20000000000016,2,356.75,move,improve
8079,5,453.20000000000016,2,356.75,swap,notBad
8080,5,453.20000000000016,2,356.75,2opt,notBad
8081,5,453.20000000000016,2,356.75,2opt,notBad
8082,5,453.20000000000016,2,356.75,2opt,notBad
8083,5,453.20000000000016,2,356.75,2opt,notBad
8084,5,453.20000000000016,2,356.75,2opt,improve
8085,5,453.20000000000016,2,356.75,move,improve
8086,5,453.20000000000016,2,356.75,move,improve
8087,5,453.20000000000016,2,356.75,move,improve
8088,5,453.20000000000016,2,356.75,move,improve
8089,5,453.20000000000016,2,356.75,move,improve
8090,5,453.20000000000016,2,356.75,2opt,improve
8091,5,453.20000000000016,2,356.75,move,improve
8092,5,453.20000000000016,2,356.75,2opt,notBad
8093,5,453.20000000000016,2,356.75,move,improve
8094,5,453.20000000000016,2,356.75,move,improve
8095,5,453.20000000000016,2,356.75,2opt,notBad
8096,5,453.20000000000016,2,356.75,move,improve
8097,5,453.20000000000016,2,356.75,move,improve
8098,5,453.20000000000016,2,356.75,swap,notBad
8099,5,453.20000000000016,2,356.75,move,improve
8100,5,453.20000000000016,2,356.75,2opt,notBad
8101,5,453.20000000000016,2,356.75,move,improve
8102,5,453.20000000000016,2,356.75,swap,notBad
8103,5,453.20000000000016,2,356.75,move,improve
8104,5,453.20000000000016,2,356.75,2opt,notBad
8105,5,453.20000000000016,2,356.75,swap,notBad
8106,5,453.20000000000016,2,356.75,swap,notBad
8107,5,453.20000000000016,2,356.75,2opt,notBad
8108,5,453.20000000000016,2,356.75,move,improve
8109,5,453.20000000000016,2,356.75,2opt,improve
8110,5,453.20000000000016,2,356.75,2opt,notBad
8111,5,453.20000000000016,2,356.75,swap,notBad
8112,5,453.20000000000016,2,356.75,2opt,notBad
8113,5,453.20000000000016,2,356.75,move,improve
8114,5,453.20000000000016,2,356.75,swap,notBad
8115,5,453.20000000000016,2,356.75,swap,notBad
8116,5,453.20000000000016,2,356.75,move,improve
8117,5,453.20000000000016,2,356.75,move,improve
8118,5,453.20000000000016,2,356.75,move,improve
8119,5,453.20000000000016,2,356.75,swap,notBad
8120,5,453.20000000000016,2,356.75,move,improve
8121,5,453.20000000000016,2,356.75,2opt,notBad
8122,5,453.20000000000016,2,356.75,swap,notBad
8123,5,453.20000000000016,2,356.75,swap,notBad
8124,5,453.20000000000016,2,356.75,swap,notBad
8125,5,453.20000000000016,2,356.75,move,improve
8126,5,453.20000000000016,2,356.75,swap,notBad
8127,5,453.20000000000016,2,356.75,move,improve
8128,5,453.20000000000016,2,356.75,move,improve
8129,5,453.20000000000016,2,356.75,2opt,notBad
8130,5,453.20000000000016,2,356.75,move,improve
8131,5,453.20000000000016,2,356.75,move,improve
8132,5,453.20000000000016,2,356.75,move,improve
8133,5,453.20000000000016,2,356.75,move,improve
8134,5,453.20000000000016,2,356.75,swap,notBad
8135,5,453.20000000000016,2,356.75,2opt,notBad
8136,5,453.20000000000016,2,356.75,swap,notBad
8137,5,453.20000000000016,2,356.75,move,improve
8138,5,453.20000000000016,2,356.75,move,improve
8139,5,455.5,2,356.75,swap,acceptBad
8140,5,455.5,2,356.75,move,improve
8141,5,455.5,2,356.75,move,improve
8142,5,455.5,2,356.75,move,improve
8143,5,455.5,2,356.75,2opt,notBad
8144,5,455.5,2,356.75,swap,notBad
8145,5,455.5,2,356.75,swap,notBad
8146,5,455.5,2,356.75,move,improve
8147,5,455.5,2,356.75,swap,notBad
8148,5,455.5,2,356.75,2opt,notBad
8149,5,455.5,2,356.75,swap,notBad
8150,5,455.5,2,356.75,move,improve
8151,5,455.5,2,356.75,2opt,notBad
8152,5,455.5,2,356.75,move,improve
8153,5,455.5,2,356.75,swap,notBad
8154,5,455.5,2,356.75,move,improve
8155,5,455.5,2,356.75,swap,notBad
8156,5,455.5,2,356.75,2opt,notBad
8157,5,455.5,2,356.75,swap,notBad
8158,5,455.5,2,356.75,move,improve
8159,5,455.5,2,356.75,swap,notBad
8160,5,455.5,2,356.75,swap,notBad
8161,5,455.5,2,356.75,2opt,notBad
8162,5,455.5,2,356.75,swap,notBad
8163,5,455.5,2,356.75,2opt,notBad
8164,5,455.5,2,356.75,swap,notBad
8165,5,455.5,2,356.75,swap,notBad
8166,5,455.5,2,356.75,2opt,notBad
8167,5,455.5,2,356.75,2opt,notBad
8168,5,455.5,2,356.75,swap,notBad
8169,5,455.5,2,356.75,move,improve
8170,5,455.5,2,356.75,swap,notBad
8171,5,455.5,2,356.75,2opt,improve
8172,5,455.5,2,356.75,2opt,notBad
8173,5,455.5,2,356.75,swap,notBad
8174,5,455.5,2,356.75,2opt,notBad
8175,5,455.5,2,356.75,2opt,notBad
8176,5,455.44000000000005,2,356.75,move,improve
8177,5,455.44000000000005,2,356.75,2opt,notBad
8178,5,455.44000000000005,2,356.75,move,improve
8179,5,455.44000000000005,2,356.75,2opt,notBad
8180,5,455.44000000000005,2,356.75,move,improve
8181,5,455.44000000000005,2,356.75,move,improve
8182,5,455.44000000000005,2,356.75,2opt,notBad
8183,5,455.44000000000005,2,356.75,2opt,notBad
8184,5,455.44000000000005,2,356.75,2opt,notBad
8185,5,455.44000000000005,2,356.75,move,improve
8186,5,455.44000000000005,2,356.75,move,improve
8187,5,455.44000000000005,2,356.75,move,improve
8188,5,455.44000000000005,2,356.75,2opt,notBad
8189,5,455.44000000000005,2,356.75,2opt,notBad
8190,5,455.44000000000005,2,356.75,2opt,notBad
8191,5,455.44000000000005,2,356.75,swap,notBad
8192,5,455.44000000000005,2,356.75,move,improve
8193,5,455.44000000000005,2,356.75,2opt,improve
8194,5,454.6900000000003,2,356.75,swap,improve
8195,5,454.6900000000003,2,356.75,2opt,notBad
8196,5,454.6900000000003,2,356.75,move,improve
8197,5,454.6900000000003,2,356.75,swap,notBad
8198,5,454.6900000000003,2,356.75,2opt,notBad
8199,5,454.6900000000003,2,356.75,2opt,notBad
8200,5,454.6900000000003,2,356.75,swap,notBad
8201,5,455.44000000000005,2,356.75,swap,acceptBad
8202,5,455.44000000000005,2,356.75,swap,notBad
8203,5,455.44000000000005,2,356.75,2opt,notBad
8204,5,455.44000000000005,2,356.75,2opt,notBad
8205,5,455.44000000000005,2,356.75,move,improve
8206,5,455.44000000000005,2,356.75,move,improve
8207,5,455.44000000000005,2,356.75,2opt,notBad
8208,5,455.44000000000005,2,356.75,2opt,notBad
8209,5,455.44000000000005,2,356.75,swap,notBad
8210,5,455.44000000000005,2,356.75,move,improve
8211,5,455.44000000000005,2,356.75,2opt,notBad
8212,5,455.44000000000005,2,356.75,move,improve
8213,5,455.44000000000005,2,356.75,move,improve
8214,5,455.44000000000005,2,356.75,swap,notBad
8215,5,455.44000000000005,2,356.75,2opt,notBad
8216,5,455.44000000000005,2,356.75,2opt,notBad
8217,5,455.44000000000005,2,356.75,move,improve
8218,5,455.44000000000005,2,356.75,2opt,improve
8219,5,455.44000000000005,2,356.75,2opt,notBad
8220,5,455.44000000000005,2,356.75,move,improve
8221,5,455.44000000000005,2,356.75,2opt,improve
8222,5,455.44000000000005,2,356.75,2opt,notBad
8223,5,455.44000000000005,2,356.75,2opt,notBad
8224,5,455.44000000000005,2,356.75,swap,notBad
8225,5,455.44000000000005,2,356.75,move,improve
8226,5,455.44000000000005,2,356.75,2opt,improve
8227,5,455.44000000000005,2,356.75,2opt,notBad
8228,5,455.44000000000005,2,356.75,move,improve
8229,5,455.44000000000005,2,356.75,swap,notBad
8230,5,455.44000000000005,2,356.75,move,improve
8231,5,455.44000000000005,2,356.75,swap,notBad
8232,5,455.44000000000005,2,356.75,2opt,notBad
8233,5,455.44000000000005,2,356.75,move,improve
8234,5,455.44000000000005,2,356.75,swap,notBad
8235,5,455.44000000000005,2,356.75,swap,notBad
8236,5,455.44000000000005,2,356.75,2opt,notBad
8237,5,455.44000000000005,2,356.75,move,improve
8238,5,455.44000000000005,2,356.75,move,improve
8239,5,455.44000000000005,2,356.75,2opt,notBad
8240,5,455.44000000000005,2,356.75,move,improve
8241,5,455.44000000000005,2,356.75,move,improve
8242,5,455.44000000000005,2,356.75,move,improve
8243,5,455.44000000000005,2,356.75,2opt,improve
8244,5,455.44000000000005,2,356.75,move,improve
8245,5,455.44000000000005,2,356.75,move,improve
8246,5,455.44000000000005,2,356.75,move,improve
8247,5,455.44000000000005,2,356.75,swap,notBad
8248,5,455.44000000000005,2,356.75,move,improve
8249,5,455.44000000000005,2,356.75,move,improve
8250,5,455.44000000000005,2,356.75,swap,notBad
8251,5,455.44000000000005,2,356.75,swap,notBad
8252,5,455.44000000000005,2,356.75,2opt,notBad
8253,5,455.44000000000005,2,356.75,swap,notBad
8254,5,455.44000000000005,2,356.75,swap,notBad
8255,5,455.44000000000005,2,356.75,2opt,notBad
8256,5,455.44000000000005,2,356.75,move,improve
8257,5,455.44000000000005,2,356.75,swap,notBad
8258,5,455.44000000000005,2,356.75,move,improve
8259,5,455.44000000000005,2,356.75,swap,notBad
8260,5,455.44000000000005,2,356.75,2opt,notBad
8261,5,455.44000000000005,2,356.75,2opt,notBad
8262,5,455.44000000000005,2,356.75,2opt,notBad
8263,5,455.44000000000005,2,356.75,2opt,notBad
8264,5,455.44000000000005,2,356.75,move,improve
8265,5,455.44000000000005,2,356.75,2opt,notBad
8266,5,455.44000000000005,2,356.75,swap,notBad
8267,5,455.44000000000005,2,356.75,move,improve
8268,5,455.44000000000005,2,356.75,move,improve
8269,5,455.44000000000005,2,356.75,move,improve
8270,5,455.44000000000005,2,356.75,2opt,notBad
8271,5,455.44000000000005,2,356.75,move,improve
8272,5,455.44000000000005,2,356.75,2opt,notBad
8273,5,455.44000000000005,2,356.75,move,improve
8274,5,455.44000000000005,2,356.75,2opt,notBad
8275,5,455.44000000000005,2,356.75,move,improve
8276,5,455.44000000000005,2,356.75,swap,notBad
8277,5,455.44000000000005,2,356.75,swap,notBad
8278,5,455.44000000000005,2,356.75,2opt,notBad
8279,5,455.44000000000005,2,356.75,swap,notBad
8280,5,455.44000000000005,2,356.75,swap,notBad
8281,5,455.44000000000005,2,356.75,swap,notBad
8282,5,455.44000000000005,2,356.75,2opt,notBad
8283,5,455.44000000000005,2,356.75,2opt,notBad
8284,5,455.44000000000005,2,356.75,2opt,notBad
8285,5,455.44000000000005,2,356.75,move,improve
8286,5,455.44000000000005,2,356.75,move,improve
8287,5,455.44000000000005,2,356.75,swap,notBad
8288,5,455.44000000000005,2,356.75,2opt,notBad
8289,5,455.44000000000005,2,356.75,move,improve
8290,5,455.44000000000005,2,356.75,swap,notBad
8291,5,455.44000000000005,2,356.75,move,improve
8292,5,455.44000000000005,2,356.75,2opt,notBad
8293,5,455.44000000000005,2,356.75,2opt,notBad
8294,5,455.44000000000005,2,356.75,move,improve
8295,5,455.44000000000005,2,356.75,swap,notBad
8296,5,455.44000000000005,2,356.75,move,improve
8297,5,455.44000000000005,2,356.75,move,improve
8298,5,455.44000000000005,2,356.75,2opt,notBad
8299,5,455.44000000000005,2,356.75,2opt,notBad
8300,5,455.44000000000005,2,356.75,swap,notBad
8301,5,455.44000000000005,2,356.75,swap,notBad
8302,5,455.44000000000005,2,356.75,swap,notBad
8303,5,455.44000000000005,2,356.75,move,improve
8304,5,455.44000000000005,2,356.75,move,improve
8305,5,455.44000000000005,2,356.75,2opt,notBad
8306,5,455.44000000000005,2,356.75,2opt,notBad
8307,5,455.44000000000005,2,356.75,2opt,notBad
8308,5,455.44000000000005,2,356.75,2opt,notBad
8309,5,455.44000000000005,2,356.75,2opt,notBad
8310,5,455.44000000000005,2,356.75,swap,notBad
8311,5,455.44000000000005,2,356.75,move,improve
8312,5,455.44000000000005,2,356.75,2opt,improve
8313,5,455.44000000000005,2,356.75,2opt,notBad
8314,5,455.44000000000005,2,356.75,2opt,notBad
8315,5,455.44000000000005,2,356.75,2opt,notBad
8316,5,455.44000000000005,2,356.75,2opt,improve
8317,5,455.44000000000005,2,356.75,move,improve
8318,5,455.44000000000005,2,356.75,move,improve
8319,5,455.44000000000005,2,356.75,swap,notBad
8320,5,455.44000000000005,2,356.75,move,improve
8321,5,455.44000000000005,2,356.75,move,improve
8322,5,455.44000000000005,2,356.75,swap,notBad
8323,5,455.44000000000005,2,356.75,move,improve
8324,5,455.44000000000005,2,356.75,move,improve
8325,5,455.44000000000005,2,356.75,2opt,notBad
8326,5,455.4300000000002,2,356.75,move,improve
8327,5,455.4300000000002,2,356.75,2opt,notBad
8328,5,455.4300000000002,2,356.75,move,improve
8329,5,455.4300000000002,2,356.75,move,improve
8330,5,455.4300000000002,2,356.75,move,improve
8331,5,455.4300000000002,2,356.75,swap,notBad
8332,5,455.4300000000002,2,356.75,move,improve
8333,5,455.4300000000002,2,356.75,move,improve
8334,5,455.1700000000002,2,356.75,move,improve
8335,5,455.1700000000002,2,356.75,move,improve
8336,5,455.1700000000002,2,356.75,2opt,notBad
8337,5,455.1700000000002,2,356.75,move,improve
8338,5,455.1700000000002,2,356.75,swap,notBad
8339,5,455.1700000000002,2,356.75,2opt,notBad
8340,5,455.1700000000002,2,356.75,move,improve
8341,5,455.1700000000002,2,356.75,move,improve
8342,5,455.1700000000002,2,356.75,move,improve
8343,5,455.1700000000002,2,356.75,2opt,notBad
8344,5,455.1700000000002,2,356.75,swap,notBad
8345,5,455.1700000000002,2,356.75,2opt,notBad
8346,5,455.1700000000002,2,356.75,2opt,notBad
8347,5,455.1700000000002,2,356.75,2opt,notBad
8348,5,455.1700000000002,2,356.75,2opt,notBad
8349,5,455.1700000000002,2,356.75,2opt,notBad
8350,5,455.1700000000002,2,356.75,move,improve
8351,5,455.1700000000002,2,356.75,2opt,notBad
8352,5,455.1700000000002,2,356.75,swap,notBad
8353,5,455.1700000000002,2,356.75,move,improve
8354,5,455.1700000000002,2,356.75,swap,notBad
8355,5,457.81999999999965,2,356.75,move,acceptBad
8356,5,457.81999999999965,2,356.75,swap,notBad
8357,5,459.0699999999996,2,356.75,move,acceptBad
8358,5,459.0699999999996,2,356.75,2opt,notBad
8359,5,459.0699999999996,2,356.75,2opt,notBad
8360,5,459.0699999999996,2,356.75,move,improve
8361,5,459.0699999999996,2,356.75,move,improve
8362,5,459.0699999999996,2,356.75,move,improve
8363,5,459.0699999999996,2,356.75,swap,notBad
8364,5,459.0699999999996,2,356.75,move,improve
8365,5,459.0699999999996,2,356.75,swap,notBad
8366,5,459.0699999999996,2,356.75,2opt,notBad
8367,5,459.0699999999996,2,356.75,swap,notBad
8368,5,459.0699999999996,2,356.75,move,improve
8369,5,459.0699999999996,2,356.75,move,improve
8370,5,459.0699999999996,2,356.75,move,improve
8371,5,459.0699999999996,2,356.75,move,improve
8372,5,459.0699999999996,2,356.75,swap,notBad
8373,5,458.46000000000004,2,356.75,move,improve
8374,5,458.46000000000004,2,356.75,2opt,notBad
8375,5,458.46000000000004,2,356.75,2opt,notBad
8376,5,458.46000000000004,2,356.75,2opt,notBad
8377,5,458.46000000000004,2,356.75,swap,notBad
8378,5,458.46000000000004,2,356.75,swap,notBad
8379,5,458.46000000000004,2,356.75,move,improve
8380,5,458.46000000000004,2,356.75,swap,notBad
8381,5,458.46000000000004,2,356.75,move,improve
8382,5,458.46000000000004,2,356.75,2opt,notBad
8383,5,458.46000000000004,2,356.75,move,improve
8384,5,458.46000000000004,2,356.75,swap,notBad
8385,5,458.46000000000004,2,356.75,2opt,notBad
8386,5,458.46000000000004,2,356.75,move,improve
8387,5,458.46000000000004,2,356.75,move,improve
8388,5,458.46000000000004,2,356.75,swap,notBad
8389,5,458.46000000000004,2,356.75,move,improve
8390,5,458.46000000000004,2,356.75,move,improve
8391,5,458.46000000000004,2,356.75,swap,notBad
8392,5,458.46000000000004,2,356.75,move,improve
8393,5,458.46000000000004,2,356.75,move,improve
8394,5,458.46000000000004,2,356.75,swap,notBad
8395,5,458.46000000000004,2,356.75,2opt,notBad
8396,5,458.46000000000004,2,356.75,swap,notBad
8397,5,458.46000000000004,2,356.75,2opt,notBad
8398,5,458.46000000000004,2,356.75,move,improve
8399,5,458.46000000000004,2,356.75,swap,notBad
8400,5,458.46000000000004,2,356.75,move,improve
8401,5,458.46000000000004,2,356.75,move,improve
8402,5,458.46000000000004,2,356.75,move,improve
8403,5,458.46000000000004,2,356.75,swap,notBad
8404,5,458.46000000000004,2,356.75,move,improve
8405,5,458.46000000000004,2,356.75,move,improve
8406,5,458.46000000000004,2,356.75,move,improve
8407,5,458.46000000000004,2,356.75,2opt,notBad
8408,5,458.46000000000004,2,356.75,swap,notBad
8409,5,458.46000000000004,2,356.75,2opt,notBad
8410,5,458.46000000000004,2,356.75,move,improve
8411,5,458.46000000000004,2,356.75,move,improve
8412,5,458.46000000000004,2,356.75,2opt,notBad
8413,5,458.46000000000004,2,356.75,2opt,notBad
8414,5,458.46000000000004,2,356.75,swap,notBad
8415,5,458.46000000000004,2,356.75,move,improve
8416,5,458.46000000000004,2,356.75,2opt,improve
8417,5,458.46000000000004,2,356.75,move,improve
8418,5,458.46000000000004,2,356.75,swap,notBad
8419,5,458.46000000000004,2,356.75,move,improve
8420,5,458.46000000000004,2,356.75,swap,notBad
8421,5,458.46000000000004,2,356.75,2opt,notBad
8422,5,458.46000000000004,2,356.75,2opt,notBad
8423,5,458.46000000000004,2,356.75,move,improve
8424,5,458.46000000000004,2,356.75,2opt,notBad
8425,5,458.46000000000004,2,356.75,move,improve
8426,5,458.46000000000004,2,356.75,2opt,notBad
8427,5,458.46000000000004,2,356.75,swap,notBad
8428,5,458.46000000000004,2,356.75,swap,notBad
8429,5,458.46000000000004,2,356.75,2opt,notBad
8430,5,458.46000000000004,2,356.75,2opt,notBad
8431,5,458.46000000000004,2,356.75,2opt,notBad
8432,5,458.46000000000004,2,356.75,swap,notBad
8433,5,458.46000000000004,2,356.75,swap,notBad
8434,5,458.46000000000004,2,356.75,move,improve
8435,5,458.46000000000004,2,356.75,2opt,notBad
8436,5,458.46000000000004,2,356.75,move,improve
8437,5,458.46000000000004,2,356.75,2opt,improve
8438,5,458.46000000000004,2,356.75,2opt,notBad
8439,5,458.46000000000004,2,356.75,2opt,notBad
8440,5,458.46000000000004,2,356.75,2opt,notBad
8441,5,458.46000000000004,2,356.75,swap,notBad
8442,5,458.46000000000004,2,356.75,swap,notBad
8443,5,458.46000000000004,2,356.75,swap,notBad
8444,5,458.46000000000004,2,356.75,2opt,notBad
8445,5,458.46000000000004,2,356.75,swap,notBad
8446,5,458.46000000000004,2,356.75,2opt,notBad
8447,5,458.46000000000004,2,356.75,2opt,notBad
8448,5,458.46000000000004,2,356.75,2opt,notBad
8449,5,458.46000000000004,2,356.75,2opt,notBad
8450,5,458.46000000000004,2,356.75,move,improve
8451,5,458.46000000000004,2,356.75,2opt,notBad
8452,5,458.46000000000004,2,356.75,swap,notBad
8453,5,458.46000000000004,2,356.75,swap,notBad
8454,5,458.46000000000004,2,356.75,2opt,notBad
8455,5,458.46000000000004,2,356.75,move,improve
8456,5,458.46000000000004,2,356.75,swap,notBad
8457,5,458.46000000000004,2,356.75,2opt,notBad
8458,5,458.46000000000004,2,356.75,2opt,notBad
8459,5,458.46000000000004,2,356.75,swap,notBad
8460,5,458.46000000000004,2,356.75,2opt,notBad
8461,5,458.46000000000004,2,356.75,move,improve
8462,5,458.46000000000004,2,356.75,swap,notBad
8463,5,458.46000000000004,2,356.75,swap,notBad
8464,5,458.46000000000004,2,356.75,2opt,notBad
8465,5,458.46000000000004,2,356.75,swap,notBad
8466,5,458.46000000000004,2,356.75,2opt,notBad
8467,5,458.46000000000004,2,356.75,move,improve
8468,5,458.46000000000004,2,356.75,move,improve
8469,5,458.46000000000004,2,356.75,swap,notBad
8470,5,458.46000000000004,2,356.75,move,improve
8471,5,458.46000000000004,2,356.75,move,improve
8472,5,458.46000000000004,2,356.75,swap,notBad
8473,5,458.46000000000004,2,356.75,2opt,notBad
8474,5,458.46000000000004,2,356.75,swap,notBad
8475,5,458.46000000000004,2,356.75,move,improve
8476,5,458.46000000000004,2,356.75,move,improve
8477,5,458.46000000000004,2,356.75,swap,notBad
8478,5,458.46000000000004,2,356.75,move,improve
8479,5,458.46000000000004,2,356.75,swap,notBad
8480,5,458.46000000000004,2,356.75,move,improve
8481,5,458.46000000000004,2,356.75,swap,notBad
8482,5,458.46000000000004,2,356.75,2opt,notBad
8483,5,458.46000000000004,2,356.75,move,improve
8484,5,458.46000000000004,2,356.75,move,improve
8485,5,458.46000000000004,2,356.75,2opt,notBad
8486,5,458.46000000000004,2,356.75,2opt,notBad
8487,5,458.46000000000004,2,356.75,swap,notBad
8488,5,458.46000000000004,2,356.75,swap,notBad
8489,5,458.46000000000004,2,356.75,2opt,notBad
8490,5,458.46000000000004,2,356.75,move,improve
8491,5,458.46000000000004,2,356.75,swap,notBad
8492,5,458.46000000000004,2,356.75,swap,notBad
8493,5,458.46000000000004,2,356.75,swap,notBad
8494,5,461.94,2,356.75,swap,acceptBad
8495,5,461.94,2,356.75,move,improve
8496,5,461.94,2,356.75,swap,notBad
8497,5,461.94,2,356.75,2opt,notBad
8498,5,459.06000000000006,2,356.75,move,improve
8499,5,459.06000000000006,2,356.75,move,improve
8500,5,459.06000000000006,2,356.75,swap,notBad
8501,5,459.06000000000006,2,356.75,move,improve
8502,5,459.06000000000006,2,356.75,swap,notBad
8503,5,459.06000000000006,2,356.75,swap,notBad
8504,5,459.06000000000006,2,356.75,2opt,notBad
8505,5,459.06000000000006,2,356.75,move,improve
8506,5,459.06000000000006,2,356.75,swap,notBad
8507,5,459.06000000000006,2,356.75,2opt,notBad
8508,5,459.06000000000006,2,356.75,swap,notBad
8509,5,459.06000000000006,2,356.75,move,improve
8510,5,459.06000000000006,2,356.75,move,improve
8511,5,459.06000000000006,2,356.75,move,improve
8512,5,459.06000000000006,2,356.75,swap,notBad
8513,5,459.06000000000006,2,356.75,2opt,notBad
8514,5,459.06000000000006,2,356.75,swap,notBad
8515,5,459.06000000000006,2,356.75,swap,notBad
8516,5,459.06000000000006,2,356.75,swap,notBad
8517,5,459.06000000000006,2,356.75,2opt,notBad
8518,5,459.06000000000006,2,356.75,2opt,notBad
8519,5,458.46000000000004,2,356.75,move,improve
8520,5,458.46000000000004,2,356.75,swap,notBad
8521,5,458.46000000000004,2,356.75,2opt,notBad
8522,5,458.46000000000004,2,356.75,swap,notBad
8523,5,458.46000000000004,2,356.75,2opt,notBad
8524,5,458.46000000000004,2,356.75,swap,notBad
8525,5,458.46000000000004,2,356.75,move,improve
8526,5,458.46000000000004,2,356.75,move,improve
8527,5,458.46000000000004,2,356.75,move,improve
8528,5,458.46000000000004,2,356.75,2opt,notBad
8529,5,458.46000000000004,2,356.75,2opt,notBad
8530,5,458.46000000000004,2,356.75,swap,notBad
8531,5,458.46000000000004,2,356.75,move,improve
8532,5,458.46000000000004,2,356.75,2opt,improve
8533,5,458.46000000000004,2,356.75,2opt,notBad
8534,5,458.46000000000004,2,356.75,2opt,notBad
8535,5,458.46000000000004,2,356.75,swap,notBad
8536,5,458.46000000000004,2,356.75,move,improve
8537,5,458.46000000000004,2,356.75,swap,notBad
8538,5,458.46000000000004,2,356.75,2opt,notBad
8539,5,458.46000000000004,2,356.75,2opt,notBad
8540,5,458.46000000000004,2,356.75,2opt,notBad
8541,5,458.46000000000004,2,356.75,move,improve
8542,5,458.46000000000004,2,356.75,swap,notBad
8543,5,458.46000000000004,2,356.75,swap,notBad
8544,5,458.46000000000004,2,356.75,swap,notBad
8545,5,458.46000000000004,2,356.75,2opt,notBad
8546,5,458.46000000000004,2,356.75,move,improve
8547,5,458.46000000000004,2,356.75,2opt,notBad
8548,5,458.46000000000004,2,356.75,move,improve
8549,5,458.46000000000004,2,356.75,move,improve
8550,5,458.46000000000004,2,356.75,2opt,notBad
8551,5,458.46000000000004,2,356.75,2opt,notBad
8552,5,458.46000000000004,2,356.75,swap,notBad
8553,5,458.46000000000004,2,356.75,move,improve
8554,5,458.46000000000004,2,356.75,2opt,improve
8555,5,458.46000000000004,2,356.75,swap,notBad
8556,5,458.46000000000004,2,356.75,swap,notBad
8557,5,458.46000000000004,2,356.75,2opt,notBad
8558,5,458.46000000000004,2,356.75,2opt,notBad
8559,5,458.46000000000004,2,356.75,2opt,notBad
8560,5,458.46000000000004,2,356.75,2opt,notBad
8561,5,458.46000000000004,2,356.75,move,improve
8562,5,458.46000000000004,2,356.75,2opt,notBad
8563,5,458.46000000000004,2,356.75,swap,notBad
8564,5,458.46000000000004,2,356.75,move,improve
8565,5,458.46000000000004,2,356.75,swap,notBad
8566,5,458.46000000000004,2,356.75,move,improve
8567,5,458.46000000000004,2,356.75,swap,notBad
8568,5,458.46000000000004,2,356.75,move,improve
8569,5,458.46000000000004,2,356.75,move,improve
8570,5,458.46000000000004,2,356.75,swap,notBad
8571,5,458.46000000000004,2,356.75,move,improve
8572,5,458.46000000000004,2,356.75,move,improve
8573,5,458.46000000000004,2,356.75,2opt,notBad
8574,5,458.46000000000004,2,356.75,move,improve
8575,5,458.46000000000004,2,356.75,2opt,notBad
8576,5,458.46000000000004,2,356.75,2opt,notBad
8577,5,458.46000000000004,2,356.75,move,improve
8578,5,458.46000000000004,2,356.75,2opt,notBad
8579,5,458.46000000000004,2,356.75,move,improve
8580,5,458.46000000000004,2,356.75,move,improve
8581,5,458.46000000000004,2,356.75,swap,notBad
8582,5,458.46000000000004,2,356.75,swap,notBad
8583,5,458.46000000000004,2,356.75,2opt,notBad
8584,5,458.46000000000004,2,356.75,2opt,notBad
8585,5,458.46000000000004,2,356.75,move,improve
8586,5,458.46000000000004,2,356.75,move,improve
8587,5,458.46000000000004,2,356.75,swap,notBad
8588,5,458.46000000000004,2,356.75,2opt,notBad
8589,5,458.46000000000004,2,356.75,2opt,notBad
8590,5,458.46000000000004,2,356.75,swap,notBad
8591,5,458.46000000000004,2,356.75,swap,notBad
8592,5,458.46000000000004,2,356.75,swap,notBad
8593,5,458.46000000000004,2,356.75,2opt,notBad
8594,5,458.46000000000004,2,356.75,move,improve
8595,5,458.46000000000004,2,356.75,2opt,notBad
8596,5,458.46000000000004,2,356.75,swap,notBad
8597,5,458.46000000000004,2,356.75,2opt,notBad
8598,5,458.46000000000004,2,356.75,2opt,notBad
8599,5,458.46000000000004,2,356.75,2opt,notBad
8600,5,458.46000000000004,2,356.75,move,improve
8601,5,458.46000000000004,2,356.75,2opt,notBad
8602,5,458.46000000000004,2,356.75,2opt,notBad
8603,5,458.46000000000004,2,356.75,2opt,notBad
8604,5,458.46000000000004,2,356.75,move,improve
8605,5,458.46000000000004,2,356.75,swap,notBad
8606,5,458.46000000000004,2,356.75,2opt,notBad
8607,5,458.46000000000004,2,356.75,move,improve
8608,5,458.46000000000004,2,356.75,2opt,notBad
8609,5,458.46000000000004,2,356.75,swap,notBad
8610,5,458.46000000000004,2,356.75,swap,notBad
8611,5,458.46000000000004,2,356.75,move,improve
8612,5,458.46000000000004,2,356.75,move,improve
8613,5,458.46000000000004,2,356.75,2opt,notBad
8614,5,458.46000000000004,2,356.75,2opt,improve
8615,5,458.46000000000004,2,356.75,swap,notBad
8616,5,458.46000000000004,2,356.75,swap,notBad
8617,5,458.46000000000004,2,356.75,swap,notBad
8618,5,458.46000000000004,2,356.75,move,improve
8619,5,458.46000000000004,2,356.75,swap,notBad
8620,5,458.46000000000004,2,356.75,2opt,notBad
8621,5,458.46000000000004,2,356.75,move,improve
8622,5,458.46000000000004,2,356.75,swap,notBad
8623,5,458.46000000000004,2,356.75,swap,notBad
8624,5,458.46000000000004,2,356.75,swap,notBad
8625,5,458.46000000000004,2,356.75,swap,notBad
8626,5,458.46000000000004,2,356.75,swap,notBad
8627,5,458.46000000000004,2,356.75,2opt,notBad
8628,5,458.46000000000004,2,356.75,swap,notBad
8629,5,458.46000000000004,2,356.75,2opt,notBad
8630,5,458.46000000000004,2,356.75,swap,notBad
8631,5,458.46000000000004,2,356.75,swap,notBad
8632,5,458.46000000000004,2,356.75,2opt,notBad
8633,5,458.46000000000004,2,356.75,move,improve
8634,5,458.46000000000004,2,356.75,move,improve
8635,5,458.46000000000004,2,356.75,2opt,notBad
8636,5,458.46000000000004,2,356.75,swap,notBad
8637,5,458.46000000000004,2,356.75,2opt,improve
8638,5,458.46000000000004,2,356.75,move,improve
8639,5,458.46000000000004,2,356.75,2opt,notBad
8640,5,458.46000000000004,2,356.75,move,improve
8641,5,458.46000000000004,2,356.75,2opt,notBad
8642,5,458.46000000000004,2,356.75,2opt,notBad
8643,5,458.46000000000004,2,356.75,2opt,improve
8644,5,458.46000000000004,2,356.75,move,improve
8645,5,458.46000000000004,2,356.75,swap,notBad
8646,5,458.46000000000004,2,356.75,move,improve
8647,5,458.46000000000004,2,356.75,2opt,notBad
8648,5,458.46000000000004,2,356.75,move,improve
8649,5,458.46000000000004,2,356.75,2opt,notBad
8650,5,458.46000000000004,2,356.75,swap,notBad
8651,5,458.46000000000004,2,356.75,2opt,notBad
8652,5,458.46000000000004,2,356.75,swap,notBad
8653,5,458.46000000000004,2,356.75,swap,notBad
8654,5,458.46000000000004,2,356.75,swap,notBad
8655,5,458.46000000000004,2,356.75,move,improve
8656,5,458.46000000000004,2,356.75,swap,notBad
8657,5,458.46000000000004,2,356.75,2opt,notBad
8658,5,458.46000000000004,2,356.75,move,improve
8659,5,461.8399999999998,2,356.75,move,acceptBad
8660,5,457.92999999999995,2,356.75,move,improve
8661,5,457.92999999999995,2,356.75,2opt,notBad
8662,5,457.92999999999995,2,356.75,2opt,notBad
8663,5,457.92999999999995,2,356.75,2opt,notBad
8664,5,457.92999999999995,2,356.75,move,improve
8665,5,457.92999999999995,2,356.75,swap,notBad
8666,5,457.92999999999995,2,356.75,2opt,notBad
8667,5,457.92999999999995,2,356.75,move,improve
8668,5,457.92999999999995,2,356.75,swap,notBad
8669,5,457.92999999999995,2,356.75,swap,notBad
8670,5,457.92999999999995,2,356.75,move,improve
8671,5,457.92999999999995,2,356.75,swap,notBad
8672,5,457.92999999999995,2,356.75,swap,notBad
8673,5,457.92999999999995,2,356.75,move,improve
8674,5,457.92999999999995,2,356.75,move,improve
8675,5,457.92999999999995,2,356.75,swap,notBad
8676,5,457.92999999999995,2,356.75,2opt,notBad
8677,5,457.92999999999995,2,356.75,2opt,notBad
8678,5,457.92999999999995,2,356.75,2opt,notBad
8679,5,457.92999999999995,2,356.75,swap,notBad
8680,5,457.92999999999995,2,356.75,2opt,notBad
8681,5,457.92999999999995,2,356.75,move,improve
8682,5,457.92999999999995,2,356.75,swap,notBad
8683,5,457.92999999999995,2,356.75,swap,notBad
8684,5,457.92999999999995,2,356.75,2opt,notBad
8685,5,457.92999999999995,2,356.75,swap,notBad
8686,5,457.92999999999995,2,356.75,2opt,notBad
8687,5,457.92999999999995,2,356.75,move,improve
8688,5,457.92999999999995,2,356.75,move,improve
8689,5,457.92999999999995,2,356.75,move,improve
8690,5,457.92999999999995,2,356.75,move,improve
8691,5,457.92999999999995,2,356.75,swap,notBad
8692,5,457.92999999999995,2,356.75,swap,notBad
8693,5,457.92999999999995,2,356.75,swap,notBad
8694,5,457.92999999999995,2,356.75,move,improve
8695,5,457.92999999999995,2,356.75,swap,notBad
8696,5,457.92999999999995,2,356.75,move,improve
8697,5,457.92999999999995,2,356.75,2opt,notBad
8698,5,457.92999999999995,2,356.75,2opt,notBad
8699,5,457.92999999999995,2,356.75,swap,notBad
8700,5,457.92999999999995,2,356.75,2opt,notBad
8701,5,457.92999999999995,2,356.75,move,improve
8702,5,457.92999999999995,2,356.75,2opt,notBad
8703,5,457.92999999999995,2,356.75,swap,notBad
8704,5,457.92999999999995,2,356.75,2opt,improve
8705,5,457.92999999999995,2,356.75,2opt,notBad
8706,5,457.92999999999995,2,356.75,move,improve
8707,5,457.92999999999995,2,356.75,swap,notBad
8708,5,457.92999999999995,2,356.75,swap,notBad
8709,5,457.92999999999995,2,356.75,move,improve
8710,5,457.92999999999995,2,356.75,swap,notBad
8711,5,457.92999999999995,2,356.75,2opt,notBad
8712,5,457.92999999999995,2,356.75,move,improve
8713,5,457.92999999999995,2,356.75,swap,notBad
8714,5,458.2300000000001,2,356.75,swap,acceptBad
8715,5,458.2300000000001,2,356.75,move,improve
8716,5,458.2300000000001,2,356.75,2opt,notBad
8717,5,458.2300000000001,2,356.75,2opt,notBad
8718,5,458.2300000000001,2,356.75,2opt,notBad
8719,5,458.2300000000001,2,356.75,2opt,notBad
8720,5,458.2300000000001,2,356.75,move,improve
8721,5,458.2300000000001,2,356.75,swap,notBad
8722,5,458.2300000000001,2,356.75,2opt,notBad
8723,5,458.2300000000001,2,356.75,move,improve
8724,5,458.2300000000001,2,356.75,swap,notBad
8725,5,458.2300000000001,2,356.75,move,improve
8726,5,458.2300000000001,2,356.75,swap,notBad
8727,5,458.2300000000001,2,356.75,swap,notBad
8728,5,458.2300000000001,2,356.75,2opt,notBad
8729,5,458.2300000000001,2,356.75,swap,notBad
8730,5,458.2300000000001,2,356.75,move,improve
8731,5,458.2300000000001,2,356.75,2opt,notBad
8732,5,458.2300000000001,2,356.75,2opt,notBad
8733,5,458.2300000000001,2,356.75,move,improve
8734,5,458.2300000000001,2,356.75,2opt,improve
8735,5,458.2300000000001,2,356.75,swap,notBad
8736,5,458.2300000000001,2,356.75,2opt,notBad
8737,5,458.2300000000001,2,356.75,2opt,notBad
8738,5,458.2300000000001,2,356.75,2opt,notBad
8739,5,458.2300000000001,2,356.75,move,improve
8740,5,458.2300000000001,2,356.75,swap,notBad
8741,5,458.2300000000001,2,356.75,2opt,notBad
8742,5,458.2300000000001,2,356.75,move,improve
8743,5,458.2300000000001,2,356.75,2opt,notBad
8744,5,458.2300000000001,2,356.75,swap,notBad
8745,5,458.2300000000001,2,356.75,swap,notBad
8746,5,458.2300000000001,2,356.75,swap,notBad
8747,5,458.2300000000001,2,356.75,swap,notBad
8748,5,458.2300000000001,2,356.75,move,improve
8749,5,458.2300000000001,2,356.75,swap,notBad
8750,5,458.2300000000001,2,356.75,2opt,notBad
8751,5,458.2300000000001,2,356.75,swap,notBad
8752,5,458.2300000000001,2,356.75,move,improve
8753,5,458.2300000000001,2,356.75,move,improve
8754,5,458.2300000000001,2,356.75,swap,notBad
8755,5,458.2300000000001,2,356.75,2opt,notBad
8756,5,458.2300000000001,2,356.75,2opt,notBad
8757,5,458.2300000000001,2,356.75,2opt,notBad
8758,5,458.2300000000001,2,356.75,swap,notBad
8759,5,458.2300000000001,2,356.75,2opt,notBad
8760,5,458.2300000000001,2,356.75,move,improve
8761,5,458.2300000000001,2,356.75,swap,notBad
8762,5,458.2300000000001,2,356.75,2opt,notBad
8763,5,458.2300000000001,2,356.75,move,improve
8764,5,458.2300000000001,2,356.75,2opt,notBad
8765,5,458.2300000000001,2,356.75,swap,notBad
8766,5,458.2300000000001,2,356.75,2opt,notBad
8767,5,458.2300000000001,2,356.75,swap,notBad
8768,5,458.2300000000001,2,356.75,2opt,notBad
8769,5,458.2300000000001,2,356.75,2opt,notBad
8770,5,458.2300000000001,2,356.75,move,improve
8771,5,458.2300000000001,2,356.75,2opt,improve
8772,5,458.2300000000001,2,356.75,move,improve
8773,5,458.2300000000001,2,356.75,swap,notBad
8774,5,458.2300000000001,2,356.75,2opt,notBad
8775,5,458.2300000000001,2,356.75,2opt,notBad
8776,5,458.2300000000001,2,356.75,swap,notBad
8777,5,458.2300000000001,2,356.75,move,improve
8778,5,458.2300000000001,2,356.75,swap,notBad
8779,5,458.2300000000001,2,356.75,move,improve
8780,5,458.1299999999999,2,356.75,move,improve
8781,5,458.1299999999999,2,356.75,move,improve
8782,5,458.1299999999999,2,356.75,2opt,notBad
8783,5,458.1299999999999,2,356.75,move,improve
8784,5,458.1299999999999,2,356.75,move,improve
8785,5,458.1299999999999,2,356.75,2opt,notBad
8786,5,458.1299999999999,2,356.75,2opt,notBad
8787,5,458.1299999999999,2,356.75,2opt,notBad
8788,5,458.1299999999999,2,356.75,swap,notBad
8789,5,458.1299999999999,2,356.75,move,improve
8790,5,458.1299999999999,2,356.75,2opt,improve
8791,5,458.1299999999999,2,356.75,swap,notBad
8792,5,458.1299999999999,2,356.75,swap,notBad
8793,5,458.1299999999999,2,356.75,swap,notBad
8794,5,458.1299999999999,2,356.75,2opt,improve
8795,5,458.1299999999999,2,356.75,2opt,notBad
8796,5,458.1299999999999,2,356.75,swap,notBad
8797,5,457.79,2,356.75,move,improve
8798,5,457.79,2,356.75,move,improve
8799,5,457.79,2,356.75,move,improve
8800,5,457.79,2,356.75,move,improve
8801,5,457.79,2,356.75,move,improve
8802,5,457.79,2,356.75,2opt,notBad
8803,5,459.22999999999985,2,356.75,move,acceptBad
8804,5,459.22999999999985,2,356.75,swap,notBad
8805,5,459.22999999999985,2,356.75,2opt,notBad
8806,5,459.22999999999985,2,356.75,swap,notBad
8807,5,459.22999999999985,2,356.75,swap,notBad
8808,5,459.22999999999985,2,356.75,2opt,notBad
8809,5,459.22999999999985,2,356.75,swap,notBad
8810,5,459.22999999999985,2,356.75,2opt,notBad
8811,5,459.22999999999985,2,356.75,move,improve
8812,5,459.22999999999985,2,356.75,2opt,notBad
8813,5,459.22999999999985,2,356.75,move,improve
8814,5,459.22999999999985,2,356.75,2opt,notBad
8815,5,459.22999999999985,2,356.75,swap,notBad
8816,5,459.22999999999985,2,356.75,2opt,notBad
8817,5,459.22999999999985,2,356.75,move,improve
8818,5,459.22999999999985,2,356.75,swap,notBad
8819,5,457.37000000000006,2,356.75,move,improve
8820,5,457.37000000000006,2,356.75,2opt,notBad
8821,5,457.37000000000006,2,356.75,swap,notBad
8822,5,455.9699999999999,2,356.75,move,improve
8823,5,455.9699999999999,2,356.75,move,improve
8824,5,455.9699999999999,2,356.75,2opt,improve
8825,5,455.9699999999999,2,356.75,move,improve
8826,5,455.9699999999999,2,356.75,move,improve
8827,5,455.9699999999999,2,356.75,swap,notBad
8828,5,455.9699999999999,2,356.75,2opt,notBad
8829,5,455.9699999999999,2,356.75,2opt,notBad
8830,5,455.9699999999999,2,356.75,2opt,notBad
8831,5,455.9699999999999,2,356.75,swap,notBad
8832,5,450.0600000000001,2,356.75,2opt,improve
8833,5,450.0600000000001,2,356.75,2opt,notBad
8834,5,450.0600000000001,2,356.75,move,improve
8835,5,450.0600000000001,2,356.75,move,improve
8836,5,450.0600000000001,2,356.75,2opt,notBad
8837,5,450.0600000000001,2,356.75,swap,notBad
8838,5,450.0600000000001,2,356.75,2opt,notBad
8839,5,450.0600000000001,2,356.75,swap,notBad
8840,5,450.0600000000001,2,356.75,2opt,improve
8841,5,450.0600000000001,2,356.75,move,improve
8842,5,450.0600000000001,2,356.75,move,improve
8843,5,450.0600000000001,2,356.75,swap,notBad
8844,5,450.0600000000001,2,356.75,swap,notBad
8845,5,450.0600000000001,2,356.75,2opt,notBad
8846,5,450.0600000000001,2,356.75,2opt,notBad
8847,5,450.0600000000001,2,356.75,2opt,improve
8848,5,450.0600000000001,2,356.75,swap,notBad
8849,5,450.0600000000001,2,356.75,move,improve
8850,5,450.0600000000001,2,356.75,swap,notBad
8851,5,450.0600000000001,2,356.75,move,improve
8852,5,450.0600000000001,2,356.75,swap,notBad
8853,5,450.0600000000001,2,356.75,2opt,notBad
8854,5,450.0600000000001,2,356.75,swap,notBad
8855,5,450.0600000000001,2,356.75,move,improve
8856,5,450.0600000000001,2,356.75,swap,notBad
8857,5,450.0600000000001,2,356.75,swap,notBad
8858,5,450.0600000000001,2,356.75,2opt,improve
8859,5,450.0600000000001,2,356.75,2opt,notBad
8860,5,450.0600000000001,2,356.75,move,improve
8861,5,450.0600000000001,2,356.75,2opt,notBad
8862,5,450.0600000000001,2,356.75,2opt,notBad
8863,5,450.0600000000001,2,356.75,move,improve
8864,5,449.21000000000004,2,356.75,move,improve
8865,5,449.21000000000004,2,356.75,2opt,notBad
8866,5,449.21000000000004,2,356.75,move,improve
8867,5,449.21000000000004,2,356.75,2opt,notBad
8868,5,449.21000000000004,2,356.75,2opt,notBad
8869,5,449.21000000000004,2,356.75,2opt,notBad
8870,5,449.21000000000004,2,356.75,2opt,notBad
8871,5,449.21000000000004,2,356.75,2opt,notBad
8872,5,449.21000000000004,2,356.75,2opt,notBad
8873,5,449.21000000000004,2,356.75,2opt,notBad
8874,5,449.21000000000004,2,356.75,swap,notBad
8875,5,449.21000000000004,2,356.75,2opt,notBad
8876,5,449.21000000000004,2,356.75,2opt,notBad
8877,5,449.21000000000004,2,356.75,swap,notBad
8878,5,449.21000000000004,2,356.75,swap,notBad
8879,5,449.21000000000004,2,356.75,2opt,notBad
8880,5,449.21000000000004,2,356.75,move,improve
8881,5,449.21000000000004,2,356.75,2opt,notBad
8882,5,449.21000000000004,2,356.75,2opt,notBad
8883,5,449.21000000000004,2,356.75,swap,notBad
8884,5,449.21000000000004,2,356.75,2opt,notBad
8885,5,449.21000000000004,2,356.75,move,notBad
8886,5,449.21000000000004,2,356.75,swap,notBad
8887,5,449.21000000000004,2,356.75,move,improve
8888,5,449.21000000000004,2,356.75,swap,notBad
8889,5,449.21000000000004,2,356.75,swap,notBad
8890,5,449.21000000000004,2,356.75,move,improve
8891,5,449.21000000000004,2,356.75,2opt,notBad
8892,5,449.21000000000004,2,356.75,2opt,notBad
8893,5,449.21000000000004,2,356.75,2opt,notBad
8894,5,449.21000000000004,2,356.75,move,improve
8895,5,449.21000000000004,2,356.75,swap,notBad
8896,5,449.21000000000004,2,356.75,2opt,notBad
8897,5,449.21000000000004,2,356.75,swap,notBad
8898,5,449.21000000000004,2,356.75,move,improve
8899,5,449.21000000000004,2,356.75,move,improve
8900,5,449.21000000000004,2,356.75,swap,notBad
8901,5,449.21000000000004,2,356.75,swap,notBad
8902,5,449.21000000000004,2,356.75,swap,notBad
8903,5,449.21000000000004,2,356.75,2opt,notBad
8904,5,449.21000000000004,2,356.75,2opt,notBad
8905,5,449.21000000000004,2,356.75,move,improve
8906,5,449.21000000000004,2,356.75,swap,notBad
8907,5,449.21000000000004,2,356.75,swap,notBad
8908,5,449.21000000000004,2,356.75,move,improve
8909,5,449.21000000000004,2,356.75,swap,notBad
8910,5,449.21000000000004,2,356.75,swap,notBad
8911,5,449.21000000000004,2,356.75,move,improve
8912,5,449.21000000000004,2,356.75,2opt,notBad
8913,5,449.21000000000004,2,356.75,swap,notBad
8914,5,449.21000000000004,2,356.75,move,improve
8915,5,449.21000000000004,2,356.75,2opt,notBad
8916,5,449.89,2,356.75,swap,acceptBad
8917,5,449.89,2,356.75,swap,notBad
8918,5,449.89,2,356.75,2opt,notBad
8919,5,449.89,2,356.75,move,improve
8920,5,449.89,2,356.75,swap,notBad
8921,5,449.89,2,356.75,swap,notBad
8922,5,449.89,2,356.75,swap,notBad
8923,5,449.89,2,356.75,2opt,notBad
8924,5,449.21000000000004,2,356.75,move,improve
8925,5,449.21000000000004,2,356.75,move,improve
8926,5,449.21000000000004,2,356.75,2opt,notBad
8927,5,449.21000000000004,2,356.75,swap,notBad
8928,5,449.21000000000004,2,356.75,move,improve
8929,5,449.21000000000004,2,356.75,2opt,notBad
8930,5,449.21000000000004,2,356.75,swap,notBad
8931,5,449.21000000000004,2,356.75,2opt,notBad
8932,5,449.21000000000004,2,356.75,move,improve
8933,5,449.21000000000004,2,356.75,move,improve
8934,5,449.21000000000004,2,356.75,2opt,notBad
8935,5,449.21000000000004,2,356.75,swap,notBad
8936,5,449.21000000000004,2,356.75,2opt,notBad
8937,5,449.21000000000004,2,356.75,swap,notBad
8938,5,449.21000000000004,2,356.75,move,improve
8939,5,449.21000000000004,2,356.75,move,improve
8940,5,449.21000000000004,2,356.75,2opt,notBad
8941,5,449.21000000000004,2,356.75,swap,notBad
8942,5,449.21000000000004,2,356.75,move,improve
8943,5,449.21000000000004,2,356.75,move,improve
8944,5,449.21000000000004,2,356.75,swap,notBad
8945,5,449.21000000000004,2,356.75,2opt,notBad
8946,5,449.21000000000004,2,356.75,move,improve
8947,5,449.21000000000004,2,356.75,swap,notBad
8948,5,449.21000000000004,2,356.75,swap,notBad
8949,5,449.21000000000004,2,356.75,swap,notBad
8950,5,449.21000000000004,2,356.75,move,improve
8951,5,449.21000000000004,2,356.75,2opt,notBad
8952,5,449.21000000000004,2,356.75,2opt,notBad
8953,5,449.21000000000004,2,356.75,2opt,notBad
8954,5,449.21000000000004,2,356.75,move,improve
8955,5,449.21000000000004,2,356.75,move,improve
8956,5,449.21000000000004,2,356.75,move,improve
8957,5,449.21000000000004,2,356.75,swap,notBad
8958,5,449.21000000000004,2,356.75,2opt,notBad
8959,5,449.21000000000004,2,356.75,2opt,notBad
8960,5,449.21000000000004,2,356.75,move,improve
8961,5,449.21000000000004,2,356.75,2opt,notBad
8962,5,449.21000000000004,2,356.75,swap,notBad
8963,5,449.21000000000004,2,356.75,move,improve
8964,5,449.21000000000004,2,356.75,2opt,notBad
8965,5,449.21000000000004,2,356.75,2opt,notBad
8966,5,449.21000000000004,2,356.75,swap,notBad
8967,5,449.21000000000004,2,356.75,2opt,notBad
8968,5,449.21000000000004,2,356.75,move,improve
8969,5,449.21000000000004,2,356.75,move,improve
8970,5,449.21000000000004,2,356.75,swap,notBad
8971,5,449.21000000000004,2,356.75,2opt,notBad
8972,5,449.21000000000004,2,356.75,2opt,notBad
8973,5,449.21000000000004,2,356.75,swap,notBad
8974,5,449.21000000000004,2,356.75,2opt,notBad
8975,5,449.21000000000004,2,356.75,move,improve
8976,5,449.21000000000004,2,356.75,move,improve
8977,5,449.21000000000004,2,356.75,move,improve
8978,5,449.21000000000004,2,356.75,2opt,notBad
8979,5,449.21000000000004,2,356.75,move,improve
8980,5,449.21000000000004,2,356.75,2opt,notBad
8981,5,449.21000000000004,2,356.75,2opt,notBad
8982,5,449.21000000000004,2,356.75,2opt,notBad
8983,5,449.21000000000004,2,356.75,2opt,notBad
8984,5,449.21000000000004,2,356.75,move,improve
8985,5,449.21000000000004,2,356.75,2opt,notBad
8986,5,449.21000000000004,2,356.75,2opt,notBad
8987,5,449.21000000000004,2,356.75,swap,notBad
8988,5,449.21000000000004,2,356.75,swap,notBad
8989,5,449.21000000000004,2,356.75,swap,notBad
8990,5,449.21000000000004,2,356.75,swap,notBad
8991,5,449.21000000000004,2,356.75,move,improve
8992,5,449.21000000000004,2,356.75,swap,notBad
8993,5,449.21000000000004,2,356.75,swap,notBad
8994,5,449.21000000000004,2,356.75,swap,notBad
8995,5,449.21000000000004,2,356.75,move,improve
8996,5,449.21000000000004,2,356.75,2opt,notBad
8997,5,449.21000000000004,2,356.75,swap,notBad
8998,5,449.21000000000004,2,356.75,swap,notBad
8999,5,449.21000000000004,2,356.75,2opt,notBad
9000,5,449.21000000000004,2,356.75,2opt,notBad
9001,5,449.21000000000004,2,356.75,2opt,notBad
9002,5,449.21000000000004,2,356.75,move,improve
9003,5,449.21000000000004,2,356.75,move,improve
9004,5,449.21000000000004,2,356.75,2opt,notBad
9005,5,449.21000000000004,2,356.75,swap,notBad
9006,5,449.21000000000004,2,356.75,swap,notBad
9007,5,449.21000000000004,2,356.75,move,improve
9008,5,449.21000000000004,2,356.75,move,improve
9009,5,449.21000000000004,2,356.75,move,improve
9010,5,449.21000000000004,2,356.75,swap,notBad
9011,5,449.21000000000004,2,356.75,move,improve
9012,5,449.21000000000004,2,356.75,2opt,notBad
9013,5,449.21000000000004,2,356.75,swap,notBad
9014,5,449.21000000000004,2,356.75,2opt,notBad
9015,5,449.21000000000004,2,356.75,move,improve
9016,5,449.21000000000004,2,356.75,move,improve
9017,5,449.21000000000004,2,356.75,swap,notBad
9018,5,449.21000000000004,2,356.75,2opt,notBad
9019,5,449.21000000000004,2,356.75,move,improve
9020,5,449.21000000000004,2,356.75,2opt,notBad
9021,5,449.21000000000004,2,356.75,swap,notBad
9022,5,449.21000000000004,2,356.75,swap,notBad
9023,5,449.21000000000004,2,356.75,move,improve
9024,5,449.21000000000004,2,356.75,2opt,notBad
9025,5,449.21000000000004,2,356.75,move,improve
9026,5,449.21000000000004,2,356.75,move,improve
9027,5,449.21000000000004,2,356.75,move,improve
9028,5,449.21000000000004,2,356.75,2opt,notBad
9029,5,449.21000000000004,2,356.75,swap,notBad
9030,5,449.21000000000004,2,356.75,2opt,notBad
9031,5,449.21000000000004,2,356.75,2opt,notBad
9032,5,449.21000000000004,2,356.75,2opt,notBad
9033,5,449.21000000000004,2,356.75,2opt,notBad
9034,5,449.21000000000004,2,356.75,move,improve
9035,5,449.21000000000004,2,356.75,2opt,notBad
9036,5,449.21000000000004,2,356.75,move,improve
9037,5,449.21000000000004,2,356.75,swap,notBad
9038,5,449.21000000000004,2,356.75,2opt,notBad
9039,5,449.21000000000004,2,356.75,2opt,notBad
9040,5,449.21000000000004,2,356.75,move,improve
9041,5,449.21000000000004,2,356.75,move,improve
9042,5,449.21000000000004,2,356.75,swap,notBad
9043,5,449.21000000000004,2,356.75,move,improve
9044,5,449.21000000000004,2,356.75,swap,notBad
9045,5,449.21000000000004,2,356.75,move,notBad
9046,5,449.21000000000004,2,356.75,move,improve
9047,5,449.21000000000004,2,356.75,move,improve
9048,5,449.21000000000004,2,356.75,2opt,notBad
9049,5,449.21000000000004,2,356.75,swap,notBad
9050,5,449.21000000000004,2,356.75,move,improve
9051,5,449.21000000000004,2,356.75,move,improve
9052,5,449.21000000000004,2,356.75,move,improve
9053,5,449.21000000000004,2,356.75,2opt,notBad
9054,5,449.21000000000004,2,356.75,2opt,notBad
9055,5,449.21000000000004,2,356.75,move,improve
9056,5,449.21000000000004,2,356.75,2opt,notBad
9057,5,449.21000000000004,2,356.75,swap,notBad
9058,5,449.21000000000004,2,356.75,move,improve
9059,5,449.21000000000004,2,356.75,move,improve
9060,5,449.21000000000004,2,356.75,2opt,notBad
9061,5,449.21000000000004,2,356.75,move,improve
9062,5,449.21000000000004,2,356.75,move,improve
9063,5,449.21000000000004,2,356.75,swap,notBad
9064,5,449.21000000000004,2,356.75,move,improve
9065,5,449.21000000000004,2,356.75,move,improve
9066,5,449.21000000000004,2,356.75,move,improve
9067,5,449.21000000000004,2,356.75,move,improve
9068,5,449.21000000000004,2,356.75,move,improve
9069,5,449.21000000000004,2,356.75,move,improve
9070,5,449.21000000000004,2,356.75,swap,notBad
9071,5,449.21000000000004,2,356.75,swap,notBad
9072,5,449.21000000000004,2,356.75,move,improve
9073,5,449.21000000000004,2,356.75,move,improve
9074,5,449.21000000000004,2,356.75,move,improve
9075,5,449.21000000000004,2,356.75,2opt,notBad
9076,5,449.21000000000004,2,356.75,move,improve
9077,5,449.21000000000004,2,356.75,move,improve
9078,5,449.21000000000004,2,356.75,move,improve
9079,5,449.21000000000004,2,356.75,swap,notBad
9080,5,449.21000000000004,2,356.75,move,improve
9081,5,449.21000000000004,2,356.75,2opt,notBad
9082,5,449.21000000000004,2,356.75,2opt,notBad
9083,5,449.21000000000004,2,356.75,2opt,notBad
9084,5,449.21000000000004,2,356.75,swap,notBad
9085,5,449.21000000000004,2,356.75,2opt,notBad
9086,5,449.21000000000004,2,356.75,2opt,notBad
9087,5,449.21000000000004,2,356.75,2opt,notBad
9088,5,449.21000000000004,2,356.75,move,improve
9089,5,449.21000000000004,2,356.75,swap,notBad
9090,5,449.21000000000004,2,356.75,2opt,notBad
9091,5,449.21000000000004,2,356.75,2opt,notBad
9092,5,449.21000000000004,2,356.75,move,improve
9093,5,449.21000000000004,2,356.75,2opt,improve
9094,5,449.21000000000004,2,356.75,move,improve
9095,5,449.21000000000004,2,356.75,swap,notBad
9096,5,449.21000000000004,2,356.75,2opt,notBad
9097,5,449.21000000000004,2,356.75,move,improve
9098,5,449.21000000000004,2,356.75,2opt,notBad
9099,5,449.21000000000004,2,356.75,2opt,notBad
9100,5,449.21000000000004,2,356.75,move,improve
9101,5,449.21000000000004,2,356.75,move,improve
9102,5,449.21000000000004,2,356.75,move,improve
9103,5,449.21000000000004,2,356.75,move,improve
9104,5,449.21000000000004,2,356.75,move,improve
9105,5,449.21000000000004,2,356.75,move,improve
9106,5,449.21000000000004,2,356.75,move,improve
9107,5,449.21000000000004,2,356.75,2opt,notBad
9108,5,449.21000000000004,2,356.75,swap,notBad
9109,5,449.21000000000004,2,356.75,2opt,notBad
9110,5,449.21000000000004,2,356.75,swap,notBad
9111,5,449.21000000000004,2,356.75,2opt,notBad
9112,5,449.21000000000004,2,356.75,swap,notBad
9113,5,449.21000000000004,2,356.75,2opt,notBad
9114,5,449.21000000000004,2,356.75,move,improve
9115,5,449.21000000000004,2,356.75,2opt,notBad
9116,5,449.21000000000004,2,356.75,2opt,notBad
9117,5,449.21000000000004,2,356.75,swap,notBad
9118,5,449.21000000000004,2,356.75,2opt,notBad
9119,5,449.21000000000004,2,356.75,swap,notBad
9120,5,449.21000000000004,2,356.75,2opt,notBad
9121,5,449.21000000000004,2,356.75,move,improve
9122,5,449.21000000000004,2,356.75,2opt,notBad
9123,5,449.21000000000004,2,356.75,move,improve
9124,5,449.21000000000004,2,356.75,2opt,notBad
9125,5,449.21000000000004,2,356.75,swap,notBad
9126,5,449.21000000000004,2,356.75,2opt,notBad
9127,5,449.21000000000004,2,356.75,move,improve
9128,5,449.21000000000004,2,356.75,2opt,notBad
9129,5,449.21000000000004,2,356.75,2opt,notBad
9130,5,449.21000000000004,2,356.75,2opt,notBad
9131,5,449.21000000000004,2,356.75,2opt,notBad
9132,5,449.21000000000004,2,356.75,swap,notBad
9133,5,449.21000000000004,2,356.75,2opt,notBad
9134,5,449.21000000000004,2,356.75,2opt,notBad
9135,5,449.21000000000004,2,356.75,swap,notBad
9136,5,449.21000000000004,2,356.75,move,improve
9137,5,449.21000000000004,2,356.75,swap,notBad
9138,5,449.21000000000004,2,356.75,swap,notBad
9139,5,449.21000000000004,2,356.75,swap,notBad
9140,5,449.21000000000004,2,356.75,2opt,improve
9141,5,449.21000000000004,2,356.75,swap,notBad
9142,5,449.21000000000004,2,356.75,swap,notBad
9143,5,449.21000000000004,2,356.75,move,improve
9144,5,449.21000000000004,2,356.75,swap,notBad
9145,5,449.21000000000004,2,356.75,swap,notBad
9146,5,449.21000000000004,2,356.75,swap,notBad
9147,5,449.21000000000004,2,356.75,move,improve
9148,5,449.21000000000004,2,356.75,move,improve
9149,5,449.21000000000004,2,356.75,swap,notBad
9150,5,449.21000000000004,2,356.75,swap,notBad
9151,5,449.21000000000004,2,356.75,move,improve
9152,5,449.21000000000004,2,356.75,swap,notBad
9153,5,449.21000000000004,2,356.75,swap,notBad
9154,5,449.21000000000004,2,356.75,2opt,improve
9155,5,449.21000000000004,2,356.75,swap,notBad
9156,5,449.21000000000004,2,356.75,2opt,notBad
9157,5,449.21000000000004,2,356.75,swap,notBad
9158,5,449.21000000000004,2,356.75,swap,notBad
9159,5,449.21000000000004,2,356.75,2opt,notBad
9160,5,449.21000000000004,2,356.75,swap,notBad
9161,5,449.21000000000004,2,356.75,move,improve
9162,5,449.21000000000004,2,356.75,2opt,notBad
9163,5,449.21000000000004,2,356.75,2opt,notBad
9164,5,449.21000000000004,2,356.75,2opt,notBad
9165,5,449.21000000000004,2,356.75,move,improve
9166,5,449.21000000000004,2,356.75,move,improve
9167,5,449.21000000000004,2,356.75,move,improve
9168,5,449.21000000000004,2,356.75,swap,notBad
9169,5,449.21000000000004,2,356.75,move,improve
9170,5,449.21000000000004,2,356.75,move,improve
9171,5,449.21000000000004,2,356.75,swap,notBad
9172,5,449.21000000000004,2,356.75,move,notBad
9173,5,449.21000000000004,2,356.75,move,improve
9174,5,449.21000000000004,2,356.75,move,improve
9175,5,449.21000000000004,2,356.75,move,improve
9176,5,449.21000000000004,2,356.75,swap,notBad
9177,5,449.21000000000004,2,356.75,2opt,notBad
9178,5,449.21000000000004,2,356.75,swap,notBad
9179,5,449.21000000000004,2,356.75,move,improve
9180,5,449.21000000000004,2,356.75,2opt,notBad
9181,5,449.21000000000004,2,356.75,swap,notBad
9182,5,449.21000000000004,2,356.75,2opt,notBad
9183,5,449.21000000000004,2,356.75,move,improve
9184,5,449.21000000000004,2,356.75,swap,notBad
9185,5,449.21000000000004,2,356.75,move,improve
9186,5,449.21000000000004,2,356.75,2opt,notBad
9187,5,449.21000000000004,2,356.75,2opt,notBad
9188,5,449.21000000000004,2,356.75,2opt,notBad
9189,5,449.21000000000004,2,356.75,move,improve
9190,5,449.21000000000004,2,356.75,move,improve
9191,5,449.21000000000004,2,356.75,swap,notBad
9192,5,449.21000000000004,2,356.75,move,improve
9193,5,449.21000000000004,2,356.75,swap,notBad
9194,5,449.21000000000004,2,356.75,2opt,notBad
9195,5,449.21000000000004,2,356.75,2opt,notBad
9196,5,449.21000000000004,2,356.75,swap,notBad
9197,5,449.21000000000004,2,356.75,2opt,notBad
9198,5,449.21000000000004,2,356.75,swap,notBad
9199,5,449.21000000000004,2,356.75,swap,notBad
9200,5,449.21000000000004,2,356.75,2opt,notBad
9201,5,449.21000000000004,2,356.75,swap,notBad
9202,5,449.21000000000004,2,356.75,swap,notBad
9203,5,449.21000000000004,2,356.75,swap,notBad
9204,5,449.21000000000004,2,356.75,2opt,notBad
9205,5,449.21000000000004,2,356.75,move,improve
9206,5,449.21000000000004,2,356.75,swap,notBad
9207,5,449.21000000000004,2,356.75,2opt,notBad
9208,5,449.21000000000004,2,356.75,2opt,notBad
9209,5,449.21000000000004,2,356.75,swap,notBad
9210,5,449.21000000000004,2,356.75,move,improve
9211,5,449.21000000000004,2,356.75,2opt,notBad
9212,5,449.21000000000004,2,356.75,swap,notBad
9213,5,449.21000000000004,2,356.75,swap,notBad
9214,5,449.21000000000004,2,356.75,2opt,improve
9215,5,449.21000000000004,2,356.75,move,improve
9216,5,449.21000000000004,2,356.75,swap,notBad
9217,5,449.21000000000004,2,356.75,swap,notBad
9218,5,449.21000000000004,2,356.75,2opt,notBad
9219,5,449.21000000000004,2,356.75,move,improve
9220,5,449.21000000000004,2,356.75,swap,notBad
9221,5,449.21000000000004,2,356.75,2opt,notBad
9222,5,449.21000000000004,2,356.75,move,improve
9223,5,449.21000000000004,2,356.75,move,improve
9224,5,449.21000000000004,2,356.75,swap,notBad
9225,5,449.21000000000004,2,356.75,move,improve
9226,5,449.21000000000004,2,356.75,2opt,notBad
9227,5,449.21000000000004,2,356.75,2opt,notBad
9228,5,449.21000000000004,2,356.75,move,improve
9229,5,449.21000000000004,2,356.75,swap,notBad
9230,5,449.21000000000004,2,356.75,swap,notBad
9231,5,449.21000000000004,2,356.75,2opt,improve
9232,5,449.21000000000004,2,356.75,move,improve
9233,5,449.21000000000004,2,356.75,2opt,notBad
9234,5,449.21000000000004,2,356.75,2opt,notBad
9235,5,449.21000000000004,2,356.75,2opt,notBad
9236,5,449.21000000000004,2,356.75,swap,notBad
9237,5,449.21000000000004,2,356.75,move,improve
9238,5,449.21000000000004,2,356.75,swap,notBad
9239,5,449.21000000000004,2,356.75,move,improve
9240,5,449.21000000000004,2,356.75,2opt,notBad
9241,5,449.21000000000004,2,356.75,swap,notBad
9242,5,449.21000000000004,2,356.75,2opt,notBad
9243,5,449.21000000000004,2,356.75,move,improve
9244,5,449.21000000000004,2,356.75,swap,notBad
9245,5,449.21000000000004,2,356.75,swap,notBad
9246,5,449.21000000000004,2,356.75,move,improve
9247,5,449.21000000000004,2,356.75,2opt,notBad
9248,5,449.21000000000004,2,356.75,move,improve
9249,5,449.21000000000004,2,356.75,swap,notBad
9250,5,449.21000000000004,2,356.75,swap,notBad
9251,5,449.21000000000004,2,356.75,swap,notBad
9252,5,449.21000000000004,2,356.75,move,improve
9253,5,449.21000000000004,2,356.75,2opt,notBad
9254,5,449.21000000000004,2,356.75,2opt,notBad
9255,5,449.21000000000004,2,356.75,2opt,notBad
9256,5,449.21000000000004,2,356.75,move,improve
9257,5,449.21000000000004,2,356.75,swap,notBad
9258,5,449.21000000000004,2,356.75,move,improve
9259,5,449.21000000000004,2,356.75,swap,notBad
9260,5,449.21000000000004,2,356.75,2opt,notBad
9261,5,449.21000000000004,2,356.75,swap,notBad
9262,5,449.21000000000004,2,356.75,swap,notBad
9263,5,449.21000000000004,2,356.75,swap,notBad
9264,5,449.21000000000004,2,356.75,2opt,notBad
9265,5,449.21000000000004,2,356.75,2opt,notBad
9266,5,449.21000000000004,2,356.75,move,improve
9267,5,449.21000000000004,2,356.75,swap,notBad
9268,5,449.21000000000004,2,356.75,2opt,notBad
9269,5,449.21000000000004,2,356.75,move,improve
9270,5,449.21000000000004,2,356.75,2opt,notBad
9271,5,449.21000000000004,2,356.75,swap,notBad
9272,5,449.21000000000004,2,356.75,move,improve
9273,5,449.21000000000004,2,356.75,swap,notBad
9274,5,449.21000000000004,2,356.75,move,improve
9275,5,449.21000000000004,2,356.75,move,improve
9276,5,449.21000000000004,2,356.75,swap,notBad
9277,5,449.21000000000004,2,356.75,2opt,notBad
9278,5,449.21000000000004,2,356.75,move,improve
9279,5,449.21000000000004,2,356.75,swap,notBad
9280,5,449.21000000000004,2,356.75,2opt,notBad
9281,5,449.21000000000004,2,356.75,move,improve
9282,5,449.21000000000004,2,356.75,swap,notBad
9283,5,449.21000000000004,2,356.75,2opt,notBad
9284,5,449.21000000000004,2,356.75,move,improve
9285,5,449.21000000000004,2,356.75,swap,notBad
9286,5,449.21000000000004,2,356.75,move,improve
9287,5,449.21000000000004,2,356.75,move,improve
9288,5,449.21000000000004,2,356.75,2opt,notBad
9289,5,449.21000000000004,2,356.75,2opt,notBad
9290,5,449.21000000000004,2,356.75,swap,notBad
9291,5,449.21000000000004,2,356.75,2opt,notBad
9292,5,449.21000000000004,2,356.75,swap,notBad
9293,5,449.21000000000004,2,356.75,move,improve
9294,5,449.21000000000004,2,356.75,swap,notBad
9295,5,449.21000000000004,2,356.75,move,improve
9296,5,449.21000000000004,2,356.75,2opt,notBad
9297,5,449.21000000000004,2,356.75,swap,notBad
9298,5,449.21000000000004,2,356.75,move,improve
9299,5,449.21000000000004,2,356.75,move,notBad
9300,5,449.21000000000004,2,356.75,swap,notBad
9301,5,449.21000000000004,2,356.75,2opt,notBad
9302,5,449.21000000000004,2,356.75,2opt,notBad
9303,5,449.21000000000004,2,356.75,swap,notBad
9304,5,449.21000000000004,2,356.75,swap,notBad
9305,5,449.21000000000004,2,356.75,2opt,notBad
9306,5,449.21000000000004,2,356.75,2opt,notBad
9307,5,449.21000000000004,2,356.75,2opt,notBad
9308,5,449.21000000000004,2,356.75,move,improve
9309,5,449.21000000000004,2,356.75,2opt,notBad
9310,5,449.21000000000004,2,356.75,2opt,notBad
9311,5,449.21000000000004,2,356.75,swap,notBad
9312,5,449.21000000000004,2,356.75,move,improve
9313,5,449.21000000000004,2,356.75,swap,notBad
9314,5,449.21000000000004,2,356.75,swap,notBad
9315,5,449.21000000000004,2,356.75,swap,notBad
9316,5,449.21000000000004,2,356.75,swap,notBad
9317,5,449.21000000000004,2,356.75,2opt,notBad
9318,5,449.21000000000004,2,356.75,2opt,notBad
9319,5,449.21000000000004,2,356.75,swap,notBad
9320,5,449.21000000000004,2,356.75,move,improve
9321,5,449.21000000000004,2,356.75,2opt,notBad
9322,5,449.21000000000004,2,356.75,2opt,notBad
9323,5,449.21000000000004,2,356.75,2opt,improve
9324,5,449.21000000000004,2,356.75,move,improve
9325,5,449.21000000000004,2,356.75,move,improve
9326,5,449.21000000000004,2,356.75,2opt,improve
9327,5,449.21000000000004,2,356.75,swap,notBad
9328,5,449.21000000000004,2,356.75,2opt,notBad
9329,5,449.21000000000004,2,356.75,move,improve
9330,5,449.21000000000004,2,356.75,2opt,improve
9331,5,449.21000000000004,2,356.75,move,improve
9332,5,449.21000000000004,2,356.75,2opt,notBad
9333,5,449.21000000000004,2,356.75,swap,notBad
9334,5,449.21000000000004,2,356.75,2opt,notBad
9335,5,449.21000000000004,2,356.75,swap,notBad
9336,5,449.21000000000004,2,356.75,move,improve
9337,5,449.21000000000004,2,356.75,2opt,notBad
9338,5,449.21000000000004,2,356.75,2opt,notBad
9339,5,449.21000000000004,2,356.75,swap,notBad
9340,5,449.21000000000004,2,356.75,swap,notBad
9341,5,449.21000000000004,2,356.75,2opt,notBad
9342,5,449.21000000000004,2,356.75,swap,notBad
9343,5,449.21000000000004,2,356.75,swap,notBad
9344,5,449.21000000000004,2,356.75,move,improve
9345,5,449.21000000000004,2,356.75,move,improve
9346,5,449.21000000000004,2,356.75,swap,notBad
9347,5,449.21000000000004,2,356.75,move,improve
9348,5,449.21000000000004,2,356.75,move,improve
9349,5,449.21000000000004,2,356.75,2opt,notBad
9350,5,449.21000000000004,2,356.75,swap,notBad
9351,5,449.21000000000004,2,356.75,2opt,notBad
9352,5,449.21000000000004,2,356.75,move,improve
9353,5,449.21000000000004,2,356.75,2opt,notBad
9354,5,449.21000000000004,2,356.75,swap,notBad
9355,5,449.21000000000004,2,356.75,2opt,notBad
9356,5,449.21000000000004,2,356.75,2opt,improve
9357,5,449.21000000000004,2,356.75,swap,notBad
9358,5,449.21000000000004,2,356.75,swap,notBad
9359,5,449.21000000000004,2,356.75,swap,notBad
9360,5,449.21000000000004,2,356.75,2opt,notBad
9361,5,449.21000000000004,2,356.75,swap,notBad
9362,5,449.21000000000004,2,356.75,swap,notBad
9363,5,449.21000000000004,2,356.75,2opt,notBad
9364,5,449.21000000000004,2,356.75,2opt,notBad
9365,5,449.21000000000004,2,356.75,2opt,notBad
9366,5,449.21000000000004,2,356.75,move,improve
9367,5,449.21000000000004,2,356.75,2opt,notBad
9368,5,449.21000000000004,2,356.75,2opt,notBad
9369,5,449.21000000000004,2,356.75,swap,notBad
9370,5,449.21000000000004,2,356.75,swap,notBad
9371,5,449.21000000000004,2,356.75,move,improve
9372,5,449.21000000000004,2,356.75,move,improve
9373,5,449.21000000000004,2,356.75,move,improve
9374,5,449.21000000000004,2,356.75,swap,notBad
9375,5,449.21000000000004,2,356.75,2opt,notBad
9376,5,449.21000000000004,2,356.75,move,improve
9377,5,449.21000000000004,2,356.75,2opt,improve
9378,5,449.21000000000004,2,356.75,2opt,notBad
9379,5,449.21000000000004,2,356.75,swap,notBad
9380,5,449.21000000000004,2,356.75,move,improve
9381,5,449.21000000000004,2,356.75,swap,notBad
9382,5,449.21000000000004,2,356.75,2opt,notBad
9383,5,449.21000000000004,2,356.75,swap,notBad
9384,5,449.21000000000004,2,356.75,2opt,notBad
9385,5,449.21000000000004,2,356.75,swap,notBad
9386,5,449.21000000000004,2,356.75,swap,notBad
9387,5,449.21000000000004,2,356.75,swap,notBad
9388,5,449.21000000000004,2,356.75,move,improve
9389,5,449.21000000000004,2,356.75,swap,notBad
9390,5,449.21000000000004,2,356.75,move,improve
9391,5,449.21000000000004,2,356.75,swap,notBad
9392,5,449.21000000000004,2,356.75,move,improve
9393,5,449.21000000000004,2,356.75,swap,notBad
9394,5,449.21000000000004,2,356.75,move,improve
9395,5,449.21000000000004,2,356.75,2opt,notBad
9396,5,449.21000000000004,2,356.75,swap,notBad
9397,5,449.21000000000004,2,356.75,move,improve
9398,5,449.21000000000004,2,356.75,swap,notBad
9399,5,449.21000000000004,2,356.75,swap,notBad
9400,5,449.21000000000004,2,356.75,move,improve
9401,5,449.21000000000004,2,356.75,move,improve
9402,5,449.21000000000004,2,356.75,2opt,notBad
9403,5,449.21000000000004,2,356.75,move,improve
9404,5,449.21000000000004,2,356.75,swap,notBad
9405,5,449.21000000000004,2,356.75,swap,notBad
9406,5,449.21000000000004,2,356.75,move,notBad
9407,5,449.21000000000004,2,356.75,move,improve
9408,5,449.21000000000004,2,356.75,move,improve
9409,5,449.21000000000004,2,356.75,swap,notBad
9410,5,449.21000000000004,2,356.75,move,improve
9411,5,449.21000000000004,2,356.75,swap,notBad
9412,5,449.21000000000004,2,356.75,move,improve
9413,5,449.21000000000004,2,356.75,swap,notBad
9414,5,449.21000000000004,2,356.75,2opt,notBad
9415,5,449.21000000000004,2,356.75,2opt,notBad
9416,5,449.21000000000004,2,356.75,2opt,notBad
9417,5,449.21000000000004,2,356.75,swap,notBad
9418,5,449.21000000000004,2,356.75,2opt,notBad
9419,5,449.21000000000004,2,356.75,swap,notBad
9420,5,449.21000000000004,2,356.75,2opt,notBad
9421,5,449.21000000000004,2,356.75,swap,notBad
9422,5,449.21000000000004,2,356.75,move,improve
9423,5,449.21000000000004,2,356.75,swap,notBad
9424,5,449.21000000000004,2,356.75,swap,notBad
9425,5,449.21000000000004,2,356.75,move,improve
9426,5,449.21000000000004,2,356.75,2opt,notBad
9427,5,449.21000000000004,2,356.75,swap,notBad
9428,5,449.21000000000004,2,356.75,swap,notBad
9429,5,449.21000000000004,2,356.75,swap,notBad
9430,5,449.21000000000004,2,356.75,2opt,notBad
9431,5,449.21000000000004,2,356.75,2opt,notBad
9432,5,449.21000000000004,2,356.75,move,improve
9433,5,449.21000000000004,2,356.75,swap,notBad
9434,5,449.21000000000004,2,356.75,move,improve
9435,5,449.21000000000004,2,356.75,swap,notBad
9436,5,449.21000000000004,2,356.75,swap,notBad
9437,5,449.21000000000004,2,356.75,2opt,notBad
9438,5,449.21000000000004,2,356.75,swap,notBad
9439,5,449.21000000000004,2,356.75,move,improve
9440,5,449.21000000000004,2,356.75,move,improve
9441,5,449.21000000000004,2,356.75,2opt,notBad
9442,5,449.21000000000004,2,356.75,move,improve
9443,5,449.21000000000004,2,356.75,move,improve
9444,5,449.21000000000004,2,356.75,move,improve
9445,5,449.21000000000004,2,356.75,2opt,notBad
9446,5,449.21000000000004,2,356.75,2opt,notBad
9447,5,449.21000000000004,2,356.75,swap,notBad
9448,5,449.21000000000004,2,356.75,2opt,notBad
9449,5,449.21000000000004,2,356.75,swap,notBad
9450,5,449.21000000000004,2,356.75,move,improve
9451,5,449.21000000000004,2,356.75,swap,notBad
9452,5,449.21000000000004,2,356.75,2opt,notBad
9453,5,449.21000000000004,2,356.75,move,improve
9454,5,449.21000000000004,2,356.75,2opt,notBad
9455,5,449.21000000000004,2,356.75,swap,notBad
9456,5,449.21000000000004,2,356.75,move,improve
9457,5,449.21000000000004,2,356.75,move,improve
9458,5,449.21000000000004,2,356.75,swap,notBad
9459,5,449.21000000000004,2,356.75,move,improve
9460,5,449.21000000000004,2,356.75,swap,notBad
9461,5,449.21000000000004,2,356.75,2opt,notBad
9462,5,449.21000000000004,2,356.75,swap,notBad
9463,5,449.21000000000004,2,356.75,swap,notBad
9464,5,449.21000000000004,2,356.75,swap,notBad
9465,5,449.21000000000004,2,356.75,2opt,notBad
9466,5,449.21000000000004,2,356.75,swap,notBad
9467,5,449.21000000000004,2,356.75,swap,notBad
9468,5,449.21000000000004,2,356.75,2opt,notBad
9469,5,449.21000000000004,2,356.75,2opt,notBad
9470,5,449.21000000000004,2,356.75,move,improve
9471,5,449.21000000000004,2,356.75,swap,notBad
9472,5,449.21000000000004,2,356.75,2opt,notBad
9473,5,449.21000000000004,2,356.75,swap,notBad
9474,5,449.21000000000004,2,356.75,move,improve
9475,5,449.21000000000004,2,356.75,swap,notBad
9476,5,449.21000000000004,2,356.75,2opt,notBad
9477,5,449.21000000000004,2,356.75,swap,notBad
9478,5,449.21000000000004,2,356.75,swap,notBad
9479,5,449.21000000000004,2,356.75,swap,notBad
9480,5,449.21000000000004,2,356.75,swap,notBad
9481,5,449.21000000000004,2,356.75,swap,notBad
9482,5,449.21000000000004,2,356.75,move,improve
9483,5,449.21000000000004,2,356.75,swap,notBad
9484,5,449.21000000000004,2,356.75,2opt,notBad
9485,5,449.21000000000004,2,356.75,move,improve
9486,5,449.21000000000004,2,356.75,2opt,notBad
9487,5,449.21000000000004,2,356.75,swap,notBad
9488,5,449.21000000000004,2,356.75,2opt,notBad
9489,5,449.21000000000004,2,356.75,swap,notBad
9490,5,449.21000000000004,2,356.75,2opt,notBad
9491,5,449.21000000000004,2,356.75,swap,notBad
9492,5,449.21000000000004,2,356.75,move,improve
9493,5,449.21000000000004,2,356.75,move,improve
9494,5,449.21000000000004,2,356.75,2opt,notBad
9495,5,449.21000000000004,2,356.75,swap,notBad
9496,5,449.21000000000004,2,356.75,2opt,notBad
9497,5,449.21000000000004,2,356.75,swap,notBad
9498,5,449.21000000000004,2,356.75,move,improve
9499,5,449.21000000000004,2,356.75,swap,notBad
9500,5,449.21000000000004,2,356.75,move,improve
9501,5,449.21000000000004,2,356.75,swap,notBad
9502,5,449.21000000000004,2,356.75,swap,notBad
9503,5,449.21000000000004,2,356.75,swap,notBad
9504,5,449.21000000000004,2,356.75,swap,notBad
9505,5,449.21000000000004,2,356.75,move,improve
9506,5,449.21000000000004,2,356.75,swap,notBad
9507,5,449.21000000000004,2,356.75,2opt,notBad
9508,5,449.65000000000003,2,356.75,swap,acceptBad
9509,5,449.65000000000003,2,356.75,2opt,notBad
9510,5,449.65000000000003,2,356.75,move,improve
9511,5,449.65000000000003,2,356.75,move,improve
9512,5,449.65000000000003,2,356.75,move,improve
9513,5,449.65000000000003,2,356.75,2opt,notBad
9514,5,449.65000000000003,2,356.75,2opt,notBad
9515,5,449.65000000000003,2,356.75,2opt,notBad
9516,5,449.65000000000003,2,356.75,2opt,notBad
9517,5,449.65000000000003,2,356.75,move,improve
9518,5,449.65000000000003,2,356.75,swap,notBad
9519,5,449.65000000000003,2,356.75,swap,notBad
9520,5,449.65000000000003,2,356.75,move,improve
9521,5,449.65000000000003,2,356.75,swap,notBad
9522,5,449.65000000000003,2,356.75,2opt,notBad
9523,5,449.65000000000003,2,356.75,move,improve
9524,5,449.65000000000003,2,356.75,swap,notBad
9525,5,449.65000000000003,2,356.75,swap,notBad
9526,5,449.65000000000003,2,356.75,2opt,notBad
9527,5,449.65000000000003,2,356.75,2opt,notBad
9528,5,449.65000000000003,2,356.75,2opt,notBad
9529,5,449.65000000000003,2,356.75,swap,notBad
9530,5,449.65000000000003,2,356.75,move,improve
9531,5,449.65000000000003,2,356.75,move,improve
9532,5,449.65000000000003,2,356.75,swap,notBad
9533,5,449.65000000000003,2,356.75,swap,notBad
9534,5,449.65000000000003,2,356.75,move,improve
9535,5,449.65000000000003,2,356.75,2opt,notBad
9536,5,449.65000000000003,2,356.75,swap,notBad
9537,5,449.65000000000003,2,356.75,swap,notBad
9538,5,449.65000000000003,2,356.75,swap,notBad
9539,5,449.65000000000003,2,356.75,move,improve
9540,5,449.65000000000003,2,356.75,move,improve
9541,5,449.65000000000003,2,356.75,swap,notBad
9542,5,449.65000000000003,2,356.75,2opt,notBad
9543,5,449.65000000000003,2,356.75,2opt,notBad
9544,5,449.65000000000003,2,356.75,swap,notBad
9545,5,449.65000000000003,2,356.75,swap,notBad
9546,5,449.65000000000003,2,356.75,2opt,improve
9547,5,449.65000000000003,2,356.75,move,improve
9548,5,449.65000000000003,2,356.75,move,improve
9549,5,449.65000000000003,2,356.75,2opt,notBad
9550,5,449.65000000000003,2,356.75,swap,notBad
9551,5,449.65000000000003,2,356.75,2opt,notBad
9552,5,449.65000000000003,2,356.75,move,improve
9553,5,449.65000000000003,2,356.75,move,improve
9554,5,449.65000000000003,2,356.75,2opt,notBad
9555,5,449.65000000000003,2,356.75,2opt,notBad
9556,5,449.65000000000003,2,356.75,2opt,notBad
9557,5,449.65000000000003,2,356.75,2opt,notBad
9558,5,449.65000000000003,2,356.75,2opt,notBad
9559,5,449.65000000000003,2,356.75,swap,notBad
9560,5,449.65000000000003,2,356.75,2opt,notBad
9561,5,449.65000000000003,2,356.75,move,improve
9562,5,449.65000000000003,2,356.75,move,improve
9563,5,449.65000000000003,2,356.75,move,improve
9564,5,449.65000000000003,2,356.75,2opt,notBad
9565,5,449.65000000000003,2,356.75,move,improve
9566,5,449.65000000000003,2,356.75,swap,notBad
9567,5,449.65000000000003,2,356.75,swap,notBad
9568,5,449.65000000000003,2,356.75,move,improve
9569,5,449.65000000000003,2,356.75,swap,notBad
9570,5,449.65000000000003,2,356.75,move,improve
9571,5,449.65000000000003,2,356.75,move,improve
9572,5,449.65000000000003,2,356.75,swap,notBad
9573,5,449.65000000000003,2,356.75,move,improve
9574,5,449.65000000000003,2,356.75,swap,notBad
9575,5,449.65000000000003,2,356.75,move,improve
9576,5,449.65000000000003,2,356.75,swap,notBad
9577,5,449.65000000000003,2,356.75,2opt,notBad
9578,5,449.65000000000003,2,356.75,move,improve
9579,5,449.65000000000003,2,356.75,move,improve
9580,5,449.65000000000003,2,356.75,2opt,notBad
9581,5,449.65000000000003,2,356.75,2opt,notBad
9582,5,449.65000000000003,2,356.75,move,improve
9583,5,449.65000000000003,2,356.75,move,improve
9584,5,449.65000000000003,2,356.75,move,improve
9585,5,449.65000000000003,2,356.75,2opt,notBad
9586,5,449.65000000000003,2,356.75,swap,notBad
9587,5,449.65000000000003,2,356.75,2opt,notBad
9588,5,449.65000000000003,2,356.75,2opt,notBad
9589,5,449.65000000000003,2,356.75,move,improve
9590,5,449.65000000000003,2,356.75,swap,notBad
9591,5,449.65000000000003,2,356.75,2opt,notBad
9592,5,449.65000000000003,2,356.75,swap,notBad
9593,5,449.65000000000003,2,356.75,move,improve
9594,5,449.65000000000003,2,356.75,swap,notBad
9595,5,449.65000000000003,2,356.75,swap,notBad
9596,5,449.65000000000003,2,356.75,swap,notBad
9597,5,449.65000000000003,2,356.75,swap,notBad
9598,5,449.65000000000003,2,356.75,swap,notBad
9599,5,449.65000000000003,2,356.75,move,improve
9600,5,449.65000000000003,2,356.75,move,improve
9601,5,449.65000000000003,2,356.75,swap,notBad
9602,5,449.65000000000003,2,356.75,2opt,notBad
9603,5,449.65000000000003,2,356.75,move,improve
9604,5,449.65000000000003,2,356.75,2opt,notBad
9605,5,449.65000000000003,2,356.75,swap,notBad
9606,5,449.65000000000003,2,356.75,2opt,notBad
9607,5,449.65000000000003,2,356.75,move,improve
9608,5,449.65000000000003,2,356.75,2opt,notBad
9609,5,449.65000000000003,2,356.75,swap,notBad
9610,5,449.65000000000003,2,356.75,swap,notBad
9611,5,449.65000000000003,2,356.75,2opt,notBad
9612,5,449.65000000000003,2,356.75,swap,notBad
9613,5,449.65000000000003,2,356.75,2opt,notBad
9614,5,449.65000000000003,2,356.75,2opt,improve
9615,5,449.65000000000003,2,356.75,2opt,notBad
9616,5,449.65000000000003,2,356.75,2opt,notBad
9617,5,449.65000000000003,2,356.75,move,improve
9618,5,449.65000000000003,2,356.75,move,improve
9619,5,449.65000000000003,2,356.75,2opt,notBad
9620,5,449.65000000000003,2,356.75,swap,notBad
9621,5,449.65000000000003,2,356.75,2opt,notBad
9622,5,449.65000000000003,2,356.75,2opt,notBad
9623,5,449.65000000000003,2,356.75,2opt,notBad
9624,5,449.65000000000003,2,356.75,swap,notBad
9625,5,449.65000000000003,2,356.75,move,improve
9626,5,449.65000000000003,2,356.75,move,improve
9627,5,449.65000000000003,2,356.75,2opt,improve
9628,5,449.65000000000003,2,356.75,2opt,notBad
9629,5,449.65000000000003,2,356.75,move,improve
9630,5,449.65000000000003,2,356.75,2opt,notBad
9631,5,449.65000000000003,2,356.75,move,improve
9632,5,449.65000000000003,2,356.75,2opt,notBad
9633,5,449.65000000000003,2,356.75,move,improve
9634,5,449.65000000000003,2,356.75,2opt,notBad
9635,5,449.65000000000003,2,356.75,swap,notBad
9636,5,449.65000000000003,2,356.75,2opt,notBad
9637,5,449.65000000000003,2,356.75,2opt,notBad
9638,5,449.65000000000003,2,356.75,swap,notBad
9639,5,449.65000000000003,2,356.75,move,improve
9640,5,449.65000000000003,2,356.75,2opt,notBad
9641,5,449.65000000000003,2,356.75,move,improve
9642,5,449.65000000000003,2,356.75,move,improve
9643,5,449.65000000000003,2,356.75,move,improve
9644,5,449.65000000000003,2,356.75,swap,notBad
9645,5,449.65000000000003,2,356.75,swap,notBad
9646,5,449.65000000000003,2,356.75,swap,notBad
9647,5,449.65000000000003,2,356.75,swap,notBad
9648,5,449.65000000000003,2,356.75,swap,notBad
9649,5,449.65000000000003,2,356.75,move,improve
9650,5,449.65000000000003,2,356.75,move,improve
9651,5,449.65000000000003,2,356.75,swap,notBad
9652,5,449.65000000000003,2,356.75,swap,notBad
9653,5,449.65000000000003,2,356.75,swap,notBad
9654,5,449.65000000000003,2,356.75,2opt,notBad
9655,5,449.65000000000003,2,356.75,2opt,notBad
9656,5,449.65000000000003,2,356.75,move,improve
9657,5,449.65000000000003,2,356.75,2opt,notBad
9658,5,449.65000000000003,2,356.75,move,improve
9659,5,449.65000000000003,2,356.75,2opt,notBad
9660,5,449.65000000000003,2,356.75,2opt,notBad
9661,5,449.65000000000003,2,356.75,swap,notBad
9662,5,449.65000000000003,2,356.75,2opt,notBad
9663,5,449.65000000000003,2,356.75,2opt,notBad
9664,5,449.65000000000003,2,356.75,move,improve
9665,5,449.65000000000003,2,356.75,move,improve
9666,5,449.65000000000003,2,356.75,swap,notBad
9667,5,449.65000000000003,2,356.75,swap,notBad
9668,5,449.65000000000003,2,356.75,move,improve
9669,5,449.65000000000003,2,356.75,swap,notBad
9670,5,449.65000000000003,2,356.75,move,improve
9671,5,449.65000000000003,2,356.75,2opt,notBad
9672,5,449.65000000000003,2,356.75,2opt,notBad
9673,5,449.65000000000003,2,356.75,move,improve
9674,5,449.65000000000003,2,356.75,swap,notBad
9675,5,449.65000000000003,2,356.75,move,improve
9676,5,449.65000000000003,2,356.75,move,improve
9677,5,449.65000000000003,2,356.75,2opt,notBad
9678,5,449.65000000000003,2,356.75,swap,notBad
9679,5,449.65000000000003,2,356.75,2opt,improve
9680,5,449.65000000000003,2,356.75,swap,notBad
9681,5,449.65000000000003,2,356.75,2opt,notBad
9682,5,449.65000000000003,2,356.75,2opt,notBad
9683,5,449.65000000000003,2,356.75,move,improve
9684,5,449.65000000000003,2,356.75,2opt,improve
9685,5,449.65000000000003,2,356.75,swap,notBad
9686,5,449.65000000000003,2,356.75,2opt,notBad
9687,5,449.65000000000003,2,356.75,2opt,notBad
9688,5,449.65000000000003,2,356.75,move,improve
9689,5,449.65000000000003,2,356.75,move,improve
9690,5,449.65000000000003,2,356.75,move,improve
9691,5,449.65000000000003,2,356.75,move,improve
9692,5,449.65000000000003,2,356.75,move,improve
9693,5,449.65000000000003,2,356.75,2opt,notBad
9694,5,449.65000000000003,2,356.75,swap,notBad
9695,5,449.65000000000003,2,356.75,2opt,notBad
9696,5,449.65000000000003,2,356.75,move,improve
9697,5,449.65000000000003,2,356.75,move,improve
9698,5,449.65000000000003,2,356.75,2opt,improve
9699,5,449.65000000000003,2,356.75,2opt,notBad
9700,5,449.65000000000003,2,356.75,swap,notBad
9701,5,449.65000000000003,2,356.75,2opt,notBad
9702,5,449.65000000000003,2,356.75,2opt,notBad
9703,5,449.65000000000003,2,356.75,swap,notBad
9704,5,449.65000000000003,2,356.75,swap,notBad
9705,5,449.65000000000003,2,356.75,2opt,notBad
9706,5,449.65000000000003,2,356.75,2opt,notBad
9707,5,449.65000000000003,2,356.75,move,improve
9708,5,449.65000000000003,2,356.75,swap,notBad
9709,5,449.65000000000003,2,356.75,swap,notBad
9710,5,449.65000000000003,2,356.75,move,improve
9711,5,449.65000000000003,2,356.75,move,improve
9712,5,449.65000000000003,2,356.75,2opt,notBad
9713,5,449.65000000000003,2,356.75,move,improve
9714,5,449.65000000000003,2,356.75,swap,notBad
9715,5,449.65000000000003,2,356.75,move,improve
9716,5,449.65000000000003,2,356.75,2opt,improve
9717,5,449.65000000000003,2,356.75,swap,notBad
9718,5,449.65000000000003,2,356.75,2opt,notBad
9719,5,449.65000000000003,2,356.75,move,improve
9720,5,449.65000000000003,2,356.75,2opt,notBad
9721,5,449.65000000000003,2,356.75,swap,notBad
9722,5,449.65000000000003,2,356.75,move,improve
9723,5,449.65000000000003,2,356.75,2opt,notBad
9724,5,449.65000000000003,2,356.75,move,improve
9725,5,449.65000000000003,2,356.75,2opt,notBad
9726,5,449.65000000000003,2,356.75,2opt,notBad
9727,5,449.65000000000003,2,356.75,2opt,notBad
9728,5,449.65000000000003,2,356.75,2opt,notBad
9729,5,449.65000000000003,2,356.75,swap,notBad
9730,5,449.65000000000003,2,356.75,swap,notBad
9731,5,449.65000000000003,2,356.75,swap,notBad
9732,5,449.65000000000003,2,356.75,2opt,notBad
9733,5,449.65000000000003,2,356.75,move,improve
9734,5,449.65000000000003,2,356.75,swap,notBad
9735,5,449.65000000000003,2,356.75,move,improve
9736,5,449.65000000000003,2,356.75,move,improve
9737,5,449.65000000000003,2,356.75,swap,notBad
9738,5,449.65000000000003,2,356.75,swap,notBad
9739,5,449.65000000000003,2,356.75,move,improve
9740,5,449.65000000000003,2,356.75,swap,notBad
9741,5,449.65000000000003,2,356.75,swap,notBad
9742,5,449.65000000000003,2,356.75,swap,notBad
9743,5,449.65000000000003,2,356.75,swap,notBad
9744,5,449.65000000000003,2,356.75,2opt,notBad
9745,5,449.65000000000003,2,356.75,move,improve
9746,5,449.65000000000003,2,356.75,move,improve
9747,5,449.65000000000003,2,356.75,move,improve
9748,5,449.65000000000003,2,356.75,move,improve
9749,5,449.65000000000003,2,356.75,2opt,notBad
9750,5,449.65000000000003,2,356.75,move,improve
9751,5,449.65000000000003,2,356.75,2opt,notBad
9752,5,449.65000000000003,2,356.75,swap,notBad
9753,5,449.65000000000003,2,356.75,2opt,notBad
9754,5,449.65000000000003,2,356.75,swap,notBad
9755,5,449.65000000000003,2,356.75,swap,notBad
9756,5,449.65000000000003,2,356.75,2opt,improve
9757,5,449.65000000000003,2,356.75,swap,notBad
9758,5,449.65000000000003,2,356.75,2opt,notBad
9759,5,449.65000000000003,2,356.75,move,improve
9760,5,449.65000000000003,2,356.75,swap,notBad
9761,5,449.65000000000003,2,356.75,2opt,notBad
9762,5,449.65000000000003,2,356.75,move,improve
9763,5,449.65000000000003,2,356.75,swap,notBad
9764,5,449.65000000000003,2,356.75,move,improve
9765,5,449.65000000000003,2,356.75,move,improve
9766,5,449.65000000000003,2,356.75,swap,notBad
9767,5,449.65000000000003,2,356.75,move,improve
9768,5,449.65000000000003,2,356.75,swap,notBad
9769,5,449.65000000000003,2,356.75,move,improve
9770,5,449.65000000000003,2,356.75,swap,notBad
9771,5,449.65000000000003,2,356.75,move,improve
9772,5,449.65000000000003,2,356.75,move,improve
9773,5,449.65000000000003,2,356.75,2opt,notBad
9774,5,449.65000000000003,2,356.75,swap,notBad
9775,5,449.65000000000003,2,356.75,2opt,notBad
9776,5,449.65000000000003,2,356.75,2opt,notBad
9777,5,449.65000000000003,2,356.75,2opt,notBad
9778,5,449.65000000000003,2,356.75,swap,notBad
9779,5,449.65000000000003,2,356.75,swap,notBad
9780,5,449.65000000000003,2,356.75,move,improve
9781,5,449.65000000000003,2,356.75,move,improve
9782,5,449.65000000000003,2,356.75,move,improve
9783,5,449.65000000000003,2,356.75,2opt,notBad
9784,5,449.65000000000003,2,356.75,move,improve
9785,5,449.65000000000003,2,356.75,2opt,notBad
9786,5,449.65000000000003,2,356.75,swap,notBad
9787,5,449.65000000000003,2,356.75,move,improve
9788,5,449.65000000000003,2,356.75,move,improve
9789,5,449.65000000000003,2,356.75,swap,notBad
9790,5,449.65000000000003,2,356.75,2opt,notBad
9791,5,449.65000000000003,2,356.75,swap,notBad
9792,5,449.65000000000003,2,356.75,swap,notBad
9793,5,449.65000000000003,2,356.75,move,improve
9794,5,449.65000000000003,2,356.75,swap,notBad
9795,5,449.65000000000003,2,356.75,2opt,improve
9796,5,449.65000000000003,2,356.75,move,improve
9797,5,449.65000000000003,2,356.75,move,improve
9798,5,449.65000000000003,2,356.75,2opt,notBad
9799,5,449.65000000000003,2,356.75,move,improve
9800,5,449.65000000000003,2,356.75,2opt,notBad
9801,5,449.65000000000003,2,356.75,swap,notBad
9802,5,449.65000000000003,2,356.75,swap,notBad
9803,5,449.65000000000003,2,356.75,2opt,notBad
9804,5,449.65000000000003,2,356.75,2opt,notBad
9805,5,449.65000000000003,2,356.75,swap,notBad
9806,5,449.65000000000003,2,356.75,2opt,notBad
9807,5,449.65000000000003,2,356.75,2opt,improve
9808,5,449.65000000000003,2,356.75,move,improve
9809,5,449.65000000000003,2,356.75,move,improve
9810,5,449.65000000000003,2,356.75,swap,notBad
9811,5,449.65000000000003,2,356.75,2opt,notBad
9812,5,449.65000000000003,2,356.75,2opt,notBad
9813,5,449.65000000000003,2,356.75,2opt,notBad
9814,5,449.65000000000003,2,356.75,2opt,notBad
9815,5,449.65000000000003,2,356.75,swap,notBad
9816,5,449.65000000000003,2,356.75,swap,notBad
9817,5,449.65000000000003,2,356.75,2opt,notBad
9818,5,449.65000000000003,2,356.75,2opt,notBad
9819,5,449.65000000000003,2,356.75,2opt,notBad
9820,5,449.65000000000003,2,356.75,swap,notBad
9821,5,449.65000000000003,2,356.75,move,improve
9822,5,449.65000000000003,2,356.75,2opt,notBad
9823,5,449.65000000000003,2,356.75,swap,notBad
9824,5,449.65000000000003,2,356.75,move,improve
9825,5,449.65000000000003,2,356.75,swap,notBad
9826,5,449.65000000000003,2,356.75,swap,notBad
9827,5,449.65000000000003,2,356.75,2opt,notBad
9828,5,449.65000000000003,2,356.75,move,improve
9829,5,449.65000000000003,2,356.75,move,improve
9830,5,449.65000000000003,2,356.75,swap,notBad
9831,5,449.65000000000003,2,356.75,move,improve
9832,5,449.65000000000003,2,356.75,2opt,notBad
9833,5,449.65000000000003,2,356.75,2opt,notBad
9834,5,449.65000000000003,2,356.75,2opt,notBad
9835,5,449.65000000000003,2,356.75,swap,notBad
9836,5,449.65000000000003,2,356.75,swap,notBad
9837,5,449.65000000000003,2,356.75,swap,notBad
9838,5,449.65000000000003,2,356.75,2opt,notBad
9839,5,449.65000000000003,2,356.75,swap,notBad
9840,5,449.65000000000003,2,356.75,swap,notBad
9841,5,449.65000000000003,2,356.75,swap,notBad
9842,5,449.65000000000003,2,356.75,2opt,notBad
9843,5,449.65000000000003,2,356.75,swap,notBad
9844,5,449.65000000000003,2,356.75,move,improve
9845,5,449.65000000000003,2,356.75,2opt,notBad
9846,5,449.65000000000003,2,356.75,swap,notBad
9847,5,449.65000000000003,2,356.75,2opt,notBad
9848,5,449.65000000000003,2,356.75,move,improve
9849,5,449.65000000000003,2,356.75,2opt,notBad
9850,5,449.65000000000003,2,356.75,2opt,notBad
9851,5,449.65000000000003,2,356.75,swap,notBad
9852,5,449.65000000000003,2,356.75,swap,notBad
9853,5,449.65000000000003,2,356.75,2opt,notBad
9854,5,449.65000000000003,2,356.75,move,improve
9855,5,449.65000000000003,2,356.75,move,improve
9856,5,449.65000000000003,2,356.75,move,notBad
9857,5,449.65000000000003,2,356.75,2opt,notBad
9858,5,449.65000000000003,2,356.75,move,improve
9859,5,449.65000000000003,2,356.75,move,improve
9860,5,449.65000000000003,2,356.75,move,improve
9861,5,449.65000000000003,2,356.75,move,improve
9862,5,449.65000000000003,2,356.75,2opt,notBad
9863,5,449.65000000000003,2,356.75,swap,notBad
9864,5,449.65000000000003,2,356.75,2opt,notBad
9865,5,449.65000000000003,2,356.75,move,improve
9866,5,449.65000000000003,2,356.75,move,improve
9867,5,449.65000000000003,2,356.75,2opt,notBad
9868,5,449.65000000000003,2,356.75,move,improve
9869,5,449.65000000000003,2,356.75,move,improve
9870,5,449.65000000000003,2,356.75,2opt,notBad
9871,5,449.65000000000003,2,356.75,move,improve
9872,5,449.65000000000003,2,356.75,swap,notBad
9873,5,449.65000000000003,2,356.75,move,improve
9874,5,449.65000000000003,2,356.75,move,improve
9875,5,449.65000000000003,2,356.75,swap,notBad
9876,5,449.65000000000003,2,356.75,2opt,notBad
9877,5,449.65000000000003,2,356.75,2opt,notBad
9878,5,449.65000000000003,2,356.75,move,improve
9879,5,449.65000000000003,2,356.75,move,improve
9880,5,449.65000000000003,2,356.75,2opt,notBad
9881,5,449.65000000000003,2,356.75,move,improve
9882,5,449.65000000000003,2,356.75,swap,notBad
9883,5,449.65000000000003,2,356.75,swap,notBad
9884,5,449.65000000000003,2,356.75,move,improve
9885,5,449.65000000000003,2,356.75,move,improve
9886,5,449.65000000000003,2,356.75,2opt,notBad
9887,5,449.65000000000003,2,356.75,swap,notBad
9888,5,449.65000000000003,2,356.75,2opt,notBad
9889,5,449.65000000000003,2,356.75,2opt,notBad
9890,5,449.65000000000003,2,356.75,2opt,notBad
9891,5,449.65000000000003,2,356.75,move,improve
9892,5,449.65000000000003,2,356.75,2opt,notBad
9893,5,449.65000000000003,2,356.75,2opt,notBad
9894,5,449.65000000000003,2,356.75,2opt,improve
9895,5,449.65000000000003,2,356.75,move,improve
9896,5,449.65000000000003,2,356.75,move,improve
9897,5,449.65000000000003,2,356.75,move,improve
9898,5,449.65000000000003,2,356.75,2opt,notBad
9899,5,449.65000000000003,2,356.75,swap,notBad
9900,5,449.65000000000003,2,356.75,2opt,notBad
9901,5,449.65000000000003,2,356.75,swap,notBad
9902,5,449.65000000000003,2,356.75,move,improve
9903,5,449.65000000000003,2,356.75,move,improve
9904,5,449.65000000000003,2,356.75,2opt,notBad
9905,5,449.65000000000003,2,356.75,2opt,notBad
9906,5,449.65000000000003,2,356.75,2opt,notBad
9907,5,449.65000000000003,2,356.75,2opt,notBad
9908,5,449.65000000000003,2,356.75,2opt,notBad
9909,5,449.65000000000003,2,356.75,swap,notBad
9910,5,449.65000000000003,2,356.75,swap,notBad
9911,5,449.65000000000003,2,356.75,swap,notBad
9912,5,449.65000000000003,2,356.75,2opt,notBad
9913,5,449.65000000000003,2,356.75,2opt,notBad
9914,5,449.65000000000003,2,356.75,move,improve
9915,5,449.65000000000003,2,356.75,2opt,notBad
9916,5,449.65000000000003,2,356.75,2opt,notBad
9917,5,449.65000000000003,2,356.75,swap,notBad
9918,5,449.65000000000003,2,356.75,swap,notBad
9919,5,449.65000000000003,2,356.75,move,improve
9920,5,449.65000000000003,2,356.75,move,improve
9921,5,449.65000000000003,2,356.75,swap,notBad
9922,5,449.65000000000003,2,356.75,swap,notBad
9923,5,449.65000000000003,2,356.75,move,improve
9924,5,449.65000000000003,2,356.75,2opt,notBad
9925,5,449.65000000000003,2,356.75,swap,notBad
9926,5,449.65000000000003,2,356.75,2opt,notBad
9927,5,449.65000000000003,2,356.75,move,improve
9928,5,449.65000000000003,2,356.75,swap,notBad
9929,5,449.65000000000003,2,356.75,move,improve
9930,5,449.65000000000003,2,356.75,swap,notBad
9931,5,449.65000000000003,2,356.75,2opt,notBad
9932,5,449.65000000000003,2,356.75,swap,notBad
9933,5,449.65000000000003,2,356.75,move,improve
9934,5,449.65000000000003,2,356.75,swap,notBad
9935,5,449.65000000000003,2,356.75,2opt,notBad
9936,5,449.65000000000003,2,356.75,swap,notBad
9937,5,449.65000000000003,2,356.75,swap,notBad
9938,5,449.65000000000003,2,356.75,move,improve
9939,5,449.65000000000003,2,356.75,swap,notBad
9940,5,449.65000000000003,2,356.75,swap,notBad
9941,5,449.65000000000003,2,356.75,swap,notBad
9942,5,449.65000000000003,2,356.75,2opt,notBad
9943,5,449.65000000000003,2,356.75,swap,notBad
9944,5,449.65000000000003,2,356.75,swap,notBad
9945,5,449.65000000000003,2,356.75,swap,notBad
9946,5,449.65000000000003,2,356.75,2opt,notBad
9947,5,449.65000000000003,2,356.75,move,improve
9948,5,449.65000000000003,2,356.75,move,improve
9949,5,449.65000000000003,2,356.75,move,improve
9950,5,449.65000000000003,2,356.75,move,improve
9951,5,449.65000000000003,2,356.75,2opt,notBad
9952,5,449.65000000000003,2,356.75,2opt,notBad
9953,5,449.65000000000003,2,356.75,swap,notBad
9954,5,449.65000000000003,2,356.75,2opt,notBad
9955,5,449.65000000000003,2,356.75,move,improve
9956,5,449.65000000000003,2,356.75,swap,notBad
9957,5,449.65000000000003,2,356.75,2opt,notBad
9958,5,449.65000000000003,2,356.75,swap,notBad
9959,5,449.65000000000003,2,356.75,swap,notBad
9960,5,449.65000000000003,2,356.75,swap,notBad
9961,5,449.65000000000003,2,356.75,move,improve
9962,5,449.65000000000003,2,356.75,2opt,notBad
9963,5,449.65000000000003,2,356.75,swap,notBad
9964,5,449.65000000000003,2,356.75,move,improve
9965,5,449.65000000000003,2,356.75,2opt,notBad
9966,5,449.65000000000003,2,356.75,2opt,notBad
9967,5,449.65000000000003,2,356.75,2opt,notBad
9968,5,449.65000000000003,2,356.75,2opt,notBad
9969,5,449.65000000000003,2,356.75,move,improve
9970,5,449.65000000000003,2,356.75,swap,notBad
9971,5,449.65000000000003,2,356.75,2opt,notBad
9972,5,449.65000000000003,2,356.75,2opt,notBad
9973,5,449.65000000000003,2,356.75,swap,notBad
9974,5,449.65000000000003,2,356.75,2opt,notBad
9975,5,449.65000000000003,2,356.75,move,improve
9976,5,449.65000000000003,2,356.75,2opt,notBad
9977,5,449.65000000000003,2,356.75,2opt,notBad
9978,5,449.65000000000003,2,356.75,move,improve
9979,5,449.65000000000003,2,356.75,move,improve
9980,5,449.65000000000003,2,356.75,move,improve
9981,5,449.65000000000003,2,356.75,swap,notBad
9982,5,449.65000000000003,2,356.75,2opt,notBad
9983,5,449.65000000000003,2,356.75,2opt,notBad
9984,5,449.65000000000003,2,356.75,move,improve
9985,5,449.65000000000003,2,356.75,2opt,notBad
9986,5,449.65000000000003,2,356.75,move,improve
9987,5,449.65000000000003,2,356.75,swap,notBad
9988,5,449.65000000000003,2,356.75,swap,notBad
9989,5,449.65000000000003,2,356.75,2opt,notBad
9990,5,449.65000000000003,2,356.75,swap,notBad
9991,5,449.65000000000003,2,356.75,2opt,notBad
9992,5,449.65000000000003,2,356.75,move,improve
9993,5,449.65000000000003,2,356.75,move,improve
9994,5,449.65000000000003,2,356.75,2opt,notBad
9995,5,449.65000000000003,2,356.75,2opt,notBad
9996,5,449.65000000000003,2,356.75,2opt,notBad
9997,5,449.65000000000003,2,356.75,swap,notBad
9998,5,449.65000000000003,2,356.75,move,improve
9999,5,449.65000000000003,2,356.75,swap,notBad
10000,5,449.65000000000003,2,356.75,move,improve
10001,5,449.65000000000003,2,356.75,move,improve
10002,5,449.65000000000003,2,356.75,swap,notBad
10003,5,449.65000000000003,2,356.75,2opt,notBad
10004,5,449.65000000000003,2,356.75,2opt,notBad
10005,5,449.65000000000003,2,356.75,2opt,notBad
10006,5,449.65000000000003,2,356.75,2opt,notBad
10007,5,449.65000000000003,2,356.75,move,improve
10008,5,449.65000000000003,2,356.75,swap,notBad
10009,5,449.65000000000003,2,356.75,move,improve
10010,5,449.65000000000003,2,356.75,move,improve
10011,5,449.65000000000003,2,356.75,swap,notBad
10012,5,449.65000000000003,2,356.75,swap,notBad
10013,5,449.65000000000003,2,356.75,move,improve
10014,5,449.65000000000003,2,356.75,swap,notBad
10015,5,449.65000000000003,2,356.75,move,improve
10016,5,449.65000000000003,2,356.75,2opt,notBad
10017,5,449.65000000000003,2,356.75,2opt,notBad
10018,5,449.65000000000003,2,356.75,2opt,notBad
10019,5,449.65000000000003,2,356.75,swap,notBad
10020,5,449.65000000000003,2,356.75,2opt,notBad
10021,5,449.65000000000003,2,356.75,swap,notBad
10022,5,449.65000000000003,2,356.75,move,improve
10023,5,449.65000000000003,2,356.75,move,improve
10024,5,449.65000000000003,2,356.75,move,improve
10025,5,449.65000000000003,2,356.75,2opt,notBad
10026,5,449.65000000000003,2,356.75,move,improve
10027,5,449.65000000000003,2,356.75,move,improve
10028,5,449.65000000000003,2,356.75,move,improve
10029,5,449.65000000000003,2,356.75,move,improve
10030,5,449.65000000000003,2,356.75,2opt,notBad
10031,5,449.65000000000003,2,356.75,move,improve
10032,5,449.65000000000003,2,356.75,swap,notBad
10033,5,449.65000000000003,2,356.75,2opt,notBad
10034,5,449.65000000000003,2,356.75,move,improve
10035,5,449.65000000000003,2,356.75,swap,notBad
10036,5,449.65000000000003,2,356.75,2opt,notBad
10037,5,449.65000000000003,2,356.75,swap,notBad
10038,5,449.65000000000003,2,356.75,move,improve
10039,5,449.65000000000003,2,356.75,swap,notBad
10040,5,449.65000000000003,2,356.75,swap,notBad
10041,5,449.65000000000003,2,356.75,2opt,notBad
10042,5,449.65000000000003,2,356.75,2opt,notBad
10043,5,449.65000000000003,2,356.75,move,improve
10044,5,449.65000000000003,2,356.75,move,improve
10045,5,449.65000000000003,2,356.75,swap,notBad
10046,5,449.65000000000003,2,356.75,move,improve
10047,5,449.65000000000003,2,356.75,2opt,notBad
10048,5,449.65000000000003,2,356.75,move,improve
10049,5,449.65000000000003,2,356.75,swap,notBad
10050,5,449.65000000000003,2,356.75,swap,notBad
10051,5,449.65000000000003,2,356.75,move,improve
10052,5,449.65000000000003,2,356.75,2opt,notBad
10053,5,449.65000000000003,2,356.75,swap,notBad
10054,5,449.65000000000003,2,356.75,move,improve
10055,5,449.65000000000003,2,356.75,move,improve
10056,5,449.65000000000003,2,356.75,move,improve
10057,5,449.65000000000003,2,356.75,swap,notBad
10058,5,449.65000000000003,2,356.75,2opt,notBad
10059,5,449.65000000000003,2,356.75,move,improve
10060,5,449.65000000000003,2,356.75,2opt,notBad
10061,5,449.65000000000003,2,356.75,swap,notBad
10062,5,449.65000000000003,2,356.75,swap,notBad
10063,5,449.65000000000003,2,356.75,move,improve
10064,5,449.65000000000003,2,356.75,swap,notBad
10065,5,449.65000000000003,2,356.75,move,improve
10066,5,449.65000000000003,2,356.75,move,improve
10067,5,449.65000000000003,2,356.75,move,improve
10068,5,449.65000000000003,2,356.75,move,improve
10069,5,449.65000000000003,2,356.75,move,improve
10070,5,449.65000000000003,2,356.75,move,improve
10071,5,449.65000000000003,2,356.75,2opt,notBad
10072,5,449.65000000000003,2,356.75,2opt,notBad
10073,5,449.65000000000003,2,356.75,move,improve
10074,5,449.65000000000003,2,356.75,swap,notBad
10075,5,449.65000000000003,2,356.75,swap,notBad
10076,5,449.65000000000003,2,356.75,move,improve
10077,5,449.65000000000003,2,356.75,2opt,notBad
10078,5,449.65000000000003,2,356.75,move,improve
10079,5,449.65000000000003,2,356.75,2opt,notBad
10080,5,449.65000000000003,2,356.75,swap,notBad
10081,5,449.65000000000003,2,356.75,2opt,notBad
10082,5,449.65000000000003,2,356.75,swap,notBad
10083,5,449.65000000000003,2,356.75,2opt,notBad
10084,5,449.65000000000003,2,356.75,2opt,notBad
10085,5,449.65000000000003,2,356.75,move,improve
10086,5,449.65000000000003,2,356.75,2opt,improve
10087,5,449.65000000000003,2,356.75,move,improve
10088,5,449.65000000000003,2,356.75,swap,notBad
10089,5,449.65000000000003,2,356.75,2opt,notBad
10090,5,449.65000000000003,2,356.75,swap,notBad
10091,5,449.65000000000003,2,356.75,swap,notBad
10092,5,449.65000000000003,2,356.75,swap,notBad
10093,5,449.65000000000003,2,356.75,2opt,notBad
10094,5,449.65000000000003,2,356.75,swap,notBad
10095,5,449.65000000000003,2,356.75,swap,notBad
10096,5,449.65000000000003,2,356.75,move,improve
10097,5,449.65000000000003,2,356.75,swap,notBad
10098,5,449.65000000000003,2,356.75,move,improve
10099,5,449.65000000000003,2,356.75,move,improve
10100,5,449.65000000000003,2,356.75,swap,notBad
10101,5,449.65000000000003,2,356.75,move,improve
10102,5,449.65000000000003,2,356.75,move,improve
10103,5,449.65000000000003,2,356.75,swap,notBad
10104,5,449.65000000000003,2,356.75,move,improve
10105,5,449.65000000000003,2,356.75,move,improve
10106,5,449.65000000000003,2,356.75,2opt,notBad
10107,5,449.65000000000003,2,356.75,move,improve
10108,5,449.65000000000003,2,356.75,2opt,notBad
10109,5,449.65000000000003,2,356.75,swap,notBad
10110,5,449.65000000000003,2,356.75,swap,notBad
10111,5,449.65000000000003,2,356.75,2opt,improve
10112,5,449.65000000000003,2,356.75,2opt,notBad
10113,5,449.65000000000003,2,356.75,move,improve
10114,5,449.65000000000003,2,356.75,swap,notBad
10115,5,449.65000000000003,2,356.75,2opt,notBad
10116,5,449.65000000000003,2,356.75,2opt,notBad
10117,5,449.65000000000003,2,356.75,move,improve
10118,5,449.65000000000003,2,356.75,swap,notBad
10119,5,449.65000000000003,2,356.75,2opt,notBad
10120,5,449.65000000000003,2,356.75,move,improve
10121,5,449.65000000000003,2,356.75,swap,notBad
10122,5,449.65000000000003,2,356.75,move,improve
10123,5,449.65000000000003,2,356.75,move,improve
10124,5,449.65000000000003,2,356.75,move,improve
10125,5,449.65000000000003,2,356.75,move,improve
10126,5,449.65000000000003,2,356.75,move,improve
10127,5,449.65000000000003,2,356.75,swap,notBad
10128,5,449.65000000000003,2,356.75,2opt,notBad
10129,5,449.65000000000003,2,356.75,move,improve
10130,5,449.65000000000003,2,356.75,2opt,notBad
10131,5,449.65000000000003,2,356.75,swap,notBad
10132,5,449.65000000000003,2,356.75,swap,notBad
10133,5,449.65000000000003,2,356.75,swap,notBad
10134,5,449.65000000000003,2,356.75,swap,notBad
10135,5,449.65000000000003,2,356.75,move,improve
10136,5,449.65000000000003,2,356.75,swap,notBad
10137,5,449.65000000000003,2,356.75,move,improve
10138,5,449.65000000000003,2,356.75,move,notBad
10139,5,449.65000000000003,2,356.75,move,improve
10140,5,449.65000000000003,2,356.75,move,improve
10141,5,449.65000000000003,2,356.75,2opt,notBad
10142,5,449.65000000000003,2,356.75,move,improve
10143,5,449.65000000000003,2,356.75,move,improve
10144,5,449.65000000000003,2,356.75,move,improve
10145,5,449.65000000000003,2,356.75,move,improve
10146,5,449.65000000000003,2,356.75,move,improve
10147,5,449.65000000000003,2,356.75,2opt,improve
10148,5,449.65000000000003,2,356.75,move,improve
10149,5,449.65000000000003,2,356.75,swap,notBad
10150,5,449.65000000000003,2,356.75,swap,notBad
10151,5,449.65000000000003,2,356.75,2opt,notBad
10152,5,449.65000000000003,2,356.75,2opt,improve
10153,5,449.65000000000003,2,356.75,2opt,notBad
10154,5,449.65000000000003,2,356.75,move,improve
10155,5,449.65000000000003,2,356.75,move,improve
10156,5,449.65000000000003,2,356.75,move,improve
10157,5,449.65000000000003,2,356.75,2opt,notBad
10158,5,449.65000000000003,2,356.75,swap,notBad
10159,5,449.65000000000003,2,356.75,swap,notBad
10160,5,449.65000000000003,2,356.75,swap,notBad
10161,5,449.65000000000003,2,356.75,2opt,notBad
10162,5,449.65000000000003,2,356.75,swap,notBad
10163,5,449.65000000000003,2,356.75,swap,notBad
10164,5,449.65000000000003,2,356.75,2opt,notBad
10165,5,449.65000000000003,2,356.75,2opt,notBad
10166,5,449.65000000000003,2,356.75,move,improve
10167,5,449.65000000000003,2,356.75,2opt,notBad
10168,5,449.65000000000003,2,356.75,swap,notBad
10169,5,449.65000000000003,2,356.75,2opt,notBad
10170,5,449.65000000000003,2,356.75,move,improve
10171,5,449.65000000000003,2,356.75,swap,notBad
10172,5,449.65000000000003,2,356.75,swap,notBad
10173,5,449.65000000000003,2,356.75,swap,notBad
10174,5,449.65000000000003,2,356.75,2opt,notBad
10175,5,449.65000000000003,2,356.75,swap,notBad
10176,5,449.65000000000003,2,356.75,swap,notBad
10177,5,449.65000000000003,2,356.75,swap,notBad
10178,5,449.65000000000003,2,356.75,move,improve
10179,5,449.65000000000003,2,356.75,swap,notBad
10180,5,449.65000000000003,2,356.75,2opt,notBad
10181,5,449.65000000000003,2,356.75,move,improve
10182,5,449.65000000000003,2,356.75,2opt,notBad
10183,5,449.65000000000003,2,356.75,move,improve
10184,5,449.65000000000003,2,356.75,move,improve
10185,5,449.65000000000003,2,356.75,2opt,notBad
10186,5,449.65000000000003,2,356.75,move,improve
10187,5,449.65000000000003,2,356.75,2opt,notBad
10188,5,449.65000000000003,2,356.75,swap,notBad
10189,5,449.65000000000003,2,356.75,swap,notBad
10190,5,449.65000000000003,2,356.75,move,improve
10191,5,449.65000000000003,2,356.75,swap,notBad
10192,5,449.65000000000003,2,356.75,swap,notBad
10193,5,449.65000000000003,2,356.75,2opt,notBad
10194,5,449.65000000000003,2,356.75,2opt,improve
10195,5,449.65000000000003,2,356.75,2opt,notBad
10196,5,449.65000000000003,2,356.75,move,improve
10197,5,449.65000000000003,2,356.75,move,improve
10198,5,449.65000000000003,2,356.75,move,improve
10199,5,449.65000000000003,2,356.75,swap,notBad
10200,5,449.65000000000003,2,356.75,move,improve
10201,5,449.65000000000003,2,356.75,2opt,notBad
10202,5,449.65000000000003,2,356.75,move,improve
10203,5,449.65000000000003,2,356.75,move,improve
10204,5,449.65000000000003,2,356.75,2opt,notBad
10205,5,449.65000000000003,2,356.75,swap,notBad
10206,5,449.65000000000003,2,356.75,move,improve
10207,5,449.65000000000003,2,356.75,swap,notBad
10208,5,449.65000000000003,2,356.75,move,improve
10209,5,449.65000000000003,2,356.75,move,improve
10210,5,449.65000000000003,2,356.75,swap,notBad
10211,5,449.65000000000003,2,356.75,move,improve
10212,5,449.65000000000003,2,356.75,2opt,notBad
10213,5,449.65000000000003,2,356.75,move,improve
10214,5,449.65000000000003,2,356.75,swap,notBad
10215,5,449.65000000000003,2,356.75,move,improve
10216,5,449.65000000000003,2,356.75,swap,notBad
10217,5,449.65000000000003,2,356.75,swap,notBad
10218,5,449.65000000000003,2,356.75,move,improve
10219,5,449.65000000000003,2,356.75,move,improve
10220,5,449.65000000000003,2,356.75,swap,notBad
10221,5,449.65000000000003,2,356.75,swap,notBad
10222,5,449.65000000000003,2,356.75,swap,notBad
10223,5,449.65000000000003,2,356.75,move,improve
10224,5,449.65000000000003,2,356.75,2opt,notBad
10225,5,449.65000000000003,2,356.75,2opt,notBad
10226,5,449.65000000000003,2,356.75,swap,notBad
10227,5,449.65000000000003,2,356.75,swap,notBad
10228,5,449.65000000000003,2,356.75,move,improve
10229,5,449.65000000000003,2,356.75,2opt,notBad
10230,5,449.65000000000003,2,356.75,2opt,notBad
10231,5,449.65000000000003,2,356.75,swap,notBad
10232,5,449.65000000000003,2,356.75,move,improve
10233,5,449.65000000000003,2,356.75,move,improve
10234,5,449.65000000000003,2,356.75,move,improve
10235,5,449.65000000000003,2,356.75,swap,notBad
10236,5,449.65000000000003,2,356.75,2opt,notBad
10237,5,449.65000000000003,2,356.75,move,notBad
10238,5,449.65000000000003,2,356.75,swap,notBad
10239,5,449.65000000000003,2,356.75,2opt,notBad
10240,5,449.65000000000003,2,356.75,swap,notBad
10241,5,449.65000000000003,2,356.75,swap,notBad
10242,5,449.65000000000003,2,356.75,2opt,notBad
10243,5,449.65000000000003,2,356.75,move,improve
10244,5,449.65000000000003,2,356.75,swap,notBad
10245,5,449.65000000000003,2,356.75,move,improve
10246,5,449.65000000000003,2,356.75,move,improve
10247,5,449.65000000000003,2,356.75,move,improve
10248,5,449.65000000000003,2,356.75,2opt,notBad
10249,5,449.65000000000003,2,356.75,swap,notBad
10250,5,449.65000000000003,2,356.75,move,improve
10251,5,449.65000000000003,2,356.75,move,improve
10252,5,449.65000000000003,2,356.75,move,improve
10253,5,449.65000000000003,2,356.75,move,improve
10254,5,449.65000000000003,2,356.75,move,improve
10255,5,449.65000000000003,2,356.75,move,improve
10256,5,449.65000000000003,2,356.75,2opt,notBad
10257,5,449.65000000000003,2,356.75,2opt,notBad
10258,5,449.65000000000003,2,356.75,move,improve
10259,5,449.65000000000003,2,356.75,2opt,notBad
10260,5,449.65000000000003,2,356.75,swap,notBad
10261,5,449.65000000000003,2,356.75,move,improve
10262,5,449.65000000000003,2,356.75,swap,notBad
10263,5,449.65000000000003,2,356.75,swap,notBad
10264,5,449.65000000000003,2,356.75,move,improve
10265,5,449.65000000000003,2,356.75,2opt,notBad
10266,5,449.65000000000003,2,356.75,2opt,notBad
10267,5,449.65000000000003,2,356.75,swap,notBad
10268,5,449.65000000000003,2,356.75,2opt,notBad
10269,5,449.65000000000003,2,356.75,2opt,notBad
10270,5,449.65000000000003,2,356.75,2opt,notBad
10271,5,449.65000000000003,2,356.75,swap,notBad
10272,5,449.65000000000003,2,356.75,swap,notBad
10273,5,449.65000000000003,2,356.75,move,improve
10274,5,449.65000000000003,2,356.75,move,improve
10275,5,449.65000000000003,2,356.75,2opt,notBad
10276,5,449.65000000000003,2,356.75,2opt,notBad
10277,5,449.65000000000003,2,356.75,2opt,notBad
10278,5,449.65000000000003,2,356.75,move,improve
10279,5,449.65000000000003,2,356.75,move,improve
10280,5,449.65000000000003,2,356.75,swap,notBad
10281,5,449.65000000000003,2,356.75,move,improve
10282,5,449.65000000000003,2,356.75,swap,notBad
10283,5,449.65000000000003,2,356.75,2opt,notBad
10284,5,449.65000000000003,2,356.75,2opt,notBad
10285,5,449.65000000000003,2,356.75,2opt,notBad
10286,5,449.65000000000003,2,356.75,2opt,notBad
10287,5,449.65000000000003,2,356.75,move,improve
10288,5,449.65000000000003,2,356.75,move,notBad
10289,5,449.65000000000003,2,356.75,swap,notBad
10290,5,449.65000000000003,2,356.75,move,improve
10291,5,449.65000000000003,2,356.75,swap,notBad
10292,5,449.65000000000003,2,356.75,swap,notBad
10293,5,449.65000000000003,2,356.75,move,improve
10294,5,449.65000000000003,2,356.75,swap,notBad
10295,5,449.65000000000003,2,356.75,2opt,notBad
10296,5,449.65000000000003,2,356.75,move,improve
10297,5,449.65000000000003,2,356.75,2opt,notBad
10298,5,449.65000000000003,2,356.75,swap,notBad
10299,5,449.65000000000003,2,356.75,2opt,notBad
10300,5,449.65000000000003,2,356.75,2opt,notBad
10301,5,449.65000000000003,2,356.75,2opt,notBad
10302,5,449.65000000000003,2,356.75,move,improve
10303,5,449.65000000000003,2,356.75,move,improve
10304,5,449.65000000000003,2,356.75,swap,notBad
10305,5,449.65000000000003,2,356.75,move,improve
10306,5,449.65000000000003,2,356.75,move,improve
10307,5,449.65000000000003,2,356.75,2opt,notBad
10308,5,449.65000000000003,2,356.75,swap,notBad
10309,5,449.65000000000003,2,356.75,swap,notBad
10310,5,449.65000000000003,2,356.75,2opt,notBad
10311,5,449.65000000000003,2,356.75,move,improve
10312,5,449.65000000000003,2,356.75,2opt,notBad
10313,5,449.65000000000003,2,356.75,2opt,notBad
10314,5,449.65000000000003,2,356.75,swap,notBad
10315,5,449.65000000000003,2,356.75,move,improve
10316,5,449.65000000000003,2,356.75,2opt,notBad
10317,5,449.65000000000003,2,356.75,2opt,notBad
10318,5,449.65000000000003,2,356.75,swap,notBad
10319,5,449.65000000000003,2,356.75,move,improve
10320,5,449.65000000000003,2,356.75,2opt,improve
10321,5,449.65000000000003,2,356.75,2opt,notBad
10322,5,449.65000000000003,2,356.75,swap,notBad
10323,5,449.65000000000003,2,356.75,swap,notBad
10324,5,449.65000000000003,2,356.75,move,improve
10325,5,449.65000000000003,2,356.75,move,improve
10326,5,449.65000000000003,2,356.75,swap,notBad
10327,5,449.65000000000003,2,356.75,2opt,notBad
10328,5,449.65000000000003,2,356.75,swap,notBad
10329,5,449.65000000000003,2,356.75,move,improve
10330,5,449.65000000000003,2,356.75,swap,notBad
10331,5,449.65000000000003,2,356.75,2opt,notBad
10332,5,449.65000000000003,2,356.75,move,notBad
10333,5,449.65000000000003,2,356.75,2opt,notBad
10334,5,449.65000000000003,2,356.75,swap,notBad
10335,5,449.65000000000003,2,356.75,2opt,notBad
10336,5,449.65000000000003,2,356.75,swap,notBad
10337,5,449.65000000000003,2,356.75,move,improve
10338,5,449.65000000000003,2,356.75,move,improve
10339,5,449.65000000000003,2,356.75,2opt,notBad
10340,5,449.65000000000003,2,356.75,move,improve
10341,5,449.65000000000003,2,356.75,move,improve
10342,5,449.65000000000003,2,356.75,move,improve
10343,5,449.65000000000003,2,356.75,swap,notBad
10344,5,449.65000000000003,2,356.75,move,improve
10345,5,449.65000000000003,2,356.75,move,improve
10346,5,449.65000000000003,2,356.75,swap,notBad
10347,5,449.65000000000003,2,356.75,swap,notBad
10348,5,449.65000000000003,2,356.75,swap,notBad
10349,5,449.1500000000002,2,356.75,swap,improve
10350,5,449.1500000000002,2,356.75,swap,notBad
10351,5,449.1500000000002,2,356.75,swap,notBad
10352,5,449.1500000000002,2,356.75,2opt,notBad
10353,5,449.1500000000002,2,356.75,swap,notBad
10354,5,449.1500000000002,2,356.75,move,improve
10355,5,449.1500000000002,2,356.75,move,improve
10356,5,449.1500000000002,2,356.75,move,improve
10357,5,449.1500000000002,2,356.75,move,improve
10358,5,449.1500000000002,2,356.75,move,improve
10359,5,449.1500000000002,2,356.75,move,improve
10360,5,449.1500000000002,2,356.75,move,improve
10361,5,449.1500000000002,2,356.75,move,improve
10362,5,449.1500000000002,2,356.75,move,improve
10363,5,449.1500000000002,2,356.75,move,improve
10364,5,449.1500000000002,2,356.75,swap,notBad
10365,5,449.1500000000002,2,356.75,2opt,improve
10366,5,449.1500000000002,2,356.75,2opt,notBad
10367,5,449.1500000000002,2,356.75,move,improve
10368,5,449.1500000000002,2,356.75,move,improve
10369,5,449.1500000000002,2,356.75,move,improve
10370,5,449.1500000000002,2,356.75,swap,notBad
10371,5,449.1500000000002,2,356.75,swap,notBad
10372,5,449.1500000000002,2,356.75,move,improve
10373,5,449.1500000000002,2,356.75,swap,notBad
10374,5,449.1500000000002,2,356.75,swap,notBad
10375,5,449.1500000000002,2,356.75,swap,notBad
10376,5,449.1500000000002,2,356.75,swap,notBad
10377,5,449.1500000000002,2,356.75,move,improve
10378,5,449.1500000000002,2,356.75,move,improve
10379,5,449.1500000000002,2,356.75,move,improve
10380,5,449.1500000000002,2,356.75,2opt,notBad
10381,5,449.1500000000002,2,356.75,2opt,notBad
10382,5,449.1500000000002,2,356.75,2opt,notBad
10383,5,449.1500000000002,2,356.75,2opt,notBad
10384,5,449.1500000000002,2,356.75,move,improve
10385,5,449.1500000000002,2,356.75,2opt,notBad
10386,5,449.1500000000002,2,356.75,move,improve
10387,5,449.1500000000002,2,356.75,move,improve
10388,5,449.1500000000002,2,356.75,swap,notBad
10389,5,449.1500000000002,2,356.75,2opt,notBad
10390,5,449.1500000000002,2,356.75,swap,notBad
10391,5,449.1500000000002,2,356.75,2opt,notBad
10392,5,449.1500000000002,2,356.75,2opt,notBad
10393,5,449.1500000000002,2,356.75,swap,notBad
10394,5,449.1500000000002,2,356.75,2opt,notBad
10395,5,449.1500000000002,2,356.75,swap,notBad
10396,5,449.1500000000002,2,356.75,move,improve
10397,5,449.1500000000002,2,356.75,2opt,notBad
10398,5,449.1500000000002,2,356.75,swap,notBad
10399,5,449.1500000000002,2,356.75,swap,notBad
10400,5,449.1500000000002,2,356.75,swap,notBad
10401,5,449.1500000000002,2,356.75,2opt,notBad
10402,5,449.1500000000002,2,356.75,move,improve
10403,5,449.1500000000002,2,356.75,swap,notBad
10404,5,449.1500000000002,2,356.75,2opt,notBad
10405,5,449.1500000000002,2,356.75,swap,notBad
10406,5,449.1500000000002,2,356.75,move,improve
10407,5,449.1500000000002,2,356.75,swap,notBad
10408,5,449.1500000000002,2,356.75,move,improve
10409,5,449.1500000000002,2,356.75,swap,notBad
10410,5,449.1500000000002,2,356.75,swap,notBad
10411,5,449.1500000000002,2,356.75,swap,notBad
10412,5,449.1500000000002,2,356.75,move,improve
10413,5,449.1500000000002,2,356.75,swap,notBad
10414,5,449.1500000000002,2,356.75,swap,notBad
10415,5,449.1500000000002,2,356.75,swap,notBad
10416,5,449.1500000000002,2,356.75,move,improve
10417,5,449.1500000000002,2,356.75,2opt,notBad
10418,5,449.1500000000002,2,356.75,2opt,notBad
10419,5,449.1500000000002,2,356.75,move,improve
10420,5,449.1500000000002,2,356.75,move,improve
10421,5,449.1500000000002,2,356.75,swap,notBad
10422,5,449.1500000000002,2,356.75,2opt,improve
10423,5,449.1500000000002,2,356.75,2opt,notBad
10424,5,449.1500000000002,2,356.75,2opt,improve
10425,5,449.1500000000002,2,356.75,2opt,notBad
10426,5,449.1500000000002,2,356.75,move,improve
10427,5,449.1500000000002,2,356.75,2opt,notBad
10428,5,449.1500000000002,2,356.75,swap,notBad
10429,5,449.1500000000002,2,356.75,swap,notBad
10430,5,449.1500000000002,2,356.75,2opt,notBad
10431,5,449.04000000000036,2,356.75,move,improve
10432,5,449.04000000000036,2,356.75,2opt,notBad
10433,5,449.04000000000036,2,356.75,2opt,notBad
10434,5,449.04000000000036,2,356.75,move,improve
10435,5,449.04000000000036,2,356.75,swap,notBad
10436,5,449.04000000000036,2,356.75,2opt,notBad
10437,5,449.04000000000036,2,356.75,2opt,notBad
10438,5,449.04000000000036,2,356.75,swap,notBad
10439,5,449.04000000000036,2,356.75,move,improve
10440,5,449.04000000000036,2,356.75,swap,notBad
10441,5,449.04000000000036,2,356.75,2opt,notBad
10442,5,449.04000000000036,2,356.75,2opt,notBad
10443,5,449.04000000000036,2,356.75,2opt,notBad
10444,5,449.04000000000036,2,356.75,move,improve
10445,5,449.04000000000036,2,356.75,2opt,notBad
10446,5,449.04000000000036,2,356.75,move,improve
10447,5,449.04000000000036,2,356.75,swap,notBad
10448,5,449.04000000000036,2,356.75,2opt,notBad
10449,5,449.04000000000036,2,356.75,swap,notBad
10450,5,449.04000000000036,2,356.75,move,improve
10451,5,449.04000000000036,2,356.75,move,improve
10452,5,449.04000000000036,2,356.75,2opt,notBad
10453,5,449.04000000000036,2,356.75,2opt,notBad
10454,5,449.04000000000036,2,356.75,move,improve
10455,5,449.04000000000036,2,356.75,swap,notBad
10456,5,449.04000000000036,2,356.75,swap,notBad
10457,5,449.04000000000036,2,356.75,move,improve
10458,5,449.04000000000036,2,356.75,move,improve
10459,5,449.04000000000036,2,356.75,move,improve
10460,5,449.04000000000036,2,356.75,2opt,notBad
10461,5,449.04000000000036,2,356.75,move,improve
10462,5,449.04000000000036,2,356.75,swap,notBad
10463,5,449.04000000000036,2,356.75,2opt,notBad
10464,5,449.04000000000036,2,356.75,2opt,notBad
10465,5,449.04000000000036,2,356.75,move,improve
10466,5,449.04000000000036,2,356.75,move,improve
10467,5,449.04000000000036,2,356.75,2opt,notBad
10468,5,449.04000000000036,2,356.75,swap,notBad
10469,5,449.04000000000036,2,356.75,move,improve
10470,5,449.04000000000036,2,356.75,2opt,notBad
10471,5,449.04000000000036,2,356.75,move,improve
10472,5,449.04000000000036,2,356.75,swap,notBad
10473,5,449.04000000000036,2,356.75,2opt,notBad
10474,5,449.04000000000036,2,356.75,swap,notBad
10475,5,449.04000000000036,2,356.75,2opt,notBad
10476,5,449.04000000000036,2,356.75,move,improve
10477,5,449.04000000000036,2,356.75,swap,notBad
10478,5,449.04000000000036,2,356.75,swap,notBad
10479,5,449.04000000000036,2,356.75,2opt,notBad
10480,5,449.04000000000036,2,356.75,swap,notBad
10481,5,449.04000000000036,2,356.75,swap,notBad
10482,5,449.04000000000036,2,356.75,2opt,notBad
10483,5,449.04000000000036,2,356.75,2opt,notBad
10484,5,449.04000000000036,2,356.75,2opt,notBad
10485,5,449.04000000000036,2,356.75,move,notBad
10486,5,449.04000000000036,2,356.75,move,improve
10487,5,449.04000000000036,2,356.75,move,improve
10488,5,449.04000000000036,2,356.75,swap,notBad
10489,5,449.04000000000036,2,356.75,2opt,notBad
10490,5,449.04000000000036,2,356.75,swap,notBad
10491,5,449.04000000000036,2,356.75,swap,notBad
10492,5,449.04000000000036,2,356.75,swap,notBad
10493,5,449.04000000000036,2,356.75,move,improve
10494,5,449.04000000000036,2,356.75,swap,notBad
10495,5,449.04000000000036,2,356.75,swap,notBad
10496,5,449.04000000000036,2,356.75,swap,notBad
10497,5,449.04000000000036,2,356.75,2opt,notBad
10498,5,449.04000000000036,2,356.75,swap,notBad
10499,5,449.04000000000036,2,356.75,swap,notBad
10500,5,449.04000000000036,2,356.75,swap,notBad
10501,5,449.04000000000036,2,356.75,move,improve
10502,5,449.04000000000036,2,356.75,move,improve
10503,5,449.04000000000036,2,356.75,2opt,notBad
10504,5,449.04000000000036,2,356.75,2opt,notBad
10505,5,449.04000000000036,2,356.75,2opt,notBad
10506,5,449.04000000000036,2,356.75,swap,notBad
10507,5,449.04000000000036,2,356.75,move,improve
