i,vehi,obj,vehiBest,objBest,loFunc,note
1,13,1300.6000000000004,13,1300.6000000000004,swap,newBest
2,13,1300.6000000000004,13,1300.6000000000004,2opt,improve
3,13,1303.9000000000005,13,1300.6000000000004,swap,acceptBad
4,13,1308.9000000000005,13,1300.6000000000004,swap,acceptBad
5,13,1308.9000000000005,13,1300.6000000000004,move,improve
6,13,1337.8,13,1300.6000000000004,2opt,acceptBad
7,13,1332.8,13,1300.6000000000004,2opt,improve
8,13,1335.1999999999998,13,1300.6000000000004,swap,acceptBad
9,13,1335.1999999999998,13,1300.6000000000004,move,improve
10,13,1330.1999999999998,13,1300.6000000000004,move,improve
11,13,1330.1999999999998,13,1300.6000000000004,move,improve
12,13,1326.1,13,1300.6000000000004,swap,improve
13,13,1290.1,13,1290.1,swap,newBest
14,13,1286.9999999999998,13,1286.9999999999998,swap,newBest
15,13,1275.1999999999998,13,1275.1999999999998,move,newBest
16,13,1275.1999999999998,13,1275.1999999999998,move,improve
17,13,1310.2,13,1275.1999999999998,2opt,acceptBad
18,13,1304.6000000000006,13,1275.1999999999998,2opt,improve
19,13,1307.7,13,1275.1999999999998,2opt,acceptBad
20,13,1334.3999999999999,13,1275.1999999999998,swap,acceptBad
21,13,1313.5,13,1275.1999999999998,move,improve
22,13,1387.9999999999998,13,1275.1999999999998,swap,acceptBad
23,13,1365.6,13,1275.1999999999998,2opt,improve
24,13,1373.4,13,1275.1999999999998,2opt,acceptBad
25,13,1353.0,13,1275.1999999999998,2opt,improve
26,13,1348.2,13,1275.1999999999998,swap,improve
27,13,1352.0,13,1275.1999999999998,2opt,acceptBad
28,14,1420.2,13,1275.1999999999998,2opt,acceptBad
29,14,1417.1000000000004,13,1275.1999999999998,2opt,improve
30,14,1440.3999999999996,13,1275.1999999999998,2opt,acceptBad
31,14,1440.3999999999996,13,1275.1999999999998,move,improve
32,14,1440.3999999999996,13,1275.1999999999998,2opt,improve
33,14,1440.3999999999996,13,1275.1999999999998,move,improve
34,15,1479.3999999999999,13,1275.1999999999998,2opt,acceptBad
35,15,1468.3,13,1275.1999999999998,swap,improve
36,15,1461.6000000000001,13,1275.1999999999998,swap,improve
37,16,1491.2,13,1275.1999999999998,2opt,acceptBad
38,16,1517.1000000000001,13,1275.1999999999998,swap,acceptBad
39,16,1478.1999999999998,13,1275.1999999999998,move,improve
40,16,1478.1999999999998,13,1275.1999999999998,2opt,improve
41,16,1475.3999999999996,13,1275.1999999999998,move,improve
42,16,1503.4999999999998,13,1275.1999999999998,swap,acceptBad
43,16,1471.5000000000005,13,1275.1999999999998,2opt,improve
44,16,1471.5000000000005,13,1275.1999999999998,move,improve
45,16,1468.1000000000004,13,1275.1999999999998,move,improve
46,16,1488.8,13,1275.1999999999998,2opt,acceptBad
47,16,1468.1,13,1275.1999999999998,swap,improve
48,16,1467.1999999999998,13,1275.1999999999998,swap,improve
49,16,1473.6,13,1275.1999999999998,swap,acceptBad
50,16,1522.3000000000002,13,1275.1999999999998,swap,acceptBad
51,16,1513.8,13,1275.1999999999998,move,improve
52,16,1512.6,13,1275.1999999999998,move,improve
53,16,1500.8999999999999,13,1275.1999999999998,move,improve
54,16,1485.3999999999996,13,1275.1999999999998,move,improve
55,16,1485.3999999999996,13,1275.1999999999998,move,improve
56,17,1541.5999999999997,13,1275.1999999999998,2opt,acceptBad
57,17,1573.5999999999997,13,1275.1999999999998,2opt,acceptBad
58,16,1541.4999999999998,13,1275.1999999999998,move,improve
59,16,1561.3999999999999,13,1275.1999999999998,swap,acceptBad
60,16,1543.8999999999994,13,1275.1999999999998,2opt,improve
61,16,1543.8999999999994,13,1275.1999999999998,move,improve
62,16,1543.8999999999994,13,1275.1999999999998,move,improve
63,16,1546.7,13,1275.1999999999998,2opt,acceptBad
64,16,1579.2000000000005,13,1275.1999999999998,swap,acceptBad
65,16,1579.2000000000005,13,1275.1999999999998,move,improve
66,16,1569.7000000000003,13,1275.1999999999998,2opt,improve
67,16,1576.2000000000005,13,1275.1999999999998,swap,acceptBad
68,16,1555.6999999999996,13,1275.1999999999998,2opt,improve
69,16,1579.6999999999994,13,1275.1999999999998,swap,acceptBad
70,16,1579.6999999999994,13,1275.1999999999998,move,improve
71,16,1566.2999999999993,13,1275.1999999999998,2opt,improve
72,17,1596.4999999999995,13,1275.1999999999998,2opt,acceptBad
73,17,1592.5999999999997,13,1275.1999999999998,move,improve
74,17,1592.5999999999997,13,1275.1999999999998,move,improve
75,17,1584.8999999999996,13,1275.1999999999998,swap,improve
76,17,1646.1999999999991,13,1275.1999999999998,2opt,acceptBad
77,17,1635.0999999999992,13,1275.1999999999998,swap,improve
78,17,1594.6999999999994,13,1275.1999999999998,move,improve
79,17,1588.0999999999992,13,1275.1999999999998,move,improve
80,17,1588.0999999999992,13,1275.1999999999998,move,improve
81,17,1614.1999999999998,13,1275.1999999999998,2opt,acceptBad
82,17,1625.9999999999998,13,1275.1999999999998,swap,acceptBad
83,18,1647.2,13,1275.1999999999998,2opt,acceptBad
84,18,1689.5,13,1275.1999999999998,swap,acceptBad
85,18,1689.5,13,1275.1999999999998,2opt,improve
86,18,1704.8000000000002,13,1275.1999999999998,swap,acceptBad
87,18,1704.8000000000002,13,1275.1999999999998,move,improve
88,18,1704.5,13,1275.1999999999998,move,improve
89,18,1724.9,13,1275.1999999999998,swap,acceptBad
90,18,1713.6,13,1275.1999999999998,swap,improve
91,18,1696.9999999999998,13,1275.1999999999998,swap,improve
92,18,1696.9999999999998,13,1275.1999999999998,move,improve
93,18,1699.1,13,1275.1999999999998,swap,acceptBad
94,18,1677.3,13,1275.1999999999998,move,improve
95,18,1660.0,13,1275.1999999999998,move,improve
96,18,1695.3000000000002,13,1275.1999999999998,swap,acceptBad
97,18,1695.3000000000002,13,1275.1999999999998,move,improve
98,18,1687.5000000000005,13,1275.1999999999998,swap,improve
99,18,1744.9000000000005,13,1275.1999999999998,swap,acceptBad
100,18,1733.1000000000006,13,1275.1999999999998,swap,improve
101,18,1717.9000000000005,13,1275.1999999999998,move,improve
102,18,1683.6000000000001,13,1275.1999999999998,2opt,improve
103,18,1683.6000000000001,13,1275.1999999999998,move,improve
104,18,1687.3000000000002,13,1275.1999999999998,swap,acceptBad
105,18,1728.8000000000006,13,1275.1999999999998,2opt,acceptBad
106,18,1728.8000000000006,13,1275.1999999999998,move,improve
107,18,1728.8000000000006,13,1275.1999999999998,2opt,improve
108,18,1728.8000000000006,13,1275.1999999999998,2opt,improve
109,18,1732.6000000000006,13,1275.1999999999998,2opt,acceptBad
110,18,1732.6000000000006,13,1275.1999999999998,move,improve
111,18,1748.3999999999999,13,1275.1999999999998,2opt,acceptBad
112,18,1737.4,13,1275.1999999999998,2opt,improve
113,18,1755.5000000000007,13,1275.1999999999998,2opt,acceptBad
114,18,1743.6000000000008,13,1275.1999999999998,2opt,improve
115,18,1713.8000000000006,13,1275.1999999999998,swap,improve
116,18,1737.7000000000005,13,1275.1999999999998,swap,acceptBad
117,18,1708.4000000000008,13,1275.1999999999998,move,improve
118,18,1723.000000000001,13,1275.1999999999998,swap,acceptBad
119,18,1722.4000000000008,13,1275.1999999999998,move,improve
120,18,1724.5000000000007,13,1275.1999999999998,swap,acceptBad
121,18,1698.0000000000005,13,1275.1999999999998,move,improve
122,18,1684.4000000000005,13,1275.1999999999998,swap,improve
123,18,1680.0000000000005,13,1275.1999999999998,move,improve
124,18,1680.0000000000005,13,1275.1999999999998,move,improve
125,18,1667.0000000000005,13,1275.1999999999998,move,improve
126,18,1657.2000000000007,13,1275.1999999999998,swap,improve
127,17,1644.4000000000008,13,1275.1999999999998,2opt,improve
128,17,1664.5000000000005,13,1275.1999999999998,2opt,acceptBad
129,17,1712.2000000000005,13,1275.1999999999998,swap,acceptBad
130,16,1660.4000000000003,13,1275.1999999999998,move,improve
131,16,1654.4000000000003,13,1275.1999999999998,move,improve
132,16,1647.0000000000005,13,1275.1999999999998,move,improve
133,16,1624.7,13,1275.1999999999998,2opt,improve
134,16,1590.0000000000002,13,1275.1999999999998,swap,improve
135,16,1580.8000000000002,13,1275.1999999999998,move,improve
136,16,1577.4,13,1275.1999999999998,move,improve
137,16,1574.5,13,1275.1999999999998,2opt,improve
138,16,1552.6,13,1275.1999999999998,swap,improve
139,16,1552.6,13,1275.1999999999998,2opt,improve
140,16,1569.0999999999997,13,1275.1999999999998,swap,acceptBad
141,16,1590.6000000000001,13,1275.1999999999998,2opt,acceptBad
142,16,1570.2000000000003,13,1275.1999999999998,swap,improve
143,16,1584.6000000000001,13,1275.1999999999998,swap,acceptBad
144,16,1617.1,13,1275.1999999999998,2opt,acceptBad
145,16,1583.0999999999997,13,1275.1999999999998,2opt,improve
146,16,1575.1999999999996,13,1275.1999999999998,swap,improve
147,16,1581.5000000000002,13,1275.1999999999998,2opt,acceptBad
148,16,1581.5000000000002,13,1275.1999999999998,2opt,improve
149,16,1578.4000000000003,13,1275.1999999999998,move,improve
150,16,1571.4,13,1275.1999999999998,2opt,improve
151,16,1571.4,13,1275.1999999999998,move,improve
152,16,1571.4,13,1275.1999999999998,move,improve
153,16,1586.2000000000005,13,1275.1999999999998,swap,acceptBad
154,16,1574.1000000000004,13,1275.1999999999998,move,improve
155,16,1574.1000000000004,13,1275.1999999999998,move,improve
156,16,1532.2,13,1275.1999999999998,move,improve
157,16,1530.8,13,1275.1999999999998,swap,improve
158,16,1523.7,13,1275.1999999999998,2opt,improve
159,16,1530.1,13,1275.1999999999998,2opt,acceptBad
160,16,1530.1,13,1275.1999999999998,move,improve
161,16,1528.9,13,1275.1999999999998,move,improve
162,17,1563.8000000000002,13,1275.1999999999998,2opt,acceptBad
163,17,1576.6000000000001,13,1275.1999999999998,2opt,acceptBad
164,17,1576.6000000000001,13,1275.1999999999998,2opt,improve
165,17,1589.0,13,1275.1999999999998,swap,acceptBad
166,17,1589.0,13,1275.1999999999998,move,improve
167,17,1579.2,13,1275.1999999999998,move,improve
168,17,1579.2,13,1275.1999999999998,2opt,improve
169,17,1608.0,13,1275.1999999999998,swap,acceptBad
170,17,1617.5,13,1275.1999999999998,2opt,acceptBad
171,17,1709.5000000000002,13,1275.1999999999998,swap,acceptBad
172,17,1757.4000000000003,13,1275.1999999999998,swap,acceptBad
173,17,1752.0,13,1275.1999999999998,swap,improve
174,17,1726.1000000000004,13,1275.1999999999998,swap,improve
175,17,1713.3000000000002,13,1275.1999999999998,move,improve
176,17,1713.3000000000002,13,1275.1999999999998,move,improve
177,17,1713.3000000000002,13,1275.1999999999998,move,improve
178,17,1715.8000000000002,13,1275.1999999999998,2opt,acceptBad
179,17,1715.8000000000002,13,1275.1999999999998,move,improve
180,17,1682.0,13,1275.1999999999998,move,improve
181,17,1682.0,13,1275.1999999999998,move,improve
182,17,1699.8999999999999,13,1275.1999999999998,2opt,acceptBad
183,17,1699.8999999999999,13,1275.1999999999998,2opt,improve
184,17,1688.4,13,1275.1999999999998,swap,improve
185,17,1707.6000000000001,13,1275.1999999999998,2opt,acceptBad
186,17,1707.6000000000001,13,1275.1999999999998,2opt,improve
187,17,1700.3999999999999,13,1275.1999999999998,2opt,improve
188,17,1701.4999999999993,13,1275.1999999999998,2opt,acceptBad
189,17,1701.4999999999993,13,1275.1999999999998,move,improve
190,17,1713.8,13,1275.1999999999998,2opt,acceptBad
191,17,1683.3,13,1275.1999999999998,move,improve
192,17,1710.3,13,1275.1999999999998,swap,acceptBad
193,17,1747.6000000000001,13,1275.1999999999998,swap,acceptBad
194,17,1773.4000000000003,13,1275.1999999999998,swap,acceptBad
195,17,1761.1999999999994,13,1275.1999999999998,2opt,improve
196,17,1732.2999999999993,13,1275.1999999999998,move,improve
197,17,1729.299999999999,13,1275.1999999999998,2opt,improve
198,17,1711.599999999999,13,1275.1999999999998,swap,improve
199,17,1717.1999999999991,13,1275.1999999999998,2opt,acceptBad
200,18,1752.8999999999992,13,1275.1999999999998,2opt,acceptBad
201,18,1727.2999999999993,13,1275.1999999999998,move,improve
202,18,1727.2999999999993,13,1275.1999999999998,move,improve
203,18,1706.0999999999995,13,1275.1999999999998,swap,improve
204,18,1695.6999999999996,13,1275.1999999999998,2opt,improve
205,18,1695.6999999999996,13,1275.1999999999998,move,improve
206,18,1695.6999999999996,13,1275.1999999999998,move,improve
207,18,1639.4999999999995,13,1275.1999999999998,swap,improve
208,18,1639.4999999999995,13,1275.1999999999998,swap,improve
209,18,1628.8000000000002,13,1275.1999999999998,2opt,improve
210,18,1615.4000000000003,13,1275.1999999999998,swap,improve
211,18,1615.4000000000003,13,1275.1999999999998,move,improve
212,18,1658.1000000000001,13,1275.1999999999998,2opt,acceptBad
213,18,1654.5000000000002,13,1275.1999999999998,move,improve
214,18,1612.8999999999999,13,1275.1999999999998,2opt,improve
215,18,1612.8999999999999,13,1275.1999999999998,swap,improve
216,18,1591.2999999999997,13,1275.1999999999998,swap,improve
217,18,1591.2999999999997,13,1275.1999999999998,move,improve
218,18,1601.3,13,1275.1999999999998,swap,acceptBad
219,18,1635.8999999999999,13,1275.1999999999998,swap,acceptBad
220,18,1633.8,13,1275.1999999999998,swap,improve
221,18,1639.4999999999998,13,1275.1999999999998,swap,acceptBad
222,18,1639.4999999999998,13,1275.1999999999998,move,improve
223,18,1658.0,13,1275.1999999999998,2opt,acceptBad
224,18,1658.8,13,1275.1999999999998,2opt,acceptBad
225,18,1701.1,13,1275.1999999999998,swap,acceptBad
226,18,1701.1,13,1275.1999999999998,move,improve
227,18,1701.1,13,1275.1999999999998,move,improve
228,18,1699.6999999999998,13,1275.1999999999998,2opt,improve
229,18,1668.6999999999996,13,1275.1999999999998,2opt,improve
230,18,1643.5999999999997,13,1275.1999999999998,swap,improve
231,18,1622.0999999999997,13,1275.1999999999998,move,improve
232,18,1622.0999999999997,13,1275.1999999999998,swap,improve
233,18,1636.6999999999996,13,1275.1999999999998,swap,acceptBad
234,18,1613.3999999999999,13,1275.1999999999998,2opt,improve
235,18,1603.3,13,1275.1999999999998,swap,improve
236,18,1612.0000000000005,13,1275.1999999999998,2opt,acceptBad
237,18,1600.4000000000005,13,1275.1999999999998,swap,improve
238,18,1618.6000000000004,13,1275.1999999999998,swap,acceptBad
239,18,1599.3000000000004,13,1275.1999999999998,move,improve
240,18,1585.5000000000002,13,1275.1999999999998,move,improve
241,17,1554.2000000000003,13,1275.1999999999998,move,improve
242,17,1549.0000000000005,13,1275.1999999999998,2opt,improve
243,17,1559.1000000000004,13,1275.1999999999998,swap,acceptBad
244,17,1559.1000000000004,13,1275.1999999999998,move,improve
245,18,1592.9000000000005,13,1275.1999999999998,2opt,acceptBad
246,18,1592.9000000000005,13,1275.1999999999998,2opt,improve
247,18,1634.5000000000007,13,1275.1999999999998,swap,acceptBad
248,18,1619.6000000000004,13,1275.1999999999998,move,improve
249,18,1662.1000000000004,13,1275.1999999999998,swap,acceptBad
250,18,1701.6000000000001,13,1275.1999999999998,2opt,acceptBad
251,18,1681.6000000000001,13,1275.1999999999998,2opt,improve
252,18,1675.8000000000002,13,1275.1999999999998,swap,improve
253,18,1722.7,13,1275.1999999999998,swap,acceptBad
254,18,1757.9,13,1275.1999999999998,swap,acceptBad
255,18,1783.9000000000005,13,1275.1999999999998,2opt,acceptBad
256,17,1720.8,13,1275.1999999999998,2opt,improve
257,17,1683.1999999999998,13,1275.1999999999998,move,improve
258,17,1683.1999999999998,13,1275.1999999999998,move,improve
259,17,1702.3,13,1275.1999999999998,swap,acceptBad
260,17,1706.2,13,1275.1999999999998,swap,acceptBad
261,17,1693.5000000000002,13,1275.1999999999998,swap,improve
262,17,1652.9,13,1275.1999999999998,swap,improve
263,17,1676.4000000000005,13,1275.1999999999998,swap,acceptBad
264,17,1675.5000000000005,13,1275.1999999999998,move,improve
265,17,1664.8000000000004,13,1275.1999999999998,swap,improve
266,17,1664.8000000000004,13,1275.1999999999998,2opt,improve
267,17,1656.6000000000001,13,1275.1999999999998,swap,improve
268,16,1596.6999999999998,13,1275.1999999999998,move,improve
269,16,1596.6999999999998,13,1275.1999999999998,2opt,improve
270,16,1582.8,13,1275.1999999999998,move,improve
271,16,1578.4999999999998,13,1275.1999999999998,swap,improve
272,16,1589.7000000000003,13,1275.1999999999998,2opt,acceptBad
273,16,1586.8000000000004,13,1275.1999999999998,2opt,improve
274,16,1586.8000000000004,13,1275.1999999999998,swap,improve
275,16,1594.8000000000002,13,1275.1999999999998,swap,acceptBad
276,16,1563.6000000000001,13,1275.1999999999998,move,improve
277,16,1554.4,13,1275.1999999999998,2opt,improve
278,16,1548.6999999999998,13,1275.1999999999998,2opt,improve
279,16,1548.6999999999998,13,1275.1999999999998,move,improve
280,16,1535.8999999999999,13,1275.1999999999998,move,improve
281,16,1563.0,13,1275.1999999999998,swap,acceptBad
282,16,1579.8999999999994,13,1275.1999999999998,2opt,acceptBad
283,16,1544.2,13,1275.1999999999998,2opt,improve
284,16,1549.0,13,1275.1999999999998,swap,acceptBad
285,16,1549.0,13,1275.1999999999998,move,improve
286,16,1524.8,13,1275.1999999999998,2opt,improve
287,16,1524.8,13,1275.1999999999998,move,improve
288,16,1532.0000000000002,13,1275.1999999999998,swap,acceptBad
289,16,1517.6000000000001,13,1275.1999999999998,move,improve
290,16,1525.9,13,1275.1999999999998,swap,acceptBad
291,16,1525.9,13,1275.1999999999998,2opt,improve
292,16,1525.9,13,1275.1999999999998,move,improve
293,16,1519.2,13,1275.1999999999998,move,improve
294,16,1482.1000000000001,13,1275.1999999999998,move,improve
295,16,1457.3,13,1275.1999999999998,move,improve
296,16,1457.3,13,1275.1999999999998,move,improve
297,15,1408.1,13,1275.1999999999998,move,improve
298,15,1396.5,13,1275.1999999999998,2opt,improve
299,15,1457.3999999999999,13,1275.1999999999998,2opt,acceptBad
300,15,1457.3999999999999,13,1275.1999999999998,move,improve
301,15,1483.3999999999996,13,1275.1999999999998,2opt,acceptBad
302,15,1495.3,13,1275.1999999999998,2opt,acceptBad
303,15,1503.2999999999997,13,1275.1999999999998,2opt,acceptBad
304,15,1503.2999999999997,13,1275.1999999999998,move,improve
305,15,1518.7999999999997,13,1275.1999999999998,2opt,acceptBad
306,15,1524.2999999999995,13,1275.1999999999998,swap,acceptBad
307,15,1504.7999999999995,13,1275.1999999999998,move,improve
308,15,1497.3,13,1275.1999999999998,2opt,improve
309,15,1487.7,13,1275.1999999999998,swap,improve
310,15,1496.6000000000001,13,1275.1999999999998,2opt,acceptBad
311,15,1508.7,13,1275.1999999999998,swap,acceptBad
312,15,1508.7,13,1275.1999999999998,move,improve
313,15,1543.3000000000002,13,1275.1999999999998,swap,acceptBad
314,15,1540.8000000000002,13,1275.1999999999998,swap,improve
315,15,1538.5000000000002,13,1275.1999999999998,move,improve
316,15,1541.5,13,1275.1999999999998,2opt,acceptBad
317,15,1546.6,13,1275.1999999999998,swap,acceptBad
318,15,1531.0,13,1275.1999999999998,move,improve
319,15,1548.8000000000002,13,1275.1999999999998,swap,acceptBad
320,15,1533.6000000000001,13,1275.1999999999998,move,improve
321,15,1520.0000000000002,13,1275.1999999999998,move,improve
322,15,1541.5000000000002,13,1275.1999999999998,swap,acceptBad
323,15,1530.0,13,1275.1999999999998,swap,improve
324,15,1539.3,13,1275.1999999999998,swap,acceptBad
325,15,1581.9,13,1275.1999999999998,2opt,acceptBad
326,15,1576.5000000000002,13,1275.1999999999998,move,improve
327,15,1555.2,13,1275.1999999999998,move,improve
328,15,1564.3,13,1275.1999999999998,swap,acceptBad
329,15,1562.7,13,1275.1999999999998,2opt,improve
330,15,1529.8000000000002,13,1275.1999999999998,move,improve
331,15,1536.9999999999993,13,1275.1999999999998,2opt,acceptBad
332,15,1543.1999999999991,13,1275.1999999999998,swap,acceptBad
333,15,1510.5999999999992,13,1275.1999999999998,move,improve
334,15,1463.7999999999993,13,1275.1999999999998,move,improve
335,15,1445.7999999999995,13,1275.1999999999998,swap,improve
336,15,1445.7999999999995,13,1275.1999999999998,move,improve
337,15,1440.2999999999995,13,1275.1999999999998,move,improve
338,15,1496.1999999999991,13,1275.1999999999998,swap,acceptBad
339,15,1496.0999999999992,13,1275.1999999999998,move,improve
340,16,1560.0999999999992,13,1275.1999999999998,2opt,acceptBad
341,16,1560.0999999999992,13,1275.1999999999998,move,improve
342,16,1533.499999999999,13,1275.1999999999998,move,improve
343,16,1516.7999999999993,13,1275.1999999999998,move,improve
344,16,1501.0999999999992,13,1275.1999999999998,move,improve
345,16,1494.8999999999994,13,1275.1999999999998,swap,improve
346,15,1450.6999999999996,13,1275.1999999999998,move,improve
347,15,1416.3000000000004,13,1275.1999999999998,2opt,improve
348,15,1385.9000000000003,13,1275.1999999999998,move,improve
349,15,1397.2,13,1275.1999999999998,swap,acceptBad
350,15,1396.8000000000002,13,1275.1999999999998,swap,improve
351,15,1393.8000000000002,13,1275.1999999999998,move,improve
352,15,1403.3000000000002,13,1275.1999999999998,swap,acceptBad
353,15,1405.7000000000003,13,1275.1999999999998,swap,acceptBad
354,15,1403.3000000000004,13,1275.1999999999998,move,improve
355,15,1403.3000000000004,13,1275.1999999999998,move,improve
356,15,1406.4,13,1275.1999999999998,2opt,acceptBad
357,15,1487.9,13,1275.1999999999998,swap,acceptBad
358,15,1462.3,13,1275.1999999999998,swap,improve
359,15,1470.3,13,1275.1999999999998,swap,acceptBad
360,15,1481.7,13,1275.1999999999998,2opt,acceptBad
361,15,1460.7,13,1275.1999999999998,swap,improve
362,15,1464.8999999999999,13,1275.1999999999998,2opt,acceptBad
363,15,1494.0000000000002,13,1275.1999999999998,swap,acceptBad
364,16,1560.2000000000003,13,1275.1999999999998,2opt,acceptBad
365,16,1588.0000000000005,13,1275.1999999999998,2opt,acceptBad
366,16,1583.8000000000004,13,1275.1999999999998,2opt,improve
367,17,1642.9000000000005,13,1275.1999999999998,2opt,acceptBad
368,17,1625.9000000000008,13,1275.1999999999998,move,improve
369,17,1644.6000000000004,13,1275.1999999999998,2opt,acceptBad
370,17,1653.1000000000006,13,1275.1999999999998,swap,acceptBad
371,17,1647.0999999999995,13,1275.1999999999998,2opt,improve
372,17,1646.9999999999995,13,1275.1999999999998,swap,improve
373,17,1646.9999999999995,13,1275.1999999999998,move,improve
374,17,1654.0,13,1275.1999999999998,2opt,acceptBad
375,17,1658.2,13,1275.1999999999998,2opt,acceptBad
376,17,1651.6000000000001,13,1275.1999999999998,move,improve
377,18,1663.6,13,1275.1999999999998,2opt,acceptBad
378,18,1662.9999999999998,13,1275.1999999999998,2opt,improve
379,18,1687.7999999999997,13,1275.1999999999998,swap,acceptBad
380,18,1685.5000000000002,13,1275.1999999999998,2opt,improve
381,18,1720.0000000000002,13,1275.1999999999998,swap,acceptBad
382,18,1698.6000000000001,13,1275.1999999999998,swap,improve
383,18,1719.8000000000002,13,1275.1999999999998,2opt,acceptBad
384,18,1705.8000000000004,13,1275.1999999999998,move,improve
385,18,1678.1000000000004,13,1275.1999999999998,move,improve
386,18,1649.0000000000002,13,1275.1999999999998,move,improve
387,19,1672.4,13,1275.1999999999998,2opt,acceptBad
388,19,1695.8999999999999,13,1275.1999999999998,swap,acceptBad
389,19,1691.4000000000003,13,1275.1999999999998,swap,improve
390,19,1684.6000000000001,13,1275.1999999999998,move,improve
391,19,1677.9000000000003,13,1275.1999999999998,swap,improve
392,19,1678.7000000000003,13,1275.1999999999998,swap,acceptBad
393,19,1678.7000000000003,13,1275.1999999999998,2opt,improve
394,19,1686.7000000000005,13,1275.1999999999998,swap,acceptBad
395,19,1707.9000000000003,13,1275.1999999999998,swap,acceptBad
396,19,1657.8,13,1275.1999999999998,move,improve
397,19,1657.8,13,1275.1999999999998,2opt,improve
398,19,1657.3999999999999,13,1275.1999999999998,swap,improve
399,19,1632.6000000000001,13,1275.1999999999998,2opt,improve
400,19,1618.8000000000002,13,1275.1999999999998,move,improve
401,18,1613.0000000000002,13,1275.1999999999998,2opt,improve
402,18,1596.7000000000003,13,1275.1999999999998,move,improve
403,18,1602.0000000000005,13,1275.1999999999998,swap,acceptBad
404,18,1588.5000000000005,13,1275.1999999999998,move,improve
405,18,1606.7000000000005,13,1275.1999999999998,swap,acceptBad
406,18,1606.7000000000005,13,1275.1999999999998,move,improve
407,18,1670.3000000000004,13,1275.1999999999998,swap,acceptBad
408,18,1726.4000000000005,13,1275.1999999999998,swap,acceptBad
409,18,1750.2000000000005,13,1275.1999999999998,2opt,acceptBad
410,18,1714.6000000000006,13,1275.1999999999998,swap,improve
411,18,1661.8000000000006,13,1275.1999999999998,move,improve
412,18,1661.8000000000006,13,1275.1999999999998,2opt,improve
413,18,1616.4000000000005,13,1275.1999999999998,move,improve
414,18,1606.0000000000007,13,1275.1999999999998,swap,improve
415,18,1657.6000000000004,13,1275.1999999999998,swap,acceptBad
416,18,1657.0000000000005,13,1275.1999999999998,move,improve
417,18,1657.0000000000005,13,1275.1999999999998,move,improve
418,18,1642.8000000000002,13,1275.1999999999998,swap,improve
419,18,1654.3000000000002,13,1275.1999999999998,swap,acceptBad
420,18,1663.6999999999996,13,1275.1999999999998,2opt,acceptBad
421,18,1663.6999999999996,13,1275.1999999999998,move,improve
422,18,1664.3999999999996,13,1275.1999999999998,swap,acceptBad
423,18,1623.3999999999994,13,1275.1999999999998,swap,improve
424,18,1586.1999999999996,13,1275.1999999999998,move,improve
425,18,1587.6999999999996,13,1275.1999999999998,2opt,acceptBad
426,18,1580.7999999999997,13,1275.1999999999998,move,improve
427,18,1548.9999999999998,13,1275.1999999999998,2opt,improve
428,18,1558.9999999999998,13,1275.1999999999998,2opt,acceptBad
429,18,1558.9999999999998,13,1275.1999999999998,2opt,improve
430,19,1627.1,13,1275.1999999999998,2opt,acceptBad
431,19,1609.3,13,1275.1999999999998,2opt,improve
432,19,1602.6000000000001,13,1275.1999999999998,2opt,improve
433,19,1609.8999999999999,13,1275.1999999999998,2opt,acceptBad
434,19,1619.0999999999997,13,1275.1999999999998,swap,acceptBad
435,19,1619.0999999999997,13,1275.1999999999998,move,improve
436,19,1609.0,13,1275.1999999999998,2opt,improve
437,19,1662.6000000000001,13,1275.1999999999998,swap,acceptBad
438,19,1602.4000000000003,13,1275.1999999999998,swap,improve
439,19,1602.4000000000003,13,1275.1999999999998,move,improve
440,19,1611.0999999999997,13,1275.1999999999998,2opt,acceptBad
441,19,1658.7999999999997,13,1275.1999999999998,swap,acceptBad
442,19,1658.7999999999997,13,1275.1999999999998,2opt,improve
443,20,1679.9999999999995,13,1275.1999999999998,2opt,acceptBad
444,20,1729.4999999999995,13,1275.1999999999998,2opt,acceptBad
445,20,1724.6999999999996,13,1275.1999999999998,move,improve
446,20,1722.9999999999995,13,1275.1999999999998,move,improve
447,20,1737.3999999999994,13,1275.1999999999998,swap,acceptBad
448,20,1755.0000000000007,13,1275.1999999999998,2opt,acceptBad
449,20,1754.8000000000006,13,1275.1999999999998,move,improve
450,20,1741.7000000000005,13,1275.1999999999998,swap,improve
451,20,1741.7000000000005,13,1275.1999999999998,move,improve
452,20,1732.6000000000004,13,1275.1999999999998,move,improve
453,20,1733.8000000000006,13,1275.1999999999998,2opt,acceptBad
454,19,1697.8000000000004,13,1275.1999999999998,move,improve
455,19,1701.7000000000003,13,1275.1999999999998,swap,acceptBad
456,19,1747.6999999999998,13,1275.1999999999998,2opt,acceptBad
457,19,1747.6999999999998,13,1275.1999999999998,2opt,improve
458,19,1753.1999999999996,13,1275.1999999999998,2opt,acceptBad
459,19,1754.4999999999998,13,1275.1999999999998,2opt,acceptBad
460,19,1782.3999999999994,13,1275.1999999999998,swap,acceptBad
461,19,1782.5999999999997,13,1275.1999999999998,swap,acceptBad
462,19,1796.0999999999992,13,1275.1999999999998,swap,acceptBad
463,19,1841.0,13,1275.1999999999998,2opt,acceptBad
464,19,1872.0000000000002,13,1275.1999999999998,2opt,acceptBad
465,19,1851.4000000000003,13,1275.1999999999998,swap,improve
466,19,1874.6000000000001,13,1275.1999999999998,2opt,acceptBad
467,19,1869.6000000000001,13,1275.1999999999998,move,improve
468,19,1861.8,13,1275.1999999999998,swap,improve
469,19,1867.8000000000002,13,1275.1999999999998,2opt,acceptBad
470,19,1814.8000000000002,13,1275.1999999999998,swap,improve
471,19,1841.2000000000003,13,1275.1999999999998,2opt,acceptBad
472,19,1817.2,13,1275.1999999999998,2opt,improve
473,19,1834.8000000000004,13,1275.1999999999998,2opt,acceptBad
474,19,1834.3999999999996,13,1275.1999999999998,2opt,improve
475,19,1819.7999999999995,13,1275.1999999999998,move,improve
476,19,1815.6000000000004,13,1275.1999999999998,2opt,improve
477,19,1815.6000000000004,13,1275.1999999999998,move,improve
478,19,1810.3000000000004,13,1275.1999999999998,swap,improve
479,19,1810.3000000000004,13,1275.1999999999998,move,improve
480,19,1818.1000000000006,13,1275.1999999999998,swap,acceptBad
481,19,1815.6000000000006,13,1275.1999999999998,move,improve
482,19,1810.5000000000007,13,1275.1999999999998,move,improve
483,19,1805.8000000000006,13,1275.1999999999998,2opt,improve
484,19,1805.8000000000006,13,1275.1999999999998,2opt,improve
485,19,1773.0000000000007,13,1275.1999999999998,move,improve
486,19,1773.0000000000007,13,1275.1999999999998,move,improve
487,19,1773.0000000000007,13,1275.1999999999998,move,improve
488,19,1748.8000000000004,13,1275.1999999999998,2opt,improve
489,19,1733.7000000000005,13,1275.1999999999998,swap,improve
490,19,1733.7000000000005,13,1275.1999999999998,move,improve
491,20,1733.1000000000008,13,1275.1999999999998,2opt,improve
492,20,1725.3000000000006,13,1275.1999999999998,move,improve
493,20,1722.8000000000006,13,1275.1999999999998,swap,improve
494,20,1735.1999999999996,13,1275.1999999999998,2opt,acceptBad
495,20,1735.0999999999997,13,1275.1999999999998,move,improve
496,20,1740.8999999999996,13,1275.1999999999998,swap,acceptBad
497,20,1725.0999999999997,13,1275.1999999999998,move,improve
498,19,1658.2999999999995,13,1275.1999999999998,move,improve
499,19,1674.1999999999998,13,1275.1999999999998,2opt,acceptBad
500,19,1655.7999999999997,13,1275.1999999999998,move,improve
501,19,1676.3999999999999,13,1275.1999999999998,swap,acceptBad
502,19,1731.3,13,1275.1999999999998,swap,acceptBad
503,19,1691.9999999999998,13,1275.1999999999998,move,improve
504,19,1688.2999999999997,13,1275.1999999999998,swap,improve
505,19,1688.2999999999997,13,1275.1999999999998,move,improve
506,19,1688.2999999999997,13,1275.1999999999998,2opt,improve
507,19,1681.7999999999997,13,1275.1999999999998,2opt,improve
508,19,1694.9,13,1275.1999999999998,swap,acceptBad
509,19,1681.1000000000001,13,1275.1999999999998,swap,improve
510,19,1664.6000000000001,13,1275.1999999999998,move,improve
511,19,1631.3000000000002,13,1275.1999999999998,swap,improve
512,19,1606.0,13,1275.1999999999998,move,improve
513,19,1639.0,13,1275.1999999999998,swap,acceptBad
514,20,1706.8,13,1275.1999999999998,2opt,acceptBad
515,20,1732.5000000000002,13,1275.1999999999998,2opt,acceptBad
516,19,1678.6000000000001,13,1275.1999999999998,move,improve
517,19,1681.5,13,1275.1999999999998,2opt,acceptBad
518,19,1673.5,13,1275.1999999999998,swap,improve
519,19,1669.7000000000003,13,1275.1999999999998,2opt,improve
520,19,1708.0000000000002,13,1275.1999999999998,swap,acceptBad
521,19,1704.4000000000003,13,1275.1999999999998,swap,improve
522,19,1682.5000000000002,13,1275.1999999999998,move,improve
523,19,1699.0000000000002,13,1275.1999999999998,2opt,acceptBad
524,19,1689.5,13,1275.1999999999998,move,improve
525,19,1686.9999999999998,13,1275.1999999999998,swap,improve
526,19,1741.1999999999998,13,1275.1999999999998,2opt,acceptBad
527,19,1741.1999999999998,13,1275.1999999999998,2opt,improve
528,18,1728.6,13,1275.1999999999998,move,improve
529,18,1721.0,13,1275.1999999999998,move,improve
530,18,1721.0,13,1275.1999999999998,move,improve
531,18,1697.2,13,1275.1999999999998,swap,improve
532,18,1688.4000000000003,13,1275.1999999999998,swap,improve
533,18,1691.4,13,1275.1999999999998,2opt,acceptBad
534,18,1700.1,13,1275.1999999999998,swap,acceptBad
535,18,1625.6,13,1275.1999999999998,move,improve
536,18,1671.7,13,1275.1999999999998,swap,acceptBad
537,18,1671.7,13,1275.1999999999998,move,improve
538,18,1671.7,13,1275.1999999999998,2opt,improve
539,18,1671.7,13,1275.1999999999998,2opt,improve
540,18,1669.7000000000003,13,1275.1999999999998,swap,improve
541,18,1669.2000000000003,13,1275.1999999999998,move,improve
542,18,1684.6000000000004,13,1275.1999999999998,swap,acceptBad
543,18,1643.7000000000003,13,1275.1999999999998,move,improve
544,18,1643.7000000000003,13,1275.1999999999998,2opt,improve
545,18,1655.9000000000003,13,1275.1999999999998,swap,acceptBad
546,18,1638.1000000000004,13,1275.1999999999998,move,improve
547,18,1638.1000000000004,13,1275.1999999999998,move,improve
548,18,1651.0,13,1275.1999999999998,swap,acceptBad
549,18,1683.9000000000003,13,1275.1999999999998,swap,acceptBad
550,18,1656.7000000000005,13,1275.1999999999998,move,improve
551,18,1656.7000000000005,13,1275.1999999999998,move,improve
552,17,1601.9000000000003,13,1275.1999999999998,move,improve
553,17,1600.3000000000002,13,1275.1999999999998,2opt,improve
554,17,1597.3000000000002,13,1275.1999999999998,move,improve
555,17,1585.4,13,1275.1999999999998,move,improve
556,17,1586.1,13,1275.1999999999998,2opt,acceptBad
557,17,1585.8999999999999,13,1275.1999999999998,swap,improve
558,17,1542.8000000000006,13,1275.1999999999998,2opt,improve
559,17,1542.7000000000007,13,1275.1999999999998,move,improve
560,17,1531.7000000000003,13,1275.1999999999998,move,improve
561,17,1564.0000000000002,13,1275.1999999999998,2opt,acceptBad
562,17,1580.0,13,1275.1999999999998,swap,acceptBad
563,17,1607.2,13,1275.1999999999998,2opt,acceptBad
564,17,1565.4,13,1275.1999999999998,move,improve
565,17,1555.2000000000003,13,1275.1999999999998,swap,improve
566,17,1618.3000000000002,13,1275.1999999999998,2opt,acceptBad
567,17,1612.3000000000002,13,1275.1999999999998,swap,improve
568,17,1590.4,13,1275.1999999999998,2opt,improve
569,17,1605.8000000000004,13,1275.1999999999998,2opt,acceptBad
570,17,1606.8000000000002,13,1275.1999999999998,swap,acceptBad
571,17,1613.1000000000004,13,1275.1999999999998,2opt,acceptBad
572,17,1617.1000000000006,13,1275.1999999999998,swap,acceptBad
573,17,1600.8999999999999,13,1275.1999999999998,2opt,improve
574,17,1595.7,13,1275.1999999999998,swap,improve
575,17,1588.4999999999998,13,1275.1999999999998,swap,improve
576,17,1586.5,13,1275.1999999999998,swap,improve
577,17,1561.1,13,1275.1999999999998,swap,improve
578,16,1510.8999999999999,13,1275.1999999999998,move,improve
579,16,1509.3999999999999,13,1275.1999999999998,move,improve
580,16,1542.1999999999998,13,1275.1999999999998,swap,acceptBad
581,16,1538.3999999999996,13,1275.1999999999998,swap,improve
582,16,1532.7999999999995,13,1275.1999999999998,move,improve
583,16,1532.7999999999995,13,1275.1999999999998,2opt,improve
584,16,1520.1999999999994,13,1275.1999999999998,swap,improve
585,16,1543.2999999999997,13,1275.1999999999998,2opt,acceptBad
586,16,1553.1999999999996,13,1275.1999999999998,swap,acceptBad
587,16,1576.7999999999997,13,1275.1999999999998,swap,acceptBad
588,16,1569.6,13,1275.1999999999998,swap,improve
589,16,1577.1,13,1275.1999999999998,swap,acceptBad
590,16,1551.8,13,1275.1999999999998,swap,improve
591,16,1509.1,13,1275.1999999999998,swap,improve
592,16,1475.5,13,1275.1999999999998,swap,improve
593,16,1493.0,13,1275.1999999999998,2opt,acceptBad
594,16,1473.8999999999999,13,1275.1999999999998,move,improve
595,16,1473.8999999999999,13,1275.1999999999998,move,improve
596,16,1473.8999999999999,13,1275.1999999999998,move,improve
597,16,1479.7,13,1275.1999999999998,swap,acceptBad
598,16,1510.9,13,1275.1999999999998,2opt,acceptBad
599,16,1500.9000000000003,13,1275.1999999999998,move,improve
600,16,1456.5000000000005,13,1275.1999999999998,2opt,improve
601,16,1468.7000000000003,13,1275.1999999999998,swap,acceptBad
602,16,1468.5000000000005,13,1275.1999999999998,move,improve
603,16,1491.6000000000004,13,1275.1999999999998,swap,acceptBad
604,16,1498.4999999999995,13,1275.1999999999998,2opt,acceptBad
605,16,1511.7999999999997,13,1275.1999999999998,swap,acceptBad
606,16,1508.3999999999996,13,1275.1999999999998,swap,improve
607,16,1535.6999999999994,13,1275.1999999999998,swap,acceptBad
608,16,1535.6999999999994,13,1275.1999999999998,move,improve
609,17,1547.8999999999992,13,1275.1999999999998,2opt,acceptBad
610,17,1547.8999999999992,13,1275.1999999999998,move,improve
611,17,1549.9999999999993,13,1275.1999999999998,swap,acceptBad
612,17,1548.8999999999994,13,1275.1999999999998,swap,improve
613,17,1558.8999999999996,13,1275.1999999999998,2opt,acceptBad
614,17,1552.8999999999996,13,1275.1999999999998,swap,improve
615,17,1554.7999999999997,13,1275.1999999999998,2opt,acceptBad
616,17,1573.7999999999997,13,1275.1999999999998,swap,acceptBad
617,17,1533.6,13,1275.1999999999998,swap,improve
618,17,1527.8000000000002,13,1275.1999999999998,2opt,improve
619,17,1562.2000000000003,13,1275.1999999999998,swap,acceptBad
620,17,1562.2000000000003,13,1275.1999999999998,move,improve
621,18,1627.9000000000005,13,1275.1999999999998,2opt,acceptBad
622,18,1605.6000000000006,13,1275.1999999999998,move,improve
623,18,1621.8000000000006,13,1275.1999999999998,swap,acceptBad
624,19,1642.6000000000006,13,1275.1999999999998,2opt,acceptBad
625,19,1686.0000000000005,13,1275.1999999999998,swap,acceptBad
626,19,1715.7000000000005,13,1275.1999999999998,swap,acceptBad
627,18,1665.7000000000005,13,1275.1999999999998,move,improve
628,18,1665.7000000000005,13,1275.1999999999998,move,improve
629,18,1660.1000000000006,13,1275.1999999999998,swap,improve
630,18,1665.6,13,1275.1999999999998,2opt,acceptBad
631,18,1684.7,13,1275.1999999999998,swap,acceptBad
632,18,1676.4,13,1275.1999999999998,2opt,improve
633,18,1671.6,13,1275.1999999999998,2opt,improve
634,19,1706.4,13,1275.1999999999998,2opt,acceptBad
635,19,1706.4,13,1275.1999999999998,swap,improve
636,19,1707.8000000000002,13,1275.1999999999998,2opt,acceptBad
637,19,1673.1,13,1275.1999999999998,move,improve
638,19,1683.7,13,1275.1999999999998,2opt,acceptBad
639,19,1651.5,13,1275.1999999999998,move,improve
640,19,1654.2999999999997,13,1275.1999999999998,2opt,acceptBad
641,19,1654.2999999999997,13,1275.1999999999998,move,improve
642,19,1650.8999999999996,13,1275.1999999999998,swap,improve
643,19,1601.7999999999995,13,1275.1999999999998,move,improve
644,19,1604.7999999999997,13,1275.1999999999998,swap,acceptBad
645,19,1626.0,13,1275.1999999999998,2opt,acceptBad
646,19,1626.0,13,1275.1999999999998,2opt,improve
647,19,1599.8,13,1275.1999999999998,move,improve
648,19,1599.8,13,1275.1999999999998,move,improve
649,19,1568.3,13,1275.1999999999998,move,improve
650,19,1580.4000000000008,13,1275.1999999999998,2opt,acceptBad
651,19,1561.3000000000006,13,1275.1999999999998,swap,improve
652,19,1540.8000000000006,13,1275.1999999999998,swap,improve
653,19,1561.4000000000005,13,1275.1999999999998,2opt,acceptBad
654,19,1563.4000000000003,13,1275.1999999999998,2opt,acceptBad
655,19,1563.3000000000002,13,1275.1999999999998,move,improve
656,19,1616.2,13,1275.1999999999998,swap,acceptBad
657,19,1606.6999999999998,13,1275.1999999999998,move,improve
658,19,1620.5000000000002,13,1275.1999999999998,2opt,acceptBad
659,19,1595.2000000000003,13,1275.1999999999998,move,improve
660,19,1614.3000000000004,13,1275.1999999999998,swap,acceptBad
661,19,1627.3000000000004,13,1275.1999999999998,swap,acceptBad
662,20,1690.5000000000002,13,1275.1999999999998,2opt,acceptBad
663,20,1687.5000000000002,13,1275.1999999999998,move,improve
664,20,1648.0,13,1275.1999999999998,2opt,improve
665,20,1645.9,13,1275.1999999999998,move,improve
666,20,1640.2,13,1275.1999999999998,move,improve
667,20,1626.9,13,1275.1999999999998,move,improve
668,20,1591.6000000000001,13,1275.1999999999998,move,improve
669,20,1558.9000000000003,13,1275.1999999999998,move,improve
670,20,1622.2,13,1275.1999999999998,2opt,acceptBad
671,20,1629.4,13,1275.1999999999998,2opt,acceptBad
672,20,1629.4,13,1275.1999999999998,move,improve
673,20,1629.4,13,1275.1999999999998,move,improve
674,20,1674.4999999999998,13,1275.1999999999998,swap,acceptBad
675,20,1701.3,13,1275.1999999999998,2opt,acceptBad
676,20,1712.6000000000001,13,1275.1999999999998,swap,acceptBad
677,20,1712.6000000000001,13,1275.1999999999998,move,improve
678,20,1703.3,13,1275.1999999999998,move,improve
679,20,1703.3,13,1275.1999999999998,move,improve
680,20,1696.2999999999997,13,1275.1999999999998,2opt,improve
681,20,1687.4999999999998,13,1275.1999999999998,2opt,improve
682,20,1677.6999999999998,13,1275.1999999999998,swap,improve
683,20,1653.3999999999999,13,1275.1999999999998,move,improve
684,20,1619.0999999999997,13,1275.1999999999998,move,improve
685,20,1628.3999999999999,13,1275.1999999999998,swap,acceptBad
686,20,1618.6999999999998,13,1275.1999999999998,move,improve
687,20,1666.1999999999998,13,1275.1999999999998,swap,acceptBad
688,20,1662.4,13,1275.1999999999998,move,improve
689,20,1656.3000000000002,13,1275.1999999999998,2opt,improve
690,19,1624.7,13,1275.1999999999998,2opt,improve
691,19,1619.7,13,1275.1999999999998,move,improve
692,19,1611.1000000000001,13,1275.1999999999998,move,improve
693,19,1633.7,13,1275.1999999999998,swap,acceptBad
694,19,1649.9,13,1275.1999999999998,swap,acceptBad
695,19,1640.9,13,1275.1999999999998,swap,improve
696,19,1632.5999999999997,13,1275.1999999999998,2opt,improve
697,19,1638.7,13,1275.1999999999998,2opt,acceptBad
698,19,1638.7,13,1275.1999999999998,move,improve
699,19,1676.6000000000004,13,1275.1999999999998,swap,acceptBad
700,19,1676.5,13,1275.1999999999998,swap,improve
701,19,1675.1,13,1275.1999999999998,move,improve
702,19,1701.1,13,1275.1999999999998,2opt,acceptBad
703,19,1702.1000000000001,13,1275.1999999999998,2opt,acceptBad
704,19,1726.4,13,1275.1999999999998,swap,acceptBad
705,19,1726.4,13,1275.1999999999998,2opt,improve
706,19,1726.4,13,1275.1999999999998,move,improve
707,19,1726.9,13,1275.1999999999998,2opt,acceptBad
708,19,1726.9,13,1275.1999999999998,move,improve
709,19,1726.9,13,1275.1999999999998,move,improve
710,19,1691.0,13,1275.1999999999998,swap,improve
711,19,1670.0,13,1275.1999999999998,2opt,improve
712,19,1673.7,13,1275.1999999999998,swap,acceptBad
713,19,1657.6,13,1275.1999999999998,move,improve
714,19,1667.1999999999998,13,1275.1999999999998,swap,acceptBad
715,19,1690.6999999999998,13,1275.1999999999998,2opt,acceptBad
716,19,1671.2999999999997,13,1275.1999999999998,swap,improve
717,19,1671.2999999999997,13,1275.1999999999998,2opt,improve
718,19,1640.2999999999995,13,1275.1999999999998,2opt,improve
719,19,1613.1999999999994,13,1275.1999999999998,move,improve
720,19,1613.1999999999994,13,1275.1999999999998,2opt,improve
721,19,1602.9999999999995,13,1275.1999999999998,swap,improve
722,19,1593.2999999999995,13,1275.1999999999998,swap,improve
723,19,1615.6999999999998,13,1275.1999999999998,2opt,acceptBad
724,19,1626.4,13,1275.1999999999998,2opt,acceptBad
725,19,1623.5,13,1275.1999999999998,move,improve
726,19,1608.2000000000003,13,1275.1999999999998,2opt,improve
727,19,1608.2000000000003,13,1275.1999999999998,move,improve
728,19,1608.2000000000003,13,1275.1999999999998,move,improve
729,19,1645.8000000000004,13,1275.1999999999998,2opt,acceptBad
730,19,1646.2000000000003,13,1275.1999999999998,2opt,acceptBad
731,19,1663.3000000000004,13,1275.1999999999998,swap,acceptBad
732,19,1643.4000000000005,13,1275.1999999999998,move,improve
733,19,1599.6000000000004,13,1275.1999999999998,move,improve
734,19,1599.7000000000005,13,1275.1999999999998,swap,acceptBad
735,19,1599.7000000000005,13,1275.1999999999998,move,improve
736,19,1592.1000000000004,13,1275.1999999999998,move,improve
737,19,1564.5,13,1275.1999999999998,move,improve
738,18,1542.4,13,1275.1999999999998,move,improve
739,18,1557.6,13,1275.1999999999998,swap,acceptBad
740,18,1547.6999999999998,13,1275.1999999999998,swap,improve
741,18,1547.6999999999998,13,1275.1999999999998,move,improve
742,18,1554.2999999999997,13,1275.1999999999998,2opt,acceptBad
743,18,1548.8999999999996,13,1275.1999999999998,move,improve
744,19,1600.6999999999998,13,1275.1999999999998,2opt,acceptBad
745,19,1585.8999999999999,13,1275.1999999999998,move,improve
746,19,1624.0999999999997,13,1275.1999999999998,swap,acceptBad
747,18,1589.3,13,1275.1999999999998,move,improve
748,18,1581.0,13,1275.1999999999998,move,improve
749,18,1583.1,13,1275.1999999999998,swap,acceptBad
750,18,1592.6,13,1275.1999999999998,2opt,acceptBad
751,18,1597.0,13,1275.1999999999998,2opt,acceptBad
752,18,1591.5,13,1275.1999999999998,move,improve
753,18,1591.5,13,1275.1999999999998,move,improve
754,18,1606.0,13,1275.1999999999998,swap,acceptBad
755,18,1606.0,13,1275.1999999999998,move,improve
756,18,1628.6999999999996,13,1275.1999999999998,2opt,acceptBad
757,18,1625.7999999999997,13,1275.1999999999998,2opt,improve
758,18,1625.7999999999997,13,1275.1999999999998,move,improve
759,18,1625.7999999999997,13,1275.1999999999998,move,improve
760,18,1626.1999999999998,13,1275.1999999999998,2opt,acceptBad
761,18,1614.0,13,1275.1999999999998,move,improve
762,18,1624.7,13,1275.1999999999998,2opt,acceptBad
763,18,1599.5,13,1275.1999999999998,move,improve
764,18,1593.4,13,1275.1999999999998,move,improve
765,18,1577.7,13,1275.1999999999998,move,improve
766,18,1577.3,13,1275.1999999999998,move,improve
767,18,1538.2999999999997,13,1275.1999999999998,move,improve
768,18,1522.4999999999998,13,1275.1999999999998,move,improve
769,18,1547.2999999999997,13,1275.1999999999998,2opt,acceptBad
770,18,1546.6,13,1275.1999999999998,move,improve
771,18,1576.5,13,1275.1999999999998,swap,acceptBad
772,18,1596.6000000000001,13,1275.1999999999998,2opt,acceptBad
773,18,1596.6000000000001,13,1275.1999999999998,move,improve
774,18,1565.6000000000004,13,1275.1999999999998,move,improve
775,18,1579.5000000000005,13,1275.1999999999998,swap,acceptBad
776,18,1568.0000000000002,13,1275.1999999999998,swap,improve
777,18,1553.7000000000003,13,1275.1999999999998,2opt,improve
778,18,1553.7000000000003,13,1275.1999999999998,move,improve
779,18,1539.8000000000002,13,1275.1999999999998,move,improve
780,18,1539.8000000000002,13,1275.1999999999998,2opt,improve
781,18,1528.7000000000003,13,1275.1999999999998,swap,improve
782,18,1498.4000000000003,13,1275.1999999999998,swap,improve
783,18,1526.6000000000001,13,1275.1999999999998,swap,acceptBad
784,18,1548.7,13,1275.1999999999998,2opt,acceptBad
785,18,1569.5,13,1275.1999999999998,swap,acceptBad
786,18,1565.7,13,1275.1999999999998,move,improve
787,18,1541.0999999999997,13,1275.1999999999998,swap,improve
788,18,1625.0000000000002,13,1275.1999999999998,swap,acceptBad
789,18,1617.0000000000002,13,1275.1999999999998,move,improve
790,18,1656.0,13,1275.1999999999998,2opt,acceptBad
791,18,1663.5,13,1275.1999999999998,2opt,acceptBad
792,18,1697.6,13,1275.1999999999998,2opt,acceptBad
793,18,1675.8000000000002,13,1275.1999999999998,2opt,improve
794,18,1668.8000000000006,13,1275.1999999999998,2opt,improve
795,18,1666.2000000000005,13,1275.1999999999998,move,improve
796,18,1665.9000000000005,13,1275.1999999999998,move,improve
797,18,1629.0000000000005,13,1275.1999999999998,move,improve
798,18,1629.0000000000005,13,1275.1999999999998,2opt,improve
799,18,1600.9999999999993,13,1275.1999999999998,2opt,improve
800,18,1600.9999999999993,13,1275.1999999999998,move,improve
801,18,1597.5000000000002,13,1275.1999999999998,2opt,improve
802,18,1589.5000000000005,13,1275.1999999999998,2opt,improve
803,18,1569.6999999999996,13,1275.1999999999998,2opt,improve
804,18,1568.3999999999994,13,1275.1999999999998,2opt,improve
805,18,1568.3999999999994,13,1275.1999999999998,move,improve
806,18,1628.1000000000001,13,1275.1999999999998,2opt,acceptBad
807,18,1635.8000000000004,13,1275.1999999999998,swap,acceptBad
808,18,1635.8000000000004,13,1275.1999999999998,move,improve
809,18,1609.8999999999994,13,1275.1999999999998,2opt,improve
810,18,1607.0999999999992,13,1275.1999999999998,2opt,improve
811,18,1606.999999999999,13,1275.1999999999998,swap,improve
812,18,1617.4999999999993,13,1275.1999999999998,swap,acceptBad
813,18,1633.6999999999998,13,1275.1999999999998,2opt,acceptBad
814,18,1576.7999999999997,13,1275.1999999999998,move,improve
815,18,1572.9999999999998,13,1275.1999999999998,move,improve
816,18,1567.3999999999999,13,1275.1999999999998,move,improve
817,18,1542.6,13,1275.1999999999998,swap,improve
818,18,1554.3999999999999,13,1275.1999999999998,swap,acceptBad
819,18,1554.3999999999999,13,1275.1999999999998,move,improve
820,18,1567.8999999999996,13,1275.1999999999998,swap,acceptBad
821,18,1561.8999999999996,13,1275.1999999999998,move,improve
822,18,1560.7999999999997,13,1275.1999999999998,swap,improve
823,18,1560.7999999999997,13,1275.1999999999998,move,improve
824,18,1560.7999999999997,13,1275.1999999999998,2opt,improve
825,18,1560.7999999999997,13,1275.1999999999998,move,improve
826,18,1598.6000000000001,13,1275.1999999999998,2opt,acceptBad
827,18,1598.6000000000001,13,1275.1999999999998,2opt,improve
828,18,1586.0000000000002,13,1275.1999999999998,swap,improve
829,18,1574.4,13,1275.1999999999998,swap,improve
830,18,1596.8000000000002,13,1275.1999999999998,2opt,acceptBad
831,18,1644.5000000000002,13,1275.1999999999998,2opt,acceptBad
832,18,1644.5000000000002,13,1275.1999999999998,move,improve
833,19,1692.4,13,1275.1999999999998,2opt,acceptBad
834,19,1689.3000000000004,13,1275.1999999999998,2opt,improve
835,19,1681.3000000000004,13,1275.1999999999998,move,improve
836,19,1658.1000000000006,13,1275.1999999999998,move,improve
837,19,1673.3000000000002,13,1275.1999999999998,2opt,acceptBad
838,19,1625.6000000000001,13,1275.1999999999998,move,improve
839,19,1625.6000000000001,13,1275.1999999999998,2opt,improve
840,19,1608.5000000000002,13,1275.1999999999998,2opt,improve
841,20,1635.8000000000004,13,1275.1999999999998,2opt,acceptBad
842,20,1663.3000000000004,13,1275.1999999999998,swap,acceptBad
843,20,1629.9,13,1275.1999999999998,2opt,improve
844,20,1629.9,13,1275.1999999999998,move,improve
845,19,1595.1999999999998,13,1275.1999999999998,move,improve
846,19,1594.9999999999998,13,1275.1999999999998,swap,improve
847,19,1604.9999999999995,13,1275.1999999999998,2opt,acceptBad
848,19,1609.9999999999998,13,1275.1999999999998,2opt,acceptBad
849,19,1601.1,13,1275.1999999999998,swap,improve
850,19,1569.9999999999998,13,1275.1999999999998,move,improve
851,19,1604.1999999999996,13,1275.1999999999998,2opt,acceptBad
852,19,1591.8999999999999,13,1275.1999999999998,move,improve
853,19,1633.3999999999999,13,1275.1999999999998,2opt,acceptBad
854,19,1662.6999999999998,13,1275.1999999999998,2opt,acceptBad
855,19,1662.6999999999998,13,1275.1999999999998,swap,improve
856,19,1641.4999999999998,13,1275.1999999999998,move,improve
857,19,1642.4999999999998,13,1275.1999999999998,swap,acceptBad
858,19,1646.6,13,1275.1999999999998,swap,acceptBad
859,19,1646.6,13,1275.1999999999998,2opt,improve
860,19,1659.2,13,1275.1999999999998,swap,acceptBad
861,19,1659.2,13,1275.1999999999998,move,improve
862,19,1632.7,13,1275.1999999999998,2opt,improve
863,19,1613.1000000000004,13,1275.1999999999998,2opt,improve
864,19,1609.6000000000004,13,1275.1999999999998,move,improve
865,19,1658.6,13,1275.1999999999998,swap,acceptBad
866,19,1711.4,13,1275.1999999999998,2opt,acceptBad
867,18,1697.6000000000001,13,1275.1999999999998,2opt,improve
868,18,1703.4000000000003,13,1275.1999999999998,2opt,acceptBad
869,18,1693.4000000000003,13,1275.1999999999998,move,improve
870,18,1690.4,13,1275.1999999999998,2opt,improve
871,18,1735.9,13,1275.1999999999998,2opt,acceptBad
872,18,1734.6999999999998,13,1275.1999999999998,swap,improve
873,18,1726.7999999999997,13,1275.1999999999998,move,improve
874,18,1726.7999999999997,13,1275.1999999999998,move,improve
875,18,1735.5999999999997,13,1275.1999999999998,2opt,acceptBad
876,18,1707.9999999999998,13,1275.1999999999998,swap,improve
877,18,1670.9999999999998,13,1275.1999999999998,2opt,improve
878,18,1670.9999999999998,13,1275.1999999999998,move,improve
879,18,1733.0999999999997,13,1275.1999999999998,swap,acceptBad
880,18,1717.2,13,1275.1999999999998,2opt,improve
881,18,1679.8,13,1275.1999999999998,move,improve
882,18,1646.3999999999996,13,1275.1999999999998,2opt,improve
883,18,1628.6,13,1275.1999999999998,swap,improve
884,18,1625.8,13,1275.1999999999998,2opt,improve
885,18,1631.1,13,1275.1999999999998,2opt,acceptBad
886,18,1605.6000000000001,13,1275.1999999999998,2opt,improve
887,18,1636.7000000000005,13,1275.1999999999998,swap,acceptBad
888,18,1650.5,13,1275.1999999999998,2opt,acceptBad
889,18,1670.7,13,1275.1999999999998,2opt,acceptBad
890,18,1677.4000000000003,13,1275.1999999999998,swap,acceptBad
891,18,1655.5000000000002,13,1275.1999999999998,swap,improve
892,18,1640.0,13,1275.1999999999998,move,improve
893,18,1629.8,13,1275.1999999999998,swap,improve
894,18,1629.8999999999999,13,1275.1999999999998,2opt,acceptBad
895,18,1611.1999999999998,13,1275.1999999999998,move,improve
896,18,1612.4999999999998,13,1275.1999999999998,swap,acceptBad
897,18,1604.5,13,1275.1999999999998,swap,improve
898,18,1635.3,13,1275.1999999999998,2opt,acceptBad
899,18,1645.7,13,1275.1999999999998,swap,acceptBad
900,18,1656.4,13,1275.1999999999998,swap,acceptBad
901,18,1656.4,13,1275.1999999999998,2opt,improve
902,18,1638.5,13,1275.1999999999998,swap,improve
903,18,1628.1,13,1275.1999999999998,move,improve
904,18,1653.8,13,1275.1999999999998,2opt,acceptBad
905,18,1633.8999999999999,13,1275.1999999999998,swap,improve
906,18,1671.3,13,1275.1999999999998,swap,acceptBad
907,18,1676.5000000000002,13,1275.1999999999998,2opt,acceptBad
908,18,1676.3000000000002,13,1275.1999999999998,swap,improve
909,18,1696.9000000000003,13,1275.1999999999998,swap,acceptBad
910,18,1718.1000000000004,13,1275.1999999999998,swap,acceptBad
911,18,1717.8000000000004,13,1275.1999999999998,swap,improve
912,18,1716.5000000000005,13,1275.1999999999998,swap,improve
913,18,1702.2000000000005,13,1275.1999999999998,move,improve
914,18,1703.9999999999998,13,1275.1999999999998,2opt,acceptBad
915,18,1672.6,13,1275.1999999999998,swap,improve
916,18,1672.6,13,1275.1999999999998,move,improve
917,18,1684.3,13,1275.1999999999998,swap,acceptBad
918,18,1690.3999999999999,13,1275.1999999999998,2opt,acceptBad
919,18,1689.9999999999998,13,1275.1999999999998,move,improve
920,18,1689.9999999999998,13,1275.1999999999998,2opt,improve
921,18,1662.2000000000003,13,1275.1999999999998,2opt,improve
922,18,1669.1000000000001,13,1275.1999999999998,swap,acceptBad
923,18,1702.7,13,1275.1999999999998,swap,acceptBad
924,18,1712.3000000000004,13,1275.1999999999998,2opt,acceptBad
925,18,1746.1000000000001,13,1275.1999999999998,2opt,acceptBad
926,18,1746.1000000000004,13,1275.1999999999998,swap,acceptBad
927,18,1734.4000000000003,13,1275.1999999999998,2opt,improve
928,18,1706.3000000000002,13,1275.1999999999998,2opt,improve
929,18,1715.6000000000001,13,1275.1999999999998,swap,acceptBad
930,18,1710.1999999999996,13,1275.1999999999998,2opt,improve
931,18,1686.1999999999996,13,1275.1999999999998,move,improve
932,18,1636.0999999999995,13,1275.1999999999998,move,improve
933,18,1635.2000000000003,13,1275.1999999999998,2opt,improve
934,18,1687.8000000000002,13,1275.1999999999998,swap,acceptBad
935,18,1686.9,13,1275.1999999999998,swap,improve
936,18,1723.3999999999999,13,1275.1999999999998,2opt,acceptBad
937,18,1723.3999999999999,13,1275.1999999999998,move,improve
938,18,1712.6999999999996,13,1275.1999999999998,swap,improve
939,18,1702.1999999999998,13,1275.1999999999998,2opt,improve
940,18,1713.4,13,1275.1999999999998,2opt,acceptBad
941,18,1713.6000000000001,13,1275.1999999999998,swap,acceptBad
942,18,1721.8000000000002,13,1275.1999999999998,2opt,acceptBad
943,18,1706.0000000000002,13,1275.1999999999998,2opt,improve
944,18,1697.6000000000001,13,1275.1999999999998,swap,improve
945,18,1725.7999999999997,13,1275.1999999999998,2opt,acceptBad
946,18,1733.1999999999998,13,1275.1999999999998,swap,acceptBad
947,18,1717.7,13,1275.1999999999998,move,improve
948,18,1717.1,13,1275.1999999999998,move,improve
949,18,1672.8,13,1275.1999999999998,move,improve
950,18,1672.7,13,1275.1999999999998,move,improve
951,18,1668.6999999999998,13,1275.1999999999998,move,improve
952,18,1668.6999999999998,13,1275.1999999999998,move,improve
953,18,1679.1,13,1275.1999999999998,swap,acceptBad
954,18,1679.1,13,1275.1999999999998,move,improve
955,18,1681.7999999999997,13,1275.1999999999998,2opt,acceptBad
956,18,1689.4000000000003,13,1275.1999999999998,2opt,acceptBad
957,18,1685.0000000000005,13,1275.1999999999998,swap,improve
958,18,1690.5000000000005,13,1275.1999999999998,2opt,acceptBad
959,18,1724.7000000000003,13,1275.1999999999998,swap,acceptBad
960,18,1737.9000000000003,13,1275.1999999999998,2opt,acceptBad
961,18,1726.7,13,1275.1999999999998,2opt,improve
962,18,1737.6999999999998,13,1275.1999999999998,2opt,acceptBad
963,18,1724.8999999999996,13,1275.1999999999998,swap,improve
964,18,1687.8999999999999,13,1275.1999999999998,move,improve
965,18,1707.0,13,1275.1999999999998,2opt,acceptBad
966,18,1740.2,13,1275.1999999999998,swap,acceptBad
967,18,1734.5,13,1275.1999999999998,move,improve
968,18,1721.4,13,1275.1999999999998,move,improve
969,18,1721.4,13,1275.1999999999998,2opt,improve
970,18,1693.7,13,1275.1999999999998,move,improve
971,19,1732.5,13,1275.1999999999998,2opt,acceptBad
972,19,1732.5,13,1275.1999999999998,move,improve
973,19,1792.9,13,1275.1999999999998,2opt,acceptBad
974,19,1806.3,13,1275.1999999999998,swap,acceptBad
975,19,1806.3,13,1275.1999999999998,move,improve
976,19,1762.5,13,1275.1999999999998,move,improve
977,18,1718.1000000000001,13,1275.1999999999998,move,improve
978,18,1681.3,13,1275.1999999999998,swap,improve
979,18,1667.8,13,1275.1999999999998,move,improve
980,18,1694.3999999999999,13,1275.1999999999998,2opt,acceptBad
981,18,1694.3999999999999,13,1275.1999999999998,move,improve
982,18,1687.1999999999998,13,1275.1999999999998,2opt,improve
983,18,1687.1999999999998,13,1275.1999999999998,move,improve
984,18,1663.1,13,1275.1999999999998,move,improve
985,18,1685.0000000000005,13,1275.1999999999998,2opt,acceptBad
986,19,1731.9000000000003,13,1275.1999999999998,2opt,acceptBad
987,19,1728.8000000000004,13,1275.1999999999998,swap,improve
988,18,1668.6000000000004,13,1275.1999999999998,move,improve
989,18,1668.6000000000004,13,1275.1999999999998,move,improve
990,18,1681.6000000000004,13,1275.1999999999998,swap,acceptBad
991,18,1684.6000000000004,13,1275.1999999999998,swap,acceptBad
992,18,1683.4000000000003,13,1275.1999999999998,move,improve
993,18,1683.4000000000003,13,1275.1999999999998,swap,improve
994,18,1683.4000000000003,13,1275.1999999999998,2opt,improve
995,18,1692.7,13,1275.1999999999998,swap,acceptBad
996,18,1694.8000000000002,13,1275.1999999999998,2opt,acceptBad
997,18,1686.2999999999997,13,1275.1999999999998,2opt,improve
998,18,1731.6,13,1275.1999999999998,swap,acceptBad
999,18,1751.6,13,1275.1999999999998,swap,acceptBad
1000,18,1766.5,13,1275.1999999999998,swap,acceptBad
1001,18,1744.4000000000005,13,1275.1999999999998,2opt,improve
1002,18,1702.8000000000004,13,1275.1999999999998,move,improve
1003,18,1702.8000000000004,13,1275.1999999999998,move,improve
1004,18,1694.4000000000005,13,1275.1999999999998,move,improve
1005,18,1697.1000000000006,13,1275.1999999999998,swap,acceptBad
1006,18,1722.0000000000002,13,1275.1999999999998,2opt,acceptBad
1007,18,1739.8,13,1275.1999999999998,swap,acceptBad
1008,18,1696.7,13,1275.1999999999998,move,improve
1009,18,1675.5,13,1275.1999999999998,move,improve
1010,18,1675.5000000000007,13,1275.1999999999998,swap,acceptBad
1011,18,1713.7000000000007,13,1275.1999999999998,swap,acceptBad
1012,18,1726.3000000000006,13,1275.1999999999998,swap,acceptBad
1013,18,1750.0000000000005,13,1275.1999999999998,swap,acceptBad
1014,18,1725.3,13,1275.1999999999998,2opt,improve
1015,18,1702.6999999999996,13,1275.1999999999998,2opt,improve
1016,18,1737.7999999999997,13,1275.1999999999998,swap,acceptBad
1017,19,1753.7,13,1275.1999999999998,2opt,acceptBad
1018,19,1746.9,13,1275.1999999999998,move,improve
1019,19,1765.4,13,1275.1999999999998,2opt,acceptBad
1020,19,1775.4000000000003,13,1275.1999999999998,move,acceptBad
1021,19,1804.1000000000004,13,1275.1999999999998,swap,acceptBad
1022,19,1798.6000000000004,13,1275.1999999999998,swap,improve
1023,19,1787.7000000000005,13,1275.1999999999998,move,improve
1024,19,1776.9000000000005,13,1275.1999999999998,move,improve
1025,19,1788.2000000000003,13,1275.1999999999998,swap,acceptBad
1026,19,1788.2000000000003,13,1275.1999999999998,move,improve
1027,19,1790.1000000000001,13,1275.1999999999998,swap,acceptBad
1028,19,1786.9999999999998,13,1275.1999999999998,2opt,improve
1029,19,1777.5999999999997,13,1275.1999999999998,swap,improve
1030,19,1777.5999999999997,13,1275.1999999999998,2opt,improve
1031,19,1801.6,13,1275.1999999999998,2opt,acceptBad
1032,19,1817.3,13,1275.1999999999998,2opt,acceptBad
1033,19,1837.2,13,1275.1999999999998,swap,acceptBad
1034,19,1853.3000000000002,13,1275.1999999999998,2opt,acceptBad
1035,19,1886.3,13,1275.1999999999998,2opt,acceptBad
1036,19,1876.4000000000003,13,1275.1999999999998,2opt,improve
1037,19,1874.0,13,1275.1999999999998,2opt,improve
1038,19,1866.8000000000002,13,1275.1999999999998,2opt,improve
1039,19,1826.6000000000001,13,1275.1999999999998,move,improve
1040,19,1839.4000000000003,13,1275.1999999999998,swap,acceptBad
1041,19,1867.7000000000003,13,1275.1999999999998,swap,acceptBad
1042,20,1857.9000000000003,13,1275.1999999999998,2opt,improve
1043,20,1898.4000000000003,13,1275.1999999999998,swap,acceptBad
1044,20,1898.4000000000003,13,1275.1999999999998,move,improve
1045,20,1902.3000000000004,13,1275.1999999999998,2opt,acceptBad
1046,20,1892.0000000000002,13,1275.1999999999998,2opt,improve
1047,20,1892.0000000000002,13,1275.1999999999998,move,improve
1048,20,1910.1000000000004,13,1275.1999999999998,2opt,acceptBad
1049,20,1898.3000000000002,13,1275.1999999999998,2opt,improve
1050,20,1934.5000000000002,13,1275.1999999999998,2opt,acceptBad
1051,20,1908.5000000000002,13,1275.1999999999998,move,improve
1052,20,1906.4000000000003,13,1275.1999999999998,2opt,improve
1053,20,1918.0000000000002,13,1275.1999999999998,2opt,acceptBad
1054,20,1937.9,13,1275.1999999999998,swap,acceptBad
1055,20,1934.2,13,1275.1999999999998,move,improve
1056,20,1923.5000000000002,13,1275.1999999999998,2opt,improve
1057,19,1879.4000000000003,13,1275.1999999999998,move,improve
1058,19,1845.8000000000002,13,1275.1999999999998,move,improve
1059,19,1841.9000000000005,13,1275.1999999999998,swap,improve
1060,19,1841.9000000000005,13,1275.1999999999998,swap,improve
1061,19,1786.1000000000006,13,1275.1999999999998,move,improve
1062,19,1775.4000000000003,13,1275.1999999999998,swap,improve
1063,19,1772.1999999999996,13,1275.1999999999998,2opt,improve
1064,19,1779.0000000000002,13,1275.1999999999998,2opt,acceptBad
1065,19,1810.5999999999997,13,1275.1999999999998,2opt,acceptBad
1066,19,1790.1,13,1275.1999999999998,2opt,improve
1067,19,1793.3000000000002,13,1275.1999999999998,2opt,acceptBad
1068,19,1793.3000000000002,13,1275.1999999999998,2opt,improve
1069,19,1780.6000000000004,13,1275.1999999999998,2opt,improve
1070,19,1793.9000000000005,13,1275.1999999999998,2opt,acceptBad
1071,19,1772.3000000000004,13,1275.1999999999998,move,improve
1072,19,1733.4000000000003,13,1275.1999999999998,move,improve
1073,19,1741.6000000000001,13,1275.1999999999998,2opt,acceptBad
1074,19,1707.6000000000001,13,1275.1999999999998,2opt,improve
1075,19,1698.7000000000003,13,1275.1999999999998,move,improve
1076,19,1674.7000000000003,13,1275.1999999999998,move,improve
1077,19,1674.4,13,1275.1999999999998,move,improve
1078,19,1644.0000000000002,13,1275.1999999999998,move,improve
1079,19,1644.0000000000002,13,1275.1999999999998,move,improve
1080,19,1633.6000000000001,13,1275.1999999999998,swap,improve
1081,19,1700.9,13,1275.1999999999998,swap,acceptBad
1082,19,1689.9999999999995,13,1275.1999999999998,2opt,improve
1083,19,1776.5999999999997,13,1275.1999999999998,swap,acceptBad
1084,19,1813.7999999999995,13,1275.1999999999998,swap,acceptBad
1085,19,1822.2999999999997,13,1275.1999999999998,2opt,acceptBad
1086,19,1797.1,13,1275.1999999999998,swap,improve
1087,19,1754.5,13,1275.1999999999998,move,improve
1088,19,1722.2999999999997,13,1275.1999999999998,swap,improve
1089,19,1722.2999999999997,13,1275.1999999999998,move,improve
1090,19,1670.5999999999995,13,1275.1999999999998,move,improve
1091,19,1670.5999999999995,13,1275.1999999999998,move,improve
1092,19,1670.5999999999995,13,1275.1999999999998,move,improve
1093,19,1652.4999999999995,13,1275.1999999999998,2opt,improve
1094,19,1652.5999999999995,13,1275.1999999999998,swap,acceptBad
1095,19,1636.9999999999998,13,1275.1999999999998,2opt,improve
1096,19,1654.1999999999998,13,1275.1999999999998,2opt,acceptBad
1097,19,1690.7,13,1275.1999999999998,swap,acceptBad
1098,19,1692.4,13,1275.1999999999998,swap,acceptBad
1099,19,1692.4,13,1275.1999999999998,move,improve
1100,19,1669.5000000000002,13,1275.1999999999998,2opt,improve
1101,19,1705.1999999999994,13,1275.1999999999998,2opt,acceptBad
1102,19,1705.9999999999993,13,1275.1999999999998,2opt,acceptBad
1103,19,1698.4999999999995,13,1275.1999999999998,2opt,improve
1104,19,1688.5999999999997,13,1275.1999999999998,swap,improve
1105,19,1688.5999999999997,13,1275.1999999999998,2opt,improve
1106,19,1687.4999999999995,13,1275.1999999999998,move,improve
1107,19,1690.2999999999997,13,1275.1999999999998,swap,acceptBad
1108,19,1690.2999999999997,13,1275.1999999999998,move,improve
1109,19,1690.2999999999997,13,1275.1999999999998,move,improve
1110,19,1680.6999999999996,13,1275.1999999999998,move,improve
1111,19,1665.6999999999996,13,1275.1999999999998,move,improve
1112,19,1675.2999999999997,13,1275.1999999999998,swap,acceptBad
1113,19,1675.2999999999997,13,1275.1999999999998,2opt,improve
1114,19,1679.2999999999997,13,1275.1999999999998,2opt,acceptBad
1115,19,1709.5999999999995,13,1275.1999999999998,2opt,acceptBad
1116,19,1707.1000000000001,13,1275.1999999999998,2opt,improve
1117,20,1769.3000000000002,13,1275.1999999999998,2opt,acceptBad
1118,20,1760.0000000000002,13,1275.1999999999998,move,improve
1119,20,1721.8,13,1275.1999999999998,move,improve
1120,20,1688.2,13,1275.1999999999998,move,improve
1121,20,1706.2,13,1275.1999999999998,swap,acceptBad
1122,20,1753.8000000000002,13,1275.1999999999998,swap,acceptBad
1123,20,1714.7,13,1275.1999999999998,swap,improve
1124,20,1723.0,13,1275.1999999999998,2opt,acceptBad
1125,20,1688.3999999999999,13,1275.1999999999998,swap,improve
1126,20,1692.6999999999998,13,1275.1999999999998,swap,acceptBad
1127,20,1731.6999999999998,13,1275.1999999999998,swap,acceptBad
1128,20,1783.6000000000004,13,1275.1999999999998,2opt,acceptBad
1129,20,1764.6000000000001,13,1275.1999999999998,2opt,improve
1130,20,1764.6000000000001,13,1275.1999999999998,move,improve
1131,20,1764.6000000000001,13,1275.1999999999998,move,improve
1132,20,1785.7000000000005,13,1275.1999999999998,2opt,acceptBad
1133,20,1753.1,13,1275.1999999999998,2opt,improve
1134,20,1753.1000000000001,13,1275.1999999999998,swap,acceptBad
1135,20,1732.2,13,1275.1999999999998,2opt,improve
1136,20,1719.7,13,1275.1999999999998,move,improve
1137,20,1693.0000000000005,13,1275.1999999999998,2opt,improve
1138,20,1774.8000000000006,13,1275.1999999999998,2opt,acceptBad
1139,20,1773.0000000000005,13,1275.1999999999998,move,improve
1140,20,1754.2000000000005,13,1275.1999999999998,2opt,improve
1141,20,1763.5,13,1275.1999999999998,2opt,acceptBad
1142,20,1731.3999999999999,13,1275.1999999999998,swap,improve
1143,20,1713.8999999999999,13,1275.1999999999998,swap,improve
1144,20,1712.9999999999998,13,1275.1999999999998,swap,improve
1145,20,1740.3000000000002,13,1275.1999999999998,2opt,acceptBad
1146,20,1740.3000000000002,13,1275.1999999999998,move,improve
1147,20,1740.3,13,1275.1999999999998,swap,improve
1148,20,1774.8999999999999,13,1275.1999999999998,swap,acceptBad
1149,20,1748.8,13,1275.1999999999998,2opt,improve
1150,20,1762.5,13,1275.1999999999998,swap,acceptBad
1151,20,1762.5,13,1275.1999999999998,move,improve
1152,20,1752.1000000000004,13,1275.1999999999998,swap,improve
1153,20,1798.0000000000007,13,1275.1999999999998,swap,acceptBad
1154,19,1746.9000000000005,13,1275.1999999999998,move,improve
1155,19,1801.6000000000006,13,1275.1999999999998,swap,acceptBad
1156,19,1778.7000000000005,13,1275.1999999999998,2opt,improve
1157,19,1800.2000000000005,13,1275.1999999999998,2opt,acceptBad
1158,19,1800.2000000000005,13,1275.1999999999998,move,improve
1159,19,1760.7000000000005,13,1275.1999999999998,swap,improve
1160,19,1755.8000000000004,13,1275.1999999999998,move,improve
1161,19,1755.8000000000004,13,1275.1999999999998,swap,improve
1162,20,1819.4000000000003,13,1275.1999999999998,2opt,acceptBad
1163,20,1797.1000000000004,13,1275.1999999999998,move,improve
1164,20,1811.2000000000003,13,1275.1999999999998,2opt,acceptBad
1165,19,1775.2000000000003,13,1275.1999999999998,move,improve
1166,19,1775.2000000000003,13,1275.1999999999998,2opt,improve
1167,19,1764.5000000000002,13,1275.1999999999998,move,improve
1168,19,1722.8000000000004,13,1275.1999999999998,swap,improve
1169,19,1714.8000000000004,13,1275.1999999999998,move,improve
1170,19,1714.8000000000004,13,1275.1999999999998,move,improve
1171,19,1725.2000000000003,13,1275.1999999999998,move,acceptBad
1172,19,1717.9,13,1275.1999999999998,swap,improve
1173,20,1744.2,13,1275.1999999999998,2opt,acceptBad
1174,21,1797.5000000000002,13,1275.1999999999998,2opt,acceptBad
1175,20,1759.7000000000003,13,1275.1999999999998,move,improve
1176,20,1741.5000000000002,13,1275.1999999999998,2opt,improve
1177,20,1747.7000000000003,13,1275.1999999999998,2opt,acceptBad
1178,19,1715.3000000000002,13,1275.1999999999998,2opt,improve
1179,19,1704.3000000000002,13,1275.1999999999998,swap,improve
1180,19,1704.3000000000002,13,1275.1999999999998,move,improve
1181,19,1698.9,13,1275.1999999999998,2opt,improve
1182,19,1698.9,13,1275.1999999999998,move,improve
1183,19,1666.2000000000003,13,1275.1999999999998,2opt,improve
1184,19,1680.5000000000005,13,1275.1999999999998,swap,acceptBad
1185,19,1680.8000000000004,13,1275.1999999999998,swap,acceptBad
1186,19,1667.2000000000005,13,1275.1999999999998,move,improve
1187,19,1677.9000000000005,13,1275.1999999999998,swap,acceptBad
1188,19,1677.1999999999996,13,1275.1999999999998,2opt,improve
1189,19,1677.1999999999996,13,1275.1999999999998,2opt,improve
1190,19,1671.8999999999996,13,1275.1999999999998,move,improve
1191,19,1661.1999999999991,13,1275.1999999999998,2opt,improve
1192,19,1639.1999999999991,13,1275.1999999999998,move,improve
1193,19,1640.7999999999993,13,1275.1999999999998,swap,acceptBad
1194,19,1658.9999999999993,13,1275.1999999999998,swap,acceptBad
1195,18,1595.5999999999995,13,1275.1999999999998,move,improve
1196,18,1582.7999999999995,13,1275.1999999999998,swap,improve
1197,18,1623.7,13,1275.1999999999998,2opt,acceptBad
1198,18,1590.8,13,1275.1999999999998,move,improve
1199,18,1614.8000000000004,13,1275.1999999999998,2opt,acceptBad
1200,18,1642.7,13,1275.1999999999998,2opt,acceptBad
1201,18,1677.1,13,1275.1999999999998,2opt,acceptBad
1202,18,1658.6999999999998,13,1275.1999999999998,move,improve
1203,18,1658.6999999999998,13,1275.1999999999998,move,improve
1204,18,1657.8,13,1275.1999999999998,move,improve
1205,18,1657.8,13,1275.1999999999998,move,improve
1206,18,1657.8,13,1275.1999999999998,move,improve
1207,18,1657.8,13,1275.1999999999998,move,improve
1208,18,1694.8,13,1275.1999999999998,swap,acceptBad
1209,18,1679.1999999999998,13,1275.1999999999998,move,improve
1210,18,1647.3999999999999,13,1275.1999999999998,move,improve
1211,18,1641.9999999999998,13,1275.1999999999998,swap,improve
1212,18,1656.7999999999995,13,1275.1999999999998,2opt,acceptBad
1213,18,1654.4999999999998,13,1275.1999999999998,swap,improve
1214,18,1681.6000000000001,13,1275.1999999999998,2opt,acceptBad
1215,19,1719.3000000000004,13,1275.1999999999998,2opt,acceptBad
1216,19,1700.8000000000004,13,1275.1999999999998,move,improve
1217,19,1682.0000000000005,13,1275.1999999999998,move,improve
1218,19,1682.0000000000005,13,1275.1999999999998,move,improve
1219,19,1677.8000000000004,13,1275.1999999999998,move,improve
1220,19,1635.1000000000004,13,1275.1999999999998,move,improve
1221,19,1634.4000000000005,13,1275.1999999999998,swap,improve
1222,19,1641.6,13,1275.1999999999998,2opt,acceptBad
1223,19,1634.4999999999998,13,1275.1999999999998,move,improve
1224,19,1650.2999999999997,13,1275.1999999999998,swap,acceptBad
1225,19,1666.8,13,1275.1999999999998,swap,acceptBad
1226,19,1664.5999999999997,13,1275.1999999999998,2opt,improve
1227,19,1653.4999999999995,13,1275.1999999999998,swap,improve
1228,19,1629.4999999999995,13,1275.1999999999998,move,improve
1229,19,1562.8999999999994,13,1275.1999999999998,move,improve
1230,19,1550.8000000000002,13,1275.1999999999998,2opt,improve
1231,19,1574.5000000000002,13,1275.1999999999998,2opt,acceptBad
1232,19,1564.3999999999996,13,1275.1999999999998,2opt,improve
1233,19,1581.1999999999996,13,1275.1999999999998,swap,acceptBad
1234,19,1631.1999999999996,13,1275.1999999999998,swap,acceptBad
1235,19,1640.8999999999996,13,1275.1999999999998,swap,acceptBad
1236,19,1613.0000000000002,13,1275.1999999999998,2opt,improve
1237,19,1578.3000000000002,13,1275.1999999999998,move,improve
1238,19,1577.7999999999997,13,1275.1999999999998,swap,improve
1239,19,1617.6999999999998,13,1275.1999999999998,2opt,acceptBad
1240,19,1617.6999999999998,13,1275.1999999999998,2opt,improve
1241,19,1626.1,13,1275.1999999999998,swap,acceptBad
1242,19,1650.6,13,1275.1999999999998,swap,acceptBad
1243,19,1650.6,13,1275.1999999999998,move,improve
1244,19,1670.6999999999998,13,1275.1999999999998,2opt,acceptBad
1245,19,1652.1,13,1275.1999999999998,swap,improve
1246,19,1641.2999999999997,13,1275.1999999999998,swap,improve
1247,19,1630.1999999999998,13,1275.1999999999998,move,improve
1248,19,1630.1999999999998,13,1275.1999999999998,move,improve
1249,19,1650.1999999999998,13,1275.1999999999998,swap,acceptBad
1250,19,1646.1000000000001,13,1275.1999999999998,move,improve
1251,19,1650.5000000000002,13,1275.1999999999998,swap,acceptBad
1252,19,1650.5000000000002,13,1275.1999999999998,swap,improve
1253,19,1669.1000000000004,13,1275.1999999999998,2opt,acceptBad
1254,19,1679.7000000000005,13,1275.1999999999998,swap,acceptBad
1255,20,1705.3000000000004,13,1275.1999999999998,2opt,acceptBad
1256,20,1701.7999999999997,13,1275.1999999999998,2opt,improve
1257,20,1690.1999999999998,13,1275.1999999999998,move,improve
1258,20,1690.1999999999998,13,1275.1999999999998,2opt,improve
1259,20,1741.6000000000006,13,1275.1999999999998,2opt,acceptBad
1260,20,1759.3000000000002,13,1275.1999999999998,2opt,acceptBad
1261,20,1793.5000000000002,13,1275.1999999999998,swap,acceptBad
1262,20,1787.9,13,1275.1999999999998,move,improve
1263,20,1787.5000000000005,13,1275.1999999999998,2opt,improve
1264,20,1802.5000000000005,13,1275.1999999999998,swap,acceptBad
1265,20,1802.5000000000005,13,1275.1999999999998,move,improve
1266,19,1749.5000000000005,13,1275.1999999999998,move,improve
1267,19,1747.8000000000004,13,1275.1999999999998,2opt,improve
1268,19,1739.8000000000004,13,1275.1999999999998,2opt,improve
1269,19,1742.5000000000007,13,1275.1999999999998,2opt,acceptBad
1270,19,1742.5000000000007,13,1275.1999999999998,2opt,improve
1271,19,1781.7000000000007,13,1275.1999999999998,swap,acceptBad
1272,19,1781.7000000000007,13,1275.1999999999998,2opt,improve
1273,19,1786.8000000000006,13,1275.1999999999998,swap,acceptBad
1274,19,1777.7000000000005,13,1275.1999999999998,swap,improve
1275,19,1777.4000000000003,13,1275.1999999999998,move,improve
1276,19,1755.2000000000005,13,1275.1999999999998,swap,improve
1277,19,1755.2000000000005,13,1275.1999999999998,move,improve
1278,19,1723.5000000000007,13,1275.1999999999998,swap,improve
1279,19,1723.5000000000007,13,1275.1999999999998,2opt,improve
1280,19,1723.5000000000007,13,1275.1999999999998,2opt,improve
1281,19,1770.5000000000007,13,1275.1999999999998,swap,acceptBad
1282,19,1770.5000000000007,13,1275.1999999999998,2opt,notBad
1283,19,1770.5000000000007,13,1275.1999999999998,move,improve
1284,19,1760.3,13,1275.1999999999998,2opt,improve
1285,19,1735.8999999999999,13,1275.1999999999998,swap,improve
1286,19,1704.9999999999998,13,1275.1999999999998,move,improve
1287,19,1671.1999999999998,13,1275.1999999999998,move,improve
1288,19,1687.8999999999999,13,1275.1999999999998,swap,acceptBad
1289,19,1656.8999999999999,13,1275.1999999999998,swap,improve
1290,19,1656.8999999999999,13,1275.1999999999998,move,improve
1291,19,1656.2,13,1275.1999999999998,swap,improve
1292,19,1646.9,13,1275.1999999999998,swap,improve
1293,19,1658.8999999999999,13,1275.1999999999998,2opt,acceptBad
1294,19,1662.8000000000002,13,1275.1999999999998,2opt,acceptBad
1295,19,1662.8000000000002,13,1275.1999999999998,move,improve
1296,19,1659.3000000000002,13,1275.1999999999998,move,improve
1297,19,1652.3000000000004,13,1275.1999999999998,swap,improve
1298,19,1667.3000000000002,13,1275.1999999999998,swap,acceptBad
1299,18,1661.9000000000003,13,1275.1999999999998,2opt,improve
1300,18,1661.5000000000005,13,1275.1999999999998,move,improve
1301,18,1653.3000000000004,13,1275.1999999999998,move,improve
1302,18,1653.3000000000004,13,1275.1999999999998,move,improve
1303,18,1648.0000000000005,13,1275.1999999999998,swap,improve
1304,18,1648.0000000000005,13,1275.1999999999998,move,improve
1305,18,1703.3000000000004,13,1275.1999999999998,2opt,acceptBad
1306,18,1703.3000000000004,13,1275.1999999999998,move,improve
1307,18,1703.3000000000004,13,1275.1999999999998,move,improve
1308,18,1680.6000000000004,13,1275.1999999999998,move,improve
1309,18,1680.6000000000001,13,1275.1999999999998,move,improve
1310,18,1674.0000000000002,13,1275.1999999999998,swap,improve
1311,18,1619.0000000000002,13,1275.1999999999998,move,improve
1312,18,1665.0,13,1275.1999999999998,2opt,acceptBad
1313,18,1651.0000000000002,13,1275.1999999999998,move,improve
1314,18,1620.0000000000002,13,1275.1999999999998,move,improve
1315,18,1619.9,13,1275.1999999999998,2opt,improve
1316,18,1651.1000000000004,13,1275.1999999999998,swap,acceptBad
1317,18,1644.1999999999996,13,1275.1999999999998,2opt,improve
1318,18,1637.2000000000005,13,1275.1999999999998,2opt,improve
1319,18,1620.9000000000003,13,1275.1999999999998,2opt,improve
1320,18,1634.2000000000003,13,1275.1999999999998,swap,acceptBad
1321,18,1685.4000000000003,13,1275.1999999999998,swap,acceptBad
1322,18,1689.2000000000003,13,1275.1999999999998,swap,acceptBad
1323,18,1670.7000000000003,13,1275.1999999999998,move,improve
1324,18,1689.7,13,1275.1999999999998,2opt,acceptBad
1325,18,1693.3999999999992,13,1275.1999999999998,2opt,acceptBad
1326,18,1693.1999999999994,13,1275.1999999999998,swap,improve
1327,18,1668.7999999999995,13,1275.1999999999998,2opt,improve
1328,18,1663.6999999999996,13,1275.1999999999998,swap,improve
1329,18,1663.6999999999996,13,1275.1999999999998,move,improve
1330,18,1646.9999999999995,13,1275.1999999999998,move,improve
1331,18,1643.6,13,1275.1999999999998,move,improve
1332,18,1616.5,13,1275.1999999999998,swap,improve
1333,18,1659.4000000000003,13,1275.1999999999998,swap,acceptBad
1334,18,1611.8000000000002,13,1275.1999999999998,move,improve
1335,18,1616.9,13,1275.1999999999998,swap,acceptBad
1336,18,1616.9,13,1275.1999999999998,move,improve
1337,18,1616.9,13,1275.1999999999998,move,improve
1338,18,1616.8000000000004,13,1275.1999999999998,2opt,improve
1339,18,1610.4000000000003,13,1275.1999999999998,swap,improve
1340,18,1620.7000000000003,13,1275.1999999999998,2opt,acceptBad
1341,18,1641.4000000000005,13,1275.1999999999998,swap,acceptBad
1342,18,1642.4000000000005,13,1275.1999999999998,2opt,acceptBad
1343,18,1628.8000000000006,13,1275.1999999999998,move,improve
1344,18,1645.8000000000006,13,1275.1999999999998,2opt,acceptBad
1345,19,1681.8000000000009,13,1275.1999999999998,2opt,acceptBad
1346,19,1689.6000000000008,13,1275.1999999999998,2opt,acceptBad
1347,19,1684.8000000000006,13,1275.1999999999998,swap,improve
1348,19,1687.4000000000008,13,1275.1999999999998,swap,acceptBad
1349,19,1646.9000000000005,13,1275.1999999999998,2opt,improve
1350,19,1681.2000000000005,13,1275.1999999999998,swap,acceptBad
1351,19,1681.3000000000004,13,1275.1999999999998,swap,acceptBad
1352,19,1675.0000000000002,13,1275.1999999999998,swap,improve
1353,19,1659.9000000000003,13,1275.1999999999998,move,improve
1354,19,1651.9,13,1275.1999999999998,move,improve
1355,19,1644.4,13,1275.1999999999998,move,improve
1356,19,1672.4,13,1275.1999999999998,swap,acceptBad
1357,19,1659.8,13,1275.1999999999998,swap,improve
1358,19,1603.8000000000002,13,1275.1999999999998,swap,improve
1359,19,1590.6000000000001,13,1275.1999999999998,move,improve
1360,19,1585.0000000000002,13,1275.1999999999998,swap,improve
1361,19,1585.0000000000002,13,1275.1999999999998,move,improve
1362,19,1586.5,13,1275.1999999999998,2opt,acceptBad
1363,19,1567.4999999999998,13,1275.1999999999998,move,improve
1364,19,1591.3999999999999,13,1275.1999999999998,swap,acceptBad
1365,18,1561.3999999999999,13,1275.1999999999998,move,improve
1366,18,1541.2,13,1275.1999999999998,swap,improve
1367,18,1520.8,13,1275.1999999999998,swap,improve
1368,18,1573.2,13,1275.1999999999998,swap,acceptBad
1369,18,1569.9999999999995,13,1275.1999999999998,2opt,improve
1370,18,1569.9999999999995,13,1275.1999999999998,2opt,improve
1371,18,1562.8,13,1275.1999999999998,2opt,improve
1372,18,1547.4000000000003,13,1275.1999999999998,swap,improve
1373,18,1538.5000000000002,13,1275.1999999999998,2opt,improve
1374,18,1563.5999999999997,13,1275.1999999999998,2opt,acceptBad
1375,18,1563.5999999999997,13,1275.1999999999998,move,improve
1376,18,1549.8999999999996,13,1275.1999999999998,move,improve
1377,19,1593.1,13,1275.1999999999998,2opt,acceptBad
1378,19,1581.1,13,1275.1999999999998,move,improve
1379,19,1581.1,13,1275.1999999999998,move,improve
1380,19,1581.1,13,1275.1999999999998,move,improve
1381,19,1581.1,13,1275.1999999999998,move,improve
1382,19,1601.1999999999998,13,1275.1999999999998,swap,acceptBad
1383,19,1656.6,13,1275.1999999999998,swap,acceptBad
1384,20,1687.7,13,1275.1999999999998,2opt,acceptBad
1385,20,1695.7,13,1275.1999999999998,swap,acceptBad
1386,20,1695.7,13,1275.1999999999998,move,improve
1387,20,1700.4,13,1275.1999999999998,swap,acceptBad
1388,20,1712.3,13,1275.1999999999998,swap,acceptBad
1389,20,1636.0,13,1275.1999999999998,move,improve
1390,20,1624.1000000000001,13,1275.1999999999998,swap,improve
1391,20,1662.6000000000001,13,1275.1999999999998,swap,acceptBad
1392,20,1668.9,13,1275.1999999999998,move,acceptBad
1393,20,1667.1999999999998,13,1275.1999999999998,move,improve
1394,20,1638.3,13,1275.1999999999998,move,improve
1395,20,1632.3,13,1275.1999999999998,2opt,improve
1396,20,1649.3000000000002,13,1275.1999999999998,2opt,acceptBad
1397,20,1628.1000000000004,13,1275.1999999999998,move,improve
1398,20,1603.2000000000003,13,1275.1999999999998,move,improve
1399,19,1578.4000000000003,13,1275.1999999999998,move,improve
1400,19,1577.4000000000003,13,1275.1999999999998,2opt,improve
1401,19,1577.4000000000003,13,1275.1999999999998,move,improve
1402,19,1556.0,13,1275.1999999999998,swap,improve
1403,19,1564.9,13,1275.1999999999998,swap,acceptBad
1404,19,1540.9,13,1275.1999999999998,2opt,improve
1405,19,1574.9,13,1275.1999999999998,swap,acceptBad
1406,19,1531.1000000000001,13,1275.1999999999998,2opt,improve
1407,19,1531.1000000000001,13,1275.1999999999998,move,improve
1408,19,1550.5000000000002,13,1275.1999999999998,2opt,acceptBad
1409,19,1566.3000000000002,13,1275.1999999999998,swap,acceptBad
1410,18,1516.7,13,1275.1999999999998,move,improve
1411,18,1511.1,13,1275.1999999999998,swap,improve
1412,18,1516.6,13,1275.1999999999998,swap,acceptBad
1413,18,1516.1,13,1275.1999999999998,swap,improve
1414,18,1542.6000000000006,13,1275.1999999999998,2opt,acceptBad
1415,18,1542.6000000000006,13,1275.1999999999998,move,improve
1416,18,1542.6000000000006,13,1275.1999999999998,move,improve
1417,18,1547.3999999999999,13,1275.1999999999998,2opt,acceptBad
1418,18,1506.2999999999997,13,1275.1999999999998,move,improve
1419,18,1506.2999999999997,13,1275.1999999999998,move,improve
1420,18,1522.7999999999997,13,1275.1999999999998,swap,acceptBad
1421,18,1499.8999999999996,13,1275.1999999999998,move,improve
1422,18,1499.8999999999996,13,1275.1999999999998,2opt,notBad
1423,18,1485.1999999999996,13,1275.1999999999998,move,improve
1424,18,1458.6999999999996,13,1275.1999999999998,move,improve
1425,18,1458.6999999999996,13,1275.1999999999998,move,improve
1426,18,1517.3,13,1275.1999999999998,2opt,acceptBad
1427,18,1513.2,13,1275.1999999999998,swap,improve
1428,18,1539.0000000000002,13,1275.1999999999998,2opt,acceptBad
1429,18,1514.5000000000002,13,1275.1999999999998,move,improve
1430,18,1577.1000000000004,13,1275.1999999999998,swap,acceptBad
1431,18,1606.0000000000005,13,1275.1999999999998,swap,acceptBad
1432,18,1619.0000000000005,13,1275.1999999999998,swap,acceptBad
1433,18,1619.0000000000005,13,1275.1999999999998,move,improve
1434,18,1639.0000000000005,13,1275.1999999999998,swap,acceptBad
1435,18,1612.6000000000004,13,1275.1999999999998,move,improve
1436,18,1612.6000000000004,13,1275.1999999999998,swap,improve
1437,18,1607.5000000000002,13,1275.1999999999998,swap,improve
1438,18,1607.5000000000002,13,1275.1999999999998,move,improve
1439,19,1643.5000000000002,13,1275.1999999999998,2opt,acceptBad
1440,19,1602.1,13,1275.1999999999998,move,improve
1441,19,1617.6999999999996,13,1275.1999999999998,swap,acceptBad
1442,19,1618.3999999999996,13,1275.1999999999998,swap,acceptBad
1443,19,1610.3999999999996,13,1275.1999999999998,2opt,improve
1444,19,1602.9999999999998,13,1275.1999999999998,move,improve
1445,19,1587.9999999999998,13,1275.1999999999998,swap,improve
1446,19,1617.7999999999997,13,1275.1999999999998,swap,acceptBad
1447,19,1634.4,13,1275.1999999999998,swap,acceptBad
1448,19,1634.4,13,1275.1999999999998,move,improve
1449,19,1634.4,13,1275.1999999999998,move,improve
1450,19,1676.9000000000003,13,1275.1999999999998,swap,acceptBad
1451,19,1676.9000000000003,13,1275.1999999999998,move,improve
1452,19,1677.2,13,1275.1999999999998,2opt,acceptBad
1453,19,1677.2,13,1275.1999999999998,move,improve
1454,19,1662.9,13,1275.1999999999998,2opt,improve
1455,19,1662.4000000000003,13,1275.1999999999998,2opt,improve
1456,19,1653.4000000000003,13,1275.1999999999998,2opt,improve
1457,19,1641.5000000000002,13,1275.1999999999998,move,improve
1458,20,1649.6000000000001,13,1275.1999999999998,2opt,acceptBad
1459,20,1649.6000000000001,13,1275.1999999999998,move,improve
1460,20,1659.2,13,1275.1999999999998,swap,acceptBad
1461,20,1629.3,13,1275.1999999999998,swap,improve
1462,21,1692.5000000000002,13,1275.1999999999998,2opt,acceptBad
1463,21,1706.5000000000002,13,1275.1999999999998,2opt,acceptBad
1464,21,1746.9,13,1275.1999999999998,2opt,acceptBad
1465,21,1754.2000000000003,13,1275.1999999999998,2opt,acceptBad
1466,21,1760.1000000000004,13,1275.1999999999998,swap,acceptBad
1467,20,1701.7000000000003,13,1275.1999999999998,move,improve
1468,20,1701.3000000000002,13,1275.1999999999998,move,improve
1469,20,1708.2000000000003,13,1275.1999999999998,2opt,acceptBad
1470,20,1679.5000000000005,13,1275.1999999999998,move,improve
1471,20,1679.5000000000005,13,1275.1999999999998,2opt,improve
1472,20,1723.6999999999998,13,1275.1999999999998,2opt,acceptBad
1473,20,1684.0999999999997,13,1275.1999999999998,move,improve
1474,20,1684.0999999999997,13,1275.1999999999998,move,improve
1475,20,1684.0999999999997,13,1275.1999999999998,move,improve
1476,20,1700.1999999999998,13,1275.1999999999998,2opt,acceptBad
1477,19,1641.6999999999998,13,1275.1999999999998,move,improve
1478,19,1637.3,13,1275.1999999999998,move,improve
1479,19,1636.8,13,1275.1999999999998,move,improve
1480,19,1596.6999999999998,13,1275.1999999999998,move,improve
1481,19,1639.9000000000008,13,1275.1999999999998,2opt,acceptBad
1482,19,1646.8999999999996,13,1275.1999999999998,2opt,acceptBad
1483,19,1588.2999999999995,13,1275.1999999999998,2opt,improve
1484,19,1582.1000000000001,13,1275.1999999999998,2opt,improve
1485,19,1582.1000000000001,13,1275.1999999999998,swap,improve
1486,19,1572.2000000000003,13,1275.1999999999998,move,improve
1487,19,1549.1000000000001,13,1275.1999999999998,2opt,improve
1488,19,1586.7,13,1275.1999999999998,swap,acceptBad
1489,19,1598.0999999999997,13,1275.1999999999998,2opt,acceptBad
1490,19,1598.0999999999997,13,1275.1999999999998,move,improve
1491,19,1639.2999999999995,13,1275.1999999999998,swap,acceptBad
1492,19,1627.6999999999996,13,1275.1999999999998,swap,improve
1493,19,1604.2999999999995,13,1275.1999999999998,move,improve
1494,19,1609.9999999999995,13,1275.1999999999998,swap,acceptBad
1495,19,1591.0999999999997,13,1275.1999999999998,move,improve
1496,18,1528.3,13,1275.1999999999998,move,improve
1497,18,1538.7,13,1275.1999999999998,swap,acceptBad
1498,18,1571.1999999999998,13,1275.1999999999998,swap,acceptBad
1499,17,1528.8,13,1275.1999999999998,move,improve
1500,17,1530.5,13,1275.1999999999998,swap,acceptBad
1501,17,1530.5,13,1275.1999999999998,2opt,improve
1502,17,1508.5,13,1275.1999999999998,swap,improve
1503,17,1523.9000000000005,13,1275.1999999999998,2opt,acceptBad
1504,17,1523.9000000000005,13,1275.1999999999998,2opt,improve
1505,18,1573.3000000000004,13,1275.1999999999998,2opt,acceptBad
1506,18,1566.7000000000005,13,1275.1999999999998,swap,improve
1507,18,1558.3000000000004,13,1275.1999999999998,move,improve
1508,18,1539.3000000000004,13,1275.1999999999998,2opt,improve
1509,18,1539.3000000000004,13,1275.1999999999998,2opt,improve
1510,19,1580.5000000000007,13,1275.1999999999998,2opt,acceptBad
1511,19,1570.5000000000007,13,1275.1999999999998,move,improve
1512,19,1566.3000000000006,13,1275.1999999999998,move,improve
1513,19,1560.0000000000005,13,1275.1999999999998,swap,improve
1514,19,1558.1000000000006,13,1275.1999999999998,swap,improve
1515,19,1558.1000000000006,13,1275.1999999999998,move,improve
1516,19,1553.5000000000005,13,1275.1999999999998,move,improve
1517,19,1514.4,13,1275.1999999999998,move,improve
1518,19,1554.0999999999997,13,1275.1999999999998,2opt,acceptBad
1519,19,1584.2999999999995,13,1275.1999999999998,swap,acceptBad
1520,19,1597.2999999999995,13,1275.1999999999998,swap,acceptBad
1521,19,1631.9999999999998,13,1275.1999999999998,swap,acceptBad
1522,19,1641.3000000000002,13,1275.1999999999998,2opt,acceptBad
1523,19,1661.2000000000003,13,1275.1999999999998,2opt,acceptBad
1524,19,1661.2000000000003,13,1275.1999999999998,move,improve
1525,19,1661.3000000000002,13,1275.1999999999998,2opt,acceptBad
1526,19,1690.3999999999999,13,1275.1999999999998,swap,acceptBad
1527,19,1690.3999999999999,13,1275.1999999999998,move,improve
1528,19,1708.5999999999997,13,1275.1999999999998,swap,acceptBad
1529,19,1661.0,13,1275.1999999999998,move,improve
1530,19,1670.5,13,1275.1999999999998,2opt,acceptBad
1531,19,1669.3999999999999,13,1275.1999999999998,swap,improve
1532,19,1663.4999999999998,13,1275.1999999999998,swap,improve
1533,19,1632.9999999999998,13,1275.1999999999998,move,improve
1534,19,1682.8,13,1275.1999999999998,swap,acceptBad
1535,19,1703.2999999999997,13,1275.1999999999998,2opt,acceptBad
1536,19,1703.2999999999997,13,1275.1999999999998,swap,improve
1537,19,1691.2999999999997,13,1275.1999999999998,swap,improve
1538,19,1699.7999999999995,13,1275.1999999999998,2opt,acceptBad
1539,18,1651.3999999999996,13,1275.1999999999998,move,improve
1540,18,1651.3999999999996,13,1275.1999999999998,move,improve
1541,18,1651.6999999999996,13,1275.1999999999998,2opt,acceptBad
1542,18,1674.4999999999995,13,1275.1999999999998,swap,acceptBad
1543,18,1653.9999999999995,13,1275.1999999999998,move,improve
1544,18,1630.0999999999992,13,1275.1999999999998,swap,improve
1545,18,1641.5999999999997,13,1275.1999999999998,2opt,acceptBad
1546,19,1676.0999999999997,13,1275.1999999999998,2opt,acceptBad
1547,19,1676.0999999999997,13,1275.1999999999998,2opt,improve
1548,19,1675.0,13,1275.1999999999998,swap,improve
1549,19,1691.1,13,1275.1999999999998,swap,acceptBad
1550,19,1679.6999999999996,13,1275.1999999999998,2opt,improve
1551,18,1645.6999999999996,13,1275.1999999999998,2opt,improve
1552,18,1640.2999999999995,13,1275.1999999999998,move,improve
1553,18,1605.7999999999995,13,1275.1999999999998,move,improve
1554,18,1615.5000000000002,13,1275.1999999999998,2opt,acceptBad
1555,18,1589.3000000000002,13,1275.1999999999998,move,improve
1556,18,1579.3000000000002,13,1275.1999999999998,swap,improve
1557,18,1578.5,13,1275.1999999999998,move,improve
1558,18,1598.7000000000003,13,1275.1999999999998,2opt,acceptBad
1559,18,1628.4999999999995,13,1275.1999999999998,2opt,acceptBad
1560,18,1603.7999999999995,13,1275.1999999999998,swap,improve
1561,18,1607.5999999999995,13,1275.1999999999998,swap,acceptBad
1562,19,1681.1999999999994,13,1275.1999999999998,2opt,acceptBad
1563,19,1676.7999999999997,13,1275.1999999999998,swap,improve
1564,19,1677.2,13,1275.1999999999998,2opt,acceptBad
1565,20,1720.8000000000002,13,1275.1999999999998,2opt,acceptBad
1566,20,1708.4,13,1275.1999999999998,move,improve
1567,20,1708.4,13,1275.1999999999998,2opt,notBad
1568,20,1714.9,13,1275.1999999999998,swap,acceptBad
1569,20,1690.4000000000005,13,1275.1999999999998,2opt,improve
1570,20,1646.8000000000006,13,1275.1999999999998,move,improve
1571,20,1639.2000000000005,13,1275.1999999999998,move,improve
1572,19,1596.9000000000003,13,1275.1999999999998,move,improve
1573,19,1590.1000000000004,13,1275.1999999999998,move,improve
1574,19,1555.8,13,1275.1999999999998,swap,improve
1575,19,1572.4,13,1275.1999999999998,swap,acceptBad
1576,19,1629.8000000000002,13,1275.1999999999998,swap,acceptBad
1577,19,1694.6000000000004,13,1275.1999999999998,2opt,acceptBad
1578,20,1728.5000000000007,13,1275.1999999999998,2opt,acceptBad
1579,20,1751.2000000000007,13,1275.1999999999998,swap,acceptBad
1580,19,1750.3000000000006,13,1275.1999999999998,2opt,improve
1581,19,1782.8000000000004,13,1275.1999999999998,2opt,acceptBad
1582,19,1814.2000000000003,13,1275.1999999999998,swap,acceptBad
1583,19,1798.3000000000002,13,1275.1999999999998,swap,improve
1584,19,1798.3000000000002,13,1275.1999999999998,move,improve
1585,19,1797.1000000000001,13,1275.1999999999998,move,improve
1586,19,1785.1000000000001,13,1275.1999999999998,move,improve
1587,19,1784.4,13,1275.1999999999998,move,improve
1588,19,1737.8000000000004,13,1275.1999999999998,move,improve
1589,19,1734.4,13,1275.1999999999998,move,improve
1590,19,1734.6000000000001,13,1275.1999999999998,2opt,acceptBad
1591,19,1734.6000000000001,13,1275.1999999999998,move,improve
1592,19,1734.6000000000001,13,1275.1999999999998,move,improve
1593,20,1790.4,13,1275.1999999999998,2opt,acceptBad
1594,20,1775.9,13,1275.1999999999998,move,improve
1595,20,1765.9,13,1275.1999999999998,2opt,improve
1596,20,1723.5,13,1275.1999999999998,move,improve
1597,20,1730.1000000000001,13,1275.1999999999998,swap,acceptBad
1598,20,1742.1000000000006,13,1275.1999999999998,swap,acceptBad
1599,20,1744.0000000000005,13,1275.1999999999998,swap,acceptBad
1600,20,1765.3000000000004,13,1275.1999999999998,swap,acceptBad
1601,20,1745.5,13,1275.1999999999998,2opt,improve
1602,20,1729.8,13,1275.1999999999998,move,improve
1603,20,1681.3999999999999,13,1275.1999999999998,move,improve
1604,20,1727.8,13,1275.1999999999998,swap,acceptBad
1605,20,1727.8,13,1275.1999999999998,move,improve
1606,20,1709.0999999999997,13,1275.1999999999998,move,improve
1607,20,1700.1999999999996,13,1275.1999999999998,2opt,improve
1608,20,1746.1999999999996,13,1275.1999999999998,2opt,acceptBad
1609,20,1792.5,13,1275.1999999999998,2opt,acceptBad
1610,20,1805.3999999999999,13,1275.1999999999998,swap,acceptBad
1611,20,1802.0000000000005,13,1275.1999999999998,2opt,improve
1612,20,1802.0000000000005,13,1275.1999999999998,move,improve
1613,20,1774.9000000000003,13,1275.1999999999998,move,improve
1614,20,1776.3000000000002,13,1275.1999999999998,2opt,acceptBad
1615,20,1764.5000000000005,13,1275.1999999999998,2opt,improve
1616,20,1829.8000000000004,13,1275.1999999999998,2opt,acceptBad
1617,20,1828.5000000000002,13,1275.1999999999998,move,improve
1618,20,1868.6,13,1275.1999999999998,swap,acceptBad
1619,20,1870.8,13,1275.1999999999998,swap,acceptBad
1620,20,1868.6000000000001,13,1275.1999999999998,2opt,improve
1621,20,1864.2000000000007,13,1275.1999999999998,2opt,improve
1622,20,1836.5999999999997,13,1275.1999999999998,2opt,improve
1623,20,1812.8,13,1275.1999999999998,swap,improve
1624,20,1812.8,13,1275.1999999999998,2opt,improve
1625,20,1812.8,13,1275.1999999999998,move,improve
1626,20,1779.6,13,1275.1999999999998,move,improve
1627,20,1770.7000000000007,13,1275.1999999999998,2opt,improve
1628,20,1748.3000000000006,13,1275.1999999999998,move,improve
1629,20,1746.5000000000007,13,1275.1999999999998,move,improve
1630,21,1772.5000000000007,13,1275.1999999999998,2opt,acceptBad
1631,21,1729.9000000000008,13,1275.1999999999998,move,improve
1632,21,1729.9000000000008,13,1275.1999999999998,2opt,improve
1633,20,1689.8000000000006,13,1275.1999999999998,move,improve
1634,20,1678.7000000000007,13,1275.1999999999998,swap,improve
1635,20,1696.8000000000006,13,1275.1999999999998,2opt,acceptBad
1636,20,1668.4000000000005,13,1275.1999999999998,move,improve
1637,19,1653.0000000000002,13,1275.1999999999998,2opt,improve
1638,19,1642.4,13,1275.1999999999998,swap,improve
1639,19,1632.4000000000003,13,1275.1999999999998,move,improve
1640,19,1602.6000000000001,13,1275.1999999999998,move,improve
1641,19,1631.2000000000003,13,1275.1999999999998,2opt,acceptBad
1642,19,1628.3000000000004,13,1275.1999999999998,move,improve
1643,19,1654.5000000000005,13,1275.1999999999998,2opt,acceptBad
1644,19,1654.5000000000005,13,1275.1999999999998,move,improve
1645,19,1602.5000000000005,13,1275.1999999999998,move,improve
1646,19,1595.6000000000004,13,1275.1999999999998,2opt,improve
1647,19,1565.6000000000004,13,1275.1999999999998,move,improve
1648,19,1550.4000000000003,13,1275.1999999999998,move,improve
1649,19,1586.2000000000005,13,1275.1999999999998,swap,acceptBad
1650,19,1576.7000000000003,13,1275.1999999999998,move,improve
1651,19,1555.6000000000001,13,1275.1999999999998,swap,improve
1652,19,1555.6000000000001,13,1275.1999999999998,move,improve
1653,19,1570.6000000000001,13,1275.1999999999998,swap,acceptBad
1654,19,1569.6,13,1275.1999999999998,move,improve
1655,19,1569.6,13,1275.1999999999998,swap,improve
1656,19,1569.6,13,1275.1999999999998,swap,improve
1657,19,1569.6,13,1275.1999999999998,move,improve
1658,19,1581.8,13,1275.1999999999998,swap,acceptBad
1659,19,1579.1000000000006,13,1275.1999999999998,2opt,improve
1660,19,1583.9000000000005,13,1275.1999999999998,swap,acceptBad
1661,19,1583.9000000000005,13,1275.1999999999998,2opt,improve
1662,19,1573.0000000000005,13,1275.1999999999998,swap,improve
1663,19,1590.3000000000002,13,1275.1999999999998,2opt,acceptBad
1664,19,1620.9,13,1275.1999999999998,swap,acceptBad
1665,19,1620.9,13,1275.1999999999998,swap,improve
1666,19,1611.4,13,1275.1999999999998,2opt,improve
1667,19,1605.9,13,1275.1999999999998,swap,improve
1668,19,1612.5000000000002,13,1275.1999999999998,2opt,acceptBad
1669,19,1624.0000000000002,13,1275.1999999999998,swap,acceptBad
1670,19,1603.7000000000005,13,1275.1999999999998,swap,improve
1671,19,1587.4000000000005,13,1275.1999999999998,move,improve
1672,19,1606.2000000000005,13,1275.1999999999998,2opt,acceptBad
1673,19,1619.2000000000005,13,1275.1999999999998,swap,acceptBad
1674,19,1627.1000000000006,13,1275.1999999999998,2opt,acceptBad
1675,19,1672.5000000000007,13,1275.1999999999998,swap,acceptBad
1676,19,1631.2000000000003,13,1275.1999999999998,2opt,improve
1677,19,1635.900000000001,13,1275.1999999999998,2opt,acceptBad
1678,19,1696.1000000000008,13,1275.1999999999998,swap,acceptBad
1679,20,1751.9000000000008,13,1275.1999999999998,2opt,acceptBad
1680,20,1744.6000000000008,13,1275.1999999999998,2opt,improve
1681,20,1789.3999999999992,13,1275.1999999999998,2opt,acceptBad
1682,20,1796.8999999999992,13,1275.1999999999998,swap,acceptBad
1683,20,1792.0999999999997,13,1275.1999999999998,2opt,improve
1684,20,1792.0999999999995,13,1275.1999999999998,swap,improve
1685,20,1783.2999999999995,13,1275.1999999999998,swap,improve
1686,20,1803.1000000000004,13,1275.1999999999998,2opt,acceptBad
1687,20,1803.1000000000004,13,1275.1999999999998,move,improve
1688,20,1748.3000000000004,13,1275.1999999999998,move,improve
1689,20,1726.5000000000005,13,1275.1999999999998,2opt,improve
1690,20,1706.8000000000004,13,1275.1999999999998,2opt,improve
1691,20,1735.4000000000003,13,1275.1999999999998,swap,acceptBad
1692,20,1744.5000000000002,13,1275.1999999999998,swap,acceptBad
1693,20,1738.2,13,1275.1999999999998,2opt,improve
1694,20,1707.4000000000003,13,1275.1999999999998,move,improve
1695,21,1723.3000000000006,13,1275.1999999999998,2opt,acceptBad
1696,20,1680.7000000000005,13,1275.1999999999998,move,improve
1697,20,1680.1000000000004,13,1275.1999999999998,2opt,improve
1698,20,1690.5000000000002,13,1275.1999999999998,swap,acceptBad
1699,20,1704.2999999999995,13,1275.1999999999998,2opt,acceptBad
1700,20,1704.2999999999995,13,1275.1999999999998,swap,improve
1701,20,1732.0999999999995,13,1275.1999999999998,swap,acceptBad
1702,20,1743.6999999999996,13,1275.1999999999998,2opt,acceptBad
1703,20,1757.8999999999996,13,1275.1999999999998,swap,acceptBad
1704,20,1775.2999999999997,13,1275.1999999999998,swap,acceptBad
1705,20,1788.4,13,1275.1999999999998,2opt,acceptBad
1706,20,1779.6,13,1275.1999999999998,move,improve
1707,20,1779.6,13,1275.1999999999998,swap,improve
1708,20,1779.3,13,1275.1999999999998,swap,improve
1709,20,1738.2,13,1275.1999999999998,swap,improve
1710,20,1791.4,13,1275.1999999999998,2opt,acceptBad
1711,19,1789.9,13,1275.1999999999998,2opt,improve
1712,19,1772.5,13,1275.1999999999998,move,improve
1713,19,1772.5,13,1275.1999999999998,2opt,improve
1714,19,1740.0,13,1275.1999999999998,swap,improve
1715,19,1708.3,13,1275.1999999999998,move,improve
1716,19,1708.3,13,1275.1999999999998,move,improve
1717,19,1726.0000000000002,13,1275.1999999999998,2opt,acceptBad
1718,20,1775.9000000000003,13,1275.1999999999998,2opt,acceptBad
1719,20,1823.1000000000004,13,1275.1999999999998,swap,acceptBad
1720,21,1891.5000000000002,13,1275.1999999999998,2opt,acceptBad
1721,21,1847.8000000000004,13,1275.1999999999998,move,improve
1722,21,1847.8000000000004,13,1275.1999999999998,move,improve
1723,21,1795.7000000000003,13,1275.1999999999998,move,improve
1724,21,1793.6000000000001,13,1275.1999999999998,swap,improve
1725,21,1816.2,13,1275.1999999999998,swap,acceptBad
1726,22,1825.2,13,1275.1999999999998,2opt,acceptBad
1727,22,1809.2000000000003,13,1275.1999999999998,2opt,improve
1728,22,1821.6000000000004,13,1275.1999999999998,2opt,acceptBad
1729,22,1823.1000000000004,13,1275.1999999999998,swap,acceptBad
1730,22,1809.1999999999994,13,1275.1999999999998,2opt,improve
1731,22,1809.1999999999994,13,1275.1999999999998,move,improve
1732,22,1767.6999999999994,13,1275.1999999999998,move,improve
1733,22,1773.8999999999994,13,1275.1999999999998,swap,acceptBad
1734,22,1769.2999999999993,13,1275.1999999999998,swap,improve
1735,22,1720.5000000000002,13,1275.1999999999998,2opt,improve
1736,22,1768.0000000000005,13,1275.1999999999998,swap,acceptBad
1737,22,1767.5000000000005,13,1275.1999999999998,swap,improve
1738,22,1812.6000000000006,13,1275.1999999999998,swap,acceptBad
1739,22,1807.8000000000006,13,1275.1999999999998,swap,improve
1740,21,1795.2000000000007,13,1275.1999999999998,move,improve
1741,21,1807.5000000000007,13,1275.1999999999998,swap,acceptBad
1742,21,1762.4000000000005,13,1275.1999999999998,move,improve
1743,21,1776.1000000000006,13,1275.1999999999998,swap,acceptBad
1744,21,1757.0000000000007,13,1275.1999999999998,move,improve
1745,21,1757.0000000000007,13,1275.1999999999998,2opt,improve
1746,21,1757.0000000000007,13,1275.1999999999998,2opt,notBad
1747,21,1702.2,13,1275.1999999999998,2opt,improve
1748,21,1728.6000000000004,13,1275.1999999999998,2opt,acceptBad
1749,20,1709.4000000000003,13,1275.1999999999998,move,improve
1750,20,1682.6000000000001,13,1275.1999999999998,move,improve
1751,20,1684.4,13,1275.1999999999998,move,acceptBad
1752,20,1681.3000000000002,13,1275.1999999999998,swap,improve
1753,20,1671.4,13,1275.1999999999998,move,improve
1754,20,1691.8000000000004,13,1275.1999999999998,2opt,acceptBad
1755,20,1714.2000000000003,13,1275.1999999999998,2opt,acceptBad
1756,20,1714.2000000000003,13,1275.1999999999998,move,improve
1757,20,1712.0000000000002,13,1275.1999999999998,move,improve
1758,20,1703.1000000000004,13,1275.1999999999998,move,improve
1759,20,1701.1000000000001,13,1275.1999999999998,move,improve
1760,20,1701.1000000000001,13,1275.1999999999998,move,improve
1761,20,1701.1000000000001,13,1275.1999999999998,move,improve
1762,20,1707.5000000000002,13,1275.1999999999998,swap,acceptBad
1763,20,1704.7000000000005,13,1275.1999999999998,swap,improve
1764,20,1673.8000000000004,13,1275.1999999999998,move,improve
1765,20,1642.3000000000002,13,1275.1999999999998,swap,improve
1766,20,1642.3000000000002,13,1275.1999999999998,swap,improve
1767,20,1649.9000000000003,13,1275.1999999999998,swap,acceptBad
1768,19,1605.8000000000004,13,1275.1999999999998,move,improve
1769,19,1614.8000000000002,13,1275.1999999999998,swap,acceptBad
1770,19,1653.6999999999996,13,1275.1999999999998,2opt,acceptBad
1771,19,1669.4999999999998,13,1275.1999999999998,swap,acceptBad
1772,19,1688.4999999999998,13,1275.1999999999998,swap,acceptBad
1773,19,1680.7999999999997,13,1275.1999999999998,swap,improve
1774,19,1671.5999999999995,13,1275.1999999999998,swap,improve
1775,19,1645.0999999999992,13,1275.1999999999998,swap,improve
1776,20,1688.499999999999,13,1275.1999999999998,2opt,acceptBad
1777,20,1638.8999999999994,13,1275.1999999999998,swap,improve
1778,20,1643.7999999999993,13,1275.1999999999998,swap,acceptBad
1779,20,1639.0999999999992,13,1275.1999999999998,move,improve
1780,20,1631.9999999999993,13,1275.1999999999998,move,improve
1781,20,1644.8999999999992,13,1275.1999999999998,swap,acceptBad
1782,20,1638.0999999999995,13,1275.1999999999998,move,improve
1783,20,1638.0999999999995,13,1275.1999999999998,move,improve
1784,20,1634.5999999999995,13,1275.1999999999998,swap,improve
1785,20,1634.5999999999995,13,1275.1999999999998,move,improve
1786,20,1701.8999999999996,13,1275.1999999999998,swap,acceptBad
1787,20,1679.3999999999996,13,1275.1999999999998,swap,improve
1788,20,1679.3999999999996,13,1275.1999999999998,move,improve
1789,20,1713.2999999999995,13,1275.1999999999998,2opt,acceptBad
1790,20,1713.2999999999995,13,1275.1999999999998,2opt,improve
1791,20,1713.2999999999995,13,1275.1999999999998,2opt,notBad
1792,20,1681.4999999999995,13,1275.1999999999998,move,improve
1793,20,1636.1999999999998,13,1275.1999999999998,2opt,improve
1794,20,1675.1999999999998,13,1275.1999999999998,2opt,acceptBad
1795,20,1712.6,13,1275.1999999999998,2opt,acceptBad
1796,20,1712.6,13,1275.1999999999998,2opt,improve
1797,20,1681.8999999999999,13,1275.1999999999998,move,improve
1798,20,1689.6999999999998,13,1275.1999999999998,swap,acceptBad
1799,20,1676.6,13,1275.1999999999998,swap,improve
1800,20,1667.4999999999998,13,1275.1999999999998,swap,improve
1801,20,1604.6,13,1275.1999999999998,move,improve
1802,20,1604.5999999999997,13,1275.1999999999998,swap,improve
1803,20,1604.5999999999997,13,1275.1999999999998,move,improve
1804,19,1568.8999999999996,13,1275.1999999999998,move,improve
1805,19,1558.7999999999997,13,1275.1999999999998,move,improve
1806,19,1558.7999999999997,13,1275.1999999999998,swap,improve
1807,19,1563.0000000000002,13,1275.1999999999998,2opt,acceptBad
1808,18,1551.0000000000005,13,1275.1999999999998,2opt,improve
1809,18,1569.4000000000005,13,1275.1999999999998,swap,acceptBad
1810,18,1569.4000000000005,13,1275.1999999999998,move,improve
1811,18,1575.1000000000004,13,1275.1999999999998,swap,acceptBad
1812,18,1607.1999999999998,13,1275.1999999999998,2opt,acceptBad
1813,19,1662.8999999999996,13,1275.1999999999998,2opt,acceptBad
1814,19,1626.6999999999996,13,1275.1999999999998,move,improve
1815,19,1648.2,13,1275.1999999999998,2opt,acceptBad
1816,19,1618.5999999999997,13,1275.1999999999998,swap,improve
1817,19,1612.5000000000002,13,1275.1999999999998,2opt,improve
1818,19,1640.4,13,1275.1999999999998,2opt,acceptBad
1819,18,1584.7,13,1275.1999999999998,move,improve
1820,18,1597.7000000000003,13,1275.1999999999998,2opt,acceptBad
1821,18,1580.9000000000003,13,1275.1999999999998,move,improve
1822,18,1580.9000000000003,13,1275.1999999999998,move,improve
1823,18,1597.2,13,1275.1999999999998,swap,acceptBad
1824,18,1592.6000000000001,13,1275.1999999999998,swap,improve
1825,18,1608.8000000000002,13,1275.1999999999998,swap,acceptBad
1826,17,1548.8000000000002,13,1275.1999999999998,move,improve
1827,17,1569.5,13,1275.1999999999998,2opt,acceptBad
1828,17,1562.6,13,1275.1999999999998,2opt,improve
1829,17,1583.5,13,1275.1999999999998,swap,acceptBad
1830,17,1568.3999999999996,13,1275.1999999999998,2opt,improve
1831,17,1543.5999999999997,13,1275.1999999999998,move,improve
1832,17,1543.5999999999997,13,1275.1999999999998,2opt,notBad
1833,18,1593.5999999999997,13,1275.1999999999998,2opt,acceptBad
1834,18,1591.4999999999998,13,1275.1999999999998,swap,improve
1835,18,1597.9999999999998,13,1275.1999999999998,swap,acceptBad
1836,18,1632.3000000000002,13,1275.1999999999998,swap,acceptBad
1837,18,1626.4,13,1275.1999999999998,swap,improve
1838,18,1626.3999999999999,13,1275.1999999999998,swap,improve
1839,18,1639.4999999999998,13,1275.1999999999998,2opt,acceptBad
1840,18,1632.8999999999996,13,1275.1999999999998,move,improve
1841,18,1636.5,13,1275.1999999999998,2opt,acceptBad
1842,18,1583.2999999999997,13,1275.1999999999998,move,improve
1843,18,1620.1999999999998,13,1275.1999999999998,swap,acceptBad
1844,18,1654.0,13,1275.1999999999998,2opt,acceptBad
1845,18,1684.5999999999995,13,1275.1999999999998,2opt,acceptBad
1846,18,1686.5999999999995,13,1275.1999999999998,2opt,acceptBad
1847,18,1667.3999999999994,13,1275.1999999999998,move,improve
1848,18,1667.3999999999994,13,1275.1999999999998,2opt,notBad
1849,18,1641.7999999999995,13,1275.1999999999998,move,improve
1850,18,1627.3999999999994,13,1275.1999999999998,swap,improve
1851,18,1618.999999999999,13,1275.1999999999998,2opt,improve
1852,18,1665.5999999999992,13,1275.1999999999998,swap,acceptBad
1853,18,1662.5999999999992,13,1275.1999999999998,move,improve
1854,18,1672.6000000000004,13,1275.1999999999998,2opt,acceptBad
1855,18,1684.9000000000003,13,1275.1999999999998,swap,acceptBad
1856,18,1684.9000000000003,13,1275.1999999999998,move,improve
1857,18,1699.4000000000003,13,1275.1999999999998,swap,acceptBad
1858,17,1674.6000000000004,13,1275.1999999999998,move,improve
1859,17,1653.8000000000004,13,1275.1999999999998,move,improve
1860,17,1673.8000000000002,13,1275.1999999999998,swap,acceptBad
1861,17,1633.0000000000002,13,1275.1999999999998,move,improve
1862,17,1647.4000000000003,13,1275.1999999999998,2opt,acceptBad
1863,17,1610.4999999999998,13,1275.1999999999998,2opt,improve
1864,17,1603.6,13,1275.1999999999998,move,improve
1865,17,1633.3,13,1275.1999999999998,swap,acceptBad
1866,17,1634.9,13,1275.1999999999998,2opt,acceptBad
1867,17,1647.1000000000001,13,1275.1999999999998,swap,acceptBad
1868,17,1673.6,13,1275.1999999999998,2opt,acceptBad
1869,17,1673.6,13,1275.1999999999998,2opt,improve
1870,17,1676.7,13,1275.1999999999998,2opt,acceptBad
1871,17,1675.8,13,1275.1999999999998,swap,improve
1872,17,1647.3999999999999,13,1275.1999999999998,move,improve
1873,17,1647.3999999999999,13,1275.1999999999998,2opt,notBad
1874,17,1636.8999999999999,13,1275.1999999999998,move,improve
1875,17,1636.6,13,1275.1999999999998,2opt,improve
1876,17,1648.6999999999998,13,1275.1999999999998,2opt,acceptBad
1877,17,1648.6999999999998,13,1275.1999999999998,move,improve
1878,17,1648.6999999999998,13,1275.1999999999998,move,improve
1879,17,1668.8999999999999,13,1275.1999999999998,swap,acceptBad
1880,17,1687.6,13,1275.1999999999998,swap,acceptBad
1881,17,1670.3999999999996,13,1275.1999999999998,swap,improve
1882,17,1662.6999999999996,13,1275.1999999999998,swap,improve
1883,17,1677.4999999999998,13,1275.1999999999998,swap,acceptBad
1884,17,1677.4999999999998,13,1275.1999999999998,2opt,notBad
1885,17,1704.2999999999997,13,1275.1999999999998,swap,acceptBad
1886,17,1704.2999999999997,13,1275.1999999999998,move,improve
1887,17,1720.9999999999998,13,1275.1999999999998,swap,acceptBad
1888,17,1691.0,13,1275.1999999999998,2opt,improve
1889,17,1701.4,13,1275.1999999999998,swap,acceptBad
1890,17,1668.2,13,1275.1999999999998,swap,improve
1891,17,1676.3999999999994,13,1275.1999999999998,2opt,acceptBad
1892,17,1661.0999999999995,13,1275.1999999999998,swap,improve
1893,18,1657.0999999999992,13,1275.1999999999998,2opt,improve
1894,18,1662.6999999999994,13,1275.1999999999998,swap,acceptBad
1895,18,1651.2,13,1275.1999999999998,2opt,improve
1896,18,1649.8,13,1275.1999999999998,move,improve
1897,18,1652.3,13,1275.1999999999998,swap,acceptBad
1898,18,1652.3,13,1275.1999999999998,2opt,improve
1899,18,1670.3999999999999,13,1275.1999999999998,swap,acceptBad
1900,18,1641.6999999999996,13,1275.1999999999998,2opt,improve
1901,18,1658.1999999999996,13,1275.1999999999998,swap,acceptBad
1902,18,1658.1999999999996,13,1275.1999999999998,move,improve
1903,18,1684.6,13,1275.1999999999998,swap,acceptBad
1904,18,1675.6999999999998,13,1275.1999999999998,move,improve
1905,18,1646.3999999999999,13,1275.1999999999998,move,improve
1906,18,1654.5,13,1275.1999999999998,swap,acceptBad
1907,18,1649.8,13,1275.1999999999998,swap,improve
1908,18,1632.6,13,1275.1999999999998,move,improve
1909,18,1648.1999999999998,13,1275.1999999999998,2opt,acceptBad
1910,18,1633.3000000000002,13,1275.1999999999998,swap,improve
1911,18,1675.1000000000001,13,1275.1999999999998,swap,acceptBad
1912,18,1689.2,13,1275.1999999999998,swap,acceptBad
1913,18,1694.4,13,1275.1999999999998,swap,acceptBad
1914,18,1678.8000000000002,13,1275.1999999999998,swap,improve
1915,18,1678.8000000000002,13,1275.1999999999998,2opt,improve
1916,18,1678.8000000000002,13,1275.1999999999998,move,improve
1917,18,1705.0,13,1275.1999999999998,2opt,acceptBad
1918,18,1701.9,13,1275.1999999999998,move,improve
1919,18,1695.1000000000001,13,1275.1999999999998,swap,improve
1920,18,1695.1000000000001,13,1275.1999999999998,2opt,notBad
1921,18,1722.1000000000004,13,1275.1999999999998,2opt,acceptBad
1922,17,1675.5000000000002,13,1275.1999999999998,move,improve
1923,17,1675.5000000000002,13,1275.1999999999998,move,improve
1924,17,1693.6000000000001,13,1275.1999999999998,swap,acceptBad
1925,17,1740.3,13,1275.1999999999998,2opt,acceptBad
1926,17,1740.3,13,1275.1999999999998,move,improve
1927,17,1740.3,13,1275.1999999999998,2opt,improve
1928,17,1715.9,13,1275.1999999999998,move,improve
1929,17,1695.4,13,1275.1999999999998,move,improve
1930,17,1695.4,13,1275.1999999999998,swap,improve
1931,17,1713.2000000000005,13,1275.1999999999998,2opt,acceptBad
1932,17,1726.2000000000003,13,1275.1999999999998,2opt,acceptBad
1933,17,1726.2000000000003,13,1275.1999999999998,move,improve
1934,17,1726.2000000000003,13,1275.1999999999998,move,improve
1935,16,1721.7000000000005,13,1275.1999999999998,2opt,improve
1936,16,1718.2000000000005,13,1275.1999999999998,move,improve
1937,16,1718.2000000000005,13,1275.1999999999998,move,improve
1938,16,1718.2000000000005,13,1275.1999999999998,2opt,improve
1939,16,1711.1000000000006,13,1275.1999999999998,swap,improve
1940,16,1673.0000000000005,13,1275.1999999999998,swap,improve
1941,16,1651.4000000000003,13,1275.1999999999998,move,improve
1942,16,1655.6000000000004,13,1275.1999999999998,2opt,acceptBad
1943,16,1672.9000000000003,13,1275.1999999999998,2opt,acceptBad
1944,16,1672.9000000000003,13,1275.1999999999998,2opt,notBad
1945,16,1672.9000000000003,13,1275.1999999999998,2opt,improve
1946,16,1673.6000000000001,13,1275.1999999999998,2opt,acceptBad
1947,16,1686.4000000000003,13,1275.1999999999998,swap,acceptBad
1948,16,1713.6000000000001,13,1275.1999999999998,swap,acceptBad
1949,16,1705.5000000000002,13,1275.1999999999998,move,improve
1950,16,1716.6000000000004,13,1275.1999999999998,2opt,acceptBad
1951,16,1706.8000000000004,13,1275.1999999999998,2opt,improve
1952,16,1706.8000000000004,13,1275.1999999999998,move,improve
1953,16,1716.6000000000004,13,1275.1999999999998,2opt,acceptBad
1954,16,1716.6000000000004,13,1275.1999999999998,move,improve
1955,16,1716.6000000000004,13,1275.1999999999998,move,improve
1956,16,1700.5000000000005,13,1275.1999999999998,2opt,improve
1957,16,1697.7000000000005,13,1275.1999999999998,move,improve
1958,16,1697.7000000000005,13,1275.1999999999998,move,improve
1959,16,1697.7000000000005,13,1275.1999999999998,move,improve
1960,16,1700.5000000000005,13,1275.1999999999998,swap,acceptBad
1961,16,1703.2000000000003,13,1275.1999999999998,swap,acceptBad
1962,16,1703.2000000000003,13,1275.1999999999998,2opt,improve
1963,16,1681.3000000000002,13,1275.1999999999998,2opt,improve
1964,17,1693.0000000000002,13,1275.1999999999998,2opt,acceptBad
1965,17,1712.6000000000004,13,1275.1999999999998,2opt,acceptBad
1966,17,1725.8000000000004,13,1275.1999999999998,swap,acceptBad
1967,17,1709.2000000000003,13,1275.1999999999998,move,improve
1968,17,1693.7,13,1275.1999999999998,2opt,improve
1969,17,1683.5000000000002,13,1275.1999999999998,move,improve
1970,17,1683.5000000000002,13,1275.1999999999998,2opt,improve
1971,17,1652.5000000000005,13,1275.1999999999998,2opt,improve
1972,17,1624.1000000000004,13,1275.1999999999998,2opt,improve
1973,17,1622.5000000000002,13,1275.1999999999998,move,improve
1974,17,1609.1000000000001,13,1275.1999999999998,2opt,improve
1975,17,1609.1000000000001,13,1275.1999999999998,move,improve
1976,17,1617.1000000000001,13,1275.1999999999998,swap,acceptBad
1977,17,1586.4,13,1275.1999999999998,move,improve
1978,17,1586.4,13,1275.1999999999998,move,improve
1979,17,1599.9,13,1275.1999999999998,2opt,acceptBad
1980,17,1577.5000000000002,13,1275.1999999999998,swap,improve
1981,17,1578.2000000000003,13,1275.1999999999998,swap,acceptBad
1982,17,1578.2000000000003,13,1275.1999999999998,move,improve
1983,17,1592.9,13,1275.1999999999998,swap,acceptBad
1984,17,1596.7000000000003,13,1275.1999999999998,2opt,acceptBad
1985,17,1596.7000000000003,13,1275.1999999999998,move,improve
1986,17,1596.7000000000003,13,1275.1999999999998,move,improve
1987,17,1608.8000000000004,13,1275.1999999999998,2opt,acceptBad
1988,17,1601.1000000000001,13,1275.1999999999998,2opt,improve
1989,17,1561.8000000000002,13,1275.1999999999998,move,improve
1990,17,1564.9,13,1275.1999999999998,2opt,acceptBad
1991,17,1575.9000000000003,13,1275.1999999999998,2opt,acceptBad
1992,17,1586.9000000000003,13,1275.1999999999998,2opt,acceptBad
1993,17,1620.6000000000004,13,1275.1999999999998,swap,acceptBad
1994,17,1619.5000000000002,13,1275.1999999999998,swap,improve
1995,17,1643.4000000000003,13,1275.1999999999998,2opt,acceptBad
1996,17,1652.5000000000002,13,1275.1999999999998,swap,acceptBad
1997,17,1643.0000000000002,13,1275.1999999999998,swap,improve
1998,17,1635.1000000000004,13,1275.1999999999998,move,improve
1999,17,1623.8000000000004,13,1275.1999999999998,move,improve
2000,17,1604.1000000000004,13,1275.1999999999998,swap,improve
2001,17,1592.8000000000004,13,1275.1999999999998,move,improve
2002,17,1581.3000000000004,13,1275.1999999999998,swap,improve
2003,17,1576.9000000000005,13,1275.1999999999998,move,improve
2004,17,1576.9000000000005,13,1275.1999999999998,move,improve
2005,17,1576.9000000000005,13,1275.1999999999998,2opt,notBad
2006,17,1589.9000000000003,13,1275.1999999999998,2opt,acceptBad
2007,17,1640.8000000000002,13,1275.1999999999998,2opt,acceptBad
2008,17,1655.9000000000003,13,1275.1999999999998,2opt,acceptBad
2009,18,1722.3000000000002,13,1275.1999999999998,2opt,acceptBad
2010,18,1748.3000000000002,13,1275.1999999999998,swap,acceptBad
2011,18,1748.3000000000002,13,1275.1999999999998,move,improve
2012,18,1765.5,13,1275.1999999999998,swap,acceptBad
2013,18,1763.9000000000003,13,1275.1999999999998,2opt,improve
2014,18,1776.7000000000003,13,1275.1999999999998,swap,acceptBad
2015,18,1794.4999999999998,13,1275.1999999999998,2opt,acceptBad
2016,18,1754.4999999999998,13,1275.1999999999998,swap,improve
2017,18,1734.6999999999996,13,1275.1999999999998,2opt,improve
2018,19,1790.5999999999997,13,1275.1999999999998,2opt,acceptBad
2019,19,1790.5999999999997,13,1275.1999999999998,2opt,improve
2020,19,1806.9999999999998,13,1275.1999999999998,swap,acceptBad
2021,19,1766.5999999999997,13,1275.1999999999998,move,improve
2022,19,1746.8999999999999,13,1275.1999999999998,swap,improve
2023,19,1742.8000000000002,13,1275.1999999999998,2opt,improve
2024,19,1756.9000000000003,13,1275.1999999999998,swap,acceptBad
2025,19,1823.4,13,1275.1999999999998,swap,acceptBad
2026,19,1806.5,13,1275.1999999999998,move,improve
2027,19,1793.8,13,1275.1999999999998,swap,improve
2028,19,1791.4999999999998,13,1275.1999999999998,2opt,improve
2029,19,1771.0,13,1275.1999999999998,2opt,improve
2030,19,1765.9999999999998,13,1275.1999999999998,2opt,improve
2031,19,1787.0999999999997,13,1275.1999999999998,swap,acceptBad
2032,19,1808.7999999999997,13,1275.1999999999998,swap,acceptBad
2033,19,1804.0999999999997,13,1275.1999999999998,move,improve
2034,19,1804.0999999999997,13,1275.1999999999998,2opt,improve
2035,19,1804.0999999999997,13,1275.1999999999998,move,improve
2036,19,1798.6000000000001,13,1275.1999999999998,2opt,improve
2037,19,1781.5999999999995,13,1275.1999999999998,2opt,improve
2038,19,1772.6999999999996,13,1275.1999999999998,move,improve
2039,19,1757.1999999999994,13,1275.1999999999998,2opt,improve
2040,19,1757.1999999999994,13,1275.1999999999998,move,improve
2041,19,1762.4999999999995,13,1275.1999999999998,swap,acceptBad
2042,19,1779.4999999999998,13,1275.1999999999998,swap,acceptBad
2043,19,1756.2999999999997,13,1275.1999999999998,2opt,improve
2044,19,1756.2999999999997,13,1275.1999999999998,2opt,notBad
2045,19,1755.2999999999997,13,1275.1999999999998,swap,improve
2046,19,1754.5999999999997,13,1275.1999999999998,move,improve
2047,19,1761.3999999999996,13,1275.1999999999998,swap,acceptBad
2048,19,1789.4999999999998,13,1275.1999999999998,2opt,acceptBad
2049,19,1786.8999999999999,13,1275.1999999999998,2opt,improve
2050,19,1786.2,13,1275.1999999999998,move,improve
2051,19,1801.7,13,1275.1999999999998,2opt,acceptBad
2052,19,1862.6000000000004,13,1275.1999999999998,2opt,acceptBad
2053,19,1862.6000000000004,13,1275.1999999999998,2opt,notBad
2054,19,1835.6000000000004,13,1275.1999999999998,move,improve
2055,19,1834.2,13,1275.1999999999998,2opt,improve
2056,19,1812.9,13,1275.1999999999998,swap,improve
2057,19,1812.9,13,1275.1999999999998,move,improve
2058,19,1782.2999999999997,13,1275.1999999999998,swap,improve
2059,19,1782.2999999999997,13,1275.1999999999998,2opt,improve
2060,19,1766.5,13,1275.1999999999998,2opt,improve
2061,19,1781.0000000000005,13,1275.1999999999998,2opt,acceptBad
2062,19,1781.0000000000005,13,1275.1999999999998,move,improve
2063,19,1846.1000000000001,13,1275.1999999999998,swap,acceptBad
2064,19,1846.1000000000001,13,1275.1999999999998,2opt,improve
2065,19,1837.1999999999996,13,1275.1999999999998,2opt,improve
2066,19,1830.2999999999997,13,1275.1999999999998,swap,improve
2067,19,1830.6000000000001,13,1275.1999999999998,2opt,acceptBad
2068,19,1836.4,13,1275.1999999999998,swap,acceptBad
2069,19,1850.0000000000005,13,1275.1999999999998,swap,acceptBad
2070,19,1823.6,13,1275.1999999999998,2opt,improve
2071,19,1823.6,13,1275.1999999999998,move,improve
2072,19,1823.5999999999995,13,1275.1999999999998,swap,improve
2073,19,1832.500000000001,13,1275.1999999999998,2opt,acceptBad
2074,19,1827.1,13,1275.1999999999998,2opt,improve
2075,19,1827.1,13,1275.1999999999998,2opt,notBad
2076,19,1827.1000000000001,13,1275.1999999999998,swap,acceptBad
2077,19,1810.7000000000003,13,1275.1999999999998,move,improve
2078,19,1862.6000000000001,13,1275.1999999999998,swap,acceptBad
2079,19,1872.5000000000005,13,1275.1999999999998,2opt,acceptBad
2080,19,1855.5000000000005,13,1275.1999999999998,move,improve
2081,19,1811.7000000000007,13,1275.1999999999998,move,improve
2082,19,1796.1000000000008,13,1275.1999999999998,2opt,improve
2083,19,1788.1000000000004,13,1275.1999999999998,2opt,improve
2084,19,1778.1000000000004,13,1275.1999999999998,move,improve
2085,19,1768.2000000000003,13,1275.1999999999998,2opt,improve
2086,19,1768.2000000000003,13,1275.1999999999998,2opt,improve
2087,19,1771.6000000000004,13,1275.1999999999998,swap,acceptBad
2088,19,1708.3000000000004,13,1275.1999999999998,move,improve
2089,19,1708.3000000000004,13,1275.1999999999998,2opt,notBad
2090,19,1743.7000000000005,13,1275.1999999999998,swap,acceptBad
2091,19,1787.5000000000005,13,1275.1999999999998,swap,acceptBad
2092,19,1798.5000000000005,13,1275.1999999999998,swap,acceptBad
2093,19,1797.3000000000006,13,1275.1999999999998,swap,improve
2094,19,1796.4000000000005,13,1275.1999999999998,move,improve
2095,19,1752.6000000000008,13,1275.1999999999998,move,improve
2096,19,1769.9000000000008,13,1275.1999999999998,2opt,acceptBad
2097,19,1737.5000000000005,13,1275.1999999999998,2opt,improve
2098,19,1720.3000000000004,13,1275.1999999999998,move,improve
2099,19,1710.5000000000002,13,1275.1999999999998,move,improve
2100,19,1745.2,13,1275.1999999999998,2opt,acceptBad
2101,19,1716.0000000000002,13,1275.1999999999998,move,improve
2102,19,1716.0000000000002,13,1275.1999999999998,move,improve
2103,19,1730.4000000000003,13,1275.1999999999998,swap,acceptBad
2104,19,1725.3000000000002,13,1275.1999999999998,move,improve
2105,19,1726.8000000000006,13,1275.1999999999998,2opt,acceptBad
2106,19,1726.8000000000006,13,1275.1999999999998,move,improve
2107,19,1704.3000000000006,13,1275.1999999999998,move,improve
2108,19,1686.9000000000005,13,1275.1999999999998,2opt,improve
2109,19,1686.4000000000008,13,1275.1999999999998,move,improve
2110,19,1669.9000000000008,13,1275.1999999999998,2opt,improve
2111,19,1704.4000000000008,13,1275.1999999999998,swap,acceptBad
2112,19,1684.6000000000008,13,1275.1999999999998,move,improve
2113,19,1684.6000000000008,13,1275.1999999999998,2opt,notBad
2114,19,1703.5000000000007,13,1275.1999999999998,2opt,acceptBad
2115,19,1710.9000000000008,13,1275.1999999999998,swap,acceptBad
2116,19,1702.9000000000008,13,1275.1999999999998,move,improve
2117,19,1707.3000000000006,13,1275.1999999999998,2opt,acceptBad
2118,19,1672.0000000000007,13,1275.1999999999998,swap,improve
2119,19,1661.4000000000008,13,1275.1999999999998,move,improve
2120,19,1642.200000000001,13,1275.1999999999998,move,improve
2121,19,1648.000000000001,13,1275.1999999999998,2opt,acceptBad
2122,19,1629.2000000000007,13,1275.1999999999998,swap,improve
2123,19,1684.3000000000009,13,1275.1999999999998,swap,acceptBad
2124,19,1678.8000000000009,13,1275.1999999999998,move,improve
2125,18,1626.600000000001,13,1275.1999999999998,move,improve
2126,18,1626.600000000001,13,1275.1999999999998,move,improve
2127,18,1660.6000000000004,13,1275.1999999999998,2opt,acceptBad
2128,18,1720.9000000000003,13,1275.1999999999998,swap,acceptBad
2129,18,1718.0000000000002,13,1275.1999999999998,2opt,improve
2130,18,1686.5,13,1275.1999999999998,2opt,improve
2131,18,1686.5,13,1275.1999999999998,move,improve
2132,18,1689.6,13,1275.1999999999998,swap,acceptBad
2133,18,1661.1000000000004,13,1275.1999999999998,2opt,improve
2134,18,1640.2000000000003,13,1275.1999999999998,move,improve
2135,18,1632.6000000000001,13,1275.1999999999998,swap,improve
2136,18,1666.8000000000006,13,1275.1999999999998,2opt,acceptBad
2137,18,1697.1000000000008,13,1275.1999999999998,swap,acceptBad
2138,18,1686.2000000000005,13,1275.1999999999998,swap,improve
2139,18,1686.2000000000005,13,1275.1999999999998,2opt,notBad
2140,18,1711.3000000000002,13,1275.1999999999998,2opt,acceptBad
2141,18,1659.6000000000004,13,1275.1999999999998,move,improve
2142,18,1657.5999999999992,13,1275.1999999999998,2opt,improve
2143,18,1630.4999999999993,13,1275.1999999999998,move,improve
2144,18,1651.2999999999993,13,1275.1999999999998,2opt,acceptBad
2145,18,1601.9999999999995,13,1275.1999999999998,move,improve
2146,18,1615.5999999999997,13,1275.1999999999998,swap,acceptBad
2147,18,1586.8999999999999,13,1275.1999999999998,move,improve
2148,18,1557.3,13,1275.1999999999998,move,improve
2149,17,1556.6,13,1275.1999999999998,2opt,improve
2150,17,1508.1999999999996,13,1275.1999999999998,move,improve
2151,17,1508.0999999999997,13,1275.1999999999998,2opt,improve
2152,17,1541.6,13,1275.1999999999998,2opt,acceptBad
2153,17,1498.3000000000002,13,1275.1999999999998,2opt,improve
2154,17,1494.5000000000002,13,1275.1999999999998,move,improve
2155,17,1489.5000000000002,13,1275.1999999999998,swap,improve
2156,17,1489.5000000000002,13,1275.1999999999998,2opt,improve
2157,17,1489.5000000000002,13,1275.1999999999998,move,improve
2158,17,1499.4000000000003,13,1275.1999999999998,swap,acceptBad
2159,17,1536.5000000000005,13,1275.1999999999998,swap,acceptBad
2160,17,1522.3000000000006,13,1275.1999999999998,move,improve
2161,17,1528.1000000000004,13,1275.1999999999998,swap,acceptBad
2162,17,1528.1000000000004,13,1275.1999999999998,move,improve
2163,17,1514.1000000000001,13,1275.1999999999998,move,improve
2164,17,1521.2,13,1275.1999999999998,swap,acceptBad
2165,17,1505.8000000000002,13,1275.1999999999998,move,improve
2166,17,1509.2000000000003,13,1275.1999999999998,swap,acceptBad
2167,17,1509.2000000000003,13,1275.1999999999998,2opt,improve
2168,17,1488.2000000000003,13,1275.1999999999998,move,improve
2169,17,1488.2000000000003,13,1275.1999999999998,2opt,improve
2170,17,1474.9000000000005,13,1275.1999999999998,move,improve
2171,17,1473.5000000000005,13,1275.1999999999998,move,improve
2172,17,1471.6000000000006,13,1275.1999999999998,move,improve
2173,17,1474.0000000000002,13,1275.1999999999998,swap,acceptBad
2174,17,1497.9000000000003,13,1275.1999999999998,swap,acceptBad
2175,17,1509.7000000000005,13,1275.1999999999998,swap,acceptBad
2176,17,1509.7000000000005,13,1275.1999999999998,2opt,notBad
2177,17,1540.4999999999998,13,1275.1999999999998,2opt,acceptBad
2178,17,1540.4999999999998,13,1275.1999999999998,move,improve
2179,16,1500.7999999999997,13,1275.1999999999998,move,improve
2180,16,1521.7,13,1275.1999999999998,swap,acceptBad
2181,16,1522.8000000000002,13,1275.1999999999998,swap,acceptBad
2182,16,1534.7,13,1275.1999999999998,swap,acceptBad
2183,16,1530.3,13,1275.1999999999998,2opt,improve
2184,16,1499.5000000000005,13,1275.1999999999998,2opt,improve
2185,16,1495.8000000000006,13,1275.1999999999998,move,improve
2186,16,1495.8000000000006,13,1275.1999999999998,move,improve
2187,16,1476.4000000000005,13,1275.1999999999998,2opt,improve
2188,16,1489.8000000000009,13,1275.1999999999998,swap,acceptBad
2189,16,1489.7000000000007,13,1275.1999999999998,swap,improve
2190,16,1508.0000000000005,13,1275.1999999999998,swap,acceptBad
2191,16,1489.2000000000005,13,1275.1999999999998,swap,improve
2192,16,1489.2000000000005,13,1275.1999999999998,move,improve
2193,16,1489.2000000000005,13,1275.1999999999998,2opt,notBad
2194,16,1465.2000000000003,13,1275.1999999999998,move,improve
2195,16,1465.2000000000003,13,1275.1999999999998,move,improve
2196,16,1465.2000000000003,13,1275.1999999999998,2opt,notBad
2197,16,1488.7000000000005,13,1275.1999999999998,swap,acceptBad
2198,16,1493.0999999999997,13,1275.1999999999998,2opt,acceptBad
2199,16,1555.1999999999998,13,1275.1999999999998,swap,acceptBad
2200,16,1569.1,13,1275.1999999999998,swap,acceptBad
2201,16,1541.1,13,1275.1999999999998,swap,improve
2202,16,1569.8999999999996,13,1275.1999999999998,2opt,acceptBad
2203,16,1559.4999999999998,13,1275.1999999999998,move,improve
2204,16,1554.6999999999996,13,1275.1999999999998,move,improve
2205,16,1563.8999999999996,13,1275.1999999999998,swap,acceptBad
2206,16,1560.4999999999998,13,1275.1999999999998,move,improve
2207,16,1530.4999999999995,13,1275.1999999999998,move,improve
2208,16,1538.6999999999998,13,1275.1999999999998,swap,acceptBad
2209,16,1509.8999999999999,13,1275.1999999999998,swap,improve
2210,16,1509.8999999999999,13,1275.1999999999998,move,improve
2211,16,1509.8999999999999,13,1275.1999999999998,2opt,improve
2212,16,1508.8999999999999,13,1275.1999999999998,swap,improve
2213,16,1534.2999999999997,13,1275.1999999999998,swap,acceptBad
2214,16,1537.4999999999998,13,1275.1999999999998,swap,acceptBad
2215,16,1563.8,13,1275.1999999999998,swap,acceptBad
2216,15,1529.3999999999999,13,1275.1999999999998,move,improve
2217,15,1529.3999999999999,13,1275.1999999999998,swap,improve
2218,15,1511.5,13,1275.1999999999998,2opt,improve
2219,15,1511.6999999999998,13,1275.1999999999998,2opt,acceptBad
2220,15,1516.9999999999998,13,1275.1999999999998,swap,acceptBad
2221,15,1554.1,13,1275.1999999999998,swap,acceptBad
2222,15,1533.1,13,1275.1999999999998,swap,improve
2223,15,1516.6,13,1275.1999999999998,move,improve
2224,15,1516.6,13,1275.1999999999998,2opt,notBad
2225,15,1525.6999999999998,13,1275.1999999999998,swap,acceptBad
2226,15,1547.8999999999999,13,1275.1999999999998,2opt,acceptBad
2227,15,1547.8999999999999,13,1275.1999999999998,move,improve
2228,15,1550.8999999999996,13,1275.1999999999998,swap,acceptBad
2229,15,1523.9999999999998,13,1275.1999999999998,2opt,improve
2230,15,1584.5999999999997,13,1275.1999999999998,swap,acceptBad
2231,15,1584.5999999999997,13,1275.1999999999998,move,improve
2232,15,1585.6000000000001,13,1275.1999999999998,2opt,acceptBad
2233,15,1565.0000000000002,13,1275.1999999999998,move,improve
2234,15,1539.2,13,1275.1999999999998,2opt,improve
2235,15,1539.2,13,1275.1999999999998,2opt,notBad
2236,15,1536.7000000000003,13,1275.1999999999998,2opt,improve
2237,15,1551.2000000000003,13,1275.1999999999998,swap,acceptBad
2238,15,1551.2000000000003,13,1275.1999999999998,2opt,improve
2239,15,1531.4,13,1275.1999999999998,2opt,improve
2240,15,1531.4,13,1275.1999999999998,2opt,improve
2241,15,1573.2,13,1275.1999999999998,swap,acceptBad
2242,15,1565.1000000000001,13,1275.1999999999998,swap,improve
2243,15,1565.1000000000001,13,1275.1999999999998,move,improve
2244,15,1590.1000000000004,13,1275.1999999999998,2opt,acceptBad
2245,15,1578.9,13,1275.1999999999998,move,improve
2246,15,1559.6000000000001,13,1275.1999999999998,move,improve
2247,15,1543.4,13,1275.1999999999998,move,improve
2248,15,1541.8999999999999,13,1275.1999999999998,move,improve
2249,15,1541.8999999999999,13,1275.1999999999998,2opt,notBad
2250,15,1541.8999999999999,13,1275.1999999999998,move,improve
2251,15,1535.1999999999998,13,1275.1999999999998,move,improve
2252,15,1535.1999999999998,13,1275.1999999999998,move,improve
2253,15,1541.8999999999994,13,1275.1999999999998,2opt,acceptBad
2254,15,1516.0999999999995,13,1275.1999999999998,move,improve
2255,15,1533.5999999999995,13,1275.1999999999998,swap,acceptBad
2256,15,1499.1999999999996,13,1275.1999999999998,move,improve
2257,15,1513.9,13,1275.1999999999998,2opt,acceptBad
2258,15,1468.9999999999998,13,1275.1999999999998,2opt,improve
2259,15,1468.9999999999998,13,1275.1999999999998,2opt,notBad
2260,15,1488.9999999999998,13,1275.1999999999998,swap,acceptBad
2261,15,1558.6999999999998,13,1275.1999999999998,swap,acceptBad
2262,15,1545.7999999999997,13,1275.1999999999998,swap,improve
2263,15,1542.6999999999998,13,1275.1999999999998,move,improve
2264,15,1511.6,13,1275.1999999999998,swap,improve
2265,15,1511.6,13,1275.1999999999998,2opt,notBad
2266,15,1511.6,13,1275.1999999999998,2opt,improve
2267,15,1511.6,13,1275.1999999999998,move,improve
2268,15,1500.0,13,1275.1999999999998,swap,improve
2269,15,1500.0,13,1275.1999999999998,2opt,improve
2270,15,1500.0,13,1275.1999999999998,2opt,notBad
2271,15,1511.6000000000001,13,1275.1999999999998,2opt,acceptBad
2272,15,1511.6000000000001,13,1275.1999999999998,2opt,notBad
2273,15,1481.9000000000003,13,1275.1999999999998,swap,improve
2274,15,1465.4000000000003,13,1275.1999999999998,swap,improve
2275,15,1483.4999999999998,13,1275.1999999999998,2opt,acceptBad
2276,15,1483.4999999999998,13,1275.1999999999998,move,improve
2277,15,1517.3999999999999,13,1275.1999999999998,swap,acceptBad
2278,15,1494.5999999999997,13,1275.1999999999998,2opt,improve
2279,15,1471.3999999999999,13,1275.1999999999998,move,improve
2280,15,1458.3999999999996,13,1275.1999999999998,move,improve
2281,15,1435.5999999999995,13,1275.1999999999998,move,improve
2282,15,1435.5999999999995,13,1275.1999999999998,move,improve
2283,15,1464.3999999999994,13,1275.1999999999998,swap,acceptBad
2284,15,1444.1999999999994,13,1275.1999999999998,swap,improve
2285,15,1434.6,13,1275.1999999999998,2opt,improve
2286,14,1424.6999999999998,13,1275.1999999999998,move,improve
2287,14,1386.6,13,1275.1999999999998,move,improve
2288,14,1372.7999999999997,13,1275.1999999999998,swap,improve
2289,14,1372.7999999999997,13,1275.1999999999998,move,improve
2290,14,1371.1,13,1275.1999999999998,swap,improve
2291,14,1379.4,13,1275.1999999999998,swap,acceptBad
2292,14,1379.4,13,1275.1999999999998,move,improve
2293,14,1379.4,13,1275.1999999999998,2opt,notBad
2294,14,1382.3,13,1275.1999999999998,2opt,acceptBad
2295,14,1382.3,13,1275.1999999999998,2opt,notBad
2296,14,1382.3,13,1275.1999999999998,2opt,improve
2297,14,1382.3,13,1275.1999999999998,move,improve
2298,14,1350.5999999999997,13,1275.1999999999998,2opt,improve
2299,14,1390.0999999999997,13,1275.1999999999998,swap,acceptBad
2300,14,1375.4999999999998,13,1275.1999999999998,swap,improve
2301,14,1362.9999999999998,13,1275.1999999999998,move,improve
2302,14,1339.1999999999998,13,1275.1999999999998,move,improve
2303,14,1361.7999999999997,13,1275.1999999999998,swap,acceptBad
2304,14,1361.7999999999997,13,1275.1999999999998,2opt,improve
2305,14,1424.6999999999994,13,1275.1999999999998,swap,acceptBad
2306,14,1421.9999999999998,13,1275.1999999999998,2opt,improve
2307,14,1421.9999999999998,13,1275.1999999999998,2opt,notBad
2308,14,1437.8999999999999,13,1275.1999999999998,2opt,acceptBad
2309,14,1402.1,13,1275.1999999999998,move,improve
2310,14,1403.7,13,1275.1999999999998,2opt,acceptBad
2311,14,1403.7,13,1275.1999999999998,move,improve
2312,14,1413.3999999999999,13,1275.1999999999998,swap,acceptBad
2313,14,1435.4,13,1275.1999999999998,swap,acceptBad
2314,14,1447.0,13,1275.1999999999998,2opt,acceptBad
2315,14,1446.3000000000002,13,1275.1999999999998,swap,improve
2316,14,1446.3000000000002,13,1275.1999999999998,2opt,notBad
2317,14,1433.3,13,1275.1999999999998,move,improve
2318,14,1483.7,13,1275.1999999999998,swap,acceptBad
2319,14,1474.2000000000003,13,1275.1999999999998,2opt,improve
2320,14,1474.2000000000003,13,1275.1999999999998,2opt,notBad
2321,14,1482.9,13,1275.1999999999998,swap,acceptBad
2322,14,1482.9,13,1275.1999999999998,move,improve
2323,14,1461.1000000000001,13,1275.1999999999998,swap,improve
2324,14,1461.1000000000001,13,1275.1999999999998,move,improve
2325,14,1461.1000000000001,13,1275.1999999999998,2opt,improve
2326,14,1450.6,13,1275.1999999999998,2opt,improve
2327,14,1438.9999999999998,13,1275.1999999999998,swap,improve
2328,14,1450.2999999999995,13,1275.1999999999998,swap,acceptBad
2329,14,1415.1,13,1275.1999999999998,swap,improve
2330,14,1418.0,13,1275.1999999999998,2opt,acceptBad
2331,14,1418.0,13,1275.1999999999998,move,improve
2332,14,1418.0,13,1275.1999999999998,move,improve
2333,14,1418.0,13,1275.1999999999998,move,improve
2334,14,1415.4,13,1275.1999999999998,move,improve
2335,14,1415.4,13,1275.1999999999998,2opt,improve
2336,14,1422.0,13,1275.1999999999998,swap,acceptBad
2337,14,1422.0,13,1275.1999999999998,move,improve
2338,14,1376.0000000000002,13,1275.1999999999998,move,improve
2339,14,1376.0000000000002,13,1275.1999999999998,2opt,notBad
2340,14,1356.9,13,1275.1999999999998,move,improve
2341,14,1405.8999999999999,13,1275.1999999999998,2opt,acceptBad
2342,14,1452.2,13,1275.1999999999998,swap,acceptBad
2343,14,1457.6999999999998,13,1275.1999999999998,2opt,acceptBad
2344,14,1423.5,13,1275.1999999999998,2opt,improve
2345,14,1423.5,13,1275.1999999999998,2opt,notBad
2346,14,1423.5,13,1275.1999999999998,move,improve
2347,14,1425.4,13,1275.1999999999998,swap,acceptBad
2348,14,1425.4,13,1275.1999999999998,move,improve
2349,14,1441.8000000000002,13,1275.1999999999998,swap,acceptBad
2350,14,1433.0000000000002,13,1275.1999999999998,move,improve
2351,14,1433.0000000000002,13,1275.1999999999998,2opt,improve
2352,14,1407.5000000000002,13,1275.1999999999998,move,improve
2353,14,1408.0000000000002,13,1275.1999999999998,2opt,acceptBad
2354,14,1383.9,13,1275.1999999999998,2opt,improve
2355,14,1383.9,13,1275.1999999999998,move,improve
2356,14,1385.3000000000002,13,1275.1999999999998,swap,acceptBad
2357,14,1424.3000000000004,13,1275.1999999999998,swap,acceptBad
2358,14,1405.2000000000003,13,1275.1999999999998,move,improve
2359,14,1411.1000000000004,13,1275.1999999999998,swap,acceptBad
2360,14,1411.1000000000004,13,1275.1999999999998,move,improve
2361,14,1411.1000000000004,13,1275.1999999999998,2opt,notBad
2362,14,1411.1000000000004,13,1275.1999999999998,2opt,improve
2363,14,1411.1000000000004,13,1275.1999999999998,2opt,notBad
2364,14,1411.1000000000004,13,1275.1999999999998,2opt,notBad
2365,14,1428.3000000000002,13,1275.1999999999998,swap,acceptBad
2366,14,1389.3000000000002,13,1275.1999999999998,swap,improve
2367,14,1381.6,13,1275.1999999999998,2opt,improve
2368,14,1381.6,13,1275.1999999999998,2opt,notBad
2369,14,1381.6,13,1275.1999999999998,2opt,notBad
2370,14,1416.1999999999998,13,1275.1999999999998,swap,acceptBad
2371,14,1416.1999999999998,13,1275.1999999999998,2opt,notBad
2372,14,1415.6999999999998,13,1275.1999999999998,move,improve
2373,14,1415.6999999999998,13,1275.1999999999998,move,improve
2374,14,1415.6999999999998,13,1275.1999999999998,move,improve
2375,14,1405.0999999999997,13,1275.1999999999998,swap,improve
2376,14,1405.0999999999997,13,1275.1999999999998,move,improve
2377,14,1404.7999999999995,13,1275.1999999999998,2opt,improve
2378,14,1404.7999999999995,13,1275.1999999999998,2opt,notBad
2379,14,1434.8999999999994,13,1275.1999999999998,swap,acceptBad
2380,14,1428.5999999999995,13,1275.1999999999998,2opt,improve
2381,14,1428.5999999999995,13,1275.1999999999998,2opt,notBad
2382,14,1428.5999999999995,13,1275.1999999999998,2opt,notBad
2383,14,1428.5999999999995,13,1275.1999999999998,2opt,notBad
2384,14,1393.9999999999995,13,1275.1999999999998,swap,improve
2385,14,1451.4999999999995,13,1275.1999999999998,swap,acceptBad
2386,14,1451.4999999999995,13,1275.1999999999998,2opt,improve
2387,14,1359.8,13,1275.1999999999998,2opt,improve
2388,14,1334.8,13,1275.1999999999998,move,improve
2389,14,1334.8,13,1275.1999999999998,2opt,notBad
2390,14,1385.4,13,1275.1999999999998,swap,acceptBad
2391,14,1324.2,13,1275.1999999999998,move,improve
2392,14,1331.0000000000002,13,1275.1999999999998,swap,acceptBad
2393,14,1326.0000000000002,13,1275.1999999999998,swap,improve
2394,14,1327.3000000000002,13,1275.1999999999998,swap,acceptBad
2395,14,1326.0000000000002,13,1275.1999999999998,swap,improve
2396,14,1326.0000000000002,13,1275.1999999999998,move,improve
2397,14,1307.9000000000003,13,1275.1999999999998,move,improve
2398,15,1338.8000000000004,13,1275.1999999999998,2opt,acceptBad
2399,15,1348.2000000000003,13,1275.1999999999998,swap,acceptBad
2400,15,1348.2000000000003,13,1275.1999999999998,move,improve
2401,15,1348.2000000000003,13,1275.1999999999998,2opt,notBad
2402,15,1348.2000000000003,13,1275.1999999999998,2opt,notBad
2403,14,1299.3000000000006,13,1275.1999999999998,move,improve
2404,14,1294.4000000000008,13,1275.1999999999998,swap,improve
2405,14,1290.6000000000004,13,1275.1999999999998,swap,improve
2406,14,1306.4000000000005,13,1275.1999999999998,2opt,acceptBad
2407,14,1306.4000000000005,13,1275.1999999999998,move,improve
2408,14,1275.8000000000004,13,1275.1999999999998,move,improve
2409,14,1275.8000000000004,13,1275.1999999999998,2opt,notBad
2410,14,1275.8000000000004,13,1275.1999999999998,2opt,notBad
2411,14,1291.4000000000005,13,1275.1999999999998,swap,acceptBad
2412,14,1270.7000000000005,14,1270.7000000000005,move,newBest
2413,14,1269.0000000000005,14,1269.0000000000005,swap,newBest
2414,14,1275.4000000000003,14,1269.0000000000005,swap,acceptBad
2415,14,1275.4000000000003,14,1269.0000000000005,move,improve
2416,14,1248.7000000000005,14,1248.7000000000005,move,newBest
2417,14,1301.2000000000005,14,1248.7000000000005,swap,acceptBad
2418,14,1330.1000000000001,14,1248.7000000000005,swap,acceptBad
2419,14,1330.1000000000001,14,1248.7000000000005,move,improve
2420,14,1322.2000000000003,14,1248.7000000000005,move,improve
2421,14,1322.2000000000003,14,1248.7000000000005,2opt,improve
2422,14,1314.2000000000005,14,1248.7000000000005,move,improve
2423,14,1314.2000000000005,14,1248.7000000000005,2opt,notBad
2424,14,1300.1999999999996,14,1248.7000000000005,2opt,improve
2425,14,1300.1999999999996,14,1248.7000000000005,move,improve
2426,14,1298.9999999999995,14,1248.7000000000005,move,improve
2427,14,1298.9999999999995,14,1248.7000000000005,move,improve
2428,14,1295.1999999999996,14,1248.7000000000005,swap,improve
2429,14,1314.4999999999998,14,1248.7000000000005,swap,acceptBad
2430,14,1303.7999999999995,14,1248.7000000000005,move,improve
2431,14,1287.9999999999998,14,1248.7000000000005,2opt,improve
2432,14,1287.9999999999998,14,1248.7000000000005,2opt,improve
2433,14,1266.3999999999996,14,1248.7000000000005,move,improve
2434,14,1266.3999999999996,14,1248.7000000000005,2opt,notBad
2435,14,1280.0999999999997,14,1248.7000000000005,2opt,acceptBad
2436,14,1272.1999999999998,14,1248.7000000000005,move,improve
2437,14,1272.1999999999998,14,1248.7000000000005,move,improve
2438,14,1311.9999999999998,14,1248.7000000000005,swap,acceptBad
2439,14,1311.9999999999998,14,1248.7000000000005,move,improve
2440,14,1313.8999999999996,14,1248.7000000000005,swap,acceptBad
2441,14,1343.5999999999997,14,1248.7000000000005,swap,acceptBad
2442,14,1343.5999999999997,14,1248.7000000000005,2opt,notBad
2443,14,1343.5999999999997,14,1248.7000000000005,move,improve
2444,14,1343.5999999999997,14,1248.7000000000005,2opt,improve
2445,14,1343.5999999999997,14,1248.7000000000005,move,improve
2446,14,1341.7999999999995,14,1248.7000000000005,swap,improve
2447,14,1341.7999999999995,14,1248.7000000000005,2opt,notBad
2448,14,1310.8999999999996,14,1248.7000000000005,move,improve
2449,14,1310.8999999999996,14,1248.7000000000005,2opt,improve
2450,14,1310.8999999999996,14,1248.7000000000005,move,improve
2451,14,1310.8999999999996,14,1248.7000000000005,swap,notBad
2452,14,1310.8999999999996,14,1248.7000000000005,2opt,notBad
2453,14,1310.8999999999996,14,1248.7000000000005,2opt,improve
2454,14,1310.8999999999996,14,1248.7000000000005,move,improve
2455,14,1316.4,14,1248.7000000000005,swap,acceptBad
2456,14,1319.0,14,1248.7000000000005,swap,acceptBad
2457,14,1319.0,14,1248.7000000000005,2opt,notBad
2458,14,1338.6,14,1248.7000000000005,swap,acceptBad
2459,14,1338.6,14,1248.7000000000005,move,improve
2460,14,1338.6,14,1248.7000000000005,move,improve
2461,14,1338.6,14,1248.7000000000005,move,improve
2462,14,1337.6999999999994,14,1248.7000000000005,2opt,improve
2463,14,1337.6999999999994,14,1248.7000000000005,swap,notBad
2464,14,1324.1999999999998,14,1248.7000000000005,move,improve
2465,14,1342.6999999999998,14,1248.7000000000005,swap,acceptBad
2466,14,1342.6999999999998,14,1248.7000000000005,move,improve
2467,14,1325.4999999999998,14,1248.7000000000005,swap,improve
2468,14,1325.4999999999998,14,1248.7000000000005,2opt,notBad
2469,14,1336.0,14,1248.7000000000005,2opt,acceptBad
2470,14,1336.0,14,1248.7000000000005,2opt,notBad
2471,14,1336.0,14,1248.7000000000005,2opt,notBad
2472,14,1336.0,14,1248.7000000000005,2opt,notBad
2473,14,1358.0999999999997,14,1248.7000000000005,swap,acceptBad
2474,14,1363.2000000000003,14,1248.7000000000005,2opt,acceptBad
2475,14,1363.2000000000003,14,1248.7000000000005,2opt,notBad
2476,14,1363.2000000000003,14,1248.7000000000005,move,improve
2477,14,1360.5000000000002,14,1248.7000000000005,swap,improve
2478,14,1360.5000000000002,14,1248.7000000000005,move,improve
2479,14,1360.5000000000002,14,1248.7000000000005,2opt,notBad
2480,14,1360.5000000000002,14,1248.7000000000005,move,improve
2481,14,1360.5000000000002,14,1248.7000000000005,move,improve
2482,14,1360.5000000000002,14,1248.7000000000005,move,improve
2483,14,1367.2,14,1248.7000000000005,2opt,acceptBad
2484,14,1367.1,14,1248.7000000000005,move,improve
2485,14,1359.1999999999996,14,1248.7000000000005,2opt,improve
2486,14,1359.1999999999996,14,1248.7000000000005,move,improve
2487,14,1344.4999999999995,14,1248.7000000000005,move,improve
2488,15,1336.4999999999993,14,1248.7000000000005,2opt,improve
2489,15,1336.4999999999993,14,1248.7000000000005,swap,notBad
2490,16,1361.0999999999995,14,1248.7000000000005,2opt,acceptBad
2491,16,1361.0999999999995,14,1248.7000000000005,2opt,notBad
2492,16,1396.1999999999996,14,1248.7000000000005,swap,acceptBad
2493,16,1396.1999999999996,14,1248.7000000000005,2opt,notBad
2494,16,1392.2999999999997,14,1248.7000000000005,2opt,improve
2495,16,1392.2999999999997,14,1248.7000000000005,move,improve
2496,16,1388.5999999999997,14,1248.7000000000005,move,improve
2497,16,1363.5999999999997,14,1248.7000000000005,move,improve
2498,16,1377.7999999999997,14,1248.7000000000005,swap,acceptBad
2499,16,1418.1999999999998,14,1248.7000000000005,swap,acceptBad
2500,16,1489.0,14,1248.7000000000005,swap,acceptBad
2501,16,1517.2,14,1248.7000000000005,swap,acceptBad
2502,16,1497.5,14,1248.7000000000005,move,improve
2503,16,1463.7,14,1248.7000000000005,move,improve
2504,16,1463.7,14,1248.7000000000005,2opt,notBad
2505,16,1450.3999999999999,14,1248.7000000000005,swap,improve
2506,16,1450.3999999999999,14,1248.7000000000005,move,improve
2507,16,1450.3999999999999,14,1248.7000000000005,swap,notBad
2508,16,1450.3999999999999,14,1248.7000000000005,2opt,notBad
2509,16,1450.3999999999999,14,1248.7000000000005,move,improve
2510,16,1507.3000000000002,14,1248.7000000000005,swap,acceptBad
2511,16,1507.3000000000002,14,1248.7000000000005,2opt,notBad
2512,16,1507.3000000000002,14,1248.7000000000005,2opt,improve
2513,16,1475.5000000000002,14,1248.7000000000005,move,improve
2514,16,1471.8,14,1248.7000000000005,move,improve
2515,16,1471.9000000000003,14,1248.7000000000005,2opt,acceptBad
2516,16,1445.1000000000004,14,1248.7000000000005,move,improve
2517,16,1521.0000000000005,14,1248.7000000000005,swap,acceptBad
2518,16,1521.0000000000005,14,1248.7000000000005,2opt,notBad
2519,16,1497.3000000000004,14,1248.7000000000005,move,improve
2520,16,1440.7000000000005,14,1248.7000000000005,move,improve
2521,16,1432.1000000000006,14,1248.7000000000005,swap,improve
2522,16,1436.4,14,1248.7000000000005,2opt,acceptBad
2523,16,1436.4,14,1248.7000000000005,2opt,improve
2524,16,1436.2,14,1248.7000000000005,swap,improve
2525,16,1424.1,14,1248.7000000000005,swap,improve
2526,16,1424.1,14,1248.7000000000005,swap,notBad
2527,16,1403.6000000000001,14,1248.7000000000005,move,improve
2528,16,1405.3999999999996,14,1248.7000000000005,swap,acceptBad
2529,16,1395.4999999999995,14,1248.7000000000005,2opt,improve
2530,16,1367.3999999999994,14,1248.7000000000005,move,improve
2531,16,1410.4999999999995,14,1248.7000000000005,swap,acceptBad
2532,16,1420.6999999999996,14,1248.7000000000005,swap,acceptBad
2533,16,1451.4999999999998,14,1248.7000000000005,swap,acceptBad
2534,16,1472.6,14,1248.7000000000005,swap,acceptBad
2535,16,1472.6,14,1248.7000000000005,2opt,notBad
2536,16,1472.6,14,1248.7000000000005,2opt,notBad
2537,16,1472.6,14,1248.7000000000005,2opt,notBad
2538,16,1462.6,14,1248.7000000000005,swap,improve
2539,16,1472.9999999999998,14,1248.7000000000005,2opt,acceptBad
2540,16,1448.1999999999998,14,1248.7000000000005,2opt,improve
2541,16,1448.1999999999998,14,1248.7000000000005,2opt,notBad
2542,16,1454.1999999999998,14,1248.7000000000005,2opt,acceptBad
2543,16,1453.0999999999997,14,1248.7000000000005,move,improve
2544,16,1453.0999999999997,14,1248.7000000000005,2opt,notBad
2545,16,1436.3999999999999,14,1248.7000000000005,2opt,improve
2546,16,1443.6,14,1248.7000000000005,swap,acceptBad
2547,16,1443.6,14,1248.7000000000005,2opt,notBad
2548,16,1426.6,14,1248.7000000000005,swap,improve
2549,15,1385.4999999999998,14,1248.7000000000005,move,improve
2550,15,1400.9999999999993,14,1248.7000000000005,2opt,acceptBad
2551,15,1400.9999999999993,14,1248.7000000000005,2opt,improve
2552,15,1417.9999999999993,14,1248.7000000000005,swap,acceptBad
2553,15,1436.2000000000003,14,1248.7000000000005,2opt,acceptBad
2554,15,1465.3000000000002,14,1248.7000000000005,swap,acceptBad
2555,15,1465.3000000000002,14,1248.7000000000005,move,improve
2556,15,1465.3000000000002,14,1248.7000000000005,2opt,improve
2557,15,1472.2000000000003,14,1248.7000000000005,swap,acceptBad
2558,15,1463.1000000000004,14,1248.7000000000005,swap,improve
2559,15,1468.4000000000003,14,1248.7000000000005,swap,acceptBad
2560,15,1485.0000000000002,14,1248.7000000000005,swap,acceptBad
2561,15,1476.5,14,1248.7000000000005,2opt,improve
2562,15,1454.1999999999998,14,1248.7000000000005,swap,improve
2563,15,1454.4999999999998,14,1248.7000000000005,2opt,acceptBad
2564,15,1454.4999999999998,14,1248.7000000000005,2opt,notBad
2565,15,1449.8999999999996,14,1248.7000000000005,move,improve
2566,15,1449.8999999999996,14,1248.7000000000005,move,improve
2567,15,1449.8999999999996,14,1248.7000000000005,2opt,notBad
2568,15,1449.8999999999996,14,1248.7000000000005,2opt,improve
2569,15,1458.0999999999997,14,1248.7000000000005,swap,acceptBad
2570,15,1472.8000000000002,14,1248.7000000000005,2opt,acceptBad
2571,15,1468.0000000000002,14,1248.7000000000005,swap,improve
2572,15,1483.5000000000002,14,1248.7000000000005,swap,acceptBad
2573,15,1482.5000000000002,14,1248.7000000000005,swap,improve
2574,15,1482.5000000000002,14,1248.7000000000005,swap,notBad
2575,15,1482.5000000000002,14,1248.7000000000005,2opt,notBad
2576,15,1482.5000000000002,14,1248.7000000000005,2opt,improve
2577,15,1484.5000000000002,14,1248.7000000000005,swap,acceptBad
2578,15,1490.3999999999992,14,1248.7000000000005,2opt,acceptBad
2579,15,1488.2999999999995,14,1248.7000000000005,move,improve
2580,15,1468.3999999999999,14,1248.7000000000005,2opt,improve
2581,15,1475.4999999999998,14,1248.7000000000005,swap,acceptBad
2582,15,1483.3999999999999,14,1248.7000000000005,swap,acceptBad
2583,15,1454.5,14,1248.7000000000005,move,improve
2584,15,1435.1999999999998,14,1248.7000000000005,2opt,improve
2585,15,1430.3999999999999,14,1248.7000000000005,swap,improve
2586,15,1417.7000000000003,14,1248.7000000000005,2opt,improve
2587,15,1445.6000000000001,14,1248.7000000000005,swap,acceptBad
2588,15,1445.6000000000001,14,1248.7000000000005,2opt,notBad
2589,15,1438.1999999999998,14,1248.7000000000005,move,improve
2590,15,1438.1999999999998,14,1248.7000000000005,2opt,notBad
2591,15,1431.7,14,1248.7000000000005,2opt,improve
2592,15,1473.8999999999999,14,1248.7000000000005,swap,acceptBad
2593,15,1473.8999999999999,14,1248.7000000000005,move,improve
2594,15,1465.5999999999997,14,1248.7000000000005,swap,improve
2595,15,1465.5999999999997,14,1248.7000000000005,2opt,notBad
2596,15,1465.5999999999997,14,1248.7000000000005,2opt,notBad
2597,15,1439.6999999999998,14,1248.7000000000005,move,improve
2598,15,1428.6999999999998,14,1248.7000000000005,move,improve
2599,15,1428.6999999999998,14,1248.7000000000005,move,improve
2600,15,1428.6999999999998,14,1248.7000000000005,2opt,notBad
2601,15,1436.0999999999997,14,1248.7000000000005,swap,acceptBad
2602,15,1434.9999999999998,14,1248.7000000000005,swap,improve
2603,15,1434.9999999999998,14,1248.7000000000005,2opt,notBad
2604,16,1438.8999999999999,14,1248.7000000000005,2opt,acceptBad
2605,16,1423.0,14,1248.7000000000005,move,improve
2606,16,1448.8999999999999,14,1248.7000000000005,swap,acceptBad
2607,16,1448.8999999999999,14,1248.7000000000005,move,improve
2608,16,1443.6,14,1248.7000000000005,move,improve
2609,16,1471.1,14,1248.7000000000005,swap,acceptBad
2610,16,1449.1,14,1248.7000000000005,move,improve
2611,16,1441.6999999999998,14,1248.7000000000005,move,improve
2612,16,1441.6999999999998,14,1248.7000000000005,move,improve
2613,16,1448.5,14,1248.7000000000005,2opt,acceptBad
2614,16,1448.5,14,1248.7000000000005,2opt,improve
2615,16,1418.9,14,1248.7000000000005,move,improve
2616,16,1427.9,14,1248.7000000000005,swap,acceptBad
2617,16,1427.9,14,1248.7000000000005,move,improve
2618,16,1427.9,14,1248.7000000000005,2opt,notBad
2619,16,1427.9,14,1248.7000000000005,move,improve
2620,16,1425.3000000000002,14,1248.7000000000005,2opt,improve
2621,16,1440.8000000000002,14,1248.7000000000005,swap,acceptBad
2622,16,1435.1000000000001,14,1248.7000000000005,2opt,improve
2623,16,1432.6000000000001,14,1248.7000000000005,swap,improve
2624,16,1432.6000000000001,14,1248.7000000000005,2opt,notBad
2625,16,1432.6000000000001,14,1248.7000000000005,move,improve
2626,16,1439.0999999999997,14,1248.7000000000005,2opt,acceptBad
2627,15,1397.8999999999996,14,1248.7000000000005,move,improve
2628,15,1398.6999999999996,14,1248.7000000000005,swap,acceptBad
2629,15,1397.7,14,1248.7000000000005,2opt,improve
2630,15,1397.7,14,1248.7000000000005,2opt,notBad
2631,15,1419.3,14,1248.7000000000005,swap,acceptBad
2632,15,1419.3,14,1248.7000000000005,swap,notBad
2633,15,1440.1000000000001,14,1248.7000000000005,swap,acceptBad
2634,15,1421.0,14,1248.7000000000005,move,improve
2635,15,1421.0,14,1248.7000000000005,move,improve
2636,15,1421.0,14,1248.7000000000005,2opt,notBad
2637,15,1398.6999999999998,14,1248.7000000000005,swap,improve
2638,15,1402.6999999999998,14,1248.7000000000005,swap,acceptBad
2639,15,1402.6999999999998,14,1248.7000000000005,move,improve
2640,15,1391.3999999999996,14,1248.7000000000005,swap,improve
2641,15,1362.3999999999999,14,1248.7000000000005,swap,improve
2642,15,1390.5,14,1248.7000000000005,swap,acceptBad
2643,15,1371.3999999999999,14,1248.7000000000005,2opt,improve
2644,15,1371.3999999999999,14,1248.7000000000005,move,improve
2645,15,1371.3999999999999,14,1248.7000000000005,move,improve
2646,15,1364.3,14,1248.7000000000005,swap,improve
2647,15,1382.1000000000001,14,1248.7000000000005,swap,acceptBad
2648,15,1382.1000000000001,14,1248.7000000000005,2opt,notBad
2649,15,1393.3999999999999,14,1248.7000000000005,swap,acceptBad
2650,15,1382.8999999999999,14,1248.7000000000005,swap,improve
2651,15,1387.6,14,1248.7000000000005,swap,acceptBad
2652,15,1387.6,14,1248.7000000000005,move,improve
2653,15,1397.6,14,1248.7000000000005,swap,acceptBad
2654,15,1381.9,14,1248.7000000000005,2opt,improve
2655,15,1381.9,14,1248.7000000000005,move,improve
2656,15,1432.3000000000002,14,1248.7000000000005,swap,acceptBad
2657,15,1421.4000000000003,14,1248.7000000000005,swap,improve
2658,15,1408.9000000000003,14,1248.7000000000005,swap,improve
2659,15,1392.0000000000002,14,1248.7000000000005,move,improve
2660,15,1392.0000000000002,14,1248.7000000000005,swap,notBad
2661,15,1392.0000000000002,14,1248.7000000000005,2opt,notBad
2662,15,1377.3000000000002,14,1248.7000000000005,move,improve
2663,15,1371.6000000000001,14,1248.7000000000005,swap,improve
2664,15,1335.6000000000001,14,1248.7000000000005,move,improve
2665,15,1330.4,14,1248.7000000000005,move,improve
2666,15,1330.4,14,1248.7000000000005,move,improve
2667,15,1313.4,14,1248.7000000000005,move,improve
2668,15,1313.4,14,1248.7000000000005,2opt,notBad
2669,15,1313.4,14,1248.7000000000005,swap,notBad
2670,15,1313.4,14,1248.7000000000005,move,improve
2671,15,1307.1000000000001,14,1248.7000000000005,move,improve
2672,15,1307.1000000000001,14,1248.7000000000005,move,improve
2673,15,1327.4,14,1248.7000000000005,swap,acceptBad
2674,15,1327.3999999999999,14,1248.7000000000005,swap,improve
2675,15,1326.1999999999998,14,1248.7000000000005,swap,improve
2676,15,1324.2999999999997,14,1248.7000000000005,move,improve
2677,15,1324.2999999999997,14,1248.7000000000005,2opt,notBad
2678,15,1324.2999999999997,14,1248.7000000000005,2opt,notBad
2679,15,1324.2999999999997,14,1248.7000000000005,2opt,notBad
2680,15,1318.0,14,1248.7000000000005,swap,improve
2681,15,1325.3000000000002,14,1248.7000000000005,2opt,acceptBad
2682,15,1325.4,14,1248.7000000000005,swap,acceptBad
2683,14,1315.6000000000001,14,1248.7000000000005,move,improve
2684,14,1324.7999999999995,14,1248.7000000000005,2opt,acceptBad
2685,14,1322.1999999999996,14,1248.7000000000005,move,improve
2686,14,1322.1999999999996,14,1248.7000000000005,move,improve
2687,14,1322.1999999999996,14,1248.7000000000005,move,improve
2688,14,1338.9999999999998,14,1248.7000000000005,swap,acceptBad
2689,14,1342.7999999999997,14,1248.7000000000005,swap,acceptBad
2690,14,1333.5999999999997,14,1248.7000000000005,swap,improve
2691,14,1333.5999999999997,14,1248.7000000000005,move,improve
2692,14,1348.4999999999998,14,1248.7000000000005,swap,acceptBad
2693,14,1348.4999999999998,14,1248.7000000000005,2opt,improve
2694,14,1348.4999999999998,14,1248.7000000000005,2opt,notBad
2695,13,1318.5,13,1318.5,move,newBest
2696,13,1326.3,13,1318.5,swap,acceptBad
2697,13,1353.1,13,1318.5,swap,acceptBad
2698,13,1353.1,13,1318.5,2opt,notBad
2699,13,1353.1,13,1318.5,2opt,notBad
2700,13,1353.1,13,1318.5,2opt,notBad
2701,13,1353.1,13,1318.5,swap,notBad
2702,13,1353.1,13,1318.5,2opt,improve
2703,13,1363.1,13,1318.5,swap,acceptBad
2704,13,1384.0,13,1318.5,swap,acceptBad
2705,13,1382.0,13,1318.5,swap,improve
2706,13,1382.0,13,1318.5,2opt,notBad
2707,13,1382.0,13,1318.5,swap,notBad
2708,13,1382.0,13,1318.5,2opt,notBad
2709,13,1382.0,13,1318.5,move,improve
2710,13,1382.0,13,1318.5,2opt,notBad
2711,13,1382.0,13,1318.5,2opt,improve
2712,13,1376.3,13,1318.5,2opt,improve
2713,13,1342.0,13,1318.5,move,improve
2714,13,1350.3999999999999,13,1318.5,swap,acceptBad
2715,13,1316.6999999999998,13,1316.6999999999998,move,newBest
2716,13,1316.6999999999998,13,1316.6999999999998,move,improve
2717,13,1340.3999999999999,13,1316.6999999999998,swap,acceptBad
2718,13,1316.6999999999998,13,1316.6999999999998,swap,improve
2719,13,1312.9999999999998,13,1312.9999999999998,2opt,newBest
2720,13,1312.9999999999998,13,1312.9999999999998,swap,notBad
2721,13,1312.9999999999998,13,1312.9999999999998,move,improve
2722,13,1312.9999999999998,13,1312.9999999999998,2opt,notBad
2723,13,1310.6999999999998,13,1310.6999999999998,move,newBest
2724,13,1323.3999999999996,13,1310.6999999999998,2opt,acceptBad
2725,13,1305.5999999999995,13,1305.5999999999995,move,newBest
2726,13,1264.6999999999996,13,1264.6999999999996,move,newBest
2727,13,1235.9999999999995,13,1235.9999999999995,swap,newBest
2728,13,1235.9999999999995,13,1235.9999999999995,move,improve
2729,13,1242.0,13,1235.9999999999995,2opt,acceptBad
2730,13,1242.0,13,1235.9999999999995,2opt,improve
2731,13,1242.0,13,1235.9999999999995,2opt,improve
2732,13,1242.0,13,1235.9999999999995,2opt,notBad
2733,13,1228.9,13,1228.9,move,newBest
2734,13,1228.9,13,1228.9,move,improve
2735,13,1239.7,13,1228.9,swap,acceptBad
2736,13,1212.6000000000001,13,1212.6000000000001,move,newBest
2737,13,1212.6000000000001,13,1212.6000000000001,2opt,notBad
2738,13,1210.6000000000001,13,1210.6000000000001,move,newBest
2739,13,1185.9,13,1185.9,move,newBest
2740,13,1185.9,13,1185.9,move,improve
2741,13,1185.9,13,1185.9,move,improve
2742,13,1185.9,13,1185.9,2opt,notBad
2743,13,1185.9,13,1185.9,2opt,notBad
2744,13,1205.3,13,1185.9,swap,acceptBad
2745,13,1192.8,13,1185.9,move,improve
2746,13,1202.6000000000001,13,1185.9,2opt,acceptBad
2747,13,1202.6000000000001,13,1185.9,move,improve
2748,13,1182.4,13,1182.4,move,newBest
2749,13,1189.8,13,1182.4,swap,acceptBad
2750,13,1189.8,13,1182.4,2opt,notBad
2751,13,1189.8,13,1182.4,2opt,improve
2752,13,1189.8,13,1182.4,move,improve
2753,13,1189.8,13,1182.4,2opt,notBad
2754,13,1189.8,13,1182.4,move,improve
2755,13,1189.8,13,1182.4,2opt,notBad
2756,13,1169.7,13,1169.7,move,newBest
2757,13,1169.7,13,1169.7,move,improve
2758,13,1182.2,13,1169.7,swap,acceptBad
2759,13,1182.2,13,1169.7,move,improve
2760,13,1203.0,13,1169.7,swap,acceptBad
2761,13,1202.7,13,1169.7,2opt,improve
2762,13,1219.3000000000002,13,1169.7,swap,acceptBad
2763,13,1200.5,13,1169.7,2opt,improve
2764,13,1200.5,13,1169.7,2opt,improve
2765,13,1200.5,13,1169.7,2opt,notBad
2766,13,1204.2000000000005,13,1169.7,2opt,acceptBad
2767,13,1204.2000000000005,13,1169.7,2opt,notBad
2768,13,1227.0000000000002,13,1169.7,swap,acceptBad
2769,13,1227.0000000000002,13,1169.7,move,improve
2770,13,1227.0000000000002,13,1169.7,2opt,notBad
2771,13,1235.4000000000003,13,1169.7,swap,acceptBad
2772,13,1250.3000000000002,13,1169.7,swap,acceptBad
2773,13,1250.3000000000002,13,1169.7,2opt,notBad
2774,13,1249.4,13,1169.7,move,improve
2775,13,1249.4,13,1169.7,2opt,notBad
2776,13,1252.1000000000001,13,1169.7,swap,acceptBad
2777,13,1226.8000000000004,13,1169.7,swap,improve
2778,13,1243.4000000000003,13,1169.7,swap,acceptBad
2779,13,1236.1000000000001,13,1169.7,swap,improve
2780,13,1236.1000000000001,13,1169.7,2opt,notBad
2781,13,1234.6000000000001,13,1169.7,swap,improve
2782,13,1233.9000000000003,13,1169.7,move,improve
2783,13,1231.9,13,1169.7,2opt,improve
2784,13,1226.3,13,1169.7,move,improve
2785,13,1229.6999999999998,13,1169.7,swap,acceptBad
2786,13,1229.6999999999998,13,1169.7,2opt,improve
2787,13,1220.6,13,1169.7,move,improve
2788,13,1182.8999999999996,13,1169.7,move,improve
2789,13,1182.8999999999996,13,1169.7,2opt,improve
2790,13,1182.8999999999996,13,1169.7,2opt,notBad
2791,13,1172.0999999999997,13,1169.7,move,improve
2792,13,1172.0999999999997,13,1169.7,2opt,improve
2793,13,1172.0999999999997,13,1169.7,2opt,notBad
2794,13,1168.9999999999998,13,1168.9999999999998,swap,newBest
2795,13,1168.9999999999998,13,1168.9999999999998,2opt,notBad
2796,13,1173.4000000000003,13,1168.9999999999998,2opt,acceptBad
2797,13,1173.4000000000003,13,1168.9999999999998,swap,notBad
2798,13,1173.4000000000003,13,1168.9999999999998,swap,notBad
2799,13,1173.4000000000003,13,1168.9999999999998,2opt,notBad
2800,13,1173.4000000000003,13,1168.9999999999998,2opt,notBad
2801,13,1174.6000000000004,13,1168.9999999999998,swap,acceptBad
2802,13,1149.2000000000003,13,1149.2000000000003,swap,newBest
2803,13,1149.2000000000003,13,1149.2000000000003,2opt,notBad
2804,13,1149.2000000000003,13,1149.2000000000003,2opt,notBad
2805,13,1149.2000000000003,13,1149.2000000000003,2opt,notBad
2806,13,1149.2000000000003,13,1149.2000000000003,move,improve
2807,13,1149.2000000000003,13,1149.2000000000003,2opt,improve
2808,13,1147.7000000000003,13,1147.7000000000003,2opt,newBest
2809,13,1147.7000000000003,13,1147.7000000000003,move,improve
2810,13,1166.9,13,1147.7000000000003,swap,acceptBad
2811,13,1166.9,13,1147.7000000000003,move,improve
2812,13,1166.9,13,1147.7000000000003,2opt,notBad
2813,13,1166.9,13,1147.7000000000003,2opt,notBad
2814,13,1166.9,13,1147.7000000000003,swap,notBad
2815,13,1177.9,13,1147.7000000000003,swap,acceptBad
2816,13,1177.9,13,1147.7000000000003,2opt,notBad
2817,13,1163.3000000000002,13,1147.7000000000003,move,improve
2818,13,1163.3000000000002,13,1147.7000000000003,move,improve
2819,13,1167.6000000000001,13,1147.7000000000003,swap,acceptBad
2820,13,1167.6000000000001,13,1147.7000000000003,move,improve
2821,13,1157.1999999999998,13,1147.7000000000003,move,improve
2822,13,1157.1999999999998,13,1147.7000000000003,2opt,notBad
2823,13,1153.5,13,1147.7000000000003,swap,improve
2824,13,1135.1000000000001,13,1135.1000000000001,swap,newBest
2825,13,1135.1000000000001,13,1135.1000000000001,2opt,improve
2826,13,1150.2,13,1135.1000000000001,swap,acceptBad
2827,13,1150.2,13,1135.1000000000001,move,improve
2828,13,1150.2,13,1135.1000000000001,move,improve
2829,13,1150.2,13,1135.1000000000001,swap,notBad
2830,13,1150.2,13,1135.1000000000001,move,improve
2831,13,1150.2,13,1135.1000000000001,move,improve
2832,13,1150.2,13,1135.1000000000001,move,improve
2833,13,1150.2,13,1135.1000000000001,move,improve
2834,13,1150.2,13,1135.1000000000001,move,improve
2835,13,1150.2,13,1135.1000000000001,2opt,notBad
2836,13,1150.2,13,1135.1000000000001,move,improve
2837,13,1150.2,13,1135.1000000000001,swap,notBad
2838,13,1150.2,13,1135.1000000000001,swap,notBad
2839,13,1150.2,13,1135.1000000000001,move,improve
2840,13,1150.2,13,1135.1000000000001,move,improve
2841,13,1146.3999999999999,13,1135.1000000000001,move,improve
2842,13,1146.3999999999999,13,1135.1000000000001,2opt,improve
2843,13,1131.7000000000003,13,1131.7000000000003,2opt,newBest
2844,13,1131.7000000000003,13,1131.7000000000003,swap,notBad
2845,13,1143.9,13,1131.7000000000003,swap,acceptBad
2846,13,1143.9,13,1131.7000000000003,move,improve
2847,13,1143.9,13,1131.7000000000003,move,improve
2848,13,1143.9,13,1131.7000000000003,move,improve
2849,13,1143.9,13,1131.7000000000003,2opt,notBad
2850,13,1160.6000000000001,13,1131.7000000000003,swap,acceptBad
2851,13,1167.3000000000002,13,1131.7000000000003,swap,acceptBad
2852,13,1177.0999999999997,13,1131.7000000000003,2opt,acceptBad
2853,13,1177.0999999999997,13,1131.7000000000003,2opt,notBad
2854,13,1177.0999999999997,13,1131.7000000000003,2opt,notBad
2855,13,1177.0999999999997,13,1131.7000000000003,2opt,notBad
2856,13,1177.0999999999997,13,1131.7000000000003,2opt,notBad
2857,13,1177.0999999999997,13,1131.7000000000003,swap,notBad
2858,13,1177.0999999999997,13,1131.7000000000003,swap,notBad
2859,13,1178.4999999999998,13,1131.7000000000003,swap,acceptBad
2860,13,1165.0,13,1131.7000000000003,2opt,improve
2861,13,1165.0,13,1131.7000000000003,2opt,notBad
2862,13,1165.0,13,1131.7000000000003,move,improve
2863,13,1165.0,13,1131.7000000000003,2opt,improve
2864,13,1165.0,13,1131.7000000000003,move,improve
2865,13,1165.0,13,1131.7000000000003,2opt,notBad
2866,13,1167.1000000000001,13,1131.7000000000003,2opt,acceptBad
2867,13,1160.4,13,1131.7000000000003,swap,improve
2868,13,1160.4,13,1131.7000000000003,swap,notBad
2869,13,1182.0,13,1131.7000000000003,swap,acceptBad
2870,13,1189.0,13,1131.7000000000003,2opt,acceptBad
2871,13,1189.0,13,1131.7000000000003,move,improve
2872,13,1177.3,13,1131.7000000000003,move,improve
2873,13,1177.3,13,1131.7000000000003,move,improve
2874,13,1177.3,13,1131.7000000000003,2opt,notBad
2875,13,1177.3,13,1131.7000000000003,move,improve
2876,13,1148.0000000000002,13,1131.7000000000003,move,improve
2877,13,1148.0000000000002,13,1131.7000000000003,move,improve
2878,13,1148.0000000000002,13,1131.7000000000003,move,improve
2879,13,1148.0000000000002,13,1131.7000000000003,move,improve
2880,13,1148.0000000000002,13,1131.7000000000003,move,improve
2881,13,1147.6000000000001,13,1131.7000000000003,move,improve
2882,13,1147.6000000000001,13,1131.7000000000003,swap,improve
2883,13,1147.6000000000001,13,1131.7000000000003,2opt,notBad
2884,13,1128.8000000000002,13,1128.8000000000002,move,newBest
2885,13,1128.8000000000002,13,1128.8000000000002,move,improve
2886,13,1128.8000000000002,13,1128.8000000000002,2opt,improve
2887,13,1128.8000000000002,13,1128.8000000000002,swap,notBad
2888,13,1151.0000000000002,13,1128.8000000000002,swap,acceptBad
2889,13,1151.0000000000002,13,1128.8000000000002,2opt,notBad
2890,13,1151.0000000000002,13,1128.8000000000002,2opt,notBad
2891,13,1151.0000000000002,13,1128.8000000000002,swap,notBad
2892,13,1151.0000000000002,13,1128.8000000000002,move,improve
2893,13,1151.0000000000002,13,1128.8000000000002,2opt,notBad
2894,13,1148.8,13,1128.8000000000002,2opt,improve
2895,13,1140.9,13,1128.8000000000002,2opt,improve
2896,13,1140.9,13,1128.8000000000002,2opt,notBad
2897,13,1140.9,13,1128.8000000000002,2opt,notBad
2898,13,1128.8000000000002,13,1128.8000000000002,move,improve
2899,13,1118.2000000000003,13,1118.2000000000003,swap,newBest
2900,13,1118.2000000000003,13,1118.2000000000003,move,improve
2901,13,1118.2000000000003,13,1118.2000000000003,swap,notBad
2902,13,1118.2000000000003,13,1118.2000000000003,move,improve
2903,13,1118.2000000000003,13,1118.2000000000003,swap,notBad
2904,13,1118.2000000000003,13,1118.2000000000003,swap,notBad
2905,13,1118.2000000000003,13,1118.2000000000003,2opt,notBad
2906,13,1118.2000000000003,13,1118.2000000000003,move,improve
2907,13,1118.2000000000003,13,1118.2000000000003,2opt,notBad
2908,13,1118.2000000000003,13,1118.2000000000003,move,improve
2909,13,1118.2000000000003,13,1118.2000000000003,2opt,notBad
2910,13,1110.5000000000002,13,1110.5000000000002,2opt,newBest
2911,13,1123.4000000000003,13,1110.5000000000002,swap,acceptBad
2912,13,1121.1000000000001,13,1110.5000000000002,move,improve
2913,13,1121.1000000000001,13,1110.5000000000002,2opt,improve
2914,13,1121.1000000000001,13,1110.5000000000002,2opt,notBad
2915,13,1119.6000000000001,13,1110.5000000000002,swap,improve
2916,13,1131.8000000000002,13,1110.5000000000002,swap,acceptBad
2917,13,1129.2,13,1110.5000000000002,move,improve
2918,13,1129.2,13,1110.5000000000002,2opt,notBad
2919,13,1138.5000000000002,13,1110.5000000000002,swap,acceptBad
2920,13,1138.5000000000002,13,1110.5000000000002,2opt,notBad
2921,13,1138.5000000000002,13,1110.5000000000002,move,improve
2922,13,1104.2999999999997,13,1104.2999999999997,2opt,newBest
2923,13,1104.2999999999997,13,1104.2999999999997,swap,notBad
2924,13,1103.9999999999998,13,1103.9999999999998,move,newBest
2925,13,1131.7999999999997,13,1103.9999999999998,swap,acceptBad
2926,13,1114.3999999999996,13,1103.9999999999998,2opt,improve
2927,13,1125.2999999999997,13,1103.9999999999998,swap,acceptBad
2928,13,1125.2999999999997,13,1103.9999999999998,move,improve
2929,13,1125.2999999999997,13,1103.9999999999998,swap,notBad
2930,13,1125.2999999999997,13,1103.9999999999998,2opt,notBad
2931,13,1125.2999999999997,13,1103.9999999999998,swap,notBad
2932,13,1125.9999999999998,13,1103.9999999999998,swap,acceptBad
2933,13,1123.3999999999996,13,1103.9999999999998,move,improve
2934,13,1123.3999999999996,13,1103.9999999999998,move,improve
2935,13,1111.2999999999997,13,1103.9999999999998,move,improve
2936,13,1111.2999999999997,13,1103.9999999999998,move,improve
2937,13,1111.2999999999997,13,1103.9999999999998,move,improve
2938,13,1111.2999999999997,13,1103.9999999999998,2opt,notBad
2939,13,1111.2999999999997,13,1103.9999999999998,move,improve
2940,13,1111.2999999999997,13,1103.9999999999998,2opt,notBad
2941,13,1111.2999999999997,13,1103.9999999999998,move,improve
2942,13,1111.2999999999997,13,1103.9999999999998,move,improve
2943,13,1111.2999999999997,13,1103.9999999999998,swap,notBad
2944,13,1117.1999999999996,13,1103.9999999999998,swap,acceptBad
2945,13,1117.1999999999996,13,1103.9999999999998,move,improve
2946,13,1108.0999999999997,13,1103.9999999999998,move,improve
2947,13,1108.0999999999997,13,1103.9999999999998,move,improve
2948,13,1123.1999999999998,13,1103.9999999999998,swap,acceptBad
2949,13,1123.1999999999998,13,1103.9999999999998,move,improve
2950,13,1119.8999999999999,13,1103.9999999999998,move,improve
2951,13,1119.8999999999999,13,1103.9999999999998,swap,notBad
2952,13,1119.8999999999999,13,1103.9999999999998,move,improve
2953,13,1119.8999999999999,13,1103.9999999999998,2opt,notBad
2954,13,1119.8999999999999,13,1103.9999999999998,move,improve
2955,13,1119.8999999999999,13,1103.9999999999998,move,improve
2956,13,1116.3999999999999,13,1103.9999999999998,swap,improve
2957,13,1105.1,13,1103.9999999999998,move,improve
2958,13,1105.1,13,1103.9999999999998,move,improve
2959,13,1105.1,13,1103.9999999999998,2opt,notBad
2960,13,1105.1,13,1103.9999999999998,2opt,notBad
2961,13,1105.1,13,1103.9999999999998,2opt,notBad
2962,13,1105.1,13,1103.9999999999998,2opt,improve
2963,13,1096.1999999999998,13,1096.1999999999998,move,newBest
2964,13,1096.1999999999998,13,1096.1999999999998,2opt,notBad
2965,13,1106.8,13,1096.1999999999998,swap,acceptBad
2966,13,1106.8,13,1096.1999999999998,2opt,notBad
2967,13,1106.8,13,1096.1999999999998,2opt,notBad
2968,13,1115.8999999999999,13,1096.1999999999998,swap,acceptBad
2969,13,1115.8999999999999,13,1096.1999999999998,2opt,notBad
2970,13,1115.8999999999999,13,1096.1999999999998,move,improve
2971,13,1115.8999999999999,13,1096.1999999999998,move,improve
2972,13,1115.8999999999999,13,1096.1999999999998,move,improve
2973,13,1103.2,13,1096.1999999999998,move,improve
2974,13,1103.2,13,1096.1999999999998,swap,notBad
2975,13,1103.2,13,1096.1999999999998,swap,notBad
2976,13,1103.2,13,1096.1999999999998,swap,notBad
2977,13,1103.2,13,1096.1999999999998,move,improve
2978,13,1103.2,13,1096.1999999999998,2opt,notBad
2979,13,1103.2,13,1096.1999999999998,move,improve
2980,13,1103.2,13,1096.1999999999998,2opt,notBad
2981,13,1103.2,13,1096.1999999999998,2opt,notBad
2982,13,1096.6000000000001,13,1096.1999999999998,2opt,improve
2983,13,1096.6000000000001,13,1096.1999999999998,2opt,notBad
2984,13,1096.6000000000001,13,1096.1999999999998,2opt,notBad
2985,13,1096.6000000000001,13,1096.1999999999998,2opt,notBad
2986,13,1096.6000000000001,13,1096.1999999999998,move,improve
2987,13,1096.6000000000001,13,1096.1999999999998,2opt,improve
2988,13,1088.6000000000001,13,1088.6000000000001,move,newBest
2989,13,1088.6000000000001,13,1088.6000000000001,swap,notBad
2990,13,1088.6000000000001,13,1088.6000000000001,move,improve
2991,13,1088.6000000000001,13,1088.6000000000001,swap,notBad
2992,13,1088.6000000000001,13,1088.6000000000001,2opt,notBad
2993,13,1088.6000000000001,13,1088.6000000000001,move,improve
2994,13,1088.6000000000001,13,1088.6000000000001,swap,notBad
2995,13,1088.6000000000001,13,1088.6000000000001,2opt,notBad
2996,13,1088.6000000000001,13,1088.6000000000001,swap,notBad
2997,13,1088.6000000000001,13,1088.6000000000001,2opt,improve
2998,13,1088.6000000000001,13,1088.6000000000001,swap,notBad
2999,13,1088.6000000000001,13,1088.6000000000001,2opt,notBad
3000,13,1088.2,13,1088.2,move,newBest
3001,13,1088.2,13,1088.2,move,improve
3002,13,1088.2,13,1088.2,move,improve
3003,13,1088.2,13,1088.2,2opt,notBad
3004,13,1093.2,13,1088.2,swap,acceptBad
3005,13,1093.2,13,1088.2,2opt,notBad
3006,13,1105.9000000000003,13,1088.2,swap,acceptBad
3007,13,1105.9000000000003,13,1088.2,2opt,improve
3008,13,1105.9000000000003,13,1088.2,2opt,notBad
3009,13,1105.4,13,1088.2,move,improve
3010,13,1105.4,13,1088.2,move,improve
3011,13,1105.4,13,1088.2,move,improve
3012,13,1105.4,13,1088.2,swap,notBad
3013,13,1106.0,13,1088.2,swap,acceptBad
3014,13,1104.5,13,1088.2,swap,improve
3015,13,1104.5,13,1088.2,2opt,notBad
3016,13,1091.8,13,1088.2,swap,improve
3017,13,1091.8,13,1088.2,2opt,notBad
3018,13,1091.8,13,1088.2,move,improve
3019,13,1084.1000000000004,13,1084.1000000000004,2opt,newBest
3020,13,1090.3000000000004,13,1084.1000000000004,swap,acceptBad
3021,13,1090.3000000000004,13,1084.1000000000004,move,improve
3022,13,1090.3000000000004,13,1084.1000000000004,move,improve
3023,13,1083.2000000000005,13,1083.2000000000005,swap,newBest
3024,13,1083.2000000000005,13,1083.2000000000005,swap,notBad
3025,13,1083.2000000000005,13,1083.2000000000005,2opt,notBad
3026,13,1083.2000000000005,13,1083.2000000000005,move,improve
3027,13,1083.2000000000005,13,1083.2000000000005,move,improve
3028,13,1099.2000000000005,13,1083.2000000000005,swap,acceptBad
3029,13,1099.2000000000005,13,1083.2000000000005,swap,notBad
3030,13,1099.2000000000005,13,1083.2000000000005,move,improve
3031,13,1099.2000000000005,13,1083.2000000000005,move,improve
3032,13,1099.2000000000005,13,1083.2000000000005,move,improve
3033,13,1099.2000000000005,13,1083.2000000000005,move,improve
3034,13,1099.2000000000005,13,1083.2000000000005,swap,notBad
3035,13,1099.2000000000005,13,1083.2000000000005,move,improve
3036,13,1116.1000000000004,13,1083.2000000000005,swap,acceptBad
3037,13,1094.5000000000005,13,1083.2000000000005,move,improve
3038,13,1094.5000000000005,13,1083.2000000000005,2opt,improve
3039,13,1094.5000000000005,13,1083.2000000000005,2opt,notBad
3040,13,1094.5000000000005,13,1083.2000000000005,swap,notBad
3041,13,1094.5000000000005,13,1083.2000000000005,swap,notBad
3042,13,1094.5000000000005,13,1083.2000000000005,move,improve
3043,13,1094.5000000000005,13,1083.2000000000005,2opt,notBad
3044,13,1106.1000000000004,13,1083.2000000000005,swap,acceptBad
3045,13,1106.1000000000004,13,1083.2000000000005,2opt,notBad
3046,13,1106.1000000000004,13,1083.2000000000005,swap,notBad
3047,13,1106.1000000000004,13,1083.2000000000005,swap,notBad
3048,13,1106.1000000000004,13,1083.2000000000005,swap,notBad
3049,13,1103.0000000000005,13,1083.2000000000005,move,improve
3050,13,1111.9000000000005,13,1083.2000000000005,swap,acceptBad
3051,13,1101.9000000000005,13,1083.2000000000005,move,improve
3052,13,1103.1000000000006,13,1083.2000000000005,swap,acceptBad
3053,13,1103.1000000000006,13,1083.2000000000005,swap,notBad
3054,13,1096.9000000000003,13,1083.2000000000005,move,improve
3055,13,1096.9000000000003,13,1083.2000000000005,move,improve
3056,13,1074.8000000000002,13,1074.8000000000002,2opt,newBest
3057,13,1074.8000000000002,13,1074.8000000000002,move,improve
3058,13,1074.8000000000002,13,1074.8000000000002,2opt,notBad
3059,13,1074.8000000000002,13,1074.8000000000002,2opt,notBad
3060,13,1074.8000000000002,13,1074.8000000000002,2opt,improve
3061,13,1074.8000000000002,13,1074.8000000000002,2opt,notBad
3062,13,1074.8000000000002,13,1074.8000000000002,2opt,notBad
3063,13,1074.8000000000002,13,1074.8000000000002,move,improve
3064,13,1074.8000000000002,13,1074.8000000000002,2opt,notBad
3065,13,1068.3000000000002,13,1068.3000000000002,swap,newBest
3066,13,1068.3000000000002,13,1068.3000000000002,move,improve
3067,13,1068.3000000000002,13,1068.3000000000002,move,improve
3068,13,1068.3000000000002,13,1068.3000000000002,2opt,notBad
3069,12,1062.9,12,1062.9,move,newBest
3070,12,1062.9,12,1062.9,swap,notBad
3071,12,1062.9,12,1062.9,swap,notBad
3072,12,1062.9,12,1062.9,2opt,notBad
3073,12,1062.9,12,1062.9,swap,notBad
3074,12,1062.9,12,1062.9,move,improve
3075,12,1062.9,12,1062.9,swap,notBad
3076,12,1062.9,12,1062.9,swap,notBad
3077,12,1062.9,12,1062.9,swap,notBad
3078,12,1062.9,12,1062.9,2opt,improve
3079,12,1062.9,12,1062.9,2opt,notBad
3080,12,1062.9,12,1062.9,swap,notBad
3081,12,1072.7,12,1062.9,2opt,acceptBad
3082,12,1072.7,12,1062.9,swap,notBad
3083,12,1072.7,12,1062.9,move,improve
3084,12,1072.7,12,1062.9,2opt,notBad
3085,12,1072.7,12,1062.9,move,improve
3086,12,1053.4,12,1053.4,move,newBest
3087,12,1041.1,12,1041.1,move,newBest
3088,12,1041.1,12,1041.1,move,improve
3089,12,1041.1,12,1041.1,swap,notBad
3090,12,1041.1,12,1041.1,move,improve
3091,12,1041.1,12,1041.1,move,improve
3092,12,1041.1,12,1041.1,2opt,notBad
3093,12,1041.1,12,1041.1,2opt,notBad
3094,12,1041.1,12,1041.1,swap,notBad
3095,12,1038.1999999999998,12,1038.1999999999998,2opt,newBest
3096,12,1053.7999999999997,12,1038.1999999999998,swap,acceptBad
3097,12,1053.7999999999997,12,1038.1999999999998,2opt,notBad
3098,12,1053.7999999999997,12,1038.1999999999998,swap,notBad
3099,12,1053.7999999999997,12,1038.1999999999998,move,improve
3100,12,1053.7999999999997,12,1038.1999999999998,2opt,notBad
3101,12,1053.7999999999997,12,1038.1999999999998,swap,notBad
3102,12,1027.6000000000001,12,1027.6000000000001,swap,newBest
3103,12,1027.6000000000001,12,1027.6000000000001,2opt,improve
3104,12,1027.6000000000001,12,1027.6000000000001,swap,notBad
3105,12,1027.6000000000001,12,1027.6000000000001,2opt,improve
3106,12,1027.6000000000001,12,1027.6000000000001,move,improve
3107,12,1027.6000000000001,12,1027.6000000000001,move,improve
3108,12,1032.4,12,1027.6000000000001,swap,acceptBad
3109,12,1020.9000000000001,12,1020.9000000000001,swap,newBest
3110,12,1020.9000000000001,12,1020.9000000000001,move,improve
3111,12,1020.9000000000001,12,1020.9000000000001,swap,notBad
3112,12,1020.9000000000001,12,1020.9000000000001,move,improve
3113,12,1015.2,12,1015.2,swap,newBest
3114,12,1015.2,12,1015.2,move,improve
3115,12,1015.2,12,1015.2,2opt,notBad
3116,12,1020.9000000000001,12,1015.2,swap,acceptBad
3117,12,1020.9000000000001,12,1015.2,move,improve
3118,12,1020.9000000000001,12,1015.2,2opt,notBad
3119,12,1020.9000000000001,12,1015.2,swap,notBad
3120,12,1027.4,12,1015.2,swap,acceptBad
3121,12,1046.8,12,1015.2,swap,acceptBad
3122,12,1045.5,12,1015.2,move,improve
3123,12,1045.5,12,1015.2,2opt,notBad
3124,12,1045.5,12,1015.2,move,improve
3125,12,1045.5,12,1015.2,move,improve
3126,12,1045.5,12,1015.2,move,improve
3127,12,1048.1000000000001,12,1015.2,2opt,acceptBad
3128,12,1048.1000000000001,12,1015.2,move,improve
3129,12,1048.1000000000001,12,1015.2,swap,notBad
3130,12,1048.1000000000001,12,1015.2,swap,notBad
3131,12,1048.1000000000001,12,1015.2,move,improve
3132,12,1048.1000000000001,12,1015.2,2opt,notBad
3133,12,1048.1000000000001,12,1015.2,2opt,notBad
3134,12,1048.1000000000001,12,1015.2,2opt,notBad
3135,12,1049.7,12,1015.2,swap,acceptBad
3136,12,1049.7,12,1015.2,swap,notBad
3137,12,1049.7,12,1015.2,2opt,notBad
3138,12,1055.3999999999999,12,1015.2,2opt,acceptBad
3139,12,1049.7,12,1015.2,2opt,improve
3140,12,1049.7,12,1015.2,2opt,notBad
3141,12,1067.3000000000002,12,1015.2,swap,acceptBad
3142,12,1067.3000000000002,12,1015.2,move,improve
3143,12,1064.0000000000002,12,1015.2,move,improve
3144,12,1064.0000000000002,12,1015.2,move,improve
3145,12,1064.0000000000002,12,1015.2,swap,notBad
3146,12,1064.0000000000002,12,1015.2,2opt,notBad
3147,12,1064.0000000000002,12,1015.2,swap,notBad
3148,12,1064.0000000000002,12,1015.2,2opt,notBad
3149,12,1064.0000000000002,12,1015.2,2opt,improve
3150,12,1064.0000000000002,12,1015.2,2opt,improve
3151,12,1064.0000000000002,12,1015.2,move,improve
3152,12,1064.0000000000002,12,1015.2,swap,notBad
3153,12,1062.4000000000003,12,1015.2,move,improve
3154,12,1057.6000000000004,12,1015.2,move,improve
3155,12,1057.6000000000004,12,1015.2,2opt,improve
3156,12,1057.6000000000004,12,1015.2,2opt,notBad
3157,12,1057.6000000000004,12,1015.2,2opt,notBad
3158,12,1057.6000000000004,12,1015.2,2opt,improve
3159,12,1057.6000000000004,12,1015.2,2opt,notBad
3160,12,1057.6000000000004,12,1015.2,2opt,notBad
3161,12,1056.7000000000003,12,1015.2,2opt,improve
3162,12,1056.7000000000003,12,1015.2,2opt,notBad
3163,12,1050.0000000000002,12,1015.2,swap,improve
3164,12,1050.0000000000002,12,1015.2,move,improve
3165,12,1050.0000000000002,12,1015.2,2opt,notBad
3166,12,1050.0000000000002,12,1015.2,swap,notBad
3167,12,1050.0000000000002,12,1015.2,2opt,notBad
3168,12,1038.9,12,1015.2,move,improve
3169,12,1043.2,12,1015.2,swap,acceptBad
3170,12,1043.2,12,1015.2,swap,notBad
3171,12,1009.9000000000002,12,1009.9000000000002,move,newBest
3172,12,1009.9000000000002,12,1009.9000000000002,move,improve
3173,12,1009.9000000000002,12,1009.9000000000002,2opt,notBad
3174,12,1009.9000000000002,12,1009.9000000000002,swap,notBad
3175,12,1009.9000000000002,12,1009.9000000000002,2opt,notBad
3176,12,1009.9000000000002,12,1009.9000000000002,2opt,improve
3177,12,1009.9000000000002,12,1009.9000000000002,move,improve
3178,12,1009.9000000000002,12,1009.9000000000002,swap,notBad
3179,12,1009.9000000000002,12,1009.9000000000002,move,improve
3180,12,1015.6000000000001,12,1009.9000000000002,swap,acceptBad
3181,12,1015.6000000000001,12,1009.9000000000002,swap,notBad
3182,12,1010.8000000000002,12,1009.9000000000002,move,improve
3183,12,1014.3000000000002,12,1009.9000000000002,swap,acceptBad
3184,12,1022.3000000000001,12,1009.9000000000002,swap,acceptBad
3185,12,1022.3000000000001,12,1009.9000000000002,move,improve
3186,12,1016.6000000000003,12,1009.9000000000002,2opt,improve
3187,12,1016.6000000000003,12,1009.9000000000002,2opt,notBad
3188,12,1016.6000000000003,12,1009.9000000000002,2opt,notBad
3189,12,1016.6000000000003,12,1009.9000000000002,move,improve
3190,12,1020.0000000000002,12,1009.9000000000002,swap,acceptBad
3191,12,1020.0000000000002,12,1009.9000000000002,move,improve
3192,12,1020.0000000000002,12,1009.9000000000002,swap,notBad
3193,12,1020.0000000000002,12,1009.9000000000002,2opt,notBad
3194,12,1022.9000000000002,12,1009.9000000000002,swap,acceptBad
3195,12,1022.9000000000002,12,1009.9000000000002,2opt,notBad
3196,12,1022.9000000000002,12,1009.9000000000002,move,improve
3197,12,1022.9000000000002,12,1009.9000000000002,2opt,notBad
3198,12,1022.9000000000002,12,1009.9000000000002,2opt,notBad
3199,12,1034.4,12,1009.9000000000002,swap,acceptBad
3200,12,1034.4,12,1009.9000000000002,2opt,improve
3201,12,1034.4,12,1009.9000000000002,2opt,improve
3202,12,1043.4,12,1009.9000000000002,swap,acceptBad
3203,12,1047.8000000000002,12,1009.9000000000002,swap,acceptBad
3204,12,1047.8000000000002,12,1009.9000000000002,move,improve
3205,12,1052.4000000000003,12,1009.9000000000002,swap,acceptBad
3206,12,1052.4000000000003,12,1009.9000000000002,2opt,notBad
3207,12,1052.4000000000003,12,1009.9000000000002,move,improve
3208,12,1052.4000000000003,12,1009.9000000000002,2opt,notBad
3209,12,1052.4000000000003,12,1009.9000000000002,move,improve
3210,12,1052.4000000000003,12,1009.9000000000002,swap,notBad
3211,12,1043.7000000000003,12,1009.9000000000002,move,improve
3212,12,1035.2000000000003,12,1009.9000000000002,2opt,improve
3213,12,1042.6000000000004,12,1009.9000000000002,2opt,acceptBad
3214,12,1042.6000000000004,12,1009.9000000000002,2opt,notBad
3215,12,1042.6000000000004,12,1009.9000000000002,move,improve
3216,12,1042.4000000000003,12,1009.9000000000002,swap,improve
3217,12,1042.4000000000003,12,1009.9000000000002,move,improve
3218,12,1039.0000000000002,12,1009.9000000000002,move,improve
3219,12,1039.0000000000002,12,1009.9000000000002,2opt,notBad
3220,12,1039.0000000000002,12,1009.9000000000002,swap,notBad
3221,12,1031.5000000000002,12,1009.9000000000002,swap,improve
3222,12,1031.5000000000002,12,1009.9000000000002,move,improve
3223,12,1031.5000000000002,12,1009.9000000000002,swap,notBad
3224,12,1031.5000000000002,12,1009.9000000000002,move,improve
3225,12,1031.5000000000002,12,1009.9000000000002,move,improve
3226,12,1031.5000000000002,12,1009.9000000000002,2opt,notBad
3227,12,1031.5000000000002,12,1009.9000000000002,swap,notBad
3228,12,1030.7000000000003,12,1009.9000000000002,move,improve
3229,12,1030.7000000000003,12,1009.9000000000002,move,improve
3230,12,1030.7000000000003,12,1009.9000000000002,move,improve
3231,12,1038.2000000000003,12,1009.9000000000002,swap,acceptBad
3232,12,1038.2000000000003,12,1009.9000000000002,move,improve
3233,12,1038.2000000000003,12,1009.9000000000002,2opt,improve
3234,12,1038.2000000000003,12,1009.9000000000002,2opt,notBad
3235,12,1048.7000000000003,12,1009.9000000000002,swap,acceptBad
3236,12,1048.7000000000003,12,1009.9000000000002,2opt,notBad
3237,12,1048.1000000000004,12,1009.9000000000002,swap,improve
3238,12,1048.1000000000004,12,1009.9000000000002,swap,notBad
3239,12,1048.1000000000004,12,1009.9000000000002,2opt,notBad
3240,12,1047.9000000000003,12,1009.9000000000002,move,improve
3241,12,1047.9000000000003,12,1009.9000000000002,2opt,notBad
3242,12,1047.9000000000003,12,1009.9000000000002,2opt,improve
3243,12,1047.9000000000003,12,1009.9000000000002,move,improve
3244,12,1047.9000000000003,12,1009.9000000000002,move,improve
3245,12,1041.1000000000004,12,1009.9000000000002,move,improve
3246,12,1038.5000000000005,12,1009.9000000000002,move,improve
3247,12,1038.5000000000005,12,1009.9000000000002,2opt,notBad
3248,12,1038.5000000000005,12,1009.9000000000002,move,improve
3249,12,1038.5000000000005,12,1009.9000000000002,2opt,notBad
3250,12,1038.5000000000005,12,1009.9000000000002,move,improve
3251,12,1038.5000000000005,12,1009.9000000000002,swap,notBad
3252,12,1038.5000000000005,12,1009.9000000000002,move,improve
3253,12,1038.5000000000005,12,1009.9000000000002,2opt,notBad
3254,12,1039.0000000000002,12,1009.9000000000002,swap,acceptBad
3255,12,1039.0000000000002,12,1009.9000000000002,swap,notBad
3256,12,1039.0000000000002,12,1009.9000000000002,swap,notBad
3257,12,1039.0000000000002,12,1009.9000000000002,swap,notBad
3258,12,1039.0000000000002,12,1009.9000000000002,swap,notBad
3259,12,1039.0000000000002,12,1009.9000000000002,2opt,improve
3260,12,1037.2000000000003,12,1009.9000000000002,move,improve
3261,12,1037.2000000000003,12,1009.9000000000002,swap,notBad
3262,12,1037.2000000000003,12,1009.9000000000002,2opt,improve
3263,12,1033.2000000000003,12,1009.9000000000002,swap,improve
3264,12,1033.2000000000003,12,1009.9000000000002,2opt,notBad
3265,12,1033.2000000000003,12,1009.9000000000002,swap,notBad
3266,12,1033.2000000000003,12,1009.9000000000002,2opt,notBad
3267,12,1033.1000000000001,12,1009.9000000000002,move,improve
3268,12,1033.1000000000001,12,1009.9000000000002,swap,notBad
3269,12,1048.4000000000003,12,1009.9000000000002,swap,acceptBad
3270,12,1048.4000000000003,12,1009.9000000000002,move,improve
3271,12,1048.4000000000003,12,1009.9000000000002,swap,notBad
3272,12,1048.4000000000003,12,1009.9000000000002,move,improve
3273,12,1048.4000000000003,12,1009.9000000000002,move,improve
3274,12,1048.4000000000003,12,1009.9000000000002,2opt,notBad
3275,12,1048.4000000000003,12,1009.9000000000002,move,improve
3276,12,1054.0000000000002,12,1009.9000000000002,swap,acceptBad
3277,12,1050.8999999999999,12,1009.9000000000002,2opt,improve
3278,12,1050.8999999999999,12,1009.9000000000002,move,improve
3279,12,1050.8999999999999,12,1009.9000000000002,move,improve
3280,12,1050.8999999999999,12,1009.9000000000002,move,improve
3281,12,1050.8999999999999,12,1009.9000000000002,move,improve
3282,12,1050.8999999999999,12,1009.9000000000002,move,improve
3283,12,1050.8999999999999,12,1009.9000000000002,move,improve
3284,12,1050.8999999999999,12,1009.9000000000002,swap,notBad
3285,12,1050.8999999999999,12,1009.9000000000002,swap,notBad
3286,12,1050.8999999999999,12,1009.9000000000002,2opt,improve
3287,12,1060.8999999999999,12,1009.9000000000002,swap,acceptBad
3288,12,1060.8999999999999,12,1009.9000000000002,swap,notBad
3289,12,1060.8999999999999,12,1009.9000000000002,move,improve
3290,12,1060.8999999999999,12,1009.9000000000002,swap,notBad
3291,12,1060.8999999999999,12,1009.9000000000002,2opt,notBad
3292,12,1060.8999999999999,12,1009.9000000000002,2opt,improve
3293,12,1060.1,12,1009.9000000000002,move,improve
3294,12,1060.1,12,1009.9000000000002,2opt,notBad
3295,12,1059.3999999999999,12,1009.9000000000002,move,improve
3296,12,1059.3999999999999,12,1009.9000000000002,move,improve
3297,12,1059.3999999999999,12,1009.9000000000002,swap,notBad
3298,12,1059.3999999999999,12,1009.9000000000002,2opt,notBad
3299,12,1059.3999999999999,12,1009.9000000000002,move,improve
3300,12,1059.3999999999999,12,1009.9000000000002,2opt,notBad
3301,12,1059.3999999999999,12,1009.9000000000002,2opt,notBad
3302,12,1059.3999999999999,12,1009.9000000000002,swap,notBad
3303,12,1059.3999999999999,12,1009.9000000000002,swap,notBad
3304,12,1059.3999999999999,12,1009.9000000000002,move,improve
3305,12,1059.3999999999999,12,1009.9000000000002,swap,notBad
3306,12,1049.6000000000004,12,1009.9000000000002,2opt,improve
3307,12,1050.9000000000005,12,1009.9000000000002,swap,acceptBad
3308,12,1050.9000000000005,12,1009.9000000000002,swap,notBad
3309,12,1050.9000000000005,12,1009.9000000000002,swap,notBad
3310,12,1050.9000000000005,12,1009.9000000000002,2opt,improve
3311,12,1050.9000000000005,12,1009.9000000000002,move,improve
3312,12,1050.9000000000005,12,1009.9000000000002,swap,notBad
3313,12,1050.9000000000005,12,1009.9000000000002,2opt,notBad
3314,12,1050.9000000000005,12,1009.9000000000002,move,improve
3315,12,1050.9000000000005,12,1009.9000000000002,move,improve
3316,12,1050.9000000000005,12,1009.9000000000002,swap,notBad
3317,12,1045.5000000000005,12,1009.9000000000002,2opt,improve
3318,12,1056.1000000000004,12,1009.9000000000002,swap,acceptBad
3319,12,1050.5000000000002,12,1009.9000000000002,swap,improve
3320,12,1059.5000000000002,12,1009.9000000000002,swap,acceptBad
3321,12,1048.9,12,1009.9000000000002,2opt,improve
3322,12,1039.9,12,1009.9000000000002,swap,improve
3323,12,1027.8000000000002,12,1009.9000000000002,move,improve
3324,12,1027.8000000000002,12,1009.9000000000002,swap,notBad
3325,12,1024.0000000000002,12,1009.9000000000002,swap,improve
3326,12,1024.0000000000002,12,1009.9000000000002,move,improve
3327,12,1024.0000000000002,12,1009.9000000000002,move,improve
3328,12,1024.0000000000002,12,1009.9000000000002,move,improve
3329,12,1024.0000000000002,12,1009.9000000000002,move,improve
3330,12,1024.0000000000002,12,1009.9000000000002,swap,notBad
3331,12,1012.8000000000002,12,1009.9000000000002,move,improve
3332,12,1012.8000000000002,12,1009.9000000000002,move,improve
3333,12,1023.7000000000003,12,1009.9000000000002,swap,acceptBad
3334,12,1023.7000000000003,12,1009.9000000000002,2opt,notBad
3335,12,1023.7000000000003,12,1009.9000000000002,2opt,notBad
3336,12,1023.7000000000003,12,1009.9000000000002,swap,notBad
3337,12,1023.7000000000003,12,1009.9000000000002,move,improve
3338,12,1030.9,12,1009.9000000000002,swap,acceptBad
3339,12,1030.9,12,1009.9000000000002,2opt,notBad
3340,12,1030.9,12,1009.9000000000002,move,improve
3341,12,1030.9,12,1009.9000000000002,2opt,improve
3342,12,1030.9,12,1009.9000000000002,2opt,notBad
3343,12,1030.9,12,1009.9000000000002,swap,notBad
3344,12,1030.9,12,1009.9000000000002,move,improve
3345,12,1030.9,12,1009.9000000000002,2opt,improve
3346,12,1030.9,12,1009.9000000000002,2opt,improve
3347,12,1030.9,12,1009.9000000000002,move,improve
3348,12,1034.3000000000002,12,1009.9000000000002,swap,acceptBad
3349,12,1034.3000000000002,12,1009.9000000000002,move,improve
3350,12,1034.3000000000002,12,1009.9000000000002,2opt,notBad
3351,12,1049.1000000000004,12,1009.9000000000002,swap,acceptBad
3352,12,1049.1000000000004,12,1009.9000000000002,move,improve
3353,12,1049.1000000000004,12,1009.9000000000002,2opt,improve
3354,12,1049.1000000000004,12,1009.9000000000002,2opt,notBad
3355,12,1049.1000000000004,12,1009.9000000000002,2opt,notBad
3356,12,1051.4000000000003,12,1009.9000000000002,2opt,acceptBad
3357,12,1051.4000000000003,12,1009.9000000000002,swap,notBad
3358,12,1050.8000000000002,12,1009.9000000000002,swap,improve
3359,12,1052.9000000000003,12,1009.9000000000002,swap,acceptBad
3360,12,1052.9000000000003,12,1009.9000000000002,swap,notBad
3361,12,1060.4000000000003,12,1009.9000000000002,swap,acceptBad
3362,12,1060.4000000000003,12,1009.9000000000002,2opt,improve
3363,12,1060.4000000000003,12,1009.9000000000002,2opt,notBad
3364,12,1060.4000000000003,12,1009.9000000000002,2opt,notBad
3365,12,1060.4000000000003,12,1009.9000000000002,2opt,notBad
3366,12,1060.4000000000003,12,1009.9000000000002,2opt,improve
3367,12,1060.4000000000003,12,1009.9000000000002,move,improve
3368,12,1062.5000000000002,12,1009.9000000000002,swap,acceptBad
3369,12,1062.5000000000002,12,1009.9000000000002,swap,notBad
3370,12,1062.5000000000002,12,1009.9000000000002,2opt,improve
3371,12,1062.5000000000002,12,1009.9000000000002,2opt,notBad
3372,12,1062.5000000000002,12,1009.9000000000002,swap,notBad
3373,12,1062.5000000000002,12,1009.9000000000002,swap,notBad
3374,12,1061.6000000000004,12,1009.9000000000002,move,improve
3375,12,1059.1999999999998,12,1009.9000000000002,2opt,improve
3376,12,1059.1999999999998,12,1009.9000000000002,move,improve
3377,12,1059.1999999999998,12,1009.9000000000002,2opt,improve
3378,12,1059.1999999999998,12,1009.9000000000002,move,improve
3379,12,1052.0,12,1009.9000000000002,move,improve
3380,12,1052.0,12,1009.9000000000002,move,improve
3381,12,1052.0,12,1009.9000000000002,swap,notBad
3382,12,1052.0,12,1009.9000000000002,move,improve
3383,12,1052.0,12,1009.9000000000002,2opt,notBad
3384,12,1052.0,12,1009.9000000000002,2opt,notBad
3385,12,1052.0,12,1009.9000000000002,move,improve
3386,12,1052.0,12,1009.9000000000002,swap,notBad
3387,12,1052.6,12,1009.9000000000002,swap,acceptBad
3388,12,1052.6,12,1009.9000000000002,swap,notBad
3389,12,1052.6,12,1009.9000000000002,2opt,improve
3390,12,1052.6,12,1009.9000000000002,swap,notBad
3391,12,1052.6,12,1009.9000000000002,move,improve
3392,12,1052.6,12,1009.9000000000002,move,improve
3393,12,1049.1,12,1009.9000000000002,move,improve
3394,12,1049.1,12,1009.9000000000002,swap,notBad
3395,12,1049.1,12,1009.9000000000002,swap,notBad
3396,12,1049.1,12,1009.9000000000002,swap,notBad
3397,12,1049.1,12,1009.9000000000002,swap,notBad
3398,12,1049.1,12,1009.9000000000002,swap,notBad
3399,12,1049.1,12,1009.9000000000002,2opt,notBad
3400,12,1049.1,12,1009.9000000000002,swap,notBad
3401,12,1049.1,12,1009.9000000000002,swap,notBad
3402,12,1049.1,12,1009.9000000000002,2opt,notBad
3403,12,1049.1,12,1009.9000000000002,swap,notBad
3404,12,1049.1,12,1009.9000000000002,2opt,notBad
3405,12,1049.1,12,1009.9000000000002,2opt,improve
3406,12,1049.1,12,1009.9000000000002,2opt,notBad
3407,12,1049.1,12,1009.9000000000002,swap,notBad
3408,12,1056.1,12,1009.9000000000002,swap,acceptBad
3409,12,1056.1,12,1009.9000000000002,2opt,notBad
3410,12,1056.1,12,1009.9000000000002,swap,notBad
3411,12,1056.1,12,1009.9000000000002,2opt,notBad
3412,12,1056.1,12,1009.9000000000002,2opt,notBad
3413,12,1056.1,12,1009.9000000000002,2opt,notBad
3414,12,1056.1,12,1009.9000000000002,move,improve
3415,12,1056.1,12,1009.9000000000002,2opt,notBad
3416,12,1056.1,12,1009.9000000000002,2opt,notBad
3417,12,1056.1,12,1009.9000000000002,2opt,improve
3418,12,1056.1,12,1009.9000000000002,2opt,improve
3419,12,1056.1,12,1009.9000000000002,move,improve
3420,12,1056.1,12,1009.9000000000002,move,improve
3421,12,1056.1,12,1009.9000000000002,move,improve
3422,12,1056.1,12,1009.9000000000002,2opt,notBad
3423,12,1064.4999999999998,12,1009.9000000000002,swap,acceptBad
3424,12,1064.4999999999998,12,1009.9000000000002,2opt,improve
3425,12,1047.9,12,1009.9000000000002,move,improve
3426,12,1047.9,12,1009.9000000000002,2opt,notBad
3427,12,1047.9,12,1009.9000000000002,move,improve
3428,12,1047.9,12,1009.9000000000002,2opt,notBad
3429,12,1053.3,12,1009.9000000000002,swap,acceptBad
3430,12,1064.1,12,1009.9000000000002,swap,acceptBad
3431,12,1053.4,12,1009.9000000000002,move,improve
3432,12,1053.4,12,1009.9000000000002,2opt,improve
3433,12,1046.8,12,1009.9000000000002,move,improve
3434,12,1046.8,12,1009.9000000000002,2opt,improve
3435,12,1046.8,12,1009.9000000000002,swap,notBad
3436,12,1046.8,12,1009.9000000000002,2opt,notBad
3437,12,1046.8,12,1009.9000000000002,2opt,notBad
3438,12,1043.4,12,1009.9000000000002,swap,improve
3439,12,1043.4,12,1009.9000000000002,2opt,notBad
3440,12,1043.4,12,1009.9000000000002,2opt,notBad
3441,12,1046.0,12,1009.9000000000002,swap,acceptBad
3442,12,1046.0,12,1009.9000000000002,2opt,improve
3443,12,1045.7,12,1009.9000000000002,move,improve
3444,12,1045.7,12,1009.9000000000002,2opt,notBad
3445,12,1045.7,12,1009.9000000000002,2opt,notBad
3446,12,1045.7,12,1009.9000000000002,move,improve
3447,12,1047.2,12,1009.9000000000002,swap,acceptBad
3448,12,1044.6000000000001,12,1009.9000000000002,move,improve
3449,12,1034.7,12,1009.9000000000002,swap,improve
3450,12,1034.7,12,1009.9000000000002,swap,notBad
3451,12,1034.7,12,1009.9000000000002,2opt,notBad
3452,12,1034.7,12,1009.9000000000002,2opt,notBad
3453,12,1034.7,12,1009.9000000000002,2opt,notBad
3454,12,1034.7,12,1009.9000000000002,swap,notBad
3455,12,1034.7,12,1009.9000000000002,move,improve
3456,12,1022.2999999999998,12,1009.9000000000002,move,improve
3457,12,1022.2999999999998,12,1009.9000000000002,2opt,notBad
3458,12,1022.2999999999998,12,1009.9000000000002,2opt,improve
3459,12,1015.9999999999999,12,1009.9000000000002,swap,improve
3460,12,1015.9999999999999,12,1009.9000000000002,swap,notBad
3461,12,1015.9999999999999,12,1009.9000000000002,swap,notBad
3462,12,1015.9999999999999,12,1009.9000000000002,2opt,notBad
3463,12,1015.9999999999999,12,1009.9000000000002,2opt,notBad
3464,12,1015.9999999999999,12,1009.9000000000002,2opt,notBad
3465,12,1015.9999999999999,12,1009.9000000000002,swap,notBad
3466,12,1015.9999999999999,12,1009.9000000000002,move,improve
3467,12,1015.9999999999999,12,1009.9000000000002,2opt,improve
3468,12,1015.9999999999999,12,1009.9000000000002,2opt,notBad
3469,12,1015.9999999999999,12,1009.9000000000002,swap,notBad
3470,12,1015.9999999999999,12,1009.9000000000002,swap,notBad
3471,12,1022.8999999999999,12,1009.9000000000002,swap,acceptBad
3472,12,1022.8999999999999,12,1009.9000000000002,swap,notBad
3473,12,1022.8999999999999,12,1009.9000000000002,move,improve
3474,12,1012.0999999999999,12,1009.9000000000002,move,improve
3475,12,1012.0999999999999,12,1009.9000000000002,2opt,improve
3476,12,1012.0999999999999,12,1009.9000000000002,2opt,notBad
3477,12,1012.0999999999999,12,1009.9000000000002,2opt,notBad
3478,12,1002.9999999999999,12,1002.9999999999999,move,newBest
3479,12,1002.9999999999999,12,1002.9999999999999,move,notBad
3480,12,1002.9999999999999,12,1002.9999999999999,move,improve
3481,12,1002.9999999999999,12,1002.9999999999999,move,improve
3482,12,1002.9999999999999,12,1002.9999999999999,2opt,notBad
3483,12,996.0999999999999,12,996.0999999999999,swap,newBest
3484,12,996.0999999999999,12,996.0999999999999,move,improve
3485,12,996.0999999999999,12,996.0999999999999,swap,notBad
3486,12,996.0999999999999,12,996.0999999999999,swap,notBad
3487,12,996.0999999999999,12,996.0999999999999,move,improve
3488,12,996.0999999999999,12,996.0999999999999,2opt,notBad
3489,12,996.0999999999999,12,996.0999999999999,2opt,notBad
3490,12,996.0999999999999,12,996.0999999999999,move,improve
3491,12,996.0999999999999,12,996.0999999999999,2opt,notBad
3492,12,996.0999999999999,12,996.0999999999999,2opt,notBad
3493,12,996.0999999999999,12,996.0999999999999,swap,notBad
3494,12,1000.9999999999999,12,996.0999999999999,swap,acceptBad
3495,12,1000.9999999999999,12,996.0999999999999,swap,notBad
3496,12,1000.9999999999999,12,996.0999999999999,swap,notBad
3497,12,1000.9999999999999,12,996.0999999999999,swap,notBad
3498,12,1000.9999999999999,12,996.0999999999999,2opt,notBad
3499,12,1000.9999999999999,12,996.0999999999999,swap,notBad
3500,12,1000.9999999999999,12,996.0999999999999,move,improve
3501,12,1000.9999999999999,12,996.0999999999999,move,improve
3502,12,1000.9999999999999,12,996.0999999999999,2opt,notBad
3503,12,1000.9999999999999,12,996.0999999999999,move,improve
3504,12,1000.9999999999999,12,996.0999999999999,2opt,notBad
3505,12,1000.9999999999999,12,996.0999999999999,2opt,improve
3506,12,1000.9999999999999,12,996.0999999999999,swap,notBad
3507,12,1000.9999999999999,12,996.0999999999999,move,improve
3508,12,1002.1999999999998,12,996.0999999999999,swap,acceptBad
3509,12,1002.1999999999998,12,996.0999999999999,move,improve
3510,12,1002.1999999999998,12,996.0999999999999,2opt,notBad
3511,12,1002.1999999999998,12,996.0999999999999,2opt,improve
3512,12,1002.1999999999998,12,996.0999999999999,move,improve
3513,12,1002.1999999999998,12,996.0999999999999,move,improve
3514,12,1002.1999999999998,12,996.0999999999999,2opt,notBad
3515,12,1002.1999999999998,12,996.0999999999999,swap,notBad
3516,12,1002.1999999999998,12,996.0999999999999,2opt,notBad
3517,12,1002.1999999999998,12,996.0999999999999,2opt,improve
3518,12,1002.1999999999998,12,996.0999999999999,2opt,improve
3519,12,1002.1999999999998,12,996.0999999999999,move,improve
3520,12,1002.1999999999998,12,996.0999999999999,swap,notBad
3521,12,1002.1999999999998,12,996.0999999999999,move,improve
3522,12,1002.1999999999998,12,996.0999999999999,swap,notBad
3523,12,1002.1999999999998,12,996.0999999999999,2opt,notBad
3524,12,1002.1999999999998,12,996.0999999999999,move,improve
3525,12,1002.1999999999998,12,996.0999999999999,swap,notBad
3526,12,1002.1999999999998,12,996.0999999999999,move,improve
3527,12,1013.8999999999999,12,996.0999999999999,swap,acceptBad
3528,12,1021.5999999999999,12,996.0999999999999,swap,acceptBad
3529,12,1021.5999999999999,12,996.0999999999999,move,improve
3530,12,1023.5999999999998,12,996.0999999999999,swap,acceptBad
3531,12,1023.5999999999998,12,996.0999999999999,move,improve
3532,12,1023.5999999999998,12,996.0999999999999,swap,notBad
3533,12,1023.5999999999998,12,996.0999999999999,move,improve
3534,12,1017.4999999999999,12,996.0999999999999,move,improve
3535,12,1017.4999999999999,12,996.0999999999999,swap,notBad
3536,12,1017.4999999999999,12,996.0999999999999,2opt,notBad
3537,12,1017.4999999999999,12,996.0999999999999,move,improve
3538,12,1017.4999999999999,12,996.0999999999999,move,improve
3539,12,1017.4999999999999,12,996.0999999999999,2opt,notBad
3540,12,1017.4999999999999,12,996.0999999999999,move,improve
3541,12,1017.4999999999999,12,996.0999999999999,swap,notBad
3542,12,1017.4999999999999,12,996.0999999999999,swap,notBad
3543,12,1017.4999999999999,12,996.0999999999999,2opt,notBad
3544,12,1017.4999999999999,12,996.0999999999999,swap,notBad
3545,12,1017.4999999999999,12,996.0999999999999,move,improve
3546,12,1006.3,12,996.0999999999999,move,improve
3547,12,1006.3,12,996.0999999999999,2opt,improve
3548,12,1006.3,12,996.0999999999999,move,improve
3549,12,1006.3,12,996.0999999999999,2opt,notBad
3550,12,1006.3,12,996.0999999999999,move,improve
3551,12,1006.3,12,996.0999999999999,move,improve
3552,12,1006.3,12,996.0999999999999,2opt,notBad
3553,12,1006.3,12,996.0999999999999,2opt,notBad
3554,12,1006.3,12,996.0999999999999,2opt,notBad
3555,12,1006.3,12,996.0999999999999,swap,notBad
3556,12,1015.3,12,996.0999999999999,swap,acceptBad
3557,12,1015.3,12,996.0999999999999,2opt,notBad
3558,12,1015.3,12,996.0999999999999,swap,notBad
3559,12,1015.3,12,996.0999999999999,move,improve
3560,12,1015.3,12,996.0999999999999,swap,notBad
3561,12,1015.3,12,996.0999999999999,2opt,notBad
3562,12,1006.3,12,996.0999999999999,move,improve
3563,12,1010.7,12,996.0999999999999,2opt,acceptBad
3564,12,1010.7,12,996.0999999999999,move,improve
3565,12,1010.7,12,996.0999999999999,move,improve
3566,12,1010.7,12,996.0999999999999,swap,notBad
3567,12,1003.5,12,996.0999999999999,move,improve
3568,12,1003.5,12,996.0999999999999,2opt,notBad
3569,12,1003.5,12,996.0999999999999,swap,notBad
3570,12,1003.5,12,996.0999999999999,swap,notBad
3571,12,1003.5,12,996.0999999999999,swap,notBad
3572,12,1003.5,12,996.0999999999999,move,improve
3573,12,1003.5,12,996.0999999999999,move,improve
3574,12,1003.5,12,996.0999999999999,move,improve
3575,12,1003.5,12,996.0999999999999,move,improve
3576,12,1012.6,12,996.0999999999999,swap,acceptBad
3577,12,1012.6,12,996.0999999999999,2opt,notBad
3578,12,1008.9000000000001,12,996.0999999999999,move,improve
3579,12,1008.9000000000001,12,996.0999999999999,swap,notBad
3580,12,1008.9000000000001,12,996.0999999999999,swap,notBad
3581,12,1008.9000000000001,12,996.0999999999999,move,improve
3582,12,994.8000000000001,12,994.8000000000001,2opt,newBest
3583,12,994.8000000000001,12,994.8000000000001,move,improve
3584,12,994.8000000000001,12,994.8000000000001,move,improve
3585,12,990.0000000000001,12,990.0000000000001,move,newBest
3586,12,990.0000000000001,12,990.0000000000001,move,improve
3587,12,990.0000000000001,12,990.0000000000001,2opt,notBad
3588,12,990.0000000000001,12,990.0000000000001,2opt,notBad
3589,12,990.0000000000001,12,990.0000000000001,move,improve
3590,12,990.0000000000001,12,990.0000000000001,2opt,notBad
3591,12,990.0000000000001,12,990.0000000000001,2opt,notBad
3592,12,990.0000000000001,12,990.0000000000001,swap,notBad
3593,12,990.0000000000001,12,990.0000000000001,move,improve
3594,12,990.0000000000001,12,990.0000000000001,2opt,notBad
3595,12,990.0000000000001,12,990.0000000000001,move,improve
3596,12,990.0000000000001,12,990.0000000000001,move,improve
3597,12,990.0000000000001,12,990.0000000000001,2opt,notBad
3598,12,990.0000000000001,12,990.0000000000001,swap,notBad
3599,12,990.0000000000001,12,990.0000000000001,2opt,notBad
3600,12,990.0000000000001,12,990.0000000000001,swap,notBad
3601,12,990.0000000000001,12,990.0000000000001,2opt,notBad
3602,12,990.0000000000001,12,990.0000000000001,2opt,notBad
3603,12,990.0000000000001,12,990.0000000000001,swap,notBad
3604,12,990.0000000000001,12,990.0000000000001,move,improve
3605,12,990.0000000000001,12,990.0000000000001,swap,notBad
3606,12,990.0000000000001,12,990.0000000000001,move,improve
3607,12,987.5000000000002,12,987.5000000000002,2opt,newBest
3608,12,987.5000000000002,12,987.5000000000002,2opt,notBad
3609,12,987.5000000000002,12,987.5000000000002,move,improve
3610,12,987.5000000000002,12,987.5000000000002,swap,notBad
3611,12,987.5000000000002,12,987.5000000000002,2opt,improve
3612,12,987.5000000000002,12,987.5000000000002,move,improve
3613,12,987.5000000000002,12,987.5000000000002,swap,notBad
3614,12,987.5000000000002,12,987.5000000000002,2opt,notBad
3615,12,987.5000000000002,12,987.5000000000002,move,improve
3616,12,987.5000000000002,12,987.5000000000002,move,improve
3617,12,987.5000000000002,12,987.5000000000002,swap,improve
3618,12,987.5000000000002,12,987.5000000000002,2opt,notBad
3619,12,987.5000000000002,12,987.5000000000002,swap,notBad
3620,12,987.5000000000002,12,987.5000000000002,swap,notBad
3621,12,987.5000000000002,12,987.5000000000002,2opt,notBad
3622,12,988.3000000000003,12,987.5000000000002,move,acceptBad
3623,12,988.3000000000003,12,987.5000000000002,swap,notBad
3624,12,988.3000000000003,12,987.5000000000002,move,improve
3625,12,988.3000000000003,12,987.5000000000002,swap,notBad
3626,12,984.5000000000001,12,984.5000000000001,2opt,newBest
3627,12,977.3000000000002,12,977.3000000000002,move,newBest
3628,12,977.3000000000002,12,977.3000000000002,move,improve
3629,12,975.0000000000001,12,975.0000000000001,move,newBest
3630,12,975.0000000000001,12,975.0000000000001,2opt,notBad
3631,12,975.0000000000001,12,975.0000000000001,move,improve
3632,12,975.0000000000001,12,975.0000000000001,swap,notBad
3633,12,975.0000000000001,12,975.0000000000001,swap,notBad
3634,12,975.0000000000001,12,975.0000000000001,2opt,notBad
3635,12,975.0000000000001,12,975.0000000000001,2opt,improve
3636,12,975.0000000000001,12,975.0000000000001,swap,notBad
3637,12,960.2,12,960.2,move,newBest
3638,12,960.2,12,960.2,swap,notBad
3639,12,960.2,12,960.2,2opt,notBad
3640,12,960.2,12,960.2,swap,notBad
3641,12,960.2,12,960.2,swap,notBad
3642,12,960.2,12,960.2,swap,notBad
3643,12,960.2,12,960.2,2opt,notBad
3644,12,960.2,12,960.2,move,improve
3645,12,960.2,12,960.2,swap,notBad
3646,12,960.2,12,960.2,move,improve
3647,12,960.2,12,960.2,2opt,notBad
3648,12,960.2,12,960.2,swap,notBad
3649,12,960.2,12,960.2,move,improve
3650,12,960.2,12,960.2,swap,notBad
3651,12,957.7,12,957.7,move,newBest
3652,12,957.7,12,957.7,swap,notBad
3653,12,957.7,12,957.7,move,improve
3654,12,957.7,12,957.7,move,improve
3655,12,957.7,12,957.7,swap,improve
3656,12,957.7,12,957.7,move,improve
3657,12,947.9000000000002,12,947.9000000000002,move,newBest
3658,12,947.9000000000002,12,947.9000000000002,2opt,notBad
3659,12,947.9000000000002,12,947.9000000000002,2opt,notBad
3660,12,947.9000000000002,12,947.9000000000002,2opt,notBad
3661,12,947.9000000000002,12,947.9000000000002,swap,notBad
3662,12,947.9000000000002,12,947.9000000000002,move,improve
3663,12,947.9000000000002,12,947.9000000000002,2opt,notBad
3664,12,947.9000000000002,12,947.9000000000002,move,improve
3665,12,947.9000000000002,12,947.9000000000002,2opt,notBad
3666,12,947.9000000000002,12,947.9000000000002,move,improve
3667,12,947.9000000000002,12,947.9000000000002,2opt,notBad
3668,12,947.9000000000002,12,947.9000000000002,move,improve
3669,12,947.9000000000002,12,947.9000000000002,2opt,improve
3670,12,947.9000000000002,12,947.9000000000002,2opt,notBad
3671,12,947.9000000000002,12,947.9000000000002,2opt,notBad
3672,12,947.9000000000002,12,947.9000000000002,move,improve
3673,12,947.9000000000002,12,947.9000000000002,move,improve
3674,12,947.9000000000002,12,947.9000000000002,2opt,notBad
3675,12,947.9000000000002,12,947.9000000000002,2opt,notBad
3676,12,947.9000000000002,12,947.9000000000002,swap,notBad
3677,12,947.9000000000002,12,947.9000000000002,swap,notBad
3678,12,947.9000000000002,12,947.9000000000002,2opt,notBad
3679,12,947.9000000000002,12,947.9000000000002,swap,notBad
3680,12,947.9000000000002,12,947.9000000000002,2opt,notBad
3681,12,947.9000000000002,12,947.9000000000002,swap,notBad
3682,12,947.9000000000002,12,947.9000000000002,move,improve
3683,12,947.9000000000002,12,947.9000000000002,2opt,improve
3684,12,947.9000000000002,12,947.9000000000002,move,improve
3685,12,947.9000000000002,12,947.9000000000002,2opt,improve
3686,12,947.9000000000002,12,947.9000000000002,2opt,notBad
3687,12,947.9000000000002,12,947.9000000000002,swap,notBad
3688,12,947.9000000000002,12,947.9000000000002,2opt,improve
3689,12,947.9000000000002,12,947.9000000000002,2opt,notBad
3690,12,947.9000000000002,12,947.9000000000002,swap,notBad
3691,12,947.9000000000002,12,947.9000000000002,swap,notBad
3692,12,947.9000000000002,12,947.9000000000002,2opt,improve
3693,12,947.9000000000002,12,947.9000000000002,swap,notBad
3694,12,947.9000000000002,12,947.9000000000002,swap,notBad
3695,12,947.9000000000002,12,947.9000000000002,2opt,improve
3696,12,947.9000000000002,12,947.9000000000002,2opt,notBad
3697,12,947.9000000000002,12,947.9000000000002,2opt,notBad
3698,12,947.9000000000002,12,947.9000000000002,2opt,notBad
3699,12,947.9000000000002,12,947.9000000000002,swap,notBad
3700,12,947.9000000000002,12,947.9000000000002,swap,notBad
3701,12,947.9000000000002,12,947.9000000000002,move,improve
3702,12,947.9000000000002,12,947.9000000000002,2opt,notBad
3703,12,947.9000000000002,12,947.9000000000002,swap,notBad
3704,12,947.9000000000002,12,947.9000000000002,move,improve
3705,12,935.1000000000003,12,935.1000000000003,move,newBest
3706,12,935.1000000000003,12,935.1000000000003,2opt,improve
3707,12,935.1000000000003,12,935.1000000000003,move,improve
3708,12,935.1000000000003,12,935.1000000000003,swap,notBad
3709,12,939.9000000000002,12,935.1000000000003,swap,acceptBad
3710,12,939.9000000000002,12,935.1000000000003,swap,notBad
3711,12,939.9000000000002,12,935.1000000000003,move,improve
3712,12,939.9000000000002,12,935.1000000000003,swap,notBad
3713,12,939.9000000000002,12,935.1000000000003,swap,notBad
3714,12,939.9000000000002,12,935.1000000000003,swap,notBad
3715,12,939.9000000000002,12,935.1000000000003,swap,notBad
3716,12,939.9000000000002,12,935.1000000000003,swap,notBad
3717,12,939.9000000000002,12,935.1000000000003,2opt,notBad
3718,12,939.9000000000002,12,935.1000000000003,2opt,notBad
3719,12,939.9000000000002,12,935.1000000000003,move,improve
3720,12,939.9000000000002,12,935.1000000000003,move,improve
3721,12,939.9000000000002,12,935.1000000000003,swap,notBad
3722,12,939.9000000000002,12,935.1000000000003,move,improve
3723,12,939.9000000000002,12,935.1000000000003,2opt,notBad
3724,12,939.9000000000002,12,935.1000000000003,2opt,notBad
3725,12,939.9000000000002,12,935.1000000000003,swap,notBad
3726,12,939.9000000000002,12,935.1000000000003,move,improve
3727,12,939.9000000000002,12,935.1000000000003,2opt,improve
3728,12,939.9000000000002,12,935.1000000000003,2opt,notBad
3729,12,939.9000000000002,12,935.1000000000003,swap,notBad
3730,12,939.9000000000002,12,935.1000000000003,swap,notBad
3731,12,939.9000000000002,12,935.1000000000003,swap,notBad
3732,12,939.9000000000002,12,935.1000000000003,2opt,notBad
3733,12,939.9000000000002,12,935.1000000000003,move,improve
3734,12,939.9000000000002,12,935.1000000000003,move,improve
3735,12,939.9000000000002,12,935.1000000000003,move,improve
3736,12,939.9000000000002,12,935.1000000000003,swap,notBad
3737,12,939.9000000000002,12,935.1000000000003,2opt,notBad
3738,12,939.9000000000002,12,935.1000000000003,swap,notBad
3739,12,939.9000000000002,12,935.1000000000003,swap,notBad
3740,12,939.9000000000002,12,935.1000000000003,2opt,notBad
3741,12,939.9000000000002,12,935.1000000000003,2opt,notBad
3742,12,939.9000000000002,12,935.1000000000003,swap,notBad
3743,12,939.9000000000002,12,935.1000000000003,move,improve
3744,12,939.9000000000002,12,935.1000000000003,2opt,improve
3745,12,937.6000000000003,12,935.1000000000003,move,improve
3746,12,937.6000000000003,12,935.1000000000003,2opt,notBad
3747,12,937.6000000000003,12,935.1000000000003,move,improve
3748,12,937.6000000000003,12,935.1000000000003,2opt,notBad
3749,12,937.6000000000003,12,935.1000000000003,move,improve
3750,12,937.6000000000003,12,935.1000000000003,2opt,notBad
3751,12,937.6000000000003,12,935.1000000000003,move,improve
3752,12,937.6000000000003,12,935.1000000000003,swap,notBad
3753,12,937.6000000000003,12,935.1000000000003,move,improve
3754,12,937.6000000000003,12,935.1000000000003,move,improve
3755,12,937.6000000000003,12,935.1000000000003,2opt,notBad
3756,12,937.6000000000003,12,935.1000000000003,2opt,notBad
3757,12,937.6000000000003,12,935.1000000000003,swap,notBad
3758,12,937.6000000000003,12,935.1000000000003,swap,notBad
3759,12,937.6000000000003,12,935.1000000000003,swap,notBad
3760,12,937.6000000000003,12,935.1000000000003,move,improve
3761,12,937.6000000000003,12,935.1000000000003,move,improve
3762,12,937.6000000000003,12,935.1000000000003,swap,notBad
3763,12,937.6000000000003,12,935.1000000000003,swap,notBad
3764,12,937.6000000000003,12,935.1000000000003,move,improve
3765,12,937.6000000000003,12,935.1000000000003,move,improve
3766,12,937.6000000000003,12,935.1000000000003,swap,notBad
3767,12,937.6000000000003,12,935.1000000000003,move,improve
3768,12,937.6000000000003,12,935.1000000000003,move,improve
3769,12,937.6000000000003,12,935.1000000000003,2opt,notBad
3770,12,937.6000000000003,12,935.1000000000003,swap,notBad
3771,12,937.6000000000003,12,935.1000000000003,2opt,notBad
3772,12,937.6000000000003,12,935.1000000000003,move,improve
3773,12,937.6000000000003,12,935.1000000000003,2opt,notBad
3774,12,937.6000000000003,12,935.1000000000003,2opt,notBad
3775,12,937.6000000000003,12,935.1000000000003,swap,notBad
3776,12,937.6000000000003,12,935.1000000000003,move,improve
3777,12,937.6000000000003,12,935.1000000000003,swap,notBad
3778,12,937.6000000000003,12,935.1000000000003,move,improve
3779,12,937.6000000000003,12,935.1000000000003,swap,notBad
3780,12,937.6000000000003,12,935.1000000000003,swap,notBad
3781,12,937.6000000000003,12,935.1000000000003,swap,notBad
3782,12,937.6000000000003,12,935.1000000000003,move,improve
3783,12,937.6000000000003,12,935.1000000000003,swap,notBad
3784,12,937.6000000000003,12,935.1000000000003,swap,notBad
3785,12,937.6000000000003,12,935.1000000000003,swap,notBad
3786,12,937.6000000000003,12,935.1000000000003,2opt,notBad
3787,12,937.6000000000003,12,935.1000000000003,swap,notBad
3788,12,937.6000000000003,12,935.1000000000003,swap,notBad
3789,12,937.6000000000003,12,935.1000000000003,move,improve
3790,12,937.6000000000003,12,935.1000000000003,2opt,notBad
3791,12,937.6000000000003,12,935.1000000000003,swap,notBad
3792,12,937.6000000000003,12,935.1000000000003,swap,notBad
3793,12,943.9000000000002,12,935.1000000000003,swap,acceptBad
3794,12,943.9000000000002,12,935.1000000000003,swap,notBad
3795,12,942.4000000000002,12,935.1000000000003,swap,improve
3796,12,942.4000000000002,12,935.1000000000003,move,improve
3797,12,942.4000000000002,12,935.1000000000003,move,improve
3798,12,942.4000000000002,12,935.1000000000003,move,improve
3799,12,942.4000000000002,12,935.1000000000003,swap,notBad
3800,12,939.9000000000002,12,935.1000000000003,move,improve
3801,12,939.9000000000002,12,935.1000000000003,2opt,notBad
3802,12,939.9000000000002,12,935.1000000000003,move,improve
3803,12,939.9000000000002,12,935.1000000000003,swap,notBad
3804,12,939.9000000000002,12,935.1000000000003,2opt,improve
3805,12,939.9000000000002,12,935.1000000000003,2opt,notBad
3806,12,939.9000000000002,12,935.1000000000003,swap,notBad
3807,12,939.9000000000002,12,935.1000000000003,swap,notBad
3808,12,939.9000000000002,12,935.1000000000003,swap,notBad
3809,12,939.9000000000002,12,935.1000000000003,swap,notBad
3810,12,939.9000000000002,12,935.1000000000003,move,improve
3811,12,939.9000000000002,12,935.1000000000003,swap,notBad
3812,12,939.9000000000002,12,935.1000000000003,move,improve
3813,12,939.9000000000002,12,935.1000000000003,swap,notBad
3814,12,939.9000000000002,12,935.1000000000003,swap,notBad
3815,12,939.9000000000002,12,935.1000000000003,swap,notBad
3816,12,939.9000000000002,12,935.1000000000003,2opt,notBad
3817,12,939.9000000000002,12,935.1000000000003,swap,notBad
3818,12,939.9000000000002,12,935.1000000000003,swap,notBad
3819,12,939.9000000000002,12,935.1000000000003,swap,notBad
3820,12,939.9000000000002,12,935.1000000000003,move,improve
3821,12,939.9000000000002,12,935.1000000000003,move,improve
3822,12,939.9000000000002,12,935.1000000000003,swap,notBad
3823,12,939.9000000000002,12,935.1000000000003,2opt,notBad
3824,12,939.9000000000002,12,935.1000000000003,2opt,notBad
3825,12,939.9000000000002,12,935.1000000000003,swap,notBad
3826,12,939.9000000000002,12,935.1000000000003,move,improve
3827,12,933.6000000000003,12,933.6000000000003,2opt,newBest
3828,12,933.6000000000003,12,933.6000000000003,2opt,improve
3829,12,933.6000000000003,12,933.6000000000003,move,improve
3830,12,933.6000000000001,12,933.6000000000001,move,newBest
3831,12,933.6000000000001,12,933.6000000000001,2opt,notBad
3832,12,933.6000000000001,12,933.6000000000001,2opt,improve
3833,12,933.6000000000001,12,933.6000000000001,move,improve
3834,12,933.6000000000001,12,933.6000000000001,swap,notBad
3835,12,933.6000000000001,12,933.6000000000001,swap,notBad
3836,12,933.6000000000001,12,933.6000000000001,2opt,notBad
3837,12,933.6000000000001,12,933.6000000000001,move,improve
3838,12,933.6000000000001,12,933.6000000000001,2opt,notBad
3839,12,933.6000000000001,12,933.6000000000001,2opt,notBad
3840,12,933.6000000000001,12,933.6000000000001,move,improve
3841,12,933.6000000000001,12,933.6000000000001,swap,notBad
3842,12,933.6000000000001,12,933.6000000000001,2opt,notBad
3843,12,933.6000000000001,12,933.6000000000001,swap,notBad
3844,12,933.6000000000001,12,933.6000000000001,2opt,notBad
3845,12,933.6000000000001,12,933.6000000000001,move,improve
3846,12,933.6000000000001,12,933.6000000000001,swap,notBad
3847,12,933.6000000000001,12,933.6000000000001,move,improve
3848,12,933.6000000000001,12,933.6000000000001,2opt,notBad
3849,12,933.6000000000001,12,933.6000000000001,2opt,notBad
3850,12,933.6000000000001,12,933.6000000000001,2opt,notBad
3851,12,933.6000000000001,12,933.6000000000001,swap,notBad
3852,12,933.6000000000001,12,933.6000000000001,move,improve
3853,12,938.0000000000001,12,933.6000000000001,swap,acceptBad
3854,12,938.0000000000001,12,933.6000000000001,2opt,notBad
3855,12,938.0000000000001,12,933.6000000000001,2opt,notBad
3856,12,947.0000000000001,12,933.6000000000001,swap,acceptBad
3857,12,947.0000000000001,12,933.6000000000001,swap,improve
3858,12,943.2000000000003,12,933.6000000000001,2opt,improve
3859,12,943.2000000000003,12,933.6000000000001,2opt,improve
3860,12,943.2000000000003,12,933.6000000000001,2opt,notBad
3861,12,943.2000000000003,12,933.6000000000001,move,improve
3862,12,943.2000000000003,12,933.6000000000001,move,improve
3863,12,943.2000000000003,12,933.6000000000001,2opt,notBad
3864,12,943.2000000000003,12,933.6000000000001,move,improve
3865,12,943.2000000000003,12,933.6000000000001,swap,notBad
3866,12,943.2000000000003,12,933.6000000000001,move,improve
3867,12,943.2000000000003,12,933.6000000000001,2opt,notBad
3868,12,943.2000000000003,12,933.6000000000001,2opt,notBad
3869,12,943.2000000000003,12,933.6000000000001,move,improve
3870,12,943.2000000000003,12,933.6000000000001,2opt,improve
3871,12,943.2000000000003,12,933.6000000000001,swap,notBad
3872,12,943.2000000000003,12,933.6000000000001,2opt,notBad
3873,12,943.2000000000003,12,933.6000000000001,move,improve
3874,12,943.2000000000003,12,933.6000000000001,2opt,notBad
3875,12,943.2000000000003,12,933.6000000000001,2opt,notBad
3876,12,943.2000000000003,12,933.6000000000001,move,improve
3877,12,943.2000000000003,12,933.6000000000001,move,improve
3878,12,943.2000000000003,12,933.6000000000001,move,improve
3879,12,943.2000000000003,12,933.6000000000001,move,improve
3880,12,943.2000000000003,12,933.6000000000001,2opt,notBad
3881,12,943.2000000000003,12,933.6000000000001,2opt,notBad
3882,12,943.2000000000003,12,933.6000000000001,2opt,improve
3883,12,943.2000000000003,12,933.6000000000001,2opt,notBad
3884,12,943.2000000000003,12,933.6000000000001,move,improve
3885,12,943.2000000000003,12,933.6000000000001,move,improve
3886,12,943.2000000000003,12,933.6000000000001,swap,notBad
3887,12,943.2000000000003,12,933.6000000000001,move,improve
3888,12,943.2000000000003,12,933.6000000000001,2opt,notBad
3889,12,948.1000000000004,12,933.6000000000001,swap,acceptBad
3890,12,948.1000000000004,12,933.6000000000001,swap,notBad
3891,12,948.1000000000004,12,933.6000000000001,swap,notBad
3892,12,948.1000000000004,12,933.6000000000001,2opt,notBad
3893,12,948.1000000000004,12,933.6000000000001,move,improve
3894,12,948.1000000000004,12,933.6000000000001,2opt,notBad
3895,12,948.1000000000004,12,933.6000000000001,swap,notBad
3896,12,948.1000000000004,12,933.6000000000001,move,improve
3897,12,948.1000000000004,12,933.6000000000001,swap,notBad
3898,12,948.1000000000004,12,933.6000000000001,swap,notBad
3899,12,948.1000000000004,12,933.6000000000001,2opt,notBad
3900,12,948.1000000000004,12,933.6000000000001,move,improve
3901,12,948.1000000000004,12,933.6000000000001,move,improve
3902,12,948.1000000000004,12,933.6000000000001,2opt,improve
3903,12,948.1000000000004,12,933.6000000000001,move,improve
3904,12,948.1000000000004,12,933.6000000000001,2opt,notBad
3905,12,948.1000000000004,12,933.6000000000001,swap,notBad
3906,12,948.1000000000004,12,933.6000000000001,move,improve
3907,12,948.1000000000004,12,933.6000000000001,move,improve
3908,12,948.1000000000004,12,933.6000000000001,2opt,notBad
3909,12,943.3000000000004,12,933.6000000000001,swap,improve
3910,12,943.3000000000004,12,933.6000000000001,swap,notBad
3911,12,943.3000000000004,12,933.6000000000001,move,improve
3912,12,943.3000000000004,12,933.6000000000001,move,improve
3913,12,943.3000000000004,12,933.6000000000001,2opt,notBad
3914,12,943.3000000000004,12,933.6000000000001,2opt,notBad
3915,12,943.3000000000004,12,933.6000000000001,swap,notBad
3916,12,943.3000000000004,12,933.6000000000001,swap,notBad
3917,12,943.3000000000004,12,933.6000000000001,move,improve
3918,12,943.3000000000004,12,933.6000000000001,move,improve
3919,12,943.3000000000004,12,933.6000000000001,2opt,notBad
3920,12,943.3000000000004,12,933.6000000000001,swap,notBad
3921,12,943.3000000000004,12,933.6000000000001,2opt,notBad
3922,12,943.3000000000004,12,933.6000000000001,move,improve
3923,12,943.3000000000004,12,933.6000000000001,move,improve
3924,12,943.3000000000004,12,933.6000000000001,move,improve
3925,12,943.3000000000004,12,933.6000000000001,move,improve
3926,12,943.3000000000004,12,933.6000000000001,move,improve
3927,12,943.3000000000004,12,933.6000000000001,swap,notBad
3928,12,943.3000000000004,12,933.6000000000001,2opt,notBad
3929,12,934.3000000000004,12,933.6000000000001,swap,improve
3930,12,934.3000000000004,12,933.6000000000001,swap,notBad
3931,12,934.3000000000004,12,933.6000000000001,2opt,notBad
3932,12,934.3000000000004,12,933.6000000000001,swap,notBad
3933,12,934.3000000000004,12,933.6000000000001,move,improve
3934,12,934.3000000000004,12,933.6000000000001,2opt,notBad
3935,12,934.3000000000004,12,933.6000000000001,swap,notBad
3936,12,934.3000000000004,12,933.6000000000001,2opt,notBad
3937,12,934.3000000000004,12,933.6000000000001,2opt,notBad
3938,12,934.3000000000004,12,933.6000000000001,2opt,notBad
3939,12,934.3000000000004,12,933.6000000000001,2opt,improve
3940,12,934.3000000000004,12,933.6000000000001,swap,notBad
3941,12,934.3000000000004,12,933.6000000000001,swap,notBad
3942,12,934.3000000000004,12,933.6000000000001,swap,notBad
3943,12,934.3000000000004,12,933.6000000000001,swap,notBad
3944,12,934.3000000000004,12,933.6000000000001,swap,notBad
3945,12,934.3000000000004,12,933.6000000000001,2opt,notBad
3946,12,934.3000000000004,12,933.6000000000001,move,improve
3947,12,934.3000000000004,12,933.6000000000001,2opt,notBad
3948,12,934.3000000000004,12,933.6000000000001,2opt,notBad
3949,12,934.3000000000004,12,933.6000000000001,move,improve
3950,12,934.3000000000004,12,933.6000000000001,move,improve
3951,12,934.3000000000004,12,933.6000000000001,move,improve
3952,12,934.3000000000004,12,933.6000000000001,2opt,notBad
3953,12,934.3000000000004,12,933.6000000000001,move,improve
3954,12,939.1000000000004,12,933.6000000000001,swap,acceptBad
3955,12,939.1000000000004,12,933.6000000000001,swap,notBad
3956,12,939.1000000000004,12,933.6000000000001,move,improve
3957,12,939.1000000000004,12,933.6000000000001,swap,notBad
3958,12,939.1000000000004,12,933.6000000000001,swap,notBad
3959,12,939.1000000000004,12,933.6000000000001,move,improve
3960,12,939.1000000000004,12,933.6000000000001,2opt,notBad
3961,12,939.1000000000004,12,933.6000000000001,swap,notBad
3962,12,939.1000000000004,12,933.6000000000001,2opt,notBad
3963,12,939.1000000000004,12,933.6000000000001,2opt,notBad
3964,12,939.1000000000004,12,933.6000000000001,swap,notBad
3965,12,939.1000000000004,12,933.6000000000001,swap,notBad
3966,12,939.1000000000004,12,933.6000000000001,2opt,notBad
3967,12,939.1000000000004,12,933.6000000000001,move,improve
3968,12,939.1000000000004,12,933.6000000000001,2opt,notBad
3969,12,939.1000000000004,12,933.6000000000001,move,improve
3970,12,939.1000000000004,12,933.6000000000001,2opt,improve
3971,12,936.8000000000004,12,933.6000000000001,move,improve
3972,12,936.8000000000004,12,933.6000000000001,move,improve
3973,12,936.8000000000004,12,933.6000000000001,swap,notBad
3974,12,936.8000000000004,12,933.6000000000001,2opt,improve
3975,12,936.8000000000004,12,933.6000000000001,move,improve
3976,12,936.8000000000004,12,933.6000000000001,move,improve
3977,12,936.8000000000004,12,933.6000000000001,swap,notBad
3978,12,936.8000000000004,12,933.6000000000001,swap,notBad
3979,12,936.8000000000004,12,933.6000000000001,2opt,notBad
3980,12,936.8000000000004,12,933.6000000000001,2opt,notBad
3981,12,936.8000000000004,12,933.6000000000001,move,improve
3982,12,936.8000000000004,12,933.6000000000001,swap,notBad
3983,12,936.8000000000004,12,933.6000000000001,move,improve
3984,12,936.8000000000004,12,933.6000000000001,2opt,improve
3985,12,936.8000000000004,12,933.6000000000001,2opt,notBad
3986,12,936.8000000000004,12,933.6000000000001,move,improve
3987,12,936.8000000000004,12,933.6000000000001,move,improve
3988,12,936.8000000000004,12,933.6000000000001,swap,notBad
3989,12,936.8000000000004,12,933.6000000000001,swap,notBad
3990,12,936.8000000000004,12,933.6000000000001,2opt,notBad
3991,12,936.8000000000004,12,933.6000000000001,move,improve
3992,12,936.8000000000004,12,933.6000000000001,move,improve
3993,12,936.8000000000004,12,933.6000000000001,move,improve
3994,12,936.8000000000004,12,933.6000000000001,2opt,notBad
3995,12,936.8000000000004,12,933.6000000000001,2opt,notBad
3996,12,936.8000000000004,12,933.6000000000001,move,improve
3997,12,936.8000000000004,12,933.6000000000001,move,improve
3998,12,936.8000000000004,12,933.6000000000001,2opt,notBad
3999,12,936.8000000000004,12,933.6000000000001,swap,notBad
4000,12,936.8000000000004,12,933.6000000000001,move,improve
4001,12,936.8000000000004,12,933.6000000000001,swap,notBad
4002,12,936.8000000000004,12,933.6000000000001,swap,notBad
4003,12,936.8000000000004,12,933.6000000000001,2opt,notBad
4004,12,936.8000000000004,12,933.6000000000001,move,improve
4005,12,936.8000000000004,12,933.6000000000001,move,improve
4006,12,936.8000000000004,12,933.6000000000001,2opt,notBad
4007,12,936.8000000000004,12,933.6000000000001,swap,notBad
4008,12,936.8000000000004,12,933.6000000000001,swap,notBad
4009,12,936.8000000000004,12,933.6000000000001,move,improve
4010,12,936.8000000000004,12,933.6000000000001,2opt,notBad
4011,12,936.8000000000004,12,933.6000000000001,swap,notBad
4012,12,936.8000000000004,12,933.6000000000001,2opt,notBad
4013,12,936.8000000000004,12,933.6000000000001,move,improve
4014,12,936.8000000000004,12,933.6000000000001,2opt,notBad
4015,12,936.8000000000004,12,933.6000000000001,2opt,notBad
4016,12,936.8000000000004,12,933.6000000000001,swap,notBad
4017,12,936.8000000000004,12,933.6000000000001,move,improve
4018,12,936.8000000000004,12,933.6000000000001,2opt,improve
4019,12,936.8000000000004,12,933.6000000000001,2opt,notBad
4020,12,936.8000000000004,12,933.6000000000001,swap,notBad
4021,12,936.8000000000004,12,933.6000000000001,2opt,notBad
4022,12,936.8000000000004,12,933.6000000000001,move,improve
4023,12,936.8000000000004,12,933.6000000000001,move,improve
4024,12,936.8000000000004,12,933.6000000000001,move,notBad
4025,12,936.8000000000004,12,933.6000000000001,2opt,notBad
4026,12,936.8000000000004,12,933.6000000000001,2opt,improve
4027,12,936.8000000000004,12,933.6000000000001,move,improve
4028,12,936.8000000000004,12,933.6000000000001,2opt,improve
4029,12,936.8000000000003,12,933.6000000000001,move,improve
4030,12,936.8000000000003,12,933.6000000000001,swap,notBad
4031,12,936.8000000000003,12,933.6000000000001,move,improve
4032,12,936.8000000000003,12,933.6000000000001,move,improve
4033,12,936.8000000000003,12,933.6000000000001,2opt,notBad
4034,12,936.8000000000003,12,933.6000000000001,move,improve
4035,12,936.8000000000003,12,933.6000000000001,2opt,notBad
4036,12,936.8000000000003,12,933.6000000000001,2opt,notBad
4037,12,936.8000000000003,12,933.6000000000001,2opt,notBad
4038,12,936.8000000000003,12,933.6000000000001,move,improve
4039,12,936.8000000000003,12,933.6000000000001,swap,notBad
4040,12,936.8000000000003,12,933.6000000000001,2opt,notBad
4041,12,930.6000000000004,12,930.6000000000004,2opt,newBest
4042,12,930.6000000000004,12,930.6000000000004,2opt,notBad
4043,12,930.6000000000004,12,930.6000000000004,swap,improve
4044,12,930.6000000000004,12,930.6000000000004,2opt,notBad
4045,12,930.6000000000004,12,930.6000000000004,move,improve
4046,12,930.6000000000004,12,930.6000000000004,2opt,notBad
4047,12,930.6000000000004,12,930.6000000000004,2opt,notBad
4048,12,930.6000000000004,12,930.6000000000004,move,improve
4049,12,930.6000000000004,12,930.6000000000004,swap,notBad
4050,12,930.6000000000004,12,930.6000000000004,swap,notBad
4051,12,930.6000000000004,12,930.6000000000004,move,improve
4052,12,925.7000000000003,12,925.7000000000003,swap,newBest
4053,12,925.7000000000003,12,925.7000000000003,move,improve
4054,12,925.7000000000003,12,925.7000000000003,2opt,notBad
4055,12,925.7000000000003,12,925.7000000000003,move,improve
4056,12,925.7000000000003,12,925.7000000000003,move,improve
4057,12,925.7000000000003,12,925.7000000000003,2opt,notBad
4058,12,925.7000000000003,12,925.7000000000003,swap,notBad
4059,12,925.7000000000003,12,925.7000000000003,swap,notBad
4060,12,925.7000000000003,12,925.7000000000003,2opt,notBad
4061,12,925.7000000000003,12,925.7000000000003,swap,notBad
4062,12,925.7000000000003,12,925.7000000000003,move,improve
4063,12,925.7000000000003,12,925.7000000000003,swap,notBad
4064,12,925.7000000000003,12,925.7000000000003,move,improve
4065,12,925.7000000000003,12,925.7000000000003,2opt,notBad
4066,12,925.7000000000003,12,925.7000000000003,2opt,notBad
4067,12,925.7000000000003,12,925.7000000000003,swap,notBad
4068,12,925.7000000000003,12,925.7000000000003,2opt,improve
4069,12,925.7000000000003,12,925.7000000000003,move,improve
4070,12,925.7000000000003,12,925.7000000000003,2opt,notBad
4071,12,925.7000000000003,12,925.7000000000003,2opt,notBad
4072,12,935.7000000000003,12,925.7000000000003,swap,acceptBad
4073,12,935.7000000000003,12,925.7000000000003,2opt,improve
4074,12,935.7000000000003,12,925.7000000000003,2opt,notBad
4075,12,935.7000000000003,12,925.7000000000003,2opt,notBad
4076,12,935.7000000000003,12,925.7000000000003,move,improve
4077,12,943.9000000000003,12,925.7000000000003,swap,acceptBad
4078,12,943.9000000000003,12,925.7000000000003,move,improve
4079,12,941.4000000000003,12,925.7000000000003,move,improve
4080,12,941.4000000000003,12,925.7000000000003,2opt,notBad
4081,12,941.4000000000003,12,925.7000000000003,move,improve
4082,12,941.4000000000003,12,925.7000000000003,move,improve
4083,12,941.4000000000003,12,925.7000000000003,swap,notBad
4084,12,941.4000000000003,12,925.7000000000003,2opt,notBad
4085,12,941.4000000000003,12,925.7000000000003,2opt,notBad
4086,12,941.4000000000003,12,925.7000000000003,move,improve
4087,12,941.4000000000003,12,925.7000000000003,swap,notBad
4088,12,941.4000000000003,12,925.7000000000003,swap,notBad
4089,12,941.4000000000003,12,925.7000000000003,swap,notBad
4090,12,941.4000000000003,12,925.7000000000003,move,improve
4091,12,941.4000000000003,12,925.7000000000003,2opt,improve
4092,12,941.4000000000003,12,925.7000000000003,move,improve
4093,12,941.4000000000003,12,925.7000000000003,swap,notBad
4094,12,941.4000000000003,12,925.7000000000003,move,improve
4095,12,941.4000000000003,12,925.7000000000003,swap,notBad
4096,12,941.4000000000003,12,925.7000000000003,2opt,notBad
4097,12,941.4000000000003,12,925.7000000000003,swap,notBad
4098,12,941.4000000000003,12,925.7000000000003,move,improve
4099,12,941.4000000000003,12,925.7000000000003,move,improve
4100,12,941.4000000000003,12,925.7000000000003,swap,notBad
4101,12,941.4000000000003,12,925.7000000000003,move,improve
4102,12,941.4000000000003,12,925.7000000000003,swap,notBad
4103,12,947.3000000000003,12,925.7000000000003,swap,acceptBad
4104,12,947.3000000000003,12,925.7000000000003,move,improve
4105,12,947.3000000000003,12,925.7000000000003,move,improve
4106,12,947.3000000000003,12,925.7000000000003,swap,notBad
4107,12,947.3000000000003,12,925.7000000000003,2opt,notBad
4108,12,947.3000000000003,12,925.7000000000003,2opt,notBad
4109,12,947.3000000000003,12,925.7000000000003,move,improve
4110,12,947.3000000000003,12,925.7000000000003,swap,improve
4111,12,947.3000000000003,12,925.7000000000003,move,improve
4112,12,947.3000000000003,12,925.7000000000003,2opt,notBad
4113,12,947.3000000000003,12,925.7000000000003,move,improve
4114,12,947.3000000000003,12,925.7000000000003,swap,notBad
4115,12,947.3000000000003,12,925.7000000000003,2opt,improve
4116,12,947.3000000000003,12,925.7000000000003,swap,notBad
4117,12,947.3000000000003,12,925.7000000000003,move,improve
4118,12,947.3000000000003,12,925.7000000000003,swap,notBad
4119,12,947.3000000000003,12,925.7000000000003,2opt,notBad
4120,12,947.3000000000003,12,925.7000000000003,2opt,notBad
4121,12,947.3000000000003,12,925.7000000000003,2opt,notBad
4122,12,947.3000000000003,12,925.7000000000003,swap,notBad
4123,12,947.3000000000003,12,925.7000000000003,move,improve
4124,12,947.3000000000003,12,925.7000000000003,swap,notBad
4125,12,947.3000000000003,12,925.7000000000003,move,improve
4126,12,947.3000000000003,12,925.7000000000003,move,improve
4127,12,947.3000000000003,12,925.7000000000003,2opt,notBad
4128,12,947.3000000000003,12,925.7000000000003,move,improve
4129,12,947.3000000000003,12,925.7000000000003,move,improve
4130,12,947.3000000000003,12,925.7000000000003,swap,notBad
4131,12,947.3000000000003,12,925.7000000000003,2opt,notBad
4132,12,947.3000000000003,12,925.7000000000003,2opt,notBad
4133,12,947.3000000000003,12,925.7000000000003,2opt,notBad
4134,12,947.3000000000003,12,925.7000000000003,swap,notBad
4135,12,947.3000000000003,12,925.7000000000003,swap,notBad
4136,12,947.3000000000003,12,925.7000000000003,swap,notBad
4137,12,947.3000000000003,12,925.7000000000003,swap,notBad
4138,12,947.3000000000003,12,925.7000000000003,swap,notBad
4139,12,947.3000000000003,12,925.7000000000003,swap,notBad
4140,12,947.3000000000003,12,925.7000000000003,swap,notBad
4141,12,950.6000000000004,12,925.7000000000003,swap,acceptBad
4142,12,950.6000000000004,12,925.7000000000003,swap,notBad
4143,12,956.9000000000002,12,925.7000000000003,swap,acceptBad
4144,12,956.9000000000002,12,925.7000000000003,2opt,notBad
4145,12,956.9000000000002,12,925.7000000000003,2opt,notBad
4146,12,956.9000000000002,12,925.7000000000003,move,improve
4147,12,956.9000000000002,12,925.7000000000003,2opt,notBad
4148,12,956.9000000000002,12,925.7000000000003,swap,notBad
4149,12,956.9000000000002,12,925.7000000000003,2opt,notBad
4150,12,956.9000000000002,12,925.7000000000003,2opt,notBad
4151,12,956.9000000000002,12,925.7000000000003,move,improve
4152,12,956.9000000000002,12,925.7000000000003,swap,notBad
4153,12,956.9000000000002,12,925.7000000000003,move,improve
4154,12,956.9000000000002,12,925.7000000000003,swap,notBad
4155,12,956.9000000000002,12,925.7000000000003,swap,notBad
4156,12,956.9000000000002,12,925.7000000000003,move,improve
4157,12,956.9000000000002,12,925.7000000000003,move,improve
4158,12,956.9000000000002,12,925.7000000000003,swap,notBad
4159,12,956.9000000000002,12,925.7000000000003,move,improve
4160,12,956.9000000000002,12,925.7000000000003,2opt,notBad
4161,12,956.9000000000002,12,925.7000000000003,2opt,notBad
4162,12,956.9000000000002,12,925.7000000000003,2opt,notBad
4163,12,961.0000000000002,12,925.7000000000003,swap,acceptBad
4164,12,961.0000000000002,12,925.7000000000003,move,notBad
4165,12,961.0000000000002,12,925.7000000000003,2opt,improve
4166,12,961.0000000000002,12,925.7000000000003,swap,notBad
4167,12,961.0000000000002,12,925.7000000000003,2opt,notBad
4168,12,961.0000000000002,12,925.7000000000003,2opt,notBad
4169,12,954.7000000000003,12,925.7000000000003,swap,improve
4170,12,954.7000000000003,12,925.7000000000003,swap,notBad
4171,12,954.7000000000003,12,925.7000000000003,move,improve
4172,12,954.7000000000003,12,925.7000000000003,2opt,notBad
4173,12,954.7000000000003,12,925.7000000000003,move,improve
4174,12,954.7000000000003,12,925.7000000000003,move,improve
4175,12,954.7000000000003,12,925.7000000000003,swap,notBad
4176,12,953.1000000000004,12,925.7000000000003,move,improve
4177,12,953.1000000000004,12,925.7000000000003,2opt,improve
4178,12,953.1000000000004,12,925.7000000000003,move,improve
4179,12,953.1000000000004,12,925.7000000000003,swap,notBad
4180,12,953.1000000000004,12,925.7000000000003,move,improve
4181,12,953.1000000000004,12,925.7000000000003,swap,notBad
4182,12,953.1000000000004,12,925.7000000000003,2opt,notBad
4183,12,955.1000000000003,12,925.7000000000003,swap,acceptBad
4184,12,955.1000000000003,12,925.7000000000003,move,improve
4185,12,955.1000000000003,12,925.7000000000003,move,improve
4186,12,955.1000000000003,12,925.7000000000003,move,improve
4187,12,955.1000000000003,12,925.7000000000003,2opt,notBad
4188,12,955.1000000000003,12,925.7000000000003,move,improve
4189,12,955.1000000000003,12,925.7000000000003,move,improve
4190,12,955.1000000000003,12,925.7000000000003,2opt,notBad
4191,12,953.1000000000004,12,925.7000000000003,swap,improve
4192,12,953.1000000000004,12,925.7000000000003,swap,notBad
4193,12,953.6000000000004,12,925.7000000000003,swap,acceptBad
4194,12,953.6000000000004,12,925.7000000000003,move,improve
4195,12,953.6000000000004,12,925.7000000000003,move,improve
4196,12,953.6000000000004,12,925.7000000000003,swap,notBad
4197,12,953.1000000000004,12,925.7000000000003,swap,improve
4198,12,953.1000000000004,12,925.7000000000003,2opt,notBad
4199,12,959.4000000000003,12,925.7000000000003,swap,acceptBad
4200,12,959.4000000000003,12,925.7000000000003,swap,notBad
4201,12,959.4000000000003,12,925.7000000000003,swap,notBad
4202,12,959.4000000000003,12,925.7000000000003,swap,notBad
4203,12,959.4000000000003,12,925.7000000000003,swap,notBad
4204,12,959.4000000000003,12,925.7000000000003,move,improve
4205,12,959.4000000000003,12,925.7000000000003,2opt,notBad
4206,12,959.4000000000003,12,925.7000000000003,2opt,notBad
4207,12,959.4000000000003,12,925.7000000000003,2opt,notBad
4208,12,959.4000000000003,12,925.7000000000003,swap,notBad
4209,12,945.6000000000003,12,925.7000000000003,move,improve
4210,12,945.6000000000003,12,925.7000000000003,swap,notBad
4211,12,945.6000000000003,12,925.7000000000003,swap,notBad
4212,12,945.6000000000003,12,925.7000000000003,move,improve
4213,12,945.6000000000003,12,925.7000000000003,move,improve
4214,12,944.8000000000003,12,925.7000000000003,move,improve
4215,12,944.8000000000003,12,925.7000000000003,swap,notBad
4216,12,944.8000000000003,12,925.7000000000003,2opt,notBad
4217,12,944.8000000000003,12,925.7000000000003,swap,notBad
4218,12,944.8000000000003,12,925.7000000000003,2opt,notBad
4219,12,944.8000000000003,12,925.7000000000003,2opt,notBad
4220,12,954.8000000000002,12,925.7000000000003,swap,acceptBad
4221,12,954.8000000000002,12,925.7000000000003,2opt,notBad
4222,12,954.8000000000002,12,925.7000000000003,swap,notBad
4223,12,954.8000000000002,12,925.7000000000003,swap,notBad
4224,12,954.8000000000002,12,925.7000000000003,swap,notBad
4225,12,954.8000000000002,12,925.7000000000003,2opt,notBad
4226,12,954.8000000000002,12,925.7000000000003,swap,notBad
4227,12,954.8000000000002,12,925.7000000000003,2opt,notBad
4228,12,954.8000000000002,12,925.7000000000003,2opt,notBad
4229,12,954.8000000000002,12,925.7000000000003,move,improve
4230,12,957.4000000000001,12,925.7000000000003,swap,acceptBad
4231,12,957.4000000000001,12,925.7000000000003,swap,notBad
4232,12,951.5000000000001,12,925.7000000000003,swap,improve
4233,12,945.2000000000002,12,925.7000000000003,swap,improve
4234,12,945.2000000000002,12,925.7000000000003,2opt,improve
4235,12,945.2000000000002,12,925.7000000000003,move,improve
4236,12,945.2000000000002,12,925.7000000000003,2opt,notBad
4237,12,945.2000000000002,12,925.7000000000003,move,improve
4238,12,954.7000000000002,12,925.7000000000003,swap,acceptBad
4239,12,954.7000000000002,12,925.7000000000003,swap,notBad
4240,12,954.7000000000002,12,925.7000000000003,move,improve
4241,12,954.7000000000002,12,925.7000000000003,swap,notBad
4242,12,954.7000000000002,12,925.7000000000003,move,improve
4243,12,964.0000000000002,12,925.7000000000003,swap,acceptBad
4244,12,964.0000000000002,12,925.7000000000003,move,improve
4245,12,964.0000000000002,12,925.7000000000003,move,improve
4246,12,964.0000000000002,12,925.7000000000003,2opt,notBad
4247,12,964.0000000000002,12,925.7000000000003,move,improve
4248,12,964.0000000000002,12,925.7000000000003,swap,notBad
4249,12,954.7000000000002,12,925.7000000000003,swap,improve
4250,12,954.7000000000002,12,925.7000000000003,move,improve
4251,12,954.7000000000002,12,925.7000000000003,swap,notBad
4252,12,954.7000000000002,12,925.7000000000003,2opt,improve
4253,12,954.7000000000002,12,925.7000000000003,2opt,notBad
4254,12,954.7000000000002,12,925.7000000000003,swap,notBad
4255,12,954.7000000000002,12,925.7000000000003,move,improve
4256,12,954.7000000000002,12,925.7000000000003,2opt,notBad
4257,12,954.7000000000002,12,925.7000000000003,swap,notBad
4258,12,954.7000000000002,12,925.7000000000003,2opt,improve
4259,12,954.7000000000002,12,925.7000000000003,move,improve
4260,12,954.7000000000002,12,925.7000000000003,2opt,notBad
4261,12,954.7000000000002,12,925.7000000000003,move,improve
4262,12,954.7000000000002,12,925.7000000000003,move,improve
4263,12,951.8000000000003,12,925.7000000000003,move,improve
4264,12,951.8000000000003,12,925.7000000000003,2opt,notBad
4265,12,951.8000000000003,12,925.7000000000003,swap,notBad
4266,12,951.8000000000003,12,925.7000000000003,move,improve
4267,12,951.8000000000003,12,925.7000000000003,swap,notBad
4268,12,951.8000000000003,12,925.7000000000003,2opt,improve
4269,12,951.8000000000003,12,925.7000000000003,2opt,notBad
4270,12,951.8000000000003,12,925.7000000000003,swap,notBad
4271,12,951.8000000000003,12,925.7000000000003,move,improve
4272,12,951.8000000000003,12,925.7000000000003,2opt,notBad
4273,12,951.8000000000003,12,925.7000000000003,move,improve
4274,12,951.8000000000003,12,925.7000000000003,move,improve
4275,12,951.8000000000003,12,925.7000000000003,2opt,notBad
4276,12,951.8000000000003,12,925.7000000000003,move,improve
4277,12,951.8000000000003,12,925.7000000000003,2opt,notBad
4278,12,951.8000000000003,12,925.7000000000003,move,improve
4279,12,951.8000000000003,12,925.7000000000003,2opt,notBad
4280,12,951.8000000000003,12,925.7000000000003,2opt,notBad
4281,12,951.8000000000003,12,925.7000000000003,swap,notBad
4282,12,951.8000000000003,12,925.7000000000003,move,improve
4283,12,951.8000000000003,12,925.7000000000003,2opt,notBad
4284,12,951.8000000000003,12,925.7000000000003,2opt,notBad
4285,12,951.8000000000003,12,925.7000000000003,swap,notBad
4286,12,951.8000000000003,12,925.7000000000003,2opt,notBad
4287,12,951.8000000000003,12,925.7000000000003,2opt,notBad
4288,12,951.8000000000003,12,925.7000000000003,2opt,notBad
4289,12,951.8000000000003,12,925.7000000000003,swap,notBad
4290,12,951.8000000000003,12,925.7000000000003,swap,notBad
4291,12,951.8000000000003,12,925.7000000000003,swap,notBad
4292,12,951.8000000000003,12,925.7000000000003,swap,notBad
4293,12,951.8000000000003,12,925.7000000000003,swap,notBad
4294,12,951.8000000000003,12,925.7000000000003,move,improve
4295,12,951.8000000000002,12,925.7000000000003,move,improve
4296,12,951.8000000000002,12,925.7000000000003,2opt,notBad
4297,12,951.8000000000002,12,925.7000000000003,move,improve
4298,12,951.8000000000002,12,925.7000000000003,swap,notBad
4299,12,951.8000000000002,12,925.7000000000003,2opt,improve
4300,12,951.8000000000002,12,925.7000000000003,move,improve
4301,12,951.8000000000002,12,925.7000000000003,move,improve
4302,12,951.8000000000002,12,925.7000000000003,2opt,notBad
4303,12,951.8000000000002,12,925.7000000000003,move,improve
4304,12,951.8000000000002,12,925.7000000000003,swap,notBad
4305,12,941.8000000000002,12,925.7000000000003,swap,improve
4306,12,941.8000000000002,12,925.7000000000003,2opt,notBad
4307,12,941.8000000000002,12,925.7000000000003,swap,notBad
4308,12,941.8000000000002,12,925.7000000000003,swap,notBad
4309,12,941.8000000000002,12,925.7000000000003,swap,notBad
4310,12,941.8000000000002,12,925.7000000000003,2opt,improve
4311,12,941.8000000000002,12,925.7000000000003,swap,notBad
4312,12,941.8000000000002,12,925.7000000000003,move,improve
4313,12,941.8000000000002,12,925.7000000000003,2opt,improve
4314,12,941.8000000000002,12,925.7000000000003,2opt,notBad
4315,12,941.8000000000002,12,925.7000000000003,move,improve
4316,12,941.8000000000002,12,925.7000000000003,swap,notBad
4317,12,941.8000000000002,12,925.7000000000003,2opt,notBad
4318,12,941.8000000000002,12,925.7000000000003,swap,notBad
4319,12,941.8000000000002,12,925.7000000000003,swap,notBad
4320,12,941.8000000000002,12,925.7000000000003,move,improve
4321,12,941.8000000000002,12,925.7000000000003,2opt,notBad
4322,12,941.8000000000002,12,925.7000000000003,swap,notBad
4323,12,941.8000000000002,12,925.7000000000003,swap,notBad
4324,12,941.8000000000002,12,925.7000000000003,swap,notBad
4325,12,941.8000000000002,12,925.7000000000003,2opt,notBad
4326,12,941.8000000000002,12,925.7000000000003,swap,improve
4327,12,941.8000000000002,12,925.7000000000003,swap,notBad
4328,12,941.8000000000002,12,925.7000000000003,swap,notBad
4329,12,941.8000000000002,12,925.7000000000003,2opt,notBad
4330,12,941.8000000000002,12,925.7000000000003,move,improve
4331,12,941.8000000000002,12,925.7000000000003,swap,notBad
4332,12,941.8000000000002,12,925.7000000000003,2opt,notBad
4333,12,936.9000000000002,12,925.7000000000003,move,improve
4334,12,936.9000000000002,12,925.7000000000003,2opt,notBad
4335,12,936.9000000000002,12,925.7000000000003,move,improve
4336,12,936.9000000000002,12,925.7000000000003,move,improve
4337,12,936.9000000000002,12,925.7000000000003,swap,notBad
4338,12,936.9000000000002,12,925.7000000000003,move,improve
4339,12,936.9000000000002,12,925.7000000000003,2opt,notBad
4340,12,936.9000000000002,12,925.7000000000003,swap,notBad
4341,12,936.9000000000002,12,925.7000000000003,swap,notBad
4342,12,936.9000000000002,12,925.7000000000003,swap,notBad
4343,12,936.9000000000002,12,925.7000000000003,2opt,notBad
4344,12,936.9000000000002,12,925.7000000000003,swap,notBad
4345,12,936.9000000000002,12,925.7000000000003,2opt,notBad
4346,12,936.9000000000002,12,925.7000000000003,2opt,improve
4347,12,936.9000000000002,12,925.7000000000003,swap,notBad
4348,12,936.9000000000002,12,925.7000000000003,swap,notBad
4349,12,936.9000000000002,12,925.7000000000003,move,improve
4350,12,936.9000000000002,12,925.7000000000003,swap,notBad
4351,12,936.9000000000002,12,925.7000000000003,2opt,notBad
4352,12,936.9000000000002,12,925.7000000000003,2opt,improve
4353,12,936.9000000000002,12,925.7000000000003,2opt,notBad
4354,12,936.9000000000002,12,925.7000000000003,2opt,notBad
4355,12,936.9000000000002,12,925.7000000000003,move,improve
4356,12,936.9000000000002,12,925.7000000000003,move,improve
4357,12,936.9000000000002,12,925.7000000000003,swap,notBad
4358,12,936.9000000000002,12,925.7000000000003,swap,notBad
4359,12,936.9000000000002,12,925.7000000000003,move,improve
4360,12,936.9000000000002,12,925.7000000000003,2opt,notBad
4361,12,936.9000000000002,12,925.7000000000003,swap,notBad
4362,12,936.9000000000002,12,925.7000000000003,2opt,notBad
4363,12,941.7000000000003,12,925.7000000000003,swap,acceptBad
4364,12,941.7000000000003,12,925.7000000000003,move,improve
4365,12,941.7000000000003,12,925.7000000000003,move,improve
4366,12,941.7000000000003,12,925.7000000000003,2opt,notBad
4367,12,941.7000000000003,12,925.7000000000003,2opt,improve
4368,12,941.7000000000003,12,925.7000000000003,move,improve
4369,12,941.7000000000003,12,925.7000000000003,swap,notBad
4370,12,941.7000000000003,12,925.7000000000003,move,improve
4371,12,941.7000000000003,12,925.7000000000003,2opt,notBad
4372,12,941.7000000000003,12,925.7000000000003,move,improve
4373,12,941.7000000000003,12,925.7000000000003,move,improve
4374,12,941.7000000000003,12,925.7000000000003,swap,notBad
4375,12,939.7000000000002,12,925.7000000000003,move,improve
4376,12,939.7000000000002,12,925.7000000000003,swap,notBad
4377,12,939.7000000000002,12,925.7000000000003,move,improve
4378,12,939.7000000000002,12,925.7000000000003,2opt,notBad
4379,12,939.7000000000002,12,925.7000000000003,2opt,notBad
4380,12,939.7000000000002,12,925.7000000000003,swap,notBad
4381,12,939.7000000000002,12,925.7000000000003,move,improve
4382,12,939.7000000000002,12,925.7000000000003,swap,notBad
4383,12,939.7000000000002,12,925.7000000000003,swap,notBad
4384,12,939.7000000000002,12,925.7000000000003,2opt,notBad
4385,12,939.7000000000002,12,925.7000000000003,swap,notBad
4386,12,939.7000000000002,12,925.7000000000003,move,improve
4387,12,939.7000000000002,12,925.7000000000003,move,improve
4388,12,939.7000000000002,12,925.7000000000003,2opt,notBad
4389,12,939.7000000000002,12,925.7000000000003,move,improve
4390,12,939.7000000000002,12,925.7000000000003,2opt,notBad
4391,12,940.6,12,925.7000000000003,2opt,acceptBad
4392,12,940.6,12,925.7000000000003,move,improve
4393,12,947.0000000000001,12,925.7000000000003,swap,acceptBad
4394,12,947.0000000000001,12,925.7000000000003,swap,notBad
4395,12,947.0000000000001,12,925.7000000000003,move,improve
4396,12,947.0000000000001,12,925.7000000000003,move,improve
4397,12,947.0000000000001,12,925.7000000000003,2opt,notBad
4398,12,947.0000000000001,12,925.7000000000003,move,improve
4399,12,947.0000000000001,12,925.7000000000003,2opt,notBad
4400,12,946.9000000000001,12,925.7000000000003,move,improve
4401,12,951.3000000000001,12,925.7000000000003,swap,acceptBad
4402,12,951.3000000000001,12,925.7000000000003,swap,notBad
4403,12,951.3000000000001,12,925.7000000000003,move,improve
4404,12,951.3000000000001,12,925.7000000000003,2opt,notBad
4405,12,951.3000000000001,12,925.7000000000003,2opt,notBad
4406,12,951.3000000000001,12,925.7000000000003,2opt,notBad
4407,12,945.0,12,925.7000000000003,move,improve
4408,12,945.0,12,925.7000000000003,swap,notBad
4409,12,945.0,12,925.7000000000003,swap,notBad
4410,12,945.0,12,925.7000000000003,swap,notBad
4411,12,940.6,12,925.7000000000003,swap,improve
4412,12,940.6,12,925.7000000000003,move,improve
4413,12,940.6,12,925.7000000000003,swap,notBad
4414,12,940.6,12,925.7000000000003,2opt,notBad
4415,12,940.6,12,925.7000000000003,move,improve
4416,12,940.6,12,925.7000000000003,swap,notBad
4417,12,940.6,12,925.7000000000003,swap,notBad
4418,12,940.6,12,925.7000000000003,2opt,notBad
4419,12,940.6,12,925.7000000000003,move,improve
4420,12,940.6,12,925.7000000000003,swap,notBad
4421,12,940.6,12,925.7000000000003,move,improve
4422,12,940.6,12,925.7000000000003,swap,notBad
4423,12,940.6,12,925.7000000000003,move,improve
4424,12,940.6,12,925.7000000000003,swap,notBad
4425,12,945.4,12,925.7000000000003,swap,acceptBad
4426,12,945.4,12,925.7000000000003,move,improve
4427,12,948.5999999999999,12,925.7000000000003,2opt,acceptBad
4428,12,948.5999999999999,12,925.7000000000003,move,improve
4429,12,948.5999999999999,12,925.7000000000003,2opt,notBad
4430,12,943.8,12,925.7000000000003,swap,improve
4431,12,943.8,12,925.7000000000003,swap,notBad
4432,12,950.2,12,925.7000000000003,swap,acceptBad
4433,12,950.2,12,925.7000000000003,swap,notBad
4434,12,950.2,12,925.7000000000003,2opt,notBad
4435,12,950.2,12,925.7000000000003,swap,notBad
4436,12,950.2,12,925.7000000000003,move,improve
4437,12,950.2,12,925.7000000000003,move,improve
4438,12,950.2,12,925.7000000000003,2opt,notBad
4439,12,950.2,12,925.7000000000003,move,improve
4440,12,950.2,12,925.7000000000003,2opt,notBad
4441,12,950.2,12,925.7000000000003,2opt,notBad
4442,12,950.2,12,925.7000000000003,2opt,notBad
4443,12,950.2,12,925.7000000000003,2opt,notBad
4444,12,950.2,12,925.7000000000003,swap,notBad
4445,12,950.2,12,925.7000000000003,2opt,notBad
4446,12,950.2,12,925.7000000000003,2opt,notBad
4447,12,950.2,12,925.7000000000003,2opt,notBad
4448,12,950.2,12,925.7000000000003,2opt,notBad
4449,12,950.2,12,925.7000000000003,swap,notBad
4450,12,950.2,12,925.7000000000003,swap,notBad
4451,12,950.2,12,925.7000000000003,move,improve
4452,12,950.2,12,925.7000000000003,swap,notBad
4453,12,950.2,12,925.7000000000003,swap,notBad
4454,12,950.2,12,925.7000000000003,move,improve
4455,12,950.2,12,925.7000000000003,swap,notBad
4456,12,950.2,12,925.7000000000003,move,improve
4457,12,950.2,12,925.7000000000003,2opt,notBad
4458,12,950.2,12,925.7000000000003,swap,notBad
4459,12,950.2,12,925.7000000000003,move,improve
4460,12,950.2,12,925.7000000000003,2opt,improve
4461,12,950.2,12,925.7000000000003,move,improve
4462,12,950.2000000000002,12,925.7000000000003,move,acceptBad
4463,12,950.2000000000002,12,925.7000000000003,2opt,notBad
4464,12,950.2000000000002,12,925.7000000000003,move,improve
4465,12,950.2000000000002,12,925.7000000000003,swap,notBad
4466,12,950.2000000000002,12,925.7000000000003,swap,notBad
4467,12,943.8000000000002,12,925.7000000000003,swap,improve
4468,12,941.9000000000002,12,925.7000000000003,swap,improve
4469,12,941.9000000000002,12,925.7000000000003,move,improve
4470,12,941.9000000000002,12,925.7000000000003,swap,notBad
4471,12,941.9000000000002,12,925.7000000000003,2opt,notBad
4472,12,941.9000000000002,12,925.7000000000003,swap,notBad
4473,12,941.9000000000002,12,925.7000000000003,swap,notBad
4474,12,941.9000000000002,12,925.7000000000003,swap,notBad
4475,12,941.9000000000002,12,925.7000000000003,2opt,notBad
4476,12,941.9000000000002,12,925.7000000000003,2opt,notBad
4477,12,941.9000000000002,12,925.7000000000003,2opt,improve
4478,12,941.9000000000002,12,925.7000000000003,move,improve
4479,12,941.9000000000002,12,925.7000000000003,2opt,notBad
4480,12,941.9000000000002,12,925.7000000000003,2opt,notBad
4481,12,941.9000000000002,12,925.7000000000003,move,improve
4482,12,941.9000000000002,12,925.7000000000003,2opt,notBad
4483,12,941.9000000000002,12,925.7000000000003,move,improve
4484,12,941.9000000000002,12,925.7000000000003,2opt,notBad
4485,12,941.9000000000002,12,925.7000000000003,move,improve
4486,12,941.9000000000002,12,925.7000000000003,swap,notBad
4487,12,941.9000000000002,12,925.7000000000003,move,improve
4488,12,941.9000000000002,12,925.7000000000003,swap,notBad
4489,12,943.8000000000002,12,925.7000000000003,move,acceptBad
4490,12,943.8000000000002,12,925.7000000000003,2opt,notBad
4491,12,943.8000000000002,12,925.7000000000003,move,improve
4492,12,943.8000000000002,12,925.7000000000003,2opt,improve
4493,12,943.8000000000002,12,925.7000000000003,2opt,notBad
4494,12,943.8000000000002,12,925.7000000000003,move,improve
4495,12,943.8000000000002,12,925.7000000000003,2opt,notBad
4496,12,943.8000000000002,12,925.7000000000003,move,improve
4497,12,943.8000000000002,12,925.7000000000003,2opt,improve
4498,12,943.8000000000002,12,925.7000000000003,swap,notBad
4499,12,948.6000000000001,12,925.7000000000003,swap,acceptBad
4500,12,948.6000000000001,12,925.7000000000003,2opt,notBad
4501,12,948.6000000000001,12,925.7000000000003,2opt,notBad
4502,12,948.6000000000001,12,925.7000000000003,2opt,notBad
4503,12,948.6000000000001,12,925.7000000000003,move,improve
4504,12,948.6000000000001,12,925.7000000000003,move,improve
4505,12,948.6000000000001,12,925.7000000000003,2opt,notBad
4506,12,948.6000000000001,12,925.7000000000003,swap,notBad
4507,12,942.2000000000003,12,925.7000000000003,move,improve
4508,12,942.2000000000003,12,925.7000000000003,2opt,notBad
4509,12,942.2000000000003,12,925.7000000000003,2opt,notBad
4510,12,951.3000000000003,12,925.7000000000003,swap,acceptBad
4511,12,951.3000000000003,12,925.7000000000003,move,improve
4512,12,951.3000000000003,12,925.7000000000003,swap,notBad
4513,12,951.3000000000003,12,925.7000000000003,swap,notBad
4514,12,951.3000000000003,12,925.7000000000003,swap,notBad
4515,12,951.3000000000003,12,925.7000000000003,move,improve
4516,12,951.3000000000003,12,925.7000000000003,move,improve
4517,12,951.3000000000003,12,925.7000000000003,2opt,improve
4518,12,949.4000000000003,12,925.7000000000003,swap,improve
4519,12,949.4000000000003,12,925.7000000000003,swap,notBad
4520,12,949.4000000000003,12,925.7000000000003,swap,notBad
4521,12,949.4000000000003,12,925.7000000000003,swap,notBad
4522,12,949.4000000000003,12,925.7000000000003,2opt,notBad
4523,12,949.4000000000003,12,925.7000000000003,2opt,notBad
4524,12,949.4000000000003,12,925.7000000000003,swap,notBad
4525,12,949.4000000000003,12,925.7000000000003,2opt,notBad
4526,12,955.8000000000003,12,925.7000000000003,move,acceptBad
4527,12,955.8000000000003,12,925.7000000000003,2opt,notBad
4528,12,955.8000000000003,12,925.7000000000003,move,improve
4529,12,955.8000000000003,12,925.7000000000003,2opt,improve
4530,12,955.8000000000003,12,925.7000000000003,move,improve
4531,12,955.8000000000003,12,925.7000000000003,swap,notBad
4532,12,955.8000000000003,12,925.7000000000003,2opt,notBad
4533,12,955.8000000000003,12,925.7000000000003,2opt,notBad
4534,12,955.8000000000003,12,925.7000000000003,move,improve
4535,12,955.8000000000003,12,925.7000000000003,2opt,improve
4536,12,955.8000000000003,12,925.7000000000003,swap,improve
4537,12,955.8000000000003,12,925.7000000000003,2opt,notBad
4538,12,955.8000000000003,12,925.7000000000003,2opt,notBad
4539,12,955.8000000000003,12,925.7000000000003,2opt,notBad
4540,12,955.8000000000003,12,925.7000000000003,2opt,notBad
4541,12,955.8000000000003,12,925.7000000000003,swap,notBad
4542,12,955.8000000000003,12,925.7000000000003,swap,notBad
4543,12,955.8000000000003,12,925.7000000000003,2opt,notBad
4544,12,955.8000000000003,12,925.7000000000003,2opt,notBad
4545,12,955.8000000000003,12,925.7000000000003,2opt,notBad
4546,12,955.8000000000003,12,925.7000000000003,swap,notBad
4547,12,955.8000000000003,12,925.7000000000003,move,improve
4548,12,955.8000000000003,12,925.7000000000003,2opt,notBad
4549,12,955.8000000000003,12,925.7000000000003,move,improve
4550,12,955.8000000000003,12,925.7000000000003,2opt,notBad
4551,12,955.8000000000003,12,925.7000000000003,swap,notBad
4552,12,955.8000000000003,12,925.7000000000003,2opt,notBad
4553,12,955.8000000000003,12,925.7000000000003,swap,notBad
4554,12,955.8000000000003,12,925.7000000000003,2opt,notBad
4555,12,955.8000000000003,12,925.7000000000003,2opt,notBad
4556,12,955.8000000000003,12,925.7000000000003,move,improve
4557,12,955.8000000000003,12,925.7000000000003,2opt,improve
4558,12,955.8000000000003,12,925.7000000000003,move,improve
4559,12,955.8000000000003,12,925.7000000000003,move,improve
4560,12,955.8000000000003,12,925.7000000000003,swap,notBad
4561,12,953.0000000000002,12,925.7000000000003,move,improve
4562,12,953.0000000000002,12,925.7000000000003,swap,notBad
4563,12,953.0000000000002,12,925.7000000000003,2opt,notBad
4564,12,953.0000000000002,12,925.7000000000003,2opt,notBad
4565,12,953.0000000000002,12,925.7000000000003,2opt,notBad
4566,12,953.0000000000002,12,925.7000000000003,swap,notBad
4567,12,953.0000000000002,12,925.7000000000003,2opt,notBad
4568,12,953.0000000000002,12,925.7000000000003,2opt,notBad
4569,12,953.0000000000002,12,925.7000000000003,2opt,notBad
4570,12,953.0000000000002,12,925.7000000000003,swap,notBad
4571,12,953.0000000000002,12,925.7000000000003,move,improve
4572,12,953.0000000000002,12,925.7000000000003,2opt,notBad
4573,12,953.0000000000002,12,925.7000000000003,swap,notBad
4574,12,953.0000000000002,12,925.7000000000003,swap,notBad
4575,12,953.0000000000002,12,925.7000000000003,swap,notBad
4576,12,954.9000000000003,12,925.7000000000003,swap,acceptBad
4577,12,954.9000000000003,12,925.7000000000003,move,improve
4578,12,954.9000000000003,12,925.7000000000003,2opt,notBad
4579,12,954.9000000000003,12,925.7000000000003,2opt,notBad
4580,12,954.9000000000003,12,925.7000000000003,2opt,notBad
4581,12,954.9000000000002,12,925.7000000000003,move,improve
4582,12,954.9000000000002,12,925.7000000000003,swap,notBad
4583,12,954.9000000000002,12,925.7000000000003,2opt,notBad
4584,12,954.9000000000002,12,925.7000000000003,2opt,notBad
4585,12,954.9000000000002,12,925.7000000000003,2opt,improve
4586,12,954.9000000000002,12,925.7000000000003,swap,notBad
4587,12,954.9000000000002,12,925.7000000000003,2opt,notBad
4588,12,954.9000000000002,12,925.7000000000003,move,improve
4589,12,954.9000000000002,12,925.7000000000003,move,improve
4590,12,954.9000000000002,12,925.7000000000003,move,improve
4591,12,954.9000000000002,12,925.7000000000003,2opt,notBad
4592,12,954.9000000000002,12,925.7000000000003,2opt,notBad
4593,12,954.9000000000002,12,925.7000000000003,2opt,notBad
4594,12,951.7000000000002,12,925.7000000000003,move,improve
4595,12,951.7000000000002,12,925.7000000000003,swap,notBad
4596,12,951.7000000000002,12,925.7000000000003,move,improve
4597,12,951.7000000000002,12,925.7000000000003,2opt,improve
4598,12,951.7000000000002,12,925.7000000000003,swap,notBad
4599,12,951.7000000000002,12,925.7000000000003,swap,notBad
4600,12,951.7000000000002,12,925.7000000000003,2opt,notBad
4601,12,951.7000000000002,12,925.7000000000003,2opt,notBad
4602,12,949.7000000000002,12,925.7000000000003,move,improve
4603,12,949.7000000000002,12,925.7000000000003,swap,notBad
4604,12,949.7000000000002,12,925.7000000000003,move,improve
4605,12,949.7000000000002,12,925.7000000000003,swap,notBad
4606,12,949.7000000000002,12,925.7000000000003,swap,notBad
4607,12,949.7000000000002,12,925.7000000000003,2opt,improve
4608,12,949.7000000000002,12,925.7000000000003,2opt,notBad
4609,12,949.7000000000002,12,925.7000000000003,2opt,notBad
4610,12,949.7000000000002,12,925.7000000000003,2opt,notBad
4611,12,949.7000000000002,12,925.7000000000003,move,improve
4612,12,949.7000000000002,12,925.7000000000003,move,improve
4613,12,949.7000000000002,12,925.7000000000003,move,improve
4614,12,954.2000000000003,12,925.7000000000003,swap,acceptBad
4615,12,954.2000000000003,12,925.7000000000003,swap,notBad
4616,12,954.2000000000003,12,925.7000000000003,swap,notBad
4617,12,954.2000000000003,12,925.7000000000003,2opt,improve
4618,12,954.2000000000003,12,925.7000000000003,2opt,notBad
4619,12,954.2000000000003,12,925.7000000000003,move,improve
4620,12,954.2000000000003,12,925.7000000000003,move,improve
4621,12,954.2000000000003,12,925.7000000000003,move,improve
4622,12,954.2000000000003,12,925.7000000000003,swap,notBad
4623,12,954.2000000000003,12,925.7000000000003,swap,notBad
4624,12,954.2000000000003,12,925.7000000000003,2opt,notBad
4625,12,954.2000000000003,12,925.7000000000003,swap,notBad
4626,12,954.2000000000003,12,925.7000000000003,move,improve
4627,12,956.6000000000003,12,925.7000000000003,move,acceptBad
4628,12,956.6000000000003,12,925.7000000000003,2opt,improve
4629,12,956.6000000000003,12,925.7000000000003,swap,notBad
4630,12,956.6000000000003,12,925.7000000000003,swap,notBad
4631,12,956.6000000000003,12,925.7000000000003,move,improve
4632,12,956.6000000000003,12,925.7000000000003,2opt,improve
4633,12,956.6000000000003,12,925.7000000000003,move,improve
4634,12,956.6000000000003,12,925.7000000000003,swap,notBad
4635,12,956.6000000000003,12,925.7000000000003,move,improve
4636,12,956.6000000000003,12,925.7000000000003,swap,notBad
4637,12,956.6000000000003,12,925.7000000000003,swap,notBad
4638,12,956.6000000000003,12,925.7000000000003,move,improve
4639,12,956.6000000000003,12,925.7000000000003,swap,notBad
4640,12,956.6000000000003,12,925.7000000000003,swap,notBad
4641,12,956.6000000000003,12,925.7000000000003,swap,notBad
4642,12,956.6000000000003,12,925.7000000000003,swap,notBad
4643,12,955.3000000000002,12,925.7000000000003,move,improve
4644,12,955.3000000000002,12,925.7000000000003,2opt,notBad
4645,12,955.3000000000002,12,925.7000000000003,2opt,notBad
4646,12,955.3000000000002,12,925.7000000000003,move,improve
4647,12,955.3000000000002,12,925.7000000000003,move,improve
4648,12,955.3000000000002,12,925.7000000000003,swap,notBad
4649,12,960.1000000000001,12,925.7000000000003,swap,acceptBad
4650,12,960.1000000000001,12,925.7000000000003,swap,improve
4651,12,960.1000000000001,12,925.7000000000003,2opt,notBad
4652,12,960.1000000000001,12,925.7000000000003,2opt,notBad
4653,12,960.1000000000001,12,925.7000000000003,move,improve
4654,12,960.1000000000001,12,925.7000000000003,2opt,improve
4655,12,960.1000000000001,12,925.7000000000003,move,improve
4656,12,960.1000000000001,12,925.7000000000003,move,improve
4657,12,960.1000000000001,12,925.7000000000003,swap,notBad
4658,12,960.1000000000001,12,925.7000000000003,2opt,notBad
4659,12,960.1000000000001,12,925.7000000000003,move,improve
4660,12,960.1000000000001,12,925.7000000000003,move,improve
4661,12,960.1000000000001,12,925.7000000000003,move,improve
4662,12,960.1000000000001,12,925.7000000000003,2opt,notBad
4663,12,960.1000000000001,12,925.7000000000003,swap,notBad
4664,12,960.1000000000001,12,925.7000000000003,swap,notBad
4665,12,960.1000000000001,12,925.7000000000003,swap,notBad
4666,12,960.1000000000001,12,925.7000000000003,swap,improve
4667,12,960.1000000000001,12,925.7000000000003,2opt,notBad
4668,12,960.1000000000001,12,925.7000000000003,2opt,notBad
4669,12,960.1000000000001,12,925.7000000000003,2opt,improve
4670,12,960.1000000000001,12,925.7000000000003,move,improve
4671,12,960.1000000000001,12,925.7000000000003,2opt,improve
4672,12,960.1000000000001,12,925.7000000000003,swap,notBad
4673,12,960.1000000000001,12,925.7000000000003,move,improve
4674,12,960.1000000000001,12,925.7000000000003,2opt,notBad
4675,12,960.1000000000001,12,925.7000000000003,move,improve
4676,12,960.1000000000001,12,925.7000000000003,2opt,notBad
4677,12,960.1000000000001,12,925.7000000000003,swap,notBad
4678,12,960.1000000000001,12,925.7000000000003,swap,improve
4679,12,960.1000000000001,12,925.7000000000003,move,improve
4680,12,960.1000000000001,12,925.7000000000003,2opt,notBad
4681,12,960.1000000000001,12,925.7000000000003,2opt,notBad
4682,12,960.1000000000001,12,925.7000000000003,2opt,notBad
4683,12,960.1000000000001,12,925.7000000000003,move,improve
4684,12,960.1000000000001,12,925.7000000000003,swap,notBad
4685,12,960.1000000000001,12,925.7000000000003,move,improve
4686,12,960.1000000000001,12,925.7000000000003,swap,notBad
4687,12,960.1000000000001,12,925.7000000000003,move,improve
4688,12,960.1000000000001,12,925.7000000000003,swap,notBad
4689,12,960.1000000000001,12,925.7000000000003,swap,notBad
4690,12,960.1000000000001,12,925.7000000000003,2opt,notBad
4691,12,960.1000000000001,12,925.7000000000003,swap,notBad
4692,12,960.1000000000001,12,925.7000000000003,move,improve
4693,12,960.1000000000001,12,925.7000000000003,swap,notBad
4694,12,960.1000000000001,12,925.7000000000003,move,improve
4695,12,960.1000000000001,12,925.7000000000003,swap,notBad
4696,12,960.1000000000001,12,925.7000000000003,swap,notBad
4697,12,961.5000000000001,12,925.7000000000003,swap,acceptBad
4698,12,961.5000000000001,12,925.7000000000003,2opt,notBad
4699,12,961.5000000000001,12,925.7000000000003,swap,notBad
4700,12,961.5000000000001,12,925.7000000000003,swap,notBad
4701,12,961.5000000000001,12,925.7000000000003,2opt,notBad
4702,12,961.5000000000001,12,925.7000000000003,move,improve
4703,12,961.5000000000001,12,925.7000000000003,2opt,notBad
4704,12,961.5000000000001,12,925.7000000000003,2opt,improve
4705,12,961.5000000000001,12,925.7000000000003,2opt,notBad
4706,12,961.5000000000001,12,925.7000000000003,swap,notBad
4707,12,961.5000000000001,12,925.7000000000003,move,improve
4708,12,961.5000000000001,12,925.7000000000003,2opt,notBad
4709,12,961.5000000000001,12,925.7000000000003,move,improve
4710,12,961.5000000000001,12,925.7000000000003,swap,notBad
4711,12,961.5000000000001,12,925.7000000000003,swap,notBad
4712,12,961.5000000000001,12,925.7000000000003,2opt,notBad
4713,12,961.5000000000001,12,925.7000000000003,move,improve
4714,12,961.5000000000001,12,925.7000000000003,2opt,notBad
4715,12,961.5000000000001,12,925.7000000000003,2opt,notBad
4716,12,961.5000000000001,12,925.7000000000003,swap,notBad
4717,12,961.5000000000001,12,925.7000000000003,swap,notBad
4718,12,960.1000000000001,12,925.7000000000003,move,improve
4719,12,960.1000000000001,12,925.7000000000003,move,improve
4720,12,960.1000000000001,12,925.7000000000003,move,improve
4721,12,960.1000000000001,12,925.7000000000003,2opt,improve
4722,12,960.1000000000001,12,925.7000000000003,swap,notBad
4723,12,960.1000000000001,12,925.7000000000003,move,improve
4724,12,960.1000000000001,12,925.7000000000003,swap,notBad
4725,12,960.1000000000001,12,925.7000000000003,move,improve
4726,12,954.0000000000001,12,925.7000000000003,move,improve
4727,12,954.0000000000001,12,925.7000000000003,swap,notBad
4728,12,954.0000000000001,12,925.7000000000003,2opt,notBad
4729,12,954.0000000000001,12,925.7000000000003,2opt,notBad
4730,12,954.0000000000001,12,925.7000000000003,2opt,notBad
4731,12,954.0000000000001,12,925.7000000000003,swap,notBad
4732,12,954.0000000000001,12,925.7000000000003,2opt,notBad
4733,12,954.0000000000001,12,925.7000000000003,swap,improve
4734,12,954.0000000000001,12,925.7000000000003,swap,notBad
4735,12,954.0000000000001,12,925.7000000000003,move,improve
4736,12,954.0000000000001,12,925.7000000000003,2opt,notBad
4737,12,954.0000000000001,12,925.7000000000003,swap,notBad
4738,12,954.0000000000001,12,925.7000000000003,2opt,notBad
4739,12,954.0000000000001,12,925.7000000000003,2opt,improve
4740,12,954.0000000000001,12,925.7000000000003,swap,notBad
4741,12,954.0000000000001,12,925.7000000000003,move,improve
4742,12,954.0000000000001,12,925.7000000000003,swap,notBad
4743,12,954.0000000000001,12,925.7000000000003,swap,notBad
4744,12,954.0000000000001,12,925.7000000000003,move,improve
4745,12,954.0000000000001,12,925.7000000000003,swap,notBad
4746,12,954.0000000000001,12,925.7000000000003,move,improve
4747,12,954.0000000000001,12,925.7000000000003,swap,notBad
4748,12,954.0000000000001,12,925.7000000000003,swap,notBad
4749,12,954.0000000000001,12,925.7000000000003,2opt,improve
4750,12,954.0000000000001,12,925.7000000000003,2opt,notBad
4751,12,954.0000000000001,12,925.7000000000003,swap,notBad
4752,12,954.0000000000001,12,925.7000000000003,move,improve
4753,12,954.0000000000001,12,925.7000000000003,2opt,improve
4754,12,954.0000000000001,12,925.7000000000003,swap,notBad
4755,12,954.0000000000001,12,925.7000000000003,move,improve
4756,12,954.0000000000001,12,925.7000000000003,swap,notBad
4757,12,954.0000000000001,12,925.7000000000003,swap,notBad
4758,12,954.0000000000001,12,925.7000000000003,move,notBad
4759,12,954.0000000000001,12,925.7000000000003,move,improve
4760,12,954.0000000000001,12,925.7000000000003,2opt,notBad
4761,12,954.0000000000001,12,925.7000000000003,2opt,notBad
4762,12,954.0000000000001,12,925.7000000000003,2opt,notBad
4763,12,954.0000000000001,12,925.7000000000003,swap,notBad
4764,12,954.0000000000001,12,925.7000000000003,move,improve
4765,12,954.0000000000001,12,925.7000000000003,2opt,notBad
4766,12,954.0000000000001,12,925.7000000000003,2opt,notBad
4767,12,954.0000000000001,12,925.7000000000003,2opt,notBad
4768,12,954.0000000000001,12,925.7000000000003,2opt,improve
4769,12,954.0000000000001,12,925.7000000000003,move,improve
4770,12,954.0000000000001,12,925.7000000000003,move,improve
4771,12,954.0000000000001,12,925.7000000000003,move,improve
4772,12,954.0000000000001,12,925.7000000000003,2opt,notBad
4773,12,954.0000000000001,12,925.7000000000003,move,improve
4774,12,954.0000000000001,12,925.7000000000003,swap,notBad
4775,12,954.0000000000001,12,925.7000000000003,swap,notBad
4776,12,954.0000000000001,12,925.7000000000003,swap,notBad
4777,12,954.0000000000001,12,925.7000000000003,move,improve
4778,12,948.3000000000002,12,925.7000000000003,2opt,improve
4779,12,948.3000000000002,12,925.7000000000003,2opt,notBad
4780,12,948.3000000000002,12,925.7000000000003,2opt,improve
4781,12,948.3000000000002,12,925.7000000000003,2opt,notBad
4782,12,948.3000000000002,12,925.7000000000003,move,improve
4783,12,948.3000000000002,12,925.7000000000003,swap,notBad
4784,12,948.3000000000002,12,925.7000000000003,move,improve
4785,12,948.3000000000002,12,925.7000000000003,move,improve
4786,12,948.3000000000002,12,925.7000000000003,2opt,improve
4787,12,948.3000000000002,12,925.7000000000003,swap,notBad
4788,12,948.3000000000002,12,925.7000000000003,swap,notBad
4789,12,948.3000000000001,12,925.7000000000003,move,improve
4790,12,948.1000000000003,12,925.7000000000003,swap,improve
4791,12,948.1000000000003,12,925.7000000000003,move,improve
4792,12,948.1000000000003,12,925.7000000000003,move,improve
4793,12,948.1000000000003,12,925.7000000000003,2opt,notBad
4794,12,948.1000000000003,12,925.7000000000003,2opt,notBad
4795,12,948.1000000000003,12,925.7000000000003,move,improve
4796,12,948.1000000000003,12,925.7000000000003,2opt,notBad
4797,12,948.1000000000003,12,925.7000000000003,move,improve
4798,12,948.1000000000003,12,925.7000000000003,2opt,improve
4799,12,948.1000000000003,12,925.7000000000003,2opt,notBad
4800,12,948.1000000000003,12,925.7000000000003,move,improve
4801,12,948.1000000000003,12,925.7000000000003,2opt,notBad
4802,12,948.1000000000003,12,925.7000000000003,2opt,notBad
4803,12,948.1000000000003,12,925.7000000000003,2opt,improve
4804,12,948.1000000000003,12,925.7000000000003,move,improve
4805,12,948.1000000000003,12,925.7000000000003,swap,notBad
4806,12,948.1000000000003,12,925.7000000000003,swap,notBad
4807,12,948.1000000000003,12,925.7000000000003,2opt,notBad
4808,12,948.1000000000003,12,925.7000000000003,swap,notBad
4809,12,948.1000000000003,12,925.7000000000003,swap,notBad
4810,12,948.1000000000003,12,925.7000000000003,swap,notBad
4811,12,948.1000000000003,12,925.7000000000003,swap,notBad
4812,12,948.1000000000003,12,925.7000000000003,2opt,improve
4813,12,944.9000000000003,12,925.7000000000003,move,improve
4814,12,944.9000000000003,12,925.7000000000003,swap,notBad
4815,12,944.9000000000003,12,925.7000000000003,swap,notBad
4816,12,944.9000000000003,12,925.7000000000003,move,improve
4817,12,944.9000000000003,12,925.7000000000003,2opt,notBad
4818,12,944.9000000000003,12,925.7000000000003,move,improve
4819,12,944.9000000000003,12,925.7000000000003,2opt,notBad
4820,12,944.9000000000003,12,925.7000000000003,swap,notBad
4821,12,944.9000000000003,12,925.7000000000003,move,improve
4822,12,944.9000000000003,12,925.7000000000003,2opt,notBad
4823,12,944.9000000000003,12,925.7000000000003,2opt,notBad
4824,12,944.9000000000003,12,925.7000000000003,2opt,improve
4825,12,944.9000000000003,12,925.7000000000003,2opt,notBad
4826,12,944.9000000000003,12,925.7000000000003,2opt,notBad
4827,12,944.9000000000003,12,925.7000000000003,move,improve
4828,12,944.9000000000003,12,925.7000000000003,2opt,notBad
4829,12,944.9000000000003,12,925.7000000000003,move,improve
4830,12,944.9000000000003,12,925.7000000000003,move,improve
4831,12,944.9000000000003,12,925.7000000000003,swap,notBad
4832,12,944.9000000000003,12,925.7000000000003,move,improve
4833,12,944.9000000000003,12,925.7000000000003,swap,notBad
4834,12,944.9000000000003,12,925.7000000000003,move,improve
4835,12,940.4000000000003,12,925.7000000000003,move,improve
4836,12,940.4000000000003,12,925.7000000000003,2opt,notBad
4837,12,940.4000000000003,12,925.7000000000003,move,improve
4838,12,940.4000000000003,12,925.7000000000003,move,improve
4839,12,940.4000000000003,12,925.7000000000003,move,improve
4840,12,940.4000000000003,12,925.7000000000003,2opt,notBad
4841,12,940.4000000000003,12,925.7000000000003,swap,improve
4842,12,940.4000000000003,12,925.7000000000003,move,improve
4843,12,940.4000000000003,12,925.7000000000003,2opt,notBad
4844,12,940.4000000000003,12,925.7000000000003,move,improve
4845,12,940.4000000000003,12,925.7000000000003,swap,notBad
4846,12,940.4000000000003,12,925.7000000000003,swap,notBad
4847,12,940.4000000000003,12,925.7000000000003,2opt,notBad
4848,12,940.4000000000003,12,925.7000000000003,move,improve
4849,12,940.4000000000003,12,925.7000000000003,swap,notBad
4850,12,940.4000000000003,12,925.7000000000003,swap,notBad
4851,12,940.4000000000003,12,925.7000000000003,swap,notBad
4852,12,940.4000000000003,12,925.7000000000003,move,improve
4853,12,940.4000000000003,12,925.7000000000003,swap,notBad
4854,12,940.4000000000003,12,925.7000000000003,swap,notBad
4855,12,940.4000000000003,12,925.7000000000003,2opt,notBad
4856,12,940.4000000000003,12,925.7000000000003,move,improve
4857,12,940.4000000000003,12,925.7000000000003,move,improve
4858,12,940.4000000000003,12,925.7000000000003,move,improve
4859,12,940.4000000000003,12,925.7000000000003,move,improve
4860,12,940.4000000000003,12,925.7000000000003,2opt,notBad
4861,12,940.4000000000003,12,925.7000000000003,2opt,notBad
4862,12,940.4000000000003,12,925.7000000000003,swap,notBad
4863,12,941.6000000000003,12,925.7000000000003,swap,acceptBad
4864,12,941.6000000000003,12,925.7000000000003,swap,notBad
4865,12,941.6000000000003,12,925.7000000000003,2opt,notBad
4866,12,941.6000000000003,12,925.7000000000003,2opt,notBad
4867,12,941.6000000000003,12,925.7000000000003,move,improve
4868,12,941.6000000000003,12,925.7000000000003,2opt,notBad
4869,12,941.6000000000003,12,925.7000000000003,move,improve
4870,12,941.6000000000003,12,925.7000000000003,2opt,notBad
4871,12,941.6000000000003,12,925.7000000000003,2opt,improve
4872,12,941.6000000000003,12,925.7000000000003,2opt,notBad
4873,12,941.6000000000003,12,925.7000000000003,move,improve
4874,12,941.6000000000003,12,925.7000000000003,2opt,notBad
4875,12,941.6000000000003,12,925.7000000000003,swap,notBad
4876,12,941.6000000000003,12,925.7000000000003,move,improve
4877,12,941.6000000000003,12,925.7000000000003,2opt,notBad
4878,12,941.6000000000003,12,925.7000000000003,move,improve
4879,12,941.6000000000003,12,925.7000000000003,2opt,notBad
4880,12,941.6000000000003,12,925.7000000000003,swap,notBad
4881,12,941.6000000000003,12,925.7000000000003,swap,notBad
4882,12,941.6000000000003,12,925.7000000000003,2opt,notBad
4883,12,941.6000000000003,12,925.7000000000003,swap,notBad
4884,12,941.6000000000003,12,925.7000000000003,2opt,notBad
4885,12,941.6000000000003,12,925.7000000000003,2opt,notBad
4886,12,941.6000000000003,12,925.7000000000003,2opt,notBad
4887,12,941.6000000000003,12,925.7000000000003,2opt,notBad
4888,12,941.6000000000003,12,925.7000000000003,2opt,notBad
4889,12,941.6000000000003,12,925.7000000000003,2opt,improve
4890,12,941.6000000000003,12,925.7000000000003,2opt,notBad
4891,12,941.6000000000003,12,925.7000000000003,swap,notBad
4892,12,941.6000000000003,12,925.7000000000003,2opt,notBad
4893,12,941.6000000000003,12,925.7000000000003,2opt,notBad
4894,12,938.2000000000004,12,925.7000000000003,swap,improve
4895,12,938.2000000000004,12,925.7000000000003,move,improve
4896,12,938.2000000000004,12,925.7000000000003,2opt,improve
4897,12,938.2000000000004,12,925.7000000000003,move,improve
4898,12,938.2000000000004,12,925.7000000000003,2opt,notBad
4899,12,938.2000000000004,12,925.7000000000003,2opt,notBad
4900,12,938.2000000000004,12,925.7000000000003,move,improve
4901,12,938.2000000000004,12,925.7000000000003,move,improve
4902,12,938.2000000000004,12,925.7000000000003,move,improve
4903,12,938.2000000000004,12,925.7000000000003,2opt,notBad
4904,12,938.2000000000004,12,925.7000000000003,swap,notBad
4905,12,938.2000000000004,12,925.7000000000003,move,improve
4906,12,938.2000000000004,12,925.7000000000003,2opt,notBad
4907,12,938.2000000000004,12,925.7000000000003,2opt,notBad
4908,12,938.2000000000004,12,925.7000000000003,move,improve
4909,12,938.2000000000004,12,925.7000000000003,2opt,notBad
4910,12,938.2000000000004,12,925.7000000000003,move,improve
4911,12,935.8000000000005,12,925.7000000000003,move,improve
4912,12,935.8000000000005,12,925.7000000000003,2opt,notBad
4913,12,935.8000000000005,12,925.7000000000003,move,improve
4914,12,935.8000000000005,12,925.7000000000003,move,improve
4915,12,934.9000000000004,12,925.7000000000003,move,improve
4916,12,934.9000000000004,12,925.7000000000003,swap,notBad
4917,12,934.9000000000004,12,925.7000000000003,2opt,notBad
4918,12,934.9000000000004,12,925.7000000000003,2opt,notBad
4919,12,934.9000000000004,12,925.7000000000003,move,improve
4920,12,934.9000000000004,12,925.7000000000003,move,improve
4921,12,934.9000000000004,12,925.7000000000003,move,improve
4922,12,934.9000000000004,12,925.7000000000003,move,improve
4923,12,934.9000000000004,12,925.7000000000003,swap,notBad
4924,12,934.9000000000004,12,925.7000000000003,2opt,notBad
4925,12,934.9000000000004,12,925.7000000000003,move,improve
4926,12,934.9000000000004,12,925.7000000000003,move,improve
4927,12,934.9000000000004,12,925.7000000000003,swap,notBad
4928,12,934.9000000000004,12,925.7000000000003,2opt,notBad
4929,12,934.9000000000004,12,925.7000000000003,2opt,notBad
4930,12,934.9000000000004,12,925.7000000000003,swap,notBad
4931,12,934.9000000000004,12,925.7000000000003,swap,notBad
4932,12,938.3000000000003,12,925.7000000000003,swap,acceptBad
4933,12,938.3000000000003,12,925.7000000000003,move,notBad
4934,12,938.3000000000003,12,925.7000000000003,swap,notBad
4935,12,938.3000000000003,12,925.7000000000003,2opt,notBad
4936,12,938.3000000000003,12,925.7000000000003,move,improve
4937,12,938.3000000000003,12,925.7000000000003,2opt,notBad
4938,12,938.3000000000003,12,925.7000000000003,move,improve
4939,12,938.3000000000003,12,925.7000000000003,swap,notBad
4940,12,938.3000000000003,12,925.7000000000003,swap,notBad
4941,12,938.3000000000003,12,925.7000000000003,swap,notBad
4942,12,934.9000000000004,12,925.7000000000003,swap,improve
4943,12,934.9000000000004,12,925.7000000000003,move,improve
4944,12,934.9000000000004,12,925.7000000000003,move,improve
4945,12,934.9000000000004,12,925.7000000000003,move,improve
4946,12,934.9000000000004,12,925.7000000000003,move,improve
4947,12,934.9000000000004,12,925.7000000000003,swap,notBad
4948,12,934.9000000000004,12,925.7000000000003,move,improve
4949,12,934.9000000000004,12,925.7000000000003,2opt,notBad
4950,12,934.9000000000004,12,925.7000000000003,move,improve
4951,12,928.8000000000004,12,925.7000000000003,move,improve
4952,12,928.8000000000004,12,925.7000000000003,2opt,notBad
4953,12,928.8000000000004,12,925.7000000000003,swap,notBad
4954,12,928.8000000000004,12,925.7000000000003,move,improve
4955,12,926.6000000000003,12,925.7000000000003,move,improve
4956,12,926.6000000000003,12,925.7000000000003,move,improve
4957,12,926.6000000000003,12,925.7000000000003,swap,notBad
4958,12,926.6000000000003,12,925.7000000000003,move,improve
4959,12,926.6000000000003,12,925.7000000000003,move,improve
4960,12,926.6000000000003,12,925.7000000000003,move,improve
4961,12,926.6000000000003,12,925.7000000000003,2opt,notBad
4962,12,926.6000000000003,12,925.7000000000003,move,improve
4963,12,926.6000000000003,12,925.7000000000003,2opt,notBad
4964,12,926.6000000000003,12,925.7000000000003,move,improve
4965,12,926.6000000000003,12,925.7000000000003,move,improve
4966,12,926.6000000000003,12,925.7000000000003,move,improve
4967,12,926.6000000000003,12,925.7000000000003,swap,notBad
4968,12,926.6000000000003,12,925.7000000000003,move,improve
4969,12,926.6000000000003,12,925.7000000000003,move,improve
4970,12,926.6000000000003,12,925.7000000000003,swap,notBad
4971,12,926.6000000000003,12,925.7000000000003,move,improve
4972,12,926.6000000000003,12,925.7000000000003,move,improve
4973,12,926.6000000000003,12,925.7000000000003,swap,notBad
4974,12,926.6000000000003,12,925.7000000000003,2opt,notBad
4975,12,926.6000000000003,12,925.7000000000003,move,improve
4976,12,926.6000000000003,12,925.7000000000003,move,improve
4977,12,926.6000000000003,12,925.7000000000003,move,improve
4978,12,926.6000000000003,12,925.7000000000003,2opt,notBad
4979,12,926.6000000000003,12,925.7000000000003,move,improve
4980,12,926.6000000000003,12,925.7000000000003,move,improve
4981,12,926.6000000000003,12,925.7000000000003,2opt,notBad
4982,12,926.6000000000003,12,925.7000000000003,2opt,improve
4983,12,926.6000000000003,12,925.7000000000003,move,improve
4984,12,926.6000000000003,12,925.7000000000003,2opt,notBad
4985,12,926.6000000000003,12,925.7000000000003,move,improve
4986,12,926.6000000000003,12,925.7000000000003,2opt,notBad
4987,12,926.6000000000003,12,925.7000000000003,2opt,notBad
4988,12,926.6000000000003,12,925.7000000000003,swap,notBad
4989,12,926.6000000000003,12,925.7000000000003,swap,improve
4990,12,926.6000000000003,12,925.7000000000003,move,improve
4991,12,926.6000000000003,12,925.7000000000003,swap,improve
4992,12,926.6000000000003,12,925.7000000000003,2opt,notBad
4993,12,926.6000000000003,12,925.7000000000003,2opt,notBad
4994,12,926.6000000000003,12,925.7000000000003,2opt,notBad
4995,12,926.6000000000003,12,925.7000000000003,move,improve
4996,12,926.6000000000003,12,925.7000000000003,move,improve
4997,12,926.6000000000003,12,925.7000000000003,2opt,notBad
4998,12,926.6000000000003,12,925.7000000000003,move,improve
4999,12,926.6000000000003,12,925.7000000000003,move,improve
5000,12,926.6000000000003,12,925.7000000000003,move,improve
5001,12,926.6000000000003,12,925.7000000000003,swap,notBad
5002,12,926.6000000000003,12,925.7000000000003,swap,notBad
5003,12,926.6000000000003,12,925.7000000000003,2opt,notBad
5004,12,926.6000000000003,12,925.7000000000003,swap,notBad
5005,12,926.6000000000003,12,925.7000000000003,2opt,improve
5006,12,926.6000000000003,12,925.7000000000003,2opt,notBad
5007,12,926.6000000000003,12,925.7000000000003,2opt,notBad
5008,12,926.6000000000003,12,925.7000000000003,move,improve
5009,12,926.6000000000003,12,925.7000000000003,swap,notBad
5010,12,926.6000000000003,12,925.7000000000003,2opt,notBad
5011,12,926.6000000000003,12,925.7000000000003,2opt,notBad
5012,12,926.6000000000003,12,925.7000000000003,move,improve
5013,12,926.6000000000003,12,925.7000000000003,move,improve
5014,12,926.6000000000003,12,925.7000000000003,swap,notBad
5015,12,926.6000000000003,12,925.7000000000003,swap,notBad
5016,12,926.6000000000003,12,925.7000000000003,swap,notBad
5017,12,926.6000000000003,12,925.7000000000003,2opt,notBad
5018,12,926.6000000000003,12,925.7000000000003,move,improve
5019,12,926.6000000000003,12,925.7000000000003,2opt,notBad
5020,12,926.6000000000003,12,925.7000000000003,move,notBad
5021,12,926.6000000000003,12,925.7000000000003,move,improve
5022,12,926.6000000000003,12,925.7000000000003,swap,notBad
5023,12,926.6000000000003,12,925.7000000000003,move,improve
5024,12,926.6000000000003,12,925.7000000000003,swap,notBad
5025,12,926.6000000000003,12,925.7000000000003,move,improve
5026,12,926.6000000000003,12,925.7000000000003,move,improve
5027,12,926.6000000000003,12,925.7000000000003,swap,notBad
5028,12,926.6000000000003,12,925.7000000000003,2opt,notBad
5029,12,926.6000000000003,12,925.7000000000003,2opt,notBad
5030,12,926.6000000000003,12,925.7000000000003,move,improve
5031,12,926.6000000000003,12,925.7000000000003,2opt,notBad
5032,12,926.6000000000003,12,925.7000000000003,2opt,notBad
5033,12,926.6000000000003,12,925.7000000000003,swap,notBad
5034,12,926.6000000000003,12,925.7000000000003,swap,notBad
5035,12,926.6000000000003,12,925.7000000000003,swap,notBad
5036,12,926.6000000000003,12,925.7000000000003,move,improve
5037,12,926.6000000000003,12,925.7000000000003,swap,notBad
5038,12,926.6000000000003,12,925.7000000000003,swap,notBad
5039,12,926.6000000000003,12,925.7000000000003,2opt,notBad
5040,12,926.6000000000003,12,925.7000000000003,2opt,notBad
5041,12,926.6000000000003,12,925.7000000000003,move,improve
5042,12,926.6000000000003,12,925.7000000000003,2opt,improve
5043,12,926.6000000000003,12,925.7000000000003,swap,notBad
5044,12,926.6000000000003,12,925.7000000000003,move,improve
5045,12,926.6000000000003,12,925.7000000000003,swap,notBad
5046,12,926.6000000000003,12,925.7000000000003,2opt,notBad
5047,12,926.6000000000003,12,925.7000000000003,move,improve
5048,12,926.6000000000003,12,925.7000000000003,swap,notBad
5049,12,926.6000000000003,12,925.7000000000003,2opt,improve
5050,12,926.6000000000003,12,925.7000000000003,2opt,notBad
5051,12,926.6000000000003,12,925.7000000000003,swap,notBad
5052,12,926.6000000000003,12,925.7000000000003,swap,notBad
5053,12,926.6000000000003,12,925.7000000000003,2opt,notBad
5054,12,926.6000000000003,12,925.7000000000003,swap,notBad
5055,12,926.6000000000003,12,925.7000000000003,2opt,notBad
5056,12,926.6000000000003,12,925.7000000000003,2opt,notBad
5057,12,926.6000000000003,12,925.7000000000003,swap,notBad
5058,12,926.6000000000003,12,925.7000000000003,2opt,notBad
5059,12,926.6000000000003,12,925.7000000000003,move,improve
5060,12,926.6000000000003,12,925.7000000000003,2opt,notBad
5061,12,926.6000000000003,12,925.7000000000003,swap,notBad
5062,12,926.6000000000003,12,925.7000000000003,move,improve
5063,12,926.6000000000003,12,925.7000000000003,move,improve
5064,12,926.6000000000003,12,925.7000000000003,2opt,notBad
5065,12,924.1000000000003,12,924.1000000000003,move,newBest
5066,12,924.1000000000003,12,924.1000000000003,2opt,improve
5067,12,924.1000000000003,12,924.1000000000003,swap,notBad
5068,12,924.1000000000003,12,924.1000000000003,move,improve
5069,12,924.1000000000003,12,924.1000000000003,swap,notBad
5070,12,924.1000000000003,12,924.1000000000003,move,improve
5071,12,924.1000000000003,12,924.1000000000003,2opt,notBad
5072,12,924.1000000000003,12,924.1000000000003,2opt,notBad
5073,12,924.1000000000003,12,924.1000000000003,move,improve
5074,12,924.1000000000003,12,924.1000000000003,2opt,improve
5075,12,924.1000000000003,12,924.1000000000003,move,improve
5076,12,924.1000000000003,12,924.1000000000003,move,improve
5077,12,924.1000000000003,12,924.1000000000003,2opt,notBad
5078,12,924.1000000000003,12,924.1000000000003,2opt,notBad
5079,12,924.1000000000003,12,924.1000000000003,swap,notBad
5080,12,924.1000000000003,12,924.1000000000003,move,improve
5081,12,924.1000000000003,12,924.1000000000003,move,improve
5082,12,924.1000000000003,12,924.1000000000003,swap,notBad
5083,12,924.1000000000003,12,924.1000000000003,swap,notBad
5084,12,924.1000000000003,12,924.1000000000003,swap,notBad
5085,12,924.1000000000003,12,924.1000000000003,move,improve
5086,12,924.1000000000003,12,924.1000000000003,move,improve
5087,12,924.1000000000003,12,924.1000000000003,2opt,improve
5088,12,924.1000000000003,12,924.1000000000003,swap,notBad
5089,12,924.1000000000003,12,924.1000000000003,2opt,notBad
5090,12,924.1000000000003,12,924.1000000000003,2opt,notBad
5091,12,924.1000000000003,12,924.1000000000003,swap,notBad
5092,12,924.1000000000003,12,924.1000000000003,swap,notBad
5093,12,924.1000000000003,12,924.1000000000003,2opt,notBad
5094,12,924.1000000000003,12,924.1000000000003,swap,notBad
5095,12,924.1000000000003,12,924.1000000000003,move,improve
5096,12,924.1000000000003,12,924.1000000000003,2opt,notBad
5097,12,924.1000000000003,12,924.1000000000003,2opt,notBad
5098,12,924.1000000000003,12,924.1000000000003,move,improve
5099,12,924.1000000000003,12,924.1000000000003,swap,notBad
5100,12,924.1000000000003,12,924.1000000000003,move,improve
5101,12,924.1000000000003,12,924.1000000000003,2opt,notBad
5102,12,924.1000000000003,12,924.1000000000003,move,improve
5103,12,924.1000000000003,12,924.1000000000003,move,improve
5104,12,924.1000000000003,12,924.1000000000003,move,improve
5105,12,924.1000000000003,12,924.1000000000003,2opt,notBad
5106,12,924.1000000000003,12,924.1000000000003,2opt,notBad
5107,12,924.1000000000003,12,924.1000000000003,swap,notBad
5108,12,924.1000000000003,12,924.1000000000003,move,improve
5109,12,924.1000000000003,12,924.1000000000003,move,improve
5110,12,924.1000000000003,12,924.1000000000003,2opt,notBad
5111,12,924.1000000000003,12,924.1000000000003,swap,notBad
5112,12,924.1000000000003,12,924.1000000000003,swap,notBad
5113,12,924.1000000000003,12,924.1000000000003,2opt,notBad
5114,12,924.1000000000003,12,924.1000000000003,move,improve
5115,12,924.1000000000003,12,924.1000000000003,2opt,notBad
5116,12,924.1000000000003,12,924.1000000000003,2opt,notBad
5117,12,924.1000000000003,12,924.1000000000003,move,improve
5118,12,924.1000000000003,12,924.1000000000003,move,improve
5119,12,924.1000000000003,12,924.1000000000003,move,improve
5120,12,924.1000000000003,12,924.1000000000003,swap,notBad
5121,12,924.1000000000003,12,924.1000000000003,move,improve
5122,12,924.1000000000003,12,924.1000000000003,swap,notBad
5123,12,924.1000000000003,12,924.1000000000003,move,improve
5124,12,924.1000000000003,12,924.1000000000003,2opt,notBad
5125,12,924.1000000000003,12,924.1000000000003,swap,notBad
5126,12,924.1000000000003,12,924.1000000000003,move,improve
5127,12,924.1000000000003,12,924.1000000000003,move,improve
5128,12,924.1000000000003,12,924.1000000000003,move,improve
5129,12,924.1000000000003,12,924.1000000000003,swap,notBad
5130,12,924.1000000000003,12,924.1000000000003,swap,notBad
5131,12,924.1000000000003,12,924.1000000000003,move,improve
5132,12,924.1000000000003,12,924.1000000000003,2opt,improve
5133,12,924.1000000000003,12,924.1000000000003,move,improve
5134,12,924.1000000000003,12,924.1000000000003,swap,notBad
5135,12,924.1000000000003,12,924.1000000000003,move,improve
5136,12,924.1000000000003,12,924.1000000000003,swap,notBad
5137,12,924.1000000000003,12,924.1000000000003,2opt,improve
5138,12,924.1000000000003,12,924.1000000000003,swap,notBad
5139,12,924.1000000000003,12,924.1000000000003,2opt,notBad
5140,12,924.1000000000003,12,924.1000000000003,move,notBad
5141,12,924.1000000000003,12,924.1000000000003,move,notBad
5142,12,924.1000000000003,12,924.1000000000003,2opt,notBad
5143,12,924.1000000000003,12,924.1000000000003,swap,notBad
5144,12,924.1000000000003,12,924.1000000000003,swap,notBad
5145,12,924.1000000000003,12,924.1000000000003,swap,notBad
5146,12,924.1000000000003,12,924.1000000000003,swap,notBad
5147,12,924.1000000000003,12,924.1000000000003,move,improve
5148,12,924.1000000000003,12,924.1000000000003,2opt,notBad
5149,12,924.1000000000003,12,924.1000000000003,move,improve
5150,12,924.1000000000003,12,924.1000000000003,move,improve
5151,12,924.1000000000003,12,924.1000000000003,swap,notBad
5152,12,924.1000000000003,12,924.1000000000003,move,notBad
5153,12,924.1000000000003,12,924.1000000000003,move,improve
5154,12,924.1000000000003,12,924.1000000000003,move,improve
5155,12,924.1000000000003,12,924.1000000000003,2opt,notBad
5156,12,924.1000000000003,12,924.1000000000003,move,improve
5157,12,924.1000000000003,12,924.1000000000003,move,improve
5158,12,924.1000000000003,12,924.1000000000003,move,improve
5159,12,924.1000000000003,12,924.1000000000003,2opt,notBad
5160,12,924.1000000000003,12,924.1000000000003,move,improve
5161,12,924.1000000000003,12,924.1000000000003,2opt,notBad
5162,12,924.1000000000003,12,924.1000000000003,2opt,improve
5163,12,924.1000000000003,12,924.1000000000003,swap,notBad
5164,12,924.1000000000003,12,924.1000000000003,2opt,notBad
5165,12,924.1000000000003,12,924.1000000000003,2opt,improve
5166,12,924.1000000000003,12,924.1000000000003,2opt,notBad
5167,12,924.1000000000003,12,924.1000000000003,move,improve
5168,12,924.1000000000003,12,924.1000000000003,swap,notBad
5169,12,924.1000000000003,12,924.1000000000003,move,improve
5170,12,924.1000000000003,12,924.1000000000003,2opt,notBad
5171,12,924.1000000000003,12,924.1000000000003,2opt,notBad
5172,12,924.1000000000003,12,924.1000000000003,move,improve
5173,12,924.1000000000003,12,924.1000000000003,move,improve
5174,12,924.1000000000003,12,924.1000000000003,swap,notBad
5175,12,924.1000000000003,12,924.1000000000003,swap,notBad
5176,12,924.1000000000003,12,924.1000000000003,2opt,notBad
5177,12,924.1000000000003,12,924.1000000000003,2opt,improve
5178,12,924.1000000000003,12,924.1000000000003,swap,notBad
5179,12,924.1000000000003,12,924.1000000000003,swap,notBad
5180,12,924.1000000000003,12,924.1000000000003,move,improve
5181,12,924.1000000000003,12,924.1000000000003,swap,notBad
5182,12,924.1000000000003,12,924.1000000000003,2opt,notBad
5183,12,924.1000000000003,12,924.1000000000003,2opt,improve
5184,12,924.1000000000003,12,924.1000000000003,move,improve
5185,12,924.1000000000003,12,924.1000000000003,swap,notBad
5186,12,924.1000000000003,12,924.1000000000003,move,improve
5187,12,924.1000000000003,12,924.1000000000003,swap,notBad
5188,12,924.1000000000003,12,924.1000000000003,2opt,notBad
5189,12,924.1000000000003,12,924.1000000000003,swap,notBad
5190,12,924.1000000000003,12,924.1000000000003,swap,notBad
5191,12,924.1000000000003,12,924.1000000000003,swap,notBad
5192,12,924.1000000000003,12,924.1000000000003,move,improve
5193,12,924.1000000000003,12,924.1000000000003,2opt,notBad
5194,12,924.1000000000003,12,924.1000000000003,2opt,improve
5195,12,924.1000000000003,12,924.1000000000003,move,improve
5196,12,924.1000000000003,12,924.1000000000003,swap,notBad
5197,12,924.1000000000003,12,924.1000000000003,swap,notBad
5198,12,924.1000000000003,12,924.1000000000003,swap,notBad
5199,12,924.1000000000003,12,924.1000000000003,move,notBad
5200,12,924.1000000000003,12,924.1000000000003,swap,notBad
5201,12,924.1000000000003,12,924.1000000000003,2opt,notBad
5202,12,924.1000000000003,12,924.1000000000003,2opt,notBad
5203,12,924.1000000000003,12,924.1000000000003,2opt,notBad
5204,12,924.1000000000003,12,924.1000000000003,2opt,improve
5205,12,924.1000000000003,12,924.1000000000003,2opt,notBad
5206,12,924.1000000000003,12,924.1000000000003,move,improve
5207,12,924.1000000000003,12,924.1000000000003,swap,notBad
5208,12,924.1000000000003,12,924.1000000000003,move,improve
5209,12,924.1000000000003,12,924.1000000000003,move,improve
5210,12,924.1000000000003,12,924.1000000000003,move,improve
5211,12,924.1000000000003,12,924.1000000000003,move,improve
5212,12,924.1000000000003,12,924.1000000000003,2opt,notBad
5213,12,924.1000000000003,12,924.1000000000003,2opt,notBad
5214,12,924.1000000000003,12,924.1000000000003,2opt,notBad
5215,12,924.1000000000003,12,924.1000000000003,2opt,notBad
5216,12,924.1000000000003,12,924.1000000000003,2opt,improve
5217,12,924.1000000000003,12,924.1000000000003,2opt,improve
5218,12,924.1000000000003,12,924.1000000000003,2opt,notBad
5219,12,924.1000000000003,12,924.1000000000003,2opt,notBad
5220,12,924.1000000000003,12,924.1000000000003,swap,notBad
5221,12,924.1000000000003,12,924.1000000000003,move,improve
5222,12,924.1000000000003,12,924.1000000000003,move,improve
5223,12,924.1000000000003,12,924.1000000000003,move,improve
5224,12,924.1000000000003,12,924.1000000000003,move,improve
5225,12,924.1000000000003,12,924.1000000000003,2opt,notBad
5226,12,924.1000000000003,12,924.1000000000003,move,improve
5227,12,924.1000000000003,12,924.1000000000003,2opt,notBad
5228,12,924.1000000000003,12,924.1000000000003,2opt,notBad
5229,12,924.1000000000003,12,924.1000000000003,2opt,improve
5230,12,924.1000000000003,12,924.1000000000003,swap,notBad
5231,12,924.1000000000003,12,924.1000000000003,2opt,improve
5232,12,924.1000000000003,12,924.1000000000003,swap,notBad
5233,12,924.1000000000003,12,924.1000000000003,move,improve
5234,12,924.1000000000003,12,924.1000000000003,move,improve
5235,12,924.1000000000003,12,924.1000000000003,swap,notBad
5236,12,924.1000000000003,12,924.1000000000003,2opt,notBad
5237,12,924.1000000000003,12,924.1000000000003,swap,notBad
5238,12,924.1000000000003,12,924.1000000000003,move,improve
5239,12,924.1000000000003,12,924.1000000000003,2opt,improve
5240,12,919.2000000000002,12,919.2000000000002,swap,newBest
5241,12,919.2000000000002,12,919.2000000000002,swap,notBad
5242,12,919.2000000000002,12,919.2000000000002,swap,notBad
5243,12,919.2000000000002,12,919.2000000000002,swap,notBad
5244,12,919.2000000000002,12,919.2000000000002,move,notBad
5245,12,919.2000000000002,12,919.2000000000002,swap,notBad
5246,12,919.2000000000002,12,919.2000000000002,move,improve
5247,12,919.2000000000002,12,919.2000000000002,move,improve
5248,12,919.2000000000002,12,919.2000000000002,move,improve
5249,12,919.2000000000002,12,919.2000000000002,swap,notBad
5250,12,919.2000000000002,12,919.2000000000002,swap,notBad
5251,12,919.2000000000002,12,919.2000000000002,2opt,notBad
5252,12,919.2000000000002,12,919.2000000000002,2opt,notBad
5253,12,919.2000000000002,12,919.2000000000002,swap,notBad
5254,12,919.2000000000002,12,919.2000000000002,move,improve
5255,12,919.2000000000002,12,919.2000000000002,move,improve
5256,12,919.2000000000002,12,919.2000000000002,swap,notBad
5257,12,919.2000000000002,12,919.2000000000002,2opt,notBad
5258,12,919.2000000000002,12,919.2000000000002,2opt,improve
5259,12,919.2000000000002,12,919.2000000000002,2opt,notBad
5260,12,919.2000000000002,12,919.2000000000002,swap,notBad
5261,12,919.2000000000002,12,919.2000000000002,2opt,improve
5262,12,919.2000000000002,12,919.2000000000002,swap,notBad
5263,12,919.2000000000002,12,919.2000000000002,move,improve
5264,12,919.2000000000002,12,919.2000000000002,move,improve
5265,12,919.2000000000002,12,919.2000000000002,2opt,improve
5266,12,919.2000000000002,12,919.2000000000002,move,improve
5267,12,919.2000000000002,12,919.2000000000002,move,improve
5268,12,919.2000000000002,12,919.2000000000002,swap,notBad
5269,12,919.2000000000002,12,919.2000000000002,2opt,improve
5270,12,919.2000000000002,12,919.2000000000002,2opt,improve
5271,12,919.2000000000002,12,919.2000000000002,2opt,notBad
5272,12,919.2000000000002,12,919.2000000000002,2opt,notBad
5273,12,919.2000000000002,12,919.2000000000002,swap,notBad
5274,12,919.2000000000002,12,919.2000000000002,move,improve
5275,12,919.2000000000002,12,919.2000000000002,2opt,notBad
5276,12,919.2000000000002,12,919.2000000000002,2opt,notBad
5277,12,919.2000000000002,12,919.2000000000002,2opt,improve
5278,12,919.2000000000002,12,919.2000000000002,move,improve
5279,12,919.2000000000002,12,919.2000000000002,2opt,notBad
5280,12,919.2000000000002,12,919.2000000000002,2opt,notBad
5281,12,919.2000000000002,12,919.2000000000002,swap,notBad
5282,12,919.2000000000002,12,919.2000000000002,move,improve
5283,12,919.2000000000002,12,919.2000000000002,move,improve
5284,12,919.2000000000002,12,919.2000000000002,2opt,notBad
5285,12,919.2000000000002,12,919.2000000000002,swap,notBad
5286,12,919.2000000000002,12,919.2000000000002,swap,notBad
5287,12,919.2000000000002,12,919.2000000000002,2opt,notBad
5288,12,919.2000000000002,12,919.2000000000002,move,improve
5289,12,919.2000000000002,12,919.2000000000002,swap,notBad
5290,12,919.2000000000002,12,919.2000000000002,2opt,notBad
5291,12,919.2000000000002,12,919.2000000000002,swap,notBad
5292,12,919.2000000000002,12,919.2000000000002,swap,notBad
5293,12,919.2000000000002,12,919.2000000000002,2opt,notBad
5294,12,919.2000000000002,12,919.2000000000002,swap,notBad
5295,12,919.2000000000002,12,919.2000000000002,swap,notBad
5296,12,919.2000000000002,12,919.2000000000002,move,improve
5297,12,919.2000000000002,12,919.2000000000002,move,improve
5298,12,919.2000000000002,12,919.2000000000002,2opt,notBad
5299,12,919.2000000000002,12,919.2000000000002,swap,notBad
5300,12,919.2000000000002,12,919.2000000000002,2opt,improve
5301,12,919.2000000000002,12,919.2000000000002,2opt,notBad
5302,12,919.2000000000002,12,919.2000000000002,move,improve
5303,12,919.2000000000002,12,919.2000000000002,swap,notBad
5304,12,919.2000000000002,12,919.2000000000002,move,improve
5305,12,919.2000000000002,12,919.2000000000002,swap,improve
5306,12,919.2000000000002,12,919.2000000000002,swap,notBad
5307,12,919.2000000000002,12,919.2000000000002,2opt,notBad
5308,12,919.2000000000002,12,919.2000000000002,swap,notBad
5309,12,919.2000000000002,12,919.2000000000002,move,improve
5310,12,919.2000000000002,12,919.2000000000002,2opt,improve
5311,12,919.2000000000002,12,919.2000000000002,2opt,notBad
5312,12,919.2000000000002,12,919.2000000000002,move,improve
5313,12,919.2000000000002,12,919.2000000000002,2opt,improve
5314,12,919.2000000000002,12,919.2000000000002,2opt,notBad
5315,12,919.2000000000002,12,919.2000000000002,2opt,notBad
5316,12,919.2000000000002,12,919.2000000000002,swap,notBad
5317,12,919.2000000000002,12,919.2000000000002,move,improve
5318,12,919.2000000000002,12,919.2000000000002,swap,notBad
5319,12,919.2000000000002,12,919.2000000000002,2opt,notBad
5320,12,919.2000000000002,12,919.2000000000002,move,improve
5321,12,919.2000000000002,12,919.2000000000002,2opt,improve
5322,12,919.2000000000002,12,919.2000000000002,2opt,notBad
5323,12,919.2000000000002,12,919.2000000000002,swap,notBad
5324,12,919.2000000000002,12,919.2000000000002,move,improve
5325,12,919.2000000000002,12,919.2000000000002,move,improve
5326,12,919.2000000000002,12,919.2000000000002,move,improve
5327,12,919.2000000000002,12,919.2000000000002,move,improve
5328,12,919.2000000000002,12,919.2000000000002,swap,notBad
5329,12,919.2000000000002,12,919.2000000000002,2opt,notBad
5330,12,919.2000000000002,12,919.2000000000002,swap,notBad
5331,12,919.2000000000002,12,919.2000000000002,move,improve
5332,12,919.2000000000002,12,919.2000000000002,move,improve
5333,12,919.2000000000002,12,919.2000000000002,swap,notBad
5334,12,919.2000000000002,12,919.2000000000002,move,improve
5335,12,919.2000000000002,12,919.2000000000002,move,improve
5336,12,919.2000000000002,12,919.2000000000002,move,improve
5337,12,919.2000000000002,12,919.2000000000002,2opt,notBad
5338,12,919.2000000000002,12,919.2000000000002,move,improve
5339,12,919.2000000000002,12,919.2000000000002,move,improve
5340,12,919.2000000000002,12,919.2000000000002,swap,notBad
5341,12,919.2000000000002,12,919.2000000000002,2opt,notBad
5342,12,919.2000000000002,12,919.2000000000002,2opt,notBad
5343,12,919.2000000000002,12,919.2000000000002,swap,notBad
5344,12,919.2000000000002,12,919.2000000000002,2opt,notBad
5345,12,919.2000000000002,12,919.2000000000002,move,improve
5346,12,919.2000000000002,12,919.2000000000002,2opt,notBad
5347,12,919.2000000000002,12,919.2000000000002,move,improve
5348,12,919.2000000000002,12,919.2000000000002,2opt,notBad
5349,12,919.2000000000002,12,919.2000000000002,swap,notBad
5350,12,919.2000000000002,12,919.2000000000002,2opt,notBad
5351,12,919.2000000000002,12,919.2000000000002,swap,notBad
5352,12,919.2000000000002,12,919.2000000000002,move,improve
5353,12,919.2000000000002,12,919.2000000000002,2opt,notBad
5354,12,919.2000000000002,12,919.2000000000002,swap,notBad
5355,12,919.2000000000002,12,919.2000000000002,2opt,notBad
5356,12,919.2000000000002,12,919.2000000000002,swap,notBad
5357,12,919.2000000000002,12,919.2000000000002,move,improve
5358,12,919.2000000000002,12,919.2000000000002,2opt,notBad
5359,12,919.2000000000002,12,919.2000000000002,2opt,notBad
5360,12,919.2000000000002,12,919.2000000000002,2opt,notBad
5361,12,919.2000000000002,12,919.2000000000002,move,improve
5362,12,919.2000000000002,12,919.2000000000002,2opt,notBad
5363,12,919.2000000000002,12,919.2000000000002,swap,notBad
5364,12,919.2000000000002,12,919.2000000000002,2opt,improve
5365,12,919.2000000000002,12,919.2000000000002,2opt,improve
5366,12,919.2000000000002,12,919.2000000000002,2opt,improve
5367,12,919.2000000000002,12,919.2000000000002,2opt,improve
5368,12,919.2000000000002,12,919.2000000000002,swap,notBad
5369,12,919.2000000000002,12,919.2000000000002,swap,notBad
5370,12,919.2000000000002,12,919.2000000000002,move,improve
5371,12,919.2000000000002,12,919.2000000000002,2opt,notBad
5372,12,919.2000000000002,12,919.2000000000002,2opt,notBad
5373,12,919.2000000000002,12,919.2000000000002,move,improve
5374,12,919.2000000000002,12,919.2000000000002,2opt,notBad
5375,12,919.2000000000002,12,919.2000000000002,swap,notBad
5376,12,919.2000000000002,12,919.2000000000002,swap,notBad
5377,12,919.2000000000002,12,919.2000000000002,move,improve
5378,12,919.2000000000002,12,919.2000000000002,2opt,notBad
5379,12,919.2000000000002,12,919.2000000000002,swap,notBad
5380,12,919.2000000000002,12,919.2000000000002,move,improve
5381,12,919.2000000000002,12,919.2000000000002,move,improve
5382,12,919.2000000000002,12,919.2000000000002,swap,notBad
5383,12,919.2000000000002,12,919.2000000000002,swap,notBad
5384,12,919.2000000000002,12,919.2000000000002,2opt,notBad
5385,12,919.2000000000002,12,919.2000000000002,move,improve
5386,12,919.2000000000002,12,919.2000000000002,swap,notBad
5387,12,919.2000000000002,12,919.2000000000002,2opt,notBad
5388,12,919.2000000000002,12,919.2000000000002,2opt,improve
5389,12,919.2000000000002,12,919.2000000000002,2opt,notBad
5390,12,919.2000000000002,12,919.2000000000002,2opt,notBad
5391,12,919.2000000000002,12,919.2000000000002,move,improve
5392,12,919.2000000000002,12,919.2000000000002,move,improve
5393,12,919.2000000000002,12,919.2000000000002,move,improve
5394,12,919.2000000000002,12,919.2000000000002,move,improve
5395,12,919.2000000000002,12,919.2000000000002,move,improve
5396,12,919.2000000000002,12,919.2000000000002,2opt,improve
5397,12,919.2000000000002,12,919.2000000000002,swap,notBad
5398,12,919.2000000000002,12,919.2000000000002,move,improve
5399,12,919.2000000000002,12,919.2000000000002,move,improve
5400,12,919.2000000000002,12,919.2000000000002,move,improve
5401,12,919.2000000000002,12,919.2000000000002,swap,notBad
5402,12,919.2000000000002,12,919.2000000000002,swap,notBad
5403,12,919.2000000000002,12,919.2000000000002,2opt,notBad
5404,12,919.2000000000002,12,919.2000000000002,2opt,notBad
5405,12,919.2000000000002,12,919.2000000000002,move,improve
5406,12,919.2000000000002,12,919.2000000000002,swap,notBad
5407,12,919.2000000000002,12,919.2000000000002,2opt,notBad
5408,12,919.2000000000002,12,919.2000000000002,swap,notBad
5409,12,919.2000000000002,12,919.2000000000002,2opt,notBad
5410,12,919.2000000000002,12,919.2000000000002,2opt,improve
5411,12,919.2000000000002,12,919.2000000000002,2opt,notBad
5412,12,919.2000000000002,12,919.2000000000002,2opt,notBad
5413,12,919.2000000000002,12,919.2000000000002,move,improve
5414,12,919.2000000000002,12,919.2000000000002,swap,notBad
5415,12,919.2000000000002,12,919.2000000000002,swap,notBad
5416,12,919.2000000000002,12,919.2000000000002,move,improve
5417,12,919.2000000000002,12,919.2000000000002,swap,notBad
5418,12,919.2000000000002,12,919.2000000000002,swap,notBad
5419,12,919.2000000000002,12,919.2000000000002,2opt,notBad
5420,12,919.2000000000002,12,919.2000000000002,2opt,notBad
5421,12,919.2000000000002,12,919.2000000000002,2opt,notBad
5422,12,919.2000000000002,12,919.2000000000002,swap,notBad
5423,12,919.2000000000002,12,919.2000000000002,swap,notBad
5424,12,919.2000000000002,12,919.2000000000002,move,improve
5425,12,919.2000000000002,12,919.2000000000002,swap,notBad
5426,12,919.2000000000002,12,919.2000000000002,2opt,notBad
5427,12,919.2000000000002,12,919.2000000000002,2opt,notBad
5428,12,919.2000000000002,12,919.2000000000002,move,improve
5429,12,919.2000000000002,12,919.2000000000002,2opt,notBad
5430,12,919.2000000000002,12,919.2000000000002,2opt,improve
5431,12,919.2000000000002,12,919.2000000000002,2opt,notBad
5432,12,919.2000000000002,12,919.2000000000002,swap,notBad
5433,12,919.2000000000002,12,919.2000000000002,2opt,notBad
5434,12,919.2000000000002,12,919.2000000000002,move,improve
5435,12,919.2000000000002,12,919.2000000000002,swap,notBad
5436,12,919.2000000000002,12,919.2000000000002,move,improve
5437,12,919.2000000000002,12,919.2000000000002,2opt,notBad
5438,12,919.2000000000002,12,919.2000000000002,2opt,notBad
5439,12,919.2000000000002,12,919.2000000000002,2opt,notBad
5440,12,919.2000000000002,12,919.2000000000002,2opt,notBad
5441,12,919.2000000000002,12,919.2000000000002,swap,notBad
5442,12,919.2000000000002,12,919.2000000000002,swap,notBad
5443,12,919.2000000000002,12,919.2000000000002,move,improve
5444,12,919.2000000000002,12,919.2000000000002,swap,notBad
5445,12,919.2000000000002,12,919.2000000000002,2opt,notBad
5446,12,919.2000000000002,12,919.2000000000002,2opt,notBad
5447,12,919.2000000000002,12,919.2000000000002,swap,notBad
5448,12,919.2000000000002,12,919.2000000000002,2opt,notBad
5449,12,919.2000000000002,12,919.2000000000002,swap,notBad
5450,12,919.2000000000002,12,919.2000000000002,swap,notBad
5451,12,919.2000000000002,12,919.2000000000002,2opt,notBad
5452,12,919.2000000000002,12,919.2000000000002,2opt,notBad
5453,12,919.2000000000002,12,919.2000000000002,swap,notBad
5454,12,919.2000000000002,12,919.2000000000002,2opt,notBad
5455,12,919.2000000000002,12,919.2000000000002,2opt,notBad
5456,12,919.2000000000002,12,919.2000000000002,move,improve
5457,12,919.2000000000002,12,919.2000000000002,swap,notBad
5458,12,919.2000000000002,12,919.2000000000002,move,improve
5459,12,919.2000000000002,12,919.2000000000002,move,improve
5460,12,919.2000000000002,12,919.2000000000002,swap,notBad
5461,12,919.2000000000002,12,919.2000000000002,move,improve
5462,12,919.2000000000002,12,919.2000000000002,2opt,improve
5463,12,919.2000000000002,12,919.2000000000002,swap,notBad
5464,12,919.2000000000002,12,919.2000000000002,2opt,notBad
5465,12,919.2000000000002,12,919.2000000000002,move,improve
5466,12,919.2000000000002,12,919.2000000000002,swap,notBad
5467,12,919.2000000000002,12,919.2000000000002,move,improve
5468,12,919.2000000000002,12,919.2000000000002,swap,notBad
5469,12,919.2000000000002,12,919.2000000000002,2opt,notBad
5470,12,919.2000000000002,12,919.2000000000002,swap,notBad
5471,12,919.2000000000002,12,919.2000000000002,swap,notBad
5472,12,919.2000000000002,12,919.2000000000002,move,improve
5473,12,919.2000000000002,12,919.2000000000002,swap,notBad
5474,12,919.2000000000002,12,919.2000000000002,move,improve
5475,12,919.2000000000002,12,919.2000000000002,2opt,notBad
5476,12,919.2000000000002,12,919.2000000000002,move,improve
5477,12,919.2000000000002,12,919.2000000000002,swap,notBad
5478,12,919.2000000000002,12,919.2000000000002,2opt,notBad
5479,12,919.2000000000002,12,919.2000000000002,2opt,improve
5480,12,919.2000000000002,12,919.2000000000002,move,improve
5481,12,919.2000000000002,12,919.2000000000002,move,improve
5482,12,919.2000000000002,12,919.2000000000002,move,improve
5483,12,919.2000000000002,12,919.2000000000002,2opt,notBad
5484,12,919.2000000000002,12,919.2000000000002,move,improve
5485,12,919.2000000000002,12,919.2000000000002,move,improve
5486,12,919.2000000000002,12,919.2000000000002,2opt,notBad
5487,12,919.2000000000002,12,919.2000000000002,swap,notBad
5488,12,919.2000000000002,12,919.2000000000002,2opt,improve
5489,12,919.2000000000002,12,919.2000000000002,move,improve
5490,12,919.2000000000002,12,919.2000000000002,swap,notBad
5491,12,919.2000000000002,12,919.2000000000002,2opt,notBad
5492,12,919.2000000000002,12,919.2000000000002,2opt,notBad
5493,12,919.2000000000002,12,919.2000000000002,move,improve
5494,12,919.2000000000002,12,919.2000000000002,move,improve
5495,12,919.2000000000002,12,919.2000000000002,2opt,improve
5496,12,919.2000000000002,12,919.2000000000002,2opt,improve
5497,12,919.2000000000002,12,919.2000000000002,swap,notBad
5498,12,919.2000000000002,12,919.2000000000002,2opt,notBad
5499,12,919.2000000000002,12,919.2000000000002,swap,notBad
5500,12,919.2000000000002,12,919.2000000000002,swap,notBad
5501,12,919.2000000000002,12,919.2000000000002,move,improve
5502,12,919.2000000000002,12,919.2000000000002,2opt,notBad
5503,12,919.2000000000002,12,919.2000000000002,swap,notBad
5504,12,919.2000000000002,12,919.2000000000002,swap,notBad
5505,12,919.2000000000002,12,919.2000000000002,2opt,notBad
5506,12,919.2000000000002,12,919.2000000000002,2opt,notBad
5507,12,919.2000000000002,12,919.2000000000002,2opt,notBad
5508,12,919.2000000000002,12,919.2000000000002,move,improve
5509,12,919.2000000000002,12,919.2000000000002,2opt,notBad
5510,12,919.2000000000002,12,919.2000000000002,2opt,notBad
5511,12,919.2000000000002,12,919.2000000000002,swap,notBad
5512,12,919.2000000000002,12,919.2000000000002,2opt,notBad
5513,12,919.2000000000002,12,919.2000000000002,2opt,notBad
5514,12,919.2000000000002,12,919.2000000000002,swap,notBad
5515,12,919.2000000000002,12,919.2000000000002,swap,notBad
5516,12,919.2000000000002,12,919.2000000000002,move,improve
5517,12,919.2000000000002,12,919.2000000000002,swap,notBad
5518,12,919.2000000000002,12,919.2000000000002,move,improve
5519,12,919.2000000000002,12,919.2000000000002,swap,notBad
5520,12,919.2000000000002,12,919.2000000000002,swap,notBad
5521,12,919.2000000000002,12,919.2000000000002,move,improve
5522,12,919.2000000000002,12,919.2000000000002,move,improve
5523,12,919.2000000000002,12,919.2000000000002,swap,notBad
5524,12,919.2000000000002,12,919.2000000000002,move,improve
5525,12,919.2000000000002,12,919.2000000000002,move,improve
5526,12,919.2000000000002,12,919.2000000000002,swap,notBad
5527,12,919.2000000000002,12,919.2000000000002,swap,notBad
5528,12,919.2000000000002,12,919.2000000000002,2opt,notBad
5529,12,919.2000000000002,12,919.2000000000002,2opt,notBad
5530,12,919.2000000000002,12,919.2000000000002,2opt,notBad
5531,12,919.2000000000002,12,919.2000000000002,2opt,notBad
5532,12,919.2000000000002,12,919.2000000000002,move,improve
5533,12,919.2000000000002,12,919.2000000000002,swap,notBad
5534,12,919.2000000000002,12,919.2000000000002,move,improve
5535,12,919.2000000000002,12,919.2000000000002,swap,notBad
5536,12,919.2000000000002,12,919.2000000000002,move,improve
5537,12,919.2000000000002,12,919.2000000000002,move,improve
5538,12,919.2000000000002,12,919.2000000000002,move,improve
5539,12,919.2000000000002,12,919.2000000000002,2opt,notBad
5540,12,919.2000000000002,12,919.2000000000002,2opt,notBad
5541,12,919.2000000000002,12,919.2000000000002,move,improve
5542,12,919.2000000000002,12,919.2000000000002,move,improve
5543,12,919.2000000000002,12,919.2000000000002,move,improve
5544,12,919.2000000000002,12,919.2000000000002,2opt,improve
5545,12,919.2000000000002,12,919.2000000000002,swap,notBad
5546,12,919.2000000000002,12,919.2000000000002,swap,notBad
5547,12,919.2000000000002,12,919.2000000000002,2opt,notBad
5548,12,919.2000000000002,12,919.2000000000002,2opt,notBad
5549,12,919.2000000000002,12,919.2000000000002,2opt,improve
5550,12,919.2000000000002,12,919.2000000000002,swap,notBad
5551,12,919.2000000000002,12,919.2000000000002,move,improve
5552,12,919.2000000000002,12,919.2000000000002,2opt,notBad
5553,12,919.2000000000002,12,919.2000000000002,move,improve
5554,12,919.2000000000002,12,919.2000000000002,swap,notBad
5555,12,919.2000000000002,12,919.2000000000002,move,improve
5556,12,919.2000000000002,12,919.2000000000002,2opt,notBad
5557,12,925.5000000000002,12,919.2000000000002,swap,acceptBad
5558,12,925.5000000000002,12,919.2000000000002,swap,notBad
5559,12,925.5000000000002,12,919.2000000000002,2opt,notBad
5560,12,925.5000000000002,12,919.2000000000002,move,improve
5561,12,925.5000000000002,12,919.2000000000002,swap,notBad
5562,12,925.5000000000002,12,919.2000000000002,swap,notBad
5563,12,925.5000000000002,12,919.2000000000002,swap,notBad
5564,12,925.5000000000002,12,919.2000000000002,swap,notBad
5565,12,925.5000000000002,12,919.2000000000002,move,improve
5566,12,925.5000000000002,12,919.2000000000002,2opt,notBad
5567,12,925.5000000000002,12,919.2000000000002,move,improve
5568,12,925.5000000000002,12,919.2000000000002,move,improve
5569,12,925.5000000000002,12,919.2000000000002,move,improve
5570,12,925.5000000000002,12,919.2000000000002,swap,notBad
5571,12,925.5000000000002,12,919.2000000000002,swap,notBad
5572,12,925.5000000000002,12,919.2000000000002,2opt,notBad
5573,12,925.5000000000002,12,919.2000000000002,swap,notBad
5574,12,925.5000000000002,12,919.2000000000002,swap,notBad
5575,12,925.5000000000002,12,919.2000000000002,swap,notBad
5576,12,925.5000000000002,12,919.2000000000002,2opt,notBad
5577,12,925.5000000000002,12,919.2000000000002,move,improve
5578,12,925.5000000000002,12,919.2000000000002,move,improve
5579,12,925.5000000000002,12,919.2000000000002,2opt,notBad
5580,12,925.5000000000002,12,919.2000000000002,move,improve
5581,12,925.5000000000002,12,919.2000000000002,swap,notBad
5582,12,925.5000000000002,12,919.2000000000002,swap,notBad
5583,12,925.5000000000002,12,919.2000000000002,swap,notBad
5584,12,925.5000000000002,12,919.2000000000002,2opt,notBad
5585,12,925.5000000000002,12,919.2000000000002,move,improve
5586,12,925.5000000000002,12,919.2000000000002,swap,notBad
5587,12,925.5000000000002,12,919.2000000000002,move,improve
5588,12,925.5000000000002,12,919.2000000000002,2opt,improve
5589,12,925.5000000000002,12,919.2000000000002,move,improve
5590,12,925.5000000000002,12,919.2000000000002,swap,notBad
5591,12,925.5000000000002,12,919.2000000000002,move,improve
5592,12,925.5000000000002,12,919.2000000000002,swap,notBad
5593,12,925.5000000000002,12,919.2000000000002,swap,notBad
5594,12,925.5000000000002,12,919.2000000000002,swap,notBad
5595,12,925.5000000000002,12,919.2000000000002,2opt,notBad
5596,12,925.5000000000002,12,919.2000000000002,2opt,notBad
5597,12,925.5000000000002,12,919.2000000000002,swap,notBad
5598,12,925.5000000000002,12,919.2000000000002,2opt,improve
5599,12,925.5000000000002,12,919.2000000000002,move,improve
5600,12,925.5000000000002,12,919.2000000000002,swap,notBad
5601,12,925.5000000000002,12,919.2000000000002,2opt,notBad
5602,12,925.5000000000002,12,919.2000000000002,2opt,notBad
5603,12,925.5000000000002,12,919.2000000000002,move,improve
5604,12,925.5000000000002,12,919.2000000000002,2opt,notBad
5605,12,925.5000000000002,12,919.2000000000002,2opt,improve
5606,12,925.5000000000002,12,919.2000000000002,swap,notBad
5607,12,925.5000000000002,12,919.2000000000002,swap,notBad
5608,12,925.5000000000002,12,919.2000000000002,move,improve
5609,12,925.5000000000002,12,919.2000000000002,swap,notBad
5610,12,925.5000000000002,12,919.2000000000002,swap,notBad
5611,12,925.5000000000002,12,919.2000000000002,2opt,notBad
5612,12,925.5000000000002,12,919.2000000000002,move,improve
5613,12,925.5000000000002,12,919.2000000000002,swap,notBad
5614,12,925.5000000000002,12,919.2000000000002,move,improve
5615,12,925.5000000000002,12,919.2000000000002,2opt,notBad
5616,12,925.5000000000002,12,919.2000000000002,2opt,notBad
5617,12,925.5000000000002,12,919.2000000000002,2opt,notBad
5618,12,925.5000000000002,12,919.2000000000002,2opt,notBad
5619,12,925.5000000000002,12,919.2000000000002,2opt,notBad
5620,12,925.5000000000002,12,919.2000000000002,move,improve
5621,12,925.5000000000002,12,919.2000000000002,swap,notBad
5622,12,925.5000000000002,12,919.2000000000002,swap,notBad
5623,12,925.5000000000002,12,919.2000000000002,swap,notBad
5624,12,925.5000000000002,12,919.2000000000002,move,improve
5625,12,925.5000000000002,12,919.2000000000002,swap,notBad
5626,12,925.5000000000002,12,919.2000000000002,2opt,notBad
5627,12,925.5000000000002,12,919.2000000000002,2opt,improve
5628,12,925.5000000000002,12,919.2000000000002,move,improve
5629,12,925.5000000000002,12,919.2000000000002,2opt,notBad
5630,12,925.5000000000002,12,919.2000000000002,move,improve
5631,12,925.5000000000002,12,919.2000000000002,move,improve
5632,12,925.5000000000002,12,919.2000000000002,swap,notBad
5633,12,925.5000000000002,12,919.2000000000002,swap,notBad
5634,12,925.5000000000002,12,919.2000000000002,2opt,notBad
5635,12,925.5000000000002,12,919.2000000000002,2opt,notBad
5636,12,925.5000000000002,12,919.2000000000002,2opt,notBad
5637,12,925.5000000000002,12,919.2000000000002,move,improve
5638,12,925.5000000000002,12,919.2000000000002,2opt,notBad
5639,12,925.5000000000002,12,919.2000000000002,swap,notBad
5640,12,925.5000000000002,12,919.2000000000002,swap,notBad
5641,12,925.5000000000002,12,919.2000000000002,move,improve
5642,12,925.5000000000002,12,919.2000000000002,2opt,improve
5643,12,925.5000000000002,12,919.2000000000002,2opt,improve
5644,12,925.5000000000002,12,919.2000000000002,swap,notBad
5645,12,925.5000000000002,12,919.2000000000002,2opt,notBad
5646,12,925.5000000000002,12,919.2000000000002,move,improve
5647,12,925.5000000000002,12,919.2000000000002,2opt,notBad
5648,12,925.5000000000002,12,919.2000000000002,move,improve
5649,12,925.5000000000002,12,919.2000000000002,2opt,improve
5650,12,925.5000000000002,12,919.2000000000002,swap,notBad
5651,12,925.5000000000002,12,919.2000000000002,swap,notBad
5652,12,925.5000000000002,12,919.2000000000002,move,improve
5653,12,925.5000000000002,12,919.2000000000002,2opt,improve
5654,12,925.5000000000002,12,919.2000000000002,2opt,notBad
5655,12,925.5000000000002,12,919.2000000000002,swap,notBad
5656,12,925.5000000000002,12,919.2000000000002,2opt,notBad
5657,12,925.5000000000002,12,919.2000000000002,move,improve
5658,12,925.5000000000002,12,919.2000000000002,swap,notBad
5659,12,925.5000000000002,12,919.2000000000002,move,improve
5660,12,925.5000000000002,12,919.2000000000002,2opt,notBad
5661,12,925.5000000000002,12,919.2000000000002,2opt,notBad
5662,12,925.5000000000002,12,919.2000000000002,2opt,notBad
5663,12,925.5000000000002,12,919.2000000000002,move,improve
5664,12,925.5000000000002,12,919.2000000000002,swap,notBad
5665,12,925.5000000000002,12,919.2000000000002,swap,notBad
5666,12,925.5000000000002,12,919.2000000000002,swap,notBad
5667,12,925.5000000000002,12,919.2000000000002,2opt,notBad
5668,12,925.5000000000002,12,919.2000000000002,move,improve
5669,12,925.5000000000002,12,919.2000000000002,move,improve
5670,12,925.5000000000002,12,919.2000000000002,swap,notBad
5671,12,925.5000000000002,12,919.2000000000002,swap,notBad
5672,12,925.5000000000002,12,919.2000000000002,2opt,notBad
5673,12,925.5000000000002,12,919.2000000000002,swap,notBad
5674,12,925.5000000000002,12,919.2000000000002,2opt,notBad
5675,12,925.5000000000002,12,919.2000000000002,2opt,improve
5676,12,925.5000000000002,12,919.2000000000002,2opt,notBad
5677,12,930.3000000000002,12,919.2000000000002,swap,acceptBad
5678,12,930.3000000000002,12,919.2000000000002,2opt,notBad
5679,12,930.3000000000002,12,919.2000000000002,move,improve
5680,12,930.3000000000002,12,919.2000000000002,swap,notBad
5681,12,930.3000000000002,12,919.2000000000002,swap,notBad
5682,12,930.3000000000002,12,919.2000000000002,2opt,notBad
5683,12,930.3000000000002,12,919.2000000000002,swap,notBad
5684,12,930.3000000000002,12,919.2000000000002,2opt,notBad
5685,12,930.3000000000002,12,919.2000000000002,move,improve
5686,12,930.3000000000002,12,919.2000000000002,move,improve
5687,12,930.3000000000002,12,919.2000000000002,swap,notBad
5688,12,930.3000000000002,12,919.2000000000002,move,improve
5689,12,930.3000000000002,12,919.2000000000002,2opt,notBad
5690,12,930.3000000000002,12,919.2000000000002,2opt,notBad
5691,12,930.3000000000002,12,919.2000000000002,2opt,notBad
5692,12,930.3000000000002,12,919.2000000000002,move,improve
5693,12,930.3000000000002,12,919.2000000000002,swap,notBad
5694,12,930.3000000000002,12,919.2000000000002,swap,notBad
5695,12,930.3000000000002,12,919.2000000000002,move,notBad
5696,12,930.3000000000002,12,919.2000000000002,move,improve
5697,12,930.3000000000002,12,919.2000000000002,swap,notBad
5698,12,930.3000000000002,12,919.2000000000002,swap,notBad
5699,12,930.3000000000002,12,919.2000000000002,2opt,notBad
5700,12,930.3000000000002,12,919.2000000000002,swap,notBad
5701,12,930.3000000000002,12,919.2000000000002,2opt,improve
5702,12,930.3000000000002,12,919.2000000000002,swap,notBad
5703,12,930.3000000000002,12,919.2000000000002,2opt,notBad
5704,12,930.3000000000002,12,919.2000000000002,swap,notBad
5705,12,930.3000000000002,12,919.2000000000002,move,improve
5706,12,930.3000000000002,12,919.2000000000002,move,improve
5707,12,930.3000000000002,12,919.2000000000002,swap,notBad
5708,12,930.3000000000002,12,919.2000000000002,2opt,notBad
5709,12,930.3000000000002,12,919.2000000000002,2opt,notBad
5710,12,930.3000000000002,12,919.2000000000002,move,improve
5711,12,930.3000000000002,12,919.2000000000002,swap,notBad
5712,12,930.3000000000002,12,919.2000000000002,move,improve
5713,12,930.3000000000002,12,919.2000000000002,swap,notBad
5714,12,930.3000000000002,12,919.2000000000002,2opt,notBad
5715,12,930.3000000000002,12,919.2000000000002,move,improve
5716,12,930.3000000000002,12,919.2000000000002,2opt,improve
5717,12,930.3000000000002,12,919.2000000000002,swap,notBad
5718,12,930.3000000000002,12,919.2000000000002,2opt,notBad
5719,12,930.3000000000002,12,919.2000000000002,swap,notBad
5720,12,930.3000000000002,12,919.2000000000002,swap,notBad
5721,12,930.3000000000002,12,919.2000000000002,2opt,improve
5722,12,930.3000000000002,12,919.2000000000002,swap,notBad
5723,12,930.3000000000002,12,919.2000000000002,2opt,improve
5724,12,930.3000000000002,12,919.2000000000002,2opt,notBad
5725,12,930.3000000000002,12,919.2000000000002,move,improve
5726,12,930.3000000000002,12,919.2000000000002,swap,notBad
5727,12,930.3000000000002,12,919.2000000000002,move,improve
5728,12,930.3000000000002,12,919.2000000000002,swap,notBad
5729,12,930.3000000000002,12,919.2000000000002,move,improve
5730,12,930.3000000000002,12,919.2000000000002,2opt,notBad
5731,12,930.3000000000002,12,919.2000000000002,move,improve
5732,12,930.3000000000002,12,919.2000000000002,2opt,notBad
5733,12,930.3000000000002,12,919.2000000000002,swap,notBad
5734,12,930.3000000000002,12,919.2000000000002,move,improve
5735,12,930.3000000000002,12,919.2000000000002,swap,notBad
5736,12,925.5000000000002,12,919.2000000000002,swap,improve
5737,12,925.5000000000002,12,919.2000000000002,swap,notBad
5738,12,925.5000000000002,12,919.2000000000002,2opt,notBad
5739,12,925.5000000000002,12,919.2000000000002,move,improve
5740,12,925.5000000000002,12,919.2000000000002,2opt,notBad
5741,12,925.5000000000002,12,919.2000000000002,2opt,notBad
5742,12,925.5000000000002,12,919.2000000000002,swap,notBad
5743,12,925.5000000000002,12,919.2000000000002,move,improve
5744,12,925.5000000000002,12,919.2000000000002,swap,notBad
5745,12,925.5000000000002,12,919.2000000000002,swap,notBad
5746,12,925.5000000000002,12,919.2000000000002,swap,notBad
5747,12,925.5000000000002,12,919.2000000000002,2opt,improve
5748,12,925.5000000000002,12,919.2000000000002,swap,notBad
5749,12,925.5000000000002,12,919.2000000000002,move,notBad
5750,12,925.5000000000002,12,919.2000000000002,move,improve
5751,12,925.5000000000002,12,919.2000000000002,move,improve
5752,12,925.5000000000002,12,919.2000000000002,move,improve
5753,12,925.5000000000002,12,919.2000000000002,swap,notBad
5754,12,925.5000000000002,12,919.2000000000002,move,improve
5755,12,925.5000000000002,12,919.2000000000002,swap,notBad
5756,12,925.5000000000002,12,919.2000000000002,swap,notBad
5757,12,925.5000000000002,12,919.2000000000002,swap,notBad
5758,12,925.5000000000002,12,919.2000000000002,2opt,notBad
5759,12,925.5000000000002,12,919.2000000000002,swap,notBad
5760,12,925.5000000000002,12,919.2000000000002,2opt,notBad
5761,12,925.5000000000002,12,919.2000000000002,move,improve
5762,12,925.5000000000002,12,919.2000000000002,move,improve
5763,12,925.5000000000002,12,919.2000000000002,2opt,notBad
5764,12,925.5000000000002,12,919.2000000000002,2opt,notBad
5765,12,925.5000000000002,12,919.2000000000002,2opt,notBad
5766,12,925.5000000000002,12,919.2000000000002,2opt,notBad
5767,12,925.5000000000002,12,919.2000000000002,swap,notBad
5768,12,925.5000000000002,12,919.2000000000002,swap,notBad
5769,12,925.5000000000002,12,919.2000000000002,swap,notBad
5770,12,925.5000000000002,12,919.2000000000002,2opt,notBad
5771,12,925.5000000000002,12,919.2000000000002,swap,notBad
5772,12,925.5000000000002,12,919.2000000000002,swap,notBad
5773,12,925.5000000000002,12,919.2000000000002,2opt,improve
5774,12,925.5000000000002,12,919.2000000000002,swap,notBad
5775,12,925.5000000000002,12,919.2000000000002,move,improve
5776,12,925.5000000000002,12,919.2000000000002,swap,notBad
5777,12,925.5000000000002,12,919.2000000000002,move,improve
5778,12,919.2000000000002,12,919.2000000000002,swap,improve
5779,12,919.2000000000002,12,919.2000000000002,move,improve
5780,12,919.2000000000002,12,919.2000000000002,2opt,notBad
5781,12,919.2000000000002,12,919.2000000000002,2opt,notBad
5782,12,919.2000000000002,12,919.2000000000002,swap,notBad
5783,12,919.2000000000002,12,919.2000000000002,2opt,improve
5784,12,919.2000000000002,12,919.2000000000002,move,improve
5785,12,919.2000000000002,12,919.2000000000002,move,improve
5786,12,919.2000000000002,12,919.2000000000002,swap,notBad
5787,12,919.2000000000002,12,919.2000000000002,swap,notBad
5788,12,919.2000000000002,12,919.2000000000002,move,improve
5789,12,919.2000000000002,12,919.2000000000002,swap,notBad
5790,12,919.2000000000002,12,919.2000000000002,move,improve
5791,12,919.2000000000002,12,919.2000000000002,2opt,notBad
5792,12,919.2000000000002,12,919.2000000000002,move,improve
5793,12,919.2000000000002,12,919.2000000000002,swap,notBad
5794,12,919.2000000000002,12,919.2000000000002,move,improve
5795,12,919.2000000000002,12,919.2000000000002,2opt,notBad
5796,12,919.2000000000002,12,919.2000000000002,swap,notBad
5797,12,919.2000000000002,12,919.2000000000002,move,improve
5798,12,919.2000000000002,12,919.2000000000002,move,improve
5799,12,919.2000000000002,12,919.2000000000002,2opt,notBad
5800,12,919.2000000000002,12,919.2000000000002,move,improve
5801,12,919.2000000000002,12,919.2000000000002,move,improve
5802,12,919.2000000000002,12,919.2000000000002,2opt,improve
5803,12,919.2000000000002,12,919.2000000000002,2opt,notBad
5804,12,919.2000000000002,12,919.2000000000002,2opt,notBad
5805,12,919.2000000000002,12,919.2000000000002,swap,notBad
5806,12,919.2000000000002,12,919.2000000000002,2opt,notBad
5807,12,919.2000000000002,12,919.2000000000002,swap,notBad
5808,12,919.2000000000002,12,919.2000000000002,swap,notBad
5809,12,919.2000000000002,12,919.2000000000002,move,improve
5810,12,919.2000000000002,12,919.2000000000002,move,improve
5811,12,919.2000000000002,12,919.2000000000002,move,improve
5812,12,919.2000000000002,12,919.2000000000002,swap,notBad
5813,12,919.2000000000002,12,919.2000000000002,2opt,notBad
5814,12,919.2000000000002,12,919.2000000000002,2opt,notBad
5815,12,919.2000000000002,12,919.2000000000002,move,improve
5816,12,919.2000000000002,12,919.2000000000002,move,improve
5817,12,919.2000000000002,12,919.2000000000002,2opt,notBad
5818,12,919.2000000000002,12,919.2000000000002,2opt,notBad
5819,12,919.2000000000002,12,919.2000000000002,2opt,notBad
5820,12,919.2000000000002,12,919.2000000000002,swap,notBad
5821,12,919.2000000000002,12,919.2000000000002,swap,notBad
5822,12,919.2000000000002,12,919.2000000000002,2opt,improve
5823,12,919.2000000000002,12,919.2000000000002,2opt,notBad
5824,12,919.2000000000002,12,919.2000000000002,move,improve
5825,12,919.2000000000002,12,919.2000000000002,move,improve
5826,12,919.2000000000002,12,919.2000000000002,2opt,notBad
5827,12,919.2000000000002,12,919.2000000000002,2opt,notBad
5828,12,919.2000000000002,12,919.2000000000002,move,improve
5829,12,919.2000000000002,12,919.2000000000002,2opt,notBad
5830,12,919.2000000000002,12,919.2000000000002,2opt,improve
5831,12,919.2000000000002,12,919.2000000000002,2opt,notBad
5832,12,919.2000000000002,12,919.2000000000002,swap,notBad
5833,12,919.2000000000002,12,919.2000000000002,2opt,notBad
5834,12,919.2000000000002,12,919.2000000000002,move,improve
5835,12,919.2000000000002,12,919.2000000000002,move,improve
5836,12,919.2000000000002,12,919.2000000000002,2opt,notBad
5837,12,919.2000000000002,12,919.2000000000002,swap,notBad
5838,12,919.2000000000002,12,919.2000000000002,move,improve
5839,12,919.2000000000002,12,919.2000000000002,move,improve
5840,12,919.2000000000002,12,919.2000000000002,swap,notBad
5841,12,919.2000000000002,12,919.2000000000002,swap,improve
5842,12,919.2000000000002,12,919.2000000000002,move,improve
5843,12,919.2000000000002,12,919.2000000000002,swap,notBad
5844,12,919.2000000000002,12,919.2000000000002,move,improve
5845,12,919.2000000000002,12,919.2000000000002,2opt,improve
5846,12,919.2000000000002,12,919.2000000000002,2opt,notBad
5847,12,919.2000000000002,12,919.2000000000002,swap,notBad
5848,12,919.2000000000002,12,919.2000000000002,swap,notBad
5849,12,919.2000000000002,12,919.2000000000002,swap,notBad
5850,12,919.2000000000002,12,919.2000000000002,2opt,notBad
5851,12,919.2000000000002,12,919.2000000000002,swap,notBad
5852,12,919.2000000000002,12,919.2000000000002,2opt,improve
5853,12,919.2000000000002,12,919.2000000000002,move,improve
5854,12,919.2000000000002,12,919.2000000000002,swap,notBad
5855,12,919.2000000000002,12,919.2000000000002,swap,notBad
5856,12,919.2000000000002,12,919.2000000000002,move,improve
5857,12,919.2000000000002,12,919.2000000000002,2opt,improve
5858,12,919.2000000000002,12,919.2000000000002,swap,notBad
5859,12,919.2000000000002,12,919.2000000000002,swap,notBad
5860,12,919.2000000000002,12,919.2000000000002,2opt,improve
5861,12,919.2000000000002,12,919.2000000000002,move,improve
5862,12,919.2000000000002,12,919.2000000000002,swap,notBad
5863,12,919.2000000000002,12,919.2000000000002,move,improve
5864,12,919.2000000000002,12,919.2000000000002,2opt,notBad
5865,12,919.2000000000002,12,919.2000000000002,2opt,improve
5866,12,919.2000000000002,12,919.2000000000002,2opt,notBad
5867,12,919.2000000000002,12,919.2000000000002,move,improve
5868,12,919.2000000000002,12,919.2000000000002,move,improve
5869,12,919.2000000000002,12,919.2000000000002,swap,notBad
5870,12,919.2000000000002,12,919.2000000000002,swap,notBad
5871,12,919.2000000000002,12,919.2000000000002,move,improve
5872,12,919.2000000000002,12,919.2000000000002,move,improve
5873,12,919.2000000000002,12,919.2000000000002,move,improve
5874,12,919.2000000000002,12,919.2000000000002,move,improve
5875,12,919.2000000000002,12,919.2000000000002,swap,notBad
5876,12,919.2000000000002,12,919.2000000000002,swap,notBad
5877,12,919.2000000000002,12,919.2000000000002,2opt,notBad
5878,12,919.2000000000002,12,919.2000000000002,swap,notBad
5879,12,919.2000000000002,12,919.2000000000002,move,improve
5880,12,919.2000000000002,12,919.2000000000002,swap,notBad
5881,12,919.2000000000002,12,919.2000000000002,swap,notBad
5882,12,919.2000000000002,12,919.2000000000002,move,improve
5883,12,919.2000000000002,12,919.2000000000002,move,improve
5884,12,919.2000000000002,12,919.2000000000002,2opt,notBad
5885,12,919.2000000000002,12,919.2000000000002,move,improve
5886,12,919.2000000000002,12,919.2000000000002,2opt,notBad
5887,12,919.2000000000002,12,919.2000000000002,swap,notBad
5888,12,919.2000000000002,12,919.2000000000002,swap,notBad
5889,12,919.2000000000002,12,919.2000000000002,move,improve
5890,12,919.2000000000002,12,919.2000000000002,move,improve
5891,12,919.2000000000002,12,919.2000000000002,swap,notBad
5892,12,919.2000000000002,12,919.2000000000002,swap,notBad
5893,12,919.2000000000002,12,919.2000000000002,swap,notBad
5894,12,919.2000000000002,12,919.2000000000002,2opt,notBad
5895,12,919.2000000000002,12,919.2000000000002,2opt,notBad
5896,12,919.2000000000002,12,919.2000000000002,move,improve
5897,12,919.2000000000002,12,919.2000000000002,2opt,notBad
5898,12,919.2000000000002,12,919.2000000000002,2opt,notBad
5899,12,919.2000000000002,12,919.2000000000002,move,improve
5900,12,919.2000000000002,12,919.2000000000002,move,improve
5901,12,919.2000000000002,12,919.2000000000002,2opt,notBad
5902,12,919.2000000000002,12,919.2000000000002,move,improve
5903,12,919.2000000000002,12,919.2000000000002,swap,notBad
5904,12,919.2000000000002,12,919.2000000000002,move,improve
5905,12,919.2000000000002,12,919.2000000000002,swap,notBad
5906,12,919.2000000000002,12,919.2000000000002,2opt,improve
5907,12,919.2000000000002,12,919.2000000000002,2opt,notBad
5908,12,919.2000000000002,12,919.2000000000002,move,improve
5909,12,919.2000000000002,12,919.2000000000002,2opt,notBad
5910,12,919.2000000000002,12,919.2000000000002,2opt,notBad
5911,12,919.2000000000002,12,919.2000000000002,move,improve
5912,12,919.2000000000002,12,919.2000000000002,swap,notBad
5913,12,919.2000000000002,12,919.2000000000002,2opt,notBad
5914,12,919.2000000000002,12,919.2000000000002,move,improve
5915,12,919.2000000000002,12,919.2000000000002,2opt,notBad
5916,12,919.2000000000002,12,919.2000000000002,move,improve
5917,12,919.2000000000002,12,919.2000000000002,2opt,notBad
5918,12,919.2000000000002,12,919.2000000000002,2opt,notBad
5919,12,919.2000000000002,12,919.2000000000002,2opt,notBad
5920,12,919.2000000000002,12,919.2000000000002,2opt,notBad
5921,12,919.2000000000002,12,919.2000000000002,swap,notBad
5922,12,919.2000000000002,12,919.2000000000002,move,improve
5923,12,919.2000000000002,12,919.2000000000002,swap,notBad
5924,12,919.2000000000002,12,919.2000000000002,move,improve
5925,12,919.2000000000002,12,919.2000000000002,2opt,notBad
5926,12,919.2000000000002,12,919.2000000000002,swap,notBad
5927,12,919.2000000000002,12,919.2000000000002,2opt,notBad
5928,12,919.2000000000002,12,919.2000000000002,swap,notBad
5929,12,919.2000000000002,12,919.2000000000002,swap,notBad
5930,12,919.2000000000002,12,919.2000000000002,swap,notBad
5931,12,919.2000000000002,12,919.2000000000002,move,improve
5932,12,919.2000000000002,12,919.2000000000002,move,improve
5933,12,919.2000000000002,12,919.2000000000002,2opt,notBad
5934,12,919.2000000000002,12,919.2000000000002,swap,notBad
5935,12,919.2000000000002,12,919.2000000000002,move,improve
5936,12,919.2000000000002,12,919.2000000000002,2opt,notBad
5937,12,919.2000000000002,12,919.2000000000002,move,improve
5938,12,919.2000000000002,12,919.2000000000002,swap,notBad
5939,12,919.2000000000002,12,919.2000000000002,swap,notBad
5940,12,919.2000000000002,12,919.2000000000002,move,improve
5941,12,919.2000000000002,12,919.2000000000002,2opt,notBad
5942,12,919.2000000000002,12,919.2000000000002,2opt,notBad
5943,12,919.2000000000002,12,919.2000000000002,swap,notBad
5944,12,919.2000000000002,12,919.2000000000002,swap,notBad
5945,12,919.2000000000002,12,919.2000000000002,2opt,notBad
5946,12,919.2000000000002,12,919.2000000000002,move,improve
5947,12,919.2000000000002,12,919.2000000000002,swap,notBad
5948,12,919.2000000000002,12,919.2000000000002,move,improve
5949,12,919.2000000000002,12,919.2000000000002,swap,notBad
5950,12,919.2000000000002,12,919.2000000000002,swap,notBad
5951,12,919.2000000000002,12,919.2000000000002,2opt,notBad
5952,12,919.2000000000002,12,919.2000000000002,2opt,improve
5953,12,919.2000000000002,12,919.2000000000002,move,improve
5954,12,919.2000000000002,12,919.2000000000002,swap,notBad
5955,12,919.2000000000002,12,919.2000000000002,2opt,notBad
5956,12,919.2000000000002,12,919.2000000000002,2opt,notBad
5957,12,919.2000000000002,12,919.2000000000002,move,improve
5958,12,919.2000000000002,12,919.2000000000002,move,notBad
5959,12,919.2000000000002,12,919.2000000000002,swap,notBad
5960,12,919.2000000000002,12,919.2000000000002,move,improve
5961,12,919.2000000000002,12,919.2000000000002,swap,notBad
5962,12,919.2000000000002,12,919.2000000000002,swap,notBad
5963,12,919.2000000000002,12,919.2000000000002,move,improve
5964,12,919.2000000000002,12,919.2000000000002,move,improve
5965,12,919.2000000000002,12,919.2000000000002,2opt,notBad
5966,12,919.2000000000002,12,919.2000000000002,move,improve
5967,12,919.2000000000002,12,919.2000000000002,swap,notBad
5968,12,919.2000000000002,12,919.2000000000002,2opt,improve
5969,12,919.2000000000002,12,919.2000000000002,2opt,notBad
5970,12,919.2000000000002,12,919.2000000000002,2opt,notBad
5971,12,919.2000000000002,12,919.2000000000002,move,improve
5972,12,919.2000000000002,12,919.2000000000002,swap,notBad
5973,12,919.2000000000002,12,919.2000000000002,2opt,notBad
5974,12,919.2000000000002,12,919.2000000000002,2opt,notBad
5975,12,919.2000000000002,12,919.2000000000002,2opt,notBad
5976,12,919.2000000000002,12,919.2000000000002,2opt,notBad
5977,12,919.2000000000002,12,919.2000000000002,2opt,notBad
5978,12,919.2000000000002,12,919.2000000000002,move,improve
5979,12,919.2000000000002,12,919.2000000000002,2opt,notBad
5980,12,919.2000000000002,12,919.2000000000002,2opt,notBad
5981,12,919.2000000000002,12,919.2000000000002,swap,notBad
5982,12,919.2000000000002,12,919.2000000000002,move,improve
5983,12,919.2000000000002,12,919.2000000000002,move,improve
5984,12,919.2000000000002,12,919.2000000000002,move,improve
5985,12,919.2000000000002,12,919.2000000000002,move,improve
5986,12,919.2000000000002,12,919.2000000000002,2opt,notBad
5987,12,919.2000000000002,12,919.2000000000002,swap,notBad
5988,12,919.2000000000002,12,919.2000000000002,2opt,notBad
5989,12,919.2000000000002,12,919.2000000000002,2opt,notBad
5990,12,919.2000000000002,12,919.2000000000002,swap,notBad
5991,12,919.2000000000002,12,919.2000000000002,2opt,improve
5992,12,919.2000000000002,12,919.2000000000002,move,improve
5993,12,919.2000000000002,12,919.2000000000002,2opt,notBad
5994,12,919.2000000000002,12,919.2000000000002,2opt,notBad
5995,12,919.2000000000002,12,919.2000000000002,2opt,notBad
5996,12,919.2000000000002,12,919.2000000000002,swap,notBad
5997,12,919.2000000000002,12,919.2000000000002,2opt,improve
5998,12,919.2000000000002,12,919.2000000000002,move,improve
5999,12,919.2000000000002,12,919.2000000000002,2opt,notBad
6000,12,919.2000000000002,12,919.2000000000002,move,improve
6001,12,919.2000000000002,12,919.2000000000002,move,improve
6002,12,919.2000000000002,12,919.2000000000002,move,improve
6003,12,919.2000000000002,12,919.2000000000002,move,improve
6004,12,919.2000000000002,12,919.2000000000002,move,improve
6005,12,919.2000000000002,12,919.2000000000002,move,improve
6006,12,919.2000000000002,12,919.2000000000002,swap,notBad
6007,12,919.2000000000002,12,919.2000000000002,2opt,notBad
6008,12,919.2000000000002,12,919.2000000000002,move,improve
6009,12,919.2000000000002,12,919.2000000000002,move,improve
6010,12,919.2000000000002,12,919.2000000000002,2opt,notBad
6011,12,919.2000000000002,12,919.2000000000002,2opt,notBad
6012,12,919.2000000000002,12,919.2000000000002,2opt,notBad
6013,12,919.2000000000002,12,919.2000000000002,2opt,notBad
6014,12,919.2000000000002,12,919.2000000000002,move,improve
6015,12,919.2000000000002,12,919.2000000000002,2opt,improve
6016,12,919.2000000000002,12,919.2000000000002,swap,notBad
6017,12,919.2000000000002,12,919.2000000000002,2opt,improve
6018,12,919.2000000000002,12,919.2000000000002,2opt,improve
6019,12,919.2000000000002,12,919.2000000000002,2opt,improve
6020,12,919.2000000000002,12,919.2000000000002,swap,notBad
6021,12,919.2000000000002,12,919.2000000000002,swap,notBad
6022,12,919.2000000000002,12,919.2000000000002,swap,notBad
6023,12,919.2000000000002,12,919.2000000000002,move,improve
6024,12,919.2000000000002,12,919.2000000000002,move,improve
6025,12,919.2000000000002,12,919.2000000000002,move,improve
6026,12,919.2000000000002,12,919.2000000000002,swap,notBad
6027,12,919.2000000000002,12,919.2000000000002,swap,notBad
6028,12,919.2000000000002,12,919.2000000000002,swap,notBad
6029,12,919.2000000000002,12,919.2000000000002,2opt,notBad
6030,12,919.2000000000002,12,919.2000000000002,move,improve
6031,12,919.2000000000002,12,919.2000000000002,swap,notBad
6032,12,919.2000000000002,12,919.2000000000002,move,improve
6033,12,919.2000000000002,12,919.2000000000002,2opt,notBad
6034,12,919.2000000000002,12,919.2000000000002,swap,notBad
6035,12,919.2000000000002,12,919.2000000000002,2opt,notBad
6036,12,919.2000000000002,12,919.2000000000002,swap,notBad
6037,12,919.2000000000002,12,919.2000000000002,2opt,notBad
6038,12,919.2000000000002,12,919.2000000000002,2opt,notBad
6039,12,919.2000000000002,12,919.2000000000002,swap,notBad
6040,12,919.2000000000002,12,919.2000000000002,move,improve
6041,12,919.2000000000002,12,919.2000000000002,move,improve
6042,12,919.2000000000002,12,919.2000000000002,swap,notBad
6043,12,919.2000000000002,12,919.2000000000002,move,improve
6044,12,919.2000000000002,12,919.2000000000002,move,improve
6045,12,919.2000000000002,12,919.2000000000002,swap,notBad
6046,12,919.2000000000002,12,919.2000000000002,2opt,notBad
6047,12,919.2000000000002,12,919.2000000000002,swap,notBad
6048,12,919.2000000000002,12,919.2000000000002,2opt,notBad
6049,12,919.2000000000002,12,919.2000000000002,move,improve
6050,12,919.2000000000002,12,919.2000000000002,move,improve
6051,12,919.2000000000002,12,919.2000000000002,move,improve
6052,12,919.2000000000002,12,919.2000000000002,swap,notBad
6053,12,919.2000000000002,12,919.2000000000002,swap,notBad
6054,12,919.2000000000002,12,919.2000000000002,2opt,improve
6055,12,919.2000000000002,12,919.2000000000002,swap,notBad
6056,12,919.2000000000002,12,919.2000000000002,2opt,notBad
6057,12,919.2000000000002,12,919.2000000000002,2opt,notBad
6058,12,919.2000000000002,12,919.2000000000002,swap,notBad
6059,12,919.2000000000002,12,919.2000000000002,swap,notBad
6060,12,919.2000000000002,12,919.2000000000002,move,improve
6061,12,919.2000000000002,12,919.2000000000002,2opt,improve
6062,12,919.2000000000002,12,919.2000000000002,swap,notBad
6063,12,919.2000000000002,12,919.2000000000002,2opt,improve
6064,12,919.2000000000002,12,919.2000000000002,2opt,notBad
6065,12,919.2000000000002,12,919.2000000000002,2opt,notBad
6066,12,919.2000000000002,12,919.2000000000002,swap,notBad
6067,12,919.2000000000002,12,919.2000000000002,swap,notBad
6068,12,919.2000000000002,12,919.2000000000002,move,improve
6069,12,919.2000000000002,12,919.2000000000002,move,improve
6070,12,919.2000000000002,12,919.2000000000002,swap,notBad
6071,12,919.2000000000002,12,919.2000000000002,swap,notBad
6072,12,919.2000000000002,12,919.2000000000002,swap,notBad
6073,12,919.2000000000002,12,919.2000000000002,2opt,notBad
6074,12,919.2000000000002,12,919.2000000000002,2opt,notBad
6075,12,919.2000000000002,12,919.2000000000002,2opt,notBad
6076,12,919.2000000000002,12,919.2000000000002,move,improve
6077,12,919.2000000000002,12,919.2000000000002,2opt,notBad
6078,12,919.2000000000002,12,919.2000000000002,move,improve
6079,12,919.2000000000002,12,919.2000000000002,swap,notBad
6080,12,919.2000000000002,12,919.2000000000002,move,improve
6081,12,919.2000000000002,12,919.2000000000002,2opt,notBad
6082,12,919.2000000000002,12,919.2000000000002,swap,notBad
6083,12,919.2000000000002,12,919.2000000000002,swap,notBad
6084,12,919.2000000000002,12,919.2000000000002,2opt,notBad
6085,12,919.2000000000002,12,919.2000000000002,move,improve
6086,12,919.2000000000002,12,919.2000000000002,swap,notBad
6087,12,919.2000000000002,12,919.2000000000002,move,improve
6088,12,919.2000000000002,12,919.2000000000002,move,improve
6089,12,919.2000000000002,12,919.2000000000002,2opt,notBad
6090,12,919.2000000000002,12,919.2000000000002,2opt,notBad
6091,12,919.2000000000002,12,919.2000000000002,swap,notBad
6092,12,919.2000000000002,12,919.2000000000002,move,improve
6093,12,919.2000000000002,12,919.2000000000002,2opt,improve
6094,12,919.2000000000002,12,919.2000000000002,move,improve
6095,12,919.2000000000002,12,919.2000000000002,move,improve
6096,12,919.2000000000002,12,919.2000000000002,move,improve
6097,12,919.2000000000002,12,919.2000000000002,move,improve
6098,12,919.2000000000002,12,919.2000000000002,swap,notBad
6099,12,919.2000000000002,12,919.2000000000002,swap,notBad
6100,12,919.2000000000002,12,919.2000000000002,swap,notBad
6101,12,919.2000000000002,12,919.2000000000002,swap,notBad
6102,12,919.2000000000002,12,919.2000000000002,2opt,notBad
6103,12,919.2000000000002,12,919.2000000000002,2opt,notBad
6104,12,919.2000000000002,12,919.2000000000002,2opt,notBad
6105,12,919.2000000000002,12,919.2000000000002,swap,notBad
6106,12,919.2000000000002,12,919.2000000000002,2opt,notBad
6107,12,919.2000000000002,12,919.2000000000002,swap,notBad
6108,12,919.2000000000002,12,919.2000000000002,move,improve
6109,12,919.2000000000002,12,919.2000000000002,move,improve
6110,12,919.2000000000002,12,919.2000000000002,swap,notBad
6111,12,919.2000000000002,12,919.2000000000002,swap,notBad
6112,12,919.2000000000002,12,919.2000000000002,2opt,notBad
6113,12,919.2000000000002,12,919.2000000000002,move,improve
6114,12,919.2000000000002,12,919.2000000000002,2opt,notBad
6115,12,919.2000000000002,12,919.2000000000002,move,improve
6116,12,919.2000000000002,12,919.2000000000002,swap,notBad
6117,12,919.2000000000002,12,919.2000000000002,2opt,notBad
6118,12,919.2000000000002,12,919.2000000000002,swap,notBad
6119,12,919.2000000000002,12,919.2000000000002,move,improve
6120,12,919.2000000000002,12,919.2000000000002,swap,notBad
6121,12,919.2000000000002,12,919.2000000000002,2opt,notBad
6122,12,919.2000000000002,12,919.2000000000002,2opt,notBad
6123,12,919.2000000000002,12,919.2000000000002,2opt,notBad
6124,12,919.2000000000002,12,919.2000000000002,2opt,notBad
6125,12,919.2000000000002,12,919.2000000000002,move,improve
6126,12,919.2000000000002,12,919.2000000000002,swap,notBad
6127,12,919.2000000000002,12,919.2000000000002,swap,notBad
6128,12,919.2000000000002,12,919.2000000000002,2opt,notBad
6129,12,919.2000000000002,12,919.2000000000002,move,improve
6130,12,919.2000000000002,12,919.2000000000002,swap,notBad
6131,12,919.2000000000002,12,919.2000000000002,swap,improve
6132,12,919.2000000000002,12,919.2000000000002,swap,notBad
6133,12,919.2000000000002,12,919.2000000000002,swap,notBad
6134,12,919.2000000000002,12,919.2000000000002,swap,notBad
6135,12,919.2000000000002,12,919.2000000000002,2opt,notBad
6136,12,919.2000000000002,12,919.2000000000002,swap,notBad
6137,12,919.2000000000002,12,919.2000000000002,swap,notBad
6138,12,919.2000000000002,12,919.2000000000002,2opt,notBad
6139,12,919.2000000000002,12,919.2000000000002,swap,notBad
6140,12,919.2000000000002,12,919.2000000000002,2opt,notBad
6141,12,919.2000000000002,12,919.2000000000002,swap,notBad
6142,12,919.2000000000002,12,919.2000000000002,2opt,notBad
6143,12,919.2000000000002,12,919.2000000000002,swap,notBad
6144,12,919.2000000000002,12,919.2000000000002,2opt,notBad
6145,12,919.2000000000002,12,919.2000000000002,2opt,notBad
6146,12,919.2000000000002,12,919.2000000000002,2opt,notBad
6147,12,919.2000000000002,12,919.2000000000002,move,improve
6148,12,919.2000000000002,12,919.2000000000002,2opt,improve
6149,12,919.2000000000002,12,919.2000000000002,swap,notBad
6150,12,919.2000000000002,12,919.2000000000002,move,improve
6151,12,919.2000000000002,12,919.2000000000002,swap,notBad
6152,12,919.2000000000002,12,919.2000000000002,move,improve
6153,12,919.2000000000002,12,919.2000000000002,2opt,improve
6154,12,919.2000000000002,12,919.2000000000002,swap,notBad
6155,12,919.2000000000002,12,919.2000000000002,swap,notBad
6156,12,919.2000000000002,12,919.2000000000002,2opt,notBad
6157,12,919.2000000000002,12,919.2000000000002,move,improve
6158,12,919.2000000000002,12,919.2000000000002,move,improve
6159,12,919.2000000000002,12,919.2000000000002,2opt,notBad
6160,12,919.2000000000002,12,919.2000000000002,move,improve
6161,12,919.2000000000002,12,919.2000000000002,move,improve
6162,12,919.2000000000002,12,919.2000000000002,2opt,notBad
6163,12,919.2000000000002,12,919.2000000000002,move,improve
6164,12,919.2000000000002,12,919.2000000000002,swap,notBad
6165,12,919.2000000000002,12,919.2000000000002,2opt,notBad
6166,12,919.2000000000002,12,919.2000000000002,2opt,notBad
6167,12,919.2000000000002,12,919.2000000000002,move,improve
6168,12,919.2000000000002,12,919.2000000000002,2opt,notBad
6169,12,919.2000000000002,12,919.2000000000002,move,improve
6170,12,919.2000000000002,12,919.2000000000002,2opt,notBad
6171,12,919.2000000000002,12,919.2000000000002,swap,notBad
6172,12,919.2000000000002,12,919.2000000000002,swap,notBad
6173,12,919.2000000000002,12,919.2000000000002,move,improve
6174,12,919.2000000000002,12,919.2000000000002,swap,notBad
6175,12,919.2000000000002,12,919.2000000000002,move,improve
6176,12,919.2000000000002,12,919.2000000000002,swap,notBad
6177,12,919.2000000000002,12,919.2000000000002,swap,notBad
6178,12,919.2000000000002,12,919.2000000000002,swap,notBad
6179,12,919.2000000000002,12,919.2000000000002,move,improve
6180,12,919.2000000000002,12,919.2000000000002,swap,notBad
6181,12,919.2000000000002,12,919.2000000000002,swap,notBad
6182,12,919.2000000000002,12,919.2000000000002,2opt,notBad
6183,12,919.2000000000002,12,919.2000000000002,move,improve
6184,12,919.2000000000002,12,919.2000000000002,2opt,notBad
6185,12,919.2000000000002,12,919.2000000000002,move,improve
6186,12,919.2000000000002,12,919.2000000000002,2opt,notBad
6187,12,919.2000000000002,12,919.2000000000002,move,improve
6188,12,919.2000000000002,12,919.2000000000002,move,improve
6189,12,919.2000000000002,12,919.2000000000002,2opt,notBad
6190,12,919.2000000000002,12,919.2000000000002,move,improve
6191,12,919.2000000000002,12,919.2000000000002,2opt,notBad
6192,12,919.2000000000002,12,919.2000000000002,move,improve
6193,12,919.2000000000002,12,919.2000000000002,swap,notBad
6194,12,919.2000000000002,12,919.2000000000002,swap,notBad
6195,12,919.2000000000002,12,919.2000000000002,2opt,notBad
6196,12,919.2000000000002,12,919.2000000000002,move,improve
6197,12,919.2000000000002,12,919.2000000000002,swap,notBad
6198,12,919.2000000000002,12,919.2000000000002,swap,notBad
6199,12,919.2000000000002,12,919.2000000000002,move,improve
6200,12,919.2000000000002,12,919.2000000000002,swap,notBad
6201,12,919.2000000000002,12,919.2000000000002,move,improve
6202,12,919.2000000000002,12,919.2000000000002,2opt,notBad
6203,12,919.2000000000002,12,919.2000000000002,2opt,improve
6204,12,919.2000000000002,12,919.2000000000002,2opt,improve
6205,12,919.2000000000002,12,919.2000000000002,2opt,improve
6206,12,919.2000000000002,12,919.2000000000002,swap,notBad
6207,12,919.2000000000002,12,919.2000000000002,swap,improve
6208,12,919.2000000000002,12,919.2000000000002,move,improve
6209,12,919.2000000000002,12,919.2000000000002,2opt,notBad
6210,12,919.2000000000002,12,919.2000000000002,swap,notBad
6211,12,919.2000000000002,12,919.2000000000002,move,improve
6212,12,919.2000000000002,12,919.2000000000002,2opt,improve
6213,12,919.2000000000002,12,919.2000000000002,swap,notBad
6214,12,919.2000000000002,12,919.2000000000002,swap,notBad
6215,12,919.2000000000002,12,919.2000000000002,move,improve
6216,12,919.2000000000002,12,919.2000000000002,2opt,notBad
6217,12,919.2000000000002,12,919.2000000000002,2opt,notBad
6218,12,919.2000000000002,12,919.2000000000002,2opt,improve
6219,12,919.2000000000002,12,919.2000000000002,move,notBad
6220,12,919.2000000000002,12,919.2000000000002,move,improve
6221,12,919.2000000000002,12,919.2000000000002,swap,notBad
6222,12,919.2000000000002,12,919.2000000000002,move,improve
6223,12,919.2000000000002,12,919.2000000000002,swap,notBad
6224,12,919.2000000000002,12,919.2000000000002,swap,notBad
6225,12,919.2000000000002,12,919.2000000000002,2opt,improve
6226,12,919.2000000000002,12,919.2000000000002,move,improve
6227,12,919.2000000000002,12,919.2000000000002,swap,notBad
6228,12,919.2000000000002,12,919.2000000000002,swap,notBad
6229,12,919.2000000000002,12,919.2000000000002,2opt,notBad
6230,12,919.2000000000002,12,919.2000000000002,swap,notBad
6231,12,919.2000000000002,12,919.2000000000002,move,improve
6232,12,919.2000000000002,12,919.2000000000002,2opt,notBad
6233,12,919.2000000000002,12,919.2000000000002,2opt,notBad
6234,12,919.2000000000002,12,919.2000000000002,2opt,notBad
6235,12,919.2000000000002,12,919.2000000000002,swap,notBad
6236,12,919.2000000000002,12,919.2000000000002,2opt,notBad
6237,12,919.2000000000002,12,919.2000000000002,swap,notBad
6238,12,919.2000000000002,12,919.2000000000002,move,improve
6239,12,919.2000000000002,12,919.2000000000002,swap,notBad
6240,12,919.2000000000002,12,919.2000000000002,swap,notBad
6241,12,919.2000000000002,12,919.2000000000002,swap,improve
6242,12,919.2000000000002,12,919.2000000000002,move,improve
6243,12,919.2000000000002,12,919.2000000000002,2opt,notBad
6244,12,919.2000000000002,12,919.2000000000002,swap,notBad
6245,12,919.2000000000002,12,919.2000000000002,move,improve
6246,12,919.2000000000002,12,919.2000000000002,move,improve
6247,12,919.2000000000002,12,919.2000000000002,swap,notBad
6248,12,919.2000000000002,12,919.2000000000002,move,improve
6249,12,919.2000000000002,12,919.2000000000002,move,improve
6250,12,919.2000000000002,12,919.2000000000002,swap,notBad
6251,12,919.2000000000002,12,919.2000000000002,move,improve
6252,12,919.2000000000002,12,919.2000000000002,2opt,improve
6253,12,919.2000000000002,12,919.2000000000002,swap,notBad
6254,12,919.2000000000002,12,919.2000000000002,2opt,notBad
6255,12,919.2000000000002,12,919.2000000000002,move,improve
6256,12,919.2000000000002,12,919.2000000000002,move,improve
6257,12,919.2000000000002,12,919.2000000000002,move,improve
6258,12,919.2000000000002,12,919.2000000000002,move,improve
6259,12,919.2000000000002,12,919.2000000000002,2opt,notBad
6260,12,919.2000000000002,12,919.2000000000002,2opt,notBad
6261,12,919.2000000000002,12,919.2000000000002,move,improve
6262,12,919.2000000000002,12,919.2000000000002,move,improve
6263,12,919.2000000000002,12,919.2000000000002,2opt,notBad
6264,12,919.2000000000002,12,919.2000000000002,2opt,notBad
6265,12,919.2000000000002,12,919.2000000000002,2opt,notBad
6266,12,919.2000000000002,12,919.2000000000002,swap,notBad
6267,12,919.2000000000002,12,919.2000000000002,move,improve
6268,12,919.2000000000002,12,919.2000000000002,swap,notBad
6269,12,919.2000000000002,12,919.2000000000002,move,improve
6270,12,919.2000000000002,12,919.2000000000002,2opt,improve
6271,12,919.2000000000002,12,919.2000000000002,swap,notBad
6272,12,919.2000000000002,12,919.2000000000002,swap,notBad
6273,12,919.2000000000002,12,919.2000000000002,move,improve
6274,12,919.2000000000002,12,919.2000000000002,swap,notBad
6275,12,919.2000000000002,12,919.2000000000002,move,improve
6276,12,919.2000000000002,12,919.2000000000002,2opt,improve
6277,12,919.2000000000002,12,919.2000000000002,swap,notBad
6278,12,919.2000000000002,12,919.2000000000002,move,improve
6279,12,919.2000000000002,12,919.2000000000002,swap,notBad
6280,12,919.2000000000002,12,919.2000000000002,swap,notBad
6281,12,919.2000000000002,12,919.2000000000002,2opt,notBad
6282,12,919.2000000000002,12,919.2000000000002,2opt,notBad
6283,12,919.2000000000002,12,919.2000000000002,swap,notBad
6284,12,919.2000000000002,12,919.2000000000002,2opt,notBad
6285,12,919.2000000000002,12,919.2000000000002,2opt,notBad
6286,12,919.2000000000002,12,919.2000000000002,move,improve
6287,12,919.2000000000002,12,919.2000000000002,2opt,notBad
6288,12,919.2000000000002,12,919.2000000000002,move,improve
6289,12,919.2000000000002,12,919.2000000000002,move,improve
6290,12,919.2000000000002,12,919.2000000000002,2opt,notBad
6291,12,919.2000000000002,12,919.2000000000002,swap,notBad
6292,12,919.2000000000002,12,919.2000000000002,2opt,notBad
6293,12,919.2000000000002,12,919.2000000000002,move,improve
6294,12,919.2000000000002,12,919.2000000000002,move,notBad
6295,12,919.2000000000002,12,919.2000000000002,swap,notBad
6296,12,919.2000000000002,12,919.2000000000002,2opt,notBad
6297,12,919.2000000000002,12,919.2000000000002,swap,notBad
6298,12,919.2000000000002,12,919.2000000000002,2opt,notBad
6299,12,919.2000000000002,12,919.2000000000002,move,improve
6300,12,919.2000000000002,12,919.2000000000002,2opt,notBad
6301,12,919.2000000000002,12,919.2000000000002,swap,notBad
6302,12,919.2000000000002,12,919.2000000000002,swap,notBad
6303,12,919.2000000000002,12,919.2000000000002,move,improve
6304,12,919.2000000000002,12,919.2000000000002,move,improve
6305,12,919.2000000000002,12,919.2000000000002,swap,notBad
6306,12,919.2000000000002,12,919.2000000000002,move,improve
6307,12,919.2000000000002,12,919.2000000000002,move,improve
6308,12,919.2000000000002,12,919.2000000000002,2opt,notBad
6309,12,919.2000000000002,12,919.2000000000002,move,improve
6310,12,919.2000000000002,12,919.2000000000002,swap,notBad
6311,12,919.2000000000002,12,919.2000000000002,2opt,notBad
6312,12,919.2000000000002,12,919.2000000000002,2opt,notBad
6313,12,919.2000000000002,12,919.2000000000002,swap,notBad
6314,12,919.2000000000002,12,919.2000000000002,move,improve
6315,12,919.2000000000002,12,919.2000000000002,move,improve
6316,12,919.2000000000002,12,919.2000000000002,swap,notBad
6317,12,919.2000000000002,12,919.2000000000002,2opt,notBad
6318,12,919.2000000000002,12,919.2000000000002,move,improve
6319,12,919.2000000000002,12,919.2000000000002,swap,notBad
6320,12,919.2000000000002,12,919.2000000000002,swap,notBad
6321,12,919.2000000000002,12,919.2000000000002,move,improve
6322,12,919.2000000000002,12,919.2000000000002,2opt,notBad
6323,12,919.2000000000002,12,919.2000000000002,2opt,notBad
6324,12,919.2000000000002,12,919.2000000000002,move,improve
6325,12,919.2000000000002,12,919.2000000000002,move,improve
6326,12,919.2000000000002,12,919.2000000000002,2opt,notBad
6327,12,919.2000000000002,12,919.2000000000002,swap,notBad
6328,12,919.2000000000002,12,919.2000000000002,move,improve
6329,12,919.2000000000002,12,919.2000000000002,2opt,notBad
6330,12,919.2000000000002,12,919.2000000000002,swap,notBad
6331,12,919.2000000000002,12,919.2000000000002,2opt,notBad
6332,12,919.2000000000002,12,919.2000000000002,move,improve
6333,12,919.2000000000002,12,919.2000000000002,swap,notBad
6334,12,919.2000000000002,12,919.2000000000002,2opt,notBad
6335,12,919.2000000000002,12,919.2000000000002,swap,notBad
6336,12,919.2000000000002,12,919.2000000000002,swap,notBad
6337,12,919.2000000000002,12,919.2000000000002,swap,notBad
6338,12,919.2000000000002,12,919.2000000000002,move,improve
6339,12,919.2000000000002,12,919.2000000000002,move,improve
6340,12,919.2000000000002,12,919.2000000000002,swap,notBad
6341,12,919.2000000000002,12,919.2000000000002,swap,notBad
6342,12,919.2000000000002,12,919.2000000000002,move,improve
6343,12,919.2000000000002,12,919.2000000000002,swap,notBad
6344,12,919.2000000000002,12,919.2000000000002,swap,notBad
6345,12,919.2000000000002,12,919.2000000000002,move,improve
6346,12,919.2000000000002,12,919.2000000000002,2opt,notBad
6347,12,919.2000000000002,12,919.2000000000002,2opt,notBad
6348,12,919.2000000000002,12,919.2000000000002,2opt,improve
6349,12,919.2000000000002,12,919.2000000000002,swap,notBad
6350,12,919.2000000000002,12,919.2000000000002,move,improve
6351,12,919.2000000000002,12,919.2000000000002,2opt,notBad
6352,12,919.2000000000002,12,919.2000000000002,move,improve
6353,12,919.2000000000002,12,919.2000000000002,2opt,notBad
6354,12,919.2000000000002,12,919.2000000000002,move,improve
6355,12,919.2000000000002,12,919.2000000000002,swap,notBad
6356,12,919.2000000000002,12,919.2000000000002,2opt,notBad
6357,12,919.2000000000002,12,919.2000000000002,2opt,notBad
6358,12,919.2000000000002,12,919.2000000000002,move,improve
6359,12,919.2000000000002,12,919.2000000000002,move,improve
6360,12,919.2000000000002,12,919.2000000000002,2opt,notBad
6361,12,919.2000000000002,12,919.2000000000002,2opt,notBad
6362,12,919.2000000000002,12,919.2000000000002,move,improve
6363,12,919.2000000000002,12,919.2000000000002,move,improve
6364,12,919.2000000000002,12,919.2000000000002,swap,notBad
6365,12,919.2000000000002,12,919.2000000000002,2opt,notBad
6366,12,919.2000000000002,12,919.2000000000002,move,improve
6367,12,919.2000000000002,12,919.2000000000002,move,notBad
6368,12,919.2000000000002,12,919.2000000000002,swap,notBad
6369,12,919.2000000000002,12,919.2000000000002,2opt,notBad
6370,12,919.2000000000002,12,919.2000000000002,move,improve
6371,12,919.2000000000002,12,919.2000000000002,2opt,notBad
6372,12,919.2000000000002,12,919.2000000000002,swap,notBad
6373,12,919.2000000000002,12,919.2000000000002,swap,notBad
6374,12,919.2000000000002,12,919.2000000000002,swap,notBad
6375,12,919.2000000000002,12,919.2000000000002,swap,notBad
6376,12,919.2000000000002,12,919.2000000000002,move,improve
6377,12,919.2000000000002,12,919.2000000000002,2opt,notBad
6378,12,919.2000000000002,12,919.2000000000002,2opt,notBad
6379,12,919.2000000000002,12,919.2000000000002,swap,notBad
6380,12,919.2000000000002,12,919.2000000000002,move,improve
6381,12,919.2000000000002,12,919.2000000000002,move,improve
6382,12,919.2000000000002,12,919.2000000000002,2opt,notBad
6383,12,919.2000000000002,12,919.2000000000002,move,improve
6384,12,919.2000000000002,12,919.2000000000002,2opt,notBad
6385,12,919.2000000000002,12,919.2000000000002,move,improve
6386,12,919.2000000000002,12,919.2000000000002,move,improve
6387,12,919.2000000000002,12,919.2000000000002,swap,notBad
6388,12,919.2000000000002,12,919.2000000000002,move,improve
6389,12,919.2000000000002,12,919.2000000000002,swap,notBad
6390,12,919.2000000000002,12,919.2000000000002,move,improve
6391,12,919.2000000000002,12,919.2000000000002,move,improve
6392,12,919.2000000000002,12,919.2000000000002,2opt,improve
6393,12,919.2000000000002,12,919.2000000000002,move,improve
6394,12,919.2000000000002,12,919.2000000000002,2opt,notBad
6395,12,919.2000000000002,12,919.2000000000002,swap,notBad
6396,12,919.2000000000002,12,919.2000000000002,move,improve
6397,12,919.2000000000002,12,919.2000000000002,move,improve
6398,12,919.2000000000002,12,919.2000000000002,swap,notBad
6399,12,919.2000000000002,12,919.2000000000002,2opt,notBad
6400,12,919.2000000000002,12,919.2000000000002,2opt,notBad
6401,12,919.2000000000002,12,919.2000000000002,2opt,notBad
6402,12,919.2000000000002,12,919.2000000000002,2opt,notBad
6403,12,919.2000000000002,12,919.2000000000002,move,improve
6404,12,919.2000000000002,12,919.2000000000002,move,improve
6405,12,919.2000000000002,12,919.2000000000002,2opt,notBad
6406,12,919.2000000000002,12,919.2000000000002,2opt,improve
6407,12,919.2000000000002,12,919.2000000000002,move,improve
6408,12,919.2000000000002,12,919.2000000000002,move,improve
6409,12,919.2000000000002,12,919.2000000000002,2opt,notBad
6410,12,919.2000000000002,12,919.2000000000002,move,improve
6411,12,919.2000000000002,12,919.2000000000002,move,improve
6412,12,919.2000000000002,12,919.2000000000002,2opt,notBad
6413,12,919.2000000000002,12,919.2000000000002,2opt,notBad
6414,12,919.2000000000002,12,919.2000000000002,2opt,notBad
6415,12,919.2000000000002,12,919.2000000000002,move,improve
6416,12,919.2000000000002,12,919.2000000000002,move,improve
6417,12,919.2000000000002,12,919.2000000000002,move,improve
6418,12,919.2000000000002,12,919.2000000000002,2opt,notBad
6419,12,919.2000000000002,12,919.2000000000002,move,improve
6420,12,919.2000000000002,12,919.2000000000002,2opt,notBad
6421,12,919.2000000000002,12,919.2000000000002,2opt,notBad
6422,12,919.2000000000002,12,919.2000000000002,2opt,notBad
6423,12,919.2000000000002,12,919.2000000000002,move,improve
6424,12,919.2000000000002,12,919.2000000000002,move,improve
6425,12,919.2000000000002,12,919.2000000000002,2opt,notBad
6426,12,919.2000000000002,12,919.2000000000002,move,improve
6427,12,919.2000000000002,12,919.2000000000002,move,improve
6428,12,919.2000000000002,12,919.2000000000002,swap,notBad
6429,12,919.2000000000002,12,919.2000000000002,move,improve
6430,12,919.2000000000002,12,919.2000000000002,2opt,notBad
6431,12,919.2000000000002,12,919.2000000000002,2opt,notBad
6432,12,919.2000000000002,12,919.2000000000002,2opt,notBad
6433,12,919.2000000000002,12,919.2000000000002,move,improve
6434,12,919.2000000000002,12,919.2000000000002,move,improve
6435,12,919.2000000000002,12,919.2000000000002,2opt,notBad
6436,12,919.2000000000002,12,919.2000000000002,swap,notBad
6437,12,919.2000000000002,12,919.2000000000002,swap,notBad
6438,12,919.2000000000002,12,919.2000000000002,2opt,notBad
6439,12,919.2000000000002,12,919.2000000000002,2opt,improve
6440,12,919.2000000000002,12,919.2000000000002,2opt,notBad
6441,12,919.2000000000002,12,919.2000000000002,swap,notBad
6442,12,919.2000000000002,12,919.2000000000002,move,improve
6443,12,919.2000000000002,12,919.2000000000002,move,improve
6444,12,919.2000000000002,12,919.2000000000002,swap,notBad
6445,12,919.2000000000002,12,919.2000000000002,2opt,notBad
6446,12,919.2000000000002,12,919.2000000000002,2opt,notBad
6447,12,919.2000000000002,12,919.2000000000002,move,improve
6448,12,919.2000000000002,12,919.2000000000002,move,improve
6449,12,919.2000000000002,12,919.2000000000002,2opt,improve
6450,12,919.2000000000002,12,919.2000000000002,swap,notBad
6451,12,919.2000000000002,12,919.2000000000002,2opt,notBad
6452,12,919.2000000000002,12,919.2000000000002,2opt,notBad
6453,12,919.2000000000002,12,919.2000000000002,2opt,improve
6454,12,919.2000000000002,12,919.2000000000002,move,improve
6455,12,919.2000000000002,12,919.2000000000002,swap,notBad
6456,12,919.2000000000002,12,919.2000000000002,swap,notBad
6457,12,919.2000000000002,12,919.2000000000002,swap,notBad
6458,12,919.2000000000002,12,919.2000000000002,move,improve
6459,12,919.2000000000002,12,919.2000000000002,2opt,notBad
6460,12,919.2000000000002,12,919.2000000000002,move,improve
6461,12,919.2000000000002,12,919.2000000000002,2opt,notBad
6462,12,919.2000000000002,12,919.2000000000002,swap,notBad
6463,12,919.2000000000002,12,919.2000000000002,move,improve
6464,12,919.2000000000002,12,919.2000000000002,move,improve
6465,12,919.2000000000002,12,919.2000000000002,move,improve
6466,12,919.2000000000002,12,919.2000000000002,swap,notBad
6467,12,919.2000000000002,12,919.2000000000002,2opt,notBad
6468,12,919.2000000000002,12,919.2000000000002,2opt,notBad
6469,12,919.2000000000002,12,919.2000000000002,2opt,notBad
6470,12,919.2000000000002,12,919.2000000000002,2opt,notBad
6471,12,919.2000000000002,12,919.2000000000002,move,improve
6472,12,919.2000000000002,12,919.2000000000002,swap,notBad
6473,12,919.2000000000002,12,919.2000000000002,move,improve
6474,12,919.2000000000002,12,919.2000000000002,move,improve
6475,12,919.2000000000002,12,919.2000000000002,move,improve
6476,12,919.2000000000002,12,919.2000000000002,swap,notBad
6477,12,919.2000000000002,12,919.2000000000002,move,improve
6478,12,919.2000000000002,12,919.2000000000002,move,improve
6479,12,919.2000000000002,12,919.2000000000002,move,improve
6480,12,919.2000000000002,12,919.2000000000002,swap,notBad
6481,12,919.2000000000002,12,919.2000000000002,2opt,notBad
6482,12,919.2000000000002,12,919.2000000000002,2opt,notBad
6483,12,919.2000000000002,12,919.2000000000002,move,improve
6484,12,919.2000000000002,12,919.2000000000002,swap,notBad
6485,12,919.2000000000002,12,919.2000000000002,2opt,notBad
6486,12,919.2000000000002,12,919.2000000000002,2opt,notBad
6487,12,919.2000000000002,12,919.2000000000002,swap,notBad
6488,12,919.2000000000002,12,919.2000000000002,2opt,notBad
6489,12,919.2000000000002,12,919.2000000000002,2opt,improve
6490,12,919.2000000000002,12,919.2000000000002,swap,notBad
6491,12,919.2000000000002,12,919.2000000000002,move,improve
6492,12,919.2000000000002,12,919.2000000000002,2opt,notBad
6493,12,919.2000000000002,12,919.2000000000002,move,improve
6494,12,919.2000000000002,12,919.2000000000002,swap,notBad
6495,12,919.2000000000002,12,919.2000000000002,2opt,notBad
6496,12,919.2000000000002,12,919.2000000000002,2opt,notBad
6497,12,919.2000000000002,12,919.2000000000002,move,improve
6498,12,919.2000000000002,12,919.2000000000002,2opt,notBad
6499,12,919.2000000000002,12,919.2000000000002,swap,notBad
6500,12,919.2000000000002,12,919.2000000000002,2opt,notBad
6501,12,919.2000000000002,12,919.2000000000002,2opt,notBad
6502,12,919.2000000000002,12,919.2000000000002,2opt,notBad
6503,12,919.2000000000002,12,919.2000000000002,swap,notBad
6504,12,919.2000000000002,12,919.2000000000002,2opt,improve
6505,12,919.2000000000002,12,919.2000000000002,move,improve
6506,12,919.2000000000002,12,919.2000000000002,swap,notBad
6507,12,919.2000000000002,12,919.2000000000002,swap,notBad
6508,12,919.2000000000002,12,919.2000000000002,2opt,notBad
6509,12,919.2000000000002,12,919.2000000000002,2opt,notBad
6510,12,919.2000000000002,12,919.2000000000002,swap,notBad
6511,12,919.2000000000002,12,919.2000000000002,2opt,improve
6512,12,919.2000000000002,12,919.2000000000002,2opt,notBad
6513,12,919.2000000000002,12,919.2000000000002,2opt,improve
6514,12,919.2000000000002,12,919.2000000000002,move,improve
6515,12,919.2000000000002,12,919.2000000000002,2opt,notBad
6516,12,919.2000000000002,12,919.2000000000002,move,improve
6517,12,919.2000000000002,12,919.2000000000002,swap,notBad
6518,12,919.2000000000002,12,919.2000000000002,2opt,notBad
6519,12,919.2000000000002,12,919.2000000000002,swap,notBad
6520,12,919.2000000000002,12,919.2000000000002,swap,notBad
6521,12,919.2000000000002,12,919.2000000000002,2opt,notBad
6522,12,919.2000000000002,12,919.2000000000002,2opt,notBad
6523,12,919.2000000000002,12,919.2000000000002,2opt,notBad
6524,12,919.2000000000002,12,919.2000000000002,2opt,notBad
6525,12,919.2000000000002,12,919.2000000000002,swap,notBad
6526,12,919.2000000000002,12,919.2000000000002,swap,notBad
6527,12,919.2000000000002,12,919.2000000000002,swap,notBad
6528,12,919.2000000000002,12,919.2000000000002,move,improve
6529,12,919.2000000000002,12,919.2000000000002,move,improve
6530,12,919.2000000000002,12,919.2000000000002,swap,notBad
6531,12,919.2000000000002,12,919.2000000000002,swap,notBad
6532,12,919.2000000000002,12,919.2000000000002,move,notBad
6533,12,919.2000000000002,12,919.2000000000002,swap,notBad
6534,12,919.2000000000002,12,919.2000000000002,2opt,notBad
6535,12,919.2000000000002,12,919.2000000000002,2opt,notBad
6536,12,919.2000000000002,12,919.2000000000002,2opt,notBad
6537,12,919.2000000000002,12,919.2000000000002,2opt,notBad
6538,12,919.2000000000002,12,919.2000000000002,move,improve
6539,12,919.2000000000002,12,919.2000000000002,2opt,notBad
6540,12,919.2000000000002,12,919.2000000000002,move,improve
6541,12,919.2000000000002,12,919.2000000000002,move,improve
6542,12,919.2000000000002,12,919.2000000000002,swap,notBad
6543,12,919.2000000000002,12,919.2000000000002,move,improve
6544,12,919.2000000000002,12,919.2000000000002,2opt,improve
6545,12,919.2000000000002,12,919.2000000000002,swap,notBad
6546,12,919.2000000000002,12,919.2000000000002,move,improve
6547,12,919.2000000000002,12,919.2000000000002,move,improve
6548,12,919.2000000000002,12,919.2000000000002,2opt,notBad
6549,12,919.2000000000002,12,919.2000000000002,2opt,notBad
6550,12,919.2000000000002,12,919.2000000000002,2opt,notBad
6551,12,919.2000000000002,12,919.2000000000002,2opt,notBad
6552,12,919.2000000000002,12,919.2000000000002,2opt,notBad
6553,12,919.2000000000002,12,919.2000000000002,move,improve
6554,12,919.2000000000002,12,919.2000000000002,move,improve
6555,12,919.2000000000002,12,919.2000000000002,2opt,notBad
6556,12,919.2000000000002,12,919.2000000000002,move,improve
6557,12,919.2000000000002,12,919.2000000000002,swap,notBad
6558,12,919.2000000000002,12,919.2000000000002,move,improve
6559,12,919.2000000000002,12,919.2000000000002,2opt,notBad
6560,12,919.2000000000002,12,919.2000000000002,move,improve
6561,12,919.2000000000002,12,919.2000000000002,swap,notBad
6562,12,919.2000000000002,12,919.2000000000002,swap,notBad
6563,12,919.2000000000002,12,919.2000000000002,swap,notBad
6564,12,919.2000000000002,12,919.2000000000002,move,improve
6565,12,919.2000000000002,12,919.2000000000002,swap,notBad
6566,12,919.2000000000002,12,919.2000000000002,2opt,improve
6567,12,919.2000000000002,12,919.2000000000002,move,improve
6568,12,919.2000000000002,12,919.2000000000002,2opt,notBad
6569,12,919.2000000000002,12,919.2000000000002,2opt,notBad
6570,12,919.2000000000002,12,919.2000000000002,2opt,notBad
6571,12,919.2000000000002,12,919.2000000000002,swap,notBad
6572,12,919.2000000000002,12,919.2000000000002,2opt,notBad
6573,12,919.2000000000002,12,919.2000000000002,swap,notBad
6574,12,919.2000000000002,12,919.2000000000002,move,improve
6575,12,919.2000000000002,12,919.2000000000002,move,improve
6576,12,919.2000000000002,12,919.2000000000002,move,improve
6577,12,919.2000000000002,12,919.2000000000002,move,improve
6578,12,919.2000000000002,12,919.2000000000002,2opt,notBad
6579,12,919.2000000000002,12,919.2000000000002,swap,notBad
6580,12,919.2000000000002,12,919.2000000000002,swap,notBad
6581,12,919.2000000000002,12,919.2000000000002,move,improve
6582,12,919.2000000000002,12,919.2000000000002,2opt,notBad
6583,12,919.2000000000002,12,919.2000000000002,2opt,notBad
6584,12,919.2000000000002,12,919.2000000000002,2opt,improve
6585,12,919.2000000000002,12,919.2000000000002,swap,notBad
6586,12,919.2000000000002,12,919.2000000000002,2opt,improve
6587,12,919.2000000000002,12,919.2000000000002,move,improve
6588,12,919.2000000000002,12,919.2000000000002,move,improve
6589,12,919.2000000000002,12,919.2000000000002,swap,notBad
6590,12,919.2000000000002,12,919.2000000000002,move,improve
6591,12,919.2000000000002,12,919.2000000000002,swap,notBad
6592,12,919.2000000000002,12,919.2000000000002,2opt,notBad
6593,12,919.2000000000002,12,919.2000000000002,swap,notBad
6594,12,919.2000000000002,12,919.2000000000002,move,improve
6595,12,919.2000000000002,12,919.2000000000002,move,improve
6596,12,919.2000000000002,12,919.2000000000002,move,improve
6597,12,919.2000000000002,12,919.2000000000002,2opt,notBad
6598,12,919.2000000000002,12,919.2000000000002,2opt,notBad
6599,12,919.2000000000002,12,919.2000000000002,swap,improve
6600,12,919.2000000000002,12,919.2000000000002,2opt,notBad
6601,12,919.2000000000002,12,919.2000000000002,swap,notBad
6602,12,919.2000000000002,12,919.2000000000002,swap,notBad
6603,12,919.2000000000002,12,919.2000000000002,move,improve
6604,12,919.2000000000002,12,919.2000000000002,move,improve
6605,12,919.2000000000002,12,919.2000000000002,2opt,notBad
6606,12,919.2000000000002,12,919.2000000000002,move,improve
6607,12,919.2000000000002,12,919.2000000000002,2opt,notBad
6608,12,919.2000000000002,12,919.2000000000002,move,improve
6609,12,919.2000000000002,12,919.2000000000002,2opt,improve
6610,12,919.2000000000002,12,919.2000000000002,2opt,notBad
6611,12,919.2000000000002,12,919.2000000000002,2opt,notBad
6612,12,919.2000000000002,12,919.2000000000002,swap,notBad
6613,12,919.2000000000002,12,919.2000000000002,2opt,notBad
6614,12,919.2000000000002,12,919.2000000000002,2opt,notBad
6615,12,919.2000000000002,12,919.2000000000002,swap,notBad
6616,12,919.2000000000002,12,919.2000000000002,swap,notBad
6617,12,919.2000000000002,12,919.2000000000002,2opt,notBad
6618,12,919.2000000000002,12,919.2000000000002,move,notBad
6619,12,919.2000000000002,12,919.2000000000002,move,improve
6620,12,919.2000000000002,12,919.2000000000002,2opt,notBad
6621,12,919.2000000000002,12,919.2000000000002,swap,notBad
6622,12,919.2000000000002,12,919.2000000000002,swap,notBad
6623,12,919.2000000000002,12,919.2000000000002,move,improve
6624,12,919.2000000000002,12,919.2000000000002,2opt,notBad
6625,12,919.2000000000002,12,919.2000000000002,swap,notBad
6626,12,919.2000000000002,12,919.2000000000002,swap,notBad
6627,12,919.2000000000002,12,919.2000000000002,2opt,improve
6628,12,919.2000000000002,12,919.2000000000002,2opt,notBad
6629,12,919.2000000000002,12,919.2000000000002,move,improve
6630,12,919.2000000000002,12,919.2000000000002,2opt,notBad
6631,12,919.2000000000002,12,919.2000000000002,move,improve
6632,12,919.2000000000002,12,919.2000000000002,swap,notBad
6633,12,919.2000000000002,12,919.2000000000002,swap,notBad
6634,12,919.2000000000002,12,919.2000000000002,swap,improve
6635,12,919.2000000000002,12,919.2000000000002,move,improve
6636,12,919.2000000000002,12,919.2000000000002,2opt,notBad
6637,12,919.2000000000002,12,919.2000000000002,swap,notBad
6638,12,919.2000000000002,12,919.2000000000002,2opt,notBad
6639,12,919.2000000000002,12,919.2000000000002,move,improve
6640,12,919.2000000000002,12,919.2000000000002,swap,notBad
6641,12,919.2000000000002,12,919.2000000000002,move,improve
6642,12,919.2000000000002,12,919.2000000000002,swap,notBad
6643,12,919.2000000000002,12,919.2000000000002,move,improve
6644,12,919.2000000000002,12,919.2000000000002,2opt,notBad
6645,12,919.2000000000002,12,919.2000000000002,2opt,notBad
6646,12,919.2000000000002,12,919.2000000000002,2opt,notBad
6647,12,919.2000000000002,12,919.2000000000002,move,improve
6648,12,919.2000000000002,12,919.2000000000002,move,improve
6649,12,919.2000000000002,12,919.2000000000002,2opt,notBad
6650,12,919.2000000000002,12,919.2000000000002,swap,notBad
6651,12,919.2000000000002,12,919.2000000000002,swap,notBad
6652,12,919.2000000000002,12,919.2000000000002,2opt,notBad
6653,12,919.2000000000002,12,919.2000000000002,move,improve
6654,12,919.2000000000002,12,919.2000000000002,swap,notBad
6655,12,919.2000000000002,12,919.2000000000002,swap,notBad
6656,12,919.2000000000002,12,919.2000000000002,swap,notBad
6657,12,919.2000000000002,12,919.2000000000002,swap,notBad
6658,12,919.2000000000002,12,919.2000000000002,2opt,notBad
6659,12,919.2000000000002,12,919.2000000000002,2opt,improve
6660,12,919.2000000000002,12,919.2000000000002,swap,notBad
6661,12,919.2000000000002,12,919.2000000000002,move,improve
6662,12,919.2000000000002,12,919.2000000000002,swap,notBad
6663,12,919.2000000000002,12,919.2000000000002,2opt,notBad
6664,12,919.2000000000002,12,919.2000000000002,2opt,improve
6665,12,919.2000000000002,12,919.2000000000002,swap,notBad
6666,12,919.2000000000002,12,919.2000000000002,swap,notBad
6667,12,919.2000000000002,12,919.2000000000002,swap,notBad
6668,12,919.2000000000002,12,919.2000000000002,2opt,notBad
6669,12,919.2000000000002,12,919.2000000000002,swap,notBad
6670,12,919.2000000000002,12,919.2000000000002,swap,notBad
6671,12,919.2000000000002,12,919.2000000000002,2opt,notBad
6672,12,919.2000000000002,12,919.2000000000002,move,improve
6673,12,919.2000000000002,12,919.2000000000002,swap,notBad
6674,12,919.2000000000002,12,919.2000000000002,2opt,improve
6675,12,919.2000000000002,12,919.2000000000002,swap,notBad
6676,12,919.2000000000002,12,919.2000000000002,move,improve
