i,vehi,obj,vehiBest,objBest,loFunc,note
1,2,257.7800000000001,2,257.7800000000001,move,improve
2,2,257.7800000000001,2,257.7800000000001,move,improve
3,3,893.6400000000001,2,257.7800000000001,2opt,acceptBad
4,3,863.3299999999999,2,257.7800000000001,swap,improve
5,4,1520.7,2,257.7800000000001,2opt,acceptBad
6,4,1440.42,2,257.7800000000001,move,improve
7,4,1298.92,2,257.7800000000001,swap,improve
8,4,1322.2800000000002,2,257.7800000000001,swap,acceptBad
9,4,1324.74,2,257.7800000000001,swap,acceptBad
10,4,1187.21,2,257.7800000000001,move,improve
11,4,1180.9399999999998,2,257.7800000000001,2opt,improve
12,4,1036.2799999999997,2,257.7800000000001,move,improve
13,4,790.01,2,257.7800000000001,swap,improve
14,4,670.1500000000001,2,257.7800000000001,swap,improve
15,4,670.1500000000001,2,257.7800000000001,2opt,improve
16,4,669.64,2,257.7800000000001,2opt,improve
17,4,669.64,2,257.7800000000001,move,improve
18,4,939.3000000000002,2,257.7800000000001,swap,acceptBad
19,4,1009.8600000000001,2,257.7800000000001,swap,acceptBad
20,4,1043.5500000000002,2,257.7800000000001,swap,acceptBad
21,4,936.98,2,257.7800000000001,2opt,improve
22,4,947.3000000000001,2,257.7800000000001,2opt,acceptBad
23,4,782.32,2,257.7800000000001,move,improve
24,5,2388.37,2,257.7800000000001,2opt,acceptBad
25,6,4405.0,2,257.7800000000001,2opt,acceptBad
26,6,4385.46,2,257.7800000000001,swap,improve
27,6,4385.46,2,257.7800000000001,2opt,improve
28,6,4306.12,2,257.7800000000001,move,improve
29,6,4306.12,2,257.7800000000001,2opt,improve
30,6,4301.53,2,257.7800000000001,2opt,improve
31,6,4326.97,2,257.7800000000001,2opt,acceptBad
32,6,3483.5200000000004,2,257.7800000000001,move,improve
33,6,3485.7300000000005,2,257.7800000000001,swap,acceptBad
34,6,3372.1600000000003,2,257.7800000000001,swap,improve
35,6,2421.7400000000002,2,257.7800000000001,2opt,improve
36,6,2418.89,2,257.7800000000001,2opt,improve
37,6,2404.94,2,257.7800000000001,move,improve
38,6,2406.98,2,257.7800000000001,swap,acceptBad
39,6,2393.37,2,257.7800000000001,move,improve
40,6,2287.14,2,257.7800000000001,move,improve
41,6,2336.4900000000002,2,257.7800000000001,swap,acceptBad
42,6,2344.25,2,257.7800000000001,2opt,acceptBad
43,6,2422.53,2,257.7800000000001,2opt,acceptBad
44,6,2633.7900000000004,2,257.7800000000001,swap,acceptBad
45,6,2633.7900000000004,2,257.7800000000001,2opt,improve
46,6,2619.7200000000007,2,257.7800000000001,move,improve
47,6,2598.1,2,257.7800000000001,swap,improve
48,6,2608.36,2,257.7800000000001,2opt,acceptBad
49,6,2621.32,2,257.7800000000001,2opt,acceptBad
50,6,2640.4399999999996,2,257.7800000000001,2opt,acceptBad
51,6,2351.8399999999997,2,257.7800000000001,move,improve
52,6,2181.6399999999994,2,257.7800000000001,move,improve
53,6,2171.4399999999996,2,257.7800000000001,swap,improve
54,6,2094.5499999999997,2,257.7800000000001,swap,improve
55,6,1188.3300000000004,2,257.7800000000001,move,improve
56,6,1178.2500000000002,2,257.7800000000001,move,improve
57,6,1625.75,2,257.7800000000001,2opt,acceptBad
58,6,1290.8599999999997,2,257.7800000000001,swap,improve
59,7,1854.76,2,257.7800000000001,2opt,acceptBad
60,7,1856.1399999999999,2,257.7800000000001,2opt,acceptBad
61,8,3317.2300000000005,2,257.7800000000001,2opt,acceptBad
62,8,3035.8999999999996,2,257.7800000000001,move,improve
63,8,3045.0500000000006,2,257.7800000000001,2opt,acceptBad
64,8,3036.17,2,257.7800000000001,swap,improve
65,8,3040.3100000000004,2,257.7800000000001,2opt,acceptBad
66,8,3171.84,2,257.7800000000001,swap,acceptBad
67,8,2941.179999999999,2,257.7800000000001,move,improve
68,8,2691.0599999999995,2,257.7800000000001,move,improve
69,8,2688.0299999999997,2,257.7800000000001,move,improve
70,8,2676.709999999999,2,257.7800000000001,swap,improve
71,8,2612.12,2,257.7800000000001,2opt,improve
72,8,3912.559999999999,2,257.7800000000001,2opt,acceptBad
73,9,4684.169999999998,2,257.7800000000001,2opt,acceptBad
74,9,4448.75,2,257.7800000000001,move,improve
75,9,4445.780000000001,2,257.7800000000001,2opt,improve
76,9,4445.780000000001,2,257.7800000000001,2opt,improve
77,8,2512.749999999999,2,257.7800000000001,move,improve
78,8,2320.2099999999996,2,257.7800000000001,move,improve
79,8,2731.8199999999997,2,257.7800000000001,2opt,acceptBad
80,8,4096.14,2,257.7800000000001,2opt,acceptBad
81,8,4114.11,2,257.7800000000001,2opt,acceptBad
82,8,5304.1900000000005,2,257.7800000000001,swap,acceptBad
83,8,5109.06,2,257.7800000000001,move,improve
84,8,3933.71,2,257.7800000000001,2opt,improve
85,8,5089.869999999999,2,257.7800000000001,2opt,acceptBad
86,8,5177.469999999999,2,257.7800000000001,2opt,acceptBad
87,8,5172.16,2,257.7800000000001,swap,improve
88,8,5026.57,2,257.7800000000001,swap,improve
89,8,4122.07,2,257.7800000000001,move,improve
90,8,4205.8,2,257.7800000000001,swap,acceptBad
91,8,4178.44,2,257.7800000000001,swap,improve
92,8,4178.44,2,257.7800000000001,move,improve
93,8,4121.0599999999995,2,257.7800000000001,move,improve
94,8,4096.7,2,257.7800000000001,move,improve
95,8,4090.0099999999998,2,257.7800000000001,move,improve
96,8,4196.8099999999995,2,257.7800000000001,swap,acceptBad
97,8,4196.8099999999995,2,257.7800000000001,move,improve
98,8,4183.01,2,257.7800000000001,move,improve
99,8,6803.6900000000005,2,257.7800000000001,swap,acceptBad
100,8,6695.03,2,257.7800000000001,move,improve
101,8,6467.889999999999,2,257.7800000000001,move,improve
102,8,4517.280000000001,2,257.7800000000001,move,improve
103,8,4419.81,2,257.7800000000001,move,improve
104,8,4418.46,2,257.7800000000001,2opt,improve
105,8,3829.909999999999,2,257.7800000000001,move,improve
106,8,3829.909999999999,2,257.7800000000001,move,improve
107,8,3661.6700000000005,2,257.7800000000001,move,improve
108,8,3933.2700000000004,2,257.7800000000001,swap,acceptBad
109,8,3933.2700000000004,2,257.7800000000001,move,improve
110,8,3865.530000000001,2,257.7800000000001,move,improve
111,8,4099.349999999999,2,257.7800000000001,swap,acceptBad
112,8,4923.039999999999,2,257.7800000000001,2opt,acceptBad
113,8,4588.87,2,257.7800000000001,swap,improve
114,8,5266.999999999998,2,257.7800000000001,2opt,acceptBad
115,8,4588.87,2,257.7800000000001,2opt,improve
116,8,4200.799999999998,2,257.7800000000001,move,improve
117,8,4158.5999999999985,2,257.7800000000001,2opt,improve
118,9,5263.939999999999,2,257.7800000000001,2opt,acceptBad
119,9,5244.739999999998,2,257.7800000000001,swap,improve
120,9,5244.739999999998,2,257.7800000000001,move,improve
121,9,5442.73,2,257.7800000000001,2opt,acceptBad
122,9,5373.050000000001,2,257.7800000000001,move,improve
123,9,5266.2300000000005,2,257.7800000000001,move,improve
124,9,6837.940000000001,2,257.7800000000001,swap,acceptBad
125,9,7020.58,2,257.7800000000001,2opt,acceptBad
126,9,7325.3099999999995,2,257.7800000000001,2opt,acceptBad
127,9,7538.969999999998,2,257.7800000000001,swap,acceptBad
128,9,9021.74,2,257.7800000000001,swap,acceptBad
129,9,8928.18,2,257.7800000000001,move,improve
130,9,8614.41,2,257.7800000000001,move,improve
131,9,7732.740000000001,2,257.7800000000001,2opt,improve
132,9,7421.549999999999,2,257.7800000000001,2opt,improve
133,9,8169.51,2,257.7800000000001,2opt,acceptBad
134,9,7042.509999999999,2,257.7800000000001,move,improve
135,9,7042.509999999999,2,257.7800000000001,2opt,improve
136,9,7022.3,2,257.7800000000001,move,improve
137,8,5844.89,2,257.7800000000001,2opt,improve
138,8,5820.110000000001,2,257.7800000000001,move,improve
139,8,5844.89,2,257.7800000000001,swap,acceptBad
140,8,5470.29,2,257.7800000000001,move,improve
141,8,5474.16,2,257.7800000000001,swap,acceptBad
142,8,5228.26,2,257.7800000000001,swap,improve
143,8,4875.7,2,257.7800000000001,move,improve
144,8,5334.57,2,257.7800000000001,2opt,acceptBad
145,9,6490.73,2,257.7800000000001,2opt,acceptBad
146,9,6490.73,2,257.7800000000001,move,improve
147,9,6490.73,2,257.7800000000001,move,improve
148,9,6490.73,2,257.7800000000001,2opt,improve
149,9,5157.27,2,257.7800000000001,move,improve
150,9,5157.27,2,257.7800000000001,2opt,notBad
151,8,3658.7700000000004,2,257.7800000000001,move,improve
152,8,3643.3500000000004,2,257.7800000000001,move,improve
153,8,3633.2100000000005,2,257.7800000000001,swap,improve
154,8,3009.24,2,257.7800000000001,move,improve
155,8,3066.08,2,257.7800000000001,move,acceptBad
156,8,2925.1400000000003,2,257.7800000000001,2opt,improve
157,8,2925.1400000000003,2,257.7800000000001,2opt,improve
158,8,2795.3,2,257.7800000000001,move,improve
159,8,2799.0200000000004,2,257.7800000000001,swap,acceptBad
160,8,2794.76,2,257.7800000000001,swap,improve
161,8,2784.23,2,257.7800000000001,2opt,improve
162,8,2781.3500000000004,2,257.7800000000001,2opt,improve
163,8,2781.3500000000004,2,257.7800000000001,move,improve
164,8,2781.3500000000004,2,257.7800000000001,2opt,improve
165,8,2623.16,2,257.7800000000001,move,improve
166,8,2542.2199999999993,2,257.7800000000001,move,improve
167,8,2548.5499999999993,2,257.7800000000001,swap,acceptBad
168,8,2543.8699999999994,2,257.7800000000001,2opt,improve
169,8,2501.81,2,257.7800000000001,swap,improve
170,8,2501.81,2,257.7800000000001,move,improve
171,8,3107.1099999999997,2,257.7800000000001,2opt,acceptBad
172,8,3099.8499999999995,2,257.7800000000001,2opt,improve
173,8,3099.8499999999995,2,257.7800000000001,move,improve
174,8,2790.21,2,257.7800000000001,move,improve
175,8,2786.1299999999997,2,257.7800000000001,swap,improve
176,8,2796.12,2,257.7800000000001,2opt,acceptBad
177,8,2785.89,2,257.7800000000001,swap,improve
178,8,2799.7499999999995,2,257.7800000000001,swap,acceptBad
179,8,2785.1699999999996,2,257.7800000000001,2opt,improve
180,9,6407.15,2,257.7800000000001,2opt,acceptBad
181,9,7348.749999999996,2,257.7800000000001,swap,acceptBad
182,9,7357.699999999999,2,257.7800000000001,swap,acceptBad
183,9,7513.459999999998,2,257.7800000000001,2opt,acceptBad
184,9,7211.579999999999,2,257.7800000000001,move,improve
185,9,7197.479999999999,2,257.7800000000001,swap,improve
186,9,6497.869999999999,2,257.7800000000001,move,improve
187,9,6750.510000000001,2,257.7800000000001,swap,acceptBad
188,9,6554.24,2,257.7800000000001,swap,improve
189,9,6561.5,2,257.7800000000001,2opt,acceptBad
190,9,6223.259999999999,2,257.7800000000001,move,improve
191,9,6012.1399999999985,2,257.7800000000001,move,improve
192,9,6006.409999999998,2,257.7800000000001,swap,improve
193,9,5720.3,2,257.7800000000001,swap,improve
194,9,5229.32,2,257.7800000000001,move,improve
195,9,6322.26,2,257.7800000000001,swap,acceptBad
196,9,6131.569999999999,2,257.7800000000001,swap,improve
197,9,5820.999999999999,2,257.7800000000001,2opt,improve
198,9,5358.869999999999,2,257.7800000000001,move,improve
199,9,5362.489999999998,2,257.7800000000001,swap,acceptBad
200,9,5353.0099999999975,2,257.7800000000001,move,improve
201,9,5567.139999999999,2,257.7800000000001,2opt,acceptBad
202,9,5573.11,2,257.7800000000001,swap,acceptBad
203,9,5422.74,2,257.7800000000001,move,improve
204,9,5169.92,2,257.7800000000001,2opt,improve
205,9,5331.289999999999,2,257.7800000000001,swap,acceptBad
206,9,5082.049999999999,2,257.7800000000001,move,improve
207,9,5067.2,2,257.7800000000001,swap,improve
208,9,4941.259999999999,2,257.7800000000001,swap,improve
209,9,4952.8099999999995,2,257.7800000000001,2opt,acceptBad
210,9,4975.469999999999,2,257.7800000000001,swap,acceptBad
211,9,4956.5599999999995,2,257.7800000000001,swap,improve
212,9,5114.45,2,257.7800000000001,swap,acceptBad
213,8,4515.73,2,257.7800000000001,2opt,improve
214,8,4502.089999999999,2,257.7800000000001,swap,improve
215,8,4256.15,2,257.7800000000001,move,improve
216,8,4186.15,2,257.7800000000001,move,improve
217,8,3800.84,2,257.7800000000001,move,improve
218,8,3798.3500000000004,2,257.7800000000001,swap,improve
219,8,4035.6299999999997,2,257.7800000000001,2opt,acceptBad
220,8,4026.2999999999997,2,257.7800000000001,swap,improve
221,8,4040.7599999999993,2,257.7800000000001,swap,acceptBad
222,8,3339.77,2,257.7800000000001,move,improve
223,8,3340.79,2,257.7800000000001,2opt,acceptBad
224,8,3284.06,2,257.7800000000001,2opt,improve
225,8,3284.06,2,257.7800000000001,move,improve
226,8,3490.0199999999986,2,257.7800000000001,2opt,acceptBad
227,9,5520.639999999999,2,257.7800000000001,2opt,acceptBad
228,8,3707.3999999999996,2,257.7800000000001,2opt,improve
229,8,3699.0899999999992,2,257.7800000000001,move,improve
230,8,3693.1199999999994,2,257.7800000000001,swap,improve
231,8,3691.9499999999994,2,257.7800000000001,2opt,improve
232,8,3681.629999999999,2,257.7800000000001,swap,improve
233,8,3688.1699999999996,2,257.7800000000001,2opt,acceptBad
234,8,4655.49,2,257.7800000000001,swap,acceptBad
235,8,4653.84,2,257.7800000000001,2opt,improve
236,9,7985.97,2,257.7800000000001,2opt,acceptBad
237,9,7736.799999999999,2,257.7800000000001,move,improve
238,9,7730.049999999999,2,257.7800000000001,swap,improve
239,9,9225.8,2,257.7800000000001,2opt,acceptBad
240,9,8701.55,2,257.7800000000001,2opt,improve
241,9,8697.38,2,257.7800000000001,2opt,improve
242,8,5625.53,2,257.7800000000001,move,improve
243,7,2762.4399999999996,2,257.7800000000001,move,improve
244,7,2777.6499999999996,2,257.7800000000001,swap,acceptBad
245,7,2080.4799999999996,2,257.7800000000001,move,improve
246,7,2064.9999999999995,2,257.7800000000001,move,improve
247,8,3267.3899999999994,2,257.7800000000001,2opt,acceptBad
248,8,3267.3899999999994,2,257.7800000000001,move,improve
249,8,3267.3899999999994,2,257.7800000000001,2opt,improve
250,8,3267.3899999999994,2,257.7800000000001,move,improve
251,8,3279.5699999999993,2,257.7800000000001,2opt,acceptBad
252,8,4377.249999999999,2,257.7800000000001,2opt,acceptBad
253,8,4368.819999999999,2,257.7800000000001,2opt,improve
254,8,5362.489999999999,2,257.7800000000001,swap,acceptBad
255,8,5263.739999999999,2,257.7800000000001,swap,improve
256,8,3907.13,2,257.7800000000001,swap,improve
257,8,3967.5499999999997,2,257.7800000000001,swap,acceptBad
258,8,3993.03,2,257.7800000000001,2opt,acceptBad
259,8,4007.13,2,257.7800000000001,swap,acceptBad
260,8,3624.03,2,257.7800000000001,move,improve
261,8,3556.32,2,257.7800000000001,swap,improve
262,8,4911.24,2,257.7800000000001,2opt,acceptBad
263,8,3531.25,2,257.7800000000001,move,improve
264,8,3579.1600000000008,2,257.7800000000001,swap,acceptBad
265,8,4439.68,2,257.7800000000001,2opt,acceptBad
266,8,4439.17,2,257.7800000000001,swap,improve
267,8,4106.2,2,257.7800000000001,swap,improve
268,8,4057.93,2,257.7800000000001,2opt,improve
269,8,4018.7,2,257.7800000000001,2opt,improve
270,8,3632.64,2,257.7800000000001,move,improve
271,8,3638.64,2,257.7800000000001,2opt,acceptBad
272,8,5037.8,2,257.7800000000001,swap,acceptBad
273,8,4379.87,2,257.7800000000001,move,improve
274,8,4379.87,2,257.7800000000001,move,improve
275,8,4475.9800000000005,2,257.7800000000001,2opt,acceptBad
276,8,4461.820000000001,2,257.7800000000001,2opt,improve
277,8,4461.820000000001,2,257.7800000000001,move,improve
278,8,6338.630000000001,2,257.7800000000001,2opt,acceptBad
279,8,6312.749999999999,2,257.7800000000001,2opt,improve
280,8,6105.189999999999,2,257.7800000000001,swap,improve
281,8,6095.889999999999,2,257.7800000000001,swap,improve
282,8,6140.659999999999,2,257.7800000000001,swap,acceptBad
283,8,7004.939999999998,2,257.7800000000001,2opt,acceptBad
284,8,4999.049999999999,2,257.7800000000001,move,improve
285,8,4999.049999999999,2,257.7800000000001,move,improve
286,8,4869.819999999999,2,257.7800000000001,2opt,improve
287,8,4857.879999999999,2,257.7800000000001,swap,improve
288,8,4670.389999999999,2,257.7800000000001,move,improve
289,8,4675.4,2,257.7800000000001,2opt,acceptBad
290,8,3517.0699999999997,2,257.7800000000001,move,improve
291,8,3517.0699999999997,2,257.7800000000001,2opt,improve
292,8,3520.88,2,257.7800000000001,2opt,acceptBad
293,8,3502.94,2,257.7800000000001,2opt,improve
294,8,3506.5099999999998,2,257.7800000000001,2opt,acceptBad
295,8,3481.4899999999993,2,257.7800000000001,swap,improve
296,8,2759.87,2,257.7800000000001,move,improve
297,7,2257.7400000000002,2,257.7800000000001,2opt,improve
298,7,2174.08,2,257.7800000000001,move,improve
299,7,2223.85,2,257.7800000000001,swap,acceptBad
300,7,2227.72,2,257.7800000000001,swap,acceptBad
301,7,2033.1999999999994,2,257.7800000000001,move,improve
302,7,2066.1999999999994,2,257.7800000000001,swap,acceptBad
303,7,2056.419999999999,2,257.7800000000001,move,improve
304,7,2066.6499999999996,2,257.7800000000001,2opt,acceptBad
305,7,1852.42,2,257.7800000000001,move,improve
306,8,3452.54,2,257.7800000000001,2opt,acceptBad
307,8,3454.9399999999996,2,257.7800000000001,swap,acceptBad
308,8,3547.2799999999997,2,257.7800000000001,2opt,acceptBad
309,8,3547.2799999999997,2,257.7800000000001,move,improve
310,9,7016.17,2,257.7800000000001,2opt,acceptBad
311,9,7005.549999999999,2,257.7800000000001,swap,improve
312,9,4205.01,2,257.7800000000001,swap,improve
313,9,4212.48,2,257.7800000000001,2opt,acceptBad
314,9,4212.48,2,257.7800000000001,move,improve
315,9,4210.200000000001,2,257.7800000000001,2opt,improve
316,9,3896.6800000000007,2,257.7800000000001,move,improve
317,9,3909.310000000001,2,257.7800000000001,swap,acceptBad
318,9,3996.96,2,257.7800000000001,2opt,acceptBad
319,9,4004.97,2,257.7800000000001,swap,acceptBad
320,9,4265.369999999999,2,257.7800000000001,2opt,acceptBad
321,9,4260.929999999999,2,257.7800000000001,swap,improve
322,9,4738.07,2,257.7800000000001,swap,acceptBad
323,9,4762.550000000001,2,257.7800000000001,swap,acceptBad
324,9,4767.649999999999,2,257.7800000000001,2opt,acceptBad
325,9,4760.689999999999,2,257.7800000000001,2opt,improve
326,9,4411.610000000001,2,257.7800000000001,swap,improve
327,9,4149.43,2,257.7800000000001,move,improve
328,9,4149.43,2,257.7800000000001,2opt,improve
329,9,4131.4,2,257.7800000000001,move,improve
330,9,4143.97,2,257.7800000000001,2opt,acceptBad
331,9,6562.86,2,257.7800000000001,swap,acceptBad
332,9,5505.610000000001,2,257.7800000000001,move,improve
333,9,5506.42,2,257.7800000000001,swap,acceptBad
334,9,5506.42,2,257.7800000000001,move,improve
335,9,4368.4,2,257.7800000000001,swap,improve
336,9,4092.399999999999,2,257.7800000000001,move,improve
337,9,5466.749999999999,2,257.7800000000001,2opt,acceptBad
338,9,5468.91,2,257.7800000000001,2opt,acceptBad
339,9,4862.089999999999,2,257.7800000000001,swap,improve
340,9,5397.169999999999,2,257.7800000000001,swap,acceptBad
341,9,4772.370000000001,2,257.7800000000001,move,improve
342,9,4943.6500000000015,2,257.7800000000001,swap,acceptBad
343,9,4948.030000000001,2,257.7800000000001,swap,acceptBad
344,9,4961.239999999999,2,257.7800000000001,swap,acceptBad
345,9,5000.639999999999,2,257.7800000000001,2opt,acceptBad
346,9,4823.780000000001,2,257.7800000000001,move,improve
347,9,5218.849999999999,2,257.7800000000001,swap,acceptBad
348,9,7251.23,2,257.7800000000001,swap,acceptBad
349,9,4921.28,2,257.7800000000001,2opt,improve
350,9,4918.91,2,257.7800000000001,swap,improve
351,9,4919.389999999999,2,257.7800000000001,2opt,acceptBad
352,9,4908.349999999999,2,257.7800000000001,swap,improve
353,9,4906.639999999999,2,257.7800000000001,2opt,improve
354,9,5088.95,2,257.7800000000001,2opt,acceptBad
355,8,3556.9399999999996,2,257.7800000000001,move,improve
356,8,3559.6399999999994,2,257.7800000000001,2opt,acceptBad
357,8,3658.5399999999986,2,257.7800000000001,swap,acceptBad
358,8,3637.869999999999,2,257.7800000000001,move,improve
359,8,3003.0899999999997,2,257.7800000000001,move,improve
360,8,2928.3,2,257.7800000000001,swap,improve
361,8,4139.680000000001,2,257.7800000000001,swap,acceptBad
362,8,3921.3,2,257.7800000000001,move,improve
363,8,3930.6600000000003,2,257.7800000000001,2opt,acceptBad
364,8,3749.8199999999997,2,257.7800000000001,move,improve
365,8,3749.8199999999997,2,257.7800000000001,2opt,improve
366,8,3296.7299999999996,2,257.7800000000001,swap,improve
367,8,3364.68,2,257.7800000000001,2opt,acceptBad
368,8,3547.9300000000003,2,257.7800000000001,swap,acceptBad
369,8,3541.2700000000004,2,257.7800000000001,swap,improve
370,8,2777.92,2,257.7800000000001,move,improve
371,8,2604.05,2,257.7800000000001,2opt,improve
372,8,2604.05,2,257.7800000000001,2opt,improve
373,9,4004.35,2,257.7800000000001,2opt,acceptBad
374,9,5444.43,2,257.7800000000001,swap,acceptBad
375,9,5438.370000000001,2,257.7800000000001,swap,improve
376,9,5508.380000000001,2,257.7800000000001,swap,acceptBad
377,9,5373.35,2,257.7800000000001,swap,improve
378,10,8976.799999999997,2,257.7800000000001,2opt,acceptBad
379,10,8977.819999999998,2,257.7800000000001,2opt,acceptBad
380,10,8987.179999999998,2,257.7800000000001,swap,acceptBad
381,10,6253.99,2,257.7800000000001,move,improve
382,10,6255.79,2,257.7800000000001,swap,acceptBad
383,10,6269.409999999999,2,257.7800000000001,2opt,acceptBad
384,10,6260.829999999999,2,257.7800000000001,2opt,improve
385,10,6272.199999999999,2,257.7800000000001,2opt,acceptBad
386,10,6282.039999999999,2,257.7800000000001,2opt,acceptBad
387,10,8748.659999999998,2,257.7800000000001,2opt,acceptBad
388,10,8779.989999999998,2,257.7800000000001,2opt,acceptBad
389,10,8648.179999999997,2,257.7800000000001,swap,improve
390,10,7341.779999999998,2,257.7800000000001,move,improve
391,10,9010.769999999999,2,257.7800000000001,swap,acceptBad
392,10,6751.749999999999,2,257.7800000000001,move,improve
393,10,6813.5999999999985,2,257.7800000000001,swap,acceptBad
394,10,6813.5999999999985,2,257.7800000000001,swap,improve
395,10,6321.479999999999,2,257.7800000000001,move,improve
396,10,6321.479999999999,2,257.7800000000001,move,improve
397,10,6321.479999999999,2,257.7800000000001,2opt,improve
398,10,5990.309999999998,2,257.7800000000001,move,improve
399,10,7005.889999999999,2,257.7800000000001,swap,acceptBad
400,10,6957.959999999998,2,257.7800000000001,move,improve
401,10,8580.849999999997,2,257.7800000000001,2opt,acceptBad
402,10,6854.879999999999,2,257.7800000000001,swap,improve
403,10,6869.669999999999,2,257.7800000000001,swap,acceptBad
404,10,6455.129999999999,2,257.7800000000001,move,improve
405,10,6607.5700000000015,2,257.7800000000001,2opt,acceptBad
406,10,6593.890000000001,2,257.7800000000001,move,improve
407,10,6586.0599999999995,2,257.7800000000001,2opt,improve
408,10,6576.73,2,257.7800000000001,2opt,improve
409,10,6575.199999999999,2,257.7800000000001,swap,improve
410,10,6573.459999999999,2,257.7800000000001,2opt,improve
411,10,6586.099999999999,2,257.7800000000001,swap,acceptBad
412,10,6587.839999999999,2,257.7800000000001,2opt,acceptBad
413,10,6633.08,2,257.7800000000001,swap,acceptBad
414,10,6633.8899999999985,2,257.7800000000001,swap,acceptBad
415,10,7010.639999999999,2,257.7800000000001,2opt,acceptBad
416,10,7095.42,2,257.7800000000001,2opt,acceptBad
417,10,7050.180000000001,2,257.7800000000001,swap,improve
418,10,7095.42,2,257.7800000000001,swap,acceptBad
419,9,6045.670000000002,2,257.7800000000001,2opt,improve
420,9,5391.42,2,257.7800000000001,move,improve
421,9,6100.76,2,257.7800000000001,swap,acceptBad
422,9,5823.910000000001,2,257.7800000000001,move,improve
423,9,5995.43,2,257.7800000000001,swap,acceptBad
424,9,5831.090000000001,2,257.7800000000001,swap,improve
425,9,5831.090000000001,2,257.7800000000001,2opt,improve
426,10,9178.28,2,257.7800000000001,2opt,acceptBad
427,10,8098.16,2,257.7800000000001,swap,improve
428,9,6822.790000000001,2,257.7800000000001,2opt,improve
429,9,5932.890000000001,2,257.7800000000001,move,improve
430,9,5910.150000000002,2,257.7800000000001,swap,improve
431,9,5859.470000000001,2,257.7800000000001,swap,improve
432,9,5859.470000000001,2,257.7800000000001,move,improve
433,9,5859.470000000001,2,257.7800000000001,move,improve
434,9,5864.930000000001,2,257.7800000000001,swap,acceptBad
435,9,5561.500000000002,2,257.7800000000001,swap,improve
436,9,5552.1100000000015,2,257.7800000000001,swap,improve
437,9,5439.8099999999995,2,257.7800000000001,move,improve
438,9,5192.4000000000015,2,257.7800000000001,move,improve
439,9,4944.010000000001,2,257.7800000000001,move,improve
440,9,4971.099999999999,2,257.7800000000001,2opt,acceptBad
441,9,4669.58,2,257.7800000000001,move,improve
442,9,6439.99,2,257.7800000000001,swap,acceptBad
443,9,6553.81,2,257.7800000000001,swap,acceptBad
444,9,6553.63,2,257.7800000000001,swap,improve
445,9,6738.830000000001,2,257.7800000000001,2opt,acceptBad
446,9,6738.830000000001,2,257.7800000000001,move,improve
447,9,5077.52,2,257.7800000000001,move,improve
448,9,5077.52,2,257.7800000000001,move,improve
449,9,4694.16,2,257.7800000000001,2opt,improve
450,9,4683.45,2,257.7800000000001,2opt,improve
451,9,4681.05,2,257.7800000000001,swap,improve
452,9,4681.05,2,257.7800000000001,move,improve
453,9,4681.05,2,257.7800000000001,2opt,improve
454,9,4466.91,2,257.7800000000001,move,improve
455,9,4748.119999999999,2,257.7800000000001,swap,acceptBad
456,9,6253.35,2,257.7800000000001,2opt,acceptBad
457,9,6247.89,2,257.7800000000001,swap,improve
458,9,6247.89,2,257.7800000000001,move,improve
459,9,5851.899999999999,2,257.7800000000001,swap,improve
460,9,5840.649999999999,2,257.7800000000001,swap,improve
461,9,5903.27,2,257.7800000000001,swap,acceptBad
462,9,5783.3099999999995,2,257.7800000000001,move,improve
463,9,5636.279999999999,2,257.7800000000001,2opt,improve
464,9,5073.329999999998,2,257.7800000000001,swap,improve
465,9,4592.759999999999,2,257.7800000000001,move,improve
466,9,3688.179999999999,2,257.7800000000001,move,improve
467,9,3627.3199999999997,2,257.7800000000001,swap,improve
468,9,3627.3199999999997,2,257.7800000000001,move,improve
469,9,4294.709999999999,2,257.7800000000001,2opt,acceptBad
470,9,4398.330000000001,2,257.7800000000001,move,acceptBad
471,9,4222.56,2,257.7800000000001,move,improve
472,9,4222.56,2,257.7800000000001,2opt,improve
473,9,4222.56,2,257.7800000000001,move,improve
474,9,4212.240000000001,2,257.7800000000001,move,improve
475,9,3502.1,2,257.7800000000001,move,improve
476,9,3475.53,2,257.7800000000001,move,improve
477,9,4153.2300000000005,2,257.7800000000001,swap,acceptBad
478,9,4168.469999999998,2,257.7800000000001,swap,acceptBad
479,9,3506.3299999999995,2,257.7800000000001,move,improve
480,9,3505.67,2,257.7800000000001,2opt,improve
481,9,3219.7199999999993,2,257.7800000000001,move,improve
482,9,3232.3199999999993,2,257.7800000000001,swap,acceptBad
483,9,4084.9599999999996,2,257.7800000000001,swap,acceptBad
484,9,4769.47,2,257.7800000000001,2opt,acceptBad
485,9,4441.540000000001,2,257.7800000000001,2opt,improve
486,10,6046.99,2,257.7800000000001,2opt,acceptBad
487,11,8397.35,2,257.7800000000001,2opt,acceptBad
488,11,8646.65,2,257.7800000000001,2opt,acceptBad
489,11,7142.9,2,257.7800000000001,move,improve
490,11,6796.410000000001,2,257.7800000000001,move,improve
491,11,6811.77,2,257.7800000000001,2opt,acceptBad
492,11,6811.77,2,257.7800000000001,move,improve
493,11,6820.53,2,257.7800000000001,2opt,acceptBad
494,11,9935.81,2,257.7800000000001,swap,acceptBad
495,11,9961.01,2,257.7800000000001,swap,acceptBad
496,11,10014.550000000001,2,257.7800000000001,2opt,acceptBad
497,11,10028.29,2,257.7800000000001,2opt,acceptBad
498,11,9639.28,2,257.7800000000001,swap,improve
499,11,9861.64,2,257.7800000000001,swap,acceptBad
500,11,7116.659999999998,2,257.7800000000001,move,improve
501,11,7394.15,2,257.7800000000001,swap,acceptBad
502,11,7721.500000000001,2,257.7800000000001,2opt,acceptBad
503,11,7546.5300000000025,2,257.7800000000001,2opt,improve
504,11,8875.390000000001,2,257.7800000000001,swap,acceptBad
505,11,8727.0,2,257.7800000000001,move,improve
506,11,11012.97,2,257.7800000000001,2opt,acceptBad
507,12,14687.580000000002,2,257.7800000000001,2opt,acceptBad
508,12,12545.380000000001,2,257.7800000000001,move,improve
509,12,12342.000000000004,2,257.7800000000001,swap,improve
510,12,12431.78,2,257.7800000000001,2opt,acceptBad
511,11,9996.279999999999,2,257.7800000000001,2opt,improve
512,11,10014.520000000002,2,257.7800000000001,2opt,acceptBad
513,10,8471.470000000001,2,257.7800000000001,2opt,improve
514,10,8332.259999999998,2,257.7800000000001,swap,improve
515,10,8865.519999999999,2,257.7800000000001,swap,acceptBad
516,10,8865.519999999999,2,257.7800000000001,2opt,improve
517,10,8673.519999999999,2,257.7800000000001,move,improve
518,10,8430.71,2,257.7800000000001,swap,improve
519,10,6373.530000000002,2,257.7800000000001,swap,improve
520,10,6328.6,2,257.7800000000001,move,improve
521,10,6323.2,2,257.7800000000001,2opt,improve
522,10,6424.699999999999,2,257.7800000000001,2opt,acceptBad
523,10,6389.799999999999,2,257.7800000000001,move,improve
524,10,7472.88,2,257.7800000000001,2opt,acceptBad
525,9,5274.239999999999,2,257.7800000000001,move,improve
526,9,4790.599999999999,2,257.7800000000001,move,improve
527,9,4529.58,2,257.7800000000001,2opt,improve
528,9,4514.04,2,257.7800000000001,move,improve
529,9,4496.639999999999,2,257.7800000000001,move,improve
530,9,4489.679999999999,2,257.7800000000001,move,improve
531,9,5124.130000000001,2,257.7800000000001,2opt,acceptBad
532,9,4494.149999999999,2,257.7800000000001,move,improve
533,9,4246.259999999998,2,257.7800000000001,swap,improve
534,9,4494.149999999999,2,257.7800000000001,swap,acceptBad
535,9,4750.61,2,257.7800000000001,2opt,acceptBad
536,9,5012.389999999999,2,257.7800000000001,swap,acceptBad
537,9,5006.329999999999,2,257.7800000000001,move,improve
538,9,4072.769999999999,2,257.7800000000001,move,improve
539,9,6218.45,2,257.7800000000001,2opt,acceptBad
540,9,6207.25,2,257.7800000000001,move,improve
541,9,5818.210000000002,2,257.7800000000001,move,improve
542,9,5829.190000000001,2,257.7800000000001,swap,acceptBad
543,9,5671.580000000001,2,257.7800000000001,swap,improve
544,9,5672.659999999999,2,257.7800000000001,2opt,acceptBad
545,9,4033.1699999999996,2,257.7800000000001,move,improve
546,9,4152.509999999999,2,257.7800000000001,swap,acceptBad
547,9,4144.349999999999,2,257.7800000000001,move,improve
548,9,4146.57,2,257.7800000000001,swap,acceptBad
549,9,4142.25,2,257.7800000000001,swap,improve
550,9,4142.25,2,257.7800000000001,move,improve
551,9,4172.1,2,257.7800000000001,swap,acceptBad
552,9,4168.38,2,257.7800000000001,move,improve
553,9,4168.38,2,257.7800000000001,move,improve
554,9,4108.32,2,257.7800000000001,2opt,improve
555,9,4114.8,2,257.7800000000001,2opt,acceptBad
556,9,3871.83,2,257.7800000000001,move,improve
557,9,3583.4599999999996,2,257.7800000000001,move,improve
558,9,6336.000000000001,2,257.7800000000001,swap,acceptBad
559,9,3932.6699999999987,2,257.7800000000001,move,improve
560,9,4639.579999999999,2,257.7800000000001,2opt,acceptBad
561,9,4569.73,2,257.7800000000001,move,improve
562,9,4570.15,2,257.7800000000001,swap,acceptBad
563,9,4301.990000000001,2,257.7800000000001,swap,improve
564,9,4308.110000000001,2,257.7800000000001,2opt,acceptBad
565,9,4762.11,2,257.7800000000001,2opt,acceptBad
566,9,4743.389999999999,2,257.7800000000001,swap,improve
567,9,4743.389999999999,2,257.7800000000001,move,improve
568,9,4736.460000000001,2,257.7800000000001,2opt,improve
569,9,4736.460000000001,2,257.7800000000001,move,improve
570,9,4383.89,2,257.7800000000001,move,improve
571,9,4850.150000000001,2,257.7800000000001,2opt,acceptBad
572,9,5045.870000000001,2,257.7800000000001,2opt,acceptBad
573,9,5127.350000000002,2,257.7800000000001,2opt,acceptBad
574,9,5493.680000000001,2,257.7800000000001,2opt,acceptBad
575,9,5493.680000000001,2,257.7800000000001,2opt,improve
576,9,5254.44,2,257.7800000000001,move,improve
577,9,5250.45,2,257.7800000000001,2opt,improve
578,9,5789.07,2,257.7800000000001,2opt,acceptBad
579,9,5789.07,2,257.7800000000001,move,improve
580,9,5789.07,2,257.7800000000001,move,improve
581,9,5782.74,2,257.7800000000001,move,improve
582,9,5732.109999999999,2,257.7800000000001,swap,improve
583,9,5862.18,2,257.7800000000001,swap,acceptBad
584,9,5816.579999999999,2,257.7800000000001,2opt,improve
585,9,5814.959999999999,2,257.7800000000001,swap,improve
586,9,5797.360000000001,2,257.7800000000001,move,improve
587,9,5797.360000000001,2,257.7800000000001,move,improve
588,9,5797.360000000001,2,257.7800000000001,2opt,improve
589,9,5788.21,2,257.7800000000001,swap,improve
590,9,5673.700000000001,2,257.7800000000001,2opt,improve
591,9,5682.610000000001,2,257.7800000000001,swap,acceptBad
592,9,5675.68,2,257.7800000000001,move,improve
593,9,5675.68,2,257.7800000000001,move,improve
594,9,5675.68,2,257.7800000000001,move,improve
595,9,5681.14,2,257.7800000000001,swap,acceptBad
596,9,6141.15,2,257.7800000000001,swap,acceptBad
597,9,6127.139999999999,2,257.7800000000001,swap,improve
598,10,9597.67,2,257.7800000000001,2opt,acceptBad
599,9,5952.9,2,257.7800000000001,2opt,improve
600,9,5005.38,2,257.7800000000001,move,improve
601,9,5005.38,2,257.7800000000001,move,improve
602,9,4586.54,2,257.7800000000001,swap,improve
603,9,4572.65,2,257.7800000000001,move,improve
604,9,4574.28,2,257.7800000000001,swap,acceptBad
605,9,4433.849999999999,2,257.7800000000001,move,improve
606,9,7110.76,2,257.7800000000001,swap,acceptBad
607,9,7912.509999999999,2,257.7800000000001,2opt,acceptBad
608,9,6332.129999999998,2,257.7800000000001,move,improve
609,9,6330.239999999999,2,257.7800000000001,swap,improve
610,9,6490.839999999998,2,257.7800000000001,swap,acceptBad
611,9,6863.439999999997,2,257.7800000000001,2opt,acceptBad
612,9,7718.859999999998,2,257.7800000000001,swap,acceptBad
613,9,7549.509999999998,2,257.7800000000001,move,improve
614,9,7279.379999999999,2,257.7800000000001,move,improve
615,9,7285.26,2,257.7800000000001,swap,acceptBad
616,9,7165.869999999999,2,257.7800000000001,move,improve
617,9,7027.319999999999,2,257.7800000000001,move,improve
618,9,7027.319999999999,2,257.7800000000001,move,improve
619,9,6921.519999999998,2,257.7800000000001,swap,improve
620,9,6921.519999999998,2,257.7800000000001,2opt,improve
621,9,6921.519999999998,2,257.7800000000001,move,improve
622,10,7904.719999999998,2,257.7800000000001,2opt,acceptBad
623,10,7288.860000000001,2,257.7800000000001,2opt,improve
624,10,7288.860000000001,2,257.7800000000001,move,improve
625,10,7288.860000000001,2,257.7800000000001,move,improve
626,10,7597.069999999998,2,257.7800000000001,2opt,acceptBad
627,10,7001.25,2,257.7800000000001,move,improve
628,10,7121.09,2,257.7800000000001,swap,acceptBad
629,10,6997.610000000001,2,257.7800000000001,2opt,improve
630,10,6764.490000000001,2,257.7800000000001,move,improve
631,10,6654.790000000001,2,257.7800000000001,2opt,improve
632,10,6471.610000000001,2,257.7800000000001,2opt,improve
633,10,6471.610000000001,2,257.7800000000001,move,improve
634,9,4779.26,2,257.7800000000001,move,improve
635,9,4679.370000000001,2,257.7800000000001,swap,improve
636,9,4819.070000000001,2,257.7800000000001,swap,acceptBad
637,9,4869.490000000002,2,257.7800000000001,2opt,acceptBad
638,9,4865.230000000001,2,257.7800000000001,swap,improve
639,9,5039.050000000001,2,257.7800000000001,2opt,acceptBad
640,9,4641.56,2,257.7800000000001,move,improve
641,9,4423.030000000001,2,257.7800000000001,move,improve
642,9,4720.329999999999,2,257.7800000000001,swap,acceptBad
643,9,4720.329999999999,2,257.7800000000001,2opt,improve
644,9,4553.039999999999,2,257.7800000000001,move,improve
645,9,5077.19,2,257.7800000000001,swap,acceptBad
646,9,5077.19,2,257.7800000000001,move,improve
647,9,5051.12,2,257.7800000000001,swap,improve
648,9,4821.410000000001,2,257.7800000000001,move,improve
649,9,4637.48,2,257.7800000000001,move,improve
650,9,4516.860000000001,2,257.7800000000001,move,improve
651,9,4422.46,2,257.7800000000001,2opt,improve
652,9,4419.22,2,257.7800000000001,swap,improve
653,9,4447.12,2,257.7800000000001,swap,acceptBad
654,9,4329.82,2,257.7800000000001,move,improve
655,8,3082.56,2,257.7800000000001,move,improve
656,8,3511.3700000000003,2,257.7800000000001,swap,acceptBad
657,8,3511.3700000000003,2,257.7800000000001,move,improve
658,8,3428.4900000000002,2,257.7800000000001,2opt,improve
659,8,3200.2300000000005,2,257.7800000000001,move,improve
660,8,3200.2300000000005,2,257.7800000000001,2opt,improve
661,8,3212.17,2,257.7800000000001,2opt,acceptBad
662,8,3195.8500000000004,2,257.7800000000001,2opt,improve
663,8,3353.63,2,257.7800000000001,2opt,acceptBad
664,8,3418.3399999999997,2,257.7800000000001,2opt,acceptBad
665,8,3518.5699999999997,2,257.7800000000001,2opt,acceptBad
666,8,3510.98,2,257.7800000000001,2opt,improve
667,8,3513.05,2,257.7800000000001,2opt,acceptBad
668,8,3697.83,2,257.7800000000001,2opt,acceptBad
669,8,2881.17,2,257.7800000000001,move,improve
670,8,2650.6699999999996,2,257.7800000000001,move,improve
671,8,2943.1900000000005,2,257.7800000000001,move,acceptBad
672,8,3479.79,2,257.7800000000001,swap,acceptBad
673,8,3476.1600000000003,2,257.7800000000001,2opt,improve
674,8,3031.99,2,257.7800000000001,swap,improve
675,8,3015.22,2,257.7800000000001,move,improve
676,8,3015.22,2,257.7800000000001,move,improve
677,8,3015.22,2,257.7800000000001,move,improve
678,8,2758.9599999999996,2,257.7800000000001,move,improve
679,8,4732.82,2,257.7800000000001,swap,acceptBad
680,8,4722.049999999999,2,257.7800000000001,2opt,improve
681,8,4715.36,2,257.7800000000001,2opt,improve
682,8,3570.7899999999995,2,257.7800000000001,move,improve
683,8,3733.8499999999995,2,257.7800000000001,swap,acceptBad
684,8,3733.8499999999995,2,257.7800000000001,move,improve
685,8,3737.1199999999994,2,257.7800000000001,2opt,acceptBad
686,8,4134.069999999999,2,257.7800000000001,swap,acceptBad
687,8,4110.879999999999,2,257.7800000000001,2opt,improve
688,8,4105.9,2,257.7800000000001,swap,improve
689,8,4112.08,2,257.7800000000001,2opt,acceptBad
690,8,3098.1800000000003,2,257.7800000000001,swap,improve
691,8,3575.6899999999996,2,257.7800000000001,2opt,acceptBad
692,8,3472.849999999999,2,257.7800000000001,swap,improve
693,8,3511.849999999999,2,257.7800000000001,swap,acceptBad
694,8,4769.709999999999,2,257.7800000000001,2opt,acceptBad
695,8,4878.2699999999995,2,257.7800000000001,2opt,acceptBad
696,9,5539.3099999999995,2,257.7800000000001,2opt,acceptBad
697,10,8142.16,2,257.7800000000001,2opt,acceptBad
698,10,7514.09,2,257.7800000000001,move,improve
699,10,7543.83,2,257.7800000000001,swap,acceptBad
700,10,7473.079999999999,2,257.7800000000001,move,improve
701,10,7062.469999999999,2,257.7800000000001,swap,improve
702,10,6753.1,2,257.7800000000001,move,improve
703,10,7159.01,2,257.7800000000001,2opt,acceptBad
704,9,6244.26,2,257.7800000000001,2opt,improve
705,9,5503.71,2,257.7800000000001,move,improve
706,9,4936.84,2,257.7800000000001,move,improve
707,9,7039.719999999998,2,257.7800000000001,swap,acceptBad
708,9,7157.539999999997,2,257.7800000000001,swap,acceptBad
709,9,5858.56,2,257.7800000000001,swap,improve
710,8,4765.03,2,257.7800000000001,2opt,improve
711,8,4545.49,2,257.7800000000001,move,improve
712,8,4541.609999999999,2,257.7800000000001,swap,improve
713,8,4541.609999999999,2,257.7800000000001,2opt,notBad
714,8,3945.6699999999983,2,257.7800000000001,2opt,improve
715,8,4754.320000000001,2,257.7800000000001,2opt,acceptBad
716,8,4756.930000000001,2,257.7800000000001,swap,acceptBad
717,9,6001.960000000001,2,257.7800000000001,2opt,acceptBad
718,9,5404.92,2,257.7800000000001,move,improve
719,9,5404.11,2,257.7800000000001,swap,improve
720,9,5404.11,2,257.7800000000001,move,improve
721,9,5358.89,2,257.7800000000001,move,improve
722,9,4893.29,2,257.7800000000001,move,improve
723,9,4875.92,2,257.7800000000001,move,improve
724,9,4945.609999999999,2,257.7800000000001,swap,acceptBad
725,9,4961.509999999998,2,257.7800000000001,swap,acceptBad
726,9,7027.989999999999,2,257.7800000000001,swap,acceptBad
727,9,6738.299999999999,2,257.7800000000001,move,improve
728,9,6737.460000000001,2,257.7800000000001,2opt,improve
729,9,5793.589999999999,2,257.7800000000001,move,improve
730,9,6168.529999999999,2,257.7800000000001,swap,acceptBad
731,9,6156.859999999999,2,257.7800000000001,move,improve
732,9,6489.63,2,257.7800000000001,swap,acceptBad
733,9,5432.759999999998,2,257.7800000000001,move,improve
734,9,5438.249999999998,2,257.7800000000001,swap,acceptBad
735,8,4041.579999999999,2,257.7800000000001,2opt,improve
736,8,4044.3399999999992,2,257.7800000000001,swap,acceptBad
737,8,4041.5799999999995,2,257.7800000000001,2opt,improve
738,8,4041.5799999999995,2,257.7800000000001,2opt,improve
739,8,4170.969999999999,2,257.7800000000001,2opt,acceptBad
740,8,3845.06,2,257.7800000000001,move,improve
741,8,3726.43,2,257.7800000000001,move,improve
742,8,3721.57,2,257.7800000000001,2opt,improve
743,8,3515.26,2,257.7800000000001,swap,improve
744,8,3518.6200000000003,2,257.7800000000001,swap,acceptBad
745,8,3501.9700000000003,2,257.7800000000001,move,improve
746,8,3502.69,2,257.7800000000001,swap,acceptBad
747,8,3502.69,2,257.7800000000001,move,improve
748,8,3504.19,2,257.7800000000001,swap,acceptBad
749,8,2784.21,2,257.7800000000001,swap,improve
750,8,2786.22,2,257.7800000000001,2opt,acceptBad
751,8,2786.22,2,257.7800000000001,move,improve
752,8,2786.22,2,257.7800000000001,move,improve
753,8,2778.8999999999996,2,257.7800000000001,2opt,improve
754,8,2431.2999999999997,2,257.7800000000001,move,improve
755,8,2163.0299999999997,2,257.7800000000001,swap,improve
756,8,2121.4299999999994,2,257.7800000000001,move,improve
757,8,2271.4199999999996,2,257.7800000000001,2opt,acceptBad
758,8,2277.99,2,257.7800000000001,swap,acceptBad
759,8,2272.47,2,257.7800000000001,swap,improve
760,8,2287.74,2,257.7800000000001,swap,acceptBad
761,7,1488.4199999999998,2,257.7800000000001,move,improve
762,7,1477.0700000000002,2,257.7800000000001,swap,improve
763,8,2813.14,2,257.7800000000001,2opt,acceptBad
764,8,2806.6899999999996,2,257.7800000000001,move,improve
765,7,2072.2399999999993,2,257.7800000000001,move,improve
766,7,2791.5299999999997,2,257.7800000000001,swap,acceptBad
767,7,2907.3900000000003,2,257.7800000000001,2opt,acceptBad
768,7,2907.3900000000003,2,257.7800000000001,move,improve
769,7,2928.78,2,257.7800000000001,swap,acceptBad
770,7,2879.7,2,257.7800000000001,swap,improve
771,7,2862.5099999999998,2,257.7800000000001,swap,improve
772,7,2385.71,2,257.7800000000001,move,improve
773,7,1806.16,2,257.7800000000001,move,improve
774,7,1802.17,2,257.7800000000001,swap,improve
775,7,1792.03,2,257.7800000000001,move,improve
776,7,1787.11,2,257.7800000000001,swap,improve
777,7,1677.31,2,257.7800000000001,swap,improve
778,7,1668.85,2,257.7800000000001,move,improve
779,7,1668.85,2,257.7800000000001,move,improve
780,7,1668.85,2,257.7800000000001,move,improve
781,8,3128.2299999999996,2,257.7800000000001,2opt,acceptBad
782,8,2826.1600000000003,2,257.7800000000001,move,improve
783,8,2824.24,2,257.7800000000001,2opt,improve
784,8,2819.3799999999997,2,257.7800000000001,move,improve
785,8,2819.3799999999997,2,257.7800000000001,move,improve
786,8,2816.41,2,257.7800000000001,2opt,improve
787,8,2750.14,2,257.7800000000001,move,improve
788,8,2750.14,2,257.7800000000001,move,improve
789,8,2750.14,2,257.7800000000001,move,improve
790,8,2734.5099999999998,2,257.7800000000001,swap,improve
791,8,2709.4,2,257.7800000000001,move,improve
792,8,2709.4,2,257.7800000000001,move,improve
793,8,2531.4100000000003,2,257.7800000000001,move,improve
794,8,2534.53,2,257.7800000000001,swap,acceptBad
795,8,2519.2300000000005,2,257.7800000000001,move,improve
796,8,2535.0400000000004,2,257.7800000000001,swap,acceptBad
797,8,3695.82,2,257.7800000000001,move,acceptBad
798,8,3692.52,2,257.7800000000001,move,improve
799,8,4987.049999999999,2,257.7800000000001,swap,acceptBad
800,8,4041.48,2,257.7800000000001,2opt,improve
801,7,2026.1899999999998,2,257.7800000000001,2opt,improve
802,7,2026.1899999999998,2,257.7800000000001,move,improve
803,7,2003.4799999999998,2,257.7800000000001,swap,improve
804,8,3937.1,2,257.7800000000001,2opt,acceptBad
805,8,3937.1,2,257.7800000000001,2opt,improve
806,8,4155.699999999999,2,257.7800000000001,2opt,acceptBad
807,8,4694.459999999999,2,257.7800000000001,swap,acceptBad
808,8,4686.839999999999,2,257.7800000000001,swap,improve
809,8,4626.45,2,257.7800000000001,swap,improve
810,8,3442.51,2,257.7800000000001,move,improve
811,8,3456.55,2,257.7800000000001,swap,acceptBad
812,8,4606.619999999999,2,257.7800000000001,swap,acceptBad
813,8,3782.8199999999997,2,257.7800000000001,move,improve
814,8,3782.8199999999997,2,257.7800000000001,2opt,notBad
815,8,3389.14,2,257.7800000000001,swap,improve
816,8,3538.459999999999,2,257.7800000000001,swap,acceptBad
817,8,3628.4899999999993,2,257.7800000000001,swap,acceptBad
818,8,3628.4899999999993,2,257.7800000000001,2opt,improve
819,8,3620.3899999999994,2,257.7800000000001,swap,improve
820,8,3628.4899999999993,2,257.7800000000001,swap,acceptBad
821,8,5823.5999999999985,2,257.7800000000001,2opt,acceptBad
822,8,5823.5999999999985,2,257.7800000000001,move,improve
823,8,4409.9,2,257.7800000000001,move,improve
824,8,4374.379999999999,2,257.7800000000001,swap,improve
825,8,4376.659999999999,2,257.7800000000001,swap,acceptBad
826,8,4376.659999999999,2,257.7800000000001,2opt,improve
827,8,4288.46,2,257.7800000000001,swap,improve
828,8,4403.93,2,257.7800000000001,swap,acceptBad
829,8,4063.06,2,257.7800000000001,move,improve
830,8,4069.42,2,257.7800000000001,swap,acceptBad
831,8,3980.4999999999986,2,257.7800000000001,2opt,improve
832,8,3982.5699999999993,2,257.7800000000001,2opt,acceptBad
833,9,6219.7699999999995,2,257.7800000000001,2opt,acceptBad
834,9,6218.929999999999,2,257.7800000000001,2opt,improve
835,9,6390.57,2,257.7800000000001,swap,acceptBad
836,9,6388.29,2,257.7800000000001,2opt,improve
837,9,5242.15,2,257.7800000000001,move,improve
838,9,5242.15,2,257.7800000000001,move,improve
839,9,5248.419999999999,2,257.7800000000001,2opt,acceptBad
840,9,5249.379999999999,2,257.7800000000001,swap,acceptBad
841,9,5235.61,2,257.7800000000001,swap,improve
842,9,5067.279999999999,2,257.7800000000001,move,improve
843,9,5067.729999999999,2,257.7800000000001,2opt,acceptBad
844,9,5064.249999999999,2,257.7800000000001,move,improve
845,9,4952.589999999999,2,257.7800000000001,move,improve
846,9,5204.17,2,257.7800000000001,2opt,acceptBad
847,9,5165.1799999999985,2,257.7800000000001,swap,improve
848,8,4022.7499999999995,2,257.7800000000001,move,improve
849,8,4024.3699999999985,2,257.7800000000001,2opt,acceptBad
850,8,6067.729999999999,2,257.7800000000001,2opt,acceptBad
851,9,7336.7,2,257.7800000000001,2opt,acceptBad
852,9,5717.0199999999995,2,257.7800000000001,swap,improve
853,9,7141.039999999998,2,257.7800000000001,2opt,acceptBad
854,9,5459.9299999999985,2,257.7800000000001,2opt,improve
855,9,4245.069999999999,2,257.7800000000001,move,improve
856,9,3994.82,2,257.7800000000001,2opt,improve
857,9,3784.25,2,257.7800000000001,move,improve
858,9,3796.8199999999997,2,257.7800000000001,2opt,acceptBad
859,9,6764.95,2,257.7800000000001,swap,acceptBad
860,9,6769.66,2,257.7800000000001,swap,acceptBad
861,9,7363.680000000001,2,257.7800000000001,swap,acceptBad
862,9,7363.680000000001,2,257.7800000000001,2opt,improve
863,9,6884.789999999999,2,257.7800000000001,move,improve
864,9,4690.219999999999,2,257.7800000000001,move,improve
865,9,4929.279999999999,2,257.7800000000001,swap,acceptBad
866,9,5146.739999999999,2,257.7800000000001,2opt,acceptBad
867,9,4468.579999999999,2,257.7800000000001,swap,improve
868,8,2868.34,2,257.7800000000001,move,improve
869,8,2491.15,2,257.7800000000001,move,improve
870,8,2483.86,2,257.7800000000001,swap,improve
871,8,2893.4499999999994,2,257.7800000000001,swap,acceptBad
872,8,2882.1399999999994,2,257.7800000000001,move,improve
873,8,3074.6399999999994,2,257.7800000000001,swap,acceptBad
874,8,3637.9900000000002,2,257.7800000000001,swap,acceptBad
875,8,3665.4500000000007,2,257.7800000000001,swap,acceptBad
876,8,3679.669999999999,2,257.7800000000001,2opt,acceptBad
877,8,3662.359999999999,2,257.7800000000001,move,improve
878,8,3869.1499999999996,2,257.7800000000001,swap,acceptBad
879,8,3708.1499999999996,2,257.7800000000001,swap,improve
880,8,3695.62,2,257.7800000000001,swap,improve
881,8,3848.75,2,257.7800000000001,2opt,acceptBad
882,8,3948.69,2,257.7800000000001,2opt,acceptBad
883,9,6902.299999999999,2,257.7800000000001,2opt,acceptBad
884,9,6756.729999999998,2,257.7800000000001,swap,improve
885,9,5892.369999999998,2,257.7800000000001,swap,improve
886,9,5899.329999999999,2,257.7800000000001,2opt,acceptBad
887,9,5899.329999999999,2,257.7800000000001,2opt,improve
888,9,5787.6,2,257.7800000000001,move,improve
889,9,5787.6,2,257.7800000000001,2opt,improve
890,9,5122.7699999999995,2,257.7800000000001,move,improve
891,9,5165.91,2,257.7800000000001,swap,acceptBad
892,9,4933.619999999999,2,257.7800000000001,move,improve
893,9,4284.89,2,257.7800000000001,swap,improve
894,9,4284.53,2,257.7800000000001,swap,improve
895,9,6233.649999999998,2,257.7800000000001,swap,acceptBad
896,9,4470.47,2,257.7800000000001,2opt,improve
897,9,4472.48,2,257.7800000000001,swap,acceptBad
898,9,6395.089999999999,2,257.7800000000001,swap,acceptBad
899,9,6395.089999999999,2,257.7800000000001,2opt,improve
900,9,6536.009999999999,2,257.7800000000001,swap,acceptBad
901,9,6397.15,2,257.7800000000001,move,improve
902,9,5134.580000000001,2,257.7800000000001,move,improve
903,9,4799.84,2,257.7800000000001,move,improve
904,9,4524.89,2,257.7800000000001,swap,improve
905,8,3046.0699999999993,2,257.7800000000001,2opt,improve
906,8,2902.56,2,257.7800000000001,swap,improve
907,8,3434.1499999999996,2,257.7800000000001,2opt,acceptBad
908,8,3434.1499999999996,2,257.7800000000001,move,improve
909,8,3386.8099999999995,2,257.7800000000001,swap,improve
910,8,3148.88,2,257.7800000000001,move,improve
911,8,2340.2000000000003,2,257.7800000000001,2opt,improve
912,9,4638.639999999999,2,257.7800000000001,2opt,acceptBad
913,9,4638.639999999999,2,257.7800000000001,move,improve
914,9,4999.570000000001,2,257.7800000000001,2opt,acceptBad
915,9,5897.820000000001,2,257.7800000000001,swap,acceptBad
916,9,5492.009999999999,2,257.7800000000001,swap,improve
917,9,5492.64,2,257.7800000000001,2opt,acceptBad
918,9,5470.2699999999995,2,257.7800000000001,swap,improve
919,9,5469.3099999999995,2,257.7800000000001,swap,improve
920,9,5473.209999999999,2,257.7800000000001,2opt,acceptBad
921,9,5457.17,2,257.7800000000001,swap,improve
922,9,5455.4,2,257.7800000000001,2opt,improve
923,9,5462.209999999999,2,257.7800000000001,swap,acceptBad
924,9,5464.94,2,257.7800000000001,swap,acceptBad
925,9,4856.509999999999,2,257.7800000000001,swap,improve
926,9,6499.540000000001,2,257.7800000000001,swap,acceptBad
927,9,6467.9,2,257.7800000000001,swap,improve
928,9,5512.49,2,257.7800000000001,move,improve
929,9,5513.8099999999995,2,257.7800000000001,2opt,acceptBad
930,9,5422.36,2,257.7800000000001,2opt,improve
931,9,5467.0599999999995,2,257.7800000000001,2opt,acceptBad
932,9,5457.25,2,257.7800000000001,move,improve
933,9,4841.11,2,257.7800000000001,move,improve
934,8,3504.5299999999997,2,257.7800000000001,move,improve
935,8,3424.6099999999997,2,257.7800000000001,move,improve
936,8,3424.6099999999997,2,257.7800000000001,move,improve
937,9,4955.6900000000005,2,257.7800000000001,2opt,acceptBad
938,9,4962.4400000000005,2,257.7800000000001,2opt,acceptBad
939,9,4968.589999999999,2,257.7800000000001,2opt,acceptBad
940,9,4968.32,2,257.7800000000001,2opt,improve
941,10,8431.7,2,257.7800000000001,2opt,acceptBad
942,10,8426.09,2,257.7800000000001,swap,improve
943,10,7786.22,2,257.7800000000001,move,improve
944,10,6962.510000000001,2,257.7800000000001,move,improve
945,10,7949.84,2,257.7800000000001,2opt,acceptBad
946,10,7944.619999999999,2,257.7800000000001,2opt,improve
947,10,7949.150000000001,2,257.7800000000001,2opt,acceptBad
948,10,7950.110000000001,2,257.7800000000001,swap,acceptBad
949,10,7950.439999999999,2,257.7800000000001,2opt,acceptBad
950,10,7543.879999999998,2,257.7800000000001,move,improve
951,10,7314.439999999999,2,257.7800000000001,move,improve
952,10,7306.869999999999,2,257.7800000000001,swap,improve
953,10,7299.159999999997,2,257.7800000000001,2opt,improve
954,10,6551.429999999999,2,257.7800000000001,move,improve
955,10,6520.499999999998,2,257.7800000000001,move,improve
956,10,6520.589999999997,2,257.7800000000001,2opt,acceptBad
957,10,6978.899999999999,2,257.7800000000001,swap,acceptBad
958,10,9597.320000000002,2,257.7800000000001,2opt,acceptBad
959,9,5653.56,2,257.7800000000001,move,improve
960,9,5874.670000000001,2,257.7800000000001,2opt,acceptBad
961,9,5726.860000000001,2,257.7800000000001,move,improve
962,9,5201.81,2,257.7800000000001,swap,improve
963,9,5201.6,2,257.7800000000001,2opt,improve
964,9,5195.81,2,257.7800000000001,swap,improve
965,9,5195.81,2,257.7800000000001,2opt,notBad
966,9,5195.81,2,257.7800000000001,2opt,improve
967,9,5191.97,2,257.7800000000001,swap,improve
968,9,5457.289999999999,2,257.7800000000001,2opt,acceptBad
969,10,7647.48,2,257.7800000000001,2opt,acceptBad
970,10,7102.369999999999,2,257.7800000000001,swap,improve
971,10,7101.229999999999,2,257.7800000000001,swap,improve
972,9,5349.479999999999,2,257.7800000000001,move,improve
973,9,5230.139999999999,2,257.7800000000001,move,improve
974,9,5229.24,2,257.7800000000001,2opt,improve
975,9,5301.72,2,257.7800000000001,swap,acceptBad
976,9,5314.44,2,257.7800000000001,swap,acceptBad
977,9,5148.089999999999,2,257.7800000000001,2opt,improve
978,9,4395.66,2,257.7800000000001,move,improve
979,9,4091.92,2,257.7800000000001,move,improve
980,9,3749.6800000000003,2,257.7800000000001,move,improve
981,9,3835.4799999999996,2,257.7800000000001,2opt,acceptBad
982,9,3960.8199999999993,2,257.7800000000001,2opt,acceptBad
983,9,3967.1800000000007,2,257.7800000000001,2opt,acceptBad
984,9,3967.1800000000007,2,257.7800000000001,move,improve
985,9,3984.099999999999,2,257.7800000000001,2opt,acceptBad
986,9,4813.1799999999985,2,257.7800000000001,swap,acceptBad
987,9,4800.219999999999,2,257.7800000000001,2opt,improve
988,9,4801.149999999999,2,257.7800000000001,2opt,acceptBad
989,9,4791.309999999999,2,257.7800000000001,swap,improve
990,9,4516.6,2,257.7800000000001,swap,improve
991,9,4516.6,2,257.7800000000001,move,improve
992,9,3997.2299999999996,2,257.7800000000001,move,improve
993,9,3962.9099999999994,2,257.7800000000001,move,improve
994,9,3949.2299999999996,2,257.7800000000001,move,improve
995,9,6757.529999999999,2,257.7800000000001,swap,acceptBad
996,9,7417.319999999998,2,257.7800000000001,2opt,acceptBad
997,9,7417.319999999998,2,257.7800000000001,2opt,improve
998,9,7422.029999999998,2,257.7800000000001,swap,acceptBad
999,9,7422.029999999998,2,257.7800000000001,2opt,improve
1000,9,7416.029999999998,2,257.7800000000001,2opt,improve
1001,9,6767.359999999998,2,257.7800000000001,2opt,improve
1002,8,5083.999999999999,2,257.7800000000001,2opt,improve
1003,8,5076.53,2,257.7800000000001,swap,improve
1004,8,5702.2699999999995,2,257.7800000000001,swap,acceptBad
1005,8,3718.3699999999994,2,257.7800000000001,move,improve
1006,8,3525.05,2,257.7800000000001,move,improve
1007,8,3521.1499999999996,2,257.7800000000001,2opt,improve
1008,8,3500.7700000000004,2,257.7800000000001,swap,improve
1009,8,3370.8699999999994,2,257.7800000000001,2opt,improve
1010,8,3370.8699999999994,2,257.7800000000001,2opt,improve
1011,8,3368.7999999999993,2,257.7800000000001,swap,improve
1012,8,3384.219999999999,2,257.7800000000001,2opt,acceptBad
1013,7,2772.3299999999995,2,257.7800000000001,2opt,improve
1014,7,2554.6499999999996,2,257.7800000000001,move,improve
1015,7,2807.7999999999993,2,257.7800000000001,swap,acceptBad
1016,7,2871.13,2,257.7800000000001,2opt,acceptBad
1017,7,2707.0099999999998,2,257.7800000000001,2opt,improve
1018,7,2705.18,2,257.7800000000001,swap,improve
1019,7,2705.18,2,257.7800000000001,move,improve
1020,7,2724.37,2,257.7800000000001,swap,acceptBad
1021,7,2722.8700000000003,2,257.7800000000001,2opt,improve
1022,7,2722.8700000000003,2,257.7800000000001,move,improve
1023,7,2730.0099999999998,2,257.7800000000001,2opt,acceptBad
1024,8,4083.77,2,257.7800000000001,2opt,acceptBad
1025,8,4091.18,2,257.7800000000001,swap,acceptBad
1026,8,4083.08,2,257.7800000000001,swap,improve
1027,8,4081.7,2,257.7800000000001,swap,improve
1028,8,4536.5,2,257.7800000000001,swap,acceptBad
1029,8,4640.96,2,257.7800000000001,swap,acceptBad
1030,8,4658.94,2,257.7800000000001,swap,acceptBad
1031,8,4537.4800000000005,2,257.7800000000001,2opt,improve
1032,8,4324.299999999999,2,257.7800000000001,2opt,improve
1033,8,4368.849999999999,2,257.7800000000001,swap,acceptBad
1034,8,3444.75,2,257.7800000000001,move,improve
1035,8,3436.1099999999997,2,257.7800000000001,2opt,improve
1036,8,4186.92,2,257.7800000000001,2opt,acceptBad
1037,8,4182.54,2,257.7800000000001,move,improve
1038,8,6366.98,2,257.7800000000001,2opt,acceptBad
1039,8,6985.369999999999,2,257.7800000000001,swap,acceptBad
1040,8,6505.65,2,257.7800000000001,move,improve
1041,8,6629.409999999999,2,257.7800000000001,swap,acceptBad
1042,8,6671.939999999999,2,257.7800000000001,swap,acceptBad
1043,8,6709.549999999999,2,257.7800000000001,2opt,acceptBad
1044,8,6634.039999999999,2,257.7800000000001,swap,improve
1045,8,6053.61,2,257.7800000000001,swap,improve
1046,8,5758.66,2,257.7800000000001,move,improve
1047,8,5854.990000000001,2,257.7800000000001,2opt,acceptBad
1048,8,5863.259999999998,2,257.7800000000001,2opt,acceptBad
1049,8,6188.6,2,257.7800000000001,2opt,acceptBad
1050,8,6151.83,2,257.7800000000001,swap,improve
1051,8,6151.83,2,257.7800000000001,2opt,improve
1052,8,6161.13,2,257.7800000000001,swap,acceptBad
1053,8,6415.54,2,257.7800000000001,2opt,acceptBad
1054,8,6423.52,2,257.7800000000001,2opt,acceptBad
1055,8,5997.250000000002,2,257.7800000000001,2opt,improve
1056,8,5988.460000000001,2,257.7800000000001,2opt,improve
1057,8,5810.719999999999,2,257.7800000000001,move,improve
1058,8,5594.86,2,257.7800000000001,move,improve
1059,8,5615.5599999999995,2,257.7800000000001,swap,acceptBad
1060,8,5470.31,2,257.7800000000001,2opt,improve
1061,8,5470.31,2,257.7800000000001,2opt,notBad
1062,8,5603.95,2,257.7800000000001,swap,acceptBad
1063,8,5471.030000000001,2,257.7800000000001,move,improve
1064,8,6434.49,2,257.7800000000001,2opt,acceptBad
1065,8,5048.37,2,257.7800000000001,swap,improve
1066,8,4960.1399999999985,2,257.7800000000001,2opt,improve
1067,8,4876.489999999999,2,257.7800000000001,2opt,improve
1068,8,4737.289999999998,2,257.7800000000001,move,improve
1069,8,4740.619999999998,2,257.7800000000001,swap,acceptBad
1070,8,4757.12,2,257.7800000000001,2opt,acceptBad
1071,8,4766.989999999999,2,257.7800000000001,swap,acceptBad
1072,8,4763.869999999999,2,257.7800000000001,swap,improve
1073,8,4763.869999999999,2,257.7800000000001,2opt,improve
1074,8,4759.369999999999,2,257.7800000000001,swap,improve
1075,8,4705.9,2,257.7800000000001,swap,improve
1076,8,4705.9,2,257.7800000000001,2opt,improve
1077,8,4859.339999999999,2,257.7800000000001,swap,acceptBad
1078,8,5040.1399999999985,2,257.7800000000001,2opt,acceptBad
1079,8,5416.389999999999,2,257.7800000000001,swap,acceptBad
1080,8,5835.559999999999,2,257.7800000000001,swap,acceptBad
1081,8,3711.01,2,257.7800000000001,move,improve
1082,8,4650.329999999999,2,257.7800000000001,swap,acceptBad
1083,8,4126.929999999999,2,257.7800000000001,move,improve
1084,8,4238.129999999998,2,257.7800000000001,swap,acceptBad
1085,8,3824.3099999999995,2,257.7800000000001,2opt,improve
1086,8,3824.3099999999995,2,257.7800000000001,move,improve
1087,8,4519.53,2,257.7800000000001,2opt,acceptBad
1088,8,4519.53,2,257.7800000000001,move,improve
1089,8,4518.66,2,257.7800000000001,swap,improve
1090,8,4332.4400000000005,2,257.7800000000001,move,improve
1091,8,4464.639999999999,2,257.7800000000001,swap,acceptBad
1092,8,4639.16,2,257.7800000000001,2opt,acceptBad
1093,8,4468.86,2,257.7800000000001,2opt,improve
1094,8,4419.86,2,257.7800000000001,swap,improve
1095,8,4422.86,2,257.7800000000001,2opt,acceptBad
1096,8,4321.579999999999,2,257.7800000000001,move,improve
1097,8,3952.1400000000003,2,257.7800000000001,move,improve
1098,8,3953.82,2,257.7800000000001,2opt,acceptBad
1099,8,3964.26,2,257.7800000000001,2opt,acceptBad
1100,8,3944.8500000000004,2,257.7800000000001,move,improve
1101,8,3943.2499999999995,2,257.7800000000001,2opt,improve
1102,8,3938.769999999999,2,257.7800000000001,move,improve
1103,8,3938.769999999999,2,257.7800000000001,move,improve
1104,8,4379.0199999999995,2,257.7800000000001,2opt,acceptBad
1105,8,4163.119999999999,2,257.7800000000001,swap,improve
1106,8,4165.339999999999,2,257.7800000000001,swap,acceptBad
1107,8,4165.339999999999,2,257.7800000000001,move,improve
1108,8,3512.8799999999997,2,257.7800000000001,2opt,improve
1109,8,3287.2500000000005,2,257.7800000000001,move,improve
1110,8,3493.77,2,257.7800000000001,2opt,acceptBad
1111,8,3576.0299999999984,2,257.7800000000001,2opt,acceptBad
1112,8,3426.75,2,257.7800000000001,swap,improve
1113,9,6857.869999999999,2,257.7800000000001,2opt,acceptBad
1114,9,6540.740000000002,2,257.7800000000001,swap,improve
1115,9,6540.740000000002,2,257.7800000000001,2opt,notBad
1116,9,8280.82,2,257.7800000000001,swap,acceptBad
1117,9,8279.379999999997,2,257.7800000000001,move,improve
1118,9,7587.09,2,257.7800000000001,swap,improve
1119,9,7717.270000000001,2,257.7800000000001,swap,acceptBad
1120,9,5594.039999999999,2,257.7800000000001,move,improve
1121,9,5009.08,2,257.7800000000001,move,improve
1122,9,5009.08,2,257.7800000000001,move,improve
1123,9,5013.4,2,257.7800000000001,swap,acceptBad
1124,9,5036.9299999999985,2,257.7800000000001,swap,acceptBad
1125,9,5046.559999999998,2,257.7800000000001,2opt,acceptBad
1126,9,5048.75,2,257.7800000000001,2opt,acceptBad
1127,9,7289.559999999998,2,257.7800000000001,swap,acceptBad
1128,9,4464.04,2,257.7800000000001,move,improve
1129,9,4825.11,2,257.7800000000001,swap,acceptBad
1130,9,5221.189999999999,2,257.7800000000001,swap,acceptBad
1131,9,5221.189999999999,2,257.7800000000001,2opt,improve
1132,9,5227.159999999999,2,257.7800000000001,swap,acceptBad
1133,9,5224.3099999999995,2,257.7800000000001,swap,improve
1134,9,4518.690000000001,2,257.7800000000001,swap,improve
1135,9,5092.3099999999995,2,257.7800000000001,swap,acceptBad
1136,9,5090.69,2,257.7800000000001,swap,improve
1137,9,4753.339999999999,2,257.7800000000001,move,improve
1138,9,4742.649999999998,2,257.7800000000001,2opt,improve
1139,9,5199.7,2,257.7800000000001,2opt,acceptBad
1140,9,5199.7,2,257.7800000000001,move,improve
1141,9,4894.159999999999,2,257.7800000000001,swap,improve
1142,9,5116.350000000001,2,257.7800000000001,2opt,acceptBad
1143,9,4943.06,2,257.7800000000001,move,improve
1144,9,4943.72,2,257.7800000000001,swap,acceptBad
1145,9,4904.21,2,257.7800000000001,2opt,improve
1146,9,4912.4,2,257.7800000000001,swap,acceptBad
1147,9,4913.99,2,257.7800000000001,swap,acceptBad
1148,9,5245.18,2,257.7800000000001,swap,acceptBad
1149,9,4702.209999999999,2,257.7800000000001,move,improve
1150,9,4711.239999999998,2,257.7800000000001,2opt,acceptBad
1151,9,4723.819999999999,2,257.7800000000001,swap,acceptBad
1152,9,4723.819999999999,2,257.7800000000001,move,improve
1153,9,4959.859999999999,2,257.7800000000001,swap,acceptBad
1154,9,4959.859999999999,2,257.7800000000001,2opt,notBad
1155,9,4951.699999999999,2,257.7800000000001,2opt,improve
1156,9,7496.899999999999,2,257.7800000000001,swap,acceptBad
1157,9,7255.579999999998,2,257.7800000000001,swap,improve
1158,9,7243.759999999998,2,257.7800000000001,2opt,improve
1159,9,5251.209999999999,2,257.7800000000001,move,improve
1160,9,6571.209999999999,2,257.7800000000001,swap,acceptBad
1161,9,6460.429999999999,2,257.7800000000001,2opt,improve
1162,9,6460.429999999999,2,257.7800000000001,2opt,improve
1163,9,6468.259999999999,2,257.7800000000001,2opt,acceptBad
1164,8,4190.06,2,257.7800000000001,move,improve
1165,8,4184.660000000001,2,257.7800000000001,swap,improve
1166,8,4190.599999999999,2,257.7800000000001,2opt,acceptBad
1167,8,3626.5999999999995,2,257.7800000000001,move,improve
1168,8,3660.3499999999995,2,257.7800000000001,swap,acceptBad
1169,8,3646.3399999999997,2,257.7800000000001,swap,improve
1170,8,3636.8599999999997,2,257.7800000000001,move,improve
1171,8,3645.709999999999,2,257.7800000000001,2opt,acceptBad
1172,8,3635.6299999999997,2,257.7800000000001,2opt,improve
1173,8,4630.69,2,257.7800000000001,2opt,acceptBad
1174,8,3592.8799999999997,2,257.7800000000001,move,improve
1175,8,3379.1399999999994,2,257.7800000000001,move,improve
1176,8,3379.1399999999994,2,257.7800000000001,move,improve
1177,8,3378.1199999999994,2,257.7800000000001,move,improve
1178,8,3395.0299999999997,2,257.7800000000001,2opt,acceptBad
1179,8,3403.94,2,257.7800000000001,swap,acceptBad
1180,8,3403.94,2,257.7800000000001,move,improve
1181,8,4217.450000000001,2,257.7800000000001,swap,acceptBad
1182,8,2903.2399999999993,2,257.7800000000001,move,improve
1183,8,3303.2299999999996,2,257.7800000000001,2opt,acceptBad
1184,8,2805.419999999999,2,257.7800000000001,move,improve
1185,8,2639.6600000000003,2,257.7800000000001,move,improve
1186,8,2403.9900000000002,2,257.7800000000001,move,improve
1187,8,2334.17,2,257.7800000000001,move,improve
1188,8,2192.5,2,257.7800000000001,move,improve
1189,8,2192.5,2,257.7800000000001,move,improve
1190,7,1637.2599999999998,2,257.7800000000001,move,improve
1191,7,1637.2599999999998,2,257.7800000000001,move,improve
1192,7,1928.0700000000002,2,257.7800000000001,2opt,acceptBad
1193,7,1925.7300000000002,2,257.7800000000001,2opt,improve
1194,7,2168.04,2,257.7800000000001,2opt,acceptBad
1195,7,2174.1,2,257.7800000000001,swap,acceptBad
1196,7,2174.1,2,257.7800000000001,move,improve
1197,7,2184.8999999999996,2,257.7800000000001,2opt,acceptBad
1198,7,2183.31,2,257.7800000000001,2opt,improve
1199,7,2213.32,2,257.7800000000001,2opt,acceptBad
1200,7,2213.26,2,257.7800000000001,2opt,improve
1201,7,3185.36,2,257.7800000000001,2opt,acceptBad
1202,6,1795.58,2,257.7800000000001,2opt,improve
1203,6,1783.1699999999996,2,257.7800000000001,2opt,improve
1204,6,2468.27,2,257.7800000000001,swap,acceptBad
1205,6,2501.8,2,257.7800000000001,swap,acceptBad
1206,6,2941.0099999999998,2,257.7800000000001,swap,acceptBad
1207,6,2937.4999999999995,2,257.7800000000001,swap,improve
1208,6,2934.429999999999,2,257.7800000000001,move,improve
1209,6,2530.0399999999995,2,257.7800000000001,move,improve
1210,6,2889.6099999999997,2,257.7800000000001,2opt,acceptBad
1211,6,2866.6,2,257.7800000000001,swap,improve
1212,6,2319.58,2,257.7800000000001,move,improve
1213,6,2319.58,2,257.7800000000001,move,improve
1214,7,2936.49,2,257.7800000000001,2opt,acceptBad
1215,7,2910.4900000000002,2,257.7800000000001,swap,improve
1216,7,2798.0899999999997,2,257.7800000000001,2opt,improve
1217,7,2433.1299999999997,2,257.7800000000001,move,improve
1218,7,2425.2999999999997,2,257.7800000000001,move,improve
1219,7,2430.22,2,257.7800000000001,swap,acceptBad
1220,7,2410.7799999999997,2,257.7800000000001,move,improve
1221,7,2284.629999999999,2,257.7800000000001,move,improve
1222,7,2289.37,2,257.7800000000001,2opt,acceptBad
1223,7,2276.17,2,257.7800000000001,move,improve
1224,7,2276.17,2,257.7800000000001,move,improve
1225,7,2282.23,2,257.7800000000001,swap,acceptBad
1226,7,3327.3299999999995,2,257.7800000000001,swap,acceptBad
1227,7,3327.3299999999995,2,257.7800000000001,2opt,improve
1228,7,3080.0399999999995,2,257.7800000000001,move,improve
1229,7,3070.7699999999995,2,257.7800000000001,swap,improve
1230,7,2860.9699999999993,2,257.7800000000001,move,improve
1231,7,2855.0599999999995,2,257.7800000000001,move,improve
1232,7,2705.7799999999997,2,257.7800000000001,2opt,improve
1233,7,2554.8299999999995,2,257.7800000000001,move,improve
1234,7,2554.8299999999995,2,257.7800000000001,move,improve
1235,7,2144.2299999999996,2,257.7800000000001,move,improve
1236,7,2025.1799999999998,2,257.7800000000001,move,improve
1237,7,2064.81,2,257.7800000000001,swap,acceptBad
1238,7,2038.3999999999999,2,257.7800000000001,swap,improve
1239,7,2009.3600000000001,2,257.7800000000001,move,improve
1240,7,2001.5599999999995,2,257.7800000000001,2opt,improve
1241,7,2001.5599999999995,2,257.7800000000001,2opt,notBad
1242,7,2001.5599999999995,2,257.7800000000001,2opt,notBad
1243,7,1993.2199999999993,2,257.7800000000001,swap,improve
1244,7,2005.5799999999995,2,257.7800000000001,swap,acceptBad
1245,7,1799.87,2,257.7800000000001,move,improve
1246,7,2443.3499999999995,2,257.7800000000001,swap,acceptBad
1247,7,2453.3399999999997,2,257.7800000000001,swap,acceptBad
1248,7,2493.2499999999995,2,257.7800000000001,swap,acceptBad
1249,7,2493.2499999999995,2,257.7800000000001,move,improve
1250,7,2493.2499999999995,2,257.7800000000001,move,improve
1251,7,2286.81,2,257.7800000000001,move,improve
1252,7,2299.4100000000003,2,257.7800000000001,2opt,acceptBad
1253,7,2299.4100000000003,2,257.7800000000001,move,improve
1254,7,2753.6600000000003,2,257.7800000000001,2opt,acceptBad
1255,7,2754.4400000000005,2,257.7800000000001,2opt,acceptBad
1256,7,2764.7300000000005,2,257.7800000000001,2opt,acceptBad
1257,7,2785.13,2,257.7800000000001,swap,acceptBad
1258,7,2782.55,2,257.7800000000001,2opt,improve
1259,7,2571.6700000000005,2,257.7800000000001,move,improve
1260,7,2353.4700000000003,2,257.7800000000001,move,improve
1261,7,2353.4700000000003,2,257.7800000000001,move,improve
1262,7,4345.28,2,257.7800000000001,swap,acceptBad
1263,7,4346.149999999999,2,257.7800000000001,2opt,acceptBad
1264,7,4333.740000000001,2,257.7800000000001,2opt,improve
1265,7,4338.839999999999,2,257.7800000000001,2opt,acceptBad
1266,8,6012.82,2,257.7800000000001,2opt,acceptBad
1267,8,5949.219999999999,2,257.7800000000001,swap,improve
1268,8,6012.82,2,257.7800000000001,swap,acceptBad
1269,8,6175.869999999997,2,257.7800000000001,2opt,acceptBad
1270,8,6092.869999999999,2,257.7800000000001,2opt,improve
1271,8,5793.779999999999,2,257.7800000000001,2opt,improve
1272,8,5814.259999999998,2,257.7800000000001,2opt,acceptBad
1273,8,3562.12,2,257.7800000000001,move,improve
1274,8,3278.74,2,257.7800000000001,move,improve
1275,8,3263.1699999999996,2,257.7800000000001,move,improve
1276,8,3250.669999999999,2,257.7800000000001,swap,improve
1277,8,3252.709999999999,2,257.7800000000001,2opt,acceptBad
1278,8,2924.0700000000006,2,257.7800000000001,2opt,improve
1279,8,2916.78,2,257.7800000000001,swap,improve
1280,8,2914.5000000000005,2,257.7800000000001,2opt,improve
1281,8,2429.66,2,257.7800000000001,move,improve
1282,8,3997.8799999999997,2,257.7800000000001,swap,acceptBad
1283,8,3278.169999999999,2,257.7800000000001,move,improve
1284,8,3278.169999999999,2,257.7800000000001,move,improve
1285,8,3278.169999999999,2,257.7800000000001,2opt,improve
1286,8,3267.6399999999994,2,257.7800000000001,move,improve
1287,8,3046.749999999999,2,257.7800000000001,move,improve
1288,8,3035.019999999999,2,257.7800000000001,move,improve
1289,8,3035.019999999999,2,257.7800000000001,2opt,notBad
1290,8,3087.0299999999993,2,257.7800000000001,swap,acceptBad
1291,8,3087.0299999999993,2,257.7800000000001,move,improve
1292,8,2566.3899999999994,2,257.7800000000001,move,improve
1293,8,3181.73,2,257.7800000000001,swap,acceptBad
1294,8,3189.17,2,257.7800000000001,swap,acceptBad
1295,8,3189.17,2,257.7800000000001,move,improve
1296,8,3189.17,2,257.7800000000001,move,improve
1297,8,3189.17,2,257.7800000000001,2opt,improve
1298,8,2792.9499999999994,2,257.7800000000001,move,improve
1299,8,2795.8300000000004,2,257.7800000000001,2opt,acceptBad
1300,8,2800.4800000000005,2,257.7800000000001,swap,acceptBad
1301,8,2799.6999999999994,2,257.7800000000001,2opt,improve
1302,8,4154.21,2,257.7800000000001,2opt,acceptBad
1303,8,4147.04,2,257.7800000000001,2opt,improve
1304,8,4141.91,2,257.7800000000001,2opt,improve
1305,7,3338.6499999999996,2,257.7800000000001,2opt,improve
1306,7,3341.5299999999997,2,257.7800000000001,swap,acceptBad
1307,7,3340.7799999999993,2,257.7800000000001,swap,improve
1308,7,3337.4499999999994,2,257.7800000000001,swap,improve
1309,7,3339.4599999999996,2,257.7800000000001,swap,acceptBad
1310,7,3330.5499999999993,2,257.7800000000001,swap,improve
1311,7,3247.85,2,257.7800000000001,swap,improve
1312,7,3247.85,2,257.7800000000001,2opt,notBad
1313,7,3251.96,2,257.7800000000001,2opt,acceptBad
1314,7,2312.4199999999996,2,257.7800000000001,move,improve
1315,7,2312.4199999999996,2,257.7800000000001,move,improve
1316,7,2402.4799999999996,2,257.7800000000001,swap,acceptBad
1317,7,2393.1499999999996,2,257.7800000000001,move,improve
1318,7,2383.22,2,257.7800000000001,swap,improve
1319,7,2400.02,2,257.7800000000001,swap,acceptBad
1320,7,2416.22,2,257.7800000000001,swap,acceptBad
1321,7,1720.6399999999999,2,257.7800000000001,move,improve
1322,7,1720.6399999999999,2,257.7800000000001,move,improve
1323,7,1710.59,2,257.7800000000001,swap,improve
1324,7,1599.89,2,257.7800000000001,move,improve
1325,7,1599.89,2,257.7800000000001,move,improve
1326,7,1606.1000000000001,2,257.7800000000001,2opt,acceptBad
1327,7,2139.2299999999996,2,257.7800000000001,swap,acceptBad
1328,7,2150.2999999999997,2,257.7800000000001,swap,acceptBad
1329,7,2378.8499999999995,2,257.7800000000001,2opt,acceptBad
1330,7,2470.95,2,257.7800000000001,2opt,acceptBad
1331,7,2458.6499999999996,2,257.7800000000001,move,improve
1332,7,2447.85,2,257.7800000000001,2opt,improve
1333,7,2447.85,2,257.7800000000001,move,improve
1334,7,2447.85,2,257.7800000000001,2opt,notBad
1335,7,2521.6899999999996,2,257.7800000000001,swap,acceptBad
1336,7,2483.5899999999997,2,257.7800000000001,2opt,improve
1337,7,2666.83,2,257.7800000000001,swap,acceptBad
1338,7,2655.55,2,257.7800000000001,swap,improve
1339,7,2645.3199999999997,2,257.7800000000001,move,improve
1340,7,2645.3199999999997,2,257.7800000000001,2opt,improve
1341,7,2685.85,2,257.7800000000001,swap,acceptBad
1342,7,2699.89,2,257.7800000000001,swap,acceptBad
1343,7,2627.6199999999994,2,257.7800000000001,swap,improve
1344,7,2424.0699999999997,2,257.7800000000001,2opt,improve
1345,7,2424.0699999999997,2,257.7800000000001,move,improve
1346,7,2431.7499999999995,2,257.7800000000001,swap,acceptBad
1347,7,2554.9299999999994,2,257.7800000000001,swap,acceptBad
1348,7,2570.379999999999,2,257.7800000000001,2opt,acceptBad
1349,7,2570.379999999999,2,257.7800000000001,2opt,notBad
1350,7,2347.45,2,257.7800000000001,move,improve
1351,7,2346.25,2,257.7800000000001,move,improve
1352,7,2342.44,2,257.7800000000001,move,improve
1353,7,2352.73,2,257.7800000000001,swap,acceptBad
1354,7,2352.73,2,257.7800000000001,move,improve
1355,7,2356.54,2,257.7800000000001,swap,acceptBad
1356,7,2343.94,2,257.7800000000001,move,improve
1357,7,2343.94,2,257.7800000000001,move,improve
1358,6,1550.7999999999995,2,257.7800000000001,move,improve
1359,6,1546.0899999999997,2,257.7800000000001,move,improve
1360,6,1300.4,2,257.7800000000001,move,improve
1361,6,1300.4,2,257.7800000000001,2opt,notBad
1362,6,1346.18,2,257.7800000000001,swap,acceptBad
1363,6,1346.18,2,257.7800000000001,2opt,notBad
1364,6,1346.18,2,257.7800000000001,move,improve
1365,6,1352.87,2,257.7800000000001,2opt,acceptBad
1366,6,1352.87,2,257.7800000000001,2opt,improve
1367,6,1349.4499999999998,2,257.7800000000001,move,improve
1368,6,1347.1399999999999,2,257.7800000000001,2opt,improve
1369,6,1347.1399999999999,2,257.7800000000001,move,improve
1370,6,1345.07,2,257.7800000000001,2opt,improve
1371,6,3415.7500000000005,2,257.7800000000001,swap,acceptBad
1372,6,3410.92,2,257.7800000000001,swap,improve
1373,6,3201.1899999999996,2,257.7800000000001,move,improve
1374,6,2194.2400000000002,2,257.7800000000001,2opt,improve
1375,6,1998.0800000000002,2,257.7800000000001,move,improve
1376,6,1209.96,2,257.7800000000001,move,improve
1377,5,986.5699999999999,2,257.7800000000001,2opt,improve
1378,5,985.6999999999998,2,257.7800000000001,swap,improve
1379,6,2077.3399999999997,2,257.7800000000001,2opt,acceptBad
1380,6,2079.9199999999996,2,257.7800000000001,swap,acceptBad
1381,6,3143.7,2,257.7800000000001,swap,acceptBad
1382,6,2972.0,2,257.7800000000001,move,improve
1383,6,2943.1099999999997,2,257.7800000000001,swap,improve
1384,6,1353.8399999999997,2,257.7800000000001,move,improve
1385,6,1330.7099999999998,2,257.7800000000001,swap,improve
1386,6,1341.4199999999998,2,257.7800000000001,2opt,acceptBad
1387,6,1823.5800000000002,2,257.7800000000001,2opt,acceptBad
1388,6,1824.5100000000002,2,257.7800000000001,2opt,acceptBad
1389,6,1946.6399999999999,2,257.7800000000001,2opt,acceptBad
1390,6,1946.6399999999999,2,257.7800000000001,2opt,notBad
1391,6,1951.59,2,257.7800000000001,swap,acceptBad
1392,6,1951.59,2,257.7800000000001,move,improve
1393,6,1960.8,2,257.7800000000001,swap,acceptBad
1394,6,1674.61,2,257.7800000000001,move,improve
1395,6,1676.6799999999998,2,257.7800000000001,swap,acceptBad
1396,6,1680.3999999999999,2,257.7800000000001,2opt,acceptBad
1397,6,1680.3999999999999,2,257.7800000000001,2opt,notBad
1398,6,1872.0400000000002,2,257.7800000000001,swap,acceptBad
1399,6,1874.17,2,257.7800000000001,2opt,acceptBad
1400,6,1850.8900000000003,2,257.7800000000001,move,improve
1401,6,1850.8900000000003,2,257.7800000000001,2opt,notBad
1402,6,1754.53,2,257.7800000000001,swap,improve
1403,6,1790.2399999999998,2,257.7800000000001,swap,acceptBad
1404,6,1790.96,2,257.7800000000001,2opt,acceptBad
1405,6,1426.35,2,257.7800000000001,move,improve
1406,6,1423.53,2,257.7800000000001,swap,improve
1407,6,1435.83,2,257.7800000000001,2opt,acceptBad
1408,6,1435.83,2,257.7800000000001,move,improve
1409,6,1270.82,2,257.7800000000001,move,improve
1410,6,1157.4499999999998,2,257.7800000000001,move,improve
1411,6,962.4399999999998,2,257.7800000000001,move,improve
1412,6,959.4399999999998,2,257.7800000000001,move,improve
1413,6,969.5799999999999,2,257.7800000000001,2opt,acceptBad
1414,6,967.0899999999999,2,257.7800000000001,swap,improve
1415,6,970.15,2,257.7800000000001,swap,acceptBad
1416,6,967.0899999999999,2,257.7800000000001,swap,improve
1417,6,962.17,2,257.7800000000001,2opt,improve
1418,6,931.9099999999999,2,257.7800000000001,swap,improve
1419,6,878.77,2,257.7800000000001,move,improve
1420,6,1067.1299999999999,2,257.7800000000001,2opt,acceptBad
1421,6,1067.01,2,257.7800000000001,move,improve
1422,6,1051.4,2,257.7800000000001,2opt,improve
1423,6,1051.4,2,257.7800000000001,2opt,notBad
1424,6,1033.76,2,257.7800000000001,move,improve
1425,6,1422.5799999999997,2,257.7800000000001,swap,acceptBad
1426,6,2046.4899999999998,2,257.7800000000001,swap,acceptBad
1427,7,2345.68,2,257.7800000000001,2opt,acceptBad
1428,7,2345.68,2,257.7800000000001,2opt,improve
1429,7,2346.49,2,257.7800000000001,2opt,acceptBad
1430,7,2564.05,2,257.7800000000001,2opt,acceptBad
1431,7,2574.67,2,257.7800000000001,2opt,acceptBad
1432,7,2649.2599999999998,2,257.7800000000001,swap,acceptBad
1433,7,3290.24,2,257.7800000000001,swap,acceptBad
1434,7,3290.24,2,257.7800000000001,2opt,notBad
1435,7,3094.7999999999997,2,257.7800000000001,swap,improve
1436,7,3104.37,2,257.7800000000001,swap,acceptBad
1437,7,3099.3599999999997,2,257.7800000000001,swap,improve
1438,7,3161.3899999999994,2,257.7800000000001,swap,acceptBad
1439,7,3103.24,2,257.7800000000001,swap,improve
1440,7,3103.24,2,257.7800000000001,2opt,notBad
1441,7,3108.91,2,257.7800000000001,2opt,acceptBad
1442,7,3110.3199999999993,2,257.7800000000001,swap,acceptBad
1443,7,3014.1399999999994,2,257.7800000000001,2opt,improve
1444,7,2820.0099999999993,2,257.7800000000001,move,improve
1445,7,2823.94,2,257.7800000000001,2opt,acceptBad
1446,7,2823.94,2,257.7800000000001,move,improve
1447,7,2486.17,2,257.7800000000001,move,improve
1448,7,2425.8399999999992,2,257.7800000000001,move,improve
1449,7,2425.8399999999992,2,257.7800000000001,move,improve
1450,7,2470.36,2,257.7800000000001,swap,acceptBad
1451,7,2479.39,2,257.7800000000001,swap,acceptBad
1452,7,2406.6699999999996,2,257.7800000000001,move,improve
1453,7,2317.6799999999994,2,257.7800000000001,swap,improve
1454,7,2380.1599999999994,2,257.7800000000001,swap,acceptBad
1455,7,2214.77,2,257.7800000000001,move,improve
1456,7,2301.3499999999995,2,257.7800000000001,swap,acceptBad
1457,7,2301.3499999999995,2,257.7800000000001,move,improve
1458,6,1567.7899999999997,2,257.7800000000001,move,improve
1459,6,1567.7899999999997,2,257.7800000000001,2opt,improve
1460,6,1463.2099999999996,2,257.7800000000001,move,improve
1461,6,1463.2099999999996,2,257.7800000000001,move,improve
1462,6,1643.8399999999997,2,257.7800000000001,swap,acceptBad
1463,6,1615.6699999999996,2,257.7800000000001,move,improve
1464,6,1601.8699999999997,2,257.7800000000001,move,improve
1465,6,1601.8699999999997,2,257.7800000000001,move,improve
1466,6,1609.5499999999995,2,257.7800000000001,2opt,acceptBad
1467,6,1609.5499999999995,2,257.7800000000001,move,improve
1468,6,1492.59,2,257.7800000000001,move,improve
1469,6,1380.9,2,257.7800000000001,2opt,improve
1470,6,1386.6299999999999,2,257.7800000000001,swap,acceptBad
1471,6,1390.6799999999998,2,257.7800000000001,swap,acceptBad
1472,6,1705.4199999999996,2,257.7800000000001,2opt,acceptBad
1473,6,1448.7800000000002,2,257.7800000000001,2opt,improve
1474,6,1447.19,2,257.7800000000001,move,improve
1475,6,1675.84,2,257.7800000000001,2opt,acceptBad
1476,6,1684.1799999999998,2,257.7800000000001,swap,acceptBad
1477,6,1684.1799999999998,2,257.7800000000001,move,improve
1478,6,1793.5899999999997,2,257.7800000000001,swap,acceptBad
1479,6,1675.3700000000001,2,257.7800000000001,move,improve
1480,6,1674.5900000000001,2,257.7800000000001,swap,improve
1481,6,1502.2400000000002,2,257.7800000000001,2opt,improve
1482,6,1502.2400000000002,2,257.7800000000001,2opt,improve
1483,6,1288.2300000000002,2,257.7800000000001,move,improve
1484,6,1289.3100000000002,2,257.7800000000001,2opt,acceptBad
1485,6,1288.2900000000002,2,257.7800000000001,move,improve
1486,6,1271.13,2,257.7800000000001,move,improve
1487,5,673.95,2,257.7800000000001,move,improve
1488,5,673.5300000000002,2,257.7800000000001,swap,improve
1489,5,683.2800000000001,2,257.7800000000001,2opt,acceptBad
1490,5,675.6600000000001,2,257.7800000000001,move,improve
1491,5,702.0600000000001,2,257.7800000000001,2opt,acceptBad
1492,5,709.37,2,257.7800000000001,swap,acceptBad
1493,5,708.71,2,257.7800000000001,move,improve
1494,5,790.4299999999998,2,257.7800000000001,swap,acceptBad
1495,5,787.63,2,257.7800000000001,swap,improve
1496,5,705.1199999999999,2,257.7800000000001,move,improve
1497,5,690.18,2,257.7800000000001,move,improve
1498,5,698.79,2,257.7800000000001,swap,acceptBad
1499,5,698.79,2,257.7800000000001,2opt,notBad
1500,5,701.4599999999999,2,257.7800000000001,swap,acceptBad
1501,5,684.9899999999999,2,257.7800000000001,move,improve
1502,5,684.9899999999999,2,257.7800000000001,move,improve
1503,5,683.3699999999999,2,257.7800000000001,2opt,improve
1504,5,673.3199999999999,2,257.7800000000001,swap,improve
1505,5,651.93,2,257.7800000000001,move,improve
1506,5,651.93,2,257.7800000000001,2opt,notBad
1507,5,670.38,2,257.7800000000001,2opt,acceptBad
1508,5,670.38,2,257.7800000000001,2opt,notBad
1509,5,651.9499999999999,2,257.7800000000001,2opt,improve
1510,5,579.35,2,257.7800000000001,move,improve
1511,5,541.6299999999999,2,257.7800000000001,move,improve
1512,5,505.3599999999999,2,257.7800000000001,move,improve
1513,5,505.3599999999999,2,257.7800000000001,move,improve
1514,5,505.3599999999999,2,257.7800000000001,move,improve
1515,5,505.3599999999999,2,257.7800000000001,move,improve
1516,5,832.48,2,257.7800000000001,swap,acceptBad
1517,5,1313.0400000000002,2,257.7800000000001,swap,acceptBad
1518,6,1626.9000000000003,2,257.7800000000001,2opt,acceptBad
1519,6,1626.9000000000003,2,257.7800000000001,move,improve
1520,6,1735.8700000000001,2,257.7800000000001,2opt,acceptBad
1521,6,1577.04,2,257.7800000000001,swap,improve
1522,6,1577.04,2,257.7800000000001,swap,notBad
1523,6,1577.04,2,257.7800000000001,move,improve
1524,6,1584.63,2,257.7800000000001,swap,acceptBad
1525,6,1420.9,2,257.7800000000001,move,improve
1526,6,1420.9,2,257.7800000000001,move,improve
1527,6,1477.5000000000005,2,257.7800000000001,swap,acceptBad
1528,6,1497.4100000000003,2,257.7800000000001,swap,acceptBad
1529,6,1497.4100000000003,2,257.7800000000001,2opt,notBad
1530,6,1498.7300000000002,2,257.7800000000001,2opt,acceptBad
1531,6,1498.7300000000002,2,257.7800000000001,2opt,improve
1532,6,1497.31,2,257.7800000000001,swap,improve
1533,6,1497.31,2,257.7800000000001,move,improve
1534,6,1188.86,2,257.7800000000001,swap,improve
1535,6,1193.12,2,257.7800000000001,2opt,acceptBad
1536,6,1628.0299999999997,2,257.7800000000001,swap,acceptBad
1537,6,1628.0299999999997,2,257.7800000000001,move,improve
1538,6,1268.8099999999997,2,257.7800000000001,move,improve
1539,6,1279.1899999999998,2,257.7800000000001,swap,acceptBad
1540,6,1286.2099999999998,2,257.7800000000001,swap,acceptBad
1541,6,1271.0299999999997,2,257.7800000000001,2opt,improve
1542,6,1565.3799999999997,2,257.7800000000001,swap,acceptBad
1543,6,1565.3799999999997,2,257.7800000000001,2opt,notBad
1544,6,1573.87,2,257.7800000000001,2opt,acceptBad
1545,6,1562.0499999999997,2,257.7800000000001,move,improve
1546,6,1702.28,2,257.7800000000001,swap,acceptBad
1547,6,1734.4099999999999,2,257.7800000000001,swap,acceptBad
1548,6,1416.2399999999998,2,257.7800000000001,move,improve
1549,6,1419.7199999999996,2,257.7800000000001,2opt,acceptBad
1550,6,1116.6899999999998,2,257.7800000000001,move,improve
1551,6,1106.04,2,257.7800000000001,move,improve
1552,6,1106.04,2,257.7800000000001,move,improve
1553,6,1106.04,2,257.7800000000001,2opt,notBad
1554,6,1214.2199999999996,2,257.7800000000001,2opt,acceptBad
1555,6,1211.2799999999995,2,257.7800000000001,move,improve
1556,6,1369.1299999999992,2,257.7800000000001,swap,acceptBad
1557,6,1355.4799999999993,2,257.7800000000001,move,improve
1558,6,1355.4799999999993,2,257.7800000000001,move,improve
1559,6,1145.84,2,257.7800000000001,move,improve
1560,6,1145.84,2,257.7800000000001,move,improve
1561,6,1050.2099999999998,2,257.7800000000001,move,improve
1562,6,1050.2099999999998,2,257.7800000000001,2opt,notBad
1563,6,1050.2099999999998,2,257.7800000000001,move,improve
1564,6,989.7599999999998,2,257.7800000000001,swap,improve
1565,6,960.1499999999997,2,257.7800000000001,swap,improve
1566,6,974.1299999999998,2,257.7800000000001,2opt,acceptBad
1567,6,974.1299999999998,2,257.7800000000001,2opt,notBad
1568,6,1286.1499999999999,2,257.7800000000001,swap,acceptBad
1569,6,1292.24,2,257.7800000000001,swap,acceptBad
1570,6,1292.24,2,257.7800000000001,move,improve
1571,6,1292.09,2,257.7800000000001,move,improve
1572,6,1300.3399999999997,2,257.7800000000001,2opt,acceptBad
1573,6,1297.7599999999998,2,257.7800000000001,move,improve
1574,6,1289.51,2,257.7800000000001,2opt,improve
1575,6,1289.51,2,257.7800000000001,2opt,notBad
1576,6,1289.51,2,257.7800000000001,2opt,notBad
1577,6,1278.05,2,257.7800000000001,move,improve
1578,6,1136.0699999999997,2,257.7800000000001,move,improve
1579,6,2055.9999999999995,2,257.7800000000001,swap,acceptBad
1580,6,2055.9099999999994,2,257.7800000000001,2opt,improve
1581,6,1928.3299999999995,2,257.7800000000001,move,improve
1582,6,1830.9199999999994,2,257.7800000000001,move,improve
1583,6,2083.0999999999995,2,257.7800000000001,swap,acceptBad
1584,6,2087.0599999999995,2,257.7800000000001,2opt,acceptBad
1585,6,2096.7499999999995,2,257.7800000000001,swap,acceptBad
1586,6,2096.7499999999995,2,257.7800000000001,2opt,notBad
1587,6,2252.67,2,257.7800000000001,swap,acceptBad
1588,6,2249.88,2,257.7800000000001,2opt,improve
1589,6,2249.88,2,257.7800000000001,move,improve
1590,6,2249.88,2,257.7800000000001,move,improve
1591,6,2238.06,2,257.7800000000001,2opt,improve
1592,6,2289.88,2,257.7800000000001,move,acceptBad
1593,6,2289.88,2,257.7800000000001,move,improve
1594,6,2285.65,2,257.7800000000001,2opt,improve
1595,6,2148.42,2,257.7800000000001,swap,improve
1596,6,2026.2599999999998,2,257.7800000000001,move,improve
1597,6,2037.8099999999995,2,257.7800000000001,2opt,acceptBad
1598,6,2037.8099999999995,2,257.7800000000001,2opt,improve
1599,6,2037.8099999999995,2,257.7800000000001,move,improve
1600,6,2037.8099999999995,2,257.7800000000001,move,improve
1601,6,2033.3999999999994,2,257.7800000000001,swap,improve
1602,6,2035.4699999999993,2,257.7800000000001,2opt,acceptBad
1603,6,2035.4699999999993,2,257.7800000000001,2opt,notBad
1604,6,2027.4299999999994,2,257.7800000000001,move,improve
1605,6,1935.8199999999997,2,257.7800000000001,swap,improve
1606,6,1013.44,2,257.7800000000001,move,improve
1607,6,1013.44,2,257.7800000000001,swap,notBad
1608,6,1013.44,2,257.7800000000001,2opt,notBad
1609,6,1019.29,2,257.7800000000001,2opt,acceptBad
1610,6,1019.29,2,257.7800000000001,2opt,notBad
1611,6,1019.29,2,257.7800000000001,move,improve
1612,6,1019.29,2,257.7800000000001,move,improve
1613,6,944.0500000000001,2,257.7800000000001,move,improve
1614,6,1073.8999999999999,2,257.7800000000001,2opt,acceptBad
1615,6,1073.8999999999999,2,257.7800000000001,move,improve
1616,6,1086.4699999999998,2,257.7800000000001,swap,acceptBad
1617,6,1093.6699999999998,2,257.7800000000001,2opt,acceptBad
1618,6,1032.9899999999998,2,257.7800000000001,swap,improve
1619,6,1747.2600000000002,2,257.7800000000001,swap,acceptBad
1620,6,1630.7799999999997,2,257.7800000000001,move,improve
1621,6,1628.92,2,257.7800000000001,2opt,improve
1622,6,1527.46,2,257.7800000000001,swap,improve
1623,6,1527.46,2,257.7800000000001,move,improve
1624,6,1527.46,2,257.7800000000001,move,improve
1625,6,1524.5,2,257.7800000000001,swap,improve
1626,6,1489.6200000000003,2,257.7800000000001,swap,improve
1627,6,1489.6200000000003,2,257.7800000000001,2opt,notBad
1628,6,1067.77,2,257.7800000000001,swap,improve
1629,6,1067.77,2,257.7800000000001,2opt,notBad
1630,6,974.5100000000002,2,257.7800000000001,move,improve
1631,6,974.5100000000002,2,257.7800000000001,move,improve
1632,6,974.5100000000002,2,257.7800000000001,move,improve
1633,6,974.5100000000002,2,257.7800000000001,2opt,notBad
1634,6,1118.1299999999999,2,257.7800000000001,swap,acceptBad
1635,6,1118.1299999999999,2,257.7800000000001,move,improve
1636,6,1135.6799999999998,2,257.7800000000001,2opt,acceptBad
1637,6,1102.42,2,257.7800000000001,move,improve
1638,5,891.4,2,257.7800000000001,2opt,improve
1639,5,891.4,2,257.7800000000001,swap,notBad
1640,5,875.86,2,257.7800000000001,move,improve
1641,5,1062.7600000000002,2,257.7800000000001,swap,acceptBad
1642,5,1062.7600000000002,2,257.7800000000001,2opt,notBad
1643,5,1103.9399999999998,2,257.7800000000001,swap,acceptBad
1644,5,1103.9399999999998,2,257.7800000000001,swap,notBad
1645,5,1105.5499999999997,2,257.7800000000001,swap,acceptBad
1646,5,1105.5499999999997,2,257.7800000000001,2opt,notBad
1647,5,1145.33,2,257.7800000000001,swap,acceptBad
1648,5,1047.49,2,257.7800000000001,swap,improve
1649,5,1040.98,2,257.7800000000001,move,improve
1650,5,1040.98,2,257.7800000000001,move,improve
1651,5,1021.6000000000001,2,257.7800000000001,move,improve
1652,5,1466.1299999999999,2,257.7800000000001,swap,acceptBad
1653,5,1434.3799999999999,2,257.7800000000001,swap,improve
1654,5,1333.3199999999997,2,257.7800000000001,move,improve
1655,5,1333.3199999999997,2,257.7800000000001,2opt,improve
1656,5,1333.3199999999997,2,257.7800000000001,move,improve
1657,5,1333.3199999999997,2,257.7800000000001,2opt,notBad
1658,5,1333.3199999999997,2,257.7800000000001,swap,notBad
1659,5,1328.19,2,257.7800000000001,2opt,improve
1660,5,1338.4499999999998,2,257.7800000000001,2opt,acceptBad
1661,5,1020.78,2,257.7800000000001,move,improve
1662,5,1025.55,2,257.7800000000001,swap,acceptBad
1663,5,1025.55,2,257.7800000000001,move,improve
1664,5,1025.55,2,257.7800000000001,2opt,notBad
1665,5,1025.55,2,257.7800000000001,2opt,notBad
1666,5,1052.7,2,257.7800000000001,swap,acceptBad
1667,5,807.4999999999999,2,257.7800000000001,move,improve
1668,5,804.3499999999999,2,257.7800000000001,move,improve
1669,5,805.0699999999998,2,257.7800000000001,2opt,acceptBad
1670,5,822.4399999999998,2,257.7800000000001,2opt,acceptBad
1671,5,822.4399999999998,2,257.7800000000001,move,improve
1672,5,822.4399999999998,2,257.7800000000001,2opt,improve
1673,5,816.8299999999999,2,257.7800000000001,2opt,improve
1674,5,812.5099999999998,2,257.7800000000001,2opt,improve
1675,5,1029.6999999999998,2,257.7800000000001,swap,acceptBad
1676,5,1029.6999999999998,2,257.7800000000001,move,improve
1677,5,1114.7099999999996,2,257.7800000000001,2opt,acceptBad
1678,5,1113.6899999999996,2,257.7800000000001,move,improve
1679,5,949.06,2,257.7800000000001,2opt,improve
1680,5,958.3899999999999,2,257.7800000000001,2opt,acceptBad
1681,5,958.3899999999999,2,257.7800000000001,move,improve
1682,5,954.1299999999999,2,257.7800000000001,swap,improve
1683,5,864.5600000000002,2,257.7800000000001,move,improve
1684,5,864.1400000000001,2,257.7800000000001,2opt,improve
1685,5,789.0500000000002,2,257.7800000000001,swap,improve
1686,5,789.0500000000002,2,257.7800000000001,move,improve
1687,5,789.0500000000002,2,257.7800000000001,2opt,notBad
1688,5,702.9000000000003,2,257.7800000000001,move,improve
1689,5,616.9800000000001,2,257.7800000000001,swap,improve
1690,5,604.9500000000002,2,257.7800000000001,move,improve
1691,5,604.9500000000002,2,257.7800000000001,move,improve
1692,5,604.2300000000001,2,257.7800000000001,move,improve
1693,5,700.33,2,257.7800000000001,move,acceptBad
1694,6,884.7,2,257.7800000000001,2opt,acceptBad
1695,6,873.6899999999999,2,257.7800000000001,2opt,improve
1696,6,772.8000000000001,2,257.7800000000001,move,improve
1697,6,781.23,2,257.7800000000001,2opt,acceptBad
1698,6,766.1400000000001,2,257.7800000000001,swap,improve
1699,6,766.1400000000001,2,257.7800000000001,2opt,notBad
1700,6,784.47,2,257.7800000000001,2opt,acceptBad
1701,6,778.5,2,257.7800000000001,swap,improve
1702,6,787.77,2,257.7800000000001,2opt,acceptBad
1703,5,527.9399999999999,2,257.7800000000001,move,improve
1704,5,525.6899999999999,2,257.7800000000001,move,improve
1705,5,508.89,2,257.7800000000001,move,improve
1706,5,508.40999999999997,2,257.7800000000001,2opt,improve
1707,5,523.95,2,257.7800000000001,move,acceptBad
1708,5,1364.74,2,257.7800000000001,swap,acceptBad
1709,5,1400.3000000000002,2,257.7800000000001,swap,acceptBad
1710,5,1408.6100000000001,2,257.7800000000001,swap,acceptBad
1711,5,613.3700000000001,2,257.7800000000001,swap,improve
1712,5,606.9500000000003,2,257.7800000000001,move,improve
1713,5,606.9500000000003,2,257.7800000000001,2opt,notBad
1714,5,608.0900000000001,2,257.7800000000001,2opt,acceptBad
1715,5,608.0900000000001,2,257.7800000000001,2opt,improve
1716,5,608.0900000000001,2,257.7800000000001,move,improve
1717,5,541.55,2,257.7800000000001,move,improve
1718,5,495.45999999999987,2,257.7800000000001,move,improve
1719,5,473.2599999999999,2,257.7800000000001,swap,improve
1720,5,496.3699999999999,2,257.7800000000001,swap,acceptBad
1721,5,488.8399999999999,2,257.7800000000001,2opt,improve
1722,5,631.9399999999998,2,257.7800000000001,move,acceptBad
1723,5,626.5200000000001,2,257.7800000000001,move,improve
1724,5,624.6600000000001,2,257.7800000000001,move,improve
1725,5,624.6600000000001,2,257.7800000000001,2opt,notBad
1726,5,696.4300000000001,2,257.7800000000001,swap,acceptBad
1727,5,696.4300000000001,2,257.7800000000001,2opt,improve
1728,5,696.4300000000001,2,257.7800000000001,2opt,improve
1729,5,694.15,2,257.7800000000001,move,improve
1730,5,694.15,2,257.7800000000001,move,improve
1731,5,701.23,2,257.7800000000001,2opt,acceptBad
1732,5,675.02,2,257.7800000000001,swap,improve
1733,5,675.02,2,257.7800000000001,2opt,notBad
1734,5,647.3099999999997,2,257.7800000000001,move,improve
1735,5,647.3099999999997,2,257.7800000000001,2opt,improve
1736,5,658.1099999999998,2,257.7800000000001,2opt,acceptBad
1737,5,674.0399999999997,2,257.7800000000001,2opt,acceptBad
1738,5,678.4499999999998,2,257.7800000000001,2opt,acceptBad
1739,5,678.4499999999998,2,257.7800000000001,2opt,notBad
1740,5,678.4499999999998,2,257.7800000000001,move,improve
1741,5,678.4499999999998,2,257.7800000000001,move,improve
1742,5,678.2399999999998,2,257.7800000000001,2opt,improve
1743,5,678.2399999999998,2,257.7800000000001,swap,notBad
1744,5,678.2399999999998,2,257.7800000000001,2opt,improve
1745,5,635.05,2,257.7800000000001,move,improve
1746,5,675.6,2,257.7800000000001,2opt,acceptBad
1747,5,675.6,2,257.7800000000001,move,improve
1748,5,661.83,2,257.7800000000001,move,improve
1749,5,621.28,2,257.7800000000001,swap,improve
1750,5,607.06,2,257.7800000000001,2opt,improve
1751,5,615.9300000000001,2,257.7800000000001,swap,acceptBad
1752,5,561.3100000000001,2,257.7800000000001,move,improve
1753,5,561.3100000000001,2,257.7800000000001,move,improve
1754,5,544.4300000000001,2,257.7800000000001,move,improve
1755,5,798.5799999999999,2,257.7800000000001,swap,acceptBad
1756,5,1829.37,2,257.7800000000001,swap,acceptBad
1757,5,1799.7099999999998,2,257.7800000000001,2opt,improve
1758,5,1912.9599999999998,2,257.7800000000001,swap,acceptBad
1759,5,1067.5099999999998,2,257.7800000000001,move,improve
1760,5,1080.1399999999999,2,257.7800000000001,swap,acceptBad
1761,5,1081.9099999999999,2,257.7800000000001,2opt,acceptBad
1762,5,1074.32,2,257.7800000000001,swap,improve
1763,5,953.15,2,257.7800000000001,2opt,improve
1764,5,971.72,2,257.7800000000001,swap,acceptBad
1765,5,971.72,2,257.7800000000001,2opt,notBad
1766,5,970.73,2,257.7800000000001,move,improve
1767,5,854.53,2,257.7800000000001,move,improve
1768,5,854.53,2,257.7800000000001,2opt,notBad
1769,5,805.7299999999999,2,257.7800000000001,move,improve
1770,5,808.31,2,257.7800000000001,swap,acceptBad
1771,5,808.31,2,257.7800000000001,move,improve
1772,5,787.5999999999999,2,257.7800000000001,2opt,improve
1773,5,747.71,2,257.7800000000001,move,improve
1774,5,737.5999999999999,2,257.7800000000001,move,improve
1775,5,769.1100000000001,2,257.7800000000001,2opt,acceptBad
1776,5,774.6000000000001,2,257.7800000000001,2opt,acceptBad
1777,5,774.6000000000001,2,257.7800000000001,move,improve
1778,5,978.9200000000001,2,257.7800000000001,2opt,acceptBad
1779,5,967.9100000000001,2,257.7800000000001,move,improve
1780,5,1103.05,2,257.7800000000001,2opt,acceptBad
1781,5,1197.02,2,257.7800000000001,2opt,acceptBad
1782,5,1159.6200000000003,2,257.7800000000001,swap,improve
1783,5,1179.9,2,257.7800000000001,swap,acceptBad
1784,5,1179.9,2,257.7800000000001,2opt,notBad
1785,5,1185.8700000000001,2,257.7800000000001,swap,acceptBad
1786,5,1185.8700000000001,2,257.7800000000001,swap,notBad
1787,5,1182.0900000000001,2,257.7800000000001,move,improve
1788,6,1319.0900000000001,2,257.7800000000001,2opt,acceptBad
1789,6,1319.0900000000001,2,257.7800000000001,2opt,notBad
1790,6,1318.5800000000002,2,257.7800000000001,2opt,improve
1791,6,1318.5800000000002,2,257.7800000000001,2opt,improve
1792,6,1306.2200000000003,2,257.7800000000001,move,improve
1793,6,1304.5700000000002,2,257.7800000000001,2opt,improve
1794,6,1313.5500000000004,2,257.7800000000001,swap,acceptBad
1795,6,1319.6400000000003,2,257.7800000000001,swap,acceptBad
1796,6,1320.6,2,257.7800000000001,2opt,acceptBad
1797,6,1320.6,2,257.7800000000001,2opt,improve
1798,6,1320.6,2,257.7800000000001,2opt,notBad
1799,6,963.2000000000002,2,257.7800000000001,move,improve
1800,6,964.8200000000002,2,257.7800000000001,swap,acceptBad
1801,6,1108.3200000000002,2,257.7800000000001,2opt,acceptBad
1802,6,1245.85,2,257.7800000000001,swap,acceptBad
1803,6,1105.04,2,257.7800000000001,move,improve
1804,6,1113.17,2,257.7800000000001,swap,acceptBad
1805,6,908.3000000000001,2,257.7800000000001,move,improve
1806,6,808.6999999999999,2,257.7800000000001,move,improve
1807,6,805.9399999999999,2,257.7800000000001,swap,improve
1808,6,805.9399999999999,2,257.7800000000001,2opt,notBad
1809,6,807.02,2,257.7800000000001,swap,acceptBad
1810,6,807.02,2,257.7800000000001,move,improve
1811,6,795.8299999999999,2,257.7800000000001,move,improve
1812,6,795.8299999999999,2,257.7800000000001,move,improve
1813,6,795.8299999999999,2,257.7800000000001,2opt,notBad
1814,6,895.4300000000001,2,257.7800000000001,swap,acceptBad
1815,6,878.6600000000001,2,257.7800000000001,move,improve
1816,6,878.6600000000001,2,257.7800000000001,move,improve
1817,6,878.6600000000001,2,257.7800000000001,move,improve
1818,6,866.51,2,257.7800000000001,move,improve
1819,6,894.2,2,257.7800000000001,swap,acceptBad
1820,6,894.2,2,257.7800000000001,2opt,improve
1821,6,893.6800000000001,2,257.7800000000001,move,improve
1822,6,891.4900000000001,2,257.7800000000001,swap,improve
1823,6,891.4900000000001,2,257.7800000000001,move,improve
1824,6,891.4900000000001,2,257.7800000000001,2opt,notBad
1825,6,1040.5800000000004,2,257.7800000000001,swap,acceptBad
1826,6,1040.5800000000004,2,257.7800000000001,2opt,notBad
1827,6,1036.1100000000006,2,257.7800000000001,swap,improve
1828,6,1042.1400000000006,2,257.7800000000001,2opt,acceptBad
1829,6,897.3100000000002,2,257.7800000000001,move,improve
1830,6,891.4600000000003,2,257.7800000000001,2opt,improve
1831,6,888.9100000000003,2,257.7800000000001,move,improve
1832,6,897.0700000000003,2,257.7800000000001,swap,acceptBad
1833,6,897.0700000000003,2,257.7800000000001,2opt,notBad
1834,6,891.4600000000003,2,257.7800000000001,swap,improve
1835,6,883.3000000000002,2,257.7800000000001,swap,improve
1836,6,883.3000000000002,2,257.7800000000001,2opt,notBad
1837,6,883.3000000000002,2,257.7800000000001,move,improve
1838,6,883.3000000000002,2,257.7800000000001,2opt,notBad
1839,6,1062.0500000000006,2,257.7800000000001,2opt,acceptBad
1840,6,1062.0500000000006,2,257.7800000000001,move,improve
1841,6,1062.0500000000006,2,257.7800000000001,2opt,notBad
1842,6,1445.0700000000004,2,257.7800000000001,swap,acceptBad
1843,6,1069.1700000000003,2,257.7800000000001,move,improve
1844,6,1065.7500000000002,2,257.7800000000001,2opt,improve
1845,6,1076.4000000000003,2,257.7800000000001,swap,acceptBad
1846,6,1191.32,2,257.7800000000001,swap,acceptBad
1847,6,1110.1000000000001,2,257.7800000000001,swap,improve
1848,6,1110.1000000000001,2,257.7800000000001,move,improve
1849,6,1110.46,2,257.7800000000001,swap,acceptBad
1850,6,1102.84,2,257.7800000000001,2opt,improve
1851,6,1113.2499999999995,2,257.7800000000001,2opt,acceptBad
1852,6,1668.0699999999997,2,257.7800000000001,swap,acceptBad
1853,6,1687.5099999999998,2,257.7800000000001,swap,acceptBad
1854,6,1705.37,2,257.7800000000001,swap,acceptBad
1855,6,1413.89,2,257.7800000000001,move,improve
1856,6,1429.25,2,257.7800000000001,2opt,acceptBad
1857,6,1320.05,2,257.7800000000001,move,improve
1858,6,861.4899999999998,2,257.7800000000001,move,improve
1859,6,851.65,2,257.7800000000001,swap,improve
1860,6,851.65,2,257.7800000000001,swap,notBad
1861,6,851.65,2,257.7800000000001,2opt,notBad
1862,6,847.75,2,257.7800000000001,2opt,improve
1863,6,843.52,2,257.7800000000001,move,improve
1864,6,843.52,2,257.7800000000001,swap,notBad
1865,6,843.52,2,257.7800000000001,move,improve
1866,6,843.52,2,257.7800000000001,move,improve
1867,6,833.98,2,257.7800000000001,move,improve
1868,6,829.0,2,257.7800000000001,2opt,improve
1869,6,830.77,2,257.7800000000001,swap,acceptBad
1870,6,795.97,2,257.7800000000001,move,improve
1871,6,753.67,2,257.7800000000001,swap,improve
1872,6,747.01,2,257.7800000000001,2opt,improve
1873,6,747.01,2,257.7800000000001,2opt,notBad
1874,6,747.01,2,257.7800000000001,swap,notBad
1875,6,747.01,2,257.7800000000001,move,improve
1876,6,735.97,2,257.7800000000001,move,improve
1877,6,735.97,2,257.7800000000001,move,improve
1878,6,735.97,2,257.7800000000001,move,improve
1879,6,735.97,2,257.7800000000001,move,improve
1880,6,735.97,2,257.7800000000001,2opt,notBad
1881,6,731.68,2,257.7800000000001,swap,improve
1882,6,731.68,2,257.7800000000001,move,improve
1883,6,731.2900000000001,2,257.7800000000001,2opt,improve
1884,6,735.58,2,257.7800000000001,swap,acceptBad
1885,6,735.58,2,257.7800000000001,move,improve
1886,6,700.38,2,257.7800000000001,move,improve
1887,6,704.5799999999999,2,257.7800000000001,swap,acceptBad
1888,6,702.6899999999999,2,257.7800000000001,move,improve
1889,6,702.6899999999999,2,257.7800000000001,2opt,notBad
1890,6,717.2099999999999,2,257.7800000000001,swap,acceptBad
1891,6,713.2199999999999,2,257.7800000000001,2opt,improve
1892,6,713.2199999999999,2,257.7800000000001,swap,notBad
1893,6,713.2199999999999,2,257.7800000000001,2opt,notBad
1894,6,713.2199999999999,2,257.7800000000001,move,improve
1895,6,713.2199999999999,2,257.7800000000001,move,improve
1896,6,713.2199999999999,2,257.7800000000001,2opt,notBad
1897,6,726.54,2,257.7800000000001,2opt,acceptBad
1898,6,748.0600000000001,2,257.7800000000001,swap,acceptBad
1899,6,748.0600000000001,2,257.7800000000001,2opt,notBad
1900,6,767.8900000000001,2,257.7800000000001,swap,acceptBad
1901,6,767.8900000000001,2,257.7800000000001,move,improve
1902,6,716.99,2,257.7800000000001,2opt,improve
1903,6,836.2599999999998,2,257.7800000000001,2opt,acceptBad
1904,6,817.7799999999997,2,257.7800000000001,move,improve
1905,6,817.7799999999997,2,257.7800000000001,2opt,notBad
1906,6,816.4299999999998,2,257.7800000000001,move,improve
1907,6,816.4299999999998,2,257.7800000000001,2opt,notBad
1908,6,816.4299999999998,2,257.7800000000001,2opt,notBad
1909,6,816.4299999999998,2,257.7800000000001,2opt,notBad
1910,6,819.3099999999996,2,257.7800000000001,2opt,acceptBad
1911,6,830.3799999999999,2,257.7800000000001,2opt,acceptBad
1912,6,827.4699999999998,2,257.7800000000001,2opt,improve
1913,6,827.4699999999998,2,257.7800000000001,swap,notBad
1914,6,941.5699999999999,2,257.7800000000001,swap,acceptBad
1915,6,944.5099999999999,2,257.7800000000001,2opt,acceptBad
1916,6,958.8799999999999,2,257.7800000000001,swap,acceptBad
1917,6,958.8799999999999,2,257.7800000000001,move,improve
1918,6,958.8799999999999,2,257.7800000000001,2opt,notBad
1919,6,960.4999999999998,2,257.7800000000001,2opt,acceptBad
1920,6,1087.44,2,257.7800000000001,swap,acceptBad
1921,6,1087.44,2,257.7800000000001,2opt,notBad
1922,6,1087.44,2,257.7800000000001,swap,notBad
1923,6,1087.44,2,257.7800000000001,swap,notBad
1924,6,1277.79,2,257.7800000000001,swap,acceptBad
1925,6,1201.9599999999998,2,257.7800000000001,move,improve
1926,6,1204.6299999999999,2,257.7800000000001,2opt,acceptBad
1927,6,1250.01,2,257.7800000000001,swap,acceptBad
1928,6,1250.01,2,257.7800000000001,2opt,notBad
1929,6,1253.4599999999998,2,257.7800000000001,2opt,acceptBad
1930,6,1137.58,2,257.7800000000001,move,improve
1931,6,1137.58,2,257.7800000000001,swap,notBad
1932,6,1170.9099999999999,2,257.7800000000001,swap,acceptBad
1933,6,1164.79,2,257.7800000000001,2opt,improve
1934,6,1161.99,2,257.7800000000001,swap,improve
1935,6,1161.99,2,257.7800000000001,2opt,notBad
1936,6,1161.99,2,257.7800000000001,swap,notBad
1937,6,1158.0,2,257.7800000000001,swap,improve
1938,6,1144.5600000000002,2,257.7800000000001,2opt,improve
1939,6,1144.5000000000002,2,257.7800000000001,move,improve
1940,6,1122.3600000000001,2,257.7800000000001,move,improve
1941,6,1121.97,2,257.7800000000001,move,improve
1942,6,1117.17,2,257.7800000000001,swap,improve
1943,6,1117.17,2,257.7800000000001,move,improve
1944,6,1117.17,2,257.7800000000001,2opt,improve
1945,6,1121.52,2,257.7800000000001,swap,acceptBad
1946,6,1055.7300000000002,2,257.7800000000001,move,improve
1947,6,925.8700000000001,2,257.7800000000001,move,improve
1948,6,928.0600000000001,2,257.7800000000001,2opt,acceptBad
1949,6,925.9000000000001,2,257.7800000000001,2opt,improve
1950,6,925.9000000000001,2,257.7800000000001,move,improve
1951,6,917.95,2,257.7800000000001,2opt,improve
1952,6,917.95,2,257.7800000000001,move,improve
1953,6,919.7500000000002,2,257.7800000000001,2opt,acceptBad
1954,6,911.3800000000001,2,257.7800000000001,move,improve
1955,6,911.3800000000001,2,257.7800000000001,swap,notBad
1956,6,910.7500000000001,2,257.7800000000001,2opt,improve
1957,6,804.03,2,257.7800000000001,move,improve
1958,6,811.62,2,257.7800000000001,swap,acceptBad
1959,6,811.62,2,257.7800000000001,2opt,notBad
1960,6,935.9499999999998,2,257.7800000000001,2opt,acceptBad
1961,6,711.1699999999998,2,257.7800000000001,move,improve
1962,6,711.1699999999998,2,257.7800000000001,2opt,notBad
1963,6,692.9899999999999,2,257.7800000000001,move,improve
1964,6,692.9899999999999,2,257.7800000000001,2opt,improve
1965,6,692.9899999999999,2,257.7800000000001,swap,notBad
1966,6,692.9899999999999,2,257.7800000000001,move,improve
1967,6,657.9299999999998,2,257.7800000000001,move,improve
1968,6,713.2600000000001,2,257.7800000000001,swap,acceptBad
1969,6,809.95,2,257.7800000000001,swap,acceptBad
1970,6,749.3199999999999,2,257.7800000000001,move,improve
1971,6,749.3199999999999,2,257.7800000000001,swap,notBad
1972,6,765.28,2,257.7800000000001,2opt,acceptBad
1973,6,961.0399999999997,2,257.7800000000001,swap,acceptBad
1974,6,968.7799999999997,2,257.7800000000001,2opt,acceptBad
1975,6,949.1799999999997,2,257.7800000000001,swap,improve
1976,6,885.6899999999996,2,257.7800000000001,swap,improve
1977,6,885.6899999999996,2,257.7800000000001,2opt,improve
1978,6,881.2199999999996,2,257.7800000000001,2opt,improve
1979,6,881.2199999999996,2,257.7800000000001,move,improve
1980,6,881.2199999999996,2,257.7800000000001,move,improve
1981,6,881.2199999999996,2,257.7800000000001,2opt,notBad
1982,6,881.2199999999996,2,257.7800000000001,move,improve
1983,6,881.2199999999996,2,257.7800000000001,move,improve
1984,6,889.4999999999995,2,257.7800000000001,2opt,acceptBad
1985,6,878.6699999999995,2,257.7800000000001,move,improve
1986,6,878.6699999999995,2,257.7800000000001,2opt,notBad
1987,6,862.5799999999999,2,257.7800000000001,swap,improve
1988,6,862.5799999999999,2,257.7800000000001,2opt,notBad
1989,6,862.5799999999999,2,257.7800000000001,move,improve
1990,6,864.6799999999998,2,257.7800000000001,swap,acceptBad
1991,6,864.6799999999998,2,257.7800000000001,move,improve
1992,6,789.8699999999999,2,257.7800000000001,2opt,improve
1993,6,789.8699999999999,2,257.7800000000001,2opt,notBad
1994,6,789.8699999999999,2,257.7800000000001,2opt,notBad
1995,6,789.8699999999999,2,257.7800000000001,move,improve
1996,6,783.51,2,257.7800000000001,move,improve
1997,6,802.8499999999999,2,257.7800000000001,2opt,acceptBad
1998,6,997.72,2,257.7800000000001,swap,acceptBad
1999,6,996.8500000000001,2,257.7800000000001,2opt,improve
2000,6,991.84,2,257.7800000000001,swap,improve
2001,6,991.84,2,257.7800000000001,move,improve
2002,6,989.08,2,257.7800000000001,move,improve
2003,6,990.7900000000001,2,257.7800000000001,swap,acceptBad
2004,6,990.7900000000001,2,257.7800000000001,2opt,notBad
2005,6,984.38,2,257.7800000000001,swap,improve
2006,6,984.38,2,257.7800000000001,2opt,improve
2007,6,984.38,2,257.7800000000001,swap,notBad
2008,6,984.38,2,257.7800000000001,swap,notBad
2009,6,984.38,2,257.7800000000001,2opt,notBad
2010,5,743.6600000000001,2,257.7800000000001,move,improve
2011,5,764.4399999999998,2,257.7800000000001,swap,acceptBad
2012,5,764.4399999999998,2,257.7800000000001,2opt,notBad
2013,5,764.4399999999998,2,257.7800000000001,move,improve
2014,5,764.4399999999998,2,257.7800000000001,2opt,notBad
2015,5,843.25,2,257.7800000000001,swap,acceptBad
2016,5,843.25,2,257.7800000000001,2opt,notBad
2017,5,843.25,2,257.7800000000001,2opt,improve
2018,5,663.78,2,257.7800000000001,move,improve
2019,5,663.78,2,257.7800000000001,move,improve
2020,5,655.4699999999999,2,257.7800000000001,move,improve
2021,5,649.5899999999999,2,257.7800000000001,swap,improve
2022,5,618.04,2,257.7800000000001,swap,improve
2023,5,621.37,2,257.7800000000001,swap,acceptBad
2024,5,739.69,2,257.7800000000001,2opt,acceptBad
2025,5,739.69,2,257.7800000000001,2opt,notBad
2026,5,739.69,2,257.7800000000001,swap,notBad
2027,5,739.69,2,257.7800000000001,swap,notBad
2028,5,750.04,2,257.7800000000001,2opt,acceptBad
2029,5,749.41,2,257.7800000000001,swap,improve
2030,5,749.41,2,257.7800000000001,move,improve
2031,5,608.0200000000001,2,257.7800000000001,move,improve
2032,5,608.0200000000001,2,257.7800000000001,2opt,notBad
2033,5,608.0200000000001,2,257.7800000000001,2opt,notBad
2034,5,608.0200000000001,2,257.7800000000001,2opt,notBad
2035,5,614.1100000000001,2,257.7800000000001,swap,acceptBad
2036,5,607.0600000000002,2,257.7800000000001,move,improve
2037,5,607.0600000000002,2,257.7800000000001,swap,notBad
2038,5,527.3,2,257.7800000000001,move,improve
2039,5,527.3,2,257.7800000000001,swap,notBad
2040,5,518.06,2,257.7800000000001,swap,improve
2041,5,518.06,2,257.7800000000001,move,improve
2042,5,513.1999999999999,2,257.7800000000001,move,improve
2043,5,513.1999999999999,2,257.7800000000001,swap,notBad
2044,5,513.1999999999999,2,257.7800000000001,move,improve
2045,5,527.65,2,257.7800000000001,swap,acceptBad
2046,5,518.9499999999999,2,257.7800000000001,move,improve
2047,5,518.3199999999999,2,257.7800000000001,move,improve
2048,5,531.76,2,257.7800000000001,swap,acceptBad
2049,5,531.76,2,257.7800000000001,move,notBad
2050,5,534.94,2,257.7800000000001,2opt,acceptBad
2051,5,544.87,2,257.7800000000001,2opt,acceptBad
2052,5,559.99,2,257.7800000000001,swap,acceptBad
2053,5,609.5899999999999,2,257.7800000000001,2opt,acceptBad
2054,5,609.5899999999999,2,257.7800000000001,2opt,notBad
2055,5,611.3899999999999,2,257.7800000000001,2opt,acceptBad
2056,5,523.6500000000001,2,257.7800000000001,move,improve
2057,5,523.98,2,257.7800000000001,swap,acceptBad
2058,5,523.98,2,257.7800000000001,move,improve
2059,5,728.8900000000001,2,257.7800000000001,swap,acceptBad
2060,5,733.45,2,257.7800000000001,2opt,acceptBad
2061,5,733.45,2,257.7800000000001,swap,notBad
2062,5,727.8100000000001,2,257.7800000000001,swap,improve
2063,5,751.74,2,257.7800000000001,swap,acceptBad
2064,5,751.74,2,257.7800000000001,move,improve
2065,5,761.6400000000001,2,257.7800000000001,swap,acceptBad
2066,5,761.6400000000001,2,257.7800000000001,swap,notBad
2067,5,733.2,2,257.7800000000001,swap,improve
2068,5,733.2,2,257.7800000000001,move,improve
2069,5,733.2399999999999,2,257.7800000000001,swap,acceptBad
2070,5,647.7599999999999,2,257.7800000000001,move,improve
2071,5,647.7599999999999,2,257.7800000000001,2opt,notBad
2072,5,647.7599999999999,2,257.7800000000001,move,improve
2073,5,676.6799999999998,2,257.7800000000001,swap,acceptBad
2074,5,626.74,2,257.7800000000001,move,improve
2075,5,620.98,2,257.7800000000001,move,improve
2076,5,664.45,2,257.7800000000001,swap,acceptBad
2077,5,1108.42,2,257.7800000000001,swap,acceptBad
2078,5,1153.59,2,257.7800000000001,swap,acceptBad
2079,5,1161.57,2,257.7800000000001,swap,acceptBad
2080,5,1162.65,2,257.7800000000001,2opt,acceptBad
2081,5,1162.65,2,257.7800000000001,move,improve
2082,5,1158.42,2,257.7800000000001,2opt,improve
2083,5,1158.42,2,257.7800000000001,move,improve
2084,5,1153.98,2,257.7800000000001,move,improve
2085,5,1226.1399999999999,2,257.7800000000001,swap,acceptBad
2086,5,1230.37,2,257.7800000000001,2opt,acceptBad
2087,5,1230.37,2,257.7800000000001,2opt,notBad
2088,5,1230.37,2,257.7800000000001,move,improve
2089,5,1122.44,2,257.7800000000001,2opt,improve
2090,5,1107.5,2,257.7800000000001,swap,improve
2091,5,1107.5,2,257.7800000000001,swap,notBad
2092,5,1107.5,2,257.7800000000001,2opt,notBad
2093,5,1107.5,2,257.7800000000001,2opt,notBad
2094,5,1107.5,2,257.7800000000001,move,improve
2095,5,1107.5,2,257.7800000000001,2opt,improve
2096,5,1110.32,2,257.7800000000001,2opt,acceptBad
2097,5,1110.32,2,257.7800000000001,2opt,notBad
2098,5,1038.1599999999999,2,257.7800000000001,move,improve
2099,5,1036.5799999999997,2,257.7800000000001,swap,improve
2100,5,1031.3899999999996,2,257.7800000000001,move,improve
2101,5,871.5299999999996,2,257.7800000000001,move,improve
2102,5,857.4599999999996,2,257.7800000000001,move,improve
2103,5,1039.32,2,257.7800000000001,swap,acceptBad
2104,5,1039.32,2,257.7800000000001,2opt,notBad
2105,5,808.8599999999999,2,257.7800000000001,swap,improve
2106,5,808.8599999999999,2,257.7800000000001,2opt,notBad
2107,5,808.8599999999999,2,257.7800000000001,2opt,notBad
2108,5,790.7099999999998,2,257.7800000000001,move,improve
2109,5,831.6999999999998,2,257.7800000000001,move,acceptBad
2110,5,771.4700000000001,2,257.7800000000001,swap,improve
2111,5,766.7000000000003,2,257.7800000000001,2opt,improve
2112,5,820.0899999999999,2,257.7800000000001,2opt,acceptBad
2113,5,703.4,2,257.7800000000001,move,improve
2114,5,701.78,2,257.7800000000001,2opt,improve
2115,5,743.8,2,257.7800000000001,swap,acceptBad
2116,5,831.7,2,257.7800000000001,swap,acceptBad
2117,5,831.7,2,257.7800000000001,move,improve
2118,5,831.7,2,257.7800000000001,move,improve
2119,5,631.2699999999996,2,257.7800000000001,move,improve
2120,5,626.5299999999996,2,257.7800000000001,2opt,improve
2121,5,626.4399999999996,2,257.7800000000001,move,improve
2122,5,745.0799999999995,2,257.7800000000001,2opt,acceptBad
2123,5,897.92,2,257.7800000000001,swap,acceptBad
2124,5,932.8399999999999,2,257.7800000000001,swap,acceptBad
2125,5,969.5699999999999,2,257.7800000000001,swap,acceptBad
2126,5,969.5699999999999,2,257.7800000000001,2opt,notBad
2127,5,1025.96,2,257.7800000000001,2opt,acceptBad
2128,5,1028.0900000000001,2,257.7800000000001,2opt,acceptBad
2129,5,1035.2000000000003,2,257.7800000000001,swap,acceptBad
2130,5,1015.7400000000002,2,257.7800000000001,swap,improve
2131,5,788.8100000000001,2,257.7800000000001,swap,improve
2132,5,788.8100000000001,2,257.7800000000001,2opt,notBad
2133,5,788.8100000000001,2,257.7800000000001,2opt,notBad
2134,5,788.8100000000001,2,257.7800000000001,2opt,notBad
2135,5,778.3700000000001,2,257.7800000000001,swap,improve
2136,5,703.2600000000001,2,257.7800000000001,move,improve
2137,5,662.7600000000001,2,257.7800000000001,move,improve
2138,5,662.7600000000001,2,257.7800000000001,2opt,notBad
2139,5,680.7900000000001,2,257.7800000000001,2opt,acceptBad
2140,5,579.52,2,257.7800000000001,move,improve
2141,5,556.2099999999999,2,257.7800000000001,move,improve
2142,5,763.1700000000001,2,257.7800000000001,swap,acceptBad
2143,5,763.1700000000001,2,257.7800000000001,2opt,notBad
2144,5,741.04,2,257.7800000000001,swap,improve
2145,5,680.3200000000002,2,257.7800000000001,swap,improve
2146,5,741.04,2,257.7800000000001,swap,acceptBad
2147,5,741.04,2,257.7800000000001,2opt,notBad
2148,5,821.52,2,257.7800000000001,swap,acceptBad
2149,5,821.52,2,257.7800000000001,2opt,notBad
2150,5,821.52,2,257.7800000000001,swap,notBad
2151,5,803.79,2,257.7800000000001,move,improve
2152,5,761.7199999999999,2,257.7800000000001,move,improve
2153,5,784.1299999999999,2,257.7800000000001,swap,acceptBad
2154,5,771.9499999999999,2,257.7800000000001,move,improve
2155,5,777.29,2,257.7800000000001,swap,acceptBad
2156,5,771.9499999999999,2,257.7800000000001,move,improve
2157,5,761.9899999999999,2,257.7800000000001,move,improve
2158,5,761.9899999999999,2,257.7800000000001,move,improve
2159,5,761.9899999999999,2,257.7800000000001,2opt,improve
2160,5,761.9899999999999,2,257.7800000000001,2opt,notBad
2161,5,784.6399999999999,2,257.7800000000001,swap,acceptBad
2162,5,784.6399999999999,2,257.7800000000001,2opt,notBad
2163,5,780.4999999999999,2,257.7800000000001,swap,improve
2164,5,784.6399999999999,2,257.7800000000001,swap,acceptBad
2165,5,784.6399999999999,2,257.7800000000001,move,improve
2166,5,716.07,2,257.7800000000001,move,improve
2167,5,711.24,2,257.7800000000001,swap,improve
2168,5,711.24,2,257.7800000000001,2opt,notBad
2169,5,711.24,2,257.7800000000001,move,improve
2170,5,711.24,2,257.7800000000001,2opt,notBad
2171,5,711.24,2,257.7800000000001,2opt,improve
2172,5,689.8300000000002,2,257.7800000000001,2opt,improve
2173,5,620.98,2,257.7800000000001,move,improve
2174,5,625.6300000000001,2,257.7800000000001,swap,acceptBad
2175,5,648.1300000000003,2,257.7800000000001,swap,acceptBad
2176,5,631.8400000000004,2,257.7800000000001,move,improve
2177,5,631.8400000000004,2,257.7800000000001,2opt,notBad
2178,5,631.8400000000004,2,257.7800000000001,move,improve
2179,5,635.8600000000004,2,257.7800000000001,2opt,acceptBad
2180,5,605.7100000000004,2,257.7800000000001,move,improve
2181,5,601.0600000000004,2,257.7800000000001,move,improve
2182,5,496.43,2,257.7800000000001,move,improve
2183,5,496.43,2,257.7800000000001,move,improve
2184,5,496.43,2,257.7800000000001,move,improve
2185,5,601.7600000000002,2,257.7800000000001,swap,acceptBad
2186,5,601.7600000000002,2,257.7800000000001,move,improve
2187,5,687.97,2,257.7800000000001,swap,acceptBad
2188,5,704.5,2,257.7800000000001,swap,acceptBad
2189,5,704.5,2,257.7800000000001,move,improve
2190,5,706.12,2,257.7800000000001,swap,acceptBad
2191,5,721.51,2,257.7800000000001,swap,acceptBad
2192,5,721.51,2,257.7800000000001,swap,notBad
2193,5,750.1299999999999,2,257.7800000000001,swap,acceptBad
2194,5,741.97,2,257.7800000000001,move,improve
2195,5,693.09,2,257.7800000000001,2opt,improve
2196,5,686.6700000000001,2,257.7800000000001,2opt,improve
2197,5,686.6700000000001,2,257.7800000000001,2opt,notBad
2198,5,686.6700000000001,2,257.7800000000001,move,improve
2199,5,733.0400000000001,2,257.7800000000001,2opt,acceptBad
2200,5,766.1300000000001,2,257.7800000000001,2opt,acceptBad
2201,5,724.36,2,257.7800000000001,2opt,improve
2202,5,724.36,2,257.7800000000001,move,improve
2203,5,724.36,2,257.7800000000001,2opt,improve
2204,5,724.36,2,257.7800000000001,2opt,notBad
2205,5,1039.71,2,257.7800000000001,move,acceptBad
2206,5,1028.46,2,257.7800000000001,move,improve
2207,5,978.27,2,257.7800000000001,swap,improve
2208,5,958.8599999999999,2,257.7800000000001,swap,improve
2209,5,952.7399999999999,2,257.7800000000001,move,improve
2210,5,952.7399999999999,2,257.7800000000001,2opt,notBad
2211,5,997.99,2,257.7800000000001,swap,acceptBad
2212,5,995.7099999999999,2,257.7800000000001,move,improve
2213,5,991.7199999999999,2,257.7800000000001,2opt,improve
2214,5,1016.2599999999996,2,257.7800000000001,swap,acceptBad
2215,5,1012.2099999999996,2,257.7800000000001,swap,improve
2216,5,939.9099999999999,2,257.7800000000001,move,improve
2217,5,925.3499999999999,2,257.7800000000001,2opt,improve
2218,5,927.0599999999998,2,257.7800000000001,2opt,acceptBad
2219,5,931.1099999999999,2,257.7800000000001,swap,acceptBad
2220,5,919.53,2,257.7800000000001,move,improve
2221,5,820.2500000000002,2,257.7800000000001,move,improve
2222,5,821.5100000000002,2,257.7800000000001,2opt,acceptBad
2223,5,821.5100000000002,2,257.7800000000001,move,improve
2224,5,821.5100000000002,2,257.7800000000001,2opt,improve
2225,5,821.5100000000002,2,257.7800000000001,swap,notBad
2226,5,816.1100000000001,2,257.7800000000001,swap,improve
2227,5,808.5500000000002,2,257.7800000000001,move,improve
2228,5,808.5500000000002,2,257.7800000000001,2opt,notBad
2229,5,808.5500000000002,2,257.7800000000001,2opt,notBad
2230,5,808.5500000000002,2,257.7800000000001,2opt,improve
2231,5,805.4300000000002,2,257.7800000000001,move,improve
2232,5,799.7600000000002,2,257.7800000000001,2opt,improve
2233,5,643.74,2,257.7800000000001,move,improve
2234,5,674.26,2,257.7800000000001,2opt,acceptBad
2235,5,667.9300000000001,2,257.7800000000001,2opt,improve
2236,5,667.9300000000001,2,257.7800000000001,move,improve
2237,5,663.28,2,257.7800000000001,move,improve
2238,5,663.28,2,257.7800000000001,swap,notBad
2239,5,696.37,2,257.7800000000001,swap,acceptBad
2240,5,784.26,2,257.7800000000001,swap,acceptBad
2241,5,784.26,2,257.7800000000001,2opt,notBad
2242,5,786.81,2,257.7800000000001,2opt,acceptBad
2243,5,878.6499999999999,2,257.7800000000001,swap,acceptBad
2244,5,840.6099999999999,2,257.7800000000001,swap,improve
2245,5,833.53,2,257.7800000000001,swap,improve
2246,5,831.5799999999999,2,257.7800000000001,2opt,improve
2247,5,839.65,2,257.7800000000001,swap,acceptBad
2248,5,839.65,2,257.7800000000001,swap,notBad
2249,5,795.3099999999997,2,257.7800000000001,move,improve
2250,5,795.3099999999997,2,257.7800000000001,move,improve
2251,5,795.3099999999997,2,257.7800000000001,2opt,notBad
2252,5,780.6099999999999,2,257.7800000000001,swap,improve
2253,5,777.5199999999999,2,257.7800000000001,2opt,improve
2254,5,553.6599999999999,2,257.7800000000001,2opt,improve
2255,5,553.6599999999999,2,257.7800000000001,2opt,notBad
2256,5,553.6599999999999,2,257.7800000000001,2opt,notBad
2257,5,553.6599999999999,2,257.7800000000001,2opt,notBad
2258,5,553.6599999999999,2,257.7800000000001,2opt,notBad
2259,5,547.4199999999998,2,257.7800000000001,move,improve
2260,5,547.4199999999998,2,257.7800000000001,move,improve
2261,5,547.4199999999998,2,257.7800000000001,move,improve
2262,5,680.65,2,257.7800000000001,swap,acceptBad
2263,5,710.85,2,257.7800000000001,2opt,acceptBad
2264,5,645.57,2,257.7800000000001,swap,improve
2265,5,710.85,2,257.7800000000001,swap,acceptBad
2266,5,611.7799999999999,2,257.7800000000001,swap,improve
2267,5,617.6899999999999,2,257.7800000000001,2opt,acceptBad
2268,5,566.3000000000003,2,257.7800000000001,move,improve
2269,5,548.7900000000002,2,257.7800000000001,move,improve
2270,5,546.7200000000003,2,257.7800000000001,move,improve
2271,5,542.6100000000002,2,257.7800000000001,move,improve
2272,5,542.6100000000002,2,257.7800000000001,2opt,notBad
2273,5,542.6100000000002,2,257.7800000000001,move,improve
2274,5,512.47,2,257.7800000000001,move,improve
2275,5,620.09,2,257.7800000000001,swap,acceptBad
2276,5,620.09,2,257.7800000000001,swap,notBad
2277,5,539.86,2,257.7800000000001,move,improve
2278,5,539.86,2,257.7800000000001,2opt,notBad
2279,5,502.44000000000005,2,257.7800000000001,swap,improve
2280,5,505.20000000000005,2,257.7800000000001,swap,acceptBad
2281,5,517.3800000000001,2,257.7800000000001,2opt,acceptBad
2282,5,517.6800000000001,2,257.7800000000001,2opt,acceptBad
2283,5,517.6800000000001,2,257.7800000000001,move,improve
2284,5,517.6800000000001,2,257.7800000000001,move,improve
2285,5,499.77000000000004,2,257.7800000000001,swap,improve
2286,5,499.77000000000004,2,257.7800000000001,swap,notBad
2287,5,499.77000000000004,2,257.7800000000001,2opt,notBad
2288,5,499.77000000000004,2,257.7800000000001,2opt,notBad
2289,5,497.85,2,257.7800000000001,2opt,improve
2290,5,492.69000000000005,2,257.7800000000001,swap,improve
2291,5,492.69000000000005,2,257.7800000000001,move,improve
2292,5,492.69000000000005,2,257.7800000000001,2opt,notBad
2293,5,492.69000000000005,2,257.7800000000001,2opt,notBad
2294,5,491.6700000000001,2,257.7800000000001,move,improve
2295,5,491.6700000000001,2,257.7800000000001,2opt,notBad
2296,5,491.6700000000001,2,257.7800000000001,move,improve
2297,5,491.6700000000001,2,257.7800000000001,move,improve
2298,5,491.6700000000001,2,257.7800000000001,2opt,notBad
2299,5,491.73,2,257.7800000000001,swap,acceptBad
2300,5,517.8900000000001,2,257.7800000000001,2opt,acceptBad
2301,5,517.8900000000001,2,257.7800000000001,swap,notBad
2302,5,517.83,2,257.7800000000001,move,improve
2303,5,517.4600000000004,2,257.7800000000001,2opt,improve
2304,5,500.9600000000003,2,257.7800000000001,move,improve
2305,5,503.0300000000003,2,257.7800000000001,2opt,acceptBad
2306,5,505.97000000000025,2,257.7800000000001,swap,acceptBad
2307,5,514.6100000000004,2,257.7800000000001,2opt,acceptBad
2308,5,510.1100000000003,2,257.7800000000001,2opt,improve
2309,5,539.53,2,257.7800000000001,swap,acceptBad
2310,5,503.02,2,257.7800000000001,move,improve
2311,5,503.02,2,257.7800000000001,swap,notBad
2312,5,512.05,2,257.7800000000001,swap,acceptBad
2313,5,547.6400000000001,2,257.7800000000001,swap,acceptBad
2314,5,521.0700000000002,2,257.7800000000001,swap,improve
2315,5,510.4500000000001,2,257.7800000000001,swap,improve
2316,5,537.8300000000002,2,257.7800000000001,swap,acceptBad
2317,5,590.3500000000003,2,257.7800000000001,swap,acceptBad
2318,5,580.7500000000002,2,257.7800000000001,move,improve
2319,5,503.48000000000013,2,257.7800000000001,move,improve
2320,5,503.48000000000013,2,257.7800000000001,2opt,improve
2321,5,503.48000000000013,2,257.7800000000001,move,improve
2322,5,503.48000000000013,2,257.7800000000001,move,improve
2323,5,500.5400000000002,2,257.7800000000001,move,improve
2324,5,500.5400000000002,2,257.7800000000001,swap,notBad
2325,5,500.5400000000002,2,257.7800000000001,swap,notBad
2326,5,500.5400000000002,2,257.7800000000001,swap,notBad
2327,5,512.3500000000004,2,257.7800000000001,swap,acceptBad
2328,5,512.3500000000004,2,257.7800000000001,move,improve
2329,5,505.2700000000001,2,257.7800000000001,swap,improve
2330,5,563.22,2,257.7800000000001,move,acceptBad
2331,5,563.22,2,257.7800000000001,swap,notBad
2332,5,571.26,2,257.7800000000001,swap,acceptBad
2333,5,567.4499999999999,2,257.7800000000001,swap,improve
2334,5,567.4499999999999,2,257.7800000000001,move,improve
2335,5,575.31,2,257.7800000000001,swap,acceptBad
2336,5,575.31,2,257.7800000000001,2opt,notBad
2337,4,481.6499999999999,2,257.7800000000001,move,improve
2338,4,481.6499999999999,2,257.7800000000001,2opt,notBad
2339,4,459.69000000000005,2,257.7800000000001,move,improve
2340,4,521.6200000000001,2,257.7800000000001,swap,acceptBad
2341,4,515.9300000000001,2,257.7800000000001,swap,improve
2342,4,745.2700000000001,2,257.7800000000001,move,acceptBad
2343,4,745.2700000000001,2,257.7800000000001,2opt,notBad
2344,4,745.2700000000001,2,257.7800000000001,move,improve
2345,4,748.1099999999999,2,257.7800000000001,swap,acceptBad
2346,4,748.1099999999999,2,257.7800000000001,move,improve
2347,4,752.0699999999999,2,257.7800000000001,swap,acceptBad
2348,4,752.0699999999999,2,257.7800000000001,swap,notBad
2349,4,749.19,2,257.7800000000001,move,improve
2350,4,748.8499999999999,2,257.7800000000001,move,improve
2351,4,759.16,2,257.7800000000001,swap,acceptBad
2352,4,733.58,2,257.7800000000001,move,improve
2353,4,698.03,2,257.7800000000001,swap,improve
2354,4,720.55,2,257.7800000000001,swap,acceptBad
2355,4,720.7299999999999,2,257.7800000000001,2opt,acceptBad
2356,4,720.7299999999999,2,257.7800000000001,2opt,notBad
2357,4,718.8999999999999,2,257.7800000000001,move,improve
2358,4,718.8999999999999,2,257.7800000000001,2opt,notBad
2359,4,748.8399999999999,2,257.7800000000001,swap,acceptBad
2360,4,755.5299999999999,2,257.7800000000001,swap,acceptBad
2361,4,755.5299999999999,2,257.7800000000001,2opt,improve
2362,4,755.5299999999999,2,257.7800000000001,2opt,notBad
2363,4,757.3599999999999,2,257.7800000000001,swap,acceptBad
2364,4,810.9099999999999,2,257.7800000000001,swap,acceptBad
2365,4,810.6999999999998,2,257.7800000000001,move,improve
2366,4,810.9099999999999,2,257.7800000000001,2opt,acceptBad
2367,4,799.4799999999998,2,257.7800000000001,move,improve
2368,4,799.4799999999998,2,257.7800000000001,2opt,notBad
2369,4,782.3399999999999,2,257.7800000000001,swap,improve
2370,4,782.3399999999999,2,257.7800000000001,2opt,improve
2371,4,834.7199999999998,2,257.7800000000001,swap,acceptBad
2372,4,834.7199999999998,2,257.7800000000001,2opt,notBad
2373,4,833.2299999999998,2,257.7800000000001,swap,improve
2374,4,849.3999999999999,2,257.7800000000001,swap,acceptBad
2375,4,744.4899999999998,2,257.7800000000001,move,improve
2376,4,740.0199999999998,2,257.7800000000001,move,improve
2377,4,746.9499999999998,2,257.7800000000001,2opt,acceptBad
2378,4,726.55,2,257.7800000000001,2opt,improve
2379,4,726.55,2,257.7800000000001,move,improve
2380,4,726.55,2,257.7800000000001,2opt,notBad
2381,4,589.5899999999998,2,257.7800000000001,move,improve
2382,4,604.3199999999998,2,257.7800000000001,swap,acceptBad
2383,4,530.5799999999999,2,257.7800000000001,move,improve
2384,4,530.5799999999999,2,257.7800000000001,2opt,notBad
2385,4,530.5799999999999,2,257.7800000000001,2opt,notBad
2386,4,530.5799999999999,2,257.7800000000001,move,improve
2387,4,525.15,2,257.7800000000001,2opt,improve
2388,4,525.15,2,257.7800000000001,swap,notBad
2389,4,508.3799999999999,2,257.7800000000001,move,improve
2390,4,508.3799999999999,2,257.7800000000001,2opt,notBad
2391,4,508.3799999999999,2,257.7800000000001,2opt,notBad
2392,4,508.3799999999999,2,257.7800000000001,2opt,notBad
2393,4,504.82000000000016,2,257.7800000000001,swap,improve
2394,4,498.2800000000001,2,257.7800000000001,move,improve
2395,4,511.94999999999993,2,257.7800000000001,swap,acceptBad
2396,4,506.4,2,257.7800000000001,move,improve
2397,4,506.4,2,257.7800000000001,move,improve
2398,4,511.41,2,257.7800000000001,swap,acceptBad
2399,4,511.41,2,257.7800000000001,2opt,notBad
2400,4,511.41,2,257.7800000000001,move,improve
2401,4,497.78999999999996,2,257.7800000000001,move,improve
2402,4,497.78999999999996,2,257.7800000000001,2opt,notBad
2403,4,500.1599999999999,2,257.7800000000001,swap,acceptBad
2404,4,508.2899999999999,2,257.7800000000001,swap,acceptBad
2405,4,508.2899999999999,2,257.7800000000001,move,improve
2406,4,493.9199999999999,2,257.7800000000001,move,improve
2407,4,531.36,2,257.7800000000001,swap,acceptBad
2408,4,533.82,2,257.7800000000001,swap,acceptBad
2409,4,532.05,2,257.7800000000001,move,improve
2410,4,532.05,2,257.7800000000001,2opt,notBad
2411,4,532.05,2,257.7800000000001,2opt,improve
2412,4,532.05,2,257.7800000000001,move,improve
2413,4,532.05,2,257.7800000000001,move,improve
2414,4,532.05,2,257.7800000000001,2opt,notBad
2415,4,537.54,2,257.7800000000001,2opt,acceptBad
2416,4,537.54,2,257.7800000000001,2opt,improve
2417,4,492.14,2,257.7800000000001,swap,improve
2418,4,492.14,2,257.7800000000001,2opt,improve
2419,4,492.83,2,257.7800000000001,2opt,acceptBad
2420,4,492.43999999999994,2,257.7800000000001,move,improve
2421,4,499.13,2,257.7800000000001,2opt,acceptBad
2422,4,499.13,2,257.7800000000001,move,improve
2423,4,476.87,2,257.7800000000001,move,improve
2424,4,544.3799999999999,2,257.7800000000001,swap,acceptBad
2425,4,542.6099999999999,2,257.7800000000001,2opt,improve
2426,4,493.31999999999994,2,257.7800000000001,swap,improve
2427,4,499.79999999999995,2,257.7800000000001,swap,acceptBad
2428,4,499.79999999999995,2,257.7800000000001,2opt,notBad
2429,4,517.9300000000001,2,257.7800000000001,swap,acceptBad
2430,4,447.86000000000007,2,257.7800000000001,move,improve
2431,4,443.21000000000004,2,257.7800000000001,move,improve
2432,4,443.21000000000004,2,257.7800000000001,2opt,notBad
2433,4,448.94000000000005,2,257.7800000000001,2opt,acceptBad
2434,4,447.32000000000005,2,257.7800000000001,move,improve
2435,4,453.74000000000007,2,257.7800000000001,2opt,acceptBad
2436,4,456.40000000000003,2,257.7800000000001,2opt,acceptBad
2437,4,412.3800000000001,2,257.7800000000001,swap,improve
2438,4,390.93000000000006,2,257.7800000000001,move,improve
2439,4,390.93000000000006,2,257.7800000000001,2opt,notBad
2440,4,398.49,2,257.7800000000001,swap,acceptBad
2441,4,367.35,2,257.7800000000001,swap,improve
2442,4,349.13,2,257.7800000000001,swap,improve
2443,4,356.6600000000001,2,257.7800000000001,2opt,acceptBad
2444,4,356.6600000000001,2,257.7800000000001,swap,notBad
2445,4,356.6600000000001,2,257.7800000000001,swap,notBad
2446,4,356.6600000000001,2,257.7800000000001,swap,notBad
2447,4,353.65999999999997,2,257.7800000000001,2opt,improve
2448,4,345.95000000000005,2,257.7800000000001,2opt,improve
2449,4,375.89,2,257.7800000000001,swap,acceptBad
2450,4,375.89,2,257.7800000000001,move,improve
2451,4,375.89,2,257.7800000000001,2opt,notBad
2452,4,385.45,2,257.7800000000001,swap,acceptBad
2453,4,385.45,2,257.7800000000001,2opt,improve
2454,4,385.45,2,257.7800000000001,2opt,notBad
2455,4,384.7,2,257.7800000000001,swap,improve
2456,4,380.46999999999997,2,257.7800000000001,move,improve
2457,4,380.46999999999997,2,257.7800000000001,move,improve
2458,4,396.81999999999994,2,257.7800000000001,swap,acceptBad
2459,4,396.81999999999994,2,257.7800000000001,2opt,notBad
2460,4,396.97,2,257.7800000000001,2opt,acceptBad
2461,4,390.90999999999997,2,257.7800000000001,move,improve
2462,4,390.90999999999997,2,257.7800000000001,swap,notBad
2463,4,390.90999999999997,2,257.7800000000001,2opt,notBad
2464,4,390.90999999999997,2,257.7800000000001,move,improve
2465,4,390.90999999999997,2,257.7800000000001,move,improve
2466,4,390.90999999999997,2,257.7800000000001,2opt,notBad
2467,4,390.18999999999994,2,257.7800000000001,swap,improve
2468,4,390.18999999999994,2,257.7800000000001,move,improve
2469,4,399.78999999999996,2,257.7800000000001,swap,acceptBad
2470,4,419.7799999999999,2,257.7800000000001,swap,acceptBad
2471,4,419.7799999999999,2,257.7800000000001,2opt,notBad
2472,4,423.83,2,257.7800000000001,2opt,acceptBad
2473,4,407.06,2,257.7800000000001,move,improve
2474,4,415.12999999999994,2,257.7800000000001,swap,acceptBad
2475,4,416.8399999999999,2,257.7800000000001,swap,acceptBad
2476,4,409.4899999999999,2,257.7800000000001,move,improve
2477,4,402.8299999999999,2,257.7800000000001,move,improve
2478,4,412.2199999999999,2,257.7800000000001,2opt,acceptBad
2479,4,403.7299999999999,2,257.7800000000001,move,improve
2480,4,403.7299999999999,2,257.7800000000001,swap,notBad
2481,4,403.7299999999999,2,257.7800000000001,2opt,notBad
2482,4,403.7299999999999,2,257.7800000000001,swap,notBad
2483,4,403.7299999999999,2,257.7800000000001,2opt,notBad
2484,4,403.7299999999999,2,257.7800000000001,swap,notBad
2485,4,423.61999999999995,2,257.7800000000001,2opt,acceptBad
2486,4,435.5299999999999,2,257.7800000000001,swap,acceptBad
2487,4,435.5299999999999,2,257.7800000000001,swap,notBad
2488,4,415.43999999999994,2,257.7800000000001,move,improve
2489,4,441.80999999999995,2,257.7800000000001,swap,acceptBad
2490,4,445.5299999999999,2,257.7800000000001,swap,acceptBad
2491,4,425.2300000000001,2,257.7800000000001,move,improve
2492,4,418.27000000000004,2,257.7800000000001,swap,improve
2493,4,416.77000000000004,2,257.7800000000001,swap,improve
2494,4,416.77000000000004,2,257.7800000000001,2opt,notBad
2495,4,416.77000000000004,2,257.7800000000001,2opt,notBad
2496,4,416.2900000000001,2,257.7800000000001,2opt,improve
2497,4,409.1800000000001,2,257.7800000000001,move,improve
2498,4,409.1800000000001,2,257.7800000000001,2opt,notBad
2499,4,409.9300000000001,2,257.7800000000001,2opt,acceptBad
2500,4,413.8000000000001,2,257.7800000000001,swap,acceptBad
2501,4,413.8000000000001,2,257.7800000000001,swap,notBad
2502,4,393.94000000000005,2,257.7800000000001,move,improve
2503,4,392.6200000000001,2,257.7800000000001,swap,improve
2504,4,403.18999999999994,2,257.7800000000001,swap,acceptBad
2505,4,403.18999999999994,2,257.7800000000001,swap,notBad
2506,4,405.67999999999995,2,257.7800000000001,2opt,acceptBad
2507,4,401.80999999999995,2,257.7800000000001,move,improve
2508,4,408.53,2,257.7800000000001,swap,acceptBad
2509,4,408.53,2,257.7800000000001,swap,notBad
2510,4,408.53,2,257.7800000000001,2opt,notBad
2511,4,408.53,2,257.7800000000001,move,improve
2512,4,431.74,2,257.7800000000001,swap,acceptBad
2513,4,416.22999999999996,2,257.7800000000001,move,improve
2514,4,422.22999999999996,2,257.7800000000001,swap,acceptBad
2515,4,422.22999999999996,2,257.7800000000001,move,improve
2516,4,435.2199999999999,2,257.7800000000001,swap,acceptBad
2517,4,434.74,2,257.7800000000001,2opt,improve
2518,4,434.74,2,257.7800000000001,2opt,notBad
2519,4,421.71999999999997,2,257.7800000000001,move,improve
2520,4,410.4,2,257.7800000000001,swap,improve
2521,4,401.30999999999995,2,257.7800000000001,swap,improve
2522,4,392.8499999999999,2,257.7800000000001,swap,improve
2523,4,392.8499999999999,2,257.7800000000001,move,improve
2524,4,392.8499999999999,2,257.7800000000001,move,improve
2525,4,356.18,2,257.7800000000001,swap,improve
2526,4,373.52,2,257.7800000000001,swap,acceptBad
2527,4,373.52,2,257.7800000000001,move,improve
2528,4,368.84,2,257.7800000000001,swap,improve
2529,4,368.84,2,257.7800000000001,2opt,notBad
2530,4,368.84,2,257.7800000000001,swap,notBad
2531,4,368.84,2,257.7800000000001,2opt,notBad
2532,4,406.31,2,257.7800000000001,move,acceptBad
2533,4,344.0,2,257.7800000000001,move,improve
2534,4,344.0,2,257.7800000000001,move,improve
2535,4,344.0,2,257.7800000000001,2opt,notBad
2536,4,344.0,2,257.7800000000001,2opt,notBad
2537,4,344.0,2,257.7800000000001,2opt,notBad
2538,4,344.0,2,257.7800000000001,move,improve
2539,4,344.0,2,257.7800000000001,2opt,notBad
2540,4,345.62,2,257.7800000000001,swap,acceptBad
2541,4,343.88,2,257.7800000000001,move,improve
2542,4,395.46000000000004,2,257.7800000000001,swap,acceptBad
2543,4,387.93,2,257.7800000000001,move,improve
2544,4,387.93,2,257.7800000000001,move,improve
2545,4,387.93,2,257.7800000000001,2opt,notBad
2546,4,390.36,2,257.7800000000001,2opt,acceptBad
2547,4,392.70000000000005,2,257.7800000000001,swap,acceptBad
2548,4,405.35,2,257.7800000000001,swap,acceptBad
2549,4,410.75,2,257.7800000000001,2opt,acceptBad
2550,4,410.75,2,257.7800000000001,2opt,improve
2551,4,410.75,2,257.7800000000001,swap,notBad
2552,4,410.75,2,257.7800000000001,2opt,notBad
2553,4,410.75,2,257.7800000000001,2opt,notBad
2554,4,414.9799999999999,2,257.7800000000001,swap,acceptBad
2555,4,411.7099999999999,2,257.7800000000001,move,improve
2556,4,380.92999999999995,2,257.7800000000001,swap,improve
2557,4,371.95,2,257.7800000000001,swap,improve
2558,4,368.14,2,257.7800000000001,2opt,improve
2559,4,361.27000000000004,2,257.7800000000001,2opt,improve
2560,4,369.58,2,257.7800000000001,swap,acceptBad
2561,4,373.45000000000005,2,257.7800000000001,swap,acceptBad
2562,4,370.69,2,257.7800000000001,move,improve
2563,4,367.21,2,257.7800000000001,2opt,improve
2564,4,365.7099999999999,2,257.7800000000001,move,improve
2565,4,361.68999999999977,2,257.7800000000001,move,improve
2566,4,361.68999999999977,2,257.7800000000001,swap,notBad
2567,4,368.8899999999998,2,257.7800000000001,2opt,acceptBad
2568,4,368.8899999999998,2,257.7800000000001,2opt,improve
2569,4,363.0399999999998,2,257.7800000000001,move,improve
2570,4,363.0399999999998,2,257.7800000000001,move,improve
2571,4,355.83999999999975,2,257.7800000000001,2opt,improve
2572,4,355.3299999999997,2,257.7800000000001,move,improve
2573,4,355.3299999999997,2,257.7800000000001,2opt,notBad
2574,4,405.0999999999999,2,257.7800000000001,swap,acceptBad
2575,4,405.0999999999999,2,257.7800000000001,2opt,improve
2576,4,405.0999999999999,2,257.7800000000001,swap,notBad
2577,4,405.0999999999999,2,257.7800000000001,move,improve
2578,4,405.0999999999999,2,257.7800000000001,move,improve
2579,4,407.55,2,257.7800000000001,swap,acceptBad
2580,4,407.55,2,257.7800000000001,2opt,notBad
2581,4,411.51,2,257.7800000000001,swap,acceptBad
2582,4,411.51,2,257.7800000000001,2opt,improve
2583,4,411.51,2,257.7800000000001,2opt,notBad
2584,4,398.58000000000004,2,257.7800000000001,move,improve
2585,4,396.93000000000006,2,257.7800000000001,swap,improve
2586,4,396.93000000000006,2,257.7800000000001,2opt,notBad
2587,4,396.93000000000006,2,257.7800000000001,move,improve
2588,4,404.0100000000001,2,257.7800000000001,2opt,acceptBad
2589,4,368.8700000000001,2,257.7800000000001,move,improve
2590,4,368.8700000000001,2,257.7800000000001,swap,notBad
2591,4,368.8700000000001,2,257.7800000000001,move,improve
2592,4,371.09000000000003,2,257.7800000000001,swap,acceptBad
2593,4,371.09000000000003,2,257.7800000000001,swap,notBad
2594,4,310.97,2,257.7800000000001,move,improve
2595,4,374.01,2,257.7800000000001,swap,acceptBad
2596,4,370.05000000000007,2,257.7800000000001,move,improve
2597,4,370.05000000000007,2,257.7800000000001,swap,notBad
2598,4,370.05000000000007,2,257.7800000000001,move,improve
2599,4,370.05000000000007,2,257.7800000000001,move,improve
2600,4,370.05000000000007,2,257.7800000000001,move,improve
2601,4,370.05000000000007,2,257.7800000000001,swap,notBad
2602,4,389.64,2,257.7800000000001,2opt,acceptBad
2603,4,389.64,2,257.7800000000001,swap,notBad
2604,4,393.6,2,257.7800000000001,swap,acceptBad
2605,4,377.1000000000001,2,257.7800000000001,move,improve
2606,4,361.8300000000001,2,257.7800000000001,2opt,improve
2607,4,367.35,2,257.7800000000001,2opt,acceptBad
2608,4,367.35,2,257.7800000000001,swap,notBad
2609,4,367.35,2,257.7800000000001,2opt,notBad
2610,4,367.35,2,257.7800000000001,swap,notBad
2611,4,357.06000000000006,2,257.7800000000001,swap,improve
2612,4,353.99,2,257.7800000000001,swap,improve
2613,4,353.99,2,257.7800000000001,move,improve
2614,4,388.69000000000005,2,257.7800000000001,swap,acceptBad
2615,4,395.0200000000001,2,257.7800000000001,2opt,acceptBad
2616,4,395.0200000000001,2,257.7800000000001,swap,notBad
2617,4,482.47,2,257.7800000000001,move,acceptBad
2618,4,482.47,2,257.7800000000001,2opt,improve
2619,4,482.47,2,257.7800000000001,swap,notBad
2620,4,501.07000000000005,2,257.7800000000001,swap,acceptBad
2621,4,494.79999999999995,2,257.7800000000001,2opt,improve
2622,4,502.09000000000003,2,257.7800000000001,2opt,acceptBad
2623,4,502.09000000000003,2,257.7800000000001,move,improve
2624,4,496.96,2,257.7800000000001,2opt,improve
2625,4,496.96,2,257.7800000000001,2opt,improve
2626,4,496.96,2,257.7800000000001,move,improve
2627,4,496.96,2,257.7800000000001,move,improve
2628,4,503.35,2,257.7800000000001,swap,acceptBad
2629,4,500.59000000000003,2,257.7800000000001,move,improve
2630,4,418.9299999999999,2,257.7800000000001,move,improve
2631,4,418.9299999999999,2,257.7800000000001,swap,notBad
2632,4,407.7699999999998,2,257.7800000000001,move,improve
2633,4,380.53,2,257.7800000000001,swap,improve
2634,4,380.53,2,257.7800000000001,move,improve
2635,4,368.62,2,257.7800000000001,move,improve
2636,4,369.1000000000001,2,257.7800000000001,2opt,acceptBad
2637,4,369.1000000000001,2,257.7800000000001,2opt,notBad
2638,4,369.1000000000001,2,257.7800000000001,move,improve
2639,4,369.1000000000001,2,257.7800000000001,move,improve
2640,4,369.1000000000001,2,257.7800000000001,move,improve
2641,4,369.1000000000001,2,257.7800000000001,move,improve
2642,4,369.1000000000001,2,257.7800000000001,2opt,improve
2643,4,369.1000000000001,2,257.7800000000001,move,improve
2644,4,369.1000000000001,2,257.7800000000001,2opt,notBad
2645,4,368.9200000000001,2,257.7800000000001,move,improve
2646,4,368.9200000000001,2,257.7800000000001,move,improve
2647,4,368.9200000000001,2,257.7800000000001,2opt,notBad
2648,4,345.38000000000005,2,257.7800000000001,move,improve
2649,4,345.38000000000005,2,257.7800000000001,2opt,notBad
2650,4,374.2999999999997,2,257.7800000000001,swap,acceptBad
2651,4,374.2999999999997,2,257.7800000000001,move,improve
2652,4,373.9200000000003,2,257.7800000000001,swap,improve
2653,4,366.0900000000003,2,257.7800000000001,move,improve
2654,4,334.77000000000015,2,257.7800000000001,move,improve
2655,4,334.77000000000015,2,257.7800000000001,swap,notBad
2656,4,334.77000000000015,2,257.7800000000001,swap,notBad
2657,4,323.94000000000017,2,257.7800000000001,move,improve
2658,4,323.94000000000017,2,257.7800000000001,move,improve
2659,4,323.94000000000017,2,257.7800000000001,2opt,notBad
2660,4,323.94000000000017,2,257.7800000000001,move,improve
2661,4,348.6200000000001,2,257.7800000000001,swap,acceptBad
2662,4,345.7800000000001,2,257.7800000000001,move,improve
2663,4,344.9100000000001,2,257.7800000000001,swap,improve
2664,4,344.9100000000001,2,257.7800000000001,move,improve
2665,4,330.35,2,257.7800000000001,swap,improve
2666,4,330.35,2,257.7800000000001,swap,notBad
2667,4,330.35,2,257.7800000000001,2opt,notBad
2668,4,337.55000000000007,2,257.7800000000001,swap,acceptBad
2669,4,337.55000000000007,2,257.7800000000001,move,improve
2670,4,332.06000000000006,2,257.7800000000001,move,improve
2671,4,355.16,2,257.7800000000001,swap,acceptBad
2672,4,355.16,2,257.7800000000001,move,improve
2673,4,331.99999999999994,2,257.7800000000001,move,improve
2674,4,330.3499999999999,2,257.7800000000001,2opt,improve
2675,4,354.7299999999999,2,257.7800000000001,swap,acceptBad
2676,4,354.7299999999999,2,257.7800000000001,swap,notBad
2677,4,354.7299999999999,2,257.7800000000001,swap,notBad
2678,4,354.7299999999999,2,257.7800000000001,move,improve
2679,4,372.6099999999999,2,257.7800000000001,swap,acceptBad
2680,4,372.6099999999999,2,257.7800000000001,move,improve
2681,4,421.2500000000001,2,257.7800000000001,swap,acceptBad
2682,4,421.2500000000001,2,257.7800000000001,2opt,improve
2683,4,413.57000000000005,2,257.7800000000001,move,improve
2684,4,402.0500000000001,2,257.7800000000001,swap,improve
2685,4,402.0500000000001,2,257.7800000000001,swap,notBad
2686,4,402.0500000000001,2,257.7800000000001,2opt,notBad
2687,4,402.0500000000001,2,257.7800000000001,move,improve
2688,4,408.6300000000001,2,257.7800000000001,swap,acceptBad
2689,4,408.6300000000001,2,257.7800000000001,2opt,notBad
2690,4,408.6300000000001,2,257.7800000000001,2opt,notBad
2691,4,404.8900000000001,2,257.7800000000001,move,improve
2692,4,400.66000000000014,2,257.7800000000001,move,improve
2693,4,372.9800000000001,2,257.7800000000001,2opt,improve
2694,4,367.5200000000001,2,257.7800000000001,2opt,improve
2695,4,367.5200000000001,2,257.7800000000001,2opt,notBad
2696,4,349.12,2,257.7800000000001,swap,improve
2697,4,352.59999999999997,2,257.7800000000001,2opt,acceptBad
2698,4,352.59999999999997,2,257.7800000000001,2opt,notBad
2699,4,351.25,2,257.7800000000001,2opt,improve
2700,4,351.25,2,257.7800000000001,2opt,notBad
2701,4,351.25,2,257.7800000000001,move,improve
2702,4,339.3699999999999,2,257.7800000000001,swap,improve
2703,4,339.3699999999999,2,257.7800000000001,move,improve
2704,4,339.3699999999999,2,257.7800000000001,2opt,notBad
2705,4,331.4699999999999,2,257.7800000000001,move,improve
2706,4,323.4599999999999,2,257.7800000000001,move,improve
2707,4,325.7399999999999,2,257.7800000000001,2opt,acceptBad
2708,4,325.7399999999999,2,257.7800000000001,swap,notBad
2709,4,325.7399999999999,2,257.7800000000001,move,improve
2710,4,325.7399999999999,2,257.7800000000001,move,improve
2711,4,325.7399999999999,2,257.7800000000001,2opt,notBad
2712,4,325.7399999999999,2,257.7800000000001,2opt,improve
2713,4,325.7399999999999,2,257.7800000000001,2opt,improve
2714,4,325.7399999999999,2,257.7800000000001,2opt,notBad
2715,4,325.7399999999999,2,257.7800000000001,move,improve
2716,4,325.7399999999999,2,257.7800000000001,move,improve
2717,4,326.8799999999999,2,257.7800000000001,swap,acceptBad
2718,4,326.8799999999999,2,257.7800000000001,move,improve
2719,4,326.8799999999999,2,257.7800000000001,swap,notBad
2720,4,326.8799999999999,2,257.7800000000001,move,improve
2721,4,334.40999999999985,2,257.7800000000001,swap,acceptBad
2722,4,333.9599999999999,2,257.7800000000001,move,improve
2723,4,333.9599999999999,2,257.7800000000001,move,improve
2724,4,333.9599999999999,2,257.7800000000001,swap,notBad
2725,4,283.14000000000004,2,257.7800000000001,move,improve
2726,4,318.96000000000004,2,257.7800000000001,swap,acceptBad
2727,4,316.68000000000006,2,257.7800000000001,2opt,improve
2728,4,316.35,2,257.7800000000001,2opt,improve
2729,4,316.35,2,257.7800000000001,swap,notBad
2730,4,314.28999999999996,2,257.7800000000001,swap,improve
2731,4,314.28999999999996,2,257.7800000000001,move,improve
2732,4,314.28999999999996,2,257.7800000000001,2opt,notBad
2733,4,314.28999999999996,2,257.7800000000001,2opt,improve
2734,4,314.28999999999996,2,257.7800000000001,swap,notBad
2735,4,261.11,2,257.7800000000001,move,improve
2736,4,261.11,2,257.7800000000001,swap,notBad
2737,4,261.11,2,257.7800000000001,swap,notBad
2738,4,261.11,2,257.7800000000001,move,improve
2739,4,261.68,2,257.7800000000001,2opt,acceptBad
2740,4,263.24,2,257.7800000000001,2opt,acceptBad
2741,4,263.24,2,257.7800000000001,swap,notBad
2742,4,263.24,2,257.7800000000001,move,improve
2743,4,267.47,2,257.7800000000001,swap,acceptBad
2744,4,263.45000000000005,2,257.7800000000001,move,improve
2745,4,263.45000000000005,2,257.7800000000001,2opt,notBad
2746,4,264.71000000000004,2,257.7800000000001,swap,acceptBad
2747,4,264.71000000000004,2,257.7800000000001,2opt,notBad
2748,4,264.47,2,257.7800000000001,move,improve
2749,4,264.47,2,257.7800000000001,swap,notBad
2750,4,264.47,2,257.7800000000001,2opt,notBad
2751,4,264.47,2,257.7800000000001,swap,notBad
2752,4,264.47,2,257.7800000000001,2opt,notBad
2753,4,264.47,2,257.7800000000001,swap,notBad
2754,4,264.47,2,257.7800000000001,move,improve
2755,4,282.38000000000005,2,257.7800000000001,swap,acceptBad
2756,4,282.38000000000005,2,257.7800000000001,2opt,improve
2757,4,282.38000000000005,2,257.7800000000001,move,improve
2758,4,282.38000000000005,2,257.7800000000001,2opt,notBad
2759,4,291.68000000000006,2,257.7800000000001,2opt,acceptBad
2760,4,319.79999999999995,2,257.7800000000001,swap,acceptBad
2761,4,318.53999999999996,2,257.7800000000001,move,improve
2762,4,323.4,2,257.7800000000001,swap,acceptBad
2763,4,323.4,2,257.7800000000001,swap,notBad
2764,4,323.4,2,257.7800000000001,move,improve
2765,4,298.80000000000007,2,257.7800000000001,swap,improve
2766,4,298.80000000000007,2,257.7800000000001,move,improve
2767,4,278.26,2,257.7800000000001,move,improve
2768,4,278.26,2,257.7800000000001,move,improve
2769,4,278.26,2,257.7800000000001,move,improve
2770,4,278.26,2,257.7800000000001,move,improve
2771,4,273.34000000000003,2,257.7800000000001,move,improve
2772,4,273.34000000000003,2,257.7800000000001,swap,notBad
2773,4,273.34000000000003,2,257.7800000000001,2opt,improve
2774,4,273.34000000000003,2,257.7800000000001,swap,notBad
2775,4,273.34000000000003,2,257.7800000000001,2opt,notBad
2776,4,273.34000000000003,2,257.7800000000001,2opt,improve
2777,4,273.34000000000003,2,257.7800000000001,2opt,notBad
2778,4,279.1700000000002,2,257.7800000000001,swap,acceptBad
2779,4,279.1700000000002,2,257.7800000000001,move,improve
2780,4,277.1900000000002,2,257.7800000000001,2opt,improve
2781,4,277.1900000000002,2,257.7800000000001,move,improve
2782,4,277.1900000000002,2,257.7800000000001,swap,notBad
2783,4,277.1900000000002,2,257.7800000000001,swap,notBad
2784,4,277.1900000000002,2,257.7800000000001,move,improve
2785,4,298.82000000000016,2,257.7800000000001,swap,acceptBad
2786,4,298.82000000000016,2,257.7800000000001,move,improve
2787,4,298.82000000000016,2,257.7800000000001,2opt,notBad
2788,4,296.8700000000001,2,257.7800000000001,2opt,improve
2789,4,289.4300000000001,2,257.7800000000001,move,improve
2790,4,282.8000000000001,2,257.7800000000001,move,improve
2791,4,282.8000000000001,2,257.7800000000001,swap,notBad
2792,4,280.0700000000002,2,257.7800000000001,2opt,improve
2793,4,280.0700000000002,2,257.7800000000001,swap,notBad
2794,4,279.8600000000002,2,257.7800000000001,2opt,improve
2795,4,283.48000000000025,2,257.7800000000001,swap,acceptBad
2796,4,274.7400000000002,2,257.7800000000001,move,improve
2797,4,305.0400000000001,2,257.7800000000001,swap,acceptBad
2798,4,306.4200000000001,2,257.7800000000001,2opt,acceptBad
2799,4,306.4200000000001,2,257.7800000000001,move,improve
2800,4,306.4200000000001,2,257.7800000000001,2opt,notBad
2801,4,306.4200000000001,2,257.7800000000001,2opt,notBad
2802,4,306.4200000000001,2,257.7800000000001,move,improve
2803,4,306.4200000000001,2,257.7800000000001,move,improve
2804,4,306.4200000000001,2,257.7800000000001,move,improve
2805,4,300.1200000000002,2,257.7800000000001,swap,improve
2806,4,300.1200000000002,2,257.7800000000001,2opt,notBad
2807,4,300.1200000000002,2,257.7800000000001,2opt,notBad
2808,4,300.1200000000002,2,257.7800000000001,move,improve
2809,4,275.64,2,257.7800000000001,swap,improve
2810,4,275.64,2,257.7800000000001,swap,notBad
2811,4,307.23999999999995,2,257.7800000000001,swap,acceptBad
2812,4,307.23999999999995,2,257.7800000000001,move,improve
2813,4,303.60999999999996,2,257.7800000000001,move,improve
2814,4,303.60999999999996,2,257.7800000000001,move,improve
2815,4,303.60999999999996,2,257.7800000000001,2opt,notBad
2816,4,303.60999999999996,2,257.7800000000001,swap,notBad
2817,4,303.60999999999996,2,257.7800000000001,move,improve
2818,4,303.60999999999996,2,257.7800000000001,move,improve
2819,4,303.60999999999996,2,257.7800000000001,2opt,notBad
2820,4,303.60999999999996,2,257.7800000000001,2opt,notBad
2821,4,317.13999999999993,2,257.7800000000001,swap,acceptBad
2822,4,317.13999999999993,2,257.7800000000001,swap,notBad
2823,4,317.13999999999993,2,257.7800000000001,2opt,improve
2824,4,317.13999999999993,2,257.7800000000001,2opt,notBad
2825,4,316.32000000000005,2,257.7800000000001,move,improve
2826,4,316.32000000000005,2,257.7800000000001,2opt,notBad
2827,4,316.32000000000005,2,257.7800000000001,swap,notBad
2828,4,286.02000000000015,2,257.7800000000001,swap,improve
2829,4,286.02000000000015,2,257.7800000000001,2opt,notBad
2830,4,286.02000000000015,2,257.7800000000001,move,improve
2831,4,286.02000000000015,2,257.7800000000001,swap,notBad
2832,4,286.02000000000015,2,257.7800000000001,move,improve
2833,4,273.9000000000002,2,257.7800000000001,move,improve
2834,4,273.9000000000002,2,257.7800000000001,move,improve
2835,4,273.9000000000002,2,257.7800000000001,2opt,notBad
2836,4,273.9000000000002,2,257.7800000000001,2opt,notBad
2837,4,270.9000000000002,2,257.7800000000001,move,improve
2838,4,270.9000000000002,2,257.7800000000001,2opt,notBad
2839,4,266.52000000000015,2,257.7800000000001,move,improve
2840,4,266.52000000000015,2,257.7800000000001,2opt,notBad
2841,4,266.52000000000015,2,257.7800000000001,move,improve
2842,4,252.0900000000002,4,252.0900000000002,swap,newBest
2843,4,252.0900000000002,4,252.0900000000002,2opt,notBad
2844,4,252.0900000000002,4,252.0900000000002,move,improve
2845,4,252.0900000000002,4,252.0900000000002,move,improve
2846,4,252.0900000000002,4,252.0900000000002,move,improve
2847,4,252.0900000000002,4,252.0900000000002,2opt,notBad
2848,4,252.0900000000002,4,252.0900000000002,move,improve
2849,4,252.0900000000002,4,252.0900000000002,2opt,notBad
2850,4,252.0900000000002,4,252.0900000000002,2opt,notBad
2851,4,249.9300000000002,4,249.9300000000002,2opt,newBest
2852,4,249.9300000000002,4,249.9300000000002,move,improve
2853,4,249.9300000000002,4,249.9300000000002,2opt,improve
2854,4,249.9300000000002,4,249.9300000000002,2opt,improve
2855,4,249.9300000000002,4,249.9300000000002,move,improve
2856,4,249.9300000000002,4,249.9300000000002,2opt,notBad
2857,4,249.9300000000002,4,249.9300000000002,swap,notBad
2858,4,246.03000000000026,4,246.03000000000026,2opt,newBest
2859,4,246.03000000000026,4,246.03000000000026,move,improve
2860,4,246.03000000000026,4,246.03000000000026,2opt,improve
2861,4,246.03000000000026,4,246.03000000000026,move,improve
2862,4,268.8300000000001,4,246.03000000000026,swap,acceptBad
2863,4,268.8300000000001,4,246.03000000000026,2opt,notBad
2864,4,268.8300000000001,4,246.03000000000026,move,improve
2865,4,268.8300000000001,4,246.03000000000026,2opt,notBad
2866,4,268.8300000000001,4,246.03000000000026,move,improve
2867,4,268.8300000000001,4,246.03000000000026,2opt,notBad
2868,4,268.8300000000001,4,246.03000000000026,move,improve
2869,4,268.8300000000001,4,246.03000000000026,swap,notBad
2870,4,265.50000000000006,4,246.03000000000026,2opt,improve
2871,4,273.0600000000001,4,246.03000000000026,swap,acceptBad
2872,4,273.0600000000001,4,246.03000000000026,move,improve
2873,4,282.0,4,246.03000000000026,swap,acceptBad
2874,4,268.06000000000006,4,246.03000000000026,move,improve
2875,4,268.06000000000006,4,246.03000000000026,swap,notBad
2876,4,266.26000000000005,4,246.03000000000026,move,improve
2877,4,266.26000000000005,4,246.03000000000026,move,improve
2878,4,299.3500000000001,4,246.03000000000026,swap,acceptBad
2879,4,299.3500000000001,4,246.03000000000026,move,improve
2880,4,347.7300000000003,4,246.03000000000026,swap,acceptBad
2881,4,353.2500000000003,4,246.03000000000026,swap,acceptBad
2882,4,353.2500000000003,4,246.03000000000026,move,improve
2883,4,353.2500000000003,4,246.03000000000026,2opt,notBad
2884,4,378.39000000000027,4,246.03000000000026,swap,acceptBad
2885,4,373.68000000000023,4,246.03000000000026,move,improve
2886,4,373.68000000000023,4,246.03000000000026,2opt,notBad
2887,4,368.04000000000025,4,246.03000000000026,move,improve
2888,4,368.04000000000025,4,246.03000000000026,2opt,notBad
2889,4,368.04000000000025,4,246.03000000000026,2opt,notBad
2890,4,350.46000000000026,4,246.03000000000026,move,improve
2891,4,350.46000000000026,4,246.03000000000026,2opt,notBad
2892,4,337.02000000000027,4,246.03000000000026,move,improve
2893,4,348.8700000000003,4,246.03000000000026,swap,acceptBad
2894,4,324.40999999999997,4,246.03000000000026,swap,improve
2895,4,317.71999999999997,4,246.03000000000026,move,improve
2896,4,317.71999999999997,4,246.03000000000026,move,improve
2897,4,304.22000000000014,4,246.03000000000026,swap,improve
2898,4,299.9300000000001,4,246.03000000000026,2opt,improve
2899,4,299.9300000000001,4,246.03000000000026,swap,notBad
2900,4,304.8300000000001,4,246.03000000000026,swap,acceptBad
2901,4,304.8300000000001,4,246.03000000000026,2opt,improve
2902,4,304.8300000000001,4,246.03000000000026,2opt,improve
2903,4,304.8300000000001,4,246.03000000000026,2opt,notBad
2904,4,308.04000000000013,4,246.03000000000026,swap,acceptBad
2905,4,308.04000000000013,4,246.03000000000026,2opt,notBad
2906,4,305.34,4,246.03000000000026,swap,improve
2907,4,305.18999999999994,4,246.03000000000026,move,improve
2908,4,301.79999999999995,4,246.03000000000026,move,improve
2909,4,301.79999999999995,4,246.03000000000026,move,improve
2910,4,301.79999999999995,4,246.03000000000026,2opt,notBad
2911,4,301.79999999999995,4,246.03000000000026,move,improve
2912,4,301.79999999999995,4,246.03000000000026,swap,notBad
2913,4,301.79999999999995,4,246.03000000000026,move,improve
2914,4,301.79999999999995,4,246.03000000000026,2opt,notBad
2915,4,286.38,4,246.03000000000026,move,improve
2916,4,302.2999999999999,4,246.03000000000026,swap,acceptBad
2917,4,302.2999999999999,4,246.03000000000026,swap,notBad
2918,4,302.2999999999999,4,246.03000000000026,move,improve
2919,4,302.2999999999999,4,246.03000000000026,2opt,notBad
2920,4,302.2999999999999,4,246.03000000000026,swap,notBad
2921,4,293.1499999999999,4,246.03000000000026,move,improve
2922,4,298.18999999999994,4,246.03000000000026,swap,acceptBad
2923,4,298.18999999999994,4,246.03000000000026,move,improve
2924,4,304.06999999999994,4,246.03000000000026,move,acceptBad
2925,4,304.06999999999994,4,246.03000000000026,swap,notBad
2926,4,304.06999999999994,4,246.03000000000026,2opt,notBad
2927,4,304.06999999999994,4,246.03000000000026,2opt,notBad
2928,4,304.06999999999994,4,246.03000000000026,move,improve
2929,4,290.86999999999995,4,246.03000000000026,swap,improve
2930,4,305.2999999999999,4,246.03000000000026,2opt,acceptBad
2931,4,305.2999999999999,4,246.03000000000026,swap,notBad
2932,4,305.2999999999999,4,246.03000000000026,2opt,notBad
2933,4,305.2999999999999,4,246.03000000000026,swap,notBad
2934,4,305.2999999999999,4,246.03000000000026,2opt,notBad
2935,4,341.4499999999998,4,246.03000000000026,move,acceptBad
2936,4,341.4499999999998,4,246.03000000000026,2opt,improve
2937,4,285.8799999999998,4,246.03000000000026,move,improve
2938,4,261.22,4,246.03000000000026,swap,improve
2939,4,261.22,4,246.03000000000026,2opt,notBad
2940,4,279.67,4,246.03000000000026,swap,acceptBad
2941,4,279.67,4,246.03000000000026,2opt,notBad
2942,4,293.1700000000001,4,246.03000000000026,swap,acceptBad
2943,4,293.1700000000001,4,246.03000000000026,2opt,notBad
2944,4,293.1700000000001,4,246.03000000000026,2opt,notBad
2945,4,293.1700000000001,4,246.03000000000026,swap,notBad
2946,4,291.64000000000004,4,246.03000000000026,move,improve
2947,4,291.64000000000004,4,246.03000000000026,move,improve
2948,4,291.64000000000004,4,246.03000000000026,2opt,notBad
2949,4,291.64000000000004,4,246.03000000000026,2opt,notBad
2950,4,291.64000000000004,4,246.03000000000026,2opt,notBad
2951,4,315.27000000000004,4,246.03000000000026,swap,acceptBad
2952,4,304.16999999999996,4,246.03000000000026,move,improve
2953,4,314.4699999999999,4,246.03000000000026,swap,acceptBad
2954,4,308.45,4,246.03000000000026,move,improve
2955,4,325.34,4,246.03000000000026,swap,acceptBad
2956,4,325.34,4,246.03000000000026,swap,notBad
2957,4,318.68000000000023,4,246.03000000000026,swap,improve
2958,4,318.68000000000023,4,246.03000000000026,2opt,improve
2959,4,317.4500000000003,4,246.03000000000026,move,improve
2960,4,324.6500000000003,4,246.03000000000026,2opt,acceptBad
2961,4,324.5900000000003,4,246.03000000000026,move,improve
2962,4,330.8000000000003,4,246.03000000000026,swap,acceptBad
2963,4,330.8000000000003,4,246.03000000000026,move,improve
2964,4,330.8000000000003,4,246.03000000000026,swap,notBad
2965,4,358.1300000000002,4,246.03000000000026,swap,acceptBad
2966,4,358.1300000000002,4,246.03000000000026,swap,notBad
2967,4,358.1300000000002,4,246.03000000000026,2opt,notBad
2968,4,358.8200000000002,4,246.03000000000026,swap,acceptBad
2969,4,358.8200000000002,4,246.03000000000026,2opt,notBad
2970,4,358.8200000000002,4,246.03000000000026,move,improve
2971,4,358.8200000000002,4,246.03000000000026,2opt,notBad
2972,4,364.1300000000002,4,246.03000000000026,swap,acceptBad
2973,4,364.1300000000002,4,246.03000000000026,2opt,notBad
2974,4,364.1300000000002,4,246.03000000000026,2opt,notBad
2975,4,364.1300000000002,4,246.03000000000026,swap,notBad
2976,4,364.1300000000002,4,246.03000000000026,2opt,notBad
2977,4,356.93000000000023,4,246.03000000000026,2opt,improve
2978,4,356.93000000000023,4,246.03000000000026,swap,notBad
2979,4,356.93000000000023,4,246.03000000000026,2opt,notBad
2980,4,355.1300000000002,4,246.03000000000026,move,improve
2981,4,355.1300000000002,4,246.03000000000026,2opt,notBad
2982,4,355.1300000000002,4,246.03000000000026,2opt,notBad
2983,4,355.1300000000002,4,246.03000000000026,swap,notBad
2984,4,360.73000000000025,4,246.03000000000026,2opt,acceptBad
2985,4,369.4900000000002,4,246.03000000000026,2opt,acceptBad
2986,4,369.4900000000002,4,246.03000000000026,2opt,notBad
2987,4,369.4900000000002,4,246.03000000000026,swap,notBad
2988,4,369.4900000000002,4,246.03000000000026,2opt,improve
2989,4,377.02000000000015,4,246.03000000000026,swap,acceptBad
2990,4,365.98000000000013,4,246.03000000000026,swap,improve
2991,4,365.98000000000013,4,246.03000000000026,swap,notBad
2992,4,365.98000000000013,4,246.03000000000026,swap,notBad
2993,4,366.7900000000002,4,246.03000000000026,2opt,acceptBad
2994,4,362.21000000000026,4,246.03000000000026,move,improve
2995,4,362.21000000000026,4,246.03000000000026,swap,notBad
2996,4,365.9100000000003,4,246.03000000000026,swap,acceptBad
2997,4,349.26000000000033,4,246.03000000000026,move,improve
2998,4,349.26000000000033,4,246.03000000000026,move,improve
2999,4,349.26000000000033,4,246.03000000000026,swap,notBad
3000,4,349.26000000000033,4,246.03000000000026,move,improve
3001,4,353.40000000000026,4,246.03000000000026,2opt,acceptBad
3002,4,353.40000000000026,4,246.03000000000026,2opt,improve
3003,4,353.40000000000026,4,246.03000000000026,2opt,notBad
3004,4,389.5500000000002,4,246.03000000000026,move,acceptBad
3005,4,369.5400000000002,4,246.03000000000026,move,improve
3006,4,369.5400000000002,4,246.03000000000026,move,improve
3007,4,372.75000000000017,4,246.03000000000026,swap,acceptBad
3008,4,372.75000000000017,4,246.03000000000026,swap,notBad
3009,4,368.6100000000002,4,246.03000000000026,move,improve
3010,4,368.6100000000002,4,246.03000000000026,2opt,notBad
3011,4,348.69000000000017,4,246.03000000000026,swap,improve
3012,4,348.69000000000017,4,246.03000000000026,2opt,notBad
3013,4,348.69000000000017,4,246.03000000000026,2opt,notBad
3014,4,348.69000000000017,4,246.03000000000026,move,improve
3015,4,348.69000000000017,4,246.03000000000026,swap,notBad
3016,4,344.7000000000002,4,246.03000000000026,move,improve
3017,4,332.30999999999995,4,246.03000000000026,swap,improve
3018,4,332.30999999999995,4,246.03000000000026,2opt,notBad
3019,4,326.37,4,246.03000000000026,swap,improve
3020,4,326.13,4,246.03000000000026,move,improve
3021,4,329.76,4,246.03000000000026,2opt,acceptBad
3022,4,321.24,4,246.03000000000026,move,improve
3023,4,321.24,4,246.03000000000026,move,improve
3024,4,321.24,4,246.03000000000026,swap,notBad
3025,4,315.55999999999995,4,246.03000000000026,swap,improve
3026,4,315.55999999999995,4,246.03000000000026,move,improve
3027,4,328.6699999999999,4,246.03000000000026,swap,acceptBad
3028,4,328.6699999999999,4,246.03000000000026,2opt,notBad
3029,4,328.6699999999999,4,246.03000000000026,2opt,improve
3030,4,328.15,4,246.03000000000026,move,improve
3031,4,328.15,4,246.03000000000026,move,improve
3032,4,328.6699999999999,4,246.03000000000026,move,acceptBad
3033,4,328.6699999999999,4,246.03000000000026,2opt,notBad
3034,4,312.1099999999999,4,246.03000000000026,move,improve
3035,4,307.25,4,246.03000000000026,2opt,improve
3036,4,307.25,4,246.03000000000026,swap,notBad
3037,4,323.33000000000004,4,246.03000000000026,swap,acceptBad
3038,4,328.22,4,246.03000000000026,2opt,acceptBad
3039,4,328.22,4,246.03000000000026,move,improve
3040,4,317.33000000000004,4,246.03000000000026,move,improve
3041,4,301.96000000000004,4,246.03000000000026,move,improve
3042,4,301.96000000000004,4,246.03000000000026,2opt,notBad
3043,4,301.96000000000004,4,246.03000000000026,move,improve
3044,4,301.96000000000004,4,246.03000000000026,2opt,notBad
3045,4,301.96000000000004,4,246.03000000000026,swap,notBad
3046,4,310.84,4,246.03000000000026,swap,acceptBad
3047,4,335.0699999999999,4,246.03000000000026,swap,acceptBad
3048,4,335.0699999999999,4,246.03000000000026,swap,notBad
3049,4,332.9999999999999,4,246.03000000000026,move,improve
3050,4,332.6399999999999,4,246.03000000000026,move,improve
3051,4,340.4399999999999,4,246.03000000000026,2opt,acceptBad
3052,4,340.4399999999999,4,246.03000000000026,swap,notBad
3053,4,340.4399999999999,4,246.03000000000026,move,improve
3054,4,340.4399999999999,4,246.03000000000026,2opt,notBad
3055,4,340.4399999999999,4,246.03000000000026,2opt,notBad
3056,4,340.4399999999999,4,246.03000000000026,2opt,notBad
3057,4,340.4399999999999,4,246.03000000000026,move,improve
3058,4,321.79999999999984,4,246.03000000000026,swap,improve
3059,4,321.79999999999984,4,246.03000000000026,move,improve
3060,4,321.79999999999984,4,246.03000000000026,swap,notBad
3061,4,296.7499999999999,4,246.03000000000026,move,improve
3062,4,301.80999999999995,4,246.03000000000026,swap,acceptBad
3063,4,306.48999999999984,4,246.03000000000026,2opt,acceptBad
3064,4,306.48999999999984,4,246.03000000000026,move,improve
3065,4,306.48999999999984,4,246.03000000000026,2opt,notBad
3066,4,312.5700000000003,4,246.03000000000026,swap,acceptBad
3067,4,296.3499999999997,4,246.03000000000026,swap,improve
3068,4,296.3499999999997,4,246.03000000000026,2opt,notBad
3069,4,296.3499999999997,4,246.03000000000026,swap,notBad
3070,4,296.3499999999997,4,246.03000000000026,swap,notBad
3071,4,288.4299999999998,4,246.03000000000026,move,improve
3072,4,288.4299999999998,4,246.03000000000026,move,improve
3073,4,288.4299999999998,4,246.03000000000026,2opt,notBad
3074,4,288.4299999999998,4,246.03000000000026,2opt,notBad
3075,4,288.4299999999998,4,246.03000000000026,2opt,notBad
3076,4,278.7399999999998,4,246.03000000000026,move,improve
3077,4,294.9999999999998,4,246.03000000000026,swap,acceptBad
3078,4,294.9999999999998,4,246.03000000000026,2opt,notBad
3079,4,294.9999999999998,4,246.03000000000026,move,improve
3080,4,294.9999999999998,4,246.03000000000026,2opt,notBad
3081,4,283.9299999999998,4,246.03000000000026,move,improve
3082,4,283.9299999999998,4,246.03000000000026,2opt,notBad
3083,4,283.9299999999998,4,246.03000000000026,swap,notBad
3084,4,273.3999999999998,4,246.03000000000026,move,improve
3085,4,273.1599999999998,4,246.03000000000026,move,improve
3086,4,273.1599999999998,4,246.03000000000026,move,improve
3087,4,273.1599999999998,4,246.03000000000026,2opt,notBad
3088,4,273.1599999999998,4,246.03000000000026,swap,notBad
3089,4,273.1599999999998,4,246.03000000000026,2opt,notBad
3090,4,273.1599999999998,4,246.03000000000026,2opt,notBad
3091,4,273.1599999999998,4,246.03000000000026,move,improve
3092,4,273.1599999999998,4,246.03000000000026,2opt,notBad
3093,4,273.1599999999998,4,246.03000000000026,move,improve
3094,4,273.1599999999998,4,246.03000000000026,move,improve
3095,4,273.1599999999998,4,246.03000000000026,move,improve
3096,4,273.1599999999998,4,246.03000000000026,2opt,notBad
3097,4,273.1599999999998,4,246.03000000000026,2opt,improve
3098,4,273.1599999999998,4,246.03000000000026,swap,notBad
3099,4,273.1599999999998,4,246.03000000000026,swap,notBad
3100,4,273.1599999999998,4,246.03000000000026,2opt,notBad
3101,4,285.6099999999998,4,246.03000000000026,swap,acceptBad
3102,4,282.57999999999976,4,246.03000000000026,move,improve
3103,4,290.4999999999997,4,246.03000000000026,move,acceptBad
3104,4,290.4999999999997,4,246.03000000000026,move,improve
3105,4,290.4999999999997,4,246.03000000000026,2opt,notBad
3106,4,270.00999999999976,4,246.03000000000026,2opt,improve
3107,4,270.00999999999976,4,246.03000000000026,swap,notBad
3108,4,270.00999999999976,4,246.03000000000026,move,improve
3109,4,269.85999999999973,4,246.03000000000026,move,improve
3110,4,260.66999999999973,4,246.03000000000026,swap,improve
3111,4,260.00999999999976,4,246.03000000000026,move,improve
3112,4,260.00999999999976,4,246.03000000000026,move,improve
3113,4,260.00999999999976,4,246.03000000000026,2opt,notBad
3114,4,260.00999999999976,4,246.03000000000026,2opt,notBad
3115,4,260.00999999999976,4,246.03000000000026,move,improve
3116,4,260.00999999999976,4,246.03000000000026,2opt,notBad
3117,4,260.00999999999976,4,246.03000000000026,swap,notBad
3118,4,260.3900000000001,4,246.03000000000026,2opt,acceptBad
3119,4,260.3900000000001,4,246.03000000000026,move,improve
3120,4,260.3900000000001,4,246.03000000000026,move,improve
3121,4,260.3900000000001,4,246.03000000000026,move,improve
3122,4,260.3900000000001,4,246.03000000000026,2opt,notBad
3123,4,260.3900000000001,4,246.03000000000026,2opt,notBad
3124,4,260.3900000000001,4,246.03000000000026,2opt,notBad
3125,4,250.52000000000015,4,246.03000000000026,move,improve
3126,4,250.52000000000015,4,246.03000000000026,move,improve
3127,4,250.52000000000015,4,246.03000000000026,swap,notBad
3128,4,250.52000000000015,4,246.03000000000026,2opt,notBad
3129,4,250.52000000000015,4,246.03000000000026,move,improve
3130,4,251.63000000000005,4,246.03000000000026,move,acceptBad
3131,4,251.63000000000005,4,246.03000000000026,move,improve
3132,4,251.63000000000005,4,246.03000000000026,2opt,improve
3133,4,264.5900000000001,4,246.03000000000026,move,acceptBad
3134,4,267.68000000000006,4,246.03000000000026,2opt,acceptBad
3135,4,267.68000000000006,4,246.03000000000026,2opt,notBad
3136,4,272.15999999999997,4,246.03000000000026,swap,acceptBad
3137,4,272.15999999999997,4,246.03000000000026,2opt,notBad
3138,4,272.15999999999997,4,246.03000000000026,2opt,notBad
3139,4,280.89,4,246.03000000000026,swap,acceptBad
3140,4,280.89,4,246.03000000000026,move,improve
3141,4,280.89,4,246.03000000000026,2opt,notBad
3142,4,280.89,4,246.03000000000026,2opt,notBad
3143,4,280.89,4,246.03000000000026,swap,notBad
3144,4,280.89,4,246.03000000000026,2opt,notBad
3145,4,280.89,4,246.03000000000026,swap,notBad
3146,4,271.28999999999996,4,246.03000000000026,move,improve
3147,4,271.28999999999996,4,246.03000000000026,2opt,notBad
3148,4,270.4200000000001,4,246.03000000000026,move,improve
3149,4,302.1599999999997,4,246.03000000000026,swap,acceptBad
3150,4,302.1599999999997,4,246.03000000000026,move,improve
3151,4,302.1599999999997,4,246.03000000000026,swap,notBad
3152,4,302.1599999999997,4,246.03000000000026,swap,notBad
3153,4,294.95999999999964,4,246.03000000000026,move,improve
3154,4,277.52,4,246.03000000000026,move,improve
3155,4,277.52,4,246.03000000000026,2opt,notBad
3156,4,277.52,4,246.03000000000026,swap,notBad
3157,4,266.9,4,246.03000000000026,move,improve
3158,4,266.9,4,246.03000000000026,2opt,notBad
3159,4,261.8599999999999,4,246.03000000000026,2opt,improve
3160,4,261.8599999999999,4,246.03000000000026,move,improve
3161,4,261.8599999999999,4,246.03000000000026,2opt,notBad
3162,4,261.8599999999999,4,246.03000000000026,2opt,notBad
3163,4,270.61999999999995,4,246.03000000000026,swap,acceptBad
3164,4,270.61999999999995,4,246.03000000000026,2opt,notBad
3165,4,270.61999999999995,4,246.03000000000026,2opt,notBad
3166,4,281.7600000000003,4,246.03000000000026,swap,acceptBad
3167,4,281.7600000000003,4,246.03000000000026,swap,notBad
3168,4,268.7200000000001,4,246.03000000000026,swap,improve
3169,4,268.7200000000001,4,246.03000000000026,swap,notBad
3170,4,268.7200000000001,4,246.03000000000026,2opt,notBad
3171,4,268.7200000000001,4,246.03000000000026,2opt,notBad
3172,4,268.7200000000001,4,246.03000000000026,2opt,notBad
3173,3,247.50999999999988,3,247.50999999999988,move,newBest
3174,3,248.7499999999999,3,247.50999999999988,move,acceptBad
3175,3,248.7499999999999,3,247.50999999999988,move,improve
3176,3,250.84999999999985,3,247.50999999999988,2opt,acceptBad
3177,3,250.84999999999985,3,247.50999999999988,swap,notBad
3178,3,250.84999999999985,3,247.50999999999988,swap,notBad
3179,3,250.84999999999985,3,247.50999999999988,2opt,improve
3180,3,250.84999999999985,3,247.50999999999988,move,improve
3181,3,250.84999999999985,3,247.50999999999988,swap,notBad
3182,3,250.84999999999985,3,247.50999999999988,swap,notBad
3183,3,250.84999999999985,3,247.50999999999988,2opt,notBad
3184,3,235.24000000000015,3,235.24000000000015,2opt,newBest
3185,3,235.24000000000015,3,235.24000000000015,swap,notBad
3186,3,235.24000000000015,3,235.24000000000015,2opt,improve
3187,3,235.24000000000015,3,235.24000000000015,move,improve
3188,3,235.24000000000015,3,235.24000000000015,swap,notBad
3189,3,235.24000000000015,3,235.24000000000015,swap,notBad
3190,3,235.24000000000015,3,235.24000000000015,swap,notBad
3191,3,251.53000000000006,3,235.24000000000015,swap,acceptBad
3192,3,249.8999999999999,3,235.24000000000015,move,improve
3193,3,255.23999999999992,3,235.24000000000015,swap,acceptBad
3194,3,255.23999999999992,3,235.24000000000015,move,improve
3195,3,244.2299999999999,3,235.24000000000015,move,improve
3196,3,244.2299999999999,3,235.24000000000015,swap,notBad
3197,3,244.2299999999999,3,235.24000000000015,2opt,notBad
3198,3,244.2299999999999,3,235.24000000000015,swap,notBad
3199,3,244.2299999999999,3,235.24000000000015,2opt,notBad
3200,3,244.2299999999999,3,235.24000000000015,swap,notBad
3201,3,244.2299999999999,3,235.24000000000015,swap,notBad
3202,3,244.2299999999999,3,235.24000000000015,2opt,notBad
3203,3,244.2299999999999,3,235.24000000000015,2opt,notBad
3204,3,247.93999999999997,3,235.24000000000015,swap,acceptBad
3205,3,269.40999999999997,3,235.24000000000015,swap,acceptBad
3206,3,269.40999999999997,3,235.24000000000015,move,improve
3207,3,269.40999999999997,3,235.24000000000015,2opt,notBad
3208,4,247.63,3,235.24000000000015,move,improve
3209,4,247.63,3,235.24000000000015,2opt,notBad
3210,4,247.63,3,235.24000000000015,2opt,notBad
3211,4,238.93,3,235.24000000000015,move,improve
3212,4,238.93,3,235.24000000000015,swap,notBad
3213,4,238.93,3,235.24000000000015,swap,notBad
3214,4,238.93,3,235.24000000000015,swap,notBad
3215,4,237.8100000000001,3,235.24000000000015,move,improve
3216,4,237.8100000000001,3,235.24000000000015,move,improve
3217,4,237.8100000000001,3,235.24000000000015,2opt,notBad
3218,4,261.90000000000015,3,235.24000000000015,move,acceptBad
3219,4,261.90000000000015,3,235.24000000000015,move,improve
3220,4,261.90000000000015,3,235.24000000000015,2opt,notBad
3221,4,261.90000000000015,3,235.24000000000015,move,improve
3222,4,261.90000000000015,3,235.24000000000015,move,improve
3223,4,281.6599999999999,3,235.24000000000015,swap,acceptBad
3224,4,281.6599999999999,3,235.24000000000015,2opt,notBad
3225,4,277.0099999999999,3,235.24000000000015,move,improve
3226,4,277.0099999999999,3,235.24000000000015,2opt,notBad
3227,4,277.0099999999999,3,235.24000000000015,move,improve
3228,4,277.0099999999999,3,235.24000000000015,move,improve
3229,4,270.5899999999999,3,235.24000000000015,move,improve
3230,4,270.5899999999999,3,235.24000000000015,2opt,notBad
3231,4,274.0999999999999,3,235.24000000000015,2opt,acceptBad
3232,4,279.6899999999998,3,235.24000000000015,swap,acceptBad
3233,4,263.7099999999998,3,235.24000000000015,swap,improve
3234,4,263.7099999999998,3,235.24000000000015,2opt,notBad
3235,4,263.7099999999998,3,235.24000000000015,swap,notBad
3236,4,263.7099999999998,3,235.24000000000015,swap,notBad
3237,4,263.7099999999998,3,235.24000000000015,2opt,notBad
3238,4,263.7099999999998,3,235.24000000000015,swap,notBad
3239,4,263.7099999999998,3,235.24000000000015,move,improve
3240,4,263.7099999999998,3,235.24000000000015,swap,notBad
3241,4,263.7099999999998,3,235.24000000000015,2opt,notBad
3242,4,263.7099999999998,3,235.24000000000015,2opt,notBad
3243,4,263.7099999999998,3,235.24000000000015,2opt,notBad
3244,4,263.7099999999998,3,235.24000000000015,2opt,notBad
3245,4,263.7099999999998,3,235.24000000000015,swap,notBad
3246,4,263.7099999999998,3,235.24000000000015,2opt,notBad
3247,4,265.17999999999984,3,235.24000000000015,swap,acceptBad
3248,4,265.17999999999984,3,235.24000000000015,swap,notBad
3249,4,265.17999999999984,3,235.24000000000015,swap,notBad
3250,4,265.17999999999984,3,235.24000000000015,2opt,notBad
3251,4,265.17999999999984,3,235.24000000000015,swap,notBad
3252,4,265.17999999999984,3,235.24000000000015,swap,notBad
3253,4,265.17999999999984,3,235.24000000000015,2opt,improve
3254,4,257.2099999999998,3,235.24000000000015,move,improve
3255,4,257.2099999999998,3,235.24000000000015,swap,notBad
3256,4,257.2099999999998,3,235.24000000000015,swap,notBad
3257,4,257.2099999999998,3,235.24000000000015,swap,notBad
3258,4,257.2099999999998,3,235.24000000000015,2opt,notBad
3259,4,269.90999999999974,3,235.24000000000015,swap,acceptBad
3260,4,269.90999999999974,3,235.24000000000015,2opt,notBad
3261,4,269.90999999999974,3,235.24000000000015,move,improve
3262,4,269.90999999999974,3,235.24000000000015,2opt,notBad
3263,4,257.40999999999985,3,235.24000000000015,swap,improve
3264,4,257.40999999999985,3,235.24000000000015,swap,notBad
3265,4,269.01999999999987,3,235.24000000000015,2opt,acceptBad
3266,4,269.01999999999987,3,235.24000000000015,move,improve
3267,4,269.01999999999987,3,235.24000000000015,swap,notBad
3268,4,269.01999999999987,3,235.24000000000015,swap,notBad
3269,4,269.01999999999987,3,235.24000000000015,swap,notBad
3270,4,269.01999999999987,3,235.24000000000015,swap,notBad
3271,4,269.01999999999987,3,235.24000000000015,swap,notBad
3272,4,269.01999999999987,3,235.24000000000015,swap,notBad
3273,4,269.01999999999987,3,235.24000000000015,move,improve
3274,4,269.01999999999987,3,235.24000000000015,2opt,notBad
3275,4,269.38,3,235.24000000000015,swap,acceptBad
3276,4,269.38,3,235.24000000000015,2opt,notBad
3277,4,264.28000000000014,3,235.24000000000015,move,improve
3278,4,264.28000000000014,3,235.24000000000015,2opt,improve
3279,4,268.1200000000001,3,235.24000000000015,swap,acceptBad
3280,4,268.1200000000001,3,235.24000000000015,2opt,notBad
3281,4,268.1200000000001,3,235.24000000000015,move,improve
3282,4,268.1200000000001,3,235.24000000000015,swap,notBad
3283,4,268.1200000000001,3,235.24000000000015,move,improve
3284,4,268.1200000000001,3,235.24000000000015,move,improve
3285,4,268.1200000000001,3,235.24000000000015,move,improve
3286,4,268.1200000000001,3,235.24000000000015,2opt,notBad
3287,4,268.1200000000001,3,235.24000000000015,2opt,notBad
3288,4,268.1200000000001,3,235.24000000000015,move,improve
3289,4,268.1200000000001,3,235.24000000000015,2opt,notBad
3290,4,268.1200000000001,3,235.24000000000015,move,improve
3291,4,268.1200000000001,3,235.24000000000015,2opt,notBad
3292,4,266.65000000000015,3,235.24000000000015,move,improve
3293,4,266.65000000000015,3,235.24000000000015,swap,notBad
3294,4,266.65000000000015,3,235.24000000000015,move,improve
3295,4,266.65000000000015,3,235.24000000000015,2opt,notBad
3296,4,266.65000000000015,3,235.24000000000015,swap,notBad
3297,4,266.65000000000015,3,235.24000000000015,move,improve
3298,4,268.18999999999994,3,235.24000000000015,2opt,acceptBad
3299,4,277.62999999999994,3,235.24000000000015,swap,acceptBad
3300,4,291.99000000000007,3,235.24000000000015,swap,acceptBad
3301,4,291.99000000000007,3,235.24000000000015,move,improve
3302,4,291.99000000000007,3,235.24000000000015,2opt,notBad
3303,4,291.99000000000007,3,235.24000000000015,2opt,notBad
3304,4,266.8800000000001,3,235.24000000000015,move,improve
3305,4,266.8800000000001,3,235.24000000000015,swap,notBad
3306,4,266.8800000000001,3,235.24000000000015,swap,notBad
3307,4,266.8800000000001,3,235.24000000000015,move,improve
3308,4,266.8800000000001,3,235.24000000000015,2opt,notBad
3309,4,266.8800000000001,3,235.24000000000015,swap,notBad
3310,4,266.8800000000001,3,235.24000000000015,move,improve
3311,4,268.3500000000001,3,235.24000000000015,swap,acceptBad
3312,4,268.3500000000001,3,235.24000000000015,2opt,notBad
3313,4,268.3500000000001,3,235.24000000000015,move,improve
3314,4,268.3500000000001,3,235.24000000000015,2opt,notBad
3315,4,268.3500000000001,3,235.24000000000015,2opt,notBad
3316,4,268.3500000000001,3,235.24000000000015,2opt,notBad
3317,4,266.8800000000001,3,235.24000000000015,move,improve
3318,4,266.8800000000001,3,235.24000000000015,swap,notBad
3319,4,266.8800000000001,3,235.24000000000015,swap,notBad
3320,4,266.8800000000001,3,235.24000000000015,move,improve
3321,4,266.8800000000001,3,235.24000000000015,swap,notBad
3322,4,266.8800000000001,3,235.24000000000015,2opt,notBad
3323,4,266.8800000000001,3,235.24000000000015,move,improve
3324,4,266.8800000000001,3,235.24000000000015,move,improve
3325,4,266.8800000000001,3,235.24000000000015,swap,notBad
3326,4,266.8800000000001,3,235.24000000000015,swap,notBad
3327,4,266.8800000000001,3,235.24000000000015,swap,notBad
3328,4,266.8800000000001,3,235.24000000000015,2opt,notBad
3329,4,266.8800000000001,3,235.24000000000015,2opt,notBad
3330,4,266.8800000000001,3,235.24000000000015,move,improve
3331,4,263.0400000000001,3,235.24000000000015,move,improve
3332,4,263.0400000000001,3,235.24000000000015,2opt,notBad
3333,4,263.0400000000001,3,235.24000000000015,2opt,notBad
3334,4,263.0400000000001,3,235.24000000000015,2opt,notBad
3335,4,263.0400000000001,3,235.24000000000015,2opt,notBad
3336,4,263.0400000000001,3,235.24000000000015,2opt,notBad
3337,4,263.0400000000001,3,235.24000000000015,swap,notBad
3338,4,263.0400000000001,3,235.24000000000015,move,improve
3339,4,259.5600000000001,3,235.24000000000015,swap,improve
3340,4,256.2300000000001,3,235.24000000000015,swap,improve
3341,4,256.2300000000001,3,235.24000000000015,swap,notBad
3342,4,256.2300000000001,3,235.24000000000015,move,improve
3343,4,256.2300000000001,3,235.24000000000015,move,improve
3344,4,256.2300000000001,3,235.24000000000015,move,improve
3345,4,241.23000000000013,3,235.24000000000015,swap,improve
3346,4,241.23000000000013,3,235.24000000000015,swap,notBad
3347,4,241.23000000000013,3,235.24000000000015,swap,notBad
3348,4,241.23000000000013,3,235.24000000000015,move,improve
3349,4,241.23000000000013,3,235.24000000000015,swap,notBad
3350,4,241.23000000000013,3,235.24000000000015,2opt,notBad
3351,4,241.23000000000013,3,235.24000000000015,swap,notBad
3352,4,241.23000000000013,3,235.24000000000015,move,improve
3353,4,239.67000000000013,3,235.24000000000015,move,improve
3354,4,239.67000000000013,3,235.24000000000015,move,improve
3355,4,239.67000000000013,3,235.24000000000015,2opt,notBad
3356,4,239.67000000000013,3,235.24000000000015,swap,notBad
3357,4,239.67000000000013,3,235.24000000000015,2opt,notBad
3358,4,255.15000000000015,3,235.24000000000015,swap,acceptBad
3359,4,255.15000000000015,3,235.24000000000015,swap,notBad
3360,4,255.15000000000015,3,235.24000000000015,2opt,notBad
3361,4,248.83999999999997,3,235.24000000000015,swap,improve
3362,4,248.83999999999997,3,235.24000000000015,swap,notBad
3363,4,248.83999999999997,3,235.24000000000015,swap,notBad
3364,4,250.30999999999997,3,235.24000000000015,swap,acceptBad
3365,4,250.30999999999997,3,235.24000000000015,2opt,notBad
3366,4,250.30999999999997,3,235.24000000000015,swap,notBad
3367,4,250.30999999999997,3,235.24000000000015,move,improve
3368,4,250.30999999999997,3,235.24000000000015,swap,notBad
3369,4,250.30999999999997,3,235.24000000000015,move,improve
3370,4,236.22999999999993,3,235.24000000000015,move,improve
3371,4,226.7299999999999,4,226.7299999999999,move,newBest
3372,4,226.7299999999999,4,226.7299999999999,move,improve
3373,4,245.2100000000002,4,226.7299999999999,swap,acceptBad
3374,4,245.2100000000002,4,226.7299999999999,2opt,notBad
3375,4,245.2100000000002,4,226.7299999999999,swap,notBad
3376,4,245.2100000000002,4,226.7299999999999,move,improve
3377,4,245.2100000000002,4,226.7299999999999,2opt,improve
3378,4,245.2100000000002,4,226.7299999999999,move,improve
3379,4,245.2100000000002,4,226.7299999999999,swap,notBad
3380,4,245.2100000000002,4,226.7299999999999,swap,notBad
3381,4,262.8500000000002,4,226.7299999999999,swap,acceptBad
3382,4,262.4900000000002,4,226.7299999999999,move,improve
3383,4,262.4900000000002,4,226.7299999999999,swap,notBad
3384,4,260.12000000000023,4,226.7299999999999,move,improve
3385,4,260.12000000000023,4,226.7299999999999,2opt,notBad
3386,4,260.12000000000023,4,226.7299999999999,swap,notBad
3387,4,260.12000000000023,4,226.7299999999999,2opt,notBad
3388,4,260.12000000000023,4,226.7299999999999,2opt,notBad
3389,4,256.3200000000002,4,226.7299999999999,move,improve
3390,4,256.3200000000002,4,226.7299999999999,2opt,notBad
3391,4,256.3200000000002,4,226.7299999999999,2opt,notBad
3392,4,265.83000000000015,4,226.7299999999999,swap,acceptBad
3393,4,265.83000000000015,4,226.7299999999999,2opt,improve
3394,4,265.83000000000015,4,226.7299999999999,2opt,notBad
3395,4,265.83000000000015,4,226.7299999999999,2opt,improve
3396,4,265.83000000000015,4,226.7299999999999,swap,notBad
3397,4,265.83000000000015,4,226.7299999999999,swap,notBad
3398,4,265.83000000000015,4,226.7299999999999,swap,notBad
3399,4,265.83000000000015,4,226.7299999999999,2opt,notBad
3400,4,265.83000000000015,4,226.7299999999999,swap,notBad
3401,4,265.83000000000015,4,226.7299999999999,2opt,notBad
3402,4,265.83000000000015,4,226.7299999999999,2opt,notBad
3403,4,265.83000000000015,4,226.7299999999999,2opt,notBad
3404,4,265.83000000000015,4,226.7299999999999,move,improve
3405,4,265.83000000000015,4,226.7299999999999,2opt,notBad
3406,4,265.83000000000015,4,226.7299999999999,2opt,notBad
3407,4,265.83000000000015,4,226.7299999999999,swap,notBad
3408,4,265.83000000000015,4,226.7299999999999,2opt,notBad
3409,4,265.83000000000015,4,226.7299999999999,2opt,notBad
3410,4,265.83000000000015,4,226.7299999999999,swap,notBad
3411,4,265.83000000000015,4,226.7299999999999,2opt,notBad
3412,4,265.83000000000015,4,226.7299999999999,swap,notBad
3413,4,265.83000000000015,4,226.7299999999999,2opt,notBad
3414,4,265.83000000000015,4,226.7299999999999,swap,notBad
3415,4,265.83000000000015,4,226.7299999999999,move,improve
3416,4,265.83000000000015,4,226.7299999999999,swap,notBad
3417,4,266.4300000000002,4,226.7299999999999,swap,acceptBad
3418,4,266.4300000000002,4,226.7299999999999,2opt,notBad
3419,4,266.4300000000002,4,226.7299999999999,swap,notBad
3420,4,249.09000000000023,4,226.7299999999999,move,improve
3421,4,249.09000000000023,4,226.7299999999999,2opt,notBad
3422,4,249.09000000000023,4,226.7299999999999,2opt,notBad
3423,4,249.09000000000023,4,226.7299999999999,move,improve
3424,4,249.09000000000023,4,226.7299999999999,2opt,notBad
3425,4,249.09000000000023,4,226.7299999999999,2opt,improve
3426,4,249.09000000000023,4,226.7299999999999,2opt,notBad
3427,4,249.09000000000023,4,226.7299999999999,swap,notBad
3428,4,249.09000000000023,4,226.7299999999999,swap,notBad
3429,4,249.09000000000023,4,226.7299999999999,2opt,improve
3430,4,249.09000000000023,4,226.7299999999999,move,improve
3431,4,249.09000000000023,4,226.7299999999999,2opt,notBad
3432,4,236.34000000000023,4,226.7299999999999,move,improve
3433,4,236.34000000000023,4,226.7299999999999,2opt,notBad
3434,4,236.34000000000023,4,226.7299999999999,2opt,notBad
3435,4,236.34000000000023,4,226.7299999999999,2opt,notBad
3436,4,236.34000000000023,4,226.7299999999999,swap,notBad
3437,4,236.34000000000023,4,226.7299999999999,swap,notBad
3438,4,236.34000000000023,4,226.7299999999999,move,improve
3439,4,236.34000000000023,4,226.7299999999999,swap,notBad
3440,4,236.34000000000023,4,226.7299999999999,2opt,notBad
3441,4,236.34000000000023,4,226.7299999999999,move,improve
3442,4,236.34000000000023,4,226.7299999999999,move,improve
3443,4,236.34000000000023,4,226.7299999999999,2opt,notBad
3444,4,236.34000000000023,4,226.7299999999999,move,improve
3445,4,231.75000000000023,4,226.7299999999999,move,improve
3446,4,231.75000000000023,4,226.7299999999999,swap,notBad
3447,4,231.96000000000026,4,226.7299999999999,swap,acceptBad
3448,4,231.96000000000026,4,226.7299999999999,2opt,notBad
3449,4,231.96000000000026,4,226.7299999999999,2opt,notBad
3450,4,231.96000000000026,4,226.7299999999999,swap,notBad
3451,4,231.96000000000026,4,226.7299999999999,swap,notBad
3452,4,253.7400000000002,4,226.7299999999999,swap,acceptBad
3453,4,253.7400000000002,4,226.7299999999999,2opt,notBad
3454,4,253.7400000000002,4,226.7299999999999,swap,notBad
3455,4,244.56000000000026,4,226.7299999999999,move,improve
3456,4,244.56000000000026,4,226.7299999999999,move,improve
3457,4,244.56000000000026,4,226.7299999999999,swap,notBad
3458,4,244.56000000000026,4,226.7299999999999,2opt,notBad
3459,4,244.56000000000026,4,226.7299999999999,2opt,notBad
3460,4,244.56000000000026,4,226.7299999999999,2opt,notBad
3461,4,244.56000000000026,4,226.7299999999999,2opt,notBad
3462,4,240.09000000000023,4,226.7299999999999,move,improve
3463,4,228.75000000000023,4,226.7299999999999,move,improve
3464,4,228.75000000000023,4,226.7299999999999,move,improve
3465,4,228.75000000000023,4,226.7299999999999,move,improve
3466,4,228.75000000000023,4,226.7299999999999,2opt,notBad
3467,4,228.75000000000023,4,226.7299999999999,swap,notBad
3468,4,228.75000000000023,4,226.7299999999999,move,improve
3469,4,228.75000000000023,4,226.7299999999999,2opt,notBad
3470,4,228.75000000000023,4,226.7299999999999,2opt,notBad
3471,4,228.75000000000023,4,226.7299999999999,move,improve
3472,4,228.75000000000023,4,226.7299999999999,move,notBad
3473,4,228.75000000000023,4,226.7299999999999,move,improve
3474,4,228.75000000000023,4,226.7299999999999,2opt,notBad
3475,4,228.75000000000023,4,226.7299999999999,move,improve
3476,4,228.75000000000023,4,226.7299999999999,swap,notBad
3477,4,228.75000000000023,4,226.7299999999999,2opt,notBad
3478,4,227.34000000000026,4,226.7299999999999,move,improve
3479,4,248.76000000000033,4,226.7299999999999,swap,acceptBad
3480,4,248.76000000000033,4,226.7299999999999,2opt,notBad
3481,4,248.76000000000033,4,226.7299999999999,move,improve
3482,4,248.76000000000033,4,226.7299999999999,move,improve
3483,4,265.74000000000024,4,226.7299999999999,swap,acceptBad
3484,4,239.78000000000011,4,226.7299999999999,2opt,improve
3485,4,239.78000000000011,4,226.7299999999999,move,improve
3486,4,239.78000000000011,4,226.7299999999999,move,improve
3487,4,239.78000000000011,4,226.7299999999999,move,improve
3488,4,239.78000000000011,4,226.7299999999999,2opt,notBad
3489,4,239.78000000000011,4,226.7299999999999,move,improve
3490,4,236.47999999999996,4,226.7299999999999,move,improve
3491,4,236.47999999999996,4,226.7299999999999,swap,notBad
3492,4,236.47999999999996,4,226.7299999999999,2opt,notBad
3493,4,236.47999999999996,4,226.7299999999999,swap,notBad
3494,4,236.47999999999996,4,226.7299999999999,2opt,notBad
3495,4,236.47999999999996,4,226.7299999999999,move,improve
3496,4,242.82000000000014,4,226.7299999999999,swap,acceptBad
3497,4,242.82000000000014,4,226.7299999999999,swap,notBad
3498,4,264.6600000000001,4,226.7299999999999,swap,acceptBad
3499,4,264.6600000000001,4,226.7299999999999,2opt,improve
3500,4,264.6600000000001,4,226.7299999999999,2opt,notBad
3501,4,263.6400000000001,4,226.7299999999999,swap,improve
3502,4,263.6400000000001,4,226.7299999999999,2opt,notBad
3503,4,258.66000000000014,4,226.7299999999999,2opt,improve
3504,4,258.66000000000014,4,226.7299999999999,2opt,notBad
3505,4,258.66000000000014,4,226.7299999999999,move,improve
3506,4,258.66000000000014,4,226.7299999999999,swap,notBad
3507,4,258.66000000000014,4,226.7299999999999,move,improve
3508,4,258.66000000000014,4,226.7299999999999,2opt,notBad
3509,4,258.66000000000014,4,226.7299999999999,move,improve
3510,4,258.66000000000014,4,226.7299999999999,swap,notBad
3511,4,258.66000000000014,4,226.7299999999999,2opt,notBad
3512,4,258.66000000000014,4,226.7299999999999,swap,notBad
3513,4,258.66000000000014,4,226.7299999999999,swap,notBad
3514,4,258.66000000000014,4,226.7299999999999,2opt,improve
3515,4,258.66000000000014,4,226.7299999999999,move,improve
3516,4,258.66000000000014,4,226.7299999999999,swap,notBad
3517,4,255.36000000000013,4,226.7299999999999,move,improve
3518,4,255.36000000000013,4,226.7299999999999,2opt,notBad
3519,4,255.36000000000013,4,226.7299999999999,move,improve
3520,4,249.42000000000016,4,226.7299999999999,move,improve
3521,4,249.42000000000016,4,226.7299999999999,2opt,notBad
3522,4,249.42000000000016,4,226.7299999999999,swap,notBad
3523,4,249.42000000000016,4,226.7299999999999,2opt,notBad
3524,4,249.42000000000016,4,226.7299999999999,move,improve
3525,4,249.42000000000016,4,226.7299999999999,move,improve
3526,4,249.42000000000016,4,226.7299999999999,move,improve
3527,4,249.42000000000016,4,226.7299999999999,2opt,improve
3528,4,249.42000000000016,4,226.7299999999999,move,improve
3529,4,249.42000000000016,4,226.7299999999999,2opt,notBad
3530,4,263.1600000000001,4,226.7299999999999,swap,acceptBad
3531,4,263.1600000000001,4,226.7299999999999,2opt,improve
3532,4,263.1600000000001,4,226.7299999999999,swap,notBad
3533,4,263.1600000000001,4,226.7299999999999,2opt,notBad
3534,4,263.1600000000001,4,226.7299999999999,2opt,notBad
3535,4,263.1600000000001,4,226.7299999999999,swap,notBad
3536,4,263.1600000000001,4,226.7299999999999,2opt,notBad
3537,4,261.69000000000005,4,226.7299999999999,move,improve
3538,4,261.69000000000005,4,226.7299999999999,swap,notBad
3539,4,255.34999999999988,4,226.7299999999999,swap,improve
3540,4,255.34999999999988,4,226.7299999999999,2opt,notBad
3541,4,255.34999999999988,4,226.7299999999999,swap,notBad
3542,4,255.34999999999988,4,226.7299999999999,2opt,notBad
3543,4,255.34999999999988,4,226.7299999999999,2opt,notBad
3544,4,255.34999999999988,4,226.7299999999999,move,improve
3545,4,255.34999999999988,4,226.7299999999999,swap,notBad
3546,4,255.34999999999988,4,226.7299999999999,2opt,notBad
3547,4,255.34999999999988,4,226.7299999999999,move,improve
3548,4,255.34999999999988,4,226.7299999999999,move,improve
3549,4,255.34999999999988,4,226.7299999999999,2opt,notBad
3550,4,255.34999999999988,4,226.7299999999999,2opt,notBad
3551,4,258.8599999999999,4,226.7299999999999,2opt,acceptBad
3552,4,258.8599999999999,4,226.7299999999999,swap,notBad
3553,4,261.8299999999999,4,226.7299999999999,2opt,acceptBad
3554,4,261.8299999999999,4,226.7299999999999,2opt,notBad
3555,4,261.8299999999999,4,226.7299999999999,swap,notBad
3556,4,261.8299999999999,4,226.7299999999999,swap,notBad
3557,4,261.8299999999999,4,226.7299999999999,2opt,improve
3558,4,261.7099999999999,4,226.7299999999999,move,improve
3559,4,261.7099999999999,4,226.7299999999999,2opt,notBad
3560,4,269.81000000000006,4,226.7299999999999,swap,acceptBad
3561,4,269.81000000000006,4,226.7299999999999,move,improve
3562,4,269.81000000000006,4,226.7299999999999,move,improve
3563,4,269.81000000000006,4,226.7299999999999,2opt,notBad
3564,4,269.81000000000006,4,226.7299999999999,2opt,notBad
3565,4,269.81000000000006,4,226.7299999999999,move,improve
3566,4,269.81000000000006,4,226.7299999999999,swap,notBad
3567,4,272.63000000000005,4,226.7299999999999,2opt,acceptBad
3568,4,272.63000000000005,4,226.7299999999999,2opt,notBad
3569,4,272.63000000000005,4,226.7299999999999,swap,notBad
3570,4,272.63000000000005,4,226.7299999999999,move,improve
3571,4,272.63000000000005,4,226.7299999999999,move,improve
3572,4,261.80000000000007,4,226.7299999999999,move,improve
3573,4,266.21000000000004,4,226.7299999999999,2opt,acceptBad
3574,4,261.03000000000003,4,226.7299999999999,move,improve
3575,4,261.03000000000003,4,226.7299999999999,move,improve
3576,4,261.03000000000003,4,226.7299999999999,2opt,notBad
3577,4,261.03000000000003,4,226.7299999999999,swap,notBad
3578,4,270.96000000000004,4,226.7299999999999,swap,acceptBad
3579,4,270.96000000000004,4,226.7299999999999,move,improve
3580,4,277.37999999999994,4,226.7299999999999,swap,acceptBad
3581,4,277.37999999999994,4,226.7299999999999,swap,notBad
3582,4,277.37999999999994,4,226.7299999999999,2opt,notBad
3583,4,277.37999999999994,4,226.7299999999999,2opt,notBad
3584,4,277.37999999999994,4,226.7299999999999,swap,notBad
3585,4,281.21999999999997,4,226.7299999999999,swap,acceptBad
3586,4,281.21999999999997,4,226.7299999999999,2opt,notBad
3587,4,281.21999999999997,4,226.7299999999999,swap,notBad
3588,4,281.21999999999997,4,226.7299999999999,move,improve
3589,4,281.21999999999997,4,226.7299999999999,swap,notBad
3590,4,281.21999999999997,4,226.7299999999999,2opt,improve
3591,4,281.21999999999997,4,226.7299999999999,swap,notBad
3592,4,274.08000000000004,4,226.7299999999999,2opt,improve
3593,4,274.08000000000004,4,226.7299999999999,2opt,notBad
3594,4,274.08000000000004,4,226.7299999999999,move,improve
3595,4,278.7300000000001,4,226.7299999999999,swap,acceptBad
3596,4,278.7300000000001,4,226.7299999999999,2opt,notBad
3597,4,259.89000000000004,4,226.7299999999999,move,improve
3598,4,259.89000000000004,4,226.7299999999999,2opt,notBad
3599,4,263.37000000000006,4,226.7299999999999,swap,acceptBad
3600,4,263.37000000000006,4,226.7299999999999,move,improve
3601,4,265.1700000000001,4,226.7299999999999,swap,acceptBad
3602,4,265.1700000000001,4,226.7299999999999,move,improve
3603,4,265.1700000000001,4,226.7299999999999,2opt,notBad
3604,4,265.1700000000001,4,226.7299999999999,2opt,notBad
3605,4,275.03000000000003,4,226.7299999999999,swap,acceptBad
3606,4,275.03000000000003,4,226.7299999999999,move,improve
3607,4,275.03000000000003,4,226.7299999999999,swap,notBad
3608,4,275.03000000000003,4,226.7299999999999,swap,notBad
3609,4,275.03000000000003,4,226.7299999999999,move,improve
3610,4,275.03000000000003,4,226.7299999999999,2opt,notBad
3611,4,275.03000000000003,4,226.7299999999999,move,improve
3612,4,275.03000000000003,4,226.7299999999999,2opt,notBad
3613,4,270.38,4,226.7299999999999,move,improve
3614,4,270.38,4,226.7299999999999,move,improve
3615,4,257.83,4,226.7299999999999,move,improve
3616,4,257.83,4,226.7299999999999,2opt,notBad
3617,4,257.83,4,226.7299999999999,move,improve
3618,4,257.83,4,226.7299999999999,2opt,notBad
3619,4,257.83,4,226.7299999999999,move,improve
3620,4,257.83,4,226.7299999999999,swap,notBad
3621,4,257.83,4,226.7299999999999,2opt,notBad
3622,4,257.83,4,226.7299999999999,2opt,notBad
3623,4,257.83,4,226.7299999999999,2opt,notBad
3624,4,271.63000000000005,4,226.7299999999999,swap,acceptBad
3625,4,271.63000000000005,4,226.7299999999999,2opt,notBad
3626,4,271.63000000000005,4,226.7299999999999,move,improve
3627,4,267.10999999999996,4,226.7299999999999,move,improve
3628,4,267.10999999999996,4,226.7299999999999,move,improve
3629,4,267.10999999999996,4,226.7299999999999,2opt,notBad
3630,4,267.10999999999996,4,226.7299999999999,move,improve
3631,4,267.10999999999996,4,226.7299999999999,2opt,improve
3632,4,267.10999999999996,4,226.7299999999999,2opt,notBad
3633,4,267.10999999999996,4,226.7299999999999,swap,notBad
3634,4,267.10999999999996,4,226.7299999999999,move,improve
3635,4,267.10999999999996,4,226.7299999999999,move,improve
3636,4,267.10999999999996,4,226.7299999999999,move,improve
3637,4,267.10999999999996,4,226.7299999999999,move,improve
3638,4,267.10999999999996,4,226.7299999999999,2opt,notBad
3639,4,255.49999999999997,4,226.7299999999999,move,improve
3640,4,255.49999999999997,4,226.7299999999999,2opt,notBad
3641,4,254.68999999999997,4,226.7299999999999,move,improve
3642,4,260.03,4,226.7299999999999,swap,acceptBad
3643,4,257.71999999999997,4,226.7299999999999,swap,improve
3644,4,257.71999999999997,4,226.7299999999999,move,improve
3645,4,257.71999999999997,4,226.7299999999999,swap,notBad
3646,4,257.71999999999997,4,226.7299999999999,swap,notBad
3647,4,257.71999999999997,4,226.7299999999999,swap,notBad
3648,4,257.71999999999997,4,226.7299999999999,2opt,notBad
3649,4,257.71999999999997,4,226.7299999999999,move,improve
3650,4,257.71999999999997,4,226.7299999999999,2opt,notBad
3651,4,257.71999999999997,4,226.7299999999999,swap,notBad
3652,4,257.71999999999997,4,226.7299999999999,2opt,notBad
3653,4,257.71999999999997,4,226.7299999999999,2opt,improve
3654,4,244.94,4,226.7299999999999,move,improve
3655,4,244.94,4,226.7299999999999,2opt,notBad
3656,4,244.94,4,226.7299999999999,swap,notBad
3657,4,244.94,4,226.7299999999999,2opt,notBad
3658,4,244.94,4,226.7299999999999,2opt,improve
3659,4,244.94,4,226.7299999999999,move,improve
3660,4,244.94,4,226.7299999999999,swap,notBad
3661,4,244.94,4,226.7299999999999,2opt,notBad
3662,4,244.94,4,226.7299999999999,move,improve
3663,4,249.58999999999997,4,226.7299999999999,swap,acceptBad
3664,4,251.90000000000003,4,226.7299999999999,move,acceptBad
3665,4,251.90000000000003,4,226.7299999999999,swap,notBad
3666,4,251.90000000000003,4,226.7299999999999,2opt,notBad
3667,4,251.90000000000003,4,226.7299999999999,swap,notBad
3668,4,251.90000000000003,4,226.7299999999999,move,improve
3669,4,251.90000000000003,4,226.7299999999999,2opt,notBad
3670,4,251.90000000000003,4,226.7299999999999,swap,notBad
3671,4,251.27000000000004,4,226.7299999999999,move,improve
3672,4,251.27000000000004,4,226.7299999999999,move,improve
3673,4,251.27000000000004,4,226.7299999999999,2opt,notBad
3674,4,246.62,4,226.7299999999999,move,improve
3675,4,246.62,4,226.7299999999999,move,improve
3676,4,246.62,4,226.7299999999999,swap,notBad
3677,4,246.62,4,226.7299999999999,2opt,notBad
3678,4,246.62,4,226.7299999999999,move,improve
3679,4,246.62,4,226.7299999999999,2opt,notBad
3680,4,246.62,4,226.7299999999999,move,improve
3681,4,253.40000000000003,4,226.7299999999999,swap,acceptBad
3682,4,253.40000000000003,4,226.7299999999999,2opt,notBad
3683,4,253.40000000000003,4,226.7299999999999,move,improve
3684,4,253.40000000000003,4,226.7299999999999,move,improve
3685,4,248.9300000000002,4,226.7299999999999,swap,improve
3686,4,248.9300000000002,4,226.7299999999999,2opt,notBad
3687,4,248.9300000000002,4,226.7299999999999,2opt,notBad
3688,4,248.9300000000002,4,226.7299999999999,move,improve
3689,4,248.9300000000002,4,226.7299999999999,move,improve
3690,4,248.9300000000002,4,226.7299999999999,swap,notBad
3691,4,253.5800000000002,4,226.7299999999999,swap,acceptBad
3692,4,253.5800000000002,4,226.7299999999999,move,improve
3693,4,253.5800000000002,4,226.7299999999999,2opt,notBad
3694,4,253.5800000000002,4,226.7299999999999,move,improve
3695,4,253.5800000000002,4,226.7299999999999,2opt,improve
3696,4,253.5800000000002,4,226.7299999999999,2opt,notBad
3697,4,253.5800000000002,4,226.7299999999999,move,improve
3698,4,253.5800000000002,4,226.7299999999999,2opt,notBad
3699,4,253.5800000000002,4,226.7299999999999,swap,notBad
3700,4,252.8900000000002,4,226.7299999999999,move,improve
3701,4,252.8900000000002,4,226.7299999999999,2opt,notBad
3702,4,252.8900000000002,4,226.7299999999999,2opt,notBad
3703,4,255.41000000000022,4,226.7299999999999,2opt,acceptBad
3704,4,255.41000000000022,4,226.7299999999999,move,improve
3705,4,251.57000000000028,4,226.7299999999999,move,improve
3706,4,251.57000000000028,4,226.7299999999999,move,improve
3707,4,256.43000000000035,4,226.7299999999999,swap,acceptBad
3708,4,246.50000000000034,4,226.7299999999999,move,improve
3709,4,246.50000000000034,4,226.7299999999999,move,improve
3710,4,246.50000000000034,4,226.7299999999999,swap,notBad
3711,4,246.50000000000034,4,226.7299999999999,2opt,notBad
3712,4,246.50000000000034,4,226.7299999999999,2opt,notBad
3713,4,246.82,4,226.7299999999999,swap,acceptBad
3714,4,246.82,4,226.7299999999999,swap,notBad
3715,4,246.82,4,226.7299999999999,move,improve
3716,4,246.82,4,226.7299999999999,2opt,notBad
3717,4,246.82,4,226.7299999999999,move,improve
3718,4,246.31000000000003,4,226.7299999999999,move,improve
3719,4,246.31000000000003,4,226.7299999999999,2opt,notBad
3720,4,246.31000000000003,4,226.7299999999999,2opt,notBad
3721,4,246.31000000000003,4,226.7299999999999,2opt,notBad
3722,4,246.31000000000003,4,226.7299999999999,swap,notBad
3723,4,246.31000000000003,4,226.7299999999999,2opt,notBad
3724,4,246.31000000000003,4,226.7299999999999,2opt,notBad
3725,4,246.31000000000003,4,226.7299999999999,move,improve
3726,4,246.31000000000003,4,226.7299999999999,move,improve
3727,4,246.31000000000003,4,226.7299999999999,2opt,notBad
3728,4,245.65,4,226.7299999999999,move,improve
3729,4,255.70000000000002,4,226.7299999999999,swap,acceptBad
3730,4,255.70000000000002,4,226.7299999999999,2opt,notBad
3731,4,255.70000000000002,4,226.7299999999999,move,improve
3732,4,261.31,4,226.7299999999999,2opt,acceptBad
3733,4,261.31,4,226.7299999999999,swap,notBad
3734,4,261.31,4,226.7299999999999,2opt,notBad
3735,4,261.31,4,226.7299999999999,swap,notBad
3736,4,261.31,4,226.7299999999999,swap,notBad
3737,4,274.39,4,226.7299999999999,swap,acceptBad
3738,4,271.09,4,226.7299999999999,move,improve
3739,4,271.09,4,226.7299999999999,swap,notBad
3740,4,271.09,4,226.7299999999999,2opt,notBad
3741,4,271.09,4,226.7299999999999,move,improve
3742,4,269.85999999999996,4,226.7299999999999,move,improve
3743,4,269.85999999999996,4,226.7299999999999,2opt,notBad
3744,4,269.85999999999996,4,226.7299999999999,swap,notBad
3745,4,269.85999999999996,4,226.7299999999999,2opt,notBad
3746,4,269.85999999999996,4,226.7299999999999,swap,notBad
3747,4,269.85999999999996,4,226.7299999999999,swap,notBad
3748,4,261.91999999999973,4,226.7299999999999,move,improve
3749,4,264.3199999999998,4,226.7299999999999,2opt,acceptBad
3750,4,268.8499999999998,4,226.7299999999999,2opt,acceptBad
3751,4,268.8499999999998,4,226.7299999999999,swap,notBad
3752,4,268.8499999999998,4,226.7299999999999,swap,notBad
3753,4,268.8499999999998,4,226.7299999999999,swap,notBad
3754,4,268.8499999999998,4,226.7299999999999,2opt,notBad
3755,4,268.8499999999998,4,226.7299999999999,2opt,notBad
3756,4,268.8499999999998,4,226.7299999999999,2opt,improve
3757,4,268.8499999999998,4,226.7299999999999,move,improve
3758,4,268.8499999999998,4,226.7299999999999,2opt,notBad
3759,4,268.8499999999998,4,226.7299999999999,swap,notBad
3760,4,254.17999999999978,4,226.7299999999999,swap,improve
3761,4,253.87999999999974,4,226.7299999999999,move,improve
3762,4,253.87999999999974,4,226.7299999999999,swap,notBad
3763,4,253.81999999999977,4,226.7299999999999,move,improve
3764,4,253.81999999999977,4,226.7299999999999,move,notBad
3765,4,252.34999999999974,4,226.7299999999999,swap,improve
3766,4,252.34999999999974,4,226.7299999999999,move,improve
3767,4,252.34999999999974,4,226.7299999999999,move,improve
3768,4,252.34999999999974,4,226.7299999999999,2opt,notBad
3769,4,252.34999999999974,4,226.7299999999999,swap,notBad
3770,4,252.34999999999974,4,226.7299999999999,move,improve
3771,4,252.34999999999974,4,226.7299999999999,move,improve
3772,4,252.34999999999974,4,226.7299999999999,move,improve
3773,4,252.34999999999974,4,226.7299999999999,2opt,notBad
3774,4,255.42999999999978,4,226.7299999999999,swap,acceptBad
3775,4,255.42999999999978,4,226.7299999999999,move,improve
3776,4,255.42999999999978,4,226.7299999999999,move,improve
3777,4,255.42999999999978,4,226.7299999999999,move,improve
3778,4,255.42999999999978,4,226.7299999999999,swap,notBad
3779,4,255.42999999999978,4,226.7299999999999,swap,notBad
3780,4,255.42999999999978,4,226.7299999999999,move,notBad
3781,4,255.42999999999978,4,226.7299999999999,swap,notBad
3782,4,255.42999999999978,4,226.7299999999999,move,improve
3783,4,255.42999999999978,4,226.7299999999999,swap,notBad
3784,4,255.42999999999978,4,226.7299999999999,swap,notBad
3785,4,255.42999999999978,4,226.7299999999999,swap,notBad
3786,4,255.42999999999978,4,226.7299999999999,swap,notBad
3787,4,255.42999999999978,4,226.7299999999999,swap,notBad
3788,4,255.42999999999978,4,226.7299999999999,swap,notBad
3789,4,255.42999999999978,4,226.7299999999999,move,improve
3790,4,255.42999999999978,4,226.7299999999999,2opt,notBad
3791,4,255.42999999999978,4,226.7299999999999,move,improve
3792,4,255.42999999999978,4,226.7299999999999,2opt,notBad
3793,4,255.42999999999978,4,226.7299999999999,move,improve
3794,4,255.42999999999978,4,226.7299999999999,swap,notBad
3795,4,255.42999999999978,4,226.7299999999999,2opt,notBad
3796,4,245.2299999999998,4,226.7299999999999,move,improve
3797,4,245.2299999999998,4,226.7299999999999,swap,notBad
3798,4,245.2299999999998,4,226.7299999999999,swap,notBad
3799,4,245.2299999999998,4,226.7299999999999,2opt,notBad
3800,4,245.2299999999998,4,226.7299999999999,2opt,notBad
3801,4,245.2299999999998,4,226.7299999999999,swap,notBad
3802,4,245.2299999999998,4,226.7299999999999,move,improve
3803,4,245.2299999999998,4,226.7299999999999,move,improve
3804,4,242.4299999999999,4,226.7299999999999,swap,improve
3805,4,242.4299999999999,4,226.7299999999999,swap,notBad
3806,4,242.4299999999999,4,226.7299999999999,move,improve
3807,4,242.4299999999999,4,226.7299999999999,move,improve
3808,4,242.4299999999999,4,226.7299999999999,move,improve
3809,4,242.4299999999999,4,226.7299999999999,move,improve
3810,4,242.4299999999999,4,226.7299999999999,move,improve
3811,4,242.4299999999999,4,226.7299999999999,move,improve
3812,4,242.4299999999999,4,226.7299999999999,2opt,notBad
3813,4,242.4299999999999,4,226.7299999999999,2opt,notBad
3814,4,242.4299999999999,4,226.7299999999999,2opt,notBad
3815,4,242.4299999999999,4,226.7299999999999,2opt,notBad
3816,4,242.4299999999999,4,226.7299999999999,move,improve
3817,4,242.4299999999999,4,226.7299999999999,move,improve
3818,4,244.0499999999999,4,226.7299999999999,swap,acceptBad
3819,4,244.0499999999999,4,226.7299999999999,move,improve
3820,4,244.0499999999999,4,226.7299999999999,move,improve
3821,4,244.0499999999999,4,226.7299999999999,2opt,notBad
3822,4,244.0499999999999,4,226.7299999999999,move,improve
3823,4,244.0499999999999,4,226.7299999999999,swap,notBad
3824,4,243.1199999999999,4,226.7299999999999,move,improve
3825,4,243.1199999999999,4,226.7299999999999,2opt,notBad
3826,4,243.1199999999999,4,226.7299999999999,swap,notBad
3827,4,243.1199999999999,4,226.7299999999999,2opt,notBad
3828,4,242.09999999999985,4,226.7299999999999,move,improve
3829,4,242.09999999999985,4,226.7299999999999,move,improve
3830,4,242.09999999999985,4,226.7299999999999,2opt,notBad
3831,4,242.09999999999985,4,226.7299999999999,swap,notBad
3832,4,242.09999999999985,4,226.7299999999999,swap,notBad
3833,4,242.09999999999985,4,226.7299999999999,2opt,notBad
3834,4,242.09999999999985,4,226.7299999999999,move,improve
3835,4,242.09999999999985,4,226.7299999999999,swap,notBad
3836,4,242.09999999999985,4,226.7299999999999,2opt,notBad
3837,4,242.09999999999985,4,226.7299999999999,move,improve
3838,4,242.09999999999985,4,226.7299999999999,move,improve
3839,4,242.09999999999985,4,226.7299999999999,swap,notBad
3840,4,242.09999999999985,4,226.7299999999999,2opt,notBad
3841,4,242.09999999999985,4,226.7299999999999,move,improve
3842,4,249.0799999999996,4,226.7299999999999,swap,acceptBad
3843,4,249.0799999999996,4,226.7299999999999,2opt,improve
3844,4,249.0799999999996,4,226.7299999999999,2opt,notBad
3845,4,249.0799999999996,4,226.7299999999999,move,improve
3846,4,249.0799999999996,4,226.7299999999999,move,improve
3847,4,247.5199999999996,4,226.7299999999999,move,improve
3848,4,247.5199999999996,4,226.7299999999999,2opt,notBad
3849,4,247.5199999999996,4,226.7299999999999,2opt,notBad
3850,4,247.5199999999996,4,226.7299999999999,2opt,notBad
3851,4,247.5199999999996,4,226.7299999999999,2opt,notBad
3852,4,247.5199999999996,4,226.7299999999999,swap,notBad
3853,4,247.5199999999996,4,226.7299999999999,move,improve
3854,4,247.5199999999996,4,226.7299999999999,swap,notBad
3855,4,247.5199999999996,4,226.7299999999999,swap,notBad
3856,4,247.5199999999996,4,226.7299999999999,2opt,notBad
3857,4,247.5199999999996,4,226.7299999999999,2opt,notBad
3858,4,247.5199999999996,4,226.7299999999999,move,improve
3859,4,247.5199999999996,4,226.7299999999999,2opt,notBad
3860,4,247.5199999999996,4,226.7299999999999,2opt,notBad
3861,4,247.5199999999996,4,226.7299999999999,2opt,notBad
3862,4,240.5399999999999,4,226.7299999999999,swap,improve
3863,4,240.5399999999999,4,226.7299999999999,swap,notBad
3864,4,240.5399999999999,4,226.7299999999999,2opt,improve
3865,4,240.5399999999999,4,226.7299999999999,move,improve
3866,4,240.5399999999999,4,226.7299999999999,swap,notBad
3867,4,240.5399999999999,4,226.7299999999999,2opt,notBad
3868,4,240.5399999999999,4,226.7299999999999,move,improve
3869,4,246.1799999999999,4,226.7299999999999,swap,acceptBad
3870,4,246.1799999999999,4,226.7299999999999,swap,notBad
3871,4,246.1799999999999,4,226.7299999999999,2opt,notBad
3872,4,246.1799999999999,4,226.7299999999999,2opt,notBad
3873,4,246.1799999999999,4,226.7299999999999,move,improve
3874,4,246.1799999999999,4,226.7299999999999,move,improve
3875,4,246.1799999999999,4,226.7299999999999,swap,notBad
3876,4,246.1799999999999,4,226.7299999999999,move,improve
3877,4,246.1799999999999,4,226.7299999999999,swap,notBad
3878,4,246.1799999999999,4,226.7299999999999,2opt,notBad
3879,4,246.1799999999999,4,226.7299999999999,swap,notBad
3880,4,246.1799999999999,4,226.7299999999999,swap,notBad
3881,4,246.1799999999999,4,226.7299999999999,2opt,improve
3882,4,246.1799999999999,4,226.7299999999999,swap,notBad
3883,4,243.2399999999999,4,226.7299999999999,move,improve
3884,4,243.2399999999999,4,226.7299999999999,2opt,notBad
3885,4,243.2399999999999,4,226.7299999999999,2opt,notBad
3886,4,243.2399999999999,4,226.7299999999999,swap,notBad
3887,4,243.2399999999999,4,226.7299999999999,2opt,notBad
3888,4,243.2399999999999,4,226.7299999999999,2opt,notBad
3889,4,243.2399999999999,4,226.7299999999999,swap,notBad
3890,4,243.2399999999999,4,226.7299999999999,2opt,notBad
3891,4,243.2399999999999,4,226.7299999999999,move,improve
3892,4,243.2399999999999,4,226.7299999999999,swap,notBad
3893,4,243.2399999999999,4,226.7299999999999,2opt,notBad
3894,4,243.2399999999999,4,226.7299999999999,2opt,improve
3895,4,243.2399999999999,4,226.7299999999999,move,improve
3896,4,243.2399999999999,4,226.7299999999999,2opt,notBad
3897,4,243.2399999999999,4,226.7299999999999,swap,notBad
3898,4,241.61999999999995,4,226.7299999999999,move,improve
3899,4,241.61999999999995,4,226.7299999999999,move,improve
3900,4,241.61999999999995,4,226.7299999999999,2opt,notBad
3901,4,241.61999999999995,4,226.7299999999999,move,improve
3902,4,241.61999999999995,4,226.7299999999999,move,improve
3903,4,241.61999999999995,4,226.7299999999999,move,improve
3904,4,241.61999999999995,4,226.7299999999999,move,improve
3905,4,243.89999999999992,4,226.7299999999999,swap,acceptBad
3906,4,243.89999999999992,4,226.7299999999999,2opt,improve
3907,4,243.89999999999992,4,226.7299999999999,2opt,improve
3908,4,243.89999999999992,4,226.7299999999999,move,improve
3909,4,243.89999999999992,4,226.7299999999999,swap,notBad
3910,4,243.89999999999992,4,226.7299999999999,swap,notBad
3911,4,243.89999999999992,4,226.7299999999999,2opt,notBad
3912,4,250.87999999999963,4,226.7299999999999,swap,acceptBad
3913,4,250.87999999999963,4,226.7299999999999,move,improve
3914,4,250.87999999999963,4,226.7299999999999,move,improve
3915,4,250.87999999999963,4,226.7299999999999,2opt,notBad
3916,4,250.87999999999963,4,226.7299999999999,swap,notBad
3917,4,250.87999999999963,4,226.7299999999999,move,notBad
3918,4,250.87999999999963,4,226.7299999999999,move,improve
3919,4,250.87999999999963,4,226.7299999999999,swap,notBad
3920,4,250.87999999999963,4,226.7299999999999,move,improve
3921,4,250.87999999999963,4,226.7299999999999,2opt,notBad
3922,4,257.4499999999996,4,226.7299999999999,swap,acceptBad
3923,4,257.4499999999996,4,226.7299999999999,swap,notBad
3924,4,257.4499999999996,4,226.7299999999999,move,improve
3925,4,257.4499999999996,4,226.7299999999999,2opt,notBad
3926,4,257.4499999999996,4,226.7299999999999,move,improve
3927,4,257.4499999999996,4,226.7299999999999,move,improve
3928,4,257.4499999999996,4,226.7299999999999,move,improve
3929,4,257.4499999999996,4,226.7299999999999,swap,notBad
3930,4,257.4499999999996,4,226.7299999999999,2opt,notBad
3931,4,252.45999999999958,4,226.7299999999999,move,improve
3932,4,252.45999999999958,4,226.7299999999999,move,improve
3933,4,252.45999999999958,4,226.7299999999999,move,improve
3934,4,252.45999999999958,4,226.7299999999999,move,improve
3935,4,252.45999999999958,4,226.7299999999999,2opt,notBad
3936,4,252.45999999999958,4,226.7299999999999,swap,notBad
3937,4,250.1799999999996,4,226.7299999999999,move,improve
3938,4,250.1799999999996,4,226.7299999999999,2opt,notBad
3939,4,250.1799999999996,4,226.7299999999999,2opt,notBad
3940,4,250.1799999999996,4,226.7299999999999,move,improve
3941,4,250.1799999999996,4,226.7299999999999,2opt,notBad
3942,4,250.1799999999996,4,226.7299999999999,move,improve
3943,4,257.7600000000001,4,226.7299999999999,swap,acceptBad
3944,4,257.7600000000001,4,226.7299999999999,2opt,notBad
3945,4,257.7600000000001,4,226.7299999999999,2opt,notBad
3946,4,257.7600000000001,4,226.7299999999999,swap,notBad
3947,4,253.08000000000013,4,226.7299999999999,move,improve
3948,4,253.08000000000013,4,226.7299999999999,swap,notBad
3949,4,253.08000000000013,4,226.7299999999999,move,improve
3950,4,253.08000000000013,4,226.7299999999999,2opt,improve
3951,4,253.08000000000013,4,226.7299999999999,move,improve
3952,4,253.08000000000013,4,226.7299999999999,move,improve
3953,4,253.08000000000013,4,226.7299999999999,2opt,improve
3954,4,253.08000000000013,4,226.7299999999999,swap,notBad
3955,4,253.08000000000013,4,226.7299999999999,swap,notBad
3956,4,257.12,4,226.7299999999999,swap,acceptBad
3957,4,257.12,4,226.7299999999999,swap,notBad
3958,4,257.12,4,226.7299999999999,swap,notBad
3959,4,257.12,4,226.7299999999999,swap,notBad
3960,4,257.12,4,226.7299999999999,swap,notBad
3961,4,257.12,4,226.7299999999999,swap,notBad
3962,4,257.12,4,226.7299999999999,2opt,notBad
3963,4,257.12,4,226.7299999999999,swap,notBad
3964,4,257.12,4,226.7299999999999,2opt,notBad
3965,4,257.12,4,226.7299999999999,2opt,improve
3966,4,254.09000000000006,4,226.7299999999999,swap,improve
3967,4,254.09000000000006,4,226.7299999999999,swap,notBad
3968,4,252.05000000000004,4,226.7299999999999,move,improve
3969,4,249.23000000000005,4,226.7299999999999,move,improve
3970,4,246.11,4,226.7299999999999,swap,improve
3971,4,239.18,4,226.7299999999999,move,improve
3972,4,239.18,4,226.7299999999999,2opt,notBad
3973,4,239.18,4,226.7299999999999,move,improve
3974,4,239.18,4,226.7299999999999,2opt,improve
3975,4,239.18,4,226.7299999999999,2opt,notBad
3976,4,239.18,4,226.7299999999999,move,improve
3977,4,239.18,4,226.7299999999999,move,improve
3978,4,239.18,4,226.7299999999999,move,improve
3979,4,234.56000000000003,4,226.7299999999999,move,improve
3980,4,234.56000000000003,4,226.7299999999999,2opt,notBad
3981,4,234.56000000000003,4,226.7299999999999,swap,notBad
3982,4,234.56000000000003,4,226.7299999999999,2opt,notBad
3983,4,234.56000000000003,4,226.7299999999999,move,improve
3984,4,234.56000000000003,4,226.7299999999999,swap,notBad
3985,4,233.15000000000003,4,226.7299999999999,move,improve
3986,4,220.7400000000001,4,220.7400000000001,move,newBest
3987,4,220.7400000000001,4,220.7400000000001,2opt,notBad
3988,4,220.7400000000001,4,220.7400000000001,2opt,notBad
3989,4,220.7400000000001,4,220.7400000000001,2opt,notBad
3990,4,220.7400000000001,4,220.7400000000001,move,improve
3991,4,220.7400000000001,4,220.7400000000001,2opt,notBad
3992,4,226.6800000000001,4,220.7400000000001,swap,acceptBad
3993,4,226.6800000000001,4,220.7400000000001,move,improve
3994,4,226.6800000000001,4,220.7400000000001,swap,notBad
3995,4,226.6800000000001,4,220.7400000000001,swap,notBad
3996,4,226.6800000000001,4,220.7400000000001,move,improve
3997,4,226.6800000000001,4,220.7400000000001,2opt,notBad
3998,4,226.6800000000001,4,220.7400000000001,2opt,notBad
3999,4,226.6800000000001,4,220.7400000000001,2opt,notBad
4000,4,228.75000000000009,4,220.7400000000001,swap,acceptBad
4001,4,228.75000000000009,4,220.7400000000001,swap,notBad
4002,4,228.75000000000009,4,220.7400000000001,move,improve
4003,4,226.6800000000001,4,220.7400000000001,move,improve
4004,4,226.6800000000001,4,220.7400000000001,swap,notBad
4005,4,226.6800000000001,4,220.7400000000001,move,improve
4006,4,226.6800000000001,4,220.7400000000001,swap,notBad
4007,4,226.6800000000001,4,220.7400000000001,move,improve
4008,4,226.6800000000001,4,220.7400000000001,swap,notBad
4009,4,226.6800000000001,4,220.7400000000001,2opt,improve
4010,4,226.6800000000001,4,220.7400000000001,move,improve
4011,4,226.6800000000001,4,220.7400000000001,move,improve
4012,4,226.6800000000001,4,220.7400000000001,2opt,improve
4013,4,226.6800000000001,4,220.7400000000001,move,improve
4014,4,226.6800000000001,4,220.7400000000001,swap,notBad
4015,4,233.0400000000001,4,220.7400000000001,swap,acceptBad
4016,4,235.1100000000001,4,220.7400000000001,swap,acceptBad
4017,4,236.67000000000004,4,220.7400000000001,2opt,acceptBad
4018,4,236.67000000000004,4,220.7400000000001,swap,notBad
4019,4,236.67000000000004,4,220.7400000000001,swap,notBad
4020,4,236.67000000000004,4,220.7400000000001,swap,notBad
4021,4,236.67000000000004,4,220.7400000000001,2opt,notBad
4022,4,236.67000000000004,4,220.7400000000001,2opt,notBad
4023,4,236.19,4,220.7400000000001,swap,improve
4024,4,234.12,4,220.7400000000001,swap,improve
4025,4,234.12,4,220.7400000000001,2opt,notBad
4026,4,234.12,4,220.7400000000001,move,improve
4027,4,234.12,4,220.7400000000001,swap,notBad
4028,4,234.12,4,220.7400000000001,2opt,notBad
4029,4,234.12,4,220.7400000000001,move,improve
4030,4,226.65,4,220.7400000000001,move,improve
4031,4,226.65,4,220.7400000000001,move,improve
4032,4,226.65,4,220.7400000000001,move,improve
4033,4,226.65,4,220.7400000000001,swap,notBad
4034,4,226.65,4,220.7400000000001,2opt,notBad
4035,4,226.65,4,220.7400000000001,swap,notBad
4036,4,226.65,4,220.7400000000001,move,improve
4037,4,226.65,4,220.7400000000001,2opt,notBad
4038,4,226.65,4,220.7400000000001,2opt,notBad
4039,4,226.65,4,220.7400000000001,move,improve
4040,4,226.65,4,220.7400000000001,move,improve
4041,4,226.65,4,220.7400000000001,2opt,notBad
4042,4,226.65,4,220.7400000000001,move,improve
4043,4,226.65,4,220.7400000000001,move,improve
4044,4,226.65,4,220.7400000000001,swap,notBad
4045,4,226.65,4,220.7400000000001,swap,notBad
4046,4,226.65,4,220.7400000000001,2opt,improve
4047,4,226.65,4,220.7400000000001,2opt,notBad
4048,4,226.65,4,220.7400000000001,move,improve
4049,4,226.65,4,220.7400000000001,2opt,notBad
4050,4,226.65,4,220.7400000000001,2opt,notBad
4051,4,226.65,4,220.7400000000001,2opt,notBad
4052,4,226.65,4,220.7400000000001,swap,notBad
4053,4,226.65,4,220.7400000000001,2opt,notBad
4054,4,226.65,4,220.7400000000001,swap,notBad
4055,4,226.65,4,220.7400000000001,2opt,notBad
4056,4,226.65,4,220.7400000000001,2opt,notBad
4057,4,226.65,4,220.7400000000001,swap,notBad
4058,4,226.65,4,220.7400000000001,2opt,notBad
4059,4,226.65,4,220.7400000000001,2opt,notBad
4060,4,226.65,4,220.7400000000001,move,improve
4061,4,233.8699999999999,4,220.7400000000001,swap,acceptBad
4062,4,233.8699999999999,4,220.7400000000001,2opt,notBad
4063,4,233.8699999999999,4,220.7400000000001,swap,notBad
4064,4,233.8699999999999,4,220.7400000000001,swap,notBad
4065,4,234.34999999999994,4,220.7400000000001,swap,acceptBad
4066,4,234.34999999999994,4,220.7400000000001,2opt,notBad
4067,4,234.34999999999994,4,220.7400000000001,move,improve
4068,4,234.34999999999994,4,220.7400000000001,swap,notBad
4069,4,233.8699999999999,4,220.7400000000001,move,improve
4070,4,233.8699999999999,4,220.7400000000001,2opt,notBad
4071,4,233.8699999999999,4,220.7400000000001,move,improve
4072,4,233.8699999999999,4,220.7400000000001,move,improve
4073,4,233.8699999999999,4,220.7400000000001,swap,notBad
4074,4,233.8699999999999,4,220.7400000000001,swap,notBad
4075,4,233.8699999999999,4,220.7400000000001,2opt,notBad
4076,4,233.20999999999992,4,220.7400000000001,move,improve
4077,4,233.20999999999992,4,220.7400000000001,move,improve
4078,4,233.20999999999992,4,220.7400000000001,2opt,notBad
4079,4,233.20999999999992,4,220.7400000000001,move,improve
4080,4,233.20999999999992,4,220.7400000000001,move,improve
4081,4,233.20999999999992,4,220.7400000000001,move,improve
4082,4,228.07999999999987,4,220.7400000000001,2opt,improve
4083,4,228.07999999999987,4,220.7400000000001,move,improve
4084,4,228.07999999999987,4,220.7400000000001,2opt,notBad
4085,4,228.07999999999987,4,220.7400000000001,2opt,notBad
4086,4,228.07999999999987,4,220.7400000000001,2opt,notBad
4087,4,228.07999999999987,4,220.7400000000001,swap,notBad
4088,4,228.07999999999987,4,220.7400000000001,swap,notBad
4089,4,228.07999999999987,4,220.7400000000001,move,improve
4090,4,228.07999999999987,4,220.7400000000001,move,improve
4091,4,228.07999999999987,4,220.7400000000001,move,improve
4092,4,228.0499999999999,4,220.7400000000001,swap,improve
4093,4,228.0499999999999,4,220.7400000000001,swap,notBad
4094,4,228.0499999999999,4,220.7400000000001,swap,notBad
4095,4,228.0499999999999,4,220.7400000000001,move,improve
4096,4,228.0499999999999,4,220.7400000000001,move,improve
4097,4,228.0499999999999,4,220.7400000000001,2opt,notBad
4098,4,228.0499999999999,4,220.7400000000001,swap,notBad
4099,4,228.0499999999999,4,220.7400000000001,move,improve
4100,4,228.0499999999999,4,220.7400000000001,2opt,notBad
4101,4,228.0499999999999,4,220.7400000000001,swap,notBad
4102,4,228.0499999999999,4,220.7400000000001,move,improve
4103,4,228.0499999999999,4,220.7400000000001,2opt,notBad
4104,4,228.0499999999999,4,220.7400000000001,2opt,notBad
4105,4,228.0499999999999,4,220.7400000000001,2opt,notBad
4106,4,228.0499999999999,4,220.7400000000001,swap,notBad
4107,4,228.0499999999999,4,220.7400000000001,2opt,notBad
4108,4,228.0499999999999,4,220.7400000000001,swap,notBad
4109,4,228.0499999999999,4,220.7400000000001,2opt,notBad
4110,4,228.0499999999999,4,220.7400000000001,swap,notBad
4111,4,228.0499999999999,4,220.7400000000001,2opt,notBad
4112,4,228.0499999999999,4,220.7400000000001,move,improve
4113,4,228.0499999999999,4,220.7400000000001,2opt,notBad
4114,4,226.4899999999999,4,220.7400000000001,move,improve
4115,4,226.4899999999999,4,220.7400000000001,move,improve
4116,4,226.4899999999999,4,220.7400000000001,swap,notBad
4117,4,231.1399999999999,4,220.7400000000001,swap,acceptBad
4118,4,231.1399999999999,4,220.7400000000001,2opt,notBad
4119,4,231.1399999999999,4,220.7400000000001,2opt,notBad
4120,4,231.1399999999999,4,220.7400000000001,swap,notBad
4121,4,231.1399999999999,4,220.7400000000001,2opt,notBad
4122,4,231.1399999999999,4,220.7400000000001,swap,notBad
4123,4,231.1399999999999,4,220.7400000000001,move,improve
4124,4,231.1399999999999,4,220.7400000000001,2opt,notBad
4125,4,226.4899999999999,4,220.7400000000001,swap,improve
4126,4,226.4899999999999,4,220.7400000000001,swap,notBad
4127,4,226.4899999999999,4,220.7400000000001,move,improve
4128,4,226.4899999999999,4,220.7400000000001,move,improve
4129,4,227.65999999999988,4,220.7400000000001,move,acceptBad
4130,4,227.65999999999988,4,220.7400000000001,2opt,notBad
4131,4,227.65999999999988,4,220.7400000000001,move,improve
4132,4,227.65999999999988,4,220.7400000000001,2opt,notBad
4133,4,227.65999999999988,4,220.7400000000001,2opt,notBad
4134,4,227.65999999999988,4,220.7400000000001,swap,notBad
4135,4,227.65999999999988,4,220.7400000000001,2opt,notBad
4136,4,227.65999999999988,4,220.7400000000001,swap,notBad
4137,4,227.65999999999988,4,220.7400000000001,2opt,notBad
4138,4,227.17999999999986,4,220.7400000000001,move,improve
4139,4,227.17999999999986,4,220.7400000000001,move,improve
4140,4,227.17999999999986,4,220.7400000000001,swap,notBad
4141,4,227.65999999999988,4,220.7400000000001,swap,acceptBad
4142,4,227.65999999999988,4,220.7400000000001,2opt,notBad
4143,4,227.65999999999988,4,220.7400000000001,2opt,improve
4144,4,227.65999999999988,4,220.7400000000001,2opt,notBad
4145,4,227.65999999999988,4,220.7400000000001,2opt,improve
4146,4,227.65999999999988,4,220.7400000000001,2opt,notBad
4147,4,223.89000000000019,4,220.7400000000001,swap,improve
4148,4,223.89000000000019,4,220.7400000000001,move,improve
4149,4,223.89000000000019,4,220.7400000000001,swap,notBad
4150,4,223.89000000000019,4,220.7400000000001,swap,notBad
4151,4,223.89000000000019,4,220.7400000000001,2opt,notBad
4152,4,223.89000000000019,4,220.7400000000001,swap,notBad
4153,4,223.89000000000019,4,220.7400000000001,move,improve
4154,4,223.89000000000019,4,220.7400000000001,move,improve
4155,4,223.89000000000019,4,220.7400000000001,swap,notBad
4156,4,225.96000000000018,4,220.7400000000001,swap,acceptBad
4157,4,225.96000000000018,4,220.7400000000001,2opt,notBad
4158,4,225.96000000000018,4,220.7400000000001,2opt,notBad
4159,4,225.96000000000018,4,220.7400000000001,swap,notBad
4160,4,225.96000000000018,4,220.7400000000001,2opt,notBad
4161,4,225.96000000000018,4,220.7400000000001,2opt,notBad
4162,4,225.96000000000018,4,220.7400000000001,2opt,notBad
4163,4,225.96000000000018,4,220.7400000000001,2opt,notBad
4164,4,225.96000000000018,4,220.7400000000001,swap,notBad
4165,4,225.96000000000018,4,220.7400000000001,swap,notBad
4166,4,225.96000000000018,4,220.7400000000001,move,improve
4167,4,225.96000000000018,4,220.7400000000001,2opt,notBad
4168,4,225.96000000000018,4,220.7400000000001,swap,notBad
4169,4,225.96000000000018,4,220.7400000000001,2opt,notBad
4170,4,225.96000000000018,4,220.7400000000001,2opt,notBad
4171,4,225.96000000000018,4,220.7400000000001,swap,notBad
4172,4,225.96000000000018,4,220.7400000000001,swap,notBad
4173,4,225.96000000000018,4,220.7400000000001,2opt,notBad
4174,4,225.96000000000018,4,220.7400000000001,move,improve
4175,4,225.96000000000018,4,220.7400000000001,swap,notBad
4176,4,225.96000000000018,4,220.7400000000001,swap,notBad
4177,4,225.96000000000018,4,220.7400000000001,swap,notBad
4178,4,225.96000000000018,4,220.7400000000001,move,improve
4179,4,225.96000000000018,4,220.7400000000001,swap,notBad
4180,4,230.61000000000018,4,220.7400000000001,swap,acceptBad
4181,4,230.61000000000018,4,220.7400000000001,swap,notBad
4182,4,230.61000000000018,4,220.7400000000001,2opt,notBad
4183,4,230.61000000000018,4,220.7400000000001,2opt,notBad
4184,4,232.4700000000002,4,220.7400000000001,swap,acceptBad
4185,4,232.4700000000002,4,220.7400000000001,2opt,notBad
4186,4,232.4700000000002,4,220.7400000000001,move,improve
4187,4,232.4700000000002,4,220.7400000000001,swap,notBad
4188,4,232.4700000000002,4,220.7400000000001,swap,notBad
4189,4,232.4700000000002,4,220.7400000000001,swap,notBad
4190,4,232.4700000000002,4,220.7400000000001,move,improve
4191,4,232.4700000000002,4,220.7400000000001,move,improve
4192,4,232.4700000000002,4,220.7400000000001,2opt,notBad
4193,4,232.4700000000002,4,220.7400000000001,swap,notBad
4194,4,232.4700000000002,4,220.7400000000001,2opt,notBad
4195,4,232.4700000000002,4,220.7400000000001,move,improve
4196,4,232.4700000000002,4,220.7400000000001,2opt,notBad
4197,4,232.98000000000022,4,220.7400000000001,swap,acceptBad
4198,4,232.98000000000022,4,220.7400000000001,swap,notBad
4199,4,232.98000000000022,4,220.7400000000001,2opt,notBad
4200,4,232.98000000000022,4,220.7400000000001,move,improve
4201,4,232.98000000000022,4,220.7400000000001,move,improve
4202,4,232.4700000000002,4,220.7400000000001,swap,improve
4203,4,230.61000000000018,4,220.7400000000001,swap,improve
4204,4,230.61000000000018,4,220.7400000000001,2opt,notBad
4205,4,230.61000000000018,4,220.7400000000001,2opt,notBad
4206,4,231.44999999999987,4,220.7400000000001,move,acceptBad
4207,4,231.44999999999987,4,220.7400000000001,move,improve
4208,4,229.37999999999988,4,220.7400000000001,move,improve
4209,4,229.37999999999988,4,220.7400000000001,swap,notBad
4210,4,229.37999999999988,4,220.7400000000001,2opt,notBad
4211,4,229.37999999999988,4,220.7400000000001,move,improve
4212,4,224.7299999999999,4,220.7400000000001,move,improve
4213,4,224.7299999999999,4,220.7400000000001,swap,notBad
4214,4,224.7299999999999,4,220.7400000000001,swap,notBad
4215,4,224.7299999999999,4,220.7400000000001,move,improve
4216,4,224.7299999999999,4,220.7400000000001,swap,notBad
4217,4,224.7299999999999,4,220.7400000000001,swap,notBad
4218,4,224.7299999999999,4,220.7400000000001,move,improve
4219,4,224.7299999999999,4,220.7400000000001,move,improve
4220,4,224.7299999999999,4,220.7400000000001,move,improve
4221,4,224.7299999999999,4,220.7400000000001,move,improve
4222,4,224.7299999999999,4,220.7400000000001,move,improve
4223,4,224.7299999999999,4,220.7400000000001,move,improve
4224,4,224.7299999999999,4,220.7400000000001,move,improve
4225,4,224.7299999999999,4,220.7400000000001,swap,notBad
4226,4,224.7299999999999,4,220.7400000000001,swap,notBad
4227,4,224.7299999999999,4,220.7400000000001,2opt,improve
4228,4,224.7299999999999,4,220.7400000000001,swap,notBad
4229,4,224.7299999999999,4,220.7400000000001,2opt,notBad
4230,4,224.7299999999999,4,220.7400000000001,2opt,notBad
4231,4,224.7299999999999,4,220.7400000000001,move,improve
4232,4,226.52999999999983,4,220.7400000000001,swap,acceptBad
4233,4,226.52999999999983,4,220.7400000000001,swap,notBad
4234,4,226.52999999999983,4,220.7400000000001,move,improve
4235,4,226.52999999999983,4,220.7400000000001,swap,notBad
4236,4,226.52999999999983,4,220.7400000000001,move,improve
4237,4,226.52999999999983,4,220.7400000000001,2opt,notBad
4238,4,226.52999999999983,4,220.7400000000001,2opt,notBad
4239,4,226.52999999999983,4,220.7400000000001,move,improve
4240,4,226.52999999999983,4,220.7400000000001,move,improve
4241,4,228.35999999999996,4,220.7400000000001,2opt,acceptBad
4242,4,228.35999999999996,4,220.7400000000001,2opt,notBad
4243,4,228.35999999999996,4,220.7400000000001,move,improve
4244,4,228.35999999999996,4,220.7400000000001,move,improve
4245,4,228.35999999999996,4,220.7400000000001,2opt,notBad
4246,4,228.35999999999996,4,220.7400000000001,move,improve
4247,4,228.35999999999996,4,220.7400000000001,swap,notBad
4248,4,228.35999999999996,4,220.7400000000001,2opt,improve
4249,4,228.35999999999996,4,220.7400000000001,move,notBad
4250,4,228.35999999999996,4,220.7400000000001,swap,notBad
4251,4,228.35999999999996,4,220.7400000000001,2opt,notBad
4252,4,228.35999999999996,4,220.7400000000001,move,improve
4253,4,228.35999999999996,4,220.7400000000001,move,improve
4254,4,228.35999999999996,4,220.7400000000001,swap,notBad
4255,4,228.35999999999996,4,220.7400000000001,2opt,notBad
4256,4,228.35999999999996,4,220.7400000000001,move,improve
4257,4,228.35999999999996,4,220.7400000000001,move,improve
4258,4,228.35999999999996,4,220.7400000000001,move,improve
4259,4,228.35999999999996,4,220.7400000000001,move,improve
4260,4,234.08999999999992,4,220.7400000000001,swap,acceptBad
4261,4,234.08999999999992,4,220.7400000000001,2opt,notBad
4262,4,234.08999999999992,4,220.7400000000001,swap,notBad
4263,4,234.08999999999992,4,220.7400000000001,swap,notBad
4264,4,234.08999999999992,4,220.7400000000001,move,improve
4265,4,234.08999999999992,4,220.7400000000001,2opt,notBad
4266,4,234.08999999999992,4,220.7400000000001,swap,notBad
4267,4,234.08999999999992,4,220.7400000000001,2opt,notBad
4268,4,234.08999999999992,4,220.7400000000001,move,improve
4269,4,234.08999999999992,4,220.7400000000001,swap,notBad
4270,4,234.08999999999992,4,220.7400000000001,swap,notBad
4271,4,234.08999999999992,4,220.7400000000001,move,improve
4272,4,234.08999999999992,4,220.7400000000001,move,improve
4273,4,234.08999999999992,4,220.7400000000001,move,improve
4274,4,234.08999999999992,4,220.7400000000001,2opt,notBad
4275,4,236.1599999999999,4,220.7400000000001,swap,acceptBad
4276,4,236.1599999999999,4,220.7400000000001,move,improve
4277,4,236.1599999999999,4,220.7400000000001,move,improve
4278,4,236.1599999999999,4,220.7400000000001,move,improve
4279,4,236.1599999999999,4,220.7400000000001,2opt,notBad
4280,4,236.1599999999999,4,220.7400000000001,2opt,notBad
4281,4,236.1599999999999,4,220.7400000000001,swap,notBad
4282,4,233.15999999999994,4,220.7400000000001,move,improve
4283,4,233.15999999999994,4,220.7400000000001,2opt,improve
4284,4,233.15999999999994,4,220.7400000000001,swap,notBad
4285,4,233.15999999999994,4,220.7400000000001,move,improve
4286,4,233.15999999999994,4,220.7400000000001,2opt,notBad
4287,4,233.15999999999994,4,220.7400000000001,move,improve
4288,4,233.15999999999994,4,220.7400000000001,2opt,notBad
4289,4,233.15999999999994,4,220.7400000000001,move,improve
4290,4,233.15999999999994,4,220.7400000000001,swap,notBad
4291,4,233.15999999999994,4,220.7400000000001,swap,notBad
4292,4,233.15999999999994,4,220.7400000000001,2opt,notBad
4293,4,233.15999999999994,4,220.7400000000001,swap,notBad
4294,4,233.15999999999994,4,220.7400000000001,2opt,notBad
4295,4,231.63000000000022,4,220.7400000000001,move,improve
4296,4,231.63000000000022,4,220.7400000000001,2opt,notBad
4297,4,231.63000000000022,4,220.7400000000001,2opt,notBad
4298,4,231.63000000000022,4,220.7400000000001,move,improve
4299,4,236.49000000000032,4,220.7400000000001,swap,acceptBad
4300,4,236.49000000000032,4,220.7400000000001,2opt,notBad
4301,4,236.49000000000032,4,220.7400000000001,move,improve
4302,4,236.49000000000032,4,220.7400000000001,swap,notBad
4303,4,236.49000000000032,4,220.7400000000001,swap,notBad
4304,4,236.49000000000032,4,220.7400000000001,swap,notBad
4305,4,236.49000000000032,4,220.7400000000001,swap,notBad
4306,4,236.49000000000032,4,220.7400000000001,swap,notBad
4307,4,236.49000000000032,4,220.7400000000001,move,improve
4308,4,236.49000000000032,4,220.7400000000001,move,improve
4309,4,236.49000000000032,4,220.7400000000001,move,improve
4310,4,234.0000000000003,4,220.7400000000001,move,improve
4311,4,234.0000000000003,4,220.7400000000001,move,improve
4312,4,234.0000000000003,4,220.7400000000001,swap,notBad
4313,4,234.0000000000003,4,220.7400000000001,2opt,notBad
4314,4,229.14000000000019,4,220.7400000000001,swap,improve
4315,4,229.14000000000019,4,220.7400000000001,2opt,notBad
4316,4,231.0000000000002,4,220.7400000000001,swap,acceptBad
4317,4,231.0000000000002,4,220.7400000000001,2opt,notBad
4318,4,231.0000000000002,4,220.7400000000001,move,improve
4319,4,231.0000000000002,4,220.7400000000001,swap,notBad
4320,4,231.0000000000002,4,220.7400000000001,move,improve
4321,4,231.0000000000002,4,220.7400000000001,swap,notBad
4322,4,231.0000000000002,4,220.7400000000001,move,improve
4323,4,231.0000000000002,4,220.7400000000001,2opt,notBad
4324,4,231.0000000000002,4,220.7400000000001,move,improve
4325,4,231.0000000000002,4,220.7400000000001,move,improve
4326,4,231.0000000000002,4,220.7400000000001,move,improve
4327,4,231.0000000000002,4,220.7400000000001,swap,notBad
4328,4,231.0000000000002,4,220.7400000000001,move,improve
4329,4,235.86000000000033,4,220.7400000000001,swap,acceptBad
4330,4,235.86000000000033,4,220.7400000000001,swap,notBad
4331,4,235.86000000000033,4,220.7400000000001,2opt,notBad
4332,4,235.86000000000033,4,220.7400000000001,swap,notBad
4333,4,235.86000000000033,4,220.7400000000001,swap,notBad
4334,4,235.86000000000033,4,220.7400000000001,2opt,notBad
4335,4,235.86000000000033,4,220.7400000000001,2opt,notBad
4336,4,235.86000000000033,4,220.7400000000001,2opt,notBad
4337,4,235.86000000000033,4,220.7400000000001,swap,notBad
4338,4,235.86000000000033,4,220.7400000000001,2opt,notBad
4339,4,235.86000000000033,4,220.7400000000001,2opt,notBad
4340,4,235.86000000000033,4,220.7400000000001,2opt,notBad
4341,4,235.86000000000033,4,220.7400000000001,move,improve
4342,4,235.86000000000033,4,220.7400000000001,2opt,improve
4343,4,235.86000000000033,4,220.7400000000001,swap,notBad
4344,4,235.86000000000033,4,220.7400000000001,swap,notBad
4345,4,235.86000000000033,4,220.7400000000001,swap,notBad
4346,4,235.86000000000033,4,220.7400000000001,2opt,notBad
4347,4,235.86000000000033,4,220.7400000000001,swap,notBad
4348,4,230.72999999999996,4,220.7400000000001,move,improve
4349,4,230.72999999999996,4,220.7400000000001,move,improve
4350,4,230.72999999999996,4,220.7400000000001,swap,notBad
4351,4,230.72999999999996,4,220.7400000000001,2opt,notBad
4352,4,230.72999999999996,4,220.7400000000001,swap,notBad
4353,4,230.72999999999996,4,220.7400000000001,swap,notBad
4354,4,230.72999999999996,4,220.7400000000001,move,improve
4355,4,230.72999999999996,4,220.7400000000001,2opt,notBad
4356,4,230.72999999999996,4,220.7400000000001,2opt,notBad
4357,4,230.72999999999996,4,220.7400000000001,2opt,improve
4358,4,230.72999999999996,4,220.7400000000001,swap,notBad
4359,4,230.72999999999996,4,220.7400000000001,2opt,notBad
4360,4,230.72999999999996,4,220.7400000000001,move,improve
4361,4,230.72999999999996,4,220.7400000000001,2opt,notBad
4362,4,230.72999999999996,4,220.7400000000001,2opt,notBad
4363,4,230.72999999999996,4,220.7400000000001,swap,notBad
4364,4,230.72999999999996,4,220.7400000000001,2opt,notBad
4365,4,230.72999999999996,4,220.7400000000001,move,notBad
4366,4,230.72999999999996,4,220.7400000000001,swap,notBad
4367,4,230.72999999999996,4,220.7400000000001,2opt,notBad
4368,4,230.72999999999996,4,220.7400000000001,move,improve
4369,4,230.72999999999996,4,220.7400000000001,2opt,notBad
4370,4,230.72999999999996,4,220.7400000000001,swap,notBad
4371,4,230.72999999999996,4,220.7400000000001,move,improve
4372,4,236.43,4,220.7400000000001,swap,acceptBad
4373,4,236.43,4,220.7400000000001,2opt,notBad
4374,4,230.72999999999996,4,220.7400000000001,move,improve
4375,4,230.72999999999996,4,220.7400000000001,swap,notBad
4376,4,230.72999999999996,4,220.7400000000001,move,improve
4377,4,230.72999999999996,4,220.7400000000001,swap,notBad
4378,4,230.72999999999996,4,220.7400000000001,swap,notBad
4379,4,230.72999999999996,4,220.7400000000001,swap,notBad
4380,4,230.72999999999996,4,220.7400000000001,move,improve
4381,4,230.72999999999996,4,220.7400000000001,2opt,notBad
4382,4,230.72999999999996,4,220.7400000000001,move,improve
4383,4,230.72999999999996,4,220.7400000000001,swap,notBad
4384,4,230.72999999999996,4,220.7400000000001,2opt,improve
4385,4,230.72999999999996,4,220.7400000000001,swap,notBad
4386,4,230.72999999999996,4,220.7400000000001,swap,notBad
4387,4,230.72999999999996,4,220.7400000000001,swap,notBad
4388,4,230.72999999999996,4,220.7400000000001,2opt,notBad
4389,4,230.72999999999996,4,220.7400000000001,move,improve
4390,4,230.72999999999996,4,220.7400000000001,move,improve
4391,4,230.72999999999996,4,220.7400000000001,move,improve
4392,4,230.72999999999996,4,220.7400000000001,swap,notBad
4393,4,230.72999999999996,4,220.7400000000001,2opt,notBad
4394,4,232.48999999999995,4,220.7400000000001,swap,acceptBad
4395,4,232.48999999999995,4,220.7400000000001,move,improve
4396,4,232.48999999999995,4,220.7400000000001,2opt,notBad
4397,4,232.48999999999995,4,220.7400000000001,move,notBad
4398,4,232.48999999999995,4,220.7400000000001,swap,notBad
4399,4,232.48999999999995,4,220.7400000000001,2opt,notBad
4400,4,232.48999999999995,4,220.7400000000001,2opt,notBad
4401,4,232.48999999999995,4,220.7400000000001,2opt,notBad
4402,4,232.48999999999995,4,220.7400000000001,2opt,notBad
4403,4,232.48999999999995,4,220.7400000000001,move,improve
4404,4,232.48999999999995,4,220.7400000000001,2opt,notBad
4405,4,232.48999999999995,4,220.7400000000001,2opt,notBad
4406,4,232.48999999999995,4,220.7400000000001,2opt,improve
4407,4,232.48999999999995,4,220.7400000000001,2opt,notBad
4408,4,232.48999999999995,4,220.7400000000001,2opt,notBad
4409,4,230.62999999999994,4,220.7400000000001,move,improve
4410,4,230.62999999999994,4,220.7400000000001,2opt,notBad
4411,4,230.62999999999994,4,220.7400000000001,swap,notBad
4412,4,230.62999999999994,4,220.7400000000001,swap,notBad
4413,4,230.62999999999994,4,220.7400000000001,swap,notBad
4414,4,235.27999999999994,4,220.7400000000001,swap,acceptBad
4415,4,235.27999999999994,4,220.7400000000001,move,improve
4416,4,235.27999999999994,4,220.7400000000001,move,improve
4417,4,235.27999999999994,4,220.7400000000001,2opt,notBad
4418,4,235.27999999999994,4,220.7400000000001,swap,notBad
4419,4,235.27999999999994,4,220.7400000000001,swap,notBad
4420,4,235.27999999999994,4,220.7400000000001,2opt,notBad
4421,4,235.27999999999994,4,220.7400000000001,swap,notBad
4422,4,235.27999999999994,4,220.7400000000001,2opt,notBad
4423,4,235.27999999999994,4,220.7400000000001,swap,notBad
4424,4,235.27999999999994,4,220.7400000000001,swap,notBad
4425,4,235.27999999999994,4,220.7400000000001,swap,notBad
4426,4,235.27999999999994,4,220.7400000000001,move,improve
4427,4,235.27999999999994,4,220.7400000000001,swap,notBad
4428,4,235.27999999999994,4,220.7400000000001,move,improve
4429,4,235.27999999999994,4,220.7400000000001,swap,notBad
4430,4,235.27999999999994,4,220.7400000000001,move,improve
4431,4,235.27999999999994,4,220.7400000000001,move,improve
4432,4,235.27999999999994,4,220.7400000000001,2opt,notBad
4433,4,235.27999999999994,4,220.7400000000001,move,improve
4434,4,235.27999999999994,4,220.7400000000001,2opt,notBad
4435,4,223.8099999999998,4,220.7400000000001,swap,improve
4436,4,223.8099999999998,4,220.7400000000001,move,improve
4437,4,223.8099999999998,4,220.7400000000001,move,improve
4438,4,223.8099999999998,4,220.7400000000001,move,improve
4439,4,223.8099999999998,4,220.7400000000001,swap,notBad
4440,4,223.8099999999998,4,220.7400000000001,move,improve
4441,4,223.8099999999998,4,220.7400000000001,move,notBad
4442,4,223.8099999999998,4,220.7400000000001,2opt,notBad
4443,4,223.8099999999998,4,220.7400000000001,2opt,notBad
4444,4,223.8099999999998,4,220.7400000000001,2opt,notBad
4445,4,223.8099999999998,4,220.7400000000001,2opt,notBad
4446,4,223.8099999999998,4,220.7400000000001,2opt,notBad
4447,4,223.8099999999998,4,220.7400000000001,swap,notBad
4448,4,223.8099999999998,4,220.7400000000001,2opt,improve
4449,4,223.8099999999998,4,220.7400000000001,swap,notBad
4450,4,219.1599999999998,4,219.1599999999998,move,newBest
4451,4,221.0199999999998,4,219.1599999999998,swap,acceptBad
4452,4,221.0199999999998,4,219.1599999999998,swap,notBad
4453,4,221.0199999999998,4,219.1599999999998,2opt,improve
4454,4,222.18999999999986,4,219.1599999999998,swap,acceptBad
4455,4,222.18999999999986,4,219.1599999999998,2opt,notBad
4456,4,222.18999999999986,4,219.1599999999998,swap,notBad
4457,4,221.0199999999998,4,219.1599999999998,move,improve
4458,4,221.0199999999998,4,219.1599999999998,2opt,notBad
4459,4,221.0199999999998,4,219.1599999999998,move,improve
4460,4,221.0199999999998,4,219.1599999999998,move,improve
4461,4,221.0199999999998,4,219.1599999999998,move,improve
4462,4,221.0199999999998,4,219.1599999999998,swap,notBad
4463,4,221.0199999999998,4,219.1599999999998,2opt,notBad
4464,4,221.0199999999998,4,219.1599999999998,swap,notBad
4465,4,221.0199999999998,4,219.1599999999998,move,improve
4466,4,221.0199999999998,4,219.1599999999998,2opt,notBad
4467,4,221.0199999999998,4,219.1599999999998,2opt,notBad
4468,4,221.0199999999998,4,219.1599999999998,2opt,notBad
4469,4,221.0199999999998,4,219.1599999999998,2opt,notBad
4470,4,221.0199999999998,4,219.1599999999998,swap,notBad
4471,4,221.0199999999998,4,219.1599999999998,move,improve
4472,4,221.0199999999998,4,219.1599999999998,2opt,improve
4473,4,221.0199999999998,4,219.1599999999998,2opt,notBad
4474,4,219.1599999999998,4,219.1599999999998,move,improve
4475,4,219.1599999999998,4,219.1599999999998,move,improve
4476,4,219.1599999999998,4,219.1599999999998,2opt,notBad
4477,4,219.1599999999998,4,219.1599999999998,2opt,notBad
4478,4,219.1599999999998,4,219.1599999999998,2opt,notBad
4479,4,219.1599999999998,4,219.1599999999998,move,improve
4480,4,219.1599999999998,4,219.1599999999998,move,improve
4481,4,219.1599999999998,4,219.1599999999998,swap,notBad
4482,4,219.1599999999998,4,219.1599999999998,swap,notBad
4483,4,219.1599999999998,4,219.1599999999998,move,improve
4484,4,219.1599999999998,4,219.1599999999998,2opt,notBad
4485,4,219.1599999999998,4,219.1599999999998,2opt,notBad
4486,4,223.8099999999998,4,219.1599999999998,swap,acceptBad
4487,4,223.8099999999998,4,219.1599999999998,swap,notBad
4488,4,223.8099999999998,4,219.1599999999998,2opt,notBad
4489,4,223.8099999999998,4,219.1599999999998,move,improve
4490,4,223.8099999999998,4,219.1599999999998,move,improve
4491,4,219.1599999999998,4,219.1599999999998,move,improve
4492,4,219.1599999999998,4,219.1599999999998,2opt,notBad
4493,4,219.1599999999998,4,219.1599999999998,2opt,notBad
4494,4,219.1599999999998,4,219.1599999999998,move,improve
4495,4,219.1599999999998,4,219.1599999999998,move,improve
4496,4,219.1599999999998,4,219.1599999999998,swap,notBad
4497,4,219.1599999999998,4,219.1599999999998,move,improve
4498,4,219.1599999999998,4,219.1599999999998,swap,notBad
4499,4,219.1599999999998,4,219.1599999999998,move,improve
4500,4,219.1599999999998,4,219.1599999999998,2opt,notBad
4501,4,219.1599999999998,4,219.1599999999998,move,improve
4502,4,219.1599999999998,4,219.1599999999998,2opt,notBad
4503,4,219.1599999999998,4,219.1599999999998,2opt,notBad
4504,4,219.1599999999998,4,219.1599999999998,move,notBad
4505,4,219.1599999999998,4,219.1599999999998,swap,notBad
4506,4,219.1599999999998,4,219.1599999999998,move,improve
4507,4,219.1599999999998,4,219.1599999999998,move,improve
4508,4,219.1599999999998,4,219.1599999999998,2opt,improve
4509,4,219.1599999999998,4,219.1599999999998,swap,notBad
4510,4,219.1599999999998,4,219.1599999999998,2opt,notBad
4511,4,219.1599999999998,4,219.1599999999998,swap,notBad
4512,4,219.1599999999998,4,219.1599999999998,swap,notBad
4513,4,219.1599999999998,4,219.1599999999998,swap,notBad
4514,4,219.1599999999998,4,219.1599999999998,swap,notBad
4515,4,219.1599999999998,4,219.1599999999998,swap,notBad
4516,4,219.1599999999998,4,219.1599999999998,swap,notBad
4517,4,219.1599999999998,4,219.1599999999998,move,improve
4518,4,219.1599999999998,4,219.1599999999998,move,improve
4519,4,219.1599999999998,4,219.1599999999998,move,improve
4520,4,219.1599999999998,4,219.1599999999998,move,improve
4521,4,219.1599999999998,4,219.1599999999998,2opt,notBad
4522,4,219.1599999999998,4,219.1599999999998,2opt,notBad
4523,4,219.1599999999998,4,219.1599999999998,move,improve
4524,4,219.1599999999998,4,219.1599999999998,move,improve
4525,4,224.85999999999984,4,219.1599999999998,swap,acceptBad
4526,4,224.85999999999984,4,219.1599999999998,swap,notBad
4527,4,224.85999999999984,4,219.1599999999998,2opt,improve
4528,4,224.85999999999984,4,219.1599999999998,swap,notBad
4529,4,224.85999999999984,4,219.1599999999998,2opt,notBad
4530,4,224.85999999999984,4,219.1599999999998,2opt,notBad
4531,4,226.51000000000002,4,219.1599999999998,swap,acceptBad
4532,4,226.51000000000002,4,219.1599999999998,2opt,notBad
4533,4,226.51000000000002,4,219.1599999999998,swap,notBad
4534,4,226.51000000000002,4,219.1599999999998,move,improve
4535,4,226.51000000000002,4,219.1599999999998,swap,notBad
4536,4,226.51000000000002,4,219.1599999999998,move,improve
4537,4,226.51000000000002,4,219.1599999999998,swap,notBad
4538,4,226.51000000000002,4,219.1599999999998,move,improve
4539,4,226.51000000000002,4,219.1599999999998,move,improve
4540,4,226.51000000000002,4,219.1599999999998,move,improve
4541,4,226.51000000000002,4,219.1599999999998,move,improve
4542,4,226.51000000000002,4,219.1599999999998,move,improve
4543,4,226.51000000000002,4,219.1599999999998,move,improve
4544,4,226.00000000000003,4,219.1599999999998,move,improve
4545,4,225.51999999999984,4,219.1599999999998,move,improve
4546,4,225.51999999999984,4,219.1599999999998,move,improve
4547,4,225.51999999999984,4,219.1599999999998,move,improve
4548,4,224.34999999999985,4,219.1599999999998,move,improve
4549,4,224.34999999999985,4,219.1599999999998,2opt,notBad
4550,4,224.34999999999985,4,219.1599999999998,move,improve
4551,4,224.34999999999985,4,219.1599999999998,2opt,notBad
4552,4,224.34999999999985,4,219.1599999999998,move,improve
4553,4,224.34999999999985,4,219.1599999999998,move,improve
4554,4,224.34999999999985,4,219.1599999999998,swap,notBad
4555,4,224.34999999999985,4,219.1599999999998,swap,notBad
4556,4,224.34999999999985,4,219.1599999999998,2opt,notBad
4557,4,224.34999999999985,4,219.1599999999998,2opt,notBad
4558,4,224.34999999999985,4,219.1599999999998,2opt,notBad
4559,4,224.34999999999985,4,219.1599999999998,move,improve
4560,4,224.34999999999985,4,219.1599999999998,2opt,improve
4561,4,224.34999999999985,4,219.1599999999998,swap,notBad
4562,4,224.34999999999985,4,219.1599999999998,2opt,notBad
4563,4,224.34999999999985,4,219.1599999999998,2opt,notBad
4564,4,224.34999999999985,4,219.1599999999998,2opt,notBad
4565,4,224.34999999999985,4,219.1599999999998,move,improve
4566,4,224.34999999999985,4,219.1599999999998,2opt,notBad
4567,4,224.34999999999985,4,219.1599999999998,swap,notBad
4568,4,224.34999999999985,4,219.1599999999998,move,improve
4569,4,224.34999999999985,4,219.1599999999998,move,improve
4570,4,224.34999999999985,4,219.1599999999998,swap,notBad
4571,4,224.34999999999985,4,219.1599999999998,move,improve
4572,4,224.34999999999985,4,219.1599999999998,2opt,notBad
4573,4,224.34999999999985,4,219.1599999999998,swap,notBad
4574,4,224.34999999999985,4,219.1599999999998,swap,notBad
4575,4,224.34999999999985,4,219.1599999999998,move,improve
4576,4,224.34999999999985,4,219.1599999999998,move,improve
4577,4,224.34999999999985,4,219.1599999999998,move,improve
4578,4,224.34999999999985,4,219.1599999999998,swap,notBad
4579,4,224.34999999999985,4,219.1599999999998,move,improve
4580,4,224.34999999999985,4,219.1599999999998,2opt,notBad
4581,4,224.34999999999985,4,219.1599999999998,2opt,notBad
4582,4,224.34999999999985,4,219.1599999999998,2opt,notBad
4583,4,224.34999999999985,4,219.1599999999998,swap,notBad
4584,4,224.34999999999985,4,219.1599999999998,swap,notBad
4585,4,224.34999999999985,4,219.1599999999998,2opt,notBad
4586,4,219.60999999999984,4,219.1599999999998,2opt,improve
4587,4,220.77999999999986,4,219.1599999999998,swap,acceptBad
4588,4,220.77999999999986,4,219.1599999999998,2opt,notBad
4589,4,220.77999999999986,4,219.1599999999998,swap,notBad
4590,4,220.77999999999986,4,219.1599999999998,2opt,notBad
4591,4,220.77999999999986,4,219.1599999999998,swap,notBad
4592,4,220.77999999999986,4,219.1599999999998,2opt,notBad
4593,4,220.77999999999986,4,219.1599999999998,2opt,notBad
4594,4,220.77999999999986,4,219.1599999999998,2opt,improve
4595,4,220.77999999999986,4,219.1599999999998,swap,notBad
4596,4,222.63999999999984,4,219.1599999999998,swap,acceptBad
4597,4,222.63999999999984,4,219.1599999999998,swap,notBad
4598,4,222.63999999999984,4,219.1599999999998,move,improve
4599,4,222.63999999999984,4,219.1599999999998,2opt,notBad
4600,4,221.46999999999986,4,219.1599999999998,move,improve
4601,4,221.46999999999986,4,219.1599999999998,2opt,notBad
4602,4,221.46999999999986,4,219.1599999999998,2opt,notBad
4603,4,221.46999999999986,4,219.1599999999998,swap,notBad
4604,4,221.46999999999986,4,219.1599999999998,swap,notBad
4605,4,221.46999999999986,4,219.1599999999998,move,improve
4606,4,221.46999999999986,4,219.1599999999998,swap,notBad
4607,4,221.46999999999986,4,219.1599999999998,2opt,notBad
4608,4,221.46999999999986,4,219.1599999999998,2opt,notBad
4609,4,221.46999999999986,4,219.1599999999998,swap,notBad
4610,4,221.46999999999986,4,219.1599999999998,swap,notBad
4611,4,221.46999999999986,4,219.1599999999998,swap,notBad
4612,4,221.46999999999986,4,219.1599999999998,swap,notBad
4613,4,221.46999999999986,4,219.1599999999998,swap,notBad
4614,4,221.46999999999986,4,219.1599999999998,move,improve
4615,4,221.46999999999986,4,219.1599999999998,move,improve
4616,4,221.46999999999986,4,219.1599999999998,2opt,notBad
4617,4,221.46999999999986,4,219.1599999999998,swap,notBad
4618,4,221.46999999999986,4,219.1599999999998,move,improve
4619,4,219.60999999999984,4,219.1599999999998,move,improve
4620,4,219.60999999999984,4,219.1599999999998,move,improve
4621,4,219.60999999999984,4,219.1599999999998,swap,notBad
4622,4,219.60999999999984,4,219.1599999999998,move,improve
4623,4,219.60999999999984,4,219.1599999999998,2opt,notBad
4624,4,219.60999999999984,4,219.1599999999998,2opt,improve
4625,4,219.60999999999984,4,219.1599999999998,swap,notBad
4626,4,219.60999999999984,4,219.1599999999998,2opt,notBad
4627,4,219.60999999999984,4,219.1599999999998,swap,notBad
4628,4,219.60999999999984,4,219.1599999999998,2opt,notBad
4629,4,219.60999999999984,4,219.1599999999998,swap,notBad
4630,4,219.60999999999984,4,219.1599999999998,swap,notBad
4631,4,219.60999999999984,4,219.1599999999998,move,improve
4632,4,219.60999999999984,4,219.1599999999998,move,improve
4633,4,219.60999999999984,4,219.1599999999998,move,improve
4634,4,219.60999999999984,4,219.1599999999998,2opt,notBad
4635,4,219.60999999999984,4,219.1599999999998,move,improve
4636,4,219.60999999999984,4,219.1599999999998,swap,notBad
4637,4,219.60999999999984,4,219.1599999999998,move,improve
4638,4,226.48999999999998,4,219.1599999999998,move,acceptBad
4639,4,226.48999999999998,4,219.1599999999998,swap,notBad
4640,4,226.48999999999998,4,219.1599999999998,2opt,notBad
4641,4,226.48999999999998,4,219.1599999999998,2opt,notBad
4642,4,226.48999999999998,4,219.1599999999998,move,improve
4643,4,226.48999999999998,4,219.1599999999998,2opt,notBad
4644,4,226.48999999999998,4,219.1599999999998,move,improve
4645,4,226.48999999999998,4,219.1599999999998,swap,notBad
4646,4,226.48999999999998,4,219.1599999999998,swap,notBad
4647,4,226.48999999999998,4,219.1599999999998,2opt,notBad
4648,4,226.48999999999998,4,219.1599999999998,swap,notBad
4649,4,226.48999999999998,4,219.1599999999998,swap,notBad
4650,4,226.48999999999998,4,219.1599999999998,2opt,notBad
4651,4,226.48999999999998,4,219.1599999999998,2opt,notBad
4652,4,226.48999999999998,4,219.1599999999998,2opt,notBad
4653,4,226.48999999999998,4,219.1599999999998,move,improve
4654,4,226.48999999999998,4,219.1599999999998,2opt,notBad
4655,4,226.48999999999998,4,219.1599999999998,move,improve
4656,4,226.48999999999998,4,219.1599999999998,swap,notBad
4657,4,226.48999999999998,4,219.1599999999998,2opt,notBad
4658,4,228.35,4,219.1599999999998,swap,acceptBad
4659,4,228.35,4,219.1599999999998,swap,notBad
4660,4,228.35,4,219.1599999999998,swap,notBad
4661,4,228.35,4,219.1599999999998,2opt,notBad
4662,4,226.48999999999998,4,219.1599999999998,move,improve
4663,4,226.48999999999998,4,219.1599999999998,2opt,improve
4664,4,226.48999999999998,4,219.1599999999998,swap,notBad
4665,4,226.48999999999998,4,219.1599999999998,swap,notBad
4666,4,226.48999999999998,4,219.1599999999998,move,improve
4667,4,226.48999999999998,4,219.1599999999998,move,improve
4668,4,226.48999999999998,4,219.1599999999998,2opt,notBad
4669,4,226.48999999999998,4,219.1599999999998,2opt,notBad
4670,4,226.48999999999998,4,219.1599999999998,move,improve
4671,4,226.48999999999998,4,219.1599999999998,2opt,notBad
4672,4,226.48999999999998,4,219.1599999999998,2opt,improve
4673,4,226.48999999999998,4,219.1599999999998,swap,notBad
4674,4,226.48999999999998,4,219.1599999999998,2opt,notBad
4675,4,226.48999999999998,4,219.1599999999998,move,improve
4676,4,226.48999999999998,4,219.1599999999998,2opt,improve
4677,4,226.48999999999998,4,219.1599999999998,move,improve
4678,4,226.48999999999998,4,219.1599999999998,move,improve
4679,4,226.48999999999998,4,219.1599999999998,swap,notBad
4680,4,227.14999999999992,4,219.1599999999998,2opt,acceptBad
4681,4,227.14999999999992,4,219.1599999999998,2opt,notBad
4682,4,227.14999999999992,4,219.1599999999998,2opt,improve
4683,4,227.14999999999992,4,219.1599999999998,move,improve
4684,4,227.14999999999992,4,219.1599999999998,swap,notBad
4685,4,227.14999999999992,4,219.1599999999998,2opt,notBad
4686,4,227.14999999999992,4,219.1599999999998,move,notBad
4687,4,227.14999999999992,4,219.1599999999998,2opt,improve
4688,4,227.14999999999992,4,219.1599999999998,2opt,improve
4689,4,227.14999999999992,4,219.1599999999998,swap,notBad
4690,4,227.14999999999992,4,219.1599999999998,move,improve
4691,4,227.14999999999992,4,219.1599999999998,2opt,notBad
4692,4,227.14999999999992,4,219.1599999999998,2opt,notBad
4693,4,227.14999999999992,4,219.1599999999998,swap,notBad
4694,4,227.14999999999992,4,219.1599999999998,move,improve
4695,4,227.14999999999992,4,219.1599999999998,move,improve
4696,4,227.14999999999992,4,219.1599999999998,move,improve
4697,4,227.14999999999992,4,219.1599999999998,move,improve
4698,4,227.14999999999992,4,219.1599999999998,swap,notBad
4699,4,220.2699999999998,4,219.1599999999998,move,improve
4700,4,222.1299999999998,4,219.1599999999998,swap,acceptBad
4701,4,222.1299999999998,4,219.1599999999998,move,notBad
4702,4,222.1299999999998,4,219.1599999999998,swap,notBad
4703,4,222.1299999999998,4,219.1599999999998,swap,notBad
4704,4,222.1299999999998,4,219.1599999999998,2opt,notBad
4705,4,222.1299999999998,4,219.1599999999998,swap,notBad
4706,4,222.1299999999998,4,219.1599999999998,swap,notBad
4707,4,222.1299999999998,4,219.1599999999998,2opt,notBad
4708,4,222.1299999999998,4,219.1599999999998,swap,notBad
4709,4,222.1299999999998,4,219.1599999999998,2opt,notBad
4710,4,222.1299999999998,4,219.1599999999998,move,improve
4711,4,222.1299999999998,4,219.1599999999998,move,notBad
4712,4,223.78,4,219.1599999999998,swap,acceptBad
4713,4,228.42999999999998,4,219.1599999999998,swap,acceptBad
4714,4,228.09999999999968,4,219.1599999999998,swap,improve
4715,4,228.09999999999968,4,219.1599999999998,swap,notBad
4716,4,228.09999999999968,4,219.1599999999998,swap,notBad
4717,4,220.42,4,219.1599999999998,move,improve
4718,4,220.42,4,219.1599999999998,move,improve
4719,4,220.42,4,219.1599999999998,swap,notBad
4720,4,220.42,4,219.1599999999998,swap,notBad
4721,4,220.42,4,219.1599999999998,2opt,notBad
4722,4,220.42,4,219.1599999999998,move,improve
4723,4,220.42,4,219.1599999999998,2opt,notBad
4724,4,220.42,4,219.1599999999998,swap,notBad
4725,4,215.76999999999998,4,215.76999999999998,move,newBest
4726,4,215.76999999999998,4,215.76999999999998,move,improve
4727,4,215.76999999999998,4,215.76999999999998,swap,notBad
4728,4,215.76999999999998,4,215.76999999999998,move,improve
4729,4,215.76999999999998,4,215.76999999999998,2opt,notBad
4730,4,215.76999999999998,4,215.76999999999998,2opt,notBad
4731,4,215.76999999999998,4,215.76999999999998,2opt,notBad
4732,4,215.76999999999998,4,215.76999999999998,move,improve
4733,4,215.76999999999998,4,215.76999999999998,swap,notBad
4734,4,215.76999999999998,4,215.76999999999998,move,improve
4735,4,213.91,4,213.91,move,newBest
4736,4,213.91,4,213.91,2opt,notBad
4737,4,218.55999999999997,4,213.91,swap,acceptBad
4738,4,218.55999999999997,4,213.91,2opt,notBad
4739,4,218.55999999999997,4,213.91,swap,notBad
4740,4,210.96999999999994,4,210.96999999999994,2opt,newBest
4741,4,210.96999999999994,4,210.96999999999994,move,improve
4742,4,210.96999999999994,4,210.96999999999994,move,improve
4743,4,210.96999999999994,4,210.96999999999994,2opt,improve
4744,4,210.96999999999994,4,210.96999999999994,2opt,notBad
4745,4,210.96999999999994,4,210.96999999999994,swap,notBad
4746,4,210.96999999999994,4,210.96999999999994,swap,notBad
4747,4,210.96999999999994,4,210.96999999999994,move,improve
4748,4,210.96999999999994,4,210.96999999999994,move,improve
4749,4,210.96999999999994,4,210.96999999999994,2opt,notBad
4750,4,210.96999999999994,4,210.96999999999994,move,improve
4751,4,206.31999999999996,4,206.31999999999996,move,newBest
4752,4,206.31999999999996,4,206.31999999999996,move,improve
4753,4,206.31999999999996,4,206.31999999999996,move,improve
4754,4,206.31999999999996,4,206.31999999999996,2opt,notBad
4755,4,206.31999999999996,4,206.31999999999996,swap,notBad
4756,4,206.31999999999996,4,206.31999999999996,move,improve
4757,4,206.31999999999996,4,206.31999999999996,move,improve
4758,4,206.31999999999996,4,206.31999999999996,swap,notBad
4759,4,206.31999999999996,4,206.31999999999996,swap,notBad
4760,4,206.31999999999996,4,206.31999999999996,swap,notBad
4761,4,206.31999999999996,4,206.31999999999996,swap,notBad
4762,4,206.31999999999996,4,206.31999999999996,swap,notBad
4763,4,206.31999999999996,4,206.31999999999996,2opt,notBad
4764,4,206.31999999999996,4,206.31999999999996,move,improve
4765,4,206.31999999999996,4,206.31999999999996,move,improve
4766,4,206.31999999999996,4,206.31999999999996,swap,notBad
4767,4,206.31999999999996,4,206.31999999999996,swap,notBad
4768,4,206.31999999999996,4,206.31999999999996,2opt,notBad
4769,4,212.87999999999997,4,206.31999999999996,move,acceptBad
4770,4,212.87999999999997,4,206.31999999999996,2opt,notBad
4771,4,214.73999999999995,4,206.31999999999996,swap,acceptBad
4772,4,219.61000000000007,4,206.31999999999996,swap,acceptBad
4773,4,219.61000000000007,4,206.31999999999996,move,improve
4774,4,219.61000000000007,4,206.31999999999996,2opt,notBad
4775,4,219.61000000000007,4,206.31999999999996,move,notBad
4776,4,219.61000000000007,4,206.31999999999996,swap,notBad
4777,4,217.75000000000009,4,206.31999999999996,swap,improve
4778,4,217.75000000000009,4,206.31999999999996,2opt,notBad
4779,4,217.75000000000009,4,206.31999999999996,move,improve
4780,4,217.75000000000009,4,206.31999999999996,swap,notBad
4781,4,217.75000000000009,4,206.31999999999996,swap,notBad
4782,4,217.75000000000009,4,206.31999999999996,2opt,notBad
4783,4,217.75000000000009,4,206.31999999999996,move,improve
4784,4,217.75000000000009,4,206.31999999999996,move,improve
4785,4,217.75000000000009,4,206.31999999999996,swap,notBad
4786,4,217.75000000000009,4,206.31999999999996,swap,notBad
4787,4,217.75000000000009,4,206.31999999999996,move,improve
4788,4,217.75000000000009,4,206.31999999999996,2opt,improve
4789,4,217.75000000000009,4,206.31999999999996,swap,notBad
4790,4,217.75000000000009,4,206.31999999999996,move,improve
4791,4,217.75000000000009,4,206.31999999999996,move,improve
4792,4,217.75000000000009,4,206.31999999999996,2opt,notBad
4793,4,217.75000000000009,4,206.31999999999996,move,improve
4794,4,217.75000000000009,4,206.31999999999996,swap,notBad
4795,4,217.75000000000009,4,206.31999999999996,2opt,improve
4796,4,217.75000000000009,4,206.31999999999996,2opt,notBad
4797,4,217.75000000000009,4,206.31999999999996,swap,notBad
4798,4,217.75000000000009,4,206.31999999999996,move,improve
4799,4,217.75000000000009,4,206.31999999999996,swap,notBad
4800,4,217.75000000000009,4,206.31999999999996,move,improve
4801,4,217.75000000000009,4,206.31999999999996,swap,notBad
4802,4,217.75000000000009,4,206.31999999999996,2opt,notBad
4803,4,217.75000000000009,4,206.31999999999996,swap,notBad
4804,4,217.75000000000009,4,206.31999999999996,2opt,notBad
4805,4,217.75000000000009,4,206.31999999999996,2opt,notBad
4806,4,217.75000000000009,4,206.31999999999996,2opt,notBad
4807,4,217.75000000000009,4,206.31999999999996,swap,notBad
4808,4,217.75000000000009,4,206.31999999999996,swap,notBad
4809,4,217.75000000000009,4,206.31999999999996,move,improve
4810,4,217.75000000000009,4,206.31999999999996,2opt,notBad
4811,4,219.82000000000005,4,206.31999999999996,swap,acceptBad
4812,4,219.82000000000005,4,206.31999999999996,2opt,notBad
4813,4,219.82000000000005,4,206.31999999999996,2opt,notBad
4814,4,214.94999999999993,4,206.31999999999996,swap,improve
4815,4,214.94999999999993,4,206.31999999999996,2opt,notBad
4816,4,214.94999999999993,4,206.31999999999996,swap,notBad
4817,4,216.80999999999995,4,206.31999999999996,swap,acceptBad
4818,4,214.94999999999993,4,206.31999999999996,move,improve
4819,4,214.94999999999993,4,206.31999999999996,2opt,notBad
4820,4,214.94999999999993,4,206.31999999999996,move,improve
4821,4,214.94999999999993,4,206.31999999999996,move,improve
4822,4,214.94999999999993,4,206.31999999999996,swap,notBad
4823,4,214.94999999999993,4,206.31999999999996,move,notBad
4824,4,214.94999999999993,4,206.31999999999996,move,notBad
4825,4,214.94999999999993,4,206.31999999999996,2opt,notBad
4826,4,214.94999999999993,4,206.31999999999996,move,improve
4827,4,217.62999999999982,4,206.31999999999996,swap,acceptBad
4828,4,217.62999999999982,4,206.31999999999996,swap,notBad
4829,4,217.62999999999982,4,206.31999999999996,move,improve
4830,4,217.62999999999982,4,206.31999999999996,2opt,notBad
4831,4,217.62999999999982,4,206.31999999999996,2opt,notBad
4832,4,217.62999999999982,4,206.31999999999996,move,improve
4833,4,217.62999999999982,4,206.31999999999996,swap,notBad
4834,4,217.62999999999982,4,206.31999999999996,move,improve
4835,4,217.62999999999982,4,206.31999999999996,move,improve
4836,4,217.62999999999982,4,206.31999999999996,2opt,notBad
4837,4,217.62999999999982,4,206.31999999999996,2opt,notBad
4838,4,218.13999999999987,4,206.31999999999996,swap,acceptBad
4839,4,218.13999999999987,4,206.31999999999996,2opt,notBad
4840,4,218.13999999999987,4,206.31999999999996,move,improve
4841,4,218.13999999999987,4,206.31999999999996,2opt,notBad
4842,4,218.13999999999987,4,206.31999999999996,2opt,improve
4843,4,218.13999999999987,4,206.31999999999996,move,improve
4844,4,218.13999999999987,4,206.31999999999996,swap,notBad
4845,4,218.13999999999987,4,206.31999999999996,2opt,notBad
4846,4,218.13999999999987,4,206.31999999999996,2opt,notBad
4847,4,218.13999999999987,4,206.31999999999996,swap,notBad
4848,4,218.13999999999987,4,206.31999999999996,swap,notBad
4849,4,218.13999999999987,4,206.31999999999996,2opt,notBad
4850,4,218.13999999999987,4,206.31999999999996,move,improve
4851,4,218.13999999999987,4,206.31999999999996,move,improve
4852,4,218.13999999999987,4,206.31999999999996,swap,notBad
4853,4,218.13999999999987,4,206.31999999999996,swap,notBad
4854,4,218.13999999999987,4,206.31999999999996,swap,notBad
4855,4,218.13999999999987,4,206.31999999999996,2opt,notBad
4856,4,218.13999999999987,4,206.31999999999996,2opt,notBad
4857,4,218.13999999999987,4,206.31999999999996,swap,notBad
4858,4,218.13999999999987,4,206.31999999999996,2opt,notBad
4859,4,218.13999999999987,4,206.31999999999996,swap,notBad
4860,4,218.13999999999987,4,206.31999999999996,move,improve
4861,4,211.59999999999994,4,206.31999999999996,2opt,improve
4862,4,211.59999999999994,4,206.31999999999996,2opt,notBad
4863,4,211.59999999999994,4,206.31999999999996,2opt,notBad
4864,4,211.59999999999994,4,206.31999999999996,2opt,notBad
4865,4,211.59999999999994,4,206.31999999999996,move,improve
4866,4,211.59999999999994,4,206.31999999999996,move,improve
4867,4,211.59999999999994,4,206.31999999999996,swap,notBad
4868,4,211.59999999999994,4,206.31999999999996,swap,notBad
4869,4,211.59999999999994,4,206.31999999999996,move,improve
4870,4,211.59999999999994,4,206.31999999999996,2opt,notBad
4871,4,211.59999999999994,4,206.31999999999996,move,improve
4872,4,211.59999999999994,4,206.31999999999996,move,improve
4873,4,211.59999999999994,4,206.31999999999996,swap,notBad
4874,4,211.59999999999994,4,206.31999999999996,move,notBad
4875,4,211.59999999999994,4,206.31999999999996,2opt,notBad
4876,4,211.59999999999994,4,206.31999999999996,2opt,notBad
4877,4,211.59999999999994,4,206.31999999999996,swap,notBad
4878,4,211.59999999999994,4,206.31999999999996,move,improve
4879,4,211.59999999999994,4,206.31999999999996,swap,notBad
4880,4,211.59999999999994,4,206.31999999999996,2opt,notBad
4881,4,211.59999999999994,4,206.31999999999996,move,improve
4882,4,211.59999999999994,4,206.31999999999996,2opt,notBad
4883,4,211.59999999999994,4,206.31999999999996,swap,notBad
4884,4,211.59999999999994,4,206.31999999999996,move,improve
4885,4,211.59999999999994,4,206.31999999999996,2opt,notBad
4886,4,210.07999999999967,4,206.31999999999996,swap,improve
4887,4,210.07999999999967,4,206.31999999999996,2opt,notBad
4888,4,210.07999999999967,4,206.31999999999996,move,improve
4889,4,210.07999999999967,4,206.31999999999996,2opt,notBad
4890,4,210.07999999999967,4,206.31999999999996,swap,notBad
4891,4,214.91999999999965,4,206.31999999999996,swap,acceptBad
4892,4,214.91999999999965,4,206.31999999999996,swap,notBad
4893,4,214.91999999999965,4,206.31999999999996,swap,notBad
4894,4,214.91999999999965,4,206.31999999999996,swap,notBad
4895,4,214.91999999999965,4,206.31999999999996,move,improve
4896,4,214.91999999999965,4,206.31999999999996,swap,notBad
4897,4,214.91999999999965,4,206.31999999999996,move,improve
4898,4,214.91999999999965,4,206.31999999999996,2opt,notBad
4899,4,214.91999999999965,4,206.31999999999996,swap,notBad
4900,4,214.40999999999963,4,206.31999999999996,move,improve
4901,4,214.40999999999963,4,206.31999999999996,swap,notBad
4902,4,214.40999999999963,4,206.31999999999996,2opt,improve
4903,4,214.40999999999963,4,206.31999999999996,move,improve
4904,4,214.40999999999963,4,206.31999999999996,move,improve
4905,4,214.40999999999963,4,206.31999999999996,swap,notBad
4906,4,214.40999999999963,4,206.31999999999996,2opt,notBad
4907,4,214.40999999999963,4,206.31999999999996,swap,notBad
4908,4,214.40999999999963,4,206.31999999999996,2opt,notBad
4909,4,209.56999999999965,4,206.31999999999996,move,improve
4910,4,209.56999999999965,4,206.31999999999996,move,improve
4911,4,209.56999999999965,4,206.31999999999996,swap,notBad
4912,4,209.56999999999965,4,206.31999999999996,2opt,notBad
4913,4,207.49999999999966,4,206.31999999999996,move,improve
4914,4,207.49999999999966,4,206.31999999999996,move,improve
4915,4,207.49999999999966,4,206.31999999999996,swap,notBad
4916,4,207.49999999999966,4,206.31999999999996,2opt,notBad
4917,4,207.49999999999966,4,206.31999999999996,swap,notBad
4918,4,207.49999999999966,4,206.31999999999996,move,improve
4919,4,207.49999999999966,4,206.31999999999996,2opt,notBad
4920,4,207.49999999999966,4,206.31999999999996,2opt,notBad
4921,4,207.49999999999966,4,206.31999999999996,swap,notBad
4922,4,207.49999999999966,4,206.31999999999996,2opt,improve
4923,4,207.49999999999966,4,206.31999999999996,2opt,improve
4924,4,207.49999999999966,4,206.31999999999996,swap,notBad
4925,4,207.49999999999966,4,206.31999999999996,swap,notBad
4926,4,207.49999999999966,4,206.31999999999996,2opt,notBad
4927,4,207.49999999999966,4,206.31999999999996,swap,notBad
4928,4,207.49999999999966,4,206.31999999999996,swap,notBad
4929,4,207.49999999999966,4,206.31999999999996,move,improve
4930,4,207.49999999999966,4,206.31999999999996,2opt,notBad
4931,4,207.49999999999966,4,206.31999999999996,swap,notBad
4932,4,207.49999999999966,4,206.31999999999996,move,improve
4933,4,207.49999999999966,4,206.31999999999996,move,improve
4934,4,207.49999999999966,4,206.31999999999996,move,improve
4935,4,207.49999999999966,4,206.31999999999996,swap,notBad
4936,4,207.49999999999966,4,206.31999999999996,move,improve
4937,4,207.49999999999966,4,206.31999999999996,swap,notBad
4938,4,207.49999999999966,4,206.31999999999996,move,improve
4939,4,207.49999999999966,4,206.31999999999996,2opt,notBad
4940,4,207.49999999999966,4,206.31999999999996,swap,notBad
4941,4,207.49999999999966,4,206.31999999999996,move,improve
4942,4,207.49999999999966,4,206.31999999999996,2opt,notBad
4943,4,207.49999999999966,4,206.31999999999996,move,improve
4944,4,207.49999999999966,4,206.31999999999996,2opt,improve
4945,4,207.49999999999966,4,206.31999999999996,move,improve
4946,4,207.49999999999966,4,206.31999999999996,move,improve
4947,4,207.49999999999966,4,206.31999999999996,swap,notBad
4948,4,207.49999999999966,4,206.31999999999996,2opt,notBad
4949,4,207.49999999999966,4,206.31999999999996,move,improve
4950,4,207.49999999999966,4,206.31999999999996,move,improve
4951,4,207.49999999999966,4,206.31999999999996,move,improve
4952,4,207.49999999999966,4,206.31999999999996,2opt,notBad
4953,4,207.49999999999966,4,206.31999999999996,2opt,improve
4954,4,207.49999999999966,4,206.31999999999996,swap,notBad
4955,4,207.49999999999966,4,206.31999999999996,move,notBad
4956,4,207.49999999999966,4,206.31999999999996,move,improve
4957,4,207.49999999999966,4,206.31999999999996,move,improve
4958,4,207.49999999999966,4,206.31999999999996,2opt,notBad
4959,4,207.49999999999966,4,206.31999999999996,move,improve
4960,4,207.49999999999966,4,206.31999999999996,swap,notBad
4961,4,207.49999999999966,4,206.31999999999996,swap,notBad
4962,4,207.49999999999966,4,206.31999999999996,move,improve
4963,4,207.49999999999966,4,206.31999999999996,2opt,notBad
4964,4,207.49999999999966,4,206.31999999999996,2opt,notBad
4965,4,207.49999999999966,4,206.31999999999996,move,improve
4966,4,207.49999999999966,4,206.31999999999996,swap,notBad
4967,4,207.49999999999966,4,206.31999999999996,2opt,notBad
4968,4,207.49999999999966,4,206.31999999999996,2opt,notBad
4969,4,207.49999999999966,4,206.31999999999996,move,notBad
4970,4,207.49999999999966,4,206.31999999999996,2opt,notBad
4971,4,207.49999999999966,4,206.31999999999996,swap,notBad
4972,4,207.49999999999966,4,206.31999999999996,move,improve
4973,4,207.49999999999966,4,206.31999999999996,move,improve
4974,4,207.49999999999966,4,206.31999999999996,2opt,notBad
4975,4,207.49999999999966,4,206.31999999999996,2opt,notBad
4976,4,207.49999999999966,4,206.31999999999996,swap,notBad
4977,4,207.49999999999966,4,206.31999999999996,2opt,notBad
4978,4,207.49999999999966,4,206.31999999999996,swap,notBad
4979,4,207.49999999999966,4,206.31999999999996,move,improve
4980,4,207.49999999999966,4,206.31999999999996,swap,notBad
4981,4,207.49999999999966,4,206.31999999999996,2opt,notBad
4982,4,207.49999999999966,4,206.31999999999996,2opt,notBad
4983,4,207.49999999999966,4,206.31999999999996,2opt,notBad
4984,4,207.49999999999966,4,206.31999999999996,2opt,notBad
4985,4,207.49999999999966,4,206.31999999999996,swap,notBad
4986,4,207.49999999999966,4,206.31999999999996,move,improve
4987,4,207.49999999999966,4,206.31999999999996,swap,notBad
4988,4,207.49999999999966,4,206.31999999999996,2opt,notBad
4989,4,207.49999999999966,4,206.31999999999996,2opt,improve
4990,4,207.49999999999966,4,206.31999999999996,2opt,improve
4991,4,207.49999999999966,4,206.31999999999996,swap,notBad
4992,4,207.49999999999966,4,206.31999999999996,2opt,notBad
4993,4,207.49999999999966,4,206.31999999999996,2opt,notBad
4994,4,207.49999999999966,4,206.31999999999996,2opt,improve
4995,4,207.49999999999966,4,206.31999999999996,swap,notBad
4996,4,207.49999999999966,4,206.31999999999996,move,improve
4997,4,207.49999999999966,4,206.31999999999996,2opt,notBad
4998,4,207.49999999999966,4,206.31999999999996,swap,notBad
4999,4,207.49999999999966,4,206.31999999999996,swap,notBad
5000,4,207.49999999999966,4,206.31999999999996,swap,notBad
5001,4,207.49999999999966,4,206.31999999999996,2opt,notBad
5002,4,207.49999999999966,4,206.31999999999996,move,improve
5003,4,207.49999999999966,4,206.31999999999996,swap,notBad
5004,4,207.49999999999966,4,206.31999999999996,2opt,notBad
5005,4,207.49999999999966,4,206.31999999999996,move,improve
5006,4,207.49999999999966,4,206.31999999999996,move,improve
5007,4,207.49999999999966,4,206.31999999999996,2opt,notBad
5008,4,207.49999999999966,4,206.31999999999996,swap,notBad
5009,4,207.49999999999966,4,206.31999999999996,swap,notBad
5010,4,207.49999999999966,4,206.31999999999996,2opt,notBad
5011,4,207.49999999999966,4,206.31999999999996,move,improve
5012,4,207.49999999999966,4,206.31999999999996,move,improve
5013,4,207.49999999999966,4,206.31999999999996,2opt,notBad
5014,4,207.49999999999966,4,206.31999999999996,swap,notBad
5015,4,207.49999999999966,4,206.31999999999996,swap,notBad
5016,4,207.49999999999966,4,206.31999999999996,2opt,improve
5017,4,207.49999999999966,4,206.31999999999996,2opt,notBad
5018,4,207.49999999999966,4,206.31999999999996,move,improve
5019,4,207.49999999999966,4,206.31999999999996,swap,notBad
5020,4,207.49999999999966,4,206.31999999999996,2opt,notBad
5021,4,207.49999999999966,4,206.31999999999996,swap,notBad
5022,4,207.49999999999966,4,206.31999999999996,move,improve
5023,4,207.49999999999966,4,206.31999999999996,swap,notBad
5024,4,207.49999999999966,4,206.31999999999996,swap,notBad
5025,4,207.49999999999966,4,206.31999999999996,swap,notBad
5026,4,207.49999999999966,4,206.31999999999996,swap,notBad
5027,4,207.49999999999966,4,206.31999999999996,swap,notBad
5028,4,207.49999999999966,4,206.31999999999996,move,improve
5029,4,207.49999999999966,4,206.31999999999996,move,improve
5030,4,207.49999999999966,4,206.31999999999996,2opt,notBad
5031,4,207.49999999999966,4,206.31999999999996,swap,notBad
5032,4,207.49999999999966,4,206.31999999999996,swap,notBad
5033,4,207.49999999999966,4,206.31999999999996,swap,notBad
5034,4,207.49999999999966,4,206.31999999999996,move,improve
5035,4,207.49999999999966,4,206.31999999999996,2opt,notBad
5036,4,212.3399999999997,4,206.31999999999996,swap,acceptBad
5037,4,214.19999999999965,4,206.31999999999996,swap,acceptBad
5038,4,214.19999999999965,4,206.31999999999996,swap,notBad
5039,4,214.19999999999965,4,206.31999999999996,swap,notBad
5040,4,214.70999999999967,4,206.31999999999996,swap,acceptBad
5041,4,214.70999999999967,4,206.31999999999996,2opt,notBad
5042,4,214.70999999999967,4,206.31999999999996,2opt,notBad
5043,4,214.70999999999967,4,206.31999999999996,2opt,notBad
5044,4,214.70999999999967,4,206.31999999999996,2opt,notBad
5045,4,214.70999999999967,4,206.31999999999996,2opt,notBad
5046,4,214.70999999999967,4,206.31999999999996,move,improve
5047,4,214.70999999999967,4,206.31999999999996,move,improve
5048,4,214.70999999999967,4,206.31999999999996,swap,notBad
5049,4,214.70999999999967,4,206.31999999999996,2opt,notBad
5050,4,214.70999999999967,4,206.31999999999996,swap,notBad
5051,4,214.70999999999967,4,206.31999999999996,swap,notBad
5052,4,214.70999999999967,4,206.31999999999996,2opt,notBad
5053,4,214.70999999999967,4,206.31999999999996,move,improve
5054,4,214.70999999999967,4,206.31999999999996,swap,notBad
5055,4,214.70999999999967,4,206.31999999999996,swap,notBad
5056,4,214.70999999999967,4,206.31999999999996,2opt,notBad
5057,4,214.70999999999967,4,206.31999999999996,swap,notBad
5058,4,214.19999999999965,4,206.31999999999996,move,improve
5059,4,214.19999999999965,4,206.31999999999996,move,notBad
5060,4,214.19999999999965,4,206.31999999999996,2opt,notBad
5061,4,214.19999999999965,4,206.31999999999996,swap,notBad
5062,4,214.19999999999965,4,206.31999999999996,2opt,notBad
5063,4,214.19999999999965,4,206.31999999999996,2opt,improve
5064,4,214.19999999999965,4,206.31999999999996,swap,notBad
5065,4,214.19999999999965,4,206.31999999999996,move,improve
5066,4,209.35999999999967,4,206.31999999999996,move,improve
5067,4,209.35999999999967,4,206.31999999999996,swap,notBad
5068,4,209.35999999999967,4,206.31999999999996,swap,notBad
5069,4,209.35999999999967,4,206.31999999999996,swap,notBad
5070,4,209.35999999999967,4,206.31999999999996,move,notBad
5071,4,209.35999999999967,4,206.31999999999996,swap,notBad
5072,4,209.35999999999967,4,206.31999999999996,2opt,notBad
5073,4,209.35999999999967,4,206.31999999999996,swap,notBad
5074,4,209.35999999999967,4,206.31999999999996,2opt,notBad
5075,4,209.35999999999967,4,206.31999999999996,swap,notBad
5076,4,209.35999999999967,4,206.31999999999996,move,improve
5077,4,209.35999999999967,4,206.31999999999996,2opt,notBad
5078,4,209.35999999999967,4,206.31999999999996,swap,notBad
5079,4,209.35999999999967,4,206.31999999999996,2opt,notBad
5080,4,209.35999999999967,4,206.31999999999996,2opt,notBad
5081,4,209.35999999999967,4,206.31999999999996,2opt,notBad
5082,4,209.35999999999967,4,206.31999999999996,2opt,improve
5083,4,209.35999999999967,4,206.31999999999996,move,improve
5084,4,209.35999999999967,4,206.31999999999996,move,improve
5085,4,209.35999999999967,4,206.31999999999996,swap,notBad
5086,4,209.35999999999967,4,206.31999999999996,swap,notBad
5087,4,209.35999999999967,4,206.31999999999996,2opt,notBad
5088,4,209.35999999999967,4,206.31999999999996,2opt,notBad
5089,4,207.49999999999966,4,206.31999999999996,move,improve
5090,4,207.49999999999966,4,206.31999999999996,2opt,notBad
5091,4,207.49999999999966,4,206.31999999999996,swap,notBad
5092,4,207.49999999999966,4,206.31999999999996,2opt,notBad
5093,4,207.49999999999966,4,206.31999999999996,move,improve
5094,4,207.49999999999966,4,206.31999999999996,2opt,improve
5095,4,207.49999999999966,4,206.31999999999996,swap,notBad
5096,4,207.49999999999966,4,206.31999999999996,swap,notBad
5097,4,207.49999999999966,4,206.31999999999996,2opt,notBad
5098,4,207.49999999999966,4,206.31999999999996,move,improve
5099,4,207.49999999999966,4,206.31999999999996,2opt,notBad
5100,4,207.49999999999966,4,206.31999999999996,swap,notBad
5101,4,207.49999999999966,4,206.31999999999996,2opt,notBad
5102,4,207.49999999999966,4,206.31999999999996,2opt,notBad
5103,4,207.49999999999966,4,206.31999999999996,2opt,notBad
5104,4,207.49999999999966,4,206.31999999999996,move,improve
5105,4,207.49999999999966,4,206.31999999999996,move,notBad
5106,4,207.49999999999966,4,206.31999999999996,move,improve
5107,4,207.49999999999966,4,206.31999999999996,move,improve
5108,4,207.49999999999966,4,206.31999999999996,2opt,improve
5109,4,207.49999999999966,4,206.31999999999996,swap,notBad
5110,4,212.3399999999997,4,206.31999999999996,swap,acceptBad
5111,4,212.3399999999997,4,206.31999999999996,2opt,notBad
5112,4,212.3399999999997,4,206.31999999999996,2opt,notBad
5113,4,212.3399999999997,4,206.31999999999996,move,improve
5114,4,212.3399999999997,4,206.31999999999996,move,improve
5115,4,212.3399999999997,4,206.31999999999996,move,improve
5116,4,212.3399999999997,4,206.31999999999996,swap,notBad
5117,4,212.3399999999997,4,206.31999999999996,swap,notBad
5118,4,212.3399999999997,4,206.31999999999996,swap,notBad
5119,4,212.3399999999997,4,206.31999999999996,2opt,notBad
5120,4,212.3399999999997,4,206.31999999999996,2opt,notBad
5121,4,212.3399999999997,4,206.31999999999996,swap,notBad
5122,4,212.3399999999997,4,206.31999999999996,move,improve
5123,4,212.3399999999997,4,206.31999999999996,swap,notBad
5124,4,207.49999999999966,4,206.31999999999996,move,improve
5125,4,207.49999999999966,4,206.31999999999996,2opt,notBad
5126,4,207.49999999999966,4,206.31999999999996,2opt,improve
5127,4,207.49999999999966,4,206.31999999999996,swap,notBad
5128,4,207.49999999999966,4,206.31999999999996,2opt,notBad
5129,4,207.49999999999966,4,206.31999999999996,2opt,notBad
5130,4,207.49999999999966,4,206.31999999999996,swap,notBad
5131,4,207.49999999999966,4,206.31999999999996,move,improve
5132,4,207.49999999999966,4,206.31999999999996,move,improve
5133,4,207.49999999999966,4,206.31999999999996,swap,notBad
5134,4,207.49999999999966,4,206.31999999999996,swap,notBad
5135,4,207.49999999999966,4,206.31999999999996,move,improve
5136,4,207.49999999999966,4,206.31999999999996,2opt,notBad
5137,4,207.49999999999966,4,206.31999999999996,2opt,improve
5138,4,207.49999999999966,4,206.31999999999996,move,improve
5139,4,207.49999999999966,4,206.31999999999996,swap,notBad
5140,4,207.49999999999966,4,206.31999999999996,swap,notBad
5141,4,207.49999999999966,4,206.31999999999996,move,improve
5142,4,207.49999999999966,4,206.31999999999996,2opt,notBad
5143,4,207.49999999999966,4,206.31999999999996,swap,notBad
5144,4,207.49999999999966,4,206.31999999999996,2opt,notBad
5145,4,207.49999999999966,4,206.31999999999996,2opt,improve
5146,4,207.49999999999966,4,206.31999999999996,2opt,notBad
5147,4,207.49999999999966,4,206.31999999999996,2opt,improve
5148,4,207.49999999999966,4,206.31999999999996,swap,notBad
5149,4,207.49999999999966,4,206.31999999999996,swap,notBad
5150,4,207.49999999999966,4,206.31999999999996,swap,notBad
5151,4,207.49999999999966,4,206.31999999999996,move,improve
5152,4,207.49999999999966,4,206.31999999999996,2opt,notBad
5153,4,207.49999999999966,4,206.31999999999996,2opt,notBad
5154,4,207.49999999999966,4,206.31999999999996,move,improve
5155,4,207.49999999999966,4,206.31999999999996,move,improve
5156,4,207.49999999999966,4,206.31999999999996,swap,notBad
5157,4,207.49999999999966,4,206.31999999999996,swap,notBad
5158,4,207.49999999999966,4,206.31999999999996,swap,notBad
5159,4,207.49999999999966,4,206.31999999999996,swap,notBad
5160,4,207.49999999999966,4,206.31999999999996,swap,notBad
5161,4,207.49999999999966,4,206.31999999999996,swap,notBad
5162,4,207.49999999999966,4,206.31999999999996,move,notBad
5163,4,207.49999999999966,4,206.31999999999996,swap,notBad
5164,4,207.49999999999966,4,206.31999999999996,move,improve
5165,4,207.49999999999966,4,206.31999999999996,swap,notBad
5166,4,212.3399999999997,4,206.31999999999996,swap,acceptBad
5167,4,212.3399999999997,4,206.31999999999996,swap,notBad
5168,4,212.3399999999997,4,206.31999999999996,move,improve
5169,4,212.3399999999997,4,206.31999999999996,move,improve
5170,4,212.3399999999997,4,206.31999999999996,2opt,notBad
5171,4,212.3399999999997,4,206.31999999999996,swap,notBad
5172,4,212.3399999999997,4,206.31999999999996,move,improve
5173,4,212.3399999999997,4,206.31999999999996,move,improve
5174,4,212.3399999999997,4,206.31999999999996,2opt,notBad
5175,4,212.3399999999997,4,206.31999999999996,2opt,improve
5176,4,212.3399999999997,4,206.31999999999996,2opt,notBad
5177,4,212.3399999999997,4,206.31999999999996,swap,notBad
5178,4,212.3399999999997,4,206.31999999999996,move,improve
5179,4,212.3399999999997,4,206.31999999999996,swap,notBad
5180,4,212.3399999999997,4,206.31999999999996,swap,notBad
5181,4,212.3399999999997,4,206.31999999999996,2opt,notBad
5182,4,212.3399999999997,4,206.31999999999996,move,improve
5183,4,212.3399999999997,4,206.31999999999996,move,improve
5184,4,212.3399999999997,4,206.31999999999996,swap,notBad
5185,4,212.3399999999997,4,206.31999999999996,swap,notBad
5186,4,212.3399999999997,4,206.31999999999996,move,improve
5187,4,212.3399999999997,4,206.31999999999996,move,notBad
5188,4,212.3399999999997,4,206.31999999999996,2opt,notBad
5189,4,212.3399999999997,4,206.31999999999996,move,improve
5190,4,212.3399999999997,4,206.31999999999996,move,improve
5191,4,212.3399999999997,4,206.31999999999996,move,improve
5192,4,212.3399999999997,4,206.31999999999996,2opt,notBad
5193,4,212.3399999999997,4,206.31999999999996,swap,notBad
5194,4,212.3399999999997,4,206.31999999999996,move,improve
5195,4,212.3399999999997,4,206.31999999999996,swap,notBad
5196,4,212.3399999999997,4,206.31999999999996,swap,notBad
5197,4,212.3399999999997,4,206.31999999999996,swap,notBad
5198,4,212.3399999999997,4,206.31999999999996,swap,notBad
5199,4,212.3399999999997,4,206.31999999999996,2opt,notBad
5200,4,212.3399999999997,4,206.31999999999996,2opt,improve
5201,4,212.3399999999997,4,206.31999999999996,2opt,notBad
5202,4,212.3399999999997,4,206.31999999999996,move,improve
5203,4,212.3399999999997,4,206.31999999999996,move,notBad
5204,4,212.3399999999997,4,206.31999999999996,move,improve
5205,4,212.3399999999997,4,206.31999999999996,move,notBad
5206,4,212.3399999999997,4,206.31999999999996,2opt,notBad
5207,4,212.3399999999997,4,206.31999999999996,move,improve
5208,4,212.3399999999997,4,206.31999999999996,swap,notBad
5209,4,212.3399999999997,4,206.31999999999996,swap,notBad
5210,4,212.3399999999997,4,206.31999999999996,move,improve
5211,4,212.3399999999997,4,206.31999999999996,swap,notBad
5212,4,212.3399999999997,4,206.31999999999996,swap,notBad
5213,4,212.3399999999997,4,206.31999999999996,2opt,notBad
5214,4,212.3399999999997,4,206.31999999999996,move,improve
5215,4,212.3399999999997,4,206.31999999999996,move,improve
5216,4,212.3399999999997,4,206.31999999999996,2opt,notBad
5217,4,212.3399999999997,4,206.31999999999996,move,improve
5218,4,212.3399999999997,4,206.31999999999996,move,improve
5219,4,212.3399999999997,4,206.31999999999996,2opt,notBad
5220,4,212.3399999999997,4,206.31999999999996,move,improve
5221,4,212.63999999999962,4,206.31999999999996,2opt,acceptBad
5222,4,212.63999999999962,4,206.31999999999996,2opt,notBad
5223,4,212.63999999999962,4,206.31999999999996,2opt,notBad
5224,4,212.63999999999962,4,206.31999999999996,swap,notBad
5225,4,212.63999999999962,4,206.31999999999996,move,improve
5226,4,212.63999999999962,4,206.31999999999996,2opt,notBad
5227,4,212.63999999999962,4,206.31999999999996,swap,notBad
5228,4,212.63999999999962,4,206.31999999999996,2opt,notBad
5229,4,212.63999999999962,4,206.31999999999996,swap,notBad
5230,4,212.63999999999962,4,206.31999999999996,swap,notBad
5231,4,212.63999999999962,4,206.31999999999996,move,improve
5232,4,212.63999999999962,4,206.31999999999996,move,notBad
5233,4,212.63999999999962,4,206.31999999999996,swap,notBad
5234,4,212.63999999999962,4,206.31999999999996,2opt,notBad
5235,4,212.63999999999962,4,206.31999999999996,2opt,improve
5236,4,212.63999999999962,4,206.31999999999996,move,improve
5237,4,212.63999999999962,4,206.31999999999996,move,improve
5238,4,212.63999999999962,4,206.31999999999996,move,improve
5239,4,212.63999999999962,4,206.31999999999996,2opt,notBad
5240,4,212.63999999999962,4,206.31999999999996,swap,notBad
5241,4,212.63999999999962,4,206.31999999999996,move,improve
5242,4,212.63999999999962,4,206.31999999999996,swap,notBad
5243,4,212.63999999999962,4,206.31999999999996,swap,notBad
5244,4,212.63999999999962,4,206.31999999999996,move,improve
5245,4,212.63999999999962,4,206.31999999999996,2opt,notBad
5246,4,212.63999999999962,4,206.31999999999996,2opt,notBad
5247,4,212.63999999999962,4,206.31999999999996,2opt,improve
5248,4,212.63999999999962,4,206.31999999999996,move,improve
5249,4,212.63999999999962,4,206.31999999999996,swap,notBad
5250,4,212.3399999999997,4,206.31999999999996,2opt,improve
5251,4,212.3399999999997,4,206.31999999999996,2opt,notBad
5252,4,212.3399999999997,4,206.31999999999996,move,improve
5253,4,212.3399999999997,4,206.31999999999996,2opt,improve
5254,4,212.3399999999997,4,206.31999999999996,move,improve
5255,4,212.3399999999997,4,206.31999999999996,move,improve
5256,4,212.3399999999997,4,206.31999999999996,swap,notBad
5257,4,212.3399999999997,4,206.31999999999996,move,improve
5258,4,212.3399999999997,4,206.31999999999996,2opt,notBad
5259,4,212.3399999999997,4,206.31999999999996,move,improve
5260,4,212.3399999999997,4,206.31999999999996,move,improve
5261,4,212.3399999999997,4,206.31999999999996,2opt,notBad
5262,4,207.49999999999966,4,206.31999999999996,swap,improve
5263,4,207.49999999999966,4,206.31999999999996,move,improve
5264,4,207.49999999999966,4,206.31999999999996,move,improve
5265,4,207.49999999999966,4,206.31999999999996,2opt,improve
5266,4,207.49999999999966,4,206.31999999999996,2opt,notBad
5267,4,207.49999999999966,4,206.31999999999996,2opt,notBad
5268,4,207.49999999999966,4,206.31999999999996,swap,notBad
5269,4,207.49999999999966,4,206.31999999999996,move,improve
5270,4,207.49999999999966,4,206.31999999999996,move,improve
5271,4,207.49999999999966,4,206.31999999999996,move,improve
5272,4,207.49999999999966,4,206.31999999999996,2opt,notBad
5273,4,207.49999999999966,4,206.31999999999996,move,improve
5274,4,207.49999999999966,4,206.31999999999996,move,improve
5275,4,207.49999999999966,4,206.31999999999996,swap,notBad
5276,4,207.49999999999966,4,206.31999999999996,move,improve
5277,4,207.49999999999966,4,206.31999999999996,2opt,notBad
5278,4,207.49999999999966,4,206.31999999999996,2opt,notBad
5279,4,207.49999999999966,4,206.31999999999996,swap,notBad
5280,4,207.49999999999966,4,206.31999999999996,swap,notBad
5281,4,207.49999999999966,4,206.31999999999996,move,improve
5282,4,212.3399999999997,4,206.31999999999996,swap,acceptBad
5283,4,212.3399999999997,4,206.31999999999996,2opt,notBad
5284,4,212.3399999999997,4,206.31999999999996,move,improve
5285,4,212.3399999999997,4,206.31999999999996,2opt,notBad
5286,4,212.3399999999997,4,206.31999999999996,move,improve
5287,4,212.3399999999997,4,206.31999999999996,move,improve
5288,4,212.3399999999997,4,206.31999999999996,swap,notBad
5289,4,212.3399999999997,4,206.31999999999996,2opt,notBad
5290,4,212.3399999999997,4,206.31999999999996,2opt,improve
5291,4,212.3399999999997,4,206.31999999999996,move,improve
5292,4,212.3399999999997,4,206.31999999999996,2opt,notBad
5293,4,212.3399999999997,4,206.31999999999996,swap,notBad
5294,4,212.3399999999997,4,206.31999999999996,2opt,notBad
5295,4,212.3399999999997,4,206.31999999999996,2opt,notBad
5296,4,212.3399999999997,4,206.31999999999996,swap,notBad
5297,4,212.3399999999997,4,206.31999999999996,swap,notBad
5298,4,212.3399999999997,4,206.31999999999996,swap,notBad
5299,4,212.3399999999997,4,206.31999999999996,swap,notBad
5300,4,212.3399999999997,4,206.31999999999996,move,improve
5301,4,212.3399999999997,4,206.31999999999996,swap,notBad
5302,4,212.3399999999997,4,206.31999999999996,2opt,notBad
5303,4,212.3399999999997,4,206.31999999999996,swap,notBad
5304,4,212.3399999999997,4,206.31999999999996,move,improve
5305,4,212.3399999999997,4,206.31999999999996,move,improve
5306,4,212.3399999999997,4,206.31999999999996,2opt,notBad
5307,4,212.3399999999997,4,206.31999999999996,swap,notBad
5308,4,212.3399999999997,4,206.31999999999996,move,improve
5309,4,212.3399999999997,4,206.31999999999996,move,improve
5310,4,212.3399999999997,4,206.31999999999996,swap,notBad
5311,4,212.3399999999997,4,206.31999999999996,2opt,notBad
5312,4,212.3399999999997,4,206.31999999999996,move,improve
5313,4,212.3399999999997,4,206.31999999999996,move,improve
5314,4,212.3399999999997,4,206.31999999999996,swap,notBad
5315,4,212.3399999999997,4,206.31999999999996,swap,notBad
5316,4,212.3399999999997,4,206.31999999999996,2opt,notBad
5317,4,212.3399999999997,4,206.31999999999996,2opt,notBad
5318,4,212.3399999999997,4,206.31999999999996,swap,notBad
5319,4,212.3399999999997,4,206.31999999999996,2opt,notBad
5320,4,212.3399999999997,4,206.31999999999996,2opt,notBad
5321,4,212.3399999999997,4,206.31999999999996,move,improve
5322,4,212.3399999999997,4,206.31999999999996,2opt,notBad
5323,4,212.3399999999997,4,206.31999999999996,swap,notBad
5324,4,212.3399999999997,4,206.31999999999996,2opt,notBad
5325,4,212.3399999999997,4,206.31999999999996,swap,notBad
5326,4,212.3399999999997,4,206.31999999999996,2opt,notBad
5327,4,212.3399999999997,4,206.31999999999996,move,improve
5328,4,212.3399999999997,4,206.31999999999996,2opt,notBad
5329,4,212.3399999999997,4,206.31999999999996,move,improve
5330,4,212.3399999999997,4,206.31999999999996,move,improve
5331,4,212.3399999999997,4,206.31999999999996,move,improve
5332,4,212.3399999999997,4,206.31999999999996,swap,notBad
5333,4,212.3399999999997,4,206.31999999999996,swap,notBad
5334,4,212.3399999999997,4,206.31999999999996,2opt,improve
5335,4,212.3399999999997,4,206.31999999999996,swap,notBad
5336,4,212.3399999999997,4,206.31999999999996,move,improve
5337,4,212.3399999999997,4,206.31999999999996,2opt,improve
5338,4,212.3399999999997,4,206.31999999999996,move,improve
5339,4,212.3399999999997,4,206.31999999999996,move,improve
5340,4,212.3399999999997,4,206.31999999999996,move,improve
5341,4,212.3399999999997,4,206.31999999999996,2opt,notBad
5342,4,212.3399999999997,4,206.31999999999996,swap,notBad
5343,4,212.3399999999997,4,206.31999999999996,2opt,notBad
5344,4,212.3399999999997,4,206.31999999999996,2opt,improve
5345,4,212.3399999999997,4,206.31999999999996,swap,notBad
5346,4,212.3399999999997,4,206.31999999999996,move,improve
5347,4,212.3399999999997,4,206.31999999999996,swap,notBad
5348,4,212.3399999999997,4,206.31999999999996,swap,notBad
5349,4,212.3399999999997,4,206.31999999999996,move,improve
5350,4,212.3399999999997,4,206.31999999999996,move,improve
5351,4,212.3399999999997,4,206.31999999999996,2opt,notBad
5352,4,212.3399999999997,4,206.31999999999996,2opt,notBad
5353,4,212.3399999999997,4,206.31999999999996,move,improve
5354,4,212.3399999999997,4,206.31999999999996,swap,notBad
5355,4,212.3399999999997,4,206.31999999999996,2opt,improve
5356,4,212.3399999999997,4,206.31999999999996,move,improve
5357,4,212.3399999999997,4,206.31999999999996,2opt,notBad
5358,4,212.3399999999997,4,206.31999999999996,swap,notBad
5359,4,212.3399999999997,4,206.31999999999996,move,improve
5360,4,212.3399999999997,4,206.31999999999996,swap,notBad
5361,4,212.3399999999997,4,206.31999999999996,swap,notBad
5362,4,212.3399999999997,4,206.31999999999996,swap,notBad
5363,4,212.3399999999997,4,206.31999999999996,2opt,notBad
5364,4,212.3399999999997,4,206.31999999999996,move,improve
5365,4,212.3399999999997,4,206.31999999999996,swap,notBad
5366,4,212.3399999999997,4,206.31999999999996,move,improve
5367,4,212.3399999999997,4,206.31999999999996,2opt,notBad
5368,4,212.3399999999997,4,206.31999999999996,move,improve
5369,4,212.3399999999997,4,206.31999999999996,2opt,notBad
5370,4,212.3399999999997,4,206.31999999999996,move,improve
5371,4,212.3399999999997,4,206.31999999999996,2opt,notBad
5372,4,207.49999999999966,4,206.31999999999996,move,improve
5373,4,207.49999999999966,4,206.31999999999996,swap,notBad
5374,4,207.49999999999966,4,206.31999999999996,move,improve
5375,4,207.49999999999966,4,206.31999999999996,2opt,notBad
5376,4,207.49999999999966,4,206.31999999999996,move,improve
5377,4,207.49999999999966,4,206.31999999999996,move,improve
5378,4,207.49999999999966,4,206.31999999999996,move,improve
5379,4,207.49999999999966,4,206.31999999999996,move,improve
5380,4,207.49999999999966,4,206.31999999999996,2opt,notBad
5381,4,207.49999999999966,4,206.31999999999996,2opt,notBad
5382,4,207.49999999999966,4,206.31999999999996,2opt,notBad
5383,4,207.49999999999966,4,206.31999999999996,move,improve
5384,4,207.49999999999966,4,206.31999999999996,2opt,notBad
5385,4,207.49999999999966,4,206.31999999999996,move,improve
5386,4,207.49999999999966,4,206.31999999999996,move,improve
5387,4,207.49999999999966,4,206.31999999999996,move,improve
5388,4,207.49999999999966,4,206.31999999999996,2opt,notBad
5389,4,207.49999999999966,4,206.31999999999996,move,improve
5390,4,207.49999999999966,4,206.31999999999996,swap,notBad
5391,4,207.49999999999966,4,206.31999999999996,swap,notBad
5392,4,207.49999999999966,4,206.31999999999996,2opt,notBad
5393,4,207.49999999999966,4,206.31999999999996,2opt,notBad
5394,4,207.49999999999966,4,206.31999999999996,swap,notBad
5395,4,207.49999999999966,4,206.31999999999996,move,improve
5396,4,207.49999999999966,4,206.31999999999996,swap,notBad
5397,4,207.79999999999964,4,206.31999999999996,2opt,acceptBad
5398,4,207.79999999999964,4,206.31999999999996,move,improve
5399,4,207.79999999999964,4,206.31999999999996,move,improve
5400,4,207.79999999999964,4,206.31999999999996,swap,notBad
5401,4,207.79999999999964,4,206.31999999999996,2opt,notBad
5402,4,207.79999999999964,4,206.31999999999996,move,improve
5403,4,207.79999999999964,4,206.31999999999996,2opt,notBad
5404,4,207.79999999999964,4,206.31999999999996,2opt,notBad
5405,4,207.79999999999964,4,206.31999999999996,swap,notBad
5406,4,207.79999999999964,4,206.31999999999996,move,improve
5407,4,207.79999999999964,4,206.31999999999996,2opt,notBad
5408,4,207.79999999999964,4,206.31999999999996,swap,notBad
5409,4,207.79999999999964,4,206.31999999999996,2opt,improve
5410,4,207.79999999999964,4,206.31999999999996,2opt,notBad
5411,4,207.79999999999964,4,206.31999999999996,2opt,notBad
5412,4,207.79999999999964,4,206.31999999999996,2opt,notBad
5413,4,207.79999999999964,4,206.31999999999996,swap,notBad
5414,4,207.79999999999964,4,206.31999999999996,move,improve
5415,4,207.79999999999964,4,206.31999999999996,move,improve
5416,4,207.79999999999964,4,206.31999999999996,swap,notBad
5417,4,212.14999999999966,4,206.31999999999996,swap,acceptBad
5418,4,212.14999999999966,4,206.31999999999996,swap,notBad
5419,4,212.14999999999966,4,206.31999999999996,2opt,notBad
5420,4,212.14999999999966,4,206.31999999999996,move,improve
5421,4,212.14999999999966,4,206.31999999999996,swap,notBad
5422,4,212.14999999999966,4,206.31999999999996,swap,notBad
5423,4,212.14999999999966,4,206.31999999999996,move,improve
5424,4,212.14999999999966,4,206.31999999999996,2opt,notBad
5425,4,212.14999999999966,4,206.31999999999996,2opt,notBad
5426,4,212.14999999999966,4,206.31999999999996,swap,notBad
5427,4,212.14999999999966,4,206.31999999999996,swap,notBad
5428,4,212.14999999999966,4,206.31999999999996,move,improve
5429,4,212.14999999999966,4,206.31999999999996,move,improve
5430,4,212.14999999999966,4,206.31999999999996,swap,notBad
5431,4,212.14999999999966,4,206.31999999999996,move,improve
5432,4,212.14999999999966,4,206.31999999999996,2opt,notBad
5433,4,212.14999999999966,4,206.31999999999996,move,improve
5434,4,212.14999999999966,4,206.31999999999996,2opt,notBad
5435,4,212.14999999999966,4,206.31999999999996,swap,notBad
5436,4,212.14999999999966,4,206.31999999999996,swap,notBad
5437,4,212.14999999999966,4,206.31999999999996,2opt,notBad
5438,4,212.14999999999966,4,206.31999999999996,2opt,notBad
5439,4,212.14999999999966,4,206.31999999999996,2opt,notBad
5440,4,212.14999999999966,4,206.31999999999996,2opt,notBad
5441,4,212.14999999999966,4,206.31999999999996,2opt,notBad
5442,4,209.1199999999997,4,206.31999999999996,2opt,improve
5443,4,209.1199999999997,4,206.31999999999996,swap,notBad
5444,4,210.63999999999996,4,206.31999999999996,swap,acceptBad
5445,4,210.63999999999996,4,206.31999999999996,2opt,notBad
5446,4,210.63999999999996,4,206.31999999999996,move,improve
5447,4,210.63999999999996,4,206.31999999999996,2opt,improve
5448,4,209.2,4,206.31999999999996,move,improve
5449,4,209.2,4,206.31999999999996,swap,notBad
5450,4,210.63999999999996,4,206.31999999999996,swap,acceptBad
5451,4,210.63999999999996,4,206.31999999999996,swap,notBad
5452,4,210.63999999999996,4,206.31999999999996,2opt,notBad
5453,4,210.63999999999996,4,206.31999999999996,swap,notBad
5454,4,210.63999999999996,4,206.31999999999996,move,improve
5455,4,210.63999999999996,4,206.31999999999996,2opt,notBad
5456,4,209.2,4,206.31999999999996,move,improve
5457,4,209.2,4,206.31999999999996,2opt,notBad
5458,4,209.2,4,206.31999999999996,move,improve
5459,4,209.2,4,206.31999999999996,move,improve
5460,4,209.2,4,206.31999999999996,2opt,notBad
5461,4,209.2,4,206.31999999999996,2opt,notBad
5462,4,209.2,4,206.31999999999996,move,improve
5463,4,209.2,4,206.31999999999996,move,improve
5464,4,209.2,4,206.31999999999996,move,improve
5465,4,209.2,4,206.31999999999996,move,improve
5466,4,209.2,4,206.31999999999996,swap,notBad
5467,4,209.2,4,206.31999999999996,2opt,notBad
5468,4,209.2,4,206.31999999999996,move,improve
5469,4,209.2,4,206.31999999999996,move,improve
5470,4,209.2,4,206.31999999999996,move,improve
5471,4,209.2,4,206.31999999999996,move,improve
5472,4,209.2,4,206.31999999999996,2opt,notBad
5473,4,209.2,4,206.31999999999996,2opt,notBad
5474,4,209.2,4,206.31999999999996,2opt,notBad
5475,4,209.2,4,206.31999999999996,swap,notBad
5476,4,209.2,4,206.31999999999996,move,improve
5477,4,209.2,4,206.31999999999996,move,improve
5478,4,209.2,4,206.31999999999996,move,improve
5479,4,209.2,4,206.31999999999996,2opt,notBad
5480,4,209.2,4,206.31999999999996,2opt,notBad
5481,4,209.2,4,206.31999999999996,2opt,notBad
5482,4,209.2,4,206.31999999999996,move,improve
5483,4,209.2,4,206.31999999999996,move,improve
5484,4,209.2,4,206.31999999999996,move,improve
5485,4,209.2,4,206.31999999999996,move,improve
5486,4,209.2,4,206.31999999999996,swap,notBad
5487,4,209.2,4,206.31999999999996,move,improve
5488,4,209.2,4,206.31999999999996,move,improve
5489,4,209.2,4,206.31999999999996,2opt,notBad
5490,4,209.2,4,206.31999999999996,swap,notBad
5491,4,209.2,4,206.31999999999996,2opt,improve
5492,4,209.2,4,206.31999999999996,move,improve
5493,4,209.2,4,206.31999999999996,move,notBad
5494,4,209.2,4,206.31999999999996,2opt,notBad
5495,4,209.2,4,206.31999999999996,move,improve
5496,4,209.2,4,206.31999999999996,swap,notBad
5497,4,209.2,4,206.31999999999996,swap,notBad
5498,4,209.2,4,206.31999999999996,2opt,notBad
5499,4,209.2,4,206.31999999999996,swap,notBad
5500,4,209.2,4,206.31999999999996,swap,notBad
5501,4,209.2,4,206.31999999999996,swap,notBad
5502,4,209.2,4,206.31999999999996,move,improve
5503,4,209.2,4,206.31999999999996,move,improve
5504,4,209.2,4,206.31999999999996,2opt,notBad
5505,4,209.2,4,206.31999999999996,swap,notBad
5506,4,209.2,4,206.31999999999996,swap,notBad
5507,4,209.2,4,206.31999999999996,2opt,notBad
5508,4,209.2,4,206.31999999999996,swap,notBad
5509,4,209.2,4,206.31999999999996,2opt,notBad
5510,4,209.2,4,206.31999999999996,2opt,notBad
5511,4,209.2,4,206.31999999999996,2opt,improve
5512,4,209.2,4,206.31999999999996,move,improve
5513,4,209.2,4,206.31999999999996,swap,notBad
5514,4,209.2,4,206.31999999999996,move,improve
5515,4,209.2,4,206.31999999999996,swap,notBad
5516,4,209.2,4,206.31999999999996,2opt,notBad
5517,4,209.2,4,206.31999999999996,swap,notBad
5518,4,209.2,4,206.31999999999996,move,improve
5519,4,209.2,4,206.31999999999996,swap,notBad
5520,4,209.2,4,206.31999999999996,move,improve
5521,4,209.2,4,206.31999999999996,2opt,notBad
5522,4,209.2,4,206.31999999999996,2opt,notBad
5523,4,209.2,4,206.31999999999996,2opt,notBad
5524,4,209.2,4,206.31999999999996,move,improve
5525,4,209.2,4,206.31999999999996,swap,notBad
5526,4,209.2,4,206.31999999999996,2opt,notBad
5527,4,209.2,4,206.31999999999996,2opt,notBad
5528,4,209.2,4,206.31999999999996,swap,notBad
5529,4,209.2,4,206.31999999999996,swap,notBad
5530,4,209.2,4,206.31999999999996,swap,notBad
5531,4,209.2,4,206.31999999999996,2opt,notBad
5532,4,209.2,4,206.31999999999996,2opt,notBad
5533,4,209.2,4,206.31999999999996,swap,notBad
5534,4,209.2,4,206.31999999999996,2opt,notBad
5535,4,209.2,4,206.31999999999996,swap,notBad
5536,4,209.2,4,206.31999999999996,move,notBad
5537,4,209.2,4,206.31999999999996,2opt,notBad
5538,4,209.2,4,206.31999999999996,2opt,improve
5539,4,209.2,4,206.31999999999996,2opt,notBad
5540,4,209.2,4,206.31999999999996,2opt,notBad
5541,4,209.2,4,206.31999999999996,2opt,notBad
5542,4,209.2,4,206.31999999999996,2opt,notBad
5543,4,209.2,4,206.31999999999996,swap,notBad
5544,4,209.2,4,206.31999999999996,swap,notBad
5545,4,209.2,4,206.31999999999996,swap,notBad
5546,4,209.2,4,206.31999999999996,2opt,notBad
5547,4,209.2,4,206.31999999999996,swap,notBad
5548,4,209.2,4,206.31999999999996,2opt,notBad
5549,4,209.2,4,206.31999999999996,move,improve
5550,4,209.2,4,206.31999999999996,swap,notBad
5551,4,209.2,4,206.31999999999996,swap,notBad
5552,4,209.2,4,206.31999999999996,2opt,notBad
5553,4,209.2,4,206.31999999999996,2opt,notBad
5554,4,209.2,4,206.31999999999996,2opt,notBad
5555,4,209.2,4,206.31999999999996,2opt,notBad
5556,4,209.2,4,206.31999999999996,swap,notBad
5557,4,209.2,4,206.31999999999996,2opt,notBad
5558,4,209.2,4,206.31999999999996,2opt,improve
5559,4,209.2,4,206.31999999999996,swap,notBad
5560,4,209.2,4,206.31999999999996,move,improve
5561,4,209.2,4,206.31999999999996,swap,notBad
5562,4,209.2,4,206.31999999999996,2opt,notBad
5563,4,209.2,4,206.31999999999996,move,improve
5564,4,209.2,4,206.31999999999996,2opt,notBad
5565,4,209.2,4,206.31999999999996,swap,notBad
5566,4,209.2,4,206.31999999999996,move,improve
5567,4,209.2,4,206.31999999999996,move,improve
5568,4,209.2,4,206.31999999999996,swap,notBad
5569,4,209.2,4,206.31999999999996,2opt,notBad
5570,4,209.2,4,206.31999999999996,2opt,notBad
5571,4,209.2,4,206.31999999999996,2opt,notBad
5572,4,209.2,4,206.31999999999996,swap,notBad
5573,4,209.2,4,206.31999999999996,swap,notBad
5574,4,209.2,4,206.31999999999996,move,improve
5575,4,209.2,4,206.31999999999996,swap,notBad
5576,4,209.2,4,206.31999999999996,move,improve
5577,4,209.2,4,206.31999999999996,move,improve
5578,4,209.2,4,206.31999999999996,move,improve
5579,4,209.2,4,206.31999999999996,swap,notBad
5580,4,209.2,4,206.31999999999996,2opt,notBad
5581,4,209.2,4,206.31999999999996,2opt,improve
5582,4,209.2,4,206.31999999999996,2opt,notBad
5583,4,209.2,4,206.31999999999996,2opt,notBad
5584,4,209.2,4,206.31999999999996,2opt,notBad
5585,4,209.2,4,206.31999999999996,2opt,notBad
5586,4,209.2,4,206.31999999999996,move,improve
5587,4,209.2,4,206.31999999999996,2opt,notBad
5588,4,209.2,4,206.31999999999996,swap,notBad
5589,4,209.2,4,206.31999999999996,2opt,notBad
5590,4,209.2,4,206.31999999999996,2opt,notBad
5591,4,209.2,4,206.31999999999996,move,notBad
5592,4,209.2,4,206.31999999999996,2opt,notBad
5593,4,209.2,4,206.31999999999996,2opt,improve
5594,4,209.2,4,206.31999999999996,move,improve
5595,4,209.2,4,206.31999999999996,2opt,notBad
5596,4,209.2,4,206.31999999999996,swap,notBad
5597,4,209.2,4,206.31999999999996,move,improve
5598,4,209.2,4,206.31999999999996,move,improve
5599,4,209.2,4,206.31999999999996,move,improve
5600,4,209.2,4,206.31999999999996,swap,notBad
5601,4,209.2,4,206.31999999999996,swap,notBad
5602,4,209.2,4,206.31999999999996,swap,notBad
5603,4,209.2,4,206.31999999999996,2opt,notBad
5604,4,209.2,4,206.31999999999996,move,improve
5605,4,209.2,4,206.31999999999996,swap,notBad
5606,4,209.2,4,206.31999999999996,2opt,notBad
5607,4,209.2,4,206.31999999999996,swap,notBad
5608,4,209.2,4,206.31999999999996,swap,notBad
5609,4,209.2,4,206.31999999999996,move,improve
5610,4,209.2,4,206.31999999999996,swap,notBad
5611,4,211.05999999999995,4,206.31999999999996,swap,acceptBad
5612,4,211.05999999999995,4,206.31999999999996,move,improve
5613,4,211.05999999999995,4,206.31999999999996,2opt,notBad
5614,4,211.05999999999995,4,206.31999999999996,2opt,notBad
5615,4,211.05999999999995,4,206.31999999999996,2opt,notBad
5616,4,211.05999999999995,4,206.31999999999996,2opt,improve
5617,4,211.05999999999995,4,206.31999999999996,2opt,notBad
5618,4,211.05999999999995,4,206.31999999999996,move,improve
5619,4,211.05999999999995,4,206.31999999999996,swap,notBad
5620,4,211.05999999999995,4,206.31999999999996,2opt,notBad
5621,4,211.05999999999995,4,206.31999999999996,2opt,notBad
5622,4,211.05999999999995,4,206.31999999999996,move,improve
5623,4,211.05999999999995,4,206.31999999999996,2opt,notBad
5624,4,211.05999999999995,4,206.31999999999996,move,improve
5625,4,211.05999999999995,4,206.31999999999996,move,improve
5626,4,211.05999999999995,4,206.31999999999996,move,improve
5627,4,211.05999999999995,4,206.31999999999996,move,improve
5628,4,211.05999999999995,4,206.31999999999996,swap,notBad
5629,4,211.05999999999995,4,206.31999999999996,move,improve
5630,4,211.05999999999995,4,206.31999999999996,2opt,notBad
5631,4,211.05999999999995,4,206.31999999999996,move,improve
5632,4,211.05999999999995,4,206.31999999999996,move,improve
5633,4,211.05999999999995,4,206.31999999999996,2opt,notBad
5634,4,211.05999999999995,4,206.31999999999996,swap,notBad
5635,4,211.05999999999995,4,206.31999999999996,2opt,notBad
5636,4,211.05999999999995,4,206.31999999999996,2opt,improve
5637,4,211.05999999999995,4,206.31999999999996,swap,notBad
5638,4,211.05999999999995,4,206.31999999999996,2opt,notBad
5639,4,211.05999999999995,4,206.31999999999996,swap,notBad
5640,4,211.05999999999995,4,206.31999999999996,2opt,notBad
5641,4,211.05999999999995,4,206.31999999999996,2opt,notBad
5642,4,211.05999999999995,4,206.31999999999996,swap,notBad
5643,4,211.05999999999995,4,206.31999999999996,swap,notBad
5644,4,211.05999999999995,4,206.31999999999996,swap,notBad
5645,4,211.05999999999995,4,206.31999999999996,swap,notBad
5646,4,211.05999999999995,4,206.31999999999996,2opt,notBad
5647,4,211.05999999999995,4,206.31999999999996,2opt,notBad
5648,4,211.05999999999995,4,206.31999999999996,2opt,notBad
5649,4,211.05999999999995,4,206.31999999999996,move,improve
5650,4,211.05999999999995,4,206.31999999999996,2opt,improve
5651,4,211.05999999999995,4,206.31999999999996,swap,notBad
5652,4,211.05999999999995,4,206.31999999999996,2opt,notBad
5653,4,211.05999999999995,4,206.31999999999996,2opt,notBad
5654,4,211.05999999999995,4,206.31999999999996,2opt,notBad
5655,4,211.05999999999995,4,206.31999999999996,move,improve
5656,4,211.05999999999995,4,206.31999999999996,move,improve
5657,4,211.05999999999995,4,206.31999999999996,move,notBad
5658,4,211.05999999999995,4,206.31999999999996,move,improve
5659,4,211.05999999999995,4,206.31999999999996,2opt,notBad
5660,4,211.05999999999995,4,206.31999999999996,move,improve
5661,4,211.05999999999995,4,206.31999999999996,swap,notBad
5662,4,211.05999999999995,4,206.31999999999996,swap,notBad
5663,4,211.05999999999995,4,206.31999999999996,swap,notBad
5664,4,211.05999999999995,4,206.31999999999996,2opt,notBad
5665,4,211.05999999999995,4,206.31999999999996,2opt,notBad
5666,4,211.05999999999995,4,206.31999999999996,move,improve
5667,4,211.05999999999995,4,206.31999999999996,2opt,notBad
5668,4,211.05999999999995,4,206.31999999999996,swap,notBad
5669,4,211.05999999999995,4,206.31999999999996,move,improve
5670,4,211.05999999999995,4,206.31999999999996,swap,notBad
5671,4,211.05999999999995,4,206.31999999999996,swap,notBad
5672,4,211.05999999999995,4,206.31999999999996,2opt,improve
5673,4,211.05999999999995,4,206.31999999999996,2opt,notBad
5674,4,211.05999999999995,4,206.31999999999996,2opt,notBad
5675,4,211.05999999999995,4,206.31999999999996,swap,notBad
5676,4,211.05999999999995,4,206.31999999999996,swap,notBad
5677,4,211.05999999999995,4,206.31999999999996,swap,notBad
5678,4,211.05999999999995,4,206.31999999999996,move,improve
5679,4,211.05999999999995,4,206.31999999999996,2opt,notBad
5680,4,211.05999999999995,4,206.31999999999996,move,improve
5681,4,211.05999999999995,4,206.31999999999996,move,improve
5682,4,211.05999999999995,4,206.31999999999996,2opt,improve
5683,4,211.17999999999992,4,206.31999999999996,2opt,acceptBad
5684,4,210.47999999999993,4,206.31999999999996,move,improve
5685,4,210.47999999999993,4,206.31999999999996,swap,notBad
5686,4,210.47999999999993,4,206.31999999999996,2opt,notBad
5687,4,210.47999999999993,4,206.31999999999996,2opt,notBad
5688,4,210.47999999999993,4,206.31999999999996,2opt,notBad
5689,4,210.47999999999993,4,206.31999999999996,2opt,notBad
5690,4,210.47999999999993,4,206.31999999999996,swap,notBad
5691,4,210.47999999999993,4,206.31999999999996,swap,notBad
5692,4,210.47999999999993,4,206.31999999999996,2opt,notBad
5693,4,210.47999999999993,4,206.31999999999996,move,improve
5694,4,210.47999999999993,4,206.31999999999996,2opt,notBad
5695,4,210.47999999999993,4,206.31999999999996,swap,notBad
5696,4,210.47999999999993,4,206.31999999999996,2opt,notBad
5697,4,210.47999999999993,4,206.31999999999996,move,improve
5698,4,210.47999999999993,4,206.31999999999996,2opt,notBad
5699,4,210.47999999999993,4,206.31999999999996,2opt,notBad
5700,4,210.47999999999993,4,206.31999999999996,swap,notBad
5701,4,210.47999999999993,4,206.31999999999996,swap,notBad
5702,4,210.47999999999993,4,206.31999999999996,2opt,notBad
5703,4,210.47999999999993,4,206.31999999999996,2opt,notBad
5704,4,210.47999999999993,4,206.31999999999996,2opt,notBad
5705,4,210.47999999999993,4,206.31999999999996,2opt,notBad
5706,4,210.47999999999993,4,206.31999999999996,2opt,notBad
5707,4,210.47999999999993,4,206.31999999999996,swap,notBad
5708,4,210.47999999999993,4,206.31999999999996,move,improve
5709,4,210.47999999999993,4,206.31999999999996,swap,notBad
5710,4,210.47999999999993,4,206.31999999999996,swap,notBad
5711,4,208.89999999999984,4,206.31999999999996,move,improve
5712,4,208.89999999999984,4,206.31999999999996,swap,notBad
5713,4,208.89999999999984,4,206.31999999999996,swap,notBad
5714,4,208.89999999999984,4,206.31999999999996,swap,notBad
5715,4,208.89999999999984,4,206.31999999999996,move,improve
5716,4,208.89999999999984,4,206.31999999999996,swap,notBad
5717,4,208.89999999999984,4,206.31999999999996,swap,notBad
5718,4,208.89999999999984,4,206.31999999999996,move,improve
5719,4,208.89999999999984,4,206.31999999999996,move,improve
5720,4,208.89999999999984,4,206.31999999999996,swap,notBad
5721,4,208.89999999999984,4,206.31999999999996,2opt,notBad
5722,4,208.89999999999984,4,206.31999999999996,2opt,notBad
5723,4,208.89999999999984,4,206.31999999999996,swap,notBad
5724,4,208.59999999999988,4,206.31999999999996,2opt,improve
5725,4,208.59999999999988,4,206.31999999999996,2opt,notBad
5726,4,208.59999999999988,4,206.31999999999996,move,improve
5727,4,208.59999999999988,4,206.31999999999996,move,improve
5728,4,206.7399999999999,4,206.31999999999996,move,improve
5729,4,206.7399999999999,4,206.31999999999996,swap,notBad
5730,4,206.7399999999999,4,206.31999999999996,swap,notBad
5731,4,206.7399999999999,4,206.31999999999996,2opt,improve
5732,4,206.7399999999999,4,206.31999999999996,2opt,improve
5733,4,206.7399999999999,4,206.31999999999996,move,improve
5734,4,206.7399999999999,4,206.31999999999996,2opt,notBad
5735,4,206.7399999999999,4,206.31999999999996,swap,notBad
5736,4,206.7399999999999,4,206.31999999999996,swap,notBad
5737,4,206.7399999999999,4,206.31999999999996,move,improve
5738,4,206.7399999999999,4,206.31999999999996,move,improve
5739,4,206.7399999999999,4,206.31999999999996,move,improve
5740,4,206.7399999999999,4,206.31999999999996,move,improve
5741,4,206.7399999999999,4,206.31999999999996,move,improve
5742,4,206.7399999999999,4,206.31999999999996,2opt,notBad
5743,4,206.7399999999999,4,206.31999999999996,2opt,notBad
5744,4,206.7399999999999,4,206.31999999999996,2opt,notBad
5745,4,206.7399999999999,4,206.31999999999996,swap,notBad
5746,4,206.7399999999999,4,206.31999999999996,swap,notBad
5747,4,206.7399999999999,4,206.31999999999996,move,improve
5748,4,206.7399999999999,4,206.31999999999996,2opt,improve
5749,4,206.7399999999999,4,206.31999999999996,2opt,notBad
5750,4,206.7399999999999,4,206.31999999999996,swap,notBad
5751,4,206.7399999999999,4,206.31999999999996,swap,notBad
5752,4,206.7399999999999,4,206.31999999999996,move,improve
5753,4,206.7399999999999,4,206.31999999999996,move,improve
5754,4,206.7399999999999,4,206.31999999999996,swap,notBad
5755,4,206.7399999999999,4,206.31999999999996,move,improve
5756,4,206.7399999999999,4,206.31999999999996,swap,notBad
5757,4,206.7399999999999,4,206.31999999999996,swap,notBad
5758,4,206.7399999999999,4,206.31999999999996,swap,notBad
5759,4,206.7399999999999,4,206.31999999999996,2opt,notBad
5760,4,206.7399999999999,4,206.31999999999996,swap,notBad
5761,4,206.7399999999999,4,206.31999999999996,2opt,notBad
5762,4,206.7399999999999,4,206.31999999999996,swap,notBad
5763,4,206.7399999999999,4,206.31999999999996,move,improve
5764,4,206.7399999999999,4,206.31999999999996,2opt,notBad
5765,4,206.7399999999999,4,206.31999999999996,2opt,notBad
5766,4,206.7399999999999,4,206.31999999999996,2opt,improve
5767,4,206.7399999999999,4,206.31999999999996,2opt,notBad
5768,4,206.7399999999999,4,206.31999999999996,move,improve
5769,4,206.7399999999999,4,206.31999999999996,move,improve
5770,4,206.7399999999999,4,206.31999999999996,move,notBad
5771,4,206.7399999999999,4,206.31999999999996,move,improve
5772,4,206.7399999999999,4,206.31999999999996,move,improve
5773,4,206.7399999999999,4,206.31999999999996,move,improve
5774,4,206.7399999999999,4,206.31999999999996,move,improve
5775,4,206.7399999999999,4,206.31999999999996,move,improve
5776,4,206.7399999999999,4,206.31999999999996,move,improve
5777,4,206.7399999999999,4,206.31999999999996,move,improve
5778,4,206.7399999999999,4,206.31999999999996,2opt,improve
5779,4,206.7399999999999,4,206.31999999999996,move,improve
5780,4,206.7399999999999,4,206.31999999999996,2opt,notBad
5781,4,206.7399999999999,4,206.31999999999996,swap,notBad
5782,4,206.7399999999999,4,206.31999999999996,swap,notBad
5783,4,206.7399999999999,4,206.31999999999996,move,improve
5784,4,206.7399999999999,4,206.31999999999996,2opt,notBad
5785,4,206.7399999999999,4,206.31999999999996,swap,notBad
5786,4,206.7399999999999,4,206.31999999999996,swap,notBad
5787,4,206.7399999999999,4,206.31999999999996,move,improve
5788,4,206.7399999999999,4,206.31999999999996,swap,notBad
5789,4,208.8099999999999,4,206.31999999999996,swap,acceptBad
5790,4,208.8099999999999,4,206.31999999999996,2opt,notBad
5791,4,208.8099999999999,4,206.31999999999996,2opt,notBad
5792,4,208.8099999999999,4,206.31999999999996,2opt,notBad
5793,4,208.8099999999999,4,206.31999999999996,move,improve
5794,4,206.7399999999999,4,206.31999999999996,move,improve
5795,4,206.7399999999999,4,206.31999999999996,swap,notBad
5796,4,206.7399999999999,4,206.31999999999996,swap,notBad
5797,4,206.7399999999999,4,206.31999999999996,swap,notBad
5798,4,206.7399999999999,4,206.31999999999996,move,improve
5799,4,206.7399999999999,4,206.31999999999996,swap,notBad
5800,4,206.7399999999999,4,206.31999999999996,move,improve
5801,4,206.7399999999999,4,206.31999999999996,move,improve
5802,4,206.7399999999999,4,206.31999999999996,2opt,notBad
5803,4,206.7399999999999,4,206.31999999999996,2opt,notBad
5804,4,206.7399999999999,4,206.31999999999996,swap,notBad
5805,4,206.7399999999999,4,206.31999999999996,move,improve
5806,4,206.7399999999999,4,206.31999999999996,swap,notBad
5807,4,206.7399999999999,4,206.31999999999996,move,improve
5808,4,206.7399999999999,4,206.31999999999996,2opt,notBad
5809,4,206.7399999999999,4,206.31999999999996,move,improve
5810,4,206.7399999999999,4,206.31999999999996,move,improve
5811,4,206.7399999999999,4,206.31999999999996,2opt,notBad
5812,4,206.7399999999999,4,206.31999999999996,2opt,notBad
5813,4,206.7399999999999,4,206.31999999999996,swap,notBad
5814,4,206.7399999999999,4,206.31999999999996,move,improve
5815,4,206.7399999999999,4,206.31999999999996,2opt,notBad
5816,4,206.7399999999999,4,206.31999999999996,2opt,notBad
5817,4,206.7399999999999,4,206.31999999999996,2opt,improve
5818,4,206.7399999999999,4,206.31999999999996,2opt,notBad
5819,4,206.7399999999999,4,206.31999999999996,move,improve
5820,4,206.7399999999999,4,206.31999999999996,2opt,improve
5821,4,206.7399999999999,4,206.31999999999996,move,improve
5822,4,206.7399999999999,4,206.31999999999996,swap,notBad
5823,4,206.7399999999999,4,206.31999999999996,swap,notBad
5824,4,206.7399999999999,4,206.31999999999996,2opt,notBad
5825,4,206.7399999999999,4,206.31999999999996,move,improve
5826,4,206.7399999999999,4,206.31999999999996,swap,notBad
5827,4,206.7399999999999,4,206.31999999999996,2opt,notBad
5828,4,206.7399999999999,4,206.31999999999996,swap,notBad
5829,4,206.7399999999999,4,206.31999999999996,swap,notBad
5830,4,206.7399999999999,4,206.31999999999996,move,improve
5831,4,206.7399999999999,4,206.31999999999996,move,improve
5832,4,206.7399999999999,4,206.31999999999996,2opt,notBad
5833,4,206.7399999999999,4,206.31999999999996,move,improve
5834,4,206.7399999999999,4,206.31999999999996,swap,notBad
5835,4,206.7399999999999,4,206.31999999999996,2opt,notBad
5836,4,206.7399999999999,4,206.31999999999996,2opt,improve
5837,4,206.7399999999999,4,206.31999999999996,move,improve
5838,4,206.7399999999999,4,206.31999999999996,move,improve
5839,4,206.7399999999999,4,206.31999999999996,2opt,notBad
5840,4,206.7399999999999,4,206.31999999999996,move,improve
5841,4,206.7399999999999,4,206.31999999999996,2opt,notBad
5842,4,206.7399999999999,4,206.31999999999996,move,improve
5843,4,206.7399999999999,4,206.31999999999996,swap,notBad
5844,4,206.7399999999999,4,206.31999999999996,move,improve
5845,4,206.7399999999999,4,206.31999999999996,move,improve
5846,4,206.7399999999999,4,206.31999999999996,2opt,notBad
5847,4,206.7399999999999,4,206.31999999999996,2opt,notBad
5848,4,206.7399999999999,4,206.31999999999996,2opt,notBad
5849,4,206.7399999999999,4,206.31999999999996,swap,notBad
5850,4,206.7399999999999,4,206.31999999999996,2opt,notBad
5851,4,206.7399999999999,4,206.31999999999996,swap,notBad
5852,4,206.7399999999999,4,206.31999999999996,move,improve
5853,4,206.7399999999999,4,206.31999999999996,2opt,notBad
5854,4,206.7399999999999,4,206.31999999999996,2opt,notBad
5855,4,206.7399999999999,4,206.31999999999996,swap,notBad
5856,4,206.7399999999999,4,206.31999999999996,swap,notBad
5857,4,206.7399999999999,4,206.31999999999996,2opt,notBad
5858,4,206.7399999999999,4,206.31999999999996,swap,notBad
5859,4,206.7399999999999,4,206.31999999999996,2opt,notBad
5860,4,206.7399999999999,4,206.31999999999996,2opt,notBad
5861,4,206.7399999999999,4,206.31999999999996,2opt,notBad
5862,4,206.7399999999999,4,206.31999999999996,swap,notBad
5863,4,206.7399999999999,4,206.31999999999996,swap,notBad
5864,4,206.7399999999999,4,206.31999999999996,2opt,notBad
5865,4,206.7399999999999,4,206.31999999999996,swap,notBad
5866,4,206.7399999999999,4,206.31999999999996,2opt,notBad
5867,4,206.7399999999999,4,206.31999999999996,2opt,notBad
5868,4,206.7399999999999,4,206.31999999999996,swap,notBad
5869,4,206.7399999999999,4,206.31999999999996,move,improve
5870,4,206.7399999999999,4,206.31999999999996,move,improve
5871,4,206.7399999999999,4,206.31999999999996,swap,notBad
5872,4,206.7399999999999,4,206.31999999999996,move,improve
5873,4,211.3899999999999,4,206.31999999999996,swap,acceptBad
5874,4,211.3899999999999,4,206.31999999999996,swap,notBad
5875,4,211.3899999999999,4,206.31999999999996,swap,notBad
5876,4,211.3899999999999,4,206.31999999999996,swap,notBad
5877,4,211.3899999999999,4,206.31999999999996,2opt,notBad
5878,4,211.3899999999999,4,206.31999999999996,swap,notBad
5879,4,206.7399999999999,4,206.31999999999996,move,improve
5880,4,206.7399999999999,4,206.31999999999996,move,improve
5881,4,206.7399999999999,4,206.31999999999996,swap,notBad
5882,4,206.7399999999999,4,206.31999999999996,swap,notBad
5883,4,206.7399999999999,4,206.31999999999996,swap,notBad
5884,4,206.7399999999999,4,206.31999999999996,swap,notBad
5885,4,206.7399999999999,4,206.31999999999996,2opt,notBad
5886,4,206.7399999999999,4,206.31999999999996,2opt,notBad
5887,4,206.7399999999999,4,206.31999999999996,swap,notBad
5888,4,206.7399999999999,4,206.31999999999996,move,improve
5889,4,206.7399999999999,4,206.31999999999996,2opt,improve
5890,4,206.7399999999999,4,206.31999999999996,swap,notBad
5891,4,206.7399999999999,4,206.31999999999996,swap,notBad
5892,4,206.7399999999999,4,206.31999999999996,2opt,notBad
5893,4,206.7399999999999,4,206.31999999999996,swap,notBad
5894,4,206.7399999999999,4,206.31999999999996,move,improve
5895,4,206.7399999999999,4,206.31999999999996,move,improve
5896,4,206.7399999999999,4,206.31999999999996,2opt,notBad
5897,4,206.7399999999999,4,206.31999999999996,2opt,notBad
5898,4,206.7399999999999,4,206.31999999999996,2opt,notBad
5899,4,206.7399999999999,4,206.31999999999996,swap,notBad
5900,4,206.7399999999999,4,206.31999999999996,move,improve
5901,4,206.7399999999999,4,206.31999999999996,2opt,notBad
5902,4,206.7399999999999,4,206.31999999999996,2opt,notBad
5903,4,206.7399999999999,4,206.31999999999996,move,improve
5904,4,206.7399999999999,4,206.31999999999996,swap,notBad
5905,4,206.7399999999999,4,206.31999999999996,2opt,notBad
5906,4,206.7399999999999,4,206.31999999999996,2opt,notBad
5907,4,206.7399999999999,4,206.31999999999996,2opt,notBad
5908,4,206.7399999999999,4,206.31999999999996,swap,notBad
5909,4,206.7399999999999,4,206.31999999999996,swap,notBad
5910,4,206.7399999999999,4,206.31999999999996,2opt,notBad
5911,4,206.7399999999999,4,206.31999999999996,move,improve
5912,4,206.7399999999999,4,206.31999999999996,move,improve
5913,4,206.7399999999999,4,206.31999999999996,2opt,notBad
5914,4,206.7399999999999,4,206.31999999999996,move,improve
5915,4,206.7399999999999,4,206.31999999999996,2opt,notBad
5916,4,206.7399999999999,4,206.31999999999996,swap,notBad
5917,4,206.7399999999999,4,206.31999999999996,2opt,notBad
5918,4,206.7399999999999,4,206.31999999999996,swap,notBad
5919,4,206.7399999999999,4,206.31999999999996,2opt,notBad
5920,4,207.03999999999985,4,206.31999999999996,2opt,acceptBad
5921,4,207.03999999999985,4,206.31999999999996,move,improve
5922,4,207.03999999999985,4,206.31999999999996,swap,notBad
5923,4,207.03999999999985,4,206.31999999999996,move,improve
5924,4,207.03999999999985,4,206.31999999999996,swap,notBad
5925,4,207.03999999999985,4,206.31999999999996,2opt,notBad
5926,4,207.03999999999985,4,206.31999999999996,move,improve
5927,4,207.03999999999985,4,206.31999999999996,2opt,notBad
5928,4,207.03999999999985,4,206.31999999999996,move,improve
5929,4,207.03999999999985,4,206.31999999999996,2opt,notBad
5930,4,207.03999999999985,4,206.31999999999996,2opt,notBad
5931,4,207.03999999999985,4,206.31999999999996,move,improve
5932,4,207.03999999999985,4,206.31999999999996,move,improve
5933,4,207.03999999999985,4,206.31999999999996,move,notBad
5934,4,207.03999999999985,4,206.31999999999996,2opt,notBad
5935,4,207.03999999999985,4,206.31999999999996,swap,notBad
5936,4,207.03999999999985,4,206.31999999999996,swap,notBad
5937,4,207.03999999999985,4,206.31999999999996,move,improve
5938,4,207.03999999999985,4,206.31999999999996,swap,notBad
5939,4,207.03999999999985,4,206.31999999999996,move,improve
5940,4,207.03999999999985,4,206.31999999999996,2opt,notBad
5941,4,207.03999999999985,4,206.31999999999996,swap,notBad
5942,4,207.03999999999985,4,206.31999999999996,swap,notBad
5943,4,207.03999999999985,4,206.31999999999996,swap,notBad
5944,4,207.03999999999985,4,206.31999999999996,move,improve
5945,4,207.03999999999985,4,206.31999999999996,2opt,notBad
5946,4,207.03999999999985,4,206.31999999999996,2opt,notBad
5947,4,207.03999999999985,4,206.31999999999996,move,improve
5948,4,207.03999999999985,4,206.31999999999996,move,improve
5949,4,207.03999999999985,4,206.31999999999996,swap,notBad
5950,4,207.03999999999985,4,206.31999999999996,move,improve
5951,4,207.03999999999985,4,206.31999999999996,move,improve
5952,4,207.03999999999985,4,206.31999999999996,2opt,notBad
5953,4,207.03999999999985,4,206.31999999999996,move,improve
5954,4,207.03999999999985,4,206.31999999999996,2opt,improve
5955,4,207.03999999999985,4,206.31999999999996,move,improve
5956,4,207.03999999999985,4,206.31999999999996,2opt,notBad
5957,4,207.03999999999985,4,206.31999999999996,swap,notBad
5958,4,207.03999999999985,4,206.31999999999996,swap,notBad
5959,4,207.03999999999985,4,206.31999999999996,move,improve
5960,4,207.03999999999985,4,206.31999999999996,move,improve
5961,4,207.03999999999985,4,206.31999999999996,move,improve
5962,4,207.03999999999985,4,206.31999999999996,move,improve
5963,4,207.03999999999985,4,206.31999999999996,swap,notBad
5964,4,207.03999999999985,4,206.31999999999996,move,improve
5965,4,207.03999999999985,4,206.31999999999996,2opt,notBad
5966,4,207.03999999999985,4,206.31999999999996,move,improve
5967,4,207.03999999999985,4,206.31999999999996,swap,notBad
5968,4,207.03999999999985,4,206.31999999999996,move,improve
5969,4,207.03999999999985,4,206.31999999999996,swap,notBad
5970,4,206.7399999999999,4,206.31999999999996,2opt,improve
5971,4,206.7399999999999,4,206.31999999999996,swap,notBad
5972,4,208.8099999999999,4,206.31999999999996,swap,acceptBad
5973,4,208.8099999999999,4,206.31999999999996,move,improve
5974,4,208.8099999999999,4,206.31999999999996,2opt,notBad
5975,4,208.8099999999999,4,206.31999999999996,2opt,notBad
5976,4,206.7399999999999,4,206.31999999999996,move,improve
5977,4,206.7399999999999,4,206.31999999999996,move,improve
5978,4,206.7399999999999,4,206.31999999999996,swap,notBad
5979,4,206.7399999999999,4,206.31999999999996,2opt,notBad
5980,4,206.7399999999999,4,206.31999999999996,move,improve
5981,4,206.7399999999999,4,206.31999999999996,swap,notBad
5982,4,206.7399999999999,4,206.31999999999996,move,improve
5983,4,206.7399999999999,4,206.31999999999996,2opt,notBad
5984,4,206.7399999999999,4,206.31999999999996,swap,notBad
5985,4,206.7399999999999,4,206.31999999999996,swap,notBad
5986,4,206.7399999999999,4,206.31999999999996,move,improve
5987,4,206.7399999999999,4,206.31999999999996,swap,notBad
5988,4,206.7399999999999,4,206.31999999999996,2opt,improve
5989,4,206.7399999999999,4,206.31999999999996,swap,notBad
5990,4,206.7399999999999,4,206.31999999999996,swap,notBad
5991,4,206.7399999999999,4,206.31999999999996,move,improve
5992,4,206.7399999999999,4,206.31999999999996,swap,notBad
5993,4,206.7399999999999,4,206.31999999999996,swap,notBad
5994,4,206.7399999999999,4,206.31999999999996,2opt,improve
5995,4,206.7399999999999,4,206.31999999999996,move,improve
5996,4,206.7399999999999,4,206.31999999999996,2opt,notBad
5997,4,206.7399999999999,4,206.31999999999996,2opt,notBad
5998,4,206.7399999999999,4,206.31999999999996,2opt,notBad
5999,4,206.7399999999999,4,206.31999999999996,2opt,notBad
6000,4,206.7399999999999,4,206.31999999999996,2opt,notBad
6001,4,206.7399999999999,4,206.31999999999996,2opt,notBad
6002,4,206.7399999999999,4,206.31999999999996,swap,notBad
6003,4,206.7399999999999,4,206.31999999999996,swap,notBad
6004,4,206.7399999999999,4,206.31999999999996,move,improve
6005,4,206.7399999999999,4,206.31999999999996,2opt,notBad
6006,4,206.7399999999999,4,206.31999999999996,swap,notBad
6007,4,206.7399999999999,4,206.31999999999996,2opt,notBad
6008,4,206.7399999999999,4,206.31999999999996,swap,notBad
6009,4,206.7399999999999,4,206.31999999999996,swap,notBad
6010,4,206.7399999999999,4,206.31999999999996,swap,notBad
6011,4,206.7399999999999,4,206.31999999999996,swap,notBad
6012,4,206.7399999999999,4,206.31999999999996,move,improve
6013,4,206.7399999999999,4,206.31999999999996,2opt,notBad
6014,4,206.7399999999999,4,206.31999999999996,2opt,notBad
6015,4,206.7399999999999,4,206.31999999999996,move,improve
6016,4,206.7399999999999,4,206.31999999999996,2opt,improve
6017,4,206.7399999999999,4,206.31999999999996,move,improve
6018,4,206.7399999999999,4,206.31999999999996,2opt,notBad
6019,4,206.7399999999999,4,206.31999999999996,swap,notBad
6020,4,208.59999999999988,4,206.31999999999996,swap,acceptBad
6021,4,208.59999999999988,4,206.31999999999996,move,improve
6022,4,208.59999999999988,4,206.31999999999996,swap,notBad
6023,4,208.59999999999988,4,206.31999999999996,swap,notBad
6024,4,208.59999999999988,4,206.31999999999996,2opt,notBad
6025,4,208.59999999999988,4,206.31999999999996,swap,notBad
6026,4,208.59999999999988,4,206.31999999999996,2opt,notBad
6027,4,208.59999999999988,4,206.31999999999996,move,improve
6028,4,208.59999999999988,4,206.31999999999996,2opt,notBad
6029,4,208.59999999999988,4,206.31999999999996,2opt,notBad
6030,4,208.59999999999988,4,206.31999999999996,move,notBad
6031,4,208.59999999999988,4,206.31999999999996,swap,notBad
6032,4,208.59999999999988,4,206.31999999999996,swap,notBad
6033,4,208.59999999999988,4,206.31999999999996,move,improve
6034,4,208.59999999999988,4,206.31999999999996,swap,notBad
6035,4,208.59999999999988,4,206.31999999999996,move,improve
6036,4,208.59999999999988,4,206.31999999999996,swap,notBad
6037,4,208.59999999999988,4,206.31999999999996,move,improve
6038,4,208.59999999999988,4,206.31999999999996,move,improve
6039,4,208.59999999999988,4,206.31999999999996,2opt,improve
6040,4,208.59999999999988,4,206.31999999999996,2opt,notBad
6041,4,208.59999999999988,4,206.31999999999996,move,improve
6042,4,208.59999999999988,4,206.31999999999996,2opt,notBad
6043,4,208.59999999999988,4,206.31999999999996,swap,notBad
6044,4,208.59999999999988,4,206.31999999999996,2opt,notBad
6045,4,208.59999999999988,4,206.31999999999996,2opt,notBad
6046,4,208.59999999999988,4,206.31999999999996,move,improve
6047,4,208.59999999999988,4,206.31999999999996,swap,notBad
6048,4,208.59999999999988,4,206.31999999999996,move,improve
6049,4,208.59999999999988,4,206.31999999999996,swap,notBad
6050,4,208.59999999999988,4,206.31999999999996,move,improve
6051,4,208.59999999999988,4,206.31999999999996,move,improve
6052,4,208.59999999999988,4,206.31999999999996,swap,notBad
6053,4,208.59999999999988,4,206.31999999999996,move,improve
6054,4,208.59999999999988,4,206.31999999999996,move,improve
6055,4,208.59999999999988,4,206.31999999999996,2opt,notBad
6056,4,208.59999999999988,4,206.31999999999996,swap,notBad
6057,4,208.59999999999988,4,206.31999999999996,2opt,improve
6058,4,208.59999999999988,4,206.31999999999996,swap,notBad
6059,4,208.59999999999988,4,206.31999999999996,swap,notBad
6060,4,208.59999999999988,4,206.31999999999996,swap,notBad
6061,4,208.59999999999988,4,206.31999999999996,2opt,notBad
6062,4,208.59999999999988,4,206.31999999999996,swap,notBad
6063,4,208.59999999999988,4,206.31999999999996,2opt,notBad
6064,4,208.59999999999988,4,206.31999999999996,2opt,notBad
6065,4,208.59999999999988,4,206.31999999999996,2opt,notBad
6066,4,208.59999999999988,4,206.31999999999996,move,improve
6067,4,210.66999999999987,4,206.31999999999996,swap,acceptBad
6068,4,210.66999999999987,4,206.31999999999996,2opt,notBad
6069,4,210.66999999999987,4,206.31999999999996,move,improve
6070,4,210.66999999999987,4,206.31999999999996,2opt,notBad
6071,4,210.66999999999987,4,206.31999999999996,move,notBad
6072,4,210.66999999999987,4,206.31999999999996,2opt,notBad
6073,4,210.66999999999987,4,206.31999999999996,swap,notBad
6074,4,210.66999999999987,4,206.31999999999996,2opt,notBad
6075,4,210.66999999999987,4,206.31999999999996,swap,notBad
6076,4,210.66999999999987,4,206.31999999999996,2opt,notBad
6077,4,210.66999999999987,4,206.31999999999996,2opt,notBad
6078,4,210.66999999999987,4,206.31999999999996,move,improve
6079,4,210.66999999999987,4,206.31999999999996,2opt,notBad
6080,4,210.66999999999987,4,206.31999999999996,2opt,notBad
6081,4,210.66999999999987,4,206.31999999999996,2opt,notBad
6082,4,210.66999999999987,4,206.31999999999996,2opt,notBad
6083,4,210.66999999999987,4,206.31999999999996,move,improve
6084,4,210.66999999999987,4,206.31999999999996,move,improve
6085,4,210.66999999999987,4,206.31999999999996,move,improve
6086,4,210.66999999999987,4,206.31999999999996,move,improve
6087,4,210.66999999999987,4,206.31999999999996,2opt,notBad
6088,4,210.66999999999987,4,206.31999999999996,swap,notBad
6089,4,210.66999999999987,4,206.31999999999996,swap,notBad
6090,4,210.66999999999987,4,206.31999999999996,swap,notBad
6091,4,210.66999999999987,4,206.31999999999996,swap,notBad
6092,4,208.59999999999988,4,206.31999999999996,move,improve
6093,4,208.59999999999988,4,206.31999999999996,swap,notBad
6094,4,208.59999999999988,4,206.31999999999996,2opt,notBad
6095,4,208.59999999999988,4,206.31999999999996,swap,notBad
6096,4,208.59999999999988,4,206.31999999999996,2opt,notBad
6097,4,208.59999999999988,4,206.31999999999996,2opt,notBad
6098,4,208.59999999999988,4,206.31999999999996,2opt,improve
6099,4,208.59999999999988,4,206.31999999999996,move,notBad
6100,4,208.59999999999988,4,206.31999999999996,move,improve
6101,4,208.59999999999988,4,206.31999999999996,2opt,improve
6102,4,208.59999999999988,4,206.31999999999996,swap,notBad
6103,4,208.59999999999988,4,206.31999999999996,move,improve
6104,4,208.59999999999988,4,206.31999999999996,swap,notBad
6105,4,208.59999999999988,4,206.31999999999996,2opt,notBad
6106,4,208.59999999999988,4,206.31999999999996,move,improve
6107,4,208.59999999999988,4,206.31999999999996,move,improve
6108,4,208.59999999999988,4,206.31999999999996,move,improve
6109,4,208.59999999999988,4,206.31999999999996,swap,notBad
6110,4,208.59999999999988,4,206.31999999999996,swap,notBad
6111,4,208.59999999999988,4,206.31999999999996,swap,notBad
6112,4,208.59999999999988,4,206.31999999999996,2opt,notBad
6113,4,208.59999999999988,4,206.31999999999996,move,improve
6114,4,208.59999999999988,4,206.31999999999996,2opt,improve
6115,4,208.59999999999988,4,206.31999999999996,swap,notBad
6116,4,208.59999999999988,4,206.31999999999996,2opt,notBad
6117,4,208.59999999999988,4,206.31999999999996,swap,notBad
6118,4,208.59999999999988,4,206.31999999999996,move,improve
6119,4,208.59999999999988,4,206.31999999999996,swap,notBad
6120,4,208.59999999999988,4,206.31999999999996,2opt,notBad
6121,4,208.59999999999988,4,206.31999999999996,move,improve
6122,4,208.59999999999988,4,206.31999999999996,swap,notBad
6123,4,208.59999999999988,4,206.31999999999996,2opt,notBad
6124,4,208.59999999999988,4,206.31999999999996,swap,notBad
6125,4,208.59999999999988,4,206.31999999999996,swap,notBad
6126,4,208.59999999999988,4,206.31999999999996,2opt,notBad
6127,4,208.59999999999988,4,206.31999999999996,swap,notBad
6128,4,208.59999999999988,4,206.31999999999996,2opt,improve
6129,4,208.59999999999988,4,206.31999999999996,move,improve
6130,4,208.59999999999988,4,206.31999999999996,swap,notBad
6131,4,208.59999999999988,4,206.31999999999996,move,improve
6132,4,208.59999999999988,4,206.31999999999996,2opt,notBad
6133,4,208.59999999999988,4,206.31999999999996,2opt,notBad
6134,4,208.59999999999988,4,206.31999999999996,move,improve
6135,4,208.59999999999988,4,206.31999999999996,2opt,notBad
6136,4,208.59999999999988,4,206.31999999999996,move,improve
6137,4,208.59999999999988,4,206.31999999999996,swap,notBad
6138,4,208.59999999999988,4,206.31999999999996,2opt,notBad
6139,4,208.59999999999988,4,206.31999999999996,swap,notBad
6140,4,208.59999999999988,4,206.31999999999996,swap,notBad
6141,4,208.59999999999988,4,206.31999999999996,2opt,notBad
6142,4,208.59999999999988,4,206.31999999999996,move,improve
6143,4,208.59999999999988,4,206.31999999999996,swap,notBad
6144,4,208.59999999999988,4,206.31999999999996,swap,notBad
6145,4,208.59999999999988,4,206.31999999999996,move,improve
6146,4,208.59999999999988,4,206.31999999999996,move,improve
6147,4,208.59999999999988,4,206.31999999999996,swap,notBad
6148,4,208.59999999999988,4,206.31999999999996,move,improve
6149,4,208.59999999999988,4,206.31999999999996,move,improve
6150,4,208.59999999999988,4,206.31999999999996,move,improve
6151,4,208.59999999999988,4,206.31999999999996,swap,notBad
6152,4,208.59999999999988,4,206.31999999999996,swap,notBad
6153,4,208.59999999999988,4,206.31999999999996,move,improve
6154,4,208.59999999999988,4,206.31999999999996,2opt,notBad
6155,4,208.59999999999988,4,206.31999999999996,swap,notBad
6156,4,208.59999999999988,4,206.31999999999996,move,notBad
6157,4,208.59999999999988,4,206.31999999999996,2opt,notBad
6158,4,208.59999999999988,4,206.31999999999996,move,improve
6159,4,208.59999999999988,4,206.31999999999996,2opt,notBad
6160,4,208.59999999999988,4,206.31999999999996,move,improve
6161,4,208.59999999999988,4,206.31999999999996,move,notBad
6162,4,208.59999999999988,4,206.31999999999996,move,improve
6163,4,208.59999999999988,4,206.31999999999996,2opt,notBad
6164,4,208.59999999999988,4,206.31999999999996,2opt,notBad
6165,4,208.59999999999988,4,206.31999999999996,swap,notBad
6166,4,208.59999999999988,4,206.31999999999996,swap,notBad
6167,4,208.59999999999988,4,206.31999999999996,swap,notBad
6168,4,208.59999999999988,4,206.31999999999996,2opt,notBad
6169,4,208.59999999999988,4,206.31999999999996,2opt,notBad
6170,4,208.59999999999988,4,206.31999999999996,2opt,notBad
6171,4,208.59999999999988,4,206.31999999999996,swap,notBad
6172,4,208.59999999999988,4,206.31999999999996,2opt,notBad
6173,4,208.59999999999988,4,206.31999999999996,move,improve
6174,4,208.59999999999988,4,206.31999999999996,2opt,notBad
6175,4,208.59999999999988,4,206.31999999999996,swap,notBad
6176,4,208.59999999999988,4,206.31999999999996,move,improve
6177,4,208.59999999999988,4,206.31999999999996,2opt,notBad
6178,4,208.59999999999988,4,206.31999999999996,swap,notBad
6179,4,208.59999999999988,4,206.31999999999996,swap,notBad
6180,4,208.59999999999988,4,206.31999999999996,2opt,notBad
6181,4,208.59999999999988,4,206.31999999999996,2opt,improve
6182,4,208.59999999999988,4,206.31999999999996,2opt,notBad
6183,4,208.59999999999988,4,206.31999999999996,2opt,notBad
6184,4,208.59999999999988,4,206.31999999999996,2opt,notBad
6185,4,208.59999999999988,4,206.31999999999996,2opt,notBad
6186,4,208.59999999999988,4,206.31999999999996,2opt,notBad
6187,4,208.59999999999988,4,206.31999999999996,swap,notBad
6188,4,208.59999999999988,4,206.31999999999996,2opt,improve
6189,4,208.59999999999988,4,206.31999999999996,2opt,notBad
6190,4,208.59999999999988,4,206.31999999999996,swap,notBad
6191,4,208.59999999999988,4,206.31999999999996,swap,notBad
6192,4,208.59999999999988,4,206.31999999999996,2opt,notBad
6193,4,208.59999999999988,4,206.31999999999996,2opt,notBad
6194,4,208.59999999999988,4,206.31999999999996,move,improve
6195,4,208.59999999999988,4,206.31999999999996,swap,notBad
6196,4,208.59999999999988,4,206.31999999999996,2opt,notBad
6197,4,209.1099999999999,4,206.31999999999996,swap,acceptBad
6198,4,209.1099999999999,4,206.31999999999996,2opt,notBad
6199,4,209.1099999999999,4,206.31999999999996,move,improve
6200,4,209.1099999999999,4,206.31999999999996,move,improve
6201,4,209.1099999999999,4,206.31999999999996,swap,notBad
6202,4,209.1099999999999,4,206.31999999999996,2opt,improve
6203,4,209.1099999999999,4,206.31999999999996,move,improve
6204,4,209.1099999999999,4,206.31999999999996,move,improve
6205,4,209.1099999999999,4,206.31999999999996,move,improve
6206,4,209.1099999999999,4,206.31999999999996,move,improve
6207,4,209.1099999999999,4,206.31999999999996,swap,notBad
6208,4,209.1099999999999,4,206.31999999999996,2opt,notBad
6209,4,209.1099999999999,4,206.31999999999996,swap,notBad
6210,4,209.1099999999999,4,206.31999999999996,swap,notBad
6211,4,209.1099999999999,4,206.31999999999996,move,improve
6212,4,209.1099999999999,4,206.31999999999996,move,improve
6213,4,209.1099999999999,4,206.31999999999996,move,improve
6214,4,209.1099999999999,4,206.31999999999996,2opt,improve
6215,4,209.1099999999999,4,206.31999999999996,swap,notBad
6216,4,209.1099999999999,4,206.31999999999996,2opt,notBad
6217,4,209.1099999999999,4,206.31999999999996,swap,notBad
6218,4,209.1099999999999,4,206.31999999999996,swap,notBad
6219,4,209.1099999999999,4,206.31999999999996,swap,notBad
6220,4,209.1099999999999,4,206.31999999999996,move,improve
6221,4,209.1099999999999,4,206.31999999999996,swap,notBad
6222,4,209.1099999999999,4,206.31999999999996,swap,notBad
6223,4,209.1099999999999,4,206.31999999999996,swap,notBad
6224,4,209.1099999999999,4,206.31999999999996,2opt,notBad
6225,4,209.1099999999999,4,206.31999999999996,move,improve
6226,4,209.1099999999999,4,206.31999999999996,2opt,notBad
6227,4,209.1099999999999,4,206.31999999999996,move,improve
6228,4,209.1099999999999,4,206.31999999999996,swap,notBad
6229,4,209.1099999999999,4,206.31999999999996,swap,notBad
6230,4,209.1099999999999,4,206.31999999999996,move,improve
6231,4,209.1099999999999,4,206.31999999999996,move,improve
6232,4,209.1099999999999,4,206.31999999999996,move,improve
6233,4,209.1099999999999,4,206.31999999999996,2opt,notBad
6234,4,209.1099999999999,4,206.31999999999996,2opt,notBad
6235,4,209.1099999999999,4,206.31999999999996,move,improve
6236,4,209.1099999999999,4,206.31999999999996,2opt,notBad
6237,4,209.1099999999999,4,206.31999999999996,move,improve
6238,4,209.1099999999999,4,206.31999999999996,swap,notBad
6239,4,209.1099999999999,4,206.31999999999996,2opt,notBad
6240,4,209.1099999999999,4,206.31999999999996,swap,notBad
6241,4,209.1099999999999,4,206.31999999999996,swap,notBad
6242,4,209.1099999999999,4,206.31999999999996,2opt,notBad
6243,4,209.1099999999999,4,206.31999999999996,2opt,notBad
6244,4,209.1099999999999,4,206.31999999999996,move,improve
6245,4,209.1099999999999,4,206.31999999999996,swap,notBad
6246,4,209.1099999999999,4,206.31999999999996,2opt,notBad
6247,4,209.1099999999999,4,206.31999999999996,2opt,notBad
6248,4,209.1099999999999,4,206.31999999999996,move,improve
6249,4,209.1099999999999,4,206.31999999999996,swap,notBad
6250,4,209.1099999999999,4,206.31999999999996,swap,notBad
6251,4,209.1099999999999,4,206.31999999999996,swap,notBad
6252,4,209.1099999999999,4,206.31999999999996,move,improve
6253,4,208.59999999999988,4,206.31999999999996,move,improve
6254,4,208.59999999999988,4,206.31999999999996,2opt,notBad
6255,4,208.59999999999988,4,206.31999999999996,2opt,notBad
6256,4,208.59999999999988,4,206.31999999999996,2opt,notBad
6257,4,208.59999999999988,4,206.31999999999996,swap,notBad
6258,4,208.59999999999988,4,206.31999999999996,move,improve
6259,4,208.59999999999988,4,206.31999999999996,swap,notBad
6260,4,208.59999999999988,4,206.31999999999996,swap,notBad
6261,4,208.59999999999988,4,206.31999999999996,swap,notBad
6262,4,208.59999999999988,4,206.31999999999996,move,improve
6263,4,208.59999999999988,4,206.31999999999996,swap,notBad
6264,4,208.59999999999988,4,206.31999999999996,2opt,notBad
6265,4,210.66999999999987,4,206.31999999999996,swap,acceptBad
6266,4,208.59999999999988,4,206.31999999999996,move,improve
6267,4,208.59999999999988,4,206.31999999999996,swap,notBad
6268,4,208.59999999999988,4,206.31999999999996,swap,notBad
6269,4,208.59999999999988,4,206.31999999999996,2opt,notBad
6270,4,208.59999999999988,4,206.31999999999996,2opt,notBad
6271,4,208.59999999999988,4,206.31999999999996,move,improve
6272,4,208.59999999999988,4,206.31999999999996,swap,notBad
6273,4,208.59999999999988,4,206.31999999999996,swap,notBad
6274,4,208.59999999999988,4,206.31999999999996,swap,notBad
6275,4,208.59999999999988,4,206.31999999999996,swap,notBad
6276,4,208.59999999999988,4,206.31999999999996,swap,notBad
6277,4,208.59999999999988,4,206.31999999999996,swap,notBad
6278,4,208.59999999999988,4,206.31999999999996,2opt,notBad
6279,4,208.59999999999988,4,206.31999999999996,2opt,improve
6280,4,208.59999999999988,4,206.31999999999996,2opt,improve
6281,4,208.59999999999988,4,206.31999999999996,swap,notBad
6282,4,208.59999999999988,4,206.31999999999996,swap,notBad
6283,4,208.59999999999988,4,206.31999999999996,2opt,notBad
6284,4,208.59999999999988,4,206.31999999999996,swap,notBad
6285,4,208.59999999999988,4,206.31999999999996,2opt,notBad
6286,4,208.59999999999988,4,206.31999999999996,move,improve
6287,4,208.59999999999988,4,206.31999999999996,swap,notBad
6288,4,208.59999999999988,4,206.31999999999996,2opt,notBad
6289,4,208.59999999999988,4,206.31999999999996,move,improve
6290,4,208.59999999999988,4,206.31999999999996,swap,notBad
6291,4,208.59999999999988,4,206.31999999999996,move,improve
6292,4,208.59999999999988,4,206.31999999999996,move,improve
6293,4,208.59999999999988,4,206.31999999999996,swap,notBad
6294,4,208.59999999999988,4,206.31999999999996,2opt,improve
6295,4,206.7399999999999,4,206.31999999999996,move,improve
6296,4,206.7399999999999,4,206.31999999999996,move,improve
6297,4,206.7399999999999,4,206.31999999999996,swap,notBad
6298,4,206.7399999999999,4,206.31999999999996,move,improve
6299,4,206.7399999999999,4,206.31999999999996,swap,notBad
6300,4,206.7399999999999,4,206.31999999999996,2opt,notBad
6301,4,206.7399999999999,4,206.31999999999996,move,improve
6302,4,206.7399999999999,4,206.31999999999996,swap,notBad
6303,4,206.7399999999999,4,206.31999999999996,move,notBad
6304,4,206.7399999999999,4,206.31999999999996,move,improve
6305,4,206.7399999999999,4,206.31999999999996,2opt,notBad
6306,4,206.7399999999999,4,206.31999999999996,swap,notBad
6307,4,206.7399999999999,4,206.31999999999996,2opt,notBad
6308,4,206.7399999999999,4,206.31999999999996,move,improve
6309,4,206.7399999999999,4,206.31999999999996,2opt,notBad
6310,4,206.7399999999999,4,206.31999999999996,2opt,notBad
6311,4,206.7399999999999,4,206.31999999999996,move,notBad
6312,4,206.7399999999999,4,206.31999999999996,2opt,notBad
6313,4,206.7399999999999,4,206.31999999999996,move,improve
6314,4,206.7399999999999,4,206.31999999999996,swap,notBad
6315,4,206.7399999999999,4,206.31999999999996,2opt,notBad
6316,4,206.7399999999999,4,206.31999999999996,swap,notBad
6317,4,206.7399999999999,4,206.31999999999996,move,improve
6318,4,206.7399999999999,4,206.31999999999996,2opt,notBad
6319,4,206.7399999999999,4,206.31999999999996,swap,notBad
6320,4,206.7399999999999,4,206.31999999999996,swap,notBad
6321,4,206.7399999999999,4,206.31999999999996,move,improve
6322,4,206.7399999999999,4,206.31999999999996,move,improve
6323,4,206.7399999999999,4,206.31999999999996,2opt,notBad
6324,4,206.7399999999999,4,206.31999999999996,swap,notBad
6325,4,206.7399999999999,4,206.31999999999996,swap,notBad
6326,4,206.7399999999999,4,206.31999999999996,2opt,notBad
6327,4,206.7399999999999,4,206.31999999999996,move,improve
6328,4,206.7399999999999,4,206.31999999999996,swap,notBad
6329,4,206.7399999999999,4,206.31999999999996,move,improve
6330,4,206.7399999999999,4,206.31999999999996,move,improve
6331,4,206.7399999999999,4,206.31999999999996,move,improve
6332,4,206.7399999999999,4,206.31999999999996,move,improve
6333,4,206.7399999999999,4,206.31999999999996,move,improve
6334,4,206.7399999999999,4,206.31999999999996,swap,notBad
6335,4,206.7399999999999,4,206.31999999999996,2opt,notBad
6336,4,206.7399999999999,4,206.31999999999996,move,improve
6337,4,206.7399999999999,4,206.31999999999996,swap,notBad
6338,4,206.7399999999999,4,206.31999999999996,move,improve
6339,4,206.7399999999999,4,206.31999999999996,swap,notBad
6340,4,206.7399999999999,4,206.31999999999996,2opt,notBad
6341,4,206.7399999999999,4,206.31999999999996,2opt,improve
6342,4,206.7399999999999,4,206.31999999999996,swap,notBad
6343,4,206.7399999999999,4,206.31999999999996,2opt,improve
6344,4,206.7399999999999,4,206.31999999999996,2opt,notBad
6345,4,206.7399999999999,4,206.31999999999996,move,improve
6346,4,208.8099999999999,4,206.31999999999996,swap,acceptBad
6347,4,208.8099999999999,4,206.31999999999996,swap,notBad
6348,4,208.8099999999999,4,206.31999999999996,swap,notBad
6349,4,208.8099999999999,4,206.31999999999996,swap,notBad
6350,4,208.8099999999999,4,206.31999999999996,swap,notBad
6351,4,208.8099999999999,4,206.31999999999996,swap,notBad
6352,4,208.8099999999999,4,206.31999999999996,move,improve
6353,4,208.8099999999999,4,206.31999999999996,move,improve
6354,4,208.8099999999999,4,206.31999999999996,move,improve
6355,4,208.8099999999999,4,206.31999999999996,move,improve
6356,4,208.8099999999999,4,206.31999999999996,move,improve
6357,4,208.8099999999999,4,206.31999999999996,2opt,notBad
6358,4,208.8099999999999,4,206.31999999999996,swap,notBad
6359,4,208.8099999999999,4,206.31999999999996,move,improve
6360,4,208.8099999999999,4,206.31999999999996,2opt,notBad
6361,4,208.8099999999999,4,206.31999999999996,move,improve
6362,4,208.8099999999999,4,206.31999999999996,swap,notBad
6363,4,208.8099999999999,4,206.31999999999996,move,improve
6364,4,208.8099999999999,4,206.31999999999996,swap,notBad
6365,4,208.8099999999999,4,206.31999999999996,2opt,improve
6366,4,208.8099999999999,4,206.31999999999996,move,improve
6367,4,208.8099999999999,4,206.31999999999996,move,improve
6368,4,208.8099999999999,4,206.31999999999996,2opt,improve
6369,4,208.8099999999999,4,206.31999999999996,move,improve
6370,4,208.8099999999999,4,206.31999999999996,move,improve
6371,4,208.8099999999999,4,206.31999999999996,swap,notBad
6372,4,208.8099999999999,4,206.31999999999996,move,improve
6373,4,208.8099999999999,4,206.31999999999996,move,improve
6374,4,208.8099999999999,4,206.31999999999996,2opt,notBad
6375,4,208.8099999999999,4,206.31999999999996,swap,notBad
6376,4,208.8099999999999,4,206.31999999999996,move,improve
6377,4,208.8099999999999,4,206.31999999999996,2opt,notBad
6378,4,208.8099999999999,4,206.31999999999996,move,improve
6379,4,208.8099999999999,4,206.31999999999996,move,improve
6380,4,208.8099999999999,4,206.31999999999996,swap,notBad
6381,4,208.8099999999999,4,206.31999999999996,move,improve
6382,4,208.8099999999999,4,206.31999999999996,2opt,notBad
6383,4,208.8099999999999,4,206.31999999999996,2opt,notBad
6384,4,208.8099999999999,4,206.31999999999996,2opt,notBad
6385,4,208.8099999999999,4,206.31999999999996,2opt,notBad
6386,4,208.8099999999999,4,206.31999999999996,move,improve
6387,4,208.8099999999999,4,206.31999999999996,move,improve
6388,4,208.8099999999999,4,206.31999999999996,swap,notBad
6389,4,208.8099999999999,4,206.31999999999996,swap,notBad
6390,4,208.8099999999999,4,206.31999999999996,swap,notBad
6391,4,208.8099999999999,4,206.31999999999996,2opt,notBad
6392,4,208.8099999999999,4,206.31999999999996,swap,notBad
6393,4,208.8099999999999,4,206.31999999999996,swap,notBad
6394,4,208.8099999999999,4,206.31999999999996,move,improve
6395,4,208.8099999999999,4,206.31999999999996,swap,notBad
6396,4,206.7399999999999,4,206.31999999999996,move,improve
6397,4,206.7399999999999,4,206.31999999999996,swap,notBad
6398,4,206.7399999999999,4,206.31999999999996,2opt,notBad
6399,4,206.7399999999999,4,206.31999999999996,move,improve
6400,4,206.7399999999999,4,206.31999999999996,move,improve
6401,4,206.7399999999999,4,206.31999999999996,swap,notBad
6402,4,206.7399999999999,4,206.31999999999996,2opt,notBad
6403,4,206.7399999999999,4,206.31999999999996,2opt,improve
6404,4,206.7399999999999,4,206.31999999999996,move,improve
6405,4,206.7399999999999,4,206.31999999999996,2opt,notBad
6406,4,206.7399999999999,4,206.31999999999996,move,improve
6407,4,206.7399999999999,4,206.31999999999996,swap,notBad
6408,4,206.7399999999999,4,206.31999999999996,swap,notBad
6409,4,206.7399999999999,4,206.31999999999996,2opt,notBad
6410,4,206.7399999999999,4,206.31999999999996,2opt,notBad
6411,4,206.7399999999999,4,206.31999999999996,swap,notBad
6412,4,206.7399999999999,4,206.31999999999996,swap,notBad
6413,4,206.7399999999999,4,206.31999999999996,2opt,notBad
6414,4,206.7399999999999,4,206.31999999999996,swap,notBad
6415,4,206.7399999999999,4,206.31999999999996,2opt,notBad
6416,4,206.7399999999999,4,206.31999999999996,move,improve
6417,4,206.7399999999999,4,206.31999999999996,2opt,improve
6418,4,206.7399999999999,4,206.31999999999996,move,improve
6419,4,206.7399999999999,4,206.31999999999996,2opt,improve
6420,4,206.7399999999999,4,206.31999999999996,2opt,notBad
6421,4,206.7399999999999,4,206.31999999999996,swap,notBad
6422,4,206.7399999999999,4,206.31999999999996,swap,notBad
6423,4,206.7399999999999,4,206.31999999999996,swap,notBad
6424,4,206.7399999999999,4,206.31999999999996,2opt,notBad
6425,4,206.7399999999999,4,206.31999999999996,swap,notBad
6426,4,206.7399999999999,4,206.31999999999996,2opt,notBad
6427,4,206.7399999999999,4,206.31999999999996,move,improve
6428,4,206.7399999999999,4,206.31999999999996,swap,notBad
6429,4,206.7399999999999,4,206.31999999999996,move,improve
6430,4,206.7399999999999,4,206.31999999999996,swap,notBad
6431,4,206.7399999999999,4,206.31999999999996,2opt,notBad
6432,4,206.7399999999999,4,206.31999999999996,swap,notBad
6433,4,206.7399999999999,4,206.31999999999996,swap,notBad
6434,4,206.7399999999999,4,206.31999999999996,move,improve
6435,4,206.7399999999999,4,206.31999999999996,swap,notBad
6436,4,206.7399999999999,4,206.31999999999996,swap,notBad
6437,4,206.7399999999999,4,206.31999999999996,move,improve
6438,4,206.7399999999999,4,206.31999999999996,swap,notBad
6439,4,206.7399999999999,4,206.31999999999996,swap,notBad
6440,4,206.7399999999999,4,206.31999999999996,2opt,notBad
6441,4,206.7399999999999,4,206.31999999999996,2opt,notBad
6442,4,206.7399999999999,4,206.31999999999996,swap,notBad
6443,4,206.7399999999999,4,206.31999999999996,move,improve
6444,4,206.7399999999999,4,206.31999999999996,move,improve
6445,4,206.7399999999999,4,206.31999999999996,2opt,notBad
6446,4,206.7399999999999,4,206.31999999999996,move,improve
6447,4,206.7399999999999,4,206.31999999999996,swap,notBad
6448,4,206.7399999999999,4,206.31999999999996,2opt,notBad
6449,4,206.7399999999999,4,206.31999999999996,2opt,improve
6450,4,206.7399999999999,4,206.31999999999996,move,improve
6451,4,206.7399999999999,4,206.31999999999996,move,improve
6452,4,206.7399999999999,4,206.31999999999996,move,improve
6453,4,206.7399999999999,4,206.31999999999996,swap,notBad
6454,4,206.7399999999999,4,206.31999999999996,move,improve
6455,4,206.7399999999999,4,206.31999999999996,2opt,notBad
6456,4,206.7399999999999,4,206.31999999999996,2opt,improve
6457,4,206.7399999999999,4,206.31999999999996,move,improve
6458,4,206.7399999999999,4,206.31999999999996,swap,notBad
6459,4,206.7399999999999,4,206.31999999999996,2opt,notBad
6460,4,206.7399999999999,4,206.31999999999996,swap,notBad
6461,4,206.7399999999999,4,206.31999999999996,2opt,notBad
6462,4,206.7399999999999,4,206.31999999999996,2opt,notBad
6463,4,206.7399999999999,4,206.31999999999996,move,improve
6464,4,206.7399999999999,4,206.31999999999996,swap,notBad
6465,4,206.7399999999999,4,206.31999999999996,2opt,notBad
6466,4,206.7399999999999,4,206.31999999999996,swap,notBad
6467,4,206.7399999999999,4,206.31999999999996,2opt,notBad
6468,4,206.7399999999999,4,206.31999999999996,move,improve
6469,4,206.7399999999999,4,206.31999999999996,2opt,notBad
6470,4,206.7399999999999,4,206.31999999999996,move,improve
6471,4,206.7399999999999,4,206.31999999999996,2opt,notBad
6472,4,206.7399999999999,4,206.31999999999996,swap,notBad
6473,4,206.7399999999999,4,206.31999999999996,2opt,notBad
6474,4,206.7399999999999,4,206.31999999999996,swap,notBad
6475,4,206.7399999999999,4,206.31999999999996,move,improve
6476,4,206.7399999999999,4,206.31999999999996,2opt,improve
6477,4,206.7399999999999,4,206.31999999999996,2opt,notBad
6478,4,206.7399999999999,4,206.31999999999996,2opt,notBad
6479,4,206.7399999999999,4,206.31999999999996,move,improve
6480,4,207.24999999999991,4,206.31999999999996,swap,acceptBad
6481,4,207.24999999999991,4,206.31999999999996,2opt,notBad
6482,4,207.24999999999991,4,206.31999999999996,swap,notBad
6483,4,207.24999999999991,4,206.31999999999996,swap,notBad
6484,4,207.24999999999991,4,206.31999999999996,2opt,notBad
6485,4,207.24999999999991,4,206.31999999999996,move,improve
6486,4,207.24999999999991,4,206.31999999999996,2opt,notBad
6487,4,207.24999999999991,4,206.31999999999996,move,improve
6488,4,207.24999999999991,4,206.31999999999996,2opt,notBad
6489,4,207.24999999999991,4,206.31999999999996,swap,notBad
6490,4,207.24999999999991,4,206.31999999999996,swap,notBad
6491,4,207.24999999999991,4,206.31999999999996,move,improve
6492,4,207.24999999999991,4,206.31999999999996,swap,notBad
6493,4,207.24999999999991,4,206.31999999999996,2opt,improve
6494,4,207.24999999999991,4,206.31999999999996,swap,notBad
6495,4,207.24999999999991,4,206.31999999999996,2opt,notBad
6496,4,207.24999999999991,4,206.31999999999996,2opt,notBad
6497,4,207.24999999999991,4,206.31999999999996,2opt,notBad
6498,4,207.24999999999991,4,206.31999999999996,swap,notBad
6499,4,207.24999999999991,4,206.31999999999996,swap,notBad
6500,4,207.24999999999991,4,206.31999999999996,swap,notBad
6501,4,207.24999999999991,4,206.31999999999996,move,improve
6502,4,207.24999999999991,4,206.31999999999996,2opt,notBad
6503,4,207.24999999999991,4,206.31999999999996,2opt,notBad
6504,4,206.7399999999999,4,206.31999999999996,move,improve
6505,4,206.7399999999999,4,206.31999999999996,move,improve
6506,4,206.7399999999999,4,206.31999999999996,2opt,improve
6507,4,206.7399999999999,4,206.31999999999996,2opt,notBad
6508,4,206.7399999999999,4,206.31999999999996,swap,notBad
6509,4,206.7399999999999,4,206.31999999999996,move,improve
6510,4,206.7399999999999,4,206.31999999999996,swap,notBad
6511,4,206.7399999999999,4,206.31999999999996,2opt,notBad
6512,4,206.7399999999999,4,206.31999999999996,swap,notBad
6513,4,206.7399999999999,4,206.31999999999996,2opt,improve
6514,4,206.7399999999999,4,206.31999999999996,2opt,notBad
6515,4,206.7399999999999,4,206.31999999999996,swap,notBad
6516,4,206.7399999999999,4,206.31999999999996,2opt,notBad
6517,4,206.7399999999999,4,206.31999999999996,swap,notBad
6518,4,206.7399999999999,4,206.31999999999996,2opt,notBad
6519,4,206.7399999999999,4,206.31999999999996,2opt,notBad
6520,4,206.7399999999999,4,206.31999999999996,move,improve
6521,4,206.7399999999999,4,206.31999999999996,move,improve
6522,4,206.7399999999999,4,206.31999999999996,swap,notBad
6523,4,206.7399999999999,4,206.31999999999996,swap,notBad
6524,4,206.7399999999999,4,206.31999999999996,swap,notBad
6525,4,206.7399999999999,4,206.31999999999996,move,improve
6526,4,206.7399999999999,4,206.31999999999996,2opt,notBad
6527,4,206.7399999999999,4,206.31999999999996,2opt,notBad
6528,4,206.7399999999999,4,206.31999999999996,move,improve
6529,4,206.7399999999999,4,206.31999999999996,swap,notBad
6530,4,206.7399999999999,4,206.31999999999996,move,improve
6531,4,206.7399999999999,4,206.31999999999996,move,improve
6532,4,206.7399999999999,4,206.31999999999996,2opt,notBad
6533,4,206.7399999999999,4,206.31999999999996,move,improve
6534,4,206.7399999999999,4,206.31999999999996,2opt,notBad
6535,4,208.59999999999988,4,206.31999999999996,swap,acceptBad
6536,4,208.59999999999988,4,206.31999999999996,2opt,improve
6537,4,208.59999999999988,4,206.31999999999996,move,improve
6538,4,208.59999999999988,4,206.31999999999996,swap,notBad
6539,4,208.59999999999988,4,206.31999999999996,2opt,notBad
6540,4,208.59999999999988,4,206.31999999999996,move,improve
6541,4,208.59999999999988,4,206.31999999999996,swap,notBad
6542,4,208.59999999999988,4,206.31999999999996,2opt,notBad
6543,4,208.59999999999988,4,206.31999999999996,move,improve
6544,4,208.59999999999988,4,206.31999999999996,move,improve
6545,4,208.59999999999988,4,206.31999999999996,move,improve
6546,4,208.59999999999988,4,206.31999999999996,swap,notBad
6547,4,208.59999999999988,4,206.31999999999996,2opt,notBad
6548,4,208.59999999999988,4,206.31999999999996,move,improve
6549,4,208.59999999999988,4,206.31999999999996,swap,notBad
6550,4,208.59999999999988,4,206.31999999999996,2opt,notBad
6551,4,208.59999999999988,4,206.31999999999996,2opt,notBad
6552,4,208.59999999999988,4,206.31999999999996,swap,notBad
6553,4,208.59999999999988,4,206.31999999999996,swap,notBad
6554,4,208.59999999999988,4,206.31999999999996,swap,notBad
6555,4,208.59999999999988,4,206.31999999999996,2opt,notBad
6556,4,208.59999999999988,4,206.31999999999996,swap,notBad
6557,4,208.59999999999988,4,206.31999999999996,swap,notBad
6558,4,208.59999999999988,4,206.31999999999996,swap,notBad
6559,4,208.59999999999988,4,206.31999999999996,swap,notBad
6560,4,208.59999999999988,4,206.31999999999996,2opt,notBad
6561,4,208.59999999999988,4,206.31999999999996,2opt,notBad
6562,4,208.59999999999988,4,206.31999999999996,swap,notBad
6563,4,208.59999999999988,4,206.31999999999996,2opt,notBad
6564,4,206.7399999999999,4,206.31999999999996,move,improve
6565,4,206.7399999999999,4,206.31999999999996,2opt,notBad
6566,4,206.7399999999999,4,206.31999999999996,2opt,notBad
6567,4,206.7399999999999,4,206.31999999999996,2opt,notBad
6568,4,206.7399999999999,4,206.31999999999996,2opt,improve
6569,4,206.7399999999999,4,206.31999999999996,swap,notBad
6570,4,206.7399999999999,4,206.31999999999996,move,improve
6571,4,206.7399999999999,4,206.31999999999996,2opt,improve
6572,4,206.7399999999999,4,206.31999999999996,2opt,notBad
6573,4,206.7399999999999,4,206.31999999999996,move,improve
6574,4,206.7399999999999,4,206.31999999999996,swap,notBad
6575,4,208.8099999999999,4,206.31999999999996,swap,acceptBad
6576,4,208.8099999999999,4,206.31999999999996,move,improve
6577,4,206.7399999999999,4,206.31999999999996,move,improve
6578,4,206.7399999999999,4,206.31999999999996,swap,notBad
6579,4,206.7399999999999,4,206.31999999999996,2opt,notBad
6580,4,206.7399999999999,4,206.31999999999996,2opt,notBad
6581,4,206.7399999999999,4,206.31999999999996,move,improve
6582,4,206.7399999999999,4,206.31999999999996,2opt,notBad
6583,4,206.7399999999999,4,206.31999999999996,move,improve
6584,4,206.7399999999999,4,206.31999999999996,move,improve
6585,4,206.7399999999999,4,206.31999999999996,2opt,notBad
6586,4,206.7399999999999,4,206.31999999999996,swap,notBad
6587,4,206.7399999999999,4,206.31999999999996,move,improve
6588,4,206.7399999999999,4,206.31999999999996,swap,notBad
6589,4,206.7399999999999,4,206.31999999999996,swap,notBad
6590,4,206.7399999999999,4,206.31999999999996,2opt,notBad
6591,4,206.7399999999999,4,206.31999999999996,swap,notBad
6592,4,206.7399999999999,4,206.31999999999996,2opt,notBad
6593,4,206.7399999999999,4,206.31999999999996,swap,notBad
6594,4,206.7399999999999,4,206.31999999999996,move,improve
6595,4,206.7399999999999,4,206.31999999999996,2opt,improve
6596,4,206.7399999999999,4,206.31999999999996,2opt,notBad
6597,4,206.7399999999999,4,206.31999999999996,2opt,notBad
6598,4,206.7399999999999,4,206.31999999999996,move,improve
6599,4,206.7399999999999,4,206.31999999999996,move,improve
6600,4,206.7399999999999,4,206.31999999999996,swap,notBad
6601,4,206.7399999999999,4,206.31999999999996,move,improve
6602,4,206.7399999999999,4,206.31999999999996,swap,notBad
6603,4,206.7399999999999,4,206.31999999999996,move,improve
6604,4,206.7399999999999,4,206.31999999999996,2opt,notBad
6605,4,206.7399999999999,4,206.31999999999996,swap,notBad
6606,4,206.7399999999999,4,206.31999999999996,swap,notBad
6607,4,206.7399999999999,4,206.31999999999996,move,improve
6608,4,206.7399999999999,4,206.31999999999996,2opt,notBad
6609,4,206.7399999999999,4,206.31999999999996,move,improve
6610,4,206.7399999999999,4,206.31999999999996,swap,notBad
6611,4,206.7399999999999,4,206.31999999999996,2opt,notBad
6612,4,206.7399999999999,4,206.31999999999996,2opt,notBad
6613,4,206.7399999999999,4,206.31999999999996,swap,notBad
6614,4,206.7399999999999,4,206.31999999999996,2opt,notBad
6615,4,206.7399999999999,4,206.31999999999996,swap,notBad
6616,4,206.7399999999999,4,206.31999999999996,2opt,improve
6617,4,206.7399999999999,4,206.31999999999996,swap,notBad
6618,4,206.7399999999999,4,206.31999999999996,2opt,notBad
6619,4,206.7399999999999,4,206.31999999999996,swap,notBad
6620,4,206.7399999999999,4,206.31999999999996,swap,notBad
6621,4,206.7399999999999,4,206.31999999999996,2opt,notBad
6622,4,206.7399999999999,4,206.31999999999996,move,improve
6623,4,206.7399999999999,4,206.31999999999996,move,improve
6624,4,206.7399999999999,4,206.31999999999996,move,notBad
6625,4,206.7399999999999,4,206.31999999999996,2opt,notBad
6626,4,206.7399999999999,4,206.31999999999996,move,improve
6627,4,206.7399999999999,4,206.31999999999996,move,notBad
6628,4,206.7399999999999,4,206.31999999999996,2opt,notBad
6629,4,206.7399999999999,4,206.31999999999996,swap,notBad
6630,4,206.7399999999999,4,206.31999999999996,2opt,notBad
6631,4,206.7399999999999,4,206.31999999999996,2opt,notBad
6632,4,206.7399999999999,4,206.31999999999996,move,improve
6633,4,206.7399999999999,4,206.31999999999996,swap,notBad
6634,4,206.7399999999999,4,206.31999999999996,2opt,notBad
6635,4,206.7399999999999,4,206.31999999999996,move,improve
6636,4,206.7399999999999,4,206.31999999999996,swap,notBad
6637,4,206.7399999999999,4,206.31999999999996,move,improve
6638,4,206.7399999999999,4,206.31999999999996,2opt,notBad
6639,4,206.7399999999999,4,206.31999999999996,swap,notBad
6640,4,206.7399999999999,4,206.31999999999996,2opt,improve
6641,4,206.7399999999999,4,206.31999999999996,move,improve
6642,4,206.7399999999999,4,206.31999999999996,move,improve
6643,4,206.7399999999999,4,206.31999999999996,move,improve
6644,4,206.7399999999999,4,206.31999999999996,move,improve
6645,4,206.7399999999999,4,206.31999999999996,swap,notBad
6646,4,206.7399999999999,4,206.31999999999996,swap,notBad
6647,4,206.7399999999999,4,206.31999999999996,move,improve
6648,4,206.7399999999999,4,206.31999999999996,move,improve
6649,4,206.7399999999999,4,206.31999999999996,2opt,notBad
6650,4,208.59999999999988,4,206.31999999999996,swap,acceptBad
6651,4,208.59999999999988,4,206.31999999999996,2opt,notBad
6652,4,208.59999999999988,4,206.31999999999996,swap,notBad
6653,4,208.59999999999988,4,206.31999999999996,2opt,notBad
6654,4,208.59999999999988,4,206.31999999999996,move,improve
6655,4,208.59999999999988,4,206.31999999999996,swap,notBad
6656,4,208.59999999999988,4,206.31999999999996,2opt,improve
6657,4,208.59999999999988,4,206.31999999999996,swap,notBad
6658,4,208.59999999999988,4,206.31999999999996,move,improve
6659,4,208.59999999999988,4,206.31999999999996,2opt,notBad
6660,4,208.59999999999988,4,206.31999999999996,move,improve
6661,4,208.59999999999988,4,206.31999999999996,swap,notBad
6662,4,208.59999999999988,4,206.31999999999996,2opt,notBad
6663,4,208.59999999999988,4,206.31999999999996,2opt,notBad
6664,4,208.59999999999988,4,206.31999999999996,2opt,notBad
6665,4,208.59999999999988,4,206.31999999999996,move,improve
6666,4,208.59999999999988,4,206.31999999999996,move,improve
6667,4,208.59999999999988,4,206.31999999999996,move,improve
6668,4,208.59999999999988,4,206.31999999999996,2opt,notBad
6669,4,208.59999999999988,4,206.31999999999996,move,improve
6670,4,208.59999999999988,4,206.31999999999996,2opt,notBad
6671,4,208.59999999999988,4,206.31999999999996,move,improve
6672,4,208.59999999999988,4,206.31999999999996,2opt,improve
6673,4,208.59999999999988,4,206.31999999999996,2opt,notBad
6674,4,208.59999999999988,4,206.31999999999996,move,improve
6675,4,208.59999999999988,4,206.31999999999996,move,improve
6676,4,208.59999999999988,4,206.31999999999996,2opt,notBad
6677,4,208.59999999999988,4,206.31999999999996,move,improve
6678,4,208.59999999999988,4,206.31999999999996,2opt,notBad
6679,4,208.59999999999988,4,206.31999999999996,move,improve
6680,4,208.59999999999988,4,206.31999999999996,swap,notBad
6681,4,208.59999999999988,4,206.31999999999996,swap,notBad
6682,4,208.59999999999988,4,206.31999999999996,move,improve
6683,4,208.59999999999988,4,206.31999999999996,2opt,notBad
6684,4,208.59999999999988,4,206.31999999999996,move,improve
6685,4,208.59999999999988,4,206.31999999999996,2opt,notBad
6686,4,208.59999999999988,4,206.31999999999996,move,improve
6687,4,208.59999999999988,4,206.31999999999996,move,improve
6688,4,208.59999999999988,4,206.31999999999996,2opt,improve
6689,4,208.59999999999988,4,206.31999999999996,swap,notBad
6690,4,208.59999999999988,4,206.31999999999996,swap,notBad
6691,4,208.59999999999988,4,206.31999999999996,2opt,notBad
6692,4,208.59999999999988,4,206.31999999999996,2opt,notBad
6693,4,208.59999999999988,4,206.31999999999996,move,improve
6694,4,208.59999999999988,4,206.31999999999996,move,improve
6695,4,208.59999999999988,4,206.31999999999996,move,improve
6696,4,208.59999999999988,4,206.31999999999996,2opt,notBad
6697,4,208.59999999999988,4,206.31999999999996,swap,notBad
6698,4,208.59999999999988,4,206.31999999999996,swap,notBad
6699,4,208.59999999999988,4,206.31999999999996,2opt,notBad
6700,4,208.59999999999988,4,206.31999999999996,swap,notBad
6701,4,208.59999999999988,4,206.31999999999996,swap,notBad
6702,4,208.59999999999988,4,206.31999999999996,swap,notBad
6703,4,206.7399999999999,4,206.31999999999996,move,improve
6704,4,206.7399999999999,4,206.31999999999996,move,improve
6705,4,206.7399999999999,4,206.31999999999996,move,improve
6706,4,206.7399999999999,4,206.31999999999996,2opt,notBad
6707,4,206.7399999999999,4,206.31999999999996,move,improve
6708,4,206.7399999999999,4,206.31999999999996,move,improve
6709,4,206.7399999999999,4,206.31999999999996,move,improve
6710,4,206.7399999999999,4,206.31999999999996,move,improve
6711,4,206.7399999999999,4,206.31999999999996,move,improve
6712,4,206.7399999999999,4,206.31999999999996,swap,notBad
6713,4,206.7399999999999,4,206.31999999999996,2opt,notBad
6714,4,206.7399999999999,4,206.31999999999996,move,improve
6715,4,206.7399999999999,4,206.31999999999996,swap,notBad
6716,4,206.7399999999999,4,206.31999999999996,2opt,notBad
6717,4,206.7399999999999,4,206.31999999999996,2opt,notBad
6718,4,206.7399999999999,4,206.31999999999996,move,improve
6719,4,206.7399999999999,4,206.31999999999996,2opt,notBad
6720,4,206.7399999999999,4,206.31999999999996,swap,notBad
6721,4,206.7399999999999,4,206.31999999999996,swap,notBad
6722,4,206.7399999999999,4,206.31999999999996,swap,notBad
6723,4,206.7399999999999,4,206.31999999999996,move,improve
6724,4,206.7399999999999,4,206.31999999999996,2opt,improve
6725,4,206.7399999999999,4,206.31999999999996,swap,notBad
6726,4,206.7399999999999,4,206.31999999999996,2opt,notBad
6727,4,208.8099999999999,4,206.31999999999996,swap,acceptBad
6728,4,208.8099999999999,4,206.31999999999996,2opt,notBad
6729,4,206.7399999999999,4,206.31999999999996,move,improve
6730,4,206.7399999999999,4,206.31999999999996,2opt,notBad
6731,4,206.7399999999999,4,206.31999999999996,swap,notBad
6732,4,206.7399999999999,4,206.31999999999996,move,improve
6733,4,206.7399999999999,4,206.31999999999996,2opt,notBad
6734,4,206.7399999999999,4,206.31999999999996,swap,notBad
6735,4,206.7399999999999,4,206.31999999999996,2opt,improve
6736,4,206.7399999999999,4,206.31999999999996,swap,notBad
6737,4,206.7399999999999,4,206.31999999999996,2opt,notBad
6738,4,206.7399999999999,4,206.31999999999996,move,improve
6739,4,206.7399999999999,4,206.31999999999996,2opt,notBad
6740,4,206.7399999999999,4,206.31999999999996,2opt,notBad
6741,4,206.7399999999999,4,206.31999999999996,move,notBad
6742,4,206.7399999999999,4,206.31999999999996,2opt,notBad
6743,4,206.7399999999999,4,206.31999999999996,swap,notBad
6744,4,206.7399999999999,4,206.31999999999996,move,improve
6745,4,206.7399999999999,4,206.31999999999996,move,improve
6746,4,206.7399999999999,4,206.31999999999996,2opt,notBad
6747,4,206.7399999999999,4,206.31999999999996,move,improve
6748,4,206.7399999999999,4,206.31999999999996,2opt,notBad
6749,4,206.7399999999999,4,206.31999999999996,2opt,notBad
6750,4,206.7399999999999,4,206.31999999999996,move,improve
6751,4,206.7399999999999,4,206.31999999999996,swap,notBad
6752,4,206.7399999999999,4,206.31999999999996,swap,notBad
6753,4,206.7399999999999,4,206.31999999999996,2opt,notBad
6754,4,206.7399999999999,4,206.31999999999996,2opt,notBad
6755,4,206.7399999999999,4,206.31999999999996,swap,notBad
6756,4,206.7399999999999,4,206.31999999999996,2opt,notBad
6757,4,206.7399999999999,4,206.31999999999996,move,improve
6758,4,206.7399999999999,4,206.31999999999996,2opt,notBad
6759,4,206.7399999999999,4,206.31999999999996,move,improve
6760,4,206.7399999999999,4,206.31999999999996,2opt,notBad
6761,4,208.8099999999999,4,206.31999999999996,swap,acceptBad
6762,4,208.8099999999999,4,206.31999999999996,swap,notBad
6763,4,208.8099999999999,4,206.31999999999996,move,improve
6764,4,208.8099999999999,4,206.31999999999996,swap,notBad
6765,4,208.8099999999999,4,206.31999999999996,swap,notBad
6766,4,208.8099999999999,4,206.31999999999996,swap,notBad
6767,4,208.8099999999999,4,206.31999999999996,swap,notBad
6768,4,209.10999999999984,4,206.31999999999996,2opt,acceptBad
6769,4,209.10999999999984,4,206.31999999999996,move,improve
6770,4,209.10999999999984,4,206.31999999999996,move,improve
6771,4,209.10999999999984,4,206.31999999999996,2opt,notBad
6772,4,207.03999999999985,4,206.31999999999996,move,improve
6773,4,207.03999999999985,4,206.31999999999996,swap,notBad
6774,4,207.03999999999985,4,206.31999999999996,2opt,improve
6775,4,207.03999999999985,4,206.31999999999996,move,improve
6776,4,207.03999999999985,4,206.31999999999996,2opt,notBad
6777,4,207.03999999999985,4,206.31999999999996,swap,notBad
6778,4,207.03999999999985,4,206.31999999999996,move,improve
6779,4,207.03999999999985,4,206.31999999999996,2opt,improve
6780,4,207.03999999999985,4,206.31999999999996,2opt,notBad
6781,4,207.03999999999985,4,206.31999999999996,move,improve
6782,4,207.03999999999985,4,206.31999999999996,swap,notBad
6783,4,207.03999999999985,4,206.31999999999996,2opt,notBad
6784,4,207.03999999999985,4,206.31999999999996,move,improve
6785,4,207.03999999999985,4,206.31999999999996,2opt,notBad
6786,4,207.03999999999985,4,206.31999999999996,move,improve
6787,4,207.03999999999985,4,206.31999999999996,move,improve
6788,4,207.03999999999985,4,206.31999999999996,2opt,notBad
6789,4,207.03999999999985,4,206.31999999999996,2opt,notBad
6790,4,207.03999999999985,4,206.31999999999996,move,improve
6791,4,207.03999999999985,4,206.31999999999996,move,improve
6792,4,207.03999999999985,4,206.31999999999996,move,improve
6793,4,207.03999999999985,4,206.31999999999996,2opt,notBad
6794,4,207.03999999999985,4,206.31999999999996,swap,notBad
6795,4,207.03999999999985,4,206.31999999999996,2opt,notBad
6796,4,207.03999999999985,4,206.31999999999996,2opt,notBad
6797,4,207.03999999999985,4,206.31999999999996,move,improve
6798,4,207.03999999999985,4,206.31999999999996,move,improve
6799,4,207.03999999999985,4,206.31999999999996,swap,notBad
6800,4,206.7399999999999,4,206.31999999999996,2opt,improve
6801,4,206.7399999999999,4,206.31999999999996,2opt,notBad
6802,4,206.7399999999999,4,206.31999999999996,swap,notBad
6803,4,206.7399999999999,4,206.31999999999996,move,improve
6804,4,206.7399999999999,4,206.31999999999996,2opt,notBad
6805,4,206.7399999999999,4,206.31999999999996,move,improve
6806,4,206.7399999999999,4,206.31999999999996,swap,notBad
6807,4,206.7399999999999,4,206.31999999999996,move,improve
6808,4,206.7399999999999,4,206.31999999999996,move,improve
6809,4,206.7399999999999,4,206.31999999999996,swap,notBad
6810,4,206.7399999999999,4,206.31999999999996,2opt,improve
6811,4,206.7399999999999,4,206.31999999999996,2opt,notBad
6812,4,206.7399999999999,4,206.31999999999996,2opt,notBad
6813,4,206.7399999999999,4,206.31999999999996,swap,notBad
6814,4,206.7399999999999,4,206.31999999999996,move,improve
6815,4,206.7399999999999,4,206.31999999999996,move,improve
6816,4,206.7399999999999,4,206.31999999999996,2opt,notBad
6817,4,206.7399999999999,4,206.31999999999996,move,improve
6818,4,206.7399999999999,4,206.31999999999996,move,improve
6819,4,206.7399999999999,4,206.31999999999996,swap,notBad
6820,4,206.7399999999999,4,206.31999999999996,swap,notBad
6821,4,206.7399999999999,4,206.31999999999996,2opt,notBad
6822,4,206.7399999999999,4,206.31999999999996,swap,notBad
6823,4,206.7399999999999,4,206.31999999999996,swap,notBad
6824,4,206.7399999999999,4,206.31999999999996,move,improve
6825,4,206.7399999999999,4,206.31999999999996,swap,notBad
6826,4,206.7399999999999,4,206.31999999999996,move,improve
6827,4,206.7399999999999,4,206.31999999999996,swap,notBad
6828,4,206.7399999999999,4,206.31999999999996,move,improve
6829,4,206.7399999999999,4,206.31999999999996,swap,notBad
6830,4,206.7399999999999,4,206.31999999999996,swap,notBad
6831,4,206.7399999999999,4,206.31999999999996,move,improve
6832,4,206.7399999999999,4,206.31999999999996,2opt,notBad
6833,4,206.7399999999999,4,206.31999999999996,move,improve
6834,4,206.7399999999999,4,206.31999999999996,swap,notBad
6835,4,206.7399999999999,4,206.31999999999996,2opt,notBad
6836,4,206.7399999999999,4,206.31999999999996,swap,notBad
6837,4,206.7399999999999,4,206.31999999999996,move,improve
6838,4,206.7399999999999,4,206.31999999999996,2opt,improve
6839,4,206.7399999999999,4,206.31999999999996,swap,notBad
6840,4,206.7399999999999,4,206.31999999999996,move,improve
6841,4,206.7399999999999,4,206.31999999999996,swap,notBad
6842,4,206.7399999999999,4,206.31999999999996,swap,notBad
6843,4,206.7399999999999,4,206.31999999999996,move,improve
6844,4,206.7399999999999,4,206.31999999999996,2opt,notBad
6845,4,206.7399999999999,4,206.31999999999996,swap,notBad
6846,4,207.24999999999991,4,206.31999999999996,swap,acceptBad
6847,4,207.24999999999991,4,206.31999999999996,2opt,notBad
6848,4,207.24999999999991,4,206.31999999999996,2opt,notBad
6849,4,207.24999999999991,4,206.31999999999996,swap,notBad
6850,4,207.24999999999991,4,206.31999999999996,2opt,improve
6851,4,207.24999999999991,4,206.31999999999996,swap,notBad
6852,4,207.24999999999991,4,206.31999999999996,swap,notBad
6853,4,207.24999999999991,4,206.31999999999996,2opt,notBad
6854,4,207.24999999999991,4,206.31999999999996,move,improve
6855,4,207.24999999999991,4,206.31999999999996,2opt,notBad
6856,4,207.24999999999991,4,206.31999999999996,swap,notBad
6857,4,207.24999999999991,4,206.31999999999996,swap,notBad
6858,4,207.24999999999991,4,206.31999999999996,move,improve
6859,4,207.24999999999991,4,206.31999999999996,swap,notBad
6860,4,207.24999999999991,4,206.31999999999996,swap,notBad
6861,4,207.24999999999991,4,206.31999999999996,move,improve
6862,4,207.24999999999991,4,206.31999999999996,move,improve
6863,4,207.24999999999991,4,206.31999999999996,move,improve
6864,4,207.24999999999991,4,206.31999999999996,move,improve
6865,4,207.24999999999991,4,206.31999999999996,2opt,notBad
6866,4,207.24999999999991,4,206.31999999999996,swap,notBad
6867,4,207.24999999999991,4,206.31999999999996,swap,notBad
6868,4,207.24999999999991,4,206.31999999999996,swap,notBad
6869,4,207.24999999999991,4,206.31999999999996,move,improve
6870,4,207.24999999999991,4,206.31999999999996,swap,notBad
6871,4,207.24999999999991,4,206.31999999999996,2opt,notBad
6872,4,207.24999999999991,4,206.31999999999996,2opt,improve
6873,4,207.24999999999991,4,206.31999999999996,swap,notBad
6874,4,207.24999999999991,4,206.31999999999996,swap,notBad
6875,4,207.24999999999991,4,206.31999999999996,2opt,notBad
6876,4,207.24999999999991,4,206.31999999999996,swap,notBad
6877,4,207.24999999999991,4,206.31999999999996,swap,notBad
6878,4,207.24999999999991,4,206.31999999999996,swap,notBad
6879,4,207.24999999999991,4,206.31999999999996,swap,notBad
6880,4,207.24999999999991,4,206.31999999999996,move,improve
6881,4,207.24999999999991,4,206.31999999999996,move,improve
6882,4,207.24999999999991,4,206.31999999999996,move,improve
6883,4,207.24999999999991,4,206.31999999999996,move,improve
6884,4,207.24999999999991,4,206.31999999999996,2opt,improve
6885,4,207.24999999999991,4,206.31999999999996,swap,notBad
6886,4,207.24999999999991,4,206.31999999999996,2opt,notBad
6887,4,207.24999999999991,4,206.31999999999996,move,improve
6888,4,207.24999999999991,4,206.31999999999996,swap,notBad
6889,4,207.24999999999991,4,206.31999999999996,move,improve
6890,4,207.24999999999991,4,206.31999999999996,2opt,notBad
6891,4,207.24999999999991,4,206.31999999999996,swap,notBad
6892,4,207.24999999999991,4,206.31999999999996,2opt,notBad
6893,4,207.24999999999991,4,206.31999999999996,2opt,notBad
6894,4,207.24999999999991,4,206.31999999999996,2opt,notBad
6895,4,207.24999999999991,4,206.31999999999996,swap,notBad
6896,4,207.24999999999991,4,206.31999999999996,move,improve
6897,4,207.24999999999991,4,206.31999999999996,swap,notBad
6898,4,207.24999999999991,4,206.31999999999996,move,improve
6899,4,207.24999999999991,4,206.31999999999996,swap,notBad
6900,4,207.24999999999991,4,206.31999999999996,move,improve
6901,4,207.24999999999991,4,206.31999999999996,move,improve
6902,4,207.24999999999991,4,206.31999999999996,swap,notBad
6903,4,206.7399999999999,4,206.31999999999996,move,improve
6904,4,206.7399999999999,4,206.31999999999996,swap,notBad
6905,4,206.7399999999999,4,206.31999999999996,swap,notBad
6906,4,206.7399999999999,4,206.31999999999996,move,notBad
6907,4,206.7399999999999,4,206.31999999999996,swap,notBad
6908,4,206.7399999999999,4,206.31999999999996,move,improve
6909,4,206.7399999999999,4,206.31999999999996,swap,notBad
6910,4,206.7399999999999,4,206.31999999999996,move,improve
6911,4,206.7399999999999,4,206.31999999999996,swap,notBad
6912,4,206.7399999999999,4,206.31999999999996,swap,notBad
6913,4,206.7399999999999,4,206.31999999999996,swap,notBad
6914,4,206.7399999999999,4,206.31999999999996,move,improve
6915,4,206.7399999999999,4,206.31999999999996,2opt,notBad
6916,4,206.7399999999999,4,206.31999999999996,2opt,notBad
6917,4,206.7399999999999,4,206.31999999999996,2opt,notBad
6918,4,206.7399999999999,4,206.31999999999996,swap,notBad
6919,4,206.7399999999999,4,206.31999999999996,move,improve
6920,4,206.7399999999999,4,206.31999999999996,2opt,notBad
6921,4,206.7399999999999,4,206.31999999999996,swap,notBad
6922,4,206.7399999999999,4,206.31999999999996,2opt,notBad
6923,4,206.7399999999999,4,206.31999999999996,2opt,notBad
6924,4,206.7399999999999,4,206.31999999999996,swap,notBad
6925,4,206.7399999999999,4,206.31999999999996,swap,notBad
6926,4,206.7399999999999,4,206.31999999999996,move,improve
6927,4,206.7399999999999,4,206.31999999999996,move,improve
6928,4,206.7399999999999,4,206.31999999999996,2opt,notBad
6929,4,206.7399999999999,4,206.31999999999996,swap,notBad
6930,4,206.7399999999999,4,206.31999999999996,swap,notBad
6931,4,206.7399999999999,4,206.31999999999996,swap,notBad
6932,4,206.7399999999999,4,206.31999999999996,swap,notBad
6933,4,206.7399999999999,4,206.31999999999996,move,improve
6934,4,206.7399999999999,4,206.31999999999996,swap,notBad
6935,4,206.7399999999999,4,206.31999999999996,swap,notBad
6936,4,206.7399999999999,4,206.31999999999996,swap,notBad
6937,4,206.7399999999999,4,206.31999999999996,swap,notBad
6938,4,206.7399999999999,4,206.31999999999996,swap,notBad
6939,4,206.7399999999999,4,206.31999999999996,2opt,notBad
6940,4,206.7399999999999,4,206.31999999999996,2opt,notBad
6941,4,206.7399999999999,4,206.31999999999996,move,improve
6942,4,206.7399999999999,4,206.31999999999996,2opt,improve
6943,4,206.7399999999999,4,206.31999999999996,swap,notBad
6944,4,206.7399999999999,4,206.31999999999996,swap,notBad
6945,4,206.7399999999999,4,206.31999999999996,move,improve
6946,4,206.7399999999999,4,206.31999999999996,2opt,notBad
6947,4,206.7399999999999,4,206.31999999999996,2opt,notBad
6948,4,206.7399999999999,4,206.31999999999996,swap,notBad
6949,4,206.7399999999999,4,206.31999999999996,2opt,notBad
6950,4,206.7399999999999,4,206.31999999999996,2opt,notBad
6951,4,206.7399999999999,4,206.31999999999996,swap,notBad
6952,4,206.7399999999999,4,206.31999999999996,move,improve
6953,4,206.7399999999999,4,206.31999999999996,move,improve
6954,4,206.7399999999999,4,206.31999999999996,move,improve
6955,4,206.7399999999999,4,206.31999999999996,swap,notBad
6956,4,206.7399999999999,4,206.31999999999996,move,improve
6957,4,206.7399999999999,4,206.31999999999996,swap,notBad
6958,4,206.7399999999999,4,206.31999999999996,2opt,notBad
6959,4,206.7399999999999,4,206.31999999999996,swap,notBad
6960,4,206.7399999999999,4,206.31999999999996,2opt,notBad
6961,4,206.7399999999999,4,206.31999999999996,2opt,notBad
6962,4,206.7399999999999,4,206.31999999999996,swap,notBad
6963,4,206.7399999999999,4,206.31999999999996,swap,notBad
6964,4,206.7399999999999,4,206.31999999999996,move,improve
6965,4,206.7399999999999,4,206.31999999999996,move,improve
6966,4,206.7399999999999,4,206.31999999999996,swap,notBad
6967,4,206.7399999999999,4,206.31999999999996,swap,notBad
6968,4,206.7399999999999,4,206.31999999999996,2opt,notBad
6969,4,206.7399999999999,4,206.31999999999996,swap,notBad
6970,4,206.7399999999999,4,206.31999999999996,move,improve
6971,4,206.7399999999999,4,206.31999999999996,swap,notBad
6972,4,206.7399999999999,4,206.31999999999996,move,improve
6973,4,206.7399999999999,4,206.31999999999996,swap,notBad
6974,4,206.7399999999999,4,206.31999999999996,2opt,notBad
6975,4,206.7399999999999,4,206.31999999999996,2opt,notBad
6976,4,206.7399999999999,4,206.31999999999996,swap,notBad
6977,4,206.7399999999999,4,206.31999999999996,move,improve
6978,4,206.7399999999999,4,206.31999999999996,move,improve
6979,4,206.7399999999999,4,206.31999999999996,2opt,notBad
6980,4,206.7399999999999,4,206.31999999999996,2opt,notBad
6981,4,206.7399999999999,4,206.31999999999996,swap,notBad
6982,4,206.7399999999999,4,206.31999999999996,swap,notBad
6983,4,206.7399999999999,4,206.31999999999996,move,improve
6984,4,206.7399999999999,4,206.31999999999996,move,improve
6985,4,206.7399999999999,4,206.31999999999996,move,improve
6986,4,206.7399999999999,4,206.31999999999996,2opt,improve
6987,4,206.7399999999999,4,206.31999999999996,swap,notBad
6988,4,206.7399999999999,4,206.31999999999996,swap,notBad
6989,4,206.7399999999999,4,206.31999999999996,2opt,notBad
6990,4,206.7399999999999,4,206.31999999999996,2opt,notBad
6991,4,206.7399999999999,4,206.31999999999996,move,improve
6992,4,206.7399999999999,4,206.31999999999996,swap,notBad
6993,4,206.7399999999999,4,206.31999999999996,swap,notBad
6994,4,206.7399999999999,4,206.31999999999996,2opt,notBad
6995,4,206.7399999999999,4,206.31999999999996,swap,notBad
6996,4,206.7399999999999,4,206.31999999999996,swap,notBad
6997,4,206.7399999999999,4,206.31999999999996,swap,notBad
6998,4,206.7399999999999,4,206.31999999999996,2opt,notBad
6999,4,206.7399999999999,4,206.31999999999996,move,notBad
7000,4,206.7399999999999,4,206.31999999999996,swap,notBad
7001,4,206.7399999999999,4,206.31999999999996,move,improve
7002,4,206.7399999999999,4,206.31999999999996,2opt,notBad
7003,4,206.7399999999999,4,206.31999999999996,swap,notBad
7004,4,206.7399999999999,4,206.31999999999996,move,improve
7005,4,206.7399999999999,4,206.31999999999996,swap,notBad
7006,4,206.7399999999999,4,206.31999999999996,2opt,improve
7007,4,206.7399999999999,4,206.31999999999996,2opt,notBad
7008,4,206.7399999999999,4,206.31999999999996,2opt,notBad
7009,4,206.7399999999999,4,206.31999999999996,move,improve
7010,4,206.7399999999999,4,206.31999999999996,move,improve
7011,4,206.7399999999999,4,206.31999999999996,2opt,notBad
7012,4,206.7399999999999,4,206.31999999999996,swap,notBad
7013,4,206.7399999999999,4,206.31999999999996,2opt,notBad
7014,4,206.7399999999999,4,206.31999999999996,swap,notBad
7015,4,206.7399999999999,4,206.31999999999996,swap,notBad
7016,4,206.7399999999999,4,206.31999999999996,swap,notBad
7017,4,206.7399999999999,4,206.31999999999996,move,improve
7018,4,206.7399999999999,4,206.31999999999996,swap,notBad
7019,4,206.7399999999999,4,206.31999999999996,swap,notBad
7020,4,206.7399999999999,4,206.31999999999996,move,improve
7021,4,206.7399999999999,4,206.31999999999996,swap,notBad
7022,4,206.7399999999999,4,206.31999999999996,move,improve
7023,4,206.7399999999999,4,206.31999999999996,2opt,notBad
7024,4,206.7399999999999,4,206.31999999999996,2opt,notBad
7025,4,206.7399999999999,4,206.31999999999996,swap,notBad
7026,4,206.7399999999999,4,206.31999999999996,move,improve
7027,4,206.7399999999999,4,206.31999999999996,2opt,notBad
7028,4,206.7399999999999,4,206.31999999999996,swap,notBad
7029,4,206.7399999999999,4,206.31999999999996,2opt,notBad
7030,4,206.7399999999999,4,206.31999999999996,move,improve
7031,4,206.7399999999999,4,206.31999999999996,move,improve
7032,4,206.7399999999999,4,206.31999999999996,move,improve
7033,4,206.7399999999999,4,206.31999999999996,swap,notBad
7034,4,206.7399999999999,4,206.31999999999996,move,improve
7035,4,206.7399999999999,4,206.31999999999996,2opt,notBad
7036,4,206.7399999999999,4,206.31999999999996,move,improve
7037,4,206.7399999999999,4,206.31999999999996,2opt,notBad
7038,4,206.7399999999999,4,206.31999999999996,move,improve
7039,4,206.7399999999999,4,206.31999999999996,2opt,notBad
7040,4,206.7399999999999,4,206.31999999999996,move,improve
7041,4,206.7399999999999,4,206.31999999999996,move,improve
7042,4,206.7399999999999,4,206.31999999999996,move,improve
7043,4,206.7399999999999,4,206.31999999999996,swap,notBad
7044,4,208.59999999999988,4,206.31999999999996,swap,acceptBad
7045,4,208.59999999999988,4,206.31999999999996,move,improve
7046,4,208.59999999999988,4,206.31999999999996,move,improve
7047,4,208.59999999999988,4,206.31999999999996,swap,notBad
7048,4,208.59999999999988,4,206.31999999999996,2opt,notBad
7049,4,208.59999999999988,4,206.31999999999996,2opt,notBad
7050,4,208.59999999999988,4,206.31999999999996,2opt,notBad
7051,4,208.59999999999988,4,206.31999999999996,move,improve
7052,4,208.59999999999988,4,206.31999999999996,move,improve
7053,4,208.59999999999988,4,206.31999999999996,move,improve
7054,4,208.59999999999988,4,206.31999999999996,swap,notBad
7055,4,208.59999999999988,4,206.31999999999996,move,improve
7056,4,208.59999999999988,4,206.31999999999996,2opt,improve
7057,4,208.59999999999988,4,206.31999999999996,swap,notBad
7058,4,206.7399999999999,4,206.31999999999996,move,improve
7059,4,206.7399999999999,4,206.31999999999996,2opt,notBad
7060,4,206.7399999999999,4,206.31999999999996,2opt,notBad
7061,4,206.7399999999999,4,206.31999999999996,move,improve
7062,4,206.7399999999999,4,206.31999999999996,swap,notBad
7063,4,206.7399999999999,4,206.31999999999996,swap,notBad
7064,4,206.7399999999999,4,206.31999999999996,move,improve
7065,4,206.7399999999999,4,206.31999999999996,move,improve
7066,4,206.7399999999999,4,206.31999999999996,2opt,notBad
7067,4,206.7399999999999,4,206.31999999999996,2opt,notBad
7068,4,206.7399999999999,4,206.31999999999996,2opt,notBad
7069,4,206.7399999999999,4,206.31999999999996,move,improve
7070,4,206.7399999999999,4,206.31999999999996,move,improve
7071,4,206.7399999999999,4,206.31999999999996,move,improve
7072,4,206.7399999999999,4,206.31999999999996,swap,notBad
7073,4,206.7399999999999,4,206.31999999999996,swap,notBad
7074,4,206.7399999999999,4,206.31999999999996,swap,notBad
7075,4,206.7399999999999,4,206.31999999999996,2opt,improve
7076,4,206.7399999999999,4,206.31999999999996,2opt,notBad
7077,4,206.7399999999999,4,206.31999999999996,2opt,notBad
7078,4,206.7399999999999,4,206.31999999999996,move,improve
7079,4,206.7399999999999,4,206.31999999999996,swap,notBad
7080,4,206.7399999999999,4,206.31999999999996,move,improve
7081,4,206.7399999999999,4,206.31999999999996,move,improve
7082,4,206.7399999999999,4,206.31999999999996,2opt,notBad
7083,4,206.7399999999999,4,206.31999999999996,2opt,notBad
7084,4,206.7399999999999,4,206.31999999999996,move,improve
7085,4,206.7399999999999,4,206.31999999999996,move,improve
7086,4,206.7399999999999,4,206.31999999999996,move,improve
7087,4,206.7399999999999,4,206.31999999999996,move,improve
7088,4,206.7399999999999,4,206.31999999999996,move,improve
7089,4,206.7399999999999,4,206.31999999999996,2opt,notBad
7090,4,206.7399999999999,4,206.31999999999996,2opt,notBad
7091,4,206.7399999999999,4,206.31999999999996,swap,notBad
7092,4,206.7399999999999,4,206.31999999999996,move,improve
7093,4,206.7399999999999,4,206.31999999999996,2opt,notBad
7094,4,206.7399999999999,4,206.31999999999996,swap,notBad
7095,4,206.7399999999999,4,206.31999999999996,swap,notBad
7096,4,206.7399999999999,4,206.31999999999996,move,improve
7097,4,206.7399999999999,4,206.31999999999996,move,improve
7098,4,206.7399999999999,4,206.31999999999996,2opt,notBad
7099,4,206.7399999999999,4,206.31999999999996,move,improve
7100,4,206.7399999999999,4,206.31999999999996,move,improve
7101,4,206.7399999999999,4,206.31999999999996,move,improve
7102,4,206.7399999999999,4,206.31999999999996,move,improve
7103,4,206.7399999999999,4,206.31999999999996,2opt,notBad
7104,4,206.7399999999999,4,206.31999999999996,2opt,notBad
7105,4,206.7399999999999,4,206.31999999999996,swap,notBad
7106,4,206.7399999999999,4,206.31999999999996,move,improve
7107,4,206.7399999999999,4,206.31999999999996,move,improve
7108,4,206.7399999999999,4,206.31999999999996,move,improve
7109,4,206.7399999999999,4,206.31999999999996,swap,notBad
7110,4,206.7399999999999,4,206.31999999999996,swap,notBad
7111,4,206.7399999999999,4,206.31999999999996,swap,notBad
7112,4,206.7399999999999,4,206.31999999999996,2opt,notBad
7113,4,206.7399999999999,4,206.31999999999996,2opt,notBad
7114,4,206.7399999999999,4,206.31999999999996,move,improve
7115,4,206.7399999999999,4,206.31999999999996,move,improve
7116,4,206.7399999999999,4,206.31999999999996,2opt,notBad
7117,4,206.7399999999999,4,206.31999999999996,2opt,notBad
7118,4,206.7399999999999,4,206.31999999999996,move,improve
7119,4,206.7399999999999,4,206.31999999999996,swap,notBad
7120,4,206.7399999999999,4,206.31999999999996,swap,notBad
7121,4,206.7399999999999,4,206.31999999999996,2opt,notBad
7122,4,206.7399999999999,4,206.31999999999996,2opt,notBad
7123,4,206.7399999999999,4,206.31999999999996,move,improve
7124,4,206.7399999999999,4,206.31999999999996,swap,notBad
7125,4,206.7399999999999,4,206.31999999999996,swap,notBad
7126,4,206.7399999999999,4,206.31999999999996,swap,notBad
7127,4,206.7399999999999,4,206.31999999999996,2opt,notBad
7128,4,206.7399999999999,4,206.31999999999996,swap,notBad
7129,4,206.7399999999999,4,206.31999999999996,2opt,notBad
7130,4,206.7399999999999,4,206.31999999999996,2opt,notBad
7131,4,206.7399999999999,4,206.31999999999996,2opt,notBad
7132,4,206.7399999999999,4,206.31999999999996,2opt,notBad
7133,4,206.7399999999999,4,206.31999999999996,swap,notBad
7134,4,206.7399999999999,4,206.31999999999996,move,improve
7135,4,206.7399999999999,4,206.31999999999996,move,improve
7136,4,206.7399999999999,4,206.31999999999996,move,improve
7137,4,206.7399999999999,4,206.31999999999996,move,improve
7138,4,206.7399999999999,4,206.31999999999996,2opt,notBad
7139,4,206.7399999999999,4,206.31999999999996,swap,notBad
7140,4,206.7399999999999,4,206.31999999999996,move,improve
7141,4,206.7399999999999,4,206.31999999999996,move,improve
7142,4,206.7399999999999,4,206.31999999999996,swap,notBad
7143,4,208.8099999999999,4,206.31999999999996,swap,acceptBad
7144,4,208.8099999999999,4,206.31999999999996,swap,notBad
7145,4,208.8099999999999,4,206.31999999999996,move,improve
7146,4,208.8099999999999,4,206.31999999999996,move,notBad
7147,4,208.8099999999999,4,206.31999999999996,swap,notBad
7148,4,208.8099999999999,4,206.31999999999996,2opt,improve
7149,4,208.8099999999999,4,206.31999999999996,move,improve
7150,4,208.8099999999999,4,206.31999999999996,swap,notBad
7151,4,208.8099999999999,4,206.31999999999996,swap,notBad
7152,4,208.8099999999999,4,206.31999999999996,swap,notBad
7153,4,208.8099999999999,4,206.31999999999996,swap,notBad
7154,4,208.8099999999999,4,206.31999999999996,move,improve
7155,4,208.8099999999999,4,206.31999999999996,move,improve
7156,4,208.8099999999999,4,206.31999999999996,swap,notBad
7157,4,208.8099999999999,4,206.31999999999996,2opt,notBad
7158,4,208.8099999999999,4,206.31999999999996,2opt,notBad
7159,4,208.8099999999999,4,206.31999999999996,2opt,notBad
7160,4,208.8099999999999,4,206.31999999999996,move,improve
7161,4,208.8099999999999,4,206.31999999999996,swap,notBad
7162,4,208.8099999999999,4,206.31999999999996,2opt,notBad
7163,4,208.8099999999999,4,206.31999999999996,2opt,notBad
7164,4,208.8099999999999,4,206.31999999999996,move,improve
7165,4,208.8099999999999,4,206.31999999999996,move,improve
7166,4,208.8099999999999,4,206.31999999999996,move,improve
7167,4,208.8099999999999,4,206.31999999999996,swap,notBad
7168,4,208.8099999999999,4,206.31999999999996,swap,notBad
7169,4,208.8099999999999,4,206.31999999999996,swap,notBad
7170,4,208.8099999999999,4,206.31999999999996,2opt,notBad
7171,4,208.8099999999999,4,206.31999999999996,swap,notBad
7172,4,208.8099999999999,4,206.31999999999996,2opt,notBad
7173,4,208.8099999999999,4,206.31999999999996,2opt,notBad
7174,4,208.8099999999999,4,206.31999999999996,2opt,notBad
7175,4,208.8099999999999,4,206.31999999999996,swap,notBad
7176,4,208.8099999999999,4,206.31999999999996,swap,notBad
7177,4,208.8099999999999,4,206.31999999999996,swap,notBad
7178,4,208.8099999999999,4,206.31999999999996,swap,notBad
7179,4,208.8099999999999,4,206.31999999999996,swap,notBad
7180,4,208.8099999999999,4,206.31999999999996,swap,notBad
7181,4,208.8099999999999,4,206.31999999999996,2opt,notBad
7182,4,208.8099999999999,4,206.31999999999996,swap,notBad
7183,4,208.8099999999999,4,206.31999999999996,swap,notBad
7184,4,208.8099999999999,4,206.31999999999996,2opt,notBad
7185,4,208.8099999999999,4,206.31999999999996,move,improve
7186,4,208.8099999999999,4,206.31999999999996,move,improve
7187,4,208.8099999999999,4,206.31999999999996,move,improve
7188,4,208.8099999999999,4,206.31999999999996,swap,notBad
7189,4,208.8099999999999,4,206.31999999999996,2opt,notBad
7190,4,206.7399999999999,4,206.31999999999996,move,improve
7191,4,206.7399999999999,4,206.31999999999996,swap,notBad
7192,4,206.7399999999999,4,206.31999999999996,2opt,notBad
7193,4,206.7399999999999,4,206.31999999999996,2opt,notBad
7194,4,206.7399999999999,4,206.31999999999996,swap,notBad
7195,4,206.7399999999999,4,206.31999999999996,2opt,notBad
7196,4,206.7399999999999,4,206.31999999999996,move,improve
7197,4,206.7399999999999,4,206.31999999999996,move,improve
7198,4,206.7399999999999,4,206.31999999999996,swap,notBad
7199,4,206.7399999999999,4,206.31999999999996,swap,notBad
7200,4,206.7399999999999,4,206.31999999999996,move,improve
7201,4,206.7399999999999,4,206.31999999999996,swap,notBad
7202,4,206.7399999999999,4,206.31999999999996,move,improve
7203,4,206.7399999999999,4,206.31999999999996,2opt,notBad
7204,4,206.7399999999999,4,206.31999999999996,swap,notBad
7205,4,206.7399999999999,4,206.31999999999996,move,improve
7206,4,206.7399999999999,4,206.31999999999996,swap,notBad
7207,4,206.7399999999999,4,206.31999999999996,swap,notBad
7208,4,206.7399999999999,4,206.31999999999996,move,improve
7209,4,206.7399999999999,4,206.31999999999996,swap,notBad
7210,4,206.7399999999999,4,206.31999999999996,move,improve
7211,4,206.7399999999999,4,206.31999999999996,move,improve
7212,4,206.7399999999999,4,206.31999999999996,swap,notBad
7213,4,206.7399999999999,4,206.31999999999996,move,improve
7214,4,206.7399999999999,4,206.31999999999996,2opt,notBad
7215,4,206.7399999999999,4,206.31999999999996,swap,notBad
7216,4,206.7399999999999,4,206.31999999999996,2opt,notBad
7217,4,206.7399999999999,4,206.31999999999996,2opt,notBad
7218,4,206.7399999999999,4,206.31999999999996,swap,notBad
7219,4,206.7399999999999,4,206.31999999999996,2opt,notBad
7220,4,206.7399999999999,4,206.31999999999996,2opt,notBad
7221,4,206.7399999999999,4,206.31999999999996,move,improve
7222,4,206.7399999999999,4,206.31999999999996,2opt,notBad
7223,4,206.7399999999999,4,206.31999999999996,swap,notBad
7224,4,206.7399999999999,4,206.31999999999996,move,improve
7225,4,206.7399999999999,4,206.31999999999996,swap,notBad
7226,4,206.7399999999999,4,206.31999999999996,move,improve
7227,4,206.7399999999999,4,206.31999999999996,swap,notBad
7228,4,206.7399999999999,4,206.31999999999996,swap,notBad
7229,4,206.7399999999999,4,206.31999999999996,move,improve
7230,4,206.7399999999999,4,206.31999999999996,move,improve
7231,4,206.7399999999999,4,206.31999999999996,2opt,notBad
7232,4,206.7399999999999,4,206.31999999999996,2opt,notBad
7233,4,206.7399999999999,4,206.31999999999996,2opt,notBad
7234,4,206.7399999999999,4,206.31999999999996,swap,notBad
7235,4,206.7399999999999,4,206.31999999999996,move,improve
7236,4,206.7399999999999,4,206.31999999999996,move,improve
7237,4,206.7399999999999,4,206.31999999999996,move,improve
7238,4,206.7399999999999,4,206.31999999999996,2opt,notBad
7239,4,206.7399999999999,4,206.31999999999996,swap,notBad
7240,4,206.7399999999999,4,206.31999999999996,2opt,notBad
7241,4,206.7399999999999,4,206.31999999999996,move,improve
7242,4,206.7399999999999,4,206.31999999999996,swap,notBad
7243,4,206.7399999999999,4,206.31999999999996,move,improve
7244,4,206.7399999999999,4,206.31999999999996,move,improve
7245,4,206.7399999999999,4,206.31999999999996,swap,notBad
7246,4,206.7399999999999,4,206.31999999999996,swap,notBad
7247,4,206.7399999999999,4,206.31999999999996,swap,notBad
7248,4,206.7399999999999,4,206.31999999999996,swap,notBad
7249,4,206.7399999999999,4,206.31999999999996,swap,notBad
7250,4,206.7399999999999,4,206.31999999999996,2opt,notBad
7251,4,206.7399999999999,4,206.31999999999996,2opt,notBad
7252,4,206.7399999999999,4,206.31999999999996,swap,notBad
7253,4,206.7399999999999,4,206.31999999999996,swap,notBad
7254,4,206.7399999999999,4,206.31999999999996,move,improve
7255,4,206.7399999999999,4,206.31999999999996,move,improve
7256,4,206.7399999999999,4,206.31999999999996,move,improve
7257,4,206.7399999999999,4,206.31999999999996,move,improve
7258,4,206.7399999999999,4,206.31999999999996,move,improve
7259,4,206.7399999999999,4,206.31999999999996,move,improve
7260,4,206.7399999999999,4,206.31999999999996,move,improve
7261,4,206.7399999999999,4,206.31999999999996,move,notBad
7262,4,206.7399999999999,4,206.31999999999996,2opt,improve
7263,4,206.7399999999999,4,206.31999999999996,move,improve
7264,4,206.7399999999999,4,206.31999999999996,move,notBad
7265,4,206.7399999999999,4,206.31999999999996,2opt,improve
7266,4,206.7399999999999,4,206.31999999999996,move,improve
7267,4,206.7399999999999,4,206.31999999999996,2opt,notBad
7268,4,206.7399999999999,4,206.31999999999996,2opt,notBad
7269,4,206.7399999999999,4,206.31999999999996,2opt,improve
7270,4,206.7399999999999,4,206.31999999999996,swap,notBad
7271,4,206.7399999999999,4,206.31999999999996,move,improve
7272,4,206.7399999999999,4,206.31999999999996,move,improve
7273,4,206.7399999999999,4,206.31999999999996,swap,notBad
7274,4,206.7399999999999,4,206.31999999999996,swap,notBad
7275,4,206.7399999999999,4,206.31999999999996,move,improve
7276,4,206.7399999999999,4,206.31999999999996,swap,notBad
7277,4,206.7399999999999,4,206.31999999999996,2opt,notBad
7278,4,206.7399999999999,4,206.31999999999996,swap,notBad
7279,4,206.7399999999999,4,206.31999999999996,move,improve
7280,4,206.7399999999999,4,206.31999999999996,move,improve
7281,4,206.7399999999999,4,206.31999999999996,move,improve
7282,4,206.7399999999999,4,206.31999999999996,swap,notBad
7283,4,206.7399999999999,4,206.31999999999996,2opt,notBad
7284,4,206.7399999999999,4,206.31999999999996,2opt,notBad
7285,4,206.7399999999999,4,206.31999999999996,swap,notBad
7286,4,206.7399999999999,4,206.31999999999996,2opt,notBad
7287,4,206.7399999999999,4,206.31999999999996,move,improve
7288,4,206.7399999999999,4,206.31999999999996,swap,notBad
7289,4,206.7399999999999,4,206.31999999999996,swap,notBad
7290,4,206.7399999999999,4,206.31999999999996,2opt,notBad
7291,4,206.7399999999999,4,206.31999999999996,move,improve
7292,4,206.7399999999999,4,206.31999999999996,move,improve
7293,4,206.7399999999999,4,206.31999999999996,2opt,notBad
7294,4,206.7399999999999,4,206.31999999999996,move,improve
7295,4,206.7399999999999,4,206.31999999999996,swap,notBad
7296,4,206.7399999999999,4,206.31999999999996,swap,notBad
7297,4,206.7399999999999,4,206.31999999999996,2opt,notBad
7298,4,206.7399999999999,4,206.31999999999996,move,improve
7299,4,206.7399999999999,4,206.31999999999996,swap,notBad
7300,4,206.7399999999999,4,206.31999999999996,move,improve
7301,4,206.7399999999999,4,206.31999999999996,move,improve
7302,4,206.7399999999999,4,206.31999999999996,move,improve
7303,4,206.7399999999999,4,206.31999999999996,swap,notBad
7304,4,206.7399999999999,4,206.31999999999996,2opt,notBad
7305,4,206.7399999999999,4,206.31999999999996,swap,notBad
7306,4,206.7399999999999,4,206.31999999999996,2opt,notBad
7307,4,206.7399999999999,4,206.31999999999996,move,improve
7308,4,206.7399999999999,4,206.31999999999996,move,improve
7309,4,206.7399999999999,4,206.31999999999996,swap,notBad
7310,4,206.7399999999999,4,206.31999999999996,2opt,notBad
7311,4,206.7399999999999,4,206.31999999999996,swap,notBad
7312,4,206.7399999999999,4,206.31999999999996,swap,notBad
7313,4,206.7399999999999,4,206.31999999999996,2opt,notBad
7314,4,206.7399999999999,4,206.31999999999996,2opt,notBad
7315,4,206.7399999999999,4,206.31999999999996,2opt,improve
7316,4,206.7399999999999,4,206.31999999999996,2opt,notBad
7317,4,206.7399999999999,4,206.31999999999996,2opt,notBad
7318,4,206.7399999999999,4,206.31999999999996,swap,notBad
7319,4,206.7399999999999,4,206.31999999999996,swap,notBad
7320,4,206.7399999999999,4,206.31999999999996,2opt,notBad
7321,4,206.7399999999999,4,206.31999999999996,move,improve
7322,4,206.7399999999999,4,206.31999999999996,move,improve
7323,4,206.7399999999999,4,206.31999999999996,move,improve
7324,4,206.7399999999999,4,206.31999999999996,2opt,notBad
7325,4,206.7399999999999,4,206.31999999999996,swap,notBad
7326,4,206.7399999999999,4,206.31999999999996,move,improve
7327,4,206.7399999999999,4,206.31999999999996,2opt,notBad
7328,4,206.7399999999999,4,206.31999999999996,swap,notBad
7329,4,206.7399999999999,4,206.31999999999996,move,improve
7330,4,206.7399999999999,4,206.31999999999996,2opt,notBad
7331,4,206.7399999999999,4,206.31999999999996,swap,notBad
7332,4,206.7399999999999,4,206.31999999999996,move,improve
7333,4,206.7399999999999,4,206.31999999999996,swap,notBad
7334,4,206.7399999999999,4,206.31999999999996,2opt,notBad
7335,4,206.7399999999999,4,206.31999999999996,swap,notBad
7336,4,206.7399999999999,4,206.31999999999996,move,improve
7337,4,206.7399999999999,4,206.31999999999996,2opt,notBad
7338,4,206.7399999999999,4,206.31999999999996,move,improve
7339,4,206.7399999999999,4,206.31999999999996,swap,notBad
7340,4,206.7399999999999,4,206.31999999999996,2opt,notBad
7341,4,206.7399999999999,4,206.31999999999996,2opt,notBad
7342,4,206.7399999999999,4,206.31999999999996,move,improve
7343,4,206.7399999999999,4,206.31999999999996,move,improve
7344,4,206.7399999999999,4,206.31999999999996,move,improve
7345,4,206.7399999999999,4,206.31999999999996,2opt,notBad
7346,4,206.7399999999999,4,206.31999999999996,2opt,notBad
7347,4,206.7399999999999,4,206.31999999999996,move,improve
7348,4,206.7399999999999,4,206.31999999999996,2opt,notBad
7349,4,206.7399999999999,4,206.31999999999996,swap,notBad
7350,4,206.7399999999999,4,206.31999999999996,2opt,notBad
7351,4,206.7399999999999,4,206.31999999999996,move,improve
7352,4,206.7399999999999,4,206.31999999999996,2opt,improve
7353,4,206.7399999999999,4,206.31999999999996,2opt,notBad
7354,4,206.7399999999999,4,206.31999999999996,move,improve
7355,4,206.7399999999999,4,206.31999999999996,move,improve
7356,4,206.7399999999999,4,206.31999999999996,move,improve
7357,4,206.7399999999999,4,206.31999999999996,move,improve
7358,4,206.7399999999999,4,206.31999999999996,swap,notBad
7359,4,206.7399999999999,4,206.31999999999996,move,improve
7360,4,206.7399999999999,4,206.31999999999996,swap,notBad
7361,4,206.7399999999999,4,206.31999999999996,move,notBad
7362,4,206.7399999999999,4,206.31999999999996,2opt,notBad
7363,4,206.7399999999999,4,206.31999999999996,move,improve
7364,4,206.7399999999999,4,206.31999999999996,swap,notBad
7365,4,206.7399999999999,4,206.31999999999996,move,improve
7366,4,206.7399999999999,4,206.31999999999996,2opt,notBad
7367,4,206.7399999999999,4,206.31999999999996,2opt,notBad
7368,4,206.7399999999999,4,206.31999999999996,move,improve
7369,4,206.7399999999999,4,206.31999999999996,swap,notBad
7370,4,206.7399999999999,4,206.31999999999996,2opt,improve
7371,4,206.7399999999999,4,206.31999999999996,swap,notBad
7372,4,206.7399999999999,4,206.31999999999996,swap,notBad
7373,4,206.7399999999999,4,206.31999999999996,2opt,notBad
7374,4,206.7399999999999,4,206.31999999999996,2opt,notBad
7375,4,206.7399999999999,4,206.31999999999996,2opt,improve
7376,4,206.7399999999999,4,206.31999999999996,move,improve
7377,4,206.7399999999999,4,206.31999999999996,swap,notBad
7378,4,206.7399999999999,4,206.31999999999996,2opt,notBad
7379,4,206.7399999999999,4,206.31999999999996,2opt,notBad
7380,4,206.7399999999999,4,206.31999999999996,2opt,notBad
7381,4,206.7399999999999,4,206.31999999999996,swap,notBad
7382,4,206.7399999999999,4,206.31999999999996,swap,notBad
7383,4,206.7399999999999,4,206.31999999999996,move,improve
7384,4,206.7399999999999,4,206.31999999999996,2opt,notBad
7385,4,206.7399999999999,4,206.31999999999996,swap,notBad
7386,4,206.7399999999999,4,206.31999999999996,2opt,notBad
7387,4,206.7399999999999,4,206.31999999999996,2opt,notBad
7388,4,206.7399999999999,4,206.31999999999996,swap,notBad
7389,4,206.7399999999999,4,206.31999999999996,move,improve
7390,4,206.7399999999999,4,206.31999999999996,move,improve
7391,4,206.7399999999999,4,206.31999999999996,2opt,notBad
7392,4,206.7399999999999,4,206.31999999999996,swap,notBad
7393,4,206.7399999999999,4,206.31999999999996,move,improve
7394,4,206.7399999999999,4,206.31999999999996,2opt,notBad
7395,4,206.7399999999999,4,206.31999999999996,2opt,notBad
7396,4,206.7399999999999,4,206.31999999999996,2opt,notBad
7397,4,206.7399999999999,4,206.31999999999996,2opt,notBad
7398,4,206.7399999999999,4,206.31999999999996,swap,notBad
7399,4,206.7399999999999,4,206.31999999999996,move,improve
7400,4,206.7399999999999,4,206.31999999999996,swap,notBad
7401,4,206.7399999999999,4,206.31999999999996,swap,notBad
7402,4,206.7399999999999,4,206.31999999999996,swap,notBad
7403,4,206.7399999999999,4,206.31999999999996,2opt,notBad
7404,4,206.7399999999999,4,206.31999999999996,move,improve
7405,4,206.7399999999999,4,206.31999999999996,swap,notBad
7406,4,206.7399999999999,4,206.31999999999996,move,improve
7407,4,206.7399999999999,4,206.31999999999996,move,improve
7408,4,206.7399999999999,4,206.31999999999996,2opt,improve
7409,4,206.7399999999999,4,206.31999999999996,2opt,notBad
7410,4,206.7399999999999,4,206.31999999999996,swap,notBad
7411,4,206.7399999999999,4,206.31999999999996,2opt,notBad
7412,4,206.7399999999999,4,206.31999999999996,2opt,notBad
7413,4,206.7399999999999,4,206.31999999999996,move,improve
7414,4,206.7399999999999,4,206.31999999999996,move,improve
7415,4,206.7399999999999,4,206.31999999999996,move,improve
7416,4,206.7399999999999,4,206.31999999999996,swap,notBad
7417,4,206.7399999999999,4,206.31999999999996,swap,notBad
7418,4,206.7399999999999,4,206.31999999999996,swap,notBad
7419,4,206.7399999999999,4,206.31999999999996,move,improve
7420,4,206.7399999999999,4,206.31999999999996,move,improve
7421,4,206.7399999999999,4,206.31999999999996,move,improve
7422,4,206.7399999999999,4,206.31999999999996,swap,notBad
7423,4,206.7399999999999,4,206.31999999999996,2opt,notBad
7424,4,206.7399999999999,4,206.31999999999996,swap,notBad
7425,4,206.7399999999999,4,206.31999999999996,swap,notBad
7426,4,206.7399999999999,4,206.31999999999996,swap,notBad
7427,4,206.7399999999999,4,206.31999999999996,swap,notBad
7428,4,206.7399999999999,4,206.31999999999996,2opt,improve
7429,4,206.7399999999999,4,206.31999999999996,2opt,notBad
7430,4,206.7399999999999,4,206.31999999999996,2opt,notBad
7431,4,206.7399999999999,4,206.31999999999996,2opt,notBad
7432,4,206.7399999999999,4,206.31999999999996,move,improve
7433,4,206.7399999999999,4,206.31999999999996,move,improve
7434,4,206.7399999999999,4,206.31999999999996,2opt,notBad
7435,4,206.7399999999999,4,206.31999999999996,move,improve
7436,4,206.7399999999999,4,206.31999999999996,move,improve
7437,4,206.7399999999999,4,206.31999999999996,2opt,notBad
7438,4,206.7399999999999,4,206.31999999999996,move,improve
7439,4,206.7399999999999,4,206.31999999999996,move,improve
7440,4,206.7399999999999,4,206.31999999999996,swap,notBad
7441,4,206.7399999999999,4,206.31999999999996,move,improve
7442,4,206.7399999999999,4,206.31999999999996,swap,notBad
7443,4,206.7399999999999,4,206.31999999999996,swap,notBad
7444,4,206.7399999999999,4,206.31999999999996,move,improve
7445,4,206.7399999999999,4,206.31999999999996,move,improve
7446,4,206.7399999999999,4,206.31999999999996,move,improve
7447,4,206.7399999999999,4,206.31999999999996,swap,notBad
7448,4,206.7399999999999,4,206.31999999999996,swap,notBad
7449,4,206.7399999999999,4,206.31999999999996,2opt,notBad
7450,4,206.7399999999999,4,206.31999999999996,move,improve
7451,4,206.7399999999999,4,206.31999999999996,swap,notBad
7452,4,206.7399999999999,4,206.31999999999996,swap,notBad
7453,4,206.7399999999999,4,206.31999999999996,move,improve
7454,4,206.7399999999999,4,206.31999999999996,2opt,notBad
7455,4,206.7399999999999,4,206.31999999999996,2opt,notBad
7456,4,206.7399999999999,4,206.31999999999996,move,improve
7457,4,206.7399999999999,4,206.31999999999996,2opt,notBad
7458,4,206.7399999999999,4,206.31999999999996,move,improve
7459,4,206.7399999999999,4,206.31999999999996,move,improve
7460,4,206.7399999999999,4,206.31999999999996,move,improve
7461,4,206.7399999999999,4,206.31999999999996,move,improve
7462,4,206.7399999999999,4,206.31999999999996,move,improve
7463,4,206.7399999999999,4,206.31999999999996,move,improve
7464,4,206.7399999999999,4,206.31999999999996,swap,notBad
7465,4,206.7399999999999,4,206.31999999999996,2opt,improve
7466,4,206.7399999999999,4,206.31999999999996,move,improve
7467,4,206.7399999999999,4,206.31999999999996,2opt,notBad
7468,4,206.7399999999999,4,206.31999999999996,swap,notBad
7469,4,206.7399999999999,4,206.31999999999996,move,improve
7470,4,206.7399999999999,4,206.31999999999996,swap,notBad
7471,4,206.7399999999999,4,206.31999999999996,swap,notBad
7472,4,206.7399999999999,4,206.31999999999996,2opt,notBad
7473,4,206.7399999999999,4,206.31999999999996,move,improve
7474,4,206.7399999999999,4,206.31999999999996,move,improve
7475,4,206.7399999999999,4,206.31999999999996,2opt,notBad
7476,4,206.7399999999999,4,206.31999999999996,move,improve
7477,4,206.7399999999999,4,206.31999999999996,2opt,improve
7478,4,206.7399999999999,4,206.31999999999996,swap,notBad
7479,4,206.7399999999999,4,206.31999999999996,move,improve
7480,4,206.7399999999999,4,206.31999999999996,swap,notBad
7481,4,206.7399999999999,4,206.31999999999996,2opt,notBad
7482,4,206.7399999999999,4,206.31999999999996,2opt,notBad
7483,4,206.7399999999999,4,206.31999999999996,move,improve
7484,4,206.7399999999999,4,206.31999999999996,move,improve
7485,4,206.7399999999999,4,206.31999999999996,2opt,improve
7486,4,206.7399999999999,4,206.31999999999996,2opt,notBad
7487,4,206.7399999999999,4,206.31999999999996,move,improve
7488,4,206.7399999999999,4,206.31999999999996,2opt,notBad
7489,4,206.7399999999999,4,206.31999999999996,move,improve
7490,4,206.7399999999999,4,206.31999999999996,2opt,improve
7491,4,206.7399999999999,4,206.31999999999996,swap,notBad
7492,4,206.7399999999999,4,206.31999999999996,move,improve
7493,4,206.7399999999999,4,206.31999999999996,2opt,notBad
7494,4,206.7399999999999,4,206.31999999999996,move,improve
7495,4,206.7399999999999,4,206.31999999999996,swap,notBad
7496,4,206.7399999999999,4,206.31999999999996,2opt,notBad
7497,4,206.7399999999999,4,206.31999999999996,move,improve
7498,4,206.7399999999999,4,206.31999999999996,swap,notBad
7499,4,206.7399999999999,4,206.31999999999996,swap,notBad
7500,4,206.7399999999999,4,206.31999999999996,move,improve
7501,4,206.7399999999999,4,206.31999999999996,2opt,notBad
7502,4,206.7399999999999,4,206.31999999999996,2opt,notBad
7503,4,206.7399999999999,4,206.31999999999996,2opt,notBad
7504,4,206.7399999999999,4,206.31999999999996,2opt,notBad
7505,4,206.7399999999999,4,206.31999999999996,2opt,notBad
7506,4,206.7399999999999,4,206.31999999999996,move,improve
7507,4,206.7399999999999,4,206.31999999999996,swap,notBad
7508,4,206.7399999999999,4,206.31999999999996,2opt,notBad
7509,4,206.7399999999999,4,206.31999999999996,swap,notBad
7510,4,206.7399999999999,4,206.31999999999996,move,improve
7511,4,206.7399999999999,4,206.31999999999996,2opt,improve
7512,4,206.7399999999999,4,206.31999999999996,move,improve
7513,4,206.7399999999999,4,206.31999999999996,2opt,notBad
7514,4,206.7399999999999,4,206.31999999999996,move,improve
7515,4,206.7399999999999,4,206.31999999999996,move,improve
7516,4,206.7399999999999,4,206.31999999999996,swap,notBad
7517,4,206.7399999999999,4,206.31999999999996,2opt,notBad
7518,4,206.7399999999999,4,206.31999999999996,swap,notBad
7519,4,206.7399999999999,4,206.31999999999996,move,improve
7520,4,206.7399999999999,4,206.31999999999996,2opt,improve
7521,4,206.7399999999999,4,206.31999999999996,swap,notBad
7522,4,206.7399999999999,4,206.31999999999996,swap,notBad
7523,4,206.7399999999999,4,206.31999999999996,swap,notBad
7524,4,206.7399999999999,4,206.31999999999996,swap,notBad
7525,4,206.7399999999999,4,206.31999999999996,move,improve
7526,4,206.7399999999999,4,206.31999999999996,move,improve
7527,4,206.7399999999999,4,206.31999999999996,2opt,notBad
7528,4,206.7399999999999,4,206.31999999999996,2opt,notBad
7529,4,206.7399999999999,4,206.31999999999996,swap,notBad
7530,4,206.7399999999999,4,206.31999999999996,2opt,notBad
7531,4,206.7399999999999,4,206.31999999999996,swap,notBad
7532,4,206.7399999999999,4,206.31999999999996,2opt,notBad
7533,4,206.7399999999999,4,206.31999999999996,2opt,notBad
7534,4,206.7399999999999,4,206.31999999999996,2opt,notBad
7535,4,206.7399999999999,4,206.31999999999996,move,improve
7536,4,206.7399999999999,4,206.31999999999996,2opt,notBad
7537,4,206.7399999999999,4,206.31999999999996,swap,notBad
7538,4,206.7399999999999,4,206.31999999999996,swap,notBad
7539,4,206.7399999999999,4,206.31999999999996,2opt,notBad
7540,4,206.7399999999999,4,206.31999999999996,2opt,notBad
7541,4,206.7399999999999,4,206.31999999999996,swap,notBad
7542,4,206.7399999999999,4,206.31999999999996,swap,notBad
7543,4,206.7399999999999,4,206.31999999999996,2opt,improve
7544,4,206.7399999999999,4,206.31999999999996,move,improve
7545,4,207.03999999999985,4,206.31999999999996,2opt,acceptBad
7546,4,207.03999999999985,4,206.31999999999996,swap,notBad
7547,4,207.03999999999985,4,206.31999999999996,2opt,improve
7548,4,207.03999999999985,4,206.31999999999996,swap,notBad
7549,4,207.03999999999985,4,206.31999999999996,move,improve
7550,4,207.03999999999985,4,206.31999999999996,move,improve
7551,4,207.03999999999985,4,206.31999999999996,2opt,notBad
7552,4,207.03999999999985,4,206.31999999999996,move,improve
7553,4,207.03999999999985,4,206.31999999999996,move,improve
7554,4,207.03999999999985,4,206.31999999999996,swap,notBad
7555,4,207.03999999999985,4,206.31999999999996,swap,notBad
7556,4,207.03999999999985,4,206.31999999999996,move,improve
7557,4,207.03999999999985,4,206.31999999999996,swap,notBad
7558,4,207.03999999999985,4,206.31999999999996,2opt,notBad
7559,4,207.03999999999985,4,206.31999999999996,swap,notBad
7560,4,207.03999999999985,4,206.31999999999996,swap,notBad
7561,4,207.03999999999985,4,206.31999999999996,2opt,notBad
7562,4,207.03999999999985,4,206.31999999999996,swap,notBad
7563,4,207.03999999999985,4,206.31999999999996,swap,notBad
7564,4,207.03999999999985,4,206.31999999999996,2opt,notBad
7565,4,207.03999999999985,4,206.31999999999996,2opt,improve
7566,4,207.03999999999985,4,206.31999999999996,2opt,notBad
7567,4,206.7399999999999,4,206.31999999999996,2opt,improve
7568,4,206.7399999999999,4,206.31999999999996,2opt,notBad
7569,4,206.7399999999999,4,206.31999999999996,2opt,notBad
7570,4,206.7399999999999,4,206.31999999999996,2opt,notBad
7571,4,206.7399999999999,4,206.31999999999996,move,improve
7572,4,206.7399999999999,4,206.31999999999996,swap,notBad
7573,4,206.7399999999999,4,206.31999999999996,swap,notBad
7574,4,206.7399999999999,4,206.31999999999996,swap,notBad
7575,4,206.7399999999999,4,206.31999999999996,swap,notBad
7576,4,206.7399999999999,4,206.31999999999996,2opt,notBad
7577,4,206.7399999999999,4,206.31999999999996,2opt,notBad
7578,4,206.7399999999999,4,206.31999999999996,swap,notBad
7579,4,206.7399999999999,4,206.31999999999996,move,improve
7580,4,206.7399999999999,4,206.31999999999996,swap,notBad
7581,4,206.7399999999999,4,206.31999999999996,2opt,notBad
7582,4,206.7399999999999,4,206.31999999999996,move,improve
7583,4,206.7399999999999,4,206.31999999999996,move,improve
7584,4,206.7399999999999,4,206.31999999999996,move,improve
7585,4,206.7399999999999,4,206.31999999999996,2opt,improve
7586,4,206.7399999999999,4,206.31999999999996,2opt,notBad
7587,4,206.7399999999999,4,206.31999999999996,move,improve
7588,4,206.7399999999999,4,206.31999999999996,2opt,notBad
7589,4,206.7399999999999,4,206.31999999999996,2opt,notBad
7590,4,206.7399999999999,4,206.31999999999996,swap,notBad
7591,4,206.7399999999999,4,206.31999999999996,swap,notBad
7592,4,206.7399999999999,4,206.31999999999996,swap,notBad
7593,4,206.7399999999999,4,206.31999999999996,2opt,notBad
7594,4,206.7399999999999,4,206.31999999999996,move,improve
7595,4,206.7399999999999,4,206.31999999999996,swap,notBad
7596,4,206.7399999999999,4,206.31999999999996,2opt,notBad
7597,4,206.7399999999999,4,206.31999999999996,swap,notBad
7598,4,206.7399999999999,4,206.31999999999996,move,improve
7599,4,206.7399999999999,4,206.31999999999996,2opt,notBad
7600,4,206.7399999999999,4,206.31999999999996,2opt,notBad
7601,4,206.7399999999999,4,206.31999999999996,2opt,notBad
7602,4,206.7399999999999,4,206.31999999999996,move,improve
7603,4,206.7399999999999,4,206.31999999999996,2opt,notBad
7604,4,206.7399999999999,4,206.31999999999996,move,improve
7605,4,206.7399999999999,4,206.31999999999996,move,improve
7606,4,206.7399999999999,4,206.31999999999996,2opt,notBad
7607,4,206.7399999999999,4,206.31999999999996,move,improve
7608,4,206.7399999999999,4,206.31999999999996,move,improve
7609,4,206.7399999999999,4,206.31999999999996,2opt,notBad
7610,4,206.7399999999999,4,206.31999999999996,move,improve
7611,4,206.7399999999999,4,206.31999999999996,2opt,notBad
7612,4,206.7399999999999,4,206.31999999999996,move,improve
7613,4,206.7399999999999,4,206.31999999999996,swap,notBad
7614,4,206.7399999999999,4,206.31999999999996,2opt,notBad
7615,4,206.7399999999999,4,206.31999999999996,swap,notBad
7616,4,206.7399999999999,4,206.31999999999996,2opt,notBad
7617,4,206.7399999999999,4,206.31999999999996,2opt,notBad
7618,4,206.7399999999999,4,206.31999999999996,swap,notBad
7619,4,206.7399999999999,4,206.31999999999996,swap,notBad
7620,4,206.7399999999999,4,206.31999999999996,2opt,notBad
7621,4,206.7399999999999,4,206.31999999999996,move,notBad
7622,4,206.7399999999999,4,206.31999999999996,move,improve
7623,4,206.7399999999999,4,206.31999999999996,2opt,notBad
7624,4,207.24999999999991,4,206.31999999999996,swap,acceptBad
7625,4,207.24999999999991,4,206.31999999999996,swap,notBad
7626,4,207.24999999999991,4,206.31999999999996,swap,notBad
7627,4,207.24999999999991,4,206.31999999999996,move,notBad
7628,4,207.24999999999991,4,206.31999999999996,move,improve
7629,4,207.24999999999991,4,206.31999999999996,swap,notBad
7630,4,207.24999999999991,4,206.31999999999996,swap,notBad
7631,4,207.24999999999991,4,206.31999999999996,2opt,improve
7632,4,207.24999999999991,4,206.31999999999996,move,improve
7633,4,207.24999999999991,4,206.31999999999996,2opt,notBad
7634,4,207.24999999999991,4,206.31999999999996,2opt,notBad
7635,4,207.24999999999991,4,206.31999999999996,move,improve
7636,4,207.24999999999991,4,206.31999999999996,2opt,improve
7637,4,207.24999999999991,4,206.31999999999996,2opt,notBad
7638,4,207.24999999999991,4,206.31999999999996,move,improve
7639,4,207.24999999999991,4,206.31999999999996,2opt,notBad
7640,4,207.24999999999991,4,206.31999999999996,2opt,notBad
7641,4,207.24999999999991,4,206.31999999999996,2opt,improve
7642,4,207.24999999999991,4,206.31999999999996,swap,notBad
7643,4,207.24999999999991,4,206.31999999999996,swap,notBad
7644,4,207.24999999999991,4,206.31999999999996,swap,notBad
7645,4,207.24999999999991,4,206.31999999999996,swap,notBad
7646,4,207.24999999999991,4,206.31999999999996,2opt,notBad
7647,4,207.24999999999991,4,206.31999999999996,move,improve
7648,4,207.24999999999991,4,206.31999999999996,swap,notBad
7649,4,207.24999999999991,4,206.31999999999996,swap,notBad
7650,4,207.24999999999991,4,206.31999999999996,2opt,notBad
7651,4,207.24999999999991,4,206.31999999999996,move,improve
7652,4,207.24999999999991,4,206.31999999999996,swap,notBad
7653,4,207.24999999999991,4,206.31999999999996,2opt,notBad
7654,4,207.24999999999991,4,206.31999999999996,2opt,notBad
7655,4,207.24999999999991,4,206.31999999999996,swap,notBad
7656,4,207.24999999999991,4,206.31999999999996,swap,notBad
7657,4,207.24999999999991,4,206.31999999999996,2opt,notBad
7658,4,207.24999999999991,4,206.31999999999996,move,improve
7659,4,207.24999999999991,4,206.31999999999996,2opt,notBad
7660,4,207.24999999999991,4,206.31999999999996,swap,notBad
7661,4,207.24999999999991,4,206.31999999999996,move,improve
7662,4,207.24999999999991,4,206.31999999999996,2opt,notBad
7663,4,207.24999999999991,4,206.31999999999996,2opt,notBad
7664,4,207.24999999999991,4,206.31999999999996,2opt,notBad
7665,4,207.24999999999991,4,206.31999999999996,swap,notBad
7666,4,207.24999999999991,4,206.31999999999996,move,improve
7667,4,207.24999999999991,4,206.31999999999996,swap,notBad
7668,4,207.24999999999991,4,206.31999999999996,2opt,notBad
7669,4,207.24999999999991,4,206.31999999999996,move,improve
7670,4,207.24999999999991,4,206.31999999999996,2opt,notBad
7671,4,207.24999999999991,4,206.31999999999996,swap,notBad
7672,4,207.24999999999991,4,206.31999999999996,move,improve
7673,4,207.24999999999991,4,206.31999999999996,move,improve
7674,4,207.24999999999991,4,206.31999999999996,swap,notBad
7675,4,207.24999999999991,4,206.31999999999996,move,improve
7676,4,206.7399999999999,4,206.31999999999996,move,improve
7677,4,206.7399999999999,4,206.31999999999996,2opt,notBad
7678,4,206.7399999999999,4,206.31999999999996,swap,notBad
7679,4,206.7399999999999,4,206.31999999999996,swap,notBad
7680,4,206.7399999999999,4,206.31999999999996,2opt,notBad
7681,4,206.7399999999999,4,206.31999999999996,2opt,notBad
7682,4,206.7399999999999,4,206.31999999999996,2opt,notBad
7683,4,206.7399999999999,4,206.31999999999996,move,improve
7684,4,206.7399999999999,4,206.31999999999996,2opt,notBad
7685,4,206.7399999999999,4,206.31999999999996,2opt,notBad
7686,4,206.7399999999999,4,206.31999999999996,move,improve
7687,4,206.7399999999999,4,206.31999999999996,swap,notBad
7688,4,206.7399999999999,4,206.31999999999996,2opt,notBad
7689,4,206.7399999999999,4,206.31999999999996,move,improve
7690,4,206.7399999999999,4,206.31999999999996,swap,notBad
7691,4,206.7399999999999,4,206.31999999999996,2opt,notBad
7692,4,206.7399999999999,4,206.31999999999996,move,improve
7693,4,206.7399999999999,4,206.31999999999996,move,improve
7694,4,206.7399999999999,4,206.31999999999996,2opt,notBad
7695,4,206.7399999999999,4,206.31999999999996,move,improve
7696,4,206.7399999999999,4,206.31999999999996,move,improve
7697,4,206.7399999999999,4,206.31999999999996,swap,notBad
7698,4,206.7399999999999,4,206.31999999999996,move,improve
7699,4,206.7399999999999,4,206.31999999999996,swap,notBad
7700,4,206.7399999999999,4,206.31999999999996,move,improve
7701,4,206.7399999999999,4,206.31999999999996,2opt,notBad
7702,4,206.7399999999999,4,206.31999999999996,swap,notBad
7703,4,206.7399999999999,4,206.31999999999996,2opt,notBad
7704,4,206.7399999999999,4,206.31999999999996,2opt,notBad
7705,4,206.7399999999999,4,206.31999999999996,swap,notBad
7706,4,206.7399999999999,4,206.31999999999996,swap,notBad
7707,4,206.7399999999999,4,206.31999999999996,2opt,notBad
7708,4,206.7399999999999,4,206.31999999999996,swap,notBad
7709,4,206.7399999999999,4,206.31999999999996,swap,notBad
7710,4,206.7399999999999,4,206.31999999999996,swap,notBad
7711,4,206.7399999999999,4,206.31999999999996,move,improve
7712,4,206.7399999999999,4,206.31999999999996,move,improve
7713,4,206.7399999999999,4,206.31999999999996,swap,notBad
7714,4,206.7399999999999,4,206.31999999999996,swap,notBad
7715,4,206.7399999999999,4,206.31999999999996,swap,notBad
7716,4,206.7399999999999,4,206.31999999999996,2opt,notBad
7717,4,206.7399999999999,4,206.31999999999996,2opt,notBad
7718,4,206.7399999999999,4,206.31999999999996,swap,notBad
7719,4,206.7399999999999,4,206.31999999999996,move,improve
7720,4,206.7399999999999,4,206.31999999999996,swap,notBad
7721,4,206.7399999999999,4,206.31999999999996,2opt,notBad
7722,4,206.7399999999999,4,206.31999999999996,swap,notBad
7723,4,206.7399999999999,4,206.31999999999996,2opt,improve
7724,4,206.7399999999999,4,206.31999999999996,move,improve
7725,4,206.7399999999999,4,206.31999999999996,move,improve
7726,4,206.7399999999999,4,206.31999999999996,2opt,notBad
7727,4,206.7399999999999,4,206.31999999999996,move,improve
7728,4,206.7399999999999,4,206.31999999999996,swap,notBad
7729,4,206.7399999999999,4,206.31999999999996,move,improve
7730,4,206.7399999999999,4,206.31999999999996,2opt,notBad
7731,4,206.7399999999999,4,206.31999999999996,2opt,notBad
7732,4,206.7399999999999,4,206.31999999999996,2opt,notBad
7733,4,206.7399999999999,4,206.31999999999996,2opt,notBad
7734,4,206.7399999999999,4,206.31999999999996,move,improve
7735,4,206.7399999999999,4,206.31999999999996,move,improve
7736,4,206.7399999999999,4,206.31999999999996,move,improve
7737,4,206.7399999999999,4,206.31999999999996,move,improve
7738,4,206.7399999999999,4,206.31999999999996,2opt,notBad
7739,4,206.7399999999999,4,206.31999999999996,2opt,notBad
7740,4,206.7399999999999,4,206.31999999999996,swap,notBad
7741,4,206.7399999999999,4,206.31999999999996,swap,notBad
7742,4,206.7399999999999,4,206.31999999999996,2opt,notBad
7743,4,206.7399999999999,4,206.31999999999996,2opt,notBad
7744,4,206.7399999999999,4,206.31999999999996,move,improve
7745,4,206.7399999999999,4,206.31999999999996,2opt,notBad
7746,4,206.7399999999999,4,206.31999999999996,move,improve
7747,4,206.7399999999999,4,206.31999999999996,2opt,notBad
7748,4,206.7399999999999,4,206.31999999999996,move,improve
7749,4,206.7399999999999,4,206.31999999999996,move,improve
7750,4,206.7399999999999,4,206.31999999999996,2opt,notBad
7751,4,206.7399999999999,4,206.31999999999996,swap,notBad
7752,4,206.7399999999999,4,206.31999999999996,swap,notBad
7753,4,206.7399999999999,4,206.31999999999996,swap,notBad
7754,4,206.7399999999999,4,206.31999999999996,2opt,notBad
7755,4,206.7399999999999,4,206.31999999999996,swap,notBad
7756,4,206.7399999999999,4,206.31999999999996,2opt,notBad
7757,4,206.7399999999999,4,206.31999999999996,swap,notBad
7758,4,206.7399999999999,4,206.31999999999996,2opt,notBad
7759,4,206.7399999999999,4,206.31999999999996,swap,notBad
7760,4,206.7399999999999,4,206.31999999999996,move,improve
7761,4,206.7399999999999,4,206.31999999999996,swap,notBad
7762,4,206.7399999999999,4,206.31999999999996,move,improve
7763,4,206.7399999999999,4,206.31999999999996,move,improve
7764,4,206.7399999999999,4,206.31999999999996,2opt,notBad
7765,4,206.7399999999999,4,206.31999999999996,move,improve
7766,4,206.7399999999999,4,206.31999999999996,2opt,notBad
7767,4,206.7399999999999,4,206.31999999999996,move,notBad
7768,4,206.7399999999999,4,206.31999999999996,2opt,notBad
7769,4,206.7399999999999,4,206.31999999999996,swap,notBad
7770,4,206.7399999999999,4,206.31999999999996,move,improve
7771,4,206.7399999999999,4,206.31999999999996,swap,notBad
7772,4,206.7399999999999,4,206.31999999999996,2opt,notBad
7773,4,206.7399999999999,4,206.31999999999996,swap,notBad
7774,4,206.7399999999999,4,206.31999999999996,move,improve
7775,4,206.7399999999999,4,206.31999999999996,swap,notBad
7776,4,206.7399999999999,4,206.31999999999996,move,improve
7777,4,206.7399999999999,4,206.31999999999996,2opt,notBad
7778,4,206.7399999999999,4,206.31999999999996,move,improve
7779,4,206.7399999999999,4,206.31999999999996,2opt,notBad
7780,4,206.7399999999999,4,206.31999999999996,swap,notBad
7781,4,206.7399999999999,4,206.31999999999996,move,improve
7782,4,206.7399999999999,4,206.31999999999996,2opt,notBad
7783,4,206.7399999999999,4,206.31999999999996,swap,notBad
7784,4,206.7399999999999,4,206.31999999999996,swap,notBad
7785,4,206.7399999999999,4,206.31999999999996,move,improve
7786,4,206.7399999999999,4,206.31999999999996,2opt,notBad
7787,4,206.7399999999999,4,206.31999999999996,2opt,notBad
7788,4,206.7399999999999,4,206.31999999999996,swap,notBad
7789,4,206.7399999999999,4,206.31999999999996,2opt,notBad
7790,4,206.7399999999999,4,206.31999999999996,move,improve
7791,4,206.7399999999999,4,206.31999999999996,move,improve
7792,4,206.7399999999999,4,206.31999999999996,move,improve
7793,4,206.7399999999999,4,206.31999999999996,move,improve
7794,4,206.7399999999999,4,206.31999999999996,move,improve
7795,4,206.7399999999999,4,206.31999999999996,swap,notBad
7796,4,206.7399999999999,4,206.31999999999996,swap,notBad
7797,4,206.7399999999999,4,206.31999999999996,swap,notBad
7798,4,206.7399999999999,4,206.31999999999996,2opt,notBad
7799,4,206.7399999999999,4,206.31999999999996,move,improve
7800,4,206.7399999999999,4,206.31999999999996,swap,notBad
7801,4,206.7399999999999,4,206.31999999999996,2opt,improve
7802,4,206.7399999999999,4,206.31999999999996,move,improve
7803,4,207.24999999999991,4,206.31999999999996,swap,acceptBad
7804,4,207.24999999999991,4,206.31999999999996,move,improve
7805,4,207.24999999999991,4,206.31999999999996,2opt,notBad
7806,4,207.24999999999991,4,206.31999999999996,move,improve
7807,4,207.24999999999991,4,206.31999999999996,move,improve
7808,4,207.24999999999991,4,206.31999999999996,2opt,notBad
7809,4,207.24999999999991,4,206.31999999999996,2opt,notBad
7810,4,207.24999999999991,4,206.31999999999996,swap,notBad
7811,4,207.24999999999991,4,206.31999999999996,2opt,notBad
7812,4,207.24999999999991,4,206.31999999999996,swap,notBad
7813,4,207.24999999999991,4,206.31999999999996,move,improve
7814,4,207.24999999999991,4,206.31999999999996,2opt,notBad
7815,4,207.24999999999991,4,206.31999999999996,swap,notBad
7816,4,207.24999999999991,4,206.31999999999996,swap,notBad
7817,4,207.24999999999991,4,206.31999999999996,2opt,notBad
7818,4,207.24999999999991,4,206.31999999999996,2opt,improve
7819,4,207.24999999999991,4,206.31999999999996,swap,notBad
7820,4,207.24999999999991,4,206.31999999999996,swap,notBad
7821,4,207.24999999999991,4,206.31999999999996,swap,notBad
7822,4,207.24999999999991,4,206.31999999999996,move,improve
7823,4,207.24999999999991,4,206.31999999999996,2opt,notBad
7824,4,207.24999999999991,4,206.31999999999996,move,improve
7825,4,207.24999999999991,4,206.31999999999996,2opt,notBad
7826,4,207.24999999999991,4,206.31999999999996,2opt,notBad
7827,4,207.24999999999991,4,206.31999999999996,2opt,notBad
7828,4,207.24999999999991,4,206.31999999999996,2opt,notBad
7829,4,207.24999999999991,4,206.31999999999996,swap,notBad
7830,4,207.24999999999991,4,206.31999999999996,move,improve
7831,4,207.24999999999991,4,206.31999999999996,2opt,notBad
7832,4,207.24999999999991,4,206.31999999999996,2opt,notBad
7833,4,207.24999999999991,4,206.31999999999996,swap,notBad
7834,4,207.24999999999991,4,206.31999999999996,swap,notBad
7835,4,207.24999999999991,4,206.31999999999996,2opt,notBad
7836,4,207.24999999999991,4,206.31999999999996,2opt,notBad
7837,4,207.24999999999991,4,206.31999999999996,2opt,notBad
7838,4,207.24999999999991,4,206.31999999999996,2opt,notBad
7839,4,207.24999999999991,4,206.31999999999996,move,improve
7840,4,206.7399999999999,4,206.31999999999996,move,improve
7841,4,206.7399999999999,4,206.31999999999996,move,improve
7842,4,206.7399999999999,4,206.31999999999996,swap,notBad
7843,4,206.7399999999999,4,206.31999999999996,move,improve
7844,4,206.7399999999999,4,206.31999999999996,swap,notBad
7845,4,206.7399999999999,4,206.31999999999996,swap,notBad
7846,4,206.7399999999999,4,206.31999999999996,swap,notBad
7847,4,206.7399999999999,4,206.31999999999996,move,improve
7848,4,206.7399999999999,4,206.31999999999996,move,improve
7849,4,206.7399999999999,4,206.31999999999996,2opt,notBad
7850,4,206.7399999999999,4,206.31999999999996,move,improve
7851,4,206.7399999999999,4,206.31999999999996,swap,notBad
7852,4,206.7399999999999,4,206.31999999999996,2opt,notBad
7853,4,206.7399999999999,4,206.31999999999996,swap,notBad
7854,4,206.7399999999999,4,206.31999999999996,2opt,notBad
7855,4,206.7399999999999,4,206.31999999999996,move,notBad
7856,4,206.7399999999999,4,206.31999999999996,move,improve
7857,4,206.7399999999999,4,206.31999999999996,2opt,notBad
7858,4,206.7399999999999,4,206.31999999999996,2opt,notBad
7859,4,206.7399999999999,4,206.31999999999996,2opt,notBad
7860,4,206.7399999999999,4,206.31999999999996,swap,notBad
7861,4,206.7399999999999,4,206.31999999999996,2opt,notBad
7862,4,206.7399999999999,4,206.31999999999996,move,notBad
7863,4,206.7399999999999,4,206.31999999999996,move,improve
7864,4,206.7399999999999,4,206.31999999999996,2opt,notBad
7865,4,206.7399999999999,4,206.31999999999996,swap,notBad
7866,4,206.7399999999999,4,206.31999999999996,swap,notBad
7867,4,206.7399999999999,4,206.31999999999996,move,improve
7868,4,206.7399999999999,4,206.31999999999996,swap,notBad
7869,4,206.7399999999999,4,206.31999999999996,swap,notBad
7870,4,206.7399999999999,4,206.31999999999996,move,improve
7871,4,206.7399999999999,4,206.31999999999996,2opt,notBad
7872,4,207.24999999999991,4,206.31999999999996,swap,acceptBad
7873,4,207.24999999999991,4,206.31999999999996,swap,notBad
7874,4,207.24999999999991,4,206.31999999999996,move,improve
7875,4,207.24999999999991,4,206.31999999999996,2opt,improve
7876,4,207.24999999999991,4,206.31999999999996,swap,notBad
7877,4,207.24999999999991,4,206.31999999999996,move,improve
7878,4,207.24999999999991,4,206.31999999999996,swap,notBad
7879,4,207.24999999999991,4,206.31999999999996,move,improve
7880,4,207.24999999999991,4,206.31999999999996,swap,notBad
7881,4,207.24999999999991,4,206.31999999999996,move,improve
7882,4,207.24999999999991,4,206.31999999999996,2opt,notBad
7883,4,207.24999999999991,4,206.31999999999996,move,improve
7884,4,207.24999999999991,4,206.31999999999996,swap,notBad
7885,4,207.24999999999991,4,206.31999999999996,move,improve
7886,4,207.24999999999991,4,206.31999999999996,swap,notBad
7887,4,207.24999999999991,4,206.31999999999996,swap,notBad
7888,4,207.24999999999991,4,206.31999999999996,swap,notBad
7889,4,207.24999999999991,4,206.31999999999996,2opt,notBad
7890,4,207.24999999999991,4,206.31999999999996,2opt,improve
7891,4,207.24999999999991,4,206.31999999999996,2opt,improve
7892,4,207.24999999999991,4,206.31999999999996,swap,notBad
7893,4,207.24999999999991,4,206.31999999999996,move,improve
7894,4,207.24999999999991,4,206.31999999999996,swap,notBad
7895,4,207.24999999999991,4,206.31999999999996,move,improve
7896,4,207.24999999999991,4,206.31999999999996,2opt,notBad
7897,4,207.24999999999991,4,206.31999999999996,2opt,notBad
7898,4,207.24999999999991,4,206.31999999999996,2opt,notBad
7899,4,207.24999999999991,4,206.31999999999996,swap,notBad
7900,4,207.24999999999991,4,206.31999999999996,move,improve
7901,4,207.24999999999991,4,206.31999999999996,move,improve
7902,4,206.7399999999999,4,206.31999999999996,move,improve
7903,4,206.7399999999999,4,206.31999999999996,2opt,notBad
7904,4,206.7399999999999,4,206.31999999999996,swap,notBad
7905,4,206.7399999999999,4,206.31999999999996,move,improve
7906,4,206.7399999999999,4,206.31999999999996,2opt,notBad
7907,4,206.7399999999999,4,206.31999999999996,move,improve
7908,4,206.7399999999999,4,206.31999999999996,2opt,notBad
7909,4,206.7399999999999,4,206.31999999999996,move,improve
7910,4,206.7399999999999,4,206.31999999999996,swap,notBad
7911,4,206.7399999999999,4,206.31999999999996,move,improve
7912,4,206.7399999999999,4,206.31999999999996,swap,notBad
7913,4,206.7399999999999,4,206.31999999999996,swap,notBad
7914,4,206.7399999999999,4,206.31999999999996,2opt,notBad
7915,4,206.7399999999999,4,206.31999999999996,2opt,notBad
7916,4,206.7399999999999,4,206.31999999999996,2opt,notBad
7917,4,206.7399999999999,4,206.31999999999996,move,improve
7918,4,206.7399999999999,4,206.31999999999996,2opt,notBad
7919,4,206.7399999999999,4,206.31999999999996,move,improve
7920,4,206.7399999999999,4,206.31999999999996,move,improve
7921,4,206.7399999999999,4,206.31999999999996,2opt,notBad
7922,4,206.7399999999999,4,206.31999999999996,move,improve
7923,4,206.7399999999999,4,206.31999999999996,swap,notBad
7924,4,206.7399999999999,4,206.31999999999996,move,improve
7925,4,206.7399999999999,4,206.31999999999996,2opt,notBad
7926,4,206.7399999999999,4,206.31999999999996,swap,notBad
7927,4,206.7399999999999,4,206.31999999999996,2opt,notBad
7928,4,206.7399999999999,4,206.31999999999996,swap,notBad
7929,4,206.7399999999999,4,206.31999999999996,swap,notBad
7930,4,206.7399999999999,4,206.31999999999996,2opt,notBad
7931,4,206.7399999999999,4,206.31999999999996,swap,notBad
7932,4,206.7399999999999,4,206.31999999999996,2opt,notBad
7933,4,206.7399999999999,4,206.31999999999996,2opt,notBad
7934,4,206.7399999999999,4,206.31999999999996,swap,notBad
7935,4,206.7399999999999,4,206.31999999999996,2opt,notBad
7936,4,206.7399999999999,4,206.31999999999996,move,improve
7937,4,206.7399999999999,4,206.31999999999996,2opt,notBad
7938,4,206.7399999999999,4,206.31999999999996,move,improve
7939,4,206.7399999999999,4,206.31999999999996,move,improve
7940,4,206.7399999999999,4,206.31999999999996,swap,notBad
7941,4,206.7399999999999,4,206.31999999999996,2opt,improve
7942,4,206.7399999999999,4,206.31999999999996,2opt,notBad
7943,4,206.7399999999999,4,206.31999999999996,2opt,improve
7944,4,206.7399999999999,4,206.31999999999996,2opt,notBad
7945,4,206.7399999999999,4,206.31999999999996,move,improve
7946,4,206.7399999999999,4,206.31999999999996,swap,notBad
7947,4,206.7399999999999,4,206.31999999999996,swap,notBad
7948,4,206.7399999999999,4,206.31999999999996,swap,notBad
7949,4,206.7399999999999,4,206.31999999999996,move,improve
7950,4,206.7399999999999,4,206.31999999999996,2opt,notBad
7951,4,207.03999999999985,4,206.31999999999996,2opt,acceptBad
7952,4,207.03999999999985,4,206.31999999999996,move,improve
7953,4,207.03999999999985,4,206.31999999999996,2opt,notBad
7954,4,207.03999999999985,4,206.31999999999996,swap,notBad
7955,4,207.03999999999985,4,206.31999999999996,swap,notBad
7956,4,207.03999999999985,4,206.31999999999996,2opt,notBad
7957,4,207.03999999999985,4,206.31999999999996,swap,notBad
7958,4,207.03999999999985,4,206.31999999999996,move,improve
7959,4,207.03999999999985,4,206.31999999999996,move,improve
7960,4,207.03999999999985,4,206.31999999999996,2opt,notBad
7961,4,207.03999999999985,4,206.31999999999996,swap,notBad
7962,4,207.03999999999985,4,206.31999999999996,move,improve
7963,4,207.03999999999985,4,206.31999999999996,2opt,notBad
7964,4,207.03999999999985,4,206.31999999999996,2opt,notBad
7965,4,207.03999999999985,4,206.31999999999996,swap,notBad
7966,4,207.03999999999985,4,206.31999999999996,move,improve
7967,4,207.03999999999985,4,206.31999999999996,move,improve
7968,4,207.03999999999985,4,206.31999999999996,swap,notBad
7969,4,207.03999999999985,4,206.31999999999996,swap,notBad
7970,4,207.03999999999985,4,206.31999999999996,swap,notBad
7971,4,207.03999999999985,4,206.31999999999996,move,notBad
7972,4,207.03999999999985,4,206.31999999999996,2opt,notBad
7973,4,207.03999999999985,4,206.31999999999996,2opt,notBad
7974,4,207.03999999999985,4,206.31999999999996,2opt,improve
7975,4,207.03999999999985,4,206.31999999999996,2opt,notBad
7976,4,207.03999999999985,4,206.31999999999996,2opt,notBad
7977,4,207.03999999999985,4,206.31999999999996,2opt,notBad
7978,4,207.03999999999985,4,206.31999999999996,swap,notBad
7979,4,207.03999999999985,4,206.31999999999996,swap,notBad
7980,4,207.03999999999985,4,206.31999999999996,move,improve
7981,4,207.03999999999985,4,206.31999999999996,2opt,notBad
7982,4,207.03999999999985,4,206.31999999999996,move,improve
7983,4,207.03999999999985,4,206.31999999999996,2opt,notBad
7984,4,207.03999999999985,4,206.31999999999996,swap,notBad
7985,4,207.03999999999985,4,206.31999999999996,2opt,notBad
7986,4,207.03999999999985,4,206.31999999999996,swap,notBad
7987,4,207.03999999999985,4,206.31999999999996,swap,notBad
7988,4,207.03999999999985,4,206.31999999999996,move,improve
7989,4,207.03999999999985,4,206.31999999999996,swap,notBad
7990,4,207.03999999999985,4,206.31999999999996,2opt,improve
7991,4,207.03999999999985,4,206.31999999999996,swap,notBad
7992,4,207.03999999999985,4,206.31999999999996,2opt,notBad
7993,4,207.03999999999985,4,206.31999999999996,swap,notBad
7994,4,207.03999999999985,4,206.31999999999996,move,improve
7995,4,207.03999999999985,4,206.31999999999996,2opt,notBad
7996,4,207.03999999999985,4,206.31999999999996,2opt,notBad
7997,4,207.03999999999985,4,206.31999999999996,swap,notBad
7998,4,207.03999999999985,4,206.31999999999996,move,improve
7999,4,207.03999999999985,4,206.31999999999996,move,improve
8000,4,207.03999999999985,4,206.31999999999996,2opt,improve
8001,4,207.03999999999985,4,206.31999999999996,move,improve
8002,4,207.03999999999985,4,206.31999999999996,swap,notBad
8003,4,207.03999999999985,4,206.31999999999996,swap,notBad
8004,4,207.03999999999985,4,206.31999999999996,swap,notBad
8005,4,207.03999999999985,4,206.31999999999996,move,improve
8006,4,207.03999999999985,4,206.31999999999996,2opt,notBad
8007,4,207.03999999999985,4,206.31999999999996,swap,notBad
8008,4,207.03999999999985,4,206.31999999999996,swap,notBad
8009,4,207.03999999999985,4,206.31999999999996,swap,notBad
8010,4,207.03999999999985,4,206.31999999999996,2opt,improve
8011,4,207.03999999999985,4,206.31999999999996,swap,notBad
8012,4,207.03999999999985,4,206.31999999999996,2opt,improve
8013,4,207.03999999999985,4,206.31999999999996,move,improve
8014,4,207.03999999999985,4,206.31999999999996,move,improve
8015,4,207.03999999999985,4,206.31999999999996,move,improve
8016,4,207.03999999999985,4,206.31999999999996,move,improve
8017,4,207.03999999999985,4,206.31999999999996,2opt,improve
8018,4,207.03999999999985,4,206.31999999999996,2opt,notBad
8019,4,207.03999999999985,4,206.31999999999996,move,improve
8020,4,206.7399999999999,4,206.31999999999996,2opt,improve
8021,4,206.7399999999999,4,206.31999999999996,move,improve
8022,4,206.7399999999999,4,206.31999999999996,move,improve
8023,4,206.7399999999999,4,206.31999999999996,2opt,notBad
8024,4,206.7399999999999,4,206.31999999999996,move,improve
8025,4,206.7399999999999,4,206.31999999999996,2opt,notBad
8026,4,206.7399999999999,4,206.31999999999996,2opt,notBad
8027,4,207.03999999999985,4,206.31999999999996,2opt,acceptBad
8028,4,207.03999999999985,4,206.31999999999996,2opt,notBad
8029,4,207.03999999999985,4,206.31999999999996,2opt,notBad
8030,4,207.03999999999985,4,206.31999999999996,2opt,notBad
8031,4,207.03999999999985,4,206.31999999999996,swap,notBad
8032,4,207.03999999999985,4,206.31999999999996,move,notBad
8033,4,207.03999999999985,4,206.31999999999996,2opt,notBad
8034,4,207.03999999999985,4,206.31999999999996,swap,notBad
8035,4,207.03999999999985,4,206.31999999999996,move,improve
8036,4,207.03999999999985,4,206.31999999999996,2opt,notBad
8037,4,207.03999999999985,4,206.31999999999996,2opt,notBad
8038,4,207.03999999999985,4,206.31999999999996,2opt,notBad
8039,4,207.03999999999985,4,206.31999999999996,2opt,notBad
8040,4,207.03999999999985,4,206.31999999999996,2opt,notBad
8041,4,207.03999999999985,4,206.31999999999996,swap,notBad
8042,4,207.03999999999985,4,206.31999999999996,swap,notBad
8043,4,207.03999999999985,4,206.31999999999996,swap,notBad
8044,4,207.03999999999985,4,206.31999999999996,swap,notBad
8045,4,207.03999999999985,4,206.31999999999996,move,improve
8046,4,207.03999999999985,4,206.31999999999996,2opt,notBad
8047,4,207.03999999999985,4,206.31999999999996,2opt,notBad
8048,4,207.03999999999985,4,206.31999999999996,2opt,notBad
8049,4,207.03999999999985,4,206.31999999999996,swap,notBad
8050,4,207.03999999999985,4,206.31999999999996,swap,notBad
8051,4,207.03999999999985,4,206.31999999999996,swap,notBad
8052,4,207.03999999999985,4,206.31999999999996,2opt,notBad
8053,4,207.03999999999985,4,206.31999999999996,2opt,notBad
8054,4,207.03999999999985,4,206.31999999999996,swap,notBad
8055,4,207.03999999999985,4,206.31999999999996,swap,notBad
8056,4,207.03999999999985,4,206.31999999999996,move,improve
8057,4,207.03999999999985,4,206.31999999999996,swap,notBad
8058,4,207.03999999999985,4,206.31999999999996,swap,notBad
8059,4,207.03999999999985,4,206.31999999999996,swap,notBad
8060,4,207.03999999999985,4,206.31999999999996,move,improve
8061,4,207.03999999999985,4,206.31999999999996,move,improve
8062,4,207.03999999999985,4,206.31999999999996,2opt,notBad
8063,4,207.03999999999985,4,206.31999999999996,swap,notBad
8064,4,207.03999999999985,4,206.31999999999996,move,notBad
8065,4,207.03999999999985,4,206.31999999999996,swap,notBad
8066,4,207.03999999999985,4,206.31999999999996,move,improve
8067,4,207.03999999999985,4,206.31999999999996,move,improve
8068,4,207.03999999999985,4,206.31999999999996,swap,notBad
8069,4,207.03999999999985,4,206.31999999999996,swap,notBad
8070,4,207.03999999999985,4,206.31999999999996,move,improve
8071,4,207.03999999999985,4,206.31999999999996,swap,notBad
8072,4,207.03999999999985,4,206.31999999999996,2opt,improve
8073,4,207.03999999999985,4,206.31999999999996,move,improve
8074,4,207.03999999999985,4,206.31999999999996,2opt,improve
8075,4,207.03999999999985,4,206.31999999999996,swap,notBad
8076,4,207.03999999999985,4,206.31999999999996,move,improve
8077,4,207.03999999999985,4,206.31999999999996,swap,notBad
8078,4,207.03999999999985,4,206.31999999999996,2opt,notBad
8079,4,207.03999999999985,4,206.31999999999996,swap,notBad
8080,4,207.03999999999985,4,206.31999999999996,swap,notBad
8081,4,207.03999999999985,4,206.31999999999996,2opt,notBad
8082,4,207.03999999999985,4,206.31999999999996,move,improve
8083,4,207.03999999999985,4,206.31999999999996,move,improve
8084,4,207.03999999999985,4,206.31999999999996,move,improve
8085,4,207.03999999999985,4,206.31999999999996,move,improve
8086,4,207.03999999999985,4,206.31999999999996,2opt,notBad
8087,4,207.03999999999985,4,206.31999999999996,2opt,notBad
8088,4,207.03999999999985,4,206.31999999999996,swap,notBad
8089,4,207.03999999999985,4,206.31999999999996,2opt,notBad
8090,4,207.03999999999985,4,206.31999999999996,move,improve
8091,4,207.03999999999985,4,206.31999999999996,swap,notBad
8092,4,207.03999999999985,4,206.31999999999996,swap,notBad
8093,4,207.03999999999985,4,206.31999999999996,2opt,notBad
8094,4,207.03999999999985,4,206.31999999999996,2opt,notBad
8095,4,207.03999999999985,4,206.31999999999996,move,improve
8096,4,207.03999999999985,4,206.31999999999996,move,improve
8097,4,207.03999999999985,4,206.31999999999996,2opt,notBad
8098,4,207.03999999999985,4,206.31999999999996,move,improve
8099,4,207.03999999999985,4,206.31999999999996,swap,notBad
8100,4,207.03999999999985,4,206.31999999999996,move,improve
8101,4,207.03999999999985,4,206.31999999999996,swap,notBad
8102,4,207.03999999999985,4,206.31999999999996,move,improve
8103,4,207.03999999999985,4,206.31999999999996,move,improve
8104,4,207.03999999999985,4,206.31999999999996,2opt,notBad
8105,4,207.03999999999985,4,206.31999999999996,2opt,notBad
8106,4,207.03999999999985,4,206.31999999999996,2opt,notBad
8107,4,207.03999999999985,4,206.31999999999996,swap,notBad
8108,4,207.03999999999985,4,206.31999999999996,move,improve
8109,4,207.03999999999985,4,206.31999999999996,swap,notBad
8110,4,207.03999999999985,4,206.31999999999996,2opt,notBad
8111,4,207.03999999999985,4,206.31999999999996,move,improve
8112,4,207.03999999999985,4,206.31999999999996,2opt,notBad
8113,4,207.03999999999985,4,206.31999999999996,move,improve
8114,4,207.03999999999985,4,206.31999999999996,2opt,notBad
8115,4,207.03999999999985,4,206.31999999999996,swap,notBad
8116,4,207.03999999999985,4,206.31999999999996,move,improve
8117,4,207.03999999999985,4,206.31999999999996,2opt,notBad
8118,4,207.03999999999985,4,206.31999999999996,move,improve
8119,4,207.03999999999985,4,206.31999999999996,move,improve
8120,4,207.03999999999985,4,206.31999999999996,move,improve
8121,4,207.03999999999985,4,206.31999999999996,2opt,notBad
8122,4,207.03999999999985,4,206.31999999999996,move,improve
8123,4,207.03999999999985,4,206.31999999999996,swap,notBad
8124,4,207.03999999999985,4,206.31999999999996,2opt,notBad
8125,4,207.03999999999985,4,206.31999999999996,swap,notBad
8126,4,207.03999999999985,4,206.31999999999996,2opt,notBad
8127,4,207.03999999999985,4,206.31999999999996,swap,notBad
8128,4,207.03999999999985,4,206.31999999999996,move,improve
8129,4,207.03999999999985,4,206.31999999999996,2opt,notBad
8130,4,207.03999999999985,4,206.31999999999996,swap,notBad
8131,4,207.03999999999985,4,206.31999999999996,swap,notBad
8132,4,207.03999999999985,4,206.31999999999996,move,improve
8133,4,207.03999999999985,4,206.31999999999996,swap,notBad
8134,4,207.03999999999985,4,206.31999999999996,2opt,notBad
8135,4,207.03999999999985,4,206.31999999999996,swap,notBad
8136,4,207.03999999999985,4,206.31999999999996,2opt,notBad
8137,4,207.03999999999985,4,206.31999999999996,swap,notBad
8138,4,207.03999999999985,4,206.31999999999996,2opt,notBad
8139,4,207.03999999999985,4,206.31999999999996,swap,notBad
8140,4,207.03999999999985,4,206.31999999999996,swap,notBad
8141,4,207.03999999999985,4,206.31999999999996,move,improve
8142,4,207.03999999999985,4,206.31999999999996,move,improve
8143,4,207.03999999999985,4,206.31999999999996,move,improve
8144,4,207.03999999999985,4,206.31999999999996,move,improve
8145,4,207.03999999999985,4,206.31999999999996,2opt,notBad
8146,4,207.03999999999985,4,206.31999999999996,move,improve
8147,4,207.03999999999985,4,206.31999999999996,swap,notBad
8148,4,207.03999999999985,4,206.31999999999996,2opt,notBad
8149,4,207.03999999999985,4,206.31999999999996,2opt,notBad
8150,4,207.03999999999985,4,206.31999999999996,move,improve
8151,4,207.03999999999985,4,206.31999999999996,swap,notBad
8152,4,207.03999999999985,4,206.31999999999996,2opt,notBad
8153,4,207.03999999999985,4,206.31999999999996,2opt,improve
8154,4,207.03999999999985,4,206.31999999999996,2opt,notBad
8155,4,207.03999999999985,4,206.31999999999996,move,improve
8156,4,207.03999999999985,4,206.31999999999996,2opt,notBad
8157,4,207.03999999999985,4,206.31999999999996,swap,notBad
8158,4,207.03999999999985,4,206.31999999999996,move,improve
8159,4,207.03999999999985,4,206.31999999999996,2opt,notBad
8160,4,207.03999999999985,4,206.31999999999996,swap,notBad
8161,4,207.03999999999985,4,206.31999999999996,2opt,notBad
8162,4,207.03999999999985,4,206.31999999999996,2opt,notBad
8163,4,207.03999999999985,4,206.31999999999996,move,improve
8164,4,207.03999999999985,4,206.31999999999996,swap,notBad
8165,4,207.03999999999985,4,206.31999999999996,2opt,notBad
8166,4,207.03999999999985,4,206.31999999999996,2opt,notBad
8167,4,207.03999999999985,4,206.31999999999996,2opt,notBad
8168,4,207.03999999999985,4,206.31999999999996,2opt,notBad
8169,4,207.03999999999985,4,206.31999999999996,2opt,notBad
8170,4,207.03999999999985,4,206.31999999999996,2opt,notBad
8171,4,207.03999999999985,4,206.31999999999996,move,improve
8172,4,207.03999999999985,4,206.31999999999996,swap,notBad
8173,4,207.03999999999985,4,206.31999999999996,swap,notBad
8174,4,207.03999999999985,4,206.31999999999996,2opt,notBad
8175,4,207.03999999999985,4,206.31999999999996,2opt,notBad
8176,4,207.03999999999985,4,206.31999999999996,move,improve
8177,4,207.03999999999985,4,206.31999999999996,swap,notBad
8178,4,207.03999999999985,4,206.31999999999996,swap,notBad
8179,4,207.03999999999985,4,206.31999999999996,2opt,notBad
8180,4,207.03999999999985,4,206.31999999999996,2opt,improve
8181,4,207.03999999999985,4,206.31999999999996,2opt,notBad
8182,4,207.03999999999985,4,206.31999999999996,swap,notBad
8183,4,207.03999999999985,4,206.31999999999996,move,improve
8184,4,207.03999999999985,4,206.31999999999996,swap,notBad
8185,4,207.03999999999985,4,206.31999999999996,swap,notBad
8186,4,207.03999999999985,4,206.31999999999996,2opt,notBad
8187,4,207.03999999999985,4,206.31999999999996,move,improve
8188,4,207.03999999999985,4,206.31999999999996,swap,notBad
8189,4,207.03999999999985,4,206.31999999999996,2opt,notBad
8190,4,207.03999999999985,4,206.31999999999996,move,improve
8191,4,207.03999999999985,4,206.31999999999996,swap,notBad
8192,4,207.03999999999985,4,206.31999999999996,swap,notBad
8193,4,207.03999999999985,4,206.31999999999996,move,improve
8194,4,207.03999999999985,4,206.31999999999996,move,improve
8195,4,207.03999999999985,4,206.31999999999996,move,improve
8196,4,207.03999999999985,4,206.31999999999996,2opt,notBad
8197,4,207.03999999999985,4,206.31999999999996,move,improve
8198,4,207.03999999999985,4,206.31999999999996,2opt,notBad
8199,4,207.03999999999985,4,206.31999999999996,swap,notBad
8200,4,207.03999999999985,4,206.31999999999996,move,improve
8201,4,207.03999999999985,4,206.31999999999996,2opt,improve
8202,4,207.03999999999985,4,206.31999999999996,move,improve
8203,4,207.03999999999985,4,206.31999999999996,move,improve
8204,4,207.03999999999985,4,206.31999999999996,swap,notBad
8205,4,207.03999999999985,4,206.31999999999996,move,improve
8206,4,207.03999999999985,4,206.31999999999996,2opt,notBad
8207,4,207.03999999999985,4,206.31999999999996,2opt,notBad
8208,4,207.03999999999985,4,206.31999999999996,2opt,improve
8209,4,207.03999999999985,4,206.31999999999996,2opt,notBad
8210,4,207.03999999999985,4,206.31999999999996,move,improve
8211,4,207.03999999999985,4,206.31999999999996,move,improve
8212,4,207.03999999999985,4,206.31999999999996,2opt,notBad
8213,4,207.03999999999985,4,206.31999999999996,2opt,notBad
8214,4,207.03999999999985,4,206.31999999999996,move,improve
8215,4,207.03999999999985,4,206.31999999999996,move,improve
8216,4,207.03999999999985,4,206.31999999999996,swap,notBad
8217,4,207.03999999999985,4,206.31999999999996,2opt,notBad
8218,4,207.03999999999985,4,206.31999999999996,move,improve
8219,4,207.03999999999985,4,206.31999999999996,swap,notBad
8220,4,207.03999999999985,4,206.31999999999996,2opt,notBad
8221,4,207.03999999999985,4,206.31999999999996,swap,notBad
8222,4,207.03999999999985,4,206.31999999999996,2opt,notBad
8223,4,207.03999999999985,4,206.31999999999996,move,improve
8224,4,207.03999999999985,4,206.31999999999996,move,improve
8225,4,207.03999999999985,4,206.31999999999996,2opt,notBad
8226,4,207.03999999999985,4,206.31999999999996,swap,notBad
8227,4,207.03999999999985,4,206.31999999999996,move,improve
8228,4,207.03999999999985,4,206.31999999999996,swap,notBad
8229,4,207.03999999999985,4,206.31999999999996,swap,notBad
8230,4,207.03999999999985,4,206.31999999999996,swap,notBad
8231,4,207.03999999999985,4,206.31999999999996,swap,notBad
8232,4,207.03999999999985,4,206.31999999999996,move,improve
8233,4,207.03999999999985,4,206.31999999999996,swap,notBad
8234,4,207.03999999999985,4,206.31999999999996,2opt,notBad
8235,4,207.03999999999985,4,206.31999999999996,move,improve
8236,4,207.03999999999985,4,206.31999999999996,move,improve
8237,4,207.03999999999985,4,206.31999999999996,move,improve
8238,4,207.03999999999985,4,206.31999999999996,2opt,notBad
8239,4,207.03999999999985,4,206.31999999999996,move,improve
8240,4,207.03999999999985,4,206.31999999999996,2opt,notBad
8241,4,207.03999999999985,4,206.31999999999996,swap,notBad
8242,4,207.03999999999985,4,206.31999999999996,2opt,notBad
8243,4,207.03999999999985,4,206.31999999999996,2opt,notBad
8244,4,207.03999999999985,4,206.31999999999996,swap,notBad
8245,4,207.03999999999985,4,206.31999999999996,move,improve
8246,4,207.03999999999985,4,206.31999999999996,2opt,notBad
8247,4,207.03999999999985,4,206.31999999999996,2opt,notBad
8248,4,207.03999999999985,4,206.31999999999996,2opt,improve
8249,4,207.03999999999985,4,206.31999999999996,move,improve
8250,4,207.03999999999985,4,206.31999999999996,swap,notBad
8251,4,207.03999999999985,4,206.31999999999996,swap,notBad
8252,4,207.03999999999985,4,206.31999999999996,move,improve
8253,4,207.03999999999985,4,206.31999999999996,2opt,notBad
8254,4,207.03999999999985,4,206.31999999999996,move,improve
8255,4,207.03999999999985,4,206.31999999999996,swap,notBad
8256,4,207.03999999999985,4,206.31999999999996,move,improve
8257,4,207.03999999999985,4,206.31999999999996,move,improve
8258,4,207.03999999999985,4,206.31999999999996,2opt,notBad
8259,4,207.03999999999985,4,206.31999999999996,swap,notBad
8260,4,207.03999999999985,4,206.31999999999996,move,improve
8261,4,207.03999999999985,4,206.31999999999996,2opt,improve
8262,4,207.03999999999985,4,206.31999999999996,move,improve
8263,4,207.03999999999985,4,206.31999999999996,swap,notBad
8264,4,207.03999999999985,4,206.31999999999996,move,improve
8265,4,207.03999999999985,4,206.31999999999996,2opt,notBad
8266,4,207.03999999999985,4,206.31999999999996,swap,notBad
8267,4,207.03999999999985,4,206.31999999999996,swap,notBad
8268,4,207.03999999999985,4,206.31999999999996,2opt,notBad
8269,4,207.03999999999985,4,206.31999999999996,swap,notBad
8270,4,207.03999999999985,4,206.31999999999996,move,improve
8271,4,207.03999999999985,4,206.31999999999996,swap,notBad
8272,4,207.03999999999985,4,206.31999999999996,2opt,notBad
8273,4,207.03999999999985,4,206.31999999999996,swap,notBad
8274,4,207.03999999999985,4,206.31999999999996,swap,notBad
8275,4,207.03999999999985,4,206.31999999999996,swap,notBad
8276,4,207.03999999999985,4,206.31999999999996,move,improve
8277,4,207.03999999999985,4,206.31999999999996,move,improve
8278,4,207.03999999999985,4,206.31999999999996,swap,notBad
8279,4,207.03999999999985,4,206.31999999999996,move,improve
8280,4,207.03999999999985,4,206.31999999999996,2opt,notBad
8281,4,207.03999999999985,4,206.31999999999996,2opt,notBad
8282,4,207.03999999999985,4,206.31999999999996,swap,notBad
8283,4,207.03999999999985,4,206.31999999999996,2opt,notBad
8284,4,207.03999999999985,4,206.31999999999996,2opt,improve
8285,4,207.03999999999985,4,206.31999999999996,swap,notBad
8286,4,207.03999999999985,4,206.31999999999996,move,improve
8287,4,207.03999999999985,4,206.31999999999996,2opt,notBad
8288,4,207.03999999999985,4,206.31999999999996,2opt,notBad
8289,4,207.03999999999985,4,206.31999999999996,move,improve
8290,4,207.03999999999985,4,206.31999999999996,swap,notBad
8291,4,207.03999999999985,4,206.31999999999996,2opt,notBad
8292,4,207.03999999999985,4,206.31999999999996,2opt,notBad
8293,4,207.03999999999985,4,206.31999999999996,2opt,notBad
8294,4,207.03999999999985,4,206.31999999999996,swap,notBad
8295,4,207.03999999999985,4,206.31999999999996,move,improve
8296,4,207.03999999999985,4,206.31999999999996,2opt,notBad
8297,4,207.03999999999985,4,206.31999999999996,swap,notBad
8298,4,207.03999999999985,4,206.31999999999996,2opt,notBad
8299,4,207.03999999999985,4,206.31999999999996,move,improve
8300,4,207.03999999999985,4,206.31999999999996,move,improve
8301,4,207.03999999999985,4,206.31999999999996,2opt,notBad
8302,4,207.03999999999985,4,206.31999999999996,2opt,improve
8303,4,207.03999999999985,4,206.31999999999996,swap,notBad
8304,4,207.03999999999985,4,206.31999999999996,swap,notBad
8305,4,207.03999999999985,4,206.31999999999996,swap,notBad
8306,4,207.03999999999985,4,206.31999999999996,2opt,notBad
8307,4,207.03999999999985,4,206.31999999999996,swap,notBad
8308,4,207.03999999999985,4,206.31999999999996,move,improve
8309,4,207.03999999999985,4,206.31999999999996,2opt,improve
8310,4,207.03999999999985,4,206.31999999999996,move,improve
8311,4,207.03999999999985,4,206.31999999999996,swap,notBad
8312,4,207.03999999999985,4,206.31999999999996,2opt,notBad
8313,4,207.03999999999985,4,206.31999999999996,swap,notBad
8314,4,207.03999999999985,4,206.31999999999996,swap,notBad
8315,4,207.03999999999985,4,206.31999999999996,2opt,notBad
8316,4,207.03999999999985,4,206.31999999999996,2opt,notBad
8317,4,207.03999999999985,4,206.31999999999996,swap,notBad
8318,4,207.03999999999985,4,206.31999999999996,2opt,notBad
8319,4,207.03999999999985,4,206.31999999999996,move,improve
8320,4,207.03999999999985,4,206.31999999999996,swap,notBad
8321,4,207.03999999999985,4,206.31999999999996,2opt,notBad
8322,4,207.03999999999985,4,206.31999999999996,move,improve
8323,4,207.03999999999985,4,206.31999999999996,swap,notBad
8324,4,207.03999999999985,4,206.31999999999996,swap,notBad
8325,4,207.03999999999985,4,206.31999999999996,swap,notBad
8326,4,207.03999999999985,4,206.31999999999996,move,improve
8327,4,207.03999999999985,4,206.31999999999996,move,improve
8328,4,207.03999999999985,4,206.31999999999996,swap,notBad
8329,4,207.03999999999985,4,206.31999999999996,swap,notBad
8330,4,207.03999999999985,4,206.31999999999996,move,notBad
8331,4,207.03999999999985,4,206.31999999999996,2opt,notBad
8332,4,207.03999999999985,4,206.31999999999996,2opt,notBad
8333,4,207.03999999999985,4,206.31999999999996,2opt,notBad
8334,4,207.03999999999985,4,206.31999999999996,move,notBad
8335,4,207.03999999999985,4,206.31999999999996,swap,notBad
8336,4,207.03999999999985,4,206.31999999999996,2opt,improve
8337,4,207.03999999999985,4,206.31999999999996,swap,notBad
8338,4,207.03999999999985,4,206.31999999999996,move,improve
8339,4,207.03999999999985,4,206.31999999999996,2opt,notBad
8340,4,207.03999999999985,4,206.31999999999996,move,improve
8341,4,207.03999999999985,4,206.31999999999996,2opt,notBad
8342,4,207.03999999999985,4,206.31999999999996,swap,notBad
8343,4,207.03999999999985,4,206.31999999999996,2opt,notBad
8344,4,207.03999999999985,4,206.31999999999996,swap,notBad
8345,4,207.03999999999985,4,206.31999999999996,move,improve
8346,4,207.03999999999985,4,206.31999999999996,2opt,notBad
8347,4,207.03999999999985,4,206.31999999999996,swap,notBad
8348,4,207.03999999999985,4,206.31999999999996,move,improve
8349,4,207.03999999999985,4,206.31999999999996,2opt,improve
8350,4,207.03999999999985,4,206.31999999999996,2opt,notBad
8351,4,207.03999999999985,4,206.31999999999996,move,improve
8352,4,207.03999999999985,4,206.31999999999996,move,improve
8353,4,207.03999999999985,4,206.31999999999996,swap,notBad
8354,4,207.03999999999985,4,206.31999999999996,2opt,improve
8355,4,207.03999999999985,4,206.31999999999996,swap,notBad
8356,4,207.03999999999985,4,206.31999999999996,swap,notBad
8357,4,207.03999999999985,4,206.31999999999996,2opt,notBad
8358,4,207.03999999999985,4,206.31999999999996,2opt,notBad
8359,4,207.03999999999985,4,206.31999999999996,swap,notBad
8360,4,207.03999999999985,4,206.31999999999996,2opt,improve
8361,4,207.03999999999985,4,206.31999999999996,2opt,notBad
8362,4,207.03999999999985,4,206.31999999999996,move,improve
8363,4,207.03999999999985,4,206.31999999999996,move,improve
8364,4,207.03999999999985,4,206.31999999999996,move,improve
8365,4,207.03999999999985,4,206.31999999999996,2opt,notBad
8366,4,207.03999999999985,4,206.31999999999996,swap,notBad
8367,4,207.03999999999985,4,206.31999999999996,swap,notBad
8368,4,207.03999999999985,4,206.31999999999996,2opt,notBad
8369,4,207.03999999999985,4,206.31999999999996,swap,notBad
8370,4,207.03999999999985,4,206.31999999999996,swap,notBad
8371,4,207.03999999999985,4,206.31999999999996,swap,notBad
8372,4,207.03999999999985,4,206.31999999999996,swap,notBad
8373,4,207.03999999999985,4,206.31999999999996,2opt,notBad
8374,4,207.03999999999985,4,206.31999999999996,move,improve
8375,4,207.03999999999985,4,206.31999999999996,swap,notBad
8376,4,207.03999999999985,4,206.31999999999996,move,improve
8377,4,207.03999999999985,4,206.31999999999996,swap,notBad
8378,4,207.03999999999985,4,206.31999999999996,swap,notBad
8379,4,207.03999999999985,4,206.31999999999996,move,improve
8380,4,207.03999999999985,4,206.31999999999996,move,improve
8381,4,207.03999999999985,4,206.31999999999996,2opt,notBad
8382,4,207.03999999999985,4,206.31999999999996,swap,notBad
8383,4,207.03999999999985,4,206.31999999999996,move,improve
8384,4,207.03999999999985,4,206.31999999999996,move,improve
8385,4,207.03999999999985,4,206.31999999999996,2opt,notBad
8386,4,207.03999999999985,4,206.31999999999996,2opt,notBad
8387,4,207.03999999999985,4,206.31999999999996,swap,notBad
8388,4,207.03999999999985,4,206.31999999999996,2opt,improve
8389,4,207.03999999999985,4,206.31999999999996,2opt,notBad
8390,4,207.03999999999985,4,206.31999999999996,move,improve
8391,4,207.03999999999985,4,206.31999999999996,move,improve
8392,4,207.03999999999985,4,206.31999999999996,2opt,notBad
8393,4,207.03999999999985,4,206.31999999999996,swap,notBad
8394,4,207.03999999999985,4,206.31999999999996,swap,notBad
8395,4,207.03999999999985,4,206.31999999999996,2opt,notBad
8396,4,207.03999999999985,4,206.31999999999996,move,improve
8397,4,207.03999999999985,4,206.31999999999996,swap,notBad
8398,4,207.03999999999985,4,206.31999999999996,swap,notBad
8399,4,207.03999999999985,4,206.31999999999996,2opt,notBad
8400,4,207.03999999999985,4,206.31999999999996,swap,notBad
8401,4,207.03999999999985,4,206.31999999999996,2opt,notBad
8402,4,207.03999999999985,4,206.31999999999996,swap,notBad
8403,4,207.03999999999985,4,206.31999999999996,swap,notBad
8404,4,207.03999999999985,4,206.31999999999996,move,improve
8405,4,207.03999999999985,4,206.31999999999996,move,improve
8406,4,207.03999999999985,4,206.31999999999996,swap,notBad
8407,4,207.03999999999985,4,206.31999999999996,2opt,notBad
8408,4,207.03999999999985,4,206.31999999999996,swap,notBad
8409,4,207.03999999999985,4,206.31999999999996,move,improve
8410,4,207.03999999999985,4,206.31999999999996,move,improve
8411,4,207.03999999999985,4,206.31999999999996,swap,notBad
8412,4,207.03999999999985,4,206.31999999999996,2opt,notBad
8413,4,207.03999999999985,4,206.31999999999996,2opt,notBad
8414,4,207.03999999999985,4,206.31999999999996,move,improve
8415,4,207.03999999999985,4,206.31999999999996,swap,notBad
8416,4,207.03999999999985,4,206.31999999999996,move,notBad
8417,4,207.03999999999985,4,206.31999999999996,swap,notBad
8418,4,207.03999999999985,4,206.31999999999996,2opt,notBad
8419,4,207.03999999999985,4,206.31999999999996,swap,notBad
8420,4,207.03999999999985,4,206.31999999999996,swap,notBad
8421,4,207.03999999999985,4,206.31999999999996,2opt,notBad
8422,4,207.03999999999985,4,206.31999999999996,swap,notBad
8423,4,207.03999999999985,4,206.31999999999996,swap,notBad
8424,4,207.03999999999985,4,206.31999999999996,move,notBad
8425,4,207.03999999999985,4,206.31999999999996,swap,notBad
8426,4,207.03999999999985,4,206.31999999999996,swap,notBad
8427,4,207.03999999999985,4,206.31999999999996,2opt,notBad
8428,4,207.03999999999985,4,206.31999999999996,2opt,notBad
8429,4,207.03999999999985,4,206.31999999999996,swap,notBad
8430,4,207.03999999999985,4,206.31999999999996,2opt,notBad
8431,4,207.03999999999985,4,206.31999999999996,move,improve
8432,4,207.03999999999985,4,206.31999999999996,swap,notBad
8433,4,207.03999999999985,4,206.31999999999996,2opt,notBad
8434,4,207.03999999999985,4,206.31999999999996,swap,notBad
8435,4,207.03999999999985,4,206.31999999999996,swap,notBad
8436,4,207.03999999999985,4,206.31999999999996,move,improve
8437,4,207.03999999999985,4,206.31999999999996,2opt,notBad
8438,4,207.03999999999985,4,206.31999999999996,move,improve
8439,4,207.03999999999985,4,206.31999999999996,2opt,notBad
8440,4,207.03999999999985,4,206.31999999999996,move,improve
8441,4,207.03999999999985,4,206.31999999999996,move,improve
8442,4,207.03999999999985,4,206.31999999999996,swap,notBad
8443,4,207.03999999999985,4,206.31999999999996,move,improve
8444,4,207.03999999999985,4,206.31999999999996,move,improve
8445,4,207.03999999999985,4,206.31999999999996,swap,notBad
8446,4,207.03999999999985,4,206.31999999999996,2opt,notBad
8447,4,207.03999999999985,4,206.31999999999996,swap,notBad
8448,4,207.03999999999985,4,206.31999999999996,move,improve
8449,4,207.03999999999985,4,206.31999999999996,swap,notBad
8450,4,207.03999999999985,4,206.31999999999996,swap,notBad
8451,4,207.03999999999985,4,206.31999999999996,2opt,notBad
8452,4,207.03999999999985,4,206.31999999999996,2opt,notBad
8453,4,209.10999999999984,4,206.31999999999996,swap,acceptBad
8454,4,209.10999999999984,4,206.31999999999996,2opt,notBad
8455,4,209.10999999999984,4,206.31999999999996,move,improve
8456,4,209.10999999999984,4,206.31999999999996,2opt,notBad
8457,4,209.10999999999984,4,206.31999999999996,move,improve
8458,4,209.10999999999984,4,206.31999999999996,move,improve
8459,4,209.10999999999984,4,206.31999999999996,move,improve
8460,4,209.10999999999984,4,206.31999999999996,2opt,notBad
8461,4,209.10999999999984,4,206.31999999999996,2opt,notBad
8462,4,209.10999999999984,4,206.31999999999996,move,improve
8463,4,209.10999999999984,4,206.31999999999996,swap,notBad
8464,4,209.10999999999984,4,206.31999999999996,2opt,notBad
8465,4,209.10999999999984,4,206.31999999999996,2opt,notBad
8466,4,209.10999999999984,4,206.31999999999996,2opt,notBad
8467,4,209.10999999999984,4,206.31999999999996,swap,notBad
8468,4,209.10999999999984,4,206.31999999999996,move,improve
8469,4,209.10999999999984,4,206.31999999999996,swap,notBad
8470,4,209.10999999999984,4,206.31999999999996,swap,notBad
8471,4,209.10999999999984,4,206.31999999999996,swap,notBad
8472,4,209.10999999999984,4,206.31999999999996,2opt,notBad
8473,4,209.10999999999984,4,206.31999999999996,move,improve
8474,4,209.10999999999984,4,206.31999999999996,2opt,notBad
8475,4,209.10999999999984,4,206.31999999999996,move,improve
8476,4,209.10999999999984,4,206.31999999999996,move,improve
8477,4,209.10999999999984,4,206.31999999999996,2opt,notBad
8478,4,209.10999999999984,4,206.31999999999996,move,improve
8479,4,209.10999999999984,4,206.31999999999996,move,improve
8480,4,209.10999999999984,4,206.31999999999996,2opt,notBad
8481,4,209.10999999999984,4,206.31999999999996,move,improve
8482,4,209.10999999999984,4,206.31999999999996,move,improve
8483,4,209.10999999999984,4,206.31999999999996,swap,notBad
8484,4,209.10999999999984,4,206.31999999999996,2opt,notBad
8485,4,209.10999999999984,4,206.31999999999996,move,improve
8486,4,207.03999999999985,4,206.31999999999996,move,improve
8487,4,207.03999999999985,4,206.31999999999996,swap,notBad
8488,4,207.03999999999985,4,206.31999999999996,swap,notBad
8489,4,207.03999999999985,4,206.31999999999996,swap,notBad
8490,4,207.03999999999985,4,206.31999999999996,move,improve
8491,4,206.9199999999999,4,206.31999999999996,2opt,improve
8492,4,206.9199999999999,4,206.31999999999996,move,improve
8493,4,206.9199999999999,4,206.31999999999996,2opt,notBad
8494,4,206.9199999999999,4,206.31999999999996,swap,notBad
8495,4,206.9199999999999,4,206.31999999999996,2opt,notBad
8496,4,206.9199999999999,4,206.31999999999996,swap,notBad
8497,4,206.9199999999999,4,206.31999999999996,2opt,notBad
8498,4,206.9199999999999,4,206.31999999999996,swap,notBad
8499,4,206.9199999999999,4,206.31999999999996,move,improve
8500,4,206.9199999999999,4,206.31999999999996,move,notBad
8501,4,206.9199999999999,4,206.31999999999996,swap,notBad
8502,4,206.9199999999999,4,206.31999999999996,2opt,notBad
8503,4,206.9199999999999,4,206.31999999999996,move,improve
8504,4,206.9199999999999,4,206.31999999999996,move,improve
8505,4,206.9199999999999,4,206.31999999999996,2opt,notBad
8506,4,206.9199999999999,4,206.31999999999996,swap,notBad
8507,4,206.9199999999999,4,206.31999999999996,swap,notBad
8508,4,206.9199999999999,4,206.31999999999996,swap,notBad
8509,4,206.9199999999999,4,206.31999999999996,2opt,notBad
8510,4,206.9199999999999,4,206.31999999999996,2opt,improve
8511,4,206.9199999999999,4,206.31999999999996,2opt,notBad
8512,4,206.9199999999999,4,206.31999999999996,move,improve
8513,4,206.9199999999999,4,206.31999999999996,move,improve
8514,4,206.9199999999999,4,206.31999999999996,swap,notBad
8515,4,206.9199999999999,4,206.31999999999996,2opt,notBad
8516,4,206.9199999999999,4,206.31999999999996,swap,notBad
8517,4,206.9199999999999,4,206.31999999999996,swap,notBad
8518,4,206.9199999999999,4,206.31999999999996,swap,notBad
8519,4,206.9199999999999,4,206.31999999999996,move,improve
8520,4,206.9199999999999,4,206.31999999999996,2opt,notBad
8521,4,206.9199999999999,4,206.31999999999996,move,improve
8522,4,206.9199999999999,4,206.31999999999996,move,improve
8523,4,206.9199999999999,4,206.31999999999996,2opt,notBad
8524,4,206.9199999999999,4,206.31999999999996,move,improve
8525,4,206.9199999999999,4,206.31999999999996,swap,notBad
8526,4,206.9199999999999,4,206.31999999999996,move,improve
8527,4,206.9199999999999,4,206.31999999999996,2opt,notBad
8528,4,206.9199999999999,4,206.31999999999996,2opt,notBad
8529,4,206.9199999999999,4,206.31999999999996,2opt,improve
8530,4,206.9199999999999,4,206.31999999999996,swap,notBad
8531,4,206.9199999999999,4,206.31999999999996,swap,notBad
8532,4,206.9199999999999,4,206.31999999999996,move,improve
8533,4,206.9199999999999,4,206.31999999999996,move,improve
8534,4,206.9199999999999,4,206.31999999999996,swap,notBad
8535,4,206.9199999999999,4,206.31999999999996,move,improve
8536,4,206.9199999999999,4,206.31999999999996,move,improve
8537,4,206.9199999999999,4,206.31999999999996,move,improve
8538,4,206.9199999999999,4,206.31999999999996,2opt,notBad
8539,4,206.9199999999999,4,206.31999999999996,2opt,notBad
8540,4,206.9199999999999,4,206.31999999999996,move,notBad
8541,4,206.9199999999999,4,206.31999999999996,move,improve
8542,4,206.9199999999999,4,206.31999999999996,2opt,notBad
8543,4,206.9199999999999,4,206.31999999999996,2opt,improve
8544,4,206.9199999999999,4,206.31999999999996,move,improve
8545,4,206.9199999999999,4,206.31999999999996,move,improve
8546,4,206.9199999999999,4,206.31999999999996,move,improve
8547,4,206.9199999999999,4,206.31999999999996,swap,notBad
8548,4,206.9199999999999,4,206.31999999999996,swap,notBad
8549,4,206.9199999999999,4,206.31999999999996,move,improve
8550,4,206.9199999999999,4,206.31999999999996,2opt,notBad
8551,4,206.9199999999999,4,206.31999999999996,move,improve
8552,4,206.9199999999999,4,206.31999999999996,move,improve
8553,4,206.9199999999999,4,206.31999999999996,move,improve
8554,4,206.9199999999999,4,206.31999999999996,swap,notBad
8555,4,206.9199999999999,4,206.31999999999996,2opt,notBad
8556,4,206.9199999999999,4,206.31999999999996,move,improve
8557,4,206.9199999999999,4,206.31999999999996,2opt,notBad
8558,4,206.9199999999999,4,206.31999999999996,swap,notBad
8559,4,206.9199999999999,4,206.31999999999996,move,improve
8560,4,206.9199999999999,4,206.31999999999996,2opt,improve
8561,4,206.9199999999999,4,206.31999999999996,2opt,notBad
8562,4,206.9199999999999,4,206.31999999999996,2opt,notBad
8563,4,206.9199999999999,4,206.31999999999996,2opt,notBad
8564,4,206.9199999999999,4,206.31999999999996,2opt,notBad
8565,4,206.9199999999999,4,206.31999999999996,swap,notBad
8566,4,206.9199999999999,4,206.31999999999996,swap,notBad
8567,4,206.9199999999999,4,206.31999999999996,2opt,notBad
8568,4,206.9199999999999,4,206.31999999999996,move,improve
8569,4,206.9199999999999,4,206.31999999999996,move,improve
8570,4,206.9199999999999,4,206.31999999999996,2opt,notBad
8571,4,206.9199999999999,4,206.31999999999996,swap,notBad
8572,4,206.9199999999999,4,206.31999999999996,swap,notBad
8573,4,206.9199999999999,4,206.31999999999996,2opt,improve
8574,4,206.9199999999999,4,206.31999999999996,swap,notBad
8575,4,206.9199999999999,4,206.31999999999996,2opt,notBad
8576,4,206.9199999999999,4,206.31999999999996,2opt,notBad
8577,4,206.9199999999999,4,206.31999999999996,move,improve
8578,4,206.9199999999999,4,206.31999999999996,swap,notBad
8579,4,206.9199999999999,4,206.31999999999996,2opt,improve
8580,4,206.9199999999999,4,206.31999999999996,swap,notBad
8581,4,206.9199999999999,4,206.31999999999996,swap,notBad
8582,4,206.9199999999999,4,206.31999999999996,move,improve
8583,4,206.9199999999999,4,206.31999999999996,2opt,notBad
8584,4,206.9199999999999,4,206.31999999999996,2opt,notBad
8585,4,206.9199999999999,4,206.31999999999996,2opt,notBad
8586,4,206.9199999999999,4,206.31999999999996,swap,notBad
8587,4,206.9199999999999,4,206.31999999999996,2opt,notBad
8588,4,206.9199999999999,4,206.31999999999996,swap,notBad
8589,4,206.9199999999999,4,206.31999999999996,move,improve
8590,4,206.9199999999999,4,206.31999999999996,2opt,notBad
8591,4,206.9199999999999,4,206.31999999999996,2opt,improve
8592,4,206.9199999999999,4,206.31999999999996,swap,notBad
8593,4,206.9199999999999,4,206.31999999999996,move,improve
8594,4,206.9199999999999,4,206.31999999999996,swap,notBad
8595,4,206.9199999999999,4,206.31999999999996,swap,notBad
8596,4,206.9199999999999,4,206.31999999999996,move,improve
8597,4,206.9199999999999,4,206.31999999999996,move,improve
8598,4,206.9199999999999,4,206.31999999999996,2opt,notBad
8599,4,206.9199999999999,4,206.31999999999996,swap,notBad
8600,4,206.9199999999999,4,206.31999999999996,move,improve
8601,4,206.9199999999999,4,206.31999999999996,2opt,notBad
8602,4,206.9199999999999,4,206.31999999999996,swap,notBad
8603,4,206.9199999999999,4,206.31999999999996,swap,notBad
8604,4,206.9199999999999,4,206.31999999999996,swap,notBad
8605,4,206.9199999999999,4,206.31999999999996,move,improve
8606,4,206.9199999999999,4,206.31999999999996,move,improve
8607,4,206.9199999999999,4,206.31999999999996,move,improve
8608,4,206.9199999999999,4,206.31999999999996,2opt,notBad
8609,4,206.9199999999999,4,206.31999999999996,move,improve
8610,4,206.9199999999999,4,206.31999999999996,swap,notBad
8611,4,206.9199999999999,4,206.31999999999996,2opt,improve
8612,4,206.9199999999999,4,206.31999999999996,move,improve
8613,4,206.9199999999999,4,206.31999999999996,2opt,notBad
8614,4,206.9199999999999,4,206.31999999999996,2opt,notBad
8615,4,206.9199999999999,4,206.31999999999996,move,improve
8616,4,206.9199999999999,4,206.31999999999996,swap,notBad
8617,4,206.9199999999999,4,206.31999999999996,move,improve
8618,4,206.9199999999999,4,206.31999999999996,2opt,notBad
8619,4,206.9199999999999,4,206.31999999999996,2opt,notBad
8620,4,206.9199999999999,4,206.31999999999996,swap,notBad
8621,4,206.9199999999999,4,206.31999999999996,swap,notBad
8622,4,206.9199999999999,4,206.31999999999996,swap,notBad
8623,4,206.9199999999999,4,206.31999999999996,swap,notBad
8624,4,206.9199999999999,4,206.31999999999996,swap,notBad
8625,4,206.9199999999999,4,206.31999999999996,move,notBad
8626,4,206.9199999999999,4,206.31999999999996,swap,notBad
8627,4,206.9199999999999,4,206.31999999999996,2opt,notBad
8628,4,206.9199999999999,4,206.31999999999996,2opt,notBad
8629,4,206.9199999999999,4,206.31999999999996,swap,notBad
8630,4,206.9199999999999,4,206.31999999999996,2opt,notBad
8631,4,206.9199999999999,4,206.31999999999996,2opt,improve
8632,4,206.9199999999999,4,206.31999999999996,2opt,notBad
8633,4,206.9199999999999,4,206.31999999999996,swap,notBad
8634,4,206.9199999999999,4,206.31999999999996,move,improve
8635,4,206.9199999999999,4,206.31999999999996,move,improve
8636,4,206.9199999999999,4,206.31999999999996,2opt,notBad
8637,4,206.9199999999999,4,206.31999999999996,2opt,notBad
8638,4,206.9199999999999,4,206.31999999999996,move,improve
8639,4,206.9199999999999,4,206.31999999999996,move,improve
8640,4,206.9199999999999,4,206.31999999999996,2opt,improve
8641,4,206.9199999999999,4,206.31999999999996,swap,notBad
8642,4,206.9199999999999,4,206.31999999999996,swap,notBad
8643,4,206.9199999999999,4,206.31999999999996,2opt,notBad
8644,4,206.9199999999999,4,206.31999999999996,2opt,notBad
8645,4,206.9199999999999,4,206.31999999999996,2opt,notBad
8646,4,206.9199999999999,4,206.31999999999996,swap,notBad
8647,4,206.9199999999999,4,206.31999999999996,2opt,improve
8648,4,206.9199999999999,4,206.31999999999996,move,improve
8649,4,206.9199999999999,4,206.31999999999996,swap,notBad
8650,4,206.9199999999999,4,206.31999999999996,swap,notBad
8651,4,206.9199999999999,4,206.31999999999996,swap,notBad
8652,4,206.9199999999999,4,206.31999999999996,2opt,notBad
8653,4,206.9199999999999,4,206.31999999999996,swap,notBad
8654,4,206.9199999999999,4,206.31999999999996,move,improve
8655,4,206.9199999999999,4,206.31999999999996,move,improve
8656,4,206.9199999999999,4,206.31999999999996,swap,notBad
8657,4,206.9199999999999,4,206.31999999999996,2opt,improve
8658,4,206.9199999999999,4,206.31999999999996,move,improve
8659,4,206.9199999999999,4,206.31999999999996,2opt,notBad
8660,4,206.9199999999999,4,206.31999999999996,swap,notBad
8661,4,206.9199999999999,4,206.31999999999996,move,improve
8662,4,206.9199999999999,4,206.31999999999996,swap,notBad
8663,4,206.9199999999999,4,206.31999999999996,2opt,notBad
8664,4,206.9199999999999,4,206.31999999999996,move,improve
8665,4,206.9199999999999,4,206.31999999999996,swap,notBad
8666,4,206.9199999999999,4,206.31999999999996,move,improve
8667,4,206.9199999999999,4,206.31999999999996,swap,notBad
8668,4,206.9199999999999,4,206.31999999999996,2opt,notBad
8669,4,206.9199999999999,4,206.31999999999996,move,improve
8670,4,206.9199999999999,4,206.31999999999996,swap,notBad
8671,4,206.9199999999999,4,206.31999999999996,2opt,notBad
8672,4,206.9199999999999,4,206.31999999999996,move,improve
8673,4,206.9199999999999,4,206.31999999999996,move,improve
8674,4,206.9199999999999,4,206.31999999999996,swap,notBad
8675,4,206.9199999999999,4,206.31999999999996,2opt,improve
8676,4,206.9199999999999,4,206.31999999999996,swap,notBad
8677,4,206.9199999999999,4,206.31999999999996,move,improve
8678,4,206.9199999999999,4,206.31999999999996,move,improve
8679,4,206.9199999999999,4,206.31999999999996,swap,notBad
8680,4,206.9199999999999,4,206.31999999999996,move,improve
8681,4,206.9199999999999,4,206.31999999999996,swap,notBad
8682,4,206.9199999999999,4,206.31999999999996,move,improve
8683,4,206.9199999999999,4,206.31999999999996,move,improve
8684,4,206.9199999999999,4,206.31999999999996,swap,notBad
8685,4,206.9199999999999,4,206.31999999999996,move,improve
8686,4,206.9199999999999,4,206.31999999999996,swap,notBad
8687,4,206.9199999999999,4,206.31999999999996,2opt,notBad
8688,4,206.9199999999999,4,206.31999999999996,swap,notBad
8689,4,206.9199999999999,4,206.31999999999996,2opt,notBad
8690,4,206.9199999999999,4,206.31999999999996,2opt,notBad
8691,4,206.9199999999999,4,206.31999999999996,move,improve
8692,4,206.9199999999999,4,206.31999999999996,swap,notBad
8693,4,206.9199999999999,4,206.31999999999996,2opt,improve
8694,4,206.9199999999999,4,206.31999999999996,swap,notBad
8695,4,206.9199999999999,4,206.31999999999996,move,improve
8696,4,206.9199999999999,4,206.31999999999996,move,improve
8697,4,206.9199999999999,4,206.31999999999996,2opt,notBad
8698,4,206.9199999999999,4,206.31999999999996,swap,notBad
8699,4,206.9199999999999,4,206.31999999999996,2opt,notBad
8700,4,206.9199999999999,4,206.31999999999996,2opt,notBad
8701,4,206.9199999999999,4,206.31999999999996,swap,notBad
8702,4,206.9199999999999,4,206.31999999999996,move,improve
8703,4,206.9199999999999,4,206.31999999999996,swap,notBad
8704,4,206.9199999999999,4,206.31999999999996,2opt,notBad
8705,4,206.9199999999999,4,206.31999999999996,2opt,notBad
8706,4,206.9199999999999,4,206.31999999999996,move,improve
8707,4,206.9199999999999,4,206.31999999999996,swap,notBad
8708,4,206.9199999999999,4,206.31999999999996,swap,notBad
8709,4,206.9199999999999,4,206.31999999999996,move,improve
8710,4,206.9199999999999,4,206.31999999999996,2opt,notBad
8711,4,206.9199999999999,4,206.31999999999996,swap,notBad
8712,4,206.9199999999999,4,206.31999999999996,move,improve
8713,4,206.9199999999999,4,206.31999999999996,move,improve
8714,4,206.9199999999999,4,206.31999999999996,move,improve
8715,4,206.9199999999999,4,206.31999999999996,move,improve
8716,4,206.9199999999999,4,206.31999999999996,swap,notBad
8717,4,206.9199999999999,4,206.31999999999996,move,improve
8718,4,206.9199999999999,4,206.31999999999996,move,improve
8719,4,206.9199999999999,4,206.31999999999996,move,improve
8720,4,206.9199999999999,4,206.31999999999996,swap,notBad
8721,4,206.9199999999999,4,206.31999999999996,swap,notBad
8722,4,206.9199999999999,4,206.31999999999996,swap,notBad
8723,4,206.9199999999999,4,206.31999999999996,2opt,notBad
8724,4,206.9199999999999,4,206.31999999999996,move,improve
8725,4,206.9199999999999,4,206.31999999999996,move,improve
8726,4,206.9199999999999,4,206.31999999999996,2opt,notBad
8727,4,206.9199999999999,4,206.31999999999996,swap,notBad
8728,4,206.9199999999999,4,206.31999999999996,swap,notBad
8729,4,206.9199999999999,4,206.31999999999996,2opt,notBad
8730,4,206.9199999999999,4,206.31999999999996,move,improve
8731,4,206.9199999999999,4,206.31999999999996,swap,notBad
8732,4,206.9199999999999,4,206.31999999999996,2opt,notBad
8733,4,206.9199999999999,4,206.31999999999996,move,improve
8734,4,206.9199999999999,4,206.31999999999996,move,notBad
8735,4,206.9199999999999,4,206.31999999999996,move,improve
8736,4,206.9199999999999,4,206.31999999999996,move,improve
8737,4,206.9199999999999,4,206.31999999999996,move,improve
8738,4,206.9199999999999,4,206.31999999999996,move,improve
8739,4,206.9199999999999,4,206.31999999999996,move,improve
8740,4,206.9199999999999,4,206.31999999999996,2opt,notBad
8741,4,206.9199999999999,4,206.31999999999996,swap,notBad
8742,4,206.9199999999999,4,206.31999999999996,swap,notBad
8743,4,206.9199999999999,4,206.31999999999996,swap,notBad
8744,4,206.9199999999999,4,206.31999999999996,move,improve
8745,4,206.9199999999999,4,206.31999999999996,2opt,notBad
8746,4,206.9199999999999,4,206.31999999999996,move,improve
8747,4,206.9199999999999,4,206.31999999999996,move,improve
8748,4,206.9199999999999,4,206.31999999999996,swap,notBad
8749,4,206.9199999999999,4,206.31999999999996,2opt,notBad
8750,4,206.9199999999999,4,206.31999999999996,move,improve
8751,4,206.9199999999999,4,206.31999999999996,move,improve
8752,4,206.9199999999999,4,206.31999999999996,move,improve
8753,4,206.9199999999999,4,206.31999999999996,swap,notBad
8754,4,206.9199999999999,4,206.31999999999996,2opt,notBad
8755,4,206.9199999999999,4,206.31999999999996,2opt,notBad
8756,4,206.9199999999999,4,206.31999999999996,swap,notBad
8757,4,206.9199999999999,4,206.31999999999996,2opt,notBad
8758,4,206.9199999999999,4,206.31999999999996,swap,notBad
8759,4,206.9199999999999,4,206.31999999999996,2opt,notBad
8760,4,206.9199999999999,4,206.31999999999996,2opt,notBad
8761,4,206.9199999999999,4,206.31999999999996,2opt,improve
8762,4,206.9199999999999,4,206.31999999999996,2opt,notBad
8763,4,206.9199999999999,4,206.31999999999996,2opt,notBad
8764,4,206.9199999999999,4,206.31999999999996,swap,notBad
8765,4,206.9199999999999,4,206.31999999999996,move,improve
8766,4,206.9199999999999,4,206.31999999999996,move,improve
8767,4,206.9199999999999,4,206.31999999999996,swap,notBad
8768,4,206.9199999999999,4,206.31999999999996,2opt,notBad
8769,4,206.9199999999999,4,206.31999999999996,swap,notBad
8770,4,206.9199999999999,4,206.31999999999996,move,improve
8771,4,206.9199999999999,4,206.31999999999996,2opt,notBad
8772,4,206.9199999999999,4,206.31999999999996,move,notBad
8773,4,206.9199999999999,4,206.31999999999996,move,improve
8774,4,206.9199999999999,4,206.31999999999996,2opt,notBad
8775,4,206.9199999999999,4,206.31999999999996,swap,notBad
8776,4,206.9199999999999,4,206.31999999999996,2opt,notBad
8777,4,206.9199999999999,4,206.31999999999996,swap,notBad
8778,4,206.9199999999999,4,206.31999999999996,swap,notBad
8779,4,206.9199999999999,4,206.31999999999996,swap,notBad
8780,4,206.9199999999999,4,206.31999999999996,swap,notBad
8781,4,206.9199999999999,4,206.31999999999996,move,improve
8782,4,206.9199999999999,4,206.31999999999996,swap,notBad
8783,4,206.9199999999999,4,206.31999999999996,move,improve
8784,4,206.9199999999999,4,206.31999999999996,swap,notBad
8785,4,206.9199999999999,4,206.31999999999996,swap,notBad
8786,4,206.9199999999999,4,206.31999999999996,move,improve
8787,4,206.9199999999999,4,206.31999999999996,move,improve
8788,4,206.9199999999999,4,206.31999999999996,swap,notBad
8789,4,206.9199999999999,4,206.31999999999996,swap,notBad
8790,4,206.9199999999999,4,206.31999999999996,move,improve
8791,4,206.9199999999999,4,206.31999999999996,2opt,notBad
8792,4,206.9199999999999,4,206.31999999999996,move,improve
8793,4,206.9199999999999,4,206.31999999999996,move,improve
8794,4,206.9199999999999,4,206.31999999999996,2opt,notBad
8795,4,206.9199999999999,4,206.31999999999996,move,improve
8796,4,206.9199999999999,4,206.31999999999996,move,improve
8797,4,206.9199999999999,4,206.31999999999996,2opt,notBad
8798,4,206.9199999999999,4,206.31999999999996,move,improve
8799,4,206.9199999999999,4,206.31999999999996,swap,notBad
8800,4,206.9199999999999,4,206.31999999999996,swap,notBad
8801,4,206.9199999999999,4,206.31999999999996,move,improve
8802,4,206.9199999999999,4,206.31999999999996,swap,notBad
8803,4,206.9199999999999,4,206.31999999999996,swap,notBad
8804,4,206.9199999999999,4,206.31999999999996,swap,notBad
8805,4,206.9199999999999,4,206.31999999999996,move,improve
8806,4,206.9199999999999,4,206.31999999999996,move,improve
8807,4,206.9199999999999,4,206.31999999999996,2opt,notBad
8808,4,206.9199999999999,4,206.31999999999996,swap,notBad
8809,4,206.9199999999999,4,206.31999999999996,2opt,improve
8810,4,206.9199999999999,4,206.31999999999996,2opt,notBad
8811,4,206.9199999999999,4,206.31999999999996,swap,notBad
8812,4,206.9199999999999,4,206.31999999999996,swap,notBad
8813,4,206.9199999999999,4,206.31999999999996,move,notBad
8814,4,206.9199999999999,4,206.31999999999996,move,improve
8815,4,206.9199999999999,4,206.31999999999996,swap,notBad
8816,4,206.9199999999999,4,206.31999999999996,2opt,notBad
8817,4,206.9199999999999,4,206.31999999999996,2opt,notBad
8818,4,206.9199999999999,4,206.31999999999996,swap,notBad
8819,4,206.9199999999999,4,206.31999999999996,2opt,notBad
8820,4,206.9199999999999,4,206.31999999999996,2opt,notBad
8821,4,206.9199999999999,4,206.31999999999996,2opt,notBad
8822,4,206.9199999999999,4,206.31999999999996,move,improve
8823,4,206.9199999999999,4,206.31999999999996,swap,notBad
8824,4,206.9199999999999,4,206.31999999999996,2opt,improve
8825,4,206.9199999999999,4,206.31999999999996,move,improve
8826,4,206.9199999999999,4,206.31999999999996,swap,notBad
8827,4,206.9199999999999,4,206.31999999999996,2opt,notBad
8828,4,206.9199999999999,4,206.31999999999996,2opt,notBad
8829,4,206.9199999999999,4,206.31999999999996,2opt,notBad
8830,4,206.9199999999999,4,206.31999999999996,swap,notBad
8831,4,206.9199999999999,4,206.31999999999996,move,improve
8832,4,206.9199999999999,4,206.31999999999996,move,improve
8833,4,206.9199999999999,4,206.31999999999996,2opt,notBad
8834,4,206.9199999999999,4,206.31999999999996,2opt,notBad
8835,4,206.9199999999999,4,206.31999999999996,move,improve
8836,4,206.9199999999999,4,206.31999999999996,move,improve
8837,4,206.9199999999999,4,206.31999999999996,2opt,notBad
8838,4,206.9199999999999,4,206.31999999999996,move,improve
8839,4,206.9199999999999,4,206.31999999999996,move,improve
8840,4,206.9199999999999,4,206.31999999999996,swap,notBad
8841,4,206.9199999999999,4,206.31999999999996,move,improve
8842,4,206.9199999999999,4,206.31999999999996,swap,notBad
8843,4,206.9199999999999,4,206.31999999999996,swap,notBad
8844,4,206.9199999999999,4,206.31999999999996,swap,notBad
8845,4,206.9199999999999,4,206.31999999999996,move,improve
8846,4,206.9199999999999,4,206.31999999999996,swap,notBad
8847,4,206.9199999999999,4,206.31999999999996,move,improve
8848,4,206.9199999999999,4,206.31999999999996,2opt,notBad
8849,4,206.9199999999999,4,206.31999999999996,swap,notBad
8850,4,206.9199999999999,4,206.31999999999996,swap,notBad
8851,4,206.9199999999999,4,206.31999999999996,swap,notBad
8852,4,206.9199999999999,4,206.31999999999996,2opt,notBad
8853,4,206.9199999999999,4,206.31999999999996,swap,notBad
8854,4,206.9199999999999,4,206.31999999999996,swap,notBad
8855,4,206.9199999999999,4,206.31999999999996,2opt,notBad
8856,4,206.9199999999999,4,206.31999999999996,move,improve
8857,4,206.9199999999999,4,206.31999999999996,2opt,notBad
8858,4,206.9199999999999,4,206.31999999999996,swap,notBad
8859,4,206.9199999999999,4,206.31999999999996,move,improve
8860,4,206.9199999999999,4,206.31999999999996,swap,notBad
8861,4,206.9199999999999,4,206.31999999999996,2opt,notBad
8862,4,206.9199999999999,4,206.31999999999996,move,improve
8863,4,206.9199999999999,4,206.31999999999996,2opt,notBad
8864,4,206.9199999999999,4,206.31999999999996,2opt,notBad
8865,4,206.9199999999999,4,206.31999999999996,swap,notBad
8866,4,206.9199999999999,4,206.31999999999996,2opt,notBad
8867,4,206.9199999999999,4,206.31999999999996,2opt,notBad
8868,4,206.9199999999999,4,206.31999999999996,move,improve
8869,4,206.9199999999999,4,206.31999999999996,swap,notBad
8870,4,206.9199999999999,4,206.31999999999996,swap,notBad
8871,4,206.9199999999999,4,206.31999999999996,swap,notBad
8872,4,206.9199999999999,4,206.31999999999996,2opt,notBad
8873,4,206.9199999999999,4,206.31999999999996,swap,notBad
8874,4,206.9199999999999,4,206.31999999999996,2opt,notBad
8875,4,206.9199999999999,4,206.31999999999996,swap,notBad
8876,4,206.9199999999999,4,206.31999999999996,2opt,notBad
8877,4,206.9199999999999,4,206.31999999999996,move,improve
8878,4,206.9199999999999,4,206.31999999999996,2opt,notBad
8879,4,206.9199999999999,4,206.31999999999996,2opt,notBad
8880,4,206.9199999999999,4,206.31999999999996,2opt,notBad
8881,4,206.9199999999999,4,206.31999999999996,2opt,notBad
8882,4,206.9199999999999,4,206.31999999999996,move,improve
8883,4,206.9199999999999,4,206.31999999999996,swap,notBad
8884,4,206.9199999999999,4,206.31999999999996,swap,notBad
8885,4,206.9199999999999,4,206.31999999999996,swap,notBad
8886,4,206.9199999999999,4,206.31999999999996,swap,notBad
8887,4,206.9199999999999,4,206.31999999999996,swap,notBad
8888,4,206.9199999999999,4,206.31999999999996,swap,notBad
8889,4,206.9199999999999,4,206.31999999999996,swap,notBad
8890,4,206.9199999999999,4,206.31999999999996,2opt,notBad
8891,4,206.9199999999999,4,206.31999999999996,move,improve
8892,4,206.9199999999999,4,206.31999999999996,swap,notBad
8893,4,206.9199999999999,4,206.31999999999996,move,improve
8894,4,206.9199999999999,4,206.31999999999996,swap,notBad
8895,4,206.9199999999999,4,206.31999999999996,swap,notBad
8896,4,206.9199999999999,4,206.31999999999996,swap,notBad
8897,4,206.9199999999999,4,206.31999999999996,move,improve
8898,4,206.9199999999999,4,206.31999999999996,move,improve
8899,4,206.9199999999999,4,206.31999999999996,swap,notBad
8900,4,206.9199999999999,4,206.31999999999996,swap,notBad
8901,4,206.9199999999999,4,206.31999999999996,swap,notBad
8902,4,206.9199999999999,4,206.31999999999996,swap,notBad
8903,4,206.9199999999999,4,206.31999999999996,move,improve
8904,4,206.9199999999999,4,206.31999999999996,move,improve
8905,4,206.9199999999999,4,206.31999999999996,swap,notBad
8906,4,206.9199999999999,4,206.31999999999996,swap,notBad
8907,4,206.9199999999999,4,206.31999999999996,move,notBad
8908,4,206.9199999999999,4,206.31999999999996,move,improve
8909,4,206.9199999999999,4,206.31999999999996,2opt,notBad
8910,4,206.9199999999999,4,206.31999999999996,2opt,notBad
8911,4,206.9199999999999,4,206.31999999999996,swap,notBad
8912,4,206.9199999999999,4,206.31999999999996,swap,notBad
8913,4,206.9199999999999,4,206.31999999999996,move,improve
8914,4,206.9199999999999,4,206.31999999999996,2opt,notBad
8915,4,206.9199999999999,4,206.31999999999996,swap,notBad
8916,4,206.9199999999999,4,206.31999999999996,swap,notBad
8917,4,206.9199999999999,4,206.31999999999996,move,improve
8918,4,206.9199999999999,4,206.31999999999996,move,improve
8919,4,206.9199999999999,4,206.31999999999996,move,improve
8920,4,206.9199999999999,4,206.31999999999996,move,improve
8921,4,206.9199999999999,4,206.31999999999996,2opt,notBad
8922,4,206.9199999999999,4,206.31999999999996,swap,notBad
8923,4,206.9199999999999,4,206.31999999999996,swap,notBad
8924,4,206.9199999999999,4,206.31999999999996,2opt,improve
8925,4,206.9199999999999,4,206.31999999999996,move,improve
8926,4,206.9199999999999,4,206.31999999999996,move,improve
8927,4,206.9199999999999,4,206.31999999999996,2opt,notBad
8928,4,206.9199999999999,4,206.31999999999996,2opt,notBad
8929,4,206.9199999999999,4,206.31999999999996,swap,notBad
8930,4,206.9199999999999,4,206.31999999999996,2opt,notBad
8931,4,206.9199999999999,4,206.31999999999996,move,improve
8932,4,206.9199999999999,4,206.31999999999996,swap,notBad
8933,4,206.9199999999999,4,206.31999999999996,swap,notBad
8934,4,206.9199999999999,4,206.31999999999996,swap,notBad
8935,4,206.9199999999999,4,206.31999999999996,2opt,notBad
8936,4,206.9199999999999,4,206.31999999999996,move,improve
8937,4,206.9199999999999,4,206.31999999999996,swap,notBad
8938,4,206.9199999999999,4,206.31999999999996,swap,notBad
8939,4,206.9199999999999,4,206.31999999999996,swap,notBad
8940,4,206.9199999999999,4,206.31999999999996,2opt,notBad
8941,4,206.9199999999999,4,206.31999999999996,swap,notBad
8942,4,206.9199999999999,4,206.31999999999996,move,improve
8943,4,206.9199999999999,4,206.31999999999996,move,improve
8944,4,206.9199999999999,4,206.31999999999996,2opt,notBad
8945,4,206.9199999999999,4,206.31999999999996,swap,notBad
8946,4,206.9199999999999,4,206.31999999999996,move,improve
8947,4,206.9199999999999,4,206.31999999999996,swap,notBad
8948,4,206.9199999999999,4,206.31999999999996,2opt,notBad
8949,4,206.9199999999999,4,206.31999999999996,2opt,notBad
8950,4,206.9199999999999,4,206.31999999999996,move,improve
8951,4,206.9199999999999,4,206.31999999999996,move,improve
8952,4,206.9199999999999,4,206.31999999999996,move,improve
8953,4,206.9199999999999,4,206.31999999999996,2opt,notBad
8954,4,206.9199999999999,4,206.31999999999996,swap,notBad
8955,4,206.9199999999999,4,206.31999999999996,swap,notBad
8956,4,206.9199999999999,4,206.31999999999996,2opt,notBad
8957,4,206.9199999999999,4,206.31999999999996,swap,notBad
8958,4,206.9199999999999,4,206.31999999999996,swap,notBad
8959,4,206.9199999999999,4,206.31999999999996,swap,notBad
8960,4,206.9199999999999,4,206.31999999999996,move,improve
8961,4,206.9199999999999,4,206.31999999999996,swap,notBad
8962,4,206.9199999999999,4,206.31999999999996,2opt,notBad
8963,4,206.9199999999999,4,206.31999999999996,move,improve
8964,4,206.9199999999999,4,206.31999999999996,move,improve
8965,4,206.9199999999999,4,206.31999999999996,move,improve
8966,4,206.9199999999999,4,206.31999999999996,move,improve
8967,4,206.9199999999999,4,206.31999999999996,move,improve
8968,4,206.9199999999999,4,206.31999999999996,move,improve
8969,4,206.9199999999999,4,206.31999999999996,move,improve
8970,4,206.9199999999999,4,206.31999999999996,swap,notBad
8971,4,206.9199999999999,4,206.31999999999996,2opt,notBad
8972,4,206.9199999999999,4,206.31999999999996,swap,notBad
8973,4,206.9199999999999,4,206.31999999999996,move,improve
8974,4,206.9199999999999,4,206.31999999999996,swap,notBad
8975,4,206.9199999999999,4,206.31999999999996,swap,notBad
8976,4,206.9199999999999,4,206.31999999999996,move,improve
8977,4,206.9199999999999,4,206.31999999999996,2opt,notBad
8978,4,206.9199999999999,4,206.31999999999996,swap,notBad
8979,4,206.9199999999999,4,206.31999999999996,swap,notBad
8980,4,206.9199999999999,4,206.31999999999996,2opt,notBad
8981,4,206.9199999999999,4,206.31999999999996,move,improve
8982,4,206.9199999999999,4,206.31999999999996,swap,notBad
8983,4,206.9199999999999,4,206.31999999999996,swap,notBad
8984,4,206.9199999999999,4,206.31999999999996,2opt,notBad
8985,4,206.9199999999999,4,206.31999999999996,2opt,notBad
8986,4,206.9199999999999,4,206.31999999999996,move,improve
8987,4,206.9199999999999,4,206.31999999999996,swap,notBad
8988,4,206.9199999999999,4,206.31999999999996,2opt,notBad
8989,4,206.9199999999999,4,206.31999999999996,swap,notBad
8990,4,206.9199999999999,4,206.31999999999996,2opt,notBad
8991,4,206.9199999999999,4,206.31999999999996,2opt,improve
8992,4,206.9199999999999,4,206.31999999999996,move,improve
8993,4,206.9199999999999,4,206.31999999999996,move,improve
8994,4,206.9199999999999,4,206.31999999999996,move,improve
8995,4,206.9199999999999,4,206.31999999999996,move,improve
8996,4,206.9199999999999,4,206.31999999999996,swap,notBad
8997,4,206.9199999999999,4,206.31999999999996,swap,notBad
8998,4,206.9199999999999,4,206.31999999999996,swap,notBad
8999,4,206.9199999999999,4,206.31999999999996,swap,notBad
9000,4,206.9199999999999,4,206.31999999999996,move,improve
9001,4,206.9199999999999,4,206.31999999999996,move,improve
9002,4,206.9199999999999,4,206.31999999999996,move,improve
9003,4,206.9199999999999,4,206.31999999999996,2opt,notBad
9004,4,206.9199999999999,4,206.31999999999996,2opt,notBad
9005,4,206.9199999999999,4,206.31999999999996,swap,notBad
9006,4,206.9199999999999,4,206.31999999999996,move,improve
9007,4,206.9199999999999,4,206.31999999999996,move,notBad
9008,4,206.9199999999999,4,206.31999999999996,move,notBad
9009,4,206.9199999999999,4,206.31999999999996,2opt,notBad
9010,4,206.9199999999999,4,206.31999999999996,move,improve
9011,4,206.9199999999999,4,206.31999999999996,2opt,notBad
9012,4,206.9199999999999,4,206.31999999999996,move,improve
9013,4,206.9199999999999,4,206.31999999999996,2opt,notBad
9014,4,206.9199999999999,4,206.31999999999996,move,improve
9015,4,206.9199999999999,4,206.31999999999996,move,improve
9016,4,206.9199999999999,4,206.31999999999996,swap,notBad
9017,4,206.9199999999999,4,206.31999999999996,swap,notBad
9018,4,206.9199999999999,4,206.31999999999996,move,improve
9019,4,206.9199999999999,4,206.31999999999996,move,improve
9020,4,206.9199999999999,4,206.31999999999996,swap,notBad
9021,4,206.9199999999999,4,206.31999999999996,move,improve
9022,4,206.9199999999999,4,206.31999999999996,swap,notBad
9023,4,206.9199999999999,4,206.31999999999996,move,improve
9024,4,206.9199999999999,4,206.31999999999996,move,improve
9025,4,206.9199999999999,4,206.31999999999996,2opt,notBad
9026,4,206.9199999999999,4,206.31999999999996,2opt,notBad
9027,4,206.9199999999999,4,206.31999999999996,move,improve
9028,4,206.9199999999999,4,206.31999999999996,move,improve
9029,4,206.9199999999999,4,206.31999999999996,move,improve
9030,4,206.9199999999999,4,206.31999999999996,swap,notBad
9031,4,206.9199999999999,4,206.31999999999996,swap,notBad
9032,4,206.9199999999999,4,206.31999999999996,2opt,improve
9033,4,206.9199999999999,4,206.31999999999996,swap,notBad
9034,4,206.9199999999999,4,206.31999999999996,2opt,notBad
9035,4,206.9199999999999,4,206.31999999999996,2opt,notBad
9036,4,206.9199999999999,4,206.31999999999996,2opt,notBad
9037,4,206.9199999999999,4,206.31999999999996,2opt,notBad
9038,4,206.9199999999999,4,206.31999999999996,move,improve
9039,4,206.9199999999999,4,206.31999999999996,2opt,notBad
9040,4,206.9199999999999,4,206.31999999999996,move,improve
9041,4,206.9199999999999,4,206.31999999999996,move,improve
9042,4,206.9199999999999,4,206.31999999999996,2opt,improve
9043,4,206.9199999999999,4,206.31999999999996,swap,notBad
9044,4,206.9199999999999,4,206.31999999999996,move,improve
9045,4,206.9199999999999,4,206.31999999999996,2opt,notBad
9046,4,206.9199999999999,4,206.31999999999996,2opt,notBad
9047,4,206.9199999999999,4,206.31999999999996,swap,notBad
9048,4,206.9199999999999,4,206.31999999999996,2opt,notBad
9049,4,206.9199999999999,4,206.31999999999996,2opt,notBad
9050,4,206.9199999999999,4,206.31999999999996,swap,notBad
9051,4,206.9199999999999,4,206.31999999999996,swap,notBad
9052,4,206.9199999999999,4,206.31999999999996,swap,notBad
9053,4,206.9199999999999,4,206.31999999999996,move,improve
9054,4,206.9199999999999,4,206.31999999999996,move,improve
9055,4,206.9199999999999,4,206.31999999999996,swap,notBad
9056,4,206.9199999999999,4,206.31999999999996,swap,notBad
9057,4,206.9199999999999,4,206.31999999999996,move,improve
9058,4,206.9199999999999,4,206.31999999999996,swap,notBad
9059,4,206.9199999999999,4,206.31999999999996,move,improve
9060,4,206.9199999999999,4,206.31999999999996,move,improve
9061,4,206.9199999999999,4,206.31999999999996,2opt,notBad
9062,4,206.9199999999999,4,206.31999999999996,swap,notBad
9063,4,206.9199999999999,4,206.31999999999996,move,improve
9064,4,206.9199999999999,4,206.31999999999996,2opt,notBad
9065,4,206.9199999999999,4,206.31999999999996,move,improve
9066,4,206.9199999999999,4,206.31999999999996,swap,notBad
9067,4,206.9199999999999,4,206.31999999999996,move,improve
9068,4,206.9199999999999,4,206.31999999999996,swap,notBad
9069,4,206.9199999999999,4,206.31999999999996,move,improve
9070,4,206.9199999999999,4,206.31999999999996,2opt,notBad
9071,4,206.9199999999999,4,206.31999999999996,move,improve
9072,4,206.9199999999999,4,206.31999999999996,move,improve
9073,4,206.9199999999999,4,206.31999999999996,move,improve
9074,4,206.9199999999999,4,206.31999999999996,2opt,notBad
9075,4,206.9199999999999,4,206.31999999999996,swap,notBad
9076,4,206.9199999999999,4,206.31999999999996,swap,notBad
9077,4,206.9199999999999,4,206.31999999999996,swap,notBad
9078,4,206.9199999999999,4,206.31999999999996,move,improve
9079,4,206.9199999999999,4,206.31999999999996,move,improve
9080,4,206.9199999999999,4,206.31999999999996,swap,notBad
9081,4,206.9199999999999,4,206.31999999999996,2opt,notBad
9082,4,206.9199999999999,4,206.31999999999996,swap,notBad
9083,4,206.9199999999999,4,206.31999999999996,swap,notBad
9084,4,206.9199999999999,4,206.31999999999996,2opt,notBad
9085,4,206.9199999999999,4,206.31999999999996,move,improve
9086,4,206.9199999999999,4,206.31999999999996,2opt,notBad
9087,4,206.9199999999999,4,206.31999999999996,2opt,notBad
9088,4,206.9199999999999,4,206.31999999999996,swap,notBad
9089,4,206.9199999999999,4,206.31999999999996,swap,notBad
9090,4,206.9199999999999,4,206.31999999999996,2opt,notBad
9091,4,206.9199999999999,4,206.31999999999996,swap,notBad
9092,4,206.9199999999999,4,206.31999999999996,swap,notBad
9093,4,206.9199999999999,4,206.31999999999996,swap,notBad
9094,4,206.9199999999999,4,206.31999999999996,swap,notBad
9095,4,206.9199999999999,4,206.31999999999996,2opt,notBad
9096,4,206.9199999999999,4,206.31999999999996,2opt,notBad
9097,4,206.9199999999999,4,206.31999999999996,2opt,notBad
9098,4,206.9199999999999,4,206.31999999999996,move,improve
9099,4,206.9199999999999,4,206.31999999999996,move,notBad
9100,4,206.9199999999999,4,206.31999999999996,move,improve
9101,4,206.9199999999999,4,206.31999999999996,move,improve
9102,4,206.9199999999999,4,206.31999999999996,move,improve
9103,4,206.9199999999999,4,206.31999999999996,move,improve
9104,4,206.9199999999999,4,206.31999999999996,2opt,notBad
9105,4,206.9199999999999,4,206.31999999999996,2opt,notBad
9106,4,206.9199999999999,4,206.31999999999996,move,improve
9107,4,206.9199999999999,4,206.31999999999996,move,improve
9108,4,206.9199999999999,4,206.31999999999996,2opt,notBad
9109,4,206.9199999999999,4,206.31999999999996,swap,notBad
9110,4,206.9199999999999,4,206.31999999999996,2opt,notBad
9111,4,206.9199999999999,4,206.31999999999996,swap,notBad
9112,4,206.9199999999999,4,206.31999999999996,swap,notBad
9113,4,206.9199999999999,4,206.31999999999996,2opt,notBad
9114,4,206.9199999999999,4,206.31999999999996,swap,notBad
9115,4,206.9199999999999,4,206.31999999999996,2opt,notBad
9116,4,206.9199999999999,4,206.31999999999996,swap,notBad
9117,4,206.9199999999999,4,206.31999999999996,2opt,notBad
9118,4,206.9199999999999,4,206.31999999999996,2opt,notBad
9119,4,206.9199999999999,4,206.31999999999996,2opt,notBad
9120,4,206.9199999999999,4,206.31999999999996,2opt,notBad
9121,4,206.9199999999999,4,206.31999999999996,2opt,notBad
9122,4,206.9199999999999,4,206.31999999999996,2opt,notBad
9123,4,206.9199999999999,4,206.31999999999996,swap,notBad
9124,4,206.9199999999999,4,206.31999999999996,swap,notBad
9125,4,206.9199999999999,4,206.31999999999996,move,improve
9126,4,206.9199999999999,4,206.31999999999996,swap,notBad
9127,4,206.9199999999999,4,206.31999999999996,swap,notBad
9128,4,206.9199999999999,4,206.31999999999996,2opt,notBad
9129,4,206.9199999999999,4,206.31999999999996,move,improve
9130,4,206.9199999999999,4,206.31999999999996,swap,notBad
9131,4,206.9199999999999,4,206.31999999999996,swap,notBad
9132,4,206.9199999999999,4,206.31999999999996,swap,notBad
9133,4,206.9199999999999,4,206.31999999999996,2opt,notBad
9134,4,206.9199999999999,4,206.31999999999996,swap,notBad
9135,4,206.9199999999999,4,206.31999999999996,swap,notBad
9136,4,206.9199999999999,4,206.31999999999996,2opt,notBad
9137,4,206.9199999999999,4,206.31999999999996,2opt,notBad
9138,4,206.9199999999999,4,206.31999999999996,move,improve
9139,4,206.9199999999999,4,206.31999999999996,2opt,notBad
9140,4,206.9199999999999,4,206.31999999999996,2opt,notBad
9141,4,206.9199999999999,4,206.31999999999996,2opt,notBad
9142,4,206.9199999999999,4,206.31999999999996,move,improve
9143,4,206.9199999999999,4,206.31999999999996,swap,notBad
9144,4,206.9199999999999,4,206.31999999999996,2opt,notBad
9145,4,206.9199999999999,4,206.31999999999996,2opt,notBad
9146,4,206.9199999999999,4,206.31999999999996,move,improve
9147,4,206.9199999999999,4,206.31999999999996,swap,notBad
9148,4,206.9199999999999,4,206.31999999999996,2opt,notBad
9149,4,206.9199999999999,4,206.31999999999996,move,improve
9150,4,206.9199999999999,4,206.31999999999996,move,improve
9151,4,206.9199999999999,4,206.31999999999996,swap,notBad
9152,4,206.9199999999999,4,206.31999999999996,swap,notBad
9153,4,206.9199999999999,4,206.31999999999996,swap,notBad
9154,4,206.9199999999999,4,206.31999999999996,move,improve
9155,4,206.9199999999999,4,206.31999999999996,move,improve
9156,4,206.9199999999999,4,206.31999999999996,move,improve
9157,4,206.9199999999999,4,206.31999999999996,swap,notBad
9158,4,206.9199999999999,4,206.31999999999996,swap,notBad
9159,4,206.9199999999999,4,206.31999999999996,swap,notBad
9160,4,206.9199999999999,4,206.31999999999996,2opt,notBad
9161,4,206.9199999999999,4,206.31999999999996,2opt,notBad
9162,4,206.9199999999999,4,206.31999999999996,2opt,notBad
9163,4,206.9199999999999,4,206.31999999999996,swap,notBad
9164,4,206.9199999999999,4,206.31999999999996,move,improve
9165,4,206.9199999999999,4,206.31999999999996,2opt,notBad
9166,4,206.9199999999999,4,206.31999999999996,swap,notBad
9167,4,206.9199999999999,4,206.31999999999996,move,improve
9168,4,206.9199999999999,4,206.31999999999996,move,improve
9169,4,206.9199999999999,4,206.31999999999996,swap,notBad
9170,4,206.9199999999999,4,206.31999999999996,swap,notBad
9171,4,206.9199999999999,4,206.31999999999996,2opt,notBad
9172,4,206.9199999999999,4,206.31999999999996,move,improve
9173,4,206.9199999999999,4,206.31999999999996,swap,notBad
9174,4,206.9199999999999,4,206.31999999999996,2opt,notBad
9175,4,206.9199999999999,4,206.31999999999996,swap,notBad
9176,4,206.9199999999999,4,206.31999999999996,2opt,notBad
9177,4,206.9199999999999,4,206.31999999999996,move,improve
9178,4,206.9199999999999,4,206.31999999999996,move,improve
9179,4,206.9199999999999,4,206.31999999999996,move,improve
9180,4,206.9199999999999,4,206.31999999999996,move,improve
9181,4,206.9199999999999,4,206.31999999999996,2opt,notBad
9182,4,206.9199999999999,4,206.31999999999996,move,improve
9183,4,206.9199999999999,4,206.31999999999996,swap,notBad
9184,4,206.9199999999999,4,206.31999999999996,swap,notBad
9185,4,206.9199999999999,4,206.31999999999996,move,improve
9186,4,206.9199999999999,4,206.31999999999996,2opt,notBad
9187,4,206.9199999999999,4,206.31999999999996,move,improve
9188,4,206.9199999999999,4,206.31999999999996,move,improve
9189,4,206.9199999999999,4,206.31999999999996,2opt,notBad
9190,4,206.9199999999999,4,206.31999999999996,swap,notBad
9191,4,206.9199999999999,4,206.31999999999996,swap,notBad
9192,4,206.9199999999999,4,206.31999999999996,swap,notBad
9193,4,206.9199999999999,4,206.31999999999996,move,improve
9194,4,206.9199999999999,4,206.31999999999996,swap,notBad
9195,4,206.9199999999999,4,206.31999999999996,swap,notBad
9196,4,206.9199999999999,4,206.31999999999996,swap,notBad
9197,4,206.9199999999999,4,206.31999999999996,swap,notBad
9198,4,206.9199999999999,4,206.31999999999996,move,improve
9199,4,206.9199999999999,4,206.31999999999996,move,improve
9200,4,206.9199999999999,4,206.31999999999996,2opt,notBad
9201,4,206.9199999999999,4,206.31999999999996,move,improve
9202,4,206.9199999999999,4,206.31999999999996,2opt,notBad
9203,4,206.9199999999999,4,206.31999999999996,swap,notBad
9204,4,206.9199999999999,4,206.31999999999996,swap,notBad
9205,4,206.9199999999999,4,206.31999999999996,2opt,notBad
9206,4,206.9199999999999,4,206.31999999999996,move,improve
9207,4,206.9199999999999,4,206.31999999999996,swap,notBad
9208,4,206.9199999999999,4,206.31999999999996,2opt,notBad
9209,4,206.9199999999999,4,206.31999999999996,swap,notBad
9210,4,206.9199999999999,4,206.31999999999996,2opt,notBad
9211,4,206.9199999999999,4,206.31999999999996,swap,notBad
9212,4,206.9199999999999,4,206.31999999999996,move,improve
9213,4,206.9199999999999,4,206.31999999999996,2opt,improve
9214,4,206.9199999999999,4,206.31999999999996,move,improve
9215,4,206.9199999999999,4,206.31999999999996,swap,notBad
9216,4,206.9199999999999,4,206.31999999999996,swap,notBad
9217,4,206.9199999999999,4,206.31999999999996,move,improve
9218,4,206.9199999999999,4,206.31999999999996,2opt,improve
9219,4,206.9199999999999,4,206.31999999999996,2opt,notBad
9220,4,206.9199999999999,4,206.31999999999996,swap,notBad
9221,4,206.9199999999999,4,206.31999999999996,2opt,notBad
9222,4,206.9199999999999,4,206.31999999999996,swap,notBad
9223,4,206.9199999999999,4,206.31999999999996,2opt,notBad
9224,4,206.9199999999999,4,206.31999999999996,2opt,notBad
9225,4,206.9199999999999,4,206.31999999999996,swap,notBad
9226,4,206.9199999999999,4,206.31999999999996,2opt,notBad
9227,4,206.9199999999999,4,206.31999999999996,swap,notBad
9228,4,206.9199999999999,4,206.31999999999996,move,improve
9229,4,206.9199999999999,4,206.31999999999996,move,improve
9230,4,206.9199999999999,4,206.31999999999996,2opt,notBad
9231,4,206.9199999999999,4,206.31999999999996,2opt,notBad
9232,4,206.9199999999999,4,206.31999999999996,move,improve
9233,4,206.9199999999999,4,206.31999999999996,2opt,notBad
9234,4,206.9199999999999,4,206.31999999999996,2opt,notBad
9235,4,206.9199999999999,4,206.31999999999996,2opt,notBad
9236,4,206.9199999999999,4,206.31999999999996,2opt,notBad
9237,4,206.9199999999999,4,206.31999999999996,swap,notBad
9238,4,206.9199999999999,4,206.31999999999996,swap,notBad
9239,4,206.9199999999999,4,206.31999999999996,move,improve
9240,4,206.9199999999999,4,206.31999999999996,2opt,notBad
9241,4,206.9199999999999,4,206.31999999999996,swap,notBad
9242,4,206.9199999999999,4,206.31999999999996,2opt,notBad
9243,4,206.9199999999999,4,206.31999999999996,2opt,notBad
9244,4,206.9199999999999,4,206.31999999999996,swap,notBad
9245,4,206.9199999999999,4,206.31999999999996,2opt,notBad
9246,4,206.9199999999999,4,206.31999999999996,swap,notBad
9247,4,206.9199999999999,4,206.31999999999996,swap,notBad
9248,4,206.9199999999999,4,206.31999999999996,swap,notBad
9249,4,206.9199999999999,4,206.31999999999996,swap,notBad
9250,4,206.9199999999999,4,206.31999999999996,2opt,notBad
9251,4,206.9199999999999,4,206.31999999999996,move,improve
9252,4,206.9199999999999,4,206.31999999999996,swap,notBad
9253,4,206.9199999999999,4,206.31999999999996,move,improve
9254,4,206.9199999999999,4,206.31999999999996,2opt,notBad
9255,4,206.9199999999999,4,206.31999999999996,swap,notBad
9256,4,206.9199999999999,4,206.31999999999996,2opt,notBad
9257,4,206.9199999999999,4,206.31999999999996,2opt,notBad
9258,4,206.9199999999999,4,206.31999999999996,swap,notBad
9259,4,206.9199999999999,4,206.31999999999996,2opt,notBad
9260,4,206.9199999999999,4,206.31999999999996,move,improve
9261,4,206.9199999999999,4,206.31999999999996,move,improve
9262,4,206.9199999999999,4,206.31999999999996,2opt,notBad
9263,4,206.9199999999999,4,206.31999999999996,swap,notBad
9264,4,206.9199999999999,4,206.31999999999996,2opt,notBad
9265,4,206.9199999999999,4,206.31999999999996,swap,notBad
9266,4,206.9199999999999,4,206.31999999999996,swap,notBad
9267,4,206.9199999999999,4,206.31999999999996,move,improve
9268,4,206.9199999999999,4,206.31999999999996,2opt,notBad
9269,4,206.9199999999999,4,206.31999999999996,move,improve
9270,4,206.9199999999999,4,206.31999999999996,2opt,notBad
9271,4,206.9199999999999,4,206.31999999999996,move,improve
9272,4,206.9199999999999,4,206.31999999999996,2opt,notBad
9273,4,206.9199999999999,4,206.31999999999996,swap,notBad
9274,4,206.9199999999999,4,206.31999999999996,2opt,notBad
9275,4,206.9199999999999,4,206.31999999999996,swap,notBad
9276,4,206.9199999999999,4,206.31999999999996,2opt,improve
9277,4,206.9199999999999,4,206.31999999999996,move,improve
9278,4,206.9199999999999,4,206.31999999999996,move,improve
9279,4,206.9199999999999,4,206.31999999999996,2opt,notBad
9280,4,206.9199999999999,4,206.31999999999996,move,improve
9281,4,206.9199999999999,4,206.31999999999996,2opt,notBad
9282,4,206.9199999999999,4,206.31999999999996,2opt,improve
9283,4,206.9199999999999,4,206.31999999999996,swap,notBad
9284,4,206.9199999999999,4,206.31999999999996,2opt,notBad
9285,4,206.9199999999999,4,206.31999999999996,move,improve
9286,4,206.9199999999999,4,206.31999999999996,move,improve
9287,4,206.9199999999999,4,206.31999999999996,swap,notBad
9288,4,206.9199999999999,4,206.31999999999996,swap,notBad
9289,4,206.9199999999999,4,206.31999999999996,move,improve
9290,4,206.9199999999999,4,206.31999999999996,2opt,notBad
9291,4,206.9199999999999,4,206.31999999999996,2opt,notBad
9292,4,206.9199999999999,4,206.31999999999996,2opt,notBad
9293,4,206.9199999999999,4,206.31999999999996,move,improve
9294,4,206.9199999999999,4,206.31999999999996,move,improve
9295,4,206.9199999999999,4,206.31999999999996,move,improve
9296,4,206.9199999999999,4,206.31999999999996,swap,notBad
9297,4,206.9199999999999,4,206.31999999999996,swap,notBad
9298,4,206.9199999999999,4,206.31999999999996,move,improve
9299,4,206.9199999999999,4,206.31999999999996,2opt,notBad
9300,4,206.9199999999999,4,206.31999999999996,2opt,notBad
9301,4,206.9199999999999,4,206.31999999999996,move,improve
9302,4,206.9199999999999,4,206.31999999999996,move,improve
9303,4,206.9199999999999,4,206.31999999999996,2opt,notBad
9304,4,206.9199999999999,4,206.31999999999996,swap,notBad
9305,4,206.9199999999999,4,206.31999999999996,swap,notBad
9306,4,206.9199999999999,4,206.31999999999996,2opt,notBad
9307,4,206.9199999999999,4,206.31999999999996,2opt,notBad
9308,4,206.9199999999999,4,206.31999999999996,move,improve
9309,4,206.9199999999999,4,206.31999999999996,move,improve
9310,4,206.9199999999999,4,206.31999999999996,move,improve
9311,4,206.9199999999999,4,206.31999999999996,move,improve
9312,4,206.9199999999999,4,206.31999999999996,move,improve
9313,4,206.9199999999999,4,206.31999999999996,move,improve
9314,4,206.9199999999999,4,206.31999999999996,move,improve
9315,4,206.9199999999999,4,206.31999999999996,2opt,improve
9316,4,206.9199999999999,4,206.31999999999996,swap,notBad
9317,4,206.9199999999999,4,206.31999999999996,2opt,notBad
9318,4,206.9199999999999,4,206.31999999999996,swap,notBad
9319,4,206.9199999999999,4,206.31999999999996,2opt,notBad
9320,4,206.9199999999999,4,206.31999999999996,2opt,improve
9321,4,206.9199999999999,4,206.31999999999996,2opt,notBad
9322,4,206.9199999999999,4,206.31999999999996,move,improve
9323,4,206.9199999999999,4,206.31999999999996,2opt,notBad
9324,4,206.9199999999999,4,206.31999999999996,swap,notBad
9325,4,206.9199999999999,4,206.31999999999996,swap,notBad
9326,4,206.9199999999999,4,206.31999999999996,2opt,notBad
9327,4,206.9199999999999,4,206.31999999999996,swap,notBad
9328,4,206.9199999999999,4,206.31999999999996,move,improve
9329,4,206.9199999999999,4,206.31999999999996,2opt,notBad
9330,4,206.9199999999999,4,206.31999999999996,2opt,notBad
9331,4,206.9199999999999,4,206.31999999999996,move,improve
9332,4,206.9199999999999,4,206.31999999999996,move,improve
9333,4,206.9199999999999,4,206.31999999999996,2opt,notBad
9334,4,206.9199999999999,4,206.31999999999996,move,improve
9335,4,206.9199999999999,4,206.31999999999996,move,improve
9336,4,206.9199999999999,4,206.31999999999996,2opt,notBad
9337,4,206.9199999999999,4,206.31999999999996,2opt,notBad
9338,4,206.9199999999999,4,206.31999999999996,2opt,notBad
9339,4,206.9199999999999,4,206.31999999999996,swap,notBad
9340,4,206.9199999999999,4,206.31999999999996,move,improve
9341,4,206.9199999999999,4,206.31999999999996,move,improve
9342,4,206.9199999999999,4,206.31999999999996,swap,notBad
9343,4,206.9199999999999,4,206.31999999999996,move,improve
9344,4,206.9199999999999,4,206.31999999999996,move,improve
9345,4,206.9199999999999,4,206.31999999999996,move,improve
9346,4,206.9199999999999,4,206.31999999999996,move,improve
9347,4,206.9199999999999,4,206.31999999999996,2opt,improve
9348,4,206.9199999999999,4,206.31999999999996,2opt,notBad
9349,4,206.9199999999999,4,206.31999999999996,2opt,notBad
9350,4,206.9199999999999,4,206.31999999999996,2opt,notBad
9351,4,206.9199999999999,4,206.31999999999996,move,improve
9352,4,206.9199999999999,4,206.31999999999996,2opt,notBad
9353,4,206.9199999999999,4,206.31999999999996,2opt,notBad
9354,4,206.9199999999999,4,206.31999999999996,swap,notBad
9355,4,206.9199999999999,4,206.31999999999996,2opt,notBad
9356,4,206.9199999999999,4,206.31999999999996,2opt,notBad
9357,4,206.9199999999999,4,206.31999999999996,move,improve
9358,4,206.9199999999999,4,206.31999999999996,swap,notBad
9359,4,206.9199999999999,4,206.31999999999996,2opt,notBad
9360,4,206.9199999999999,4,206.31999999999996,2opt,notBad
9361,4,206.9199999999999,4,206.31999999999996,2opt,notBad
9362,4,206.9199999999999,4,206.31999999999996,swap,notBad
9363,4,206.9199999999999,4,206.31999999999996,move,improve
9364,4,206.9199999999999,4,206.31999999999996,swap,notBad
9365,4,206.9199999999999,4,206.31999999999996,2opt,improve
9366,4,206.9199999999999,4,206.31999999999996,move,improve
9367,4,206.9199999999999,4,206.31999999999996,swap,notBad
9368,4,206.9199999999999,4,206.31999999999996,move,improve
9369,4,206.9199999999999,4,206.31999999999996,swap,notBad
9370,4,206.9199999999999,4,206.31999999999996,move,improve
9371,4,208.3599999999999,4,206.31999999999996,swap,acceptBad
9372,4,208.3599999999999,4,206.31999999999996,move,improve
9373,4,208.3599999999999,4,206.31999999999996,swap,notBad
9374,4,208.3599999999999,4,206.31999999999996,swap,notBad
9375,4,208.3599999999999,4,206.31999999999996,2opt,notBad
9376,4,208.3599999999999,4,206.31999999999996,swap,notBad
9377,4,208.3599999999999,4,206.31999999999996,move,improve
9378,4,208.3599999999999,4,206.31999999999996,swap,notBad
9379,4,208.3599999999999,4,206.31999999999996,swap,notBad
9380,4,208.3599999999999,4,206.31999999999996,swap,notBad
9381,4,208.3599999999999,4,206.31999999999996,2opt,notBad
9382,4,208.3599999999999,4,206.31999999999996,swap,notBad
9383,4,208.3599999999999,4,206.31999999999996,2opt,notBad
9384,4,208.3599999999999,4,206.31999999999996,swap,notBad
9385,4,208.3599999999999,4,206.31999999999996,2opt,notBad
9386,4,208.3599999999999,4,206.31999999999996,2opt,notBad
9387,4,208.3599999999999,4,206.31999999999996,move,improve
9388,4,208.3599999999999,4,206.31999999999996,move,improve
9389,4,208.3599999999999,4,206.31999999999996,2opt,notBad
9390,4,208.3599999999999,4,206.31999999999996,move,improve
9391,4,208.3599999999999,4,206.31999999999996,2opt,notBad
9392,4,208.3599999999999,4,206.31999999999996,swap,notBad
9393,4,208.3599999999999,4,206.31999999999996,move,improve
9394,4,208.3599999999999,4,206.31999999999996,2opt,notBad
9395,4,208.3599999999999,4,206.31999999999996,move,improve
9396,4,208.3599999999999,4,206.31999999999996,swap,notBad
9397,4,208.3599999999999,4,206.31999999999996,2opt,notBad
9398,4,208.3599999999999,4,206.31999999999996,2opt,notBad
9399,4,208.3599999999999,4,206.31999999999996,swap,notBad
9400,4,208.3599999999999,4,206.31999999999996,2opt,notBad
9401,4,208.3599999999999,4,206.31999999999996,swap,notBad
9402,4,208.3599999999999,4,206.31999999999996,move,improve
9403,4,208.3599999999999,4,206.31999999999996,2opt,notBad
9404,4,208.3599999999999,4,206.31999999999996,move,improve
9405,4,208.3599999999999,4,206.31999999999996,move,improve
9406,4,208.3599999999999,4,206.31999999999996,swap,notBad
9407,4,208.3599999999999,4,206.31999999999996,2opt,notBad
9408,4,208.3599999999999,4,206.31999999999996,2opt,notBad
9409,4,208.3599999999999,4,206.31999999999996,move,improve
9410,4,208.3599999999999,4,206.31999999999996,swap,notBad
9411,4,208.3599999999999,4,206.31999999999996,2opt,improve
9412,4,208.3599999999999,4,206.31999999999996,2opt,notBad
9413,4,208.3599999999999,4,206.31999999999996,swap,notBad
9414,4,208.3599999999999,4,206.31999999999996,swap,notBad
9415,4,208.3599999999999,4,206.31999999999996,2opt,notBad
9416,4,208.3599999999999,4,206.31999999999996,2opt,notBad
9417,4,208.3599999999999,4,206.31999999999996,move,improve
9418,4,208.3599999999999,4,206.31999999999996,swap,notBad
9419,4,208.3599999999999,4,206.31999999999996,2opt,improve
9420,4,208.3599999999999,4,206.31999999999996,move,improve
9421,4,208.3599999999999,4,206.31999999999996,2opt,notBad
9422,4,208.3599999999999,4,206.31999999999996,2opt,notBad
9423,4,208.3599999999999,4,206.31999999999996,swap,notBad
9424,4,208.3599999999999,4,206.31999999999996,move,improve
9425,4,208.3599999999999,4,206.31999999999996,2opt,notBad
9426,4,208.3599999999999,4,206.31999999999996,swap,notBad
9427,4,208.3599999999999,4,206.31999999999996,2opt,notBad
9428,4,208.3599999999999,4,206.31999999999996,move,improve
9429,4,208.3599999999999,4,206.31999999999996,2opt,notBad
9430,4,208.3599999999999,4,206.31999999999996,swap,notBad
9431,4,208.3599999999999,4,206.31999999999996,2opt,notBad
9432,4,208.3599999999999,4,206.31999999999996,swap,notBad
9433,4,208.3599999999999,4,206.31999999999996,move,improve
9434,4,208.3599999999999,4,206.31999999999996,move,improve
9435,4,208.3599999999999,4,206.31999999999996,2opt,notBad
9436,4,208.3599999999999,4,206.31999999999996,move,improve
9437,4,208.3599999999999,4,206.31999999999996,swap,notBad
9438,4,208.3599999999999,4,206.31999999999996,move,improve
9439,4,208.3599999999999,4,206.31999999999996,2opt,notBad
9440,4,208.3599999999999,4,206.31999999999996,2opt,notBad
9441,4,208.3599999999999,4,206.31999999999996,2opt,notBad
9442,4,208.3599999999999,4,206.31999999999996,move,improve
9443,4,208.3599999999999,4,206.31999999999996,2opt,improve
9444,4,208.3599999999999,4,206.31999999999996,move,improve
9445,4,208.3599999999999,4,206.31999999999996,move,improve
9446,4,208.3599999999999,4,206.31999999999996,move,improve
9447,4,208.3599999999999,4,206.31999999999996,2opt,notBad
9448,4,208.3599999999999,4,206.31999999999996,2opt,notBad
9449,4,208.3599999999999,4,206.31999999999996,swap,notBad
9450,4,208.3599999999999,4,206.31999999999996,2opt,notBad
9451,4,208.3599999999999,4,206.31999999999996,2opt,notBad
9452,4,208.3599999999999,4,206.31999999999996,2opt,notBad
9453,4,208.3599999999999,4,206.31999999999996,swap,notBad
9454,4,208.3599999999999,4,206.31999999999996,move,improve
9455,4,208.3599999999999,4,206.31999999999996,swap,notBad
9456,4,208.3599999999999,4,206.31999999999996,move,improve
9457,4,208.3599999999999,4,206.31999999999996,swap,notBad
9458,4,208.3599999999999,4,206.31999999999996,2opt,improve
9459,4,208.3599999999999,4,206.31999999999996,2opt,notBad
9460,4,208.3599999999999,4,206.31999999999996,move,improve
9461,4,208.3599999999999,4,206.31999999999996,swap,notBad
9462,4,208.3599999999999,4,206.31999999999996,swap,notBad
9463,4,208.3599999999999,4,206.31999999999996,2opt,notBad
9464,4,208.3599999999999,4,206.31999999999996,2opt,notBad
9465,4,208.3599999999999,4,206.31999999999996,move,improve
9466,4,208.3599999999999,4,206.31999999999996,move,improve
9467,4,208.3599999999999,4,206.31999999999996,swap,notBad
9468,4,208.3599999999999,4,206.31999999999996,move,improve
9469,4,208.3599999999999,4,206.31999999999996,2opt,notBad
9470,4,208.3599999999999,4,206.31999999999996,swap,notBad
9471,4,208.3599999999999,4,206.31999999999996,2opt,improve
9472,4,208.3599999999999,4,206.31999999999996,swap,notBad
9473,4,208.3599999999999,4,206.31999999999996,2opt,notBad
9474,4,208.3599999999999,4,206.31999999999996,2opt,notBad
9475,4,208.3599999999999,4,206.31999999999996,swap,notBad
9476,4,208.3599999999999,4,206.31999999999996,move,improve
9477,4,208.3599999999999,4,206.31999999999996,2opt,improve
9478,4,208.3599999999999,4,206.31999999999996,swap,notBad
9479,4,208.3599999999999,4,206.31999999999996,swap,notBad
9480,4,208.3599999999999,4,206.31999999999996,move,improve
9481,4,208.3599999999999,4,206.31999999999996,2opt,notBad
9482,4,208.3599999999999,4,206.31999999999996,2opt,notBad
9483,4,206.9199999999999,4,206.31999999999996,move,improve
9484,4,206.9199999999999,4,206.31999999999996,swap,notBad
9485,4,206.9199999999999,4,206.31999999999996,swap,notBad
9486,4,206.9199999999999,4,206.31999999999996,move,improve
9487,4,206.9199999999999,4,206.31999999999996,2opt,notBad
9488,4,206.9199999999999,4,206.31999999999996,swap,notBad
9489,4,206.9199999999999,4,206.31999999999996,move,notBad
9490,4,206.9199999999999,4,206.31999999999996,move,improve
9491,4,206.9199999999999,4,206.31999999999996,move,improve
9492,4,206.9199999999999,4,206.31999999999996,swap,notBad
9493,4,206.9199999999999,4,206.31999999999996,move,improve
9494,4,206.9199999999999,4,206.31999999999996,move,improve
9495,4,206.9199999999999,4,206.31999999999996,swap,notBad
9496,4,206.9199999999999,4,206.31999999999996,swap,notBad
9497,4,206.9199999999999,4,206.31999999999996,swap,notBad
9498,4,206.9199999999999,4,206.31999999999996,2opt,notBad
9499,4,206.9199999999999,4,206.31999999999996,move,improve
9500,4,206.9199999999999,4,206.31999999999996,move,notBad
9501,4,206.9199999999999,4,206.31999999999996,2opt,notBad
9502,4,206.9199999999999,4,206.31999999999996,swap,notBad
9503,4,206.9199999999999,4,206.31999999999996,move,improve
9504,4,206.9199999999999,4,206.31999999999996,swap,notBad
9505,4,206.9199999999999,4,206.31999999999996,2opt,notBad
9506,4,206.9199999999999,4,206.31999999999996,move,improve
9507,4,206.9199999999999,4,206.31999999999996,move,improve
9508,4,206.9199999999999,4,206.31999999999996,2opt,notBad
9509,4,206.9199999999999,4,206.31999999999996,move,improve
9510,4,206.9199999999999,4,206.31999999999996,swap,notBad
9511,4,206.9199999999999,4,206.31999999999996,2opt,notBad
9512,4,206.9199999999999,4,206.31999999999996,2opt,notBad
9513,4,206.9199999999999,4,206.31999999999996,swap,notBad
9514,4,206.9199999999999,4,206.31999999999996,2opt,notBad
9515,4,206.9199999999999,4,206.31999999999996,move,improve
9516,4,206.9199999999999,4,206.31999999999996,swap,notBad
9517,4,206.9199999999999,4,206.31999999999996,move,improve
9518,4,206.9199999999999,4,206.31999999999996,swap,notBad
9519,4,206.9199999999999,4,206.31999999999996,move,improve
9520,4,206.9199999999999,4,206.31999999999996,2opt,improve
9521,4,206.9199999999999,4,206.31999999999996,move,improve
9522,4,206.9199999999999,4,206.31999999999996,2opt,notBad
9523,4,206.9199999999999,4,206.31999999999996,swap,notBad
9524,4,206.9199999999999,4,206.31999999999996,2opt,notBad
9525,4,206.9199999999999,4,206.31999999999996,move,improve
9526,4,206.9199999999999,4,206.31999999999996,2opt,notBad
9527,4,206.9199999999999,4,206.31999999999996,2opt,notBad
9528,4,206.9199999999999,4,206.31999999999996,swap,notBad
9529,4,206.9199999999999,4,206.31999999999996,move,notBad
9530,4,208.3599999999999,4,206.31999999999996,swap,acceptBad
9531,4,208.3599999999999,4,206.31999999999996,2opt,notBad
9532,4,208.3599999999999,4,206.31999999999996,move,improve
9533,4,208.3599999999999,4,206.31999999999996,move,improve
9534,4,208.3599999999999,4,206.31999999999996,swap,notBad
9535,4,208.3599999999999,4,206.31999999999996,swap,notBad
9536,4,208.3599999999999,4,206.31999999999996,2opt,notBad
9537,4,208.3599999999999,4,206.31999999999996,2opt,notBad
9538,4,208.3599999999999,4,206.31999999999996,2opt,notBad
9539,4,208.3599999999999,4,206.31999999999996,swap,notBad
9540,4,208.3599999999999,4,206.31999999999996,2opt,improve
9541,4,208.3599999999999,4,206.31999999999996,move,improve
9542,4,208.3599999999999,4,206.31999999999996,2opt,notBad
9543,4,208.3599999999999,4,206.31999999999996,2opt,notBad
9544,4,208.3599999999999,4,206.31999999999996,swap,notBad
9545,4,208.3599999999999,4,206.31999999999996,move,improve
9546,4,206.9199999999999,4,206.31999999999996,swap,improve
9547,4,206.9199999999999,4,206.31999999999996,2opt,improve
9548,4,206.9199999999999,4,206.31999999999996,2opt,notBad
9549,4,206.9199999999999,4,206.31999999999996,2opt,notBad
9550,4,206.9199999999999,4,206.31999999999996,move,improve
9551,4,206.9199999999999,4,206.31999999999996,swap,notBad
9552,4,206.9199999999999,4,206.31999999999996,move,improve
9553,4,206.9199999999999,4,206.31999999999996,2opt,notBad
9554,4,206.9199999999999,4,206.31999999999996,swap,notBad
9555,4,206.9199999999999,4,206.31999999999996,move,improve
9556,4,206.9199999999999,4,206.31999999999996,2opt,notBad
9557,4,206.9199999999999,4,206.31999999999996,swap,notBad
9558,4,206.9199999999999,4,206.31999999999996,2opt,notBad
9559,4,206.9199999999999,4,206.31999999999996,2opt,notBad
9560,4,206.9199999999999,4,206.31999999999996,2opt,notBad
9561,4,206.9199999999999,4,206.31999999999996,2opt,improve
9562,4,206.9199999999999,4,206.31999999999996,swap,notBad
9563,4,206.9199999999999,4,206.31999999999996,2opt,notBad
9564,4,206.9199999999999,4,206.31999999999996,move,improve
9565,4,206.9199999999999,4,206.31999999999996,move,improve
9566,4,206.9199999999999,4,206.31999999999996,move,improve
9567,4,206.9199999999999,4,206.31999999999996,swap,notBad
9568,4,206.9199999999999,4,206.31999999999996,move,improve
9569,4,206.9199999999999,4,206.31999999999996,2opt,improve
9570,4,206.9199999999999,4,206.31999999999996,2opt,notBad
9571,4,206.9199999999999,4,206.31999999999996,2opt,notBad
9572,4,206.9199999999999,4,206.31999999999996,swap,notBad
9573,4,206.9199999999999,4,206.31999999999996,move,improve
9574,4,206.9199999999999,4,206.31999999999996,move,improve
9575,4,206.9199999999999,4,206.31999999999996,move,improve
9576,4,206.9199999999999,4,206.31999999999996,move,improve
9577,4,206.9199999999999,4,206.31999999999996,move,improve
9578,4,206.9199999999999,4,206.31999999999996,swap,notBad
9579,4,206.9199999999999,4,206.31999999999996,2opt,notBad
9580,4,206.9199999999999,4,206.31999999999996,swap,notBad
9581,4,206.9199999999999,4,206.31999999999996,move,improve
9582,4,206.9199999999999,4,206.31999999999996,move,improve
9583,4,206.9199999999999,4,206.31999999999996,move,improve
9584,4,206.9199999999999,4,206.31999999999996,move,improve
9585,4,206.9199999999999,4,206.31999999999996,2opt,improve
9586,4,206.9199999999999,4,206.31999999999996,2opt,notBad
9587,4,206.9199999999999,4,206.31999999999996,swap,notBad
9588,4,206.9199999999999,4,206.31999999999996,move,improve
9589,4,206.9199999999999,4,206.31999999999996,2opt,notBad
9590,4,206.9199999999999,4,206.31999999999996,swap,notBad
9591,4,206.9199999999999,4,206.31999999999996,swap,notBad
9592,4,206.9199999999999,4,206.31999999999996,move,improve
9593,4,206.9199999999999,4,206.31999999999996,swap,notBad
9594,4,206.9199999999999,4,206.31999999999996,2opt,notBad
9595,4,206.9199999999999,4,206.31999999999996,swap,notBad
9596,4,206.9199999999999,4,206.31999999999996,move,improve
9597,4,206.9199999999999,4,206.31999999999996,swap,notBad
9598,4,206.9199999999999,4,206.31999999999996,move,improve
9599,4,206.9199999999999,4,206.31999999999996,move,improve
9600,4,206.9199999999999,4,206.31999999999996,swap,notBad
9601,4,206.9199999999999,4,206.31999999999996,move,improve
9602,4,206.9199999999999,4,206.31999999999996,move,improve
9603,4,206.9199999999999,4,206.31999999999996,2opt,notBad
9604,4,206.9199999999999,4,206.31999999999996,2opt,notBad
9605,4,206.9199999999999,4,206.31999999999996,move,improve
9606,4,206.9199999999999,4,206.31999999999996,swap,notBad
9607,4,206.9199999999999,4,206.31999999999996,swap,notBad
9608,4,206.9199999999999,4,206.31999999999996,swap,notBad
9609,4,206.9199999999999,4,206.31999999999996,swap,notBad
9610,4,206.9199999999999,4,206.31999999999996,move,improve
9611,4,206.9199999999999,4,206.31999999999996,move,improve
9612,4,206.9199999999999,4,206.31999999999996,2opt,notBad
9613,4,206.9199999999999,4,206.31999999999996,move,improve
9614,4,206.9199999999999,4,206.31999999999996,2opt,notBad
9615,4,206.9199999999999,4,206.31999999999996,swap,notBad
9616,4,206.9199999999999,4,206.31999999999996,2opt,notBad
9617,4,206.9199999999999,4,206.31999999999996,swap,notBad
9618,4,206.9199999999999,4,206.31999999999996,2opt,notBad
9619,4,206.9199999999999,4,206.31999999999996,move,improve
9620,4,206.9199999999999,4,206.31999999999996,move,improve
9621,4,206.9199999999999,4,206.31999999999996,2opt,notBad
9622,4,206.9199999999999,4,206.31999999999996,swap,notBad
9623,4,206.9199999999999,4,206.31999999999996,swap,notBad
9624,4,206.9199999999999,4,206.31999999999996,move,improve
9625,4,206.9199999999999,4,206.31999999999996,2opt,notBad
9626,4,206.9199999999999,4,206.31999999999996,move,improve
9627,4,206.9199999999999,4,206.31999999999996,swap,notBad
9628,4,206.9199999999999,4,206.31999999999996,move,improve
9629,4,206.9199999999999,4,206.31999999999996,swap,notBad
9630,4,206.9199999999999,4,206.31999999999996,2opt,improve
9631,4,206.9199999999999,4,206.31999999999996,move,notBad
9632,4,206.9199999999999,4,206.31999999999996,2opt,notBad
9633,4,206.9199999999999,4,206.31999999999996,2opt,notBad
9634,4,206.9199999999999,4,206.31999999999996,2opt,notBad
9635,4,206.9199999999999,4,206.31999999999996,2opt,notBad
9636,4,206.9199999999999,4,206.31999999999996,move,improve
9637,4,206.9199999999999,4,206.31999999999996,swap,notBad
9638,4,206.9199999999999,4,206.31999999999996,swap,notBad
9639,4,206.9199999999999,4,206.31999999999996,2opt,notBad
9640,4,206.9199999999999,4,206.31999999999996,2opt,notBad
9641,4,206.9199999999999,4,206.31999999999996,swap,notBad
9642,4,206.9199999999999,4,206.31999999999996,swap,notBad
9643,4,206.9199999999999,4,206.31999999999996,move,improve
9644,4,206.9199999999999,4,206.31999999999996,move,improve
9645,4,206.9199999999999,4,206.31999999999996,2opt,notBad
9646,4,206.9199999999999,4,206.31999999999996,move,improve
9647,4,206.9199999999999,4,206.31999999999996,swap,notBad
9648,4,206.9199999999999,4,206.31999999999996,move,improve
9649,4,206.9199999999999,4,206.31999999999996,move,improve
9650,4,206.9199999999999,4,206.31999999999996,swap,notBad
9651,4,206.9199999999999,4,206.31999999999996,2opt,notBad
9652,4,206.9199999999999,4,206.31999999999996,2opt,improve
9653,4,206.9199999999999,4,206.31999999999996,swap,notBad
9654,4,206.9199999999999,4,206.31999999999996,move,improve
9655,4,206.9199999999999,4,206.31999999999996,swap,notBad
9656,4,206.9199999999999,4,206.31999999999996,move,improve
9657,4,206.9199999999999,4,206.31999999999996,swap,notBad
9658,4,206.9199999999999,4,206.31999999999996,2opt,notBad
9659,4,206.9199999999999,4,206.31999999999996,swap,notBad
9660,4,206.9199999999999,4,206.31999999999996,move,improve
9661,4,206.9199999999999,4,206.31999999999996,move,improve
9662,4,206.9199999999999,4,206.31999999999996,2opt,improve
9663,4,206.9199999999999,4,206.31999999999996,swap,notBad
9664,4,206.9199999999999,4,206.31999999999996,move,improve
9665,4,206.9199999999999,4,206.31999999999996,2opt,notBad
9666,4,206.9199999999999,4,206.31999999999996,2opt,notBad
9667,4,206.9199999999999,4,206.31999999999996,move,improve
9668,4,206.9199999999999,4,206.31999999999996,swap,notBad
9669,4,206.9199999999999,4,206.31999999999996,2opt,notBad
9670,4,206.9199999999999,4,206.31999999999996,2opt,notBad
9671,4,206.9199999999999,4,206.31999999999996,swap,notBad
9672,4,206.9199999999999,4,206.31999999999996,swap,notBad
9673,4,206.9199999999999,4,206.31999999999996,2opt,improve
9674,4,206.9199999999999,4,206.31999999999996,move,notBad
9675,4,206.9199999999999,4,206.31999999999996,2opt,notBad
9676,4,206.9199999999999,4,206.31999999999996,move,improve
9677,4,206.9199999999999,4,206.31999999999996,move,improve
9678,4,206.9199999999999,4,206.31999999999996,swap,notBad
9679,4,206.9199999999999,4,206.31999999999996,2opt,notBad
9680,4,206.9199999999999,4,206.31999999999996,2opt,notBad
9681,4,206.9199999999999,4,206.31999999999996,move,improve
9682,4,206.9199999999999,4,206.31999999999996,swap,notBad
9683,4,206.9199999999999,4,206.31999999999996,2opt,notBad
9684,4,206.9199999999999,4,206.31999999999996,swap,notBad
9685,4,206.9199999999999,4,206.31999999999996,move,improve
9686,4,206.9199999999999,4,206.31999999999996,2opt,notBad
9687,4,206.9199999999999,4,206.31999999999996,move,improve
9688,4,206.9199999999999,4,206.31999999999996,swap,notBad
9689,4,206.9199999999999,4,206.31999999999996,2opt,notBad
9690,4,206.9199999999999,4,206.31999999999996,2opt,notBad
9691,4,206.9199999999999,4,206.31999999999996,2opt,notBad
9692,4,206.9199999999999,4,206.31999999999996,2opt,notBad
9693,4,206.9199999999999,4,206.31999999999996,move,improve
9694,4,206.9199999999999,4,206.31999999999996,move,improve
9695,4,206.9199999999999,4,206.31999999999996,swap,notBad
9696,4,206.9199999999999,4,206.31999999999996,swap,notBad
9697,4,206.9199999999999,4,206.31999999999996,2opt,notBad
9698,4,206.9199999999999,4,206.31999999999996,2opt,notBad
9699,4,206.9199999999999,4,206.31999999999996,2opt,notBad
9700,4,206.9199999999999,4,206.31999999999996,move,improve
9701,4,206.9199999999999,4,206.31999999999996,swap,notBad
9702,4,206.9199999999999,4,206.31999999999996,move,improve
9703,4,206.9199999999999,4,206.31999999999996,move,improve
9704,4,206.9199999999999,4,206.31999999999996,swap,notBad
9705,4,206.9199999999999,4,206.31999999999996,move,improve
9706,4,206.9199999999999,4,206.31999999999996,swap,notBad
9707,4,206.9199999999999,4,206.31999999999996,2opt,notBad
9708,4,206.9199999999999,4,206.31999999999996,2opt,notBad
9709,4,206.9199999999999,4,206.31999999999996,move,improve
9710,4,206.9199999999999,4,206.31999999999996,2opt,notBad
9711,4,206.9199999999999,4,206.31999999999996,move,improve
9712,4,206.9199999999999,4,206.31999999999996,swap,notBad
9713,4,206.9199999999999,4,206.31999999999996,swap,notBad
9714,4,206.9199999999999,4,206.31999999999996,2opt,notBad
9715,4,206.9199999999999,4,206.31999999999996,swap,notBad
9716,4,206.9199999999999,4,206.31999999999996,swap,notBad
9717,4,206.9199999999999,4,206.31999999999996,2opt,notBad
9718,4,206.9199999999999,4,206.31999999999996,swap,notBad
9719,4,206.9199999999999,4,206.31999999999996,2opt,improve
9720,4,206.9199999999999,4,206.31999999999996,move,improve
9721,4,206.9199999999999,4,206.31999999999996,swap,notBad
9722,4,206.9199999999999,4,206.31999999999996,swap,notBad
9723,4,206.9199999999999,4,206.31999999999996,2opt,notBad
9724,4,206.9199999999999,4,206.31999999999996,swap,notBad
9725,4,206.9199999999999,4,206.31999999999996,2opt,notBad
9726,4,206.9199999999999,4,206.31999999999996,2opt,notBad
9727,4,206.9199999999999,4,206.31999999999996,move,notBad
9728,4,206.9199999999999,4,206.31999999999996,2opt,notBad
9729,4,206.9199999999999,4,206.31999999999996,2opt,notBad
9730,4,206.9199999999999,4,206.31999999999996,swap,notBad
9731,4,206.9199999999999,4,206.31999999999996,2opt,notBad
9732,4,206.9199999999999,4,206.31999999999996,move,improve
9733,4,206.9199999999999,4,206.31999999999996,swap,notBad
9734,4,206.9199999999999,4,206.31999999999996,move,improve
9735,4,206.9199999999999,4,206.31999999999996,2opt,improve
9736,4,206.9199999999999,4,206.31999999999996,2opt,notBad
9737,4,206.9199999999999,4,206.31999999999996,move,notBad
9738,4,206.9199999999999,4,206.31999999999996,move,improve
9739,4,206.9199999999999,4,206.31999999999996,swap,notBad
9740,4,206.9199999999999,4,206.31999999999996,move,improve
9741,4,206.9199999999999,4,206.31999999999996,swap,notBad
9742,4,206.9199999999999,4,206.31999999999996,2opt,notBad
9743,4,206.9199999999999,4,206.31999999999996,swap,notBad
9744,4,206.9199999999999,4,206.31999999999996,swap,notBad
9745,4,206.9199999999999,4,206.31999999999996,move,improve
9746,4,206.9199999999999,4,206.31999999999996,2opt,notBad
9747,4,206.9199999999999,4,206.31999999999996,2opt,notBad
9748,4,206.9199999999999,4,206.31999999999996,swap,notBad
9749,4,206.9199999999999,4,206.31999999999996,swap,notBad
9750,4,206.9199999999999,4,206.31999999999996,2opt,notBad
9751,4,206.9199999999999,4,206.31999999999996,swap,notBad
9752,4,206.9199999999999,4,206.31999999999996,move,improve
9753,4,206.9199999999999,4,206.31999999999996,move,improve
9754,4,206.9199999999999,4,206.31999999999996,move,improve
9755,4,206.9199999999999,4,206.31999999999996,move,improve
9756,4,206.9199999999999,4,206.31999999999996,2opt,notBad
9757,4,206.9199999999999,4,206.31999999999996,swap,notBad
9758,4,206.9199999999999,4,206.31999999999996,move,improve
9759,4,206.9199999999999,4,206.31999999999996,2opt,notBad
9760,4,206.9199999999999,4,206.31999999999996,2opt,notBad
9761,4,206.9199999999999,4,206.31999999999996,move,improve
9762,4,206.9199999999999,4,206.31999999999996,move,improve
9763,4,206.9199999999999,4,206.31999999999996,2opt,notBad
9764,4,206.9199999999999,4,206.31999999999996,swap,notBad
9765,4,206.9199999999999,4,206.31999999999996,2opt,notBad
9766,4,206.9199999999999,4,206.31999999999996,2opt,notBad
9767,4,206.9199999999999,4,206.31999999999996,move,improve
9768,4,206.9199999999999,4,206.31999999999996,2opt,notBad
9769,4,206.9199999999999,4,206.31999999999996,2opt,notBad
9770,4,206.9199999999999,4,206.31999999999996,2opt,notBad
9771,4,206.9199999999999,4,206.31999999999996,2opt,notBad
9772,4,206.9199999999999,4,206.31999999999996,2opt,improve
9773,4,206.9199999999999,4,206.31999999999996,2opt,notBad
9774,4,206.9199999999999,4,206.31999999999996,move,improve
9775,4,206.9199999999999,4,206.31999999999996,swap,notBad
9776,4,206.9199999999999,4,206.31999999999996,move,improve
9777,4,206.9199999999999,4,206.31999999999996,2opt,notBad
9778,4,206.9199999999999,4,206.31999999999996,2opt,notBad
9779,4,206.9199999999999,4,206.31999999999996,move,improve
9780,4,206.9199999999999,4,206.31999999999996,swap,notBad
9781,4,206.9199999999999,4,206.31999999999996,swap,notBad
9782,4,206.9199999999999,4,206.31999999999996,move,improve
9783,4,206.9199999999999,4,206.31999999999996,move,improve
9784,4,206.9199999999999,4,206.31999999999996,swap,notBad
9785,4,206.9199999999999,4,206.31999999999996,2opt,improve
9786,4,206.9199999999999,4,206.31999999999996,move,improve
9787,4,206.9199999999999,4,206.31999999999996,move,improve
9788,4,206.9199999999999,4,206.31999999999996,swap,notBad
9789,4,206.9199999999999,4,206.31999999999996,2opt,notBad
9790,4,206.9199999999999,4,206.31999999999996,2opt,notBad
9791,4,206.9199999999999,4,206.31999999999996,2opt,improve
9792,4,206.9199999999999,4,206.31999999999996,move,improve
9793,4,206.9199999999999,4,206.31999999999996,move,improve
9794,4,206.9199999999999,4,206.31999999999996,move,improve
9795,4,206.9199999999999,4,206.31999999999996,2opt,notBad
9796,4,206.9199999999999,4,206.31999999999996,move,improve
9797,4,206.9199999999999,4,206.31999999999996,2opt,notBad
9798,4,206.9199999999999,4,206.31999999999996,move,improve
9799,4,206.9199999999999,4,206.31999999999996,move,improve
9800,4,206.9199999999999,4,206.31999999999996,move,improve
9801,4,206.9199999999999,4,206.31999999999996,move,improve
9802,4,206.9199999999999,4,206.31999999999996,move,improve
9803,4,206.9199999999999,4,206.31999999999996,2opt,notBad
9804,4,206.9199999999999,4,206.31999999999996,move,improve
9805,4,206.9199999999999,4,206.31999999999996,move,improve
9806,4,206.9199999999999,4,206.31999999999996,2opt,improve
9807,4,206.9199999999999,4,206.31999999999996,2opt,notBad
9808,4,206.9199999999999,4,206.31999999999996,swap,notBad
9809,4,206.9199999999999,4,206.31999999999996,2opt,improve
9810,4,206.9199999999999,4,206.31999999999996,2opt,notBad
9811,4,206.9199999999999,4,206.31999999999996,move,improve
9812,4,206.9199999999999,4,206.31999999999996,2opt,notBad
9813,4,206.9199999999999,4,206.31999999999996,move,improve
9814,4,206.9199999999999,4,206.31999999999996,2opt,notBad
9815,4,206.9199999999999,4,206.31999999999996,2opt,notBad
9816,4,206.9199999999999,4,206.31999999999996,move,improve
9817,4,206.9199999999999,4,206.31999999999996,move,improve
9818,4,206.9199999999999,4,206.31999999999996,swap,notBad
9819,4,206.9199999999999,4,206.31999999999996,2opt,improve
9820,4,206.9199999999999,4,206.31999999999996,move,improve
9821,4,206.9199999999999,4,206.31999999999996,move,improve
9822,4,206.9199999999999,4,206.31999999999996,swap,notBad
9823,4,206.9199999999999,4,206.31999999999996,2opt,improve
9824,4,206.9199999999999,4,206.31999999999996,swap,notBad
9825,4,206.9199999999999,4,206.31999999999996,swap,notBad
9826,4,206.9199999999999,4,206.31999999999996,2opt,notBad
9827,4,206.9199999999999,4,206.31999999999996,move,improve
9828,4,206.9199999999999,4,206.31999999999996,move,improve
9829,4,206.9199999999999,4,206.31999999999996,move,notBad
9830,4,206.9199999999999,4,206.31999999999996,move,improve
9831,4,206.9199999999999,4,206.31999999999996,move,improve
9832,4,206.9199999999999,4,206.31999999999996,swap,notBad
9833,4,206.9199999999999,4,206.31999999999996,2opt,notBad
9834,4,206.9199999999999,4,206.31999999999996,move,improve
9835,4,206.9199999999999,4,206.31999999999996,2opt,notBad
9836,4,206.9199999999999,4,206.31999999999996,swap,notBad
9837,4,206.9199999999999,4,206.31999999999996,move,improve
9838,4,206.9199999999999,4,206.31999999999996,move,improve
9839,4,206.9199999999999,4,206.31999999999996,move,improve
9840,4,206.9199999999999,4,206.31999999999996,swap,notBad
9841,4,206.9199999999999,4,206.31999999999996,move,notBad
9842,4,206.9199999999999,4,206.31999999999996,2opt,notBad
9843,4,206.9199999999999,4,206.31999999999996,move,improve
9844,4,206.9199999999999,4,206.31999999999996,swap,notBad
9845,4,206.9199999999999,4,206.31999999999996,swap,notBad
9846,4,206.9199999999999,4,206.31999999999996,swap,notBad
9847,4,206.9199999999999,4,206.31999999999996,swap,notBad
9848,4,206.9199999999999,4,206.31999999999996,2opt,notBad
9849,4,206.9199999999999,4,206.31999999999996,2opt,notBad
9850,4,206.9199999999999,4,206.31999999999996,swap,notBad
9851,4,206.9199999999999,4,206.31999999999996,move,improve
9852,4,206.9199999999999,4,206.31999999999996,2opt,notBad
9853,4,206.9199999999999,4,206.31999999999996,2opt,notBad
9854,4,206.9199999999999,4,206.31999999999996,2opt,notBad
9855,4,206.9199999999999,4,206.31999999999996,swap,notBad
9856,4,206.9199999999999,4,206.31999999999996,move,improve
9857,4,206.9199999999999,4,206.31999999999996,2opt,notBad
9858,4,206.9199999999999,4,206.31999999999996,move,improve
9859,4,206.9199999999999,4,206.31999999999996,swap,notBad
9860,4,206.9199999999999,4,206.31999999999996,move,improve
9861,4,206.9199999999999,4,206.31999999999996,2opt,notBad
9862,4,206.9199999999999,4,206.31999999999996,move,improve
9863,4,206.9199999999999,4,206.31999999999996,2opt,notBad
9864,4,206.9199999999999,4,206.31999999999996,move,improve
9865,4,206.9199999999999,4,206.31999999999996,2opt,notBad
9866,4,206.9199999999999,4,206.31999999999996,swap,notBad
9867,4,206.9199999999999,4,206.31999999999996,move,improve
9868,4,206.9199999999999,4,206.31999999999996,swap,notBad
9869,4,206.9199999999999,4,206.31999999999996,2opt,notBad
9870,4,206.9199999999999,4,206.31999999999996,move,improve
9871,4,206.9199999999999,4,206.31999999999996,swap,notBad
9872,4,206.9199999999999,4,206.31999999999996,2opt,notBad
9873,4,206.9199999999999,4,206.31999999999996,move,improve
9874,4,206.9199999999999,4,206.31999999999996,2opt,notBad
9875,4,206.9199999999999,4,206.31999999999996,move,improve
9876,4,206.9199999999999,4,206.31999999999996,2opt,notBad
9877,4,206.9199999999999,4,206.31999999999996,move,improve
9878,4,206.9199999999999,4,206.31999999999996,2opt,notBad
9879,4,206.9199999999999,4,206.31999999999996,swap,notBad
9880,4,206.9199999999999,4,206.31999999999996,swap,notBad
9881,4,206.9199999999999,4,206.31999999999996,move,improve
9882,4,206.9199999999999,4,206.31999999999996,swap,notBad
9883,4,206.9199999999999,4,206.31999999999996,2opt,notBad
9884,4,206.9199999999999,4,206.31999999999996,swap,notBad
9885,4,206.9199999999999,4,206.31999999999996,2opt,notBad
9886,4,206.9199999999999,4,206.31999999999996,move,improve
9887,4,206.9199999999999,4,206.31999999999996,move,improve
9888,4,206.9199999999999,4,206.31999999999996,swap,notBad
9889,4,206.9199999999999,4,206.31999999999996,swap,notBad
9890,4,206.9199999999999,4,206.31999999999996,move,improve
9891,4,206.9199999999999,4,206.31999999999996,swap,notBad
9892,4,206.9199999999999,4,206.31999999999996,move,improve
9893,4,206.9199999999999,4,206.31999999999996,move,improve
9894,4,206.9199999999999,4,206.31999999999996,move,improve
9895,4,206.9199999999999,4,206.31999999999996,2opt,notBad
9896,4,206.9199999999999,4,206.31999999999996,move,improve
9897,4,206.9199999999999,4,206.31999999999996,2opt,notBad
9898,4,206.9199999999999,4,206.31999999999996,move,improve
9899,4,206.9199999999999,4,206.31999999999996,move,improve
9900,4,206.9199999999999,4,206.31999999999996,swap,notBad
9901,4,206.9199999999999,4,206.31999999999996,swap,notBad
9902,4,206.9199999999999,4,206.31999999999996,move,improve
9903,4,206.9199999999999,4,206.31999999999996,2opt,notBad
9904,4,206.9199999999999,4,206.31999999999996,swap,notBad
9905,4,206.9199999999999,4,206.31999999999996,2opt,improve
9906,4,206.9199999999999,4,206.31999999999996,swap,notBad
9907,4,206.9199999999999,4,206.31999999999996,swap,notBad
9908,4,206.9199999999999,4,206.31999999999996,move,improve
9909,4,206.9199999999999,4,206.31999999999996,2opt,improve
9910,4,206.9199999999999,4,206.31999999999996,swap,notBad
9911,4,206.9199999999999,4,206.31999999999996,move,improve
9912,4,206.9199999999999,4,206.31999999999996,swap,notBad
9913,4,206.9199999999999,4,206.31999999999996,swap,notBad
9914,4,206.9199999999999,4,206.31999999999996,2opt,notBad
9915,4,206.9199999999999,4,206.31999999999996,swap,notBad
9916,4,206.9199999999999,4,206.31999999999996,swap,notBad
9917,4,206.9199999999999,4,206.31999999999996,2opt,notBad
9918,4,206.9199999999999,4,206.31999999999996,swap,notBad
9919,4,206.9199999999999,4,206.31999999999996,swap,notBad
9920,4,206.9199999999999,4,206.31999999999996,move,improve
9921,4,206.9199999999999,4,206.31999999999996,move,notBad
9922,4,206.9199999999999,4,206.31999999999996,2opt,improve
9923,4,206.9199999999999,4,206.31999999999996,swap,notBad
9924,4,206.9199999999999,4,206.31999999999996,move,improve
9925,4,206.9199999999999,4,206.31999999999996,2opt,notBad
9926,4,206.9199999999999,4,206.31999999999996,move,improve
9927,4,206.9199999999999,4,206.31999999999996,move,improve
9928,4,206.9199999999999,4,206.31999999999996,move,improve
9929,4,206.9199999999999,4,206.31999999999996,2opt,notBad
9930,4,206.9199999999999,4,206.31999999999996,2opt,notBad
9931,4,206.9199999999999,4,206.31999999999996,2opt,notBad
9932,4,206.9199999999999,4,206.31999999999996,swap,notBad
9933,4,206.9199999999999,4,206.31999999999996,2opt,improve
9934,4,206.9199999999999,4,206.31999999999996,2opt,improve
9935,4,206.9199999999999,4,206.31999999999996,2opt,notBad
9936,4,206.9199999999999,4,206.31999999999996,move,improve
9937,4,206.9199999999999,4,206.31999999999996,swap,notBad
9938,4,206.9199999999999,4,206.31999999999996,swap,notBad
9939,4,206.9199999999999,4,206.31999999999996,swap,notBad
9940,4,206.9199999999999,4,206.31999999999996,move,improve
9941,4,206.9199999999999,4,206.31999999999996,2opt,notBad
9942,4,206.9199999999999,4,206.31999999999996,swap,notBad
9943,4,206.9199999999999,4,206.31999999999996,move,improve
9944,4,206.9199999999999,4,206.31999999999996,2opt,improve
9945,4,206.9199999999999,4,206.31999999999996,2opt,notBad
9946,4,206.9199999999999,4,206.31999999999996,2opt,notBad
9947,4,206.9199999999999,4,206.31999999999996,move,improve
9948,4,206.9199999999999,4,206.31999999999996,move,improve
9949,4,206.9199999999999,4,206.31999999999996,2opt,notBad
9950,4,206.9199999999999,4,206.31999999999996,swap,notBad
9951,4,206.9199999999999,4,206.31999999999996,move,improve
9952,4,206.9199999999999,4,206.31999999999996,move,notBad
9953,4,206.9199999999999,4,206.31999999999996,swap,notBad
9954,4,206.9199999999999,4,206.31999999999996,move,improve
9955,4,206.9199999999999,4,206.31999999999996,2opt,notBad
9956,4,206.9199999999999,4,206.31999999999996,move,improve
9957,4,206.9199999999999,4,206.31999999999996,2opt,notBad
9958,4,206.9199999999999,4,206.31999999999996,2opt,notBad
9959,4,206.9199999999999,4,206.31999999999996,move,improve
9960,4,206.9199999999999,4,206.31999999999996,swap,notBad
9961,4,206.9199999999999,4,206.31999999999996,move,improve
9962,4,206.9199999999999,4,206.31999999999996,swap,notBad
9963,4,206.9199999999999,4,206.31999999999996,swap,notBad
9964,4,206.9199999999999,4,206.31999999999996,move,improve
9965,4,206.9199999999999,4,206.31999999999996,swap,notBad
9966,4,206.9199999999999,4,206.31999999999996,move,improve
9967,4,206.9199999999999,4,206.31999999999996,2opt,notBad
9968,4,206.9199999999999,4,206.31999999999996,move,improve
9969,4,206.9199999999999,4,206.31999999999996,swap,notBad
9970,4,206.9199999999999,4,206.31999999999996,2opt,notBad
9971,4,206.9199999999999,4,206.31999999999996,2opt,notBad
9972,4,206.9199999999999,4,206.31999999999996,swap,notBad
9973,4,206.9199999999999,4,206.31999999999996,move,improve
9974,4,206.9199999999999,4,206.31999999999996,swap,notBad
9975,4,206.9199999999999,4,206.31999999999996,move,improve
9976,4,206.9199999999999,4,206.31999999999996,move,improve
9977,4,206.9199999999999,4,206.31999999999996,swap,notBad
9978,4,206.9199999999999,4,206.31999999999996,move,improve
9979,4,206.9199999999999,4,206.31999999999996,move,improve
9980,4,206.9199999999999,4,206.31999999999996,move,improve
9981,4,206.9199999999999,4,206.31999999999996,swap,notBad
9982,4,206.9199999999999,4,206.31999999999996,2opt,notBad
9983,4,206.9199999999999,4,206.31999999999996,move,improve
9984,4,206.9199999999999,4,206.31999999999996,swap,notBad
9985,4,206.9199999999999,4,206.31999999999996,2opt,notBad
9986,4,206.9199999999999,4,206.31999999999996,swap,notBad
9987,4,206.9199999999999,4,206.31999999999996,move,improve
9988,4,206.9199999999999,4,206.31999999999996,swap,notBad
9989,4,206.9199999999999,4,206.31999999999996,2opt,notBad
9990,4,206.9199999999999,4,206.31999999999996,2opt,notBad
9991,4,206.9199999999999,4,206.31999999999996,2opt,notBad
9992,4,206.9199999999999,4,206.31999999999996,swap,notBad
9993,4,206.9199999999999,4,206.31999999999996,2opt,improve
9994,4,206.9199999999999,4,206.31999999999996,2opt,improve
9995,4,206.9199999999999,4,206.31999999999996,swap,notBad
9996,4,206.9199999999999,4,206.31999999999996,move,improve
9997,4,206.9199999999999,4,206.31999999999996,2opt,notBad
9998,4,206.9199999999999,4,206.31999999999996,swap,notBad
9999,4,206.9199999999999,4,206.31999999999996,swap,notBad
10000,4,206.9199999999999,4,206.31999999999996,swap,notBad
10001,4,206.9199999999999,4,206.31999999999996,2opt,notBad
10002,4,206.9199999999999,4,206.31999999999996,move,improve
10003,4,206.9199999999999,4,206.31999999999996,move,improve
10004,4,206.9199999999999,4,206.31999999999996,swap,notBad
10005,4,206.9199999999999,4,206.31999999999996,swap,notBad
10006,4,206.9199999999999,4,206.31999999999996,swap,notBad
10007,4,206.9199999999999,4,206.31999999999996,2opt,notBad
10008,4,206.9199999999999,4,206.31999999999996,move,improve
10009,4,206.9199999999999,4,206.31999999999996,move,improve
10010,4,206.9199999999999,4,206.31999999999996,move,improve
10011,4,206.9199999999999,4,206.31999999999996,move,improve
10012,4,206.9199999999999,4,206.31999999999996,2opt,notBad
10013,4,206.9199999999999,4,206.31999999999996,move,improve
10014,4,206.9199999999999,4,206.31999999999996,swap,notBad
10015,4,206.9199999999999,4,206.31999999999996,swap,notBad
10016,4,206.9199999999999,4,206.31999999999996,2opt,notBad
10017,4,206.9199999999999,4,206.31999999999996,2opt,notBad
10018,4,206.9199999999999,4,206.31999999999996,2opt,notBad
10019,4,206.9199999999999,4,206.31999999999996,move,improve
10020,4,206.9199999999999,4,206.31999999999996,move,improve
10021,4,206.9199999999999,4,206.31999999999996,2opt,notBad
10022,4,206.9199999999999,4,206.31999999999996,2opt,notBad
10023,4,206.9199999999999,4,206.31999999999996,move,improve
10024,4,206.9199999999999,4,206.31999999999996,move,improve
10025,4,206.9199999999999,4,206.31999999999996,swap,notBad
10026,4,206.9199999999999,4,206.31999999999996,2opt,improve
10027,4,206.9199999999999,4,206.31999999999996,swap,notBad
10028,4,206.9199999999999,4,206.31999999999996,move,notBad
10029,4,206.9199999999999,4,206.31999999999996,swap,notBad
10030,4,206.9199999999999,4,206.31999999999996,move,improve
10031,4,206.9199999999999,4,206.31999999999996,swap,notBad
10032,4,206.9199999999999,4,206.31999999999996,move,improve
10033,4,206.9199999999999,4,206.31999999999996,move,improve
10034,4,206.9199999999999,4,206.31999999999996,swap,notBad
10035,4,206.9199999999999,4,206.31999999999996,move,improve
10036,4,206.9199999999999,4,206.31999999999996,2opt,notBad
10037,4,206.9199999999999,4,206.31999999999996,swap,notBad
10038,4,206.9199999999999,4,206.31999999999996,move,improve
10039,4,206.9199999999999,4,206.31999999999996,swap,notBad
10040,4,206.9199999999999,4,206.31999999999996,swap,notBad
10041,4,206.9199999999999,4,206.31999999999996,swap,notBad
10042,4,206.9199999999999,4,206.31999999999996,swap,notBad
10043,4,206.9199999999999,4,206.31999999999996,2opt,notBad
10044,4,206.9199999999999,4,206.31999999999996,move,improve
10045,4,206.9199999999999,4,206.31999999999996,2opt,notBad
10046,4,206.9199999999999,4,206.31999999999996,move,improve
10047,4,206.9199999999999,4,206.31999999999996,move,improve
10048,4,206.9199999999999,4,206.31999999999996,swap,notBad
10049,4,206.9199999999999,4,206.31999999999996,swap,notBad
10050,4,206.9199999999999,4,206.31999999999996,move,improve
10051,4,206.9199999999999,4,206.31999999999996,move,improve
10052,4,206.9199999999999,4,206.31999999999996,move,improve
10053,4,206.9199999999999,4,206.31999999999996,move,improve
10054,4,206.9199999999999,4,206.31999999999996,swap,notBad
10055,4,206.9199999999999,4,206.31999999999996,swap,notBad
10056,4,206.9199999999999,4,206.31999999999996,2opt,notBad
10057,4,206.9199999999999,4,206.31999999999996,2opt,notBad
10058,4,206.9199999999999,4,206.31999999999996,2opt,notBad
10059,4,206.9199999999999,4,206.31999999999996,swap,notBad
10060,4,206.9199999999999,4,206.31999999999996,swap,notBad
10061,4,206.9199999999999,4,206.31999999999996,swap,notBad
10062,4,206.9199999999999,4,206.31999999999996,2opt,improve
10063,4,206.9199999999999,4,206.31999999999996,swap,notBad
10064,4,206.9199999999999,4,206.31999999999996,swap,notBad
10065,4,206.9199999999999,4,206.31999999999996,swap,notBad
10066,4,206.9199999999999,4,206.31999999999996,move,improve
10067,4,206.9199999999999,4,206.31999999999996,2opt,notBad
10068,4,206.9199999999999,4,206.31999999999996,move,improve
10069,4,206.9199999999999,4,206.31999999999996,swap,notBad
10070,4,206.9199999999999,4,206.31999999999996,move,improve
10071,4,206.9199999999999,4,206.31999999999996,move,improve
10072,4,206.9199999999999,4,206.31999999999996,move,improve
10073,4,206.9199999999999,4,206.31999999999996,move,improve
10074,4,206.9199999999999,4,206.31999999999996,swap,notBad
10075,4,206.9199999999999,4,206.31999999999996,2opt,notBad
10076,4,206.9199999999999,4,206.31999999999996,move,improve
10077,4,206.9199999999999,4,206.31999999999996,2opt,notBad
10078,4,206.9199999999999,4,206.31999999999996,2opt,notBad
10079,4,206.9199999999999,4,206.31999999999996,2opt,notBad
10080,4,206.9199999999999,4,206.31999999999996,swap,notBad
10081,4,206.9199999999999,4,206.31999999999996,move,improve
10082,4,206.9199999999999,4,206.31999999999996,2opt,improve
10083,4,206.9199999999999,4,206.31999999999996,move,improve
10084,4,206.9199999999999,4,206.31999999999996,2opt,notBad
10085,4,206.9199999999999,4,206.31999999999996,2opt,notBad
10086,4,206.9199999999999,4,206.31999999999996,move,improve
10087,4,206.9199999999999,4,206.31999999999996,move,improve
10088,4,206.9199999999999,4,206.31999999999996,2opt,notBad
10089,4,206.9199999999999,4,206.31999999999996,move,improve
10090,4,206.9199999999999,4,206.31999999999996,swap,notBad
10091,4,206.9199999999999,4,206.31999999999996,swap,notBad
10092,4,206.9199999999999,4,206.31999999999996,2opt,notBad
10093,4,206.9199999999999,4,206.31999999999996,2opt,notBad
10094,4,206.9199999999999,4,206.31999999999996,move,improve
10095,4,206.9199999999999,4,206.31999999999996,move,improve
10096,4,206.9199999999999,4,206.31999999999996,move,improve
10097,4,206.9199999999999,4,206.31999999999996,2opt,notBad
10098,4,206.9199999999999,4,206.31999999999996,2opt,notBad
10099,4,206.9199999999999,4,206.31999999999996,swap,notBad
10100,4,206.9199999999999,4,206.31999999999996,swap,notBad
10101,4,206.9199999999999,4,206.31999999999996,move,improve
10102,4,206.9199999999999,4,206.31999999999996,2opt,notBad
10103,4,206.9199999999999,4,206.31999999999996,swap,notBad
10104,4,206.9199999999999,4,206.31999999999996,2opt,improve
10105,4,206.9199999999999,4,206.31999999999996,move,improve
10106,4,206.9199999999999,4,206.31999999999996,2opt,notBad
10107,4,206.9199999999999,4,206.31999999999996,move,improve
10108,4,206.9199999999999,4,206.31999999999996,swap,notBad
10109,4,206.9199999999999,4,206.31999999999996,move,improve
10110,4,206.9199999999999,4,206.31999999999996,2opt,notBad
10111,4,206.9199999999999,4,206.31999999999996,2opt,notBad
10112,4,206.9199999999999,4,206.31999999999996,move,improve
10113,4,206.9199999999999,4,206.31999999999996,swap,notBad
10114,4,206.9199999999999,4,206.31999999999996,2opt,notBad
10115,4,206.9199999999999,4,206.31999999999996,swap,notBad
10116,4,206.9199999999999,4,206.31999999999996,2opt,notBad
10117,4,206.9199999999999,4,206.31999999999996,move,improve
10118,4,206.9199999999999,4,206.31999999999996,swap,notBad
10119,4,206.9199999999999,4,206.31999999999996,swap,notBad
10120,4,206.9199999999999,4,206.31999999999996,move,improve
10121,4,206.9199999999999,4,206.31999999999996,2opt,notBad
10122,4,206.9199999999999,4,206.31999999999996,swap,notBad
10123,4,206.9199999999999,4,206.31999999999996,move,improve
10124,4,206.9199999999999,4,206.31999999999996,move,improve
10125,4,206.9199999999999,4,206.31999999999996,2opt,notBad
10126,4,206.9199999999999,4,206.31999999999996,2opt,notBad
10127,4,206.9199999999999,4,206.31999999999996,2opt,notBad
10128,4,206.9199999999999,4,206.31999999999996,2opt,notBad
10129,4,206.9199999999999,4,206.31999999999996,2opt,notBad
10130,4,206.9199999999999,4,206.31999999999996,2opt,notBad
10131,4,206.9199999999999,4,206.31999999999996,swap,notBad
10132,4,206.9199999999999,4,206.31999999999996,swap,notBad
10133,4,206.9199999999999,4,206.31999999999996,move,notBad
10134,4,206.9199999999999,4,206.31999999999996,swap,notBad
10135,4,206.9199999999999,4,206.31999999999996,2opt,notBad
10136,4,206.9199999999999,4,206.31999999999996,move,improve
10137,4,206.9199999999999,4,206.31999999999996,2opt,notBad
10138,4,206.9199999999999,4,206.31999999999996,2opt,improve
10139,4,206.9199999999999,4,206.31999999999996,move,improve
10140,4,206.9199999999999,4,206.31999999999996,swap,notBad
10141,4,206.9199999999999,4,206.31999999999996,swap,notBad
10142,4,206.9199999999999,4,206.31999999999996,move,improve
10143,4,206.9199999999999,4,206.31999999999996,move,improve
10144,4,206.9199999999999,4,206.31999999999996,swap,notBad
10145,4,206.9199999999999,4,206.31999999999996,move,improve
10146,4,206.9199999999999,4,206.31999999999996,2opt,notBad
10147,4,206.9199999999999,4,206.31999999999996,move,improve
10148,4,206.9199999999999,4,206.31999999999996,2opt,notBad
10149,4,206.9199999999999,4,206.31999999999996,move,improve
10150,4,206.9199999999999,4,206.31999999999996,2opt,notBad
10151,4,206.9199999999999,4,206.31999999999996,2opt,notBad
10152,4,206.9199999999999,4,206.31999999999996,move,improve
10153,4,206.9199999999999,4,206.31999999999996,move,improve
10154,4,206.9199999999999,4,206.31999999999996,swap,notBad
10155,4,206.9199999999999,4,206.31999999999996,move,improve
10156,4,206.9199999999999,4,206.31999999999996,swap,notBad
10157,4,206.9199999999999,4,206.31999999999996,swap,notBad
10158,4,206.9199999999999,4,206.31999999999996,move,improve
10159,4,206.9199999999999,4,206.31999999999996,move,improve
10160,4,206.9199999999999,4,206.31999999999996,swap,notBad
10161,4,206.9199999999999,4,206.31999999999996,move,improve
10162,4,206.9199999999999,4,206.31999999999996,move,improve
10163,4,206.9199999999999,4,206.31999999999996,2opt,notBad
10164,4,206.9199999999999,4,206.31999999999996,swap,notBad
10165,4,206.9199999999999,4,206.31999999999996,move,improve
10166,4,206.9199999999999,4,206.31999999999996,swap,notBad
10167,4,206.9199999999999,4,206.31999999999996,swap,notBad
10168,4,206.9199999999999,4,206.31999999999996,move,improve
10169,4,206.9199999999999,4,206.31999999999996,move,improve
10170,4,206.9199999999999,4,206.31999999999996,move,improve
10171,4,206.9199999999999,4,206.31999999999996,swap,notBad
10172,4,206.9199999999999,4,206.31999999999996,2opt,notBad
10173,4,206.9199999999999,4,206.31999999999996,move,improve
10174,4,206.9199999999999,4,206.31999999999996,2opt,notBad
10175,4,206.9199999999999,4,206.31999999999996,swap,notBad
10176,4,206.9199999999999,4,206.31999999999996,swap,notBad
10177,4,206.9199999999999,4,206.31999999999996,2opt,notBad
10178,4,206.9199999999999,4,206.31999999999996,swap,notBad
10179,4,206.9199999999999,4,206.31999999999996,swap,notBad
10180,4,206.9199999999999,4,206.31999999999996,2opt,improve
10181,4,206.9199999999999,4,206.31999999999996,move,improve
10182,4,206.9199999999999,4,206.31999999999996,swap,notBad
10183,4,206.9199999999999,4,206.31999999999996,2opt,notBad
10184,4,206.9199999999999,4,206.31999999999996,swap,notBad
10185,4,206.9199999999999,4,206.31999999999996,move,improve
10186,4,206.9199999999999,4,206.31999999999996,move,improve
10187,4,206.9199999999999,4,206.31999999999996,move,notBad
10188,4,206.9199999999999,4,206.31999999999996,2opt,notBad
10189,4,206.9199999999999,4,206.31999999999996,swap,notBad
10190,4,206.9199999999999,4,206.31999999999996,2opt,notBad
10191,4,206.9199999999999,4,206.31999999999996,swap,notBad
10192,4,206.9199999999999,4,206.31999999999996,swap,notBad
10193,4,206.9199999999999,4,206.31999999999996,swap,notBad
10194,4,206.9199999999999,4,206.31999999999996,move,improve
10195,4,206.9199999999999,4,206.31999999999996,swap,notBad
10196,4,206.9199999999999,4,206.31999999999996,2opt,improve
10197,4,206.9199999999999,4,206.31999999999996,2opt,improve
10198,4,206.9199999999999,4,206.31999999999996,2opt,notBad
10199,4,206.9199999999999,4,206.31999999999996,swap,notBad
10200,4,206.9199999999999,4,206.31999999999996,move,improve
10201,4,206.9199999999999,4,206.31999999999996,swap,notBad
10202,4,206.9199999999999,4,206.31999999999996,swap,notBad
10203,4,206.9199999999999,4,206.31999999999996,2opt,notBad
10204,4,206.9199999999999,4,206.31999999999996,swap,notBad
10205,4,206.9199999999999,4,206.31999999999996,2opt,notBad
10206,4,206.9199999999999,4,206.31999999999996,2opt,improve
10207,4,206.9199999999999,4,206.31999999999996,2opt,notBad
10208,4,206.9199999999999,4,206.31999999999996,swap,notBad
10209,4,206.9199999999999,4,206.31999999999996,move,improve
10210,4,206.9199999999999,4,206.31999999999996,swap,notBad
10211,4,206.9199999999999,4,206.31999999999996,2opt,notBad
10212,4,206.9199999999999,4,206.31999999999996,swap,notBad
10213,4,206.9199999999999,4,206.31999999999996,move,improve
10214,4,206.9199999999999,4,206.31999999999996,2opt,notBad
10215,4,206.9199999999999,4,206.31999999999996,swap,notBad
10216,4,206.9199999999999,4,206.31999999999996,move,improve
10217,4,206.9199999999999,4,206.31999999999996,2opt,improve
10218,4,206.9199999999999,4,206.31999999999996,2opt,notBad
10219,4,206.9199999999999,4,206.31999999999996,2opt,notBad
10220,4,206.9199999999999,4,206.31999999999996,swap,notBad
10221,4,206.9199999999999,4,206.31999999999996,swap,notBad
10222,4,206.9199999999999,4,206.31999999999996,move,improve
10223,4,206.9199999999999,4,206.31999999999996,2opt,improve
10224,4,206.9199999999999,4,206.31999999999996,2opt,notBad
10225,4,206.9199999999999,4,206.31999999999996,2opt,notBad
10226,4,206.9199999999999,4,206.31999999999996,swap,notBad
10227,4,206.9199999999999,4,206.31999999999996,2opt,notBad
10228,4,206.9199999999999,4,206.31999999999996,2opt,notBad
10229,4,206.9199999999999,4,206.31999999999996,move,improve
10230,4,206.9199999999999,4,206.31999999999996,2opt,notBad
10231,4,206.9199999999999,4,206.31999999999996,2opt,improve
10232,4,206.9199999999999,4,206.31999999999996,move,improve
10233,4,206.9199999999999,4,206.31999999999996,move,improve
10234,4,206.9199999999999,4,206.31999999999996,move,improve
10235,4,206.9199999999999,4,206.31999999999996,swap,notBad
10236,4,206.9199999999999,4,206.31999999999996,2opt,notBad
10237,4,206.9199999999999,4,206.31999999999996,swap,notBad
10238,4,206.9199999999999,4,206.31999999999996,2opt,notBad
10239,4,206.9199999999999,4,206.31999999999996,swap,notBad
10240,4,206.9199999999999,4,206.31999999999996,swap,notBad
10241,4,206.9199999999999,4,206.31999999999996,move,improve
10242,4,206.9199999999999,4,206.31999999999996,2opt,improve
10243,4,206.9199999999999,4,206.31999999999996,move,improve
10244,4,206.9199999999999,4,206.31999999999996,move,improve
10245,4,206.9199999999999,4,206.31999999999996,swap,notBad
10246,4,206.9199999999999,4,206.31999999999996,swap,notBad
10247,4,206.9199999999999,4,206.31999999999996,swap,notBad
10248,4,206.9199999999999,4,206.31999999999996,move,improve
10249,4,206.9199999999999,4,206.31999999999996,2opt,notBad
10250,4,206.9199999999999,4,206.31999999999996,swap,notBad
10251,4,206.9199999999999,4,206.31999999999996,swap,notBad
10252,4,206.9199999999999,4,206.31999999999996,swap,notBad
10253,4,206.9199999999999,4,206.31999999999996,move,improve
10254,4,206.9199999999999,4,206.31999999999996,move,improve
10255,4,206.9199999999999,4,206.31999999999996,swap,notBad
10256,4,206.9199999999999,4,206.31999999999996,swap,notBad
10257,4,206.9199999999999,4,206.31999999999996,2opt,notBad
10258,4,206.9199999999999,4,206.31999999999996,move,improve
10259,4,206.9199999999999,4,206.31999999999996,2opt,notBad
10260,4,206.9199999999999,4,206.31999999999996,swap,notBad
10261,4,206.9199999999999,4,206.31999999999996,move,notBad
10262,4,206.9199999999999,4,206.31999999999996,2opt,improve
10263,4,206.9199999999999,4,206.31999999999996,swap,notBad
10264,4,206.9199999999999,4,206.31999999999996,swap,notBad
10265,4,206.9199999999999,4,206.31999999999996,move,improve
10266,4,206.9199999999999,4,206.31999999999996,2opt,notBad
10267,4,206.9199999999999,4,206.31999999999996,swap,notBad
10268,4,206.9199999999999,4,206.31999999999996,swap,notBad
10269,4,206.9199999999999,4,206.31999999999996,move,improve
10270,4,206.9199999999999,4,206.31999999999996,swap,notBad
10271,4,206.9199999999999,4,206.31999999999996,2opt,notBad
10272,4,206.9199999999999,4,206.31999999999996,swap,notBad
10273,4,206.9199999999999,4,206.31999999999996,swap,notBad
10274,4,206.9199999999999,4,206.31999999999996,2opt,notBad
10275,4,206.9199999999999,4,206.31999999999996,swap,notBad
10276,4,206.9199999999999,4,206.31999999999996,move,improve
10277,4,206.9199999999999,4,206.31999999999996,2opt,notBad
10278,4,206.9199999999999,4,206.31999999999996,swap,notBad
10279,4,206.9199999999999,4,206.31999999999996,swap,notBad
10280,4,206.9199999999999,4,206.31999999999996,swap,notBad
10281,4,206.9199999999999,4,206.31999999999996,move,improve
10282,4,206.9199999999999,4,206.31999999999996,2opt,notBad
10283,4,206.9199999999999,4,206.31999999999996,2opt,improve
10284,4,206.9199999999999,4,206.31999999999996,2opt,improve
10285,4,206.9199999999999,4,206.31999999999996,swap,notBad
10286,4,206.9199999999999,4,206.31999999999996,swap,notBad
10287,4,206.9199999999999,4,206.31999999999996,swap,notBad
10288,4,206.9199999999999,4,206.31999999999996,swap,notBad
10289,4,206.9199999999999,4,206.31999999999996,swap,notBad
10290,4,206.9199999999999,4,206.31999999999996,swap,notBad
10291,4,206.9199999999999,4,206.31999999999996,2opt,notBad
10292,4,206.9199999999999,4,206.31999999999996,swap,notBad
10293,4,206.9199999999999,4,206.31999999999996,move,improve
10294,4,206.9199999999999,4,206.31999999999996,2opt,notBad
10295,4,206.9199999999999,4,206.31999999999996,move,improve
10296,4,206.9199999999999,4,206.31999999999996,move,improve
10297,4,206.9199999999999,4,206.31999999999996,2opt,improve
10298,4,206.9199999999999,4,206.31999999999996,2opt,improve
10299,4,206.9199999999999,4,206.31999999999996,2opt,improve
10300,4,206.9199999999999,4,206.31999999999996,move,improve
10301,4,206.9199999999999,4,206.31999999999996,move,improve
10302,4,206.9199999999999,4,206.31999999999996,2opt,notBad
10303,4,206.9199999999999,4,206.31999999999996,swap,notBad
10304,4,206.9199999999999,4,206.31999999999996,swap,notBad
10305,4,206.9199999999999,4,206.31999999999996,swap,notBad
10306,4,206.9199999999999,4,206.31999999999996,move,improve
10307,4,206.9199999999999,4,206.31999999999996,move,improve
10308,4,206.9199999999999,4,206.31999999999996,2opt,notBad
10309,4,206.9199999999999,4,206.31999999999996,2opt,notBad
10310,4,206.9199999999999,4,206.31999999999996,swap,notBad
10311,4,206.9199999999999,4,206.31999999999996,2opt,notBad
10312,4,206.9199999999999,4,206.31999999999996,swap,notBad
10313,4,206.9199999999999,4,206.31999999999996,move,improve
10314,4,206.9199999999999,4,206.31999999999996,2opt,notBad
10315,4,206.9199999999999,4,206.31999999999996,2opt,notBad
10316,4,206.9199999999999,4,206.31999999999996,move,improve
10317,4,206.9199999999999,4,206.31999999999996,2opt,improve
10318,4,206.9199999999999,4,206.31999999999996,move,improve
10319,4,206.9199999999999,4,206.31999999999996,move,improve
10320,4,206.9199999999999,4,206.31999999999996,move,improve
10321,4,206.9199999999999,4,206.31999999999996,swap,notBad
10322,4,206.9199999999999,4,206.31999999999996,swap,notBad
10323,4,206.9199999999999,4,206.31999999999996,move,improve
10324,4,206.9199999999999,4,206.31999999999996,swap,notBad
10325,4,206.9199999999999,4,206.31999999999996,move,improve
10326,4,206.9199999999999,4,206.31999999999996,move,improve
10327,4,206.9199999999999,4,206.31999999999996,move,notBad
10328,4,206.9199999999999,4,206.31999999999996,2opt,notBad
10329,4,206.9199999999999,4,206.31999999999996,swap,notBad
10330,4,206.9199999999999,4,206.31999999999996,2opt,improve
10331,4,206.9199999999999,4,206.31999999999996,move,improve
10332,4,206.9199999999999,4,206.31999999999996,2opt,notBad
10333,4,206.9199999999999,4,206.31999999999996,swap,notBad
10334,4,206.9199999999999,4,206.31999999999996,move,improve
10335,4,206.9199999999999,4,206.31999999999996,swap,notBad
10336,4,206.9199999999999,4,206.31999999999996,2opt,notBad
10337,4,206.9199999999999,4,206.31999999999996,move,improve
10338,4,206.9199999999999,4,206.31999999999996,2opt,notBad
10339,4,206.9199999999999,4,206.31999999999996,2opt,improve
10340,4,206.9199999999999,4,206.31999999999996,move,improve
10341,4,206.9199999999999,4,206.31999999999996,2opt,notBad
10342,4,206.9199999999999,4,206.31999999999996,swap,notBad
10343,4,206.9199999999999,4,206.31999999999996,swap,notBad
10344,4,206.9199999999999,4,206.31999999999996,swap,notBad
10345,4,206.9199999999999,4,206.31999999999996,swap,notBad
10346,4,206.9199999999999,4,206.31999999999996,swap,notBad
10347,4,206.9199999999999,4,206.31999999999996,swap,notBad
10348,4,206.9199999999999,4,206.31999999999996,move,improve
10349,4,206.9199999999999,4,206.31999999999996,swap,notBad
10350,4,206.9199999999999,4,206.31999999999996,swap,notBad
10351,4,206.9199999999999,4,206.31999999999996,swap,notBad
10352,4,206.9199999999999,4,206.31999999999996,2opt,notBad
10353,4,206.9199999999999,4,206.31999999999996,2opt,notBad
10354,4,206.9199999999999,4,206.31999999999996,swap,notBad
10355,4,206.9199999999999,4,206.31999999999996,swap,notBad
10356,4,206.9199999999999,4,206.31999999999996,2opt,notBad
10357,4,206.9199999999999,4,206.31999999999996,move,improve
10358,4,206.9199999999999,4,206.31999999999996,move,improve
10359,4,206.9199999999999,4,206.31999999999996,move,improve
10360,4,206.9199999999999,4,206.31999999999996,move,improve
10361,4,206.9199999999999,4,206.31999999999996,2opt,improve
10362,4,206.9199999999999,4,206.31999999999996,2opt,notBad
10363,4,206.9199999999999,4,206.31999999999996,2opt,notBad
10364,4,206.9199999999999,4,206.31999999999996,swap,notBad
10365,4,206.9199999999999,4,206.31999999999996,swap,notBad
10366,4,206.9199999999999,4,206.31999999999996,2opt,notBad
10367,4,206.9199999999999,4,206.31999999999996,move,improve
10368,4,206.9199999999999,4,206.31999999999996,move,improve
10369,4,206.9199999999999,4,206.31999999999996,move,improve
10370,4,206.9199999999999,4,206.31999999999996,2opt,notBad
10371,4,206.9199999999999,4,206.31999999999996,swap,notBad
10372,4,206.9199999999999,4,206.31999999999996,move,improve
10373,4,206.9199999999999,4,206.31999999999996,swap,notBad
10374,4,206.9199999999999,4,206.31999999999996,swap,notBad
10375,4,206.9199999999999,4,206.31999999999996,move,improve
10376,4,206.9199999999999,4,206.31999999999996,2opt,notBad
10377,4,206.9199999999999,4,206.31999999999996,2opt,improve
10378,4,206.9199999999999,4,206.31999999999996,move,improve
10379,4,206.9199999999999,4,206.31999999999996,2opt,improve
10380,4,206.9199999999999,4,206.31999999999996,swap,notBad
10381,4,206.9199999999999,4,206.31999999999996,swap,notBad
10382,4,206.9199999999999,4,206.31999999999996,swap,notBad
10383,4,206.9199999999999,4,206.31999999999996,move,improve
10384,4,206.9199999999999,4,206.31999999999996,2opt,notBad
10385,4,206.9199999999999,4,206.31999999999996,2opt,notBad
10386,4,206.9199999999999,4,206.31999999999996,2opt,notBad
10387,4,206.9199999999999,4,206.31999999999996,swap,notBad
10388,4,206.9199999999999,4,206.31999999999996,2opt,notBad
10389,4,206.9199999999999,4,206.31999999999996,2opt,notBad
10390,4,206.9199999999999,4,206.31999999999996,2opt,notBad
10391,4,206.9199999999999,4,206.31999999999996,2opt,notBad
10392,4,206.9199999999999,4,206.31999999999996,move,improve
10393,4,206.9199999999999,4,206.31999999999996,move,improve
10394,4,206.9199999999999,4,206.31999999999996,swap,notBad
10395,4,206.9199999999999,4,206.31999999999996,move,improve
10396,4,206.9199999999999,4,206.31999999999996,swap,notBad
10397,4,206.9199999999999,4,206.31999999999996,move,improve
10398,4,206.9199999999999,4,206.31999999999996,move,improve
10399,4,206.9199999999999,4,206.31999999999996,2opt,notBad
10400,4,206.9199999999999,4,206.31999999999996,swap,notBad
10401,4,206.9199999999999,4,206.31999999999996,move,improve
10402,4,206.9199999999999,4,206.31999999999996,move,improve
10403,4,206.9199999999999,4,206.31999999999996,2opt,notBad
10404,4,206.9199999999999,4,206.31999999999996,2opt,notBad
10405,4,206.9199999999999,4,206.31999999999996,2opt,notBad
10406,4,206.9199999999999,4,206.31999999999996,2opt,notBad
10407,4,206.9199999999999,4,206.31999999999996,move,improve
10408,4,206.9199999999999,4,206.31999999999996,2opt,notBad
10409,4,206.9199999999999,4,206.31999999999996,move,improve
10410,4,206.9199999999999,4,206.31999999999996,move,improve
10411,4,206.9199999999999,4,206.31999999999996,swap,notBad
10412,4,206.9199999999999,4,206.31999999999996,2opt,notBad
10413,4,206.9199999999999,4,206.31999999999996,swap,notBad
10414,4,206.9199999999999,4,206.31999999999996,swap,notBad
10415,4,206.9199999999999,4,206.31999999999996,move,improve
10416,4,206.9199999999999,4,206.31999999999996,swap,notBad
10417,4,206.9199999999999,4,206.31999999999996,move,improve
10418,4,206.9199999999999,4,206.31999999999996,move,improve
10419,4,206.9199999999999,4,206.31999999999996,move,improve
10420,4,206.9199999999999,4,206.31999999999996,move,improve
10421,4,206.9199999999999,4,206.31999999999996,move,improve
10422,4,206.9199999999999,4,206.31999999999996,move,improve
10423,4,206.9199999999999,4,206.31999999999996,move,improve
10424,4,206.9199999999999,4,206.31999999999996,swap,notBad
10425,4,206.9199999999999,4,206.31999999999996,swap,notBad
10426,4,206.9199999999999,4,206.31999999999996,move,improve
10427,4,206.9199999999999,4,206.31999999999996,2opt,notBad
10428,4,206.9199999999999,4,206.31999999999996,move,improve
10429,4,206.9199999999999,4,206.31999999999996,2opt,notBad
10430,4,206.9199999999999,4,206.31999999999996,2opt,improve
10431,4,206.9199999999999,4,206.31999999999996,swap,notBad
10432,4,206.9199999999999,4,206.31999999999996,2opt,notBad
10433,4,206.9199999999999,4,206.31999999999996,move,improve
10434,4,206.9199999999999,4,206.31999999999996,swap,notBad
10435,4,206.9199999999999,4,206.31999999999996,2opt,notBad
10436,4,206.9199999999999,4,206.31999999999996,swap,notBad
10437,4,206.9199999999999,4,206.31999999999996,swap,notBad
10438,4,206.9199999999999,4,206.31999999999996,swap,notBad
10439,4,206.9199999999999,4,206.31999999999996,move,improve
10440,4,206.9199999999999,4,206.31999999999996,swap,notBad
10441,4,206.9199999999999,4,206.31999999999996,swap,notBad
10442,4,206.9199999999999,4,206.31999999999996,move,improve
10443,4,206.9199999999999,4,206.31999999999996,move,improve
10444,4,206.9199999999999,4,206.31999999999996,move,improve
10445,4,206.9199999999999,4,206.31999999999996,2opt,notBad
10446,4,206.9199999999999,4,206.31999999999996,swap,notBad
10447,4,206.9199999999999,4,206.31999999999996,swap,notBad
10448,4,206.9199999999999,4,206.31999999999996,swap,notBad
10449,4,206.9199999999999,4,206.31999999999996,swap,notBad
10450,4,206.9199999999999,4,206.31999999999996,swap,notBad
10451,4,206.9199999999999,4,206.31999999999996,2opt,notBad
10452,4,206.9199999999999,4,206.31999999999996,2opt,notBad
10453,4,206.9199999999999,4,206.31999999999996,move,improve
10454,4,206.9199999999999,4,206.31999999999996,2opt,notBad
10455,4,206.9199999999999,4,206.31999999999996,2opt,notBad
10456,4,206.9199999999999,4,206.31999999999996,2opt,notBad
10457,4,206.9199999999999,4,206.31999999999996,2opt,notBad
10458,4,206.9199999999999,4,206.31999999999996,move,improve
10459,4,206.9199999999999,4,206.31999999999996,move,improve
10460,4,206.9199999999999,4,206.31999999999996,2opt,notBad
10461,4,206.9199999999999,4,206.31999999999996,2opt,notBad
10462,4,206.9199999999999,4,206.31999999999996,move,improve
10463,4,206.9199999999999,4,206.31999999999996,move,improve
10464,4,206.9199999999999,4,206.31999999999996,move,improve
10465,4,206.9199999999999,4,206.31999999999996,swap,notBad
10466,4,206.9199999999999,4,206.31999999999996,2opt,notBad
10467,4,206.9199999999999,4,206.31999999999996,move,improve
10468,4,206.9199999999999,4,206.31999999999996,move,improve
10469,4,206.9199999999999,4,206.31999999999996,swap,notBad
10470,4,206.9199999999999,4,206.31999999999996,swap,notBad
10471,4,206.9199999999999,4,206.31999999999996,2opt,notBad
10472,4,206.9199999999999,4,206.31999999999996,2opt,notBad
10473,4,206.9199999999999,4,206.31999999999996,swap,notBad
10474,4,206.9199999999999,4,206.31999999999996,swap,notBad
10475,4,206.9199999999999,4,206.31999999999996,2opt,improve
10476,4,206.9199999999999,4,206.31999999999996,swap,notBad
10477,4,206.9199999999999,4,206.31999999999996,move,improve
10478,4,206.9199999999999,4,206.31999999999996,2opt,notBad
10479,4,206.9199999999999,4,206.31999999999996,move,improve
10480,4,206.9199999999999,4,206.31999999999996,move,improve
10481,4,206.9199999999999,4,206.31999999999996,move,improve
10482,4,206.9199999999999,4,206.31999999999996,swap,notBad
10483,4,206.9199999999999,4,206.31999999999996,swap,notBad
10484,4,206.9199999999999,4,206.31999999999996,swap,notBad
10485,4,206.9199999999999,4,206.31999999999996,swap,notBad
10486,4,206.9199999999999,4,206.31999999999996,move,notBad
10487,4,206.9199999999999,4,206.31999999999996,2opt,notBad
10488,4,206.9199999999999,4,206.31999999999996,2opt,notBad
10489,4,206.9199999999999,4,206.31999999999996,move,improve
10490,4,206.9199999999999,4,206.31999999999996,2opt,notBad
10491,4,206.9199999999999,4,206.31999999999996,swap,notBad
10492,4,206.9199999999999,4,206.31999999999996,swap,notBad
10493,4,206.9199999999999,4,206.31999999999996,move,improve
10494,4,206.9199999999999,4,206.31999999999996,swap,notBad
10495,4,206.9199999999999,4,206.31999999999996,move,notBad
10496,4,206.9199999999999,4,206.31999999999996,2opt,notBad
10497,4,206.9199999999999,4,206.31999999999996,move,improve
10498,4,206.9199999999999,4,206.31999999999996,move,improve
10499,4,206.9199999999999,4,206.31999999999996,swap,notBad
10500,4,206.9199999999999,4,206.31999999999996,move,improve
10501,4,206.9199999999999,4,206.31999999999996,2opt,improve
10502,4,206.9199999999999,4,206.31999999999996,2opt,notBad
10503,4,206.9199999999999,4,206.31999999999996,move,improve
10504,4,206.9199999999999,4,206.31999999999996,swap,notBad
10505,4,206.9199999999999,4,206.31999999999996,2opt,notBad
10506,4,206.9199999999999,4,206.31999999999996,swap,notBad
10507,4,206.9199999999999,4,206.31999999999996,swap,notBad
10508,4,206.9199999999999,4,206.31999999999996,2opt,notBad
10509,4,206.9199999999999,4,206.31999999999996,swap,notBad
10510,4,206.9199999999999,4,206.31999999999996,2opt,notBad
10511,4,206.9199999999999,4,206.31999999999996,swap,notBad
10512,4,206.9199999999999,4,206.31999999999996,2opt,improve
10513,4,206.9199999999999,4,206.31999999999996,2opt,notBad
10514,4,206.9199999999999,4,206.31999999999996,2opt,notBad
10515,4,206.9199999999999,4,206.31999999999996,move,improve
10516,4,206.9199999999999,4,206.31999999999996,move,improve
10517,4,206.9199999999999,4,206.31999999999996,swap,notBad
10518,4,206.9199999999999,4,206.31999999999996,2opt,notBad
10519,4,206.9199999999999,4,206.31999999999996,2opt,notBad
10520,4,206.9199999999999,4,206.31999999999996,2opt,notBad
10521,4,206.9199999999999,4,206.31999999999996,move,improve
10522,4,206.9199999999999,4,206.31999999999996,move,improve
10523,4,206.9199999999999,4,206.31999999999996,swap,notBad
10524,4,206.9199999999999,4,206.31999999999996,move,improve
10525,4,206.9199999999999,4,206.31999999999996,swap,notBad
10526,4,206.9199999999999,4,206.31999999999996,move,improve
10527,4,206.9199999999999,4,206.31999999999996,move,improve
10528,4,206.9199999999999,4,206.31999999999996,swap,notBad
10529,4,206.9199999999999,4,206.31999999999996,move,improve
