i,vehi,obj,vehiBest,objBest,loFunc,note
1,6,1191.7999999999988,5,162.19999999999914,2opt,acceptBad
2,6,800.2999999999993,5,162.19999999999914,move,improve
3,6,789.7999999999997,5,162.19999999999914,swap,improve
4,6,822.8000000000001,5,162.19999999999914,swap,acceptBad
5,6,822.8000000000001,5,162.19999999999914,2opt,improve
6,6,820.5000000000001,5,162.19999999999914,swap,improve
7,6,408.09999999999945,5,162.19999999999914,2opt,improve
8,6,343.7999999999994,5,162.19999999999914,move,improve
9,6,310.9999999999993,5,162.19999999999914,swap,improve
10,7,5725.5999999999985,5,162.19999999999914,2opt,acceptBad
11,8,7481.999999999998,5,162.19999999999914,2opt,acceptBad
12,8,7150.9,5,162.19999999999914,move,improve
13,8,7150.9,5,162.19999999999914,swap,improve
14,8,7150.9,5,162.19999999999914,swap,improve
15,8,4388.0,5,162.19999999999914,move,improve
16,8,4159.0,5,162.19999999999914,move,improve
17,8,4159.0,5,162.19999999999914,move,improve
18,8,4159.0,5,162.19999999999914,swap,improve
19,9,5380.6,5,162.19999999999914,2opt,acceptBad
20,9,5380.6,5,162.19999999999914,2opt,improve
21,9,5281.8,5,162.19999999999914,swap,improve
22,9,5381.599999999999,5,162.19999999999914,swap,acceptBad
23,9,4747.000000000002,5,162.19999999999914,move,improve
24,9,2432.6000000000004,5,162.19999999999914,2opt,improve
25,9,2402.000000000001,5,162.19999999999914,2opt,improve
26,9,2402.000000000001,5,162.19999999999914,swap,improve
27,9,2502.2000000000007,5,162.19999999999914,swap,acceptBad
28,9,2223.1999999999994,5,162.19999999999914,2opt,improve
29,9,2995.199999999999,5,162.19999999999914,2opt,acceptBad
30,9,3167.199999999999,5,162.19999999999914,2opt,acceptBad
31,9,2320.7999999999993,5,162.19999999999914,2opt,improve
32,9,2495.9999999999995,5,162.19999999999914,swap,acceptBad
33,9,2495.9999999999995,5,162.19999999999914,2opt,improve
34,9,2488.7999999999997,5,162.19999999999914,move,improve
35,9,2488.7999999999997,5,162.19999999999914,move,improve
36,9,2786.1999999999994,5,162.19999999999914,swap,acceptBad
37,9,2786.1999999999994,5,162.19999999999914,swap,improve
38,9,2786.1999999999994,5,162.19999999999914,swap,improve
39,9,2786.199999999999,5,162.19999999999914,2opt,improve
40,9,2786.199999999999,5,162.19999999999914,move,improve
41,9,2525.199999999999,5,162.19999999999914,move,improve
42,9,2532.3999999999996,5,162.19999999999914,2opt,acceptBad
43,10,6639.799999999999,5,162.19999999999914,2opt,acceptBad
44,10,6225.599999999997,5,162.19999999999914,2opt,improve
45,10,5979.700000000001,5,162.19999999999914,2opt,improve
46,10,5996.799999999998,5,162.19999999999914,2opt,acceptBad
47,10,5994.799999999999,5,162.19999999999914,swap,improve
48,11,8455.399999999998,5,162.19999999999914,2opt,acceptBad
49,11,8726.799999999997,5,162.19999999999914,2opt,acceptBad
50,11,8726.8,5,162.19999999999914,2opt,acceptBad
51,11,8771.599999999999,5,162.19999999999914,swap,acceptBad
52,11,9243.8,5,162.19999999999914,2opt,acceptBad
53,11,6617.800000000001,5,162.19999999999914,move,improve
54,11,5758.799999999997,5,162.19999999999914,move,improve
55,11,5917.4,5,162.19999999999914,swap,acceptBad
56,11,5917.4,5,162.19999999999914,swap,improve
57,11,5917.4,5,162.19999999999914,2opt,improve
58,11,5917.399999999999,5,162.19999999999914,2opt,improve
59,11,4962.400000000001,5,162.19999999999914,move,improve
60,11,4962.4,5,162.19999999999914,2opt,improve
61,11,12726.8,5,162.19999999999914,2opt,acceptBad
62,11,12857.2,5,162.19999999999914,swap,acceptBad
63,11,12809.2,5,162.19999999999914,swap,improve
64,11,12319.2,5,162.19999999999914,move,improve
65,11,12319.199999999997,5,162.19999999999914,2opt,improve
66,11,12319.199999999997,5,162.19999999999914,2opt,improve
67,11,11703.2,5,162.19999999999914,move,improve
68,11,11703.199999999999,5,162.19999999999914,2opt,improve
69,11,11306.200000000003,5,162.19999999999914,move,improve
70,11,11397.999999999998,5,162.19999999999914,swap,acceptBad
71,11,11607.4,5,162.19999999999914,swap,acceptBad
72,11,11011.4,5,162.19999999999914,move,improve
73,11,9963.4,5,162.19999999999914,move,improve
74,11,7869.4000000000015,5,162.19999999999914,swap,improve
75,11,7869.4,5,162.19999999999914,2opt,improve
76,11,8624.400000000001,5,162.19999999999914,swap,acceptBad
77,11,8265.400000000001,5,162.19999999999914,move,improve
78,11,8265.400000000001,5,162.19999999999914,swap,improve
79,11,8728.400000000001,5,162.19999999999914,swap,acceptBad
80,11,6820.400000000003,5,162.19999999999914,move,improve
81,11,6820.4000000000015,5,162.19999999999914,2opt,improve
82,11,6516.600000000002,5,162.19999999999914,move,improve
83,11,6516.600000000002,5,162.19999999999914,swap,improve
84,11,6019.200000000003,5,162.19999999999914,move,improve
85,11,5812.200000000003,5,162.19999999999914,move,improve
86,11,5812.200000000003,5,162.19999999999914,swap,improve
87,11,5812.200000000003,5,162.19999999999914,move,improve
88,11,5872.200000000003,5,162.19999999999914,swap,acceptBad
89,11,5872.200000000003,5,162.19999999999914,move,improve
90,12,9629.200000000003,5,162.19999999999914,2opt,acceptBad
91,12,8882.7,5,162.19999999999914,move,improve
92,12,8882.7,5,162.19999999999914,swap,improve
93,12,9057.400000000001,5,162.19999999999914,swap,acceptBad
94,12,8596.500000000004,5,162.19999999999914,move,improve
95,12,8596.500000000004,5,162.19999999999914,move,improve
96,12,8168.400000000003,5,162.19999999999914,move,improve
97,12,8168.400000000004,5,162.19999999999914,2opt,acceptBad
98,12,8168.400000000004,5,162.19999999999914,2opt,improve
99,12,8273.7,5,162.19999999999914,swap,acceptBad
100,12,8273.7,5,162.19999999999914,move,improve
101,12,7964.800000000001,5,162.19999999999914,move,improve
102,12,7462.200000000001,5,162.19999999999914,move,improve
103,12,7462.200000000001,5,162.19999999999914,move,improve
104,12,7462.200000000001,5,162.19999999999914,swap,improve
105,12,7462.199999999998,5,162.19999999999914,2opt,improve
106,12,5482.399999999999,5,162.19999999999914,move,improve
107,12,4965.999999999999,5,162.19999999999914,move,improve
108,12,6664.299999999998,5,162.19999999999914,swap,acceptBad
109,12,5494.299999999998,5,162.19999999999914,move,improve
110,12,5147.499999999999,5,162.19999999999914,2opt,improve
111,12,5147.499999999997,5,162.19999999999914,2opt,improve
112,12,5911.599999999999,5,162.19999999999914,2opt,acceptBad
113,12,5756.500000000001,5,162.19999999999914,move,improve
114,12,4861.4,5,162.19999999999914,move,improve
115,12,8094.800000000001,5,162.19999999999914,2opt,acceptBad
116,12,8094.799999999998,5,162.19999999999914,2opt,improve
117,12,7913.299999999998,5,162.19999999999914,swap,improve
118,12,7025.6,5,162.19999999999914,2opt,improve
119,12,7032.0999999999985,5,162.19999999999914,2opt,acceptBad
120,12,7032.0999999999985,5,162.19999999999914,2opt,improve
121,12,8414.199999999999,5,162.19999999999914,2opt,acceptBad
122,12,8414.199999999999,5,162.19999999999914,move,improve
123,12,6890.200000000003,5,162.19999999999914,move,improve
124,12,6998.7,5,162.19999999999914,2opt,acceptBad
125,12,7157.999999999999,5,162.19999999999914,swap,acceptBad
126,12,7158.0,5,162.19999999999914,2opt,acceptBad
127,12,7451.199999999999,5,162.19999999999914,swap,acceptBad
128,12,7478.199999999999,5,162.19999999999914,swap,acceptBad
129,12,7478.199999999999,5,162.19999999999914,swap,improve
130,12,7478.199999999999,5,162.19999999999914,move,improve
131,12,7066.8,5,162.19999999999914,move,improve
132,12,7066.199999999996,5,162.19999999999914,move,improve
133,12,7066.199999999997,5,162.19999999999914,2opt,acceptBad
134,12,6788.1,5,162.19999999999914,move,improve
135,12,6927.5,5,162.19999999999914,swap,acceptBad
136,12,6888.200000000001,5,162.19999999999914,2opt,improve
137,12,7054.799999999998,5,162.19999999999914,swap,acceptBad
138,12,7054.799999999998,5,162.19999999999914,swap,improve
139,12,7054.799999999998,5,162.19999999999914,2opt,improve
140,12,5737.899999999997,5,162.19999999999914,move,improve
141,12,5709.999999999997,5,162.19999999999914,swap,improve
142,12,5152.799999999997,5,162.19999999999914,move,improve
143,12,4894.6,5,162.19999999999914,swap,improve
144,12,4894.6,5,162.19999999999914,swap,improve
145,12,4894.5999999999985,5,162.19999999999914,2opt,improve
146,12,4857.499999999998,5,162.19999999999914,swap,improve
147,13,14109.4,5,162.19999999999914,2opt,acceptBad
148,13,14109.4,5,162.19999999999914,swap,improve
149,13,14233.800000000001,5,162.19999999999914,swap,acceptBad
150,13,10942.199999999999,5,162.19999999999914,move,improve
151,13,11557.000000000002,5,162.19999999999914,2opt,acceptBad
152,13,13111.600000000004,5,162.19999999999914,2opt,acceptBad
153,13,12463.199999999999,5,162.19999999999914,move,improve
154,13,12463.199999999999,5,162.19999999999914,2opt,improve
155,13,15129.6,5,162.19999999999914,2opt,acceptBad
156,13,15765.999999999998,5,162.19999999999914,swap,acceptBad
157,13,16019.599999999999,5,162.19999999999914,2opt,acceptBad
158,13,15202.599999999999,5,162.19999999999914,move,improve
159,13,15202.599999999999,5,162.19999999999914,swap,improve
160,13,14984.6,5,162.19999999999914,swap,improve
161,13,14568.2,5,162.19999999999914,move,improve
162,13,13877.000000000004,5,162.19999999999914,move,improve
163,13,13337.000000000002,5,162.19999999999914,move,improve
164,13,13337.000000000002,5,162.19999999999914,2opt,improve
165,13,11380.6,5,162.19999999999914,move,improve
166,13,9917.8,5,162.19999999999914,2opt,improve
167,13,9271.199999999997,5,162.19999999999914,move,improve
168,13,9271.199999999995,5,162.19999999999914,2opt,improve
169,13,10249.6,5,162.19999999999914,2opt,acceptBad
170,13,10251.599999999997,5,162.19999999999914,swap,acceptBad
171,13,10251.599999999997,5,162.19999999999914,swap,improve
172,13,12914.199999999999,5,162.19999999999914,swap,acceptBad
173,13,13030.800000000001,5,162.19999999999914,2opt,acceptBad
174,13,11812.800000000001,5,162.19999999999914,move,improve
175,13,11812.800000000001,5,162.19999999999914,swap,improve
176,13,10337.4,5,162.19999999999914,2opt,improve
177,13,10337.4,5,162.19999999999914,swap,improve
178,14,15257.299999999996,5,162.19999999999914,2opt,acceptBad
179,14,14976.499999999996,5,162.19999999999914,swap,improve
180,14,14979.399999999998,5,162.19999999999914,swap,acceptBad
181,14,14979.399999999998,5,162.19999999999914,2opt,improve
182,14,14846.4,5,162.19999999999914,move,improve
183,14,14512.499999999998,5,162.19999999999914,2opt,improve
184,14,14317.499999999998,5,162.19999999999914,move,improve
185,14,14333.599999999997,5,162.19999999999914,swap,acceptBad
186,14,15473.899999999998,5,162.19999999999914,swap,acceptBad
187,14,15473.899999999998,5,162.19999999999914,2opt,notBad
188,14,14633.900000000001,5,162.19999999999914,swap,improve
189,14,13756.000000000004,5,162.19999999999914,move,improve
190,14,13588.000000000002,5,162.19999999999914,2opt,improve
191,14,13506.6,5,162.19999999999914,2opt,improve
192,14,13898.9,5,162.19999999999914,swap,acceptBad
193,14,13898.9,5,162.19999999999914,2opt,improve
194,14,10108.900000000003,5,162.19999999999914,move,improve
195,14,10141.4,5,162.19999999999914,swap,acceptBad
196,14,10141.4,5,162.19999999999914,swap,improve
197,14,10141.4,5,162.19999999999914,swap,improve
198,14,10141.4,5,162.19999999999914,2opt,improve
199,14,10141.4,5,162.19999999999914,swap,improve
200,14,10104.3,5,162.19999999999914,swap,improve
201,14,10104.3,5,162.19999999999914,swap,improve
202,15,18385.000000000004,5,162.19999999999914,2opt,acceptBad
203,15,18834.800000000007,5,162.19999999999914,swap,acceptBad
204,15,18730.40000000001,5,162.19999999999914,swap,improve
205,15,15767.000000000004,5,162.19999999999914,move,improve
206,15,15767.000000000004,5,162.19999999999914,swap,improve
207,15,15767.000000000004,5,162.19999999999914,2opt,improve
208,15,19257.800000000003,5,162.19999999999914,2opt,acceptBad
209,15,16635.200000000008,5,162.19999999999914,2opt,improve
210,15,16564.000000000004,5,162.19999999999914,move,improve
211,16,27226.8,5,162.19999999999914,2opt,acceptBad
212,16,20876.000000000004,5,162.19999999999914,move,improve
213,16,20354.600000000006,5,162.19999999999914,move,improve
214,16,20354.600000000006,5,162.19999999999914,2opt,improve
215,16,19727.600000000006,5,162.19999999999914,move,improve
216,16,19450.699999999997,5,162.19999999999914,2opt,improve
217,16,19767.6,5,162.19999999999914,swap,acceptBad
218,16,19767.6,5,162.19999999999914,swap,improve
219,16,19228.1,5,162.19999999999914,move,improve
220,16,19228.1,5,162.19999999999914,move,improve
221,16,18347.1,5,162.19999999999914,move,improve
222,16,18329.999999999996,5,162.19999999999914,swap,improve
223,16,16079.60000000001,5,162.19999999999914,move,improve
224,16,15329.100000000008,5,162.19999999999914,move,improve
225,16,15329.100000000008,5,162.19999999999914,move,improve
226,16,15329.100000000006,5,162.19999999999914,2opt,improve
227,16,15329.100000000006,5,162.19999999999914,2opt,improve
228,16,15266.700000000004,5,162.19999999999914,move,improve
229,16,14735.500000000005,5,162.19999999999914,move,improve
230,16,14642.2,5,162.19999999999914,swap,improve
231,16,14642.2,5,162.19999999999914,swap,improve
232,16,14642.2,5,162.19999999999914,move,improve
233,16,13473.300000000005,5,162.19999999999914,swap,improve
234,17,25322.2,5,162.19999999999914,2opt,acceptBad
235,17,29901.999999999996,5,162.19999999999914,2opt,acceptBad
236,17,30348.39999999999,5,162.19999999999914,swap,acceptBad
237,17,29599.399999999998,5,162.19999999999914,swap,improve
238,17,21499.000000000007,5,162.19999999999914,move,improve
239,17,20809.000000000007,5,162.19999999999914,move,improve
240,17,19698.8,5,162.19999999999914,move,improve
241,17,21257.000000000007,5,162.19999999999914,2opt,acceptBad
242,17,21701.200000000004,5,162.19999999999914,swap,acceptBad
243,17,20164.6,5,162.19999999999914,2opt,improve
244,17,17419.0,5,162.19999999999914,swap,improve
245,17,17393.000000000004,5,162.19999999999914,swap,improve
246,17,16372.0,5,162.19999999999914,2opt,improve
247,17,15593.599999999995,5,162.19999999999914,move,improve
248,17,15593.599999999995,5,162.19999999999914,move,improve
249,17,20464.599999999995,5,162.19999999999914,2opt,acceptBad
250,17,20403.999999999996,5,162.19999999999914,swap,improve
251,17,19026.0,5,162.19999999999914,move,improve
252,17,16760.399999999994,5,162.19999999999914,move,improve
253,17,15614.59999999999,5,162.19999999999914,move,improve
254,17,15614.599999999993,5,162.19999999999914,2opt,acceptBad
255,17,15887.399999999992,5,162.19999999999914,swap,acceptBad
256,17,19884.199999999997,5,162.19999999999914,swap,acceptBad
257,17,19469.800000000007,5,162.19999999999914,swap,improve
258,17,19469.800000000003,5,162.19999999999914,2opt,improve
259,17,25526.600000000002,5,162.19999999999914,swap,acceptBad
260,17,26573.60000000001,5,162.19999999999914,swap,acceptBad
261,17,25882.80000000001,5,162.19999999999914,move,improve
262,17,25866.800000000003,5,162.19999999999914,2opt,improve
263,17,26370.800000000017,5,162.19999999999914,2opt,acceptBad
264,17,25543.200000000033,5,162.19999999999914,2opt,improve
265,17,31218.800000000025,5,162.19999999999914,2opt,acceptBad
266,17,31218.80000000002,5,162.19999999999914,2opt,improve
267,17,26540.20000000001,5,162.19999999999914,2opt,improve
268,17,25227.80000000001,5,162.19999999999914,move,improve
269,17,25234.800000000007,5,162.19999999999914,swap,acceptBad
270,17,25234.80000000001,5,162.19999999999914,2opt,acceptBad
271,17,19169.600000000013,5,162.19999999999914,move,improve
272,17,19169.600000000013,5,162.19999999999914,move,improve
273,17,24305.80000000001,5,162.19999999999914,2opt,acceptBad
274,17,25336.60000000001,5,162.19999999999914,swap,acceptBad
275,17,23418.20000000001,5,162.19999999999914,move,improve
276,17,21847.80000000001,5,162.19999999999914,move,improve
277,17,23313.200000000008,5,162.19999999999914,2opt,acceptBad
278,17,23313.200000000008,5,162.19999999999914,move,improve
279,17,19663.20000000001,5,162.19999999999914,move,improve
280,17,19412.200000000015,5,162.19999999999914,move,improve
281,17,18698.600000000013,5,162.19999999999914,move,improve
282,17,17952.80000000001,5,162.19999999999914,move,improve
283,17,17966.40000000001,5,162.19999999999914,swap,acceptBad
284,18,30641.000000000015,5,162.19999999999914,2opt,acceptBad
285,18,31142.900000000005,5,162.19999999999914,2opt,acceptBad
286,18,29981.9,5,162.19999999999914,move,improve
287,18,29267.90000000001,5,162.19999999999914,move,improve
288,18,29267.900000000005,5,162.19999999999914,2opt,improve
289,18,23814.5,5,162.19999999999914,2opt,improve
290,18,23785.999999999996,5,162.19999999999914,move,improve
291,18,23786.000000000004,5,162.19999999999914,2opt,acceptBad
292,18,25428.199999999997,5,162.19999999999914,swap,acceptBad
293,18,25409.899999999994,5,162.19999999999914,2opt,improve
294,18,25333.6,5,162.19999999999914,swap,improve
295,18,23030.4,5,162.19999999999914,move,improve
296,18,23072.399999999998,5,162.19999999999914,swap,acceptBad
297,18,22100.799999999992,5,162.19999999999914,move,improve
298,18,22070.299999999992,5,162.19999999999914,swap,improve
299,18,22067.79999999999,5,162.19999999999914,swap,improve
300,18,22062.399999999994,5,162.19999999999914,move,improve
301,18,21948.399999999994,5,162.19999999999914,move,improve
302,18,21948.399999999994,5,162.19999999999914,2opt,improve
303,18,21389.599999999995,5,162.19999999999914,move,improve
304,18,21153.299999999992,5,162.19999999999914,swap,improve
305,18,21153.299999999992,5,162.19999999999914,move,improve
306,18,19243.699999999983,5,162.19999999999914,move,improve
307,18,19243.699999999983,5,162.19999999999914,move,improve
308,18,19625.29999999999,5,162.19999999999914,swap,acceptBad
309,18,18957.69999999999,5,162.19999999999914,swap,improve
310,18,18957.69999999999,5,162.19999999999914,swap,improve
311,18,18238.599999999988,5,162.19999999999914,swap,improve
312,18,18404.299999999992,5,162.19999999999914,swap,acceptBad
313,18,18415.79999999999,5,162.19999999999914,swap,acceptBad
314,18,20584.7,5,162.19999999999914,2opt,acceptBad
315,18,20584.7,5,162.19999999999914,swap,improve
316,18,20407.8,5,162.19999999999914,swap,improve
317,18,20407.8,5,162.19999999999914,move,improve
318,18,20273.199999999986,5,162.19999999999914,move,improve
319,18,20273.19999999997,5,162.19999999999914,2opt,improve
320,18,20814.99999999998,5,162.19999999999914,2opt,acceptBad
321,18,20655.99999999998,5,162.19999999999914,2opt,improve
322,19,28353.799999999985,5,162.19999999999914,2opt,acceptBad
323,19,28353.799999999992,5,162.19999999999914,2opt,acceptBad
324,19,28353.799999999992,5,162.19999999999914,move,improve
325,19,29439.8,5,162.19999999999914,2opt,acceptBad
326,19,27675.8,5,162.19999999999914,move,improve
327,19,26338.000000000007,5,162.19999999999914,move,improve
328,19,26338.000000000007,5,162.19999999999914,move,improve
329,19,26127.000000000015,5,162.19999999999914,swap,improve
330,19,26127.000000000015,5,162.19999999999914,2opt,improve
331,19,23719.00000000001,5,162.19999999999914,move,improve
332,19,23719.00000000001,5,162.19999999999914,move,improve
333,19,23719.00000000001,5,162.19999999999914,move,improve
334,19,23275.799999999992,5,162.19999999999914,2opt,improve
335,19,23275.799999999992,5,162.19999999999914,2opt,improve
336,19,22262.79999999999,5,162.19999999999914,move,improve
337,19,21653.59999999999,5,162.19999999999914,move,improve
338,19,27186.799999999996,5,162.19999999999914,2opt,acceptBad
339,19,27186.799999999996,5,162.19999999999914,2opt,improve
340,19,26908.59999999999,5,162.19999999999914,swap,improve
341,19,26742.59999999999,5,162.19999999999914,move,improve
342,19,26045.79999999999,5,162.19999999999914,move,improve
343,19,26045.79999999999,5,162.19999999999914,move,improve
344,19,28360.199999999993,5,162.19999999999914,2opt,acceptBad
345,19,28360.199999999993,5,162.19999999999914,swap,improve
346,19,29553.39999999999,5,162.19999999999914,swap,acceptBad
347,19,29553.39999999999,5,162.19999999999914,swap,improve
348,19,31750.199999999983,5,162.19999999999914,swap,acceptBad
349,19,28207.799999999992,5,162.19999999999914,move,improve
350,19,26873.399999999998,5,162.19999999999914,move,improve
351,19,26079.6,5,162.19999999999914,move,improve
352,19,26186.999999999996,5,162.19999999999914,2opt,acceptBad
353,19,25006.99999999999,5,162.19999999999914,move,improve
354,19,24250.99999999999,5,162.19999999999914,move,improve
355,19,24733.39999999999,5,162.19999999999914,2opt,acceptBad
356,19,23824.39999999999,5,162.19999999999914,move,improve
357,19,24392.39999999999,5,162.19999999999914,swap,acceptBad
358,19,23065.199999999993,5,162.19999999999914,move,improve
359,19,19876.400000000005,5,162.19999999999914,move,improve
360,19,22270.599999999995,5,162.19999999999914,2opt,acceptBad
361,19,21360.199999999997,5,162.19999999999914,move,improve
362,19,21360.199999999997,5,162.19999999999914,move,improve
363,19,21360.2,5,162.19999999999914,2opt,acceptBad
364,19,21433.400000000005,5,162.19999999999914,swap,acceptBad
365,19,21798.4,5,162.19999999999914,swap,acceptBad
366,19,21798.4,5,162.19999999999914,swap,improve
367,19,21289.000000000004,5,162.19999999999914,move,improve
368,19,23223.40000000001,5,162.19999999999914,swap,acceptBad
369,19,23223.40000000001,5,162.19999999999914,2opt,improve
370,19,23223.40000000001,5,162.19999999999914,move,improve
371,19,28500.200000000008,5,162.19999999999914,swap,acceptBad
372,19,28500.200000000008,5,162.19999999999914,move,improve
373,19,24996.60000000001,5,162.19999999999914,move,improve
374,19,24996.60000000001,5,162.19999999999914,2opt,improve
375,19,24996.60000000001,5,162.19999999999914,swap,improve
376,19,24399.800000000017,5,162.19999999999914,swap,improve
377,19,23538.600000000017,5,162.19999999999914,move,improve
378,19,23538.600000000017,5,162.19999999999914,2opt,improve
379,19,23388.2,5,162.19999999999914,2opt,improve
380,19,22359.399999999998,5,162.19999999999914,move,improve
381,19,22359.400000000016,5,162.19999999999914,2opt,acceptBad
382,19,28313.600000000013,5,162.19999999999914,2opt,acceptBad
383,19,28313.600000000013,5,162.19999999999914,swap,improve
384,19,23117.800000000014,5,162.19999999999914,swap,improve
385,19,23117.800000000014,5,162.19999999999914,swap,improve
386,19,25015.600000000006,5,162.19999999999914,2opt,acceptBad
387,19,25015.600000000006,5,162.19999999999914,swap,improve
388,19,25015.600000000006,5,162.19999999999914,2opt,improve
389,19,25015.6,5,162.19999999999914,2opt,improve
390,19,34443.99999999999,5,162.19999999999914,2opt,acceptBad
391,19,34153.99999999999,5,162.19999999999914,move,improve
392,19,35710.40000000001,5,162.19999999999914,swap,acceptBad
393,19,32526.2,5,162.19999999999914,move,improve
394,19,32401.600000000013,5,162.19999999999914,swap,improve
395,19,32401.600000000013,5,162.19999999999914,move,improve
396,19,31107.400000000012,5,162.19999999999914,move,improve
397,19,31107.400000000012,5,162.19999999999914,move,improve
398,19,31107.400000000012,5,162.19999999999914,2opt,improve
399,19,30814.800000000014,5,162.19999999999914,move,improve
400,19,32145.400000000012,5,162.19999999999914,2opt,acceptBad
401,19,31884.800000000014,5,162.19999999999914,2opt,improve
402,19,31884.800000000014,5,162.19999999999914,swap,improve
403,19,31884.800000000014,5,162.19999999999914,move,improve
404,19,38138.00000000002,5,162.19999999999914,2opt,acceptBad
405,19,37429.400000000016,5,162.19999999999914,swap,improve
406,19,37429.400000000016,5,162.19999999999914,swap,improve
407,19,36733.40000000002,5,162.19999999999914,move,improve
408,19,36733.40000000001,5,162.19999999999914,2opt,improve
409,19,35978.200000000004,5,162.19999999999914,move,improve
410,19,37956.4,5,162.19999999999914,2opt,acceptBad
411,19,32835.40000000001,5,162.19999999999914,move,improve
412,19,32000.20000000002,5,162.19999999999914,move,improve
413,19,32585.20000000002,5,162.19999999999914,swap,acceptBad
414,19,31334.000000000007,5,162.19999999999914,move,improve
415,19,40684.799999999996,5,162.19999999999914,swap,acceptBad
416,19,44697.400000000016,5,162.19999999999914,swap,acceptBad
417,19,38713.60000000001,5,162.19999999999914,move,improve
418,19,34135.20000000002,5,162.19999999999914,move,improve
419,19,32825.00000000001,5,162.19999999999914,2opt,improve
420,19,31937.200000000015,5,162.19999999999914,2opt,improve
421,19,31937.200000000015,5,162.19999999999914,swap,improve
422,19,30659.40000000001,5,162.19999999999914,move,improve
423,19,30519.00000000002,5,162.19999999999914,swap,improve
424,19,29125.60000000002,5,162.19999999999914,swap,improve
425,19,29125.600000000024,5,162.19999999999914,2opt,acceptBad
426,19,29125.600000000024,5,162.19999999999914,2opt,improve
427,19,29484.00000000001,5,162.19999999999914,swap,acceptBad
428,19,28464.600000000013,5,162.19999999999914,move,improve
429,19,28241.800000000017,5,162.19999999999914,2opt,improve
430,19,28241.800000000007,5,162.19999999999914,2opt,improve
431,19,28596.40000000001,5,162.19999999999914,swap,acceptBad
432,19,27874.40000000001,5,162.19999999999914,move,improve
433,19,27874.40000000001,5,162.19999999999914,2opt,improve
434,19,32120.400000000012,5,162.19999999999914,swap,acceptBad
435,19,33207.60000000001,5,162.19999999999914,swap,acceptBad
436,19,33207.60000000001,5,162.19999999999914,swap,improve
437,19,33075.000000000015,5,162.19999999999914,move,improve
438,19,33075.00000000001,5,162.19999999999914,2opt,improve
439,19,33459.20000000001,5,162.19999999999914,2opt,acceptBad
440,19,30595.200000000008,5,162.19999999999914,swap,improve
441,19,30664.8,5,162.19999999999914,swap,acceptBad
442,19,38759.600000000006,5,162.19999999999914,2opt,acceptBad
443,19,37787.39999999998,5,162.19999999999914,2opt,improve
444,19,37787.39999999998,5,162.19999999999914,swap,improve
445,19,30695.20000000001,5,162.19999999999914,move,improve
446,19,29000.000000000007,5,162.19999999999914,move,improve
447,19,29000.000000000007,5,162.19999999999914,swap,improve
448,19,29000.000000000007,5,162.19999999999914,2opt,improve
449,19,23429.4,5,162.19999999999914,move,improve
450,19,23776.000000000004,5,162.19999999999914,swap,acceptBad
451,19,22593.39999999999,5,162.19999999999914,move,improve
452,19,22593.400000000016,5,162.19999999999914,2opt,acceptBad
453,19,21920.000000000015,5,162.19999999999914,move,improve
454,19,21164.000000000007,5,162.19999999999914,move,improve
455,19,20808.4,5,162.19999999999914,swap,improve
456,19,20973.600000000006,5,162.19999999999914,swap,acceptBad
457,19,20648.2,5,162.19999999999914,move,improve
458,19,20208.8,5,162.19999999999914,move,improve
459,19,20154.000000000004,5,162.19999999999914,move,improve
460,19,27144.800000000003,5,162.19999999999914,2opt,acceptBad
461,19,27144.8,5,162.19999999999914,2opt,improve
462,19,26692.60000000002,5,162.19999999999914,move,improve
463,20,33677.90000000002,5,162.19999999999914,2opt,acceptBad
464,20,33677.90000000002,5,162.19999999999914,2opt,notBad
465,20,33677.90000000002,5,162.19999999999914,swap,improve
466,20,34420.30000000002,5,162.19999999999914,swap,acceptBad
467,20,34420.299999999996,5,162.19999999999914,2opt,improve
468,20,26476.000000000007,5,162.19999999999914,move,improve
469,20,26113.000000000007,5,162.19999999999914,move,improve
470,20,25774.500000000007,5,162.19999999999914,move,improve
471,20,25428.000000000007,5,162.19999999999914,2opt,improve
472,20,25428.000000000007,5,162.19999999999914,swap,improve
473,20,25198.499999999993,5,162.19999999999914,2opt,improve
474,20,23948.599999999988,5,162.19999999999914,move,improve
475,20,23046.89999999999,5,162.19999999999914,move,improve
476,20,28998.199999999975,5,162.19999999999914,2opt,acceptBad
477,20,28998.799999999974,5,162.19999999999914,2opt,acceptBad
478,20,36586.39999999998,5,162.19999999999914,swap,acceptBad
479,20,32082.099999999984,5,162.19999999999914,move,improve
480,20,31904.99999999998,5,162.19999999999914,swap,improve
481,20,31904.99999999998,5,162.19999999999914,move,improve
482,20,31904.999999999985,5,162.19999999999914,2opt,acceptBad
483,20,28996.599999999984,5,162.19999999999914,move,improve
484,20,33216.49999999999,5,162.19999999999914,2opt,acceptBad
485,20,33996.69999999998,5,162.19999999999914,swap,acceptBad
486,20,33996.69999999998,5,162.19999999999914,swap,improve
487,20,34902.799999999996,5,162.19999999999914,2opt,acceptBad
488,20,35054.1,5,162.19999999999914,swap,acceptBad
489,20,34349.5,5,162.19999999999914,move,improve
490,20,33181.39999999999,5,162.19999999999914,move,improve
491,20,32698.399999999998,5,162.19999999999914,2opt,improve
492,20,32161.200000000008,5,162.19999999999914,swap,improve
493,20,33900.70000000001,5,162.19999999999914,swap,acceptBad
494,20,34011.20000000001,5,162.19999999999914,swap,acceptBad
495,20,32996.900000000016,5,162.19999999999914,move,improve
496,20,34718.6,5,162.19999999999914,2opt,acceptBad
497,20,34718.6,5,162.19999999999914,swap,improve
498,20,34718.59999999999,5,162.19999999999914,2opt,improve
499,20,34718.59999999999,5,162.19999999999914,2opt,improve
500,20,34718.59999999999,5,162.19999999999914,swap,improve
501,20,32484.199999999986,5,162.19999999999914,move,improve
502,20,32659.099999999988,5,162.19999999999914,swap,acceptBad
503,20,32659.099999999988,5,162.19999999999914,swap,improve
504,20,31815.099999999995,5,162.19999999999914,move,improve
505,20,30738.10000000001,5,162.19999999999914,move,improve
506,20,30751.900000000005,5,162.19999999999914,swap,acceptBad
507,20,30751.900000000005,5,162.19999999999914,2opt,notBad
508,20,30751.900000000005,5,162.19999999999914,swap,improve
509,20,30751.900000000023,5,162.19999999999914,2opt,acceptBad
510,20,30751.900000000023,5,162.19999999999914,2opt,improve
511,20,31880.90000000002,5,162.19999999999914,swap,acceptBad
512,20,35165.50000000002,5,162.19999999999914,2opt,acceptBad
513,20,35454.20000000002,5,162.19999999999914,swap,acceptBad
514,20,35454.20000000002,5,162.19999999999914,swap,improve
515,20,34343.40000000001,5,162.19999999999914,move,improve
516,20,37928.700000000026,5,162.19999999999914,2opt,acceptBad
517,20,31498.70000000001,5,162.19999999999914,move,improve
518,20,31776.90000000001,5,162.19999999999914,swap,acceptBad
519,20,31766.899999999994,5,162.19999999999914,2opt,improve
520,20,31766.899999999994,5,162.19999999999914,move,improve
521,20,31766.899999999994,5,162.19999999999914,swap,improve
522,20,31766.899999999983,5,162.19999999999914,2opt,improve
523,20,34974.20000000002,5,162.19999999999914,2opt,acceptBad
524,20,37560.2,5,162.19999999999914,2opt,acceptBad
525,20,37625.200000000004,5,162.19999999999914,swap,acceptBad
526,20,38407.900000000016,5,162.19999999999914,2opt,acceptBad
527,21,52623.799999999996,5,162.19999999999914,2opt,acceptBad
528,21,53204.799999999996,5,162.19999999999914,2opt,acceptBad
529,21,53204.799999999996,5,162.19999999999914,2opt,improve
530,21,53077.199999999975,5,162.19999999999914,swap,improve
531,21,53579.19999999996,5,162.19999999999914,2opt,acceptBad
532,21,56680.19999999996,5,162.19999999999914,2opt,acceptBad
533,21,55542.79999999994,5,162.19999999999914,move,improve
534,21,51863.399999999914,5,162.19999999999914,move,improve
535,21,51863.399999999914,5,162.19999999999914,swap,improve
536,21,51863.39999999995,5,162.19999999999914,2opt,acceptBad
537,21,51863.39999999995,5,162.19999999999914,2opt,improve
538,21,50429.39999999996,5,162.19999999999914,move,improve
539,21,50429.399999999965,5,162.19999999999914,2opt,acceptBad
540,21,51727.399999999994,5,162.19999999999914,swap,acceptBad
541,21,44611.19999999997,5,162.19999999999914,2opt,improve
542,21,44625.19999999997,5,162.19999999999914,swap,acceptBad
543,21,44250.39999999998,5,162.19999999999914,swap,improve
544,21,44197.59999999999,5,162.19999999999914,swap,improve
545,21,44197.59999999998,5,162.19999999999914,2opt,improve
546,21,43305.59999999998,5,162.19999999999914,move,improve
547,21,42000.19999999998,5,162.19999999999914,move,improve
548,21,39919.39999999998,5,162.19999999999914,2opt,improve
549,21,39919.39999999998,5,162.19999999999914,swap,improve
550,21,39919.399999999994,5,162.19999999999914,2opt,acceptBad
551,21,40168.799999999996,5,162.19999999999914,swap,acceptBad
552,21,40168.799999999996,5,162.19999999999914,move,improve
553,21,39567.399999999994,5,162.19999999999914,move,improve
554,21,40057.80000000001,5,162.19999999999914,swap,acceptBad
555,21,42044.400000000016,5,162.19999999999914,2opt,acceptBad
556,21,44979.59999999999,5,162.19999999999914,2opt,acceptBad
557,22,56374.50000000001,5,162.19999999999914,2opt,acceptBad
558,22,56518.0,5,162.19999999999914,swap,acceptBad
559,22,64291.39999999999,5,162.19999999999914,swap,acceptBad
560,22,62935.99999999998,5,162.19999999999914,move,improve
561,22,62797.59999999996,5,162.19999999999914,2opt,improve
562,22,69988.89999999994,5,162.19999999999914,swap,acceptBad
563,22,70140.39999999994,5,162.19999999999914,swap,acceptBad
564,22,61426.99999999996,5,162.19999999999914,move,improve
565,22,57160.79999999997,5,162.19999999999914,move,improve
566,22,56906.699999999975,5,162.19999999999914,swap,improve
567,22,57093.59999999997,5,162.19999999999914,swap,acceptBad
568,22,55832.899999999994,5,162.19999999999914,swap,improve
569,22,55832.899999999994,5,162.19999999999914,swap,improve
570,22,55832.899999999994,5,162.19999999999914,swap,improve
571,22,56202.1,5,162.19999999999914,swap,acceptBad
572,22,54668.69999999999,5,162.19999999999914,2opt,improve
573,22,54292.79999999998,5,162.19999999999914,move,improve
574,22,53759.80000000001,5,162.19999999999914,move,improve
575,22,53759.80000000002,5,162.19999999999914,2opt,acceptBad
576,22,53180.10000000001,5,162.19999999999914,move,improve
577,22,53180.10000000001,5,162.19999999999914,2opt,improve
578,22,53180.10000000001,5,162.19999999999914,move,improve
579,22,51483.100000000035,5,162.19999999999914,move,improve
580,22,46165.00000000004,5,162.19999999999914,move,improve
581,22,44796.500000000015,5,162.19999999999914,move,improve
582,22,42368.799999999996,5,162.19999999999914,2opt,improve
583,22,44036.200000000026,5,162.19999999999914,2opt,acceptBad
584,22,53358.80000000006,5,162.19999999999914,2opt,acceptBad
585,22,53358.80000000004,5,162.19999999999914,2opt,improve
586,22,52724.200000000026,5,162.19999999999914,move,improve
587,22,51579.30000000001,5,162.19999999999914,move,improve
588,22,41565.200000000004,5,162.19999999999914,move,improve
589,22,41565.200000000004,5,162.19999999999914,2opt,notBad
590,22,41627.80000000002,5,162.19999999999914,swap,acceptBad
591,22,41033.50000000001,5,162.19999999999914,move,improve
592,22,41033.50000000001,5,162.19999999999914,2opt,improve
593,22,41033.49999999997,5,162.19999999999914,2opt,improve
594,22,41033.49999999997,5,162.19999999999914,move,improve
595,22,40846.59999999996,5,162.19999999999914,swap,improve
596,22,42195.500000000015,5,162.19999999999914,2opt,acceptBad
597,22,41407.1,5,162.19999999999914,2opt,improve
598,22,41407.1,5,162.19999999999914,swap,improve
599,22,40042.3,5,162.19999999999914,swap,improve
600,22,40042.3,5,162.19999999999914,swap,improve
601,22,39320.69999999999,5,162.19999999999914,move,improve
602,22,39079.19999999998,5,162.19999999999914,2opt,improve
603,22,38317.299999999996,5,162.19999999999914,move,improve
604,22,37635.19999999999,5,162.19999999999914,move,improve
605,22,37635.19999999999,5,162.19999999999914,2opt,improve
606,22,47270.7,5,162.19999999999914,2opt,acceptBad
607,22,47652.30000000001,5,162.19999999999914,swap,acceptBad
608,22,45693.00000000003,5,162.19999999999914,move,improve
609,22,53203.300000000025,5,162.19999999999914,swap,acceptBad
610,22,52559.60000000003,5,162.19999999999914,move,improve
611,22,52671.700000000026,5,162.19999999999914,swap,acceptBad
612,22,51489.400000000016,5,162.19999999999914,move,improve
613,22,55657.799999999996,5,162.19999999999914,2opt,acceptBad
614,22,48981.1,5,162.19999999999914,move,improve
615,22,48981.09999999999,5,162.19999999999914,2opt,improve
616,22,47945.90000000001,5,162.19999999999914,move,improve
617,22,47879.40000000003,5,162.19999999999914,swap,improve
618,22,49731.20000000001,5,162.19999999999914,swap,acceptBad
619,22,49677.99999999998,5,162.19999999999914,swap,improve
620,22,47633.6,5,162.19999999999914,move,improve
621,22,46265.399999999994,5,162.19999999999914,move,improve
622,22,43186.799999999996,5,162.19999999999914,move,improve
623,22,43325.3,5,162.19999999999914,2opt,acceptBad
624,22,43325.30000000003,5,162.19999999999914,2opt,acceptBad
625,22,43861.80000000002,5,162.19999999999914,swap,acceptBad
626,22,43861.80000000002,5,162.19999999999914,swap,improve
627,22,42682.40000000004,5,162.19999999999914,move,improve
628,22,42338.70000000001,5,162.19999999999914,move,improve
629,22,40624.900000000016,5,162.19999999999914,move,improve
630,22,47144.80000000002,5,162.19999999999914,swap,acceptBad
631,22,47190.70000000002,5,162.19999999999914,swap,acceptBad
632,22,37927.00000000001,5,162.19999999999914,move,improve
633,22,37926.999999999985,5,162.19999999999914,2opt,improve
634,22,37926.999999999985,5,162.19999999999914,swap,improve
635,22,37927.0,5,162.19999999999914,2opt,acceptBad
636,22,37927.0,5,162.19999999999914,move,improve
637,22,37927.0,5,162.19999999999914,move,improve
638,22,37068.30000000001,5,162.19999999999914,move,improve
639,22,37942.59999999999,5,162.19999999999914,2opt,acceptBad
640,22,37037.799999999996,5,162.19999999999914,move,improve
641,22,37037.799999999996,5,162.19999999999914,move,improve
642,22,36370.59999999999,5,162.19999999999914,move,improve
643,22,36941.200000000004,5,162.19999999999914,2opt,acceptBad
644,22,36166.200000000004,5,162.19999999999914,swap,improve
645,21,33278.79999999998,5,162.19999999999914,2opt,improve
646,21,33278.79999999998,5,162.19999999999914,swap,improve
647,21,32929.599999999984,5,162.19999999999914,swap,improve
648,21,32929.599999999984,5,162.19999999999914,move,improve
649,21,33250.39999999999,5,162.19999999999914,swap,acceptBad
650,21,33250.39999999999,5,162.19999999999914,swap,improve
651,21,31754.999999999993,5,162.19999999999914,move,improve
652,21,31754.999999999993,5,162.19999999999914,2opt,improve
653,21,31754.999999999978,5,162.19999999999914,2opt,improve
654,21,31754.999999999978,5,162.19999999999914,swap,improve
655,21,31754.999999999978,5,162.19999999999914,swap,improve
656,21,30936.199999999986,5,162.19999999999914,move,improve
657,21,30936.199999999986,5,162.19999999999914,move,improve
658,21,31043.399999999987,5,162.19999999999914,swap,acceptBad
659,21,35936.6,5,162.19999999999914,swap,acceptBad
660,21,34582.59999999999,5,162.19999999999914,move,improve
661,21,35225.19999999999,5,162.19999999999914,swap,acceptBad
662,21,35028.19999999999,5,162.19999999999914,2opt,improve
663,21,32907.39999999999,5,162.19999999999914,2opt,improve
664,21,37207.39999999999,5,162.19999999999914,swap,acceptBad
665,21,33808.79999999999,5,162.19999999999914,2opt,improve
666,21,33808.79999999999,5,162.19999999999914,move,improve
667,21,34464.79999999998,5,162.19999999999914,swap,acceptBad
668,21,34464.79999999997,5,162.19999999999914,2opt,improve
669,21,35520.2,5,162.19999999999914,2opt,acceptBad
670,21,35629.6,5,162.19999999999914,swap,acceptBad
671,21,35629.6,5,162.19999999999914,2opt,improve
672,21,35214.60000000001,5,162.19999999999914,move,improve
673,21,32226.800000000025,5,162.19999999999914,move,improve
674,21,32254.800000000025,5,162.19999999999914,swap,acceptBad
675,21,30975.000000000007,5,162.19999999999914,move,improve
676,21,32014.999999999996,5,162.19999999999914,2opt,acceptBad
677,21,32014.999999999996,5,162.19999999999914,swap,improve
678,21,31262.800000000025,5,162.19999999999914,2opt,improve
679,21,30081.80000000001,5,162.19999999999914,move,improve
680,21,30081.80000000001,5,162.19999999999914,swap,improve
681,21,29439.800000000017,5,162.19999999999914,move,improve
682,21,28559.800000000017,5,162.19999999999914,move,improve
683,21,28065.800000000017,5,162.19999999999914,move,improve
684,21,30394.00000000001,5,162.19999999999914,2opt,acceptBad
685,21,30776.400000000016,5,162.19999999999914,swap,acceptBad
686,21,31119.400000000023,5,162.19999999999914,2opt,acceptBad
687,21,31119.400000000023,5,162.19999999999914,move,improve
688,21,29828.400000000023,5,162.19999999999914,swap,improve
689,21,29828.400000000023,5,162.19999999999914,move,improve
690,21,36778.60000000002,5,162.19999999999914,2opt,acceptBad
691,21,35546.20000000002,5,162.19999999999914,move,improve
692,21,35546.20000000002,5,162.19999999999914,swap,improve
693,21,35602.20000000002,5,162.19999999999914,swap,acceptBad
694,21,35705.600000000006,5,162.19999999999914,2opt,acceptBad
695,21,35708.00000000001,5,162.19999999999914,2opt,acceptBad
696,21,34899.799999999996,5,162.19999999999914,move,improve
697,21,34621.600000000006,5,162.19999999999914,swap,improve
698,21,35043.80000000004,5,162.19999999999914,2opt,acceptBad
699,22,41153.50000000004,5,162.19999999999914,2opt,acceptBad
700,22,41746.500000000044,5,162.19999999999914,2opt,acceptBad
701,22,41746.500000000044,5,162.19999999999914,move,improve
702,22,41746.500000000044,5,162.19999999999914,move,improve
703,22,41812.500000000044,5,162.19999999999914,swap,acceptBad
704,21,35759.20000000003,5,162.19999999999914,move,improve
705,21,35759.20000000003,5,162.19999999999914,move,improve
706,21,35759.20000000003,5,162.19999999999914,2opt,improve
707,21,35759.200000000026,5,162.19999999999914,2opt,improve
708,21,36704.20000000002,5,162.19999999999914,2opt,acceptBad
709,21,37315.4,5,162.19999999999914,2opt,acceptBad
710,21,37317.40000000001,5,162.19999999999914,swap,acceptBad
711,21,37317.400000000016,5,162.19999999999914,2opt,acceptBad
712,21,36462.20000000001,5,162.19999999999914,move,improve
713,21,36462.20000000004,5,162.19999999999914,2opt,acceptBad
714,21,39554.600000000035,5,162.19999999999914,2opt,acceptBad
715,21,38266.400000000016,5,162.19999999999914,swap,improve
716,21,38023.200000000004,5,162.19999999999914,move,improve
717,21,43510.80000000001,5,162.19999999999914,2opt,acceptBad
718,21,43510.80000000001,5,162.19999999999914,2opt,improve
719,21,39325.40000000001,5,162.19999999999914,move,improve
720,21,39048.20000000001,5,162.19999999999914,swap,improve
721,21,38373.200000000004,5,162.19999999999914,move,improve
722,21,37865.60000000003,5,162.19999999999914,swap,improve
723,21,35659.60000000003,5,162.19999999999914,move,improve
724,21,33675.60000000001,5,162.19999999999914,move,improve
725,21,33675.60000000001,5,162.19999999999914,move,improve
726,21,32030.20000000002,5,162.19999999999914,move,improve
727,21,32030.199999999997,5,162.19999999999914,2opt,improve
728,21,31500.200000000037,5,162.19999999999914,2opt,improve
729,21,31500.200000000037,5,162.19999999999914,swap,improve
730,21,30751.200000000044,5,162.19999999999914,move,improve
731,21,34928.20000000004,5,162.19999999999914,2opt,acceptBad
732,21,35103.000000000044,5,162.19999999999914,swap,acceptBad
733,21,34119.200000000055,5,162.19999999999914,move,improve
734,21,34119.200000000055,5,162.19999999999914,swap,improve
735,21,37172.80000000005,5,162.19999999999914,2opt,acceptBad
736,21,37196.000000000044,5,162.19999999999914,2opt,acceptBad
737,21,32825.600000000035,5,162.19999999999914,move,improve
738,21,31871.600000000035,5,162.19999999999914,move,improve
739,21,31871.600000000035,5,162.19999999999914,swap,improve
740,21,34385.60000000002,5,162.19999999999914,2opt,acceptBad
741,21,34385.60000000002,5,162.19999999999914,2opt,improve
742,21,34306.600000000006,5,162.19999999999914,swap,improve
743,21,34958.200000000004,5,162.19999999999914,swap,acceptBad
744,21,25916.200000000008,5,162.19999999999914,move,improve
745,21,27206.4,5,162.19999999999914,swap,acceptBad
746,21,27206.4,5,162.19999999999914,swap,improve
747,21,25080.39999999999,5,162.19999999999914,move,improve
748,21,24140.39999999999,5,162.19999999999914,move,improve
749,21,23498.199999999993,5,162.19999999999914,move,improve
750,21,23498.199999999993,5,162.19999999999914,swap,improve
751,21,22964.99999999998,5,162.19999999999914,swap,improve
752,21,22964.999999999993,5,162.19999999999914,2opt,acceptBad
753,21,21547.999999999978,5,162.19999999999914,move,improve
754,21,23332.999999999978,5,162.19999999999914,swap,acceptBad
755,21,23197.999999999978,5,162.19999999999914,move,improve
756,21,23197.999999999996,5,162.19999999999914,2opt,acceptBad
757,21,23198.0,5,162.19999999999914,2opt,acceptBad
758,21,23165.0,5,162.19999999999914,move,improve
759,21,24184.800000000003,5,162.19999999999914,swap,acceptBad
760,21,28777.80000000001,5,162.19999999999914,2opt,acceptBad
761,21,29016.600000000024,5,162.19999999999914,swap,acceptBad
762,21,28266.200000000026,5,162.19999999999914,swap,improve
763,21,28284.2,5,162.19999999999914,2opt,acceptBad
764,21,29755.20000000003,5,162.19999999999914,2opt,acceptBad
765,21,30452.40000000001,5,162.19999999999914,swap,acceptBad
766,21,29942.800000000025,5,162.19999999999914,swap,improve
767,21,28152.400000000012,5,162.19999999999914,move,improve
768,21,29495.79999999998,5,162.19999999999914,2opt,acceptBad
769,21,29665.39999999998,5,162.19999999999914,swap,acceptBad
770,21,29665.39999999998,5,162.19999999999914,swap,improve
771,21,30239.799999999985,5,162.19999999999914,swap,acceptBad
772,21,30239.79999999998,5,162.19999999999914,2opt,improve
773,21,29956.599999999984,5,162.19999999999914,2opt,improve
774,21,29956.599999999984,5,162.19999999999914,move,improve
775,21,29956.59999999998,5,162.19999999999914,2opt,improve
776,21,29956.599999999984,5,162.19999999999914,2opt,acceptBad
777,21,29956.599999999984,5,162.19999999999914,move,improve
778,21,29956.599999999984,5,162.19999999999914,move,improve
779,21,29951.799999999963,5,162.19999999999914,2opt,improve
780,21,33627.59999999998,5,162.19999999999914,2opt,acceptBad
781,21,33060.799999999996,5,162.19999999999914,swap,improve
782,21,28413.200000000008,5,162.19999999999914,move,improve
783,21,28413.200000000008,5,162.19999999999914,2opt,improve
784,21,28794.200000000008,5,162.19999999999914,2opt,acceptBad
785,22,42502.09999999997,5,162.19999999999914,2opt,acceptBad
786,22,40777.999999999956,5,162.19999999999914,move,improve
787,22,40777.99999999997,5,162.19999999999914,2opt,acceptBad
788,22,40718.59999999997,5,162.19999999999914,swap,improve
789,22,40718.59999999997,5,162.19999999999914,swap,improve
790,22,37679.89999999999,5,162.19999999999914,move,improve
791,22,39861.09999999996,5,162.19999999999914,swap,acceptBad
792,22,40543.599999999955,5,162.19999999999914,2opt,acceptBad
793,22,40239.99999999995,5,162.19999999999914,move,improve
794,22,41052.699999999946,5,162.19999999999914,swap,acceptBad
795,22,36409.79999999995,5,162.19999999999914,move,improve
796,22,36409.79999999995,5,162.19999999999914,swap,improve
797,22,36610.59999999996,5,162.19999999999914,swap,acceptBad
798,22,36610.59999999996,5,162.19999999999914,move,improve
799,22,36699.09999999998,5,162.19999999999914,swap,acceptBad
800,22,42629.99999999999,5,162.19999999999914,2opt,acceptBad
801,22,39332.99999999999,5,162.19999999999914,2opt,improve
802,22,39332.99999999999,5,162.19999999999914,swap,improve
803,22,39332.99999999999,5,162.19999999999914,swap,improve
804,22,39070.499999999985,5,162.19999999999914,move,improve
805,22,39070.499999999985,5,162.19999999999914,2opt,improve
806,22,37682.79999999997,5,162.19999999999914,swap,improve
807,22,37103.09999999996,5,162.19999999999914,move,improve
808,22,36805.99999999998,5,162.19999999999914,swap,improve
809,22,36724.699999999975,5,162.19999999999914,swap,improve
810,22,36724.699999999975,5,162.19999999999914,swap,improve
811,22,36724.699999999975,5,162.19999999999914,swap,improve
812,22,37764.199999999975,5,162.19999999999914,swap,acceptBad
813,22,38329.099999999984,5,162.19999999999914,swap,acceptBad
814,22,45565.600000000006,5,162.19999999999914,swap,acceptBad
815,22,39849.40000000001,5,162.19999999999914,move,improve
816,22,38986.3,5,162.19999999999914,move,improve
817,22,38986.3,5,162.19999999999914,swap,improve
818,22,38986.3,5,162.19999999999914,swap,improve
819,22,38986.3,5,162.19999999999914,move,improve
820,22,38986.299999999996,5,162.19999999999914,swap,improve
821,22,38986.299999999996,5,162.19999999999914,swap,improve
822,22,38986.299999999996,5,162.19999999999914,move,improve
823,22,37694.89999999999,5,162.19999999999914,2opt,improve
824,22,40840.99999999997,5,162.19999999999914,swap,acceptBad
825,22,40840.99999999997,5,162.19999999999914,2opt,improve
826,22,39367.59999999999,5,162.19999999999914,move,improve
827,22,39367.59999999999,5,162.19999999999914,2opt,improve
828,22,39367.60000000002,5,162.19999999999914,2opt,acceptBad
829,22,39367.60000000002,5,162.19999999999914,swap,improve
830,22,39662.000000000015,5,162.19999999999914,swap,acceptBad
831,22,39662.000000000015,5,162.19999999999914,swap,improve
832,22,40002.10000000004,5,162.19999999999914,swap,acceptBad
833,22,49614.30000000005,5,162.19999999999914,2opt,acceptBad
834,22,55846.900000000045,5,162.19999999999914,swap,acceptBad
835,22,55866.90000000002,5,162.19999999999914,swap,acceptBad
836,23,63885.80000000003,5,162.19999999999914,2opt,acceptBad
837,23,63267.00000000007,5,162.19999999999914,move,improve
838,23,63267.00000000007,5,162.19999999999914,swap,improve
839,23,62887.400000000045,5,162.19999999999914,move,improve
840,23,62887.400000000045,5,162.19999999999914,2opt,improve
841,23,62692.40000000002,5,162.19999999999914,move,improve
842,23,62692.40000000002,5,162.19999999999914,move,improve
843,23,62917.40000000002,5,162.19999999999914,swap,acceptBad
844,23,55626.200000000026,5,162.19999999999914,move,improve
845,23,64996.60000000002,5,162.19999999999914,2opt,acceptBad
846,23,68836.59999999998,5,162.19999999999914,swap,acceptBad
847,23,66022.59999999998,5,162.19999999999914,swap,improve
848,23,63974.39999999999,5,162.19999999999914,move,improve
849,23,63777.600000000006,5,162.19999999999914,swap,improve
850,23,63190.20000000003,5,162.19999999999914,move,improve
851,23,62918.600000000035,5,162.19999999999914,swap,improve
852,23,62918.600000000035,5,162.19999999999914,swap,improve
853,23,62918.600000000006,5,162.19999999999914,2opt,improve
854,23,62043.0,5,162.19999999999914,move,improve
855,23,61385.599999999984,5,162.19999999999914,swap,improve
856,23,61385.599999999984,5,162.19999999999914,swap,improve
857,23,60647.600000000006,5,162.19999999999914,2opt,improve
858,23,60647.59999999999,5,162.19999999999914,2opt,improve
859,23,60748.39999999999,5,162.19999999999914,swap,acceptBad
860,23,60064.4,5,162.19999999999914,move,improve
861,23,57961.0,5,162.19999999999914,move,improve
862,23,57700.200000000004,5,162.19999999999914,2opt,improve
863,23,57700.200000000004,5,162.19999999999914,move,improve
864,23,57745.200000000004,5,162.19999999999914,swap,acceptBad
865,23,57745.19999999997,5,162.19999999999914,2opt,improve
866,23,57536.79999999998,5,162.19999999999914,move,improve
867,23,56368.79999999996,5,162.19999999999914,move,improve
868,23,56368.799999999974,5,162.19999999999914,2opt,acceptBad
869,23,56368.800000000054,5,162.19999999999914,2opt,acceptBad
870,23,56183.60000000006,5,162.19999999999914,swap,improve
871,23,52567.20000000006,5,162.19999999999914,swap,improve
872,23,52567.20000000002,5,162.19999999999914,2opt,improve
873,23,52567.20000000002,5,162.19999999999914,move,improve
874,23,53078.20000000001,5,162.19999999999914,swap,acceptBad
875,23,51149.40000000001,5,162.19999999999914,move,improve
876,23,51269.40000000002,5,162.19999999999914,swap,acceptBad
877,23,50667.600000000006,5,162.19999999999914,move,improve
878,23,54081.000000000015,5,162.19999999999914,2opt,acceptBad
879,23,54558.00000000002,5,162.19999999999914,swap,acceptBad
880,22,51048.399999999965,5,162.19999999999914,2opt,improve
881,22,48658.29999999995,5,162.19999999999914,2opt,improve
882,22,46817.89999999999,5,162.19999999999914,move,improve
883,22,46817.89999999999,5,162.19999999999914,2opt,improve
884,22,48306.60000000003,5,162.19999999999914,2opt,acceptBad
885,22,48004.50000000003,5,162.19999999999914,2opt,improve
886,22,47730.000000000044,5,162.19999999999914,swap,improve
887,22,45119.39999999998,5,162.19999999999914,2opt,improve
888,22,43501.10000000001,5,162.19999999999914,move,improve
889,22,43501.10000000001,5,162.19999999999914,swap,improve
890,22,48782.69999999998,5,162.19999999999914,2opt,acceptBad
891,22,47666.999999999985,5,162.19999999999914,move,improve
892,22,46220.09999999998,5,162.19999999999914,move,improve
893,22,44636.09999999999,5,162.19999999999914,2opt,improve
894,22,42705.39999999998,5,162.19999999999914,swap,improve
895,22,42705.39999999998,5,162.19999999999914,move,improve
896,22,42705.39999999998,5,162.19999999999914,move,improve
897,22,42705.39999999998,5,162.19999999999914,swap,improve
898,22,42964.699999999975,5,162.19999999999914,swap,acceptBad
899,22,46648.09999999999,5,162.19999999999914,2opt,acceptBad
900,23,54283.19999999998,5,162.19999999999914,2opt,acceptBad
901,23,54382.39999999998,5,162.19999999999914,swap,acceptBad
902,23,54972.59999999998,5,162.19999999999914,2opt,acceptBad
903,23,53433.59999999998,5,162.19999999999914,move,improve
904,23,53433.59999999998,5,162.19999999999914,swap,improve
905,23,53433.599999999984,5,162.19999999999914,2opt,acceptBad
906,23,61384.599999999984,5,162.19999999999914,2opt,acceptBad
907,23,61469.600000000006,5,162.19999999999914,2opt,acceptBad
908,23,61469.59999999999,5,162.19999999999914,2opt,improve
909,23,66614.19999999998,5,162.19999999999914,2opt,acceptBad
910,23,69729.8,5,162.19999999999914,2opt,acceptBad
911,23,68052.0,5,162.19999999999914,move,improve
912,23,66553.99999999996,5,162.19999999999914,move,improve
913,23,66553.99999999996,5,162.19999999999914,swap,improve
914,23,61138.99999999999,5,162.19999999999914,2opt,improve
915,23,59160.59999999999,5,162.19999999999914,swap,improve
916,23,59160.59999999999,5,162.19999999999914,2opt,improve
917,23,59160.59999999999,5,162.19999999999914,swap,improve
918,23,57356.599999999984,5,162.19999999999914,move,improve
919,23,56018.999999999956,5,162.19999999999914,move,improve
920,23,56018.999999999956,5,162.19999999999914,swap,improve
921,23,56018.99999999999,5,162.19999999999914,2opt,acceptBad
922,23,55687.599999999984,5,162.19999999999914,2opt,improve
923,23,55713.99999999999,5,162.19999999999914,swap,acceptBad
924,23,55713.999999999985,5,162.19999999999914,2opt,improve
925,23,51351.000000000015,5,162.19999999999914,swap,improve
926,23,54523.399999999994,5,162.19999999999914,swap,acceptBad
927,23,54523.399999999994,5,162.19999999999914,2opt,notBad
928,23,46457.0,5,162.19999999999914,move,improve
929,23,46477.59999999999,5,162.19999999999914,swap,acceptBad
930,23,54282.99999999994,5,162.19999999999914,2opt,acceptBad
931,23,46882.99999999994,5,162.19999999999914,move,improve
932,23,47388.99999999996,5,162.19999999999914,2opt,acceptBad
933,23,46494.999999999956,5,162.19999999999914,move,improve
934,22,40629.29999999998,5,162.19999999999914,move,improve
935,22,39566.100000000006,5,162.19999999999914,move,improve
936,22,39566.10000000001,5,162.19999999999914,2opt,acceptBad
937,22,39562.500000000015,5,162.19999999999914,move,improve
938,22,38446.200000000004,5,162.19999999999914,2opt,improve
939,22,38446.20000000002,5,162.19999999999914,2opt,acceptBad
940,22,38446.20000000002,5,162.19999999999914,swap,improve
941,22,38446.19999999999,5,162.19999999999914,2opt,improve
942,22,38214.999999999985,5,162.19999999999914,swap,improve
943,22,38214.999999999985,5,162.19999999999914,move,improve
944,22,37408.59999999999,5,162.19999999999914,move,improve
945,22,36234.4,5,162.19999999999914,move,improve
946,22,36234.40000000002,5,162.19999999999914,2opt,acceptBad
947,22,36234.40000000002,5,162.19999999999914,move,improve
948,22,36234.40000000002,5,162.19999999999914,swap,improve
949,22,36614.3,5,162.19999999999914,swap,acceptBad
950,22,35876.600000000006,5,162.19999999999914,move,improve
951,22,35700.50000000002,5,162.19999999999914,swap,improve
952,22,40438.60000000002,5,162.19999999999914,2opt,acceptBad
953,22,39677.300000000025,5,162.19999999999914,move,improve
954,22,39677.300000000025,5,162.19999999999914,swap,improve
955,22,39860.30000000003,5,162.19999999999914,swap,acceptBad
956,22,49964.800000000025,5,162.19999999999914,swap,acceptBad
957,22,49964.799999999996,5,162.19999999999914,2opt,improve
958,22,49795.899999999965,5,162.19999999999914,2opt,improve
959,22,48256.600000000006,5,162.19999999999914,move,improve
960,22,48163.80000000001,5,162.19999999999914,2opt,improve
961,22,48508.80000000002,5,162.19999999999914,swap,acceptBad
962,22,48508.80000000002,5,162.19999999999914,2opt,improve
963,22,48508.80000000002,5,162.19999999999914,move,improve
964,22,46597.80000000001,5,162.19999999999914,move,improve
965,22,46597.8,5,162.19999999999914,2opt,improve
966,22,46597.8,5,162.19999999999914,move,improve
967,22,46597.8,5,162.19999999999914,2opt,improve
968,22,42374.70000000003,5,162.19999999999914,move,improve
969,22,41415.10000000003,5,162.19999999999914,move,improve
970,22,38955.30000000003,5,162.19999999999914,move,improve
971,22,38955.30000000003,5,162.19999999999914,2opt,improve
972,22,38955.30000000001,5,162.19999999999914,2opt,improve
973,22,38955.30000000001,5,162.19999999999914,swap,improve
974,22,38955.30000000001,5,162.19999999999914,2opt,improve
975,22,39940.900000000045,5,162.19999999999914,2opt,acceptBad
976,22,39940.900000000045,5,162.19999999999914,2opt,notBad
977,22,39070.800000000054,5,162.19999999999914,move,improve
978,22,37774.000000000065,5,162.19999999999914,2opt,improve
979,22,39478.10000000005,5,162.19999999999914,2opt,acceptBad
980,22,38203.300000000054,5,162.19999999999914,move,improve
981,22,38203.300000000054,5,162.19999999999914,move,improve
982,21,34249.200000000026,5,162.19999999999914,2opt,improve
983,21,34249.200000000026,5,162.19999999999914,2opt,notBad
984,21,34318.80000000002,5,162.19999999999914,swap,acceptBad
985,21,34318.799999999996,5,162.19999999999914,2opt,improve
986,21,42784.79999999997,5,162.19999999999914,swap,acceptBad
987,21,35178.79999999999,5,162.19999999999914,move,improve
988,21,35178.79999999999,5,162.19999999999914,move,improve
989,21,34550.4,5,162.19999999999914,2opt,improve
990,21,31817.400000000005,5,162.19999999999914,2opt,improve
991,21,32395.800000000014,5,162.19999999999914,swap,acceptBad
992,21,32498.000000000025,5,162.19999999999914,swap,acceptBad
993,21,31870.800000000014,5,162.19999999999914,move,improve
994,21,31723.000000000004,5,162.19999999999914,2opt,improve
995,21,31723.000000000004,5,162.19999999999914,2opt,notBad
996,21,29803.4,5,162.19999999999914,move,improve
997,21,29803.40000000001,5,162.19999999999914,2opt,acceptBad
998,21,29634.20000000001,5,162.19999999999914,swap,improve
999,21,32434.000000000022,5,162.19999999999914,2opt,acceptBad
1000,21,34300.60000000002,5,162.19999999999914,2opt,acceptBad
1001,21,34265.20000000002,5,162.19999999999914,swap,improve
1002,21,35021.60000000001,5,162.19999999999914,swap,acceptBad
1003,21,32198.00000000001,5,162.19999999999914,move,improve
1004,21,32352.000000000007,5,162.19999999999914,swap,acceptBad
1005,21,31737.60000000001,5,162.19999999999914,move,improve
1006,21,31737.60000000001,5,162.19999999999914,2opt,improve
1007,21,32082.400000000016,5,162.19999999999914,swap,acceptBad
1008,21,32082.400000000016,5,162.19999999999914,move,improve
1009,21,32082.400000000012,5,162.19999999999914,2opt,improve
1010,21,31292.199999999997,5,162.19999999999914,move,improve
1011,21,31292.199999999997,5,162.19999999999914,swap,improve
1012,21,30804.80000000001,5,162.19999999999914,move,improve
1013,21,31292.199999999997,5,162.19999999999914,swap,acceptBad
1014,21,35870.600000000006,5,162.19999999999914,2opt,acceptBad
1015,21,34245.399999999994,5,162.19999999999914,2opt,improve
1016,21,34245.399999999994,5,162.19999999999914,swap,improve
1017,21,34245.399999999994,5,162.19999999999914,swap,improve
1018,21,34245.39999999999,5,162.19999999999914,2opt,improve
1019,21,33675.99999999999,5,162.19999999999914,move,improve
1020,21,33086.20000000001,5,162.19999999999914,move,improve
1021,21,33043.00000000001,5,162.19999999999914,swap,improve
1022,21,33043.00000000001,5,162.19999999999914,2opt,improve
1023,21,33227.40000000001,5,162.19999999999914,swap,acceptBad
1024,21,32985.20000000001,5,162.19999999999914,move,improve
1025,21,32985.200000000004,5,162.19999999999914,2opt,improve
1026,21,32962.2,5,162.19999999999914,2opt,improve
1027,21,32853.0,5,162.19999999999914,swap,improve
1028,21,32394.80000000001,5,162.19999999999914,swap,improve
1029,21,32394.80000000001,5,162.19999999999914,2opt,improve
1030,21,32394.80000000002,5,162.19999999999914,2opt,acceptBad
1031,21,32082.600000000024,5,162.19999999999914,swap,improve
1032,21,32082.600000000024,5,162.19999999999914,move,improve
1033,21,32082.600000000024,5,162.19999999999914,move,improve
1034,21,30542.400000000023,5,162.19999999999914,move,improve
1035,21,30542.400000000023,5,162.19999999999914,2opt,improve
1036,21,30542.40000000002,5,162.19999999999914,2opt,improve
1037,21,30542.40000000002,5,162.19999999999914,swap,improve
1038,21,30542.40000000002,5,162.19999999999914,2opt,improve
1039,21,30542.400000000016,5,162.19999999999914,2opt,improve
1040,21,30524.40000000002,5,162.19999999999914,swap,improve
1041,21,30524.40000000002,5,162.19999999999914,move,improve
1042,21,30524.40000000002,5,162.19999999999914,move,improve
1043,21,31813.80000000004,5,162.19999999999914,swap,acceptBad
1044,21,30534.80000000003,5,162.19999999999914,move,improve
1045,21,30534.800000000032,5,162.19999999999914,2opt,acceptBad
1046,21,28838.600000000042,5,162.19999999999914,move,improve
1047,21,28838.600000000042,5,162.19999999999914,move,improve
1048,21,38066.00000000005,5,162.19999999999914,2opt,acceptBad
1049,21,38082.80000000004,5,162.19999999999914,swap,acceptBad
1050,21,38915.600000000064,5,162.19999999999914,swap,acceptBad
1051,21,39292.400000000045,5,162.19999999999914,swap,acceptBad
1052,21,39292.40000000002,5,162.19999999999914,2opt,improve
1053,21,39292.40000000002,5,162.19999999999914,2opt,improve
1054,21,38132.40000000003,5,162.19999999999914,move,improve
1055,21,37962.00000000001,5,162.19999999999914,swap,improve
1056,21,39274.20000000001,5,162.19999999999914,swap,acceptBad
1057,21,38280.20000000001,5,162.19999999999914,move,improve
1058,21,38280.20000000001,5,162.19999999999914,swap,improve
1059,21,36465.2,5,162.19999999999914,move,improve
1060,21,36449.0,5,162.19999999999914,swap,improve
1061,21,29609.599999999988,5,162.19999999999914,move,improve
1062,21,30412.59999999999,5,162.19999999999914,2opt,acceptBad
1063,21,30449.399999999994,5,162.19999999999914,swap,acceptBad
1064,21,29672.999999999993,5,162.19999999999914,move,improve
1065,21,38125.000000000015,5,162.19999999999914,2opt,acceptBad
1066,21,38125.000000000015,5,162.19999999999914,swap,improve
1067,21,38125.000000000015,5,162.19999999999914,swap,improve
1068,21,37302.80000000001,5,162.19999999999914,move,improve
1069,21,37302.80000000001,5,162.19999999999914,2opt,notBad
1070,21,38445.19999999996,5,162.19999999999914,2opt,acceptBad
1071,21,37355.19999999997,5,162.19999999999914,move,improve
1072,21,37390.79999999998,5,162.19999999999914,swap,acceptBad
1073,21,36461.199999999975,5,162.19999999999914,move,improve
1074,21,38414.39999999998,5,162.19999999999914,swap,acceptBad
1075,21,38269.19999999999,5,162.19999999999914,swap,improve
1076,21,38571.599999999984,5,162.19999999999914,swap,acceptBad
1077,21,38539.99999999999,5,162.19999999999914,swap,improve
1078,21,38539.99999999999,5,162.19999999999914,swap,improve
1079,21,38539.99999999999,5,162.19999999999914,swap,improve
1080,21,41048.599999999984,5,162.19999999999914,2opt,acceptBad
1081,21,40572.39999999998,5,162.19999999999914,move,improve
1082,21,31904.19999999999,5,162.19999999999914,move,improve
1083,21,40120.399999999965,5,162.19999999999914,2opt,acceptBad
1084,21,39081.79999999998,5,162.19999999999914,move,improve
1085,21,38057.39999999998,5,162.19999999999914,move,improve
1086,21,38057.4,5,162.19999999999914,2opt,acceptBad
1087,21,32673.399999999998,5,162.19999999999914,move,improve
1088,21,30081.399999999998,5,162.19999999999914,swap,improve
1089,21,29668.999999999978,5,162.19999999999914,move,improve
1090,21,29504.599999999977,5,162.19999999999914,move,improve
1091,21,29504.599999999977,5,162.19999999999914,2opt,improve
1092,21,29504.599999999988,5,162.19999999999914,2opt,acceptBad
1093,21,29504.599999999988,5,162.19999999999914,move,improve
1094,21,29504.599999999988,5,162.19999999999914,2opt,notBad
1095,21,29518.99999999997,5,162.19999999999914,swap,acceptBad
1096,21,29518.99999999997,5,162.19999999999914,move,improve
1097,21,30469.19999999998,5,162.19999999999914,swap,acceptBad
1098,21,29567.599999999977,5,162.19999999999914,move,improve
1099,21,29567.599999999995,5,162.19999999999914,2opt,acceptBad
1100,21,30077.200000000004,5,162.19999999999914,swap,acceptBad
1101,21,30077.199999999997,5,162.19999999999914,2opt,improve
1102,21,29140.999999999993,5,162.19999999999914,move,improve
1103,21,29140.999999999993,5,162.19999999999914,swap,improve
1104,21,38810.400000000016,5,162.19999999999914,swap,acceptBad
1105,21,39162.00000000001,5,162.19999999999914,2opt,acceptBad
1106,21,38434.800000000025,5,162.19999999999914,move,improve
1107,21,38791.60000000002,5,162.19999999999914,2opt,acceptBad
1108,21,38898.40000000002,5,162.19999999999914,swap,acceptBad
1109,22,41450.400000000045,5,162.19999999999914,2opt,acceptBad
1110,22,41450.400000000045,5,162.19999999999914,swap,improve
1111,22,41944.40000000004,5,162.19999999999914,2opt,acceptBad
1112,22,41944.400000000016,5,162.19999999999914,2opt,improve
1113,22,41158.60000000004,5,162.19999999999914,move,improve
1114,22,41150.50000000004,5,162.19999999999914,swap,improve
1115,22,41150.50000000004,5,162.19999999999914,swap,improve
1116,22,42619.00000000001,5,162.19999999999914,swap,acceptBad
1117,22,42705.100000000006,5,162.19999999999914,2opt,acceptBad
1118,22,44294.400000000016,5,162.19999999999914,2opt,acceptBad
1119,22,50098.900000000045,5,162.19999999999914,2opt,acceptBad
1120,22,43744.30000000002,5,162.19999999999914,swap,improve
1121,22,40491.400000000016,5,162.19999999999914,swap,improve
1122,22,49672.70000000003,5,162.19999999999914,swap,acceptBad
1123,22,49672.70000000003,5,162.19999999999914,swap,improve
1124,22,49672.70000000004,5,162.19999999999914,2opt,acceptBad
1125,22,49672.70000000004,5,162.19999999999914,swap,improve
1126,22,49471.100000000035,5,162.19999999999914,swap,improve
1127,22,49471.10000000006,5,162.19999999999914,2opt,acceptBad
1128,22,44012.30000000004,5,162.19999999999914,move,improve
1129,22,43905.80000000002,5,162.19999999999914,swap,improve
1130,22,44917.99999999999,5,162.19999999999914,2opt,acceptBad
1131,22,44791.89999999999,5,162.19999999999914,swap,improve
1132,22,44497.39999999999,5,162.19999999999914,swap,improve
1133,22,43345.29999999998,5,162.19999999999914,move,improve
1134,22,41855.099999999984,5,162.19999999999914,move,improve
1135,22,41371.6,5,162.19999999999914,swap,improve
1136,22,42195.100000000006,5,162.19999999999914,2opt,acceptBad
1137,22,42546.900000000016,5,162.19999999999914,swap,acceptBad
1138,22,42546.900000000016,5,162.19999999999914,move,improve
1139,22,42546.900000000016,5,162.19999999999914,move,improve
1140,22,42546.90000000001,5,162.19999999999914,2opt,improve
1141,22,42176.70000000001,5,162.19999999999914,swap,improve
1142,22,41982.000000000015,5,162.19999999999914,2opt,improve
1143,22,52505.39999999998,5,162.19999999999914,swap,acceptBad
1144,22,52505.39999999998,5,162.19999999999914,2opt,notBad
1145,22,51209.700000000004,5,162.19999999999914,move,improve
1146,22,50321.09999999998,5,162.19999999999914,move,improve
1147,22,50321.09999999998,5,162.19999999999914,swap,improve
1148,22,50321.09999999998,5,162.19999999999914,swap,improve
1149,22,49394.099999999984,5,162.19999999999914,move,improve
1150,22,47722.5,5,162.19999999999914,swap,improve
1151,22,48300.39999999997,5,162.19999999999914,swap,acceptBad
1152,22,48300.39999999999,5,162.19999999999914,2opt,acceptBad
1153,22,48300.39999999999,5,162.19999999999914,move,improve
1154,22,48300.39999999999,5,162.19999999999914,2opt,improve
1155,22,48251.39999999998,5,162.19999999999914,2opt,improve
1156,22,48956.999999999985,5,162.19999999999914,swap,acceptBad
1157,22,52398.29999999998,5,162.19999999999914,2opt,acceptBad
1158,22,53498.90000000001,5,162.19999999999914,2opt,acceptBad
1159,22,52635.69999999999,5,162.19999999999914,move,improve
1160,22,52635.69999999999,5,162.19999999999914,2opt,improve
1161,22,52964.89999999998,5,162.19999999999914,swap,acceptBad
1162,22,52964.89999999997,5,162.19999999999914,2opt,improve
1163,22,52071.29999999998,5,162.19999999999914,swap,improve
1164,22,52071.299999999945,5,162.19999999999914,2opt,improve
1165,22,48792.79999999995,5,162.19999999999914,swap,improve
1166,22,49047.79999999994,5,162.19999999999914,2opt,acceptBad
1167,23,53973.79999999994,5,162.19999999999914,2opt,acceptBad
1168,23,53146.79999999997,5,162.19999999999914,move,improve
1169,23,53044.79999999995,5,162.19999999999914,swap,improve
1170,23,52266.39999999999,5,162.19999999999914,2opt,improve
1171,23,52266.39999999997,5,162.19999999999914,2opt,improve
1172,23,54189.39999999997,5,162.19999999999914,swap,acceptBad
1173,23,54446.79999999997,5,162.19999999999914,swap,acceptBad
1174,23,54446.79999999997,5,162.19999999999914,swap,improve
1175,23,53357.79999999996,5,162.19999999999914,move,improve
1176,23,54181.59999999998,5,162.19999999999914,swap,acceptBad
1177,23,52549.199999999975,5,162.19999999999914,move,improve
1178,23,53990.19999999998,5,162.19999999999914,swap,acceptBad
1179,23,53990.19999999998,5,162.19999999999914,swap,improve
1180,23,54292.999999999985,5,162.19999999999914,swap,acceptBad
1181,23,54234.19999999997,5,162.19999999999914,swap,improve
1182,23,54234.199999999975,5,162.19999999999914,2opt,acceptBad
1183,23,53981.39999999999,5,162.19999999999914,swap,improve
1184,23,53981.39999999999,5,162.19999999999914,2opt,notBad
1185,23,53981.39999999999,5,162.19999999999914,swap,improve
1186,23,53981.39999999999,5,162.19999999999914,swap,improve
1187,22,46431.80000000002,5,162.19999999999914,move,improve
1188,22,45473.0,5,162.19999999999914,move,improve
1189,22,45473.0,5,162.19999999999914,swap,improve
1190,22,45473.0,5,162.19999999999914,swap,improve
1191,22,44347.6,5,162.19999999999914,move,improve
1192,22,43545.19999999998,5,162.19999999999914,move,improve
1193,22,43441.39999999998,5,162.19999999999914,swap,improve
1194,22,43441.39999999998,5,162.19999999999914,move,improve
1195,22,42849.19999999995,5,162.19999999999914,2opt,improve
1196,22,42695.899999999994,5,162.19999999999914,swap,improve
1197,22,42526.79999999998,5,162.19999999999914,swap,improve
1198,22,41068.99999999997,5,162.19999999999914,swap,improve
1199,22,41068.99999999997,5,162.19999999999914,move,improve
1200,22,41065.99999999997,5,162.19999999999914,swap,improve
1201,22,41066.00000000002,5,162.19999999999914,2opt,acceptBad
1202,22,41066.0,5,162.19999999999914,2opt,improve
1203,22,40465.10000000003,5,162.19999999999914,2opt,improve
1204,22,39756.200000000026,5,162.19999999999914,move,improve
1205,22,38948.600000000006,5,162.19999999999914,move,improve
1206,22,38526.4,5,162.19999999999914,move,improve
1207,22,38623.79999999999,5,162.19999999999914,swap,acceptBad
1208,23,41157.0,5,162.19999999999914,2opt,acceptBad
1209,23,41157.0,5,162.19999999999914,swap,improve
1210,23,41283.400000000016,5,162.19999999999914,swap,acceptBad
1211,23,41283.399999999994,5,162.19999999999914,2opt,improve
1212,23,50497.00000000001,5,162.19999999999914,swap,acceptBad
1213,23,49713.799999999996,5,162.19999999999914,move,improve
1214,23,40679.8,5,162.19999999999914,2opt,improve
1215,23,40679.8,5,162.19999999999914,move,improve
1216,23,41551.79999999998,5,162.19999999999914,swap,acceptBad
1217,23,49168.80000000001,5,162.19999999999914,swap,acceptBad
1218,23,55393.19999999998,5,162.19999999999914,swap,acceptBad
1219,23,55747.199999999946,5,162.19999999999914,swap,acceptBad
1220,23,56432.999999999935,5,162.19999999999914,2opt,acceptBad
1221,23,56408.999999999935,5,162.19999999999914,swap,improve
1222,23,56400.199999999946,5,162.19999999999914,swap,improve
1223,23,51400.39999999996,5,162.19999999999914,move,improve
1224,23,51398.39999999998,5,162.19999999999914,swap,improve
1225,23,52142.39999999994,5,162.19999999999914,2opt,acceptBad
1226,23,50993.99999999998,5,162.19999999999914,move,improve
1227,23,50994.00000000003,5,162.19999999999914,2opt,acceptBad
1228,23,51000.60000000001,5,162.19999999999914,2opt,acceptBad
1229,23,49966.60000000001,5,162.19999999999914,move,improve
1230,23,46399.6,5,162.19999999999914,move,improve
1231,23,46399.6,5,162.19999999999914,2opt,notBad
1232,23,46399.6,5,162.19999999999914,2opt,improve
1233,23,46399.6,5,162.19999999999914,swap,improve
1234,23,43723.8,5,162.19999999999914,move,improve
1235,23,42887.999999999985,5,162.19999999999914,move,improve
1236,23,42887.999999999985,5,162.19999999999914,move,improve
1237,23,42887.999999999985,5,162.19999999999914,swap,improve
1238,23,44314.59999999998,5,162.19999999999914,swap,acceptBad
1239,23,43682.0,5,162.19999999999914,move,improve
1240,23,42808.6,5,162.19999999999914,move,improve
1241,23,42808.599999999955,5,162.19999999999914,2opt,improve
1242,23,43177.19999999995,5,162.19999999999914,swap,acceptBad
1243,23,43177.19999999995,5,162.19999999999914,2opt,notBad
1244,23,43235.199999999946,5,162.19999999999914,swap,acceptBad
1245,23,43235.199999999946,5,162.19999999999914,swap,improve
1246,23,43222.19999999998,5,162.19999999999914,move,improve
1247,23,43222.19999999998,5,162.19999999999914,2opt,improve
1248,23,45468.99999999997,5,162.19999999999914,swap,acceptBad
1249,23,45468.99999999997,5,162.19999999999914,swap,improve
1250,23,43046.19999999998,5,162.19999999999914,move,improve
1251,23,43046.19999999997,5,162.19999999999914,2opt,improve
1252,23,42642.59999999997,5,162.19999999999914,move,improve
1253,23,40448.19999999995,5,162.19999999999914,swap,improve
1254,23,40448.19999999999,5,162.19999999999914,2opt,acceptBad
1255,23,39406.19999999999,5,162.19999999999914,move,improve
1256,23,39406.19999999999,5,162.19999999999914,swap,improve
1257,23,39406.19999999999,5,162.19999999999914,2opt,improve
1258,23,39406.19999999999,5,162.19999999999914,2opt,notBad
1259,23,39406.19999999999,5,162.19999999999914,2opt,improve
1260,23,39612.99999999998,5,162.19999999999914,swap,acceptBad
1261,23,39544.799999999974,5,162.19999999999914,move,improve
1262,23,39544.79999999998,5,162.19999999999914,swap,acceptBad
1263,23,41807.19999999998,5,162.19999999999914,swap,acceptBad
1264,23,41807.19999999998,5,162.19999999999914,swap,improve
1265,23,41807.19999999998,5,162.19999999999914,2opt,improve
1266,23,41852.79999999998,5,162.19999999999914,swap,acceptBad
1267,23,41852.79999999999,5,162.19999999999914,2opt,acceptBad
1268,23,41904.8,5,162.19999999999914,swap,acceptBad
1269,23,49287.79999999997,5,162.19999999999914,swap,acceptBad
1270,23,48959.19999999995,5,162.19999999999914,2opt,improve
1271,23,48959.19999999995,5,162.19999999999914,swap,improve
1272,23,48959.199999999975,5,162.19999999999914,2opt,acceptBad
1273,23,48959.199999999975,5,162.19999999999914,2opt,improve
1274,23,47476.39999999999,5,162.19999999999914,move,improve
1275,23,46570.00000000001,5,162.19999999999914,move,improve
1276,23,45065.20000000001,5,162.19999999999914,move,improve
1277,23,42283.0,5,162.19999999999914,2opt,improve
1278,23,42283.0,5,162.19999999999914,2opt,improve
1279,23,42283.0,5,162.19999999999914,2opt,notBad
1280,23,43735.99999999998,5,162.19999999999914,swap,acceptBad
1281,23,42622.799999999974,5,162.19999999999914,move,improve
1282,23,42622.799999999974,5,162.19999999999914,move,improve
1283,23,42622.799999999974,5,162.19999999999914,2opt,notBad
1284,23,42410.2,5,162.19999999999914,move,improve
1285,23,40262.400000000016,5,162.19999999999914,move,improve
1286,23,40262.400000000016,5,162.19999999999914,swap,improve
1287,23,40262.400000000016,5,162.19999999999914,2opt,notBad
1288,23,39675.60000000003,5,162.19999999999914,move,improve
1289,23,39675.60000000003,5,162.19999999999914,move,improve
1290,23,39383.800000000025,5,162.19999999999914,move,improve
1291,23,39383.800000000025,5,162.19999999999914,2opt,notBad
1292,23,39389.800000000025,5,162.19999999999914,swap,acceptBad
1293,23,39417.800000000025,5,162.19999999999914,swap,acceptBad
1294,23,39417.800000000025,5,162.19999999999914,2opt,improve
1295,23,40248.2,5,162.19999999999914,swap,acceptBad
1296,23,40248.2,5,162.19999999999914,2opt,notBad
1297,23,39179.4,5,162.19999999999914,move,improve
1298,23,39179.4,5,162.19999999999914,move,improve
1299,23,39179.4,5,162.19999999999914,swap,improve
1300,23,38865.0,5,162.19999999999914,move,improve
1301,23,38109.4,5,162.19999999999914,move,improve
1302,23,39452.80000000002,5,162.19999999999914,2opt,acceptBad
1303,23,39452.80000000002,5,162.19999999999914,move,improve
1304,23,41838.8,5,162.19999999999914,2opt,acceptBad
1305,23,41838.8,5,162.19999999999914,move,improve
1306,23,42658.4,5,162.19999999999914,2opt,acceptBad
1307,23,42077.99999999999,5,162.19999999999914,swap,improve
1308,23,42077.99999999999,5,162.19999999999914,2opt,notBad
1309,23,39544.79999999998,5,162.19999999999914,move,improve
1310,23,40657.799999999996,5,162.19999999999914,swap,acceptBad
1311,23,40270.19999999999,5,162.19999999999914,swap,improve
1312,23,40270.19999999999,5,162.19999999999914,2opt,improve
1313,23,41225.99999999999,5,162.19999999999914,swap,acceptBad
1314,23,42177.99999999998,5,162.19999999999914,2opt,acceptBad
1315,23,42177.99999999998,5,162.19999999999914,2opt,notBad
1316,23,41011.39999999996,5,162.19999999999914,move,improve
1317,23,39756.19999999995,5,162.19999999999914,move,improve
1318,23,39756.19999999995,5,162.19999999999914,swap,improve
1319,23,39756.199999999946,5,162.19999999999914,2opt,improve
1320,23,39756.199999999946,5,162.19999999999914,2opt,notBad
1321,23,38677.99999999996,5,162.19999999999914,move,improve
1322,23,38677.99999999996,5,162.19999999999914,move,improve
1323,23,38724.79999999998,5,162.19999999999914,swap,acceptBad
1324,23,40423.599999999984,5,162.19999999999914,swap,acceptBad
1325,23,40423.599999999984,5,162.19999999999914,move,improve
1326,23,39283.59999999999,5,162.19999999999914,move,improve
1327,23,37841.00000000003,5,162.19999999999914,move,improve
1328,23,39527.599999999984,5,162.19999999999914,swap,acceptBad
1329,23,40208.99999999996,5,162.19999999999914,swap,acceptBad
1330,23,41146.000000000044,5,162.19999999999914,2opt,acceptBad
1331,23,42057.800000000025,5,162.19999999999914,2opt,acceptBad
1332,23,40263.600000000006,5,162.19999999999914,2opt,improve
1333,23,45836.800000000025,5,162.19999999999914,swap,acceptBad
1334,23,46909.599999999984,5,162.19999999999914,swap,acceptBad
1335,23,47411.8,5,162.19999999999914,swap,acceptBad
1336,23,48293.20000000003,5,162.19999999999914,swap,acceptBad
1337,23,48190.4,5,162.19999999999914,2opt,improve
1338,23,48190.4,5,162.19999999999914,2opt,notBad
1339,23,48190.4,5,162.19999999999914,2opt,notBad
1340,23,48190.399999999994,5,162.19999999999914,2opt,improve
1341,23,47272.80000000001,5,162.19999999999914,2opt,improve
1342,23,46849.19999999999,5,162.19999999999914,swap,improve
1343,23,46849.19999999999,5,162.19999999999914,swap,improve
1344,23,46741.99999999999,5,162.19999999999914,swap,improve
1345,23,46741.99999999999,5,162.19999999999914,swap,improve
1346,23,44357.20000000001,5,162.19999999999914,move,improve
1347,23,44357.20000000001,5,162.19999999999914,move,improve
1348,23,45160.200000000004,5,162.19999999999914,swap,acceptBad
1349,23,45160.200000000004,5,162.19999999999914,swap,notBad
1350,23,45160.2,5,162.19999999999914,2opt,improve
1351,23,43593.799999999996,5,162.19999999999914,move,improve
1352,23,43593.800000000025,5,162.19999999999914,2opt,acceptBad
1353,23,42395.00000000004,5,162.19999999999914,swap,improve
1354,23,42395.00000000004,5,162.19999999999914,2opt,notBad
1355,23,42395.00000000004,5,162.19999999999914,2opt,notBad
1356,23,41182.20000000006,5,162.19999999999914,move,improve
1357,23,40813.800000000054,5,162.19999999999914,move,improve
1358,23,39450.80000000003,5,162.19999999999914,move,improve
1359,23,39450.80000000003,5,162.19999999999914,2opt,improve
1360,23,39633.40000000003,5,162.19999999999914,swap,acceptBad
1361,23,39549.80000000001,5,162.19999999999914,move,improve
1362,23,39605.80000000001,5,162.19999999999914,swap,acceptBad
1363,23,39923.00000000001,5,162.19999999999914,swap,acceptBad
1364,23,38168.60000000003,5,162.19999999999914,move,improve
1365,23,38168.60000000003,5,162.19999999999914,swap,improve
1366,23,38168.60000000003,5,162.19999999999914,2opt,notBad
1367,23,38168.60000000003,5,162.19999999999914,swap,improve
1368,23,38233.20000000001,5,162.19999999999914,move,acceptBad
1369,23,38175.800000000025,5,162.19999999999914,swap,improve
1370,23,38186.40000000004,5,162.19999999999914,swap,acceptBad
1371,23,39299.400000000045,5,162.19999999999914,swap,acceptBad
1372,23,39299.400000000045,5,162.19999999999914,swap,improve
1373,23,37978.80000000002,5,162.19999999999914,move,improve
1374,23,44229.800000000025,5,162.19999999999914,swap,acceptBad
1375,23,43232.200000000026,5,162.19999999999914,2opt,improve
1376,23,41770.40000000003,5,162.19999999999914,move,improve
1377,23,40764.6,5,162.19999999999914,2opt,improve
1378,23,39921.2,5,162.19999999999914,move,improve
1379,23,41973.99999999999,5,162.19999999999914,swap,acceptBad
1380,23,41973.99999999999,5,162.19999999999914,swap,improve
1381,23,41607.99999999998,5,162.19999999999914,move,improve
1382,23,41607.99999999998,5,162.19999999999914,swap,improve
1383,23,40132.39999999999,5,162.19999999999914,move,improve
1384,23,40132.39999999999,5,162.19999999999914,2opt,notBad
1385,23,40132.39999999999,5,162.19999999999914,swap,improve
1386,23,40132.39999999999,5,162.19999999999914,2opt,notBad
1387,23,40588.399999999965,5,162.19999999999914,2opt,acceptBad
1388,23,40588.399999999965,5,162.19999999999914,2opt,notBad
1389,23,40353.4,5,162.19999999999914,move,improve
1390,23,40351.400000000016,5,162.19999999999914,swap,improve
1391,23,40351.400000000016,5,162.19999999999914,2opt,improve
1392,23,40351.40000000001,5,162.19999999999914,2opt,improve
1393,23,40351.40000000001,5,162.19999999999914,swap,improve
1394,23,40351.40000000001,5,162.19999999999914,swap,improve
1395,23,38936.000000000015,5,162.19999999999914,move,improve
1396,23,40682.8,5,162.19999999999914,2opt,acceptBad
1397,23,41550.40000000001,5,162.19999999999914,swap,acceptBad
1398,23,41503.20000000001,5,162.19999999999914,swap,improve
1399,23,41503.200000000004,5,162.19999999999914,2opt,improve
1400,23,40712.60000000001,5,162.19999999999914,move,improve
1401,23,40737.80000000001,5,162.19999999999914,swap,acceptBad
1402,23,40737.80000000001,5,162.19999999999914,2opt,improve
1403,23,40737.80000000001,5,162.19999999999914,swap,improve
1404,23,41050.000000000015,5,162.19999999999914,swap,acceptBad
1405,23,41050.000000000015,5,162.19999999999914,swap,improve
1406,23,41050.000000000015,5,162.19999999999914,swap,notBad
1407,23,40151.0,5,162.19999999999914,2opt,improve
1408,23,38804.399999999994,5,162.19999999999914,swap,improve
1409,23,38456.80000000001,5,162.19999999999914,swap,improve
1410,23,37497.80000000001,5,162.19999999999914,move,improve
1411,23,37302.200000000004,5,162.19999999999914,move,improve
1412,23,35031.80000000002,5,162.19999999999914,move,improve
1413,23,34340.6,5,162.19999999999914,move,improve
1414,23,32663.200000000004,5,162.19999999999914,move,improve
1415,23,32663.200000000004,5,162.19999999999914,2opt,notBad
1416,23,32917.19999999999,5,162.19999999999914,swap,acceptBad
1417,23,31927.200000000004,5,162.19999999999914,move,improve
1418,23,31377.799999999985,5,162.19999999999914,2opt,improve
1419,23,30558.79999999999,5,162.19999999999914,move,improve
1420,23,30558.79999999999,5,162.19999999999914,2opt,notBad
1421,23,37436.6,5,162.19999999999914,swap,acceptBad
1422,23,37436.6,5,162.19999999999914,swap,improve
1423,23,37436.6,5,162.19999999999914,2opt,notBad
1424,23,37408.6,5,162.19999999999914,move,improve
1425,23,37486.99999999999,5,162.19999999999914,swap,acceptBad
1426,23,35141.79999999999,5,162.19999999999914,move,improve
1427,23,35141.79999999999,5,162.19999999999914,2opt,improve
1428,23,34917.199999999975,5,162.19999999999914,swap,improve
1429,23,36227.59999999999,5,162.19999999999914,swap,acceptBad
1430,23,36227.59999999999,5,162.19999999999914,2opt,notBad
1431,23,36227.59999999999,5,162.19999999999914,swap,improve
1432,23,35938.80000000002,5,162.19999999999914,swap,improve
1433,23,36095.600000000006,5,162.19999999999914,swap,acceptBad
1434,23,36095.600000000006,5,162.19999999999914,2opt,improve
1435,23,36095.600000000006,5,162.19999999999914,swap,notBad
1436,23,37659.20000000002,5,162.19999999999914,2opt,acceptBad
1437,23,37659.20000000002,5,162.19999999999914,2opt,improve
1438,23,36537.200000000026,5,162.19999999999914,move,improve
1439,23,36537.200000000026,5,162.19999999999914,move,improve
1440,23,36742.60000000002,5,162.19999999999914,swap,acceptBad
1441,23,36548.00000000002,5,162.19999999999914,move,improve
1442,23,35825.20000000002,5,162.19999999999914,move,improve
1443,23,35825.20000000002,5,162.19999999999914,move,improve
1444,23,35825.20000000002,5,162.19999999999914,swap,improve
1445,23,35600.400000000016,5,162.19999999999914,move,improve
1446,23,35600.400000000016,5,162.19999999999914,2opt,improve
1447,23,35600.400000000016,5,162.19999999999914,move,improve
1448,23,35600.400000000016,5,162.19999999999914,move,improve
1449,23,35121.800000000025,5,162.19999999999914,2opt,improve
1450,23,35132.800000000025,5,162.19999999999914,2opt,acceptBad
1451,23,35132.800000000025,5,162.19999999999914,swap,notBad
1452,23,34898.400000000016,5,162.19999999999914,move,improve
1453,23,34787.80000000001,5,162.19999999999914,swap,improve
1454,23,34602.80000000001,5,162.19999999999914,move,improve
1455,23,34602.80000000001,5,162.19999999999914,2opt,notBad
1456,23,34602.80000000001,5,162.19999999999914,2opt,notBad
1457,23,34602.80000000001,5,162.19999999999914,2opt,improve
1458,23,34696.200000000004,5,162.19999999999914,swap,acceptBad
1459,23,33558.60000000001,5,162.19999999999914,move,improve
1460,23,34407.8,5,162.19999999999914,swap,acceptBad
1461,23,34570.600000000006,5,162.19999999999914,swap,acceptBad
1462,23,34570.600000000006,5,162.19999999999914,2opt,notBad
1463,23,35634.6,5,162.19999999999914,swap,acceptBad
1464,23,35255.600000000006,5,162.19999999999914,2opt,improve
1465,23,35255.600000000006,5,162.19999999999914,swap,improve
1466,23,35255.600000000006,5,162.19999999999914,move,improve
1467,23,35255.600000000006,5,162.19999999999914,move,improve
1468,23,35255.600000000006,5,162.19999999999914,swap,improve
1469,23,35916.40000000001,5,162.19999999999914,swap,acceptBad
1470,23,35045.6,5,162.19999999999914,2opt,improve
1471,23,35045.6,5,162.19999999999914,2opt,notBad
1472,23,35045.6,5,162.19999999999914,swap,notBad
1473,23,35492.80000000002,5,162.19999999999914,swap,acceptBad
1474,23,35492.80000000002,5,162.19999999999914,swap,improve
1475,23,35492.80000000002,5,162.19999999999914,move,improve
1476,23,35492.80000000002,5,162.19999999999914,2opt,notBad
1477,23,35785.80000000001,5,162.19999999999914,swap,acceptBad
1478,23,34887.000000000015,5,162.19999999999914,move,improve
1479,23,34713.40000000002,5,162.19999999999914,swap,improve
1480,23,33562.59999999999,5,162.19999999999914,move,improve
1481,23,32548.59999999999,5,162.19999999999914,move,improve
1482,23,32548.59999999999,5,162.19999999999914,move,improve
1483,23,35807.20000000001,5,162.19999999999914,swap,acceptBad
1484,23,35807.20000000001,5,162.19999999999914,move,improve
1485,23,36484.39999999997,5,162.19999999999914,2opt,acceptBad
1486,23,34429.79999999999,5,162.19999999999914,move,improve
1487,23,34429.79999999999,5,162.19999999999914,move,improve
1488,23,34012.99999999999,5,162.19999999999914,move,improve
1489,23,34012.99999999999,5,162.19999999999914,swap,improve
1490,23,34012.99999999999,5,162.19999999999914,2opt,improve
1491,23,34012.999999999985,5,162.19999999999914,2opt,improve
1492,23,34012.999999999985,5,162.19999999999914,move,improve
1493,23,34012.999999999985,5,162.19999999999914,2opt,notBad
1494,23,34012.999999999985,5,162.19999999999914,swap,improve
1495,23,34012.999999999985,5,162.19999999999914,move,improve
1496,23,33943.19999999998,5,162.19999999999914,move,improve
1497,23,32956.59999999999,5,162.19999999999914,move,improve
1498,23,32956.59999999999,5,162.19999999999914,2opt,notBad
1499,23,32956.59999999999,5,162.19999999999914,swap,improve
1500,23,33505.799999999996,5,162.19999999999914,swap,acceptBad
1501,23,33505.799999999996,5,162.19999999999914,swap,notBad
1502,23,33505.799999999996,5,162.19999999999914,2opt,notBad
1503,23,33505.799999999996,5,162.19999999999914,2opt,notBad
1504,23,36557.59999999999,5,162.19999999999914,2opt,acceptBad
1505,23,36557.59999999999,5,162.19999999999914,move,improve
1506,23,36363.99999999999,5,162.19999999999914,move,improve
1507,23,36363.999999999985,5,162.19999999999914,2opt,improve
1508,23,36145.79999999998,5,162.19999999999914,swap,improve
1509,23,36145.79999999998,5,162.19999999999914,swap,notBad
1510,23,35586.199999999975,5,162.19999999999914,move,improve
1511,23,35292.59999999997,5,162.19999999999914,move,improve
1512,23,35292.59999999997,5,162.19999999999914,swap,improve
1513,23,35218.799999999974,5,162.19999999999914,swap,improve
1514,23,34451.99999999997,5,162.19999999999914,move,improve
1515,23,34451.99999999997,5,162.19999999999914,swap,notBad
1516,23,34948.79999999996,5,162.19999999999914,2opt,acceptBad
1517,23,34948.79999999996,5,162.19999999999914,2opt,notBad
1518,23,35533.599999999984,5,162.19999999999914,2opt,acceptBad
1519,23,35725.19999999999,5,162.19999999999914,swap,acceptBad
1520,23,36017.19999999999,5,162.19999999999914,swap,acceptBad
1521,23,36065.19999999999,5,162.19999999999914,swap,acceptBad
1522,23,36065.20000000001,5,162.19999999999914,2opt,acceptBad
1523,23,35111.59999999999,5,162.19999999999914,2opt,improve
1524,23,35111.59999999999,5,162.19999999999914,2opt,notBad
1525,23,38537.6,5,162.19999999999914,swap,acceptBad
1526,23,38537.6,5,162.19999999999914,2opt,improve
1527,23,38537.59999999999,5,162.19999999999914,2opt,improve
1528,23,38537.59999999999,5,162.19999999999914,move,improve
1529,23,37545.39999999999,5,162.19999999999914,move,improve
1530,23,36850.19999999997,5,162.19999999999914,move,improve
1531,23,36607.19999999997,5,162.19999999999914,move,improve
1532,23,36608.39999999996,5,162.19999999999914,swap,acceptBad
1533,23,36608.39999999996,5,162.19999999999914,move,improve
1534,23,36765.39999999997,5,162.19999999999914,swap,acceptBad
1535,23,36765.39999999997,5,162.19999999999914,move,improve
1536,23,37339.59999999996,5,162.19999999999914,swap,acceptBad
1537,23,35608.99999999996,5,162.19999999999914,move,improve
1538,23,35450.199999999975,5,162.19999999999914,2opt,improve
1539,23,35285.199999999975,5,162.19999999999914,swap,improve
1540,23,33630.99999999997,5,162.19999999999914,move,improve
1541,23,33836.79999999998,5,162.19999999999914,swap,acceptBad
1542,23,33612.599999999984,5,162.19999999999914,move,improve
1543,23,32515.8,5,162.19999999999914,move,improve
1544,23,32230.00000000002,5,162.19999999999914,move,improve
1545,23,31353.400000000016,5,162.19999999999914,move,improve
1546,23,30667.60000000001,5,162.19999999999914,move,improve
1547,23,32284.999999999996,5,162.19999999999914,swap,acceptBad
1548,23,32692.000000000015,5,162.19999999999914,2opt,acceptBad
1549,23,30016.199999999997,5,162.19999999999914,move,improve
1550,23,35454.8,5,162.19999999999914,swap,acceptBad
1551,23,30417.999999999996,5,162.19999999999914,move,improve
1552,23,31609.99999999999,5,162.19999999999914,swap,acceptBad
1553,23,31609.99999999999,5,162.19999999999914,2opt,improve
1554,22,28023.099999999988,5,162.19999999999914,move,improve
1555,22,26550.499999999985,5,162.19999999999914,move,improve
1556,22,26487.39999999999,5,162.19999999999914,swap,improve
1557,22,28307.499999999993,5,162.19999999999914,2opt,acceptBad
1558,22,28307.499999999993,5,162.19999999999914,2opt,notBad
1559,22,28307.499999999993,5,162.19999999999914,move,improve
1560,22,28307.499999999993,5,162.19999999999914,move,improve
1561,22,28307.499999999993,5,162.19999999999914,move,improve
1562,22,28307.499999999993,5,162.19999999999914,swap,improve
1563,22,27185.599999999995,5,162.19999999999914,move,improve
1564,22,27185.599999999995,5,162.19999999999914,move,improve
1565,22,27377.499999999996,5,162.19999999999914,swap,acceptBad
1566,22,27377.499999999996,5,162.19999999999914,2opt,notBad
1567,22,26033.300000000003,5,162.19999999999914,move,improve
1568,22,26033.300000000003,5,162.19999999999914,move,improve
1569,22,26033.300000000003,5,162.19999999999914,move,improve
1570,22,25001.099999999995,5,162.19999999999914,move,improve
1571,22,25001.099999999995,5,162.19999999999914,swap,notBad
1572,22,25001.099999999995,5,162.19999999999914,swap,improve
1573,22,25001.099999999995,5,162.19999999999914,2opt,notBad
1574,22,25001.099999999995,5,162.19999999999914,swap,improve
1575,22,25001.099999999995,5,162.19999999999914,swap,improve
1576,22,24283.299999999996,5,162.19999999999914,move,improve
1577,22,26290.900000000012,5,162.19999999999914,swap,acceptBad
1578,22,26736.30000000002,5,162.19999999999914,swap,acceptBad
1579,22,26736.30000000002,5,162.19999999999914,move,improve
1580,22,26736.30000000002,5,162.19999999999914,2opt,notBad
1581,22,25918.50000000001,5,162.19999999999914,move,improve
1582,22,25918.50000000001,5,162.19999999999914,move,improve
1583,22,25918.50000000001,5,162.19999999999914,2opt,notBad
1584,22,25918.50000000001,5,162.19999999999914,2opt,notBad
1585,22,25918.50000000001,5,162.19999999999914,move,improve
1586,22,26002.599999999995,5,162.19999999999914,swap,acceptBad
1587,22,26002.599999999995,5,162.19999999999914,2opt,notBad
1588,22,26002.599999999995,5,162.19999999999914,swap,notBad
1589,22,24662.799999999992,5,162.19999999999914,move,improve
1590,22,24662.799999999992,5,162.19999999999914,move,improve
1591,22,24662.799999999992,5,162.19999999999914,2opt,notBad
1592,22,24662.799999999996,5,162.19999999999914,2opt,acceptBad
1593,22,24662.799999999996,5,162.19999999999914,2opt,improve
1594,22,24548.8,5,162.19999999999914,move,improve
1595,22,24548.8,5,162.19999999999914,move,improve
1596,22,24548.8,5,162.19999999999914,swap,improve
1597,22,24548.8,5,162.19999999999914,2opt,notBad
1598,22,24370.200000000008,5,162.19999999999914,move,improve
1599,22,24370.20000000001,5,162.19999999999914,2opt,acceptBad
1600,22,25311.800000000014,5,162.19999999999914,swap,acceptBad
1601,22,25311.800000000014,5,162.19999999999914,2opt,notBad
1602,22,25311.800000000014,5,162.19999999999914,swap,notBad
1603,22,31145.00000000001,5,162.19999999999914,swap,acceptBad
1604,22,31145.00000000001,5,162.19999999999914,move,improve
1605,22,31145.000000000007,5,162.19999999999914,2opt,improve
1606,22,30399.999999999996,5,162.19999999999914,move,improve
1607,22,28915.299999999996,5,162.19999999999914,move,improve
1608,22,28915.299999999996,5,162.19999999999914,2opt,notBad
1609,22,27950.59999999999,5,162.19999999999914,move,improve
1610,22,26881.6,5,162.19999999999914,move,improve
1611,22,26891.499999999985,5,162.19999999999914,swap,acceptBad
1612,22,26287.199999999997,5,162.19999999999914,move,improve
1613,22,24874.5,5,162.19999999999914,move,improve
1614,22,24874.5,5,162.19999999999914,swap,notBad
1615,22,25194.4,5,162.19999999999914,swap,acceptBad
1616,22,25194.4,5,162.19999999999914,move,improve
1617,22,25194.4,5,162.19999999999914,2opt,improve
1618,22,25194.4,5,162.19999999999914,move,improve
1619,22,24501.399999999998,5,162.19999999999914,move,improve
1620,22,25667.79999999999,5,162.19999999999914,swap,acceptBad
1621,22,25667.79999999999,5,162.19999999999914,move,improve
1622,22,25667.79999999999,5,162.19999999999914,move,improve
1623,22,25667.79999999999,5,162.19999999999914,move,improve
1624,22,25667.79999999999,5,162.19999999999914,2opt,notBad
1625,22,25667.79999999999,5,162.19999999999914,2opt,notBad
1626,22,26084.899999999987,5,162.19999999999914,swap,acceptBad
1627,22,26084.899999999987,5,162.19999999999914,swap,notBad
1628,22,26084.899999999987,5,162.19999999999914,2opt,improve
1629,22,26084.899999999987,5,162.19999999999914,2opt,notBad
1630,22,26370.89999999999,5,162.19999999999914,swap,acceptBad
1631,22,25446.89999999999,5,162.19999999999914,move,improve
1632,22,25446.89999999999,5,162.19999999999914,move,improve
1633,22,26181.899999999994,5,162.19999999999914,2opt,acceptBad
1634,22,26181.89999999999,5,162.19999999999914,2opt,improve
1635,22,25434.299999999974,5,162.19999999999914,move,improve
1636,22,25430.19999999998,5,162.19999999999914,swap,improve
1637,22,25430.19999999998,5,162.19999999999914,2opt,notBad
1638,22,27745.29999999998,5,162.19999999999914,swap,acceptBad
1639,22,27884.499999999956,5,162.19999999999914,2opt,acceptBad
1640,22,27884.499999999956,5,162.19999999999914,2opt,notBad
1641,21,21851.19999999998,5,162.19999999999914,move,improve
1642,21,21851.19999999998,5,162.19999999999914,swap,notBad
1643,20,19039.299999999996,5,162.19999999999914,move,improve
1644,20,19000.799999999996,5,162.19999999999914,swap,improve
1645,20,19000.799999999996,5,162.19999999999914,2opt,notBad
1646,20,19195.09999999999,5,162.19999999999914,swap,acceptBad
1647,20,19195.09999999999,5,162.19999999999914,move,improve
1648,20,19195.09999999999,5,162.19999999999914,2opt,improve
1649,20,19195.09999999999,5,162.19999999999914,2opt,notBad
1650,20,19195.09999999999,5,162.19999999999914,2opt,notBad
1651,20,20889.899999999998,5,162.19999999999914,2opt,acceptBad
1652,20,20268.900000000005,5,162.19999999999914,move,improve
1653,20,20268.900000000005,5,162.19999999999914,2opt,notBad
1654,20,20268.900000000005,5,162.19999999999914,2opt,notBad
1655,20,19291.800000000003,5,162.19999999999914,move,improve
1656,20,19291.800000000003,5,162.19999999999914,move,improve
1657,20,19291.800000000017,5,162.19999999999914,2opt,acceptBad
1658,20,19291.800000000017,5,162.19999999999914,2opt,notBad
1659,20,19291.800000000003,5,162.19999999999914,2opt,improve
1660,20,19291.800000000003,5,162.19999999999914,swap,notBad
1661,20,18967.800000000003,5,162.19999999999914,move,improve
1662,20,18805.400000000012,5,162.19999999999914,swap,improve
1663,20,18705.199999999993,5,162.19999999999914,2opt,improve
1664,20,18705.200000000008,5,162.19999999999914,2opt,acceptBad
1665,20,17906.10000000001,5,162.19999999999914,move,improve
1666,20,18626.300000000017,5,162.19999999999914,swap,acceptBad
1667,20,18626.299999999996,5,162.19999999999914,2opt,improve
1668,20,19489.199999999993,5,162.19999999999914,swap,acceptBad
1669,20,18849.999999999993,5,162.19999999999914,move,improve
1670,20,18849.999999999993,5,162.19999999999914,move,improve
1671,20,18849.999999999993,5,162.19999999999914,2opt,notBad
1672,20,18849.999999999993,5,162.19999999999914,move,improve
1673,20,19287.1,5,162.19999999999914,2opt,acceptBad
1674,20,19287.1,5,162.19999999999914,move,improve
1675,20,19287.10000000001,5,162.19999999999914,2opt,acceptBad
1676,20,18756.10000000001,5,162.19999999999914,move,improve
1677,20,18756.100000000002,5,162.19999999999914,2opt,improve
1678,20,18756.100000000002,5,162.19999999999914,swap,improve
1679,20,18073.300000000014,5,162.19999999999914,move,improve
1680,20,18073.300000000014,5,162.19999999999914,2opt,notBad
1681,20,18073.300000000014,5,162.19999999999914,move,improve
1682,20,18073.300000000014,5,162.19999999999914,2opt,notBad
1683,20,18098.600000000013,5,162.19999999999914,swap,acceptBad
1684,20,18098.600000000013,5,162.19999999999914,2opt,notBad
1685,20,18098.600000000013,5,162.19999999999914,2opt,improve
1686,20,18047.70000000001,5,162.19999999999914,move,improve
1687,20,18047.70000000001,5,162.19999999999914,swap,notBad
1688,20,16710.500000000007,5,162.19999999999914,move,improve
1689,20,15884.899999999998,5,162.19999999999914,move,improve
1690,20,15884.900000000001,5,162.19999999999914,2opt,acceptBad
1691,20,15127.400000000003,5,162.19999999999914,move,improve
1692,20,14598.40000000001,5,162.19999999999914,move,improve
1693,20,14598.40000000001,5,162.19999999999914,move,improve
1694,20,14598.40000000001,5,162.19999999999914,2opt,improve
1695,20,14598.40000000001,5,162.19999999999914,move,improve
1696,20,15287.700000000012,5,162.19999999999914,2opt,acceptBad
1697,20,15287.70000000001,5,162.19999999999914,2opt,improve
1698,20,15287.70000000001,5,162.19999999999914,swap,improve
1699,20,15119.500000000004,5,162.19999999999914,2opt,improve
1700,20,15119.500000000004,5,162.19999999999914,2opt,notBad
1701,20,15382.400000000003,5,162.19999999999914,2opt,acceptBad
1702,20,15382.400000000003,5,162.19999999999914,swap,improve
1703,20,15382.400000000003,5,162.19999999999914,2opt,improve
1704,20,15382.400000000003,5,162.19999999999914,2opt,notBad
1705,20,15382.400000000003,5,162.19999999999914,swap,improve
1706,20,14654.400000000007,5,162.19999999999914,swap,improve
1707,20,14654.400000000007,5,162.19999999999914,swap,improve
1708,20,14654.400000000007,5,162.19999999999914,swap,notBad
1709,20,14654.400000000007,5,162.19999999999914,2opt,notBad
1710,20,15655.200000000006,5,162.19999999999914,swap,acceptBad
1711,20,15655.200000000006,5,162.19999999999914,2opt,improve
1712,20,15648.600000000002,5,162.19999999999914,swap,improve
1713,20,15648.6,5,162.19999999999914,2opt,improve
1714,20,15648.6,5,162.19999999999914,2opt,notBad
1715,20,15470.600000000004,5,162.19999999999914,move,improve
1716,20,15470.600000000004,5,162.19999999999914,2opt,notBad
1717,20,15423.900000000003,5,162.19999999999914,move,improve
1718,20,15423.900000000003,5,162.19999999999914,2opt,improve
1719,20,15423.900000000009,5,162.19999999999914,2opt,acceptBad
1720,20,15236.900000000009,5,162.19999999999914,move,improve
1721,20,15236.899999999998,5,162.19999999999914,2opt,improve
1722,20,15236.900000000001,5,162.19999999999914,2opt,acceptBad
1723,20,14833.300000000003,5,162.19999999999914,move,improve
1724,20,14833.300000000003,5,162.19999999999914,move,improve
1725,20,14416.100000000002,5,162.19999999999914,move,improve
1726,20,14416.099999999999,5,162.19999999999914,2opt,improve
1727,20,14416.099999999999,5,162.19999999999914,2opt,notBad
1728,20,14416.099999999999,5,162.19999999999914,swap,improve
1729,20,14416.099999999999,5,162.19999999999914,swap,notBad
1730,20,14416.099999999999,5,162.19999999999914,2opt,notBad
1731,20,15062.20000000001,5,162.19999999999914,swap,acceptBad
1732,20,15062.20000000001,5,162.19999999999914,move,improve
1733,20,15062.20000000001,5,162.19999999999914,move,improve
1734,20,14205.700000000004,5,162.19999999999914,move,improve
1735,20,14205.700000000004,5,162.19999999999914,swap,notBad
1736,20,14205.700000000004,5,162.19999999999914,swap,improve
1737,20,14205.700000000004,5,162.19999999999914,2opt,notBad
1738,20,14205.700000000004,5,162.19999999999914,2opt,notBad
1739,20,13895.2,5,162.19999999999914,swap,improve
1740,20,14554.800000000005,5,162.19999999999914,swap,acceptBad
1741,20,14509.800000000005,5,162.19999999999914,swap,improve
1742,20,14509.800000000005,5,162.19999999999914,2opt,notBad
1743,20,14509.800000000005,5,162.19999999999914,move,improve
1744,20,14509.800000000005,5,162.19999999999914,2opt,notBad
1745,20,15260.600000000002,5,162.19999999999914,swap,acceptBad
1746,20,15528.100000000008,5,162.19999999999914,swap,acceptBad
1747,20,15494.100000000004,5,162.19999999999914,swap,improve
1748,20,15494.100000000004,5,162.19999999999914,swap,improve
1749,20,15486.000000000005,5,162.19999999999914,move,improve
1750,20,15486.000000000005,5,162.19999999999914,move,improve
1751,20,16356.20000000001,5,162.19999999999914,2opt,acceptBad
1752,20,15637.000000000005,5,162.19999999999914,move,improve
1753,20,15616.800000000005,5,162.19999999999914,swap,improve
1754,20,15502.600000000004,5,162.19999999999914,move,improve
1755,20,15502.600000000004,5,162.19999999999914,swap,improve
1756,20,14010.199999999993,5,162.19999999999914,move,improve
1757,20,14010.199999999993,5,162.19999999999914,2opt,notBad
1758,20,14010.199999999993,5,162.19999999999914,move,improve
1759,20,14010.199999999993,5,162.19999999999914,2opt,notBad
1760,20,13979.599999999995,5,162.19999999999914,move,improve
1761,20,14210.699999999997,5,162.19999999999914,2opt,acceptBad
1762,20,14210.699999999997,5,162.19999999999914,move,improve
1763,20,13459.300000000003,5,162.19999999999914,move,improve
1764,20,13459.300000000003,5,162.19999999999914,move,improve
1765,20,13584.700000000004,5,162.19999999999914,swap,acceptBad
1766,20,13556.400000000005,5,162.19999999999914,swap,improve
1767,20,13556.400000000005,5,162.19999999999914,move,improve
1768,20,15874.800000000003,5,162.19999999999914,swap,acceptBad
1769,20,15667.299999999996,5,162.19999999999914,move,improve
1770,20,15667.299999999996,5,162.19999999999914,2opt,notBad
1771,20,15667.299999999996,5,162.19999999999914,2opt,notBad
1772,20,14773.699999999997,5,162.19999999999914,move,improve
1773,20,13087.5,5,162.19999999999914,move,improve
1774,20,13087.5,5,162.19999999999914,2opt,notBad
1775,20,14505.599999999993,5,162.19999999999914,swap,acceptBad
1776,20,14505.599999999993,5,162.19999999999914,2opt,improve
1777,20,14505.599999999993,5,162.19999999999914,swap,notBad
1778,20,14742.499999999987,5,162.19999999999914,swap,acceptBad
1779,20,14742.499999999987,5,162.19999999999914,swap,notBad
1780,20,14803.699999999993,5,162.19999999999914,2opt,acceptBad
1781,20,16482.09999999999,5,162.19999999999914,swap,acceptBad
1782,20,15297.699999999993,5,162.19999999999914,move,improve
1783,20,15297.699999999993,5,162.19999999999914,2opt,notBad
1784,20,15117.69999999999,5,162.19999999999914,move,improve
1785,20,15117.69999999999,5,162.19999999999914,2opt,notBad
1786,20,15117.69999999999,5,162.19999999999914,swap,improve
1787,20,15116.49999999999,5,162.19999999999914,swap,improve
1788,20,13931.500000000002,5,162.19999999999914,2opt,improve
1789,20,13931.500000000002,5,162.19999999999914,swap,improve
1790,20,13931.500000000002,5,162.19999999999914,move,improve
1791,20,13931.500000000002,5,162.19999999999914,2opt,notBad
1792,20,13931.500000000002,5,162.19999999999914,move,improve
1793,20,13690.1,5,162.19999999999914,move,improve
1794,20,13690.1,5,162.19999999999914,2opt,notBad
1795,20,13690.1,5,162.19999999999914,2opt,notBad
1796,20,13690.099999999999,5,162.19999999999914,2opt,improve
1797,20,12892.999999999998,5,162.19999999999914,move,improve
1798,20,12895.399999999994,5,162.19999999999914,2opt,acceptBad
1799,20,12895.399999999994,5,162.19999999999914,2opt,improve
1800,20,13724.699999999995,5,162.19999999999914,2opt,acceptBad
1801,20,12705.199999999995,5,162.19999999999914,move,improve
1802,20,12705.199999999995,5,162.19999999999914,2opt,notBad
1803,20,12705.199999999995,5,162.19999999999914,swap,improve
1804,20,12705.199999999997,5,162.19999999999914,2opt,acceptBad
1805,20,12371.699999999995,5,162.19999999999914,swap,improve
1806,20,12371.699999999995,5,162.19999999999914,swap,notBad
1807,20,12371.699999999995,5,162.19999999999914,move,improve
1808,20,12371.699999999995,5,162.19999999999914,swap,notBad
1809,20,11940.999999999993,5,162.19999999999914,2opt,improve
1810,20,11950.899999999994,5,162.19999999999914,swap,acceptBad
1811,20,11950.899999999994,5,162.19999999999914,move,improve
1812,20,10950.899999999994,5,162.19999999999914,move,improve
1813,20,10946.099999999999,5,162.19999999999914,2opt,improve
1814,20,10946.099999999999,5,162.19999999999914,2opt,notBad
1815,19,9284.4,5,162.19999999999914,move,improve
1816,19,9284.4,5,162.19999999999914,move,improve
1817,19,9284.4,5,162.19999999999914,2opt,improve
1818,19,9284.4,5,162.19999999999914,2opt,improve
1819,19,9284.4,5,162.19999999999914,2opt,notBad
1820,19,9284.4,5,162.19999999999914,swap,improve
1821,19,9284.4,5,162.19999999999914,move,improve
1822,19,9284.4,5,162.19999999999914,2opt,improve
1823,19,9767.199999999999,5,162.19999999999914,swap,acceptBad
1824,19,10139.2,5,162.19999999999914,swap,acceptBad
1825,19,10139.2,5,162.19999999999914,move,improve
1826,19,10139.2,5,162.19999999999914,2opt,notBad
1827,19,10139.2,5,162.19999999999914,move,improve
1828,19,10445.000000000004,5,162.19999999999914,swap,acceptBad
1829,19,10445.000000000004,5,162.19999999999914,swap,improve
1830,19,10445.000000000004,5,162.19999999999914,2opt,notBad
1831,19,10445.000000000004,5,162.19999999999914,move,improve
1832,19,9789.600000000004,5,162.19999999999914,move,improve
1833,19,9789.600000000004,5,162.19999999999914,2opt,notBad
1834,19,8960.4,5,162.19999999999914,move,improve
1835,19,8960.4,5,162.19999999999914,2opt,notBad
1836,19,8960.4,5,162.19999999999914,swap,notBad
1837,19,9615.399999999998,5,162.19999999999914,swap,acceptBad
1838,19,9615.399999999998,5,162.19999999999914,move,improve
1839,19,9615.399999999998,5,162.19999999999914,swap,notBad
1840,19,9615.399999999998,5,162.19999999999914,swap,notBad
1841,19,9615.399999999998,5,162.19999999999914,swap,notBad
1842,19,9615.399999999998,5,162.19999999999914,2opt,notBad
1843,19,9615.399999999998,5,162.19999999999914,2opt,improve
1844,19,9615.399999999998,5,162.19999999999914,2opt,notBad
1845,19,9615.399999999998,5,162.19999999999914,move,improve
1846,19,9615.399999999994,5,162.19999999999914,2opt,improve
1847,19,8948.599999999995,5,162.19999999999914,move,improve
1848,19,8948.599999999995,5,162.19999999999914,move,improve
1849,19,8568.8,5,162.19999999999914,move,improve
1850,19,10895.600000000002,5,162.19999999999914,swap,acceptBad
1851,19,10871.2,5,162.19999999999914,swap,improve
1852,19,10871.2,5,162.19999999999914,2opt,notBad
1853,19,12433.600000000008,5,162.19999999999914,swap,acceptBad
1854,19,12433.600000000008,5,162.19999999999914,swap,notBad
1855,19,12433.600000000008,5,162.19999999999914,2opt,improve
1856,19,12433.600000000008,5,162.19999999999914,move,improve
1857,19,14199.600000000002,5,162.19999999999914,swap,acceptBad
1858,19,14375.000000000004,5,162.19999999999914,swap,acceptBad
1859,19,14375.000000000004,5,162.19999999999914,swap,notBad
1860,19,14375.000000000004,5,162.19999999999914,swap,improve
1861,19,10331.200000000003,5,162.19999999999914,move,improve
1862,19,10339.600000000004,5,162.19999999999914,swap,acceptBad
1863,19,10339.600000000004,5,162.19999999999914,2opt,notBad
1864,19,10339.600000000004,5,162.19999999999914,swap,improve
1865,19,10339.600000000004,5,162.19999999999914,2opt,notBad
1866,19,10339.600000000004,5,162.19999999999914,2opt,notBad
1867,19,12574.800000000008,5,162.19999999999914,swap,acceptBad
1868,19,12574.800000000008,5,162.19999999999914,swap,improve
1869,19,12574.800000000012,5,162.19999999999914,2opt,acceptBad
1870,19,12574.80000000001,5,162.19999999999914,2opt,improve
1871,19,12690.600000000006,5,162.19999999999914,swap,acceptBad
1872,19,12690.600000000006,5,162.19999999999914,swap,notBad
1873,19,12690.600000000006,5,162.19999999999914,2opt,notBad
1874,19,13849.199999999999,5,162.19999999999914,swap,acceptBad
1875,19,12433.800000000001,5,162.19999999999914,move,improve
1876,19,12433.800000000001,5,162.19999999999914,2opt,notBad
1877,19,13077.800000000001,5,162.19999999999914,2opt,acceptBad
1878,19,12585.000000000004,5,162.19999999999914,swap,improve
1879,18,10484.600000000006,5,162.19999999999914,move,improve
1880,18,10251.700000000008,5,162.19999999999914,move,improve
1881,18,10251.700000000008,5,162.19999999999914,2opt,notBad
1882,18,10251.700000000008,5,162.19999999999914,2opt,notBad
1883,18,10251.700000000008,5,162.19999999999914,move,improve
1884,18,9590.600000000002,5,162.19999999999914,2opt,improve
1885,18,9590.600000000002,5,162.19999999999914,2opt,notBad
1886,18,9692.900000000005,5,162.19999999999914,swap,acceptBad
1887,18,9692.900000000005,5,162.19999999999914,2opt,notBad
1888,18,10427.600000000004,5,162.19999999999914,swap,acceptBad
1889,18,10427.600000000004,5,162.19999999999914,2opt,notBad
1890,18,11477.0,5,162.19999999999914,swap,acceptBad
1891,18,11477.0,5,162.19999999999914,2opt,notBad
1892,18,10576.099999999995,5,162.19999999999914,2opt,improve
1893,18,10576.099999999995,5,162.19999999999914,move,improve
1894,18,10533.399999999994,5,162.19999999999914,2opt,improve
1895,18,10113.399999999994,5,162.19999999999914,swap,improve
1896,18,9714.599999999999,5,162.19999999999914,swap,improve
1897,18,9714.599999999999,5,162.19999999999914,swap,improve
1898,18,9138.3,5,162.19999999999914,swap,improve
1899,18,9138.3,5,162.19999999999914,move,improve
1900,18,9135.599999999999,5,162.19999999999914,move,improve
1901,18,8348.399999999998,5,162.19999999999914,move,improve
1902,18,9698.199999999997,5,162.19999999999914,swap,acceptBad
1903,18,9698.200000000004,5,162.19999999999914,2opt,acceptBad
1904,18,9698.200000000004,5,162.19999999999914,move,improve
1905,18,9698.200000000004,5,162.19999999999914,2opt,notBad
1906,18,9698.200000000004,5,162.19999999999914,move,improve
1907,18,9698.200000000004,5,162.19999999999914,2opt,improve
1908,18,8318.599999999999,5,162.19999999999914,move,improve
1909,18,7891.900000000003,5,162.19999999999914,move,improve
1910,18,7891.900000000003,5,162.19999999999914,2opt,notBad
1911,18,7839.900000000003,5,162.19999999999914,swap,improve
1912,18,7839.900000000003,5,162.19999999999914,swap,improve
1913,18,7839.900000000003,5,162.19999999999914,swap,notBad
1914,18,7391.800000000001,5,162.19999999999914,move,improve
1915,18,7336.700000000002,5,162.19999999999914,2opt,improve
1916,18,7267.8,5,162.19999999999914,move,improve
1917,18,7267.799999999999,5,162.19999999999914,2opt,improve
1918,18,8165.8,5,162.19999999999914,swap,acceptBad
1919,18,8437.899999999998,5,162.19999999999914,2opt,acceptBad
1920,18,8437.899999999998,5,162.19999999999914,2opt,notBad
1921,18,8437.899999999998,5,162.19999999999914,move,improve
1922,18,8437.899999999998,5,162.19999999999914,2opt,improve
1923,18,8437.899999999998,5,162.19999999999914,move,improve
1924,18,7907.8,5,162.19999999999914,move,improve
1925,18,7907.8,5,162.19999999999914,swap,notBad
1926,18,7907.8,5,162.19999999999914,2opt,notBad
1927,18,7435.699999999999,5,162.19999999999914,move,improve
1928,18,7435.699999999999,5,162.19999999999914,2opt,improve
1929,18,7039.499999999996,5,162.19999999999914,move,improve
1930,18,7165.199999999997,5,162.19999999999914,swap,acceptBad
1931,18,7165.199999999997,5,162.19999999999914,2opt,notBad
1932,18,7055.499999999993,5,162.19999999999914,2opt,improve
1933,18,7055.499999999993,5,162.19999999999914,2opt,notBad
1934,18,7055.499999999993,5,162.19999999999914,move,improve
1935,18,7055.499999999993,5,162.19999999999914,swap,improve
1936,18,7084.999999999994,5,162.19999999999914,swap,acceptBad
1937,18,7084.999999999994,5,162.19999999999914,2opt,notBad
1938,18,7084.999999999994,5,162.19999999999914,2opt,notBad
1939,18,6954.099999999996,5,162.19999999999914,move,improve
1940,18,6954.099999999996,5,162.19999999999914,2opt,notBad
1941,18,6753.399999999995,5,162.19999999999914,move,improve
1942,18,6753.399999999994,5,162.19999999999914,2opt,improve
1943,18,6753.399999999994,5,162.19999999999914,2opt,notBad
1944,18,6803.9,5,162.19999999999914,2opt,acceptBad
1945,18,6803.9,5,162.19999999999914,2opt,notBad
1946,18,6803.9,5,162.19999999999914,swap,improve
1947,18,6803.9,5,162.19999999999914,swap,improve
1948,18,6864.999999999998,5,162.19999999999914,swap,acceptBad
1949,18,6775.799999999996,5,162.19999999999914,move,improve
1950,18,6938.099999999997,5,162.19999999999914,swap,acceptBad
1951,18,6938.099999999997,5,162.19999999999914,2opt,notBad
1952,18,6938.099999999997,5,162.19999999999914,2opt,notBad
1953,18,7066.499999999998,5,162.19999999999914,swap,acceptBad
1954,18,7066.499999999998,5,162.19999999999914,move,improve
1955,18,8911.6,5,162.19999999999914,swap,acceptBad
1956,18,8911.600000000004,5,162.19999999999914,2opt,acceptBad
1957,18,8911.600000000004,5,162.19999999999914,move,improve
1958,18,8911.600000000004,5,162.19999999999914,swap,notBad
1959,18,6773.499999999996,5,162.19999999999914,move,improve
1960,18,7143.799999999996,5,162.19999999999914,swap,acceptBad
1961,18,6873.699999999997,5,162.19999999999914,move,improve
1962,18,6873.699999999997,5,162.19999999999914,2opt,notBad
1963,18,6873.699999999997,5,162.19999999999914,2opt,notBad
1964,18,6873.699999999997,5,162.19999999999914,swap,notBad
1965,18,6714.899999999998,5,162.19999999999914,move,improve
1966,18,6368.099999999997,5,162.19999999999914,move,improve
1967,18,6386.9999999999945,5,162.19999999999914,swap,acceptBad
1968,18,6314.199999999997,5,162.19999999999914,move,improve
1969,18,5962.999999999998,5,162.19999999999914,move,improve
1970,18,5962.999999999998,5,162.19999999999914,move,improve
1971,18,5962.999999999998,5,162.19999999999914,move,improve
1972,18,5962.999999999998,5,162.19999999999914,2opt,notBad
1973,18,5831.699999999997,5,162.19999999999914,move,improve
1974,18,5831.699999999997,5,162.19999999999914,2opt,notBad
1975,18,5831.699999999997,5,162.19999999999914,2opt,notBad
1976,18,5831.699999999997,5,162.19999999999914,move,improve
1977,18,5642.899999999998,5,162.19999999999914,move,improve
1978,18,5642.899999999998,5,162.19999999999914,swap,improve
1979,18,5581.199999999999,5,162.19999999999914,swap,improve
1980,18,5433.5999999999985,5,162.19999999999914,2opt,improve
1981,18,5308.899999999996,5,162.19999999999914,move,improve
1982,18,5308.899999999996,5,162.19999999999914,move,improve
1983,18,5824.9,5,162.19999999999914,2opt,acceptBad
1984,18,5824.9,5,162.19999999999914,move,improve
1985,18,5545.199999999997,5,162.19999999999914,move,improve
1986,18,5545.199999999997,5,162.19999999999914,move,improve
1987,18,5545.199999999997,5,162.19999999999914,2opt,notBad
1988,18,5545.199999999997,5,162.19999999999914,move,improve
1989,18,5545.199999999997,5,162.19999999999914,move,improve
1990,18,5605.899999999998,5,162.19999999999914,swap,acceptBad
1991,18,5605.899999999995,5,162.19999999999914,2opt,improve
1992,18,5605.899999999995,5,162.19999999999914,2opt,notBad
1993,18,5605.899999999995,5,162.19999999999914,swap,notBad
1994,18,5605.899999999995,5,162.19999999999914,move,improve
1995,18,5900.199999999998,5,162.19999999999914,swap,acceptBad
1996,18,5900.199999999998,5,162.19999999999914,2opt,notBad
1997,18,5900.199999999998,5,162.19999999999914,2opt,notBad
1998,18,5900.199999999998,5,162.19999999999914,move,improve
1999,18,5900.199999999998,5,162.19999999999914,move,improve
2000,18,5900.199999999998,5,162.19999999999914,swap,notBad
2001,18,5900.199999999998,5,162.19999999999914,2opt,improve
2002,18,6032.299999999999,5,162.19999999999914,swap,acceptBad
2003,18,6032.299999999999,5,162.19999999999914,2opt,notBad
2004,18,6032.299999999999,5,162.19999999999914,swap,notBad
2005,18,6187.499999999999,5,162.19999999999914,2opt,acceptBad
2006,18,6187.499999999999,5,162.19999999999914,2opt,notBad
2007,18,6187.499999999999,5,162.19999999999914,2opt,improve
2008,18,6187.499999999999,5,162.19999999999914,2opt,notBad
2009,18,6168.599999999999,5,162.19999999999914,swap,improve
2010,18,6168.599999999999,5,162.19999999999914,move,improve
2011,18,6168.599999999999,5,162.19999999999914,swap,notBad
2012,18,6168.599999999999,5,162.19999999999914,swap,improve
2013,18,5818.599999999996,5,162.19999999999914,swap,improve
2014,18,5818.599999999996,5,162.19999999999914,swap,notBad
2015,18,5818.5999999999985,5,162.19999999999914,2opt,acceptBad
2016,18,5818.5999999999985,5,162.19999999999914,2opt,notBad
2017,18,5953.999999999998,5,162.19999999999914,swap,acceptBad
2018,18,5953.999999999998,5,162.19999999999914,2opt,improve
2019,18,5374.4999999999945,5,162.19999999999914,move,improve
2020,18,5374.499999999995,5,162.19999999999914,2opt,acceptBad
2021,18,5003.799999999999,5,162.19999999999914,move,improve
2022,18,5003.799999999999,5,162.19999999999914,swap,notBad
2023,18,5003.799999999993,5,162.19999999999914,2opt,improve
2024,18,5003.799999999993,5,162.19999999999914,2opt,notBad
2025,18,4988.499999999994,5,162.19999999999914,swap,improve
2026,18,4988.499999999994,5,162.19999999999914,2opt,notBad
2027,18,4988.499999999994,5,162.19999999999914,2opt,notBad
2028,18,4908.599999999997,5,162.19999999999914,2opt,improve
2029,18,4908.599999999997,5,162.19999999999914,move,improve
2030,18,4908.599999999997,5,162.19999999999914,2opt,notBad
2031,18,4908.599999999997,5,162.19999999999914,move,improve
2032,18,4907.799999999997,5,162.19999999999914,move,improve
2033,18,5609.9999999999945,5,162.19999999999914,swap,acceptBad
2034,18,6141.099999999997,5,162.19999999999914,swap,acceptBad
2035,18,5903.799999999997,5,162.19999999999914,move,improve
2036,18,5794.299999999997,5,162.19999999999914,swap,improve
2037,18,5794.299999999997,5,162.19999999999914,swap,notBad
2038,18,5794.299999999997,5,162.19999999999914,swap,notBad
2039,18,5794.299999999997,5,162.19999999999914,move,improve
2040,18,5794.299999999997,5,162.19999999999914,2opt,notBad
2041,18,5666.299999999996,5,162.19999999999914,move,improve
2042,18,5990.799999999997,5,162.19999999999914,swap,acceptBad
2043,18,5990.799999999997,5,162.19999999999914,2opt,notBad
2044,18,5907.899999999996,5,162.19999999999914,swap,improve
2045,18,5907.899999999998,5,162.19999999999914,2opt,acceptBad
2046,18,5907.899999999997,5,162.19999999999914,2opt,improve
2047,18,5907.899999999997,5,162.19999999999914,2opt,notBad
2048,18,6004.699999999996,5,162.19999999999914,swap,acceptBad
2049,18,6004.699999999996,5,162.19999999999914,move,improve
2050,18,6004.699999999996,5,162.19999999999914,2opt,notBad
2051,18,6004.699999999996,5,162.19999999999914,swap,improve
2052,18,6004.699999999996,5,162.19999999999914,move,improve
2053,18,6004.699999999996,5,162.19999999999914,swap,improve
2054,18,5926.099999999996,5,162.19999999999914,move,improve
2055,18,5926.099999999996,5,162.19999999999914,2opt,notBad
2056,18,5926.099999999996,5,162.19999999999914,2opt,notBad
2057,18,5926.099999999996,5,162.19999999999914,2opt,notBad
2058,18,5926.099999999996,5,162.19999999999914,move,improve
2059,18,5926.099999999996,5,162.19999999999914,swap,improve
2060,18,5926.099999999996,5,162.19999999999914,2opt,notBad
2061,18,5926.099999999996,5,162.19999999999914,2opt,notBad
2062,18,5678.599999999996,5,162.19999999999914,move,improve
2063,18,5678.599999999998,5,162.19999999999914,swap,acceptBad
2064,18,5678.599999999998,5,162.19999999999914,move,improve
2065,18,5292.599999999994,5,162.19999999999914,move,improve
2066,18,5292.599999999994,5,162.19999999999914,2opt,notBad
2067,18,5292.599999999994,5,162.19999999999914,move,improve
2068,18,5292.599999999994,5,162.19999999999914,move,improve
2069,18,6052.499999999995,5,162.19999999999914,swap,acceptBad
2070,18,6052.499999999995,5,162.19999999999914,move,improve
2071,18,6026.499999999999,5,162.19999999999914,swap,improve
2072,18,6907.099999999996,5,162.19999999999914,swap,acceptBad
2073,18,6907.099999999996,5,162.19999999999914,move,improve
2074,18,5991.099999999998,5,162.19999999999914,move,improve
2075,18,5991.100000000002,5,162.19999999999914,2opt,acceptBad
2076,18,5991.100000000002,5,162.19999999999914,swap,notBad
2077,18,5967.700000000003,5,162.19999999999914,swap,improve
2078,18,5914.399999999999,5,162.19999999999914,swap,improve
2079,18,5828.500000000004,5,162.19999999999914,swap,improve
2080,18,5825.400000000004,5,162.19999999999914,swap,improve
2081,18,5825.4000000000015,5,162.19999999999914,2opt,improve
2082,18,5599.100000000002,5,162.19999999999914,move,improve
2083,18,5549.400000000005,5,162.19999999999914,2opt,improve
2084,18,5534.800000000007,5,162.19999999999914,swap,improve
2085,18,5534.800000000007,5,162.19999999999914,2opt,notBad
2086,18,5053.700000000005,5,162.19999999999914,move,improve
2087,18,5053.700000000005,5,162.19999999999914,2opt,notBad
2088,18,5053.700000000005,5,162.19999999999914,2opt,notBad
2089,18,5053.700000000005,5,162.19999999999914,move,improve
2090,18,5053.700000000005,5,162.19999999999914,move,improve
2091,18,5053.700000000005,5,162.19999999999914,2opt,notBad
2092,18,5053.700000000005,5,162.19999999999914,2opt,notBad
2093,18,5361.000000000002,5,162.19999999999914,swap,acceptBad
2094,18,5361.000000000002,5,162.19999999999914,swap,improve
2095,18,5361.000000000002,5,162.19999999999914,move,improve
2096,18,5361.000000000002,5,162.19999999999914,2opt,notBad
2097,18,5361.000000000002,5,162.19999999999914,move,improve
2098,18,5357.500000000002,5,162.19999999999914,move,improve
2099,18,5357.500000000002,5,162.19999999999914,2opt,notBad
2100,18,5357.500000000002,5,162.19999999999914,move,improve
2101,18,5357.500000000002,5,162.19999999999914,2opt,notBad
2102,18,7511.800000000001,5,162.19999999999914,swap,acceptBad
2103,18,7511.800000000001,5,162.19999999999914,move,improve
2104,17,5600.000000000004,5,162.19999999999914,move,improve
2105,17,5600.000000000004,5,162.19999999999914,move,improve
2106,17,5600.000000000004,5,162.19999999999914,move,improve
2107,17,5833.800000000005,5,162.19999999999914,swap,acceptBad
2108,17,5833.800000000005,5,162.19999999999914,move,improve
2109,17,6111.800000000003,5,162.19999999999914,swap,acceptBad
2110,17,6806.400000000005,5,162.19999999999914,swap,acceptBad
2111,17,6962.5999999999985,5,162.19999999999914,swap,acceptBad
2112,17,7485.6,5,162.19999999999914,swap,acceptBad
2113,17,7485.6,5,162.19999999999914,2opt,notBad
2114,17,7485.6,5,162.19999999999914,2opt,improve
2115,17,7485.6,5,162.19999999999914,2opt,notBad
2116,17,7485.6,5,162.19999999999914,2opt,improve
2117,17,7485.6,5,162.19999999999914,move,improve
2118,17,7485.6,5,162.19999999999914,swap,improve
2119,17,7485.6,5,162.19999999999914,swap,improve
2120,17,7485.6,5,162.19999999999914,2opt,improve
2121,17,7485.6,5,162.19999999999914,swap,improve
2122,17,7530.599999999994,5,162.19999999999914,swap,acceptBad
2123,17,7530.599999999994,5,162.19999999999914,2opt,notBad
2124,17,6854.200000000001,5,162.19999999999914,2opt,improve
2125,17,6972.200000000002,5,162.19999999999914,2opt,acceptBad
2126,17,6972.200000000002,5,162.19999999999914,2opt,notBad
2127,17,8186.2,5,162.19999999999914,swap,acceptBad
2128,17,8186.2,5,162.19999999999914,move,improve
2129,17,8186.2,5,162.19999999999914,2opt,improve
2130,17,8206.200000000003,5,162.19999999999914,swap,acceptBad
2131,16,6790.000000000002,5,162.19999999999914,move,improve
2132,16,6903.300000000001,5,162.19999999999914,2opt,acceptBad
2133,16,6903.300000000001,5,162.19999999999914,2opt,notBad
2134,16,6903.300000000001,5,162.19999999999914,swap,improve
2135,16,7354.800000000003,5,162.19999999999914,swap,acceptBad
2136,16,7354.800000000003,5,162.19999999999914,2opt,notBad
2137,16,8109.000000000002,5,162.19999999999914,swap,acceptBad
2138,16,8109.000000000002,5,162.19999999999914,2opt,notBad
2139,16,6889.799999999999,5,162.19999999999914,2opt,improve
2140,16,6794.1,5,162.19999999999914,swap,improve
2141,16,6794.1,5,162.19999999999914,move,improve
2142,16,6071.100000000003,5,162.19999999999914,move,improve
2143,16,7017.0000000000055,5,162.19999999999914,swap,acceptBad
2144,16,6218.300000000007,5,162.19999999999914,move,improve
2145,16,6452.5000000000055,5,162.19999999999914,swap,acceptBad
2146,16,5915.300000000003,5,162.19999999999914,move,improve
2147,16,6066.700000000003,5,162.19999999999914,swap,acceptBad
2148,16,6066.700000000003,5,162.19999999999914,move,improve
2149,16,6066.700000000003,5,162.19999999999914,2opt,improve
2150,16,6066.700000000003,5,162.19999999999914,2opt,notBad
2151,16,6066.700000000003,5,162.19999999999914,2opt,improve
2152,16,6066.700000000003,5,162.19999999999914,move,improve
2153,16,6066.700000000003,5,162.19999999999914,2opt,notBad
2154,16,5494.100000000002,5,162.19999999999914,swap,improve
2155,16,5494.100000000002,5,162.19999999999914,2opt,notBad
2156,16,5494.100000000002,5,162.19999999999914,move,improve
2157,16,5494.100000000002,5,162.19999999999914,swap,notBad
2158,16,5494.100000000002,5,162.19999999999914,swap,notBad
2159,16,5421.800000000003,5,162.19999999999914,move,improve
2160,16,6465.200000000001,5,162.19999999999914,swap,acceptBad
2161,16,6465.200000000001,5,162.19999999999914,2opt,notBad
2162,16,5919.200000000001,5,162.19999999999914,move,improve
2163,16,5919.200000000001,5,162.19999999999914,swap,notBad
2164,16,5919.200000000001,5,162.19999999999914,2opt,notBad
2165,16,5838.4,5,162.19999999999914,swap,improve
2166,16,5838.400000000001,5,162.19999999999914,2opt,acceptBad
2167,16,5697.400000000002,5,162.19999999999914,swap,improve
2168,16,5697.399999999999,5,162.19999999999914,2opt,improve
2169,16,5697.399999999999,5,162.19999999999914,2opt,notBad
2170,16,5697.399999999999,5,162.19999999999914,2opt,notBad
2171,16,6015.100000000003,5,162.19999999999914,2opt,acceptBad
2172,16,6015.100000000003,5,162.19999999999914,swap,notBad
2173,16,6015.100000000003,5,162.19999999999914,2opt,notBad
2174,16,6015.100000000003,5,162.19999999999914,2opt,notBad
2175,16,6015.100000000003,5,162.19999999999914,move,improve
2176,16,6015.100000000003,5,162.19999999999914,swap,improve
2177,16,6015.100000000003,5,162.19999999999914,swap,improve
2178,16,6015.100000000005,5,162.19999999999914,2opt,acceptBad
2179,16,5915.100000000005,5,162.19999999999914,move,improve
2180,16,5915.100000000005,5,162.19999999999914,2opt,notBad
2181,16,5915.100000000006,5,162.19999999999914,2opt,acceptBad
2182,16,4836.4000000000015,5,162.19999999999914,move,improve
2183,16,4836.4000000000015,5,162.19999999999914,2opt,notBad
2184,16,4952.099999999999,5,162.19999999999914,move,acceptBad
2185,16,4952.099999999999,5,162.19999999999914,swap,improve
2186,16,4952.099999999999,5,162.19999999999914,2opt,notBad
2187,16,4952.099999999999,5,162.19999999999914,2opt,notBad
2188,16,4952.099999999999,5,162.19999999999914,move,improve
2189,16,4952.099999999999,5,162.19999999999914,swap,improve
2190,16,4952.099999999999,5,162.19999999999914,swap,improve
2191,16,4952.099999999999,5,162.19999999999914,swap,improve
2192,16,4452.399999999999,5,162.19999999999914,move,improve
2193,16,4452.399999999999,5,162.19999999999914,move,improve
2194,16,4452.399999999999,5,162.19999999999914,2opt,notBad
2195,16,4640.2,5,162.19999999999914,swap,acceptBad
2196,16,4640.200000000001,5,162.19999999999914,2opt,acceptBad
2197,16,5445.000000000002,5,162.19999999999914,swap,acceptBad
2198,16,5754.4,5,162.19999999999914,swap,acceptBad
2199,16,5637.499999999998,5,162.19999999999914,move,improve
2200,16,4667.8,5,162.19999999999914,move,improve
2201,16,4393.4000000000015,5,162.19999999999914,move,improve
2202,16,4501.200000000002,5,162.19999999999914,swap,acceptBad
2203,16,4393.4000000000015,5,162.19999999999914,move,improve
2204,16,4967.299999999997,5,162.19999999999914,swap,acceptBad
2205,16,4967.299999999997,5,162.19999999999914,swap,notBad
2206,16,4967.299999999997,5,162.19999999999914,2opt,notBad
2207,16,5041.199999999997,5,162.19999999999914,swap,acceptBad
2208,16,5041.199999999997,5,162.19999999999914,move,improve
2209,16,5041.199999999997,5,162.19999999999914,swap,improve
2210,16,5041.199999999997,5,162.19999999999914,2opt,notBad
2211,16,4974.699999999997,5,162.19999999999914,swap,improve
2212,16,4974.699999999997,5,162.19999999999914,move,improve
2213,16,4922.999999999996,5,162.19999999999914,swap,improve
2214,16,4922.999999999996,5,162.19999999999914,swap,notBad
2215,16,4923.000000000002,5,162.19999999999914,2opt,acceptBad
2216,16,4256.399999999999,5,162.19999999999914,move,improve
2217,16,3899.299999999999,5,162.19999999999914,move,improve
2218,16,3899.299999999999,5,162.19999999999914,2opt,notBad
2219,16,3899.299999999999,5,162.19999999999914,swap,improve
2220,16,3899.299999999999,5,162.19999999999914,move,improve
2221,16,3899.299999999999,5,162.19999999999914,swap,notBad
2222,16,3899.2999999999993,5,162.19999999999914,2opt,acceptBad
2223,16,3875.3999999999987,5,162.19999999999914,move,improve
2224,16,3875.3999999999987,5,162.19999999999914,2opt,notBad
2225,16,3875.3999999999987,5,162.19999999999914,2opt,notBad
2226,16,3875.3999999999987,5,162.19999999999914,2opt,notBad
2227,16,3867.9999999999973,5,162.19999999999914,move,improve
2228,16,3797.7999999999984,5,162.19999999999914,move,improve
2229,16,3797.7999999999984,5,162.19999999999914,2opt,notBad
2230,16,3797.7999999999984,5,162.19999999999914,swap,improve
2231,16,3797.7999999999975,5,162.19999999999914,2opt,improve
2232,16,3797.7999999999975,5,162.19999999999914,swap,improve
2233,16,3797.7999999999975,5,162.19999999999914,2opt,notBad
2234,16,3797.7999999999975,5,162.19999999999914,swap,notBad
2235,16,3797.7999999999975,5,162.19999999999914,swap,notBad
2236,16,3797.7999999999975,5,162.19999999999914,2opt,notBad
2237,16,3797.7999999999975,5,162.19999999999914,2opt,notBad
2238,16,3788.7999999999975,5,162.19999999999914,move,improve
2239,16,3788.7999999999975,5,162.19999999999914,2opt,notBad
2240,16,4060.2,5,162.19999999999914,swap,acceptBad
2241,16,4060.2,5,162.19999999999914,2opt,notBad
2242,16,3778.5,5,162.19999999999914,move,improve
2243,16,3598.5,5,162.19999999999914,move,improve
2244,16,4462.599999999995,5,162.19999999999914,swap,acceptBad
2245,16,4462.599999999995,5,162.19999999999914,swap,notBad
2246,16,4462.599999999995,5,162.19999999999914,2opt,notBad
2247,16,4462.599999999995,5,162.19999999999914,2opt,notBad
2248,16,3940.3999999999996,5,162.19999999999914,move,improve
2249,16,3849.5999999999995,5,162.19999999999914,move,improve
2250,16,3902.8999999999996,5,162.19999999999914,swap,acceptBad
2251,16,3902.8999999999996,5,162.19999999999914,swap,improve
2252,16,3902.9000000000024,5,162.19999999999914,2opt,acceptBad
2253,16,4221.2000000000035,5,162.19999999999914,swap,acceptBad
2254,16,3430.600000000001,5,162.19999999999914,move,improve
2255,16,3430.600000000001,5,162.19999999999914,2opt,notBad
2256,16,3430.600000000001,5,162.19999999999914,move,improve
2257,16,3430.600000000001,5,162.19999999999914,2opt,notBad
2258,16,3291.699999999999,5,162.19999999999914,move,improve
2259,16,3628.5999999999995,5,162.19999999999914,swap,acceptBad
2260,16,3628.5999999999995,5,162.19999999999914,move,improve
2261,16,3628.5999999999995,5,162.19999999999914,move,improve
2262,16,3628.5999999999995,5,162.19999999999914,swap,improve
2263,16,3628.5999999999995,5,162.19999999999914,2opt,improve
2264,16,3628.5999999999995,5,162.19999999999914,swap,improve
2265,16,3628.5999999999995,5,162.19999999999914,swap,notBad
2266,16,3624.799999999999,5,162.19999999999914,2opt,improve
2267,16,3624.799999999999,5,162.19999999999914,2opt,notBad
2268,16,3624.799999999999,5,162.19999999999914,move,improve
2269,16,3624.799999999999,5,162.19999999999914,2opt,notBad
2270,16,3624.799999999999,5,162.19999999999914,2opt,notBad
2271,16,3018.599999999999,5,162.19999999999914,move,improve
2272,16,3018.599999999999,5,162.19999999999914,2opt,notBad
2273,16,3018.599999999999,5,162.19999999999914,move,improve
2274,16,3018.599999999999,5,162.19999999999914,move,improve
2275,16,3018.599999999999,5,162.19999999999914,move,improve
2276,16,3018.599999999999,5,162.19999999999914,move,improve
2277,16,3018.599999999999,5,162.19999999999914,move,improve
2278,16,3438.899999999998,5,162.19999999999914,swap,acceptBad
2279,16,2807.4999999999977,5,162.19999999999914,move,improve
2280,16,2807.4999999999977,5,162.19999999999914,swap,notBad
2281,16,2807.4999999999977,5,162.19999999999914,swap,improve
2282,16,2807.4999999999977,5,162.19999999999914,move,improve
2283,16,2807.4999999999977,5,162.19999999999914,move,improve
2284,16,3050.899999999996,5,162.19999999999914,swap,acceptBad
2285,16,3051.199999999997,5,162.19999999999914,swap,acceptBad
2286,16,3051.199999999997,5,162.19999999999914,2opt,notBad
2287,16,3051.199999999997,5,162.19999999999914,2opt,notBad
2288,16,3051.199999999997,5,162.19999999999914,2opt,improve
2289,16,3051.199999999997,5,162.19999999999914,2opt,notBad
2290,16,3051.199999999997,5,162.19999999999914,move,improve
2291,16,3051.199999999998,5,162.19999999999914,2opt,acceptBad
2292,16,3051.199999999998,5,162.19999999999914,swap,notBad
2293,16,3051.199999999998,5,162.19999999999914,2opt,notBad
2294,16,3051.199999999998,5,162.19999999999914,swap,notBad
2295,16,3051.199999999998,5,162.19999999999914,move,improve
2296,16,3051.199999999998,5,162.19999999999914,swap,improve
2297,16,3051.199999999998,5,162.19999999999914,move,improve
2298,16,3051.199999999998,5,162.19999999999914,2opt,notBad
2299,16,3709.899999999997,5,162.19999999999914,2opt,acceptBad
2300,16,3709.899999999997,5,162.19999999999914,2opt,notBad
2301,16,3709.899999999997,5,162.19999999999914,swap,improve
2302,16,3557.299999999997,5,162.19999999999914,move,improve
2303,16,3557.299999999997,5,162.19999999999914,2opt,notBad
2304,16,3429.799999999999,5,162.19999999999914,move,improve
2305,16,3429.799999999999,5,162.19999999999914,move,improve
2306,16,3298.599999999999,5,162.19999999999914,move,improve
2307,16,3743.4999999999977,5,162.19999999999914,swap,acceptBad
2308,16,3534.2999999999997,5,162.19999999999914,move,improve
2309,16,3534.2999999999997,5,162.19999999999914,2opt,notBad
2310,16,3534.2999999999997,5,162.19999999999914,move,improve
2311,16,4079.399999999999,5,162.19999999999914,swap,acceptBad
2312,16,4079.399999999999,5,162.19999999999914,move,improve
2313,16,4079.399999999999,5,162.19999999999914,2opt,notBad
2314,16,3752.4999999999986,5,162.19999999999914,move,improve
2315,16,3788.1999999999975,5,162.19999999999914,swap,acceptBad
2316,16,3788.1999999999975,5,162.19999999999914,swap,improve
2317,16,3788.1999999999975,5,162.19999999999914,2opt,notBad
2318,16,3788.1999999999975,5,162.19999999999914,move,improve
2319,16,3883.5999999999985,5,162.19999999999914,swap,acceptBad
2320,16,4020.7999999999993,5,162.19999999999914,swap,acceptBad
2321,16,4020.7999999999993,5,162.19999999999914,2opt,notBad
2322,16,3955.3999999999996,5,162.19999999999914,move,improve
2323,16,3955.3999999999996,5,162.19999999999914,2opt,improve
2324,16,3955.3999999999996,5,162.19999999999914,2opt,notBad
2325,16,3955.3999999999996,5,162.19999999999914,2opt,notBad
2326,16,3955.3999999999996,5,162.19999999999914,2opt,notBad
2327,16,3495.499999999998,5,162.19999999999914,move,improve
2328,16,3495.499999999998,5,162.19999999999914,move,improve
2329,16,3495.4999999999977,5,162.19999999999914,2opt,improve
2330,16,3611.1999999999975,5,162.19999999999914,swap,acceptBad
2331,16,3611.1999999999975,5,162.19999999999914,move,improve
2332,16,3611.1999999999975,5,162.19999999999914,2opt,improve
2333,16,3611.1999999999975,5,162.19999999999914,move,improve
2334,16,3611.1999999999975,5,162.19999999999914,move,improve
2335,16,3353.4999999999986,5,162.19999999999914,move,improve
2336,16,3353.4999999999986,5,162.19999999999914,2opt,notBad
2337,16,3353.4999999999964,5,162.19999999999914,2opt,improve
2338,16,3353.4999999999964,5,162.19999999999914,2opt,notBad
2339,16,2709.699999999998,5,162.19999999999914,move,improve
2340,16,2709.699999999998,5,162.19999999999914,swap,improve
2341,16,2603.6,5,162.19999999999914,swap,improve
2342,16,2603.6,5,162.19999999999914,2opt,notBad
2343,16,2603.6,5,162.19999999999914,2opt,notBad
2344,16,2909.399999999999,5,162.19999999999914,swap,acceptBad
2345,16,2800.6999999999985,5,162.19999999999914,swap,improve
2346,16,2800.6999999999985,5,162.19999999999914,2opt,notBad
2347,16,2800.6999999999985,5,162.19999999999914,move,improve
2348,16,2394.6999999999966,5,162.19999999999914,move,improve
2349,16,2394.6999999999966,5,162.19999999999914,2opt,notBad
2350,16,2339.599999999999,5,162.19999999999914,move,improve
2351,16,2339.599999999999,5,162.19999999999914,swap,improve
2352,16,2339.599999999999,5,162.19999999999914,2opt,notBad
2353,16,2339.599999999999,5,162.19999999999914,2opt,notBad
2354,16,2339.599999999999,5,162.19999999999914,swap,improve
2355,16,2339.599999999999,5,162.19999999999914,move,improve
2356,16,2339.599999999999,5,162.19999999999914,swap,improve
2357,16,2339.599999999999,5,162.19999999999914,2opt,notBad
2358,16,2339.599999999999,5,162.19999999999914,move,improve
2359,16,2339.5999999999976,5,162.19999999999914,2opt,improve
2360,16,2339.5999999999976,5,162.19999999999914,swap,notBad
2361,16,2339.5999999999976,5,162.19999999999914,2opt,notBad
2362,16,2339.5999999999976,5,162.19999999999914,swap,notBad
2363,16,2339.5999999999976,5,162.19999999999914,move,improve
2364,16,2339.5999999999976,5,162.19999999999914,2opt,improve
2365,16,2339.5999999999976,5,162.19999999999914,swap,notBad
2366,16,2339.5999999999976,5,162.19999999999914,move,improve
2367,16,2479.2999999999984,5,162.19999999999914,swap,acceptBad
2368,16,2631.7999999999993,5,162.19999999999914,swap,acceptBad
2369,16,2631.7999999999993,5,162.19999999999914,move,improve
2370,16,2666.2999999999984,5,162.19999999999914,swap,acceptBad
2371,16,2666.2999999999984,5,162.19999999999914,swap,notBad
2372,16,2367.7999999999984,5,162.19999999999914,move,improve
2373,16,2375.599999999999,5,162.19999999999914,swap,acceptBad
2374,16,2375.5999999999985,5,162.19999999999914,2opt,improve
2375,16,2335.7999999999984,5,162.19999999999914,move,improve
2376,16,2335.7999999999984,5,162.19999999999914,2opt,improve
2377,16,2335.7999999999984,5,162.19999999999914,2opt,improve
2378,16,2335.7999999999984,5,162.19999999999914,swap,improve
2379,16,2639.999999999999,5,162.19999999999914,swap,acceptBad
2380,16,2620.9999999999973,5,162.19999999999914,swap,improve
2381,16,2544.7999999999965,5,162.19999999999914,move,improve
2382,16,2544.7999999999965,5,162.19999999999914,2opt,notBad
2383,16,2232.899999999998,5,162.19999999999914,move,improve
2384,16,2232.899999999998,5,162.19999999999914,swap,notBad
2385,16,1709.0999999999995,5,162.19999999999914,move,improve
2386,16,1709.0999999999995,5,162.19999999999914,2opt,notBad
2387,16,1956.099999999999,5,162.19999999999914,swap,acceptBad
2388,16,1956.099999999999,5,162.19999999999914,move,improve
2389,16,1824.0,5,162.19999999999914,swap,improve
2390,16,1824.0,5,162.19999999999914,move,improve
2391,16,1931.0,5,162.19999999999914,swap,acceptBad
2392,16,1931.0,5,162.19999999999914,2opt,notBad
2393,16,1930.9999999999995,5,162.19999999999914,2opt,improve
2394,16,1835.0999999999995,5,162.19999999999914,swap,improve
2395,16,1835.0999999999995,5,162.19999999999914,move,improve
2396,16,1835.0999999999995,5,162.19999999999914,2opt,notBad
2397,16,1816.7999999999993,5,162.19999999999914,move,improve
2398,16,1816.7999999999993,5,162.19999999999914,move,improve
2399,16,1734.1,5,162.19999999999914,move,improve
2400,16,1734.1,5,162.19999999999914,move,improve
2401,16,1613.5,5,162.19999999999914,move,improve
2402,16,1542.7999999999993,5,162.19999999999914,2opt,improve
2403,16,1542.7999999999993,5,162.19999999999914,swap,improve
2404,16,1542.7999999999993,5,162.19999999999914,move,improve
2405,16,1542.7999999999993,5,162.19999999999914,swap,improve
2406,16,2318.099999999999,5,162.19999999999914,swap,acceptBad
2407,16,2949.6999999999985,5,162.19999999999914,swap,acceptBad
2408,16,2949.6999999999985,5,162.19999999999914,2opt,notBad
2409,16,2961.8999999999996,5,162.19999999999914,swap,acceptBad
2410,16,2400.4000000000015,5,162.19999999999914,move,improve
2411,16,2400.4000000000015,5,162.19999999999914,swap,improve
2412,16,2400.4000000000015,5,162.19999999999914,move,improve
2413,16,2184.9000000000024,5,162.19999999999914,move,improve
2414,16,2184.9000000000024,5,162.19999999999914,swap,notBad
2415,16,1905.3999999999987,5,162.19999999999914,move,improve
2416,16,1905.3999999999987,5,162.19999999999914,swap,notBad
2417,16,1905.3999999999987,5,162.19999999999914,swap,notBad
2418,16,1905.3999999999987,5,162.19999999999914,swap,improve
2419,16,1905.3999999999987,5,162.19999999999914,move,improve
2420,16,1905.3999999999987,5,162.19999999999914,2opt,notBad
2421,16,1783.7999999999993,5,162.19999999999914,move,improve
2422,16,2138.6999999999994,5,162.19999999999914,swap,acceptBad
2423,15,1694.000000000001,5,162.19999999999914,move,improve
2424,15,1982.200000000002,5,162.19999999999914,swap,acceptBad
2425,15,1671.800000000001,5,162.19999999999914,swap,improve
2426,15,1671.800000000001,5,162.19999999999914,swap,notBad
2427,15,1671.800000000001,5,162.19999999999914,swap,improve
2428,15,1671.800000000001,5,162.19999999999914,2opt,notBad
2429,15,1671.800000000001,5,162.19999999999914,swap,improve
2430,15,1671.800000000001,5,162.19999999999914,move,improve
2431,15,1671.8000000000018,5,162.19999999999914,2opt,acceptBad
2432,15,1524.0000000000005,5,162.19999999999914,move,improve
2433,15,1524.0000000000005,5,162.19999999999914,move,improve
2434,15,1736.4000000000005,5,162.19999999999914,swap,acceptBad
2435,15,1736.4000000000005,5,162.19999999999914,move,improve
2436,15,1736.4000000000005,5,162.19999999999914,swap,notBad
2437,15,1689.2000000000003,5,162.19999999999914,swap,improve
2438,15,1636.4000000000012,5,162.19999999999914,swap,improve
2439,15,1636.4000000000012,5,162.19999999999914,move,improve
2440,15,2016.0,5,162.19999999999914,swap,acceptBad
2441,15,2016.0,5,162.19999999999914,move,improve
2442,15,2016.0,5,162.19999999999914,2opt,notBad
2443,15,2668.200000000001,5,162.19999999999914,swap,acceptBad
2444,15,2668.200000000001,5,162.19999999999914,swap,improve
2445,15,2668.200000000001,5,162.19999999999914,move,improve
2446,15,2880.2000000000044,5,162.19999999999914,swap,acceptBad
2447,15,2614.4000000000024,5,162.19999999999914,swap,improve
2448,15,2835.2000000000007,5,162.19999999999914,swap,acceptBad
2449,15,2835.200000000002,5,162.19999999999914,2opt,acceptBad
2450,15,2902.200000000002,5,162.19999999999914,swap,acceptBad
2451,15,2785.2000000000003,5,162.19999999999914,swap,improve
2452,15,3475.3999999999983,5,162.19999999999914,swap,acceptBad
2453,15,3475.3999999999983,5,162.19999999999914,move,improve
2454,15,3475.3999999999983,5,162.19999999999914,move,improve
2455,15,3568.9999999999977,5,162.19999999999914,swap,acceptBad
2456,15,3328.6,5,162.19999999999914,swap,improve
2457,15,3328.6,5,162.19999999999914,2opt,notBad
2458,15,3328.5999999999995,5,162.19999999999914,2opt,improve
2459,15,3328.5999999999995,5,162.19999999999914,move,improve
2460,15,3485.399999999998,5,162.19999999999914,2opt,acceptBad
2461,15,3392.4000000000005,5,162.19999999999914,move,improve
2462,15,3172.6000000000004,5,162.19999999999914,move,improve
2463,15,3210.0000000000023,5,162.19999999999914,2opt,acceptBad
2464,15,3396.200000000001,5,162.19999999999914,swap,acceptBad
2465,15,3111.6000000000017,5,162.19999999999914,move,improve
2466,15,2616.800000000003,5,162.19999999999914,move,improve
2467,15,2616.800000000003,5,162.19999999999914,2opt,notBad
2468,15,2616.800000000003,5,162.19999999999914,2opt,improve
2469,15,2616.800000000003,5,162.19999999999914,2opt,notBad
2470,15,2616.800000000003,5,162.19999999999914,2opt,improve
2471,15,2616.800000000003,5,162.19999999999914,2opt,notBad
2472,15,2616.800000000003,5,162.19999999999914,move,improve
2473,15,2616.8000000000034,5,162.19999999999914,2opt,acceptBad
2474,15,2616.8000000000034,5,162.19999999999914,2opt,notBad
2475,15,2616.8000000000034,5,162.19999999999914,move,improve
2476,15,2746.6000000000035,5,162.19999999999914,2opt,acceptBad
2477,15,2746.600000000005,5,162.19999999999914,2opt,acceptBad
2478,15,2746.600000000005,5,162.19999999999914,swap,notBad
2479,15,2648.600000000004,5,162.19999999999914,move,improve
2480,15,2824.400000000004,5,162.19999999999914,swap,acceptBad
2481,15,2824.400000000004,5,162.19999999999914,swap,notBad
2482,15,2999.400000000004,5,162.19999999999914,swap,acceptBad
2483,15,2963.0000000000036,5,162.19999999999914,swap,improve
2484,15,2963.0000000000036,5,162.19999999999914,move,improve
2485,15,2963.0000000000036,5,162.19999999999914,move,improve
2486,15,2770.600000000003,5,162.19999999999914,swap,improve
2487,15,2770.600000000003,5,162.19999999999914,move,improve
2488,15,2770.600000000003,5,162.19999999999914,2opt,notBad
2489,15,2770.600000000003,5,162.19999999999914,2opt,notBad
2490,15,2770.600000000003,5,162.19999999999914,move,improve
2491,15,2770.600000000003,5,162.19999999999914,2opt,notBad
2492,15,2767.400000000003,5,162.19999999999914,move,improve
2493,15,2772.8000000000025,5,162.19999999999914,2opt,acceptBad
2494,15,2772.8000000000025,5,162.19999999999914,move,improve
2495,15,2772.8000000000025,5,162.19999999999914,2opt,notBad
2496,15,2233.6000000000026,5,162.19999999999914,move,improve
2497,15,2233.6000000000026,5,162.19999999999914,move,improve
2498,15,2233.6000000000035,5,162.19999999999914,2opt,acceptBad
2499,15,2209.8000000000025,5,162.19999999999914,move,improve
2500,15,2209.8000000000025,5,162.19999999999914,swap,notBad
2501,15,2207.2000000000007,5,162.19999999999914,swap,improve
2502,15,2207.2000000000007,5,162.19999999999914,2opt,notBad
2503,15,1652.5999999999972,5,162.19999999999914,move,improve
2504,15,1652.5999999999972,5,162.19999999999914,2opt,notBad
2505,15,1652.5999999999972,5,162.19999999999914,move,improve
2506,15,1652.5999999999972,5,162.19999999999914,move,improve
2507,15,1652.5999999999972,5,162.19999999999914,2opt,notBad
2508,15,1847.7999999999965,5,162.19999999999914,swap,acceptBad
2509,15,1847.7999999999965,5,162.19999999999914,swap,notBad
2510,15,1847.7999999999965,5,162.19999999999914,2opt,notBad
2511,15,1847.7999999999965,5,162.19999999999914,swap,improve
2512,15,1847.7999999999965,5,162.19999999999914,move,improve
2513,15,1800.799999999997,5,162.19999999999914,move,improve
2514,15,1800.799999999997,5,162.19999999999914,swap,notBad
2515,15,1544.3999999999965,5,162.19999999999914,move,improve
2516,15,1544.3999999999965,5,162.19999999999914,2opt,notBad
2517,15,1544.3999999999965,5,162.19999999999914,2opt,notBad
2518,15,1544.3999999999967,5,162.19999999999914,2opt,acceptBad
2519,15,924.3999999999985,5,162.19999999999914,move,improve
2520,15,946.399999999999,5,162.19999999999914,move,acceptBad
2521,15,829.3999999999987,5,162.19999999999914,move,improve
2522,15,829.3999999999987,5,162.19999999999914,2opt,notBad
2523,15,1191.2000000000003,5,162.19999999999914,swap,acceptBad
2524,15,1191.2000000000003,5,162.19999999999914,2opt,notBad
2525,15,1191.2000000000003,5,162.19999999999914,swap,notBad
2526,15,1196.4000000000003,5,162.19999999999914,swap,acceptBad
2527,15,1249.2000000000012,5,162.19999999999914,2opt,acceptBad
2528,15,1249.2000000000016,5,162.19999999999914,2opt,acceptBad
2529,15,1249.2000000000016,5,162.19999999999914,move,improve
2530,15,1249.2000000000016,5,162.19999999999914,2opt,notBad
2531,15,1195.9999999999977,5,162.19999999999914,move,improve
2532,15,1195.9999999999977,5,162.19999999999914,2opt,notBad
2533,15,1195.9999999999977,5,162.19999999999914,move,improve
2534,15,1195.9999999999977,5,162.19999999999914,move,improve
2535,15,1195.9999999999977,5,162.19999999999914,2opt,notBad
2536,15,1195.9999999999977,5,162.19999999999914,swap,improve
2537,15,1195.9999999999977,5,162.19999999999914,move,improve
2538,15,1246.199999999998,5,162.19999999999914,swap,acceptBad
2539,15,1246.199999999998,5,162.19999999999914,move,improve
2540,15,842.8,5,162.19999999999914,move,improve
2541,15,842.8,5,162.19999999999914,2opt,notBad
2542,15,842.8,5,162.19999999999914,move,improve
2543,15,773.5999999999995,5,162.19999999999914,move,improve
2544,15,1131.9999999999998,5,162.19999999999914,swap,acceptBad
2545,15,1131.9999999999998,5,162.19999999999914,move,improve
2546,15,1131.9999999999998,5,162.19999999999914,move,improve
2547,15,1131.9999999999998,5,162.19999999999914,move,improve
2548,15,1131.9999999999998,5,162.19999999999914,move,improve
2549,15,1132.0,5,162.19999999999914,2opt,acceptBad
2550,15,1522.6000000000013,5,162.19999999999914,swap,acceptBad
2551,15,1522.6000000000013,5,162.19999999999914,swap,improve
2552,15,1147.4,5,162.19999999999914,move,improve
2553,15,1602.4000000000015,5,162.19999999999914,swap,acceptBad
2554,15,1602.4000000000015,5,162.19999999999914,2opt,notBad
2555,15,1366.6000000000013,5,162.19999999999914,move,improve
2556,15,1366.6000000000013,5,162.19999999999914,move,improve
2557,15,1749.600000000003,5,162.19999999999914,swap,acceptBad
2558,15,1804.7999999999988,5,162.19999999999914,swap,acceptBad
2559,15,1783.799999999997,5,162.19999999999914,swap,improve
2560,15,2007.9999999999968,5,162.19999999999914,swap,acceptBad
2561,15,2247.7999999999993,5,162.19999999999914,swap,acceptBad
2562,15,2247.7999999999993,5,162.19999999999914,swap,notBad
2563,15,2247.7999999999993,5,162.19999999999914,swap,notBad
2564,15,2015.800000000001,5,162.19999999999914,2opt,improve
2565,15,2085.800000000001,5,162.19999999999914,swap,acceptBad
2566,15,2085.800000000001,5,162.19999999999914,swap,notBad
2567,15,2085.800000000001,5,162.19999999999914,move,improve
2568,15,2085.800000000001,5,162.19999999999914,2opt,improve
2569,15,2085.800000000002,5,162.19999999999914,2opt,acceptBad
2570,15,2085.800000000002,5,162.19999999999914,2opt,notBad
2571,15,2325.8,5,162.19999999999914,2opt,acceptBad
2572,15,2412.5999999999995,5,162.19999999999914,swap,acceptBad
2573,15,2412.5999999999995,5,162.19999999999914,move,improve
2574,15,2412.5999999999995,5,162.19999999999914,swap,notBad
2575,15,2179.2000000000007,5,162.19999999999914,swap,improve
2576,15,2179.2000000000003,5,162.19999999999914,2opt,improve
2577,15,2353.4000000000015,5,162.19999999999914,swap,acceptBad
2578,15,2353.4000000000015,5,162.19999999999914,2opt,notBad
2579,15,2281.8000000000015,5,162.19999999999914,move,improve
2580,15,2281.8000000000025,5,162.19999999999914,2opt,acceptBad
2581,15,2281.800000000002,5,162.19999999999914,2opt,improve
2582,15,2281.800000000002,5,162.19999999999914,move,improve
2583,15,2222.8000000000006,5,162.19999999999914,move,improve
2584,15,2222.8000000000006,5,162.19999999999914,2opt,improve
2585,15,2222.8000000000006,5,162.19999999999914,2opt,notBad
2586,15,1996.800000000003,5,162.19999999999914,swap,improve
2587,15,1996.8000000000025,5,162.19999999999914,2opt,improve
2588,15,1872.6000000000022,5,162.19999999999914,swap,improve
2589,15,1714.6000000000008,5,162.19999999999914,move,improve
2590,15,1371.7999999999993,5,162.19999999999914,swap,improve
2591,15,1513.600000000001,5,162.19999999999914,swap,acceptBad
2592,15,1800.2000000000016,5,162.19999999999914,swap,acceptBad
2593,15,1800.2000000000016,5,162.19999999999914,2opt,notBad
2594,15,1800.2000000000016,5,162.19999999999914,swap,notBad
2595,15,1800.2000000000016,5,162.19999999999914,swap,notBad
2596,15,1800.2000000000016,5,162.19999999999914,move,improve
2597,15,1800.2000000000016,5,162.19999999999914,2opt,notBad
2598,15,1800.2000000000016,5,162.19999999999914,move,improve
2599,15,1800.2000000000016,5,162.19999999999914,2opt,notBad
2600,15,1800.2000000000016,5,162.19999999999914,move,improve
2601,15,1800.2000000000016,5,162.19999999999914,2opt,notBad
2602,15,1800.2000000000016,5,162.19999999999914,move,improve
2603,15,1744.000000000002,5,162.19999999999914,move,improve
2604,15,1744.000000000002,5,162.19999999999914,swap,improve
2605,15,1647.8000000000031,5,162.19999999999914,move,improve
2606,15,1946.8000000000043,5,162.19999999999914,swap,acceptBad
2607,15,1946.8000000000043,5,162.19999999999914,move,improve
2608,15,1946.8000000000043,5,162.19999999999914,move,improve
2609,15,2220.600000000002,5,162.19999999999914,swap,acceptBad
2610,15,2110.800000000002,5,162.19999999999914,move,improve
2611,15,2069.200000000001,5,162.19999999999914,move,improve
2612,15,2069.200000000001,5,162.19999999999914,2opt,notBad
2613,15,2069.200000000001,5,162.19999999999914,2opt,notBad
2614,15,2069.200000000001,5,162.19999999999914,move,improve
2615,15,2069.200000000001,5,162.19999999999914,swap,notBad
2616,15,2296.2000000000007,5,162.19999999999914,swap,acceptBad
2617,15,2296.2000000000007,5,162.19999999999914,2opt,improve
2618,15,2296.2000000000007,5,162.19999999999914,move,improve
2619,15,2296.2000000000007,5,162.19999999999914,2opt,notBad
2620,15,2252.3999999999996,5,162.19999999999914,move,improve
2621,15,1883.2000000000007,5,162.19999999999914,swap,improve
2622,15,1758.8000000000013,5,162.19999999999914,move,improve
2623,15,1758.8000000000013,5,162.19999999999914,2opt,notBad
2624,15,1758.8000000000013,5,162.19999999999914,2opt,notBad
2625,15,1758.8000000000013,5,162.19999999999914,move,improve
2626,15,1654.2000000000019,5,162.19999999999914,swap,improve
2627,15,1654.2000000000019,5,162.19999999999914,swap,notBad
2628,15,1654.2000000000019,5,162.19999999999914,2opt,notBad
2629,15,1654.2000000000019,5,162.19999999999914,swap,notBad
2630,15,2159.4000000000033,5,162.19999999999914,swap,acceptBad
2631,15,2112.600000000003,5,162.19999999999914,swap,improve
2632,15,2112.600000000003,5,162.19999999999914,2opt,notBad
2633,15,2112.600000000003,5,162.19999999999914,swap,notBad
2634,15,2112.600000000003,5,162.19999999999914,swap,notBad
2635,15,2081.2000000000035,5,162.19999999999914,swap,improve
2636,15,2081.2000000000035,5,162.19999999999914,move,improve
2637,15,2081.2000000000035,5,162.19999999999914,2opt,notBad
2638,15,2081.2000000000035,5,162.19999999999914,2opt,notBad
2639,15,1835.8000000000034,5,162.19999999999914,2opt,improve
2640,15,1835.8000000000031,5,162.19999999999914,2opt,improve
2641,15,1835.8000000000031,5,162.19999999999914,move,improve
2642,15,1731.6000000000026,5,162.19999999999914,move,improve
2643,15,1731.6000000000026,5,162.19999999999914,2opt,notBad
2644,15,1694.8000000000038,5,162.19999999999914,move,improve
2645,15,1694.800000000004,5,162.19999999999914,2opt,acceptBad
2646,15,1556.0000000000034,5,162.19999999999914,move,improve
2647,15,1402.4000000000028,5,162.19999999999914,swap,improve
2648,15,1402.4000000000028,5,162.19999999999914,move,improve
2649,15,1402.4000000000028,5,162.19999999999914,2opt,notBad
2650,15,1402.4000000000028,5,162.19999999999914,swap,improve
2651,15,1402.4000000000028,5,162.19999999999914,swap,notBad
2652,15,1402.4000000000028,5,162.19999999999914,2opt,notBad
2653,15,1321.800000000003,5,162.19999999999914,move,improve
2654,15,1321.800000000003,5,162.19999999999914,2opt,notBad
2655,15,1321.800000000003,5,162.19999999999914,swap,improve
2656,15,1321.800000000003,5,162.19999999999914,2opt,notBad
2657,15,1321.800000000003,5,162.19999999999914,move,improve
2658,15,1221.000000000004,5,162.19999999999914,move,improve
2659,15,1288.800000000003,5,162.19999999999914,swap,acceptBad
2660,15,1288.800000000003,5,162.19999999999914,move,improve
2661,15,1288.800000000003,5,162.19999999999914,move,improve
2662,15,1288.800000000003,5,162.19999999999914,move,improve
2663,15,1924.6000000000035,5,162.19999999999914,swap,acceptBad
2664,15,2333.200000000002,5,162.19999999999914,swap,acceptBad
2665,15,2333.200000000002,5,162.19999999999914,2opt,notBad
2666,15,1804.4000000000028,5,162.19999999999914,move,improve
2667,15,1804.4000000000028,5,162.19999999999914,move,improve
2668,15,2035.4000000000033,5,162.19999999999914,swap,acceptBad
2669,15,2035.4000000000033,5,162.19999999999914,2opt,notBad
2670,15,2202.600000000001,5,162.19999999999914,swap,acceptBad
2671,15,2202.600000000001,5,162.19999999999914,move,improve
2672,15,2532.9999999999995,5,162.19999999999914,swap,acceptBad
2673,15,2532.9999999999995,5,162.19999999999914,2opt,notBad
2674,15,2532.9999999999995,5,162.19999999999914,2opt,notBad
2675,15,2350.8000000000006,5,162.19999999999914,move,improve
2676,15,2350.8000000000006,5,162.19999999999914,swap,improve
2677,15,2280.800000000002,5,162.19999999999914,swap,improve
2678,15,1625.0000000000014,5,162.19999999999914,move,improve
2679,15,1147.4000000000015,5,162.19999999999914,move,improve
2680,15,1147.4000000000015,5,162.19999999999914,2opt,notBad
2681,15,972.0,5,162.19999999999914,swap,improve
2682,15,972.0,5,162.19999999999914,2opt,improve
2683,15,1218.9999999999995,5,162.19999999999914,swap,acceptBad
2684,15,1218.9999999999998,5,162.19999999999914,2opt,acceptBad
2685,15,1218.9999999999998,5,162.19999999999914,move,improve
2686,15,1228.9999999999993,5,162.19999999999914,swap,acceptBad
2687,15,1228.9999999999995,5,162.19999999999914,2opt,acceptBad
2688,15,1228.9999999999995,5,162.19999999999914,swap,improve
2689,15,1325.199999999999,5,162.19999999999914,swap,acceptBad
2690,15,1325.199999999999,5,162.19999999999914,swap,improve
2691,15,1325.1999999999985,5,162.19999999999914,2opt,improve
2692,15,1325.1999999999985,5,162.19999999999914,2opt,notBad
2693,15,1325.1999999999985,5,162.19999999999914,2opt,notBad
2694,15,1333.5999999999976,5,162.19999999999914,swap,acceptBad
2695,15,1316.9999999999977,5,162.19999999999914,move,improve
2696,15,1316.9999999999977,5,162.19999999999914,2opt,improve
2697,15,1150.9999999999995,5,162.19999999999914,move,improve
2698,15,1150.9999999999995,5,162.19999999999914,2opt,notBad
2699,15,1150.9999999999995,5,162.19999999999914,swap,notBad
2700,15,1150.9999999999995,5,162.19999999999914,2opt,improve
2701,15,1150.9999999999995,5,162.19999999999914,2opt,notBad
2702,15,1150.9999999999995,5,162.19999999999914,move,improve
2703,15,1620.5999999999985,5,162.19999999999914,swap,acceptBad
2704,15,1620.5999999999985,5,162.19999999999914,move,improve
2705,15,1620.5999999999985,5,162.19999999999914,2opt,notBad
2706,15,1620.5999999999985,5,162.19999999999914,2opt,notBad
2707,15,1620.5999999999985,5,162.19999999999914,2opt,notBad
2708,15,1620.5999999999985,5,162.19999999999914,move,improve
2709,15,1571.9999999999986,5,162.19999999999914,2opt,improve
2710,15,1571.9999999999986,5,162.19999999999914,2opt,notBad
2711,15,1571.9999999999986,5,162.19999999999914,swap,notBad
2712,15,1571.9999999999986,5,162.19999999999914,move,improve
2713,15,1571.9999999999986,5,162.19999999999914,2opt,notBad
2714,15,1571.9999999999986,5,162.19999999999914,2opt,notBad
2715,15,1571.9999999999986,5,162.19999999999914,move,improve
2716,15,1571.9999999999982,5,162.19999999999914,2opt,improve
2717,15,1798.999999999999,5,162.19999999999914,swap,acceptBad
2718,15,1798.999999999999,5,162.19999999999914,2opt,notBad
2719,15,1798.999999999999,5,162.19999999999914,move,improve
2720,15,1681.3999999999996,5,162.19999999999914,move,improve
2721,15,1855.000000000001,5,162.19999999999914,swap,acceptBad
2722,15,1855.000000000001,5,162.19999999999914,swap,improve
2723,15,1641.7999999999997,5,162.19999999999914,move,improve
2724,15,1641.7999999999997,5,162.19999999999914,move,improve
2725,15,1641.7999999999997,5,162.19999999999914,move,improve
2726,15,1621.199999999999,5,162.19999999999914,swap,improve
2727,15,1621.199999999999,5,162.19999999999914,2opt,notBad
2728,15,1621.199999999999,5,162.19999999999914,move,notBad
2729,15,1528.199999999999,5,162.19999999999914,swap,improve
2730,15,1528.199999999999,5,162.19999999999914,move,improve
2731,15,1528.199999999999,5,162.19999999999914,move,improve
2732,15,1528.199999999999,5,162.19999999999914,2opt,improve
2733,15,1528.199999999999,5,162.19999999999914,move,improve
2734,15,1528.199999999999,5,162.19999999999914,2opt,notBad
2735,15,1528.199999999999,5,162.19999999999914,swap,notBad
2736,15,1528.199999999999,5,162.19999999999914,2opt,notBad
2737,15,1528.199999999999,5,162.19999999999914,2opt,notBad
2738,15,1528.199999999999,5,162.19999999999914,2opt,notBad
2739,15,1552.9999999999995,5,162.19999999999914,swap,acceptBad
2740,15,1552.9999999999995,5,162.19999999999914,swap,notBad
2741,15,1552.9999999999995,5,162.19999999999914,2opt,notBad
2742,15,1552.9999999999995,5,162.19999999999914,2opt,notBad
2743,15,1552.9999999999995,5,162.19999999999914,2opt,notBad
2744,15,1552.9999999999995,5,162.19999999999914,move,improve
2745,15,1552.9999999999995,5,162.19999999999914,swap,improve
2746,15,1552.9999999999995,5,162.19999999999914,swap,notBad
2747,15,1552.9999999999995,5,162.19999999999914,move,improve
2748,15,1542.6000000000004,5,162.19999999999914,move,improve
2749,15,1542.6000000000004,5,162.19999999999914,swap,notBad
2750,15,1453.2000000000012,5,162.19999999999914,swap,improve
2751,15,1453.2000000000012,5,162.19999999999914,move,improve
2752,15,1378.8000000000002,5,162.19999999999914,swap,improve
2753,15,1378.8000000000002,5,162.19999999999914,swap,notBad
2754,15,1378.8000000000002,5,162.19999999999914,2opt,notBad
2755,15,1805.9999999999986,5,162.19999999999914,swap,acceptBad
2756,15,1805.9999999999986,5,162.19999999999914,2opt,notBad
2757,15,1441.1999999999994,5,162.19999999999914,swap,improve
2758,15,1441.1999999999996,5,162.19999999999914,2opt,acceptBad
2759,15,1441.1999999999996,5,162.19999999999914,2opt,improve
2760,15,1441.1999999999996,5,162.19999999999914,2opt,notBad
2761,15,1441.1999999999996,5,162.19999999999914,2opt,notBad
2762,15,1441.1999999999996,5,162.19999999999914,move,improve
2763,15,1478.8,5,162.19999999999914,swap,acceptBad
2764,15,1478.8,5,162.19999999999914,2opt,notBad
2765,15,1478.7999999999997,5,162.19999999999914,2opt,improve
2766,15,1478.7999999999997,5,162.19999999999914,2opt,notBad
2767,15,1478.7999999999997,5,162.19999999999914,move,improve
2768,15,1478.7999999999997,5,162.19999999999914,2opt,notBad
2769,15,1240.400000000002,5,162.19999999999914,move,improve
2770,15,1240.400000000002,5,162.19999999999914,swap,improve
2771,15,1240.400000000002,5,162.19999999999914,move,improve
2772,15,1240.400000000002,5,162.19999999999914,swap,notBad
2773,15,1240.400000000002,5,162.19999999999914,swap,notBad
2774,15,1453.600000000003,5,162.19999999999914,swap,acceptBad
2775,15,1553.0000000000018,5,162.19999999999914,swap,acceptBad
2776,15,1535.6000000000017,5,162.19999999999914,move,improve
2777,15,1535.6000000000017,5,162.19999999999914,swap,notBad
2778,15,1535.6000000000017,5,162.19999999999914,move,improve
2779,15,1535.6000000000017,5,162.19999999999914,move,improve
2780,15,1535.6000000000017,5,162.19999999999914,2opt,notBad
2781,15,1535.6000000000017,5,162.19999999999914,2opt,notBad
2782,15,1535.6000000000017,5,162.19999999999914,2opt,notBad
2783,15,1535.6000000000017,5,162.19999999999914,move,improve
2784,15,1272.8000000000006,5,162.19999999999914,move,improve
2785,15,1272.8000000000006,5,162.19999999999914,2opt,notBad
2786,15,1236.7999999999993,5,162.19999999999914,move,improve
2787,15,1236.7999999999993,5,162.19999999999914,move,improve
2788,15,1236.7999999999993,5,162.19999999999914,swap,notBad
2789,15,1236.7999999999993,5,162.19999999999914,2opt,notBad
2790,15,1276.199999999999,5,162.19999999999914,swap,acceptBad
2791,15,1276.199999999999,5,162.19999999999914,move,improve
2792,15,1276.199999999999,5,162.19999999999914,2opt,notBad
2793,15,1064.1999999999994,5,162.19999999999914,move,improve
2794,15,1064.1999999999994,5,162.19999999999914,2opt,notBad
2795,15,1064.1999999999994,5,162.19999999999914,move,improve
2796,15,1117.2000000000003,5,162.19999999999914,swap,acceptBad
2797,15,1117.2000000000003,5,162.19999999999914,2opt,notBad
2798,15,1117.2000000000003,5,162.19999999999914,2opt,notBad
2799,15,1408.000000000001,5,162.19999999999914,swap,acceptBad
2800,15,1408.0000000000018,5,162.19999999999914,2opt,acceptBad
2801,15,1444.0000000000023,5,162.19999999999914,swap,acceptBad
2802,15,1347.4000000000015,5,162.19999999999914,swap,improve
2803,15,1280.1999999999998,5,162.19999999999914,move,improve
2804,15,1401.9999999999977,5,162.19999999999914,swap,acceptBad
2805,15,1401.9999999999977,5,162.19999999999914,2opt,notBad
2806,15,1401.9999999999977,5,162.19999999999914,swap,notBad
2807,15,1290.3999999999974,5,162.19999999999914,move,improve
2808,15,1290.3999999999974,5,162.19999999999914,move,improve
2809,15,1201.7999999999947,5,162.19999999999914,move,improve
2810,15,1263.599999999995,5,162.19999999999914,swap,acceptBad
2811,15,1263.599999999995,5,162.19999999999914,2opt,notBad
2812,15,1071.1999999999957,5,162.19999999999914,swap,improve
2813,15,1356.9999999999973,5,162.19999999999914,swap,acceptBad
2814,15,1356.9999999999973,5,162.19999999999914,swap,notBad
2815,15,1356.9999999999973,5,162.19999999999914,2opt,notBad
2816,15,1356.9999999999973,5,162.19999999999914,move,improve
2817,15,1356.9999999999973,5,162.19999999999914,swap,notBad
2818,15,1356.9999999999973,5,162.19999999999914,2opt,notBad
2819,15,1356.9999999999973,5,162.19999999999914,2opt,notBad
2820,15,1356.9999999999968,5,162.19999999999914,2opt,improve
2821,15,1420.3999999999974,5,162.19999999999914,swap,acceptBad
2822,15,1420.3999999999974,5,162.19999999999914,move,improve
2823,15,1420.3999999999974,5,162.19999999999914,swap,notBad
2824,15,1420.3999999999978,5,162.19999999999914,2opt,acceptBad
2825,15,1557.1999999999962,5,162.19999999999914,swap,acceptBad
2826,15,1557.1999999999962,5,162.19999999999914,move,improve
2827,15,1557.1999999999962,5,162.19999999999914,move,improve
2828,15,1453.7999999999963,5,162.19999999999914,2opt,improve
2829,15,1453.799999999997,5,162.19999999999914,2opt,acceptBad
2830,15,1453.799999999997,5,162.19999999999914,move,improve
2831,15,1453.799999999997,5,162.19999999999914,swap,notBad
2832,15,1453.799999999997,5,162.19999999999914,2opt,notBad
2833,15,1453.799999999997,5,162.19999999999914,2opt,improve
2834,15,1453.799999999997,5,162.19999999999914,2opt,notBad
2835,15,1383.1999999999957,5,162.19999999999914,swap,improve
2836,15,1383.1999999999957,5,162.19999999999914,2opt,notBad
2837,15,1383.1999999999957,5,162.19999999999914,move,improve
2838,15,1383.1999999999957,5,162.19999999999914,2opt,notBad
2839,15,1346.3999999999955,5,162.19999999999914,move,improve
2840,15,1346.3999999999955,5,162.19999999999914,2opt,notBad
2841,15,1346.3999999999955,5,162.19999999999914,move,improve
2842,15,1346.3999999999955,5,162.19999999999914,2opt,notBad
2843,15,1345.399999999996,5,162.19999999999914,move,improve
2844,15,1345.399999999996,5,162.19999999999914,2opt,notBad
2845,15,1345.399999999996,5,162.19999999999914,move,improve
2846,15,1436.1999999999975,5,162.19999999999914,swap,acceptBad
2847,15,1436.1999999999975,5,162.19999999999914,move,improve
2848,15,1436.1999999999975,5,162.19999999999914,swap,notBad
2849,15,1436.1999999999975,5,162.19999999999914,move,improve
2850,15,1375.7999999999988,5,162.19999999999914,2opt,improve
2851,15,1265.1999999999969,5,162.19999999999914,move,improve
2852,15,1637.199999999997,5,162.19999999999914,swap,acceptBad
2853,15,1637.199999999997,5,162.19999999999914,move,improve
2854,15,2023.5999999999965,5,162.19999999999914,swap,acceptBad
2855,15,2023.5999999999965,5,162.19999999999914,2opt,improve
2856,15,1688.7999999999975,5,162.19999999999914,move,improve
2857,15,1688.7999999999975,5,162.19999999999914,move,improve
2858,15,1688.7999999999975,5,162.19999999999914,move,improve
2859,15,1688.7999999999975,5,162.19999999999914,move,improve
2860,15,1688.7999999999975,5,162.19999999999914,move,improve
2861,15,1688.7999999999975,5,162.19999999999914,move,improve
2862,15,1688.7999999999975,5,162.19999999999914,2opt,improve
2863,15,1688.7999999999975,5,162.19999999999914,swap,notBad
2864,15,1688.7999999999975,5,162.19999999999914,2opt,notBad
2865,15,1688.7999999999975,5,162.19999999999914,swap,notBad
2866,15,1688.7999999999975,5,162.19999999999914,move,improve
2867,15,1688.7999999999975,5,162.19999999999914,2opt,improve
2868,15,1688.7999999999975,5,162.19999999999914,move,improve
2869,15,1688.7999999999975,5,162.19999999999914,swap,notBad
2870,15,1688.7999999999975,5,162.19999999999914,2opt,notBad
2871,15,1850.1999999999975,5,162.19999999999914,swap,acceptBad
2872,15,1794.5999999999995,5,162.19999999999914,move,improve
2873,15,1794.5999999999995,5,162.19999999999914,swap,notBad
2874,15,2058.199999999999,5,162.19999999999914,swap,acceptBad
2875,15,2058.199999999999,5,162.19999999999914,move,improve
2876,15,2058.199999999999,5,162.19999999999914,swap,notBad
2877,15,1545.1999999999985,5,162.19999999999914,move,improve
2878,15,1584.9999999999982,5,162.19999999999914,swap,acceptBad
2879,15,1584.9999999999982,5,162.19999999999914,2opt,notBad
2880,15,1584.9999999999982,5,162.19999999999914,move,improve
2881,15,1584.9999999999982,5,162.19999999999914,2opt,improve
2882,15,1584.9999999999982,5,162.19999999999914,swap,notBad
2883,15,1672.0000000000005,5,162.19999999999914,swap,acceptBad
2884,15,1672.0000000000005,5,162.19999999999914,move,improve
2885,15,1672.0000000000005,5,162.19999999999914,swap,notBad
2886,15,1672.0000000000005,5,162.19999999999914,move,improve
2887,15,1672.0000000000005,5,162.19999999999914,move,improve
2888,15,1585.5999999999985,5,162.19999999999914,move,improve
2889,15,1585.5999999999985,5,162.19999999999914,swap,notBad
2890,15,1585.5999999999985,5,162.19999999999914,swap,notBad
2891,15,1584.599999999999,5,162.19999999999914,move,improve
2892,15,1584.599999999999,5,162.19999999999914,swap,notBad
2893,15,1584.599999999999,5,162.19999999999914,2opt,notBad
2894,15,1584.599999999999,5,162.19999999999914,move,improve
2895,15,1584.599999999999,5,162.19999999999914,move,improve
2896,15,1453.3999999999996,5,162.19999999999914,move,improve
2897,15,1453.3999999999996,5,162.19999999999914,2opt,notBad
2898,15,1453.3999999999992,5,162.19999999999914,2opt,improve
2899,15,1453.3999999999999,5,162.19999999999914,2opt,acceptBad
2900,15,1453.3999999999999,5,162.19999999999914,move,improve
2901,15,1142.0,5,162.19999999999914,move,improve
2902,15,1058.3999999999992,5,162.19999999999914,swap,improve
2903,15,1058.3999999999994,5,162.19999999999914,2opt,acceptBad
2904,15,1030.9999999999995,5,162.19999999999914,move,improve
2905,15,1030.9999999999995,5,162.19999999999914,move,improve
2906,15,1030.9999999999995,5,162.19999999999914,move,improve
2907,15,1030.9999999999995,5,162.19999999999914,2opt,notBad
2908,15,1028.1999999999998,5,162.19999999999914,move,improve
2909,15,1028.1999999999998,5,162.19999999999914,2opt,improve
2910,15,1028.1999999999998,5,162.19999999999914,swap,notBad
2911,15,1028.1999999999998,5,162.19999999999914,move,improve
2912,15,1028.1999999999998,5,162.19999999999914,2opt,notBad
2913,15,1028.1999999999998,5,162.19999999999914,2opt,notBad
2914,15,1028.1999999999998,5,162.19999999999914,swap,notBad
2915,15,1028.1999999999998,5,162.19999999999914,move,improve
2916,15,1028.1999999999998,5,162.19999999999914,move,improve
2917,15,1028.1999999999998,5,162.19999999999914,move,improve
2918,15,1028.1999999999998,5,162.19999999999914,move,improve
2919,15,1028.1999999999998,5,162.19999999999914,2opt,notBad
2920,15,1028.1999999999998,5,162.19999999999914,2opt,notBad
2921,15,1028.1999999999998,5,162.19999999999914,swap,notBad
2922,15,1028.1999999999998,5,162.19999999999914,move,improve
2923,15,1028.1999999999998,5,162.19999999999914,2opt,notBad
2924,15,1028.1999999999998,5,162.19999999999914,2opt,notBad
2925,15,1028.1999999999998,5,162.19999999999914,2opt,notBad
2926,15,1028.1999999999998,5,162.19999999999914,move,improve
2927,15,1028.1999999999998,5,162.19999999999914,2opt,notBad
2928,15,1028.1999999999998,5,162.19999999999914,2opt,notBad
2929,15,1028.1999999999998,5,162.19999999999914,2opt,notBad
2930,15,1028.1999999999998,5,162.19999999999914,move,improve
2931,15,1028.1999999999998,5,162.19999999999914,move,improve
2932,15,734.7999999999995,5,162.19999999999914,swap,improve
2933,15,734.7999999999995,5,162.19999999999914,swap,notBad
2934,15,1114.7999999999988,5,162.19999999999914,swap,acceptBad
2935,15,1114.7999999999988,5,162.19999999999914,swap,notBad
2936,15,1114.7999999999988,5,162.19999999999914,2opt,notBad
2937,15,1114.7999999999988,5,162.19999999999914,move,improve
2938,15,1114.7999999999988,5,162.19999999999914,swap,notBad
2939,15,779.599999999999,5,162.19999999999914,move,improve
2940,15,779.599999999999,5,162.19999999999914,move,improve
2941,15,779.599999999999,5,162.19999999999914,swap,notBad
2942,15,719.1999999999994,5,162.19999999999914,move,improve
2943,15,719.1999999999994,5,162.19999999999914,move,improve
2944,15,719.1999999999994,5,162.19999999999914,2opt,notBad
2945,15,816.399999999999,5,162.19999999999914,swap,acceptBad
2946,15,816.399999999999,5,162.19999999999914,move,improve
2947,15,816.399999999999,5,162.19999999999914,2opt,notBad
2948,15,816.399999999999,5,162.19999999999914,2opt,notBad
2949,15,734.3999999999996,5,162.19999999999914,move,improve
2950,15,734.3999999999996,5,162.19999999999914,move,improve
2951,15,734.3999999999996,5,162.19999999999914,swap,improve
2952,15,734.3999999999996,5,162.19999999999914,2opt,notBad
2953,15,734.3999999999996,5,162.19999999999914,swap,notBad
2954,15,944.3999999999969,5,162.19999999999914,swap,acceptBad
2955,15,944.3999999999969,5,162.19999999999914,2opt,notBad
2956,15,944.3999999999969,5,162.19999999999914,move,improve
2957,15,950.7999999999965,5,162.19999999999914,swap,acceptBad
2958,15,950.7999999999965,5,162.19999999999914,2opt,notBad
2959,15,950.7999999999965,5,162.19999999999914,2opt,improve
2960,15,950.7999999999965,5,162.19999999999914,2opt,notBad
2961,15,950.7999999999965,5,162.19999999999914,2opt,notBad
2962,15,1084.5999999999963,5,162.19999999999914,swap,acceptBad
2963,15,1084.5999999999963,5,162.19999999999914,2opt,notBad
2964,15,1084.5999999999963,5,162.19999999999914,move,improve
2965,15,1084.5999999999963,5,162.19999999999914,2opt,notBad
2966,15,1230.1999999999975,5,162.19999999999914,swap,acceptBad
2967,15,1136.3999999999974,5,162.19999999999914,move,improve
2968,15,1136.3999999999974,5,162.19999999999914,swap,notBad
2969,15,1114.799999999998,5,162.19999999999914,move,improve
2970,15,1114.7999999999977,5,162.19999999999914,2opt,improve
2971,15,1114.7999999999977,5,162.19999999999914,2opt,notBad
2972,15,1114.7999999999977,5,162.19999999999914,move,improve
2973,15,1110.1999999999975,5,162.19999999999914,swap,improve
2974,15,1110.1999999999975,5,162.19999999999914,move,improve
2975,15,1110.1999999999975,5,162.19999999999914,2opt,notBad
2976,15,1110.1999999999975,5,162.19999999999914,move,improve
2977,15,1110.1999999999975,5,162.19999999999914,2opt,notBad
2978,15,1110.1999999999975,5,162.19999999999914,swap,improve
2979,15,1110.1999999999975,5,162.19999999999914,2opt,notBad
2980,15,1110.1999999999975,5,162.19999999999914,2opt,notBad
2981,15,1110.1999999999975,5,162.19999999999914,2opt,notBad
2982,15,1110.1999999999975,5,162.19999999999914,2opt,notBad
2983,15,1110.1999999999975,5,162.19999999999914,move,improve
2984,15,1288.7999999999975,5,162.19999999999914,swap,acceptBad
2985,15,1274.3999999999983,5,162.19999999999914,move,improve
2986,15,1251.999999999998,5,162.19999999999914,swap,improve
2987,15,1251.999999999998,5,162.19999999999914,move,improve
2988,15,1251.999999999998,5,162.19999999999914,2opt,notBad
2989,15,1251.999999999998,5,162.19999999999914,move,improve
2990,15,1251.999999999998,5,162.19999999999914,move,improve
2991,15,1251.999999999998,5,162.19999999999914,swap,notBad
2992,15,1251.9999999999977,5,162.19999999999914,2opt,improve
2993,15,1251.9999999999977,5,162.19999999999914,move,improve
2994,15,1408.5999999999985,5,162.19999999999914,swap,acceptBad
2995,15,1408.5999999999985,5,162.19999999999914,move,improve
2996,15,1408.5999999999985,5,162.19999999999914,2opt,notBad
2997,15,1408.5999999999985,5,162.19999999999914,2opt,notBad
2998,15,1209.5999999999995,5,162.19999999999914,move,improve
2999,15,1229.1999999999998,5,162.19999999999914,swap,acceptBad
3000,15,1229.1999999999998,5,162.19999999999914,move,improve
3001,15,1229.1999999999998,5,162.19999999999914,2opt,notBad
3002,15,1229.1999999999998,5,162.19999999999914,2opt,notBad
3003,15,1229.1999999999998,5,162.19999999999914,swap,notBad
3004,15,1129.9999999999995,5,162.19999999999914,swap,improve
3005,15,1129.9999999999995,5,162.19999999999914,2opt,notBad
3006,15,1129.9999999999995,5,162.19999999999914,move,improve
3007,15,1129.9999999999995,5,162.19999999999914,2opt,improve
3008,15,1129.9999999999995,5,162.19999999999914,move,improve
3009,15,1129.9999999999995,5,162.19999999999914,move,improve
3010,15,1129.9999999999995,5,162.19999999999914,swap,notBad
3011,15,1129.9999999999995,5,162.19999999999914,move,improve
3012,15,1129.9999999999995,5,162.19999999999914,move,improve
3013,15,1129.9999999999995,5,162.19999999999914,2opt,notBad
3014,15,1129.9999999999995,5,162.19999999999914,swap,notBad
3015,15,1129.9999999999995,5,162.19999999999914,move,improve
3016,15,1129.9999999999995,5,162.19999999999914,2opt,improve
3017,15,1129.9999999999995,5,162.19999999999914,2opt,notBad
3018,15,1387.2000000000007,5,162.19999999999914,swap,acceptBad
3019,15,1387.2000000000007,5,162.19999999999914,2opt,notBad
3020,15,1387.2000000000007,5,162.19999999999914,move,improve
3021,15,1387.2000000000007,5,162.19999999999914,2opt,notBad
3022,15,1387.2000000000007,5,162.19999999999914,swap,notBad
3023,15,1387.2000000000007,5,162.19999999999914,move,improve
3024,15,1387.2000000000007,5,162.19999999999914,2opt,notBad
3025,15,1274.0000000000014,5,162.19999999999914,move,improve
3026,15,1274.000000000001,5,162.19999999999914,2opt,improve
3027,15,1274.000000000001,5,162.19999999999914,2opt,notBad
3028,15,1274.000000000001,5,162.19999999999914,2opt,notBad
3029,15,1274.000000000001,5,162.19999999999914,2opt,notBad
3030,15,1274.000000000001,5,162.19999999999914,swap,notBad
3031,15,1274.000000000001,5,162.19999999999914,move,improve
3032,15,1274.000000000001,5,162.19999999999914,move,improve
3033,15,1274.000000000001,5,162.19999999999914,swap,improve
3034,15,1274.000000000001,5,162.19999999999914,swap,notBad
3035,15,1274.000000000001,5,162.19999999999914,move,improve
3036,15,1274.000000000001,5,162.19999999999914,move,improve
3037,15,1274.000000000001,5,162.19999999999914,move,improve
3038,15,1274.000000000001,5,162.19999999999914,swap,notBad
3039,15,1274.000000000001,5,162.19999999999914,2opt,notBad
3040,15,1274.000000000001,5,162.19999999999914,2opt,notBad
3041,15,1274.000000000001,5,162.19999999999914,move,improve
3042,15,1555.0000000000014,5,162.19999999999914,swap,acceptBad
3043,15,1237.2000000000007,5,162.19999999999914,move,improve
3044,15,1237.2000000000007,5,162.19999999999914,2opt,notBad
3045,15,1237.2000000000007,5,162.19999999999914,2opt,notBad
3046,15,1237.2000000000007,5,162.19999999999914,move,improve
3047,15,1237.2000000000007,5,162.19999999999914,move,improve
3048,15,1345.6000000000008,5,162.19999999999914,swap,acceptBad
3049,15,1345.6000000000008,5,162.19999999999914,move,improve
3050,15,1345.6000000000008,5,162.19999999999914,swap,notBad
3051,15,1345.6000000000004,5,162.19999999999914,2opt,improve
3052,15,1345.6000000000004,5,162.19999999999914,2opt,notBad
3053,15,1345.6000000000004,5,162.19999999999914,move,improve
3054,15,1345.6000000000004,5,162.19999999999914,move,improve
3055,15,1345.6000000000004,5,162.19999999999914,swap,notBad
3056,15,1345.6000000000004,5,162.19999999999914,move,improve
3057,15,1340.2000000000016,5,162.19999999999914,move,improve
3058,15,1340.2000000000016,5,162.19999999999914,move,improve
3059,15,1320.4000000000015,5,162.19999999999914,move,improve
3060,15,1320.4000000000015,5,162.19999999999914,move,improve
3061,15,1597.6000000000022,5,162.19999999999914,swap,acceptBad
3062,15,1597.6000000000022,5,162.19999999999914,move,improve
3063,15,1597.6000000000013,5,162.19999999999914,move,improve
3064,15,1597.6000000000013,5,162.19999999999914,swap,improve
3065,15,1591.2000000000016,5,162.19999999999914,move,improve
3066,15,1591.2000000000016,5,162.19999999999914,move,improve
3067,15,1312.6000000000013,5,162.19999999999914,move,improve
3068,15,1027.4,5,162.19999999999914,swap,improve
3069,15,1027.4,5,162.19999999999914,2opt,notBad
3070,15,1027.4,5,162.19999999999914,swap,improve
3071,15,1027.4,5,162.19999999999914,2opt,notBad
3072,15,1027.4,5,162.19999999999914,2opt,notBad
3073,15,1027.4,5,162.19999999999914,move,improve
3074,15,1027.4,5,162.19999999999914,move,improve
3075,15,1027.4,5,162.19999999999914,swap,notBad
3076,15,1027.4,5,162.19999999999914,move,improve
3077,15,1218.0000000000005,5,162.19999999999914,swap,acceptBad
3078,15,1218.0000000000005,5,162.19999999999914,move,improve
3079,15,1218.0000000000005,5,162.19999999999914,2opt,notBad
3080,15,1218.0000000000005,5,162.19999999999914,move,improve
3081,15,1218.0000000000005,5,162.19999999999914,2opt,notBad
3082,15,1218.0000000000005,5,162.19999999999914,swap,notBad
3083,15,1218.0000000000005,5,162.19999999999914,2opt,notBad
3084,15,1218.0000000000005,5,162.19999999999914,2opt,notBad
3085,15,1218.0000000000005,5,162.19999999999914,move,improve
3086,15,1218.0000000000005,5,162.19999999999914,move,improve
3087,15,1218.0000000000005,5,162.19999999999914,move,improve
3088,15,1218.0000000000005,5,162.19999999999914,move,improve
3089,15,1218.0000000000005,5,162.19999999999914,2opt,improve
3090,15,1114.2000000000007,5,162.19999999999914,move,improve
3091,15,1114.2000000000007,5,162.19999999999914,2opt,notBad
3092,15,913.7999999999997,5,162.19999999999914,move,improve
3093,15,913.7999999999997,5,162.19999999999914,2opt,notBad
3094,15,913.7999999999997,5,162.19999999999914,2opt,notBad
3095,15,912.1999999999996,5,162.19999999999914,swap,improve
3096,15,912.1999999999996,5,162.19999999999914,swap,notBad
3097,15,999.9999999999991,5,162.19999999999914,swap,acceptBad
3098,15,999.9999999999991,5,162.19999999999914,2opt,notBad
3099,15,999.9999999999991,5,162.19999999999914,2opt,notBad
3100,15,999.9999999999991,5,162.19999999999914,move,improve
3101,15,999.9999999999991,5,162.19999999999914,2opt,notBad
3102,15,999.9999999999991,5,162.19999999999914,swap,notBad
3103,15,999.9999999999991,5,162.19999999999914,2opt,improve
3104,15,999.9999999999991,5,162.19999999999914,2opt,notBad
3105,15,999.9999999999991,5,162.19999999999914,2opt,notBad
3106,15,999.9999999999991,5,162.19999999999914,swap,notBad
3107,15,999.9999999999991,5,162.19999999999914,2opt,improve
3108,15,999.9999999999991,5,162.19999999999914,2opt,notBad
3109,15,999.9999999999991,5,162.19999999999914,swap,notBad
3110,15,999.9999999999991,5,162.19999999999914,move,improve
3111,15,999.9999999999991,5,162.19999999999914,swap,notBad
3112,15,999.9999999999991,5,162.19999999999914,swap,notBad
3113,15,999.9999999999991,5,162.19999999999914,move,improve
3114,15,999.9999999999991,5,162.19999999999914,swap,notBad
3115,15,990.5999999999992,5,162.19999999999914,move,improve
3116,15,990.5999999999992,5,162.19999999999914,move,improve
3117,15,990.5999999999992,5,162.19999999999914,move,improve
3118,15,1040.2000000000003,5,162.19999999999914,swap,acceptBad
3119,15,1040.2000000000003,5,162.19999999999914,2opt,notBad
3120,15,1040.2000000000003,5,162.19999999999914,2opt,notBad
3121,15,1040.2000000000003,5,162.19999999999914,2opt,improve
3122,15,1050.9999999999995,5,162.19999999999914,swap,acceptBad
3123,15,1050.9999999999995,5,162.19999999999914,move,improve
3124,15,1050.9999999999995,5,162.19999999999914,2opt,notBad
3125,15,1050.9999999999995,5,162.19999999999914,2opt,notBad
3126,15,984.7999999999997,5,162.19999999999914,move,improve
3127,15,984.7999999999997,5,162.19999999999914,move,improve
3128,15,1004.4000000000008,5,162.19999999999914,swap,acceptBad
3129,15,1004.4000000000008,5,162.19999999999914,2opt,improve
3130,15,1004.4000000000008,5,162.19999999999914,2opt,improve
3131,15,1004.4000000000008,5,162.19999999999914,move,improve
3132,15,1004.4000000000008,5,162.19999999999914,2opt,improve
3133,15,1004.4000000000008,5,162.19999999999914,move,improve
3134,15,1022.6000000000008,5,162.19999999999914,swap,acceptBad
3135,15,1022.6000000000008,5,162.19999999999914,2opt,improve
3136,15,1022.6000000000008,5,162.19999999999914,move,improve
3137,15,1022.6000000000008,5,162.19999999999914,swap,notBad
3138,15,1022.6000000000008,5,162.19999999999914,move,improve
3139,15,980.4000000000005,5,162.19999999999914,move,improve
3140,15,980.4000000000005,5,162.19999999999914,move,improve
3141,15,980.4000000000005,5,162.19999999999914,2opt,notBad
3142,15,980.4000000000005,5,162.19999999999914,2opt,improve
3143,15,980.4000000000005,5,162.19999999999914,2opt,improve
3144,15,1301.8000000000002,5,162.19999999999914,swap,acceptBad
3145,15,1301.8000000000002,5,162.19999999999914,move,improve
3146,15,1301.8000000000002,5,162.19999999999914,swap,notBad
3147,15,1301.8000000000002,5,162.19999999999914,swap,improve
3148,15,1301.8000000000002,5,162.19999999999914,swap,notBad
3149,15,1233.4000000000005,5,162.19999999999914,move,improve
3150,15,1233.4,5,162.19999999999914,2opt,improve
3151,15,1233.4,5,162.19999999999914,swap,notBad
3152,15,1233.4,5,162.19999999999914,2opt,notBad
3153,15,1233.4,5,162.19999999999914,2opt,notBad
3154,15,1233.4000000000008,5,162.19999999999914,swap,acceptBad
3155,15,1233.400000000001,5,162.19999999999914,2opt,acceptBad
3156,15,1233.400000000001,5,162.19999999999914,2opt,improve
3157,15,1233.4000000000005,5,162.19999999999914,2opt,improve
3158,15,1233.4000000000005,5,162.19999999999914,swap,notBad
3159,15,1233.4000000000005,5,162.19999999999914,2opt,notBad
3160,15,1233.4000000000005,5,162.19999999999914,2opt,notBad
3161,15,957.000000000002,5,162.19999999999914,swap,improve
3162,15,957.000000000002,5,162.19999999999914,move,improve
3163,15,957.000000000002,5,162.19999999999914,move,improve
3164,15,957.000000000002,5,162.19999999999914,2opt,notBad
3165,15,957.000000000002,5,162.19999999999914,move,improve
3166,15,957.000000000002,5,162.19999999999914,2opt,notBad
3167,15,957.000000000002,5,162.19999999999914,swap,notBad
3168,15,957.000000000002,5,162.19999999999914,2opt,notBad
3169,15,957.000000000002,5,162.19999999999914,swap,improve
3170,15,957.000000000002,5,162.19999999999914,move,improve
3171,15,1063.800000000003,5,162.19999999999914,swap,acceptBad
3172,15,1063.800000000003,5,162.19999999999914,swap,improve
3173,15,1063.8000000000025,5,162.19999999999914,2opt,improve
3174,15,1063.8000000000025,5,162.19999999999914,swap,notBad
3175,15,1063.8000000000025,5,162.19999999999914,move,improve
3176,15,1063.8000000000025,5,162.19999999999914,move,improve
3177,15,1063.8000000000025,5,162.19999999999914,swap,improve
3178,15,913.2000000000025,5,162.19999999999914,move,improve
3179,15,913.2000000000025,5,162.19999999999914,move,improve
3180,15,913.2000000000025,5,162.19999999999914,swap,notBad
3181,15,913.2000000000025,5,162.19999999999914,2opt,notBad
3182,15,913.2000000000025,5,162.19999999999914,move,improve
3183,15,941.2000000000016,5,162.19999999999914,swap,acceptBad
3184,15,941.2000000000016,5,162.19999999999914,2opt,improve
3185,15,941.2000000000016,5,162.19999999999914,2opt,notBad
3186,15,871.4000000000028,5,162.19999999999914,move,improve
3187,15,1142.4000000000028,5,162.19999999999914,swap,acceptBad
3188,15,1142.4000000000028,5,162.19999999999914,move,improve
3189,15,1142.4000000000028,5,162.19999999999914,swap,notBad
3190,15,1142.4000000000028,5,162.19999999999914,2opt,notBad
3191,15,1142.4000000000028,5,162.19999999999914,swap,notBad
3192,15,1017.600000000002,5,162.19999999999914,move,improve
3193,15,1017.600000000002,5,162.19999999999914,move,improve
3194,15,1025.0000000000011,5,162.19999999999914,swap,acceptBad
3195,15,973.2000000000005,5,162.19999999999914,move,improve
3196,15,948.9999999999998,5,162.19999999999914,move,improve
3197,15,948.9999999999998,5,162.19999999999914,2opt,notBad
3198,15,948.9999999999998,5,162.19999999999914,swap,notBad
3199,15,948.9999999999998,5,162.19999999999914,2opt,notBad
3200,15,948.9999999999998,5,162.19999999999914,2opt,notBad
3201,15,948.9999999999998,5,162.19999999999914,move,improve
3202,15,1038.6,5,162.19999999999914,swap,acceptBad
3203,15,923.0000000000002,5,162.19999999999914,move,improve
3204,15,923.0000000000002,5,162.19999999999914,2opt,improve
3205,15,923.0000000000002,5,162.19999999999914,2opt,notBad
3206,15,923.0000000000002,5,162.19999999999914,2opt,notBad
3207,15,923.0000000000002,5,162.19999999999914,2opt,notBad
3208,15,869.8000000000002,5,162.19999999999914,swap,improve
3209,15,1272.6000000000004,5,162.19999999999914,swap,acceptBad
3210,15,1348.4,5,162.19999999999914,swap,acceptBad
3211,15,1348.4,5,162.19999999999914,2opt,notBad
3212,15,1348.4,5,162.19999999999914,swap,notBad
3213,15,1348.4,5,162.19999999999914,swap,notBad
3214,15,1167.6000000000008,5,162.19999999999914,move,improve
3215,15,1214.5999999999995,5,162.19999999999914,swap,acceptBad
3216,15,1214.5999999999995,5,162.19999999999914,move,improve
3217,15,1214.5999999999995,5,162.19999999999914,move,improve
3218,15,1214.5999999999995,5,162.19999999999914,swap,notBad
3219,15,1214.5999999999995,5,162.19999999999914,move,improve
3220,15,1214.5999999999995,5,162.19999999999914,2opt,notBad
3221,15,1214.5999999999995,5,162.19999999999914,swap,notBad
3222,15,1214.5999999999995,5,162.19999999999914,swap,notBad
3223,15,1214.5999999999995,5,162.19999999999914,move,improve
3224,15,1214.5999999999995,5,162.19999999999914,move,improve
3225,15,1214.5999999999995,5,162.19999999999914,move,improve
3226,15,1214.5999999999995,5,162.19999999999914,move,improve
3227,15,1214.5999999999995,5,162.19999999999914,swap,improve
3228,15,1214.5999999999995,5,162.19999999999914,move,improve
3229,15,1214.5999999999995,5,162.19999999999914,2opt,notBad
3230,15,1214.5999999999995,5,162.19999999999914,2opt,notBad
3231,15,1206.8000000000002,5,162.19999999999914,move,improve
3232,15,1206.8000000000002,5,162.19999999999914,swap,notBad
3233,15,1380.800000000001,5,162.19999999999914,swap,acceptBad
3234,15,1380.800000000001,5,162.19999999999914,swap,notBad
3235,15,1380.800000000001,5,162.19999999999914,2opt,notBad
3236,15,1380.800000000001,5,162.19999999999914,move,improve
3237,15,1365.6000000000017,5,162.19999999999914,move,improve
3238,15,1365.6000000000017,5,162.19999999999914,swap,notBad
3239,15,1365.6000000000017,5,162.19999999999914,move,improve
3240,15,1365.6000000000017,5,162.19999999999914,move,improve
3241,15,994.0000000000005,5,162.19999999999914,move,improve
3242,15,994.0000000000005,5,162.19999999999914,move,improve
3243,15,994.0000000000005,5,162.19999999999914,move,improve
3244,15,994.0000000000005,5,162.19999999999914,swap,notBad
3245,15,994.0000000000005,5,162.19999999999914,move,improve
3246,15,994.0000000000005,5,162.19999999999914,2opt,notBad
3247,15,994.0000000000005,5,162.19999999999914,2opt,notBad
3248,15,994.0000000000005,5,162.19999999999914,2opt,improve
3249,15,1106.2000000000007,5,162.19999999999914,swap,acceptBad
3250,15,1106.2000000000007,5,162.19999999999914,2opt,notBad
3251,15,1106.2000000000007,5,162.19999999999914,move,improve
3252,15,1106.2000000000007,5,162.19999999999914,move,improve
3253,15,1100.6000000000013,5,162.19999999999914,swap,improve
3254,15,1100.6000000000013,5,162.19999999999914,move,improve
3255,15,1161.400000000001,5,162.19999999999914,swap,acceptBad
3256,15,1161.400000000001,5,162.19999999999914,move,improve
3257,15,1253.0000000000018,5,162.19999999999914,swap,acceptBad
3258,15,1253.0000000000018,5,162.19999999999914,move,improve
3259,15,1253.0000000000027,5,162.19999999999914,2opt,acceptBad
3260,15,1253.000000000002,5,162.19999999999914,2opt,improve
3261,15,1253.000000000002,5,162.19999999999914,swap,notBad
3262,15,1253.000000000002,5,162.19999999999914,move,improve
3263,15,1195.2,5,162.19999999999914,swap,improve
3264,15,1195.2,5,162.19999999999914,2opt,notBad
3265,15,1195.2,5,162.19999999999914,2opt,notBad
3266,15,1195.2,5,162.19999999999914,move,improve
3267,15,1195.2,5,162.19999999999914,swap,notBad
3268,15,1195.2,5,162.19999999999914,swap,improve
3269,15,1195.2,5,162.19999999999914,2opt,notBad
3270,15,1195.1999999999998,5,162.19999999999914,2opt,improve
3271,15,1195.199999999999,5,162.19999999999914,2opt,improve
3272,15,1195.199999999999,5,162.19999999999914,2opt,notBad
3273,15,1195.199999999999,5,162.19999999999914,swap,notBad
3274,15,1195.199999999999,5,162.19999999999914,swap,notBad
3275,15,1195.199999999999,5,162.19999999999914,2opt,notBad
3276,15,1195.199999999999,5,162.19999999999914,2opt,notBad
3277,15,1134.1999999999994,5,162.19999999999914,swap,improve
3278,15,1134.1999999999994,5,162.19999999999914,2opt,improve
3279,15,991.5999999999988,5,162.19999999999914,move,improve
3280,15,991.5999999999988,5,162.19999999999914,move,improve
3281,15,991.5999999999988,5,162.19999999999914,move,improve
3282,15,991.5999999999988,5,162.19999999999914,2opt,notBad
3283,15,991.5999999999988,5,162.19999999999914,move,improve
3284,15,991.5999999999988,5,162.19999999999914,2opt,improve
3285,15,991.5999999999988,5,162.19999999999914,move,improve
3286,15,991.5999999999988,5,162.19999999999914,2opt,notBad
3287,15,991.5999999999988,5,162.19999999999914,2opt,notBad
3288,15,991.5999999999988,5,162.19999999999914,2opt,improve
3289,15,991.5999999999988,5,162.19999999999914,move,improve
3290,15,885.399999999998,5,162.19999999999914,move,improve
3291,15,885.399999999998,5,162.19999999999914,move,improve
3292,15,885.399999999998,5,162.19999999999914,swap,improve
3293,15,885.399999999998,5,162.19999999999914,move,improve
3294,15,885.399999999998,5,162.19999999999914,2opt,notBad
3295,15,885.399999999998,5,162.19999999999914,move,improve
3296,15,885.399999999998,5,162.19999999999914,swap,improve
3297,15,885.399999999998,5,162.19999999999914,move,improve
3298,15,885.399999999998,5,162.19999999999914,move,improve
3299,15,885.399999999998,5,162.19999999999914,swap,improve
3300,15,885.399999999998,5,162.19999999999914,2opt,improve
3301,15,885.399999999998,5,162.19999999999914,move,improve
3302,15,885.399999999998,5,162.19999999999914,move,improve
3303,15,885.399999999998,5,162.19999999999914,swap,notBad
3304,15,885.399999999998,5,162.19999999999914,2opt,notBad
3305,15,885.399999999998,5,162.19999999999914,swap,notBad
3306,15,885.399999999998,5,162.19999999999914,2opt,notBad
3307,15,883.3999999999978,5,162.19999999999914,move,improve
3308,15,883.3999999999978,5,162.19999999999914,2opt,notBad
3309,15,883.3999999999978,5,162.19999999999914,move,improve
3310,15,883.3999999999978,5,162.19999999999914,move,improve
3311,15,883.3999999999978,5,162.19999999999914,move,improve
3312,15,883.3999999999978,5,162.19999999999914,move,improve
3313,15,1060.7999999999984,5,162.19999999999914,swap,acceptBad
3314,15,923.5999999999981,5,162.19999999999914,swap,improve
3315,15,923.5999999999981,5,162.19999999999914,swap,notBad
3316,15,923.5999999999981,5,162.19999999999914,swap,notBad
3317,15,923.5999999999981,5,162.19999999999914,move,improve
3318,15,923.5999999999981,5,162.19999999999914,move,improve
3319,15,880.9999999999977,5,162.19999999999914,move,improve
3320,15,880.9999999999977,5,162.19999999999914,swap,notBad
3321,15,880.9999999999977,5,162.19999999999914,move,improve
3322,15,880.9999999999977,5,162.19999999999914,swap,notBad
3323,15,880.9999999999977,5,162.19999999999914,swap,notBad
3324,15,880.9999999999977,5,162.19999999999914,2opt,notBad
3325,15,879.5999999999976,5,162.19999999999914,move,improve
3326,15,900.5999999999972,5,162.19999999999914,swap,acceptBad
3327,15,900.5999999999972,5,162.19999999999914,swap,notBad
3328,15,900.5999999999972,5,162.19999999999914,move,improve
3329,15,863.7999999999968,5,162.19999999999914,move,improve
3330,15,863.7999999999968,5,162.19999999999914,2opt,notBad
3331,15,894.5999999999954,5,162.19999999999914,swap,acceptBad
3332,15,894.5999999999954,5,162.19999999999914,move,improve
3333,15,894.5999999999954,5,162.19999999999914,move,improve
3334,15,894.5999999999954,5,162.19999999999914,2opt,notBad
3335,15,894.5999999999954,5,162.19999999999914,2opt,notBad
3336,15,894.5999999999954,5,162.19999999999914,move,improve
3337,15,894.5999999999954,5,162.19999999999914,2opt,notBad
3338,15,1100.5999999999951,5,162.19999999999914,swap,acceptBad
3339,15,1100.5999999999951,5,162.19999999999914,move,improve
3340,15,1100.5999999999951,5,162.19999999999914,2opt,notBad
3341,15,1100.5999999999951,5,162.19999999999914,move,improve
3342,15,1100.5999999999951,5,162.19999999999914,2opt,notBad
3343,15,1100.599999999995,5,162.19999999999914,2opt,improve
3344,15,1100.599999999995,5,162.19999999999914,2opt,notBad
3345,15,1123.5999999999972,5,162.19999999999914,swap,acceptBad
3346,15,1059.999999999998,5,162.19999999999914,swap,improve
3347,15,1059.999999999998,5,162.19999999999914,2opt,notBad
3348,15,1059.999999999998,5,162.19999999999914,2opt,notBad
3349,15,1059.999999999998,5,162.19999999999914,swap,notBad
3350,15,1056.3999999999987,5,162.19999999999914,move,improve
3351,15,1007.8000000000013,5,162.19999999999914,move,improve
3352,15,1007.8000000000013,5,162.19999999999914,swap,notBad
3353,15,1007.8000000000013,5,162.19999999999914,swap,notBad
3354,15,1007.8000000000013,5,162.19999999999914,2opt,notBad
3355,15,1007.8000000000013,5,162.19999999999914,swap,notBad
3356,15,1007.8000000000013,5,162.19999999999914,swap,notBad
3357,15,1007.8000000000013,5,162.19999999999914,2opt,notBad
3358,15,1007.8000000000013,5,162.19999999999914,swap,notBad
3359,15,1108.400000000001,5,162.19999999999914,swap,acceptBad
3360,15,1108.400000000001,5,162.19999999999914,2opt,notBad
3361,15,1108.400000000001,5,162.19999999999914,swap,notBad
3362,15,1108.400000000001,5,162.19999999999914,move,improve
3363,15,1108.400000000001,5,162.19999999999914,swap,notBad
3364,15,1108.400000000001,5,162.19999999999914,2opt,notBad
3365,15,1108.400000000001,5,162.19999999999914,2opt,improve
3366,15,1085.8000000000015,5,162.19999999999914,swap,improve
3367,15,1060.8000000000025,5,162.19999999999914,swap,improve
3368,15,1060.8000000000025,5,162.19999999999914,2opt,notBad
3369,15,1060.8000000000025,5,162.19999999999914,move,improve
3370,15,1060.8000000000025,5,162.19999999999914,move,improve
3371,15,1060.8000000000025,5,162.19999999999914,2opt,improve
3372,15,1096.0000000000032,5,162.19999999999914,swap,acceptBad
3373,15,1096.0000000000032,5,162.19999999999914,2opt,notBad
3374,15,1096.0000000000032,5,162.19999999999914,move,improve
3375,15,1096.0000000000032,5,162.19999999999914,2opt,notBad
3376,15,1096.0000000000032,5,162.19999999999914,move,improve
3377,15,1096.0000000000032,5,162.19999999999914,swap,notBad
3378,15,1103.4000000000037,5,162.19999999999914,swap,acceptBad
3379,15,875.800000000004,5,162.19999999999914,move,improve
3380,15,875.800000000004,5,162.19999999999914,swap,notBad
3381,15,875.800000000004,5,162.19999999999914,move,improve
3382,15,875.800000000004,5,162.19999999999914,move,improve
3383,15,973.2000000000035,5,162.19999999999914,swap,acceptBad
3384,15,793.2000000000035,5,162.19999999999914,swap,improve
3385,15,793.2000000000035,5,162.19999999999914,2opt,notBad
3386,15,793.2000000000035,5,162.19999999999914,swap,notBad
3387,15,793.2000000000035,5,162.19999999999914,2opt,notBad
3388,15,793.2000000000035,5,162.19999999999914,move,improve
3389,15,793.2000000000035,5,162.19999999999914,move,improve
3390,15,793.2000000000035,5,162.19999999999914,2opt,notBad
3391,15,793.2000000000035,5,162.19999999999914,move,improve
3392,15,793.2000000000035,5,162.19999999999914,2opt,improve
3393,15,793.2000000000035,5,162.19999999999914,swap,notBad
3394,15,793.2000000000035,5,162.19999999999914,swap,notBad
3395,15,793.2000000000035,5,162.19999999999914,move,improve
3396,15,793.2000000000035,5,162.19999999999914,move,improve
3397,15,793.2000000000035,5,162.19999999999914,2opt,notBad
3398,15,793.2000000000035,5,162.19999999999914,move,improve
3399,15,793.2000000000035,5,162.19999999999914,2opt,notBad
3400,15,793.2000000000035,5,162.19999999999914,move,improve
3401,15,793.2000000000035,5,162.19999999999914,move,improve
3402,15,800.6000000000045,5,162.19999999999914,swap,acceptBad
3403,15,800.6000000000045,5,162.19999999999914,2opt,notBad
3404,15,800.6000000000045,5,162.19999999999914,2opt,notBad
3405,15,800.6000000000045,5,162.19999999999914,move,improve
3406,15,800.6000000000045,5,162.19999999999914,2opt,notBad
3407,15,800.6000000000045,5,162.19999999999914,2opt,improve
3408,15,800.6000000000045,5,162.19999999999914,2opt,notBad
3409,15,800.6000000000045,5,162.19999999999914,move,improve
3410,15,792.2000000000048,5,162.19999999999914,swap,improve
3411,15,792.2000000000048,5,162.19999999999914,swap,notBad
3412,15,792.2000000000048,5,162.19999999999914,swap,notBad
3413,15,792.2000000000048,5,162.19999999999914,swap,notBad
3414,15,792.2000000000048,5,162.19999999999914,move,improve
3415,15,792.2000000000048,5,162.19999999999914,swap,notBad
3416,15,792.2000000000048,5,162.19999999999914,2opt,notBad
3417,15,792.2000000000048,5,162.19999999999914,move,improve
3418,15,792.2000000000048,5,162.19999999999914,2opt,notBad
3419,15,792.2000000000048,5,162.19999999999914,2opt,notBad
3420,15,792.2000000000048,5,162.19999999999914,2opt,notBad
3421,15,792.2000000000048,5,162.19999999999914,2opt,notBad
3422,15,792.2000000000048,5,162.19999999999914,move,improve
3423,15,792.2000000000048,5,162.19999999999914,2opt,notBad
3424,15,792.2000000000048,5,162.19999999999914,move,improve
3425,15,792.2000000000048,5,162.19999999999914,2opt,notBad
3426,15,893.4000000000051,5,162.19999999999914,swap,acceptBad
3427,15,893.4000000000051,5,162.19999999999914,swap,notBad
3428,15,893.4000000000051,5,162.19999999999914,move,improve
3429,15,893.4000000000051,5,162.19999999999914,move,improve
3430,15,789.4000000000028,5,162.19999999999914,2opt,improve
3431,15,789.4000000000028,5,162.19999999999914,swap,notBad
3432,15,789.4000000000028,5,162.19999999999914,2opt,notBad
3433,15,789.4000000000028,5,162.19999999999914,2opt,notBad
3434,15,789.4000000000028,5,162.19999999999914,swap,notBad
3435,15,789.4000000000028,5,162.19999999999914,move,improve
3436,15,822.0000000000018,5,162.19999999999914,swap,acceptBad
3437,15,822.0000000000018,5,162.19999999999914,move,improve
3438,15,822.0000000000018,5,162.19999999999914,swap,notBad
3439,15,822.0000000000018,5,162.19999999999914,swap,notBad
3440,15,822.0000000000018,5,162.19999999999914,2opt,improve
3441,15,822.0000000000018,5,162.19999999999914,swap,improve
3442,15,822.0000000000018,5,162.19999999999914,move,improve
3443,15,822.0000000000018,5,162.19999999999914,2opt,notBad
3444,15,787.600000000001,5,162.19999999999914,move,improve
3445,15,787.600000000001,5,162.19999999999914,move,improve
3446,15,787.600000000001,5,162.19999999999914,move,improve
3447,15,731.6000000000015,5,162.19999999999914,swap,improve
3448,15,731.6000000000015,5,162.19999999999914,move,improve
3449,15,731.6000000000015,5,162.19999999999914,2opt,notBad
3450,15,731.6000000000015,5,162.19999999999914,2opt,notBad
3451,15,731.6000000000015,5,162.19999999999914,2opt,notBad
3452,15,841.0000000000002,5,162.19999999999914,swap,acceptBad
3453,15,841.0000000000002,5,162.19999999999914,2opt,notBad
3454,15,734.6000000000015,5,162.19999999999914,move,improve
3455,15,734.6000000000015,5,162.19999999999914,2opt,notBad
3456,15,734.6000000000015,5,162.19999999999914,2opt,improve
3457,15,734.6000000000015,5,162.19999999999914,swap,notBad
3458,15,734.6000000000015,5,162.19999999999914,2opt,notBad
3459,15,734.6000000000015,5,162.19999999999914,move,improve
3460,15,734.6000000000015,5,162.19999999999914,swap,notBad
3461,15,734.6000000000015,5,162.19999999999914,move,improve
3462,15,734.6000000000015,5,162.19999999999914,2opt,improve
3463,15,734.6000000000015,5,162.19999999999914,2opt,notBad
3464,15,734.6000000000015,5,162.19999999999914,swap,improve
3465,15,734.6000000000015,5,162.19999999999914,2opt,notBad
3466,15,734.6000000000015,5,162.19999999999914,2opt,improve
3467,15,658.0000000000016,5,162.19999999999914,move,improve
3468,15,658.0000000000016,5,162.19999999999914,2opt,notBad
3469,15,658.0000000000016,5,162.19999999999914,2opt,improve
3470,15,658.0000000000016,5,162.19999999999914,2opt,notBad
3471,15,658.0000000000016,5,162.19999999999914,2opt,improve
3472,15,658.0000000000016,5,162.19999999999914,move,improve
3473,15,658.0000000000016,5,162.19999999999914,swap,notBad
3474,15,743.200000000001,5,162.19999999999914,swap,acceptBad
3475,15,743.200000000001,5,162.19999999999914,swap,notBad
3476,15,743.200000000001,5,162.19999999999914,swap,notBad
3477,15,743.200000000001,5,162.19999999999914,move,improve
3478,15,743.200000000001,5,162.19999999999914,move,improve
3479,15,743.200000000001,5,162.19999999999914,move,improve
3480,15,743.200000000001,5,162.19999999999914,move,improve
3481,15,743.200000000001,5,162.19999999999914,move,improve
3482,15,743.200000000001,5,162.19999999999914,2opt,notBad
3483,15,743.200000000001,5,162.19999999999914,swap,notBad
3484,15,743.200000000001,5,162.19999999999914,2opt,notBad
3485,15,743.200000000001,5,162.19999999999914,move,improve
3486,15,743.200000000001,5,162.19999999999914,swap,notBad
3487,15,743.200000000001,5,162.19999999999914,move,improve
3488,15,743.200000000001,5,162.19999999999914,move,improve
3489,15,743.200000000001,5,162.19999999999914,swap,notBad
3490,15,530.3999999999976,5,162.19999999999914,move,improve
3491,15,530.3999999999976,5,162.19999999999914,swap,notBad
3492,15,530.3999999999976,5,162.19999999999914,swap,notBad
3493,15,530.3999999999976,5,162.19999999999914,2opt,notBad
3494,15,530.3999999999976,5,162.19999999999914,move,improve
3495,15,761.7999999999977,5,162.19999999999914,swap,acceptBad
3496,15,761.7999999999977,5,162.19999999999914,swap,notBad
3497,15,761.7999999999977,5,162.19999999999914,2opt,notBad
3498,15,761.7999999999977,5,162.19999999999914,swap,notBad
3499,15,761.7999999999977,5,162.19999999999914,2opt,notBad
3500,15,761.7999999999977,5,162.19999999999914,2opt,notBad
3501,15,761.7999999999977,5,162.19999999999914,swap,notBad
3502,15,761.7999999999977,5,162.19999999999914,swap,notBad
3503,15,761.7999999999977,5,162.19999999999914,2opt,notBad
3504,15,761.7999999999977,5,162.19999999999914,2opt,notBad
3505,15,761.7999999999977,5,162.19999999999914,swap,notBad
3506,15,761.7999999999977,5,162.19999999999914,move,improve
3507,15,761.7999999999977,5,162.19999999999914,2opt,notBad
3508,15,761.7999999999977,5,162.19999999999914,swap,notBad
3509,15,761.7999999999977,5,162.19999999999914,swap,improve
3510,15,761.7999999999977,5,162.19999999999914,2opt,notBad
3511,15,761.7999999999977,5,162.19999999999914,2opt,notBad
3512,15,761.7999999999977,5,162.19999999999914,2opt,notBad
3513,15,761.7999999999977,5,162.19999999999914,2opt,notBad
3514,15,761.7999999999977,5,162.19999999999914,move,improve
3515,15,761.7999999999977,5,162.19999999999914,2opt,notBad
3516,15,761.7999999999977,5,162.19999999999914,move,improve
3517,15,761.7999999999977,5,162.19999999999914,move,improve
3518,15,761.7999999999977,5,162.19999999999914,swap,notBad
3519,15,761.7999999999977,5,162.19999999999914,2opt,improve
3520,15,761.7999999999977,5,162.19999999999914,2opt,notBad
3521,15,761.7999999999977,5,162.19999999999914,2opt,notBad
3522,15,761.7999999999977,5,162.19999999999914,2opt,notBad
3523,15,761.7999999999977,5,162.19999999999914,swap,notBad
3524,15,761.7999999999977,5,162.19999999999914,move,improve
3525,15,761.7999999999977,5,162.19999999999914,2opt,notBad
3526,15,761.7999999999977,5,162.19999999999914,2opt,notBad
3527,15,761.7999999999977,5,162.19999999999914,2opt,improve
3528,15,761.7999999999977,5,162.19999999999914,2opt,notBad
3529,15,761.7999999999977,5,162.19999999999914,move,improve
3530,15,761.7999999999977,5,162.19999999999914,move,improve
3531,15,761.7999999999977,5,162.19999999999914,swap,notBad
3532,15,761.7999999999977,5,162.19999999999914,2opt,notBad
3533,15,761.7999999999977,5,162.19999999999914,swap,notBad
3534,15,761.7999999999977,5,162.19999999999914,swap,notBad
3535,15,761.7999999999977,5,162.19999999999914,2opt,notBad
3536,15,761.7999999999977,5,162.19999999999914,2opt,improve
3537,15,761.7999999999977,5,162.19999999999914,move,improve
3538,15,761.7999999999977,5,162.19999999999914,2opt,notBad
3539,15,761.7999999999977,5,162.19999999999914,2opt,notBad
3540,15,761.7999999999977,5,162.19999999999914,swap,notBad
3541,15,752.1999999999973,5,162.19999999999914,move,improve
3542,15,752.1999999999973,5,162.19999999999914,2opt,notBad
3543,15,752.1999999999973,5,162.19999999999914,swap,improve
3544,15,752.1999999999973,5,162.19999999999914,2opt,notBad
3545,15,752.1999999999973,5,162.19999999999914,swap,notBad
3546,15,752.1999999999973,5,162.19999999999914,2opt,notBad
3547,15,752.1999999999973,5,162.19999999999914,move,improve
3548,15,752.1999999999973,5,162.19999999999914,swap,notBad
3549,15,685.5999999999963,5,162.19999999999914,swap,improve
3550,15,685.5999999999963,5,162.19999999999914,move,improve
3551,15,685.5999999999963,5,162.19999999999914,swap,notBad
3552,15,685.5999999999963,5,162.19999999999914,2opt,notBad
3553,15,685.5999999999963,5,162.19999999999914,move,improve
3554,15,685.5999999999963,5,162.19999999999914,2opt,notBad
3555,15,685.5999999999963,5,162.19999999999914,move,improve
3556,15,685.5999999999963,5,162.19999999999914,move,improve
3557,15,685.5999999999963,5,162.19999999999914,2opt,improve
3558,15,685.5999999999963,5,162.19999999999914,swap,notBad
3559,15,685.5999999999963,5,162.19999999999914,move,improve
3560,15,685.5999999999963,5,162.19999999999914,2opt,notBad
3561,15,685.5999999999963,5,162.19999999999914,move,improve
3562,15,685.5999999999963,5,162.19999999999914,move,improve
3563,15,685.5999999999963,5,162.19999999999914,2opt,improve
3564,15,685.5999999999963,5,162.19999999999914,2opt,improve
3565,15,685.5999999999963,5,162.19999999999914,move,improve
3566,15,685.5999999999963,5,162.19999999999914,move,improve
3567,15,685.5999999999963,5,162.19999999999914,move,improve
3568,15,685.5999999999963,5,162.19999999999914,2opt,notBad
3569,15,685.5999999999963,5,162.19999999999914,2opt,notBad
3570,15,685.5999999999963,5,162.19999999999914,swap,notBad
3571,15,685.5999999999963,5,162.19999999999914,move,improve
3572,15,685.5999999999963,5,162.19999999999914,swap,notBad
3573,15,685.5999999999963,5,162.19999999999914,2opt,notBad
3574,15,685.5999999999963,5,162.19999999999914,2opt,notBad
3575,15,685.5999999999963,5,162.19999999999914,2opt,notBad
3576,15,685.5999999999963,5,162.19999999999914,move,improve
3577,15,651.9999999999977,5,162.19999999999914,move,improve
3578,15,651.9999999999977,5,162.19999999999914,swap,notBad
3579,15,651.9999999999977,5,162.19999999999914,swap,notBad
3580,15,651.9999999999977,5,162.19999999999914,2opt,notBad
3581,15,651.9999999999977,5,162.19999999999914,2opt,notBad
3582,15,651.9999999999977,5,162.19999999999914,swap,notBad
3583,15,651.9999999999977,5,162.19999999999914,2opt,improve
3584,15,854.5999999999976,5,162.19999999999914,swap,acceptBad
3585,15,854.5999999999976,5,162.19999999999914,swap,notBad
3586,15,854.5999999999976,5,162.19999999999914,swap,notBad
3587,15,1036.3999999999978,5,162.19999999999914,swap,acceptBad
3588,15,1036.3999999999978,5,162.19999999999914,move,improve
3589,15,1036.3999999999978,5,162.19999999999914,swap,notBad
3590,15,1036.3999999999978,5,162.19999999999914,move,improve
3591,15,1171.5999999999985,5,162.19999999999914,swap,acceptBad
3592,15,1020.3999999999969,5,162.19999999999914,move,improve
3593,15,1020.3999999999969,5,162.19999999999914,2opt,improve
3594,15,1020.3999999999969,5,162.19999999999914,2opt,notBad
3595,15,1020.3999999999969,5,162.19999999999914,move,improve
3596,15,1020.3999999999969,5,162.19999999999914,2opt,notBad
3597,15,1112.399999999996,5,162.19999999999914,swap,acceptBad
3598,15,1106.5999999999967,5,162.19999999999914,swap,improve
3599,15,1106.5999999999967,5,162.19999999999914,2opt,notBad
3600,15,1106.5999999999967,5,162.19999999999914,2opt,notBad
3601,15,1106.5999999999967,5,162.19999999999914,2opt,improve
3602,15,1106.5999999999967,5,162.19999999999914,2opt,notBad
3603,15,1106.5999999999967,5,162.19999999999914,move,improve
3604,15,1106.5999999999967,5,162.19999999999914,swap,notBad
3605,15,1106.5999999999967,5,162.19999999999914,swap,notBad
3606,15,1106.5999999999967,5,162.19999999999914,move,improve
3607,15,1106.5999999999967,5,162.19999999999914,swap,improve
3608,15,1106.5999999999967,5,162.19999999999914,move,improve
3609,15,1106.5999999999967,5,162.19999999999914,swap,notBad
3610,15,1106.5999999999967,5,162.19999999999914,2opt,notBad
3611,15,1147.5999999999976,5,162.19999999999914,swap,acceptBad
3612,15,1147.5999999999972,5,162.19999999999914,2opt,improve
3613,15,1147.5999999999972,5,162.19999999999914,move,improve
3614,15,1147.5999999999972,5,162.19999999999914,2opt,notBad
3615,15,1147.5999999999972,5,162.19999999999914,move,improve
3616,15,1147.5999999999972,5,162.19999999999914,2opt,notBad
3617,15,1147.5999999999972,5,162.19999999999914,2opt,notBad
3618,15,1147.5999999999972,5,162.19999999999914,2opt,notBad
3619,15,1147.5999999999972,5,162.19999999999914,move,improve
3620,15,1147.5999999999972,5,162.19999999999914,2opt,notBad
3621,15,1147.5999999999972,5,162.19999999999914,move,improve
3622,15,1147.5999999999972,5,162.19999999999914,swap,notBad
3623,15,1150.799999999997,5,162.19999999999914,2opt,acceptBad
3624,15,1150.799999999997,5,162.19999999999914,move,improve
3625,15,1150.799999999997,5,162.19999999999914,move,improve
3626,15,1150.7999999999968,5,162.19999999999914,2opt,improve
3627,15,1019.1999999999982,5,162.19999999999914,move,improve
3628,15,1019.1999999999982,5,162.19999999999914,2opt,notBad
3629,15,1019.1999999999982,5,162.19999999999914,move,improve
3630,15,1019.1999999999982,5,162.19999999999914,2opt,notBad
3631,15,1019.1999999999982,5,162.19999999999914,move,improve
3632,15,1019.1999999999982,5,162.19999999999914,2opt,improve
3633,15,1019.1999999999982,5,162.19999999999914,move,improve
3634,15,1019.1999999999982,5,162.19999999999914,swap,notBad
3635,15,1019.1999999999982,5,162.19999999999914,2opt,improve
3636,15,1019.1999999999982,5,162.19999999999914,swap,notBad
3637,15,1019.1999999999982,5,162.19999999999914,2opt,improve
3638,15,1019.1999999999982,5,162.19999999999914,2opt,notBad
3639,15,1019.1999999999982,5,162.19999999999914,swap,notBad
3640,15,1019.1999999999982,5,162.19999999999914,2opt,notBad
3641,15,885.5999999999983,5,162.19999999999914,move,improve
3642,15,885.5999999999983,5,162.19999999999914,swap,notBad
3643,15,885.5999999999983,5,162.19999999999914,2opt,improve
3644,15,885.5999999999983,5,162.19999999999914,2opt,improve
3645,15,885.5999999999983,5,162.19999999999914,2opt,improve
3646,15,885.5999999999983,5,162.19999999999914,2opt,notBad
3647,15,885.5999999999983,5,162.19999999999914,2opt,improve
3648,15,885.5999999999983,5,162.19999999999914,move,improve
3649,15,885.5999999999983,5,162.19999999999914,move,improve
3650,15,763.5999999999981,5,162.19999999999914,swap,improve
3651,15,934.799999999999,5,162.19999999999914,swap,acceptBad
3652,15,934.799999999999,5,162.19999999999914,swap,improve
3653,15,934.799999999999,5,162.19999999999914,2opt,notBad
3654,15,934.799999999999,5,162.19999999999914,2opt,improve
3655,15,934.799999999999,5,162.19999999999914,2opt,improve
3656,15,934.799999999999,5,162.19999999999914,2opt,notBad
3657,15,934.799999999999,5,162.19999999999914,swap,notBad
3658,15,934.799999999999,5,162.19999999999914,2opt,improve
3659,15,934.799999999999,5,162.19999999999914,move,improve
3660,15,934.799999999999,5,162.19999999999914,2opt,improve
3661,15,934.799999999999,5,162.19999999999914,swap,notBad
3662,15,934.799999999999,5,162.19999999999914,2opt,improve
3663,15,934.799999999999,5,162.19999999999914,2opt,notBad
3664,15,934.799999999999,5,162.19999999999914,2opt,notBad
3665,15,934.799999999999,5,162.19999999999914,2opt,notBad
3666,15,934.799999999999,5,162.19999999999914,move,improve
3667,15,934.799999999999,5,162.19999999999914,move,improve
3668,15,934.799999999999,5,162.19999999999914,2opt,notBad
3669,15,934.799999999999,5,162.19999999999914,2opt,notBad
3670,15,934.799999999999,5,162.19999999999914,swap,notBad
3671,15,934.799999999999,5,162.19999999999914,2opt,improve
3672,15,934.799999999999,5,162.19999999999914,swap,improve
3673,15,934.799999999999,5,162.19999999999914,2opt,notBad
3674,15,751.7999999999981,5,162.19999999999914,move,improve
3675,15,924.2000000000005,5,162.19999999999914,swap,acceptBad
3676,15,924.2000000000005,5,162.19999999999914,2opt,notBad
3677,15,841.2000000000007,5,162.19999999999914,move,improve
3678,15,841.2000000000007,5,162.19999999999914,2opt,notBad
3679,15,838.8000000000011,5,162.19999999999914,move,improve
3680,15,838.8000000000011,5,162.19999999999914,2opt,improve
3681,15,838.8000000000011,5,162.19999999999914,move,improve
3682,15,838.8000000000011,5,162.19999999999914,2opt,notBad
3683,15,838.8000000000011,5,162.19999999999914,2opt,improve
3684,15,838.8000000000011,5,162.19999999999914,2opt,notBad
3685,15,838.8000000000011,5,162.19999999999914,2opt,notBad
3686,15,838.8000000000011,5,162.19999999999914,move,improve
3687,15,838.8000000000011,5,162.19999999999914,swap,improve
3688,15,783.0000000000014,5,162.19999999999914,move,improve
3689,15,783.0000000000014,5,162.19999999999914,move,improve
3690,15,783.0000000000014,5,162.19999999999914,move,improve
3691,15,783.0000000000014,5,162.19999999999914,2opt,improve
3692,15,783.0000000000014,5,162.19999999999914,move,improve
3693,15,783.0000000000014,5,162.19999999999914,swap,notBad
3694,15,783.0000000000014,5,162.19999999999914,swap,notBad
3695,15,783.0000000000014,5,162.19999999999914,swap,improve
3696,15,948.6000000000017,5,162.19999999999914,swap,acceptBad
3697,15,948.6000000000017,5,162.19999999999914,2opt,notBad
3698,15,948.6000000000017,5,162.19999999999914,2opt,notBad
3699,15,847.0000000000009,5,162.19999999999914,move,improve
3700,15,847.0000000000009,5,162.19999999999914,swap,notBad
3701,15,847.0000000000009,5,162.19999999999914,swap,notBad
3702,15,847.0000000000009,5,162.19999999999914,2opt,improve
3703,15,847.0000000000009,5,162.19999999999914,move,improve
3704,15,847.0000000000009,5,162.19999999999914,swap,notBad
3705,15,847.0000000000009,5,162.19999999999914,move,improve
3706,15,847.0000000000009,5,162.19999999999914,move,improve
3707,15,847.0000000000009,5,162.19999999999914,2opt,notBad
3708,15,847.0000000000009,5,162.19999999999914,swap,notBad
3709,15,847.0000000000009,5,162.19999999999914,swap,notBad
3710,15,847.0000000000009,5,162.19999999999914,move,improve
3711,15,847.0000000000009,5,162.19999999999914,swap,notBad
3712,15,847.0000000000009,5,162.19999999999914,2opt,improve
3713,15,847.0000000000009,5,162.19999999999914,2opt,notBad
3714,15,847.0000000000009,5,162.19999999999914,2opt,notBad
3715,15,847.0000000000009,5,162.19999999999914,2opt,improve
3716,15,847.0000000000009,5,162.19999999999914,2opt,notBad
3717,15,847.0000000000009,5,162.19999999999914,move,improve
3718,15,847.0000000000009,5,162.19999999999914,move,improve
3719,15,847.0000000000009,5,162.19999999999914,2opt,notBad
3720,15,679.4000000000008,5,162.19999999999914,move,improve
3721,15,679.4000000000008,5,162.19999999999914,move,improve
3722,15,679.4000000000008,5,162.19999999999914,move,improve
3723,15,679.4000000000008,5,162.19999999999914,move,improve
3724,15,679.4000000000008,5,162.19999999999914,swap,notBad
3725,15,679.4000000000008,5,162.19999999999914,swap,notBad
3726,15,679.4000000000008,5,162.19999999999914,swap,notBad
3727,15,679.4000000000008,5,162.19999999999914,swap,notBad
3728,15,679.4000000000008,5,162.19999999999914,2opt,notBad
3729,15,679.4000000000008,5,162.19999999999914,swap,notBad
3730,15,679.4000000000008,5,162.19999999999914,move,improve
3731,15,679.4000000000008,5,162.19999999999914,move,improve
3732,15,679.4000000000008,5,162.19999999999914,2opt,improve
3733,15,679.4000000000008,5,162.19999999999914,move,improve
3734,15,679.4000000000008,5,162.19999999999914,2opt,notBad
3735,15,679.4000000000008,5,162.19999999999914,move,improve
3736,15,679.4000000000008,5,162.19999999999914,swap,notBad
3737,15,571.0000000000023,5,162.19999999999914,move,improve
3738,15,815.6000000000024,5,162.19999999999914,swap,acceptBad
3739,15,951.4000000000015,5,162.19999999999914,swap,acceptBad
3740,15,914.5999999999999,5,162.19999999999914,move,improve
3741,15,870.1999999999991,5,162.19999999999914,move,improve
3742,15,870.1999999999991,5,162.19999999999914,2opt,notBad
3743,15,870.1999999999991,5,162.19999999999914,2opt,notBad
3744,15,767.9999999999993,5,162.19999999999914,2opt,improve
3745,15,767.9999999999993,5,162.19999999999914,swap,notBad
3746,15,767.9999999999993,5,162.19999999999914,swap,notBad
3747,15,767.9999999999993,5,162.19999999999914,2opt,notBad
3748,15,767.9999999999993,5,162.19999999999914,2opt,notBad
3749,15,802.7999999999988,5,162.19999999999914,swap,acceptBad
3750,15,802.7999999999988,5,162.19999999999914,2opt,notBad
3751,15,964.3999999999999,5,162.19999999999914,swap,acceptBad
3752,15,964.3999999999999,5,162.19999999999914,swap,notBad
3753,15,964.3999999999999,5,162.19999999999914,swap,improve
3754,15,964.3999999999999,5,162.19999999999914,swap,notBad
3755,15,964.3999999999999,5,162.19999999999914,2opt,notBad
3756,15,964.3999999999999,5,162.19999999999914,2opt,improve
3757,15,1038.5999999999985,5,162.19999999999914,swap,acceptBad
3758,15,1038.5999999999985,5,162.19999999999914,move,improve
3759,15,1038.5999999999985,5,162.19999999999914,2opt,notBad
3760,15,1038.5999999999985,5,162.19999999999914,move,improve
3761,15,1038.5999999999985,5,162.19999999999914,swap,notBad
3762,15,1038.5999999999985,5,162.19999999999914,swap,notBad
3763,15,1015.8000000000002,5,162.19999999999914,move,improve
3764,15,1015.8000000000002,5,162.19999999999914,2opt,notBad
3765,15,1015.8000000000002,5,162.19999999999914,2opt,notBad
3766,15,1015.8000000000002,5,162.19999999999914,2opt,notBad
3767,15,1015.8000000000002,5,162.19999999999914,swap,notBad
3768,15,1015.8000000000002,5,162.19999999999914,move,improve
3769,15,853.3999999999996,5,162.19999999999914,move,improve
3770,15,853.3999999999996,5,162.19999999999914,move,improve
3771,15,853.3999999999996,5,162.19999999999914,2opt,notBad
3772,15,853.3999999999996,5,162.19999999999914,2opt,notBad
3773,15,853.3999999999996,5,162.19999999999914,move,improve
3774,15,666.2000000000003,5,162.19999999999914,move,improve
3775,15,666.2000000000003,5,162.19999999999914,swap,improve
3776,15,666.2000000000003,5,162.19999999999914,move,improve
3777,15,696.0000000000002,5,162.19999999999914,swap,acceptBad
3778,15,696.0000000000002,5,162.19999999999914,move,improve
3779,15,696.0000000000002,5,162.19999999999914,move,improve
3780,15,648.5999999999997,5,162.19999999999914,swap,improve
3781,15,648.5999999999997,5,162.19999999999914,move,improve
3782,15,648.5999999999997,5,162.19999999999914,move,improve
3783,15,796.9999999999998,5,162.19999999999914,swap,acceptBad
3784,15,796.9999999999998,5,162.19999999999914,2opt,notBad
3785,15,796.9999999999998,5,162.19999999999914,2opt,notBad
3786,15,796.9999999999998,5,162.19999999999914,swap,notBad
3787,15,796.9999999999998,5,162.19999999999914,swap,notBad
3788,15,796.9999999999998,5,162.19999999999914,2opt,notBad
3789,15,796.9999999999998,5,162.19999999999914,move,improve
3790,15,788.0000000000002,5,162.19999999999914,move,improve
3791,15,788.0000000000002,5,162.19999999999914,2opt,notBad
3792,15,788.0000000000002,5,162.19999999999914,move,improve
3793,15,788.0000000000002,5,162.19999999999914,swap,notBad
3794,15,788.0000000000002,5,162.19999999999914,swap,notBad
3795,15,788.0000000000002,5,162.19999999999914,2opt,improve
3796,15,883.0,5,162.19999999999914,swap,acceptBad
3797,15,868.8000000000022,5,162.19999999999914,move,improve
3798,15,868.8000000000022,5,162.19999999999914,move,improve
3799,15,868.8000000000022,5,162.19999999999914,move,improve
3800,15,868.8000000000022,5,162.19999999999914,move,improve
3801,15,868.8000000000022,5,162.19999999999914,2opt,notBad
3802,15,868.8000000000022,5,162.19999999999914,2opt,improve
3803,15,868.8000000000022,5,162.19999999999914,2opt,notBad
3804,15,868.8000000000022,5,162.19999999999914,2opt,notBad
3805,15,868.8000000000022,5,162.19999999999914,move,improve
3806,15,868.8000000000022,5,162.19999999999914,2opt,notBad
3807,15,868.8000000000022,5,162.19999999999914,2opt,notBad
3808,15,868.8000000000022,5,162.19999999999914,2opt,notBad
3809,15,868.8000000000022,5,162.19999999999914,2opt,notBad
3810,15,868.8000000000022,5,162.19999999999914,2opt,notBad
3811,15,868.8000000000022,5,162.19999999999914,swap,notBad
3812,15,868.8000000000022,5,162.19999999999914,2opt,improve
3813,15,868.8000000000022,5,162.19999999999914,2opt,notBad
3814,15,868.8000000000022,5,162.19999999999914,swap,notBad
3815,15,868.8000000000022,5,162.19999999999914,swap,notBad
3816,15,868.8000000000022,5,162.19999999999914,2opt,improve
3817,15,868.8000000000022,5,162.19999999999914,move,improve
3818,15,868.8000000000022,5,162.19999999999914,2opt,notBad
3819,15,868.8000000000022,5,162.19999999999914,move,improve
3820,15,868.8000000000022,5,162.19999999999914,2opt,notBad
3821,15,868.8000000000022,5,162.19999999999914,2opt,notBad
3822,15,868.8000000000022,5,162.19999999999914,move,improve
3823,15,868.8000000000022,5,162.19999999999914,swap,notBad
3824,15,868.8000000000022,5,162.19999999999914,2opt,notBad
3825,15,830.0000000000023,5,162.19999999999914,move,improve
3826,15,830.0000000000023,5,162.19999999999914,2opt,notBad
3827,15,830.0000000000023,5,162.19999999999914,2opt,notBad
3828,15,830.0000000000023,5,162.19999999999914,move,improve
3829,15,774.2000000000003,5,162.19999999999914,2opt,improve
3830,15,774.2000000000003,5,162.19999999999914,swap,notBad
3831,15,774.2000000000003,5,162.19999999999914,2opt,notBad
3832,15,774.2000000000003,5,162.19999999999914,move,improve
3833,15,774.2000000000003,5,162.19999999999914,move,improve
3834,15,774.2000000000003,5,162.19999999999914,2opt,improve
3835,15,774.2000000000003,5,162.19999999999914,2opt,notBad
3836,15,754.8000000000009,5,162.19999999999914,swap,improve
3837,15,754.8000000000009,5,162.19999999999914,swap,notBad
3838,15,754.8000000000009,5,162.19999999999914,2opt,notBad
3839,15,809.3999999999996,5,162.19999999999914,swap,acceptBad
3840,15,809.3999999999996,5,162.19999999999914,swap,notBad
3841,15,920.9999999999977,5,162.19999999999914,swap,acceptBad
3842,15,920.9999999999977,5,162.19999999999914,move,improve
3843,15,920.9999999999977,5,162.19999999999914,swap,notBad
3844,15,920.9999999999977,5,162.19999999999914,swap,notBad
3845,15,920.9999999999977,5,162.19999999999914,swap,improve
3846,15,920.9999999999977,5,162.19999999999914,2opt,notBad
3847,15,920.9999999999977,5,162.19999999999914,swap,improve
3848,15,920.9999999999977,5,162.19999999999914,move,improve
3849,15,920.9999999999977,5,162.19999999999914,2opt,notBad
3850,15,920.9999999999977,5,162.19999999999914,move,improve
3851,15,890.7999999999979,5,162.19999999999914,move,improve
3852,15,890.7999999999979,5,162.19999999999914,2opt,notBad
3853,15,890.7999999999979,5,162.19999999999914,move,improve
3854,15,890.7999999999979,5,162.19999999999914,move,improve
3855,15,890.7999999999979,5,162.19999999999914,move,improve
3856,15,890.7999999999979,5,162.19999999999914,2opt,notBad
3857,15,890.7999999999979,5,162.19999999999914,2opt,notBad
3858,15,890.7999999999979,5,162.19999999999914,swap,notBad
3859,15,890.7999999999979,5,162.19999999999914,swap,notBad
3860,15,890.7999999999979,5,162.19999999999914,move,improve
3861,15,890.7999999999979,5,162.19999999999914,swap,notBad
3862,15,890.7999999999979,5,162.19999999999914,swap,notBad
3863,15,890.7999999999979,5,162.19999999999914,move,improve
3864,15,890.7999999999979,5,162.19999999999914,move,improve
3865,15,890.7999999999979,5,162.19999999999914,move,improve
3866,15,886.5999999999983,5,162.19999999999914,move,improve
3867,15,886.5999999999983,5,162.19999999999914,2opt,notBad
3868,15,858.3999999999985,5,162.19999999999914,move,improve
3869,15,814.1999999999991,5,162.19999999999914,swap,improve
3870,15,814.1999999999991,5,162.19999999999914,move,improve
3871,15,814.1999999999991,5,162.19999999999914,swap,notBad
3872,15,814.1999999999991,5,162.19999999999914,swap,notBad
3873,15,814.1999999999991,5,162.19999999999914,move,improve
3874,15,814.1999999999991,5,162.19999999999914,move,improve
3875,15,814.1999999999991,5,162.19999999999914,move,improve
3876,15,814.1999999999991,5,162.19999999999914,2opt,notBad
3877,15,814.1999999999991,5,162.19999999999914,2opt,improve
3878,15,814.1999999999991,5,162.19999999999914,2opt,notBad
3879,15,814.1999999999991,5,162.19999999999914,move,improve
3880,15,965.1999999999971,5,162.19999999999914,swap,acceptBad
3881,15,965.1999999999971,5,162.19999999999914,swap,notBad
3882,15,965.1999999999971,5,162.19999999999914,move,improve
3883,15,965.1999999999971,5,162.19999999999914,2opt,notBad
3884,15,965.1999999999971,5,162.19999999999914,move,improve
3885,15,965.1999999999971,5,162.19999999999914,swap,notBad
3886,15,965.1999999999971,5,162.19999999999914,2opt,notBad
3887,15,965.1999999999971,5,162.19999999999914,move,improve
3888,15,965.1999999999971,5,162.19999999999914,2opt,notBad
3889,15,965.1999999999971,5,162.19999999999914,2opt,notBad
3890,15,959.5999999999972,5,162.19999999999914,move,improve
3891,15,940.7999999999981,5,162.19999999999914,2opt,improve
3892,15,940.7999999999981,5,162.19999999999914,move,improve
3893,15,940.7999999999981,5,162.19999999999914,2opt,notBad
3894,15,940.7999999999981,5,162.19999999999914,2opt,notBad
3895,15,915.399999999998,5,162.19999999999914,move,improve
3896,15,915.399999999998,5,162.19999999999914,swap,notBad
3897,15,740.799999999999,5,162.19999999999914,2opt,improve
3898,15,740.799999999999,5,162.19999999999914,2opt,notBad
3899,15,740.799999999999,5,162.19999999999914,2opt,notBad
3900,15,721.3999999999987,5,162.19999999999914,move,improve
3901,15,721.3999999999987,5,162.19999999999914,2opt,notBad
3902,15,721.3999999999987,5,162.19999999999914,swap,notBad
3903,15,695.5999999999972,5,162.19999999999914,move,improve
3904,15,737.5999999999976,5,162.19999999999914,2opt,acceptBad
3905,15,737.5999999999976,5,162.19999999999914,move,improve
3906,15,737.5999999999976,5,162.19999999999914,swap,notBad
3907,15,737.5999999999976,5,162.19999999999914,2opt,notBad
3908,15,737.5999999999976,5,162.19999999999914,swap,notBad
3909,15,737.5999999999976,5,162.19999999999914,swap,notBad
3910,15,737.5999999999976,5,162.19999999999914,swap,notBad
3911,15,707.3999999999969,5,162.19999999999914,move,improve
3912,15,707.3999999999969,5,162.19999999999914,swap,notBad
3913,15,707.3999999999969,5,162.19999999999914,2opt,notBad
3914,15,707.3999999999969,5,162.19999999999914,move,improve
3915,15,707.3999999999969,5,162.19999999999914,swap,notBad
3916,15,759.999999999997,5,162.19999999999914,swap,acceptBad
3917,15,759.999999999997,5,162.19999999999914,move,improve
3918,15,759.999999999997,5,162.19999999999914,swap,notBad
3919,15,759.999999999997,5,162.19999999999914,2opt,notBad
3920,15,759.999999999997,5,162.19999999999914,2opt,notBad
3921,15,759.999999999997,5,162.19999999999914,swap,notBad
3922,15,759.999999999997,5,162.19999999999914,swap,improve
3923,15,693.1999999999973,5,162.19999999999914,swap,improve
3924,15,693.1999999999973,5,162.19999999999914,swap,notBad
3925,15,693.1999999999973,5,162.19999999999914,move,improve
3926,15,693.1999999999973,5,162.19999999999914,2opt,notBad
3927,15,681.1999999999975,5,162.19999999999914,move,improve
3928,15,681.1999999999975,5,162.19999999999914,2opt,improve
3929,15,681.1999999999975,5,162.19999999999914,move,improve
3930,15,681.1999999999975,5,162.19999999999914,2opt,notBad
3931,15,681.1999999999975,5,162.19999999999914,move,improve
3932,15,708.9999999999984,5,162.19999999999914,2opt,acceptBad
3933,15,740.7999999999968,5,162.19999999999914,2opt,acceptBad
3934,15,740.7999999999968,5,162.19999999999914,2opt,notBad
3935,15,740.7999999999968,5,162.19999999999914,swap,notBad
3936,15,740.7999999999968,5,162.19999999999914,move,improve
3937,15,695.199999999996,5,162.19999999999914,move,improve
3938,15,695.199999999996,5,162.19999999999914,2opt,improve
3939,15,695.199999999996,5,162.19999999999914,move,improve
3940,15,700.3999999999971,5,162.19999999999914,swap,acceptBad
3941,15,700.3999999999971,5,162.19999999999914,swap,notBad
3942,15,700.3999999999971,5,162.19999999999914,2opt,improve
3943,15,700.3999999999971,5,162.19999999999914,2opt,notBad
3944,15,700.3999999999971,5,162.19999999999914,move,improve
3945,15,700.3999999999971,5,162.19999999999914,swap,notBad
3946,15,700.3999999999971,5,162.19999999999914,2opt,notBad
3947,15,700.3999999999971,5,162.19999999999914,swap,notBad
3948,15,700.3999999999971,5,162.19999999999914,move,improve
3949,15,700.3999999999971,5,162.19999999999914,swap,notBad
3950,15,700.3999999999971,5,162.19999999999914,2opt,notBad
3951,15,700.3999999999971,5,162.19999999999914,2opt,notBad
3952,15,700.3999999999971,5,162.19999999999914,2opt,notBad
3953,15,700.3999999999971,5,162.19999999999914,2opt,improve
3954,15,700.3999999999971,5,162.19999999999914,swap,notBad
3955,15,700.3999999999971,5,162.19999999999914,2opt,notBad
3956,15,700.3999999999971,5,162.19999999999914,2opt,notBad
3957,15,700.3999999999971,5,162.19999999999914,swap,notBad
3958,15,700.3999999999971,5,162.19999999999914,swap,notBad
3959,15,700.3999999999971,5,162.19999999999914,swap,notBad
3960,15,700.3999999999971,5,162.19999999999914,swap,notBad
3961,15,700.3999999999971,5,162.19999999999914,swap,notBad
3962,15,700.3999999999971,5,162.19999999999914,move,improve
3963,15,700.3999999999971,5,162.19999999999914,swap,improve
3964,15,700.3999999999971,5,162.19999999999914,move,improve
3965,15,700.3999999999971,5,162.19999999999914,2opt,improve
3966,15,700.3999999999971,5,162.19999999999914,move,improve
3967,15,700.3999999999971,5,162.19999999999914,swap,notBad
3968,15,700.3999999999971,5,162.19999999999914,move,improve
3969,15,700.3999999999971,5,162.19999999999914,move,improve
3970,15,700.3999999999971,5,162.19999999999914,2opt,notBad
3971,15,700.3999999999971,5,162.19999999999914,move,improve
3972,15,690.9999999999961,5,162.19999999999914,2opt,improve
3973,15,690.9999999999961,5,162.19999999999914,move,improve
3974,15,690.9999999999961,5,162.19999999999914,swap,notBad
3975,15,690.9999999999961,5,162.19999999999914,2opt,notBad
3976,15,760.5999999999979,5,162.19999999999914,swap,acceptBad
3977,15,760.5999999999979,5,162.19999999999914,2opt,improve
3978,15,760.5999999999979,5,162.19999999999914,move,improve
3979,15,755.1999999999978,5,162.19999999999914,move,improve
3980,15,755.1999999999978,5,162.19999999999914,swap,improve
3981,15,755.1999999999978,5,162.19999999999914,2opt,notBad
3982,15,755.1999999999978,5,162.19999999999914,2opt,notBad
3983,15,755.1999999999978,5,162.19999999999914,2opt,notBad
3984,15,755.1999999999978,5,162.19999999999914,swap,notBad
3985,15,678.999999999997,5,162.19999999999914,swap,improve
3986,15,678.999999999997,5,162.19999999999914,swap,notBad
3987,15,678.999999999997,5,162.19999999999914,2opt,notBad
3988,15,678.999999999997,5,162.19999999999914,2opt,improve
3989,15,681.3999999999985,5,162.19999999999914,2opt,acceptBad
3990,15,681.3999999999985,5,162.19999999999914,swap,notBad
3991,15,681.3999999999985,5,162.19999999999914,swap,notBad
3992,15,681.3999999999985,5,162.19999999999914,swap,notBad
3993,15,673.9999999999977,5,162.19999999999914,move,improve
3994,15,529.9999999999982,5,162.19999999999914,move,improve
3995,15,529.9999999999982,5,162.19999999999914,2opt,improve
3996,15,529.9999999999982,5,162.19999999999914,2opt,improve
3997,15,529.9999999999982,5,162.19999999999914,2opt,notBad
3998,15,529.9999999999982,5,162.19999999999914,move,notBad
3999,15,529.9999999999982,5,162.19999999999914,2opt,notBad
4000,15,529.9999999999982,5,162.19999999999914,swap,notBad
4001,15,529.9999999999982,5,162.19999999999914,2opt,notBad
4002,15,529.9999999999982,5,162.19999999999914,swap,notBad
4003,15,529.9999999999982,5,162.19999999999914,swap,notBad
4004,15,529.9999999999982,5,162.19999999999914,swap,notBad
4005,15,529.9999999999982,5,162.19999999999914,2opt,notBad
4006,15,529.9999999999982,5,162.19999999999914,swap,notBad
4007,15,529.9999999999982,5,162.19999999999914,2opt,notBad
4008,15,526.5999999999988,5,162.19999999999914,swap,improve
4009,15,526.5999999999988,5,162.19999999999914,swap,notBad
4010,15,524.7999999999984,5,162.19999999999914,move,improve
4011,15,520.9999999999986,5,162.19999999999914,move,improve
4012,15,520.9999999999986,5,162.19999999999914,2opt,notBad
4013,15,520.9999999999986,5,162.19999999999914,move,improve
4014,15,656.799999999999,5,162.19999999999914,swap,acceptBad
4015,15,656.799999999999,5,162.19999999999914,swap,notBad
4016,15,656.799999999999,5,162.19999999999914,swap,notBad
4017,15,639.3999999999978,5,162.19999999999914,move,improve
4018,15,639.3999999999978,5,162.19999999999914,swap,notBad
4019,15,639.3999999999978,5,162.19999999999914,move,improve
4020,15,639.3999999999978,5,162.19999999999914,swap,notBad
4021,15,639.3999999999978,5,162.19999999999914,move,improve
4022,15,639.3999999999978,5,162.19999999999914,move,improve
4023,15,639.3999999999978,5,162.19999999999914,2opt,improve
4024,15,701.9999999999977,5,162.19999999999914,swap,acceptBad
4025,15,700.5999999999981,5,162.19999999999914,move,improve
4026,15,700.5999999999981,5,162.19999999999914,move,improve
4027,15,700.5999999999981,5,162.19999999999914,swap,notBad
4028,15,700.5999999999981,5,162.19999999999914,move,improve
4029,15,700.5999999999981,5,162.19999999999914,2opt,improve
4030,15,700.5999999999981,5,162.19999999999914,2opt,improve
4031,15,700.5999999999981,5,162.19999999999914,2opt,notBad
4032,15,700.5999999999981,5,162.19999999999914,move,improve
4033,15,700.5999999999981,5,162.19999999999914,swap,notBad
4034,15,700.5999999999981,5,162.19999999999914,swap,notBad
4035,15,700.5999999999981,5,162.19999999999914,swap,notBad
4036,15,700.5999999999981,5,162.19999999999914,2opt,improve
4037,15,700.5999999999981,5,162.19999999999914,swap,notBad
4038,15,700.5999999999981,5,162.19999999999914,move,improve
4039,15,700.5999999999981,5,162.19999999999914,move,improve
4040,15,700.5999999999981,5,162.19999999999914,swap,improve
4041,15,700.5999999999981,5,162.19999999999914,swap,notBad
4042,15,700.5999999999981,5,162.19999999999914,swap,notBad
4043,15,700.5999999999981,5,162.19999999999914,swap,notBad
4044,15,700.5999999999981,5,162.19999999999914,swap,notBad
4045,15,700.5999999999981,5,162.19999999999914,swap,notBad
4046,15,700.5999999999981,5,162.19999999999914,2opt,notBad
4047,15,700.5999999999981,5,162.19999999999914,2opt,notBad
4048,15,700.5999999999981,5,162.19999999999914,2opt,improve
4049,15,700.5999999999981,5,162.19999999999914,2opt,notBad
4050,15,689.3999999999983,5,162.19999999999914,move,improve
4051,15,689.3999999999983,5,162.19999999999914,swap,notBad
4052,15,689.3999999999983,5,162.19999999999914,swap,notBad
4053,15,689.3999999999983,5,162.19999999999914,swap,improve
4054,15,689.3999999999983,5,162.19999999999914,2opt,notBad
4055,15,775.3999999999983,5,162.19999999999914,swap,acceptBad
4056,15,775.3999999999983,5,162.19999999999914,swap,notBad
4057,15,771.1999999999982,5,162.19999999999914,move,improve
4058,15,771.1999999999982,5,162.19999999999914,2opt,notBad
4059,15,771.1999999999982,5,162.19999999999914,2opt,notBad
4060,15,771.1999999999982,5,162.19999999999914,move,improve
4061,15,771.1999999999982,5,162.19999999999914,2opt,notBad
4062,15,771.1999999999982,5,162.19999999999914,swap,notBad
4063,15,757.5999999999972,5,162.19999999999914,move,improve
4064,15,757.5999999999972,5,162.19999999999914,2opt,notBad
4065,15,757.5999999999972,5,162.19999999999914,swap,notBad
4066,15,757.5999999999972,5,162.19999999999914,move,improve
4067,15,757.5999999999972,5,162.19999999999914,move,improve
4068,15,757.5999999999972,5,162.19999999999914,move,improve
4069,15,860.1999999999971,5,162.19999999999914,swap,acceptBad
4070,15,860.1999999999971,5,162.19999999999914,move,improve
4071,15,860.1999999999971,5,162.19999999999914,2opt,improve
4072,15,860.1999999999971,5,162.19999999999914,swap,notBad
4073,15,872.799999999997,5,162.19999999999914,2opt,acceptBad
4074,15,872.799999999997,5,162.19999999999914,move,improve
4075,15,872.799999999997,5,162.19999999999914,move,improve
4076,15,872.799999999997,5,162.19999999999914,swap,notBad
4077,15,872.799999999997,5,162.19999999999914,2opt,notBad
4078,15,771.5999999999972,5,162.19999999999914,move,improve
4079,15,770.7999999999963,5,162.19999999999914,swap,improve
4080,15,770.7999999999963,5,162.19999999999914,swap,notBad
4081,15,770.7999999999963,5,162.19999999999914,2opt,improve
4082,15,504.60000000000014,5,162.19999999999914,move,improve
4083,15,504.60000000000014,5,162.19999999999914,2opt,notBad
4084,15,504.60000000000014,5,162.19999999999914,2opt,notBad
4085,15,504.60000000000014,5,162.19999999999914,swap,notBad
4086,15,504.60000000000014,5,162.19999999999914,swap,notBad
4087,15,504.60000000000014,5,162.19999999999914,move,improve
4088,15,504.60000000000014,5,162.19999999999914,2opt,notBad
4089,15,504.60000000000014,5,162.19999999999914,swap,notBad
4090,15,504.60000000000014,5,162.19999999999914,move,improve
4091,15,504.60000000000014,5,162.19999999999914,swap,notBad
4092,15,504.60000000000014,5,162.19999999999914,move,improve
4093,15,516.6000000000006,5,162.19999999999914,swap,acceptBad
4094,15,516.6000000000006,5,162.19999999999914,2opt,notBad
4095,15,516.6000000000006,5,162.19999999999914,move,improve
4096,15,516.6000000000006,5,162.19999999999914,2opt,notBad
4097,15,516.6000000000006,5,162.19999999999914,swap,notBad
4098,15,516.6000000000006,5,162.19999999999914,move,improve
4099,15,516.6000000000006,5,162.19999999999914,move,improve
4100,15,516.6000000000006,5,162.19999999999914,2opt,notBad
4101,15,516.6000000000006,5,162.19999999999914,2opt,improve
4102,15,516.6000000000006,5,162.19999999999914,swap,notBad
4103,15,516.6000000000006,5,162.19999999999914,2opt,notBad
4104,15,516.6000000000006,5,162.19999999999914,swap,notBad
4105,15,516.6000000000006,5,162.19999999999914,2opt,notBad
4106,15,516.6000000000006,5,162.19999999999914,swap,notBad
4107,15,516.6000000000006,5,162.19999999999914,move,improve
4108,15,516.6000000000006,5,162.19999999999914,move,improve
4109,15,516.6000000000006,5,162.19999999999914,move,improve
4110,15,516.6000000000006,5,162.19999999999914,2opt,improve
4111,15,516.6000000000006,5,162.19999999999914,move,improve
4112,15,516.6000000000006,5,162.19999999999914,2opt,improve
4113,15,516.6000000000006,5,162.19999999999914,swap,notBad
4114,15,516.6000000000006,5,162.19999999999914,2opt,notBad
4115,15,516.6000000000006,5,162.19999999999914,swap,notBad
4116,15,516.6000000000006,5,162.19999999999914,move,improve
4117,15,516.6000000000006,5,162.19999999999914,swap,notBad
4118,15,516.6000000000006,5,162.19999999999914,swap,notBad
4119,15,516.6000000000006,5,162.19999999999914,move,improve
4120,15,516.6000000000006,5,162.19999999999914,swap,notBad
4121,15,516.6000000000006,5,162.19999999999914,2opt,notBad
4122,15,516.6000000000006,5,162.19999999999914,2opt,improve
4123,15,502.6000000000024,5,162.19999999999914,move,improve
4124,15,502.6000000000024,5,162.19999999999914,2opt,improve
4125,15,502.6000000000024,5,162.19999999999914,2opt,notBad
4126,15,502.6000000000024,5,162.19999999999914,2opt,notBad
4127,15,502.6000000000024,5,162.19999999999914,2opt,notBad
4128,15,502.6000000000024,5,162.19999999999914,2opt,notBad
4129,15,502.6000000000024,5,162.19999999999914,move,improve
4130,15,502.6000000000024,5,162.19999999999914,2opt,improve
4131,15,502.6000000000024,5,162.19999999999914,swap,improve
4132,15,502.6000000000024,5,162.19999999999914,move,improve
4133,15,502.6000000000024,5,162.19999999999914,2opt,notBad
4134,15,502.6000000000024,5,162.19999999999914,swap,notBad
4135,15,502.6000000000024,5,162.19999999999914,2opt,notBad
4136,15,502.6000000000024,5,162.19999999999914,swap,notBad
4137,15,502.6000000000024,5,162.19999999999914,swap,notBad
4138,15,502.6000000000024,5,162.19999999999914,2opt,notBad
4139,15,502.6000000000024,5,162.19999999999914,2opt,notBad
4140,15,502.6000000000024,5,162.19999999999914,2opt,notBad
4141,15,502.6000000000024,5,162.19999999999914,swap,notBad
4142,15,502.6000000000024,5,162.19999999999914,swap,notBad
4143,15,502.6000000000024,5,162.19999999999914,2opt,notBad
4144,15,502.6000000000024,5,162.19999999999914,swap,notBad
4145,15,502.6000000000024,5,162.19999999999914,2opt,notBad
4146,15,502.6000000000024,5,162.19999999999914,2opt,notBad
4147,15,475.1999999999982,5,162.19999999999914,swap,improve
4148,15,527.7999999999988,5,162.19999999999914,swap,acceptBad
4149,15,527.7999999999988,5,162.19999999999914,2opt,notBad
4150,15,527.7999999999988,5,162.19999999999914,swap,notBad
4151,15,527.7999999999988,5,162.19999999999914,swap,notBad
4152,15,527.7999999999988,5,162.19999999999914,move,improve
4153,15,705.8000000000002,5,162.19999999999914,swap,acceptBad
4154,15,705.8000000000002,5,162.19999999999914,move,improve
4155,15,705.8000000000002,5,162.19999999999914,swap,notBad
4156,15,705.8000000000002,5,162.19999999999914,2opt,notBad
4157,15,705.8000000000002,5,162.19999999999914,swap,notBad
4158,15,705.8000000000002,5,162.19999999999914,2opt,improve
4159,15,705.8000000000002,5,162.19999999999914,2opt,notBad
4160,15,705.8000000000002,5,162.19999999999914,move,improve
4161,15,705.8000000000002,5,162.19999999999914,move,improve
4162,15,705.8000000000002,5,162.19999999999914,2opt,notBad
4163,15,705.8000000000002,5,162.19999999999914,move,improve
4164,15,705.8000000000002,5,162.19999999999914,move,improve
4165,15,750.3999999999999,5,162.19999999999914,swap,acceptBad
4166,15,750.3999999999999,5,162.19999999999914,swap,notBad
4167,15,750.3999999999999,5,162.19999999999914,move,improve
4168,15,750.3999999999999,5,162.19999999999914,2opt,notBad
4169,15,750.3999999999999,5,162.19999999999914,move,improve
4170,15,750.3999999999999,5,162.19999999999914,move,improve
4171,15,750.3999999999999,5,162.19999999999914,swap,notBad
4172,15,716.8,5,162.19999999999914,move,improve
4173,15,716.8,5,162.19999999999914,swap,notBad
4174,15,716.8,5,162.19999999999914,swap,notBad
4175,15,716.8,5,162.19999999999914,move,improve
4176,15,690.2000000000005,5,162.19999999999914,swap,improve
4177,15,690.2000000000005,5,162.19999999999914,2opt,notBad
4178,15,690.2000000000005,5,162.19999999999914,swap,notBad
4179,15,669.2000000000005,5,162.19999999999914,move,improve
4180,15,669.2000000000005,5,162.19999999999914,swap,notBad
4181,15,700.0000000000011,5,162.19999999999914,swap,acceptBad
4182,15,700.0000000000011,5,162.19999999999914,2opt,notBad
4183,15,700.0000000000011,5,162.19999999999914,move,improve
4184,15,700.0000000000011,5,162.19999999999914,move,improve
4185,15,700.0000000000011,5,162.19999999999914,2opt,notBad
4186,15,596.7999999999984,5,162.19999999999914,move,improve
4187,15,596.7999999999984,5,162.19999999999914,2opt,notBad
4188,15,596.7999999999984,5,162.19999999999914,2opt,notBad
4189,15,596.7999999999984,5,162.19999999999914,move,improve
4190,15,596.7999999999984,5,162.19999999999914,2opt,notBad
4191,15,527.5999999999992,5,162.19999999999914,swap,improve
4192,15,527.5999999999992,5,162.19999999999914,2opt,notBad
4193,15,527.5999999999992,5,162.19999999999914,2opt,notBad
4194,15,527.5999999999992,5,162.19999999999914,move,improve
4195,15,527.5999999999992,5,162.19999999999914,swap,notBad
4196,15,527.5999999999992,5,162.19999999999914,2opt,notBad
4197,15,527.5999999999992,5,162.19999999999914,move,improve
4198,15,527.5999999999992,5,162.19999999999914,2opt,notBad
4199,15,527.5999999999992,5,162.19999999999914,swap,notBad
4200,15,527.5999999999992,5,162.19999999999914,swap,notBad
4201,15,632.9999999999989,5,162.19999999999914,swap,acceptBad
4202,15,660.6000000000006,5,162.19999999999914,swap,acceptBad
4203,15,660.6000000000006,5,162.19999999999914,swap,notBad
4204,15,660.6000000000006,5,162.19999999999914,swap,notBad
4205,15,660.6000000000006,5,162.19999999999914,swap,notBad
4206,15,660.6000000000006,5,162.19999999999914,2opt,notBad
4207,15,660.6000000000006,5,162.19999999999914,move,improve
4208,15,660.6000000000006,5,162.19999999999914,2opt,notBad
4209,15,660.6000000000006,5,162.19999999999914,swap,notBad
4210,15,660.6000000000006,5,162.19999999999914,swap,notBad
4211,15,543.2000000000023,5,162.19999999999914,swap,improve
4212,15,543.2000000000023,5,162.19999999999914,move,improve
4213,15,543.2000000000023,5,162.19999999999914,move,improve
4214,15,543.2000000000023,5,162.19999999999914,2opt,notBad
4215,15,527.2000000000023,5,162.19999999999914,move,improve
4216,15,527.2000000000023,5,162.19999999999914,2opt,notBad
4217,15,527.2000000000023,5,162.19999999999914,2opt,improve
4218,15,527.2000000000023,5,162.19999999999914,2opt,notBad
4219,15,527.2000000000023,5,162.19999999999914,move,improve
4220,15,527.2000000000023,5,162.19999999999914,2opt,notBad
4221,15,527.2000000000023,5,162.19999999999914,2opt,notBad
4222,15,527.2000000000023,5,162.19999999999914,swap,notBad
4223,15,527.2000000000023,5,162.19999999999914,swap,improve
4224,15,527.2000000000023,5,162.19999999999914,move,improve
4225,15,527.2000000000023,5,162.19999999999914,2opt,notBad
4226,15,527.2000000000023,5,162.19999999999914,2opt,notBad
4227,15,527.2000000000023,5,162.19999999999914,swap,notBad
4228,15,527.2000000000023,5,162.19999999999914,2opt,notBad
4229,15,527.2000000000023,5,162.19999999999914,swap,notBad
4230,15,659.600000000002,5,162.19999999999914,swap,acceptBad
4231,15,635.8000000000006,5,162.19999999999914,move,improve
4232,15,635.8000000000006,5,162.19999999999914,2opt,notBad
4233,15,635.8000000000006,5,162.19999999999914,2opt,notBad
4234,15,635.8000000000006,5,162.19999999999914,move,improve
4235,15,635.8000000000006,5,162.19999999999914,2opt,notBad
4236,15,635.8000000000006,5,162.19999999999914,2opt,notBad
4237,15,635.8000000000006,5,162.19999999999914,2opt,notBad
4238,15,635.8000000000006,5,162.19999999999914,2opt,notBad
4239,15,635.8000000000006,5,162.19999999999914,2opt,notBad
4240,15,635.8000000000006,5,162.19999999999914,2opt,notBad
4241,15,635.8000000000006,5,162.19999999999914,move,improve
4242,15,635.8000000000006,5,162.19999999999914,2opt,notBad
4243,15,635.8000000000006,5,162.19999999999914,2opt,notBad
4244,15,635.8000000000006,5,162.19999999999914,2opt,notBad
4245,15,635.8000000000006,5,162.19999999999914,2opt,notBad
4246,15,635.8000000000006,5,162.19999999999914,2opt,notBad
4247,15,635.8000000000006,5,162.19999999999914,move,improve
4248,15,635.8000000000006,5,162.19999999999914,swap,notBad
4249,15,635.8000000000006,5,162.19999999999914,2opt,notBad
4250,15,635.8000000000006,5,162.19999999999914,move,improve
4251,15,635.8000000000006,5,162.19999999999914,swap,notBad
4252,15,635.8000000000006,5,162.19999999999914,move,improve
4253,15,635.8000000000006,5,162.19999999999914,move,improve
4254,15,635.8000000000006,5,162.19999999999914,move,improve
4255,15,635.8000000000006,5,162.19999999999914,swap,notBad
4256,15,635.8000000000006,5,162.19999999999914,2opt,notBad
4257,15,635.8000000000006,5,162.19999999999914,swap,notBad
4258,15,635.8000000000006,5,162.19999999999914,swap,improve
4259,15,635.8000000000006,5,162.19999999999914,2opt,improve
4260,15,635.8000000000006,5,162.19999999999914,2opt,notBad
4261,15,635.8000000000006,5,162.19999999999914,swap,notBad
4262,15,635.8000000000006,5,162.19999999999914,move,improve
4263,15,635.8000000000006,5,162.19999999999914,2opt,notBad
4264,15,728.799999999999,5,162.19999999999914,swap,acceptBad
4265,15,709.7999999999993,5,162.19999999999914,move,improve
4266,15,709.7999999999993,5,162.19999999999914,2opt,notBad
4267,15,709.7999999999993,5,162.19999999999914,swap,notBad
4268,15,691.9999999999991,5,162.19999999999914,move,improve
4269,15,691.9999999999991,5,162.19999999999914,2opt,notBad
4270,15,691.9999999999991,5,162.19999999999914,2opt,notBad
4271,15,691.9999999999991,5,162.19999999999914,swap,notBad
4272,15,731.8000000000006,5,162.19999999999914,swap,acceptBad
4273,15,731.8000000000006,5,162.19999999999914,move,improve
4274,15,731.8000000000006,5,162.19999999999914,2opt,notBad
4275,15,731.8000000000006,5,162.19999999999914,swap,notBad
4276,15,731.8000000000006,5,162.19999999999914,2opt,improve
4277,15,731.8000000000006,5,162.19999999999914,move,improve
4278,15,731.8000000000006,5,162.19999999999914,move,improve
4279,15,636.0000000000011,5,162.19999999999914,move,improve
4280,15,636.0000000000011,5,162.19999999999914,2opt,notBad
4281,15,636.0000000000011,5,162.19999999999914,move,improve
4282,15,635.1999999999975,5,162.19999999999914,move,improve
4283,15,623.1999999999975,5,162.19999999999914,2opt,improve
4284,15,623.1999999999975,5,162.19999999999914,2opt,notBad
4285,15,596.600000000002,5,162.19999999999914,move,improve
4286,15,596.600000000002,5,162.19999999999914,2opt,notBad
4287,15,596.600000000002,5,162.19999999999914,swap,notBad
4288,15,596.600000000002,5,162.19999999999914,move,improve
4289,15,596.600000000002,5,162.19999999999914,2opt,notBad
4290,15,596.600000000002,5,162.19999999999914,2opt,notBad
4291,15,596.600000000002,5,162.19999999999914,2opt,improve
4292,15,596.600000000002,5,162.19999999999914,2opt,notBad
4293,15,596.600000000002,5,162.19999999999914,2opt,notBad
4294,15,596.600000000002,5,162.19999999999914,move,improve
4295,15,596.600000000002,5,162.19999999999914,2opt,improve
4296,15,592.400000000001,5,162.19999999999914,move,improve
4297,15,592.400000000001,5,162.19999999999914,move,improve
4298,15,592.400000000001,5,162.19999999999914,swap,notBad
4299,15,592.400000000001,5,162.19999999999914,swap,notBad
4300,15,592.400000000001,5,162.19999999999914,move,improve
4301,15,592.400000000001,5,162.19999999999914,2opt,notBad
4302,15,592.400000000001,5,162.19999999999914,swap,notBad
4303,15,592.400000000001,5,162.19999999999914,swap,notBad
4304,15,592.400000000001,5,162.19999999999914,2opt,notBad
4305,15,583.8000000000027,5,162.19999999999914,swap,improve
4306,15,583.8000000000027,5,162.19999999999914,2opt,notBad
4307,15,583.8000000000027,5,162.19999999999914,2opt,notBad
4308,15,583.8000000000027,5,162.19999999999914,2opt,notBad
4309,15,583.8000000000027,5,162.19999999999914,swap,notBad
4310,15,583.8000000000027,5,162.19999999999914,move,improve
4311,15,583.8000000000027,5,162.19999999999914,2opt,notBad
4312,15,583.8000000000027,5,162.19999999999914,swap,notBad
4313,15,583.8000000000027,5,162.19999999999914,move,improve
4314,15,583.8000000000027,5,162.19999999999914,swap,notBad
4315,15,583.8000000000027,5,162.19999999999914,2opt,notBad
4316,15,583.8000000000027,5,162.19999999999914,swap,improve
4317,15,583.8000000000027,5,162.19999999999914,2opt,notBad
4318,15,583.8000000000027,5,162.19999999999914,2opt,notBad
4319,15,583.8000000000027,5,162.19999999999914,swap,notBad
4320,15,583.8000000000027,5,162.19999999999914,2opt,notBad
4321,15,583.8000000000027,5,162.19999999999914,swap,notBad
4322,15,583.8000000000027,5,162.19999999999914,move,improve
4323,15,583.8000000000027,5,162.19999999999914,move,improve
4324,15,583.8000000000027,5,162.19999999999914,2opt,improve
4325,15,583.8000000000027,5,162.19999999999914,2opt,notBad
4326,15,583.8000000000027,5,162.19999999999914,swap,notBad
4327,15,583.8000000000027,5,162.19999999999914,swap,notBad
4328,15,583.8000000000027,5,162.19999999999914,move,improve
4329,15,583.8000000000027,5,162.19999999999914,2opt,notBad
4330,15,583.8000000000027,5,162.19999999999914,move,improve
4331,15,583.8000000000027,5,162.19999999999914,swap,notBad
4332,15,583.8000000000027,5,162.19999999999914,swap,notBad
4333,15,583.8000000000027,5,162.19999999999914,2opt,improve
4334,15,583.8000000000027,5,162.19999999999914,swap,notBad
4335,15,583.8000000000027,5,162.19999999999914,move,improve
4336,15,583.8000000000027,5,162.19999999999914,swap,notBad
4337,15,583.8000000000027,5,162.19999999999914,move,improve
4338,15,583.8000000000027,5,162.19999999999914,move,improve
4339,15,583.8000000000027,5,162.19999999999914,swap,notBad
4340,15,583.8000000000027,5,162.19999999999914,swap,notBad
4341,15,583.8000000000027,5,162.19999999999914,2opt,notBad
4342,15,583.8000000000027,5,162.19999999999914,swap,notBad
4343,15,583.8000000000027,5,162.19999999999914,swap,notBad
4344,15,583.8000000000027,5,162.19999999999914,move,improve
4345,15,583.8000000000027,5,162.19999999999914,swap,notBad
4346,15,583.8000000000027,5,162.19999999999914,swap,notBad
4347,15,583.8000000000027,5,162.19999999999914,2opt,improve
4348,15,583.8000000000027,5,162.19999999999914,swap,notBad
4349,15,679.000000000002,5,162.19999999999914,swap,acceptBad
4350,15,679.000000000002,5,162.19999999999914,2opt,notBad
4351,15,679.000000000002,5,162.19999999999914,2opt,notBad
4352,15,679.000000000002,5,162.19999999999914,2opt,improve
4353,15,499.2000000000021,5,162.19999999999914,move,improve
4354,15,499.2000000000021,5,162.19999999999914,move,improve
4355,15,499.2000000000021,5,162.19999999999914,2opt,notBad
4356,15,499.2000000000021,5,162.19999999999914,move,improve
4357,15,499.2000000000021,5,162.19999999999914,move,improve
4358,15,499.2000000000021,5,162.19999999999914,2opt,notBad
4359,15,499.2000000000021,5,162.19999999999914,2opt,notBad
4360,15,499.2000000000021,5,162.19999999999914,move,improve
4361,15,499.2000000000021,5,162.19999999999914,move,improve
4362,15,499.2000000000021,5,162.19999999999914,swap,notBad
4363,15,499.2000000000021,5,162.19999999999914,move,improve
4364,15,499.2000000000021,5,162.19999999999914,2opt,notBad
4365,15,499.2000000000021,5,162.19999999999914,move,improve
4366,15,499.2000000000021,5,162.19999999999914,move,improve
4367,15,499.2000000000021,5,162.19999999999914,move,improve
4368,15,499.2000000000021,5,162.19999999999914,swap,notBad
4369,15,499.2000000000021,5,162.19999999999914,swap,notBad
4370,15,499.2000000000021,5,162.19999999999914,move,improve
4371,15,499.2000000000021,5,162.19999999999914,move,improve
4372,15,499.2000000000021,5,162.19999999999914,move,improve
4373,15,499.2000000000021,5,162.19999999999914,move,improve
4374,15,499.2000000000021,5,162.19999999999914,swap,notBad
4375,15,499.2000000000021,5,162.19999999999914,swap,notBad
4376,15,499.2000000000021,5,162.19999999999914,2opt,notBad
4377,15,499.2000000000021,5,162.19999999999914,swap,notBad
4378,15,499.2000000000021,5,162.19999999999914,2opt,notBad
4379,15,499.2000000000021,5,162.19999999999914,move,improve
4380,15,499.2000000000021,5,162.19999999999914,move,improve
4381,15,414.8000000000018,5,162.19999999999914,swap,improve
4382,15,414.8000000000018,5,162.19999999999914,2opt,notBad
4383,15,414.8000000000018,5,162.19999999999914,swap,notBad
4384,15,414.8000000000018,5,162.19999999999914,2opt,notBad
4385,15,414.8000000000018,5,162.19999999999914,move,improve
4386,15,414.8000000000018,5,162.19999999999914,move,improve
4387,15,414.8000000000018,5,162.19999999999914,2opt,notBad
4388,15,414.8000000000018,5,162.19999999999914,2opt,notBad
4389,15,414.8000000000018,5,162.19999999999914,move,improve
4390,15,414.8000000000018,5,162.19999999999914,move,improve
4391,15,414.8000000000018,5,162.19999999999914,2opt,notBad
4392,15,439.2000000000021,5,162.19999999999914,2opt,acceptBad
4393,15,439.2000000000021,5,162.19999999999914,2opt,notBad
4394,15,439.2000000000021,5,162.19999999999914,swap,notBad
4395,15,439.2000000000021,5,162.19999999999914,swap,notBad
4396,15,439.2000000000021,5,162.19999999999914,2opt,notBad
4397,15,439.2000000000021,5,162.19999999999914,move,improve
4398,15,439.2000000000021,5,162.19999999999914,2opt,notBad
4399,15,439.2000000000021,5,162.19999999999914,swap,notBad
4400,15,439.2000000000021,5,162.19999999999914,swap,notBad
4401,15,439.2000000000021,5,162.19999999999914,move,improve
4402,15,439.2000000000021,5,162.19999999999914,2opt,notBad
4403,15,439.2000000000021,5,162.19999999999914,move,improve
4404,15,439.2000000000021,5,162.19999999999914,2opt,improve
4405,15,439.2000000000021,5,162.19999999999914,swap,notBad
4406,15,506.00000000000273,5,162.19999999999914,swap,acceptBad
4407,15,506.00000000000273,5,162.19999999999914,swap,notBad
4408,15,506.00000000000273,5,162.19999999999914,swap,notBad
4409,15,506.00000000000273,5,162.19999999999914,swap,notBad
4410,15,506.00000000000273,5,162.19999999999914,swap,notBad
4411,15,506.00000000000273,5,162.19999999999914,move,improve
4412,15,506.00000000000273,5,162.19999999999914,2opt,notBad
4413,15,506.00000000000273,5,162.19999999999914,swap,notBad
4414,15,506.00000000000273,5,162.19999999999914,swap,notBad
4415,15,506.00000000000273,5,162.19999999999914,move,improve
4416,15,506.00000000000273,5,162.19999999999914,swap,notBad
4417,15,506.00000000000273,5,162.19999999999914,move,improve
4418,15,506.00000000000273,5,162.19999999999914,swap,improve
4419,15,506.00000000000273,5,162.19999999999914,swap,notBad
4420,15,506.00000000000273,5,162.19999999999914,swap,notBad
4421,15,506.00000000000273,5,162.19999999999914,move,improve
4422,15,506.00000000000273,5,162.19999999999914,swap,notBad
4423,15,506.00000000000273,5,162.19999999999914,2opt,notBad
4424,15,506.00000000000273,5,162.19999999999914,2opt,improve
4425,15,506.00000000000273,5,162.19999999999914,move,improve
4426,15,506.00000000000273,5,162.19999999999914,move,improve
4427,15,506.00000000000273,5,162.19999999999914,2opt,notBad
4428,15,523.0000000000014,5,162.19999999999914,swap,acceptBad
4429,15,523.0000000000014,5,162.19999999999914,2opt,notBad
4430,15,523.0000000000014,5,162.19999999999914,swap,notBad
4431,15,523.0000000000014,5,162.19999999999914,move,improve
4432,15,523.0000000000014,5,162.19999999999914,swap,notBad
4433,15,523.0000000000014,5,162.19999999999914,2opt,notBad
4434,15,523.0000000000014,5,162.19999999999914,move,improve
4435,15,523.0000000000014,5,162.19999999999914,2opt,improve
4436,15,521.000000000002,5,162.19999999999914,swap,improve
4437,15,521.000000000002,5,162.19999999999914,move,improve
4438,15,521.000000000002,5,162.19999999999914,move,improve
4439,15,521.000000000002,5,162.19999999999914,move,improve
4440,15,521.000000000002,5,162.19999999999914,2opt,notBad
4441,15,521.000000000002,5,162.19999999999914,swap,notBad
4442,15,506.00000000000205,5,162.19999999999914,move,improve
4443,15,506.00000000000205,5,162.19999999999914,2opt,improve
4444,15,506.00000000000205,5,162.19999999999914,move,improve
4445,15,506.00000000000205,5,162.19999999999914,swap,improve
4446,15,506.00000000000205,5,162.19999999999914,2opt,notBad
4447,15,506.00000000000205,5,162.19999999999914,2opt,notBad
4448,15,506.00000000000205,5,162.19999999999914,swap,notBad
4449,15,501.60000000000105,5,162.19999999999914,move,improve
4450,15,501.60000000000105,5,162.19999999999914,2opt,notBad
4451,15,501.60000000000105,5,162.19999999999914,move,improve
4452,15,501.60000000000105,5,162.19999999999914,swap,notBad
4453,15,501.60000000000105,5,162.19999999999914,2opt,notBad
4454,15,501.60000000000105,5,162.19999999999914,2opt,notBad
4455,15,438.80000000000064,5,162.19999999999914,swap,improve
4456,15,438.80000000000064,5,162.19999999999914,swap,notBad
4457,15,438.80000000000064,5,162.19999999999914,swap,notBad
4458,15,438.80000000000064,5,162.19999999999914,2opt,notBad
4459,15,455.2000000000007,5,162.19999999999914,swap,acceptBad
4460,15,426.2000000000003,5,162.19999999999914,move,improve
4461,15,426.2000000000003,5,162.19999999999914,swap,improve
4462,15,426.2000000000003,5,162.19999999999914,move,improve
4463,15,426.2000000000003,5,162.19999999999914,swap,notBad
4464,15,426.2000000000003,5,162.19999999999914,2opt,notBad
4465,15,426.2000000000003,5,162.19999999999914,swap,notBad
4466,15,426.2000000000003,5,162.19999999999914,swap,notBad
4467,15,426.2000000000003,5,162.19999999999914,2opt,notBad
4468,15,426.2000000000003,5,162.19999999999914,2opt,notBad
4469,15,426.2000000000003,5,162.19999999999914,2opt,notBad
4470,15,426.2000000000003,5,162.19999999999914,2opt,notBad
4471,15,426.2000000000003,5,162.19999999999914,2opt,notBad
4472,15,426.2000000000003,5,162.19999999999914,move,improve
4473,15,426.2000000000003,5,162.19999999999914,swap,improve
4474,15,426.2000000000003,5,162.19999999999914,move,improve
4475,15,425.0,5,162.19999999999914,move,improve
4476,15,425.0,5,162.19999999999914,swap,improve
4477,15,490.4000000000008,5,162.19999999999914,swap,acceptBad
4478,15,490.4000000000008,5,162.19999999999914,2opt,notBad
4479,15,490.4000000000008,5,162.19999999999914,swap,notBad
4480,15,490.4000000000008,5,162.19999999999914,move,improve
4481,15,490.4000000000008,5,162.19999999999914,2opt,notBad
4482,15,490.4000000000008,5,162.19999999999914,swap,notBad
4483,15,490.4000000000008,5,162.19999999999914,move,improve
4484,15,490.4000000000008,5,162.19999999999914,move,improve
4485,15,490.4000000000008,5,162.19999999999914,swap,notBad
4486,15,490.4000000000008,5,162.19999999999914,2opt,notBad
4487,15,490.4000000000008,5,162.19999999999914,move,improve
4488,15,490.4000000000008,5,162.19999999999914,2opt,notBad
4489,15,490.4000000000008,5,162.19999999999914,2opt,notBad
4490,15,490.4000000000008,5,162.19999999999914,move,improve
4491,15,490.4000000000008,5,162.19999999999914,2opt,notBad
4492,15,490.4000000000008,5,162.19999999999914,2opt,notBad
4493,15,490.4000000000008,5,162.19999999999914,move,improve
4494,15,490.4000000000008,5,162.19999999999914,2opt,notBad
4495,15,490.4000000000008,5,162.19999999999914,swap,notBad
4496,15,398.5999999999988,5,162.19999999999914,move,improve
4497,15,398.5999999999988,5,162.19999999999914,move,improve
4498,15,398.5999999999988,5,162.19999999999914,move,improve
4499,15,398.5999999999988,5,162.19999999999914,swap,notBad
4500,15,398.5999999999988,5,162.19999999999914,move,improve
4501,15,398.5999999999988,5,162.19999999999914,2opt,notBad
4502,15,398.5999999999988,5,162.19999999999914,swap,notBad
4503,15,375.19999999999914,5,162.19999999999914,move,improve
4504,15,375.19999999999914,5,162.19999999999914,swap,notBad
4505,15,375.19999999999914,5,162.19999999999914,2opt,notBad
4506,15,375.19999999999914,5,162.19999999999914,2opt,notBad
4507,15,375.19999999999914,5,162.19999999999914,2opt,notBad
4508,15,375.19999999999914,5,162.19999999999914,move,improve
4509,15,375.19999999999914,5,162.19999999999914,swap,notBad
4510,15,375.19999999999914,5,162.19999999999914,move,improve
4511,15,375.19999999999914,5,162.19999999999914,move,improve
4512,15,375.19999999999914,5,162.19999999999914,move,improve
4513,15,375.19999999999914,5,162.19999999999914,move,improve
4514,15,375.19999999999914,5,162.19999999999914,move,improve
4515,15,408.99999999999955,5,162.19999999999914,swap,acceptBad
4516,15,408.99999999999955,5,162.19999999999914,2opt,improve
4517,15,408.99999999999955,5,162.19999999999914,2opt,notBad
4518,15,408.99999999999955,5,162.19999999999914,2opt,notBad
4519,15,408.99999999999955,5,162.19999999999914,2opt,notBad
4520,15,337.99999999999886,5,162.19999999999914,swap,improve
4521,15,337.99999999999886,5,162.19999999999914,move,improve
4522,15,337.99999999999886,5,162.19999999999914,2opt,notBad
4523,15,337.99999999999886,5,162.19999999999914,swap,notBad
4524,15,337.99999999999886,5,162.19999999999914,2opt,notBad
4525,15,337.99999999999886,5,162.19999999999914,swap,improve
4526,15,337.99999999999886,5,162.19999999999914,swap,notBad
4527,15,337.99999999999886,5,162.19999999999914,move,improve
4528,15,337.99999999999886,5,162.19999999999914,move,improve
4529,15,337.99999999999886,5,162.19999999999914,swap,notBad
4530,15,337.99999999999886,5,162.19999999999914,move,improve
4531,15,337.99999999999886,5,162.19999999999914,swap,notBad
4532,15,337.99999999999886,5,162.19999999999914,move,improve
4533,15,337.99999999999886,5,162.19999999999914,2opt,notBad
4534,15,337.99999999999886,5,162.19999999999914,move,improve
4535,15,337.99999999999886,5,162.19999999999914,2opt,notBad
4536,15,337.99999999999886,5,162.19999999999914,2opt,notBad
4537,15,337.99999999999886,5,162.19999999999914,move,improve
4538,15,337.99999999999886,5,162.19999999999914,swap,notBad
4539,15,337.99999999999886,5,162.19999999999914,2opt,notBad
4540,15,337.99999999999886,5,162.19999999999914,2opt,notBad
4541,15,337.99999999999886,5,162.19999999999914,swap,notBad
4542,15,337.99999999999886,5,162.19999999999914,2opt,notBad
4543,15,337.99999999999886,5,162.19999999999914,swap,improve
4544,15,329.1999999999989,5,162.19999999999914,swap,improve
4545,15,329.1999999999989,5,162.19999999999914,move,improve
4546,15,329.1999999999989,5,162.19999999999914,2opt,notBad
4547,15,329.1999999999989,5,162.19999999999914,move,improve
4548,15,329.1999999999989,5,162.19999999999914,swap,notBad
4549,15,329.1999999999989,5,162.19999999999914,2opt,notBad
4550,15,329.1999999999989,5,162.19999999999914,swap,notBad
4551,15,329.1999999999989,5,162.19999999999914,2opt,notBad
4552,15,329.1999999999989,5,162.19999999999914,2opt,notBad
4553,15,329.1999999999989,5,162.19999999999914,2opt,notBad
4554,15,329.1999999999989,5,162.19999999999914,move,improve
4555,15,329.1999999999989,5,162.19999999999914,move,improve
4556,15,329.1999999999989,5,162.19999999999914,2opt,notBad
4557,15,329.1999999999989,5,162.19999999999914,swap,notBad
4558,15,329.1999999999989,5,162.19999999999914,2opt,notBad
4559,15,397.8000000000004,5,162.19999999999914,swap,acceptBad
4560,15,397.8000000000004,5,162.19999999999914,2opt,notBad
4561,15,397.8000000000004,5,162.19999999999914,2opt,notBad
4562,15,397.8000000000004,5,162.19999999999914,2opt,notBad
4563,15,397.8000000000004,5,162.19999999999914,move,improve
4564,15,389.99999999999955,5,162.19999999999914,move,improve
4565,15,389.99999999999955,5,162.19999999999914,swap,notBad
4566,15,389.99999999999955,5,162.19999999999914,move,improve
4567,15,389.99999999999955,5,162.19999999999914,move,improve
4568,15,389.99999999999955,5,162.19999999999914,swap,notBad
4569,15,389.99999999999955,5,162.19999999999914,swap,notBad
4570,15,389.99999999999955,5,162.19999999999914,move,improve
4571,15,389.99999999999955,5,162.19999999999914,2opt,notBad
4572,15,389.99999999999955,5,162.19999999999914,2opt,notBad
4573,15,389.99999999999955,5,162.19999999999914,move,improve
4574,15,389.99999999999955,5,162.19999999999914,swap,notBad
4575,15,389.99999999999955,5,162.19999999999914,2opt,notBad
4576,15,389.99999999999955,5,162.19999999999914,swap,notBad
4577,15,478.3999999999987,5,162.19999999999914,swap,acceptBad
4578,15,478.3999999999987,5,162.19999999999914,swap,notBad
4579,15,464.39999999999736,5,162.19999999999914,move,improve
4580,15,463.79999999999745,5,162.19999999999914,move,improve
4581,15,463.79999999999745,5,162.19999999999914,swap,improve
4582,15,463.79999999999745,5,162.19999999999914,swap,notBad
4583,15,463.79999999999745,5,162.19999999999914,move,improve
4584,15,463.79999999999745,5,162.19999999999914,move,improve
4585,15,463.79999999999745,5,162.19999999999914,move,improve
4586,15,463.79999999999745,5,162.19999999999914,swap,notBad
4587,15,463.79999999999745,5,162.19999999999914,2opt,notBad
4588,15,463.79999999999745,5,162.19999999999914,move,improve
4589,15,463.79999999999745,5,162.19999999999914,2opt,notBad
4590,15,463.79999999999745,5,162.19999999999914,2opt,notBad
4591,15,433.79999999999745,5,162.19999999999914,move,improve
4592,15,433.79999999999745,5,162.19999999999914,swap,notBad
4593,15,433.79999999999745,5,162.19999999999914,move,improve
4594,15,433.79999999999745,5,162.19999999999914,swap,notBad
4595,15,433.79999999999745,5,162.19999999999914,2opt,notBad
4596,15,433.79999999999745,5,162.19999999999914,move,improve
4597,15,433.79999999999745,5,162.19999999999914,2opt,improve
4598,15,433.79999999999745,5,162.19999999999914,2opt,improve
4599,15,433.79999999999745,5,162.19999999999914,2opt,notBad
4600,15,433.79999999999745,5,162.19999999999914,move,improve
4601,15,433.79999999999745,5,162.19999999999914,move,improve
4602,15,433.79999999999745,5,162.19999999999914,2opt,notBad
4603,15,433.79999999999745,5,162.19999999999914,swap,notBad
4604,15,433.79999999999745,5,162.19999999999914,move,improve
4605,15,433.79999999999745,5,162.19999999999914,2opt,notBad
4606,15,433.79999999999745,5,162.19999999999914,swap,notBad
4607,15,433.79999999999745,5,162.19999999999914,2opt,notBad
4608,15,433.79999999999745,5,162.19999999999914,2opt,notBad
4609,15,433.79999999999745,5,162.19999999999914,swap,notBad
4610,15,433.79999999999745,5,162.19999999999914,2opt,notBad
4611,15,433.79999999999745,5,162.19999999999914,swap,notBad
4612,15,433.79999999999745,5,162.19999999999914,move,improve
4613,15,433.79999999999745,5,162.19999999999914,swap,improve
4614,15,433.79999999999745,5,162.19999999999914,2opt,notBad
4615,15,432.9999999999975,5,162.19999999999914,move,improve
4616,15,432.9999999999975,5,162.19999999999914,swap,notBad
4617,15,432.9999999999975,5,162.19999999999914,swap,notBad
4618,15,432.9999999999975,5,162.19999999999914,move,improve
4619,15,432.9999999999975,5,162.19999999999914,swap,notBad
4620,15,432.9999999999975,5,162.19999999999914,move,improve
4621,15,432.9999999999975,5,162.19999999999914,move,improve
4622,15,432.9999999999975,5,162.19999999999914,swap,notBad
4623,15,432.9999999999975,5,162.19999999999914,move,improve
4624,15,432.9999999999975,5,162.19999999999914,swap,notBad
4625,15,432.9999999999975,5,162.19999999999914,swap,notBad
4626,15,432.9999999999975,5,162.19999999999914,move,improve
4627,15,432.9999999999975,5,162.19999999999914,swap,notBad
4628,15,432.9999999999975,5,162.19999999999914,swap,notBad
4629,15,432.9999999999975,5,162.19999999999914,2opt,notBad
4630,15,432.9999999999975,5,162.19999999999914,move,improve
4631,15,432.9999999999975,5,162.19999999999914,swap,notBad
4632,15,432.9999999999975,5,162.19999999999914,2opt,notBad
4633,15,432.9999999999975,5,162.19999999999914,swap,notBad
4634,15,432.9999999999975,5,162.19999999999914,swap,improve
4635,15,432.9999999999975,5,162.19999999999914,2opt,notBad
4636,15,432.9999999999975,5,162.19999999999914,move,improve
4637,15,432.9999999999975,5,162.19999999999914,swap,notBad
4638,15,432.9999999999975,5,162.19999999999914,swap,notBad
4639,15,432.9999999999975,5,162.19999999999914,2opt,notBad
4640,15,432.9999999999975,5,162.19999999999914,2opt,notBad
4641,15,432.9999999999975,5,162.19999999999914,2opt,notBad
4642,15,432.9999999999975,5,162.19999999999914,swap,notBad
4643,15,432.9999999999975,5,162.19999999999914,move,improve
4644,15,432.9999999999975,5,162.19999999999914,move,improve
4645,15,432.9999999999975,5,162.19999999999914,move,improve
4646,15,432.9999999999975,5,162.19999999999914,2opt,notBad
4647,15,432.9999999999975,5,162.19999999999914,2opt,notBad
4648,15,432.9999999999975,5,162.19999999999914,swap,notBad
4649,15,432.9999999999975,5,162.19999999999914,2opt,improve
4650,15,432.9999999999975,5,162.19999999999914,move,improve
4651,15,432.9999999999975,5,162.19999999999914,move,improve
4652,15,432.9999999999975,5,162.19999999999914,move,improve
4653,15,432.9999999999975,5,162.19999999999914,move,improve
4654,15,432.9999999999975,5,162.19999999999914,move,improve
4655,15,432.9999999999975,5,162.19999999999914,2opt,notBad
4656,15,432.9999999999975,5,162.19999999999914,move,improve
4657,15,432.9999999999975,5,162.19999999999914,2opt,notBad
4658,15,432.9999999999975,5,162.19999999999914,2opt,improve
4659,15,432.9999999999975,5,162.19999999999914,move,improve
4660,15,432.9999999999975,5,162.19999999999914,move,improve
4661,15,432.9999999999975,5,162.19999999999914,2opt,improve
4662,15,392.39999999999895,5,162.19999999999914,swap,improve
4663,15,392.39999999999895,5,162.19999999999914,2opt,notBad
4664,15,392.39999999999895,5,162.19999999999914,move,improve
4665,15,392.39999999999895,5,162.19999999999914,2opt,notBad
4666,15,392.39999999999895,5,162.19999999999914,2opt,improve
4667,15,477.199999999998,5,162.19999999999914,swap,acceptBad
4668,15,477.199999999998,5,162.19999999999914,swap,notBad
4669,15,477.199999999998,5,162.19999999999914,swap,notBad
4670,15,477.199999999998,5,162.19999999999914,move,improve
4671,15,477.199999999998,5,162.19999999999914,swap,notBad
4672,15,477.199999999998,5,162.19999999999914,move,improve
4673,15,477.199999999998,5,162.19999999999914,move,improve
4674,15,477.199999999998,5,162.19999999999914,2opt,notBad
4675,15,477.199999999998,5,162.19999999999914,swap,notBad
4676,15,477.199999999998,5,162.19999999999914,2opt,notBad
4677,15,477.199999999998,5,162.19999999999914,swap,notBad
4678,15,477.199999999998,5,162.19999999999914,2opt,notBad
4679,15,477.199999999998,5,162.19999999999914,swap,notBad
4680,15,477.199999999998,5,162.19999999999914,swap,notBad
4681,15,477.199999999998,5,162.19999999999914,move,improve
4682,15,477.199999999998,5,162.19999999999914,move,improve
4683,15,477.199999999998,5,162.19999999999914,swap,notBad
4684,15,477.199999999998,5,162.19999999999914,move,improve
4685,15,477.199999999998,5,162.19999999999914,2opt,notBad
4686,15,477.199999999998,5,162.19999999999914,move,improve
4687,15,477.199999999998,5,162.19999999999914,swap,notBad
4688,15,477.199999999998,5,162.19999999999914,move,improve
4689,15,477.199999999998,5,162.19999999999914,swap,notBad
4690,15,477.199999999998,5,162.19999999999914,2opt,notBad
4691,15,477.199999999998,5,162.19999999999914,2opt,notBad
4692,15,477.199999999998,5,162.19999999999914,2opt,notBad
4693,15,477.199999999998,5,162.19999999999914,move,improve
4694,15,477.199999999998,5,162.19999999999914,swap,notBad
4695,15,477.199999999998,5,162.19999999999914,move,improve
4696,15,472.5999999999999,5,162.19999999999914,move,improve
4697,15,472.5999999999999,5,162.19999999999914,swap,notBad
4698,15,472.5999999999999,5,162.19999999999914,swap,notBad
4699,15,472.5999999999999,5,162.19999999999914,move,improve
4700,15,472.5999999999999,5,162.19999999999914,move,improve
4701,15,472.5999999999999,5,162.19999999999914,2opt,notBad
4702,15,472.5999999999999,5,162.19999999999914,move,improve
4703,15,472.5999999999999,5,162.19999999999914,move,improve
4704,15,472.5999999999999,5,162.19999999999914,swap,notBad
4705,15,472.5999999999999,5,162.19999999999914,move,improve
4706,15,410.0000000000002,5,162.19999999999914,move,improve
4707,15,410.0000000000002,5,162.19999999999914,2opt,notBad
4708,15,410.0000000000002,5,162.19999999999914,move,improve
4709,15,410.0000000000002,5,162.19999999999914,2opt,notBad
4710,15,410.0000000000002,5,162.19999999999914,swap,notBad
4711,15,410.0000000000002,5,162.19999999999914,move,improve
4712,15,410.0000000000002,5,162.19999999999914,swap,notBad
4713,15,410.0000000000002,5,162.19999999999914,move,improve
4714,15,410.0000000000002,5,162.19999999999914,swap,notBad
4715,15,410.0000000000002,5,162.19999999999914,move,improve
4716,15,410.0000000000002,5,162.19999999999914,move,improve
4717,15,358.3999999999987,5,162.19999999999914,swap,improve
4718,15,358.3999999999987,5,162.19999999999914,2opt,improve
4719,15,333.9999999999993,5,162.19999999999914,swap,improve
4720,15,333.9999999999993,5,162.19999999999914,move,improve
4721,15,333.9999999999993,5,162.19999999999914,2opt,improve
4722,15,333.9999999999993,5,162.19999999999914,swap,notBad
4723,15,333.9999999999993,5,162.19999999999914,swap,notBad
4724,15,333.9999999999993,5,162.19999999999914,swap,improve
4725,15,333.9999999999993,5,162.19999999999914,2opt,notBad
4726,15,333.9999999999993,5,162.19999999999914,2opt,notBad
4727,15,333.9999999999993,5,162.19999999999914,move,improve
4728,15,333.9999999999993,5,162.19999999999914,move,improve
4729,15,333.9999999999993,5,162.19999999999914,move,improve
4730,15,333.9999999999993,5,162.19999999999914,2opt,notBad
4731,15,333.9999999999993,5,162.19999999999914,2opt,notBad
4732,15,333.9999999999993,5,162.19999999999914,swap,notBad
4733,15,333.9999999999993,5,162.19999999999914,move,improve
4734,15,333.9999999999993,5,162.19999999999914,2opt,improve
4735,15,333.9999999999993,5,162.19999999999914,2opt,notBad
4736,15,333.9999999999993,5,162.19999999999914,swap,improve
4737,15,333.9999999999993,5,162.19999999999914,swap,notBad
4738,15,333.9999999999993,5,162.19999999999914,move,improve
4739,15,333.9999999999993,5,162.19999999999914,2opt,notBad
4740,15,333.9999999999993,5,162.19999999999914,swap,notBad
4741,15,333.9999999999993,5,162.19999999999914,swap,notBad
4742,15,333.9999999999993,5,162.19999999999914,swap,notBad
4743,15,333.9999999999993,5,162.19999999999914,2opt,improve
4744,15,333.9999999999993,5,162.19999999999914,2opt,notBad
4745,15,333.9999999999993,5,162.19999999999914,swap,notBad
4746,15,333.9999999999993,5,162.19999999999914,move,improve
4747,15,333.9999999999993,5,162.19999999999914,move,improve
4748,15,333.9999999999993,5,162.19999999999914,swap,notBad
4749,15,333.9999999999993,5,162.19999999999914,move,improve
4750,15,333.9999999999993,5,162.19999999999914,swap,notBad
4751,15,333.9999999999993,5,162.19999999999914,swap,notBad
4752,15,333.9999999999993,5,162.19999999999914,swap,notBad
4753,15,333.9999999999993,5,162.19999999999914,2opt,notBad
4754,15,333.9999999999993,5,162.19999999999914,2opt,notBad
4755,15,333.9999999999993,5,162.19999999999914,2opt,notBad
4756,15,333.9999999999993,5,162.19999999999914,swap,notBad
4757,15,333.9999999999993,5,162.19999999999914,move,improve
4758,15,333.9999999999993,5,162.19999999999914,2opt,notBad
4759,15,333.9999999999993,5,162.19999999999914,swap,notBad
4760,15,333.9999999999993,5,162.19999999999914,2opt,notBad
4761,15,333.9999999999993,5,162.19999999999914,swap,notBad
4762,15,333.9999999999993,5,162.19999999999914,move,improve
4763,15,353.599999999999,5,162.19999999999914,swap,acceptBad
4764,15,353.599999999999,5,162.19999999999914,2opt,notBad
4765,15,353.599999999999,5,162.19999999999914,swap,notBad
4766,15,353.599999999999,5,162.19999999999914,swap,notBad
4767,15,353.599999999999,5,162.19999999999914,move,improve
4768,15,353.599999999999,5,162.19999999999914,2opt,notBad
4769,15,353.599999999999,5,162.19999999999914,2opt,notBad
4770,15,353.599999999999,5,162.19999999999914,swap,notBad
4771,15,353.599999999999,5,162.19999999999914,2opt,notBad
4772,15,353.599999999999,5,162.19999999999914,move,improve
4773,15,353.599999999999,5,162.19999999999914,2opt,notBad
4774,15,353.599999999999,5,162.19999999999914,move,improve
4775,15,353.599999999999,5,162.19999999999914,move,improve
4776,15,353.599999999999,5,162.19999999999914,move,improve
4777,15,353.599999999999,5,162.19999999999914,move,improve
4778,15,353.599999999999,5,162.19999999999914,swap,notBad
4779,15,353.599999999999,5,162.19999999999914,2opt,notBad
4780,15,353.599999999999,5,162.19999999999914,move,improve
4781,15,353.599999999999,5,162.19999999999914,move,improve
4782,15,353.599999999999,5,162.19999999999914,2opt,notBad
4783,15,353.599999999999,5,162.19999999999914,move,improve
4784,15,353.599999999999,5,162.19999999999914,swap,notBad
4785,15,353.599999999999,5,162.19999999999914,2opt,notBad
4786,15,353.599999999999,5,162.19999999999914,move,improve
4787,15,353.599999999999,5,162.19999999999914,2opt,notBad
4788,15,353.599999999999,5,162.19999999999914,move,improve
4789,15,353.599999999999,5,162.19999999999914,move,improve
4790,15,353.599999999999,5,162.19999999999914,2opt,notBad
4791,15,347.19999999999936,5,162.19999999999914,move,improve
4792,15,347.19999999999936,5,162.19999999999914,2opt,notBad
4793,15,347.19999999999936,5,162.19999999999914,2opt,notBad
4794,15,347.19999999999936,5,162.19999999999914,2opt,notBad
4795,15,347.19999999999936,5,162.19999999999914,move,improve
4796,15,347.19999999999936,5,162.19999999999914,2opt,notBad
4797,15,346.7999999999993,5,162.19999999999914,move,improve
4798,15,346.7999999999993,5,162.19999999999914,2opt,notBad
4799,15,346.7999999999993,5,162.19999999999914,move,improve
4800,15,370.99999999999864,5,162.19999999999914,swap,acceptBad
4801,15,370.99999999999864,5,162.19999999999914,swap,notBad
4802,15,370.99999999999864,5,162.19999999999914,swap,notBad
4803,15,428.39999999999736,5,162.19999999999914,swap,acceptBad
4804,15,428.39999999999736,5,162.19999999999914,2opt,notBad
4805,15,428.39999999999736,5,162.19999999999914,2opt,notBad
4806,15,428.39999999999736,5,162.19999999999914,swap,notBad
4807,15,428.39999999999736,5,162.19999999999914,swap,notBad
4808,15,428.1999999999973,5,162.19999999999914,move,improve
4809,15,428.1999999999973,5,162.19999999999914,move,improve
4810,15,428.1999999999973,5,162.19999999999914,2opt,notBad
4811,15,428.1999999999973,5,162.19999999999914,move,improve
4812,15,428.1999999999973,5,162.19999999999914,move,improve
4813,15,428.1999999999973,5,162.19999999999914,2opt,improve
4814,15,428.1999999999973,5,162.19999999999914,2opt,improve
4815,15,428.1999999999973,5,162.19999999999914,2opt,notBad
4816,15,428.1999999999973,5,162.19999999999914,swap,notBad
4817,15,428.1999999999973,5,162.19999999999914,2opt,notBad
4818,15,428.1999999999973,5,162.19999999999914,move,improve
4819,15,428.1999999999973,5,162.19999999999914,move,improve
4820,15,428.1999999999973,5,162.19999999999914,swap,notBad
4821,15,428.1999999999973,5,162.19999999999914,move,improve
4822,15,428.1999999999973,5,162.19999999999914,swap,notBad
4823,15,428.1999999999973,5,162.19999999999914,2opt,notBad
4824,15,428.1999999999973,5,162.19999999999914,move,improve
4825,15,428.1999999999973,5,162.19999999999914,swap,notBad
4826,15,428.1999999999973,5,162.19999999999914,swap,notBad
4827,15,428.1999999999973,5,162.19999999999914,swap,notBad
4828,15,428.1999999999973,5,162.19999999999914,2opt,notBad
4829,15,403.9999999999984,5,162.19999999999914,move,improve
4830,15,403.9999999999984,5,162.19999999999914,2opt,notBad
4831,15,403.9999999999984,5,162.19999999999914,move,improve
4832,15,403.9999999999984,5,162.19999999999914,move,improve
4833,15,403.9999999999984,5,162.19999999999914,2opt,notBad
4834,15,403.9999999999984,5,162.19999999999914,move,improve
4835,15,403.9999999999984,5,162.19999999999914,2opt,notBad
4836,15,403.9999999999984,5,162.19999999999914,swap,notBad
4837,15,403.9999999999984,5,162.19999999999914,move,improve
4838,15,403.9999999999984,5,162.19999999999914,swap,improve
4839,15,403.9999999999984,5,162.19999999999914,2opt,improve
4840,15,403.9999999999984,5,162.19999999999914,2opt,notBad
4841,15,403.9999999999984,5,162.19999999999914,2opt,notBad
4842,15,403.9999999999984,5,162.19999999999914,swap,notBad
4843,15,385.19999999999936,5,162.19999999999914,move,improve
4844,15,385.19999999999936,5,162.19999999999914,2opt,improve
4845,15,385.19999999999936,5,162.19999999999914,move,improve
4846,15,385.19999999999936,5,162.19999999999914,swap,notBad
4847,15,385.19999999999936,5,162.19999999999914,move,improve
4848,15,385.19999999999936,5,162.19999999999914,swap,notBad
4849,15,385.19999999999936,5,162.19999999999914,2opt,notBad
4850,15,385.19999999999936,5,162.19999999999914,move,improve
4851,15,385.19999999999936,5,162.19999999999914,2opt,improve
4852,15,385.19999999999936,5,162.19999999999914,move,improve
4853,15,384.9999999999991,5,162.19999999999914,move,improve
4854,15,407.1999999999998,5,162.19999999999914,swap,acceptBad
4855,15,407.1999999999998,5,162.19999999999914,swap,notBad
4856,15,407.1999999999998,5,162.19999999999914,swap,notBad
4857,15,407.1999999999998,5,162.19999999999914,swap,notBad
4858,15,407.1999999999998,5,162.19999999999914,2opt,notBad
4859,15,407.1999999999998,5,162.19999999999914,swap,notBad
4860,15,407.1999999999998,5,162.19999999999914,2opt,improve
4861,15,407.1999999999998,5,162.19999999999914,move,improve
4862,15,407.1999999999998,5,162.19999999999914,swap,notBad
4863,15,407.1999999999998,5,162.19999999999914,swap,notBad
4864,15,407.1999999999998,5,162.19999999999914,move,improve
4865,15,407.1999999999998,5,162.19999999999914,swap,notBad
4866,15,407.1999999999998,5,162.19999999999914,move,improve
4867,15,407.1999999999998,5,162.19999999999914,2opt,notBad
4868,15,407.1999999999998,5,162.19999999999914,2opt,notBad
4869,15,407.1999999999998,5,162.19999999999914,swap,notBad
4870,15,407.1999999999998,5,162.19999999999914,swap,notBad
4871,15,407.1999999999998,5,162.19999999999914,move,improve
4872,15,407.1999999999998,5,162.19999999999914,move,improve
4873,15,407.1999999999998,5,162.19999999999914,swap,improve
4874,15,407.1999999999998,5,162.19999999999914,2opt,notBad
4875,15,407.1999999999998,5,162.19999999999914,swap,notBad
4876,15,407.1999999999998,5,162.19999999999914,2opt,notBad
4877,15,407.1999999999998,5,162.19999999999914,2opt,notBad
4878,15,407.1999999999998,5,162.19999999999914,2opt,notBad
4879,15,407.1999999999998,5,162.19999999999914,2opt,notBad
4880,15,313.9999999999998,5,162.19999999999914,move,improve
4881,15,313.9999999999998,5,162.19999999999914,move,improve
4882,15,313.9999999999998,5,162.19999999999914,2opt,notBad
4883,15,313.9999999999998,5,162.19999999999914,swap,notBad
4884,15,313.9999999999998,5,162.19999999999914,move,improve
4885,15,313.9999999999998,5,162.19999999999914,move,improve
4886,15,313.9999999999998,5,162.19999999999914,2opt,notBad
4887,15,313.9999999999998,5,162.19999999999914,move,improve
4888,15,313.9999999999998,5,162.19999999999914,swap,improve
4889,15,313.9999999999998,5,162.19999999999914,swap,notBad
4890,15,313.9999999999998,5,162.19999999999914,move,improve
4891,15,307.6000000000017,5,162.19999999999914,move,improve
4892,15,265.60000000000014,5,162.19999999999914,move,improve
4893,15,265.60000000000014,5,162.19999999999914,swap,notBad
4894,15,256.00000000000045,5,162.19999999999914,2opt,improve
4895,15,256.00000000000045,5,162.19999999999914,move,improve
4896,15,256.00000000000045,5,162.19999999999914,swap,notBad
4897,15,256.00000000000045,5,162.19999999999914,swap,notBad
4898,15,256.00000000000045,5,162.19999999999914,move,improve
4899,15,256.00000000000045,5,162.19999999999914,move,improve
4900,15,256.00000000000045,5,162.19999999999914,swap,notBad
4901,15,256.00000000000045,5,162.19999999999914,swap,notBad
4902,15,256.00000000000045,5,162.19999999999914,move,improve
4903,15,256.00000000000045,5,162.19999999999914,move,improve
4904,15,256.00000000000045,5,162.19999999999914,2opt,notBad
4905,15,256.00000000000045,5,162.19999999999914,swap,notBad
4906,15,256.00000000000045,5,162.19999999999914,2opt,notBad
4907,15,256.00000000000045,5,162.19999999999914,2opt,notBad
4908,15,256.00000000000045,5,162.19999999999914,swap,notBad
4909,15,256.00000000000045,5,162.19999999999914,2opt,notBad
4910,15,256.00000000000045,5,162.19999999999914,2opt,notBad
4911,15,256.00000000000045,5,162.19999999999914,2opt,notBad
4912,15,256.00000000000045,5,162.19999999999914,move,improve
4913,15,256.00000000000045,5,162.19999999999914,move,improve
4914,15,256.00000000000045,5,162.19999999999914,move,improve
4915,15,256.00000000000045,5,162.19999999999914,2opt,notBad
4916,15,256.00000000000045,5,162.19999999999914,swap,notBad
4917,15,256.00000000000045,5,162.19999999999914,move,improve
4918,15,256.00000000000045,5,162.19999999999914,move,improve
4919,15,254.39999999999895,5,162.19999999999914,move,improve
4920,15,254.39999999999895,5,162.19999999999914,move,improve
4921,15,332.5999999999983,5,162.19999999999914,swap,acceptBad
4922,15,332.5999999999983,5,162.19999999999914,move,improve
4923,15,332.5999999999983,5,162.19999999999914,swap,notBad
4924,15,332.5999999999983,5,162.19999999999914,swap,notBad
4925,15,332.5999999999983,5,162.19999999999914,swap,notBad
4926,15,332.5999999999983,5,162.19999999999914,swap,notBad
4927,15,332.5999999999983,5,162.19999999999914,2opt,notBad
4928,15,382.0,5,162.19999999999914,swap,acceptBad
4929,15,382.0,5,162.19999999999914,2opt,notBad
4930,15,326.60000000000105,5,162.19999999999914,swap,improve
4931,15,326.60000000000105,5,162.19999999999914,2opt,notBad
4932,15,326.60000000000105,5,162.19999999999914,swap,improve
4933,15,326.60000000000105,5,162.19999999999914,move,improve
4934,15,326.60000000000105,5,162.19999999999914,2opt,notBad
4935,15,326.60000000000105,5,162.19999999999914,swap,notBad
4936,15,305.4000000000012,5,162.19999999999914,move,improve
4937,15,305.4000000000012,5,162.19999999999914,2opt,notBad
4938,15,305.4000000000012,5,162.19999999999914,move,improve
4939,15,305.4000000000012,5,162.19999999999914,move,improve
4940,15,305.4000000000012,5,162.19999999999914,swap,notBad
4941,15,305.4000000000012,5,162.19999999999914,2opt,notBad
4942,15,305.4000000000012,5,162.19999999999914,2opt,notBad
4943,15,305.4000000000012,5,162.19999999999914,move,improve
4944,15,305.4000000000012,5,162.19999999999914,2opt,notBad
4945,15,305.4000000000012,5,162.19999999999914,2opt,notBad
4946,15,305.4000000000012,5,162.19999999999914,swap,notBad
4947,15,305.4000000000012,5,162.19999999999914,move,improve
4948,15,305.4000000000012,5,162.19999999999914,swap,notBad
4949,15,305.4000000000012,5,162.19999999999914,swap,improve
4950,15,305.4000000000012,5,162.19999999999914,2opt,notBad
4951,15,305.4000000000012,5,162.19999999999914,2opt,notBad
4952,15,305.4000000000012,5,162.19999999999914,2opt,notBad
4953,15,305.4000000000012,5,162.19999999999914,swap,notBad
4954,15,305.4000000000012,5,162.19999999999914,2opt,notBad
4955,15,305.4000000000012,5,162.19999999999914,2opt,improve
4956,15,305.4000000000012,5,162.19999999999914,swap,notBad
4957,15,305.4000000000012,5,162.19999999999914,2opt,improve
4958,15,305.4000000000012,5,162.19999999999914,move,improve
4959,15,305.4000000000012,5,162.19999999999914,2opt,notBad
4960,15,305.4000000000012,5,162.19999999999914,swap,improve
4961,15,318.80000000000064,5,162.19999999999914,swap,acceptBad
4962,15,318.80000000000064,5,162.19999999999914,move,improve
4963,15,318.80000000000064,5,162.19999999999914,2opt,notBad
4964,15,318.80000000000064,5,162.19999999999914,swap,notBad
4965,15,318.80000000000064,5,162.19999999999914,2opt,improve
4966,15,318.80000000000064,5,162.19999999999914,2opt,improve
4967,15,318.80000000000064,5,162.19999999999914,swap,notBad
4968,15,318.80000000000064,5,162.19999999999914,move,improve
4969,15,318.80000000000064,5,162.19999999999914,swap,notBad
4970,15,318.80000000000064,5,162.19999999999914,move,improve
4971,15,318.80000000000064,5,162.19999999999914,swap,notBad
4972,15,318.80000000000064,5,162.19999999999914,2opt,notBad
4973,15,318.80000000000064,5,162.19999999999914,move,improve
4974,15,318.80000000000064,5,162.19999999999914,2opt,notBad
4975,15,318.80000000000064,5,162.19999999999914,2opt,notBad
4976,15,318.80000000000064,5,162.19999999999914,swap,notBad
4977,15,318.80000000000064,5,162.19999999999914,2opt,improve
4978,15,318.80000000000064,5,162.19999999999914,move,improve
4979,15,318.80000000000064,5,162.19999999999914,swap,notBad
4980,15,318.80000000000064,5,162.19999999999914,move,improve
4981,15,318.80000000000064,5,162.19999999999914,swap,notBad
4982,15,318.80000000000064,5,162.19999999999914,move,improve
4983,15,318.80000000000064,5,162.19999999999914,2opt,notBad
4984,15,318.80000000000064,5,162.19999999999914,swap,notBad
4985,15,318.80000000000064,5,162.19999999999914,move,improve
4986,15,318.80000000000064,5,162.19999999999914,2opt,notBad
4987,15,318.80000000000064,5,162.19999999999914,move,improve
4988,15,318.80000000000064,5,162.19999999999914,move,improve
4989,15,318.80000000000064,5,162.19999999999914,2opt,notBad
4990,15,318.80000000000064,5,162.19999999999914,2opt,notBad
4991,15,318.80000000000064,5,162.19999999999914,2opt,notBad
4992,15,318.80000000000064,5,162.19999999999914,2opt,notBad
4993,15,318.80000000000064,5,162.19999999999914,move,improve
4994,15,318.80000000000064,5,162.19999999999914,move,improve
4995,15,318.80000000000064,5,162.19999999999914,move,improve
4996,15,318.80000000000064,5,162.19999999999914,2opt,notBad
4997,15,318.80000000000064,5,162.19999999999914,swap,notBad
4998,15,318.80000000000064,5,162.19999999999914,2opt,notBad
4999,15,318.80000000000064,5,162.19999999999914,2opt,notBad
5000,15,318.80000000000064,5,162.19999999999914,2opt,notBad
5001,15,318.80000000000064,5,162.19999999999914,move,improve
5002,15,318.80000000000064,5,162.19999999999914,2opt,notBad
5003,15,318.80000000000064,5,162.19999999999914,2opt,notBad
5004,15,318.80000000000064,5,162.19999999999914,2opt,improve
5005,15,318.80000000000064,5,162.19999999999914,swap,notBad
5006,15,318.80000000000064,5,162.19999999999914,2opt,improve
5007,15,318.80000000000064,5,162.19999999999914,2opt,notBad
5008,15,318.80000000000064,5,162.19999999999914,swap,notBad
5009,15,318.80000000000064,5,162.19999999999914,swap,notBad
5010,15,318.80000000000064,5,162.19999999999914,2opt,improve
5011,15,318.80000000000064,5,162.19999999999914,2opt,improve
5012,15,318.80000000000064,5,162.19999999999914,move,improve
5013,15,318.80000000000064,5,162.19999999999914,move,improve
5014,15,318.80000000000064,5,162.19999999999914,swap,notBad
5015,15,318.80000000000064,5,162.19999999999914,move,improve
5016,15,318.80000000000064,5,162.19999999999914,swap,notBad
5017,15,318.80000000000064,5,162.19999999999914,swap,improve
5018,15,318.80000000000064,5,162.19999999999914,move,improve
5019,15,318.80000000000064,5,162.19999999999914,move,improve
5020,15,318.80000000000064,5,162.19999999999914,2opt,notBad
5021,15,318.80000000000064,5,162.19999999999914,2opt,notBad
5022,15,318.80000000000064,5,162.19999999999914,2opt,improve
5023,15,318.80000000000064,5,162.19999999999914,swap,notBad
5024,15,318.80000000000064,5,162.19999999999914,2opt,notBad
5025,15,318.80000000000064,5,162.19999999999914,swap,notBad
5026,15,318.80000000000064,5,162.19999999999914,2opt,notBad
5027,15,318.80000000000064,5,162.19999999999914,2opt,notBad
5028,15,318.80000000000064,5,162.19999999999914,swap,notBad
5029,15,318.80000000000064,5,162.19999999999914,move,improve
5030,15,318.80000000000064,5,162.19999999999914,swap,notBad
5031,15,318.80000000000064,5,162.19999999999914,swap,notBad
5032,15,318.80000000000064,5,162.19999999999914,move,improve
5033,15,318.80000000000064,5,162.19999999999914,swap,notBad
5034,15,318.80000000000064,5,162.19999999999914,move,improve
5035,15,318.80000000000064,5,162.19999999999914,swap,improve
5036,15,318.80000000000064,5,162.19999999999914,swap,notBad
5037,15,318.80000000000064,5,162.19999999999914,2opt,notBad
5038,15,318.80000000000064,5,162.19999999999914,2opt,improve
5039,15,350.2000000000003,5,162.19999999999914,swap,acceptBad
5040,15,350.2000000000003,5,162.19999999999914,2opt,notBad
5041,15,350.2000000000003,5,162.19999999999914,move,improve
5042,15,350.2000000000003,5,162.19999999999914,move,improve
5043,15,350.2000000000003,5,162.19999999999914,2opt,notBad
5044,15,350.2000000000003,5,162.19999999999914,swap,notBad
5045,15,350.2000000000003,5,162.19999999999914,swap,notBad
5046,15,350.2000000000003,5,162.19999999999914,swap,notBad
5047,15,350.2000000000003,5,162.19999999999914,2opt,notBad
5048,15,333.39999999999804,5,162.19999999999914,move,improve
5049,15,333.39999999999804,5,162.19999999999914,move,improve
5050,15,333.39999999999804,5,162.19999999999914,swap,notBad
5051,15,333.39999999999804,5,162.19999999999914,move,improve
5052,15,333.39999999999804,5,162.19999999999914,swap,notBad
5053,15,333.39999999999804,5,162.19999999999914,move,improve
5054,15,333.39999999999804,5,162.19999999999914,2opt,notBad
5055,15,333.39999999999804,5,162.19999999999914,move,improve
5056,15,333.39999999999804,5,162.19999999999914,2opt,notBad
5057,15,333.39999999999804,5,162.19999999999914,swap,notBad
5058,15,333.39999999999804,5,162.19999999999914,swap,notBad
5059,15,370.7999999999986,5,162.19999999999914,swap,acceptBad
5060,15,468.59999999999764,5,162.19999999999914,swap,acceptBad
5061,15,468.59999999999764,5,162.19999999999914,move,improve
5062,15,468.59999999999764,5,162.19999999999914,move,improve
5063,15,468.59999999999764,5,162.19999999999914,swap,notBad
5064,15,468.59999999999764,5,162.19999999999914,swap,notBad
5065,15,468.59999999999764,5,162.19999999999914,2opt,improve
5066,15,468.59999999999764,5,162.19999999999914,move,improve
5067,15,468.59999999999764,5,162.19999999999914,move,improve
5068,15,468.59999999999764,5,162.19999999999914,2opt,notBad
5069,15,468.59999999999764,5,162.19999999999914,swap,notBad
5070,15,370.59999999999854,5,162.19999999999914,move,improve
5071,15,370.59999999999854,5,162.19999999999914,move,improve
5072,15,370.59999999999854,5,162.19999999999914,2opt,notBad
5073,15,370.59999999999854,5,162.19999999999914,swap,notBad
5074,15,370.59999999999854,5,162.19999999999914,swap,notBad
5075,15,370.59999999999854,5,162.19999999999914,move,improve
5076,15,370.59999999999854,5,162.19999999999914,2opt,notBad
5077,15,370.59999999999854,5,162.19999999999914,2opt,notBad
5078,15,370.59999999999854,5,162.19999999999914,swap,notBad
5079,15,370.59999999999854,5,162.19999999999914,swap,notBad
5080,15,370.59999999999854,5,162.19999999999914,move,improve
5081,15,370.59999999999854,5,162.19999999999914,swap,notBad
5082,15,370.59999999999854,5,162.19999999999914,2opt,notBad
5083,15,370.59999999999854,5,162.19999999999914,move,improve
5084,15,370.59999999999854,5,162.19999999999914,swap,notBad
5085,15,370.59999999999854,5,162.19999999999914,swap,notBad
5086,15,370.59999999999854,5,162.19999999999914,2opt,notBad
5087,15,370.59999999999854,5,162.19999999999914,2opt,notBad
5088,15,370.59999999999854,5,162.19999999999914,move,improve
5089,15,370.59999999999854,5,162.19999999999914,swap,notBad
5090,15,370.59999999999854,5,162.19999999999914,move,improve
5091,15,370.59999999999854,5,162.19999999999914,swap,notBad
5092,15,370.59999999999854,5,162.19999999999914,move,improve
5093,15,370.59999999999854,5,162.19999999999914,swap,notBad
5094,15,370.59999999999854,5,162.19999999999914,2opt,notBad
5095,15,370.59999999999854,5,162.19999999999914,2opt,notBad
5096,15,370.59999999999854,5,162.19999999999914,move,improve
5097,15,370.59999999999854,5,162.19999999999914,move,improve
5098,15,370.59999999999854,5,162.19999999999914,move,improve
5099,15,370.59999999999854,5,162.19999999999914,swap,notBad
5100,15,370.59999999999854,5,162.19999999999914,move,improve
5101,15,370.59999999999854,5,162.19999999999914,swap,notBad
5102,15,370.59999999999854,5,162.19999999999914,2opt,improve
5103,15,370.59999999999854,5,162.19999999999914,2opt,improve
5104,15,370.59999999999854,5,162.19999999999914,swap,notBad
5105,15,370.59999999999854,5,162.19999999999914,2opt,notBad
5106,15,370.59999999999854,5,162.19999999999914,swap,improve
5107,15,370.59999999999854,5,162.19999999999914,2opt,improve
5108,15,370.59999999999854,5,162.19999999999914,swap,improve
5109,15,370.59999999999854,5,162.19999999999914,swap,notBad
5110,15,370.59999999999854,5,162.19999999999914,swap,notBad
5111,15,370.59999999999854,5,162.19999999999914,swap,notBad
5112,15,370.59999999999854,5,162.19999999999914,2opt,notBad
5113,15,370.59999999999854,5,162.19999999999914,move,improve
5114,15,370.59999999999854,5,162.19999999999914,swap,notBad
5115,15,370.59999999999854,5,162.19999999999914,2opt,notBad
5116,15,370.59999999999854,5,162.19999999999914,swap,notBad
5117,15,370.59999999999854,5,162.19999999999914,2opt,notBad
5118,15,370.59999999999854,5,162.19999999999914,move,improve
5119,15,370.59999999999854,5,162.19999999999914,move,improve
5120,15,370.59999999999854,5,162.19999999999914,swap,notBad
5121,15,370.59999999999854,5,162.19999999999914,swap,notBad
5122,15,370.59999999999854,5,162.19999999999914,move,improve
5123,15,370.59999999999854,5,162.19999999999914,swap,notBad
5124,15,370.59999999999854,5,162.19999999999914,2opt,notBad
5125,15,336.7999999999988,5,162.19999999999914,move,improve
5126,15,336.7999999999988,5,162.19999999999914,swap,notBad
5127,15,336.7999999999988,5,162.19999999999914,move,improve
5128,15,336.7999999999988,5,162.19999999999914,2opt,notBad
5129,15,336.7999999999988,5,162.19999999999914,swap,notBad
5130,15,336.7999999999988,5,162.19999999999914,2opt,notBad
5131,15,336.7999999999988,5,162.19999999999914,2opt,notBad
5132,15,336.7999999999988,5,162.19999999999914,swap,notBad
5133,15,336.7999999999988,5,162.19999999999914,2opt,notBad
5134,15,336.7999999999988,5,162.19999999999914,swap,improve
5135,15,336.7999999999988,5,162.19999999999914,swap,notBad
5136,15,336.7999999999988,5,162.19999999999914,swap,notBad
5137,15,336.7999999999988,5,162.19999999999914,swap,notBad
5138,15,336.7999999999988,5,162.19999999999914,move,improve
5139,15,336.7999999999988,5,162.19999999999914,swap,notBad
5140,15,336.7999999999988,5,162.19999999999914,2opt,notBad
5141,15,336.7999999999988,5,162.19999999999914,2opt,notBad
5142,15,336.7999999999988,5,162.19999999999914,swap,improve
5143,15,336.7999999999988,5,162.19999999999914,move,improve
5144,15,336.7999999999988,5,162.19999999999914,move,improve
5145,15,336.7999999999988,5,162.19999999999914,swap,notBad
5146,15,434.7999999999988,5,162.19999999999914,swap,acceptBad
5147,15,434.7999999999988,5,162.19999999999914,2opt,notBad
5148,15,434.7999999999988,5,162.19999999999914,move,improve
5149,15,434.7999999999988,5,162.19999999999914,swap,notBad
5150,15,434.7999999999988,5,162.19999999999914,move,improve
5151,15,434.7999999999988,5,162.19999999999914,move,improve
5152,15,426.3999999999985,5,162.19999999999914,swap,improve
5153,15,426.3999999999985,5,162.19999999999914,move,improve
5154,15,426.3999999999985,5,162.19999999999914,2opt,notBad
5155,15,426.3999999999985,5,162.19999999999914,move,improve
5156,15,426.3999999999985,5,162.19999999999914,2opt,notBad
5157,15,307.19999999999754,5,162.19999999999914,move,improve
5158,15,307.19999999999754,5,162.19999999999914,2opt,notBad
5159,15,307.19999999999754,5,162.19999999999914,move,improve
5160,15,307.19999999999754,5,162.19999999999914,2opt,notBad
5161,15,307.19999999999754,5,162.19999999999914,move,improve
5162,15,307.19999999999754,5,162.19999999999914,move,improve
5163,15,307.19999999999754,5,162.19999999999914,swap,notBad
5164,15,307.19999999999754,5,162.19999999999914,move,improve
5165,15,307.19999999999754,5,162.19999999999914,swap,improve
5166,15,307.19999999999754,5,162.19999999999914,2opt,notBad
5167,15,381.3999999999987,5,162.19999999999914,swap,acceptBad
5168,15,381.3999999999987,5,162.19999999999914,move,improve
5169,15,381.3999999999987,5,162.19999999999914,move,improve
5170,15,381.3999999999987,5,162.19999999999914,2opt,notBad
5171,15,381.3999999999987,5,162.19999999999914,swap,notBad
5172,15,381.3999999999987,5,162.19999999999914,swap,improve
5173,15,381.3999999999987,5,162.19999999999914,swap,notBad
5174,15,381.3999999999987,5,162.19999999999914,2opt,notBad
5175,15,381.3999999999987,5,162.19999999999914,move,improve
5176,15,381.3999999999987,5,162.19999999999914,move,improve
5177,15,381.3999999999987,5,162.19999999999914,move,improve
5178,15,381.3999999999987,5,162.19999999999914,move,improve
5179,15,381.3999999999987,5,162.19999999999914,move,improve
5180,15,381.3999999999987,5,162.19999999999914,2opt,improve
5181,15,381.3999999999987,5,162.19999999999914,swap,notBad
5182,15,381.3999999999987,5,162.19999999999914,move,improve
5183,15,381.3999999999987,5,162.19999999999914,2opt,improve
5184,15,381.3999999999987,5,162.19999999999914,move,improve
5185,15,381.3999999999987,5,162.19999999999914,move,improve
5186,15,381.3999999999987,5,162.19999999999914,2opt,notBad
5187,15,381.3999999999987,5,162.19999999999914,swap,notBad
5188,15,381.3999999999987,5,162.19999999999914,swap,notBad
5189,15,381.3999999999987,5,162.19999999999914,move,improve
5190,15,381.3999999999987,5,162.19999999999914,move,improve
5191,15,381.3999999999987,5,162.19999999999914,2opt,notBad
5192,15,381.3999999999987,5,162.19999999999914,2opt,notBad
5193,15,381.3999999999987,5,162.19999999999914,move,improve
5194,15,381.3999999999987,5,162.19999999999914,2opt,notBad
5195,15,381.3999999999987,5,162.19999999999914,2opt,notBad
5196,15,381.3999999999987,5,162.19999999999914,move,improve
5197,15,381.3999999999987,5,162.19999999999914,2opt,notBad
5198,15,381.3999999999987,5,162.19999999999914,swap,notBad
5199,15,381.3999999999987,5,162.19999999999914,swap,notBad
5200,15,381.3999999999987,5,162.19999999999914,move,improve
5201,15,381.3999999999987,5,162.19999999999914,move,improve
5202,15,381.3999999999987,5,162.19999999999914,2opt,notBad
5203,15,381.3999999999987,5,162.19999999999914,move,improve
5204,15,381.3999999999987,5,162.19999999999914,move,improve
5205,15,381.3999999999987,5,162.19999999999914,swap,notBad
5206,15,381.3999999999987,5,162.19999999999914,2opt,notBad
5207,15,381.3999999999987,5,162.19999999999914,move,improve
5208,15,381.3999999999987,5,162.19999999999914,swap,notBad
5209,15,381.3999999999987,5,162.19999999999914,2opt,notBad
5210,15,381.3999999999987,5,162.19999999999914,move,improve
5211,15,381.3999999999987,5,162.19999999999914,move,improve
5212,15,381.3999999999987,5,162.19999999999914,move,improve
5213,15,381.3999999999987,5,162.19999999999914,move,improve
5214,15,381.3999999999987,5,162.19999999999914,2opt,notBad
5215,15,381.3999999999987,5,162.19999999999914,swap,notBad
5216,15,381.3999999999987,5,162.19999999999914,move,improve
5217,15,381.3999999999987,5,162.19999999999914,swap,notBad
5218,15,381.3999999999987,5,162.19999999999914,swap,notBad
5219,15,381.3999999999987,5,162.19999999999914,2opt,notBad
5220,15,381.3999999999987,5,162.19999999999914,2opt,notBad
5221,15,381.3999999999987,5,162.19999999999914,2opt,notBad
5222,15,381.3999999999987,5,162.19999999999914,swap,notBad
5223,15,381.3999999999987,5,162.19999999999914,move,improve
5224,15,381.3999999999987,5,162.19999999999914,move,improve
5225,15,381.3999999999987,5,162.19999999999914,2opt,notBad
5226,15,381.3999999999987,5,162.19999999999914,move,improve
5227,15,381.3999999999987,5,162.19999999999914,2opt,notBad
5228,15,381.3999999999987,5,162.19999999999914,move,improve
5229,15,381.3999999999987,5,162.19999999999914,2opt,improve
5230,15,381.3999999999987,5,162.19999999999914,swap,notBad
5231,15,381.3999999999987,5,162.19999999999914,swap,notBad
5232,15,381.3999999999987,5,162.19999999999914,2opt,improve
5233,15,381.3999999999987,5,162.19999999999914,2opt,notBad
5234,15,381.3999999999987,5,162.19999999999914,move,improve
5235,15,381.3999999999987,5,162.19999999999914,move,improve
5236,15,381.3999999999987,5,162.19999999999914,swap,notBad
5237,15,381.3999999999987,5,162.19999999999914,move,improve
5238,15,381.3999999999987,5,162.19999999999914,move,improve
5239,15,381.3999999999987,5,162.19999999999914,move,improve
5240,15,381.3999999999987,5,162.19999999999914,2opt,improve
5241,15,381.3999999999987,5,162.19999999999914,swap,improve
5242,15,381.3999999999987,5,162.19999999999914,2opt,notBad
5243,15,381.3999999999987,5,162.19999999999914,move,improve
5244,15,381.3999999999987,5,162.19999999999914,move,improve
5245,15,381.3999999999987,5,162.19999999999914,move,improve
5246,15,381.3999999999987,5,162.19999999999914,move,improve
5247,15,381.3999999999987,5,162.19999999999914,swap,notBad
5248,15,381.3999999999987,5,162.19999999999914,move,improve
5249,15,381.3999999999987,5,162.19999999999914,move,improve
5250,15,381.3999999999987,5,162.19999999999914,swap,notBad
5251,15,381.3999999999987,5,162.19999999999914,move,improve
5252,15,447.99999999999955,5,162.19999999999914,swap,acceptBad
5253,15,447.99999999999955,5,162.19999999999914,2opt,notBad
5254,15,447.99999999999955,5,162.19999999999914,swap,notBad
5255,15,447.99999999999955,5,162.19999999999914,move,improve
5256,15,447.99999999999955,5,162.19999999999914,2opt,improve
5257,15,447.99999999999955,5,162.19999999999914,move,improve
5258,15,447.99999999999955,5,162.19999999999914,2opt,notBad
5259,15,447.99999999999955,5,162.19999999999914,swap,notBad
5260,15,447.99999999999955,5,162.19999999999914,move,improve
5261,15,447.99999999999955,5,162.19999999999914,2opt,notBad
5262,15,447.99999999999955,5,162.19999999999914,swap,notBad
5263,15,447.99999999999955,5,162.19999999999914,2opt,notBad
5264,15,447.99999999999955,5,162.19999999999914,move,improve
5265,15,447.99999999999955,5,162.19999999999914,2opt,notBad
5266,15,447.99999999999955,5,162.19999999999914,swap,improve
5267,15,447.99999999999955,5,162.19999999999914,2opt,notBad
5268,15,447.99999999999955,5,162.19999999999914,swap,notBad
5269,15,447.99999999999955,5,162.19999999999914,move,improve
5270,15,447.99999999999955,5,162.19999999999914,2opt,notBad
5271,15,447.99999999999955,5,162.19999999999914,move,improve
5272,15,447.99999999999955,5,162.19999999999914,move,improve
5273,15,447.99999999999955,5,162.19999999999914,2opt,notBad
5274,15,447.99999999999955,5,162.19999999999914,swap,notBad
5275,15,447.99999999999955,5,162.19999999999914,move,improve
5276,15,447.99999999999955,5,162.19999999999914,2opt,improve
5277,15,447.99999999999955,5,162.19999999999914,move,improve
5278,15,447.99999999999955,5,162.19999999999914,2opt,improve
5279,15,447.99999999999955,5,162.19999999999914,move,improve
5280,15,477.5999999999999,5,162.19999999999914,swap,acceptBad
5281,15,477.5999999999999,5,162.19999999999914,move,improve
5282,15,477.5999999999999,5,162.19999999999914,2opt,notBad
5283,15,477.5999999999999,5,162.19999999999914,move,improve
5284,15,477.5999999999999,5,162.19999999999914,2opt,notBad
5285,15,480.79999999999995,5,162.19999999999914,swap,acceptBad
5286,15,480.79999999999995,5,162.19999999999914,2opt,notBad
5287,15,480.79999999999995,5,162.19999999999914,2opt,improve
5288,15,480.79999999999995,5,162.19999999999914,2opt,notBad
5289,15,498.9999999999998,5,162.19999999999914,swap,acceptBad
5290,15,498.9999999999998,5,162.19999999999914,swap,notBad
5291,15,498.9999999999998,5,162.19999999999914,move,improve
5292,15,498.9999999999998,5,162.19999999999914,swap,improve
5293,15,498.9999999999998,5,162.19999999999914,move,improve
5294,15,498.9999999999998,5,162.19999999999914,swap,notBad
5295,15,498.9999999999998,5,162.19999999999914,2opt,notBad
5296,15,498.9999999999998,5,162.19999999999914,2opt,notBad
5297,15,498.9999999999998,5,162.19999999999914,move,improve
5298,15,498.9999999999998,5,162.19999999999914,move,improve
5299,15,498.9999999999998,5,162.19999999999914,swap,notBad
5300,15,498.9999999999998,5,162.19999999999914,2opt,improve
5301,15,498.9999999999998,5,162.19999999999914,move,improve
5302,15,498.9999999999998,5,162.19999999999914,swap,notBad
5303,15,516.9999999999998,5,162.19999999999914,2opt,acceptBad
5304,15,516.9999999999998,5,162.19999999999914,swap,notBad
5305,15,516.9999999999998,5,162.19999999999914,2opt,notBad
5306,15,516.9999999999998,5,162.19999999999914,move,improve
5307,15,516.9999999999998,5,162.19999999999914,2opt,improve
5308,15,516.9999999999998,5,162.19999999999914,swap,notBad
5309,15,516.9999999999998,5,162.19999999999914,swap,notBad
5310,15,516.9999999999998,5,162.19999999999914,2opt,notBad
5311,15,516.9999999999998,5,162.19999999999914,2opt,notBad
5312,15,516.9999999999998,5,162.19999999999914,2opt,notBad
5313,15,516.9999999999998,5,162.19999999999914,swap,improve
5314,15,516.9999999999998,5,162.19999999999914,swap,notBad
5315,15,516.9999999999998,5,162.19999999999914,move,improve
5316,15,516.9999999999998,5,162.19999999999914,swap,notBad
5317,15,516.9999999999998,5,162.19999999999914,2opt,notBad
5318,15,516.9999999999998,5,162.19999999999914,move,improve
5319,15,516.9999999999998,5,162.19999999999914,2opt,notBad
5320,15,516.9999999999998,5,162.19999999999914,move,improve
5321,15,513.8000000000002,5,162.19999999999914,2opt,improve
5322,15,513.8000000000002,5,162.19999999999914,swap,notBad
5323,15,513.8000000000002,5,162.19999999999914,swap,improve
5324,15,513.8000000000002,5,162.19999999999914,move,improve
5325,15,513.8000000000002,5,162.19999999999914,2opt,improve
5326,15,513.8000000000002,5,162.19999999999914,2opt,improve
5327,15,513.8000000000002,5,162.19999999999914,2opt,notBad
5328,15,513.8000000000002,5,162.19999999999914,move,improve
5329,15,513.8000000000002,5,162.19999999999914,swap,notBad
5330,15,513.8000000000002,5,162.19999999999914,move,improve
5331,15,555.0000000000007,5,162.19999999999914,swap,acceptBad
5332,15,535.400000000001,5,162.19999999999914,2opt,improve
5333,15,535.400000000001,5,162.19999999999914,2opt,notBad
5334,15,527.600000000001,5,162.19999999999914,move,improve
5335,15,527.600000000001,5,162.19999999999914,2opt,notBad
5336,15,527.600000000001,5,162.19999999999914,2opt,notBad
5337,15,527.600000000001,5,162.19999999999914,2opt,notBad
5338,15,527.600000000001,5,162.19999999999914,2opt,notBad
5339,15,527.600000000001,5,162.19999999999914,move,improve
5340,15,527.600000000001,5,162.19999999999914,swap,improve
5341,15,527.600000000001,5,162.19999999999914,move,improve
5342,15,527.600000000001,5,162.19999999999914,2opt,improve
5343,15,527.600000000001,5,162.19999999999914,move,improve
5344,15,527.600000000001,5,162.19999999999914,2opt,notBad
5345,15,527.600000000001,5,162.19999999999914,swap,notBad
5346,15,363.7999999999997,5,162.19999999999914,move,improve
5347,15,363.7999999999997,5,162.19999999999914,move,improve
5348,15,363.7999999999997,5,162.19999999999914,2opt,notBad
5349,15,363.7999999999997,5,162.19999999999914,swap,notBad
5350,15,363.7999999999997,5,162.19999999999914,swap,notBad
5351,15,363.7999999999997,5,162.19999999999914,swap,notBad
5352,15,363.7999999999997,5,162.19999999999914,swap,notBad
5353,15,363.7999999999997,5,162.19999999999914,move,improve
5354,15,363.7999999999997,5,162.19999999999914,2opt,notBad
5355,15,363.7999999999997,5,162.19999999999914,swap,improve
5356,15,363.7999999999997,5,162.19999999999914,swap,notBad
5357,15,363.7999999999997,5,162.19999999999914,move,improve
5358,15,363.7999999999997,5,162.19999999999914,2opt,notBad
5359,15,363.7999999999997,5,162.19999999999914,move,improve
5360,15,363.7999999999997,5,162.19999999999914,swap,notBad
5361,15,363.7999999999997,5,162.19999999999914,2opt,notBad
5362,15,363.7999999999997,5,162.19999999999914,swap,notBad
5363,15,363.7999999999997,5,162.19999999999914,swap,notBad
5364,15,363.7999999999997,5,162.19999999999914,swap,notBad
5365,15,363.7999999999997,5,162.19999999999914,2opt,improve
5366,15,363.7999999999997,5,162.19999999999914,2opt,notBad
5367,15,363.7999999999997,5,162.19999999999914,2opt,improve
5368,15,363.7999999999997,5,162.19999999999914,swap,notBad
5369,15,363.7999999999997,5,162.19999999999914,2opt,improve
5370,15,363.7999999999997,5,162.19999999999914,move,improve
5371,15,363.7999999999997,5,162.19999999999914,move,improve
5372,15,363.7999999999997,5,162.19999999999914,swap,notBad
5373,15,363.7999999999997,5,162.19999999999914,2opt,notBad
5374,15,363.7999999999997,5,162.19999999999914,swap,notBad
5375,15,363.7999999999997,5,162.19999999999914,2opt,notBad
5376,15,363.7999999999997,5,162.19999999999914,2opt,notBad
5377,15,339.0,5,162.19999999999914,swap,improve
5378,15,339.0,5,162.19999999999914,2opt,notBad
5379,15,339.0,5,162.19999999999914,move,improve
5380,15,339.0,5,162.19999999999914,move,improve
5381,15,339.0,5,162.19999999999914,move,improve
5382,15,339.0,5,162.19999999999914,2opt,notBad
5383,15,339.0,5,162.19999999999914,move,improve
5384,15,339.0,5,162.19999999999914,2opt,notBad
5385,15,339.0,5,162.19999999999914,move,improve
5386,15,339.0,5,162.19999999999914,2opt,notBad
5387,15,339.0,5,162.19999999999914,move,improve
5388,15,339.0,5,162.19999999999914,2opt,notBad
5389,15,339.0,5,162.19999999999914,move,improve
5390,15,339.0,5,162.19999999999914,2opt,notBad
5391,15,339.0,5,162.19999999999914,2opt,notBad
5392,15,339.0,5,162.19999999999914,swap,notBad
5393,15,339.0,5,162.19999999999914,move,improve
5394,15,339.0,5,162.19999999999914,move,improve
5395,15,339.0,5,162.19999999999914,move,improve
5396,15,339.0,5,162.19999999999914,2opt,notBad
5397,15,339.0,5,162.19999999999914,move,improve
5398,15,339.0,5,162.19999999999914,move,improve
5399,15,339.0,5,162.19999999999914,move,improve
5400,15,339.0,5,162.19999999999914,move,improve
5401,15,339.0,5,162.19999999999914,swap,notBad
5402,15,339.0,5,162.19999999999914,2opt,notBad
5403,15,339.0,5,162.19999999999914,2opt,notBad
5404,15,339.0,5,162.19999999999914,2opt,notBad
5405,15,339.0,5,162.19999999999914,move,improve
5406,15,339.0,5,162.19999999999914,2opt,notBad
5407,15,339.0,5,162.19999999999914,2opt,notBad
5408,15,339.0,5,162.19999999999914,swap,notBad
5409,15,339.0,5,162.19999999999914,2opt,improve
5410,15,339.0,5,162.19999999999914,move,improve
5411,15,339.0,5,162.19999999999914,2opt,notBad
5412,15,339.0,5,162.19999999999914,swap,notBad
5413,15,339.0,5,162.19999999999914,2opt,notBad
5414,15,339.0,5,162.19999999999914,move,improve
5415,15,339.0,5,162.19999999999914,swap,notBad
5416,15,339.0,5,162.19999999999914,move,improve
5417,15,339.0,5,162.19999999999914,swap,notBad
5418,15,339.0,5,162.19999999999914,move,improve
5419,15,339.0,5,162.19999999999914,2opt,notBad
5420,15,339.0,5,162.19999999999914,swap,notBad
5421,15,339.0,5,162.19999999999914,2opt,notBad
5422,15,339.0,5,162.19999999999914,2opt,notBad
5423,15,339.0,5,162.19999999999914,swap,notBad
5424,15,339.0,5,162.19999999999914,move,improve
5425,15,339.0,5,162.19999999999914,move,improve
5426,15,339.0,5,162.19999999999914,move,improve
5427,15,339.0,5,162.19999999999914,swap,notBad
5428,15,339.0,5,162.19999999999914,2opt,notBad
5429,15,338.1999999999998,5,162.19999999999914,move,improve
5430,15,338.1999999999998,5,162.19999999999914,move,improve
5431,15,338.1999999999998,5,162.19999999999914,2opt,notBad
5432,15,338.1999999999998,5,162.19999999999914,2opt,notBad
5433,15,338.1999999999998,5,162.19999999999914,2opt,notBad
5434,15,338.1999999999998,5,162.19999999999914,move,improve
5435,15,338.1999999999998,5,162.19999999999914,move,improve
5436,15,338.1999999999998,5,162.19999999999914,move,improve
5437,15,338.1999999999998,5,162.19999999999914,2opt,improve
5438,15,338.1999999999998,5,162.19999999999914,move,improve
5439,15,338.1999999999998,5,162.19999999999914,swap,notBad
5440,15,338.1999999999998,5,162.19999999999914,swap,notBad
5441,15,338.1999999999998,5,162.19999999999914,swap,notBad
5442,15,338.1999999999998,5,162.19999999999914,2opt,notBad
5443,15,338.1999999999998,5,162.19999999999914,swap,improve
5444,15,338.1999999999998,5,162.19999999999914,swap,notBad
5445,15,338.1999999999998,5,162.19999999999914,swap,notBad
5446,15,338.1999999999998,5,162.19999999999914,move,improve
5447,15,338.1999999999998,5,162.19999999999914,2opt,notBad
5448,15,338.1999999999998,5,162.19999999999914,move,improve
5449,15,338.1999999999998,5,162.19999999999914,move,improve
5450,15,338.1999999999998,5,162.19999999999914,move,improve
5451,15,308.3999999999992,5,162.19999999999914,move,improve
5452,15,308.3999999999992,5,162.19999999999914,move,improve
5453,15,308.3999999999992,5,162.19999999999914,move,improve
5454,15,308.3999999999992,5,162.19999999999914,2opt,notBad
5455,15,308.3999999999992,5,162.19999999999914,move,improve
5456,15,308.3999999999992,5,162.19999999999914,swap,notBad
5457,15,308.3999999999992,5,162.19999999999914,move,improve
5458,15,308.3999999999992,5,162.19999999999914,move,improve
5459,15,308.3999999999992,5,162.19999999999914,2opt,notBad
5460,15,308.3999999999992,5,162.19999999999914,2opt,notBad
5461,15,308.3999999999992,5,162.19999999999914,move,improve
5462,15,308.3999999999992,5,162.19999999999914,move,improve
5463,15,308.3999999999992,5,162.19999999999914,2opt,notBad
5464,15,308.3999999999992,5,162.19999999999914,swap,notBad
5465,15,308.3999999999992,5,162.19999999999914,move,improve
5466,15,308.3999999999992,5,162.19999999999914,move,improve
5467,15,297.9999999999991,5,162.19999999999914,swap,improve
5468,15,297.9999999999991,5,162.19999999999914,move,improve
5469,15,297.9999999999991,5,162.19999999999914,move,improve
5470,15,297.9999999999991,5,162.19999999999914,move,improve
5471,15,297.9999999999991,5,162.19999999999914,2opt,improve
5472,15,297.9999999999991,5,162.19999999999914,swap,notBad
5473,15,297.9999999999991,5,162.19999999999914,swap,notBad
5474,15,297.9999999999991,5,162.19999999999914,2opt,notBad
5475,15,297.9999999999991,5,162.19999999999914,move,improve
5476,15,297.9999999999991,5,162.19999999999914,swap,notBad
5477,15,297.9999999999991,5,162.19999999999914,move,improve
5478,15,297.9999999999991,5,162.19999999999914,2opt,notBad
5479,15,297.9999999999991,5,162.19999999999914,swap,notBad
5480,15,297.9999999999991,5,162.19999999999914,move,improve
5481,15,297.9999999999991,5,162.19999999999914,swap,notBad
5482,15,297.9999999999991,5,162.19999999999914,move,improve
5483,15,297.9999999999991,5,162.19999999999914,swap,notBad
5484,15,297.9999999999991,5,162.19999999999914,move,improve
5485,15,297.9999999999991,5,162.19999999999914,move,improve
5486,15,297.9999999999991,5,162.19999999999914,2opt,notBad
5487,15,297.9999999999991,5,162.19999999999914,swap,notBad
5488,15,297.9999999999991,5,162.19999999999914,swap,notBad
5489,15,297.9999999999991,5,162.19999999999914,2opt,notBad
5490,15,297.9999999999991,5,162.19999999999914,swap,improve
5491,15,297.9999999999991,5,162.19999999999914,move,improve
5492,15,297.9999999999991,5,162.19999999999914,2opt,improve
5493,15,297.9999999999991,5,162.19999999999914,move,improve
5494,15,297.9999999999991,5,162.19999999999914,2opt,notBad
5495,15,297.9999999999991,5,162.19999999999914,2opt,notBad
5496,15,297.9999999999991,5,162.19999999999914,swap,improve
5497,15,297.9999999999991,5,162.19999999999914,swap,improve
5498,15,503.1999999999978,5,162.19999999999914,move,acceptBad
5499,15,503.1999999999978,5,162.19999999999914,2opt,notBad
5500,15,503.1999999999978,5,162.19999999999914,move,improve
5501,15,503.1999999999978,5,162.19999999999914,2opt,improve
5502,15,503.1999999999978,5,162.19999999999914,move,improve
5503,15,503.1999999999978,5,162.19999999999914,2opt,notBad
5504,15,503.1999999999978,5,162.19999999999914,2opt,improve
5505,15,503.1999999999978,5,162.19999999999914,swap,notBad
5506,15,298.7999999999988,5,162.19999999999914,move,improve
5507,15,298.7999999999988,5,162.19999999999914,swap,notBad
5508,15,298.7999999999988,5,162.19999999999914,2opt,improve
5509,15,298.7999999999988,5,162.19999999999914,move,improve
5510,15,298.7999999999988,5,162.19999999999914,2opt,improve
5511,15,298.7999999999988,5,162.19999999999914,swap,notBad
5512,15,298.7999999999988,5,162.19999999999914,swap,notBad
5513,15,298.7999999999988,5,162.19999999999914,move,improve
5514,15,298.7999999999988,5,162.19999999999914,2opt,improve
5515,15,298.7999999999988,5,162.19999999999914,swap,notBad
5516,15,298.7999999999988,5,162.19999999999914,swap,notBad
5517,15,298.7999999999988,5,162.19999999999914,move,improve
5518,15,298.7999999999988,5,162.19999999999914,move,improve
5519,15,298.7999999999988,5,162.19999999999914,swap,notBad
5520,15,298.7999999999988,5,162.19999999999914,2opt,notBad
5521,15,298.7999999999988,5,162.19999999999914,move,improve
5522,15,298.7999999999988,5,162.19999999999914,move,improve
5523,15,298.7999999999988,5,162.19999999999914,swap,notBad
5524,15,298.7999999999988,5,162.19999999999914,move,improve
5525,15,298.7999999999988,5,162.19999999999914,2opt,notBad
5526,15,298.7999999999988,5,162.19999999999914,move,improve
5527,15,298.7999999999988,5,162.19999999999914,2opt,notBad
5528,15,298.7999999999988,5,162.19999999999914,2opt,notBad
5529,15,298.7999999999988,5,162.19999999999914,move,improve
5530,15,298.7999999999988,5,162.19999999999914,2opt,notBad
5531,15,300.3999999999994,5,162.19999999999914,2opt,acceptBad
5532,15,300.3999999999994,5,162.19999999999914,move,improve
5533,15,300.3999999999994,5,162.19999999999914,move,improve
5534,15,300.3999999999994,5,162.19999999999914,swap,notBad
5535,15,353.199999999998,5,162.19999999999914,swap,acceptBad
5536,15,353.199999999998,5,162.19999999999914,move,improve
5537,15,353.199999999998,5,162.19999999999914,2opt,notBad
5538,15,353.199999999998,5,162.19999999999914,move,improve
5539,15,353.199999999998,5,162.19999999999914,move,improve
5540,15,353.199999999998,5,162.19999999999914,2opt,notBad
5541,15,353.199999999998,5,162.19999999999914,swap,notBad
5542,15,353.199999999998,5,162.19999999999914,move,improve
5543,15,353.199999999998,5,162.19999999999914,2opt,notBad
5544,15,353.199999999998,5,162.19999999999914,move,improve
5545,15,353.199999999998,5,162.19999999999914,swap,notBad
5546,15,353.199999999998,5,162.19999999999914,move,improve
5547,15,353.199999999998,5,162.19999999999914,swap,notBad
5548,15,353.199999999998,5,162.19999999999914,2opt,improve
5549,15,353.199999999998,5,162.19999999999914,2opt,notBad
5550,15,353.199999999998,5,162.19999999999914,2opt,improve
5551,15,353.199999999998,5,162.19999999999914,move,improve
5552,15,353.199999999998,5,162.19999999999914,2opt,improve
5553,15,353.199999999998,5,162.19999999999914,swap,notBad
5554,15,353.199999999998,5,162.19999999999914,2opt,notBad
5555,15,353.199999999998,5,162.19999999999914,move,improve
5556,15,353.199999999998,5,162.19999999999914,swap,improve
5557,15,353.199999999998,5,162.19999999999914,move,improve
5558,15,353.199999999998,5,162.19999999999914,move,improve
5559,15,353.199999999998,5,162.19999999999914,2opt,notBad
5560,15,353.199999999998,5,162.19999999999914,move,improve
5561,15,353.199999999998,5,162.19999999999914,2opt,improve
5562,15,353.199999999998,5,162.19999999999914,move,improve
5563,15,353.199999999998,5,162.19999999999914,swap,notBad
5564,15,353.199999999998,5,162.19999999999914,swap,notBad
5565,15,353.199999999998,5,162.19999999999914,move,improve
5566,15,353.199999999998,5,162.19999999999914,2opt,notBad
5567,15,353.199999999998,5,162.19999999999914,move,improve
5568,15,353.199999999998,5,162.19999999999914,2opt,improve
5569,15,353.199999999998,5,162.19999999999914,swap,notBad
5570,15,352.1999999999982,5,162.19999999999914,move,improve
5571,15,352.1999999999982,5,162.19999999999914,2opt,notBad
5572,15,352.1999999999982,5,162.19999999999914,2opt,notBad
5573,15,352.1999999999982,5,162.19999999999914,swap,notBad
5574,15,352.1999999999982,5,162.19999999999914,2opt,improve
5575,15,352.1999999999982,5,162.19999999999914,move,improve
5576,15,352.1999999999982,5,162.19999999999914,2opt,notBad
5577,15,352.1999999999982,5,162.19999999999914,swap,notBad
5578,15,352.1999999999982,5,162.19999999999914,2opt,notBad
5579,15,352.1999999999982,5,162.19999999999914,swap,notBad
5580,15,352.1999999999982,5,162.19999999999914,move,improve
5581,15,346.59999999999786,5,162.19999999999914,swap,improve
5582,15,346.59999999999786,5,162.19999999999914,move,improve
5583,15,346.59999999999786,5,162.19999999999914,2opt,improve
5584,15,346.59999999999786,5,162.19999999999914,2opt,notBad
5585,15,346.59999999999786,5,162.19999999999914,swap,improve
5586,15,346.59999999999786,5,162.19999999999914,2opt,notBad
5587,15,346.59999999999786,5,162.19999999999914,2opt,notBad
5588,15,346.59999999999786,5,162.19999999999914,2opt,notBad
5589,15,346.59999999999786,5,162.19999999999914,move,improve
5590,15,346.59999999999786,5,162.19999999999914,swap,notBad
5591,15,346.59999999999786,5,162.19999999999914,move,improve
5592,15,346.59999999999786,5,162.19999999999914,swap,notBad
5593,15,346.59999999999786,5,162.19999999999914,swap,notBad
5594,15,346.59999999999786,5,162.19999999999914,move,improve
5595,15,346.59999999999786,5,162.19999999999914,2opt,notBad
5596,15,346.59999999999786,5,162.19999999999914,swap,notBad
5597,15,346.59999999999786,5,162.19999999999914,swap,notBad
5598,15,346.59999999999786,5,162.19999999999914,2opt,improve
5599,15,346.59999999999786,5,162.19999999999914,swap,notBad
5600,15,346.59999999999786,5,162.19999999999914,swap,notBad
5601,15,346.59999999999786,5,162.19999999999914,swap,notBad
5602,15,346.59999999999786,5,162.19999999999914,move,improve
5603,15,346.59999999999786,5,162.19999999999914,2opt,notBad
5604,15,346.59999999999786,5,162.19999999999914,swap,notBad
5605,15,346.59999999999786,5,162.19999999999914,swap,notBad
5606,15,346.59999999999786,5,162.19999999999914,2opt,notBad
5607,15,346.59999999999786,5,162.19999999999914,2opt,notBad
5608,15,346.59999999999786,5,162.19999999999914,move,improve
5609,15,346.59999999999786,5,162.19999999999914,swap,notBad
5610,15,346.59999999999786,5,162.19999999999914,2opt,notBad
5611,15,346.59999999999786,5,162.19999999999914,2opt,notBad
5612,15,346.59999999999786,5,162.19999999999914,swap,notBad
5613,15,346.59999999999786,5,162.19999999999914,2opt,notBad
5614,15,346.59999999999786,5,162.19999999999914,swap,notBad
5615,15,336.9999999999982,5,162.19999999999914,2opt,improve
5616,15,336.9999999999982,5,162.19999999999914,swap,notBad
5617,15,336.9999999999982,5,162.19999999999914,swap,notBad
5618,15,336.9999999999982,5,162.19999999999914,swap,notBad
5619,15,336.9999999999982,5,162.19999999999914,2opt,notBad
5620,15,336.9999999999982,5,162.19999999999914,move,improve
5621,15,336.9999999999982,5,162.19999999999914,2opt,improve
5622,15,336.9999999999982,5,162.19999999999914,move,improve
5623,15,336.9999999999982,5,162.19999999999914,move,improve
5624,15,336.9999999999982,5,162.19999999999914,2opt,notBad
5625,15,336.9999999999982,5,162.19999999999914,2opt,notBad
5626,15,336.9999999999982,5,162.19999999999914,swap,notBad
5627,15,336.9999999999982,5,162.19999999999914,swap,notBad
5628,15,336.9999999999982,5,162.19999999999914,move,improve
5629,15,336.9999999999982,5,162.19999999999914,move,improve
5630,15,336.9999999999982,5,162.19999999999914,move,improve
5631,15,336.9999999999982,5,162.19999999999914,2opt,improve
5632,15,336.9999999999982,5,162.19999999999914,swap,notBad
5633,15,336.9999999999982,5,162.19999999999914,move,improve
5634,15,336.9999999999982,5,162.19999999999914,move,improve
5635,15,336.9999999999982,5,162.19999999999914,move,improve
5636,15,263.5999999999992,5,162.19999999999914,move,improve
5637,15,263.5999999999988,5,162.19999999999914,move,improve
5638,15,263.5999999999988,5,162.19999999999914,2opt,notBad
5639,15,263.5999999999988,5,162.19999999999914,2opt,improve
5640,15,263.5999999999988,5,162.19999999999914,2opt,notBad
5641,15,263.5999999999988,5,162.19999999999914,2opt,notBad
5642,15,263.5999999999988,5,162.19999999999914,swap,notBad
5643,15,263.5999999999988,5,162.19999999999914,move,improve
5644,15,263.5999999999988,5,162.19999999999914,swap,notBad
5645,15,263.5999999999988,5,162.19999999999914,move,improve
5646,15,263.5999999999988,5,162.19999999999914,2opt,notBad
5647,15,263.5999999999988,5,162.19999999999914,swap,notBad
5648,15,263.5999999999988,5,162.19999999999914,move,improve
5649,15,263.5999999999988,5,162.19999999999914,move,improve
5650,15,263.5999999999988,5,162.19999999999914,swap,notBad
5651,15,263.5999999999988,5,162.19999999999914,swap,notBad
5652,15,263.5999999999988,5,162.19999999999914,move,improve
5653,15,263.5999999999988,5,162.19999999999914,move,improve
5654,15,263.5999999999988,5,162.19999999999914,swap,notBad
5655,15,263.5999999999988,5,162.19999999999914,2opt,notBad
5656,15,263.5999999999988,5,162.19999999999914,2opt,improve
5657,15,306.7999999999993,5,162.19999999999914,move,acceptBad
5658,15,306.7999999999993,5,162.19999999999914,move,improve
5659,15,306.7999999999993,5,162.19999999999914,swap,notBad
5660,15,306.7999999999993,5,162.19999999999914,2opt,notBad
5661,15,306.7999999999993,5,162.19999999999914,2opt,notBad
5662,15,306.7999999999993,5,162.19999999999914,swap,notBad
5663,15,306.7999999999993,5,162.19999999999914,swap,notBad
5664,15,306.7999999999993,5,162.19999999999914,move,improve
5665,15,306.7999999999993,5,162.19999999999914,2opt,notBad
5666,15,306.7999999999993,5,162.19999999999914,move,improve
5667,15,301.0000000000009,5,162.19999999999914,swap,improve
5668,15,301.0000000000009,5,162.19999999999914,move,improve
5669,15,301.0000000000009,5,162.19999999999914,2opt,notBad
5670,15,301.0000000000009,5,162.19999999999914,move,improve
5671,15,301.0000000000009,5,162.19999999999914,2opt,notBad
5672,15,301.0000000000009,5,162.19999999999914,2opt,notBad
5673,15,301.0000000000009,5,162.19999999999914,2opt,notBad
5674,15,301.0000000000009,5,162.19999999999914,2opt,notBad
5675,15,301.0000000000009,5,162.19999999999914,2opt,improve
5676,15,301.0000000000009,5,162.19999999999914,move,improve
5677,15,301.0000000000009,5,162.19999999999914,move,improve
5678,15,301.0000000000009,5,162.19999999999914,move,improve
5679,15,301.0000000000009,5,162.19999999999914,swap,notBad
5680,15,301.0000000000009,5,162.19999999999914,2opt,notBad
5681,15,301.0000000000009,5,162.19999999999914,2opt,notBad
5682,15,301.0000000000009,5,162.19999999999914,2opt,notBad
5683,15,301.0000000000009,5,162.19999999999914,2opt,notBad
5684,15,301.0000000000009,5,162.19999999999914,swap,notBad
5685,15,301.0000000000009,5,162.19999999999914,move,improve
5686,15,301.0000000000009,5,162.19999999999914,swap,notBad
5687,15,301.0000000000009,5,162.19999999999914,2opt,notBad
5688,15,301.0000000000009,5,162.19999999999914,2opt,notBad
5689,15,301.0000000000009,5,162.19999999999914,swap,notBad
5690,15,301.0000000000009,5,162.19999999999914,2opt,notBad
5691,15,301.0000000000009,5,162.19999999999914,move,improve
5692,15,301.0000000000009,5,162.19999999999914,2opt,notBad
5693,15,301.0000000000009,5,162.19999999999914,swap,notBad
5694,15,301.0000000000009,5,162.19999999999914,move,improve
5695,15,301.0000000000009,5,162.19999999999914,move,improve
5696,15,301.0000000000009,5,162.19999999999914,move,improve
5697,15,301.0000000000009,5,162.19999999999914,2opt,notBad
5698,15,301.0000000000009,5,162.19999999999914,2opt,notBad
5699,15,301.0000000000009,5,162.19999999999914,move,improve
5700,15,301.0000000000009,5,162.19999999999914,move,improve
5701,15,301.0000000000009,5,162.19999999999914,2opt,notBad
5702,15,301.0000000000009,5,162.19999999999914,2opt,improve
5703,15,301.0000000000009,5,162.19999999999914,2opt,notBad
5704,15,301.0000000000009,5,162.19999999999914,2opt,notBad
5705,15,301.0000000000009,5,162.19999999999914,swap,notBad
5706,15,301.0000000000009,5,162.19999999999914,swap,notBad
5707,15,301.0000000000009,5,162.19999999999914,swap,notBad
5708,15,301.0000000000009,5,162.19999999999914,2opt,improve
5709,15,301.0000000000009,5,162.19999999999914,swap,notBad
5710,15,301.0000000000009,5,162.19999999999914,2opt,notBad
5711,15,301.0000000000009,5,162.19999999999914,move,improve
5712,15,301.0000000000009,5,162.19999999999914,2opt,improve
5713,15,301.0000000000009,5,162.19999999999914,move,improve
5714,15,301.0000000000009,5,162.19999999999914,swap,notBad
5715,15,301.0000000000009,5,162.19999999999914,2opt,notBad
5716,15,301.0000000000009,5,162.19999999999914,2opt,notBad
5717,15,301.0000000000009,5,162.19999999999914,swap,notBad
5718,15,301.0000000000009,5,162.19999999999914,swap,notBad
5719,15,301.0000000000009,5,162.19999999999914,move,improve
5720,15,301.0000000000009,5,162.19999999999914,2opt,notBad
5721,15,301.0000000000009,5,162.19999999999914,swap,notBad
5722,15,301.0000000000009,5,162.19999999999914,swap,notBad
5723,15,301.0000000000009,5,162.19999999999914,2opt,notBad
5724,15,344.8000000000013,5,162.19999999999914,swap,acceptBad
5725,15,344.8000000000013,5,162.19999999999914,swap,notBad
5726,15,344.8000000000013,5,162.19999999999914,swap,notBad
5727,15,344.8000000000013,5,162.19999999999914,swap,notBad
5728,15,344.8000000000013,5,162.19999999999914,move,improve
5729,15,344.8000000000013,5,162.19999999999914,2opt,notBad
5730,15,344.8000000000013,5,162.19999999999914,move,improve
5731,15,344.8000000000013,5,162.19999999999914,swap,notBad
5732,15,344.8000000000013,5,162.19999999999914,move,improve
5733,15,344.8000000000013,5,162.19999999999914,2opt,improve
5734,15,344.8000000000013,5,162.19999999999914,2opt,notBad
5735,15,344.8000000000013,5,162.19999999999914,swap,notBad
5736,15,258.0000000000007,5,162.19999999999914,swap,improve
5737,15,258.0000000000007,5,162.19999999999914,swap,notBad
5738,15,258.0000000000007,5,162.19999999999914,2opt,improve
5739,15,258.0000000000007,5,162.19999999999914,move,improve
5740,15,258.0000000000007,5,162.19999999999914,2opt,notBad
5741,15,258.0000000000007,5,162.19999999999914,swap,notBad
5742,15,258.0000000000007,5,162.19999999999914,2opt,notBad
5743,15,258.0000000000007,5,162.19999999999914,swap,notBad
5744,15,258.0000000000007,5,162.19999999999914,move,improve
5745,15,258.0000000000007,5,162.19999999999914,2opt,notBad
5746,15,258.0000000000007,5,162.19999999999914,2opt,notBad
5747,15,258.0000000000007,5,162.19999999999914,move,improve
5748,15,258.0000000000007,5,162.19999999999914,swap,notBad
5749,15,258.0000000000007,5,162.19999999999914,2opt,notBad
5750,15,258.0000000000007,5,162.19999999999914,move,improve
5751,15,258.0000000000007,5,162.19999999999914,move,improve
5752,15,258.0000000000007,5,162.19999999999914,2opt,notBad
5753,15,258.0000000000007,5,162.19999999999914,swap,improve
5754,15,258.0000000000007,5,162.19999999999914,2opt,notBad
5755,15,258.0000000000007,5,162.19999999999914,swap,notBad
5756,15,258.0000000000007,5,162.19999999999914,move,improve
5757,15,258.0000000000007,5,162.19999999999914,2opt,improve
5758,15,258.0000000000007,5,162.19999999999914,move,improve
5759,15,258.0000000000007,5,162.19999999999914,move,improve
5760,15,258.0000000000007,5,162.19999999999914,move,improve
5761,15,258.0000000000007,5,162.19999999999914,2opt,notBad
5762,15,258.0000000000007,5,162.19999999999914,move,improve
5763,15,258.0000000000007,5,162.19999999999914,swap,notBad
5764,15,258.0000000000007,5,162.19999999999914,move,improve
5765,15,258.0000000000007,5,162.19999999999914,2opt,notBad
5766,15,258.0000000000007,5,162.19999999999914,move,improve
5767,15,258.0000000000007,5,162.19999999999914,move,improve
5768,15,258.0000000000007,5,162.19999999999914,swap,notBad
5769,15,258.0000000000007,5,162.19999999999914,swap,notBad
5770,15,258.0000000000007,5,162.19999999999914,move,improve
5771,15,258.0000000000007,5,162.19999999999914,2opt,improve
5772,15,258.0000000000007,5,162.19999999999914,move,improve
5773,15,258.0000000000007,5,162.19999999999914,2opt,improve
5774,15,258.0000000000007,5,162.19999999999914,2opt,notBad
5775,15,258.0000000000007,5,162.19999999999914,swap,notBad
5776,15,258.0000000000007,5,162.19999999999914,swap,notBad
5777,15,258.0000000000007,5,162.19999999999914,2opt,notBad
5778,15,258.0000000000007,5,162.19999999999914,2opt,notBad
5779,15,258.0000000000007,5,162.19999999999914,2opt,notBad
5780,15,258.0000000000007,5,162.19999999999914,2opt,notBad
5781,15,258.0000000000007,5,162.19999999999914,2opt,notBad
5782,15,258.0000000000007,5,162.19999999999914,2opt,improve
5783,15,258.0000000000007,5,162.19999999999914,swap,notBad
5784,15,258.0000000000007,5,162.19999999999914,swap,notBad
5785,15,258.0000000000007,5,162.19999999999914,swap,notBad
5786,15,258.0000000000007,5,162.19999999999914,move,improve
5787,15,258.0000000000007,5,162.19999999999914,move,improve
5788,15,258.0000000000007,5,162.19999999999914,2opt,notBad
5789,15,258.0000000000007,5,162.19999999999914,swap,notBad
5790,15,258.0000000000007,5,162.19999999999914,2opt,notBad
5791,15,285.79999999999995,5,162.19999999999914,swap,acceptBad
5792,15,285.79999999999995,5,162.19999999999914,move,improve
5793,15,285.79999999999995,5,162.19999999999914,move,improve
5794,15,285.79999999999995,5,162.19999999999914,move,improve
5795,15,285.79999999999995,5,162.19999999999914,swap,improve
5796,15,285.79999999999995,5,162.19999999999914,2opt,improve
5797,15,285.79999999999995,5,162.19999999999914,swap,notBad
5798,15,285.79999999999995,5,162.19999999999914,move,improve
5799,15,285.79999999999995,5,162.19999999999914,swap,notBad
5800,15,285.79999999999995,5,162.19999999999914,2opt,notBad
5801,15,285.79999999999995,5,162.19999999999914,move,improve
5802,15,285.79999999999995,5,162.19999999999914,move,improve
5803,15,285.79999999999995,5,162.19999999999914,move,improve
5804,15,285.79999999999995,5,162.19999999999914,swap,notBad
5805,15,353.5999999999988,5,162.19999999999914,swap,acceptBad
5806,15,353.5999999999988,5,162.19999999999914,2opt,improve
5807,15,353.5999999999988,5,162.19999999999914,swap,notBad
5808,15,353.5999999999988,5,162.19999999999914,2opt,improve
5809,15,353.5999999999988,5,162.19999999999914,2opt,notBad
5810,15,353.5999999999988,5,162.19999999999914,swap,notBad
5811,15,353.5999999999988,5,162.19999999999914,swap,notBad
5812,15,353.5999999999988,5,162.19999999999914,swap,notBad
5813,15,255.00000000000114,5,162.19999999999914,move,improve
5814,15,255.00000000000114,5,162.19999999999914,move,improve
5815,15,255.00000000000114,5,162.19999999999914,move,improve
5816,15,255.00000000000114,5,162.19999999999914,2opt,notBad
5817,15,324.20000000000005,5,162.19999999999914,swap,acceptBad
5818,15,324.20000000000005,5,162.19999999999914,2opt,notBad
5819,15,324.20000000000005,5,162.19999999999914,move,improve
5820,15,324.20000000000005,5,162.19999999999914,move,improve
5821,15,324.20000000000005,5,162.19999999999914,swap,notBad
5822,15,324.20000000000005,5,162.19999999999914,swap,notBad
5823,15,324.20000000000005,5,162.19999999999914,move,improve
5824,15,324.20000000000005,5,162.19999999999914,2opt,notBad
5825,15,324.20000000000005,5,162.19999999999914,move,improve
5826,15,324.20000000000005,5,162.19999999999914,swap,improve
5827,15,324.20000000000005,5,162.19999999999914,2opt,notBad
5828,15,324.20000000000005,5,162.19999999999914,swap,notBad
5829,15,324.20000000000005,5,162.19999999999914,swap,notBad
5830,15,324.20000000000005,5,162.19999999999914,move,improve
5831,15,324.20000000000005,5,162.19999999999914,swap,notBad
5832,15,324.20000000000005,5,162.19999999999914,swap,notBad
5833,15,324.20000000000005,5,162.19999999999914,move,improve
5834,15,324.20000000000005,5,162.19999999999914,move,improve
5835,15,324.20000000000005,5,162.19999999999914,2opt,notBad
5836,15,255.00000000000114,5,162.19999999999914,swap,improve
5837,15,255.00000000000114,5,162.19999999999914,swap,notBad
5838,15,247.40000000000146,5,162.19999999999914,2opt,improve
5839,15,247.40000000000146,5,162.19999999999914,swap,notBad
5840,15,214.40000000000214,5,162.19999999999914,swap,improve
5841,15,214.40000000000214,5,162.19999999999914,move,improve
5842,15,214.40000000000214,5,162.19999999999914,swap,notBad
5843,15,214.40000000000214,5,162.19999999999914,move,improve
5844,15,214.40000000000214,5,162.19999999999914,move,improve
5845,15,214.40000000000214,5,162.19999999999914,swap,notBad
5846,15,214.40000000000214,5,162.19999999999914,move,improve
5847,15,214.40000000000214,5,162.19999999999914,swap,notBad
5848,15,214.40000000000214,5,162.19999999999914,move,improve
5849,15,214.40000000000214,5,162.19999999999914,move,improve
5850,15,214.2000000000021,5,162.19999999999914,move,improve
5851,15,214.2000000000021,5,162.19999999999914,2opt,notBad
5852,15,214.2000000000021,5,162.19999999999914,swap,notBad
5853,15,214.2000000000021,5,162.19999999999914,move,improve
5854,15,214.00000000000205,5,162.19999999999914,move,improve
5855,15,214.00000000000205,5,162.19999999999914,swap,notBad
5856,15,214.00000000000205,5,162.19999999999914,2opt,notBad
5857,15,214.00000000000205,5,162.19999999999914,move,improve
5858,15,214.00000000000205,5,162.19999999999914,move,improve
5859,15,214.00000000000205,5,162.19999999999914,move,improve
5860,15,214.00000000000205,5,162.19999999999914,swap,notBad
5861,15,214.00000000000205,5,162.19999999999914,swap,notBad
5862,15,214.00000000000205,5,162.19999999999914,swap,notBad
5863,15,214.00000000000205,5,162.19999999999914,swap,notBad
5864,15,214.00000000000205,5,162.19999999999914,2opt,notBad
5865,15,214.00000000000205,5,162.19999999999914,swap,notBad
5866,15,214.00000000000205,5,162.19999999999914,swap,notBad
5867,15,214.00000000000205,5,162.19999999999914,swap,notBad
5868,15,214.00000000000205,5,162.19999999999914,swap,notBad
5869,15,214.00000000000205,5,162.19999999999914,2opt,notBad
5870,15,214.00000000000205,5,162.19999999999914,2opt,notBad
5871,15,214.00000000000205,5,162.19999999999914,move,improve
5872,15,214.00000000000205,5,162.19999999999914,2opt,notBad
5873,15,214.00000000000205,5,162.19999999999914,move,improve
5874,15,214.00000000000205,5,162.19999999999914,swap,improve
5875,15,214.00000000000205,5,162.19999999999914,2opt,notBad
5876,15,214.00000000000205,5,162.19999999999914,swap,notBad
5877,15,214.00000000000205,5,162.19999999999914,swap,notBad
5878,15,214.00000000000205,5,162.19999999999914,swap,improve
5879,15,214.00000000000205,5,162.19999999999914,2opt,notBad
5880,15,214.00000000000205,5,162.19999999999914,move,improve
5881,15,214.00000000000205,5,162.19999999999914,move,improve
5882,15,214.00000000000205,5,162.19999999999914,2opt,notBad
5883,15,214.00000000000205,5,162.19999999999914,2opt,notBad
5884,15,214.00000000000205,5,162.19999999999914,swap,notBad
5885,15,214.00000000000205,5,162.19999999999914,2opt,notBad
5886,15,214.00000000000205,5,162.19999999999914,2opt,notBad
5887,15,214.00000000000205,5,162.19999999999914,2opt,notBad
5888,15,214.00000000000205,5,162.19999999999914,swap,notBad
5889,15,214.00000000000205,5,162.19999999999914,move,improve
5890,15,214.00000000000205,5,162.19999999999914,swap,notBad
5891,15,214.00000000000205,5,162.19999999999914,2opt,notBad
5892,15,214.00000000000205,5,162.19999999999914,2opt,notBad
5893,15,214.00000000000205,5,162.19999999999914,swap,notBad
5894,15,214.00000000000205,5,162.19999999999914,move,improve
5895,15,214.00000000000205,5,162.19999999999914,move,improve
5896,15,214.00000000000205,5,162.19999999999914,move,improve
5897,15,214.00000000000205,5,162.19999999999914,move,improve
5898,15,214.00000000000205,5,162.19999999999914,2opt,notBad
5899,15,214.00000000000205,5,162.19999999999914,2opt,notBad
5900,15,214.00000000000205,5,162.19999999999914,move,improve
5901,15,214.00000000000205,5,162.19999999999914,2opt,improve
5902,15,214.00000000000205,5,162.19999999999914,move,improve
5903,15,214.00000000000205,5,162.19999999999914,swap,notBad
5904,15,214.00000000000205,5,162.19999999999914,move,improve
5905,15,214.00000000000205,5,162.19999999999914,swap,notBad
5906,15,214.00000000000205,5,162.19999999999914,move,improve
5907,15,214.00000000000205,5,162.19999999999914,2opt,notBad
5908,15,214.00000000000205,5,162.19999999999914,swap,notBad
5909,15,214.00000000000205,5,162.19999999999914,2opt,notBad
5910,15,214.00000000000205,5,162.19999999999914,swap,notBad
5911,15,214.00000000000205,5,162.19999999999914,move,improve
5912,15,214.00000000000205,5,162.19999999999914,2opt,notBad
5913,15,214.00000000000205,5,162.19999999999914,swap,notBad
5914,15,214.00000000000205,5,162.19999999999914,move,improve
5915,15,214.00000000000205,5,162.19999999999914,2opt,notBad
5916,15,214.00000000000205,5,162.19999999999914,swap,notBad
5917,15,214.00000000000205,5,162.19999999999914,swap,notBad
5918,15,214.00000000000205,5,162.19999999999914,move,improve
5919,15,214.00000000000205,5,162.19999999999914,2opt,notBad
5920,15,214.00000000000205,5,162.19999999999914,swap,notBad
5921,15,214.00000000000205,5,162.19999999999914,swap,notBad
5922,15,214.00000000000205,5,162.19999999999914,2opt,notBad
5923,15,214.00000000000205,5,162.19999999999914,swap,notBad
5924,15,214.00000000000205,5,162.19999999999914,2opt,notBad
5925,15,214.00000000000205,5,162.19999999999914,2opt,notBad
5926,15,214.00000000000205,5,162.19999999999914,move,improve
5927,15,214.00000000000205,5,162.19999999999914,swap,notBad
5928,15,214.00000000000205,5,162.19999999999914,swap,notBad
5929,15,214.00000000000205,5,162.19999999999914,move,improve
5930,15,214.00000000000205,5,162.19999999999914,swap,notBad
5931,15,214.00000000000205,5,162.19999999999914,2opt,notBad
5932,15,207.40000000000214,5,162.19999999999914,move,improve
5933,15,207.40000000000214,5,162.19999999999914,move,improve
5934,15,207.40000000000214,5,162.19999999999914,2opt,notBad
5935,15,207.40000000000214,5,162.19999999999914,swap,notBad
5936,15,229.6000000000024,5,162.19999999999914,swap,acceptBad
5937,15,229.6000000000024,5,162.19999999999914,swap,notBad
5938,15,229.6000000000024,5,162.19999999999914,swap,notBad
5939,15,229.6000000000024,5,162.19999999999914,move,improve
5940,15,229.6000000000024,5,162.19999999999914,swap,notBad
5941,15,229.6000000000024,5,162.19999999999914,move,improve
5942,15,229.6000000000024,5,162.19999999999914,2opt,notBad
5943,15,229.6000000000024,5,162.19999999999914,2opt,notBad
5944,15,229.6000000000024,5,162.19999999999914,move,improve
5945,15,229.6000000000024,5,162.19999999999914,2opt,notBad
5946,15,229.6000000000024,5,162.19999999999914,2opt,notBad
5947,15,229.6000000000024,5,162.19999999999914,2opt,notBad
5948,15,229.6000000000024,5,162.19999999999914,swap,notBad
5949,15,229.6000000000024,5,162.19999999999914,move,improve
5950,15,229.6000000000024,5,162.19999999999914,swap,notBad
5951,15,229.6000000000024,5,162.19999999999914,move,improve
5952,15,229.6000000000024,5,162.19999999999914,swap,notBad
5953,15,229.6000000000024,5,162.19999999999914,move,improve
5954,15,229.6000000000024,5,162.19999999999914,swap,notBad
5955,15,229.6000000000024,5,162.19999999999914,swap,notBad
5956,15,229.6000000000024,5,162.19999999999914,2opt,improve
5957,15,229.6000000000024,5,162.19999999999914,2opt,notBad
5958,15,229.6000000000024,5,162.19999999999914,move,improve
5959,15,229.6000000000024,5,162.19999999999914,move,improve
5960,15,229.6000000000024,5,162.19999999999914,swap,notBad
5961,15,229.6000000000024,5,162.19999999999914,2opt,improve
5962,15,229.6000000000024,5,162.19999999999914,move,improve
5963,15,229.6000000000024,5,162.19999999999914,2opt,notBad
5964,15,229.6000000000024,5,162.19999999999914,2opt,notBad
5965,15,229.6000000000024,5,162.19999999999914,2opt,improve
5966,15,229.6000000000024,5,162.19999999999914,2opt,notBad
5967,15,229.6000000000024,5,162.19999999999914,move,improve
5968,15,229.6000000000024,5,162.19999999999914,2opt,improve
5969,15,229.6000000000024,5,162.19999999999914,swap,notBad
5970,15,229.6000000000024,5,162.19999999999914,swap,notBad
5971,15,229.6000000000024,5,162.19999999999914,2opt,notBad
5972,15,229.6000000000024,5,162.19999999999914,swap,notBad
5973,15,229.6000000000024,5,162.19999999999914,swap,notBad
5974,15,229.6000000000024,5,162.19999999999914,swap,notBad
5975,15,229.6000000000024,5,162.19999999999914,2opt,notBad
5976,15,229.6000000000024,5,162.19999999999914,swap,notBad
5977,15,229.6000000000024,5,162.19999999999914,move,improve
5978,15,229.6000000000024,5,162.19999999999914,move,improve
5979,15,229.6000000000024,5,162.19999999999914,move,improve
5980,15,229.6000000000024,5,162.19999999999914,swap,notBad
5981,15,229.6000000000024,5,162.19999999999914,swap,improve
5982,15,229.6000000000024,5,162.19999999999914,2opt,notBad
5983,15,229.6000000000024,5,162.19999999999914,2opt,notBad
5984,15,229.6000000000024,5,162.19999999999914,move,improve
5985,15,229.6000000000024,5,162.19999999999914,2opt,notBad
5986,15,229.6000000000024,5,162.19999999999914,2opt,improve
5987,15,229.6000000000024,5,162.19999999999914,move,improve
5988,15,229.6000000000024,5,162.19999999999914,swap,notBad
5989,15,229.6000000000024,5,162.19999999999914,2opt,notBad
5990,15,229.6000000000024,5,162.19999999999914,move,improve
5991,15,229.6000000000024,5,162.19999999999914,move,improve
5992,15,258.6000000000017,5,162.19999999999914,swap,acceptBad
5993,15,258.6000000000017,5,162.19999999999914,swap,notBad
5994,15,258.6000000000017,5,162.19999999999914,2opt,notBad
5995,15,258.6000000000017,5,162.19999999999914,2opt,improve
5996,15,258.6000000000017,5,162.19999999999914,swap,notBad
5997,15,258.6000000000017,5,162.19999999999914,2opt,notBad
5998,15,258.6000000000017,5,162.19999999999914,swap,notBad
5999,15,258.6000000000017,5,162.19999999999914,swap,notBad
6000,15,258.6000000000017,5,162.19999999999914,2opt,notBad
6001,15,258.6000000000017,5,162.19999999999914,move,improve
6002,15,258.6000000000017,5,162.19999999999914,2opt,notBad
6003,15,258.6000000000017,5,162.19999999999914,2opt,notBad
6004,15,258.6000000000017,5,162.19999999999914,move,improve
6005,15,258.6000000000017,5,162.19999999999914,2opt,improve
6006,15,258.6000000000017,5,162.19999999999914,2opt,improve
6007,15,258.6000000000017,5,162.19999999999914,2opt,notBad
6008,15,258.6000000000017,5,162.19999999999914,2opt,improve
6009,15,258.6000000000017,5,162.19999999999914,move,improve
6010,15,258.6000000000017,5,162.19999999999914,swap,notBad
6011,15,258.6000000000017,5,162.19999999999914,move,improve
6012,15,258.6000000000017,5,162.19999999999914,2opt,notBad
6013,15,258.6000000000017,5,162.19999999999914,2opt,notBad
6014,15,258.6000000000017,5,162.19999999999914,move,improve
6015,15,258.6000000000017,5,162.19999999999914,move,improve
6016,15,258.6000000000017,5,162.19999999999914,swap,notBad
6017,15,258.6000000000017,5,162.19999999999914,move,improve
6018,15,258.6000000000017,5,162.19999999999914,2opt,notBad
6019,15,258.6000000000017,5,162.19999999999914,swap,notBad
6020,15,258.6000000000017,5,162.19999999999914,move,improve
6021,15,258.6000000000017,5,162.19999999999914,move,improve
6022,15,258.6000000000017,5,162.19999999999914,move,improve
6023,15,258.6000000000017,5,162.19999999999914,2opt,notBad
6024,15,258.6000000000017,5,162.19999999999914,swap,notBad
6025,15,258.6000000000017,5,162.19999999999914,2opt,notBad
6026,15,258.6000000000017,5,162.19999999999914,swap,notBad
6027,15,258.6000000000017,5,162.19999999999914,2opt,improve
6028,15,258.6000000000017,5,162.19999999999914,swap,notBad
6029,15,248.00000000000182,5,162.19999999999914,swap,improve
6030,15,248.00000000000182,5,162.19999999999914,swap,notBad
6031,15,248.00000000000182,5,162.19999999999914,swap,notBad
6032,15,248.00000000000182,5,162.19999999999914,move,improve
6033,15,248.00000000000182,5,162.19999999999914,move,improve
6034,15,248.00000000000182,5,162.19999999999914,2opt,notBad
6035,15,248.00000000000182,5,162.19999999999914,2opt,notBad
6036,15,248.00000000000182,5,162.19999999999914,move,improve
6037,15,248.00000000000182,5,162.19999999999914,swap,improve
6038,15,248.00000000000182,5,162.19999999999914,swap,notBad
6039,15,248.00000000000182,5,162.19999999999914,move,improve
6040,15,248.00000000000182,5,162.19999999999914,2opt,notBad
6041,15,248.00000000000182,5,162.19999999999914,2opt,notBad
6042,15,248.00000000000182,5,162.19999999999914,2opt,notBad
6043,15,248.00000000000182,5,162.19999999999914,2opt,notBad
6044,15,248.00000000000182,5,162.19999999999914,2opt,notBad
6045,15,248.00000000000182,5,162.19999999999914,2opt,notBad
6046,15,248.00000000000182,5,162.19999999999914,move,improve
6047,15,248.00000000000182,5,162.19999999999914,move,improve
6048,15,248.00000000000182,5,162.19999999999914,move,improve
6049,15,248.00000000000182,5,162.19999999999914,2opt,notBad
6050,15,248.00000000000182,5,162.19999999999914,2opt,notBad
6051,15,248.00000000000182,5,162.19999999999914,swap,notBad
6052,15,248.00000000000182,5,162.19999999999914,2opt,notBad
6053,15,248.00000000000182,5,162.19999999999914,move,improve
6054,15,248.00000000000182,5,162.19999999999914,swap,notBad
6055,15,248.00000000000182,5,162.19999999999914,2opt,notBad
6056,15,248.00000000000182,5,162.19999999999914,swap,notBad
6057,15,248.00000000000182,5,162.19999999999914,move,improve
6058,15,248.00000000000182,5,162.19999999999914,move,improve
6059,15,248.00000000000182,5,162.19999999999914,swap,notBad
6060,15,248.00000000000182,5,162.19999999999914,swap,improve
6061,15,248.00000000000182,5,162.19999999999914,swap,notBad
6062,15,248.00000000000182,5,162.19999999999914,move,improve
6063,15,248.00000000000182,5,162.19999999999914,2opt,notBad
6064,15,248.00000000000182,5,162.19999999999914,swap,notBad
6065,15,248.00000000000182,5,162.19999999999914,swap,notBad
6066,15,248.00000000000182,5,162.19999999999914,move,improve
6067,15,248.00000000000182,5,162.19999999999914,2opt,notBad
6068,15,248.00000000000182,5,162.19999999999914,move,improve
6069,15,248.00000000000182,5,162.19999999999914,swap,improve
6070,15,248.00000000000182,5,162.19999999999914,2opt,notBad
6071,15,248.00000000000182,5,162.19999999999914,move,improve
6072,15,248.00000000000182,5,162.19999999999914,move,improve
6073,15,248.00000000000182,5,162.19999999999914,move,improve
6074,15,248.00000000000182,5,162.19999999999914,move,improve
6075,15,248.00000000000182,5,162.19999999999914,swap,notBad
6076,15,248.00000000000182,5,162.19999999999914,2opt,notBad
6077,15,248.00000000000182,5,162.19999999999914,swap,notBad
6078,15,248.00000000000182,5,162.19999999999914,2opt,notBad
6079,15,248.00000000000182,5,162.19999999999914,2opt,notBad
6080,15,248.00000000000182,5,162.19999999999914,2opt,improve
6081,15,248.00000000000182,5,162.19999999999914,move,improve
6082,15,248.00000000000182,5,162.19999999999914,2opt,improve
6083,15,248.00000000000182,5,162.19999999999914,2opt,improve
6084,15,248.00000000000182,5,162.19999999999914,move,improve
6085,15,248.00000000000182,5,162.19999999999914,swap,notBad
6086,15,248.00000000000182,5,162.19999999999914,2opt,notBad
6087,15,248.00000000000182,5,162.19999999999914,2opt,improve
6088,15,248.00000000000182,5,162.19999999999914,2opt,notBad
6089,15,248.00000000000182,5,162.19999999999914,move,improve
6090,15,248.00000000000182,5,162.19999999999914,swap,notBad
6091,15,248.00000000000182,5,162.19999999999914,move,improve
6092,15,248.00000000000182,5,162.19999999999914,swap,notBad
6093,15,248.00000000000182,5,162.19999999999914,2opt,improve
6094,15,248.00000000000182,5,162.19999999999914,move,improve
6095,15,248.00000000000182,5,162.19999999999914,2opt,notBad
6096,15,248.00000000000182,5,162.19999999999914,move,improve
6097,15,248.00000000000182,5,162.19999999999914,2opt,notBad
6098,15,248.00000000000182,5,162.19999999999914,move,improve
6099,15,248.00000000000182,5,162.19999999999914,swap,notBad
6100,15,248.20000000000186,5,162.19999999999914,2opt,acceptBad
6101,15,248.20000000000186,5,162.19999999999914,swap,notBad
6102,15,248.20000000000186,5,162.19999999999914,2opt,notBad
6103,15,248.20000000000186,5,162.19999999999914,swap,notBad
6104,15,248.20000000000186,5,162.19999999999914,move,improve
6105,15,248.20000000000186,5,162.19999999999914,move,improve
6106,15,248.20000000000186,5,162.19999999999914,swap,notBad
6107,15,248.20000000000186,5,162.19999999999914,move,improve
6108,15,248.20000000000186,5,162.19999999999914,swap,notBad
6109,15,248.20000000000186,5,162.19999999999914,2opt,notBad
6110,15,248.20000000000186,5,162.19999999999914,move,improve
6111,15,248.20000000000186,5,162.19999999999914,swap,notBad
6112,15,248.20000000000186,5,162.19999999999914,2opt,notBad
6113,15,248.20000000000186,5,162.19999999999914,2opt,notBad
6114,15,248.20000000000186,5,162.19999999999914,2opt,notBad
6115,15,248.20000000000186,5,162.19999999999914,move,improve
6116,15,248.20000000000186,5,162.19999999999914,2opt,notBad
6117,15,248.20000000000186,5,162.19999999999914,move,improve
6118,15,248.20000000000186,5,162.19999999999914,swap,notBad
6119,15,248.20000000000186,5,162.19999999999914,swap,notBad
6120,15,248.20000000000186,5,162.19999999999914,2opt,notBad
6121,15,272.6000000000031,5,162.19999999999914,swap,acceptBad
6122,15,267.800000000002,5,162.19999999999914,move,improve
6123,15,267.800000000002,5,162.19999999999914,swap,improve
6124,15,267.800000000002,5,162.19999999999914,move,improve
6125,15,267.800000000002,5,162.19999999999914,move,improve
6126,15,267.800000000002,5,162.19999999999914,2opt,notBad
6127,15,267.800000000002,5,162.19999999999914,swap,notBad
6128,15,267.800000000002,5,162.19999999999914,swap,notBad
6129,15,267.800000000002,5,162.19999999999914,swap,notBad
6130,15,267.800000000002,5,162.19999999999914,swap,improve
6131,15,267.800000000002,5,162.19999999999914,move,improve
6132,15,267.800000000002,5,162.19999999999914,move,improve
6133,15,267.800000000002,5,162.19999999999914,swap,notBad
6134,15,267.800000000002,5,162.19999999999914,move,improve
6135,15,267.800000000002,5,162.19999999999914,move,improve
6136,15,267.800000000002,5,162.19999999999914,2opt,improve
6137,15,267.800000000002,5,162.19999999999914,2opt,notBad
6138,15,267.800000000002,5,162.19999999999914,move,improve
6139,15,267.800000000002,5,162.19999999999914,move,improve
6140,15,267.800000000002,5,162.19999999999914,2opt,notBad
6141,15,267.800000000002,5,162.19999999999914,move,improve
6142,15,267.800000000002,5,162.19999999999914,2opt,improve
6143,15,267.800000000002,5,162.19999999999914,2opt,notBad
6144,15,267.800000000002,5,162.19999999999914,swap,notBad
6145,15,267.800000000002,5,162.19999999999914,swap,notBad
6146,15,267.800000000002,5,162.19999999999914,move,improve
6147,15,267.800000000002,5,162.19999999999914,swap,notBad
6148,15,267.800000000002,5,162.19999999999914,swap,notBad
6149,15,267.800000000002,5,162.19999999999914,2opt,notBad
6150,15,267.800000000002,5,162.19999999999914,2opt,notBad
6151,15,267.800000000002,5,162.19999999999914,swap,notBad
6152,15,267.800000000002,5,162.19999999999914,swap,notBad
6153,15,267.800000000002,5,162.19999999999914,move,improve
6154,15,267.800000000002,5,162.19999999999914,2opt,improve
6155,15,267.800000000002,5,162.19999999999914,move,improve
6156,15,267.800000000002,5,162.19999999999914,swap,notBad
6157,15,267.800000000002,5,162.19999999999914,swap,notBad
6158,15,267.800000000002,5,162.19999999999914,swap,notBad
6159,15,267.800000000002,5,162.19999999999914,2opt,improve
6160,15,267.800000000002,5,162.19999999999914,swap,notBad
6161,15,267.800000000002,5,162.19999999999914,2opt,notBad
6162,15,267.800000000002,5,162.19999999999914,move,improve
6163,15,267.800000000002,5,162.19999999999914,2opt,notBad
6164,15,267.800000000002,5,162.19999999999914,2opt,notBad
6165,15,267.800000000002,5,162.19999999999914,2opt,notBad
6166,15,267.800000000002,5,162.19999999999914,move,improve
6167,15,267.800000000002,5,162.19999999999914,swap,notBad
6168,15,267.800000000002,5,162.19999999999914,swap,notBad
6169,15,267.800000000002,5,162.19999999999914,move,improve
6170,15,267.800000000002,5,162.19999999999914,move,improve
6171,15,267.800000000002,5,162.19999999999914,move,improve
6172,15,267.800000000002,5,162.19999999999914,2opt,notBad
6173,15,267.800000000002,5,162.19999999999914,swap,notBad
6174,15,267.800000000002,5,162.19999999999914,swap,notBad
6175,15,267.800000000002,5,162.19999999999914,swap,notBad
6176,15,267.800000000002,5,162.19999999999914,move,improve
6177,15,267.800000000002,5,162.19999999999914,swap,notBad
6178,15,267.800000000002,5,162.19999999999914,swap,improve
6179,15,267.800000000002,5,162.19999999999914,2opt,notBad
6180,15,267.800000000002,5,162.19999999999914,2opt,notBad
6181,15,267.800000000002,5,162.19999999999914,move,improve
6182,15,267.800000000002,5,162.19999999999914,move,improve
6183,15,267.800000000002,5,162.19999999999914,swap,notBad
6184,15,267.800000000002,5,162.19999999999914,move,improve
6185,15,267.800000000002,5,162.19999999999914,2opt,notBad
6186,15,267.800000000002,5,162.19999999999914,move,improve
6187,15,267.800000000002,5,162.19999999999914,move,improve
6188,15,267.800000000002,5,162.19999999999914,2opt,notBad
6189,15,267.800000000002,5,162.19999999999914,move,improve
6190,15,267.800000000002,5,162.19999999999914,swap,notBad
6191,15,267.800000000002,5,162.19999999999914,2opt,notBad
6192,15,267.800000000002,5,162.19999999999914,move,improve
6193,15,267.800000000002,5,162.19999999999914,2opt,notBad
6194,15,267.800000000002,5,162.19999999999914,move,improve
6195,15,267.800000000002,5,162.19999999999914,2opt,improve
6196,15,267.800000000002,5,162.19999999999914,2opt,notBad
6197,15,267.800000000002,5,162.19999999999914,move,improve
6198,15,267.800000000002,5,162.19999999999914,2opt,notBad
6199,15,267.800000000002,5,162.19999999999914,swap,notBad
6200,15,267.800000000002,5,162.19999999999914,2opt,improve
6201,15,267.800000000002,5,162.19999999999914,2opt,notBad
6202,15,267.800000000002,5,162.19999999999914,2opt,notBad
6203,15,267.800000000002,5,162.19999999999914,2opt,notBad
6204,15,267.800000000002,5,162.19999999999914,move,improve
6205,15,267.800000000002,5,162.19999999999914,swap,notBad
6206,15,267.800000000002,5,162.19999999999914,move,improve
6207,15,267.800000000002,5,162.19999999999914,swap,notBad
6208,15,267.800000000002,5,162.19999999999914,move,improve
6209,15,267.800000000002,5,162.19999999999914,swap,notBad
6210,15,267.800000000002,5,162.19999999999914,swap,notBad
6211,15,267.800000000002,5,162.19999999999914,2opt,notBad
6212,15,267.800000000002,5,162.19999999999914,swap,notBad
6213,15,267.800000000002,5,162.19999999999914,swap,notBad
6214,15,297.2000000000014,5,162.19999999999914,swap,acceptBad
6215,15,297.2000000000014,5,162.19999999999914,swap,notBad
6216,15,297.2000000000014,5,162.19999999999914,move,improve
6217,15,297.2000000000014,5,162.19999999999914,move,improve
6218,15,297.2000000000014,5,162.19999999999914,move,improve
6219,15,297.2000000000014,5,162.19999999999914,move,improve
6220,15,297.2000000000014,5,162.19999999999914,2opt,improve
6221,15,297.2000000000014,5,162.19999999999914,swap,notBad
6222,15,297.2000000000014,5,162.19999999999914,swap,notBad
6223,15,297.2000000000014,5,162.19999999999914,2opt,notBad
6224,15,297.2000000000014,5,162.19999999999914,move,improve
6225,15,297.2000000000014,5,162.19999999999914,swap,notBad
6226,15,297.2000000000014,5,162.19999999999914,swap,notBad
6227,15,297.2000000000014,5,162.19999999999914,swap,notBad
6228,15,297.2000000000014,5,162.19999999999914,move,improve
6229,15,297.0000000000016,5,162.19999999999914,move,improve
6230,15,297.0000000000016,5,162.19999999999914,move,improve
6231,15,297.0000000000016,5,162.19999999999914,2opt,improve
6232,15,297.0000000000016,5,162.19999999999914,2opt,notBad
6233,15,297.0000000000016,5,162.19999999999914,swap,notBad
6234,15,340.6000000000006,5,162.19999999999914,swap,acceptBad
6235,15,340.6000000000006,5,162.19999999999914,swap,notBad
6236,15,340.6000000000006,5,162.19999999999914,swap,notBad
6237,15,340.6000000000006,5,162.19999999999914,move,improve
6238,15,340.6000000000006,5,162.19999999999914,move,improve
6239,15,340.6000000000006,5,162.19999999999914,swap,notBad
6240,15,340.6000000000006,5,162.19999999999914,move,improve
6241,15,340.6000000000006,5,162.19999999999914,swap,notBad
6242,15,340.6000000000006,5,162.19999999999914,2opt,notBad
6243,15,340.6000000000006,5,162.19999999999914,swap,improve
6244,15,340.6000000000006,5,162.19999999999914,move,improve
6245,15,340.6000000000006,5,162.19999999999914,swap,notBad
6246,15,340.6000000000006,5,162.19999999999914,2opt,notBad
6247,15,340.6000000000006,5,162.19999999999914,swap,notBad
6248,15,340.6000000000006,5,162.19999999999914,2opt,notBad
6249,15,340.6000000000006,5,162.19999999999914,move,improve
6250,15,340.6000000000006,5,162.19999999999914,move,improve
6251,15,340.6000000000006,5,162.19999999999914,move,improve
6252,15,330.4000000000003,5,162.19999999999914,swap,improve
6253,15,330.4000000000003,5,162.19999999999914,move,improve
6254,15,330.4000000000003,5,162.19999999999914,swap,notBad
6255,15,330.4000000000003,5,162.19999999999914,move,improve
6256,15,330.4000000000003,5,162.19999999999914,swap,notBad
6257,15,330.4000000000003,5,162.19999999999914,2opt,notBad
6258,15,330.4000000000003,5,162.19999999999914,move,improve
6259,15,330.4000000000003,5,162.19999999999914,move,improve
6260,15,330.4000000000003,5,162.19999999999914,2opt,notBad
6261,15,330.4000000000003,5,162.19999999999914,2opt,notBad
6262,15,330.4000000000003,5,162.19999999999914,swap,notBad
6263,15,330.4000000000003,5,162.19999999999914,2opt,notBad
6264,15,330.4000000000003,5,162.19999999999914,2opt,improve
6265,15,330.4000000000003,5,162.19999999999914,swap,notBad
6266,15,330.4000000000003,5,162.19999999999914,move,improve
6267,15,330.4000000000003,5,162.19999999999914,swap,improve
6268,15,330.4000000000003,5,162.19999999999914,swap,notBad
6269,15,330.4000000000003,5,162.19999999999914,move,improve
6270,15,330.4000000000003,5,162.19999999999914,swap,notBad
6271,15,330.4000000000003,5,162.19999999999914,2opt,notBad
6272,15,330.4000000000003,5,162.19999999999914,swap,notBad
6273,15,330.4000000000003,5,162.19999999999914,2opt,notBad
6274,15,330.4000000000003,5,162.19999999999914,swap,notBad
6275,15,330.4000000000003,5,162.19999999999914,swap,notBad
6276,15,330.4000000000003,5,162.19999999999914,move,improve
6277,15,330.4000000000003,5,162.19999999999914,swap,notBad
6278,15,330.4000000000003,5,162.19999999999914,swap,notBad
6279,15,330.4000000000003,5,162.19999999999914,move,improve
6280,15,330.4000000000003,5,162.19999999999914,move,improve
6281,15,330.4000000000003,5,162.19999999999914,move,improve
6282,15,330.4000000000003,5,162.19999999999914,move,improve
6283,15,330.4000000000003,5,162.19999999999914,2opt,notBad
6284,15,330.4000000000003,5,162.19999999999914,move,improve
6285,15,330.4000000000003,5,162.19999999999914,2opt,notBad
6286,15,330.4000000000003,5,162.19999999999914,2opt,notBad
6287,15,330.4000000000003,5,162.19999999999914,2opt,improve
6288,15,329.5999999999997,5,162.19999999999914,move,improve
6289,15,329.5999999999997,5,162.19999999999914,2opt,notBad
6290,15,329.5999999999997,5,162.19999999999914,2opt,notBad
6291,15,329.5999999999997,5,162.19999999999914,swap,notBad
6292,15,329.5999999999997,5,162.19999999999914,2opt,notBad
6293,15,329.5999999999997,5,162.19999999999914,move,improve
6294,15,329.5999999999997,5,162.19999999999914,swap,improve
6295,15,329.5999999999997,5,162.19999999999914,move,improve
6296,15,329.5999999999997,5,162.19999999999914,2opt,notBad
6297,15,329.5999999999997,5,162.19999999999914,swap,notBad
6298,15,329.5999999999997,5,162.19999999999914,move,improve
6299,15,329.5999999999997,5,162.19999999999914,swap,notBad
6300,15,329.5999999999997,5,162.19999999999914,swap,notBad
6301,15,329.5999999999997,5,162.19999999999914,swap,notBad
6302,15,329.5999999999997,5,162.19999999999914,move,improve
6303,15,329.5999999999997,5,162.19999999999914,swap,notBad
6304,15,329.5999999999997,5,162.19999999999914,2opt,notBad
6305,15,329.5999999999997,5,162.19999999999914,2opt,notBad
6306,15,329.5999999999997,5,162.19999999999914,2opt,notBad
6307,15,329.5999999999997,5,162.19999999999914,2opt,notBad
6308,15,329.5999999999997,5,162.19999999999914,move,improve
6309,15,329.5999999999997,5,162.19999999999914,2opt,notBad
6310,15,329.5999999999997,5,162.19999999999914,swap,notBad
6311,15,315.60000000000014,5,162.19999999999914,move,improve
6312,15,315.60000000000014,5,162.19999999999914,move,improve
6313,15,315.60000000000014,5,162.19999999999914,2opt,notBad
6314,15,315.60000000000014,5,162.19999999999914,2opt,notBad
6315,15,315.60000000000014,5,162.19999999999914,move,improve
6316,15,331.0000000000009,5,162.19999999999914,2opt,acceptBad
6317,15,331.0000000000009,5,162.19999999999914,2opt,notBad
6318,15,331.0000000000009,5,162.19999999999914,move,improve
6319,15,331.0000000000009,5,162.19999999999914,move,improve
6320,15,331.0000000000009,5,162.19999999999914,swap,notBad
6321,15,331.0000000000009,5,162.19999999999914,swap,notBad
6322,15,331.0000000000009,5,162.19999999999914,move,improve
6323,15,331.0000000000009,5,162.19999999999914,swap,improve
6324,15,331.0000000000009,5,162.19999999999914,move,improve
6325,15,331.0000000000009,5,162.19999999999914,swap,notBad
6326,15,331.0000000000009,5,162.19999999999914,move,improve
6327,15,331.0000000000009,5,162.19999999999914,swap,notBad
6328,15,331.0000000000009,5,162.19999999999914,move,improve
6329,15,331.0000000000009,5,162.19999999999914,2opt,notBad
6330,15,331.0000000000009,5,162.19999999999914,swap,improve
6331,15,331.0000000000009,5,162.19999999999914,2opt,notBad
6332,15,331.0000000000009,5,162.19999999999914,2opt,notBad
6333,15,331.0000000000009,5,162.19999999999914,swap,notBad
6334,15,331.0000000000009,5,162.19999999999914,2opt,notBad
6335,15,331.0000000000009,5,162.19999999999914,swap,notBad
6336,15,331.0000000000009,5,162.19999999999914,move,improve
6337,15,331.0000000000009,5,162.19999999999914,2opt,notBad
6338,15,331.0000000000009,5,162.19999999999914,2opt,notBad
6339,15,331.0000000000009,5,162.19999999999914,2opt,notBad
6340,15,331.0000000000009,5,162.19999999999914,swap,notBad
6341,15,340.0000000000007,5,162.19999999999914,swap,acceptBad
6342,15,340.0000000000007,5,162.19999999999914,swap,notBad
6343,15,340.0000000000007,5,162.19999999999914,2opt,notBad
6344,15,340.0000000000007,5,162.19999999999914,2opt,notBad
6345,15,340.0000000000007,5,162.19999999999914,swap,notBad
6346,15,340.0000000000007,5,162.19999999999914,2opt,notBad
6347,15,340.0000000000007,5,162.19999999999914,2opt,notBad
6348,15,340.0000000000007,5,162.19999999999914,swap,improve
6349,15,340.0000000000007,5,162.19999999999914,2opt,notBad
6350,15,340.0000000000007,5,162.19999999999914,swap,notBad
6351,15,340.0000000000007,5,162.19999999999914,swap,notBad
6352,15,339.6000000000006,5,162.19999999999914,move,improve
6353,15,339.6000000000006,5,162.19999999999914,2opt,notBad
6354,15,339.6000000000006,5,162.19999999999914,swap,improve
6355,15,339.6000000000006,5,162.19999999999914,move,improve
6356,15,339.6000000000006,5,162.19999999999914,swap,notBad
6357,15,339.6000000000006,5,162.19999999999914,2opt,notBad
6358,15,339.6000000000006,5,162.19999999999914,swap,notBad
6359,15,339.6000000000006,5,162.19999999999914,2opt,improve
6360,15,339.6000000000006,5,162.19999999999914,2opt,notBad
6361,15,339.6000000000006,5,162.19999999999914,move,improve
6362,15,339.6000000000006,5,162.19999999999914,swap,improve
6363,15,339.6000000000006,5,162.19999999999914,swap,notBad
6364,15,339.6000000000006,5,162.19999999999914,2opt,notBad
6365,15,339.6000000000006,5,162.19999999999914,swap,notBad
6366,15,339.6000000000006,5,162.19999999999914,move,improve
6367,15,339.6000000000006,5,162.19999999999914,swap,notBad
6368,15,339.6000000000006,5,162.19999999999914,swap,notBad
6369,15,339.6000000000006,5,162.19999999999914,2opt,improve
6370,15,339.6000000000006,5,162.19999999999914,move,improve
6371,15,339.6000000000006,5,162.19999999999914,move,improve
6372,15,339.6000000000006,5,162.19999999999914,2opt,improve
6373,15,339.6000000000006,5,162.19999999999914,2opt,notBad
6374,15,342.4000000000003,5,162.19999999999914,swap,acceptBad
6375,15,342.4000000000003,5,162.19999999999914,swap,notBad
6376,15,342.4000000000003,5,162.19999999999914,2opt,notBad
6377,15,342.4000000000003,5,162.19999999999914,2opt,improve
6378,15,342.4000000000003,5,162.19999999999914,swap,improve
6379,15,342.4000000000003,5,162.19999999999914,move,improve
6380,15,342.4000000000003,5,162.19999999999914,2opt,notBad
6381,15,342.4000000000003,5,162.19999999999914,swap,notBad
6382,15,342.4000000000003,5,162.19999999999914,swap,notBad
6383,15,342.4000000000003,5,162.19999999999914,swap,notBad
6384,15,342.4000000000003,5,162.19999999999914,swap,notBad
6385,15,346.2000000000007,5,162.19999999999914,swap,acceptBad
6386,15,346.2000000000007,5,162.19999999999914,swap,notBad
6387,15,346.2000000000007,5,162.19999999999914,move,improve
6388,15,346.2000000000007,5,162.19999999999914,move,improve
6389,15,346.2000000000007,5,162.19999999999914,move,improve
6390,15,346.2000000000007,5,162.19999999999914,move,notBad
6391,15,346.2000000000007,5,162.19999999999914,move,improve
6392,15,346.2000000000007,5,162.19999999999914,move,improve
6393,15,346.2000000000007,5,162.19999999999914,swap,notBad
6394,15,346.2000000000007,5,162.19999999999914,move,improve
6395,15,346.2000000000007,5,162.19999999999914,move,improve
6396,15,346.2000000000007,5,162.19999999999914,move,improve
6397,15,283.8000000000011,5,162.19999999999914,swap,improve
6398,15,283.8000000000011,5,162.19999999999914,2opt,notBad
6399,15,283.8000000000011,5,162.19999999999914,swap,notBad
6400,15,283.8000000000011,5,162.19999999999914,2opt,improve
6401,15,283.8000000000011,5,162.19999999999914,2opt,notBad
6402,15,283.8000000000011,5,162.19999999999914,move,improve
6403,15,283.8000000000011,5,162.19999999999914,swap,notBad
6404,15,283.8000000000011,5,162.19999999999914,swap,improve
6405,15,283.8000000000011,5,162.19999999999914,move,improve
6406,15,283.8000000000011,5,162.19999999999914,swap,notBad
6407,15,283.8000000000011,5,162.19999999999914,swap,notBad
6408,15,283.8000000000011,5,162.19999999999914,move,improve
6409,15,283.8000000000011,5,162.19999999999914,2opt,notBad
6410,15,283.8000000000011,5,162.19999999999914,swap,notBad
6411,15,283.8000000000011,5,162.19999999999914,2opt,notBad
6412,15,273.0000000000016,5,162.19999999999914,move,improve
6413,15,273.0000000000016,5,162.19999999999914,swap,notBad
6414,15,273.0000000000016,5,162.19999999999914,swap,notBad
6415,15,273.0000000000016,5,162.19999999999914,2opt,notBad
6416,15,273.0000000000016,5,162.19999999999914,move,improve
6417,15,273.0000000000016,5,162.19999999999914,move,improve
6418,15,273.0000000000016,5,162.19999999999914,2opt,notBad
6419,15,273.0000000000016,5,162.19999999999914,2opt,notBad
6420,15,273.0000000000016,5,162.19999999999914,swap,notBad
6421,15,273.0000000000016,5,162.19999999999914,swap,notBad
6422,15,273.0000000000016,5,162.19999999999914,swap,notBad
6423,15,273.0000000000016,5,162.19999999999914,2opt,improve
6424,15,273.0000000000016,5,162.19999999999914,move,improve
6425,15,273.0000000000016,5,162.19999999999914,swap,notBad
6426,15,273.0000000000016,5,162.19999999999914,2opt,notBad
6427,15,273.0000000000016,5,162.19999999999914,move,improve
6428,15,273.0000000000016,5,162.19999999999914,2opt,notBad
6429,15,273.0000000000016,5,162.19999999999914,swap,notBad
6430,15,268.00000000000205,5,162.19999999999914,move,improve
6431,15,268.00000000000205,5,162.19999999999914,2opt,notBad
6432,15,267.8000000000022,5,162.19999999999914,2opt,improve
6433,15,267.8000000000022,5,162.19999999999914,swap,notBad
6434,15,267.8000000000022,5,162.19999999999914,2opt,notBad
6435,15,267.8000000000022,5,162.19999999999914,move,improve
6436,15,267.8000000000022,5,162.19999999999914,move,improve
6437,15,267.8000000000022,5,162.19999999999914,move,improve
6438,15,267.8000000000022,5,162.19999999999914,move,improve
6439,15,267.8000000000022,5,162.19999999999914,move,improve
6440,15,267.8000000000022,5,162.19999999999914,swap,notBad
6441,15,267.8000000000022,5,162.19999999999914,2opt,notBad
6442,15,267.8000000000022,5,162.19999999999914,swap,notBad
6443,15,267.8000000000022,5,162.19999999999914,swap,notBad
6444,15,267.8000000000022,5,162.19999999999914,swap,notBad
6445,15,267.8000000000022,5,162.19999999999914,2opt,notBad
6446,15,267.8000000000022,5,162.19999999999914,move,improve
6447,15,267.8000000000022,5,162.19999999999914,2opt,notBad
6448,15,267.8000000000022,5,162.19999999999914,2opt,notBad
6449,15,267.8000000000022,5,162.19999999999914,move,improve
6450,15,267.8000000000022,5,162.19999999999914,swap,notBad
6451,15,267.8000000000022,5,162.19999999999914,move,improve
6452,15,267.8000000000022,5,162.19999999999914,swap,notBad
6453,15,267.8000000000022,5,162.19999999999914,move,improve
6454,15,267.8000000000022,5,162.19999999999914,move,improve
6455,15,267.8000000000022,5,162.19999999999914,move,improve
6456,15,267.8000000000022,5,162.19999999999914,2opt,improve
6457,15,267.8000000000022,5,162.19999999999914,2opt,notBad
6458,15,267.8000000000022,5,162.19999999999914,swap,notBad
6459,15,229.80000000000064,5,162.19999999999914,2opt,improve
6460,15,229.80000000000064,5,162.19999999999914,move,improve
6461,15,229.80000000000064,5,162.19999999999914,swap,notBad
6462,15,226.0,5,162.19999999999914,move,improve
6463,15,226.0,5,162.19999999999914,swap,notBad
6464,15,226.0,5,162.19999999999914,swap,notBad
6465,15,226.0,5,162.19999999999914,2opt,notBad
6466,15,226.0,5,162.19999999999914,2opt,notBad
6467,15,226.0,5,162.19999999999914,swap,notBad
6468,15,226.0,5,162.19999999999914,swap,notBad
6469,15,226.0,5,162.19999999999914,2opt,notBad
6470,15,243.7999999999995,5,162.19999999999914,2opt,acceptBad
6471,15,243.7999999999995,5,162.19999999999914,swap,notBad
6472,15,243.7999999999995,5,162.19999999999914,swap,improve
6473,15,243.7999999999995,5,162.19999999999914,swap,notBad
6474,15,243.7999999999995,5,162.19999999999914,move,improve
6475,15,243.7999999999995,5,162.19999999999914,2opt,notBad
6476,15,243.7999999999995,5,162.19999999999914,swap,improve
6477,15,243.7999999999995,5,162.19999999999914,move,improve
6478,15,243.7999999999995,5,162.19999999999914,move,improve
6479,15,243.7999999999995,5,162.19999999999914,swap,notBad
6480,15,243.7999999999995,5,162.19999999999914,move,improve
6481,15,243.7999999999995,5,162.19999999999914,2opt,notBad
6482,15,243.7999999999995,5,162.19999999999914,move,improve
6483,15,243.7999999999995,5,162.19999999999914,swap,notBad
6484,15,243.7999999999995,5,162.19999999999914,swap,notBad
6485,15,243.7999999999995,5,162.19999999999914,move,improve
6486,15,243.7999999999995,5,162.19999999999914,swap,notBad
6487,15,243.7999999999995,5,162.19999999999914,2opt,notBad
6488,15,243.7999999999995,5,162.19999999999914,move,improve
6489,15,243.7999999999995,5,162.19999999999914,move,improve
6490,15,243.7999999999995,5,162.19999999999914,2opt,notBad
6491,15,243.7999999999995,5,162.19999999999914,2opt,improve
6492,15,243.7999999999995,5,162.19999999999914,swap,notBad
6493,15,243.7999999999995,5,162.19999999999914,move,improve
6494,15,243.7999999999995,5,162.19999999999914,2opt,notBad
6495,15,243.7999999999995,5,162.19999999999914,swap,notBad
6496,15,243.7999999999995,5,162.19999999999914,move,improve
6497,15,243.7999999999995,5,162.19999999999914,2opt,notBad
6498,15,243.7999999999995,5,162.19999999999914,move,improve
6499,15,243.7999999999995,5,162.19999999999914,swap,notBad
6500,15,243.7999999999995,5,162.19999999999914,move,improve
6501,15,243.7999999999995,5,162.19999999999914,move,improve
6502,15,243.7999999999995,5,162.19999999999914,2opt,notBad
6503,15,243.7999999999995,5,162.19999999999914,move,improve
6504,15,243.7999999999995,5,162.19999999999914,swap,notBad
6505,15,243.7999999999995,5,162.19999999999914,2opt,notBad
6506,15,243.7999999999995,5,162.19999999999914,swap,notBad
6507,15,243.7999999999995,5,162.19999999999914,2opt,improve
6508,15,243.7999999999995,5,162.19999999999914,swap,notBad
6509,15,243.7999999999995,5,162.19999999999914,swap,notBad
6510,15,243.7999999999995,5,162.19999999999914,move,improve
6511,15,243.7999999999995,5,162.19999999999914,2opt,improve
6512,15,243.7999999999995,5,162.19999999999914,2opt,notBad
6513,15,243.7999999999995,5,162.19999999999914,2opt,notBad
6514,15,243.7999999999995,5,162.19999999999914,2opt,notBad
6515,15,243.7999999999995,5,162.19999999999914,2opt,notBad
6516,15,243.7999999999995,5,162.19999999999914,2opt,notBad
6517,15,243.7999999999995,5,162.19999999999914,move,improve
6518,15,243.7999999999995,5,162.19999999999914,swap,notBad
6519,15,243.7999999999995,5,162.19999999999914,swap,notBad
6520,15,243.7999999999995,5,162.19999999999914,move,improve
6521,15,243.7999999999995,5,162.19999999999914,swap,notBad
6522,15,243.7999999999995,5,162.19999999999914,2opt,notBad
6523,15,243.7999999999995,5,162.19999999999914,swap,notBad
6524,15,243.7999999999995,5,162.19999999999914,swap,notBad
6525,15,243.7999999999995,5,162.19999999999914,swap,notBad
6526,15,243.7999999999995,5,162.19999999999914,2opt,notBad
6527,15,243.7999999999995,5,162.19999999999914,move,improve
6528,15,243.7999999999995,5,162.19999999999914,move,improve
6529,15,243.7999999999995,5,162.19999999999914,move,improve
6530,15,243.7999999999995,5,162.19999999999914,2opt,notBad
6531,15,243.7999999999995,5,162.19999999999914,swap,notBad
6532,15,243.7999999999995,5,162.19999999999914,2opt,notBad
6533,15,243.7999999999995,5,162.19999999999914,2opt,notBad
6534,15,243.7999999999995,5,162.19999999999914,swap,notBad
6535,15,243.7999999999995,5,162.19999999999914,move,improve
6536,15,243.7999999999995,5,162.19999999999914,2opt,notBad
6537,15,243.7999999999995,5,162.19999999999914,swap,notBad
6538,15,243.7999999999995,5,162.19999999999914,2opt,notBad
6539,15,243.7999999999995,5,162.19999999999914,move,improve
6540,15,243.7999999999995,5,162.19999999999914,swap,notBad
6541,15,243.7999999999995,5,162.19999999999914,move,improve
6542,15,243.7999999999995,5,162.19999999999914,swap,notBad
6543,15,243.7999999999995,5,162.19999999999914,2opt,notBad
6544,15,243.7999999999995,5,162.19999999999914,2opt,notBad
6545,15,243.7999999999995,5,162.19999999999914,swap,notBad
6546,15,243.7999999999995,5,162.19999999999914,move,improve
6547,15,243.7999999999995,5,162.19999999999914,2opt,notBad
6548,15,243.7999999999995,5,162.19999999999914,move,improve
6549,15,243.7999999999995,5,162.19999999999914,swap,notBad
6550,15,243.7999999999995,5,162.19999999999914,move,improve
6551,15,243.7999999999995,5,162.19999999999914,2opt,notBad
6552,15,243.7999999999995,5,162.19999999999914,swap,notBad
6553,15,243.7999999999995,5,162.19999999999914,swap,notBad
6554,15,243.7999999999995,5,162.19999999999914,2opt,notBad
6555,15,243.7999999999995,5,162.19999999999914,move,improve
6556,15,243.7999999999995,5,162.19999999999914,swap,notBad
6557,15,243.7999999999995,5,162.19999999999914,move,improve
6558,15,243.7999999999995,5,162.19999999999914,2opt,improve
6559,15,243.7999999999995,5,162.19999999999914,2opt,notBad
6560,15,243.7999999999995,5,162.19999999999914,move,improve
6561,15,243.7999999999995,5,162.19999999999914,swap,notBad
6562,15,243.7999999999995,5,162.19999999999914,2opt,notBad
6563,15,243.7999999999995,5,162.19999999999914,swap,improve
6564,15,243.7999999999995,5,162.19999999999914,swap,notBad
6565,15,243.7999999999995,5,162.19999999999914,2opt,notBad
6566,15,243.7999999999995,5,162.19999999999914,swap,notBad
6567,15,243.7999999999995,5,162.19999999999914,swap,notBad
6568,15,243.7999999999995,5,162.19999999999914,2opt,notBad
6569,15,243.7999999999995,5,162.19999999999914,2opt,notBad
6570,15,243.7999999999995,5,162.19999999999914,2opt,notBad
6571,15,243.7999999999995,5,162.19999999999914,swap,notBad
6572,15,243.7999999999995,5,162.19999999999914,swap,notBad
6573,15,243.7999999999995,5,162.19999999999914,swap,notBad
6574,15,243.7999999999995,5,162.19999999999914,2opt,notBad
6575,15,243.7999999999995,5,162.19999999999914,move,improve
6576,15,243.7999999999995,5,162.19999999999914,move,improve
6577,15,243.7999999999995,5,162.19999999999914,2opt,notBad
6578,15,243.7999999999995,5,162.19999999999914,2opt,notBad
6579,15,243.7999999999995,5,162.19999999999914,swap,notBad
6580,15,243.7999999999995,5,162.19999999999914,swap,notBad
6581,15,243.7999999999995,5,162.19999999999914,move,improve
6582,15,243.7999999999995,5,162.19999999999914,2opt,notBad
6583,15,243.7999999999995,5,162.19999999999914,move,improve
6584,15,229.7999999999986,5,162.19999999999914,swap,improve
6585,15,229.7999999999986,5,162.19999999999914,2opt,notBad
6586,15,229.7999999999986,5,162.19999999999914,2opt,notBad
6587,15,229.7999999999986,5,162.19999999999914,2opt,notBad
6588,15,229.7999999999986,5,162.19999999999914,2opt,notBad
6589,15,229.7999999999986,5,162.19999999999914,2opt,notBad
6590,15,229.7999999999986,5,162.19999999999914,2opt,notBad
6591,15,229.7999999999986,5,162.19999999999914,2opt,notBad
6592,15,229.7999999999986,5,162.19999999999914,swap,notBad
6593,15,229.7999999999986,5,162.19999999999914,swap,notBad
6594,15,229.7999999999986,5,162.19999999999914,swap,notBad
6595,15,229.7999999999986,5,162.19999999999914,2opt,notBad
6596,15,229.7999999999986,5,162.19999999999914,2opt,notBad
6597,15,229.7999999999986,5,162.19999999999914,move,improve
6598,15,229.7999999999986,5,162.19999999999914,move,improve
6599,15,229.7999999999986,5,162.19999999999914,swap,notBad
6600,15,229.7999999999986,5,162.19999999999914,move,improve
6601,15,229.7999999999986,5,162.19999999999914,swap,notBad
6602,15,229.7999999999986,5,162.19999999999914,swap,notBad
6603,15,229.7999999999986,5,162.19999999999914,2opt,notBad
6604,15,229.7999999999986,5,162.19999999999914,move,improve
6605,15,229.7999999999986,5,162.19999999999914,2opt,notBad
6606,15,229.7999999999986,5,162.19999999999914,move,improve
6607,15,229.7999999999986,5,162.19999999999914,2opt,notBad
6608,15,229.7999999999986,5,162.19999999999914,2opt,improve
6609,15,229.7999999999986,5,162.19999999999914,swap,notBad
6610,15,229.7999999999986,5,162.19999999999914,swap,notBad
6611,15,229.7999999999986,5,162.19999999999914,2opt,improve
6612,15,229.7999999999986,5,162.19999999999914,swap,notBad
6613,15,229.7999999999986,5,162.19999999999914,2opt,improve
6614,15,229.7999999999986,5,162.19999999999914,2opt,improve
6615,15,229.7999999999986,5,162.19999999999914,2opt,notBad
6616,15,229.7999999999986,5,162.19999999999914,move,improve
6617,15,229.7999999999986,5,162.19999999999914,move,improve
6618,15,229.7999999999986,5,162.19999999999914,swap,notBad
6619,15,229.7999999999986,5,162.19999999999914,swap,notBad
6620,15,229.7999999999986,5,162.19999999999914,move,improve
6621,15,229.7999999999986,5,162.19999999999914,swap,improve
6622,15,229.7999999999986,5,162.19999999999914,2opt,notBad
6623,15,229.7999999999986,5,162.19999999999914,2opt,notBad
6624,15,229.7999999999986,5,162.19999999999914,swap,notBad
6625,15,229.7999999999986,5,162.19999999999914,2opt,notBad
6626,15,229.7999999999986,5,162.19999999999914,move,improve
6627,15,229.7999999999986,5,162.19999999999914,swap,notBad
6628,15,229.7999999999986,5,162.19999999999914,2opt,improve
6629,15,235.39999999999827,5,162.19999999999914,swap,acceptBad
6630,15,235.39999999999827,5,162.19999999999914,swap,notBad
6631,15,235.39999999999827,5,162.19999999999914,move,improve
6632,15,235.39999999999827,5,162.19999999999914,move,improve
6633,15,235.39999999999827,5,162.19999999999914,2opt,notBad
6634,15,235.39999999999827,5,162.19999999999914,move,improve
6635,15,235.39999999999827,5,162.19999999999914,swap,notBad
6636,15,235.39999999999827,5,162.19999999999914,move,improve
6637,15,235.39999999999827,5,162.19999999999914,2opt,notBad
6638,15,235.39999999999827,5,162.19999999999914,2opt,notBad
6639,15,235.39999999999827,5,162.19999999999914,swap,notBad
6640,15,235.39999999999827,5,162.19999999999914,swap,notBad
6641,15,235.39999999999827,5,162.19999999999914,move,improve
6642,15,235.39999999999827,5,162.19999999999914,swap,notBad
6643,15,235.39999999999827,5,162.19999999999914,2opt,notBad
6644,15,235.39999999999827,5,162.19999999999914,2opt,notBad
6645,15,235.39999999999827,5,162.19999999999914,2opt,improve
6646,15,235.39999999999827,5,162.19999999999914,move,improve
6647,15,235.39999999999827,5,162.19999999999914,move,improve
6648,15,235.39999999999827,5,162.19999999999914,move,improve
6649,15,235.39999999999827,5,162.19999999999914,swap,notBad
6650,15,235.39999999999827,5,162.19999999999914,move,improve
6651,15,235.39999999999827,5,162.19999999999914,2opt,notBad
6652,15,235.39999999999827,5,162.19999999999914,2opt,notBad
6653,15,235.39999999999827,5,162.19999999999914,2opt,improve
6654,15,235.39999999999827,5,162.19999999999914,move,improve
6655,15,235.39999999999827,5,162.19999999999914,move,improve
6656,15,235.39999999999827,5,162.19999999999914,swap,notBad
6657,15,235.39999999999827,5,162.19999999999914,move,improve
6658,15,235.39999999999827,5,162.19999999999914,move,improve
6659,15,235.39999999999827,5,162.19999999999914,move,improve
6660,15,235.39999999999827,5,162.19999999999914,swap,notBad
6661,15,235.39999999999827,5,162.19999999999914,move,improve
6662,15,235.39999999999827,5,162.19999999999914,swap,improve
6663,15,235.39999999999827,5,162.19999999999914,move,improve
6664,15,235.39999999999827,5,162.19999999999914,move,improve
6665,15,235.39999999999827,5,162.19999999999914,2opt,improve
6666,15,235.39999999999827,5,162.19999999999914,swap,notBad
6667,15,235.39999999999827,5,162.19999999999914,move,improve
6668,15,235.39999999999827,5,162.19999999999914,swap,notBad
6669,15,235.39999999999827,5,162.19999999999914,swap,notBad
6670,15,235.39999999999827,5,162.19999999999914,2opt,notBad
6671,15,235.39999999999827,5,162.19999999999914,swap,notBad
6672,15,235.39999999999827,5,162.19999999999914,2opt,notBad
6673,15,235.39999999999827,5,162.19999999999914,move,improve
6674,15,235.39999999999827,5,162.19999999999914,move,improve
6675,15,279.3999999999978,5,162.19999999999914,swap,acceptBad
6676,15,279.3999999999978,5,162.19999999999914,2opt,notBad
6677,15,279.3999999999978,5,162.19999999999914,2opt,improve
6678,15,279.3999999999978,5,162.19999999999914,2opt,notBad
6679,15,279.3999999999978,5,162.19999999999914,move,improve
6680,15,278.59999999999854,5,162.19999999999914,move,improve
6681,15,278.59999999999854,5,162.19999999999914,move,improve
6682,15,278.59999999999854,5,162.19999999999914,move,improve
6683,15,278.59999999999854,5,162.19999999999914,swap,notBad
6684,15,278.59999999999854,5,162.19999999999914,swap,notBad
6685,15,278.59999999999854,5,162.19999999999914,swap,notBad
6686,15,278.59999999999854,5,162.19999999999914,2opt,notBad
6687,15,278.59999999999854,5,162.19999999999914,swap,notBad
6688,15,278.59999999999854,5,162.19999999999914,swap,notBad
6689,15,278.59999999999854,5,162.19999999999914,2opt,improve
6690,15,278.59999999999854,5,162.19999999999914,swap,notBad
6691,15,278.59999999999854,5,162.19999999999914,swap,notBad
6692,15,278.59999999999854,5,162.19999999999914,move,improve
6693,15,278.59999999999854,5,162.19999999999914,move,improve
6694,15,278.59999999999854,5,162.19999999999914,move,improve
6695,15,278.59999999999854,5,162.19999999999914,swap,improve
6696,15,278.59999999999854,5,162.19999999999914,swap,notBad
6697,15,278.59999999999854,5,162.19999999999914,swap,notBad
6698,15,278.59999999999854,5,162.19999999999914,2opt,notBad
6699,15,278.59999999999854,5,162.19999999999914,2opt,notBad
6700,15,278.59999999999854,5,162.19999999999914,move,improve
6701,15,278.59999999999854,5,162.19999999999914,move,improve
6702,15,278.59999999999854,5,162.19999999999914,swap,notBad
6703,15,278.59999999999854,5,162.19999999999914,2opt,notBad
6704,15,278.59999999999854,5,162.19999999999914,2opt,improve
6705,15,278.59999999999854,5,162.19999999999914,move,improve
6706,15,278.59999999999854,5,162.19999999999914,move,improve
6707,15,278.59999999999854,5,162.19999999999914,2opt,notBad
6708,15,278.59999999999854,5,162.19999999999914,swap,notBad
6709,15,278.59999999999854,5,162.19999999999914,move,improve
6710,15,278.59999999999854,5,162.19999999999914,2opt,notBad
6711,15,278.59999999999854,5,162.19999999999914,2opt,notBad
6712,15,278.59999999999854,5,162.19999999999914,2opt,notBad
6713,15,278.59999999999854,5,162.19999999999914,2opt,notBad
6714,15,278.59999999999854,5,162.19999999999914,move,improve
6715,15,278.59999999999854,5,162.19999999999914,swap,notBad
6716,15,278.59999999999854,5,162.19999999999914,move,improve
6717,15,290.3999999999987,5,162.19999999999914,swap,acceptBad
6718,15,290.3999999999987,5,162.19999999999914,move,improve
6719,15,290.3999999999987,5,162.19999999999914,swap,notBad
6720,15,290.3999999999987,5,162.19999999999914,swap,notBad
6721,15,288.39999999999895,5,162.19999999999914,move,improve
6722,15,288.39999999999895,5,162.19999999999914,swap,notBad
6723,15,288.39999999999895,5,162.19999999999914,swap,notBad
6724,15,288.39999999999895,5,162.19999999999914,2opt,improve
6725,15,288.39999999999895,5,162.19999999999914,move,improve
6726,15,288.39999999999895,5,162.19999999999914,move,improve
6727,15,288.39999999999895,5,162.19999999999914,move,improve
6728,15,288.39999999999895,5,162.19999999999914,2opt,notBad
6729,15,288.39999999999895,5,162.19999999999914,swap,notBad
6730,15,288.39999999999895,5,162.19999999999914,swap,notBad
6731,15,288.39999999999895,5,162.19999999999914,2opt,notBad
6732,15,288.39999999999895,5,162.19999999999914,move,improve
6733,15,288.39999999999895,5,162.19999999999914,2opt,notBad
6734,15,288.39999999999895,5,162.19999999999914,2opt,notBad
6735,15,288.39999999999895,5,162.19999999999914,swap,notBad
6736,15,288.39999999999895,5,162.19999999999914,swap,notBad
6737,15,288.39999999999895,5,162.19999999999914,2opt,improve
6738,15,288.39999999999895,5,162.19999999999914,swap,notBad
6739,15,288.39999999999895,5,162.19999999999914,2opt,notBad
6740,15,288.39999999999895,5,162.19999999999914,swap,notBad
6741,15,288.39999999999895,5,162.19999999999914,2opt,notBad
6742,15,288.39999999999895,5,162.19999999999914,swap,notBad
6743,15,288.39999999999895,5,162.19999999999914,move,improve
6744,15,288.39999999999895,5,162.19999999999914,swap,notBad
6745,15,288.39999999999895,5,162.19999999999914,swap,notBad
6746,15,288.39999999999895,5,162.19999999999914,move,improve
6747,15,288.39999999999895,5,162.19999999999914,move,improve
6748,15,288.39999999999895,5,162.19999999999914,move,improve
6749,15,288.39999999999895,5,162.19999999999914,swap,notBad
6750,15,288.39999999999895,5,162.19999999999914,2opt,notBad
6751,15,288.39999999999895,5,162.19999999999914,move,improve
6752,15,288.39999999999895,5,162.19999999999914,swap,improve
6753,15,288.39999999999895,5,162.19999999999914,swap,notBad
6754,15,288.39999999999895,5,162.19999999999914,2opt,notBad
6755,15,288.39999999999895,5,162.19999999999914,move,improve
6756,15,288.39999999999895,5,162.19999999999914,swap,notBad
6757,15,288.39999999999895,5,162.19999999999914,swap,notBad
6758,15,288.39999999999895,5,162.19999999999914,move,improve
6759,15,288.39999999999895,5,162.19999999999914,move,improve
6760,15,288.39999999999895,5,162.19999999999914,2opt,notBad
6761,15,288.39999999999895,5,162.19999999999914,swap,notBad
6762,15,288.39999999999895,5,162.19999999999914,2opt,notBad
6763,15,288.39999999999895,5,162.19999999999914,swap,notBad
6764,15,288.39999999999895,5,162.19999999999914,2opt,notBad
6765,15,288.39999999999895,5,162.19999999999914,move,improve
6766,15,288.39999999999895,5,162.19999999999914,2opt,notBad
6767,15,288.39999999999895,5,162.19999999999914,2opt,notBad
6768,15,288.39999999999895,5,162.19999999999914,swap,notBad
6769,15,288.39999999999895,5,162.19999999999914,move,improve
6770,15,288.39999999999895,5,162.19999999999914,swap,improve
6771,15,288.39999999999895,5,162.19999999999914,2opt,notBad
6772,15,288.39999999999895,5,162.19999999999914,move,improve
6773,15,288.39999999999895,5,162.19999999999914,swap,notBad
6774,15,288.39999999999895,5,162.19999999999914,swap,notBad
6775,15,288.39999999999895,5,162.19999999999914,swap,notBad
6776,15,288.39999999999895,5,162.19999999999914,move,improve
6777,15,288.39999999999895,5,162.19999999999914,2opt,notBad
6778,15,288.39999999999895,5,162.19999999999914,2opt,improve
6779,15,288.39999999999895,5,162.19999999999914,2opt,notBad
6780,15,288.39999999999895,5,162.19999999999914,move,improve
6781,15,288.39999999999895,5,162.19999999999914,move,improve
6782,15,288.39999999999895,5,162.19999999999914,move,improve
6783,15,288.39999999999895,5,162.19999999999914,swap,notBad
6784,15,288.39999999999895,5,162.19999999999914,move,improve
6785,15,288.39999999999895,5,162.19999999999914,move,improve
6786,15,288.39999999999895,5,162.19999999999914,move,improve
6787,15,288.39999999999895,5,162.19999999999914,swap,notBad
6788,15,288.39999999999895,5,162.19999999999914,move,improve
6789,15,288.39999999999895,5,162.19999999999914,swap,notBad
6790,15,288.39999999999895,5,162.19999999999914,2opt,improve
6791,15,288.39999999999895,5,162.19999999999914,move,improve
6792,15,288.39999999999895,5,162.19999999999914,move,improve
6793,15,288.39999999999895,5,162.19999999999914,2opt,notBad
6794,15,288.39999999999895,5,162.19999999999914,2opt,notBad
6795,15,288.39999999999895,5,162.19999999999914,swap,notBad
6796,15,288.39999999999895,5,162.19999999999914,swap,notBad
6797,15,288.39999999999895,5,162.19999999999914,swap,notBad
6798,15,288.39999999999895,5,162.19999999999914,swap,notBad
6799,15,288.39999999999895,5,162.19999999999914,2opt,improve
6800,15,288.39999999999895,5,162.19999999999914,move,improve
6801,15,288.39999999999895,5,162.19999999999914,move,improve
6802,15,288.39999999999895,5,162.19999999999914,swap,notBad
6803,15,326.4000000000008,5,162.19999999999914,swap,acceptBad
6804,15,326.4000000000008,5,162.19999999999914,swap,notBad
6805,15,279.1999999999989,5,162.19999999999914,move,improve
6806,15,279.1999999999989,5,162.19999999999914,2opt,improve
6807,15,299.79999999999905,5,162.19999999999914,swap,acceptBad
6808,15,299.79999999999905,5,162.19999999999914,2opt,notBad
6809,15,299.79999999999905,5,162.19999999999914,swap,notBad
6810,15,299.79999999999905,5,162.19999999999914,2opt,notBad
6811,15,299.79999999999905,5,162.19999999999914,2opt,improve
6812,15,302.19999999999914,5,162.19999999999914,swap,acceptBad
6813,15,302.19999999999914,5,162.19999999999914,move,improve
6814,15,302.19999999999914,5,162.19999999999914,move,improve
6815,15,302.19999999999914,5,162.19999999999914,2opt,notBad
6816,15,302.19999999999914,5,162.19999999999914,2opt,notBad
6817,15,302.19999999999914,5,162.19999999999914,2opt,notBad
6818,15,302.19999999999914,5,162.19999999999914,2opt,notBad
6819,15,302.19999999999914,5,162.19999999999914,move,improve
6820,15,302.19999999999914,5,162.19999999999914,move,improve
6821,15,302.19999999999914,5,162.19999999999914,move,improve
6822,15,302.19999999999914,5,162.19999999999914,2opt,notBad
6823,15,302.19999999999914,5,162.19999999999914,move,improve
6824,15,302.19999999999914,5,162.19999999999914,2opt,notBad
6825,15,302.19999999999914,5,162.19999999999914,swap,notBad
6826,15,302.19999999999914,5,162.19999999999914,2opt,notBad
6827,15,302.19999999999914,5,162.19999999999914,move,improve
6828,15,324.1999999999973,5,162.19999999999914,swap,acceptBad
6829,15,324.1999999999973,5,162.19999999999914,2opt,notBad
6830,15,324.1999999999973,5,162.19999999999914,move,improve
6831,15,324.1999999999973,5,162.19999999999914,2opt,notBad
6832,15,324.1999999999973,5,162.19999999999914,move,improve
6833,15,295.79999999999995,5,162.19999999999914,swap,improve
6834,15,333.00000000000045,5,162.19999999999914,swap,acceptBad
6835,15,333.00000000000045,5,162.19999999999914,2opt,notBad
6836,15,333.00000000000045,5,162.19999999999914,swap,notBad
6837,15,333.00000000000045,5,162.19999999999914,swap,notBad
6838,15,333.00000000000045,5,162.19999999999914,move,improve
6839,15,333.00000000000045,5,162.19999999999914,move,improve
6840,15,333.00000000000045,5,162.19999999999914,swap,notBad
6841,15,333.00000000000045,5,162.19999999999914,move,improve
6842,15,333.00000000000045,5,162.19999999999914,2opt,notBad
6843,15,333.00000000000045,5,162.19999999999914,2opt,notBad
6844,15,333.00000000000045,5,162.19999999999914,move,improve
6845,15,333.00000000000045,5,162.19999999999914,2opt,notBad
6846,15,333.00000000000045,5,162.19999999999914,swap,notBad
6847,15,333.00000000000045,5,162.19999999999914,2opt,improve
6848,15,333.00000000000045,5,162.19999999999914,move,improve
6849,15,333.00000000000045,5,162.19999999999914,swap,notBad
6850,15,333.00000000000045,5,162.19999999999914,move,improve
6851,15,333.00000000000045,5,162.19999999999914,move,improve
6852,15,333.00000000000045,5,162.19999999999914,move,notBad
6853,15,333.00000000000045,5,162.19999999999914,move,improve
6854,15,333.00000000000045,5,162.19999999999914,swap,notBad
6855,15,330.2000000000014,5,162.19999999999914,move,improve
6856,15,330.2000000000014,5,162.19999999999914,2opt,notBad
6857,15,330.2000000000014,5,162.19999999999914,2opt,improve
6858,15,330.2000000000014,5,162.19999999999914,swap,notBad
6859,15,330.2000000000014,5,162.19999999999914,swap,notBad
6860,15,330.2000000000014,5,162.19999999999914,2opt,notBad
6861,15,329.4000000000012,5,162.19999999999914,move,improve
6862,15,329.4000000000012,5,162.19999999999914,2opt,notBad
6863,15,329.4000000000012,5,162.19999999999914,2opt,notBad
6864,15,329.4000000000012,5,162.19999999999914,2opt,notBad
6865,15,329.4000000000012,5,162.19999999999914,swap,notBad
6866,15,329.4000000000012,5,162.19999999999914,2opt,notBad
6867,15,329.4000000000012,5,162.19999999999914,2opt,notBad
6868,15,329.4000000000012,5,162.19999999999914,2opt,notBad
6869,15,329.4000000000012,5,162.19999999999914,move,improve
6870,15,328.60000000000105,5,162.19999999999914,move,improve
6871,15,328.60000000000105,5,162.19999999999914,2opt,improve
6872,15,328.60000000000105,5,162.19999999999914,swap,notBad
6873,15,328.60000000000105,5,162.19999999999914,swap,notBad
6874,15,328.60000000000105,5,162.19999999999914,swap,notBad
6875,15,328.60000000000105,5,162.19999999999914,move,improve
6876,15,328.60000000000105,5,162.19999999999914,swap,notBad
6877,15,328.60000000000105,5,162.19999999999914,2opt,notBad
6878,15,328.60000000000105,5,162.19999999999914,move,improve
6879,15,328.60000000000105,5,162.19999999999914,move,improve
6880,15,328.60000000000105,5,162.19999999999914,move,improve
6881,15,328.60000000000105,5,162.19999999999914,2opt,notBad
6882,15,328.60000000000105,5,162.19999999999914,2opt,improve
6883,15,296.60000000000014,5,162.19999999999914,move,improve
6884,15,296.60000000000014,5,162.19999999999914,swap,notBad
6885,15,296.60000000000014,5,162.19999999999914,2opt,notBad
6886,15,296.60000000000014,5,162.19999999999914,move,notBad
6887,15,296.60000000000014,5,162.19999999999914,swap,notBad
6888,15,296.60000000000014,5,162.19999999999914,move,improve
6889,15,295.60000000000105,5,162.19999999999914,move,improve
6890,15,295.60000000000105,5,162.19999999999914,move,improve
6891,15,295.60000000000105,5,162.19999999999914,2opt,improve
6892,15,295.60000000000105,5,162.19999999999914,swap,notBad
6893,15,295.60000000000105,5,162.19999999999914,swap,notBad
6894,15,295.60000000000105,5,162.19999999999914,2opt,notBad
6895,15,295.60000000000105,5,162.19999999999914,2opt,notBad
6896,15,294.2000000000007,5,162.19999999999914,swap,improve
6897,15,294.2000000000007,5,162.19999999999914,move,improve
6898,15,294.2000000000007,5,162.19999999999914,swap,notBad
6899,15,294.2000000000007,5,162.19999999999914,2opt,notBad
6900,15,294.2000000000007,5,162.19999999999914,2opt,notBad
6901,15,294.2000000000007,5,162.19999999999914,2opt,notBad
6902,15,294.2000000000007,5,162.19999999999914,swap,notBad
6903,15,294.2000000000007,5,162.19999999999914,move,improve
6904,15,294.2000000000007,5,162.19999999999914,2opt,improve
6905,15,294.2000000000007,5,162.19999999999914,2opt,improve
6906,15,294.2000000000007,5,162.19999999999914,2opt,improve
6907,15,294.2000000000007,5,162.19999999999914,swap,notBad
6908,15,294.2000000000007,5,162.19999999999914,swap,notBad
6909,15,294.2000000000007,5,162.19999999999914,move,improve
6910,15,294.2000000000007,5,162.19999999999914,2opt,notBad
6911,15,294.2000000000007,5,162.19999999999914,swap,notBad
6912,15,294.2000000000007,5,162.19999999999914,swap,notBad
6913,15,294.2000000000007,5,162.19999999999914,swap,notBad
6914,15,294.2000000000007,5,162.19999999999914,2opt,notBad
6915,15,294.2000000000007,5,162.19999999999914,2opt,notBad
6916,15,294.2000000000007,5,162.19999999999914,2opt,notBad
6917,15,294.2000000000007,5,162.19999999999914,2opt,notBad
6918,15,294.2000000000007,5,162.19999999999914,move,improve
6919,15,294.2000000000007,5,162.19999999999914,2opt,improve
6920,15,294.2000000000007,5,162.19999999999914,2opt,notBad
6921,15,294.2000000000007,5,162.19999999999914,2opt,notBad
6922,15,294.2000000000007,5,162.19999999999914,2opt,improve
6923,15,294.2000000000007,5,162.19999999999914,move,improve
6924,15,294.2000000000007,5,162.19999999999914,swap,improve
6925,15,294.2000000000007,5,162.19999999999914,2opt,improve
6926,15,294.2000000000007,5,162.19999999999914,2opt,notBad
6927,15,294.2000000000007,5,162.19999999999914,swap,notBad
6928,15,294.2000000000007,5,162.19999999999914,swap,notBad
6929,15,294.2000000000007,5,162.19999999999914,move,improve
6930,15,294.2000000000007,5,162.19999999999914,2opt,improve
6931,15,294.2000000000007,5,162.19999999999914,2opt,notBad
6932,15,294.2000000000007,5,162.19999999999914,move,improve
6933,15,294.2000000000007,5,162.19999999999914,move,improve
6934,15,294.2000000000007,5,162.19999999999914,swap,notBad
6935,15,294.2000000000007,5,162.19999999999914,move,improve
6936,15,294.2000000000007,5,162.19999999999914,move,improve
6937,15,294.2000000000007,5,162.19999999999914,move,improve
6938,15,294.2000000000007,5,162.19999999999914,move,improve
6939,15,294.2000000000007,5,162.19999999999914,move,improve
6940,15,294.2000000000007,5,162.19999999999914,move,improve
6941,15,294.2000000000007,5,162.19999999999914,2opt,notBad
6942,15,294.2000000000007,5,162.19999999999914,swap,notBad
6943,15,294.2000000000007,5,162.19999999999914,swap,notBad
6944,15,294.2000000000007,5,162.19999999999914,2opt,notBad
6945,15,294.2000000000007,5,162.19999999999914,move,improve
6946,15,294.2000000000007,5,162.19999999999914,2opt,notBad
6947,15,294.2000000000007,5,162.19999999999914,2opt,notBad
6948,15,294.2000000000007,5,162.19999999999914,swap,notBad
6949,15,294.2000000000007,5,162.19999999999914,swap,notBad
6950,15,286.2000000000005,5,162.19999999999914,move,improve
6951,15,286.2000000000005,5,162.19999999999914,swap,notBad
6952,15,286.2000000000005,5,162.19999999999914,move,improve
6953,15,286.2000000000005,5,162.19999999999914,move,improve
6954,15,286.2000000000005,5,162.19999999999914,swap,notBad
6955,15,286.2000000000005,5,162.19999999999914,2opt,notBad
6956,15,286.2000000000005,5,162.19999999999914,swap,notBad
6957,15,286.2000000000005,5,162.19999999999914,swap,notBad
6958,15,286.2000000000005,5,162.19999999999914,swap,notBad
6959,15,286.2000000000005,5,162.19999999999914,2opt,improve
6960,15,286.2000000000005,5,162.19999999999914,2opt,improve
6961,15,286.2000000000005,5,162.19999999999914,move,improve
6962,15,286.2000000000005,5,162.19999999999914,swap,notBad
6963,15,286.2000000000005,5,162.19999999999914,2opt,improve
6964,15,286.2000000000005,5,162.19999999999914,move,improve
6965,15,286.2000000000005,5,162.19999999999914,move,improve
6966,15,286.2000000000005,5,162.19999999999914,swap,notBad
6967,15,286.2000000000005,5,162.19999999999914,swap,notBad
6968,15,286.2000000000005,5,162.19999999999914,swap,notBad
6969,15,286.2000000000005,5,162.19999999999914,2opt,improve
6970,15,286.2000000000005,5,162.19999999999914,swap,notBad
6971,15,286.2000000000005,5,162.19999999999914,2opt,notBad
6972,15,286.2000000000005,5,162.19999999999914,swap,notBad
6973,15,286.2000000000005,5,162.19999999999914,move,improve
6974,15,286.2000000000005,5,162.19999999999914,swap,notBad
6975,15,286.2000000000005,5,162.19999999999914,swap,notBad
6976,15,286.2000000000005,5,162.19999999999914,swap,notBad
6977,15,286.2000000000005,5,162.19999999999914,2opt,improve
6978,15,280.39999999999964,5,162.19999999999914,move,improve
6979,15,280.39999999999964,5,162.19999999999914,swap,notBad
6980,15,280.39999999999964,5,162.19999999999914,move,improve
6981,15,280.39999999999964,5,162.19999999999914,swap,notBad
6982,15,280.39999999999964,5,162.19999999999914,swap,notBad
6983,15,280.39999999999964,5,162.19999999999914,2opt,improve
6984,15,280.39999999999964,5,162.19999999999914,move,improve
6985,15,280.39999999999964,5,162.19999999999914,2opt,notBad
6986,15,280.39999999999964,5,162.19999999999914,2opt,notBad
6987,15,280.39999999999964,5,162.19999999999914,move,improve
6988,15,280.39999999999964,5,162.19999999999914,swap,notBad
6989,15,280.39999999999964,5,162.19999999999914,swap,notBad
6990,15,280.39999999999964,5,162.19999999999914,move,improve
6991,15,280.39999999999964,5,162.19999999999914,swap,notBad
6992,15,280.39999999999964,5,162.19999999999914,move,improve
6993,15,280.39999999999964,5,162.19999999999914,2opt,notBad
6994,15,280.39999999999964,5,162.19999999999914,move,improve
6995,15,280.39999999999964,5,162.19999999999914,move,improve
6996,15,280.39999999999964,5,162.19999999999914,move,improve
6997,15,280.39999999999964,5,162.19999999999914,2opt,notBad
6998,15,280.39999999999964,5,162.19999999999914,move,improve
6999,15,280.39999999999964,5,162.19999999999914,swap,improve
7000,15,280.39999999999964,5,162.19999999999914,2opt,improve
7001,15,280.39999999999964,5,162.19999999999914,swap,notBad
7002,15,280.39999999999964,5,162.19999999999914,swap,notBad
7003,15,280.39999999999964,5,162.19999999999914,move,improve
7004,15,290.79999999999905,5,162.19999999999914,swap,acceptBad
7005,15,290.79999999999905,5,162.19999999999914,move,improve
7006,15,290.79999999999905,5,162.19999999999914,swap,notBad
7007,15,290.79999999999905,5,162.19999999999914,swap,notBad
7008,15,290.79999999999905,5,162.19999999999914,move,improve
7009,15,290.79999999999905,5,162.19999999999914,2opt,notBad
7010,15,290.79999999999905,5,162.19999999999914,move,improve
7011,15,290.79999999999905,5,162.19999999999914,2opt,notBad
7012,15,290.79999999999905,5,162.19999999999914,move,improve
7013,15,290.79999999999905,5,162.19999999999914,2opt,notBad
7014,15,280.79999999999995,5,162.19999999999914,move,improve
7015,15,280.79999999999995,5,162.19999999999914,swap,notBad
7016,15,280.79999999999995,5,162.19999999999914,swap,notBad
7017,15,280.79999999999995,5,162.19999999999914,2opt,improve
7018,15,280.79999999999995,5,162.19999999999914,2opt,notBad
7019,15,280.79999999999995,5,162.19999999999914,move,improve
7020,15,280.79999999999995,5,162.19999999999914,move,improve
7021,15,280.79999999999995,5,162.19999999999914,2opt,notBad
7022,15,280.79999999999995,5,162.19999999999914,move,improve
7023,15,280.79999999999995,5,162.19999999999914,move,improve
7024,15,280.79999999999995,5,162.19999999999914,2opt,notBad
7025,15,280.79999999999995,5,162.19999999999914,2opt,notBad
7026,15,280.79999999999995,5,162.19999999999914,2opt,improve
7027,15,280.79999999999995,5,162.19999999999914,2opt,notBad
7028,15,280.79999999999995,5,162.19999999999914,swap,notBad
7029,15,280.79999999999995,5,162.19999999999914,move,improve
7030,15,280.79999999999995,5,162.19999999999914,2opt,improve
7031,15,280.79999999999995,5,162.19999999999914,swap,notBad
7032,15,280.79999999999995,5,162.19999999999914,swap,notBad
7033,15,280.79999999999995,5,162.19999999999914,2opt,improve
7034,15,280.79999999999995,5,162.19999999999914,swap,notBad
7035,15,280.79999999999995,5,162.19999999999914,move,improve
7036,15,280.79999999999995,5,162.19999999999914,swap,notBad
7037,15,280.79999999999995,5,162.19999999999914,2opt,notBad
7038,15,280.79999999999995,5,162.19999999999914,2opt,notBad
7039,15,280.79999999999995,5,162.19999999999914,2opt,notBad
7040,15,280.79999999999995,5,162.19999999999914,move,improve
7041,15,280.79999999999995,5,162.19999999999914,2opt,notBad
7042,15,278.3999999999992,5,162.19999999999914,move,improve
7043,15,278.3999999999992,5,162.19999999999914,swap,notBad
7044,15,278.3999999999992,5,162.19999999999914,swap,notBad
7045,15,266.5999999999983,5,162.19999999999914,swap,improve
7046,15,266.5999999999983,5,162.19999999999914,swap,improve
7047,15,266.5999999999983,5,162.19999999999914,swap,notBad
7048,15,266.5999999999983,5,162.19999999999914,2opt,notBad
7049,15,266.5999999999983,5,162.19999999999914,swap,notBad
7050,15,266.5999999999983,5,162.19999999999914,2opt,improve
7051,15,266.5999999999983,5,162.19999999999914,move,improve
7052,15,266.5999999999983,5,162.19999999999914,move,improve
7053,15,266.5999999999983,5,162.19999999999914,move,improve
7054,15,266.5999999999983,5,162.19999999999914,swap,notBad
7055,15,266.5999999999983,5,162.19999999999914,swap,notBad
7056,15,266.5999999999983,5,162.19999999999914,2opt,notBad
7057,15,266.5999999999983,5,162.19999999999914,move,improve
7058,15,266.5999999999983,5,162.19999999999914,move,improve
7059,15,266.5999999999983,5,162.19999999999914,2opt,improve
7060,15,266.5999999999983,5,162.19999999999914,2opt,notBad
7061,15,266.5999999999983,5,162.19999999999914,swap,notBad
7062,15,266.5999999999983,5,162.19999999999914,swap,notBad
7063,15,266.5999999999983,5,162.19999999999914,2opt,improve
7064,15,266.5999999999983,5,162.19999999999914,2opt,notBad
7065,15,266.5999999999983,5,162.19999999999914,move,improve
7066,15,266.5999999999983,5,162.19999999999914,2opt,improve
7067,15,266.5999999999983,5,162.19999999999914,swap,notBad
7068,15,266.5999999999983,5,162.19999999999914,swap,notBad
7069,15,266.5999999999983,5,162.19999999999914,move,improve
7070,15,266.5999999999983,5,162.19999999999914,move,improve
7071,15,266.5999999999983,5,162.19999999999914,2opt,notBad
7072,15,266.5999999999983,5,162.19999999999914,2opt,notBad
7073,15,266.5999999999983,5,162.19999999999914,2opt,notBad
7074,15,266.5999999999983,5,162.19999999999914,move,improve
7075,15,265.9999999999998,5,162.19999999999914,move,improve
7076,15,265.9999999999998,5,162.19999999999914,move,improve
7077,15,265.9999999999998,5,162.19999999999914,2opt,improve
7078,15,265.9999999999998,5,162.19999999999914,swap,notBad
7079,15,265.9999999999998,5,162.19999999999914,swap,notBad
7080,15,265.9999999999998,5,162.19999999999914,move,improve
7081,15,265.9999999999998,5,162.19999999999914,2opt,improve
7082,15,265.9999999999998,5,162.19999999999914,move,improve
7083,15,310.1999999999998,5,162.19999999999914,swap,acceptBad
7084,15,310.1999999999998,5,162.19999999999914,2opt,notBad
7085,15,310.1999999999998,5,162.19999999999914,swap,notBad
7086,15,310.1999999999998,5,162.19999999999914,move,improve
7087,15,310.1999999999998,5,162.19999999999914,2opt,notBad
7088,15,310.1999999999998,5,162.19999999999914,move,improve
7089,15,310.1999999999998,5,162.19999999999914,move,improve
7090,15,310.1999999999998,5,162.19999999999914,swap,notBad
7091,15,310.1999999999998,5,162.19999999999914,2opt,notBad
7092,15,310.1999999999998,5,162.19999999999914,move,improve
7093,15,310.1999999999998,5,162.19999999999914,move,improve
7094,15,310.1999999999998,5,162.19999999999914,swap,notBad
7095,15,310.1999999999998,5,162.19999999999914,2opt,notBad
7096,15,310.1999999999998,5,162.19999999999914,swap,improve
7097,15,310.1999999999998,5,162.19999999999914,move,improve
7098,15,310.1999999999998,5,162.19999999999914,move,improve
7099,15,310.1999999999998,5,162.19999999999914,2opt,notBad
7100,15,310.1999999999998,5,162.19999999999914,2opt,notBad
7101,15,310.1999999999998,5,162.19999999999914,2opt,improve
7102,15,310.1999999999998,5,162.19999999999914,move,improve
7103,15,310.1999999999998,5,162.19999999999914,move,improve
7104,15,310.1999999999998,5,162.19999999999914,2opt,notBad
7105,15,310.1999999999998,5,162.19999999999914,2opt,notBad
7106,15,310.1999999999998,5,162.19999999999914,2opt,improve
7107,15,310.1999999999998,5,162.19999999999914,swap,notBad
7108,15,310.1999999999998,5,162.19999999999914,2opt,improve
7109,15,310.1999999999998,5,162.19999999999914,move,improve
7110,15,310.1999999999998,5,162.19999999999914,2opt,improve
7111,15,310.1999999999998,5,162.19999999999914,move,improve
7112,15,310.1999999999998,5,162.19999999999914,2opt,notBad
7113,15,310.1999999999998,5,162.19999999999914,2opt,notBad
7114,15,310.1999999999998,5,162.19999999999914,move,improve
7115,15,310.1999999999998,5,162.19999999999914,move,improve
7116,15,310.1999999999998,5,162.19999999999914,swap,notBad
7117,15,310.1999999999998,5,162.19999999999914,swap,notBad
7118,15,310.1999999999998,5,162.19999999999914,2opt,notBad
7119,15,310.1999999999998,5,162.19999999999914,swap,notBad
7120,15,310.1999999999998,5,162.19999999999914,move,improve
7121,15,310.1999999999998,5,162.19999999999914,move,improve
7122,15,310.1999999999998,5,162.19999999999914,swap,notBad
7123,15,310.1999999999998,5,162.19999999999914,2opt,notBad
7124,15,310.1999999999998,5,162.19999999999914,move,improve
7125,15,310.1999999999998,5,162.19999999999914,swap,notBad
7126,15,310.1999999999998,5,162.19999999999914,2opt,notBad
7127,15,310.1999999999998,5,162.19999999999914,2opt,improve
7128,15,310.1999999999998,5,162.19999999999914,2opt,improve
7129,15,310.1999999999998,5,162.19999999999914,2opt,notBad
7130,15,310.1999999999998,5,162.19999999999914,2opt,notBad
7131,15,310.1999999999998,5,162.19999999999914,move,improve
7132,15,310.1999999999998,5,162.19999999999914,2opt,improve
7133,15,310.1999999999998,5,162.19999999999914,swap,improve
7134,15,310.1999999999998,5,162.19999999999914,move,improve
7135,15,310.1999999999998,5,162.19999999999914,2opt,notBad
7136,15,310.1999999999998,5,162.19999999999914,2opt,notBad
7137,15,310.1999999999998,5,162.19999999999914,move,improve
7138,15,310.1999999999998,5,162.19999999999914,move,improve
7139,15,310.1999999999998,5,162.19999999999914,2opt,notBad
7140,15,310.1999999999998,5,162.19999999999914,swap,notBad
7141,15,310.1999999999998,5,162.19999999999914,move,improve
7142,15,310.1999999999998,5,162.19999999999914,2opt,notBad
7143,15,310.1999999999998,5,162.19999999999914,2opt,notBad
7144,15,310.1999999999998,5,162.19999999999914,2opt,notBad
7145,15,284.40000000000055,5,162.19999999999914,move,improve
7146,15,284.40000000000055,5,162.19999999999914,swap,notBad
7147,15,284.40000000000055,5,162.19999999999914,swap,improve
7148,15,284.40000000000055,5,162.19999999999914,2opt,notBad
7149,15,284.40000000000055,5,162.19999999999914,move,improve
7150,15,284.40000000000055,5,162.19999999999914,2opt,notBad
7151,15,284.40000000000055,5,162.19999999999914,move,improve
7152,15,284.40000000000055,5,162.19999999999914,swap,notBad
7153,15,284.40000000000055,5,162.19999999999914,2opt,improve
7154,15,284.40000000000055,5,162.19999999999914,move,improve
7155,15,284.40000000000055,5,162.19999999999914,move,improve
7156,15,284.40000000000055,5,162.19999999999914,2opt,notBad
7157,15,296.9999999999977,5,162.19999999999914,swap,acceptBad
7158,15,296.9999999999977,5,162.19999999999914,2opt,notBad
7159,15,296.9999999999977,5,162.19999999999914,swap,notBad
7160,15,296.9999999999977,5,162.19999999999914,swap,notBad
7161,15,296.9999999999977,5,162.19999999999914,move,improve
7162,15,296.9999999999977,5,162.19999999999914,move,improve
7163,15,296.9999999999977,5,162.19999999999914,move,improve
7164,15,296.9999999999977,5,162.19999999999914,move,improve
7165,15,296.9999999999977,5,162.19999999999914,2opt,improve
7166,15,296.9999999999977,5,162.19999999999914,swap,notBad
7167,15,296.9999999999977,5,162.19999999999914,2opt,improve
7168,15,296.9999999999977,5,162.19999999999914,move,improve
7169,15,296.9999999999977,5,162.19999999999914,2opt,notBad
7170,15,296.9999999999977,5,162.19999999999914,2opt,notBad
7171,15,296.9999999999977,5,162.19999999999914,move,improve
7172,15,296.9999999999977,5,162.19999999999914,2opt,notBad
7173,15,296.9999999999977,5,162.19999999999914,move,improve
7174,15,296.9999999999977,5,162.19999999999914,swap,notBad
7175,15,296.9999999999977,5,162.19999999999914,move,improve
7176,15,296.9999999999977,5,162.19999999999914,move,improve
7177,15,296.9999999999977,5,162.19999999999914,move,improve
7178,15,296.9999999999977,5,162.19999999999914,2opt,notBad
7179,15,296.9999999999977,5,162.19999999999914,move,improve
7180,15,296.9999999999977,5,162.19999999999914,swap,notBad
7181,15,296.9999999999977,5,162.19999999999914,2opt,notBad
7182,15,296.9999999999977,5,162.19999999999914,swap,notBad
7183,15,296.9999999999977,5,162.19999999999914,swap,notBad
7184,15,296.9999999999977,5,162.19999999999914,swap,notBad
7185,15,296.9999999999977,5,162.19999999999914,swap,notBad
7186,15,296.9999999999977,5,162.19999999999914,swap,improve
7187,15,296.9999999999977,5,162.19999999999914,move,improve
7188,15,296.9999999999977,5,162.19999999999914,2opt,notBad
7189,15,296.9999999999977,5,162.19999999999914,swap,notBad
7190,15,296.9999999999977,5,162.19999999999914,move,improve
7191,15,296.9999999999977,5,162.19999999999914,2opt,notBad
7192,15,281.5999999999992,5,162.19999999999914,move,improve
7193,15,281.5999999999992,5,162.19999999999914,2opt,notBad
7194,15,281.5999999999992,5,162.19999999999914,2opt,improve
7195,15,281.5999999999992,5,162.19999999999914,move,improve
7196,15,281.5999999999992,5,162.19999999999914,move,improve
7197,15,281.5999999999992,5,162.19999999999914,move,improve
7198,15,281.5999999999992,5,162.19999999999914,move,improve
7199,15,281.5999999999992,5,162.19999999999914,2opt,notBad
7200,15,281.5999999999992,5,162.19999999999914,2opt,notBad
7201,15,281.5999999999992,5,162.19999999999914,2opt,notBad
7202,15,281.5999999999992,5,162.19999999999914,move,improve
7203,15,281.5999999999992,5,162.19999999999914,swap,notBad
7204,15,281.59999999999854,5,162.19999999999914,move,improve
7205,15,281.59999999999854,5,162.19999999999914,2opt,notBad
7206,15,281.59999999999854,5,162.19999999999914,2opt,notBad
7207,15,281.59999999999854,5,162.19999999999914,move,improve
7208,15,281.59999999999854,5,162.19999999999914,swap,notBad
7209,15,281.59999999999854,5,162.19999999999914,swap,notBad
7210,15,281.59999999999854,5,162.19999999999914,swap,notBad
7211,15,281.59999999999854,5,162.19999999999914,2opt,notBad
7212,15,281.59999999999854,5,162.19999999999914,move,improve
7213,15,281.59999999999854,5,162.19999999999914,swap,improve
7214,15,281.59999999999854,5,162.19999999999914,2opt,notBad
7215,15,281.59999999999854,5,162.19999999999914,2opt,notBad
7216,15,281.59999999999854,5,162.19999999999914,move,improve
7217,15,281.59999999999854,5,162.19999999999914,move,improve
7218,15,281.59999999999854,5,162.19999999999914,2opt,notBad
7219,15,281.59999999999854,5,162.19999999999914,move,improve
7220,15,281.59999999999854,5,162.19999999999914,move,improve
7221,15,281.59999999999854,5,162.19999999999914,swap,notBad
7222,15,281.59999999999854,5,162.19999999999914,move,improve
7223,15,281.59999999999854,5,162.19999999999914,swap,improve
7224,15,281.59999999999854,5,162.19999999999914,move,improve
7225,15,281.59999999999854,5,162.19999999999914,swap,notBad
7226,15,281.59999999999854,5,162.19999999999914,swap,notBad
7227,15,281.59999999999854,5,162.19999999999914,move,improve
7228,15,281.59999999999854,5,162.19999999999914,swap,notBad
7229,15,276.19999999999936,5,162.19999999999914,swap,improve
7230,15,276.19999999999936,5,162.19999999999914,swap,improve
7231,15,276.19999999999936,5,162.19999999999914,swap,notBad
7232,15,276.19999999999936,5,162.19999999999914,swap,notBad
7233,15,276.19999999999936,5,162.19999999999914,swap,notBad
7234,15,303.00000000000136,5,162.19999999999914,move,acceptBad
7235,15,303.00000000000136,5,162.19999999999914,2opt,notBad
7236,15,303.00000000000136,5,162.19999999999914,swap,notBad
7237,15,303.00000000000136,5,162.19999999999914,2opt,notBad
7238,15,303.00000000000136,5,162.19999999999914,move,improve
7239,15,303.00000000000136,5,162.19999999999914,2opt,improve
7240,15,303.00000000000136,5,162.19999999999914,swap,notBad
7241,15,303.00000000000136,5,162.19999999999914,2opt,notBad
7242,15,303.00000000000136,5,162.19999999999914,swap,notBad
7243,15,303.00000000000136,5,162.19999999999914,2opt,notBad
7244,15,303.00000000000136,5,162.19999999999914,move,improve
7245,15,303.00000000000136,5,162.19999999999914,swap,notBad
7246,15,303.00000000000136,5,162.19999999999914,swap,notBad
7247,15,303.00000000000114,5,162.19999999999914,move,improve
7248,15,303.00000000000114,5,162.19999999999914,2opt,improve
7249,15,303.00000000000114,5,162.19999999999914,2opt,notBad
7250,15,275.99999999999955,5,162.19999999999914,move,improve
7251,15,275.99999999999955,5,162.19999999999914,2opt,notBad
7252,15,275.99999999999955,5,162.19999999999914,swap,notBad
7253,15,275.99999999999955,5,162.19999999999914,swap,notBad
7254,15,275.99999999999955,5,162.19999999999914,swap,notBad
7255,15,275.99999999999955,5,162.19999999999914,move,improve
7256,15,275.99999999999955,5,162.19999999999914,move,improve
7257,15,275.99999999999955,5,162.19999999999914,move,improve
7258,15,275.99999999999955,5,162.19999999999914,swap,notBad
7259,15,275.99999999999955,5,162.19999999999914,2opt,notBad
7260,15,275.99999999999955,5,162.19999999999914,2opt,improve
7261,15,275.99999999999955,5,162.19999999999914,move,improve
7262,15,275.99999999999955,5,162.19999999999914,swap,notBad
7263,15,275.99999999999955,5,162.19999999999914,swap,notBad
7264,15,275.99999999999955,5,162.19999999999914,2opt,notBad
7265,15,275.99999999999955,5,162.19999999999914,move,improve
7266,15,275.99999999999955,5,162.19999999999914,2opt,improve
7267,15,275.99999999999955,5,162.19999999999914,move,improve
7268,15,275.99999999999955,5,162.19999999999914,move,improve
7269,15,275.99999999999955,5,162.19999999999914,2opt,notBad
7270,15,275.99999999999955,5,162.19999999999914,2opt,notBad
7271,15,275.99999999999955,5,162.19999999999914,swap,notBad
7272,15,275.99999999999955,5,162.19999999999914,move,improve
7273,15,275.99999999999955,5,162.19999999999914,move,improve
7274,15,275.99999999999955,5,162.19999999999914,move,improve
7275,15,275.99999999999955,5,162.19999999999914,move,improve
7276,15,275.99999999999955,5,162.19999999999914,2opt,improve
7277,15,275.99999999999955,5,162.19999999999914,2opt,notBad
7278,15,275.99999999999955,5,162.19999999999914,swap,notBad
7279,15,275.99999999999955,5,162.19999999999914,swap,notBad
7280,15,275.99999999999955,5,162.19999999999914,swap,notBad
7281,15,275.99999999999955,5,162.19999999999914,2opt,notBad
7282,15,275.99999999999955,5,162.19999999999914,move,improve
7283,15,275.99999999999955,5,162.19999999999914,swap,notBad
7284,15,275.99999999999955,5,162.19999999999914,2opt,improve
7285,15,275.99999999999955,5,162.19999999999914,swap,notBad
7286,15,275.99999999999955,5,162.19999999999914,move,improve
7287,15,275.99999999999955,5,162.19999999999914,swap,improve
7288,15,275.99999999999955,5,162.19999999999914,move,improve
7289,15,275.99999999999955,5,162.19999999999914,2opt,improve
7290,15,275.99999999999955,5,162.19999999999914,2opt,notBad
7291,15,275.99999999999955,5,162.19999999999914,swap,improve
7292,15,275.99999999999955,5,162.19999999999914,2opt,notBad
7293,15,275.99999999999955,5,162.19999999999914,swap,notBad
7294,15,275.99999999999955,5,162.19999999999914,swap,notBad
7295,15,275.99999999999955,5,162.19999999999914,move,improve
7296,15,275.99999999999955,5,162.19999999999914,move,improve
7297,15,275.99999999999955,5,162.19999999999914,2opt,improve
7298,15,275.99999999999955,5,162.19999999999914,swap,notBad
7299,15,275.99999999999955,5,162.19999999999914,move,improve
7300,15,275.99999999999955,5,162.19999999999914,2opt,notBad
7301,15,275.99999999999955,5,162.19999999999914,swap,notBad
7302,15,275.99999999999955,5,162.19999999999914,swap,notBad
7303,15,275.99999999999955,5,162.19999999999914,2opt,notBad
7304,15,275.99999999999955,5,162.19999999999914,move,improve
7305,15,275.99999999999955,5,162.19999999999914,2opt,notBad
7306,15,275.99999999999955,5,162.19999999999914,2opt,notBad
7307,15,275.99999999999955,5,162.19999999999914,2opt,improve
7308,15,275.99999999999955,5,162.19999999999914,2opt,notBad
7309,15,275.99999999999955,5,162.19999999999914,2opt,improve
7310,15,275.99999999999955,5,162.19999999999914,swap,improve
7311,15,275.99999999999955,5,162.19999999999914,move,improve
7312,15,275.99999999999955,5,162.19999999999914,2opt,notBad
7313,15,275.99999999999955,5,162.19999999999914,move,improve
7314,15,275.99999999999955,5,162.19999999999914,2opt,notBad
7315,15,275.99999999999955,5,162.19999999999914,2opt,notBad
7316,15,275.99999999999955,5,162.19999999999914,move,improve
7317,15,275.99999999999955,5,162.19999999999914,2opt,notBad
7318,15,275.99999999999955,5,162.19999999999914,move,improve
7319,15,275.99999999999955,5,162.19999999999914,swap,notBad
7320,15,275.99999999999955,5,162.19999999999914,2opt,notBad
7321,15,275.99999999999955,5,162.19999999999914,swap,notBad
7322,15,275.99999999999955,5,162.19999999999914,swap,notBad
7323,15,275.99999999999955,5,162.19999999999914,move,improve
7324,15,275.99999999999955,5,162.19999999999914,move,improve
7325,15,275.99999999999955,5,162.19999999999914,move,improve
7326,15,275.99999999999955,5,162.19999999999914,2opt,notBad
7327,15,275.99999999999955,5,162.19999999999914,swap,notBad
7328,15,275.99999999999955,5,162.19999999999914,swap,notBad
7329,15,275.99999999999955,5,162.19999999999914,move,improve
7330,15,275.99999999999955,5,162.19999999999914,2opt,notBad
7331,15,275.99999999999955,5,162.19999999999914,swap,improve
7332,15,275.99999999999955,5,162.19999999999914,move,improve
7333,15,275.99999999999955,5,162.19999999999914,move,improve
7334,15,275.5999999999997,5,162.19999999999914,move,improve
7335,15,275.5999999999997,5,162.19999999999914,move,improve
7336,15,275.5999999999997,5,162.19999999999914,2opt,notBad
7337,15,275.5999999999997,5,162.19999999999914,2opt,notBad
7338,15,275.5999999999997,5,162.19999999999914,swap,notBad
7339,15,275.5999999999997,5,162.19999999999914,swap,notBad
7340,15,275.5999999999997,5,162.19999999999914,swap,notBad
7341,15,275.5999999999997,5,162.19999999999914,2opt,improve
7342,15,275.5999999999997,5,162.19999999999914,move,improve
7343,15,275.5999999999997,5,162.19999999999914,swap,notBad
7344,15,275.5999999999997,5,162.19999999999914,swap,notBad
7345,15,275.5999999999997,5,162.19999999999914,swap,notBad
7346,15,275.5999999999997,5,162.19999999999914,swap,notBad
7347,15,275.5999999999997,5,162.19999999999914,2opt,notBad
7348,15,276.19999999999936,5,162.19999999999914,swap,acceptBad
7349,15,276.19999999999936,5,162.19999999999914,2opt,notBad
7350,15,276.19999999999936,5,162.19999999999914,2opt,notBad
7351,15,279.3999999999992,5,162.19999999999914,2opt,acceptBad
7352,15,279.3999999999992,5,162.19999999999914,2opt,notBad
7353,15,279.3999999999992,5,162.19999999999914,swap,notBad
7354,15,279.3999999999992,5,162.19999999999914,swap,notBad
7355,15,279.3999999999992,5,162.19999999999914,swap,notBad
7356,15,279.3999999999992,5,162.19999999999914,2opt,improve
7357,15,276.1999999999996,5,162.19999999999914,move,improve
7358,15,276.1999999999996,5,162.19999999999914,2opt,improve
7359,15,276.1999999999996,5,162.19999999999914,move,improve
7360,15,276.1999999999996,5,162.19999999999914,2opt,improve
7361,15,276.1999999999996,5,162.19999999999914,swap,notBad
7362,15,276.1999999999996,5,162.19999999999914,2opt,notBad
7363,15,301.6000000000008,5,162.19999999999914,swap,acceptBad
7364,15,301.6000000000008,5,162.19999999999914,move,improve
7365,15,301.6000000000008,5,162.19999999999914,move,improve
7366,15,301.6000000000008,5,162.19999999999914,2opt,notBad
7367,15,301.6000000000008,5,162.19999999999914,move,improve
7368,15,301.6000000000008,5,162.19999999999914,move,improve
7369,15,301.6000000000008,5,162.19999999999914,swap,notBad
7370,15,301.6000000000008,5,162.19999999999914,move,improve
7371,15,301.6000000000008,5,162.19999999999914,2opt,improve
7372,15,276.8000000000002,5,162.19999999999914,move,improve
7373,15,276.8000000000002,5,162.19999999999914,swap,notBad
7374,15,276.8000000000002,5,162.19999999999914,move,improve
7375,15,276.8000000000002,5,162.19999999999914,swap,notBad
7376,15,276.8000000000002,5,162.19999999999914,2opt,notBad
7377,15,276.8000000000002,5,162.19999999999914,swap,notBad
7378,15,276.8000000000002,5,162.19999999999914,move,improve
7379,15,276.8000000000002,5,162.19999999999914,move,improve
7380,15,276.8000000000002,5,162.19999999999914,swap,improve
7381,15,276.8000000000002,5,162.19999999999914,move,improve
7382,15,276.8000000000002,5,162.19999999999914,move,improve
7383,15,276.8000000000002,5,162.19999999999914,swap,notBad
7384,15,276.8000000000002,5,162.19999999999914,move,improve
7385,15,272.79999999999995,5,162.19999999999914,move,improve
7386,15,272.79999999999995,5,162.19999999999914,2opt,notBad
7387,15,272.79999999999995,5,162.19999999999914,swap,notBad
7388,15,272.79999999999995,5,162.19999999999914,swap,improve
7389,15,272.79999999999995,5,162.19999999999914,swap,notBad
7390,15,272.79999999999995,5,162.19999999999914,swap,notBad
7391,15,272.79999999999995,5,162.19999999999914,2opt,improve
7392,15,272.79999999999995,5,162.19999999999914,move,improve
7393,15,272.79999999999995,5,162.19999999999914,2opt,notBad
7394,15,272.79999999999995,5,162.19999999999914,move,improve
7395,15,272.79999999999995,5,162.19999999999914,swap,notBad
7396,15,272.79999999999995,5,162.19999999999914,swap,improve
7397,15,272.79999999999995,5,162.19999999999914,2opt,notBad
7398,15,272.79999999999995,5,162.19999999999914,2opt,notBad
7399,15,272.79999999999995,5,162.19999999999914,move,improve
7400,15,272.79999999999995,5,162.19999999999914,move,improve
7401,15,272.79999999999995,5,162.19999999999914,2opt,notBad
7402,15,272.79999999999995,5,162.19999999999914,move,improve
7403,15,272.79999999999995,5,162.19999999999914,swap,notBad
7404,15,272.79999999999995,5,162.19999999999914,move,improve
7405,15,272.79999999999995,5,162.19999999999914,2opt,notBad
7406,15,272.79999999999995,5,162.19999999999914,2opt,notBad
7407,15,272.79999999999995,5,162.19999999999914,move,improve
7408,15,272.79999999999995,5,162.19999999999914,move,improve
7409,15,272.79999999999995,5,162.19999999999914,move,improve
7410,15,272.79999999999995,5,162.19999999999914,swap,notBad
7411,15,272.79999999999995,5,162.19999999999914,move,improve
7412,15,272.79999999999995,5,162.19999999999914,swap,notBad
7413,15,272.79999999999995,5,162.19999999999914,move,improve
7414,15,272.79999999999995,5,162.19999999999914,move,improve
7415,15,272.79999999999995,5,162.19999999999914,2opt,improve
7416,15,272.79999999999995,5,162.19999999999914,2opt,notBad
7417,15,272.79999999999995,5,162.19999999999914,move,improve
7418,15,272.79999999999995,5,162.19999999999914,swap,notBad
7419,15,272.79999999999995,5,162.19999999999914,2opt,notBad
7420,15,272.79999999999995,5,162.19999999999914,2opt,improve
7421,15,272.79999999999995,5,162.19999999999914,2opt,notBad
7422,15,272.79999999999995,5,162.19999999999914,2opt,notBad
7423,15,272.79999999999995,5,162.19999999999914,swap,notBad
7424,15,272.79999999999995,5,162.19999999999914,move,improve
7425,15,272.79999999999995,5,162.19999999999914,swap,notBad
7426,15,272.79999999999995,5,162.19999999999914,swap,notBad
7427,15,272.79999999999995,5,162.19999999999914,move,improve
7428,15,272.79999999999995,5,162.19999999999914,move,improve
7429,15,272.79999999999995,5,162.19999999999914,2opt,improve
7430,15,272.79999999999995,5,162.19999999999914,2opt,notBad
7431,15,272.79999999999995,5,162.19999999999914,swap,notBad
7432,15,272.79999999999995,5,162.19999999999914,swap,notBad
7433,15,272.79999999999995,5,162.19999999999914,swap,notBad
7434,15,272.79999999999995,5,162.19999999999914,move,improve
7435,15,272.79999999999995,5,162.19999999999914,move,improve
7436,15,272.79999999999995,5,162.19999999999914,swap,notBad
7437,15,272.79999999999995,5,162.19999999999914,move,improve
7438,15,272.79999999999995,5,162.19999999999914,move,improve
7439,15,272.79999999999995,5,162.19999999999914,swap,notBad
7440,15,272.79999999999995,5,162.19999999999914,move,improve
7441,15,272.79999999999995,5,162.19999999999914,swap,notBad
7442,15,272.79999999999995,5,162.19999999999914,swap,notBad
7443,15,272.79999999999995,5,162.19999999999914,2opt,notBad
7444,15,272.79999999999995,5,162.19999999999914,2opt,improve
7445,15,272.79999999999995,5,162.19999999999914,2opt,notBad
7446,15,272.79999999999995,5,162.19999999999914,move,improve
7447,15,272.79999999999995,5,162.19999999999914,swap,notBad
7448,15,295.20000000000005,5,162.19999999999914,swap,acceptBad
7449,15,295.20000000000005,5,162.19999999999914,2opt,notBad
7450,15,295.20000000000005,5,162.19999999999914,swap,improve
7451,15,295.20000000000005,5,162.19999999999914,move,improve
7452,15,295.20000000000005,5,162.19999999999914,swap,notBad
7453,15,295.20000000000005,5,162.19999999999914,move,improve
7454,15,295.20000000000005,5,162.19999999999914,swap,notBad
7455,15,295.20000000000005,5,162.19999999999914,move,improve
7456,15,295.20000000000005,5,162.19999999999914,2opt,notBad
7457,15,295.20000000000005,5,162.19999999999914,move,improve
7458,15,295.20000000000005,5,162.19999999999914,move,improve
7459,15,295.20000000000005,5,162.19999999999914,move,improve
7460,15,295.20000000000005,5,162.19999999999914,swap,notBad
7461,15,295.20000000000005,5,162.19999999999914,swap,notBad
7462,15,295.20000000000005,5,162.19999999999914,2opt,notBad
7463,15,295.20000000000005,5,162.19999999999914,2opt,notBad
7464,15,295.20000000000005,5,162.19999999999914,move,improve
7465,15,295.20000000000005,5,162.19999999999914,swap,notBad
7466,15,295.20000000000005,5,162.19999999999914,swap,notBad
7467,15,295.20000000000005,5,162.19999999999914,2opt,notBad
7468,15,295.20000000000005,5,162.19999999999914,move,improve
7469,15,295.20000000000005,5,162.19999999999914,move,improve
7470,15,295.20000000000005,5,162.19999999999914,move,improve
7471,15,295.20000000000005,5,162.19999999999914,move,improve
7472,15,295.20000000000005,5,162.19999999999914,move,improve
7473,15,295.20000000000005,5,162.19999999999914,2opt,notBad
7474,15,320.9999999999991,5,162.19999999999914,swap,acceptBad
7475,15,320.9999999999991,5,162.19999999999914,move,improve
7476,15,320.9999999999991,5,162.19999999999914,2opt,notBad
7477,15,320.9999999999991,5,162.19999999999914,2opt,notBad
7478,15,320.9999999999991,5,162.19999999999914,move,improve
7479,15,320.9999999999991,5,162.19999999999914,swap,notBad
7480,15,320.9999999999991,5,162.19999999999914,move,improve
7481,15,320.9999999999991,5,162.19999999999914,swap,notBad
7482,15,320.9999999999991,5,162.19999999999914,swap,notBad
7483,15,320.9999999999991,5,162.19999999999914,2opt,improve
7484,15,320.9999999999991,5,162.19999999999914,2opt,notBad
7485,15,320.9999999999991,5,162.19999999999914,move,improve
7486,15,320.9999999999991,5,162.19999999999914,move,improve
7487,15,320.9999999999991,5,162.19999999999914,move,improve
7488,15,320.9999999999991,5,162.19999999999914,2opt,improve
7489,15,320.9999999999991,5,162.19999999999914,2opt,notBad
7490,15,294.5999999999992,5,162.19999999999914,move,improve
7491,15,294.5999999999992,5,162.19999999999914,2opt,improve
7492,15,294.5999999999992,5,162.19999999999914,move,improve
7493,15,294.5999999999992,5,162.19999999999914,2opt,notBad
7494,15,294.5999999999992,5,162.19999999999914,swap,notBad
7495,15,294.5999999999992,5,162.19999999999914,move,improve
7496,15,294.5999999999992,5,162.19999999999914,2opt,notBad
7497,15,294.5999999999992,5,162.19999999999914,2opt,notBad
7498,15,294.5999999999992,5,162.19999999999914,2opt,notBad
7499,15,294.3999999999994,5,162.19999999999914,move,improve
7500,15,294.3999999999994,5,162.19999999999914,move,improve
7501,15,294.3999999999994,5,162.19999999999914,move,improve
7502,15,294.3999999999994,5,162.19999999999914,2opt,notBad
7503,15,294.3999999999994,5,162.19999999999914,move,improve
7504,15,294.3999999999994,5,162.19999999999914,move,improve
7505,15,294.3999999999994,5,162.19999999999914,swap,notBad
7506,15,294.3999999999994,5,162.19999999999914,move,improve
7507,15,294.3999999999994,5,162.19999999999914,move,improve
7508,15,294.3999999999994,5,162.19999999999914,2opt,notBad
7509,15,294.3999999999994,5,162.19999999999914,swap,notBad
7510,15,294.3999999999994,5,162.19999999999914,2opt,improve
7511,15,294.3999999999994,5,162.19999999999914,move,improve
7512,15,294.3999999999994,5,162.19999999999914,swap,notBad
7513,15,294.3999999999994,5,162.19999999999914,2opt,notBad
7514,15,294.3999999999994,5,162.19999999999914,swap,notBad
7515,15,294.3999999999994,5,162.19999999999914,move,improve
7516,15,294.3999999999994,5,162.19999999999914,move,improve
7517,15,294.3999999999994,5,162.19999999999914,move,improve
7518,15,294.3999999999994,5,162.19999999999914,2opt,notBad
7519,15,294.3999999999994,5,162.19999999999914,swap,notBad
7520,15,294.3999999999994,5,162.19999999999914,2opt,notBad
7521,15,294.3999999999994,5,162.19999999999914,move,improve
7522,15,294.3999999999994,5,162.19999999999914,swap,notBad
7523,15,294.3999999999994,5,162.19999999999914,move,improve
7524,15,294.3999999999994,5,162.19999999999914,move,improve
7525,15,294.3999999999994,5,162.19999999999914,move,improve
7526,15,294.3999999999994,5,162.19999999999914,2opt,notBad
7527,15,294.3999999999994,5,162.19999999999914,2opt,notBad
7528,15,294.3999999999994,5,162.19999999999914,move,improve
7529,15,294.3999999999994,5,162.19999999999914,move,improve
7530,15,294.3999999999994,5,162.19999999999914,2opt,notBad
7531,15,294.3999999999994,5,162.19999999999914,swap,notBad
7532,15,294.3999999999994,5,162.19999999999914,swap,notBad
7533,15,294.3999999999994,5,162.19999999999914,2opt,improve
7534,15,294.3999999999994,5,162.19999999999914,2opt,notBad
7535,15,294.3999999999994,5,162.19999999999914,swap,notBad
7536,15,294.3999999999994,5,162.19999999999914,move,improve
7537,15,294.3999999999994,5,162.19999999999914,move,improve
7538,15,294.3999999999994,5,162.19999999999914,swap,notBad
7539,15,294.3999999999994,5,162.19999999999914,swap,improve
7540,15,294.3999999999994,5,162.19999999999914,swap,notBad
7541,15,294.3999999999994,5,162.19999999999914,2opt,notBad
7542,15,294.3999999999994,5,162.19999999999914,swap,notBad
7543,15,294.3999999999994,5,162.19999999999914,2opt,notBad
7544,15,294.3999999999994,5,162.19999999999914,2opt,notBad
7545,15,294.3999999999994,5,162.19999999999914,move,improve
7546,15,294.3999999999994,5,162.19999999999914,swap,notBad
7547,15,294.3999999999994,5,162.19999999999914,2opt,notBad
7548,15,294.3999999999994,5,162.19999999999914,2opt,notBad
7549,15,294.3999999999994,5,162.19999999999914,2opt,notBad
7550,15,294.3999999999994,5,162.19999999999914,swap,notBad
7551,15,294.3999999999994,5,162.19999999999914,move,improve
7552,15,300.99999999999864,5,162.19999999999914,swap,acceptBad
7553,15,300.99999999999864,5,162.19999999999914,2opt,improve
7554,15,300.19999999999845,5,162.19999999999914,move,improve
7555,15,305.79999999999814,5,162.19999999999914,swap,acceptBad
7556,15,305.79999999999814,5,162.19999999999914,swap,notBad
7557,15,305.79999999999814,5,162.19999999999914,swap,notBad
7558,15,305.79999999999814,5,162.19999999999914,swap,notBad
7559,15,305.79999999999814,5,162.19999999999914,swap,notBad
7560,15,305.79999999999814,5,162.19999999999914,swap,notBad
7561,15,305.79999999999814,5,162.19999999999914,swap,notBad
7562,15,305.79999999999814,5,162.19999999999914,move,improve
7563,15,305.79999999999814,5,162.19999999999914,2opt,notBad
7564,15,305.79999999999814,5,162.19999999999914,2opt,improve
7565,15,305.79999999999814,5,162.19999999999914,move,improve
7566,15,305.79999999999814,5,162.19999999999914,move,improve
7567,15,305.79999999999814,5,162.19999999999914,swap,notBad
7568,15,305.79999999999814,5,162.19999999999914,2opt,improve
7569,15,305.79999999999814,5,162.19999999999914,swap,notBad
7570,15,305.79999999999814,5,162.19999999999914,2opt,improve
7571,15,305.79999999999814,5,162.19999999999914,2opt,notBad
7572,15,305.79999999999814,5,162.19999999999914,move,improve
7573,15,305.79999999999814,5,162.19999999999914,2opt,improve
7574,15,305.79999999999814,5,162.19999999999914,swap,notBad
7575,15,305.79999999999814,5,162.19999999999914,2opt,notBad
7576,15,305.79999999999814,5,162.19999999999914,swap,notBad
7577,15,305.79999999999814,5,162.19999999999914,swap,notBad
7578,15,305.79999999999814,5,162.19999999999914,swap,notBad
7579,15,305.79999999999814,5,162.19999999999914,swap,notBad
7580,15,305.79999999999814,5,162.19999999999914,2opt,improve
7581,15,305.79999999999814,5,162.19999999999914,move,improve
7582,15,305.79999999999814,5,162.19999999999914,swap,notBad
7583,15,305.79999999999814,5,162.19999999999914,move,improve
7584,15,305.79999999999814,5,162.19999999999914,move,improve
7585,15,305.79999999999814,5,162.19999999999914,2opt,notBad
7586,15,305.79999999999814,5,162.19999999999914,move,improve
7587,15,301.7999999999997,5,162.19999999999914,move,improve
7588,15,301.7999999999997,5,162.19999999999914,move,improve
7589,15,301.7999999999997,5,162.19999999999914,swap,notBad
7590,15,301.7999999999997,5,162.19999999999914,2opt,notBad
7591,15,301.7999999999997,5,162.19999999999914,2opt,notBad
7592,15,301.7999999999997,5,162.19999999999914,swap,improve
7593,15,301.7999999999997,5,162.19999999999914,2opt,notBad
7594,15,301.7999999999997,5,162.19999999999914,swap,notBad
7595,15,301.7999999999997,5,162.19999999999914,2opt,notBad
7596,15,301.7999999999997,5,162.19999999999914,move,improve
7597,15,301.7999999999997,5,162.19999999999914,swap,notBad
7598,15,301.7999999999997,5,162.19999999999914,swap,improve
7599,15,301.7999999999997,5,162.19999999999914,move,improve
7600,15,301.7999999999997,5,162.19999999999914,2opt,notBad
7601,15,301.7999999999997,5,162.19999999999914,2opt,notBad
7602,15,301.7999999999997,5,162.19999999999914,move,improve
7603,15,301.7999999999997,5,162.19999999999914,move,improve
7604,15,301.7999999999997,5,162.19999999999914,swap,improve
7605,15,301.7999999999997,5,162.19999999999914,swap,notBad
7606,15,301.7999999999997,5,162.19999999999914,swap,notBad
7607,15,301.7999999999997,5,162.19999999999914,swap,notBad
7608,15,301.7999999999997,5,162.19999999999914,2opt,notBad
7609,15,301.7999999999997,5,162.19999999999914,2opt,notBad
7610,15,301.7999999999997,5,162.19999999999914,swap,notBad
7611,15,301.7999999999997,5,162.19999999999914,move,improve
7612,15,301.7999999999997,5,162.19999999999914,move,improve
7613,15,301.7999999999997,5,162.19999999999914,swap,notBad
7614,15,301.7999999999997,5,162.19999999999914,move,improve
7615,15,306.5999999999988,5,162.19999999999914,swap,acceptBad
7616,15,306.5999999999988,5,162.19999999999914,swap,notBad
7617,15,306.5999999999988,5,162.19999999999914,2opt,improve
7618,15,306.5999999999988,5,162.19999999999914,move,improve
7619,15,306.5999999999988,5,162.19999999999914,move,improve
7620,15,306.5999999999988,5,162.19999999999914,2opt,notBad
7621,15,306.5999999999988,5,162.19999999999914,swap,notBad
7622,15,306.5999999999988,5,162.19999999999914,swap,notBad
7623,15,306.5999999999988,5,162.19999999999914,2opt,notBad
7624,15,306.5999999999988,5,162.19999999999914,swap,notBad
7625,15,306.5999999999988,5,162.19999999999914,swap,notBad
7626,15,306.5999999999988,5,162.19999999999914,swap,notBad
7627,15,304.599999999999,5,162.19999999999914,move,improve
7628,15,304.599999999999,5,162.19999999999914,move,improve
7629,15,304.599999999999,5,162.19999999999914,swap,notBad
7630,15,304.599999999999,5,162.19999999999914,2opt,improve
7631,15,304.599999999999,5,162.19999999999914,2opt,notBad
7632,15,304.599999999999,5,162.19999999999914,swap,notBad
7633,15,304.599999999999,5,162.19999999999914,2opt,notBad
7634,15,304.599999999999,5,162.19999999999914,swap,notBad
7635,15,304.599999999999,5,162.19999999999914,2opt,notBad
7636,15,304.599999999999,5,162.19999999999914,move,improve
7637,15,304.599999999999,5,162.19999999999914,move,improve
7638,15,304.599999999999,5,162.19999999999914,2opt,notBad
7639,15,304.599999999999,5,162.19999999999914,swap,improve
7640,15,304.599999999999,5,162.19999999999914,move,improve
7641,15,304.599999999999,5,162.19999999999914,move,improve
7642,15,304.599999999999,5,162.19999999999914,2opt,notBad
7643,15,304.599999999999,5,162.19999999999914,2opt,notBad
7644,15,303.9999999999991,5,162.19999999999914,move,improve
7645,15,303.9999999999991,5,162.19999999999914,swap,notBad
7646,15,303.9999999999991,5,162.19999999999914,2opt,notBad
7647,15,303.9999999999991,5,162.19999999999914,2opt,notBad
7648,15,303.9999999999991,5,162.19999999999914,swap,improve
7649,15,303.9999999999991,5,162.19999999999914,swap,notBad
7650,15,303.9999999999991,5,162.19999999999914,2opt,notBad
7651,15,303.9999999999991,5,162.19999999999914,2opt,notBad
7652,15,303.9999999999991,5,162.19999999999914,move,improve
7653,15,303.9999999999991,5,162.19999999999914,2opt,notBad
7654,15,303.9999999999991,5,162.19999999999914,move,improve
7655,15,303.9999999999991,5,162.19999999999914,2opt,notBad
7656,15,303.9999999999991,5,162.19999999999914,swap,notBad
7657,15,303.9999999999991,5,162.19999999999914,swap,notBad
7658,15,303.9999999999991,5,162.19999999999914,swap,notBad
7659,15,303.9999999999991,5,162.19999999999914,2opt,notBad
7660,15,303.9999999999991,5,162.19999999999914,swap,notBad
7661,15,303.9999999999991,5,162.19999999999914,swap,notBad
7662,15,303.9999999999991,5,162.19999999999914,2opt,notBad
7663,15,303.9999999999991,5,162.19999999999914,move,improve
7664,15,303.9999999999991,5,162.19999999999914,move,improve
7665,15,303.9999999999991,5,162.19999999999914,swap,notBad
7666,15,303.9999999999991,5,162.19999999999914,move,improve
7667,15,303.9999999999991,5,162.19999999999914,2opt,notBad
7668,15,303.9999999999991,5,162.19999999999914,2opt,notBad
7669,15,303.9999999999991,5,162.19999999999914,swap,improve
7670,15,303.9999999999991,5,162.19999999999914,swap,notBad
7671,15,303.9999999999991,5,162.19999999999914,2opt,notBad
7672,15,303.9999999999991,5,162.19999999999914,2opt,notBad
7673,15,303.9999999999991,5,162.19999999999914,move,improve
7674,15,303.9999999999991,5,162.19999999999914,move,improve
7675,15,303.9999999999991,5,162.19999999999914,2opt,notBad
7676,15,303.9999999999991,5,162.19999999999914,swap,notBad
7677,15,303.9999999999991,5,162.19999999999914,2opt,notBad
7678,15,303.9999999999991,5,162.19999999999914,2opt,notBad
7679,15,303.9999999999991,5,162.19999999999914,swap,improve
7680,15,303.9999999999991,5,162.19999999999914,swap,notBad
7681,15,303.9999999999991,5,162.19999999999914,move,improve
7682,15,303.9999999999991,5,162.19999999999914,2opt,notBad
7683,15,303.9999999999991,5,162.19999999999914,swap,notBad
7684,15,303.9999999999991,5,162.19999999999914,swap,notBad
7685,15,303.9999999999991,5,162.19999999999914,2opt,notBad
7686,15,303.9999999999991,5,162.19999999999914,move,improve
7687,15,303.9999999999991,5,162.19999999999914,swap,notBad
7688,15,303.9999999999991,5,162.19999999999914,2opt,notBad
7689,15,299.79999999999995,5,162.19999999999914,move,improve
7690,15,299.79999999999995,5,162.19999999999914,swap,notBad
7691,15,264.79999999999905,5,162.19999999999914,move,improve
7692,15,264.79999999999905,5,162.19999999999914,move,improve
7693,15,264.79999999999905,5,162.19999999999914,move,improve
7694,15,264.79999999999905,5,162.19999999999914,swap,notBad
7695,15,264.79999999999905,5,162.19999999999914,move,improve
7696,15,264.79999999999905,5,162.19999999999914,swap,notBad
7697,15,264.79999999999905,5,162.19999999999914,move,improve
7698,15,264.79999999999905,5,162.19999999999914,move,improve
7699,15,264.79999999999905,5,162.19999999999914,swap,notBad
7700,15,264.79999999999905,5,162.19999999999914,2opt,improve
7701,15,264.79999999999905,5,162.19999999999914,swap,notBad
7702,15,264.79999999999905,5,162.19999999999914,2opt,improve
7703,15,264.79999999999905,5,162.19999999999914,2opt,notBad
7704,15,264.79999999999905,5,162.19999999999914,2opt,notBad
7705,15,264.79999999999905,5,162.19999999999914,2opt,notBad
7706,15,264.79999999999905,5,162.19999999999914,2opt,notBad
7707,15,264.79999999999905,5,162.19999999999914,swap,notBad
7708,15,264.79999999999905,5,162.19999999999914,2opt,notBad
7709,15,264.79999999999905,5,162.19999999999914,2opt,notBad
7710,15,264.79999999999905,5,162.19999999999914,swap,notBad
7711,15,264.79999999999905,5,162.19999999999914,swap,improve
7712,15,264.79999999999905,5,162.19999999999914,move,improve
7713,15,264.79999999999905,5,162.19999999999914,2opt,notBad
7714,15,264.79999999999905,5,162.19999999999914,2opt,notBad
7715,15,264.79999999999905,5,162.19999999999914,move,improve
7716,15,264.79999999999905,5,162.19999999999914,2opt,improve
7717,15,264.79999999999905,5,162.19999999999914,move,improve
7718,15,264.79999999999905,5,162.19999999999914,swap,notBad
7719,15,264.79999999999905,5,162.19999999999914,swap,notBad
7720,15,264.79999999999905,5,162.19999999999914,move,improve
7721,15,264.79999999999905,5,162.19999999999914,swap,notBad
7722,15,264.79999999999905,5,162.19999999999914,2opt,improve
7723,15,264.79999999999905,5,162.19999999999914,move,improve
7724,15,264.79999999999905,5,162.19999999999914,move,notBad
7725,15,264.79999999999905,5,162.19999999999914,2opt,notBad
7726,15,264.79999999999905,5,162.19999999999914,move,improve
7727,15,264.79999999999905,5,162.19999999999914,swap,notBad
7728,15,264.79999999999905,5,162.19999999999914,swap,notBad
7729,15,264.79999999999905,5,162.19999999999914,2opt,notBad
7730,15,264.79999999999905,5,162.19999999999914,2opt,notBad
7731,15,264.79999999999905,5,162.19999999999914,2opt,notBad
7732,15,264.79999999999905,5,162.19999999999914,2opt,improve
7733,15,264.79999999999905,5,162.19999999999914,swap,notBad
7734,15,264.79999999999905,5,162.19999999999914,2opt,notBad
7735,15,264.79999999999905,5,162.19999999999914,2opt,notBad
7736,15,264.79999999999905,5,162.19999999999914,swap,improve
7737,15,264.79999999999905,5,162.19999999999914,move,improve
7738,15,264.79999999999905,5,162.19999999999914,move,improve
7739,15,264.79999999999905,5,162.19999999999914,2opt,improve
7740,15,264.79999999999905,5,162.19999999999914,move,improve
7741,15,264.79999999999905,5,162.19999999999914,move,improve
7742,15,264.79999999999905,5,162.19999999999914,2opt,improve
7743,15,264.79999999999905,5,162.19999999999914,swap,notBad
7744,15,264.79999999999905,5,162.19999999999914,2opt,notBad
7745,15,264.79999999999905,5,162.19999999999914,2opt,notBad
7746,15,264.79999999999905,5,162.19999999999914,swap,improve
7747,15,264.79999999999905,5,162.19999999999914,move,improve
7748,15,264.79999999999905,5,162.19999999999914,swap,notBad
7749,15,264.79999999999905,5,162.19999999999914,2opt,notBad
7750,15,264.79999999999905,5,162.19999999999914,2opt,notBad
7751,15,264.79999999999905,5,162.19999999999914,move,improve
7752,15,264.79999999999905,5,162.19999999999914,2opt,notBad
7753,15,264.79999999999905,5,162.19999999999914,move,improve
7754,15,264.79999999999905,5,162.19999999999914,move,improve
7755,15,264.79999999999905,5,162.19999999999914,move,improve
7756,15,264.79999999999905,5,162.19999999999914,move,improve
7757,15,264.79999999999905,5,162.19999999999914,move,improve
7758,15,264.79999999999905,5,162.19999999999914,2opt,notBad
7759,15,264.79999999999905,5,162.19999999999914,swap,notBad
7760,15,264.79999999999905,5,162.19999999999914,swap,notBad
7761,15,264.79999999999905,5,162.19999999999914,move,improve
7762,15,264.79999999999905,5,162.19999999999914,2opt,notBad
7763,15,264.79999999999905,5,162.19999999999914,swap,notBad
7764,15,264.79999999999905,5,162.19999999999914,swap,notBad
7765,15,264.79999999999905,5,162.19999999999914,move,improve
7766,15,264.79999999999905,5,162.19999999999914,move,improve
7767,15,264.79999999999905,5,162.19999999999914,swap,notBad
7768,15,264.79999999999905,5,162.19999999999914,2opt,improve
7769,15,264.79999999999905,5,162.19999999999914,swap,notBad
7770,15,264.79999999999905,5,162.19999999999914,2opt,notBad
7771,15,264.79999999999905,5,162.19999999999914,swap,notBad
7772,15,264.79999999999905,5,162.19999999999914,swap,notBad
7773,15,264.79999999999905,5,162.19999999999914,swap,notBad
7774,15,264.79999999999905,5,162.19999999999914,swap,notBad
7775,15,264.79999999999905,5,162.19999999999914,2opt,notBad
7776,15,264.79999999999905,5,162.19999999999914,2opt,notBad
7777,15,264.79999999999905,5,162.19999999999914,2opt,notBad
7778,15,264.79999999999905,5,162.19999999999914,2opt,notBad
7779,15,264.79999999999905,5,162.19999999999914,swap,improve
7780,15,264.79999999999905,5,162.19999999999914,move,improve
7781,15,264.79999999999905,5,162.19999999999914,move,improve
7782,15,264.79999999999905,5,162.19999999999914,swap,notBad
7783,15,264.79999999999905,5,162.19999999999914,move,improve
7784,15,264.79999999999905,5,162.19999999999914,2opt,notBad
7785,15,264.79999999999905,5,162.19999999999914,2opt,notBad
7786,15,264.79999999999905,5,162.19999999999914,2opt,notBad
7787,15,264.79999999999905,5,162.19999999999914,move,improve
7788,15,264.79999999999905,5,162.19999999999914,move,improve
7789,15,264.79999999999905,5,162.19999999999914,move,improve
7790,15,264.79999999999905,5,162.19999999999914,swap,notBad
7791,15,264.79999999999905,5,162.19999999999914,swap,improve
7792,15,264.79999999999905,5,162.19999999999914,move,improve
7793,15,264.79999999999905,5,162.19999999999914,2opt,notBad
7794,15,264.79999999999905,5,162.19999999999914,2opt,notBad
7795,15,264.79999999999905,5,162.19999999999914,2opt,notBad
7796,15,264.79999999999905,5,162.19999999999914,move,improve
7797,15,264.79999999999905,5,162.19999999999914,move,improve
7798,15,264.79999999999905,5,162.19999999999914,2opt,notBad
7799,15,264.79999999999905,5,162.19999999999914,move,improve
7800,15,264.79999999999905,5,162.19999999999914,2opt,notBad
7801,15,264.79999999999905,5,162.19999999999914,move,improve
7802,15,264.79999999999905,5,162.19999999999914,2opt,improve
7803,15,264.79999999999905,5,162.19999999999914,move,improve
7804,15,264.79999999999905,5,162.19999999999914,swap,notBad
7805,15,264.79999999999905,5,162.19999999999914,move,improve
7806,15,264.79999999999905,5,162.19999999999914,2opt,notBad
7807,15,264.79999999999905,5,162.19999999999914,swap,notBad
7808,15,264.79999999999905,5,162.19999999999914,swap,notBad
7809,15,232.39999999999873,5,162.19999999999914,move,improve
7810,15,232.39999999999873,5,162.19999999999914,move,improve
7811,15,232.39999999999873,5,162.19999999999914,2opt,notBad
7812,15,232.39999999999873,5,162.19999999999914,move,improve
7813,15,232.39999999999873,5,162.19999999999914,swap,notBad
7814,15,232.39999999999873,5,162.19999999999914,swap,improve
7815,15,232.39999999999873,5,162.19999999999914,swap,notBad
7816,15,232.39999999999873,5,162.19999999999914,2opt,notBad
7817,15,232.39999999999873,5,162.19999999999914,2opt,notBad
7818,15,232.39999999999873,5,162.19999999999914,2opt,notBad
7819,15,232.39999999999873,5,162.19999999999914,2opt,notBad
7820,15,232.39999999999873,5,162.19999999999914,2opt,notBad
7821,15,232.39999999999873,5,162.19999999999914,move,improve
7822,15,232.39999999999873,5,162.19999999999914,2opt,notBad
7823,15,232.39999999999873,5,162.19999999999914,2opt,notBad
7824,15,232.39999999999873,5,162.19999999999914,2opt,notBad
7825,15,232.39999999999873,5,162.19999999999914,move,improve
7826,15,232.39999999999873,5,162.19999999999914,swap,notBad
7827,15,232.39999999999873,5,162.19999999999914,move,improve
7828,15,232.39999999999873,5,162.19999999999914,swap,notBad
7829,15,232.39999999999873,5,162.19999999999914,swap,notBad
7830,15,232.39999999999873,5,162.19999999999914,2opt,improve
7831,15,232.39999999999873,5,162.19999999999914,2opt,notBad
7832,15,232.9999999999991,5,162.19999999999914,2opt,acceptBad
7833,15,232.9999999999991,5,162.19999999999914,move,improve
7834,15,232.9999999999991,5,162.19999999999914,2opt,notBad
7835,15,232.9999999999991,5,162.19999999999914,move,improve
7836,15,232.9999999999991,5,162.19999999999914,2opt,notBad
7837,15,232.9999999999991,5,162.19999999999914,swap,notBad
7838,15,232.39999999999873,5,162.19999999999914,2opt,improve
7839,15,232.39999999999873,5,162.19999999999914,move,improve
7840,15,232.39999999999873,5,162.19999999999914,swap,improve
7841,15,232.39999999999873,5,162.19999999999914,swap,notBad
7842,15,232.39999999999873,5,162.19999999999914,swap,notBad
7843,15,232.39999999999873,5,162.19999999999914,2opt,notBad
7844,15,232.39999999999873,5,162.19999999999914,swap,notBad
7845,15,232.39999999999873,5,162.19999999999914,2opt,notBad
7846,15,232.39999999999873,5,162.19999999999914,swap,notBad
7847,15,232.39999999999873,5,162.19999999999914,swap,notBad
7848,15,232.39999999999873,5,162.19999999999914,swap,notBad
7849,15,232.39999999999873,5,162.19999999999914,move,improve
7850,15,232.39999999999873,5,162.19999999999914,2opt,notBad
7851,15,232.39999999999873,5,162.19999999999914,swap,notBad
7852,15,232.39999999999873,5,162.19999999999914,move,improve
7853,15,232.39999999999873,5,162.19999999999914,2opt,improve
7854,15,232.39999999999873,5,162.19999999999914,move,improve
7855,15,232.39999999999873,5,162.19999999999914,move,improve
7856,15,232.39999999999873,5,162.19999999999914,2opt,notBad
7857,15,232.39999999999873,5,162.19999999999914,2opt,notBad
7858,15,232.39999999999873,5,162.19999999999914,swap,notBad
7859,15,232.39999999999873,5,162.19999999999914,swap,notBad
7860,15,232.39999999999873,5,162.19999999999914,move,improve
7861,15,232.39999999999873,5,162.19999999999914,move,improve
7862,15,232.39999999999873,5,162.19999999999914,move,improve
7863,15,232.39999999999873,5,162.19999999999914,2opt,notBad
7864,15,232.39999999999873,5,162.19999999999914,swap,notBad
7865,15,232.39999999999873,5,162.19999999999914,2opt,improve
7866,15,232.39999999999873,5,162.19999999999914,move,improve
7867,15,232.39999999999873,5,162.19999999999914,2opt,notBad
7868,15,232.39999999999873,5,162.19999999999914,swap,notBad
7869,15,232.39999999999873,5,162.19999999999914,move,improve
7870,15,232.39999999999873,5,162.19999999999914,swap,notBad
7871,15,232.39999999999873,5,162.19999999999914,2opt,notBad
7872,15,232.39999999999873,5,162.19999999999914,2opt,notBad
7873,15,232.39999999999873,5,162.19999999999914,move,improve
7874,15,232.39999999999873,5,162.19999999999914,swap,notBad
7875,15,232.39999999999873,5,162.19999999999914,2opt,notBad
7876,15,232.39999999999873,5,162.19999999999914,2opt,notBad
7877,15,232.39999999999873,5,162.19999999999914,swap,notBad
7878,15,232.39999999999873,5,162.19999999999914,swap,notBad
7879,15,243.59999999999786,5,162.19999999999914,swap,acceptBad
7880,15,243.59999999999786,5,162.19999999999914,swap,notBad
7881,15,243.59999999999786,5,162.19999999999914,swap,notBad
7882,15,243.59999999999786,5,162.19999999999914,2opt,notBad
7883,15,247.39999999999804,5,162.19999999999914,swap,acceptBad
7884,15,247.39999999999804,5,162.19999999999914,2opt,notBad
7885,15,247.39999999999804,5,162.19999999999914,2opt,notBad
7886,15,247.39999999999804,5,162.19999999999914,move,improve
7887,15,247.39999999999804,5,162.19999999999914,move,improve
7888,15,247.39999999999804,5,162.19999999999914,move,improve
7889,15,247.39999999999804,5,162.19999999999914,move,improve
7890,15,247.39999999999804,5,162.19999999999914,swap,notBad
7891,15,247.39999999999804,5,162.19999999999914,swap,notBad
7892,15,247.39999999999804,5,162.19999999999914,swap,notBad
7893,15,247.39999999999804,5,162.19999999999914,swap,notBad
7894,15,247.39999999999804,5,162.19999999999914,move,improve
7895,15,247.39999999999804,5,162.19999999999914,2opt,notBad
7896,15,247.39999999999804,5,162.19999999999914,2opt,notBad
7897,15,247.39999999999804,5,162.19999999999914,swap,notBad
7898,15,247.39999999999804,5,162.19999999999914,2opt,notBad
7899,15,247.39999999999804,5,162.19999999999914,move,improve
7900,15,247.39999999999804,5,162.19999999999914,swap,notBad
7901,15,247.39999999999804,5,162.19999999999914,swap,notBad
7902,15,247.39999999999804,5,162.19999999999914,swap,notBad
7903,15,247.39999999999804,5,162.19999999999914,move,improve
7904,15,247.39999999999804,5,162.19999999999914,move,improve
7905,15,247.39999999999804,5,162.19999999999914,swap,notBad
7906,15,247.39999999999804,5,162.19999999999914,2opt,notBad
7907,15,247.39999999999804,5,162.19999999999914,2opt,notBad
7908,15,247.39999999999804,5,162.19999999999914,2opt,notBad
7909,15,247.39999999999804,5,162.19999999999914,2opt,notBad
7910,15,247.39999999999804,5,162.19999999999914,swap,notBad
7911,15,247.39999999999804,5,162.19999999999914,swap,notBad
7912,15,247.39999999999804,5,162.19999999999914,2opt,notBad
7913,15,247.39999999999804,5,162.19999999999914,2opt,notBad
7914,15,243.39999999999736,5,162.19999999999914,move,improve
7915,15,243.39999999999736,5,162.19999999999914,swap,notBad
7916,15,243.39999999999736,5,162.19999999999914,2opt,notBad
7917,15,243.39999999999736,5,162.19999999999914,move,improve
7918,15,243.39999999999736,5,162.19999999999914,move,improve
7919,15,243.39999999999736,5,162.19999999999914,swap,improve
7920,15,243.39999999999736,5,162.19999999999914,move,improve
7921,15,243.39999999999736,5,162.19999999999914,swap,notBad
7922,15,243.39999999999736,5,162.19999999999914,swap,notBad
7923,15,243.39999999999736,5,162.19999999999914,2opt,notBad
7924,15,243.39999999999736,5,162.19999999999914,move,improve
7925,15,243.39999999999736,5,162.19999999999914,move,improve
7926,15,243.39999999999736,5,162.19999999999914,move,improve
7927,15,243.39999999999736,5,162.19999999999914,move,improve
7928,15,243.39999999999736,5,162.19999999999914,move,improve
7929,15,243.39999999999736,5,162.19999999999914,move,improve
7930,15,249.39999999999714,5,162.19999999999914,swap,acceptBad
7931,15,249.39999999999714,5,162.19999999999914,2opt,notBad
7932,15,249.39999999999714,5,162.19999999999914,2opt,notBad
7933,15,249.39999999999714,5,162.19999999999914,2opt,notBad
7934,15,249.39999999999714,5,162.19999999999914,swap,notBad
7935,15,249.39999999999714,5,162.19999999999914,2opt,notBad
7936,15,249.39999999999714,5,162.19999999999914,move,improve
7937,15,249.39999999999714,5,162.19999999999914,2opt,notBad
7938,15,249.39999999999714,5,162.19999999999914,2opt,notBad
7939,15,249.39999999999714,5,162.19999999999914,2opt,notBad
7940,15,249.39999999999714,5,162.19999999999914,swap,improve
7941,15,249.39999999999714,5,162.19999999999914,swap,notBad
7942,15,249.39999999999714,5,162.19999999999914,swap,notBad
7943,15,249.39999999999714,5,162.19999999999914,swap,notBad
7944,15,249.39999999999714,5,162.19999999999914,swap,notBad
7945,15,243.39999999999668,5,162.19999999999914,move,improve
7946,15,243.39999999999668,5,162.19999999999914,move,improve
7947,15,243.39999999999668,5,162.19999999999914,move,improve
7948,15,243.39999999999668,5,162.19999999999914,move,improve
7949,15,243.39999999999668,5,162.19999999999914,swap,notBad
7950,15,243.39999999999668,5,162.19999999999914,swap,notBad
7951,15,243.39999999999668,5,162.19999999999914,swap,notBad
7952,15,243.39999999999668,5,162.19999999999914,move,improve
7953,15,243.39999999999668,5,162.19999999999914,move,improve
7954,15,243.39999999999668,5,162.19999999999914,swap,notBad
7955,15,243.39999999999668,5,162.19999999999914,move,improve
7956,15,243.39999999999668,5,162.19999999999914,2opt,improve
7957,15,243.39999999999668,5,162.19999999999914,move,improve
7958,15,243.39999999999668,5,162.19999999999914,move,improve
7959,15,243.39999999999668,5,162.19999999999914,move,improve
7960,15,243.39999999999668,5,162.19999999999914,swap,notBad
7961,15,243.39999999999668,5,162.19999999999914,2opt,notBad
7962,15,243.39999999999668,5,162.19999999999914,2opt,notBad
7963,15,243.39999999999668,5,162.19999999999914,swap,notBad
7964,15,243.39999999999668,5,162.19999999999914,move,improve
7965,15,243.39999999999668,5,162.19999999999914,move,improve
7966,15,243.39999999999668,5,162.19999999999914,2opt,improve
7967,15,243.39999999999668,5,162.19999999999914,2opt,notBad
7968,15,243.39999999999668,5,162.19999999999914,move,improve
7969,15,243.39999999999668,5,162.19999999999914,swap,notBad
7970,15,243.39999999999668,5,162.19999999999914,swap,notBad
7971,15,243.39999999999668,5,162.19999999999914,swap,notBad
7972,15,243.39999999999668,5,162.19999999999914,2opt,improve
7973,15,243.39999999999668,5,162.19999999999914,swap,notBad
7974,15,243.39999999999668,5,162.19999999999914,move,improve
7975,15,243.39999999999668,5,162.19999999999914,swap,notBad
7976,15,238.99999999999704,5,162.19999999999914,move,improve
7977,15,238.99999999999704,5,162.19999999999914,2opt,notBad
7978,15,238.99999999999704,5,162.19999999999914,swap,notBad
7979,15,238.99999999999704,5,162.19999999999914,move,improve
7980,15,238.99999999999704,5,162.19999999999914,2opt,notBad
7981,15,238.99999999999704,5,162.19999999999914,swap,notBad
7982,15,238.99999999999704,5,162.19999999999914,2opt,notBad
7983,15,238.99999999999704,5,162.19999999999914,2opt,improve
7984,15,238.99999999999704,5,162.19999999999914,move,improve
7985,15,238.99999999999704,5,162.19999999999914,move,improve
7986,15,238.99999999999704,5,162.19999999999914,swap,notBad
7987,15,238.99999999999704,5,162.19999999999914,move,improve
7988,15,238.99999999999704,5,162.19999999999914,swap,notBad
7989,15,238.99999999999704,5,162.19999999999914,move,improve
7990,15,238.99999999999704,5,162.19999999999914,swap,notBad
7991,15,238.99999999999704,5,162.19999999999914,move,improve
7992,15,228.9999999999975,5,162.19999999999914,move,improve
7993,15,228.9999999999975,5,162.19999999999914,2opt,notBad
7994,15,228.9999999999975,5,162.19999999999914,swap,notBad
7995,15,228.9999999999975,5,162.19999999999914,2opt,notBad
7996,15,228.9999999999975,5,162.19999999999914,move,improve
7997,15,228.9999999999975,5,162.19999999999914,swap,notBad
7998,15,245.99999999999682,5,162.19999999999914,swap,acceptBad
7999,15,245.99999999999682,5,162.19999999999914,2opt,improve
8000,15,245.99999999999682,5,162.19999999999914,move,improve
8001,15,245.99999999999682,5,162.19999999999914,2opt,notBad
8002,15,245.99999999999682,5,162.19999999999914,move,improve
8003,15,245.99999999999682,5,162.19999999999914,2opt,improve
8004,15,245.99999999999682,5,162.19999999999914,2opt,notBad
8005,15,245.99999999999682,5,162.19999999999914,move,improve
8006,15,245.99999999999682,5,162.19999999999914,2opt,notBad
8007,15,245.99999999999682,5,162.19999999999914,move,improve
8008,15,245.99999999999682,5,162.19999999999914,swap,notBad
8009,15,245.99999999999682,5,162.19999999999914,swap,notBad
8010,15,245.99999999999682,5,162.19999999999914,2opt,notBad
8011,15,245.99999999999682,5,162.19999999999914,move,improve
8012,15,245.99999999999682,5,162.19999999999914,move,improve
8013,15,245.99999999999682,5,162.19999999999914,2opt,notBad
8014,15,245.99999999999682,5,162.19999999999914,swap,notBad
8015,15,245.99999999999682,5,162.19999999999914,2opt,notBad
8016,15,225.39999999999964,5,162.19999999999914,move,improve
8017,15,225.39999999999964,5,162.19999999999914,move,improve
8018,15,225.39999999999964,5,162.19999999999914,move,improve
8019,15,225.39999999999964,5,162.19999999999914,move,improve
8020,15,225.39999999999964,5,162.19999999999914,move,improve
8021,15,225.39999999999964,5,162.19999999999914,2opt,notBad
8022,15,225.39999999999964,5,162.19999999999914,2opt,notBad
8023,15,225.39999999999964,5,162.19999999999914,2opt,notBad
8024,15,225.39999999999964,5,162.19999999999914,2opt,notBad
8025,15,225.39999999999964,5,162.19999999999914,move,improve
8026,15,225.39999999999964,5,162.19999999999914,move,improve
8027,15,225.39999999999964,5,162.19999999999914,move,improve
8028,15,225.39999999999964,5,162.19999999999914,2opt,notBad
8029,15,225.39999999999964,5,162.19999999999914,2opt,improve
8030,15,225.39999999999964,5,162.19999999999914,move,improve
8031,15,225.39999999999964,5,162.19999999999914,move,improve
8032,15,225.39999999999964,5,162.19999999999914,swap,notBad
8033,15,225.39999999999964,5,162.19999999999914,swap,notBad
8034,15,225.39999999999964,5,162.19999999999914,move,improve
8035,15,225.39999999999964,5,162.19999999999914,swap,notBad
8036,15,225.39999999999964,5,162.19999999999914,swap,notBad
8037,15,225.39999999999964,5,162.19999999999914,2opt,notBad
8038,15,225.39999999999964,5,162.19999999999914,move,improve
8039,15,225.39999999999964,5,162.19999999999914,swap,notBad
8040,15,225.39999999999964,5,162.19999999999914,move,improve
8041,15,225.39999999999964,5,162.19999999999914,move,improve
8042,15,225.39999999999964,5,162.19999999999914,move,improve
8043,15,225.39999999999964,5,162.19999999999914,2opt,improve
8044,15,225.39999999999964,5,162.19999999999914,swap,notBad
8045,15,225.39999999999964,5,162.19999999999914,2opt,improve
8046,15,225.39999999999964,5,162.19999999999914,move,improve
8047,15,225.39999999999964,5,162.19999999999914,move,improve
8048,15,225.39999999999964,5,162.19999999999914,move,improve
8049,15,225.39999999999964,5,162.19999999999914,move,improve
8050,15,225.39999999999964,5,162.19999999999914,move,improve
8051,15,225.39999999999964,5,162.19999999999914,2opt,notBad
8052,15,225.39999999999964,5,162.19999999999914,2opt,notBad
8053,15,225.39999999999964,5,162.19999999999914,2opt,notBad
8054,15,225.39999999999964,5,162.19999999999914,move,improve
8055,15,225.39999999999964,5,162.19999999999914,move,improve
8056,15,225.39999999999964,5,162.19999999999914,move,improve
8057,15,225.39999999999964,5,162.19999999999914,2opt,notBad
8058,15,225.39999999999964,5,162.19999999999914,2opt,notBad
8059,15,225.39999999999964,5,162.19999999999914,2opt,notBad
8060,15,225.39999999999964,5,162.19999999999914,move,improve
8061,15,225.39999999999964,5,162.19999999999914,move,improve
8062,15,225.39999999999964,5,162.19999999999914,swap,notBad
8063,15,225.39999999999964,5,162.19999999999914,2opt,notBad
8064,15,225.39999999999964,5,162.19999999999914,move,improve
8065,15,225.39999999999964,5,162.19999999999914,2opt,notBad
8066,15,225.39999999999964,5,162.19999999999914,move,improve
8067,15,225.39999999999964,5,162.19999999999914,swap,improve
8068,15,225.39999999999964,5,162.19999999999914,2opt,notBad
8069,15,225.39999999999964,5,162.19999999999914,swap,notBad
8070,15,225.39999999999964,5,162.19999999999914,move,improve
8071,15,225.39999999999964,5,162.19999999999914,swap,notBad
8072,15,225.39999999999964,5,162.19999999999914,move,improve
8073,15,225.39999999999964,5,162.19999999999914,2opt,notBad
8074,15,225.39999999999964,5,162.19999999999914,swap,notBad
8075,15,225.39999999999964,5,162.19999999999914,move,improve
8076,15,225.39999999999964,5,162.19999999999914,2opt,notBad
8077,15,225.39999999999964,5,162.19999999999914,swap,notBad
8078,15,225.39999999999964,5,162.19999999999914,2opt,notBad
8079,15,225.39999999999964,5,162.19999999999914,swap,notBad
8080,15,225.39999999999964,5,162.19999999999914,swap,notBad
8081,15,225.39999999999964,5,162.19999999999914,2opt,notBad
8082,15,225.39999999999964,5,162.19999999999914,2opt,notBad
8083,15,225.39999999999964,5,162.19999999999914,2opt,notBad
8084,15,225.39999999999964,5,162.19999999999914,move,improve
8085,15,225.39999999999964,5,162.19999999999914,2opt,notBad
8086,15,225.39999999999964,5,162.19999999999914,swap,notBad
8087,15,225.39999999999964,5,162.19999999999914,swap,notBad
8088,15,225.39999999999964,5,162.19999999999914,move,improve
8089,15,225.39999999999964,5,162.19999999999914,move,improve
8090,15,225.39999999999964,5,162.19999999999914,2opt,notBad
8091,15,225.39999999999964,5,162.19999999999914,swap,notBad
8092,15,225.39999999999964,5,162.19999999999914,swap,improve
8093,15,225.39999999999964,5,162.19999999999914,move,improve
8094,15,225.39999999999964,5,162.19999999999914,move,improve
8095,15,225.39999999999964,5,162.19999999999914,swap,notBad
8096,15,225.39999999999964,5,162.19999999999914,swap,notBad
8097,15,225.39999999999964,5,162.19999999999914,move,improve
8098,15,225.39999999999964,5,162.19999999999914,swap,notBad
8099,15,225.39999999999964,5,162.19999999999914,2opt,notBad
8100,15,225.39999999999964,5,162.19999999999914,move,improve
8101,15,225.39999999999964,5,162.19999999999914,swap,improve
8102,15,225.39999999999964,5,162.19999999999914,swap,notBad
8103,15,225.39999999999964,5,162.19999999999914,swap,notBad
8104,15,225.39999999999964,5,162.19999999999914,move,improve
8105,15,225.39999999999964,5,162.19999999999914,2opt,improve
8106,15,225.39999999999964,5,162.19999999999914,move,improve
8107,15,225.39999999999964,5,162.19999999999914,move,improve
8108,15,225.39999999999964,5,162.19999999999914,2opt,notBad
8109,15,224.99999999999955,5,162.19999999999914,move,improve
8110,15,224.99999999999955,5,162.19999999999914,move,improve
8111,15,224.99999999999955,5,162.19999999999914,move,improve
8112,15,224.99999999999955,5,162.19999999999914,swap,notBad
8113,15,224.99999999999955,5,162.19999999999914,swap,notBad
8114,15,224.79999999999995,5,162.19999999999914,move,improve
8115,15,224.79999999999995,5,162.19999999999914,move,improve
8116,15,224.79999999999995,5,162.19999999999914,2opt,notBad
8117,15,224.79999999999995,5,162.19999999999914,swap,notBad
8118,15,224.79999999999995,5,162.19999999999914,2opt,improve
8119,15,224.79999999999995,5,162.19999999999914,2opt,notBad
8120,15,224.79999999999995,5,162.19999999999914,move,improve
8121,15,224.79999999999995,5,162.19999999999914,swap,notBad
8122,15,224.79999999999995,5,162.19999999999914,2opt,notBad
8123,15,224.79999999999995,5,162.19999999999914,swap,notBad
8124,15,224.79999999999995,5,162.19999999999914,2opt,notBad
8125,15,224.79999999999995,5,162.19999999999914,2opt,notBad
8126,15,224.79999999999995,5,162.19999999999914,move,improve
8127,15,224.79999999999995,5,162.19999999999914,2opt,notBad
8128,15,224.79999999999995,5,162.19999999999914,move,improve
8129,15,224.79999999999995,5,162.19999999999914,swap,notBad
8130,15,224.79999999999995,5,162.19999999999914,swap,notBad
8131,15,224.79999999999995,5,162.19999999999914,2opt,notBad
8132,15,224.79999999999995,5,162.19999999999914,move,improve
8133,15,224.79999999999995,5,162.19999999999914,swap,notBad
8134,15,224.79999999999995,5,162.19999999999914,swap,notBad
8135,15,224.79999999999995,5,162.19999999999914,swap,notBad
8136,15,224.79999999999995,5,162.19999999999914,move,improve
8137,15,224.79999999999995,5,162.19999999999914,2opt,notBad
8138,15,224.79999999999995,5,162.19999999999914,swap,notBad
8139,15,224.79999999999995,5,162.19999999999914,2opt,notBad
8140,15,224.79999999999995,5,162.19999999999914,2opt,notBad
8141,15,224.79999999999995,5,162.19999999999914,swap,notBad
8142,15,224.79999999999995,5,162.19999999999914,swap,notBad
8143,15,224.79999999999995,5,162.19999999999914,move,improve
8144,15,224.79999999999995,5,162.19999999999914,2opt,notBad
8145,15,224.79999999999995,5,162.19999999999914,move,improve
8146,15,224.79999999999995,5,162.19999999999914,swap,notBad
8147,15,224.79999999999995,5,162.19999999999914,move,improve
8148,15,224.79999999999995,5,162.19999999999914,2opt,notBad
8149,15,224.79999999999995,5,162.19999999999914,swap,notBad
8150,15,224.79999999999995,5,162.19999999999914,2opt,improve
8151,15,224.79999999999995,5,162.19999999999914,swap,notBad
8152,15,224.79999999999995,5,162.19999999999914,swap,notBad
8153,15,224.79999999999995,5,162.19999999999914,move,improve
8154,15,224.79999999999995,5,162.19999999999914,swap,notBad
8155,15,224.79999999999995,5,162.19999999999914,move,improve
8156,15,224.79999999999995,5,162.19999999999914,2opt,notBad
8157,15,224.79999999999995,5,162.19999999999914,swap,notBad
8158,15,224.79999999999995,5,162.19999999999914,swap,notBad
8159,15,224.79999999999995,5,162.19999999999914,swap,notBad
8160,15,224.79999999999995,5,162.19999999999914,swap,notBad
8161,15,215.79999999999905,5,162.19999999999914,move,improve
8162,15,215.79999999999905,5,162.19999999999914,2opt,improve
8163,15,215.79999999999905,5,162.19999999999914,2opt,notBad
8164,15,215.79999999999905,5,162.19999999999914,swap,notBad
8165,15,215.79999999999905,5,162.19999999999914,swap,notBad
8166,15,215.79999999999905,5,162.19999999999914,move,improve
8167,15,215.79999999999905,5,162.19999999999914,move,improve
8168,15,215.79999999999905,5,162.19999999999914,move,improve
8169,15,215.79999999999905,5,162.19999999999914,2opt,notBad
8170,15,215.79999999999905,5,162.19999999999914,swap,notBad
8171,15,215.79999999999905,5,162.19999999999914,move,improve
8172,15,215.79999999999905,5,162.19999999999914,2opt,notBad
8173,15,215.79999999999905,5,162.19999999999914,2opt,notBad
8174,15,215.79999999999905,5,162.19999999999914,2opt,notBad
8175,15,215.79999999999905,5,162.19999999999914,move,improve
8176,15,215.79999999999905,5,162.19999999999914,2opt,notBad
8177,15,215.79999999999905,5,162.19999999999914,swap,notBad
8178,15,215.79999999999905,5,162.19999999999914,2opt,notBad
8179,15,215.79999999999905,5,162.19999999999914,move,improve
8180,15,215.79999999999905,5,162.19999999999914,2opt,notBad
8181,15,215.79999999999905,5,162.19999999999914,move,improve
8182,15,215.79999999999905,5,162.19999999999914,swap,notBad
8183,15,215.79999999999905,5,162.19999999999914,2opt,notBad
8184,15,215.79999999999905,5,162.19999999999914,2opt,improve
8185,15,215.79999999999905,5,162.19999999999914,2opt,notBad
8186,15,215.79999999999905,5,162.19999999999914,move,improve
8187,15,215.79999999999905,5,162.19999999999914,swap,notBad
8188,15,215.79999999999905,5,162.19999999999914,move,improve
8189,15,215.79999999999905,5,162.19999999999914,swap,notBad
8190,15,215.79999999999905,5,162.19999999999914,2opt,notBad
8191,15,215.79999999999905,5,162.19999999999914,move,improve
8192,15,215.79999999999905,5,162.19999999999914,move,improve
8193,15,215.79999999999905,5,162.19999999999914,move,improve
8194,15,215.79999999999905,5,162.19999999999914,swap,notBad
8195,15,215.79999999999905,5,162.19999999999914,2opt,notBad
8196,15,215.79999999999905,5,162.19999999999914,2opt,notBad
8197,15,215.79999999999905,5,162.19999999999914,2opt,improve
8198,15,215.79999999999905,5,162.19999999999914,swap,notBad
8199,15,215.79999999999905,5,162.19999999999914,move,improve
8200,15,215.79999999999905,5,162.19999999999914,swap,notBad
8201,15,215.79999999999905,5,162.19999999999914,move,improve
8202,15,215.79999999999905,5,162.19999999999914,move,improve
8203,15,215.79999999999905,5,162.19999999999914,2opt,notBad
8204,15,215.79999999999905,5,162.19999999999914,swap,notBad
8205,15,215.79999999999905,5,162.19999999999914,swap,notBad
8206,15,215.79999999999905,5,162.19999999999914,2opt,notBad
8207,15,215.79999999999905,5,162.19999999999914,swap,notBad
8208,15,215.79999999999905,5,162.19999999999914,2opt,improve
8209,15,215.79999999999905,5,162.19999999999914,swap,notBad
8210,15,215.79999999999905,5,162.19999999999914,swap,notBad
8211,15,215.79999999999905,5,162.19999999999914,2opt,notBad
8212,15,215.79999999999905,5,162.19999999999914,move,improve
8213,15,215.79999999999905,5,162.19999999999914,swap,notBad
8214,15,215.79999999999905,5,162.19999999999914,move,improve
8215,15,215.79999999999905,5,162.19999999999914,move,improve
8216,15,215.79999999999905,5,162.19999999999914,move,improve
8217,15,215.79999999999905,5,162.19999999999914,2opt,notBad
8218,15,215.79999999999905,5,162.19999999999914,swap,notBad
8219,15,215.79999999999905,5,162.19999999999914,2opt,notBad
8220,15,215.79999999999905,5,162.19999999999914,swap,notBad
8221,15,215.79999999999905,5,162.19999999999914,move,improve
8222,15,215.79999999999905,5,162.19999999999914,2opt,notBad
8223,15,215.79999999999905,5,162.19999999999914,swap,notBad
8224,15,215.79999999999905,5,162.19999999999914,move,improve
8225,15,215.79999999999905,5,162.19999999999914,2opt,notBad
8226,15,215.79999999999905,5,162.19999999999914,swap,notBad
8227,15,215.79999999999905,5,162.19999999999914,move,improve
8228,15,215.79999999999905,5,162.19999999999914,swap,improve
8229,15,215.79999999999905,5,162.19999999999914,2opt,notBad
8230,15,215.79999999999905,5,162.19999999999914,swap,notBad
8231,15,215.79999999999905,5,162.19999999999914,move,improve
8232,15,215.79999999999905,5,162.19999999999914,swap,notBad
8233,15,215.79999999999905,5,162.19999999999914,2opt,notBad
8234,15,215.79999999999905,5,162.19999999999914,2opt,notBad
8235,15,215.79999999999905,5,162.19999999999914,swap,notBad
8236,15,215.79999999999905,5,162.19999999999914,swap,notBad
8237,15,215.79999999999905,5,162.19999999999914,2opt,notBad
8238,15,215.79999999999905,5,162.19999999999914,move,improve
8239,15,215.79999999999905,5,162.19999999999914,move,improve
8240,15,215.79999999999905,5,162.19999999999914,swap,notBad
8241,15,215.79999999999905,5,162.19999999999914,move,improve
8242,15,215.79999999999905,5,162.19999999999914,swap,notBad
8243,15,215.79999999999905,5,162.19999999999914,move,improve
8244,15,215.79999999999905,5,162.19999999999914,swap,notBad
8245,15,215.79999999999905,5,162.19999999999914,swap,notBad
8246,15,215.79999999999905,5,162.19999999999914,swap,notBad
8247,15,215.79999999999905,5,162.19999999999914,2opt,notBad
8248,15,215.79999999999905,5,162.19999999999914,2opt,notBad
8249,15,215.79999999999905,5,162.19999999999914,2opt,improve
8250,15,215.79999999999905,5,162.19999999999914,move,improve
8251,15,215.79999999999905,5,162.19999999999914,move,improve
8252,15,215.79999999999905,5,162.19999999999914,swap,notBad
8253,15,215.79999999999905,5,162.19999999999914,move,improve
8254,15,215.79999999999905,5,162.19999999999914,swap,notBad
8255,15,215.79999999999905,5,162.19999999999914,2opt,notBad
8256,15,215.79999999999905,5,162.19999999999914,move,improve
8257,15,215.79999999999905,5,162.19999999999914,swap,notBad
8258,15,215.79999999999905,5,162.19999999999914,2opt,notBad
8259,15,215.79999999999905,5,162.19999999999914,move,improve
8260,15,215.79999999999905,5,162.19999999999914,2opt,notBad
8261,15,215.79999999999905,5,162.19999999999914,move,improve
8262,15,215.79999999999905,5,162.19999999999914,swap,improve
8263,15,215.79999999999905,5,162.19999999999914,2opt,notBad
8264,15,215.79999999999905,5,162.19999999999914,2opt,improve
8265,15,228.7999999999986,5,162.19999999999914,swap,acceptBad
8266,15,228.7999999999986,5,162.19999999999914,swap,notBad
8267,15,228.7999999999986,5,162.19999999999914,move,improve
8268,15,228.7999999999986,5,162.19999999999914,2opt,notBad
8269,15,228.7999999999986,5,162.19999999999914,2opt,notBad
8270,15,228.7999999999986,5,162.19999999999914,2opt,notBad
8271,15,228.7999999999986,5,162.19999999999914,swap,notBad
8272,15,228.7999999999986,5,162.19999999999914,2opt,notBad
8273,15,228.7999999999986,5,162.19999999999914,2opt,notBad
8274,15,228.7999999999986,5,162.19999999999914,swap,notBad
8275,15,228.7999999999986,5,162.19999999999914,swap,notBad
8276,15,228.7999999999986,5,162.19999999999914,swap,notBad
8277,15,228.7999999999986,5,162.19999999999914,swap,notBad
8278,15,228.7999999999986,5,162.19999999999914,2opt,notBad
8279,15,228.7999999999986,5,162.19999999999914,move,improve
8280,15,228.7999999999986,5,162.19999999999914,2opt,notBad
8281,15,228.7999999999986,5,162.19999999999914,swap,notBad
8282,15,228.7999999999986,5,162.19999999999914,move,improve
8283,15,228.7999999999986,5,162.19999999999914,swap,improve
8284,15,228.7999999999986,5,162.19999999999914,move,improve
8285,15,228.7999999999986,5,162.19999999999914,2opt,notBad
8286,15,228.19999999999914,5,162.19999999999914,move,improve
8287,15,228.19999999999914,5,162.19999999999914,2opt,notBad
8288,15,228.19999999999914,5,162.19999999999914,2opt,notBad
8289,15,228.19999999999914,5,162.19999999999914,swap,notBad
8290,15,228.19999999999914,5,162.19999999999914,move,improve
8291,15,228.19999999999914,5,162.19999999999914,move,improve
8292,15,228.19999999999914,5,162.19999999999914,2opt,notBad
8293,15,228.19999999999914,5,162.19999999999914,swap,notBad
8294,15,228.19999999999914,5,162.19999999999914,swap,notBad
8295,15,228.19999999999914,5,162.19999999999914,swap,notBad
8296,15,228.19999999999914,5,162.19999999999914,2opt,notBad
8297,15,228.19999999999914,5,162.19999999999914,move,improve
8298,15,228.19999999999914,5,162.19999999999914,move,improve
8299,15,228.19999999999914,5,162.19999999999914,swap,notBad
8300,15,228.19999999999914,5,162.19999999999914,2opt,notBad
8301,15,228.19999999999914,5,162.19999999999914,move,improve
8302,15,228.19999999999914,5,162.19999999999914,swap,notBad
8303,15,228.19999999999914,5,162.19999999999914,2opt,notBad
8304,15,228.19999999999914,5,162.19999999999914,move,improve
8305,15,228.19999999999914,5,162.19999999999914,move,improve
8306,15,228.19999999999914,5,162.19999999999914,swap,notBad
8307,15,228.19999999999914,5,162.19999999999914,swap,notBad
8308,15,228.19999999999914,5,162.19999999999914,move,improve
8309,15,228.19999999999914,5,162.19999999999914,swap,notBad
8310,15,228.19999999999914,5,162.19999999999914,move,improve
8311,15,228.19999999999914,5,162.19999999999914,move,improve
8312,15,228.19999999999914,5,162.19999999999914,2opt,notBad
8313,15,228.19999999999914,5,162.19999999999914,move,improve
8314,15,228.19999999999914,5,162.19999999999914,move,improve
8315,15,228.19999999999914,5,162.19999999999914,move,improve
8316,15,228.19999999999914,5,162.19999999999914,2opt,notBad
8317,15,228.19999999999914,5,162.19999999999914,swap,notBad
8318,15,228.19999999999914,5,162.19999999999914,swap,notBad
8319,15,228.19999999999914,5,162.19999999999914,move,improve
8320,15,228.19999999999914,5,162.19999999999914,swap,notBad
8321,15,228.19999999999914,5,162.19999999999914,swap,notBad
8322,15,228.19999999999914,5,162.19999999999914,swap,notBad
8323,15,228.19999999999914,5,162.19999999999914,swap,notBad
8324,15,228.19999999999914,5,162.19999999999914,2opt,notBad
8325,15,228.19999999999914,5,162.19999999999914,2opt,notBad
8326,15,228.19999999999914,5,162.19999999999914,2opt,notBad
8327,15,228.19999999999914,5,162.19999999999914,2opt,notBad
8328,15,228.19999999999914,5,162.19999999999914,swap,notBad
8329,15,228.19999999999914,5,162.19999999999914,2opt,notBad
8330,15,228.19999999999914,5,162.19999999999914,swap,notBad
8331,15,228.19999999999914,5,162.19999999999914,move,improve
8332,15,228.19999999999914,5,162.19999999999914,swap,notBad
8333,15,228.19999999999914,5,162.19999999999914,move,improve
8334,15,228.19999999999914,5,162.19999999999914,move,improve
8335,15,228.19999999999914,5,162.19999999999914,2opt,notBad
8336,15,228.19999999999914,5,162.19999999999914,swap,notBad
8337,15,228.19999999999914,5,162.19999999999914,2opt,notBad
8338,15,228.19999999999914,5,162.19999999999914,move,improve
8339,15,228.19999999999914,5,162.19999999999914,move,improve
8340,15,228.19999999999914,5,162.19999999999914,2opt,improve
8341,15,228.19999999999914,5,162.19999999999914,2opt,notBad
8342,15,228.19999999999914,5,162.19999999999914,2opt,notBad
8343,15,228.7999999999986,5,162.19999999999914,swap,acceptBad
8344,15,228.7999999999986,5,162.19999999999914,2opt,improve
8345,15,228.7999999999986,5,162.19999999999914,swap,notBad
8346,15,228.7999999999986,5,162.19999999999914,move,improve
8347,15,228.7999999999986,5,162.19999999999914,2opt,notBad
8348,15,228.7999999999986,5,162.19999999999914,2opt,notBad
8349,15,228.7999999999986,5,162.19999999999914,swap,notBad
8350,15,228.7999999999986,5,162.19999999999914,move,improve
8351,15,228.7999999999986,5,162.19999999999914,move,improve
8352,15,228.7999999999986,5,162.19999999999914,move,notBad
8353,15,228.7999999999986,5,162.19999999999914,2opt,notBad
8354,15,228.7999999999986,5,162.19999999999914,move,improve
8355,15,228.7999999999986,5,162.19999999999914,swap,notBad
8356,15,228.7999999999986,5,162.19999999999914,2opt,notBad
8357,15,228.7999999999986,5,162.19999999999914,swap,notBad
8358,15,228.7999999999986,5,162.19999999999914,move,improve
8359,15,228.7999999999986,5,162.19999999999914,swap,notBad
8360,15,228.7999999999986,5,162.19999999999914,move,improve
8361,15,228.7999999999986,5,162.19999999999914,swap,notBad
8362,15,228.7999999999986,5,162.19999999999914,2opt,notBad
8363,15,228.7999999999986,5,162.19999999999914,2opt,notBad
8364,15,228.7999999999986,5,162.19999999999914,move,improve
8365,15,228.7999999999986,5,162.19999999999914,2opt,notBad
8366,15,228.7999999999986,5,162.19999999999914,2opt,notBad
8367,15,228.7999999999986,5,162.19999999999914,2opt,notBad
8368,15,228.7999999999986,5,162.19999999999914,2opt,improve
8369,15,228.7999999999986,5,162.19999999999914,swap,improve
8370,15,228.7999999999986,5,162.19999999999914,move,improve
8371,15,228.7999999999986,5,162.19999999999914,2opt,notBad
8372,15,228.7999999999986,5,162.19999999999914,2opt,improve
8373,15,228.7999999999986,5,162.19999999999914,2opt,notBad
8374,15,228.7999999999986,5,162.19999999999914,swap,notBad
8375,15,228.7999999999986,5,162.19999999999914,swap,notBad
8376,15,228.7999999999986,5,162.19999999999914,swap,notBad
8377,15,228.7999999999986,5,162.19999999999914,swap,notBad
8378,15,228.7999999999986,5,162.19999999999914,move,improve
8379,15,228.7999999999986,5,162.19999999999914,2opt,notBad
8380,15,228.7999999999986,5,162.19999999999914,move,improve
8381,15,228.7999999999986,5,162.19999999999914,swap,notBad
8382,15,228.7999999999986,5,162.19999999999914,swap,notBad
8383,15,228.7999999999986,5,162.19999999999914,move,improve
8384,15,228.7999999999986,5,162.19999999999914,2opt,notBad
8385,15,228.7999999999986,5,162.19999999999914,swap,notBad
8386,15,228.7999999999986,5,162.19999999999914,swap,notBad
8387,15,228.7999999999986,5,162.19999999999914,2opt,improve
8388,15,228.7999999999986,5,162.19999999999914,2opt,improve
8389,15,228.7999999999986,5,162.19999999999914,swap,notBad
8390,15,228.7999999999986,5,162.19999999999914,swap,notBad
8391,15,228.7999999999986,5,162.19999999999914,swap,notBad
8392,15,228.7999999999986,5,162.19999999999914,2opt,notBad
8393,15,228.7999999999986,5,162.19999999999914,2opt,notBad
8394,15,228.7999999999986,5,162.19999999999914,2opt,notBad
8395,15,228.7999999999986,5,162.19999999999914,swap,notBad
8396,15,228.7999999999986,5,162.19999999999914,swap,notBad
8397,15,228.7999999999986,5,162.19999999999914,swap,notBad
8398,15,228.7999999999986,5,162.19999999999914,2opt,notBad
8399,15,228.7999999999986,5,162.19999999999914,swap,notBad
8400,15,228.7999999999986,5,162.19999999999914,2opt,notBad
8401,15,228.7999999999986,5,162.19999999999914,2opt,notBad
8402,15,228.7999999999986,5,162.19999999999914,2opt,notBad
8403,15,228.7999999999986,5,162.19999999999914,2opt,notBad
8404,15,228.7999999999986,5,162.19999999999914,move,improve
8405,15,228.7999999999986,5,162.19999999999914,2opt,improve
8406,15,228.7999999999986,5,162.19999999999914,2opt,improve
8407,15,228.7999999999986,5,162.19999999999914,2opt,improve
8408,15,228.7999999999986,5,162.19999999999914,swap,notBad
8409,15,228.7999999999986,5,162.19999999999914,2opt,notBad
8410,15,228.7999999999986,5,162.19999999999914,2opt,notBad
8411,15,228.7999999999986,5,162.19999999999914,2opt,notBad
8412,15,228.7999999999986,5,162.19999999999914,2opt,notBad
8413,15,228.7999999999986,5,162.19999999999914,move,improve
8414,15,228.7999999999986,5,162.19999999999914,2opt,notBad
8415,15,228.7999999999986,5,162.19999999999914,2opt,notBad
8416,15,228.7999999999986,5,162.19999999999914,2opt,notBad
8417,15,228.7999999999986,5,162.19999999999914,2opt,improve
8418,15,228.7999999999986,5,162.19999999999914,swap,notBad
8419,15,228.7999999999986,5,162.19999999999914,move,improve
8420,15,228.7999999999986,5,162.19999999999914,swap,notBad
8421,15,228.7999999999986,5,162.19999999999914,swap,notBad
8422,15,228.7999999999986,5,162.19999999999914,move,improve
8423,15,228.7999999999986,5,162.19999999999914,swap,notBad
8424,15,228.7999999999986,5,162.19999999999914,swap,notBad
8425,15,228.7999999999986,5,162.19999999999914,swap,notBad
8426,15,228.7999999999986,5,162.19999999999914,swap,notBad
8427,15,228.7999999999986,5,162.19999999999914,swap,notBad
8428,15,228.7999999999986,5,162.19999999999914,move,improve
8429,15,228.7999999999986,5,162.19999999999914,move,improve
8430,15,228.7999999999986,5,162.19999999999914,swap,notBad
8431,15,228.7999999999986,5,162.19999999999914,swap,notBad
8432,15,228.7999999999986,5,162.19999999999914,swap,notBad
8433,15,228.7999999999986,5,162.19999999999914,move,improve
8434,15,228.7999999999986,5,162.19999999999914,swap,notBad
8435,15,228.7999999999986,5,162.19999999999914,swap,notBad
8436,15,228.7999999999986,5,162.19999999999914,2opt,notBad
8437,15,228.7999999999986,5,162.19999999999914,2opt,notBad
8438,15,228.7999999999986,5,162.19999999999914,2opt,notBad
8439,15,228.7999999999986,5,162.19999999999914,2opt,notBad
8440,15,228.7999999999986,5,162.19999999999914,move,improve
8441,15,228.7999999999986,5,162.19999999999914,move,improve
8442,15,228.7999999999986,5,162.19999999999914,swap,notBad
8443,15,228.7999999999986,5,162.19999999999914,move,improve
8444,15,228.7999999999986,5,162.19999999999914,swap,notBad
8445,15,228.7999999999986,5,162.19999999999914,2opt,notBad
8446,15,228.7999999999986,5,162.19999999999914,move,improve
8447,15,228.7999999999986,5,162.19999999999914,move,improve
8448,15,228.7999999999986,5,162.19999999999914,2opt,notBad
8449,15,228.7999999999986,5,162.19999999999914,swap,notBad
8450,15,228.7999999999986,5,162.19999999999914,move,improve
8451,15,228.7999999999986,5,162.19999999999914,move,improve
8452,15,228.7999999999986,5,162.19999999999914,swap,notBad
8453,15,228.7999999999986,5,162.19999999999914,swap,notBad
8454,15,228.7999999999986,5,162.19999999999914,swap,notBad
8455,15,228.7999999999986,5,162.19999999999914,move,improve
8456,15,228.7999999999986,5,162.19999999999914,swap,notBad
8457,15,228.7999999999986,5,162.19999999999914,move,improve
8458,15,211.99999999999932,5,162.19999999999914,move,improve
8459,15,211.99999999999932,5,162.19999999999914,move,improve
8460,15,211.99999999999932,5,162.19999999999914,move,improve
8461,15,211.99999999999932,5,162.19999999999914,swap,notBad
8462,15,211.99999999999932,5,162.19999999999914,move,improve
8463,15,211.99999999999932,5,162.19999999999914,2opt,notBad
8464,15,211.99999999999932,5,162.19999999999914,move,improve
8465,15,211.99999999999932,5,162.19999999999914,move,improve
8466,15,211.99999999999932,5,162.19999999999914,move,improve
8467,15,211.99999999999932,5,162.19999999999914,2opt,notBad
8468,15,211.99999999999932,5,162.19999999999914,move,improve
8469,15,211.99999999999932,5,162.19999999999914,2opt,notBad
8470,15,211.99999999999932,5,162.19999999999914,swap,notBad
8471,15,211.99999999999932,5,162.19999999999914,2opt,notBad
8472,15,211.99999999999932,5,162.19999999999914,2opt,notBad
8473,15,211.99999999999932,5,162.19999999999914,swap,notBad
8474,15,211.99999999999932,5,162.19999999999914,move,improve
8475,15,212.59999999999968,5,162.19999999999914,2opt,acceptBad
8476,15,212.59999999999968,5,162.19999999999914,move,improve
8477,15,212.59999999999968,5,162.19999999999914,2opt,notBad
8478,15,212.59999999999968,5,162.19999999999914,2opt,notBad
8479,15,212.59999999999968,5,162.19999999999914,move,improve
8480,15,212.59999999999968,5,162.19999999999914,2opt,notBad
8481,15,212.59999999999968,5,162.19999999999914,move,improve
8482,15,212.59999999999968,5,162.19999999999914,2opt,notBad
8483,15,212.59999999999968,5,162.19999999999914,swap,notBad
8484,15,212.59999999999968,5,162.19999999999914,move,improve
8485,15,212.59999999999968,5,162.19999999999914,2opt,notBad
8486,15,212.59999999999968,5,162.19999999999914,swap,notBad
8487,15,212.59999999999968,5,162.19999999999914,move,improve
8488,15,212.59999999999968,5,162.19999999999914,swap,notBad
8489,15,212.59999999999968,5,162.19999999999914,2opt,notBad
8490,15,212.59999999999968,5,162.19999999999914,swap,notBad
8491,15,212.59999999999968,5,162.19999999999914,2opt,notBad
8492,15,212.59999999999968,5,162.19999999999914,move,improve
8493,15,208.39999999999918,5,162.19999999999914,move,improve
8494,15,208.39999999999918,5,162.19999999999914,swap,notBad
8495,15,208.39999999999918,5,162.19999999999914,swap,notBad
8496,15,208.39999999999918,5,162.19999999999914,move,improve
8497,15,208.39999999999918,5,162.19999999999914,move,improve
8498,15,208.39999999999918,5,162.19999999999914,swap,notBad
8499,15,208.39999999999918,5,162.19999999999914,swap,notBad
8500,15,208.39999999999918,5,162.19999999999914,swap,notBad
8501,15,208.39999999999918,5,162.19999999999914,swap,notBad
8502,15,208.39999999999918,5,162.19999999999914,move,improve
8503,15,208.39999999999918,5,162.19999999999914,move,improve
8504,15,208.39999999999918,5,162.19999999999914,2opt,notBad
8505,15,208.39999999999918,5,162.19999999999914,move,improve
8506,15,208.39999999999918,5,162.19999999999914,swap,notBad
8507,15,208.39999999999918,5,162.19999999999914,swap,notBad
8508,15,208.39999999999918,5,162.19999999999914,move,improve
8509,15,208.39999999999918,5,162.19999999999914,move,improve
8510,15,208.39999999999918,5,162.19999999999914,move,improve
8511,15,208.39999999999918,5,162.19999999999914,2opt,notBad
8512,15,208.39999999999918,5,162.19999999999914,move,improve
8513,15,208.39999999999918,5,162.19999999999914,2opt,notBad
8514,15,208.39999999999918,5,162.19999999999914,move,improve
8515,15,208.39999999999918,5,162.19999999999914,2opt,notBad
8516,15,208.39999999999918,5,162.19999999999914,2opt,notBad
8517,15,208.39999999999918,5,162.19999999999914,2opt,improve
8518,15,208.39999999999918,5,162.19999999999914,move,improve
8519,15,208.39999999999918,5,162.19999999999914,2opt,notBad
8520,15,208.39999999999918,5,162.19999999999914,move,improve
8521,15,208.39999999999918,5,162.19999999999914,move,improve
8522,15,208.39999999999918,5,162.19999999999914,swap,notBad
8523,15,208.39999999999918,5,162.19999999999914,2opt,notBad
8524,15,208.39999999999918,5,162.19999999999914,2opt,notBad
8525,15,208.39999999999918,5,162.19999999999914,2opt,improve
8526,15,208.39999999999918,5,162.19999999999914,swap,notBad
8527,15,208.39999999999918,5,162.19999999999914,2opt,notBad
8528,15,208.39999999999918,5,162.19999999999914,swap,notBad
8529,15,208.39999999999918,5,162.19999999999914,move,improve
8530,15,208.39999999999918,5,162.19999999999914,swap,notBad
8531,15,208.39999999999918,5,162.19999999999914,2opt,notBad
8532,15,208.39999999999918,5,162.19999999999914,swap,notBad
8533,15,208.39999999999918,5,162.19999999999914,move,improve
8534,15,208.39999999999918,5,162.19999999999914,2opt,improve
8535,15,208.39999999999918,5,162.19999999999914,move,improve
8536,15,208.39999999999918,5,162.19999999999914,swap,notBad
8537,15,208.39999999999918,5,162.19999999999914,swap,notBad
8538,15,208.39999999999918,5,162.19999999999914,swap,notBad
8539,15,208.39999999999918,5,162.19999999999914,swap,notBad
8540,15,208.39999999999918,5,162.19999999999914,2opt,notBad
8541,15,208.39999999999918,5,162.19999999999914,swap,notBad
8542,15,208.39999999999918,5,162.19999999999914,move,improve
8543,15,208.39999999999918,5,162.19999999999914,2opt,notBad
8544,15,208.39999999999918,5,162.19999999999914,move,improve
8545,15,208.39999999999918,5,162.19999999999914,2opt,notBad
8546,15,208.39999999999918,5,162.19999999999914,move,improve
8547,15,208.39999999999918,5,162.19999999999914,swap,improve
8548,15,208.39999999999918,5,162.19999999999914,swap,notBad
8549,15,208.39999999999918,5,162.19999999999914,swap,notBad
8550,15,208.39999999999918,5,162.19999999999914,move,improve
8551,15,208.39999999999918,5,162.19999999999914,2opt,notBad
8552,15,208.39999999999918,5,162.19999999999914,move,improve
8553,15,208.39999999999918,5,162.19999999999914,2opt,notBad
8554,15,208.39999999999918,5,162.19999999999914,swap,notBad
8555,15,208.39999999999918,5,162.19999999999914,swap,notBad
8556,15,208.39999999999918,5,162.19999999999914,move,improve
8557,15,208.39999999999918,5,162.19999999999914,swap,notBad
8558,15,208.39999999999918,5,162.19999999999914,swap,notBad
8559,15,208.39999999999918,5,162.19999999999914,move,improve
8560,15,208.39999999999918,5,162.19999999999914,move,improve
8561,15,208.39999999999918,5,162.19999999999914,move,improve
8562,15,208.39999999999918,5,162.19999999999914,2opt,improve
8563,15,208.39999999999918,5,162.19999999999914,2opt,notBad
8564,15,208.39999999999918,5,162.19999999999914,swap,notBad
8565,15,208.39999999999918,5,162.19999999999914,move,improve
8566,15,208.39999999999918,5,162.19999999999914,2opt,notBad
8567,15,208.39999999999918,5,162.19999999999914,move,improve
8568,15,208.39999999999918,5,162.19999999999914,2opt,notBad
8569,15,208.39999999999918,5,162.19999999999914,2opt,notBad
8570,15,208.39999999999918,5,162.19999999999914,swap,notBad
8571,15,208.39999999999918,5,162.19999999999914,move,improve
8572,15,208.39999999999918,5,162.19999999999914,swap,notBad
8573,15,208.39999999999918,5,162.19999999999914,2opt,notBad
8574,15,208.39999999999918,5,162.19999999999914,move,improve
8575,15,208.39999999999918,5,162.19999999999914,move,improve
8576,15,208.39999999999918,5,162.19999999999914,move,improve
8577,15,208.39999999999918,5,162.19999999999914,2opt,notBad
8578,15,208.39999999999918,5,162.19999999999914,2opt,notBad
8579,15,208.39999999999918,5,162.19999999999914,move,improve
8580,15,208.39999999999918,5,162.19999999999914,2opt,improve
8581,15,208.39999999999918,5,162.19999999999914,swap,notBad
8582,15,208.39999999999918,5,162.19999999999914,move,improve
8583,15,208.39999999999918,5,162.19999999999914,2opt,notBad
8584,15,208.39999999999918,5,162.19999999999914,2opt,notBad
8585,15,208.39999999999918,5,162.19999999999914,2opt,notBad
8586,15,208.39999999999918,5,162.19999999999914,move,improve
8587,15,208.39999999999918,5,162.19999999999914,swap,notBad
8588,15,208.39999999999918,5,162.19999999999914,move,improve
8589,15,208.39999999999918,5,162.19999999999914,move,improve
8590,15,208.39999999999918,5,162.19999999999914,move,improve
8591,15,208.39999999999918,5,162.19999999999914,swap,notBad
8592,15,208.39999999999918,5,162.19999999999914,2opt,notBad
8593,15,208.39999999999918,5,162.19999999999914,2opt,improve
8594,15,208.39999999999918,5,162.19999999999914,move,improve
8595,15,208.39999999999918,5,162.19999999999914,2opt,improve
8596,15,208.39999999999918,5,162.19999999999914,2opt,notBad
8597,15,208.39999999999918,5,162.19999999999914,move,improve
8598,15,208.39999999999918,5,162.19999999999914,move,improve
8599,15,208.39999999999918,5,162.19999999999914,move,improve
8600,15,208.39999999999918,5,162.19999999999914,swap,notBad
8601,15,208.39999999999918,5,162.19999999999914,2opt,notBad
8602,15,208.39999999999918,5,162.19999999999914,swap,notBad
8603,15,208.39999999999918,5,162.19999999999914,move,improve
8604,15,208.39999999999918,5,162.19999999999914,2opt,notBad
8605,15,208.39999999999918,5,162.19999999999914,2opt,notBad
8606,15,208.39999999999918,5,162.19999999999914,move,improve
8607,15,208.39999999999918,5,162.19999999999914,move,improve
8608,15,208.39999999999918,5,162.19999999999914,swap,notBad
8609,15,208.39999999999918,5,162.19999999999914,swap,notBad
8610,15,208.39999999999918,5,162.19999999999914,2opt,improve
8611,15,208.39999999999918,5,162.19999999999914,move,improve
8612,15,208.39999999999918,5,162.19999999999914,2opt,notBad
8613,15,208.39999999999918,5,162.19999999999914,move,improve
8614,15,208.39999999999918,5,162.19999999999914,move,improve
8615,15,208.39999999999918,5,162.19999999999914,move,improve
8616,15,208.39999999999918,5,162.19999999999914,move,improve
8617,15,208.39999999999918,5,162.19999999999914,2opt,improve
8618,15,208.39999999999918,5,162.19999999999914,2opt,notBad
8619,15,208.39999999999918,5,162.19999999999914,2opt,notBad
8620,15,208.39999999999918,5,162.19999999999914,swap,notBad
8621,15,208.39999999999918,5,162.19999999999914,2opt,improve
8622,15,208.39999999999918,5,162.19999999999914,swap,notBad
8623,15,208.39999999999918,5,162.19999999999914,2opt,notBad
8624,15,208.39999999999918,5,162.19999999999914,2opt,notBad
8625,15,208.39999999999918,5,162.19999999999914,2opt,notBad
8626,15,208.39999999999918,5,162.19999999999914,move,improve
8627,15,208.39999999999918,5,162.19999999999914,2opt,notBad
8628,15,208.39999999999918,5,162.19999999999914,swap,notBad
8629,15,208.39999999999918,5,162.19999999999914,swap,notBad
8630,15,208.39999999999918,5,162.19999999999914,2opt,notBad
8631,15,208.39999999999918,5,162.19999999999914,move,improve
8632,15,208.39999999999918,5,162.19999999999914,swap,notBad
8633,15,208.39999999999918,5,162.19999999999914,2opt,notBad
8634,15,208.39999999999918,5,162.19999999999914,move,improve
8635,15,208.39999999999918,5,162.19999999999914,swap,notBad
8636,15,208.79999999999927,5,162.19999999999914,move,acceptBad
8637,15,208.79999999999927,5,162.19999999999914,swap,notBad
8638,15,208.79999999999927,5,162.19999999999914,swap,improve
8639,15,208.79999999999927,5,162.19999999999914,2opt,notBad
8640,15,208.79999999999927,5,162.19999999999914,move,improve
8641,15,208.79999999999927,5,162.19999999999914,2opt,notBad
8642,15,208.79999999999927,5,162.19999999999914,move,improve
8643,15,208.79999999999927,5,162.19999999999914,move,improve
8644,15,208.79999999999927,5,162.19999999999914,swap,notBad
8645,15,208.79999999999927,5,162.19999999999914,move,improve
8646,15,208.79999999999927,5,162.19999999999914,swap,notBad
8647,15,208.79999999999927,5,162.19999999999914,move,improve
8648,15,208.79999999999927,5,162.19999999999914,move,improve
8649,15,208.79999999999927,5,162.19999999999914,move,improve
8650,15,208.79999999999927,5,162.19999999999914,2opt,notBad
8651,15,208.79999999999927,5,162.19999999999914,2opt,notBad
8652,15,208.79999999999927,5,162.19999999999914,2opt,notBad
8653,15,208.79999999999927,5,162.19999999999914,move,improve
8654,15,208.79999999999927,5,162.19999999999914,move,improve
8655,15,208.79999999999927,5,162.19999999999914,move,improve
8656,15,208.79999999999927,5,162.19999999999914,2opt,notBad
8657,15,208.79999999999927,5,162.19999999999914,swap,notBad
8658,15,208.79999999999927,5,162.19999999999914,2opt,improve
8659,15,208.79999999999927,5,162.19999999999914,move,improve
8660,15,208.79999999999927,5,162.19999999999914,swap,notBad
8661,15,208.79999999999927,5,162.19999999999914,2opt,notBad
8662,15,208.79999999999927,5,162.19999999999914,2opt,notBad
8663,15,208.79999999999927,5,162.19999999999914,swap,notBad
8664,15,208.79999999999927,5,162.19999999999914,move,improve
8665,15,208.79999999999927,5,162.19999999999914,swap,notBad
8666,15,208.79999999999927,5,162.19999999999914,swap,notBad
8667,15,208.79999999999927,5,162.19999999999914,2opt,notBad
8668,15,208.79999999999927,5,162.19999999999914,2opt,improve
8669,15,208.79999999999927,5,162.19999999999914,swap,notBad
8670,15,208.79999999999927,5,162.19999999999914,swap,notBad
8671,15,208.79999999999927,5,162.19999999999914,2opt,notBad
8672,15,208.79999999999927,5,162.19999999999914,swap,notBad
8673,15,208.79999999999927,5,162.19999999999914,move,improve
8674,15,208.79999999999927,5,162.19999999999914,swap,notBad
8675,15,208.79999999999927,5,162.19999999999914,move,improve
8676,15,208.79999999999927,5,162.19999999999914,move,improve
8677,15,208.79999999999927,5,162.19999999999914,move,improve
8678,15,208.79999999999927,5,162.19999999999914,move,improve
8679,15,208.79999999999927,5,162.19999999999914,move,improve
8680,15,208.79999999999927,5,162.19999999999914,swap,notBad
8681,15,208.79999999999927,5,162.19999999999914,2opt,improve
8682,15,208.79999999999927,5,162.19999999999914,2opt,notBad
8683,15,208.79999999999927,5,162.19999999999914,swap,notBad
8684,15,208.79999999999927,5,162.19999999999914,swap,notBad
8685,15,208.79999999999927,5,162.19999999999914,move,improve
8686,15,208.79999999999927,5,162.19999999999914,swap,notBad
8687,15,208.79999999999927,5,162.19999999999914,move,improve
8688,15,208.79999999999927,5,162.19999999999914,move,improve
8689,15,208.79999999999927,5,162.19999999999914,swap,notBad
8690,15,208.79999999999927,5,162.19999999999914,swap,notBad
8691,15,208.79999999999927,5,162.19999999999914,2opt,notBad
8692,15,208.79999999999927,5,162.19999999999914,move,improve
8693,15,208.79999999999927,5,162.19999999999914,move,improve
8694,15,208.79999999999927,5,162.19999999999914,2opt,notBad
8695,15,208.79999999999927,5,162.19999999999914,2opt,notBad
8696,15,208.79999999999927,5,162.19999999999914,swap,notBad
8697,15,208.79999999999927,5,162.19999999999914,move,improve
8698,15,208.79999999999927,5,162.19999999999914,move,improve
8699,15,208.79999999999927,5,162.19999999999914,2opt,notBad
8700,15,218.59999999999923,5,162.19999999999914,swap,acceptBad
8701,15,218.59999999999923,5,162.19999999999914,2opt,notBad
8702,15,218.59999999999923,5,162.19999999999914,move,improve
8703,15,218.59999999999923,5,162.19999999999914,move,improve
8704,15,218.59999999999923,5,162.19999999999914,swap,notBad
8705,15,218.59999999999923,5,162.19999999999914,2opt,notBad
8706,15,218.59999999999923,5,162.19999999999914,move,improve
8707,15,218.59999999999923,5,162.19999999999914,move,improve
8708,15,214.19999999999823,5,162.19999999999914,move,improve
8709,15,214.19999999999823,5,162.19999999999914,swap,notBad
8710,15,214.19999999999823,5,162.19999999999914,swap,notBad
8711,15,214.19999999999823,5,162.19999999999914,2opt,notBad
8712,15,214.19999999999823,5,162.19999999999914,2opt,improve
8713,15,214.19999999999823,5,162.19999999999914,move,improve
8714,15,214.19999999999823,5,162.19999999999914,move,improve
8715,15,214.19999999999823,5,162.19999999999914,move,improve
8716,15,214.19999999999823,5,162.19999999999914,move,improve
8717,15,214.19999999999823,5,162.19999999999914,swap,notBad
8718,15,214.19999999999823,5,162.19999999999914,swap,notBad
8719,15,214.19999999999823,5,162.19999999999914,move,improve
8720,15,214.19999999999823,5,162.19999999999914,2opt,notBad
8721,15,214.19999999999823,5,162.19999999999914,2opt,improve
8722,15,214.19999999999823,5,162.19999999999914,2opt,improve
8723,15,214.19999999999823,5,162.19999999999914,swap,notBad
8724,15,225.7999999999986,5,162.19999999999914,swap,acceptBad
8725,15,225.7999999999986,5,162.19999999999914,move,improve
8726,15,225.7999999999986,5,162.19999999999914,swap,notBad
8727,15,225.7999999999986,5,162.19999999999914,swap,notBad
8728,15,225.7999999999986,5,162.19999999999914,swap,notBad
8729,15,225.7999999999986,5,162.19999999999914,2opt,notBad
8730,15,225.7999999999986,5,162.19999999999914,2opt,notBad
8731,15,225.7999999999986,5,162.19999999999914,2opt,notBad
8732,15,225.7999999999986,5,162.19999999999914,swap,notBad
8733,15,231.39999999999827,5,162.19999999999914,swap,acceptBad
8734,15,231.39999999999827,5,162.19999999999914,move,improve
8735,15,231.39999999999827,5,162.19999999999914,swap,notBad
8736,15,231.39999999999827,5,162.19999999999914,swap,notBad
8737,15,231.39999999999827,5,162.19999999999914,swap,notBad
8738,15,231.39999999999827,5,162.19999999999914,2opt,notBad
8739,15,231.39999999999827,5,162.19999999999914,swap,notBad
8740,15,231.39999999999827,5,162.19999999999914,2opt,notBad
8741,15,231.39999999999827,5,162.19999999999914,swap,notBad
8742,15,231.39999999999827,5,162.19999999999914,move,improve
8743,15,231.39999999999827,5,162.19999999999914,swap,notBad
8744,15,231.39999999999827,5,162.19999999999914,swap,notBad
8745,15,231.39999999999827,5,162.19999999999914,move,improve
8746,15,231.39999999999827,5,162.19999999999914,swap,notBad
8747,15,231.39999999999827,5,162.19999999999914,2opt,notBad
8748,15,231.39999999999827,5,162.19999999999914,swap,notBad
8749,15,231.39999999999827,5,162.19999999999914,move,improve
8750,15,231.39999999999827,5,162.19999999999914,swap,notBad
8751,15,228.59999999999877,5,162.19999999999914,move,improve
8752,15,228.59999999999877,5,162.19999999999914,2opt,notBad
8753,15,228.59999999999877,5,162.19999999999914,swap,notBad
8754,15,228.59999999999877,5,162.19999999999914,2opt,notBad
8755,15,228.59999999999877,5,162.19999999999914,2opt,notBad
8756,15,228.59999999999877,5,162.19999999999914,move,improve
8757,15,228.59999999999877,5,162.19999999999914,swap,notBad
8758,15,228.59999999999877,5,162.19999999999914,2opt,notBad
8759,15,228.59999999999877,5,162.19999999999914,2opt,improve
8760,15,228.59999999999877,5,162.19999999999914,swap,notBad
8761,15,228.59999999999877,5,162.19999999999914,2opt,notBad
8762,15,228.59999999999877,5,162.19999999999914,swap,improve
8763,15,228.59999999999877,5,162.19999999999914,2opt,notBad
8764,15,228.59999999999877,5,162.19999999999914,swap,notBad
8765,15,228.59999999999877,5,162.19999999999914,2opt,notBad
8766,15,228.59999999999877,5,162.19999999999914,move,improve
8767,15,228.59999999999877,5,162.19999999999914,swap,notBad
8768,15,228.59999999999877,5,162.19999999999914,move,improve
8769,15,228.59999999999877,5,162.19999999999914,2opt,improve
8770,15,228.59999999999877,5,162.19999999999914,2opt,notBad
8771,15,228.59999999999877,5,162.19999999999914,move,improve
8772,15,228.59999999999877,5,162.19999999999914,move,improve
8773,15,228.59999999999877,5,162.19999999999914,swap,improve
8774,15,228.59999999999877,5,162.19999999999914,move,improve
8775,15,228.59999999999877,5,162.19999999999914,move,improve
8776,15,228.59999999999877,5,162.19999999999914,2opt,improve
8777,15,228.59999999999877,5,162.19999999999914,swap,notBad
8778,15,228.59999999999877,5,162.19999999999914,2opt,notBad
8779,15,228.59999999999877,5,162.19999999999914,2opt,notBad
8780,15,228.59999999999877,5,162.19999999999914,2opt,notBad
8781,15,228.59999999999877,5,162.19999999999914,2opt,notBad
8782,15,228.59999999999877,5,162.19999999999914,2opt,improve
8783,15,228.59999999999877,5,162.19999999999914,swap,notBad
8784,15,228.59999999999877,5,162.19999999999914,swap,notBad
8785,15,228.59999999999877,5,162.19999999999914,swap,notBad
8786,15,228.59999999999877,5,162.19999999999914,2opt,notBad
8787,15,228.59999999999877,5,162.19999999999914,2opt,notBad
8788,15,228.59999999999877,5,162.19999999999914,move,improve
8789,15,228.59999999999877,5,162.19999999999914,2opt,notBad
8790,15,228.59999999999877,5,162.19999999999914,move,improve
8791,15,228.59999999999877,5,162.19999999999914,swap,notBad
8792,15,222.19999999999868,5,162.19999999999914,move,improve
8793,15,222.19999999999868,5,162.19999999999914,2opt,notBad
8794,15,222.19999999999868,5,162.19999999999914,swap,notBad
8795,15,222.19999999999868,5,162.19999999999914,swap,notBad
8796,15,222.19999999999868,5,162.19999999999914,move,improve
8797,15,222.19999999999868,5,162.19999999999914,move,improve
8798,15,222.19999999999868,5,162.19999999999914,move,improve
8799,15,222.19999999999868,5,162.19999999999914,move,improve
8800,15,222.19999999999868,5,162.19999999999914,swap,notBad
8801,15,222.19999999999868,5,162.19999999999914,swap,notBad
8802,15,222.19999999999868,5,162.19999999999914,move,improve
8803,15,222.19999999999868,5,162.19999999999914,swap,notBad
8804,15,222.19999999999868,5,162.19999999999914,move,improve
8805,15,222.19999999999868,5,162.19999999999914,2opt,notBad
8806,15,222.19999999999868,5,162.19999999999914,swap,notBad
8807,15,222.19999999999868,5,162.19999999999914,move,improve
8808,15,222.19999999999868,5,162.19999999999914,move,improve
8809,15,222.19999999999868,5,162.19999999999914,2opt,notBad
8810,15,222.19999999999868,5,162.19999999999914,swap,notBad
8811,15,222.19999999999868,5,162.19999999999914,2opt,notBad
8812,15,222.19999999999868,5,162.19999999999914,move,improve
8813,15,222.19999999999868,5,162.19999999999914,2opt,notBad
8814,15,222.19999999999868,5,162.19999999999914,swap,notBad
8815,15,222.19999999999868,5,162.19999999999914,move,improve
8816,15,222.19999999999868,5,162.19999999999914,swap,notBad
8817,15,222.19999999999868,5,162.19999999999914,move,improve
8818,15,222.19999999999868,5,162.19999999999914,2opt,notBad
8819,15,222.19999999999868,5,162.19999999999914,swap,notBad
8820,15,222.19999999999868,5,162.19999999999914,2opt,notBad
8821,15,222.19999999999868,5,162.19999999999914,move,improve
8822,15,222.19999999999868,5,162.19999999999914,move,improve
8823,15,222.19999999999868,5,162.19999999999914,swap,notBad
8824,15,222.19999999999868,5,162.19999999999914,move,improve
8825,15,222.19999999999868,5,162.19999999999914,move,improve
8826,15,222.19999999999868,5,162.19999999999914,swap,notBad
8827,15,222.19999999999868,5,162.19999999999914,swap,notBad
8828,15,222.19999999999868,5,162.19999999999914,swap,notBad
8829,15,222.19999999999868,5,162.19999999999914,swap,improve
8830,15,222.19999999999868,5,162.19999999999914,move,improve
8831,15,222.19999999999868,5,162.19999999999914,move,improve
8832,15,222.19999999999868,5,162.19999999999914,move,improve
8833,15,222.19999999999868,5,162.19999999999914,swap,notBad
8834,15,222.19999999999868,5,162.19999999999914,move,improve
8835,15,222.19999999999868,5,162.19999999999914,2opt,notBad
8836,15,222.19999999999868,5,162.19999999999914,2opt,improve
8837,15,222.19999999999868,5,162.19999999999914,2opt,notBad
8838,15,222.19999999999868,5,162.19999999999914,swap,notBad
8839,15,222.19999999999868,5,162.19999999999914,swap,notBad
8840,15,222.19999999999868,5,162.19999999999914,swap,notBad
8841,15,222.19999999999868,5,162.19999999999914,2opt,notBad
8842,15,222.19999999999868,5,162.19999999999914,2opt,improve
8843,15,222.19999999999868,5,162.19999999999914,move,improve
8844,15,222.19999999999868,5,162.19999999999914,2opt,notBad
8845,15,222.19999999999868,5,162.19999999999914,swap,notBad
8846,15,222.19999999999868,5,162.19999999999914,2opt,notBad
8847,15,222.19999999999868,5,162.19999999999914,swap,notBad
8848,15,221.3999999999994,5,162.19999999999914,2opt,improve
8849,15,221.3999999999994,5,162.19999999999914,move,improve
8850,15,221.3999999999994,5,162.19999999999914,move,improve
8851,15,221.3999999999994,5,162.19999999999914,swap,notBad
8852,15,221.3999999999994,5,162.19999999999914,swap,notBad
8853,15,221.3999999999994,5,162.19999999999914,move,improve
8854,15,221.3999999999994,5,162.19999999999914,swap,notBad
8855,15,221.3999999999994,5,162.19999999999914,2opt,notBad
8856,15,221.3999999999994,5,162.19999999999914,swap,notBad
8857,15,221.3999999999994,5,162.19999999999914,2opt,improve
8858,15,221.3999999999994,5,162.19999999999914,move,improve
8859,15,221.3999999999994,5,162.19999999999914,swap,notBad
8860,15,221.3999999999994,5,162.19999999999914,move,improve
8861,15,221.3999999999994,5,162.19999999999914,2opt,notBad
8862,15,221.3999999999994,5,162.19999999999914,move,improve
8863,15,221.3999999999994,5,162.19999999999914,move,improve
8864,15,221.3999999999994,5,162.19999999999914,move,improve
8865,15,221.3999999999994,5,162.19999999999914,2opt,notBad
8866,15,221.3999999999994,5,162.19999999999914,2opt,notBad
8867,15,221.3999999999994,5,162.19999999999914,swap,improve
8868,15,221.3999999999994,5,162.19999999999914,2opt,notBad
8869,15,221.3999999999994,5,162.19999999999914,2opt,notBad
8870,15,221.3999999999994,5,162.19999999999914,move,improve
8871,15,221.3999999999994,5,162.19999999999914,swap,notBad
8872,15,221.3999999999994,5,162.19999999999914,move,improve
8873,15,221.3999999999994,5,162.19999999999914,move,improve
8874,15,221.3999999999994,5,162.19999999999914,move,improve
8875,15,221.3999999999994,5,162.19999999999914,2opt,notBad
8876,15,221.3999999999994,5,162.19999999999914,2opt,notBad
8877,15,221.3999999999994,5,162.19999999999914,2opt,notBad
8878,15,221.3999999999994,5,162.19999999999914,2opt,improve
8879,15,221.3999999999994,5,162.19999999999914,2opt,notBad
8880,15,221.3999999999994,5,162.19999999999914,move,improve
8881,15,221.3999999999994,5,162.19999999999914,move,improve
8882,15,221.3999999999994,5,162.19999999999914,2opt,notBad
8883,15,221.3999999999994,5,162.19999999999914,move,improve
8884,15,221.3999999999994,5,162.19999999999914,2opt,notBad
8885,15,221.3999999999994,5,162.19999999999914,swap,notBad
8886,15,221.3999999999994,5,162.19999999999914,swap,notBad
8887,15,221.3999999999994,5,162.19999999999914,2opt,notBad
8888,15,221.3999999999994,5,162.19999999999914,move,improve
8889,15,221.3999999999994,5,162.19999999999914,move,improve
8890,15,221.3999999999994,5,162.19999999999914,swap,notBad
8891,15,221.3999999999994,5,162.19999999999914,move,improve
8892,15,221.3999999999994,5,162.19999999999914,swap,notBad
8893,15,221.3999999999994,5,162.19999999999914,move,improve
8894,15,221.3999999999994,5,162.19999999999914,2opt,improve
8895,15,221.3999999999994,5,162.19999999999914,swap,notBad
8896,15,221.3999999999994,5,162.19999999999914,swap,notBad
8897,15,221.3999999999994,5,162.19999999999914,2opt,notBad
8898,15,221.3999999999994,5,162.19999999999914,2opt,notBad
8899,15,221.3999999999994,5,162.19999999999914,swap,notBad
8900,15,221.3999999999994,5,162.19999999999914,move,improve
8901,15,221.3999999999994,5,162.19999999999914,2opt,notBad
8902,15,221.3999999999994,5,162.19999999999914,2opt,notBad
8903,15,221.3999999999994,5,162.19999999999914,move,improve
8904,15,221.3999999999994,5,162.19999999999914,2opt,notBad
8905,15,221.3999999999994,5,162.19999999999914,2opt,improve
8906,15,221.3999999999994,5,162.19999999999914,move,improve
8907,15,221.3999999999994,5,162.19999999999914,2opt,notBad
8908,15,221.3999999999994,5,162.19999999999914,2opt,notBad
8909,15,221.3999999999994,5,162.19999999999914,2opt,notBad
8910,15,221.3999999999994,5,162.19999999999914,swap,notBad
8911,15,221.3999999999994,5,162.19999999999914,swap,notBad
8912,15,221.3999999999994,5,162.19999999999914,move,improve
8913,15,221.3999999999994,5,162.19999999999914,swap,notBad
8914,15,221.3999999999994,5,162.19999999999914,move,improve
8915,15,221.3999999999994,5,162.19999999999914,move,improve
8916,15,218.7999999999986,5,162.19999999999914,move,improve
8917,15,237.7999999999979,5,162.19999999999914,swap,acceptBad
8918,15,237.7999999999979,5,162.19999999999914,2opt,notBad
8919,15,237.7999999999979,5,162.19999999999914,swap,notBad
8920,15,237.7999999999979,5,162.19999999999914,2opt,notBad
8921,15,237.7999999999979,5,162.19999999999914,2opt,notBad
8922,15,237.7999999999979,5,162.19999999999914,swap,notBad
8923,15,237.7999999999979,5,162.19999999999914,move,improve
8924,15,237.7999999999979,5,162.19999999999914,swap,notBad
8925,15,237.7999999999979,5,162.19999999999914,2opt,improve
8926,15,237.7999999999979,5,162.19999999999914,2opt,notBad
8927,15,237.7999999999979,5,162.19999999999914,move,improve
8928,15,237.7999999999979,5,162.19999999999914,move,improve
8929,15,237.7999999999979,5,162.19999999999914,swap,notBad
8930,15,237.7999999999979,5,162.19999999999914,swap,notBad
8931,15,237.7999999999979,5,162.19999999999914,move,improve
8932,15,237.7999999999979,5,162.19999999999914,2opt,notBad
8933,15,237.7999999999979,5,162.19999999999914,move,improve
8934,15,237.7999999999979,5,162.19999999999914,swap,notBad
8935,15,237.7999999999979,5,162.19999999999914,move,improve
8936,15,237.7999999999979,5,162.19999999999914,2opt,notBad
8937,15,237.7999999999979,5,162.19999999999914,move,improve
8938,15,237.7999999999979,5,162.19999999999914,swap,notBad
8939,15,237.7999999999979,5,162.19999999999914,2opt,notBad
8940,15,237.7999999999979,5,162.19999999999914,2opt,notBad
8941,15,237.7999999999979,5,162.19999999999914,swap,notBad
8942,15,237.7999999999979,5,162.19999999999914,2opt,notBad
8943,15,237.7999999999979,5,162.19999999999914,2opt,improve
8944,15,237.7999999999979,5,162.19999999999914,2opt,improve
8945,15,237.7999999999979,5,162.19999999999914,swap,notBad
8946,15,237.7999999999979,5,162.19999999999914,move,improve
8947,15,237.7999999999979,5,162.19999999999914,2opt,notBad
8948,15,237.7999999999979,5,162.19999999999914,2opt,notBad
8949,15,231.39999999999827,5,162.19999999999914,move,improve
8950,15,231.39999999999827,5,162.19999999999914,2opt,notBad
8951,15,231.39999999999827,5,162.19999999999914,move,improve
8952,15,231.39999999999827,5,162.19999999999914,swap,improve
8953,15,231.39999999999827,5,162.19999999999914,swap,notBad
8954,15,231.39999999999827,5,162.19999999999914,2opt,notBad
8955,15,231.39999999999827,5,162.19999999999914,swap,notBad
8956,15,231.39999999999827,5,162.19999999999914,move,improve
8957,15,231.39999999999827,5,162.19999999999914,2opt,improve
8958,15,231.39999999999827,5,162.19999999999914,2opt,notBad
8959,15,231.39999999999827,5,162.19999999999914,swap,notBad
8960,15,231.39999999999827,5,162.19999999999914,move,improve
8961,15,231.39999999999827,5,162.19999999999914,2opt,notBad
8962,15,231.39999999999827,5,162.19999999999914,swap,notBad
8963,15,231.39999999999827,5,162.19999999999914,2opt,notBad
8964,15,231.39999999999827,5,162.19999999999914,2opt,notBad
8965,15,231.39999999999827,5,162.19999999999914,2opt,notBad
8966,15,231.39999999999827,5,162.19999999999914,move,improve
8967,15,231.39999999999827,5,162.19999999999914,swap,notBad
8968,15,231.39999999999827,5,162.19999999999914,swap,notBad
8969,15,231.39999999999827,5,162.19999999999914,move,improve
8970,15,231.39999999999827,5,162.19999999999914,2opt,notBad
8971,15,231.39999999999827,5,162.19999999999914,2opt,notBad
8972,15,231.39999999999827,5,162.19999999999914,swap,notBad
8973,15,231.39999999999827,5,162.19999999999914,swap,notBad
8974,15,231.39999999999827,5,162.19999999999914,move,improve
8975,15,231.39999999999827,5,162.19999999999914,2opt,notBad
8976,15,231.39999999999827,5,162.19999999999914,move,improve
8977,15,231.39999999999827,5,162.19999999999914,move,improve
8978,15,231.39999999999827,5,162.19999999999914,2opt,improve
8979,15,231.39999999999827,5,162.19999999999914,2opt,notBad
8980,15,231.39999999999827,5,162.19999999999914,2opt,notBad
8981,15,231.39999999999827,5,162.19999999999914,swap,notBad
8982,15,231.39999999999827,5,162.19999999999914,2opt,notBad
8983,15,231.39999999999827,5,162.19999999999914,swap,notBad
8984,15,231.39999999999827,5,162.19999999999914,swap,notBad
8985,15,218.79999999999814,5,162.19999999999914,move,improve
8986,15,218.79999999999814,5,162.19999999999914,move,improve
8987,15,218.79999999999814,5,162.19999999999914,2opt,notBad
8988,15,218.79999999999814,5,162.19999999999914,move,improve
8989,15,218.79999999999814,5,162.19999999999914,2opt,notBad
8990,15,218.79999999999814,5,162.19999999999914,swap,improve
8991,15,218.79999999999814,5,162.19999999999914,2opt,improve
8992,15,218.79999999999814,5,162.19999999999914,move,improve
8993,15,218.79999999999814,5,162.19999999999914,move,improve
8994,15,218.79999999999814,5,162.19999999999914,2opt,notBad
8995,15,218.79999999999814,5,162.19999999999914,move,improve
8996,15,218.79999999999814,5,162.19999999999914,move,improve
8997,15,218.79999999999814,5,162.19999999999914,2opt,notBad
8998,15,218.79999999999814,5,162.19999999999914,2opt,notBad
8999,15,218.79999999999814,5,162.19999999999914,2opt,notBad
9000,15,218.79999999999814,5,162.19999999999914,swap,notBad
9001,15,218.79999999999814,5,162.19999999999914,2opt,notBad
9002,15,218.79999999999814,5,162.19999999999914,move,improve
9003,15,218.79999999999814,5,162.19999999999914,2opt,notBad
9004,15,218.79999999999814,5,162.19999999999914,2opt,notBad
9005,15,218.79999999999814,5,162.19999999999914,swap,notBad
9006,15,218.79999999999814,5,162.19999999999914,move,improve
9007,15,218.79999999999814,5,162.19999999999914,swap,notBad
9008,15,218.79999999999814,5,162.19999999999914,swap,notBad
9009,15,218.79999999999814,5,162.19999999999914,2opt,notBad
9010,15,218.79999999999814,5,162.19999999999914,swap,notBad
9011,15,218.79999999999814,5,162.19999999999914,2opt,notBad
9012,15,218.79999999999814,5,162.19999999999914,swap,notBad
9013,15,218.79999999999814,5,162.19999999999914,swap,notBad
9014,15,218.79999999999814,5,162.19999999999914,swap,notBad
9015,15,218.79999999999814,5,162.19999999999914,move,improve
9016,15,218.79999999999814,5,162.19999999999914,move,improve
9017,15,218.79999999999814,5,162.19999999999914,swap,notBad
9018,15,218.79999999999814,5,162.19999999999914,move,improve
9019,15,218.79999999999814,5,162.19999999999914,2opt,improve
9020,15,218.79999999999814,5,162.19999999999914,move,improve
9021,15,218.79999999999814,5,162.19999999999914,swap,notBad
9022,15,218.79999999999814,5,162.19999999999914,2opt,notBad
9023,15,218.79999999999814,5,162.19999999999914,move,improve
9024,15,218.79999999999814,5,162.19999999999914,move,improve
9025,15,218.79999999999814,5,162.19999999999914,2opt,improve
9026,15,218.79999999999814,5,162.19999999999914,move,improve
9027,15,218.79999999999814,5,162.19999999999914,2opt,notBad
9028,15,218.79999999999814,5,162.19999999999914,move,improve
9029,15,218.79999999999814,5,162.19999999999914,2opt,notBad
9030,15,218.79999999999814,5,162.19999999999914,move,improve
9031,15,218.79999999999814,5,162.19999999999914,move,improve
9032,15,218.79999999999814,5,162.19999999999914,move,improve
9033,15,218.79999999999814,5,162.19999999999914,2opt,improve
9034,15,218.79999999999814,5,162.19999999999914,move,improve
9035,15,218.79999999999814,5,162.19999999999914,2opt,notBad
9036,15,218.79999999999814,5,162.19999999999914,swap,notBad
9037,15,218.79999999999814,5,162.19999999999914,swap,notBad
9038,15,218.79999999999814,5,162.19999999999914,swap,improve
9039,15,218.79999999999814,5,162.19999999999914,2opt,improve
9040,15,218.79999999999814,5,162.19999999999914,move,improve
9041,15,218.79999999999814,5,162.19999999999914,2opt,notBad
9042,15,218.79999999999814,5,162.19999999999914,swap,notBad
9043,15,218.79999999999814,5,162.19999999999914,move,improve
9044,15,218.79999999999814,5,162.19999999999914,move,improve
9045,15,218.79999999999814,5,162.19999999999914,2opt,notBad
9046,15,218.79999999999814,5,162.19999999999914,2opt,notBad
9047,15,218.79999999999814,5,162.19999999999914,move,improve
9048,15,228.1999999999971,5,162.19999999999914,swap,acceptBad
9049,15,228.1999999999971,5,162.19999999999914,move,improve
9050,15,228.1999999999971,5,162.19999999999914,2opt,notBad
9051,15,228.1999999999971,5,162.19999999999914,swap,notBad
9052,15,225.39999999999804,5,162.19999999999914,move,improve
9053,15,225.39999999999804,5,162.19999999999914,move,improve
9054,15,225.39999999999804,5,162.19999999999914,2opt,notBad
9055,15,225.39999999999804,5,162.19999999999914,swap,notBad
9056,15,225.39999999999804,5,162.19999999999914,move,improve
9057,15,225.39999999999804,5,162.19999999999914,2opt,improve
9058,15,225.39999999999804,5,162.19999999999914,move,improve
9059,15,225.39999999999804,5,162.19999999999914,move,improve
9060,15,225.39999999999804,5,162.19999999999914,2opt,notBad
9061,15,225.39999999999804,5,162.19999999999914,move,improve
9062,15,225.39999999999804,5,162.19999999999914,swap,notBad
9063,15,225.39999999999804,5,162.19999999999914,2opt,notBad
9064,15,225.39999999999804,5,162.19999999999914,2opt,notBad
9065,15,225.39999999999804,5,162.19999999999914,swap,notBad
9066,15,225.39999999999804,5,162.19999999999914,move,improve
9067,15,225.39999999999804,5,162.19999999999914,move,improve
9068,15,225.39999999999804,5,162.19999999999914,2opt,notBad
9069,15,225.39999999999804,5,162.19999999999914,swap,notBad
9070,15,225.39999999999804,5,162.19999999999914,swap,improve
9071,15,225.39999999999804,5,162.19999999999914,2opt,notBad
9072,15,225.39999999999804,5,162.19999999999914,swap,notBad
9073,15,225.39999999999804,5,162.19999999999914,2opt,notBad
9074,15,225.39999999999804,5,162.19999999999914,move,improve
9075,15,225.39999999999804,5,162.19999999999914,2opt,notBad
9076,15,225.39999999999804,5,162.19999999999914,move,improve
9077,15,225.39999999999804,5,162.19999999999914,2opt,notBad
9078,15,225.39999999999804,5,162.19999999999914,swap,notBad
9079,15,225.39999999999804,5,162.19999999999914,2opt,notBad
9080,15,225.39999999999804,5,162.19999999999914,2opt,notBad
9081,15,225.39999999999804,5,162.19999999999914,swap,notBad
9082,15,225.39999999999804,5,162.19999999999914,swap,notBad
9083,15,225.39999999999804,5,162.19999999999914,move,improve
9084,15,225.39999999999804,5,162.19999999999914,2opt,notBad
9085,15,225.39999999999804,5,162.19999999999914,2opt,notBad
9086,15,225.39999999999804,5,162.19999999999914,2opt,notBad
9087,15,225.39999999999804,5,162.19999999999914,swap,notBad
9088,15,225.39999999999804,5,162.19999999999914,move,improve
9089,15,225.39999999999804,5,162.19999999999914,2opt,notBad
9090,15,225.39999999999804,5,162.19999999999914,move,improve
9091,15,225.39999999999804,5,162.19999999999914,move,improve
9092,15,225.39999999999804,5,162.19999999999914,move,improve
9093,15,225.39999999999804,5,162.19999999999914,2opt,improve
9094,15,225.39999999999804,5,162.19999999999914,2opt,notBad
9095,15,225.39999999999804,5,162.19999999999914,2opt,notBad
9096,15,225.39999999999804,5,162.19999999999914,move,improve
9097,15,225.39999999999804,5,162.19999999999914,move,improve
9098,15,225.39999999999804,5,162.19999999999914,swap,improve
9099,15,225.39999999999804,5,162.19999999999914,move,improve
9100,15,225.39999999999804,5,162.19999999999914,swap,notBad
9101,15,225.39999999999804,5,162.19999999999914,swap,notBad
9102,15,225.39999999999804,5,162.19999999999914,move,improve
9103,15,225.39999999999804,5,162.19999999999914,2opt,notBad
9104,15,236.19999999999823,5,162.19999999999914,swap,acceptBad
9105,15,236.19999999999823,5,162.19999999999914,move,improve
9106,15,236.19999999999823,5,162.19999999999914,move,improve
9107,15,236.19999999999823,5,162.19999999999914,2opt,notBad
9108,15,236.19999999999823,5,162.19999999999914,swap,improve
9109,15,236.19999999999823,5,162.19999999999914,2opt,notBad
9110,15,236.19999999999823,5,162.19999999999914,2opt,notBad
9111,15,236.19999999999823,5,162.19999999999914,move,improve
9112,15,236.19999999999823,5,162.19999999999914,move,improve
9113,15,236.19999999999823,5,162.19999999999914,2opt,notBad
9114,15,236.19999999999823,5,162.19999999999914,2opt,improve
9115,15,236.19999999999823,5,162.19999999999914,2opt,improve
9116,15,236.19999999999823,5,162.19999999999914,move,improve
9117,15,236.19999999999823,5,162.19999999999914,2opt,notBad
9118,15,236.19999999999823,5,162.19999999999914,2opt,notBad
9119,15,236.19999999999823,5,162.19999999999914,swap,notBad
9120,15,225.99999999999773,5,162.19999999999914,swap,improve
9121,15,225.99999999999773,5,162.19999999999914,move,improve
9122,15,225.99999999999773,5,162.19999999999914,move,improve
9123,15,225.99999999999773,5,162.19999999999914,swap,notBad
9124,15,225.99999999999773,5,162.19999999999914,move,improve
9125,15,225.99999999999773,5,162.19999999999914,2opt,notBad
9126,15,225.99999999999773,5,162.19999999999914,move,improve
9127,15,225.99999999999773,5,162.19999999999914,2opt,improve
9128,15,225.99999999999773,5,162.19999999999914,2opt,notBad
9129,15,222.99999999999773,5,162.19999999999914,move,improve
9130,15,222.99999999999773,5,162.19999999999914,swap,notBad
9131,15,222.99999999999773,5,162.19999999999914,move,improve
9132,15,224.9999999999984,5,162.19999999999914,2opt,acceptBad
9133,15,224.9999999999984,5,162.19999999999914,2opt,improve
9134,15,224.9999999999984,5,162.19999999999914,move,improve
9135,15,224.9999999999984,5,162.19999999999914,swap,notBad
9136,15,224.9999999999984,5,162.19999999999914,move,improve
9137,15,224.9999999999984,5,162.19999999999914,2opt,notBad
9138,15,224.9999999999984,5,162.19999999999914,move,improve
9139,15,224.9999999999984,5,162.19999999999914,move,improve
9140,15,224.9999999999984,5,162.19999999999914,swap,notBad
9141,15,224.9999999999984,5,162.19999999999914,2opt,notBad
9142,15,224.9999999999984,5,162.19999999999914,2opt,notBad
9143,15,224.9999999999984,5,162.19999999999914,move,improve
9144,15,224.9999999999984,5,162.19999999999914,move,improve
9145,15,224.9999999999984,5,162.19999999999914,2opt,notBad
9146,15,224.9999999999984,5,162.19999999999914,2opt,notBad
9147,15,224.9999999999984,5,162.19999999999914,2opt,improve
9148,15,224.9999999999984,5,162.19999999999914,2opt,notBad
9149,15,224.9999999999984,5,162.19999999999914,2opt,notBad
9150,15,224.9999999999984,5,162.19999999999914,move,improve
9151,15,224.9999999999984,5,162.19999999999914,move,improve
9152,15,224.9999999999984,5,162.19999999999914,move,improve
9153,15,224.9999999999984,5,162.19999999999914,swap,notBad
9154,15,223.5999999999981,5,162.19999999999914,swap,improve
9155,15,191.19999999999823,5,162.19999999999914,move,improve
9156,15,191.19999999999823,5,162.19999999999914,2opt,notBad
9157,15,191.19999999999823,5,162.19999999999914,2opt,notBad
9158,15,191.19999999999823,5,162.19999999999914,move,improve
9159,15,191.19999999999823,5,162.19999999999914,2opt,notBad
9160,15,191.19999999999823,5,162.19999999999914,swap,notBad
9161,15,191.19999999999823,5,162.19999999999914,2opt,notBad
9162,15,191.19999999999823,5,162.19999999999914,2opt,improve
9163,15,191.19999999999823,5,162.19999999999914,2opt,notBad
9164,15,191.19999999999823,5,162.19999999999914,swap,notBad
9165,15,191.19999999999823,5,162.19999999999914,swap,notBad
9166,15,191.19999999999823,5,162.19999999999914,swap,notBad
9167,15,191.19999999999823,5,162.19999999999914,swap,notBad
9168,15,191.19999999999823,5,162.19999999999914,2opt,notBad
9169,15,191.19999999999823,5,162.19999999999914,move,improve
9170,15,191.19999999999823,5,162.19999999999914,swap,notBad
9171,15,191.19999999999823,5,162.19999999999914,move,improve
9172,15,191.19999999999823,5,162.19999999999914,swap,notBad
9173,15,191.19999999999823,5,162.19999999999914,move,improve
9174,15,191.19999999999823,5,162.19999999999914,2opt,notBad
9175,15,191.19999999999823,5,162.19999999999914,move,improve
9176,15,191.19999999999823,5,162.19999999999914,move,improve
9177,15,191.19999999999823,5,162.19999999999914,move,improve
9178,15,191.19999999999823,5,162.19999999999914,2opt,notBad
9179,15,191.19999999999823,5,162.19999999999914,2opt,notBad
9180,15,191.19999999999823,5,162.19999999999914,2opt,notBad
9181,15,191.19999999999823,5,162.19999999999914,2opt,notBad
9182,15,191.19999999999823,5,162.19999999999914,move,improve
9183,15,191.19999999999823,5,162.19999999999914,2opt,notBad
9184,15,191.19999999999823,5,162.19999999999914,move,improve
9185,15,191.19999999999823,5,162.19999999999914,move,improve
9186,15,191.19999999999823,5,162.19999999999914,move,improve
9187,15,191.19999999999823,5,162.19999999999914,swap,notBad
9188,15,191.19999999999823,5,162.19999999999914,move,improve
9189,15,191.19999999999823,5,162.19999999999914,move,improve
9190,15,191.19999999999823,5,162.19999999999914,2opt,notBad
9191,15,191.19999999999823,5,162.19999999999914,move,improve
9192,15,191.19999999999823,5,162.19999999999914,swap,notBad
9193,15,191.19999999999823,5,162.19999999999914,swap,notBad
9194,15,191.19999999999823,5,162.19999999999914,2opt,notBad
9195,15,191.19999999999823,5,162.19999999999914,swap,notBad
9196,15,191.19999999999823,5,162.19999999999914,move,improve
9197,15,191.19999999999823,5,162.19999999999914,move,notBad
9198,15,191.19999999999823,5,162.19999999999914,2opt,improve
9199,15,191.19999999999823,5,162.19999999999914,swap,notBad
9200,15,191.19999999999823,5,162.19999999999914,2opt,notBad
9201,15,191.19999999999823,5,162.19999999999914,swap,notBad
9202,15,191.19999999999823,5,162.19999999999914,move,improve
9203,15,191.19999999999823,5,162.19999999999914,swap,notBad
9204,15,191.19999999999823,5,162.19999999999914,swap,notBad
9205,15,191.19999999999823,5,162.19999999999914,2opt,notBad
9206,15,165.5999999999981,5,162.19999999999914,2opt,improve
9207,15,165.5999999999981,5,162.19999999999914,2opt,notBad
9208,15,165.5999999999981,5,162.19999999999914,2opt,notBad
9209,15,165.5999999999981,5,162.19999999999914,2opt,improve
9210,15,165.5999999999981,5,162.19999999999914,swap,notBad
9211,15,165.5999999999981,5,162.19999999999914,2opt,notBad
9212,15,165.5999999999981,5,162.19999999999914,2opt,improve
9213,15,165.5999999999981,5,162.19999999999914,swap,notBad
9214,15,165.5999999999981,5,162.19999999999914,2opt,notBad
9215,15,165.5999999999981,5,162.19999999999914,2opt,notBad
9216,15,165.5999999999981,5,162.19999999999914,move,improve
9217,15,165.5999999999981,5,162.19999999999914,swap,notBad
9218,15,165.5999999999981,5,162.19999999999914,swap,notBad
9219,15,165.5999999999981,5,162.19999999999914,2opt,notBad
9220,15,165.5999999999981,5,162.19999999999914,swap,notBad
9221,15,165.5999999999981,5,162.19999999999914,swap,notBad
9222,15,165.5999999999981,5,162.19999999999914,move,improve
9223,15,165.5999999999981,5,162.19999999999914,swap,notBad
9224,15,165.5999999999981,5,162.19999999999914,move,notBad
9225,15,165.5999999999981,5,162.19999999999914,swap,notBad
9226,15,165.5999999999981,5,162.19999999999914,move,improve
9227,15,165.5999999999981,5,162.19999999999914,2opt,notBad
9228,15,165.5999999999981,5,162.19999999999914,move,improve
9229,15,165.5999999999981,5,162.19999999999914,2opt,notBad
9230,15,165.5999999999981,5,162.19999999999914,move,improve
9231,15,165.5999999999981,5,162.19999999999914,move,improve
9232,15,165.5999999999981,5,162.19999999999914,swap,notBad
9233,15,165.5999999999981,5,162.19999999999914,swap,notBad
9234,15,165.5999999999981,5,162.19999999999914,swap,notBad
9235,15,165.5999999999981,5,162.19999999999914,move,improve
9236,15,165.5999999999981,5,162.19999999999914,move,improve
9237,15,165.5999999999981,5,162.19999999999914,2opt,notBad
9238,15,165.5999999999981,5,162.19999999999914,2opt,improve
9239,15,165.5999999999981,5,162.19999999999914,2opt,notBad
9240,15,165.5999999999981,5,162.19999999999914,move,improve
9241,15,165.5999999999981,5,162.19999999999914,swap,notBad
9242,15,165.5999999999981,5,162.19999999999914,swap,notBad
9243,15,165.5999999999981,5,162.19999999999914,2opt,notBad
9244,15,165.5999999999981,5,162.19999999999914,swap,notBad
9245,15,165.5999999999981,5,162.19999999999914,2opt,notBad
9246,15,165.5999999999981,5,162.19999999999914,move,improve
9247,15,165.5999999999981,5,162.19999999999914,move,improve
9248,15,165.5999999999981,5,162.19999999999914,swap,notBad
9249,15,165.5999999999981,5,162.19999999999914,2opt,notBad
9250,15,165.5999999999981,5,162.19999999999914,2opt,notBad
9251,15,165.5999999999981,5,162.19999999999914,swap,notBad
9252,15,165.5999999999981,5,162.19999999999914,move,improve
9253,15,165.5999999999981,5,162.19999999999914,swap,notBad
9254,15,165.5999999999981,5,162.19999999999914,2opt,improve
9255,15,165.5999999999981,5,162.19999999999914,2opt,notBad
9256,15,165.5999999999981,5,162.19999999999914,2opt,notBad
9257,15,165.5999999999981,5,162.19999999999914,2opt,improve
9258,15,165.5999999999981,5,162.19999999999914,swap,notBad
9259,15,165.5999999999981,5,162.19999999999914,move,improve
9260,15,165.5999999999981,5,162.19999999999914,move,improve
9261,15,165.5999999999981,5,162.19999999999914,move,improve
9262,15,165.5999999999981,5,162.19999999999914,swap,notBad
9263,15,165.5999999999981,5,162.19999999999914,move,improve
9264,15,165.5999999999981,5,162.19999999999914,move,improve
9265,15,165.5999999999981,5,162.19999999999914,swap,notBad
9266,15,165.5999999999981,5,162.19999999999914,2opt,notBad
9267,15,165.5999999999981,5,162.19999999999914,2opt,notBad
9268,15,165.5999999999981,5,162.19999999999914,move,improve
9269,15,165.5999999999981,5,162.19999999999914,swap,notBad
9270,15,165.5999999999981,5,162.19999999999914,2opt,notBad
9271,15,165.5999999999981,5,162.19999999999914,swap,notBad
9272,15,165.5999999999981,5,162.19999999999914,move,improve
9273,15,165.5999999999981,5,162.19999999999914,move,improve
9274,15,165.5999999999981,5,162.19999999999914,2opt,improve
9275,15,165.5999999999981,5,162.19999999999914,swap,notBad
9276,15,165.5999999999981,5,162.19999999999914,swap,notBad
9277,15,165.5999999999981,5,162.19999999999914,move,improve
9278,15,165.5999999999981,5,162.19999999999914,move,improve
9279,15,165.5999999999981,5,162.19999999999914,2opt,notBad
9280,15,165.5999999999981,5,162.19999999999914,swap,notBad
9281,15,165.5999999999981,5,162.19999999999914,2opt,notBad
9282,15,165.5999999999981,5,162.19999999999914,swap,notBad
9283,15,165.5999999999981,5,162.19999999999914,swap,notBad
9284,15,165.5999999999981,5,162.19999999999914,2opt,notBad
9285,15,165.5999999999981,5,162.19999999999914,2opt,notBad
9286,15,165.5999999999981,5,162.19999999999914,move,improve
9287,15,165.5999999999981,5,162.19999999999914,2opt,notBad
9288,15,165.5999999999981,5,162.19999999999914,move,improve
9289,15,165.5999999999981,5,162.19999999999914,2opt,notBad
9290,15,165.5999999999981,5,162.19999999999914,swap,notBad
9291,15,165.5999999999981,5,162.19999999999914,swap,notBad
9292,15,165.5999999999981,5,162.19999999999914,swap,notBad
9293,15,165.5999999999981,5,162.19999999999914,move,improve
9294,15,165.5999999999981,5,162.19999999999914,move,improve
9295,15,165.5999999999981,5,162.19999999999914,swap,improve
9296,15,165.5999999999981,5,162.19999999999914,move,improve
9297,15,165.5999999999981,5,162.19999999999914,swap,notBad
9298,15,165.5999999999981,5,162.19999999999914,2opt,improve
9299,15,165.5999999999981,5,162.19999999999914,swap,notBad
9300,15,165.5999999999981,5,162.19999999999914,2opt,notBad
9301,15,165.5999999999981,5,162.19999999999914,swap,notBad
9302,15,165.5999999999981,5,162.19999999999914,2opt,notBad
9303,15,165.5999999999981,5,162.19999999999914,swap,notBad
9304,15,165.5999999999981,5,162.19999999999914,swap,notBad
9305,15,165.5999999999981,5,162.19999999999914,2opt,notBad
9306,15,165.5999999999981,5,162.19999999999914,2opt,notBad
9307,15,165.5999999999981,5,162.19999999999914,2opt,improve
9308,15,165.5999999999981,5,162.19999999999914,swap,notBad
9309,15,165.5999999999981,5,162.19999999999914,2opt,notBad
9310,15,165.5999999999981,5,162.19999999999914,2opt,notBad
9311,15,165.5999999999981,5,162.19999999999914,2opt,improve
9312,15,165.5999999999981,5,162.19999999999914,move,improve
9313,15,165.5999999999981,5,162.19999999999914,swap,notBad
9314,15,165.5999999999981,5,162.19999999999914,move,improve
9315,15,165.5999999999981,5,162.19999999999914,2opt,notBad
9316,15,165.5999999999981,5,162.19999999999914,swap,notBad
9317,15,165.5999999999981,5,162.19999999999914,2opt,notBad
9318,15,165.5999999999981,5,162.19999999999914,swap,improve
9319,15,165.5999999999981,5,162.19999999999914,2opt,notBad
9320,15,165.5999999999981,5,162.19999999999914,move,improve
9321,15,165.5999999999981,5,162.19999999999914,2opt,notBad
9322,15,165.5999999999981,5,162.19999999999914,2opt,notBad
9323,15,165.5999999999981,5,162.19999999999914,2opt,notBad
9324,15,165.5999999999981,5,162.19999999999914,move,improve
9325,15,165.5999999999981,5,162.19999999999914,swap,notBad
9326,15,165.5999999999981,5,162.19999999999914,2opt,notBad
9327,15,165.5999999999981,5,162.19999999999914,move,improve
9328,15,165.5999999999981,5,162.19999999999914,move,improve
9329,15,165.5999999999981,5,162.19999999999914,move,improve
9330,15,165.5999999999981,5,162.19999999999914,move,improve
9331,15,165.5999999999981,5,162.19999999999914,swap,notBad
9332,15,165.5999999999981,5,162.19999999999914,2opt,notBad
9333,15,165.5999999999981,5,162.19999999999914,2opt,improve
9334,15,165.5999999999981,5,162.19999999999914,move,improve
9335,15,165.5999999999981,5,162.19999999999914,swap,notBad
9336,15,165.5999999999981,5,162.19999999999914,move,improve
9337,15,165.5999999999981,5,162.19999999999914,move,improve
9338,15,165.5999999999981,5,162.19999999999914,2opt,notBad
9339,15,165.5999999999981,5,162.19999999999914,move,improve
9340,15,165.5999999999981,5,162.19999999999914,swap,notBad
9341,15,165.5999999999981,5,162.19999999999914,swap,notBad
9342,15,165.5999999999981,5,162.19999999999914,move,improve
9343,15,165.5999999999981,5,162.19999999999914,swap,notBad
9344,15,165.5999999999981,5,162.19999999999914,move,improve
9345,15,165.5999999999981,5,162.19999999999914,swap,notBad
9346,15,165.5999999999981,5,162.19999999999914,2opt,notBad
9347,15,165.5999999999981,5,162.19999999999914,move,improve
9348,15,165.5999999999981,5,162.19999999999914,swap,notBad
9349,15,165.5999999999981,5,162.19999999999914,swap,notBad
9350,15,165.5999999999981,5,162.19999999999914,2opt,improve
9351,15,165.5999999999981,5,162.19999999999914,swap,notBad
9352,15,165.5999999999981,5,162.19999999999914,2opt,notBad
9353,15,165.5999999999981,5,162.19999999999914,2opt,notBad
9354,15,165.5999999999981,5,162.19999999999914,move,improve
9355,15,165.5999999999981,5,162.19999999999914,move,improve
9356,15,165.5999999999981,5,162.19999999999914,2opt,improve
9357,15,165.5999999999981,5,162.19999999999914,swap,improve
9358,15,165.5999999999981,5,162.19999999999914,2opt,notBad
9359,15,165.5999999999981,5,162.19999999999914,2opt,notBad
9360,15,165.5999999999981,5,162.19999999999914,2opt,notBad
9361,15,165.5999999999981,5,162.19999999999914,move,improve
9362,15,165.5999999999981,5,162.19999999999914,move,notBad
9363,15,165.5999999999981,5,162.19999999999914,2opt,notBad
9364,15,165.5999999999981,5,162.19999999999914,2opt,notBad
9365,15,165.5999999999981,5,162.19999999999914,2opt,notBad
9366,15,165.5999999999981,5,162.19999999999914,swap,notBad
9367,15,165.5999999999981,5,162.19999999999914,move,improve
9368,15,165.5999999999981,5,162.19999999999914,move,improve
9369,15,178.5999999999974,5,162.19999999999914,swap,acceptBad
9370,15,178.5999999999974,5,162.19999999999914,2opt,notBad
9371,15,178.5999999999974,5,162.19999999999914,2opt,improve
9372,15,178.5999999999974,5,162.19999999999914,swap,notBad
9373,15,178.5999999999974,5,162.19999999999914,2opt,improve
9374,15,178.5999999999974,5,162.19999999999914,2opt,notBad
9375,15,178.5999999999974,5,162.19999999999914,2opt,notBad
9376,15,178.5999999999974,5,162.19999999999914,2opt,notBad
9377,15,178.5999999999974,5,162.19999999999914,swap,notBad
9378,15,178.5999999999974,5,162.19999999999914,2opt,notBad
9379,15,178.5999999999974,5,162.19999999999914,swap,notBad
9380,15,178.5999999999974,5,162.19999999999914,swap,notBad
9381,15,178.5999999999974,5,162.19999999999914,2opt,notBad
9382,15,178.5999999999974,5,162.19999999999914,move,improve
9383,15,178.5999999999974,5,162.19999999999914,2opt,notBad
9384,15,178.5999999999974,5,162.19999999999914,move,improve
9385,15,178.5999999999974,5,162.19999999999914,swap,notBad
9386,15,178.5999999999974,5,162.19999999999914,move,improve
9387,15,178.5999999999974,5,162.19999999999914,2opt,notBad
9388,15,178.5999999999974,5,162.19999999999914,swap,notBad
9389,15,178.5999999999974,5,162.19999999999914,2opt,notBad
9390,15,178.5999999999974,5,162.19999999999914,2opt,notBad
9391,15,178.5999999999974,5,162.19999999999914,2opt,notBad
9392,15,178.5999999999974,5,162.19999999999914,2opt,notBad
9393,15,178.5999999999974,5,162.19999999999914,move,improve
9394,15,178.5999999999974,5,162.19999999999914,2opt,improve
9395,15,178.5999999999974,5,162.19999999999914,move,improve
9396,15,178.5999999999974,5,162.19999999999914,move,improve
9397,15,178.5999999999974,5,162.19999999999914,2opt,notBad
9398,15,178.5999999999974,5,162.19999999999914,move,improve
9399,15,178.5999999999974,5,162.19999999999914,swap,notBad
9400,15,178.5999999999974,5,162.19999999999914,swap,improve
9401,15,165.5999999999981,5,162.19999999999914,move,improve
9402,15,165.5999999999981,5,162.19999999999914,2opt,notBad
9403,15,165.5999999999981,5,162.19999999999914,2opt,improve
9404,15,165.5999999999981,5,162.19999999999914,swap,notBad
9405,15,165.5999999999981,5,162.19999999999914,move,improve
9406,15,165.5999999999981,5,162.19999999999914,swap,notBad
9407,15,165.5999999999981,5,162.19999999999914,swap,improve
9408,15,165.5999999999981,5,162.19999999999914,swap,notBad
9409,15,165.5999999999981,5,162.19999999999914,2opt,notBad
9410,15,165.5999999999981,5,162.19999999999914,2opt,notBad
9411,15,165.5999999999981,5,162.19999999999914,swap,notBad
9412,15,165.5999999999981,5,162.19999999999914,2opt,notBad
9413,15,165.5999999999981,5,162.19999999999914,move,improve
9414,15,165.5999999999981,5,162.19999999999914,swap,notBad
9415,15,165.5999999999981,5,162.19999999999914,swap,notBad
9416,15,165.5999999999981,5,162.19999999999914,move,improve
9417,15,165.5999999999981,5,162.19999999999914,move,improve
9418,15,165.5999999999981,5,162.19999999999914,move,improve
9419,15,165.5999999999981,5,162.19999999999914,move,improve
9420,15,165.5999999999981,5,162.19999999999914,swap,notBad
9421,15,165.5999999999981,5,162.19999999999914,2opt,notBad
9422,15,165.5999999999981,5,162.19999999999914,2opt,improve
9423,15,165.5999999999981,5,162.19999999999914,swap,notBad
9424,15,165.5999999999981,5,162.19999999999914,2opt,notBad
9425,15,165.5999999999981,5,162.19999999999914,2opt,improve
9426,15,165.5999999999981,5,162.19999999999914,2opt,improve
9427,15,165.5999999999981,5,162.19999999999914,move,improve
9428,15,165.5999999999981,5,162.19999999999914,2opt,notBad
9429,15,165.5999999999981,5,162.19999999999914,2opt,notBad
9430,15,165.5999999999981,5,162.19999999999914,move,improve
9431,15,165.5999999999981,5,162.19999999999914,move,improve
9432,15,165.5999999999981,5,162.19999999999914,swap,notBad
9433,15,165.5999999999981,5,162.19999999999914,swap,notBad
9434,15,165.5999999999981,5,162.19999999999914,move,improve
9435,15,165.5999999999981,5,162.19999999999914,swap,improve
9436,15,165.5999999999981,5,162.19999999999914,2opt,notBad
9437,15,165.5999999999981,5,162.19999999999914,2opt,notBad
9438,15,165.5999999999981,5,162.19999999999914,2opt,improve
9439,15,165.5999999999981,5,162.19999999999914,2opt,notBad
9440,15,165.5999999999981,5,162.19999999999914,swap,notBad
9441,15,165.5999999999981,5,162.19999999999914,2opt,notBad
9442,15,165.5999999999981,5,162.19999999999914,2opt,notBad
9443,15,165.5999999999981,5,162.19999999999914,swap,notBad
9444,15,165.5999999999981,5,162.19999999999914,2opt,notBad
9445,15,165.5999999999981,5,162.19999999999914,swap,notBad
9446,15,165.5999999999981,5,162.19999999999914,move,improve
9447,15,165.5999999999981,5,162.19999999999914,swap,notBad
9448,15,165.5999999999981,5,162.19999999999914,move,improve
9449,15,165.5999999999981,5,162.19999999999914,move,improve
9450,15,165.5999999999981,5,162.19999999999914,swap,notBad
9451,15,165.5999999999981,5,162.19999999999914,move,improve
9452,15,165.5999999999981,5,162.19999999999914,2opt,notBad
9453,15,165.5999999999981,5,162.19999999999914,swap,notBad
9454,15,165.5999999999981,5,162.19999999999914,move,improve
9455,15,165.5999999999981,5,162.19999999999914,move,improve
9456,15,165.5999999999981,5,162.19999999999914,swap,notBad
9457,15,165.5999999999981,5,162.19999999999914,2opt,notBad
9458,15,165.5999999999981,5,162.19999999999914,2opt,notBad
9459,15,165.5999999999981,5,162.19999999999914,2opt,notBad
9460,15,165.5999999999981,5,162.19999999999914,move,improve
9461,15,165.5999999999981,5,162.19999999999914,2opt,notBad
9462,15,165.5999999999981,5,162.19999999999914,move,improve
9463,15,165.5999999999981,5,162.19999999999914,2opt,notBad
9464,15,165.5999999999981,5,162.19999999999914,2opt,improve
9465,15,165.5999999999981,5,162.19999999999914,swap,notBad
9466,15,165.5999999999981,5,162.19999999999914,move,improve
9467,15,165.5999999999981,5,162.19999999999914,move,improve
9468,15,165.5999999999981,5,162.19999999999914,move,improve
9469,15,165.5999999999981,5,162.19999999999914,move,improve
9470,15,165.5999999999981,5,162.19999999999914,move,improve
9471,15,165.5999999999981,5,162.19999999999914,2opt,notBad
9472,15,165.5999999999981,5,162.19999999999914,move,improve
9473,15,165.5999999999981,5,162.19999999999914,swap,notBad
9474,15,165.5999999999981,5,162.19999999999914,move,improve
9475,15,165.5999999999981,5,162.19999999999914,2opt,notBad
9476,15,165.5999999999981,5,162.19999999999914,move,improve
9477,15,165.5999999999981,5,162.19999999999914,swap,notBad
9478,15,165.5999999999981,5,162.19999999999914,2opt,notBad
9479,15,165.5999999999981,5,162.19999999999914,swap,improve
9480,15,165.5999999999981,5,162.19999999999914,2opt,improve
9481,15,165.5999999999981,5,162.19999999999914,2opt,notBad
9482,15,165.5999999999981,5,162.19999999999914,swap,notBad
9483,15,165.5999999999981,5,162.19999999999914,move,improve
9484,15,165.5999999999981,5,162.19999999999914,2opt,notBad
9485,15,165.5999999999981,5,162.19999999999914,swap,notBad
9486,15,165.5999999999981,5,162.19999999999914,2opt,notBad
9487,15,165.5999999999981,5,162.19999999999914,move,improve
9488,15,165.5999999999981,5,162.19999999999914,move,improve
9489,15,165.5999999999981,5,162.19999999999914,2opt,notBad
9490,15,165.5999999999981,5,162.19999999999914,swap,notBad
9491,15,165.5999999999981,5,162.19999999999914,move,improve
9492,15,165.5999999999981,5,162.19999999999914,swap,notBad
9493,15,165.5999999999981,5,162.19999999999914,2opt,notBad
9494,15,165.5999999999981,5,162.19999999999914,move,improve
9495,15,165.5999999999981,5,162.19999999999914,2opt,notBad
9496,15,165.5999999999981,5,162.19999999999914,swap,notBad
9497,15,165.5999999999981,5,162.19999999999914,move,improve
9498,15,165.5999999999981,5,162.19999999999914,move,improve
9499,15,165.5999999999981,5,162.19999999999914,swap,notBad
9500,15,165.5999999999981,5,162.19999999999914,2opt,improve
9501,15,165.5999999999981,5,162.19999999999914,2opt,notBad
9502,15,165.5999999999981,5,162.19999999999914,move,improve
9503,15,165.5999999999981,5,162.19999999999914,2opt,notBad
9504,15,165.5999999999981,5,162.19999999999914,2opt,notBad
9505,15,165.5999999999981,5,162.19999999999914,move,improve
9506,15,165.5999999999981,5,162.19999999999914,2opt,notBad
9507,15,165.5999999999981,5,162.19999999999914,2opt,notBad
9508,15,165.5999999999981,5,162.19999999999914,move,improve
9509,15,165.5999999999981,5,162.19999999999914,2opt,notBad
9510,15,165.5999999999981,5,162.19999999999914,2opt,notBad
9511,15,165.5999999999981,5,162.19999999999914,swap,notBad
9512,15,165.5999999999981,5,162.19999999999914,2opt,notBad
9513,15,165.5999999999981,5,162.19999999999914,swap,notBad
9514,15,165.5999999999981,5,162.19999999999914,2opt,notBad
9515,15,165.5999999999981,5,162.19999999999914,move,improve
9516,15,165.5999999999981,5,162.19999999999914,swap,notBad
9517,15,165.5999999999981,5,162.19999999999914,2opt,notBad
9518,15,165.5999999999981,5,162.19999999999914,swap,notBad
9519,15,165.5999999999981,5,162.19999999999914,move,improve
9520,15,165.5999999999981,5,162.19999999999914,swap,notBad
9521,15,165.5999999999981,5,162.19999999999914,move,improve
9522,15,165.5999999999981,5,162.19999999999914,move,improve
9523,15,165.5999999999981,5,162.19999999999914,swap,notBad
9524,15,165.5999999999981,5,162.19999999999914,swap,notBad
9525,15,165.5999999999981,5,162.19999999999914,move,improve
9526,15,165.5999999999981,5,162.19999999999914,2opt,notBad
9527,15,165.5999999999981,5,162.19999999999914,move,improve
9528,15,165.5999999999981,5,162.19999999999914,2opt,notBad
9529,15,165.5999999999981,5,162.19999999999914,2opt,improve
9530,15,165.5999999999981,5,162.19999999999914,swap,notBad
9531,15,165.5999999999981,5,162.19999999999914,swap,improve
9532,15,165.5999999999981,5,162.19999999999914,2opt,notBad
9533,15,165.5999999999981,5,162.19999999999914,swap,notBad
9534,15,165.5999999999981,5,162.19999999999914,2opt,notBad
9535,15,165.5999999999981,5,162.19999999999914,move,improve
9536,15,165.5999999999981,5,162.19999999999914,swap,improve
9537,15,165.5999999999981,5,162.19999999999914,move,improve
9538,15,165.5999999999981,5,162.19999999999914,swap,notBad
9539,15,165.5999999999981,5,162.19999999999914,swap,notBad
9540,15,165.5999999999981,5,162.19999999999914,2opt,notBad
9541,15,165.5999999999981,5,162.19999999999914,2opt,notBad
9542,15,165.5999999999981,5,162.19999999999914,move,improve
9543,15,165.5999999999981,5,162.19999999999914,2opt,improve
9544,15,165.5999999999981,5,162.19999999999914,move,improve
9545,15,165.5999999999981,5,162.19999999999914,move,improve
9546,15,165.5999999999981,5,162.19999999999914,swap,notBad
9547,15,165.5999999999981,5,162.19999999999914,2opt,improve
9548,15,165.5999999999981,5,162.19999999999914,move,improve
9549,15,165.5999999999981,5,162.19999999999914,2opt,improve
9550,15,165.5999999999981,5,162.19999999999914,move,improve
9551,15,165.5999999999981,5,162.19999999999914,2opt,notBad
9552,15,165.5999999999981,5,162.19999999999914,move,improve
9553,15,165.5999999999981,5,162.19999999999914,move,improve
9554,15,165.5999999999981,5,162.19999999999914,move,improve
9555,15,165.5999999999981,5,162.19999999999914,2opt,notBad
9556,15,165.5999999999981,5,162.19999999999914,2opt,notBad
9557,15,165.5999999999981,5,162.19999999999914,2opt,notBad
9558,15,165.5999999999981,5,162.19999999999914,swap,notBad
9559,15,165.5999999999981,5,162.19999999999914,swap,notBad
9560,15,165.5999999999981,5,162.19999999999914,swap,notBad
9561,15,174.7999999999979,5,162.19999999999914,swap,acceptBad
9562,15,174.7999999999979,5,162.19999999999914,swap,notBad
9563,15,174.7999999999979,5,162.19999999999914,move,improve
9564,15,174.7999999999979,5,162.19999999999914,2opt,notBad
9565,15,174.7999999999979,5,162.19999999999914,move,improve
9566,15,174.7999999999979,5,162.19999999999914,swap,improve
9567,15,174.7999999999979,5,162.19999999999914,move,improve
9568,15,174.7999999999979,5,162.19999999999914,move,improve
9569,15,174.7999999999979,5,162.19999999999914,move,improve
9570,15,174.7999999999979,5,162.19999999999914,2opt,notBad
9571,15,174.7999999999979,5,162.19999999999914,2opt,notBad
9572,15,174.7999999999979,5,162.19999999999914,swap,notBad
9573,15,174.7999999999979,5,162.19999999999914,move,improve
9574,15,174.7999999999979,5,162.19999999999914,move,improve
9575,15,174.7999999999979,5,162.19999999999914,2opt,notBad
9576,15,174.7999999999979,5,162.19999999999914,move,improve
9577,15,174.7999999999979,5,162.19999999999914,move,improve
9578,15,174.7999999999979,5,162.19999999999914,2opt,notBad
9579,15,174.7999999999979,5,162.19999999999914,swap,improve
9580,15,165.5999999999981,5,162.19999999999914,move,improve
9581,15,165.5999999999981,5,162.19999999999914,move,improve
9582,15,165.5999999999981,5,162.19999999999914,swap,notBad
9583,15,165.5999999999981,5,162.19999999999914,2opt,notBad
9584,15,165.5999999999981,5,162.19999999999914,move,improve
9585,15,165.5999999999981,5,162.19999999999914,swap,notBad
9586,15,165.5999999999981,5,162.19999999999914,move,improve
9587,15,165.5999999999981,5,162.19999999999914,2opt,improve
9588,15,165.5999999999981,5,162.19999999999914,2opt,notBad
9589,15,165.5999999999981,5,162.19999999999914,move,improve
9590,15,183.59999999999695,5,162.19999999999914,swap,acceptBad
9591,15,183.59999999999695,5,162.19999999999914,swap,notBad
9592,15,183.59999999999695,5,162.19999999999914,move,improve
9593,15,183.59999999999695,5,162.19999999999914,2opt,notBad
9594,15,183.59999999999695,5,162.19999999999914,move,improve
9595,15,183.59999999999695,5,162.19999999999914,2opt,notBad
9596,15,183.59999999999695,5,162.19999999999914,move,improve
9597,15,183.59999999999695,5,162.19999999999914,move,improve
9598,15,183.59999999999695,5,162.19999999999914,move,improve
9599,15,183.59999999999695,5,162.19999999999914,swap,notBad
9600,15,183.59999999999695,5,162.19999999999914,move,improve
9601,15,183.59999999999695,5,162.19999999999914,2opt,notBad
9602,15,183.59999999999695,5,162.19999999999914,2opt,notBad
9603,15,183.59999999999695,5,162.19999999999914,2opt,improve
9604,15,183.59999999999695,5,162.19999999999914,move,improve
9605,15,183.59999999999695,5,162.19999999999914,swap,notBad
9606,15,183.59999999999695,5,162.19999999999914,2opt,notBad
9607,15,183.59999999999695,5,162.19999999999914,swap,notBad
9608,15,183.59999999999695,5,162.19999999999914,2opt,improve
9609,15,183.59999999999695,5,162.19999999999914,2opt,notBad
9610,15,183.59999999999695,5,162.19999999999914,move,improve
9611,15,183.59999999999695,5,162.19999999999914,swap,notBad
9612,15,183.59999999999695,5,162.19999999999914,move,improve
9613,15,183.59999999999695,5,162.19999999999914,move,improve
9614,15,183.59999999999695,5,162.19999999999914,move,improve
9615,15,183.59999999999695,5,162.19999999999914,move,improve
9616,15,183.59999999999695,5,162.19999999999914,move,improve
9617,15,183.59999999999695,5,162.19999999999914,move,improve
9618,15,183.59999999999695,5,162.19999999999914,move,improve
9619,15,183.59999999999695,5,162.19999999999914,2opt,notBad
9620,15,183.59999999999695,5,162.19999999999914,move,improve
9621,15,183.59999999999695,5,162.19999999999914,move,improve
9622,15,183.59999999999695,5,162.19999999999914,swap,notBad
9623,15,183.59999999999695,5,162.19999999999914,2opt,notBad
9624,15,183.59999999999695,5,162.19999999999914,move,improve
9625,15,183.59999999999695,5,162.19999999999914,swap,notBad
9626,15,183.59999999999695,5,162.19999999999914,move,improve
9627,15,183.59999999999695,5,162.19999999999914,2opt,notBad
9628,15,183.59999999999695,5,162.19999999999914,move,improve
9629,15,183.59999999999695,5,162.19999999999914,2opt,notBad
9630,15,183.59999999999695,5,162.19999999999914,swap,notBad
9631,15,183.59999999999695,5,162.19999999999914,move,improve
9632,15,183.59999999999695,5,162.19999999999914,move,improve
9633,15,183.59999999999695,5,162.19999999999914,2opt,improve
9634,15,183.59999999999695,5,162.19999999999914,move,improve
9635,15,183.59999999999695,5,162.19999999999914,swap,notBad
9636,15,183.59999999999695,5,162.19999999999914,2opt,notBad
9637,15,183.59999999999695,5,162.19999999999914,swap,notBad
9638,15,183.59999999999695,5,162.19999999999914,swap,notBad
9639,15,183.59999999999695,5,162.19999999999914,move,improve
9640,15,183.59999999999695,5,162.19999999999914,2opt,notBad
9641,15,183.59999999999695,5,162.19999999999914,swap,notBad
9642,15,183.59999999999695,5,162.19999999999914,move,improve
9643,15,183.59999999999695,5,162.19999999999914,2opt,improve
9644,15,183.59999999999695,5,162.19999999999914,move,improve
9645,15,183.59999999999695,5,162.19999999999914,move,improve
9646,15,183.59999999999695,5,162.19999999999914,swap,notBad
9647,15,183.59999999999695,5,162.19999999999914,2opt,notBad
9648,15,183.59999999999695,5,162.19999999999914,move,improve
9649,15,183.59999999999695,5,162.19999999999914,swap,notBad
9650,15,183.59999999999695,5,162.19999999999914,move,improve
9651,15,183.59999999999695,5,162.19999999999914,2opt,notBad
9652,15,183.59999999999695,5,162.19999999999914,move,improve
9653,15,183.59999999999695,5,162.19999999999914,move,improve
9654,15,183.59999999999695,5,162.19999999999914,move,improve
9655,15,183.59999999999695,5,162.19999999999914,2opt,notBad
9656,15,183.59999999999695,5,162.19999999999914,move,improve
9657,15,183.59999999999695,5,162.19999999999914,2opt,notBad
9658,15,183.59999999999695,5,162.19999999999914,move,improve
9659,15,183.59999999999695,5,162.19999999999914,2opt,notBad
9660,15,183.59999999999695,5,162.19999999999914,2opt,notBad
9661,15,183.59999999999695,5,162.19999999999914,2opt,notBad
9662,15,183.59999999999695,5,162.19999999999914,2opt,notBad
9663,15,183.59999999999695,5,162.19999999999914,2opt,improve
9664,15,183.59999999999695,5,162.19999999999914,2opt,notBad
9665,15,183.59999999999695,5,162.19999999999914,swap,notBad
9666,15,183.59999999999695,5,162.19999999999914,swap,notBad
9667,15,183.59999999999695,5,162.19999999999914,move,improve
9668,15,183.59999999999695,5,162.19999999999914,move,improve
9669,15,183.59999999999695,5,162.19999999999914,swap,notBad
9670,15,183.59999999999695,5,162.19999999999914,2opt,notBad
9671,15,183.59999999999695,5,162.19999999999914,swap,notBad
9672,15,183.59999999999695,5,162.19999999999914,swap,notBad
9673,15,183.59999999999695,5,162.19999999999914,swap,notBad
9674,15,183.59999999999695,5,162.19999999999914,move,improve
9675,15,183.59999999999695,5,162.19999999999914,swap,notBad
9676,15,183.59999999999695,5,162.19999999999914,move,improve
9677,15,183.59999999999695,5,162.19999999999914,2opt,notBad
9678,15,183.59999999999695,5,162.19999999999914,move,improve
9679,15,183.59999999999695,5,162.19999999999914,move,improve
9680,15,183.59999999999695,5,162.19999999999914,2opt,notBad
9681,15,183.59999999999695,5,162.19999999999914,2opt,notBad
9682,15,183.59999999999695,5,162.19999999999914,2opt,notBad
9683,15,183.59999999999695,5,162.19999999999914,move,improve
9684,15,183.59999999999695,5,162.19999999999914,swap,notBad
9685,15,190.79999999999654,5,162.19999999999914,swap,acceptBad
9686,15,190.79999999999654,5,162.19999999999914,swap,notBad
9687,15,190.79999999999654,5,162.19999999999914,2opt,notBad
9688,15,190.79999999999654,5,162.19999999999914,swap,notBad
9689,15,190.79999999999654,5,162.19999999999914,swap,notBad
9690,15,190.79999999999654,5,162.19999999999914,swap,notBad
9691,15,190.79999999999654,5,162.19999999999914,move,improve
9692,15,190.79999999999654,5,162.19999999999914,swap,notBad
9693,15,190.79999999999654,5,162.19999999999914,2opt,notBad
9694,15,190.79999999999654,5,162.19999999999914,swap,notBad
9695,15,190.79999999999654,5,162.19999999999914,move,improve
9696,15,190.79999999999654,5,162.19999999999914,move,improve
9697,15,190.79999999999654,5,162.19999999999914,swap,notBad
9698,15,190.79999999999654,5,162.19999999999914,2opt,notBad
9699,15,190.79999999999654,5,162.19999999999914,swap,notBad
9700,15,190.79999999999654,5,162.19999999999914,swap,notBad
9701,15,190.79999999999654,5,162.19999999999914,2opt,notBad
9702,15,190.79999999999654,5,162.19999999999914,swap,notBad
9703,15,190.79999999999654,5,162.19999999999914,2opt,notBad
9704,15,190.79999999999654,5,162.19999999999914,swap,notBad
9705,15,190.79999999999654,5,162.19999999999914,swap,notBad
9706,15,190.79999999999654,5,162.19999999999914,2opt,improve
9707,15,190.79999999999654,5,162.19999999999914,2opt,notBad
9708,15,190.79999999999654,5,162.19999999999914,move,improve
9709,15,190.79999999999654,5,162.19999999999914,move,improve
9710,15,190.79999999999654,5,162.19999999999914,move,improve
9711,15,190.79999999999654,5,162.19999999999914,swap,notBad
9712,15,190.79999999999654,5,162.19999999999914,swap,notBad
9713,15,190.79999999999654,5,162.19999999999914,2opt,notBad
9714,15,190.79999999999654,5,162.19999999999914,move,improve
9715,15,190.79999999999654,5,162.19999999999914,move,improve
9716,15,190.79999999999654,5,162.19999999999914,2opt,notBad
9717,15,190.79999999999654,5,162.19999999999914,swap,notBad
9718,15,190.79999999999654,5,162.19999999999914,2opt,notBad
9719,15,190.79999999999654,5,162.19999999999914,move,improve
9720,15,190.79999999999654,5,162.19999999999914,move,improve
9721,15,190.79999999999654,5,162.19999999999914,2opt,notBad
9722,15,190.79999999999654,5,162.19999999999914,swap,notBad
9723,15,190.79999999999654,5,162.19999999999914,2opt,notBad
9724,15,190.79999999999654,5,162.19999999999914,move,improve
9725,15,190.79999999999654,5,162.19999999999914,2opt,notBad
9726,15,190.79999999999654,5,162.19999999999914,swap,notBad
9727,15,190.79999999999654,5,162.19999999999914,swap,notBad
9728,15,190.79999999999654,5,162.19999999999914,swap,notBad
9729,15,190.79999999999654,5,162.19999999999914,2opt,notBad
9730,15,190.79999999999654,5,162.19999999999914,swap,notBad
9731,15,190.79999999999654,5,162.19999999999914,move,improve
9732,15,190.79999999999654,5,162.19999999999914,swap,notBad
9733,15,190.79999999999654,5,162.19999999999914,2opt,notBad
9734,15,190.79999999999654,5,162.19999999999914,move,improve
9735,15,190.79999999999654,5,162.19999999999914,swap,notBad
9736,15,190.79999999999654,5,162.19999999999914,2opt,notBad
9737,15,190.79999999999654,5,162.19999999999914,2opt,notBad
9738,15,190.79999999999654,5,162.19999999999914,swap,notBad
9739,15,190.79999999999654,5,162.19999999999914,move,improve
9740,15,190.79999999999654,5,162.19999999999914,swap,notBad
9741,15,190.79999999999654,5,162.19999999999914,swap,notBad
9742,15,190.79999999999654,5,162.19999999999914,swap,notBad
9743,15,190.79999999999654,5,162.19999999999914,swap,notBad
9744,15,190.79999999999654,5,162.19999999999914,swap,notBad
9745,15,190.79999999999654,5,162.19999999999914,swap,notBad
9746,15,190.79999999999654,5,162.19999999999914,2opt,notBad
9747,15,190.79999999999654,5,162.19999999999914,2opt,notBad
9748,15,190.79999999999654,5,162.19999999999914,2opt,notBad
9749,15,190.79999999999654,5,162.19999999999914,move,improve
9750,15,190.79999999999654,5,162.19999999999914,move,improve
9751,15,190.79999999999654,5,162.19999999999914,2opt,notBad
9752,15,190.79999999999654,5,162.19999999999914,swap,notBad
9753,15,190.79999999999654,5,162.19999999999914,2opt,notBad
9754,15,190.79999999999654,5,162.19999999999914,swap,notBad
9755,15,190.79999999999654,5,162.19999999999914,move,improve
9756,15,190.79999999999654,5,162.19999999999914,swap,notBad
9757,15,190.79999999999654,5,162.19999999999914,2opt,notBad
9758,15,190.79999999999654,5,162.19999999999914,swap,notBad
9759,15,190.79999999999654,5,162.19999999999914,move,improve
9760,15,188.79999999999836,5,162.19999999999914,move,improve
9761,15,188.79999999999836,5,162.19999999999914,2opt,notBad
9762,15,188.79999999999836,5,162.19999999999914,2opt,improve
9763,15,188.79999999999836,5,162.19999999999914,2opt,notBad
9764,15,188.79999999999836,5,162.19999999999914,move,improve
9765,15,188.79999999999836,5,162.19999999999914,2opt,notBad
9766,15,188.79999999999836,5,162.19999999999914,2opt,notBad
9767,15,188.79999999999836,5,162.19999999999914,swap,notBad
9768,15,188.79999999999836,5,162.19999999999914,swap,improve
9769,15,188.79999999999836,5,162.19999999999914,2opt,notBad
9770,15,188.79999999999836,5,162.19999999999914,2opt,notBad
9771,15,188.79999999999836,5,162.19999999999914,2opt,notBad
9772,15,188.79999999999836,5,162.19999999999914,2opt,improve
9773,15,188.79999999999836,5,162.19999999999914,swap,notBad
9774,15,188.79999999999836,5,162.19999999999914,swap,improve
9775,15,188.79999999999836,5,162.19999999999914,move,improve
9776,15,188.79999999999836,5,162.19999999999914,move,improve
9777,15,188.79999999999836,5,162.19999999999914,2opt,notBad
9778,15,188.79999999999836,5,162.19999999999914,swap,notBad
9779,15,188.79999999999836,5,162.19999999999914,swap,notBad
9780,15,188.79999999999836,5,162.19999999999914,move,improve
9781,15,188.79999999999836,5,162.19999999999914,move,improve
9782,15,188.79999999999836,5,162.19999999999914,2opt,notBad
9783,15,188.79999999999836,5,162.19999999999914,move,improve
9784,15,188.79999999999836,5,162.19999999999914,swap,improve
9785,15,188.79999999999836,5,162.19999999999914,swap,notBad
9786,15,188.79999999999836,5,162.19999999999914,2opt,improve
9787,15,188.79999999999836,5,162.19999999999914,move,improve
9788,15,197.79999999999927,5,162.19999999999914,swap,acceptBad
9789,15,197.79999999999927,5,162.19999999999914,move,improve
9790,15,197.79999999999927,5,162.19999999999914,2opt,notBad
9791,15,197.79999999999927,5,162.19999999999914,swap,notBad
9792,15,197.79999999999927,5,162.19999999999914,2opt,notBad
9793,15,197.79999999999927,5,162.19999999999914,move,improve
9794,15,197.79999999999927,5,162.19999999999914,swap,notBad
9795,15,197.79999999999927,5,162.19999999999914,move,improve
9796,15,197.79999999999927,5,162.19999999999914,2opt,notBad
9797,15,197.79999999999927,5,162.19999999999914,move,improve
9798,15,197.79999999999927,5,162.19999999999914,2opt,notBad
9799,15,197.79999999999927,5,162.19999999999914,2opt,notBad
9800,15,197.79999999999927,5,162.19999999999914,2opt,notBad
9801,15,197.79999999999927,5,162.19999999999914,2opt,notBad
9802,15,197.79999999999927,5,162.19999999999914,move,improve
9803,15,197.79999999999927,5,162.19999999999914,swap,notBad
9804,15,197.79999999999927,5,162.19999999999914,2opt,notBad
9805,15,197.79999999999927,5,162.19999999999914,2opt,improve
9806,15,197.79999999999927,5,162.19999999999914,swap,notBad
9807,15,197.79999999999927,5,162.19999999999914,swap,notBad
9808,15,197.79999999999927,5,162.19999999999914,swap,notBad
9809,15,197.79999999999927,5,162.19999999999914,2opt,notBad
9810,15,197.79999999999927,5,162.19999999999914,move,improve
9811,15,197.79999999999927,5,162.19999999999914,2opt,notBad
9812,15,197.79999999999927,5,162.19999999999914,move,improve
9813,15,197.79999999999927,5,162.19999999999914,swap,notBad
9814,15,197.79999999999927,5,162.19999999999914,2opt,improve
9815,15,197.79999999999927,5,162.19999999999914,move,improve
9816,15,197.79999999999927,5,162.19999999999914,swap,notBad
9817,15,197.79999999999927,5,162.19999999999914,2opt,notBad
9818,15,197.79999999999927,5,162.19999999999914,2opt,notBad
9819,15,197.79999999999927,5,162.19999999999914,swap,notBad
9820,15,197.79999999999927,5,162.19999999999914,swap,notBad
9821,15,197.79999999999927,5,162.19999999999914,move,improve
9822,15,197.79999999999927,5,162.19999999999914,move,improve
9823,15,197.79999999999927,5,162.19999999999914,swap,notBad
9824,15,197.79999999999927,5,162.19999999999914,move,improve
9825,15,197.79999999999927,5,162.19999999999914,swap,notBad
9826,15,197.79999999999927,5,162.19999999999914,move,improve
9827,15,197.79999999999927,5,162.19999999999914,move,improve
9828,15,197.79999999999927,5,162.19999999999914,move,improve
9829,15,197.79999999999927,5,162.19999999999914,swap,notBad
9830,15,197.79999999999927,5,162.19999999999914,2opt,notBad
9831,15,197.79999999999927,5,162.19999999999914,2opt,improve
9832,15,197.79999999999927,5,162.19999999999914,2opt,notBad
9833,15,197.79999999999927,5,162.19999999999914,move,improve
9834,15,197.79999999999927,5,162.19999999999914,swap,notBad
9835,15,197.79999999999927,5,162.19999999999914,move,improve
9836,15,197.79999999999927,5,162.19999999999914,move,improve
9837,15,197.79999999999927,5,162.19999999999914,move,improve
9838,15,197.79999999999927,5,162.19999999999914,move,improve
9839,15,197.79999999999927,5,162.19999999999914,move,improve
9840,15,197.79999999999927,5,162.19999999999914,swap,notBad
9841,15,197.79999999999927,5,162.19999999999914,move,improve
9842,15,197.79999999999927,5,162.19999999999914,2opt,notBad
9843,15,197.79999999999927,5,162.19999999999914,swap,notBad
9844,15,197.79999999999927,5,162.19999999999914,move,improve
9845,15,197.79999999999927,5,162.19999999999914,swap,notBad
9846,15,197.79999999999927,5,162.19999999999914,move,improve
9847,15,197.79999999999927,5,162.19999999999914,swap,notBad
9848,15,197.79999999999927,5,162.19999999999914,move,improve
9849,15,197.79999999999927,5,162.19999999999914,2opt,improve
9850,15,197.79999999999927,5,162.19999999999914,swap,notBad
9851,15,197.79999999999927,5,162.19999999999914,swap,notBad
9852,15,197.79999999999927,5,162.19999999999914,swap,notBad
9853,15,197.79999999999927,5,162.19999999999914,move,improve
9854,15,197.79999999999927,5,162.19999999999914,swap,notBad
9855,15,197.79999999999927,5,162.19999999999914,2opt,notBad
9856,15,197.79999999999927,5,162.19999999999914,2opt,notBad
9857,15,197.79999999999927,5,162.19999999999914,swap,notBad
9858,15,197.79999999999927,5,162.19999999999914,move,improve
9859,15,197.79999999999927,5,162.19999999999914,swap,notBad
9860,15,197.79999999999927,5,162.19999999999914,2opt,notBad
9861,15,197.79999999999927,5,162.19999999999914,swap,notBad
9862,15,197.79999999999927,5,162.19999999999914,2opt,improve
9863,15,197.79999999999927,5,162.19999999999914,2opt,notBad
9864,15,197.79999999999927,5,162.19999999999914,move,improve
9865,15,197.79999999999927,5,162.19999999999914,move,improve
9866,15,197.79999999999927,5,162.19999999999914,2opt,notBad
9867,15,197.79999999999927,5,162.19999999999914,move,improve
9868,15,197.79999999999927,5,162.19999999999914,swap,notBad
9869,15,197.79999999999927,5,162.19999999999914,swap,notBad
9870,15,197.79999999999927,5,162.19999999999914,move,improve
9871,15,196.7999999999995,5,162.19999999999914,move,improve
9872,15,196.7999999999995,5,162.19999999999914,2opt,notBad
9873,15,196.7999999999995,5,162.19999999999914,swap,notBad
9874,15,198.99999999999864,5,162.19999999999914,swap,acceptBad
9875,15,198.99999999999864,5,162.19999999999914,swap,notBad
9876,15,198.99999999999864,5,162.19999999999914,move,improve
9877,15,198.99999999999864,5,162.19999999999914,swap,notBad
9878,15,198.99999999999864,5,162.19999999999914,2opt,notBad
9879,15,198.99999999999864,5,162.19999999999914,move,improve
9880,15,198.99999999999864,5,162.19999999999914,swap,notBad
9881,15,198.99999999999864,5,162.19999999999914,move,improve
9882,15,198.99999999999864,5,162.19999999999914,2opt,notBad
9883,15,198.99999999999864,5,162.19999999999914,swap,notBad
9884,15,187.79999999999905,5,162.19999999999914,move,improve
9885,15,187.79999999999905,5,162.19999999999914,2opt,notBad
9886,15,187.79999999999905,5,162.19999999999914,2opt,notBad
9887,15,187.79999999999905,5,162.19999999999914,swap,notBad
9888,15,187.79999999999905,5,162.19999999999914,move,improve
9889,15,187.79999999999905,5,162.19999999999914,move,improve
9890,15,187.79999999999905,5,162.19999999999914,move,improve
9891,15,187.79999999999905,5,162.19999999999914,swap,notBad
9892,15,187.79999999999905,5,162.19999999999914,move,improve
9893,15,187.79999999999905,5,162.19999999999914,2opt,notBad
9894,15,187.79999999999905,5,162.19999999999914,2opt,notBad
9895,15,187.79999999999905,5,162.19999999999914,swap,notBad
9896,15,187.79999999999905,5,162.19999999999914,move,improve
9897,15,187.79999999999905,5,162.19999999999914,move,improve
9898,15,187.79999999999905,5,162.19999999999914,swap,notBad
9899,15,187.79999999999905,5,162.19999999999914,swap,notBad
9900,15,187.79999999999905,5,162.19999999999914,swap,notBad
9901,15,187.79999999999905,5,162.19999999999914,move,improve
9902,15,187.79999999999905,5,162.19999999999914,move,improve
9903,15,187.79999999999905,5,162.19999999999914,swap,notBad
9904,15,187.79999999999905,5,162.19999999999914,swap,improve
9905,15,187.79999999999905,5,162.19999999999914,move,improve
9906,15,187.79999999999905,5,162.19999999999914,2opt,notBad
9907,15,187.79999999999905,5,162.19999999999914,2opt,notBad
9908,15,187.79999999999905,5,162.19999999999914,2opt,notBad
9909,15,187.79999999999905,5,162.19999999999914,2opt,notBad
9910,15,187.79999999999905,5,162.19999999999914,move,improve
9911,15,187.79999999999905,5,162.19999999999914,2opt,notBad
9912,15,187.79999999999905,5,162.19999999999914,2opt,improve
9913,15,187.79999999999905,5,162.19999999999914,swap,notBad
9914,15,187.79999999999905,5,162.19999999999914,2opt,improve
9915,15,187.79999999999905,5,162.19999999999914,move,improve
9916,15,187.79999999999905,5,162.19999999999914,move,improve
9917,15,187.79999999999905,5,162.19999999999914,move,improve
9918,15,187.79999999999905,5,162.19999999999914,2opt,notBad
9919,15,187.79999999999905,5,162.19999999999914,2opt,notBad
9920,15,187.79999999999905,5,162.19999999999914,move,improve
9921,15,187.79999999999905,5,162.19999999999914,2opt,notBad
9922,15,187.79999999999905,5,162.19999999999914,swap,notBad
9923,15,187.79999999999905,5,162.19999999999914,swap,notBad
9924,15,187.79999999999905,5,162.19999999999914,move,improve
9925,15,187.79999999999905,5,162.19999999999914,move,improve
9926,15,187.79999999999905,5,162.19999999999914,move,improve
9927,15,187.79999999999905,5,162.19999999999914,swap,notBad
9928,15,187.79999999999905,5,162.19999999999914,swap,notBad
9929,15,187.79999999999905,5,162.19999999999914,2opt,improve
9930,15,187.79999999999905,5,162.19999999999914,2opt,notBad
9931,15,187.79999999999905,5,162.19999999999914,move,improve
9932,15,187.79999999999905,5,162.19999999999914,2opt,notBad
9933,15,187.79999999999905,5,162.19999999999914,2opt,notBad
9934,15,187.79999999999905,5,162.19999999999914,2opt,improve
9935,15,187.79999999999905,5,162.19999999999914,2opt,notBad
9936,15,187.79999999999905,5,162.19999999999914,move,improve
9937,15,187.79999999999905,5,162.19999999999914,move,improve
9938,15,187.79999999999905,5,162.19999999999914,2opt,notBad
9939,15,187.79999999999905,5,162.19999999999914,move,improve
9940,15,187.79999999999905,5,162.19999999999914,2opt,notBad
9941,15,187.79999999999905,5,162.19999999999914,swap,notBad
9942,15,187.79999999999905,5,162.19999999999914,move,improve
9943,15,187.79999999999905,5,162.19999999999914,2opt,improve
9944,15,187.79999999999905,5,162.19999999999914,move,improve
9945,15,187.79999999999905,5,162.19999999999914,move,improve
9946,15,187.79999999999905,5,162.19999999999914,2opt,notBad
9947,15,187.79999999999905,5,162.19999999999914,move,improve
9948,15,187.79999999999905,5,162.19999999999914,2opt,improve
9949,15,187.79999999999905,5,162.19999999999914,move,improve
9950,15,187.79999999999905,5,162.19999999999914,2opt,notBad
9951,15,187.79999999999905,5,162.19999999999914,swap,improve
9952,15,187.79999999999905,5,162.19999999999914,move,improve
9953,15,187.79999999999905,5,162.19999999999914,move,improve
9954,15,187.79999999999905,5,162.19999999999914,swap,notBad
9955,15,187.79999999999905,5,162.19999999999914,swap,notBad
9956,15,187.79999999999905,5,162.19999999999914,move,improve
9957,15,187.79999999999905,5,162.19999999999914,2opt,notBad
9958,15,187.79999999999905,5,162.19999999999914,2opt,notBad
9959,15,187.79999999999905,5,162.19999999999914,swap,notBad
9960,15,187.79999999999905,5,162.19999999999914,2opt,notBad
9961,15,187.79999999999905,5,162.19999999999914,move,improve
9962,15,187.79999999999905,5,162.19999999999914,2opt,notBad
9963,15,187.79999999999905,5,162.19999999999914,2opt,notBad
9964,15,187.79999999999905,5,162.19999999999914,swap,notBad
9965,15,187.79999999999905,5,162.19999999999914,swap,notBad
9966,15,187.79999999999905,5,162.19999999999914,2opt,notBad
9967,15,187.79999999999905,5,162.19999999999914,2opt,notBad
9968,15,187.79999999999905,5,162.19999999999914,move,improve
9969,15,187.79999999999905,5,162.19999999999914,swap,notBad
9970,15,187.79999999999905,5,162.19999999999914,move,improve
9971,15,187.79999999999905,5,162.19999999999914,2opt,notBad
9972,15,187.79999999999905,5,162.19999999999914,2opt,improve
9973,15,187.79999999999905,5,162.19999999999914,swap,notBad
9974,15,187.79999999999905,5,162.19999999999914,2opt,notBad
9975,15,187.79999999999905,5,162.19999999999914,2opt,notBad
9976,15,187.79999999999905,5,162.19999999999914,swap,notBad
9977,15,187.79999999999905,5,162.19999999999914,swap,notBad
9978,15,187.79999999999905,5,162.19999999999914,2opt,notBad
9979,15,187.79999999999905,5,162.19999999999914,2opt,notBad
9980,15,187.79999999999905,5,162.19999999999914,move,improve
9981,15,187.79999999999905,5,162.19999999999914,move,improve
9982,15,187.79999999999905,5,162.19999999999914,move,improve
9983,15,187.79999999999905,5,162.19999999999914,move,improve
9984,15,187.79999999999905,5,162.19999999999914,swap,notBad
9985,15,187.79999999999905,5,162.19999999999914,move,improve
9986,15,187.79999999999905,5,162.19999999999914,2opt,notBad
9987,15,187.79999999999905,5,162.19999999999914,move,improve
9988,15,187.79999999999905,5,162.19999999999914,2opt,notBad
9989,15,187.79999999999905,5,162.19999999999914,move,improve
9990,15,187.79999999999905,5,162.19999999999914,2opt,notBad
9991,15,187.79999999999905,5,162.19999999999914,2opt,notBad
9992,15,187.79999999999905,5,162.19999999999914,swap,notBad
9993,15,187.79999999999905,5,162.19999999999914,move,improve
9994,15,187.79999999999905,5,162.19999999999914,move,improve
9995,15,187.79999999999905,5,162.19999999999914,move,improve
9996,15,187.79999999999905,5,162.19999999999914,swap,improve
9997,15,187.79999999999905,5,162.19999999999914,move,improve
9998,15,187.79999999999905,5,162.19999999999914,2opt,notBad
9999,15,187.79999999999905,5,162.19999999999914,2opt,notBad
10000,15,187.79999999999905,5,162.19999999999914,2opt,notBad
10001,15,187.79999999999905,5,162.19999999999914,move,improve
10002,15,187.79999999999905,5,162.19999999999914,swap,notBad
10003,15,187.79999999999905,5,162.19999999999914,2opt,notBad
10004,15,187.79999999999905,5,162.19999999999914,2opt,notBad
10005,15,187.79999999999905,5,162.19999999999914,swap,notBad
10006,15,187.79999999999905,5,162.19999999999914,swap,notBad
10007,15,187.79999999999905,5,162.19999999999914,move,improve
10008,15,187.79999999999905,5,162.19999999999914,swap,notBad
10009,15,187.79999999999905,5,162.19999999999914,2opt,notBad
10010,15,187.79999999999905,5,162.19999999999914,2opt,notBad
10011,15,187.79999999999905,5,162.19999999999914,move,improve
10012,15,187.79999999999905,5,162.19999999999914,swap,notBad
10013,15,187.79999999999905,5,162.19999999999914,swap,notBad
10014,15,187.79999999999905,5,162.19999999999914,move,improve
10015,15,187.79999999999905,5,162.19999999999914,2opt,notBad
10016,15,187.79999999999905,5,162.19999999999914,swap,notBad
10017,15,187.79999999999905,5,162.19999999999914,2opt,notBad
10018,15,187.79999999999905,5,162.19999999999914,swap,notBad
10019,15,187.79999999999905,5,162.19999999999914,2opt,notBad
10020,15,187.79999999999905,5,162.19999999999914,move,improve
10021,15,187.79999999999905,5,162.19999999999914,move,improve
10022,15,187.79999999999905,5,162.19999999999914,move,improve
10023,15,187.79999999999905,5,162.19999999999914,2opt,notBad
10024,15,187.79999999999905,5,162.19999999999914,swap,notBad
10025,15,187.79999999999905,5,162.19999999999914,2opt,notBad
10026,15,187.79999999999905,5,162.19999999999914,2opt,notBad
10027,15,187.79999999999905,5,162.19999999999914,2opt,notBad
10028,15,187.79999999999905,5,162.19999999999914,swap,notBad
10029,15,187.79999999999905,5,162.19999999999914,swap,notBad
10030,15,187.79999999999905,5,162.19999999999914,swap,improve
10031,15,187.79999999999905,5,162.19999999999914,swap,notBad
10032,15,187.79999999999905,5,162.19999999999914,swap,notBad
10033,15,187.79999999999905,5,162.19999999999914,2opt,notBad
10034,15,187.79999999999905,5,162.19999999999914,2opt,improve
10035,15,187.79999999999905,5,162.19999999999914,move,improve
10036,15,187.79999999999905,5,162.19999999999914,swap,notBad
10037,15,187.79999999999905,5,162.19999999999914,swap,notBad
10038,15,187.79999999999905,5,162.19999999999914,move,improve
10039,15,187.79999999999905,5,162.19999999999914,move,improve
10040,15,187.79999999999905,5,162.19999999999914,swap,notBad
10041,15,187.79999999999905,5,162.19999999999914,swap,notBad
10042,15,187.79999999999905,5,162.19999999999914,move,improve
10043,15,187.79999999999905,5,162.19999999999914,move,improve
10044,15,187.79999999999905,5,162.19999999999914,move,improve
10045,15,187.79999999999905,5,162.19999999999914,2opt,notBad
10046,15,187.79999999999905,5,162.19999999999914,2opt,notBad
10047,15,187.79999999999905,5,162.19999999999914,swap,notBad
10048,15,187.79999999999905,5,162.19999999999914,2opt,notBad
10049,15,187.79999999999905,5,162.19999999999914,move,improve
10050,15,187.79999999999905,5,162.19999999999914,swap,improve
10051,15,187.79999999999905,5,162.19999999999914,2opt,notBad
10052,15,187.79999999999905,5,162.19999999999914,2opt,notBad
10053,15,187.79999999999905,5,162.19999999999914,swap,notBad
10054,15,187.79999999999905,5,162.19999999999914,2opt,notBad
10055,15,187.79999999999905,5,162.19999999999914,move,improve
10056,15,187.79999999999905,5,162.19999999999914,2opt,notBad
10057,15,187.79999999999905,5,162.19999999999914,move,improve
10058,15,187.79999999999905,5,162.19999999999914,move,improve
10059,15,187.79999999999905,5,162.19999999999914,swap,notBad
10060,15,187.79999999999905,5,162.19999999999914,move,improve
10061,15,187.79999999999905,5,162.19999999999914,move,improve
10062,15,187.79999999999905,5,162.19999999999914,move,improve
10063,15,187.79999999999905,5,162.19999999999914,move,improve
10064,15,187.79999999999905,5,162.19999999999914,swap,notBad
10065,15,187.79999999999905,5,162.19999999999914,2opt,notBad
10066,15,187.79999999999905,5,162.19999999999914,2opt,notBad
10067,15,187.79999999999905,5,162.19999999999914,swap,notBad
10068,15,189.1999999999996,5,162.19999999999914,swap,acceptBad
10069,15,189.1999999999996,5,162.19999999999914,swap,notBad
10070,15,189.1999999999996,5,162.19999999999914,2opt,notBad
10071,15,189.1999999999996,5,162.19999999999914,2opt,notBad
10072,15,189.1999999999996,5,162.19999999999914,move,improve
10073,15,189.1999999999996,5,162.19999999999914,2opt,notBad
10074,15,189.1999999999996,5,162.19999999999914,move,improve
10075,15,189.1999999999996,5,162.19999999999914,swap,notBad
10076,15,189.1999999999996,5,162.19999999999914,swap,notBad
10077,15,189.1999999999996,5,162.19999999999914,swap,notBad
10078,15,189.1999999999996,5,162.19999999999914,move,improve
10079,15,189.1999999999996,5,162.19999999999914,swap,notBad
10080,15,189.1999999999996,5,162.19999999999914,swap,notBad
10081,15,189.1999999999996,5,162.19999999999914,2opt,notBad
10082,15,189.1999999999996,5,162.19999999999914,swap,notBad
10083,15,189.1999999999996,5,162.19999999999914,move,improve
10084,15,189.1999999999996,5,162.19999999999914,2opt,notBad
10085,15,189.1999999999996,5,162.19999999999914,2opt,notBad
10086,15,189.1999999999996,5,162.19999999999914,swap,notBad
10087,15,189.1999999999996,5,162.19999999999914,move,improve
10088,15,189.1999999999996,5,162.19999999999914,move,improve
10089,15,189.1999999999996,5,162.19999999999914,2opt,notBad
10090,15,189.1999999999996,5,162.19999999999914,swap,notBad
10091,15,189.1999999999996,5,162.19999999999914,swap,improve
10092,15,189.1999999999996,5,162.19999999999914,2opt,notBad
10093,15,189.1999999999996,5,162.19999999999914,swap,notBad
10094,15,189.1999999999996,5,162.19999999999914,2opt,notBad
10095,15,189.1999999999996,5,162.19999999999914,move,improve
10096,15,189.1999999999996,5,162.19999999999914,swap,notBad
10097,15,189.1999999999996,5,162.19999999999914,swap,notBad
10098,15,189.1999999999996,5,162.19999999999914,move,improve
10099,15,189.1999999999996,5,162.19999999999914,2opt,notBad
10100,15,189.1999999999996,5,162.19999999999914,move,improve
10101,15,189.1999999999996,5,162.19999999999914,move,improve
10102,15,189.1999999999996,5,162.19999999999914,swap,notBad
10103,15,189.1999999999996,5,162.19999999999914,2opt,notBad
10104,15,189.1999999999996,5,162.19999999999914,swap,notBad
10105,15,189.1999999999996,5,162.19999999999914,swap,notBad
10106,15,189.1999999999996,5,162.19999999999914,move,improve
10107,15,189.1999999999996,5,162.19999999999914,swap,notBad
10108,15,189.1999999999996,5,162.19999999999914,swap,notBad
10109,15,189.1999999999996,5,162.19999999999914,move,improve
10110,15,189.1999999999996,5,162.19999999999914,swap,notBad
10111,15,189.1999999999996,5,162.19999999999914,2opt,improve
10112,15,189.1999999999996,5,162.19999999999914,swap,notBad
10113,15,189.1999999999996,5,162.19999999999914,swap,notBad
10114,15,189.1999999999996,5,162.19999999999914,2opt,notBad
10115,15,189.1999999999996,5,162.19999999999914,move,improve
10116,15,186.19999999999914,5,162.19999999999914,move,improve
10117,15,186.19999999999914,5,162.19999999999914,swap,notBad
10118,15,186.19999999999914,5,162.19999999999914,2opt,notBad
10119,15,186.19999999999914,5,162.19999999999914,move,improve
10120,15,186.19999999999914,5,162.19999999999914,move,improve
10121,15,186.19999999999914,5,162.19999999999914,swap,notBad
10122,15,186.19999999999914,5,162.19999999999914,swap,notBad
10123,15,186.19999999999914,5,162.19999999999914,2opt,notBad
10124,15,186.19999999999914,5,162.19999999999914,2opt,notBad
10125,15,186.19999999999914,5,162.19999999999914,2opt,improve
10126,15,186.19999999999914,5,162.19999999999914,move,improve
10127,15,186.19999999999914,5,162.19999999999914,move,improve
10128,15,186.19999999999914,5,162.19999999999914,swap,improve
10129,15,186.19999999999914,5,162.19999999999914,swap,notBad
10130,15,186.19999999999914,5,162.19999999999914,swap,notBad
10131,15,186.19999999999914,5,162.19999999999914,swap,notBad
10132,15,186.19999999999914,5,162.19999999999914,2opt,notBad
10133,15,186.19999999999914,5,162.19999999999914,2opt,notBad
10134,15,186.19999999999914,5,162.19999999999914,move,improve
10135,15,186.19999999999914,5,162.19999999999914,move,improve
10136,15,186.19999999999914,5,162.19999999999914,move,improve
10137,15,186.19999999999914,5,162.19999999999914,swap,notBad
10138,15,186.19999999999914,5,162.19999999999914,2opt,notBad
10139,15,186.19999999999914,5,162.19999999999914,2opt,notBad
10140,15,186.19999999999914,5,162.19999999999914,2opt,notBad
10141,15,186.19999999999914,5,162.19999999999914,2opt,improve
10142,15,186.19999999999914,5,162.19999999999914,move,improve
10143,15,186.19999999999914,5,162.19999999999914,swap,notBad
10144,15,186.19999999999914,5,162.19999999999914,2opt,notBad
10145,15,186.19999999999914,5,162.19999999999914,swap,notBad
10146,15,186.19999999999914,5,162.19999999999914,swap,notBad
10147,15,186.19999999999914,5,162.19999999999914,2opt,notBad
10148,15,186.19999999999914,5,162.19999999999914,swap,improve
10149,15,186.19999999999914,5,162.19999999999914,swap,notBad
10150,15,186.19999999999914,5,162.19999999999914,swap,improve
10151,15,186.19999999999914,5,162.19999999999914,swap,notBad
10152,15,186.19999999999914,5,162.19999999999914,2opt,notBad
10153,15,186.19999999999914,5,162.19999999999914,swap,notBad
10154,15,186.19999999999914,5,162.19999999999914,swap,notBad
10155,15,186.19999999999914,5,162.19999999999914,move,improve
10156,15,186.19999999999914,5,162.19999999999914,swap,notBad
10157,15,186.19999999999914,5,162.19999999999914,move,improve
10158,15,186.19999999999914,5,162.19999999999914,move,improve
10159,15,186.19999999999914,5,162.19999999999914,2opt,notBad
10160,15,186.19999999999914,5,162.19999999999914,swap,notBad
10161,15,186.19999999999914,5,162.19999999999914,2opt,notBad
10162,15,186.19999999999914,5,162.19999999999914,move,improve
10163,15,186.19999999999914,5,162.19999999999914,move,improve
10164,15,186.19999999999914,5,162.19999999999914,2opt,improve
10165,15,186.19999999999914,5,162.19999999999914,swap,notBad
10166,15,186.19999999999914,5,162.19999999999914,2opt,notBad
10167,15,186.19999999999914,5,162.19999999999914,2opt,notBad
10168,15,186.19999999999914,5,162.19999999999914,swap,notBad
10169,15,186.19999999999914,5,162.19999999999914,swap,notBad
10170,15,186.19999999999914,5,162.19999999999914,swap,notBad
10171,15,186.19999999999914,5,162.19999999999914,move,improve
10172,15,186.19999999999914,5,162.19999999999914,swap,notBad
10173,15,186.19999999999914,5,162.19999999999914,2opt,notBad
10174,15,186.19999999999914,5,162.19999999999914,move,improve
10175,15,186.19999999999914,5,162.19999999999914,2opt,notBad
10176,15,186.19999999999914,5,162.19999999999914,2opt,notBad
10177,15,186.19999999999914,5,162.19999999999914,move,improve
10178,15,186.19999999999914,5,162.19999999999914,swap,notBad
10179,15,186.19999999999914,5,162.19999999999914,2opt,notBad
10180,15,186.19999999999914,5,162.19999999999914,swap,notBad
10181,15,186.19999999999914,5,162.19999999999914,2opt,improve
10182,15,186.19999999999914,5,162.19999999999914,swap,notBad
10183,15,186.19999999999914,5,162.19999999999914,swap,notBad
10184,15,186.19999999999914,5,162.19999999999914,2opt,notBad
10185,15,186.19999999999914,5,162.19999999999914,swap,notBad
10186,15,186.19999999999914,5,162.19999999999914,move,improve
10187,15,186.19999999999914,5,162.19999999999914,swap,notBad
10188,15,186.19999999999914,5,162.19999999999914,move,improve
10189,15,186.19999999999914,5,162.19999999999914,2opt,improve
10190,15,186.19999999999914,5,162.19999999999914,swap,notBad
10191,15,186.19999999999914,5,162.19999999999914,2opt,notBad
10192,15,186.19999999999914,5,162.19999999999914,swap,notBad
10193,15,186.19999999999914,5,162.19999999999914,move,improve
10194,15,186.19999999999914,5,162.19999999999914,2opt,notBad
10195,15,186.19999999999914,5,162.19999999999914,move,improve
10196,15,186.19999999999914,5,162.19999999999914,move,improve
10197,15,186.19999999999914,5,162.19999999999914,2opt,notBad
10198,15,186.19999999999914,5,162.19999999999914,2opt,notBad
10199,15,186.19999999999914,5,162.19999999999914,swap,notBad
10200,15,186.19999999999914,5,162.19999999999914,swap,notBad
10201,15,186.19999999999914,5,162.19999999999914,2opt,notBad
10202,15,186.19999999999914,5,162.19999999999914,2opt,improve
10203,15,186.19999999999914,5,162.19999999999914,swap,notBad
10204,15,186.19999999999914,5,162.19999999999914,2opt,improve
10205,15,186.19999999999914,5,162.19999999999914,2opt,improve
10206,15,186.19999999999914,5,162.19999999999914,2opt,notBad
10207,15,186.19999999999914,5,162.19999999999914,move,improve
10208,15,186.19999999999914,5,162.19999999999914,swap,notBad
10209,15,186.19999999999914,5,162.19999999999914,2opt,notBad
10210,15,186.19999999999914,5,162.19999999999914,swap,notBad
10211,15,186.19999999999914,5,162.19999999999914,2opt,notBad
10212,15,186.19999999999914,5,162.19999999999914,swap,notBad
10213,15,186.19999999999914,5,162.19999999999914,move,improve
10214,15,186.19999999999914,5,162.19999999999914,swap,notBad
10215,15,186.19999999999914,5,162.19999999999914,2opt,notBad
10216,15,186.19999999999914,5,162.19999999999914,2opt,notBad
10217,15,186.19999999999914,5,162.19999999999914,swap,notBad
10218,15,186.19999999999914,5,162.19999999999914,2opt,notBad
10219,15,186.19999999999914,5,162.19999999999914,move,improve
10220,15,186.19999999999914,5,162.19999999999914,move,improve
10221,15,186.19999999999914,5,162.19999999999914,swap,notBad
10222,15,186.19999999999914,5,162.19999999999914,2opt,notBad
10223,15,186.19999999999914,5,162.19999999999914,swap,improve
10224,15,186.19999999999914,5,162.19999999999914,swap,notBad
10225,15,186.19999999999914,5,162.19999999999914,move,improve
10226,15,186.19999999999914,5,162.19999999999914,2opt,notBad
10227,15,186.19999999999914,5,162.19999999999914,2opt,notBad
10228,15,186.19999999999914,5,162.19999999999914,swap,notBad
10229,15,186.19999999999914,5,162.19999999999914,move,improve
10230,15,186.19999999999914,5,162.19999999999914,2opt,notBad
10231,15,186.19999999999914,5,162.19999999999914,move,improve
10232,15,186.19999999999914,5,162.19999999999914,move,improve
10233,15,186.19999999999914,5,162.19999999999914,2opt,improve
10234,15,186.19999999999914,5,162.19999999999914,move,improve
10235,15,186.19999999999914,5,162.19999999999914,swap,notBad
10236,15,186.19999999999914,5,162.19999999999914,move,improve
10237,15,186.19999999999914,5,162.19999999999914,swap,notBad
10238,15,186.19999999999914,5,162.19999999999914,swap,notBad
10239,15,186.19999999999914,5,162.19999999999914,move,improve
10240,15,186.19999999999914,5,162.19999999999914,move,improve
10241,15,186.19999999999914,5,162.19999999999914,2opt,notBad
10242,15,186.19999999999914,5,162.19999999999914,move,improve
10243,15,186.19999999999914,5,162.19999999999914,swap,notBad
10244,15,186.19999999999914,5,162.19999999999914,move,improve
10245,15,186.19999999999914,5,162.19999999999914,swap,notBad
10246,15,186.19999999999914,5,162.19999999999914,swap,notBad
10247,15,186.19999999999914,5,162.19999999999914,swap,notBad
10248,15,186.19999999999914,5,162.19999999999914,move,improve
10249,15,186.19999999999914,5,162.19999999999914,2opt,notBad
10250,15,186.19999999999914,5,162.19999999999914,move,improve
10251,15,186.19999999999914,5,162.19999999999914,swap,notBad
10252,15,186.19999999999914,5,162.19999999999914,move,improve
10253,15,186.19999999999914,5,162.19999999999914,move,notBad
10254,15,186.19999999999914,5,162.19999999999914,2opt,notBad
10255,15,186.19999999999914,5,162.19999999999914,2opt,notBad
10256,15,186.19999999999914,5,162.19999999999914,2opt,notBad
10257,15,186.19999999999914,5,162.19999999999914,swap,notBad
10258,15,186.19999999999914,5,162.19999999999914,2opt,notBad
10259,15,186.19999999999914,5,162.19999999999914,swap,notBad
10260,15,186.19999999999914,5,162.19999999999914,2opt,notBad
10261,15,186.19999999999914,5,162.19999999999914,swap,notBad
10262,15,186.19999999999914,5,162.19999999999914,swap,notBad
10263,15,186.19999999999914,5,162.19999999999914,swap,notBad
10264,15,186.19999999999914,5,162.19999999999914,move,improve
10265,15,186.19999999999914,5,162.19999999999914,swap,notBad
10266,15,186.19999999999914,5,162.19999999999914,swap,notBad
10267,15,186.19999999999914,5,162.19999999999914,2opt,notBad
10268,15,186.19999999999914,5,162.19999999999914,2opt,notBad
10269,15,186.19999999999914,5,162.19999999999914,swap,notBad
10270,15,186.19999999999914,5,162.19999999999914,move,improve
10271,15,186.19999999999914,5,162.19999999999914,move,improve
10272,15,186.19999999999914,5,162.19999999999914,swap,notBad
10273,15,186.19999999999914,5,162.19999999999914,swap,notBad
10274,15,186.19999999999914,5,162.19999999999914,2opt,notBad
10275,15,186.19999999999914,5,162.19999999999914,move,improve
10276,15,186.19999999999914,5,162.19999999999914,2opt,notBad
10277,15,186.19999999999914,5,162.19999999999914,2opt,improve
10278,15,186.19999999999914,5,162.19999999999914,2opt,improve
10279,15,186.19999999999914,5,162.19999999999914,move,improve
10280,15,186.19999999999914,5,162.19999999999914,move,improve
10281,15,186.19999999999914,5,162.19999999999914,move,improve
10282,15,186.19999999999914,5,162.19999999999914,swap,notBad
10283,15,186.19999999999914,5,162.19999999999914,move,improve
10284,15,186.19999999999914,5,162.19999999999914,move,improve
10285,15,186.19999999999914,5,162.19999999999914,swap,notBad
10286,15,186.19999999999914,5,162.19999999999914,2opt,notBad
10287,15,186.19999999999914,5,162.19999999999914,swap,notBad
10288,15,186.19999999999914,5,162.19999999999914,swap,notBad
10289,15,186.19999999999914,5,162.19999999999914,move,improve
10290,15,186.19999999999914,5,162.19999999999914,swap,notBad
10291,15,186.19999999999914,5,162.19999999999914,2opt,improve
10292,15,186.19999999999914,5,162.19999999999914,2opt,notBad
10293,15,186.19999999999914,5,162.19999999999914,2opt,notBad
10294,15,186.19999999999914,5,162.19999999999914,swap,notBad
10295,15,186.19999999999914,5,162.19999999999914,swap,notBad
10296,15,186.19999999999914,5,162.19999999999914,swap,notBad
10297,15,186.19999999999914,5,162.19999999999914,move,improve
10298,15,186.19999999999914,5,162.19999999999914,swap,notBad
10299,15,186.19999999999914,5,162.19999999999914,swap,notBad
10300,15,186.19999999999914,5,162.19999999999914,move,improve
10301,15,186.19999999999914,5,162.19999999999914,swap,notBad
10302,15,186.19999999999914,5,162.19999999999914,move,improve
10303,15,186.19999999999914,5,162.19999999999914,swap,notBad
10304,15,186.19999999999914,5,162.19999999999914,move,improve
10305,15,186.19999999999914,5,162.19999999999914,move,improve
10306,15,186.19999999999914,5,162.19999999999914,move,improve
10307,15,186.19999999999914,5,162.19999999999914,2opt,notBad
10308,15,186.19999999999914,5,162.19999999999914,2opt,notBad
10309,15,186.19999999999914,5,162.19999999999914,swap,notBad
10310,15,186.19999999999914,5,162.19999999999914,2opt,notBad
10311,15,186.19999999999914,5,162.19999999999914,2opt,notBad
10312,15,186.19999999999914,5,162.19999999999914,move,improve
10313,15,186.19999999999914,5,162.19999999999914,swap,notBad
10314,15,186.19999999999914,5,162.19999999999914,swap,notBad
10315,15,186.19999999999914,5,162.19999999999914,2opt,notBad
10316,15,186.19999999999914,5,162.19999999999914,2opt,improve
10317,15,186.19999999999914,5,162.19999999999914,move,improve
10318,15,186.19999999999914,5,162.19999999999914,2opt,notBad
10319,15,186.19999999999914,5,162.19999999999914,swap,notBad
10320,15,186.19999999999914,5,162.19999999999914,swap,improve
10321,15,186.19999999999914,5,162.19999999999914,swap,notBad
10322,15,186.19999999999914,5,162.19999999999914,swap,notBad
10323,15,186.19999999999914,5,162.19999999999914,move,improve
10324,15,186.19999999999914,5,162.19999999999914,2opt,notBad
10325,15,186.19999999999914,5,162.19999999999914,2opt,notBad
10326,15,186.19999999999914,5,162.19999999999914,move,improve
10327,15,186.19999999999914,5,162.19999999999914,swap,notBad
10328,15,186.19999999999914,5,162.19999999999914,2opt,improve
10329,15,186.19999999999914,5,162.19999999999914,2opt,notBad
10330,15,186.19999999999914,5,162.19999999999914,swap,notBad
10331,15,186.19999999999914,5,162.19999999999914,2opt,notBad
10332,15,186.19999999999914,5,162.19999999999914,2opt,notBad
10333,15,186.19999999999914,5,162.19999999999914,2opt,notBad
10334,15,186.19999999999914,5,162.19999999999914,2opt,notBad
10335,15,186.19999999999914,5,162.19999999999914,2opt,notBad
10336,15,186.19999999999914,5,162.19999999999914,swap,notBad
10337,15,186.19999999999914,5,162.19999999999914,swap,notBad
10338,15,186.19999999999914,5,162.19999999999914,2opt,notBad
10339,15,186.19999999999914,5,162.19999999999914,2opt,notBad
10340,15,186.19999999999914,5,162.19999999999914,swap,notBad
10341,15,186.19999999999914,5,162.19999999999914,2opt,notBad
10342,15,186.19999999999914,5,162.19999999999914,2opt,notBad
10343,15,186.19999999999914,5,162.19999999999914,2opt,improve
10344,15,186.19999999999914,5,162.19999999999914,2opt,notBad
10345,15,186.19999999999914,5,162.19999999999914,move,improve
10346,15,186.19999999999914,5,162.19999999999914,2opt,notBad
10347,15,186.19999999999914,5,162.19999999999914,2opt,notBad
10348,15,186.19999999999914,5,162.19999999999914,2opt,notBad
10349,15,186.19999999999914,5,162.19999999999914,move,improve
10350,15,186.19999999999914,5,162.19999999999914,2opt,notBad
10351,15,186.19999999999914,5,162.19999999999914,move,improve
10352,15,186.19999999999914,5,162.19999999999914,move,improve
10353,15,186.19999999999914,5,162.19999999999914,2opt,notBad
10354,15,186.19999999999914,5,162.19999999999914,swap,notBad
10355,15,186.19999999999914,5,162.19999999999914,move,improve
10356,15,186.19999999999914,5,162.19999999999914,move,improve
10357,15,186.19999999999914,5,162.19999999999914,2opt,notBad
10358,15,186.19999999999914,5,162.19999999999914,move,improve
10359,15,186.19999999999914,5,162.19999999999914,2opt,notBad
10360,15,186.19999999999914,5,162.19999999999914,move,improve
10361,15,186.19999999999914,5,162.19999999999914,swap,notBad
10362,15,186.19999999999914,5,162.19999999999914,move,improve
10363,15,186.19999999999914,5,162.19999999999914,swap,notBad
10364,15,186.19999999999914,5,162.19999999999914,swap,notBad
10365,15,186.19999999999914,5,162.19999999999914,move,improve
10366,15,186.19999999999914,5,162.19999999999914,swap,notBad
10367,15,186.19999999999914,5,162.19999999999914,swap,notBad
10368,15,186.19999999999914,5,162.19999999999914,swap,notBad
10369,15,186.19999999999914,5,162.19999999999914,move,improve
10370,15,186.19999999999914,5,162.19999999999914,move,improve
10371,15,186.19999999999914,5,162.19999999999914,swap,notBad
10372,15,186.19999999999914,5,162.19999999999914,move,improve
10373,15,186.19999999999914,5,162.19999999999914,move,improve
10374,15,186.19999999999914,5,162.19999999999914,2opt,improve
10375,15,186.19999999999914,5,162.19999999999914,swap,notBad
10376,15,186.19999999999914,5,162.19999999999914,move,improve
10377,15,186.19999999999914,5,162.19999999999914,swap,notBad
10378,15,186.19999999999914,5,162.19999999999914,2opt,notBad
10379,15,186.19999999999914,5,162.19999999999914,move,improve
10380,15,186.19999999999914,5,162.19999999999914,2opt,notBad
10381,15,186.19999999999914,5,162.19999999999914,swap,notBad
10382,15,186.19999999999914,5,162.19999999999914,move,improve
10383,15,186.19999999999914,5,162.19999999999914,move,improve
10384,15,186.19999999999914,5,162.19999999999914,move,improve
10385,15,186.19999999999914,5,162.19999999999914,2opt,notBad
10386,15,186.19999999999914,5,162.19999999999914,swap,notBad
10387,15,186.19999999999914,5,162.19999999999914,2opt,notBad
10388,15,186.19999999999914,5,162.19999999999914,2opt,improve
10389,15,186.19999999999914,5,162.19999999999914,move,improve
10390,15,186.19999999999914,5,162.19999999999914,move,improve
10391,15,186.19999999999914,5,162.19999999999914,move,improve
10392,15,186.19999999999914,5,162.19999999999914,2opt,notBad
10393,15,186.19999999999914,5,162.19999999999914,2opt,improve
10394,15,186.19999999999914,5,162.19999999999914,2opt,notBad
10395,15,186.19999999999914,5,162.19999999999914,move,improve
10396,15,186.19999999999914,5,162.19999999999914,2opt,notBad
10397,15,186.19999999999914,5,162.19999999999914,swap,notBad
10398,15,186.19999999999914,5,162.19999999999914,move,improve
10399,15,186.19999999999914,5,162.19999999999914,move,improve
10400,15,186.19999999999914,5,162.19999999999914,move,improve
10401,15,186.19999999999914,5,162.19999999999914,move,improve
10402,15,186.19999999999914,5,162.19999999999914,move,improve
10403,15,186.19999999999914,5,162.19999999999914,move,improve
10404,15,186.19999999999914,5,162.19999999999914,2opt,notBad
10405,15,186.19999999999914,5,162.19999999999914,swap,improve
10406,15,186.19999999999914,5,162.19999999999914,swap,notBad
10407,15,186.19999999999914,5,162.19999999999914,2opt,notBad
10408,15,186.19999999999914,5,162.19999999999914,2opt,improve
10409,15,186.19999999999914,5,162.19999999999914,swap,notBad
10410,15,186.19999999999914,5,162.19999999999914,2opt,notBad
10411,15,186.19999999999914,5,162.19999999999914,move,improve
10412,15,186.19999999999914,5,162.19999999999914,2opt,notBad
10413,15,186.19999999999914,5,162.19999999999914,2opt,notBad
10414,15,186.19999999999914,5,162.19999999999914,2opt,notBad
10415,15,186.19999999999914,5,162.19999999999914,2opt,notBad
10416,15,186.19999999999914,5,162.19999999999914,2opt,notBad
10417,15,186.19999999999914,5,162.19999999999914,swap,notBad
10418,15,186.19999999999914,5,162.19999999999914,2opt,notBad
10419,15,186.19999999999914,5,162.19999999999914,swap,notBad
10420,15,186.19999999999914,5,162.19999999999914,swap,notBad
10421,15,186.19999999999914,5,162.19999999999914,move,improve
10422,15,186.19999999999914,5,162.19999999999914,swap,notBad
10423,15,186.19999999999914,5,162.19999999999914,2opt,notBad
10424,15,186.19999999999914,5,162.19999999999914,2opt,notBad
10425,15,186.19999999999914,5,162.19999999999914,2opt,improve
10426,15,186.19999999999914,5,162.19999999999914,swap,notBad
10427,15,186.19999999999914,5,162.19999999999914,swap,notBad
10428,15,186.19999999999914,5,162.19999999999914,swap,notBad
10429,15,186.19999999999914,5,162.19999999999914,swap,notBad
10430,15,186.19999999999914,5,162.19999999999914,swap,improve
10431,15,186.19999999999914,5,162.19999999999914,swap,notBad
10432,15,186.19999999999914,5,162.19999999999914,move,improve
10433,15,186.19999999999914,5,162.19999999999914,2opt,notBad
10434,15,186.19999999999914,5,162.19999999999914,2opt,notBad
10435,15,186.19999999999914,5,162.19999999999914,move,improve
10436,15,186.19999999999914,5,162.19999999999914,move,notBad
10437,15,186.19999999999914,5,162.19999999999914,2opt,notBad
10438,15,186.19999999999914,5,162.19999999999914,move,improve
10439,15,186.19999999999914,5,162.19999999999914,2opt,notBad
10440,15,186.19999999999914,5,162.19999999999914,swap,notBad
10441,15,186.19999999999914,5,162.19999999999914,swap,notBad
10442,15,186.19999999999914,5,162.19999999999914,move,improve
10443,15,186.19999999999914,5,162.19999999999914,2opt,notBad
10444,15,186.19999999999914,5,162.19999999999914,2opt,notBad
10445,15,186.19999999999914,5,162.19999999999914,swap,notBad
10446,15,186.19999999999914,5,162.19999999999914,2opt,notBad
10447,15,186.19999999999914,5,162.19999999999914,2opt,notBad
10448,15,186.19999999999914,5,162.19999999999914,swap,notBad
10449,15,186.19999999999914,5,162.19999999999914,move,improve
10450,15,186.19999999999914,5,162.19999999999914,move,improve
10451,15,186.19999999999914,5,162.19999999999914,swap,notBad
10452,15,186.19999999999914,5,162.19999999999914,swap,notBad
10453,15,186.19999999999914,5,162.19999999999914,move,improve
10454,15,186.19999999999914,5,162.19999999999914,move,improve
10455,15,186.19999999999914,5,162.19999999999914,2opt,notBad
10456,15,186.19999999999914,5,162.19999999999914,swap,notBad
10457,15,186.19999999999914,5,162.19999999999914,move,improve
10458,15,186.19999999999914,5,162.19999999999914,move,improve
10459,15,186.19999999999914,5,162.19999999999914,move,improve
10460,15,186.19999999999914,5,162.19999999999914,swap,improve
10461,15,186.19999999999914,5,162.19999999999914,swap,notBad
10462,15,186.19999999999914,5,162.19999999999914,swap,notBad
10463,15,186.19999999999914,5,162.19999999999914,swap,notBad
10464,15,186.19999999999914,5,162.19999999999914,2opt,improve
10465,15,186.19999999999914,5,162.19999999999914,move,improve
10466,15,186.19999999999914,5,162.19999999999914,2opt,notBad
10467,15,186.19999999999914,5,162.19999999999914,2opt,improve
10468,15,186.19999999999914,5,162.19999999999914,2opt,notBad
10469,15,186.19999999999914,5,162.19999999999914,2opt,notBad
10470,15,186.19999999999914,5,162.19999999999914,swap,notBad
10471,15,186.19999999999914,5,162.19999999999914,2opt,notBad
10472,15,186.19999999999914,5,162.19999999999914,move,improve
10473,15,186.19999999999914,5,162.19999999999914,2opt,notBad
10474,15,186.19999999999914,5,162.19999999999914,swap,notBad
10475,15,186.19999999999914,5,162.19999999999914,move,improve
10476,15,186.19999999999914,5,162.19999999999914,swap,notBad
10477,15,186.19999999999914,5,162.19999999999914,2opt,notBad
10478,15,186.19999999999914,5,162.19999999999914,2opt,notBad
10479,15,186.19999999999914,5,162.19999999999914,move,improve
10480,15,186.19999999999914,5,162.19999999999914,swap,notBad
10481,15,186.19999999999914,5,162.19999999999914,swap,notBad
10482,15,186.19999999999914,5,162.19999999999914,2opt,notBad
10483,15,186.19999999999914,5,162.19999999999914,move,improve
10484,15,186.19999999999914,5,162.19999999999914,swap,notBad
10485,15,186.19999999999914,5,162.19999999999914,move,improve
10486,15,186.19999999999914,5,162.19999999999914,move,improve
10487,15,186.19999999999914,5,162.19999999999914,2opt,notBad
10488,15,186.19999999999914,5,162.19999999999914,2opt,notBad
10489,15,186.19999999999914,5,162.19999999999914,2opt,notBad
10490,15,186.19999999999914,5,162.19999999999914,move,improve
10491,15,186.19999999999914,5,162.19999999999914,move,improve
10492,15,186.19999999999914,5,162.19999999999914,move,improve
10493,15,186.19999999999914,5,162.19999999999914,2opt,notBad
10494,15,186.19999999999914,5,162.19999999999914,swap,notBad
10495,15,186.19999999999914,5,162.19999999999914,move,improve
10496,15,186.19999999999914,5,162.19999999999914,swap,notBad
10497,15,186.19999999999914,5,162.19999999999914,move,improve
10498,15,186.19999999999914,5,162.19999999999914,swap,notBad
10499,15,186.19999999999914,5,162.19999999999914,swap,notBad
10500,15,186.19999999999914,5,162.19999999999914,2opt,notBad
10501,15,186.19999999999914,5,162.19999999999914,move,improve
10502,15,186.19999999999914,5,162.19999999999914,swap,notBad
10503,15,186.19999999999914,5,162.19999999999914,move,improve
10504,15,186.19999999999914,5,162.19999999999914,swap,notBad
10505,15,186.19999999999914,5,162.19999999999914,move,improve
10506,15,186.19999999999914,5,162.19999999999914,2opt,improve
10507,15,186.19999999999914,5,162.19999999999914,2opt,improve
10508,15,186.19999999999914,5,162.19999999999914,2opt,notBad
10509,15,186.19999999999914,5,162.19999999999914,move,improve
10510,15,186.19999999999914,5,162.19999999999914,swap,notBad
10511,15,186.19999999999914,5,162.19999999999914,move,improve
10512,15,186.19999999999914,5,162.19999999999914,move,improve
10513,15,186.19999999999914,5,162.19999999999914,move,improve
10514,15,186.19999999999914,5,162.19999999999914,move,improve
10515,15,186.19999999999914,5,162.19999999999914,2opt,notBad
10516,15,186.19999999999914,5,162.19999999999914,move,improve
10517,15,186.19999999999914,5,162.19999999999914,move,improve
10518,15,186.19999999999914,5,162.19999999999914,move,improve
10519,15,186.19999999999914,5,162.19999999999914,swap,notBad
10520,15,186.19999999999914,5,162.19999999999914,2opt,notBad
10521,15,186.19999999999914,5,162.19999999999914,move,improve
10522,15,186.19999999999914,5,162.19999999999914,2opt,notBad
10523,15,186.19999999999914,5,162.19999999999914,2opt,notBad
10524,15,186.19999999999914,5,162.19999999999914,swap,notBad
10525,15,186.19999999999914,5,162.19999999999914,swap,notBad
10526,15,186.19999999999914,5,162.19999999999914,swap,notBad
10527,15,186.19999999999914,5,162.19999999999914,move,improve
10528,15,186.19999999999914,5,162.19999999999914,move,improve
10529,15,186.19999999999914,5,162.19999999999914,swap,notBad
10530,15,186.19999999999914,5,162.19999999999914,swap,notBad
10531,15,186.19999999999914,5,162.19999999999914,swap,notBad
10532,15,186.19999999999914,5,162.19999999999914,2opt,notBad
10533,15,186.19999999999914,5,162.19999999999914,2opt,notBad
10534,15,186.19999999999914,5,162.19999999999914,move,improve
10535,15,186.19999999999914,5,162.19999999999914,move,improve
10536,15,186.19999999999914,5,162.19999999999914,swap,notBad
10537,15,186.19999999999914,5,162.19999999999914,2opt,notBad
10538,15,186.19999999999914,5,162.19999999999914,move,improve
10539,15,186.19999999999914,5,162.19999999999914,swap,notBad
10540,15,186.19999999999914,5,162.19999999999914,2opt,notBad
10541,15,186.19999999999914,5,162.19999999999914,move,improve
10542,15,186.19999999999914,5,162.19999999999914,2opt,notBad
10543,15,186.19999999999914,5,162.19999999999914,2opt,notBad
10544,15,186.19999999999914,5,162.19999999999914,move,improve
10545,15,186.19999999999914,5,162.19999999999914,2opt,notBad
10546,15,186.19999999999914,5,162.19999999999914,2opt,notBad
10547,15,186.19999999999914,5,162.19999999999914,2opt,notBad
10548,15,186.19999999999914,5,162.19999999999914,2opt,notBad
10549,15,186.19999999999914,5,162.19999999999914,swap,notBad
10550,15,186.19999999999914,5,162.19999999999914,2opt,notBad
10551,15,186.19999999999914,5,162.19999999999914,move,improve
10552,15,186.19999999999914,5,162.19999999999914,move,improve
10553,15,186.19999999999914,5,162.19999999999914,swap,notBad
10554,15,186.19999999999914,5,162.19999999999914,move,improve
10555,15,186.19999999999914,5,162.19999999999914,move,improve
10556,15,186.19999999999914,5,162.19999999999914,move,improve
10557,15,186.19999999999914,5,162.19999999999914,move,improve
10558,15,186.19999999999914,5,162.19999999999914,2opt,notBad
10559,15,186.19999999999914,5,162.19999999999914,swap,notBad
10560,15,186.19999999999914,5,162.19999999999914,swap,notBad
10561,15,186.19999999999914,5,162.19999999999914,swap,notBad
10562,15,186.19999999999914,5,162.19999999999914,2opt,improve
10563,15,186.19999999999914,5,162.19999999999914,2opt,notBad
10564,15,186.19999999999914,5,162.19999999999914,move,improve
10565,15,186.19999999999914,5,162.19999999999914,swap,notBad
10566,15,186.19999999999914,5,162.19999999999914,2opt,notBad
10567,15,186.19999999999914,5,162.19999999999914,move,improve
10568,15,186.19999999999914,5,162.19999999999914,swap,notBad
10569,15,186.19999999999914,5,162.19999999999914,2opt,notBad
10570,15,186.19999999999914,5,162.19999999999914,swap,notBad
10571,15,186.19999999999914,5,162.19999999999914,2opt,notBad
10572,15,186.19999999999914,5,162.19999999999914,swap,notBad
10573,15,186.19999999999914,5,162.19999999999914,2opt,notBad
10574,15,186.19999999999914,5,162.19999999999914,2opt,notBad
10575,15,189.1999999999996,5,162.19999999999914,swap,acceptBad
10576,15,189.1999999999996,5,162.19999999999914,swap,notBad
10577,15,189.1999999999996,5,162.19999999999914,2opt,improve
10578,15,189.1999999999996,5,162.19999999999914,swap,notBad
10579,15,189.1999999999996,5,162.19999999999914,2opt,notBad
10580,15,189.1999999999996,5,162.19999999999914,move,improve
10581,15,189.1999999999996,5,162.19999999999914,swap,notBad
10582,15,189.1999999999996,5,162.19999999999914,2opt,notBad
10583,15,189.1999999999996,5,162.19999999999914,swap,notBad
10584,15,189.1999999999996,5,162.19999999999914,swap,notBad
10585,15,189.1999999999996,5,162.19999999999914,2opt,notBad
10586,15,189.1999999999996,5,162.19999999999914,2opt,notBad
10587,15,189.1999999999996,5,162.19999999999914,swap,notBad
10588,15,189.1999999999996,5,162.19999999999914,swap,notBad
10589,15,189.1999999999996,5,162.19999999999914,2opt,improve
10590,15,189.1999999999996,5,162.19999999999914,move,improve
10591,15,189.1999999999996,5,162.19999999999914,2opt,improve
10592,15,189.1999999999996,5,162.19999999999914,2opt,notBad
10593,15,189.1999999999996,5,162.19999999999914,move,improve
10594,15,189.1999999999996,5,162.19999999999914,2opt,notBad
10595,15,189.1999999999996,5,162.19999999999914,move,improve
10596,15,189.1999999999996,5,162.19999999999914,2opt,notBad
10597,15,186.19999999999914,5,162.19999999999914,move,improve
10598,15,186.19999999999914,5,162.19999999999914,swap,notBad
10599,15,186.19999999999914,5,162.19999999999914,move,improve
10600,15,186.19999999999914,5,162.19999999999914,2opt,notBad
10601,15,186.19999999999914,5,162.19999999999914,2opt,notBad
10602,15,186.19999999999914,5,162.19999999999914,2opt,notBad
10603,15,186.19999999999914,5,162.19999999999914,2opt,notBad
10604,15,186.19999999999914,5,162.19999999999914,2opt,notBad
10605,15,186.19999999999914,5,162.19999999999914,move,improve
10606,15,186.19999999999914,5,162.19999999999914,swap,notBad
10607,15,186.19999999999914,5,162.19999999999914,2opt,notBad
10608,15,186.19999999999914,5,162.19999999999914,swap,notBad
10609,15,186.19999999999914,5,162.19999999999914,swap,notBad
10610,15,186.19999999999914,5,162.19999999999914,move,improve
10611,15,186.19999999999914,5,162.19999999999914,move,improve
10612,15,186.19999999999914,5,162.19999999999914,swap,improve
10613,15,186.19999999999914,5,162.19999999999914,2opt,notBad
10614,15,186.19999999999914,5,162.19999999999914,2opt,notBad
10615,15,186.19999999999914,5,162.19999999999914,swap,notBad
10616,15,186.19999999999914,5,162.19999999999914,move,improve
10617,15,186.19999999999914,5,162.19999999999914,2opt,notBad
10618,15,186.19999999999914,5,162.19999999999914,2opt,notBad
10619,15,186.19999999999914,5,162.19999999999914,move,improve
10620,15,186.19999999999914,5,162.19999999999914,2opt,notBad
10621,15,186.19999999999914,5,162.19999999999914,swap,notBad
10622,15,186.19999999999914,5,162.19999999999914,swap,notBad
10623,15,186.19999999999914,5,162.19999999999914,move,improve
10624,15,186.19999999999914,5,162.19999999999914,2opt,improve
10625,15,186.19999999999914,5,162.19999999999914,move,improve
10626,15,186.19999999999914,5,162.19999999999914,swap,notBad
10627,15,186.19999999999914,5,162.19999999999914,swap,notBad
10628,15,186.19999999999914,5,162.19999999999914,swap,notBad
10629,15,186.19999999999914,5,162.19999999999914,move,improve
10630,15,186.19999999999914,5,162.19999999999914,move,improve
10631,15,186.19999999999914,5,162.19999999999914,move,notBad
10632,15,186.19999999999914,5,162.19999999999914,move,improve
10633,15,186.19999999999914,5,162.19999999999914,swap,notBad
10634,15,186.19999999999914,5,162.19999999999914,2opt,notBad
10635,15,186.19999999999914,5,162.19999999999914,move,improve
10636,15,186.19999999999914,5,162.19999999999914,2opt,notBad
10637,15,186.19999999999914,5,162.19999999999914,swap,notBad
10638,15,186.19999999999914,5,162.19999999999914,swap,notBad
10639,15,186.19999999999914,5,162.19999999999914,move,improve
10640,15,186.19999999999914,5,162.19999999999914,move,improve
10641,15,186.19999999999914,5,162.19999999999914,swap,notBad
10642,15,186.19999999999914,5,162.19999999999914,2opt,notBad
10643,15,186.19999999999914,5,162.19999999999914,2opt,notBad
10644,15,186.19999999999914,5,162.19999999999914,2opt,notBad
10645,15,186.19999999999914,5,162.19999999999914,swap,notBad
10646,15,186.19999999999914,5,162.19999999999914,2opt,notBad
10647,15,186.19999999999914,5,162.19999999999914,2opt,improve
10648,15,186.19999999999914,5,162.19999999999914,2opt,notBad
10649,15,186.19999999999914,5,162.19999999999914,swap,notBad
10650,15,186.19999999999914,5,162.19999999999914,swap,notBad
10651,15,186.19999999999914,5,162.19999999999914,move,improve
10652,15,186.19999999999914,5,162.19999999999914,2opt,notBad
10653,15,186.19999999999914,5,162.19999999999914,2opt,notBad
10654,15,186.19999999999914,5,162.19999999999914,move,improve
10655,15,186.19999999999914,5,162.19999999999914,2opt,notBad
10656,15,186.19999999999914,5,162.19999999999914,swap,notBad
10657,15,186.19999999999914,5,162.19999999999914,move,improve
10658,15,186.19999999999914,5,162.19999999999914,swap,notBad
10659,15,186.19999999999914,5,162.19999999999914,move,improve
10660,15,186.19999999999914,5,162.19999999999914,2opt,notBad
10661,15,186.19999999999914,5,162.19999999999914,swap,notBad
10662,15,186.19999999999914,5,162.19999999999914,2opt,notBad
10663,15,186.19999999999914,5,162.19999999999914,swap,notBad
10664,15,186.19999999999914,5,162.19999999999914,move,improve
10665,15,186.19999999999914,5,162.19999999999914,swap,notBad
10666,15,186.19999999999914,5,162.19999999999914,move,improve
10667,15,186.19999999999914,5,162.19999999999914,swap,notBad
10668,15,186.19999999999914,5,162.19999999999914,2opt,notBad
10669,15,186.19999999999914,5,162.19999999999914,swap,notBad
10670,15,186.19999999999914,5,162.19999999999914,move,improve
10671,15,186.19999999999914,5,162.19999999999914,swap,notBad
10672,15,186.19999999999914,5,162.19999999999914,swap,notBad
10673,15,186.19999999999914,5,162.19999999999914,move,improve
10674,15,186.19999999999914,5,162.19999999999914,swap,notBad
10675,15,186.19999999999914,5,162.19999999999914,move,improve
10676,15,186.19999999999914,5,162.19999999999914,move,improve
10677,15,186.19999999999914,5,162.19999999999914,2opt,notBad
10678,15,186.19999999999914,5,162.19999999999914,2opt,notBad
10679,15,186.19999999999914,5,162.19999999999914,move,improve
10680,15,186.19999999999914,5,162.19999999999914,2opt,notBad
10681,15,186.19999999999914,5,162.19999999999914,move,improve
10682,15,186.19999999999914,5,162.19999999999914,swap,notBad
10683,15,186.19999999999914,5,162.19999999999914,2opt,notBad
10684,15,186.19999999999914,5,162.19999999999914,move,improve
10685,15,186.19999999999914,5,162.19999999999914,move,improve
10686,15,186.19999999999914,5,162.19999999999914,swap,notBad
10687,15,186.19999999999914,5,162.19999999999914,2opt,notBad
10688,15,186.19999999999914,5,162.19999999999914,move,improve
10689,15,186.19999999999914,5,162.19999999999914,move,improve
10690,15,186.19999999999914,5,162.19999999999914,2opt,notBad
10691,15,186.19999999999914,5,162.19999999999914,swap,notBad
10692,15,186.19999999999914,5,162.19999999999914,move,improve
10693,15,186.19999999999914,5,162.19999999999914,swap,notBad
10694,15,186.19999999999914,5,162.19999999999914,swap,notBad
10695,15,186.19999999999914,5,162.19999999999914,swap,notBad
10696,15,186.19999999999914,5,162.19999999999914,2opt,notBad
10697,15,186.19999999999914,5,162.19999999999914,swap,notBad
10698,15,186.19999999999914,5,162.19999999999914,2opt,notBad
10699,15,186.19999999999914,5,162.19999999999914,swap,improve
10700,15,186.19999999999914,5,162.19999999999914,2opt,notBad
10701,15,186.19999999999914,5,162.19999999999914,2opt,notBad
10702,15,186.19999999999914,5,162.19999999999914,swap,notBad
10703,15,186.19999999999914,5,162.19999999999914,move,improve
10704,15,186.19999999999914,5,162.19999999999914,2opt,notBad
10705,15,186.19999999999914,5,162.19999999999914,move,improve
10706,15,186.19999999999914,5,162.19999999999914,move,improve
10707,15,186.19999999999914,5,162.19999999999914,swap,notBad
10708,15,186.19999999999914,5,162.19999999999914,move,improve
10709,15,186.19999999999914,5,162.19999999999914,move,improve
10710,15,186.19999999999914,5,162.19999999999914,move,improve
10711,15,186.19999999999914,5,162.19999999999914,2opt,notBad
10712,15,186.19999999999914,5,162.19999999999914,swap,notBad
10713,15,186.19999999999914,5,162.19999999999914,2opt,notBad
10714,15,186.19999999999914,5,162.19999999999914,swap,notBad
10715,15,186.19999999999914,5,162.19999999999914,move,improve
10716,15,186.19999999999914,5,162.19999999999914,swap,notBad
10717,15,186.19999999999914,5,162.19999999999914,swap,notBad
10718,15,186.19999999999914,5,162.19999999999914,2opt,notBad
10719,15,186.19999999999914,5,162.19999999999914,swap,notBad
10720,15,186.19999999999914,5,162.19999999999914,move,improve
10721,15,186.19999999999914,5,162.19999999999914,2opt,notBad
10722,15,186.19999999999914,5,162.19999999999914,move,improve
10723,15,186.19999999999914,5,162.19999999999914,2opt,notBad
10724,15,186.19999999999914,5,162.19999999999914,2opt,notBad
10725,15,186.19999999999914,5,162.19999999999914,swap,notBad
10726,15,186.19999999999914,5,162.19999999999914,2opt,notBad
10727,15,186.19999999999914,5,162.19999999999914,swap,notBad
10728,15,186.19999999999914,5,162.19999999999914,move,improve
10729,15,186.19999999999914,5,162.19999999999914,2opt,notBad
10730,15,186.19999999999914,5,162.19999999999914,move,improve
10731,15,186.19999999999914,5,162.19999999999914,swap,notBad
10732,15,186.19999999999914,5,162.19999999999914,move,improve
10733,15,186.19999999999914,5,162.19999999999914,2opt,notBad
10734,15,186.19999999999914,5,162.19999999999914,2opt,notBad
10735,15,186.19999999999914,5,162.19999999999914,swap,notBad
10736,15,186.19999999999914,5,162.19999999999914,2opt,notBad
10737,15,186.19999999999914,5,162.19999999999914,move,improve
10738,15,186.19999999999914,5,162.19999999999914,move,improve
10739,15,186.19999999999914,5,162.19999999999914,move,improve
10740,15,186.19999999999914,5,162.19999999999914,swap,notBad
10741,15,186.19999999999914,5,162.19999999999914,2opt,notBad
10742,15,186.19999999999914,5,162.19999999999914,2opt,notBad
10743,15,186.19999999999914,5,162.19999999999914,2opt,notBad
10744,15,186.19999999999914,5,162.19999999999914,swap,notBad
10745,15,186.19999999999914,5,162.19999999999914,move,improve
10746,15,186.19999999999914,5,162.19999999999914,swap,notBad
10747,15,186.19999999999914,5,162.19999999999914,2opt,improve
10748,15,186.19999999999914,5,162.19999999999914,2opt,notBad
10749,15,186.19999999999914,5,162.19999999999914,move,improve
10750,15,186.19999999999914,5,162.19999999999914,swap,notBad
10751,15,186.19999999999914,5,162.19999999999914,move,improve
10752,15,186.19999999999914,5,162.19999999999914,2opt,notBad
10753,15,186.19999999999914,5,162.19999999999914,swap,notBad
10754,15,186.19999999999914,5,162.19999999999914,2opt,notBad
10755,15,186.19999999999914,5,162.19999999999914,2opt,improve
10756,15,186.19999999999914,5,162.19999999999914,2opt,notBad
10757,15,186.19999999999914,5,162.19999999999914,swap,notBad
10758,15,186.19999999999914,5,162.19999999999914,move,improve
10759,15,186.19999999999914,5,162.19999999999914,move,improve
10760,15,186.19999999999914,5,162.19999999999914,2opt,improve
10761,15,186.19999999999914,5,162.19999999999914,move,improve
10762,15,186.19999999999914,5,162.19999999999914,2opt,notBad
10763,15,186.19999999999914,5,162.19999999999914,swap,improve
10764,15,186.19999999999914,5,162.19999999999914,move,improve
10765,15,186.19999999999914,5,162.19999999999914,2opt,notBad
10766,15,186.19999999999914,5,162.19999999999914,2opt,notBad
10767,15,186.19999999999914,5,162.19999999999914,swap,notBad
10768,15,186.19999999999914,5,162.19999999999914,move,improve
10769,15,186.19999999999914,5,162.19999999999914,move,improve
10770,15,186.19999999999914,5,162.19999999999914,move,improve
10771,15,186.19999999999914,5,162.19999999999914,move,improve
10772,15,186.19999999999914,5,162.19999999999914,swap,notBad
10773,15,186.19999999999914,5,162.19999999999914,move,improve
10774,15,186.19999999999914,5,162.19999999999914,swap,notBad
10775,15,186.19999999999914,5,162.19999999999914,move,improve
10776,15,186.19999999999914,5,162.19999999999914,move,improve
10777,15,186.19999999999914,5,162.19999999999914,2opt,notBad
10778,15,186.19999999999914,5,162.19999999999914,2opt,notBad
10779,15,186.19999999999914,5,162.19999999999914,2opt,notBad
10780,15,186.19999999999914,5,162.19999999999914,2opt,notBad
10781,15,186.19999999999914,5,162.19999999999914,swap,notBad
10782,15,186.19999999999914,5,162.19999999999914,swap,notBad
10783,15,186.19999999999914,5,162.19999999999914,2opt,notBad
10784,15,186.19999999999914,5,162.19999999999914,2opt,notBad
10785,15,186.19999999999914,5,162.19999999999914,2opt,notBad
10786,15,186.19999999999914,5,162.19999999999914,2opt,notBad
10787,15,186.19999999999914,5,162.19999999999914,swap,notBad
10788,15,186.19999999999914,5,162.19999999999914,swap,improve
10789,15,186.19999999999914,5,162.19999999999914,2opt,improve
10790,15,186.19999999999914,5,162.19999999999914,swap,notBad
10791,15,186.19999999999914,5,162.19999999999914,swap,notBad
10792,15,186.19999999999914,5,162.19999999999914,swap,notBad
10793,15,186.19999999999914,5,162.19999999999914,move,improve
10794,15,186.19999999999914,5,162.19999999999914,2opt,notBad
10795,15,186.19999999999914,5,162.19999999999914,swap,notBad
10796,15,186.19999999999914,5,162.19999999999914,swap,notBad
10797,15,186.19999999999914,5,162.19999999999914,swap,notBad
10798,15,186.19999999999914,5,162.19999999999914,2opt,notBad
10799,15,186.19999999999914,5,162.19999999999914,swap,notBad
10800,15,186.19999999999914,5,162.19999999999914,swap,notBad
10801,15,186.19999999999914,5,162.19999999999914,2opt,improve
10802,15,186.19999999999914,5,162.19999999999914,2opt,notBad
10803,15,186.19999999999914,5,162.19999999999914,move,improve
10804,15,186.19999999999914,5,162.19999999999914,swap,notBad
10805,15,186.19999999999914,5,162.19999999999914,2opt,notBad
10806,15,186.19999999999914,5,162.19999999999914,swap,notBad
10807,15,186.19999999999914,5,162.19999999999914,2opt,notBad
10808,15,186.19999999999914,5,162.19999999999914,2opt,notBad
10809,15,186.19999999999914,5,162.19999999999914,swap,notBad
10810,15,186.19999999999914,5,162.19999999999914,move,improve
10811,15,186.19999999999914,5,162.19999999999914,move,improve
10812,15,186.19999999999914,5,162.19999999999914,2opt,notBad
10813,15,186.19999999999914,5,162.19999999999914,move,improve
10814,15,186.19999999999914,5,162.19999999999914,move,improve
10815,15,186.19999999999914,5,162.19999999999914,move,improve
10816,15,186.19999999999914,5,162.19999999999914,swap,notBad
10817,15,186.19999999999914,5,162.19999999999914,swap,notBad
10818,15,186.19999999999914,5,162.19999999999914,move,improve
10819,15,186.19999999999914,5,162.19999999999914,move,improve
10820,15,186.19999999999914,5,162.19999999999914,swap,notBad
10821,15,186.19999999999914,5,162.19999999999914,swap,notBad
10822,15,186.19999999999914,5,162.19999999999914,swap,notBad
10823,15,186.19999999999914,5,162.19999999999914,2opt,notBad
10824,15,186.19999999999914,5,162.19999999999914,move,improve
10825,15,186.19999999999914,5,162.19999999999914,2opt,notBad
10826,15,186.19999999999914,5,162.19999999999914,move,improve
10827,15,186.19999999999914,5,162.19999999999914,2opt,notBad
10828,15,186.19999999999914,5,162.19999999999914,swap,notBad
10829,15,186.19999999999914,5,162.19999999999914,move,improve
10830,15,186.19999999999914,5,162.19999999999914,swap,notBad
10831,15,186.19999999999914,5,162.19999999999914,2opt,notBad
10832,15,186.19999999999914,5,162.19999999999914,2opt,notBad
10833,15,186.19999999999914,5,162.19999999999914,2opt,notBad
10834,15,186.19999999999914,5,162.19999999999914,swap,notBad
10835,15,186.19999999999914,5,162.19999999999914,move,improve
10836,15,186.19999999999914,5,162.19999999999914,move,improve
10837,15,186.19999999999914,5,162.19999999999914,swap,notBad
10838,15,186.19999999999914,5,162.19999999999914,move,improve
10839,15,186.19999999999914,5,162.19999999999914,move,improve
10840,15,186.19999999999914,5,162.19999999999914,move,improve
10841,15,186.19999999999914,5,162.19999999999914,2opt,notBad
10842,15,186.19999999999914,5,162.19999999999914,2opt,notBad
10843,15,186.19999999999914,5,162.19999999999914,move,improve
10844,15,186.19999999999914,5,162.19999999999914,swap,notBad
10845,15,186.19999999999914,5,162.19999999999914,2opt,notBad
10846,15,186.19999999999914,5,162.19999999999914,2opt,notBad
10847,15,186.19999999999914,5,162.19999999999914,move,improve
10848,15,186.19999999999914,5,162.19999999999914,2opt,improve
10849,15,186.19999999999914,5,162.19999999999914,swap,notBad
10850,15,186.19999999999914,5,162.19999999999914,move,improve
10851,15,186.19999999999914,5,162.19999999999914,move,improve
10852,15,186.19999999999914,5,162.19999999999914,swap,notBad
10853,15,186.19999999999914,5,162.19999999999914,2opt,notBad
10854,15,186.19999999999914,5,162.19999999999914,2opt,improve
10855,15,186.19999999999914,5,162.19999999999914,swap,notBad
10856,15,186.19999999999914,5,162.19999999999914,2opt,notBad
10857,15,186.19999999999914,5,162.19999999999914,move,improve
10858,15,186.19999999999914,5,162.19999999999914,swap,notBad
10859,15,186.19999999999914,5,162.19999999999914,2opt,notBad
10860,15,186.19999999999914,5,162.19999999999914,2opt,notBad
10861,15,186.19999999999914,5,162.19999999999914,2opt,notBad
10862,15,186.19999999999914,5,162.19999999999914,swap,notBad
10863,15,186.19999999999914,5,162.19999999999914,2opt,improve
10864,15,186.19999999999914,5,162.19999999999914,move,improve
10865,15,186.19999999999914,5,162.19999999999914,move,improve
10866,15,186.19999999999914,5,162.19999999999914,2opt,notBad
10867,15,186.19999999999914,5,162.19999999999914,swap,notBad
10868,15,186.19999999999914,5,162.19999999999914,move,improve
10869,15,186.19999999999914,5,162.19999999999914,swap,notBad
10870,15,186.19999999999914,5,162.19999999999914,swap,notBad
10871,15,186.19999999999914,5,162.19999999999914,swap,notBad
10872,15,186.19999999999914,5,162.19999999999914,2opt,improve
10873,15,186.19999999999914,5,162.19999999999914,2opt,notBad
10874,15,186.19999999999914,5,162.19999999999914,2opt,notBad
10875,15,186.19999999999914,5,162.19999999999914,move,improve
10876,15,186.19999999999914,5,162.19999999999914,move,improve
10877,15,186.19999999999914,5,162.19999999999914,move,improve
10878,15,186.19999999999914,5,162.19999999999914,move,improve
10879,15,186.19999999999914,5,162.19999999999914,2opt,notBad
10880,15,186.19999999999914,5,162.19999999999914,move,improve
10881,15,186.19999999999914,5,162.19999999999914,2opt,notBad
10882,15,186.19999999999914,5,162.19999999999914,2opt,notBad
10883,15,186.19999999999914,5,162.19999999999914,2opt,notBad
10884,15,186.19999999999914,5,162.19999999999914,move,improve
10885,15,186.19999999999914,5,162.19999999999914,move,improve
10886,15,186.19999999999914,5,162.19999999999914,swap,notBad
10887,15,186.19999999999914,5,162.19999999999914,swap,notBad
10888,15,186.19999999999914,5,162.19999999999914,move,improve
10889,15,186.19999999999914,5,162.19999999999914,2opt,improve
10890,15,186.19999999999914,5,162.19999999999914,swap,notBad
10891,15,186.19999999999914,5,162.19999999999914,swap,notBad
10892,15,186.19999999999914,5,162.19999999999914,move,improve
10893,15,186.19999999999914,5,162.19999999999914,2opt,notBad
10894,15,186.19999999999914,5,162.19999999999914,2opt,notBad
10895,15,186.19999999999914,5,162.19999999999914,2opt,improve
10896,15,186.19999999999914,5,162.19999999999914,swap,notBad
10897,15,186.19999999999914,5,162.19999999999914,swap,notBad
10898,15,186.19999999999914,5,162.19999999999914,move,improve
10899,15,186.19999999999914,5,162.19999999999914,move,improve
10900,15,186.19999999999914,5,162.19999999999914,move,improve
10901,15,186.19999999999914,5,162.19999999999914,move,improve
10902,15,186.19999999999914,5,162.19999999999914,2opt,notBad
10903,15,186.19999999999914,5,162.19999999999914,2opt,notBad
10904,15,186.19999999999914,5,162.19999999999914,2opt,notBad
10905,15,186.19999999999914,5,162.19999999999914,swap,notBad
10906,15,186.19999999999914,5,162.19999999999914,swap,notBad
10907,15,186.19999999999914,5,162.19999999999914,move,improve
10908,15,186.19999999999914,5,162.19999999999914,move,improve
10909,15,186.19999999999914,5,162.19999999999914,move,improve
10910,15,186.19999999999914,5,162.19999999999914,2opt,notBad
10911,15,186.19999999999914,5,162.19999999999914,swap,notBad
10912,15,186.19999999999914,5,162.19999999999914,move,improve
10913,15,186.19999999999914,5,162.19999999999914,swap,notBad
10914,15,186.19999999999914,5,162.19999999999914,swap,notBad
10915,15,186.19999999999914,5,162.19999999999914,2opt,notBad
10916,15,186.19999999999914,5,162.19999999999914,2opt,notBad
10917,15,186.19999999999914,5,162.19999999999914,swap,notBad
10918,15,186.19999999999914,5,162.19999999999914,2opt,notBad
10919,15,186.19999999999914,5,162.19999999999914,2opt,notBad
10920,15,186.19999999999914,5,162.19999999999914,2opt,notBad
10921,15,186.19999999999914,5,162.19999999999914,swap,notBad
10922,15,186.19999999999914,5,162.19999999999914,move,improve
10923,15,186.19999999999914,5,162.19999999999914,swap,notBad
10924,15,186.19999999999914,5,162.19999999999914,swap,notBad
10925,15,186.19999999999914,5,162.19999999999914,move,improve
10926,15,186.19999999999914,5,162.19999999999914,2opt,notBad
10927,15,186.19999999999914,5,162.19999999999914,move,improve
10928,15,186.19999999999914,5,162.19999999999914,swap,notBad
10929,15,186.19999999999914,5,162.19999999999914,2opt,notBad
10930,15,186.19999999999914,5,162.19999999999914,swap,improve
10931,15,186.19999999999914,5,162.19999999999914,2opt,notBad
10932,15,186.19999999999914,5,162.19999999999914,2opt,notBad
10933,15,186.19999999999914,5,162.19999999999914,2opt,notBad
10934,15,186.19999999999914,5,162.19999999999914,move,improve
10935,15,186.19999999999914,5,162.19999999999914,move,improve
10936,15,186.19999999999914,5,162.19999999999914,2opt,notBad
10937,15,186.19999999999914,5,162.19999999999914,move,improve
10938,15,186.19999999999914,5,162.19999999999914,swap,notBad
10939,15,186.19999999999914,5,162.19999999999914,swap,notBad
10940,15,186.19999999999914,5,162.19999999999914,2opt,notBad
10941,15,186.19999999999914,5,162.19999999999914,2opt,notBad
10942,15,186.19999999999914,5,162.19999999999914,move,improve
10943,15,186.19999999999914,5,162.19999999999914,2opt,notBad
10944,15,186.19999999999914,5,162.19999999999914,move,improve
10945,15,186.19999999999914,5,162.19999999999914,move,improve
10946,15,186.19999999999914,5,162.19999999999914,move,improve
10947,15,186.19999999999914,5,162.19999999999914,move,improve
10948,15,186.19999999999914,5,162.19999999999914,swap,notBad
10949,15,186.19999999999914,5,162.19999999999914,swap,notBad
10950,15,186.19999999999914,5,162.19999999999914,swap,notBad
10951,15,186.19999999999914,5,162.19999999999914,2opt,notBad
10952,15,186.19999999999914,5,162.19999999999914,2opt,notBad
10953,15,186.19999999999914,5,162.19999999999914,swap,notBad
10954,15,186.19999999999914,5,162.19999999999914,move,improve
10955,15,186.19999999999914,5,162.19999999999914,swap,notBad
10956,15,186.19999999999914,5,162.19999999999914,2opt,notBad
10957,15,205.3999999999994,5,162.19999999999914,move,acceptBad
10958,15,205.3999999999994,5,162.19999999999914,2opt,improve
10959,15,205.3999999999994,5,162.19999999999914,2opt,notBad
10960,15,205.3999999999994,5,162.19999999999914,move,improve
10961,15,205.3999999999994,5,162.19999999999914,swap,notBad
10962,15,205.3999999999994,5,162.19999999999914,move,improve
10963,15,205.3999999999994,5,162.19999999999914,swap,notBad
10964,15,205.3999999999994,5,162.19999999999914,swap,notBad
10965,15,205.3999999999994,5,162.19999999999914,move,improve
10966,15,205.3999999999994,5,162.19999999999914,swap,notBad
10967,15,205.3999999999994,5,162.19999999999914,2opt,notBad
10968,15,205.3999999999994,5,162.19999999999914,2opt,notBad
10969,15,205.3999999999994,5,162.19999999999914,swap,notBad
10970,15,205.3999999999994,5,162.19999999999914,swap,notBad
10971,15,205.3999999999994,5,162.19999999999914,move,improve
10972,15,205.3999999999994,5,162.19999999999914,2opt,notBad
10973,15,205.3999999999994,5,162.19999999999914,move,improve
10974,15,205.3999999999994,5,162.19999999999914,swap,notBad
10975,15,205.3999999999994,5,162.19999999999914,2opt,notBad
10976,15,205.3999999999994,5,162.19999999999914,2opt,improve
10977,15,205.3999999999994,5,162.19999999999914,swap,notBad
10978,15,205.3999999999994,5,162.19999999999914,move,improve
10979,15,205.3999999999994,5,162.19999999999914,swap,notBad
10980,15,205.3999999999994,5,162.19999999999914,2opt,notBad
10981,15,205.3999999999994,5,162.19999999999914,move,improve
10982,15,205.3999999999994,5,162.19999999999914,2opt,notBad
10983,15,205.3999999999994,5,162.19999999999914,move,improve
10984,15,205.3999999999994,5,162.19999999999914,2opt,notBad
10985,15,205.3999999999994,5,162.19999999999914,swap,notBad
10986,15,205.3999999999994,5,162.19999999999914,swap,notBad
10987,15,205.3999999999994,5,162.19999999999914,swap,notBad
10988,15,205.3999999999994,5,162.19999999999914,swap,notBad
10989,15,205.3999999999994,5,162.19999999999914,swap,notBad
10990,15,205.3999999999994,5,162.19999999999914,move,improve
10991,15,205.3999999999994,5,162.19999999999914,move,improve
10992,15,205.3999999999994,5,162.19999999999914,2opt,notBad
10993,15,205.3999999999994,5,162.19999999999914,2opt,notBad
10994,15,205.3999999999994,5,162.19999999999914,move,improve
10995,15,205.3999999999994,5,162.19999999999914,2opt,notBad
10996,15,205.3999999999994,5,162.19999999999914,move,improve
10997,15,205.3999999999994,5,162.19999999999914,swap,notBad
10998,15,205.3999999999994,5,162.19999999999914,swap,improve
10999,15,205.3999999999994,5,162.19999999999914,move,improve
11000,15,205.3999999999994,5,162.19999999999914,2opt,notBad
11001,15,205.3999999999994,5,162.19999999999914,move,improve
11002,15,205.3999999999994,5,162.19999999999914,swap,notBad
11003,15,205.3999999999994,5,162.19999999999914,2opt,notBad
11004,15,205.3999999999994,5,162.19999999999914,swap,notBad
11005,15,205.3999999999994,5,162.19999999999914,2opt,notBad
11006,15,205.3999999999994,5,162.19999999999914,2opt,notBad
11007,15,205.3999999999994,5,162.19999999999914,swap,notBad
11008,15,205.3999999999994,5,162.19999999999914,swap,notBad
11009,15,205.3999999999994,5,162.19999999999914,move,improve
11010,15,205.3999999999994,5,162.19999999999914,2opt,notBad
11011,15,205.3999999999994,5,162.19999999999914,2opt,notBad
11012,15,205.3999999999994,5,162.19999999999914,2opt,improve
11013,15,205.3999999999994,5,162.19999999999914,move,improve
11014,15,205.3999999999994,5,162.19999999999914,2opt,notBad
11015,15,205.3999999999994,5,162.19999999999914,move,improve
11016,15,205.3999999999994,5,162.19999999999914,2opt,notBad
11017,15,205.3999999999994,5,162.19999999999914,move,improve
11018,15,205.3999999999994,5,162.19999999999914,move,improve
11019,15,205.3999999999994,5,162.19999999999914,move,improve
11020,15,205.3999999999994,5,162.19999999999914,2opt,notBad
11021,15,205.3999999999994,5,162.19999999999914,2opt,notBad
11022,15,205.3999999999994,5,162.19999999999914,swap,notBad
11023,15,205.3999999999994,5,162.19999999999914,swap,notBad
11024,15,205.3999999999994,5,162.19999999999914,move,improve
11025,15,205.3999999999994,5,162.19999999999914,2opt,notBad
11026,15,205.3999999999994,5,162.19999999999914,2opt,notBad
11027,15,205.3999999999994,5,162.19999999999914,2opt,notBad
11028,15,205.3999999999994,5,162.19999999999914,swap,notBad
11029,15,205.3999999999994,5,162.19999999999914,move,improve
11030,15,205.3999999999994,5,162.19999999999914,2opt,notBad
11031,15,205.3999999999994,5,162.19999999999914,move,improve
11032,15,205.3999999999994,5,162.19999999999914,move,improve
11033,15,205.3999999999994,5,162.19999999999914,2opt,notBad
11034,15,205.3999999999994,5,162.19999999999914,swap,notBad
11035,15,205.3999999999994,5,162.19999999999914,2opt,notBad
11036,15,205.3999999999994,5,162.19999999999914,move,improve
11037,15,205.3999999999994,5,162.19999999999914,swap,notBad
11038,15,205.3999999999994,5,162.19999999999914,swap,notBad
11039,15,205.3999999999994,5,162.19999999999914,swap,notBad
11040,15,205.3999999999994,5,162.19999999999914,move,improve
11041,15,205.3999999999994,5,162.19999999999914,swap,notBad
11042,15,205.3999999999994,5,162.19999999999914,move,improve
11043,15,205.3999999999994,5,162.19999999999914,move,improve
11044,15,205.3999999999994,5,162.19999999999914,move,improve
11045,15,205.3999999999994,5,162.19999999999914,2opt,notBad
11046,15,205.3999999999994,5,162.19999999999914,swap,notBad
11047,15,205.3999999999994,5,162.19999999999914,move,improve
11048,15,205.3999999999994,5,162.19999999999914,move,improve
11049,15,205.19999999999868,5,162.19999999999914,move,improve
11050,15,205.19999999999868,5,162.19999999999914,move,improve
11051,15,205.19999999999868,5,162.19999999999914,2opt,notBad
11052,15,205.19999999999868,5,162.19999999999914,swap,notBad
11053,15,205.19999999999868,5,162.19999999999914,swap,notBad
11054,15,205.19999999999868,5,162.19999999999914,move,improve
11055,15,205.19999999999868,5,162.19999999999914,move,improve
11056,15,205.19999999999868,5,162.19999999999914,move,improve
11057,15,205.19999999999868,5,162.19999999999914,swap,notBad
11058,15,205.19999999999868,5,162.19999999999914,2opt,notBad
11059,15,205.19999999999868,5,162.19999999999914,move,improve
11060,15,205.19999999999868,5,162.19999999999914,2opt,notBad
11061,15,205.19999999999868,5,162.19999999999914,move,improve
11062,15,205.19999999999868,5,162.19999999999914,2opt,notBad
11063,15,205.19999999999868,5,162.19999999999914,2opt,notBad
11064,15,205.19999999999868,5,162.19999999999914,swap,notBad
11065,15,205.19999999999868,5,162.19999999999914,2opt,notBad
11066,15,205.19999999999868,5,162.19999999999914,move,improve
11067,15,205.19999999999868,5,162.19999999999914,move,improve
11068,15,205.19999999999868,5,162.19999999999914,2opt,notBad
11069,15,205.19999999999868,5,162.19999999999914,swap,notBad
11070,15,205.19999999999868,5,162.19999999999914,move,improve
11071,15,205.19999999999868,5,162.19999999999914,2opt,notBad
11072,15,205.19999999999868,5,162.19999999999914,2opt,notBad
11073,15,205.19999999999868,5,162.19999999999914,swap,improve
11074,15,205.19999999999868,5,162.19999999999914,swap,notBad
11075,15,205.19999999999868,5,162.19999999999914,2opt,notBad
11076,15,205.19999999999868,5,162.19999999999914,swap,notBad
11077,15,205.19999999999868,5,162.19999999999914,move,improve
11078,15,205.19999999999868,5,162.19999999999914,move,improve
11079,15,205.19999999999868,5,162.19999999999914,2opt,notBad
11080,15,205.19999999999868,5,162.19999999999914,2opt,notBad
11081,15,205.19999999999868,5,162.19999999999914,swap,notBad
11082,15,205.19999999999868,5,162.19999999999914,move,improve
11083,15,205.19999999999868,5,162.19999999999914,2opt,notBad
11084,15,205.19999999999868,5,162.19999999999914,2opt,notBad
11085,15,205.19999999999868,5,162.19999999999914,move,improve
11086,15,205.19999999999868,5,162.19999999999914,swap,notBad
11087,15,205.19999999999868,5,162.19999999999914,swap,notBad
11088,15,205.19999999999868,5,162.19999999999914,swap,notBad
11089,15,205.19999999999868,5,162.19999999999914,swap,notBad
11090,15,205.19999999999868,5,162.19999999999914,swap,notBad
11091,15,205.19999999999868,5,162.19999999999914,swap,notBad
11092,15,205.19999999999868,5,162.19999999999914,swap,notBad
11093,15,205.19999999999868,5,162.19999999999914,move,improve
11094,15,205.19999999999868,5,162.19999999999914,move,improve
11095,15,205.19999999999868,5,162.19999999999914,swap,notBad
11096,15,205.19999999999868,5,162.19999999999914,swap,notBad
11097,15,205.19999999999868,5,162.19999999999914,move,improve
11098,15,205.19999999999868,5,162.19999999999914,move,improve
11099,15,205.19999999999868,5,162.19999999999914,move,improve
11100,15,205.19999999999868,5,162.19999999999914,swap,notBad
11101,15,205.19999999999868,5,162.19999999999914,swap,notBad
11102,15,205.19999999999868,5,162.19999999999914,swap,notBad
11103,15,205.19999999999868,5,162.19999999999914,move,improve
11104,15,205.19999999999868,5,162.19999999999914,2opt,notBad
11105,15,205.19999999999868,5,162.19999999999914,2opt,notBad
11106,15,205.19999999999868,5,162.19999999999914,swap,notBad
11107,15,205.19999999999868,5,162.19999999999914,2opt,notBad
11108,15,205.19999999999868,5,162.19999999999914,2opt,notBad
11109,15,205.19999999999868,5,162.19999999999914,swap,notBad
11110,15,205.19999999999868,5,162.19999999999914,move,improve
11111,15,205.19999999999868,5,162.19999999999914,swap,notBad
11112,15,205.19999999999868,5,162.19999999999914,swap,notBad
11113,15,205.19999999999868,5,162.19999999999914,2opt,notBad
11114,15,205.19999999999868,5,162.19999999999914,2opt,notBad
11115,15,205.19999999999868,5,162.19999999999914,2opt,notBad
11116,15,205.19999999999868,5,162.19999999999914,2opt,notBad
11117,15,205.19999999999868,5,162.19999999999914,2opt,notBad
11118,15,205.19999999999868,5,162.19999999999914,2opt,notBad
11119,15,205.19999999999868,5,162.19999999999914,2opt,notBad
11120,15,205.19999999999868,5,162.19999999999914,move,improve
11121,15,205.19999999999868,5,162.19999999999914,move,improve
11122,15,205.19999999999868,5,162.19999999999914,move,improve
11123,15,205.19999999999868,5,162.19999999999914,swap,notBad
11124,15,205.19999999999868,5,162.19999999999914,move,improve
11125,15,205.19999999999868,5,162.19999999999914,move,improve
11126,15,205.19999999999868,5,162.19999999999914,move,improve
11127,15,205.19999999999868,5,162.19999999999914,swap,notBad
11128,15,205.19999999999868,5,162.19999999999914,move,improve
11129,15,205.19999999999868,5,162.19999999999914,swap,notBad
11130,15,205.19999999999868,5,162.19999999999914,move,improve
11131,15,205.19999999999868,5,162.19999999999914,2opt,notBad
11132,15,205.19999999999868,5,162.19999999999914,move,improve
11133,15,205.19999999999868,5,162.19999999999914,2opt,notBad
11134,15,205.19999999999868,5,162.19999999999914,swap,notBad
11135,15,205.19999999999868,5,162.19999999999914,2opt,notBad
11136,15,205.19999999999868,5,162.19999999999914,2opt,notBad
11137,15,205.19999999999868,5,162.19999999999914,swap,notBad
11138,15,205.19999999999868,5,162.19999999999914,swap,notBad
11139,15,205.19999999999868,5,162.19999999999914,move,improve
11140,15,205.19999999999868,5,162.19999999999914,swap,notBad
11141,15,205.19999999999868,5,162.19999999999914,2opt,notBad
11142,15,205.19999999999868,5,162.19999999999914,move,improve
11143,15,205.19999999999868,5,162.19999999999914,swap,notBad
11144,15,205.19999999999868,5,162.19999999999914,move,improve
11145,15,205.19999999999868,5,162.19999999999914,2opt,notBad
11146,15,205.19999999999868,5,162.19999999999914,2opt,notBad
11147,15,205.19999999999868,5,162.19999999999914,2opt,notBad
11148,15,205.19999999999868,5,162.19999999999914,swap,notBad
11149,15,205.19999999999868,5,162.19999999999914,2opt,notBad
11150,15,205.19999999999868,5,162.19999999999914,swap,notBad
11151,15,205.19999999999868,5,162.19999999999914,swap,notBad
11152,15,205.19999999999868,5,162.19999999999914,2opt,notBad
11153,15,205.19999999999868,5,162.19999999999914,2opt,notBad
11154,15,205.19999999999868,5,162.19999999999914,2opt,notBad
11155,15,205.19999999999868,5,162.19999999999914,move,improve
11156,15,205.19999999999868,5,162.19999999999914,move,improve
11157,15,205.19999999999868,5,162.19999999999914,2opt,notBad
11158,15,205.19999999999868,5,162.19999999999914,move,improve
11159,15,205.19999999999868,5,162.19999999999914,move,improve
11160,15,205.19999999999868,5,162.19999999999914,swap,notBad
11161,15,205.19999999999868,5,162.19999999999914,move,improve
11162,15,205.19999999999868,5,162.19999999999914,2opt,notBad
11163,15,205.19999999999868,5,162.19999999999914,move,improve
11164,15,205.19999999999868,5,162.19999999999914,move,improve
11165,15,205.19999999999868,5,162.19999999999914,swap,notBad
11166,15,205.19999999999868,5,162.19999999999914,2opt,notBad
11167,15,205.19999999999868,5,162.19999999999914,swap,notBad
11168,15,205.19999999999868,5,162.19999999999914,2opt,notBad
11169,15,205.19999999999868,5,162.19999999999914,2opt,notBad
11170,15,205.19999999999868,5,162.19999999999914,swap,notBad
11171,15,205.19999999999868,5,162.19999999999914,2opt,notBad
11172,15,205.19999999999868,5,162.19999999999914,move,improve
11173,15,205.19999999999868,5,162.19999999999914,2opt,notBad
11174,15,205.19999999999868,5,162.19999999999914,2opt,notBad
11175,15,186.39999999999873,5,162.19999999999914,move,improve
11176,15,186.39999999999873,5,162.19999999999914,swap,notBad
11177,15,186.39999999999873,5,162.19999999999914,swap,notBad
11178,15,186.39999999999873,5,162.19999999999914,move,improve
11179,15,186.39999999999873,5,162.19999999999914,swap,notBad
11180,15,186.39999999999873,5,162.19999999999914,swap,notBad
11181,15,186.39999999999873,5,162.19999999999914,swap,notBad
11182,15,186.39999999999873,5,162.19999999999914,swap,notBad
11183,15,186.39999999999873,5,162.19999999999914,swap,notBad
11184,15,186.39999999999873,5,162.19999999999914,move,improve
11185,15,186.39999999999873,5,162.19999999999914,swap,notBad
11186,15,186.39999999999873,5,162.19999999999914,2opt,notBad
11187,15,186.39999999999873,5,162.19999999999914,move,improve
11188,15,186.39999999999873,5,162.19999999999914,2opt,notBad
11189,15,186.39999999999873,5,162.19999999999914,swap,notBad
11190,15,186.39999999999873,5,162.19999999999914,move,improve
11191,15,186.39999999999873,5,162.19999999999914,move,improve
11192,15,186.39999999999873,5,162.19999999999914,swap,notBad
11193,15,186.39999999999873,5,162.19999999999914,2opt,notBad
11194,15,186.39999999999873,5,162.19999999999914,2opt,notBad
11195,15,186.39999999999873,5,162.19999999999914,swap,notBad
11196,15,186.39999999999873,5,162.19999999999914,swap,notBad
11197,15,186.39999999999873,5,162.19999999999914,swap,notBad
11198,15,186.39999999999873,5,162.19999999999914,swap,notBad
11199,15,186.39999999999873,5,162.19999999999914,2opt,notBad
11200,15,186.39999999999873,5,162.19999999999914,swap,notBad
11201,15,186.39999999999873,5,162.19999999999914,swap,notBad
11202,15,186.39999999999873,5,162.19999999999914,swap,notBad
11203,15,186.39999999999873,5,162.19999999999914,move,improve
11204,15,186.39999999999873,5,162.19999999999914,swap,notBad
11205,15,186.39999999999873,5,162.19999999999914,move,improve
11206,15,186.39999999999873,5,162.19999999999914,2opt,notBad
11207,15,186.39999999999873,5,162.19999999999914,move,improve
11208,15,186.39999999999873,5,162.19999999999914,swap,notBad
11209,15,186.39999999999873,5,162.19999999999914,swap,notBad
11210,15,186.39999999999873,5,162.19999999999914,swap,notBad
11211,15,205.19999999999868,5,162.19999999999914,move,acceptBad
11212,15,205.19999999999868,5,162.19999999999914,2opt,notBad
11213,15,205.19999999999868,5,162.19999999999914,2opt,notBad
11214,15,205.19999999999868,5,162.19999999999914,swap,notBad
11215,15,205.19999999999868,5,162.19999999999914,swap,notBad
11216,15,205.19999999999868,5,162.19999999999914,swap,notBad
11217,15,205.19999999999868,5,162.19999999999914,2opt,notBad
11218,15,205.19999999999868,5,162.19999999999914,2opt,notBad
11219,15,205.19999999999868,5,162.19999999999914,2opt,improve
11220,15,205.19999999999868,5,162.19999999999914,2opt,notBad
11221,15,205.19999999999868,5,162.19999999999914,move,improve
11222,15,205.19999999999868,5,162.19999999999914,2opt,notBad
11223,15,205.19999999999868,5,162.19999999999914,swap,notBad
11224,15,205.19999999999868,5,162.19999999999914,swap,notBad
11225,15,205.19999999999868,5,162.19999999999914,swap,notBad
11226,15,205.19999999999868,5,162.19999999999914,move,improve
11227,15,205.19999999999868,5,162.19999999999914,2opt,notBad
11228,15,205.19999999999868,5,162.19999999999914,move,improve
11229,15,205.19999999999868,5,162.19999999999914,2opt,notBad
11230,15,205.19999999999868,5,162.19999999999914,swap,notBad
11231,15,205.19999999999868,5,162.19999999999914,move,improve
11232,15,205.19999999999868,5,162.19999999999914,2opt,notBad
11233,15,205.19999999999868,5,162.19999999999914,move,improve
11234,15,205.19999999999868,5,162.19999999999914,swap,notBad
11235,15,205.19999999999868,5,162.19999999999914,swap,notBad
11236,15,205.19999999999868,5,162.19999999999914,swap,notBad
11237,15,205.19999999999868,5,162.19999999999914,move,improve
11238,15,205.19999999999868,5,162.19999999999914,swap,improve
11239,15,205.19999999999868,5,162.19999999999914,swap,notBad
11240,15,205.19999999999868,5,162.19999999999914,swap,notBad
11241,15,205.19999999999868,5,162.19999999999914,move,improve
11242,15,205.19999999999868,5,162.19999999999914,2opt,notBad
11243,15,205.19999999999868,5,162.19999999999914,move,improve
11244,15,205.19999999999868,5,162.19999999999914,swap,notBad
11245,15,205.19999999999868,5,162.19999999999914,2opt,notBad
11246,15,205.19999999999868,5,162.19999999999914,swap,notBad
11247,15,205.19999999999868,5,162.19999999999914,swap,notBad
11248,15,205.19999999999868,5,162.19999999999914,swap,notBad
11249,15,205.19999999999868,5,162.19999999999914,2opt,notBad
11250,15,205.19999999999868,5,162.19999999999914,move,improve
11251,15,205.19999999999868,5,162.19999999999914,move,improve
11252,15,205.19999999999868,5,162.19999999999914,move,improve
11253,15,205.19999999999868,5,162.19999999999914,move,improve
11254,15,205.19999999999868,5,162.19999999999914,swap,notBad
11255,15,205.19999999999868,5,162.19999999999914,swap,notBad
11256,15,205.19999999999868,5,162.19999999999914,2opt,notBad
11257,15,205.19999999999868,5,162.19999999999914,2opt,notBad
11258,15,205.19999999999868,5,162.19999999999914,2opt,notBad
11259,15,205.19999999999868,5,162.19999999999914,2opt,notBad
11260,15,205.19999999999868,5,162.19999999999914,swap,notBad
11261,15,205.19999999999868,5,162.19999999999914,swap,notBad
11262,15,205.19999999999868,5,162.19999999999914,swap,notBad
11263,15,206.1999999999989,5,162.19999999999914,swap,acceptBad
11264,15,206.1999999999989,5,162.19999999999914,2opt,notBad
11265,15,206.1999999999989,5,162.19999999999914,swap,notBad
11266,15,206.1999999999989,5,162.19999999999914,move,improve
11267,15,206.1999999999989,5,162.19999999999914,swap,notBad
11268,15,206.1999999999989,5,162.19999999999914,move,improve
11269,15,201.19999999999823,5,162.19999999999914,swap,improve
11270,15,201.19999999999823,5,162.19999999999914,swap,notBad
11271,15,201.19999999999823,5,162.19999999999914,swap,notBad
11272,15,201.19999999999823,5,162.19999999999914,2opt,improve
11273,15,201.19999999999823,5,162.19999999999914,2opt,notBad
11274,15,201.19999999999823,5,162.19999999999914,move,improve
11275,15,201.19999999999823,5,162.19999999999914,swap,notBad
11276,15,201.19999999999823,5,162.19999999999914,move,improve
11277,15,201.19999999999823,5,162.19999999999914,swap,improve
11278,15,201.19999999999823,5,162.19999999999914,swap,notBad
11279,15,201.19999999999823,5,162.19999999999914,swap,notBad
11280,15,201.19999999999823,5,162.19999999999914,move,improve
11281,15,201.19999999999823,5,162.19999999999914,swap,notBad
11282,15,201.19999999999823,5,162.19999999999914,move,improve
11283,15,201.19999999999823,5,162.19999999999914,2opt,notBad
11284,15,201.19999999999823,5,162.19999999999914,2opt,notBad
11285,15,201.19999999999823,5,162.19999999999914,move,improve
11286,15,201.19999999999823,5,162.19999999999914,2opt,notBad
11287,15,201.19999999999823,5,162.19999999999914,2opt,notBad
11288,15,201.19999999999823,5,162.19999999999914,swap,notBad
11289,15,201.19999999999823,5,162.19999999999914,swap,notBad
11290,15,201.19999999999823,5,162.19999999999914,2opt,notBad
11291,15,201.19999999999823,5,162.19999999999914,2opt,notBad
11292,15,201.19999999999823,5,162.19999999999914,move,improve
11293,15,201.19999999999823,5,162.19999999999914,swap,notBad
11294,15,201.19999999999823,5,162.19999999999914,swap,notBad
11295,15,201.19999999999823,5,162.19999999999914,2opt,notBad
11296,15,201.19999999999823,5,162.19999999999914,move,improve
11297,15,201.19999999999823,5,162.19999999999914,swap,notBad
11298,15,201.19999999999823,5,162.19999999999914,2opt,notBad
11299,15,201.19999999999823,5,162.19999999999914,swap,notBad
11300,15,201.19999999999823,5,162.19999999999914,move,improve
11301,15,201.19999999999823,5,162.19999999999914,swap,notBad
11302,15,201.19999999999823,5,162.19999999999914,move,improve
11303,15,201.19999999999823,5,162.19999999999914,swap,improve
11304,15,201.19999999999823,5,162.19999999999914,swap,notBad
11305,15,201.19999999999823,5,162.19999999999914,2opt,notBad
11306,15,201.19999999999823,5,162.19999999999914,move,improve
11307,15,201.19999999999823,5,162.19999999999914,move,improve
11308,15,201.19999999999823,5,162.19999999999914,2opt,notBad
11309,15,201.19999999999823,5,162.19999999999914,2opt,notBad
11310,15,201.19999999999823,5,162.19999999999914,move,improve
11311,15,201.19999999999823,5,162.19999999999914,2opt,notBad
11312,15,201.19999999999823,5,162.19999999999914,move,improve
11313,15,201.19999999999823,5,162.19999999999914,move,improve
11314,15,201.19999999999823,5,162.19999999999914,2opt,notBad
11315,15,201.19999999999823,5,162.19999999999914,swap,notBad
11316,15,201.19999999999823,5,162.19999999999914,swap,notBad
11317,15,201.19999999999823,5,162.19999999999914,move,improve
11318,15,201.19999999999823,5,162.19999999999914,2opt,notBad
11319,15,201.19999999999823,5,162.19999999999914,2opt,notBad
11320,15,201.19999999999823,5,162.19999999999914,move,improve
11321,15,201.19999999999823,5,162.19999999999914,swap,notBad
11322,15,201.19999999999823,5,162.19999999999914,swap,notBad
11323,15,201.19999999999823,5,162.19999999999914,2opt,notBad
11324,15,201.19999999999823,5,162.19999999999914,swap,notBad
11325,15,201.19999999999823,5,162.19999999999914,2opt,notBad
11326,15,201.19999999999823,5,162.19999999999914,2opt,notBad
11327,15,201.19999999999823,5,162.19999999999914,2opt,notBad
11328,15,201.19999999999823,5,162.19999999999914,move,improve
11329,15,201.19999999999823,5,162.19999999999914,move,improve
11330,15,201.19999999999823,5,162.19999999999914,swap,notBad
11331,15,201.19999999999823,5,162.19999999999914,move,improve
11332,15,201.19999999999823,5,162.19999999999914,move,improve
11333,15,201.19999999999823,5,162.19999999999914,move,improve
11334,15,201.19999999999823,5,162.19999999999914,move,improve
11335,15,201.19999999999823,5,162.19999999999914,move,improve
11336,15,201.19999999999823,5,162.19999999999914,swap,notBad
11337,15,201.19999999999823,5,162.19999999999914,move,improve
11338,15,201.19999999999823,5,162.19999999999914,swap,notBad
11339,15,201.19999999999823,5,162.19999999999914,swap,notBad
11340,15,201.19999999999823,5,162.19999999999914,2opt,notBad
11341,15,201.19999999999823,5,162.19999999999914,swap,notBad
11342,15,201.19999999999823,5,162.19999999999914,swap,notBad
11343,15,201.19999999999823,5,162.19999999999914,swap,notBad
11344,15,201.19999999999823,5,162.19999999999914,2opt,notBad
11345,15,201.19999999999823,5,162.19999999999914,move,improve
11346,15,201.19999999999823,5,162.19999999999914,swap,notBad
11347,15,201.19999999999823,5,162.19999999999914,swap,notBad
11348,15,201.19999999999823,5,162.19999999999914,2opt,notBad
11349,15,201.19999999999823,5,162.19999999999914,2opt,notBad
11350,15,201.19999999999823,5,162.19999999999914,2opt,notBad
11351,15,201.19999999999823,5,162.19999999999914,move,improve
11352,15,201.19999999999823,5,162.19999999999914,swap,notBad
11353,15,201.19999999999823,5,162.19999999999914,swap,notBad
11354,15,201.19999999999823,5,162.19999999999914,swap,notBad
11355,15,201.19999999999823,5,162.19999999999914,move,improve
11356,15,201.19999999999823,5,162.19999999999914,swap,notBad
11357,15,201.19999999999823,5,162.19999999999914,move,improve
11358,15,201.19999999999823,5,162.19999999999914,2opt,improve
11359,15,201.19999999999823,5,162.19999999999914,move,improve
11360,15,201.19999999999823,5,162.19999999999914,2opt,notBad
11361,15,201.19999999999823,5,162.19999999999914,move,improve
11362,15,201.19999999999823,5,162.19999999999914,move,improve
11363,15,201.19999999999823,5,162.19999999999914,swap,notBad
11364,15,201.19999999999823,5,162.19999999999914,swap,notBad
11365,15,201.19999999999823,5,162.19999999999914,move,improve
11366,15,201.19999999999823,5,162.19999999999914,swap,notBad
11367,15,195.3999999999994,5,162.19999999999914,move,improve
11368,15,195.3999999999994,5,162.19999999999914,move,improve
11369,15,195.3999999999994,5,162.19999999999914,2opt,notBad
11370,15,195.3999999999994,5,162.19999999999914,swap,notBad
11371,15,195.3999999999994,5,162.19999999999914,move,improve
11372,15,195.3999999999994,5,162.19999999999914,swap,notBad
11373,15,195.3999999999994,5,162.19999999999914,swap,notBad
11374,15,195.3999999999994,5,162.19999999999914,swap,notBad
11375,15,195.3999999999994,5,162.19999999999914,move,improve
11376,15,195.3999999999994,5,162.19999999999914,swap,notBad
11377,15,195.3999999999994,5,162.19999999999914,swap,notBad
11378,15,195.3999999999994,5,162.19999999999914,swap,notBad
11379,15,195.3999999999994,5,162.19999999999914,move,improve
11380,15,195.3999999999994,5,162.19999999999914,2opt,notBad
11381,15,195.3999999999994,5,162.19999999999914,2opt,improve
11382,15,195.3999999999994,5,162.19999999999914,swap,notBad
11383,15,195.3999999999994,5,162.19999999999914,move,improve
11384,15,195.3999999999994,5,162.19999999999914,2opt,notBad
11385,15,195.3999999999994,5,162.19999999999914,move,improve
11386,15,195.3999999999994,5,162.19999999999914,move,improve
11387,15,195.3999999999994,5,162.19999999999914,swap,notBad
11388,15,195.3999999999994,5,162.19999999999914,2opt,notBad
11389,15,195.3999999999994,5,162.19999999999914,2opt,notBad
11390,15,195.3999999999994,5,162.19999999999914,2opt,notBad
11391,15,195.3999999999994,5,162.19999999999914,2opt,notBad
11392,15,195.3999999999994,5,162.19999999999914,move,improve
11393,15,195.3999999999994,5,162.19999999999914,swap,notBad
11394,15,195.3999999999994,5,162.19999999999914,2opt,notBad
11395,15,195.3999999999994,5,162.19999999999914,move,improve
11396,15,195.3999999999994,5,162.19999999999914,2opt,notBad
11397,15,195.3999999999994,5,162.19999999999914,move,improve
11398,15,195.3999999999994,5,162.19999999999914,2opt,notBad
11399,15,195.3999999999994,5,162.19999999999914,swap,notBad
11400,15,195.3999999999994,5,162.19999999999914,2opt,notBad
11401,15,195.3999999999994,5,162.19999999999914,swap,notBad
11402,15,195.3999999999994,5,162.19999999999914,2opt,notBad
11403,15,195.3999999999994,5,162.19999999999914,move,improve
11404,15,195.3999999999994,5,162.19999999999914,move,improve
11405,15,195.3999999999994,5,162.19999999999914,swap,notBad
11406,15,195.3999999999994,5,162.19999999999914,2opt,notBad
11407,15,195.3999999999994,5,162.19999999999914,2opt,notBad
11408,15,195.3999999999994,5,162.19999999999914,2opt,notBad
11409,15,195.3999999999994,5,162.19999999999914,move,improve
11410,15,195.3999999999994,5,162.19999999999914,move,improve
11411,15,195.3999999999994,5,162.19999999999914,2opt,notBad
11412,15,195.3999999999994,5,162.19999999999914,2opt,notBad
11413,15,195.3999999999994,5,162.19999999999914,swap,notBad
11414,15,195.3999999999994,5,162.19999999999914,2opt,notBad
11415,15,195.3999999999994,5,162.19999999999914,swap,notBad
11416,15,195.3999999999994,5,162.19999999999914,swap,notBad
11417,15,195.3999999999994,5,162.19999999999914,2opt,notBad
11418,15,195.3999999999994,5,162.19999999999914,2opt,notBad
11419,15,195.3999999999994,5,162.19999999999914,move,improve
11420,15,195.3999999999994,5,162.19999999999914,2opt,notBad
11421,15,195.3999999999994,5,162.19999999999914,move,improve
11422,15,195.3999999999994,5,162.19999999999914,swap,notBad
11423,15,195.3999999999994,5,162.19999999999914,move,improve
11424,15,195.3999999999994,5,162.19999999999914,move,improve
11425,15,195.3999999999994,5,162.19999999999914,2opt,notBad
11426,15,195.3999999999994,5,162.19999999999914,2opt,notBad
11427,15,195.3999999999994,5,162.19999999999914,2opt,notBad
11428,15,195.3999999999994,5,162.19999999999914,swap,notBad
11429,15,195.3999999999994,5,162.19999999999914,move,improve
11430,15,195.3999999999994,5,162.19999999999914,move,improve
11431,15,195.3999999999994,5,162.19999999999914,2opt,notBad
11432,15,195.3999999999994,5,162.19999999999914,2opt,notBad
11433,15,195.3999999999994,5,162.19999999999914,2opt,notBad
11434,15,195.3999999999994,5,162.19999999999914,move,improve
11435,15,195.3999999999994,5,162.19999999999914,move,improve
11436,15,195.3999999999994,5,162.19999999999914,move,improve
11437,15,195.3999999999994,5,162.19999999999914,move,improve
11438,15,195.3999999999994,5,162.19999999999914,swap,notBad
11439,15,195.3999999999994,5,162.19999999999914,swap,notBad
11440,15,195.3999999999994,5,162.19999999999914,2opt,notBad
11441,15,195.3999999999994,5,162.19999999999914,move,improve
11442,15,195.3999999999994,5,162.19999999999914,2opt,notBad
11443,15,195.3999999999994,5,162.19999999999914,swap,notBad
11444,15,195.3999999999994,5,162.19999999999914,2opt,notBad
11445,15,195.3999999999994,5,162.19999999999914,move,improve
11446,15,195.3999999999994,5,162.19999999999914,2opt,notBad
11447,15,195.3999999999994,5,162.19999999999914,2opt,notBad
11448,15,195.3999999999994,5,162.19999999999914,move,improve
11449,15,195.3999999999994,5,162.19999999999914,2opt,notBad
11450,15,195.3999999999994,5,162.19999999999914,swap,notBad
11451,15,195.3999999999994,5,162.19999999999914,2opt,improve
11452,15,195.3999999999994,5,162.19999999999914,2opt,improve
11453,15,195.3999999999994,5,162.19999999999914,move,improve
11454,15,195.3999999999994,5,162.19999999999914,swap,notBad
11455,15,195.3999999999994,5,162.19999999999914,2opt,notBad
11456,15,195.3999999999994,5,162.19999999999914,move,improve
11457,15,195.3999999999994,5,162.19999999999914,move,improve
11458,15,195.3999999999994,5,162.19999999999914,2opt,notBad
11459,15,195.3999999999994,5,162.19999999999914,2opt,notBad
11460,15,195.3999999999994,5,162.19999999999914,move,improve
11461,15,195.3999999999994,5,162.19999999999914,2opt,notBad
11462,15,195.3999999999994,5,162.19999999999914,2opt,notBad
11463,15,195.3999999999994,5,162.19999999999914,swap,notBad
11464,15,195.3999999999994,5,162.19999999999914,swap,notBad
11465,15,195.3999999999994,5,162.19999999999914,move,improve
11466,15,195.3999999999994,5,162.19999999999914,swap,notBad
11467,15,195.3999999999994,5,162.19999999999914,move,improve
11468,15,195.3999999999994,5,162.19999999999914,move,notBad
11469,15,195.3999999999994,5,162.19999999999914,swap,notBad
11470,15,195.3999999999994,5,162.19999999999914,move,improve
11471,15,195.3999999999994,5,162.19999999999914,move,improve
11472,15,195.3999999999994,5,162.19999999999914,swap,notBad
11473,15,195.3999999999994,5,162.19999999999914,swap,notBad
11474,15,195.3999999999994,5,162.19999999999914,swap,notBad
11475,15,195.3999999999994,5,162.19999999999914,move,improve
11476,15,195.3999999999994,5,162.19999999999914,move,improve
11477,15,195.3999999999994,5,162.19999999999914,2opt,notBad
11478,15,195.3999999999994,5,162.19999999999914,swap,notBad
11479,15,195.3999999999994,5,162.19999999999914,swap,notBad
11480,15,195.3999999999994,5,162.19999999999914,swap,notBad
11481,15,195.3999999999994,5,162.19999999999914,move,improve
11482,15,195.3999999999994,5,162.19999999999914,swap,notBad
11483,15,195.3999999999994,5,162.19999999999914,swap,notBad
11484,15,195.3999999999994,5,162.19999999999914,swap,notBad
11485,15,195.3999999999994,5,162.19999999999914,move,improve
11486,15,195.3999999999994,5,162.19999999999914,move,improve
11487,15,195.3999999999994,5,162.19999999999914,swap,notBad
11488,15,195.3999999999994,5,162.19999999999914,swap,improve
11489,15,195.3999999999994,5,162.19999999999914,move,improve
11490,15,195.3999999999994,5,162.19999999999914,swap,notBad
11491,15,195.3999999999994,5,162.19999999999914,2opt,notBad
11492,15,195.3999999999994,5,162.19999999999914,2opt,notBad
11493,15,195.3999999999994,5,162.19999999999914,swap,notBad
11494,15,195.3999999999994,5,162.19999999999914,2opt,notBad
11495,15,195.3999999999994,5,162.19999999999914,move,improve
11496,15,195.3999999999994,5,162.19999999999914,move,improve
11497,15,195.3999999999994,5,162.19999999999914,move,improve
11498,15,195.3999999999994,5,162.19999999999914,swap,notBad
11499,15,195.3999999999994,5,162.19999999999914,2opt,notBad
11500,15,195.3999999999994,5,162.19999999999914,2opt,notBad
11501,15,195.3999999999994,5,162.19999999999914,move,improve
11502,15,195.3999999999994,5,162.19999999999914,2opt,notBad
11503,15,195.3999999999994,5,162.19999999999914,move,improve
11504,15,195.3999999999994,5,162.19999999999914,move,improve
11505,15,195.3999999999994,5,162.19999999999914,move,improve
11506,15,195.3999999999994,5,162.19999999999914,swap,notBad
11507,15,195.3999999999994,5,162.19999999999914,swap,notBad
11508,15,195.3999999999994,5,162.19999999999914,swap,notBad
11509,15,195.3999999999994,5,162.19999999999914,2opt,notBad
11510,15,195.3999999999994,5,162.19999999999914,swap,notBad
11511,15,195.3999999999994,5,162.19999999999914,swap,notBad
11512,15,195.3999999999994,5,162.19999999999914,move,improve
11513,15,195.3999999999994,5,162.19999999999914,swap,notBad
11514,15,195.3999999999994,5,162.19999999999914,2opt,notBad
11515,15,195.3999999999994,5,162.19999999999914,2opt,notBad
11516,15,195.3999999999994,5,162.19999999999914,swap,notBad
11517,15,195.3999999999994,5,162.19999999999914,2opt,notBad
11518,15,195.3999999999994,5,162.19999999999914,move,improve
11519,15,195.3999999999994,5,162.19999999999914,move,improve
11520,15,195.3999999999994,5,162.19999999999914,swap,notBad
11521,15,195.3999999999994,5,162.19999999999914,2opt,notBad
11522,15,195.3999999999994,5,162.19999999999914,move,notBad
11523,15,195.3999999999994,5,162.19999999999914,swap,notBad
11524,15,195.3999999999994,5,162.19999999999914,2opt,improve
11525,15,195.3999999999994,5,162.19999999999914,2opt,improve
11526,15,195.3999999999994,5,162.19999999999914,swap,notBad
11527,15,195.3999999999994,5,162.19999999999914,swap,notBad
11528,15,195.3999999999994,5,162.19999999999914,move,improve
11529,15,195.3999999999994,5,162.19999999999914,swap,notBad
11530,15,195.3999999999994,5,162.19999999999914,swap,notBad
11531,15,195.3999999999994,5,162.19999999999914,swap,notBad
11532,15,195.3999999999994,5,162.19999999999914,swap,notBad
11533,15,195.3999999999994,5,162.19999999999914,swap,notBad
11534,15,195.3999999999994,5,162.19999999999914,swap,notBad
11535,15,195.3999999999994,5,162.19999999999914,move,improve
11536,15,195.3999999999994,5,162.19999999999914,swap,notBad
11537,15,195.3999999999994,5,162.19999999999914,move,improve
11538,15,195.3999999999994,5,162.19999999999914,move,improve
11539,15,195.3999999999994,5,162.19999999999914,swap,notBad
11540,15,195.3999999999994,5,162.19999999999914,move,improve
11541,15,195.3999999999994,5,162.19999999999914,2opt,notBad
11542,15,195.3999999999994,5,162.19999999999914,move,improve
11543,15,195.3999999999994,5,162.19999999999914,move,improve
11544,15,195.3999999999994,5,162.19999999999914,move,improve
11545,15,195.3999999999994,5,162.19999999999914,swap,notBad
11546,15,195.3999999999994,5,162.19999999999914,move,improve
11547,15,195.3999999999994,5,162.19999999999914,move,improve
11548,15,195.3999999999994,5,162.19999999999914,swap,notBad
11549,15,195.3999999999994,5,162.19999999999914,move,improve
11550,15,195.3999999999994,5,162.19999999999914,move,improve
11551,15,195.3999999999994,5,162.19999999999914,move,improve
11552,15,195.3999999999994,5,162.19999999999914,swap,notBad
11553,15,195.3999999999994,5,162.19999999999914,swap,notBad
11554,15,195.3999999999994,5,162.19999999999914,move,improve
11555,15,195.3999999999994,5,162.19999999999914,swap,notBad
11556,15,195.3999999999994,5,162.19999999999914,swap,notBad
11557,15,195.3999999999994,5,162.19999999999914,move,improve
11558,15,195.3999999999994,5,162.19999999999914,move,improve
11559,15,195.3999999999994,5,162.19999999999914,2opt,improve
11560,15,195.3999999999994,5,162.19999999999914,2opt,improve
11561,15,195.3999999999994,5,162.19999999999914,swap,notBad
11562,15,195.3999999999994,5,162.19999999999914,move,improve
11563,15,195.3999999999994,5,162.19999999999914,swap,notBad
11564,15,195.3999999999994,5,162.19999999999914,2opt,notBad
11565,15,177.7999999999995,5,162.19999999999914,move,improve
11566,15,177.7999999999995,5,162.19999999999914,swap,notBad
11567,15,177.7999999999995,5,162.19999999999914,2opt,notBad
11568,15,177.7999999999995,5,162.19999999999914,move,improve
11569,15,177.7999999999995,5,162.19999999999914,swap,notBad
11570,15,177.7999999999995,5,162.19999999999914,swap,notBad
11571,15,177.7999999999995,5,162.19999999999914,move,improve
11572,15,177.7999999999995,5,162.19999999999914,swap,notBad
11573,15,177.7999999999995,5,162.19999999999914,2opt,improve
11574,15,177.7999999999995,5,162.19999999999914,2opt,notBad
11575,15,177.7999999999995,5,162.19999999999914,move,improve
11576,15,177.7999999999995,5,162.19999999999914,swap,notBad
11577,15,177.7999999999995,5,162.19999999999914,move,improve
11578,15,177.7999999999995,5,162.19999999999914,move,improve
11579,15,177.7999999999995,5,162.19999999999914,swap,notBad
11580,15,177.7999999999995,5,162.19999999999914,move,improve
11581,15,177.7999999999995,5,162.19999999999914,move,improve
11582,15,177.7999999999995,5,162.19999999999914,2opt,notBad
11583,15,177.7999999999995,5,162.19999999999914,move,improve
11584,15,177.7999999999995,5,162.19999999999914,2opt,notBad
11585,15,177.7999999999995,5,162.19999999999914,2opt,notBad
11586,15,177.7999999999995,5,162.19999999999914,swap,notBad
11587,15,177.7999999999995,5,162.19999999999914,swap,notBad
11588,15,177.7999999999995,5,162.19999999999914,2opt,improve
11589,15,177.7999999999995,5,162.19999999999914,swap,notBad
11590,15,177.7999999999995,5,162.19999999999914,swap,notBad
11591,15,177.7999999999995,5,162.19999999999914,swap,improve
11592,15,177.7999999999995,5,162.19999999999914,2opt,notBad
11593,15,177.7999999999995,5,162.19999999999914,swap,notBad
11594,15,177.7999999999995,5,162.19999999999914,2opt,notBad
11595,15,177.7999999999995,5,162.19999999999914,2opt,notBad
11596,15,177.7999999999995,5,162.19999999999914,swap,notBad
11597,15,177.7999999999995,5,162.19999999999914,swap,notBad
11598,15,177.7999999999995,5,162.19999999999914,swap,notBad
11599,15,177.7999999999995,5,162.19999999999914,move,improve
11600,15,177.7999999999995,5,162.19999999999914,move,improve
11601,15,177.7999999999995,5,162.19999999999914,move,improve
11602,15,177.7999999999995,5,162.19999999999914,move,improve
11603,15,177.7999999999995,5,162.19999999999914,swap,notBad
11604,15,177.7999999999995,5,162.19999999999914,move,improve
11605,15,177.7999999999995,5,162.19999999999914,move,improve
11606,15,177.7999999999995,5,162.19999999999914,swap,notBad
11607,15,177.7999999999995,5,162.19999999999914,swap,notBad
11608,15,177.7999999999995,5,162.19999999999914,move,improve
11609,15,177.7999999999995,5,162.19999999999914,move,improve
11610,15,177.7999999999995,5,162.19999999999914,swap,notBad
11611,15,177.7999999999995,5,162.19999999999914,2opt,notBad
11612,15,177.7999999999995,5,162.19999999999914,swap,notBad
11613,15,177.7999999999995,5,162.19999999999914,2opt,improve
11614,15,177.7999999999995,5,162.19999999999914,2opt,notBad
11615,15,177.7999999999995,5,162.19999999999914,move,improve
11616,15,177.7999999999995,5,162.19999999999914,2opt,notBad
11617,15,177.7999999999995,5,162.19999999999914,swap,notBad
11618,15,177.7999999999995,5,162.19999999999914,swap,notBad
11619,15,177.7999999999995,5,162.19999999999914,2opt,notBad
11620,15,177.7999999999995,5,162.19999999999914,2opt,improve
11621,15,177.7999999999995,5,162.19999999999914,2opt,notBad
11622,15,177.7999999999995,5,162.19999999999914,move,improve
11623,15,177.7999999999995,5,162.19999999999914,2opt,notBad
11624,15,177.7999999999995,5,162.19999999999914,2opt,notBad
11625,15,177.7999999999995,5,162.19999999999914,move,improve
11626,15,177.7999999999995,5,162.19999999999914,2opt,notBad
11627,15,177.7999999999995,5,162.19999999999914,move,improve
11628,15,177.7999999999995,5,162.19999999999914,2opt,notBad
11629,15,177.7999999999995,5,162.19999999999914,swap,notBad
11630,15,177.7999999999995,5,162.19999999999914,swap,notBad
11631,15,177.7999999999995,5,162.19999999999914,move,improve
11632,15,177.7999999999995,5,162.19999999999914,move,improve
11633,15,177.7999999999995,5,162.19999999999914,swap,notBad
11634,15,177.7999999999995,5,162.19999999999914,move,improve
11635,15,177.7999999999995,5,162.19999999999914,swap,notBad
11636,15,177.7999999999995,5,162.19999999999914,move,improve
11637,15,177.7999999999995,5,162.19999999999914,swap,notBad
11638,15,177.7999999999995,5,162.19999999999914,2opt,notBad
11639,15,177.7999999999995,5,162.19999999999914,2opt,notBad
11640,15,177.7999999999995,5,162.19999999999914,swap,notBad
11641,15,177.7999999999995,5,162.19999999999914,2opt,notBad
11642,15,177.7999999999995,5,162.19999999999914,swap,notBad
11643,15,177.7999999999995,5,162.19999999999914,2opt,notBad
11644,15,177.7999999999995,5,162.19999999999914,move,improve
11645,15,177.7999999999995,5,162.19999999999914,move,improve
11646,15,177.7999999999995,5,162.19999999999914,move,improve
11647,15,177.7999999999995,5,162.19999999999914,move,improve
11648,15,177.7999999999995,5,162.19999999999914,2opt,notBad
11649,15,177.7999999999995,5,162.19999999999914,move,improve
11650,15,177.7999999999995,5,162.19999999999914,move,improve
11651,15,177.7999999999995,5,162.19999999999914,2opt,notBad
11652,15,177.7999999999995,5,162.19999999999914,swap,notBad
11653,15,177.7999999999995,5,162.19999999999914,2opt,notBad
11654,15,177.7999999999995,5,162.19999999999914,move,improve
11655,15,177.7999999999995,5,162.19999999999914,2opt,notBad
11656,15,177.7999999999995,5,162.19999999999914,swap,notBad
11657,15,177.7999999999995,5,162.19999999999914,swap,notBad
11658,15,177.7999999999995,5,162.19999999999914,move,improve
11659,15,177.7999999999995,5,162.19999999999914,swap,notBad
11660,15,177.7999999999995,5,162.19999999999914,2opt,notBad
11661,15,177.7999999999995,5,162.19999999999914,swap,notBad
11662,15,177.7999999999995,5,162.19999999999914,2opt,notBad
11663,15,177.7999999999995,5,162.19999999999914,swap,notBad
11664,15,177.7999999999995,5,162.19999999999914,2opt,notBad
11665,15,177.7999999999995,5,162.19999999999914,swap,notBad
11666,15,177.7999999999995,5,162.19999999999914,2opt,improve
11667,15,177.7999999999995,5,162.19999999999914,move,improve
11668,15,177.7999999999995,5,162.19999999999914,2opt,notBad
11669,15,177.7999999999995,5,162.19999999999914,move,improve
11670,15,177.7999999999995,5,162.19999999999914,swap,notBad
11671,15,177.7999999999995,5,162.19999999999914,swap,notBad
11672,15,177.7999999999995,5,162.19999999999914,swap,notBad
11673,15,177.7999999999995,5,162.19999999999914,swap,notBad
11674,15,177.7999999999995,5,162.19999999999914,2opt,notBad
11675,15,177.7999999999995,5,162.19999999999914,swap,notBad
11676,15,177.7999999999995,5,162.19999999999914,2opt,notBad
11677,15,177.7999999999995,5,162.19999999999914,2opt,notBad
11678,15,177.7999999999995,5,162.19999999999914,swap,notBad
11679,15,177.7999999999995,5,162.19999999999914,2opt,notBad
11680,15,177.7999999999995,5,162.19999999999914,move,improve
11681,15,177.7999999999995,5,162.19999999999914,2opt,notBad
11682,15,177.7999999999995,5,162.19999999999914,move,improve
11683,15,177.7999999999995,5,162.19999999999914,swap,notBad
11684,15,177.7999999999995,5,162.19999999999914,move,improve
11685,15,177.7999999999995,5,162.19999999999914,swap,notBad
11686,15,177.7999999999995,5,162.19999999999914,2opt,notBad
11687,15,177.7999999999995,5,162.19999999999914,move,improve
11688,15,177.7999999999995,5,162.19999999999914,swap,notBad
11689,15,177.7999999999995,5,162.19999999999914,2opt,notBad
11690,15,177.7999999999995,5,162.19999999999914,swap,notBad
11691,15,177.7999999999995,5,162.19999999999914,swap,notBad
11692,15,177.7999999999995,5,162.19999999999914,2opt,notBad
11693,15,177.7999999999995,5,162.19999999999914,swap,notBad
11694,15,177.7999999999995,5,162.19999999999914,swap,notBad
11695,15,177.7999999999995,5,162.19999999999914,swap,notBad
11696,15,177.7999999999995,5,162.19999999999914,swap,notBad
11697,15,177.7999999999995,5,162.19999999999914,move,improve
11698,15,177.7999999999995,5,162.19999999999914,move,improve
11699,15,177.7999999999995,5,162.19999999999914,2opt,notBad
11700,15,177.7999999999995,5,162.19999999999914,2opt,notBad
11701,15,177.7999999999995,5,162.19999999999914,move,improve
11702,15,177.7999999999995,5,162.19999999999914,2opt,notBad
11703,15,177.7999999999995,5,162.19999999999914,move,improve
11704,15,177.7999999999995,5,162.19999999999914,move,improve
11705,15,177.7999999999995,5,162.19999999999914,swap,notBad
11706,15,177.7999999999995,5,162.19999999999914,2opt,notBad
11707,15,177.7999999999995,5,162.19999999999914,move,improve
11708,15,177.7999999999995,5,162.19999999999914,2opt,notBad
11709,15,177.7999999999995,5,162.19999999999914,2opt,notBad
11710,15,177.7999999999995,5,162.19999999999914,swap,notBad
11711,15,177.7999999999995,5,162.19999999999914,2opt,notBad
11712,15,177.7999999999995,5,162.19999999999914,swap,notBad
11713,15,177.7999999999995,5,162.19999999999914,2opt,notBad
11714,15,177.7999999999995,5,162.19999999999914,move,improve
11715,15,177.7999999999995,5,162.19999999999914,move,improve
11716,15,177.7999999999995,5,162.19999999999914,move,improve
11717,15,177.7999999999995,5,162.19999999999914,swap,notBad
11718,15,177.7999999999995,5,162.19999999999914,2opt,notBad
11719,15,177.7999999999995,5,162.19999999999914,2opt,improve
11720,15,177.7999999999995,5,162.19999999999914,move,improve
11721,15,177.7999999999995,5,162.19999999999914,2opt,notBad
11722,15,177.7999999999995,5,162.19999999999914,move,improve
11723,15,177.7999999999995,5,162.19999999999914,2opt,notBad
11724,15,177.7999999999995,5,162.19999999999914,2opt,notBad
11725,15,177.7999999999995,5,162.19999999999914,2opt,notBad
11726,15,177.7999999999995,5,162.19999999999914,2opt,notBad
11727,15,177.7999999999995,5,162.19999999999914,move,improve
11728,15,177.7999999999995,5,162.19999999999914,2opt,improve
11729,15,177.7999999999995,5,162.19999999999914,2opt,notBad
11730,15,177.7999999999995,5,162.19999999999914,move,improve
11731,15,177.7999999999995,5,162.19999999999914,2opt,notBad
11732,15,177.7999999999995,5,162.19999999999914,swap,notBad
11733,15,177.7999999999995,5,162.19999999999914,2opt,notBad
11734,15,177.7999999999995,5,162.19999999999914,2opt,notBad
11735,15,177.7999999999995,5,162.19999999999914,swap,notBad
11736,15,177.7999999999995,5,162.19999999999914,2opt,notBad
11737,15,177.7999999999995,5,162.19999999999914,swap,notBad
11738,15,177.7999999999995,5,162.19999999999914,2opt,notBad
11739,15,177.7999999999995,5,162.19999999999914,2opt,notBad
11740,15,177.7999999999995,5,162.19999999999914,swap,notBad
11741,15,177.7999999999995,5,162.19999999999914,2opt,notBad
11742,15,177.7999999999995,5,162.19999999999914,swap,notBad
11743,15,177.7999999999995,5,162.19999999999914,move,improve
11744,15,177.7999999999995,5,162.19999999999914,2opt,notBad
11745,15,177.7999999999995,5,162.19999999999914,swap,notBad
11746,15,177.7999999999995,5,162.19999999999914,2opt,notBad
11747,15,177.7999999999995,5,162.19999999999914,move,improve
11748,15,177.7999999999995,5,162.19999999999914,move,improve
11749,15,177.7999999999995,5,162.19999999999914,2opt,notBad
11750,15,177.7999999999995,5,162.19999999999914,swap,notBad
11751,15,177.7999999999995,5,162.19999999999914,swap,notBad
11752,15,177.7999999999995,5,162.19999999999914,move,improve
11753,15,177.7999999999995,5,162.19999999999914,move,improve
11754,15,177.7999999999995,5,162.19999999999914,swap,notBad
11755,15,177.7999999999995,5,162.19999999999914,swap,notBad
11756,15,177.7999999999995,5,162.19999999999914,move,improve
11757,15,177.7999999999995,5,162.19999999999914,move,improve
11758,15,177.7999999999995,5,162.19999999999914,2opt,notBad
11759,15,177.7999999999995,5,162.19999999999914,move,improve
11760,15,177.7999999999995,5,162.19999999999914,swap,notBad
11761,15,177.7999999999995,5,162.19999999999914,2opt,notBad
11762,15,177.7999999999995,5,162.19999999999914,move,improve
11763,15,177.7999999999995,5,162.19999999999914,move,improve
11764,15,177.7999999999995,5,162.19999999999914,move,improve
11765,15,177.7999999999995,5,162.19999999999914,2opt,notBad
11766,15,177.7999999999995,5,162.19999999999914,swap,notBad
11767,15,177.7999999999995,5,162.19999999999914,swap,notBad
11768,15,177.7999999999995,5,162.19999999999914,swap,notBad
11769,15,177.39999999999873,5,162.19999999999914,move,improve
11770,15,177.39999999999873,5,162.19999999999914,swap,notBad
11771,15,177.39999999999873,5,162.19999999999914,swap,notBad
11772,15,177.39999999999873,5,162.19999999999914,swap,notBad
11773,15,177.39999999999873,5,162.19999999999914,2opt,notBad
11774,15,177.39999999999873,5,162.19999999999914,2opt,notBad
11775,15,177.39999999999873,5,162.19999999999914,2opt,notBad
11776,15,177.39999999999873,5,162.19999999999914,2opt,notBad
11777,15,177.39999999999873,5,162.19999999999914,move,improve
11778,15,177.39999999999873,5,162.19999999999914,2opt,notBad
11779,15,177.39999999999873,5,162.19999999999914,move,improve
11780,15,177.39999999999873,5,162.19999999999914,swap,notBad
11781,15,177.39999999999873,5,162.19999999999914,move,improve
11782,15,177.39999999999873,5,162.19999999999914,move,improve
11783,15,177.39999999999873,5,162.19999999999914,move,improve
11784,15,177.39999999999873,5,162.19999999999914,move,improve
11785,15,177.39999999999873,5,162.19999999999914,move,improve
11786,15,177.39999999999873,5,162.19999999999914,2opt,notBad
11787,15,177.39999999999873,5,162.19999999999914,move,improve
11788,15,177.39999999999873,5,162.19999999999914,swap,notBad
11789,15,177.39999999999873,5,162.19999999999914,swap,notBad
11790,15,177.39999999999873,5,162.19999999999914,move,improve
11791,15,177.39999999999873,5,162.19999999999914,swap,notBad
11792,15,177.39999999999873,5,162.19999999999914,swap,notBad
11793,15,177.39999999999873,5,162.19999999999914,move,improve
11794,15,177.39999999999873,5,162.19999999999914,move,improve
11795,15,177.39999999999873,5,162.19999999999914,2opt,notBad
11796,15,177.39999999999873,5,162.19999999999914,2opt,notBad
11797,15,177.39999999999873,5,162.19999999999914,move,improve
11798,15,177.39999999999873,5,162.19999999999914,2opt,notBad
11799,15,177.39999999999873,5,162.19999999999914,move,improve
11800,15,177.39999999999873,5,162.19999999999914,move,improve
11801,15,177.39999999999873,5,162.19999999999914,2opt,notBad
11802,15,177.39999999999873,5,162.19999999999914,move,improve
11803,15,177.39999999999873,5,162.19999999999914,move,improve
11804,15,177.39999999999873,5,162.19999999999914,swap,notBad
11805,15,177.39999999999873,5,162.19999999999914,move,improve
11806,15,177.39999999999873,5,162.19999999999914,2opt,notBad
11807,15,177.39999999999873,5,162.19999999999914,swap,notBad
11808,15,177.39999999999873,5,162.19999999999914,swap,notBad
11809,15,177.39999999999873,5,162.19999999999914,move,improve
11810,15,177.39999999999873,5,162.19999999999914,move,improve
11811,15,177.39999999999873,5,162.19999999999914,swap,notBad
11812,15,177.39999999999873,5,162.19999999999914,swap,notBad
11813,15,177.39999999999873,5,162.19999999999914,swap,notBad
11814,15,177.39999999999873,5,162.19999999999914,swap,improve
11815,15,177.39999999999873,5,162.19999999999914,2opt,notBad
11816,15,177.39999999999873,5,162.19999999999914,2opt,notBad
11817,15,177.39999999999873,5,162.19999999999914,2opt,notBad
11818,15,177.39999999999873,5,162.19999999999914,swap,notBad
11819,15,177.39999999999873,5,162.19999999999914,swap,notBad
11820,15,177.39999999999873,5,162.19999999999914,swap,notBad
11821,15,177.39999999999873,5,162.19999999999914,2opt,notBad
11822,15,177.39999999999873,5,162.19999999999914,move,improve
11823,15,177.39999999999873,5,162.19999999999914,swap,notBad
11824,15,177.39999999999873,5,162.19999999999914,2opt,notBad
11825,15,177.39999999999873,5,162.19999999999914,swap,notBad
11826,15,177.39999999999873,5,162.19999999999914,move,improve
11827,15,177.39999999999873,5,162.19999999999914,move,improve
11828,15,177.39999999999873,5,162.19999999999914,move,improve
11829,15,177.39999999999873,5,162.19999999999914,move,improve
11830,15,177.39999999999873,5,162.19999999999914,move,improve
11831,15,177.39999999999873,5,162.19999999999914,move,improve
11832,15,177.39999999999873,5,162.19999999999914,swap,notBad
11833,15,177.39999999999873,5,162.19999999999914,move,improve
11834,15,177.39999999999873,5,162.19999999999914,move,improve
11835,15,177.39999999999873,5,162.19999999999914,2opt,notBad
11836,15,177.39999999999873,5,162.19999999999914,swap,notBad
11837,15,177.39999999999873,5,162.19999999999914,swap,notBad
11838,15,177.39999999999873,5,162.19999999999914,2opt,notBad
11839,15,177.39999999999873,5,162.19999999999914,swap,notBad
11840,15,177.39999999999873,5,162.19999999999914,2opt,improve
11841,15,177.39999999999873,5,162.19999999999914,move,improve
11842,15,177.39999999999873,5,162.19999999999914,move,improve
11843,15,177.39999999999873,5,162.19999999999914,2opt,notBad
11844,15,177.39999999999873,5,162.19999999999914,move,improve
11845,15,177.39999999999873,5,162.19999999999914,swap,notBad
11846,15,177.39999999999873,5,162.19999999999914,2opt,notBad
11847,15,177.39999999999873,5,162.19999999999914,swap,notBad
11848,15,177.39999999999873,5,162.19999999999914,2opt,notBad
11849,15,177.39999999999873,5,162.19999999999914,swap,notBad
11850,15,177.39999999999873,5,162.19999999999914,move,improve
11851,15,177.39999999999873,5,162.19999999999914,2opt,notBad
11852,15,177.39999999999873,5,162.19999999999914,2opt,notBad
11853,15,177.39999999999873,5,162.19999999999914,swap,notBad
11854,15,177.39999999999873,5,162.19999999999914,2opt,notBad
11855,15,177.39999999999873,5,162.19999999999914,2opt,improve
11856,15,177.39999999999873,5,162.19999999999914,2opt,notBad
11857,15,177.39999999999873,5,162.19999999999914,swap,notBad
11858,15,177.39999999999873,5,162.19999999999914,2opt,notBad
11859,15,177.39999999999873,5,162.19999999999914,move,improve
11860,15,177.39999999999873,5,162.19999999999914,2opt,notBad
11861,15,177.39999999999873,5,162.19999999999914,move,improve
11862,15,177.39999999999873,5,162.19999999999914,swap,notBad
11863,15,177.39999999999873,5,162.19999999999914,2opt,notBad
11864,15,177.39999999999873,5,162.19999999999914,move,improve
11865,15,177.39999999999873,5,162.19999999999914,2opt,notBad
11866,15,177.39999999999873,5,162.19999999999914,move,improve
11867,15,177.39999999999873,5,162.19999999999914,2opt,notBad
11868,15,177.39999999999873,5,162.19999999999914,2opt,notBad
11869,15,177.39999999999873,5,162.19999999999914,move,improve
11870,15,177.39999999999873,5,162.19999999999914,swap,notBad
11871,15,177.39999999999873,5,162.19999999999914,swap,notBad
11872,15,177.39999999999873,5,162.19999999999914,move,improve
11873,15,177.39999999999873,5,162.19999999999914,swap,notBad
11874,15,177.39999999999873,5,162.19999999999914,2opt,notBad
11875,15,177.39999999999873,5,162.19999999999914,2opt,notBad
11876,15,177.39999999999873,5,162.19999999999914,swap,notBad
11877,15,177.39999999999873,5,162.19999999999914,swap,notBad
11878,15,177.39999999999873,5,162.19999999999914,swap,notBad
11879,15,177.39999999999873,5,162.19999999999914,2opt,notBad
11880,15,177.39999999999873,5,162.19999999999914,swap,notBad
11881,15,177.39999999999873,5,162.19999999999914,swap,notBad
11882,15,177.39999999999873,5,162.19999999999914,2opt,notBad
11883,15,177.39999999999873,5,162.19999999999914,move,improve
11884,15,177.39999999999873,5,162.19999999999914,2opt,notBad
11885,15,177.39999999999873,5,162.19999999999914,move,improve
11886,15,177.39999999999873,5,162.19999999999914,2opt,improve
11887,15,177.39999999999873,5,162.19999999999914,move,improve
11888,15,177.39999999999873,5,162.19999999999914,swap,notBad
11889,15,177.39999999999873,5,162.19999999999914,2opt,notBad
11890,15,177.39999999999873,5,162.19999999999914,move,improve
11891,15,177.39999999999873,5,162.19999999999914,2opt,notBad
11892,15,177.39999999999873,5,162.19999999999914,move,improve
11893,15,177.39999999999873,5,162.19999999999914,move,improve
11894,15,177.39999999999873,5,162.19999999999914,swap,notBad
11895,15,177.39999999999873,5,162.19999999999914,move,improve
11896,15,177.39999999999873,5,162.19999999999914,swap,notBad
11897,15,177.39999999999873,5,162.19999999999914,swap,notBad
11898,15,177.39999999999873,5,162.19999999999914,move,improve
11899,15,177.39999999999873,5,162.19999999999914,move,improve
11900,15,177.39999999999873,5,162.19999999999914,swap,notBad
11901,15,177.39999999999873,5,162.19999999999914,move,improve
11902,15,177.39999999999873,5,162.19999999999914,swap,notBad
11903,15,177.39999999999873,5,162.19999999999914,2opt,notBad
11904,15,177.39999999999873,5,162.19999999999914,move,improve
11905,15,177.39999999999873,5,162.19999999999914,2opt,notBad
11906,15,177.39999999999873,5,162.19999999999914,2opt,notBad
11907,15,177.39999999999873,5,162.19999999999914,swap,notBad
11908,15,177.39999999999873,5,162.19999999999914,2opt,notBad
11909,15,177.39999999999873,5,162.19999999999914,move,improve
11910,15,177.39999999999873,5,162.19999999999914,move,improve
11911,15,177.39999999999873,5,162.19999999999914,move,improve
11912,15,177.39999999999873,5,162.19999999999914,2opt,notBad
11913,15,177.39999999999873,5,162.19999999999914,2opt,notBad
11914,15,177.39999999999873,5,162.19999999999914,swap,notBad
11915,15,177.39999999999873,5,162.19999999999914,swap,notBad
11916,15,177.39999999999873,5,162.19999999999914,2opt,notBad
11917,15,177.39999999999873,5,162.19999999999914,2opt,notBad
11918,15,177.39999999999873,5,162.19999999999914,swap,notBad
11919,15,177.39999999999873,5,162.19999999999914,2opt,notBad
11920,15,177.39999999999873,5,162.19999999999914,swap,notBad
11921,15,177.39999999999873,5,162.19999999999914,move,improve
11922,15,177.39999999999873,5,162.19999999999914,swap,notBad
11923,15,177.39999999999873,5,162.19999999999914,move,improve
11924,15,177.39999999999873,5,162.19999999999914,move,improve
11925,15,177.39999999999873,5,162.19999999999914,swap,notBad
11926,15,177.39999999999873,5,162.19999999999914,move,improve
11927,15,177.39999999999873,5,162.19999999999914,2opt,notBad
11928,15,177.39999999999873,5,162.19999999999914,move,improve
11929,15,177.39999999999873,5,162.19999999999914,move,improve
11930,15,177.39999999999873,5,162.19999999999914,swap,notBad
11931,15,177.39999999999873,5,162.19999999999914,swap,notBad
11932,15,177.39999999999873,5,162.19999999999914,move,improve
11933,15,177.39999999999873,5,162.19999999999914,move,improve
11934,15,177.39999999999873,5,162.19999999999914,2opt,notBad
11935,15,177.39999999999873,5,162.19999999999914,2opt,notBad
11936,15,177.39999999999873,5,162.19999999999914,swap,notBad
11937,15,177.39999999999873,5,162.19999999999914,move,improve
11938,15,177.39999999999873,5,162.19999999999914,2opt,notBad
11939,15,177.39999999999873,5,162.19999999999914,swap,notBad
11940,15,177.39999999999873,5,162.19999999999914,move,improve
11941,15,177.39999999999873,5,162.19999999999914,move,improve
11942,15,177.39999999999873,5,162.19999999999914,swap,notBad
11943,15,177.39999999999873,5,162.19999999999914,swap,notBad
11944,15,177.39999999999873,5,162.19999999999914,2opt,notBad
11945,15,177.39999999999873,5,162.19999999999914,2opt,notBad
11946,15,177.39999999999873,5,162.19999999999914,move,improve
11947,15,177.39999999999873,5,162.19999999999914,2opt,notBad
11948,15,177.39999999999873,5,162.19999999999914,2opt,notBad
11949,15,177.39999999999873,5,162.19999999999914,move,improve
11950,15,177.39999999999873,5,162.19999999999914,move,improve
11951,15,177.39999999999873,5,162.19999999999914,swap,notBad
11952,15,177.39999999999873,5,162.19999999999914,move,improve
11953,15,177.39999999999873,5,162.19999999999914,2opt,improve
11954,15,177.39999999999873,5,162.19999999999914,move,improve
11955,15,177.39999999999873,5,162.19999999999914,swap,notBad
11956,15,177.39999999999873,5,162.19999999999914,swap,notBad
11957,15,177.39999999999873,5,162.19999999999914,swap,notBad
11958,15,177.39999999999873,5,162.19999999999914,swap,notBad
11959,15,177.39999999999873,5,162.19999999999914,swap,notBad
11960,15,177.39999999999873,5,162.19999999999914,move,improve
11961,15,177.39999999999873,5,162.19999999999914,2opt,notBad
11962,15,177.39999999999873,5,162.19999999999914,swap,notBad
11963,15,177.39999999999873,5,162.19999999999914,swap,notBad
11964,15,177.39999999999873,5,162.19999999999914,move,improve
11965,15,177.39999999999873,5,162.19999999999914,move,improve
11966,15,177.39999999999873,5,162.19999999999914,2opt,notBad
11967,15,177.39999999999873,5,162.19999999999914,2opt,notBad
11968,15,177.39999999999873,5,162.19999999999914,move,improve
11969,15,177.39999999999873,5,162.19999999999914,move,improve
11970,15,177.39999999999873,5,162.19999999999914,move,improve
11971,15,177.39999999999873,5,162.19999999999914,move,improve
11972,15,177.39999999999873,5,162.19999999999914,2opt,notBad
11973,15,177.39999999999873,5,162.19999999999914,2opt,notBad
11974,15,177.39999999999873,5,162.19999999999914,move,improve
11975,15,177.39999999999873,5,162.19999999999914,move,improve
11976,15,177.39999999999873,5,162.19999999999914,move,improve
11977,15,177.39999999999873,5,162.19999999999914,move,improve
11978,15,177.39999999999873,5,162.19999999999914,swap,notBad
11979,15,177.39999999999873,5,162.19999999999914,swap,improve
11980,15,177.39999999999873,5,162.19999999999914,2opt,notBad
11981,15,177.39999999999873,5,162.19999999999914,move,improve
11982,15,177.39999999999873,5,162.19999999999914,2opt,notBad
11983,15,177.39999999999873,5,162.19999999999914,swap,notBad
11984,15,177.39999999999873,5,162.19999999999914,swap,notBad
11985,15,177.39999999999873,5,162.19999999999914,swap,notBad
11986,15,177.39999999999873,5,162.19999999999914,move,improve
11987,15,177.39999999999873,5,162.19999999999914,2opt,notBad
11988,15,177.39999999999873,5,162.19999999999914,2opt,notBad
11989,15,177.39999999999873,5,162.19999999999914,move,notBad
11990,15,177.39999999999873,5,162.19999999999914,swap,notBad
11991,15,177.39999999999873,5,162.19999999999914,swap,notBad
11992,15,177.39999999999873,5,162.19999999999914,2opt,notBad
11993,15,177.39999999999873,5,162.19999999999914,2opt,notBad
11994,15,177.39999999999873,5,162.19999999999914,swap,notBad
11995,15,177.39999999999873,5,162.19999999999914,2opt,notBad
11996,15,177.39999999999873,5,162.19999999999914,move,improve
11997,15,177.39999999999873,5,162.19999999999914,move,improve
11998,15,177.39999999999873,5,162.19999999999914,move,improve
11999,15,177.39999999999873,5,162.19999999999914,2opt,notBad
12000,15,177.39999999999873,5,162.19999999999914,swap,notBad
12001,15,177.39999999999873,5,162.19999999999914,2opt,notBad
12002,15,177.39999999999873,5,162.19999999999914,swap,notBad
12003,15,177.39999999999873,5,162.19999999999914,2opt,notBad
12004,15,177.39999999999873,5,162.19999999999914,2opt,notBad
12005,15,177.39999999999873,5,162.19999999999914,swap,notBad
12006,15,177.39999999999873,5,162.19999999999914,swap,notBad
12007,15,177.39999999999873,5,162.19999999999914,2opt,improve
12008,15,177.39999999999873,5,162.19999999999914,move,improve
12009,15,177.39999999999873,5,162.19999999999914,move,improve
12010,15,177.39999999999873,5,162.19999999999914,move,improve
12011,15,177.39999999999873,5,162.19999999999914,move,improve
12012,15,177.39999999999873,5,162.19999999999914,move,improve
12013,15,177.39999999999873,5,162.19999999999914,2opt,notBad
12014,15,177.39999999999873,5,162.19999999999914,2opt,notBad
12015,15,177.39999999999873,5,162.19999999999914,move,improve
12016,15,177.39999999999873,5,162.19999999999914,move,improve
12017,15,177.39999999999873,5,162.19999999999914,move,improve
12018,15,177.39999999999873,5,162.19999999999914,2opt,notBad
12019,15,177.39999999999873,5,162.19999999999914,swap,notBad
12020,15,177.39999999999873,5,162.19999999999914,move,improve
12021,15,177.39999999999873,5,162.19999999999914,2opt,notBad
12022,15,177.39999999999873,5,162.19999999999914,move,improve
12023,15,177.39999999999873,5,162.19999999999914,2opt,notBad
12024,15,177.39999999999873,5,162.19999999999914,swap,notBad
12025,15,177.39999999999873,5,162.19999999999914,2opt,notBad
12026,15,177.39999999999873,5,162.19999999999914,2opt,notBad
12027,15,177.39999999999873,5,162.19999999999914,move,improve
12028,15,177.39999999999873,5,162.19999999999914,2opt,notBad
12029,15,177.39999999999873,5,162.19999999999914,swap,notBad
12030,15,177.39999999999873,5,162.19999999999914,move,improve
12031,15,177.39999999999873,5,162.19999999999914,2opt,notBad
12032,15,177.39999999999873,5,162.19999999999914,2opt,notBad
12033,15,177.39999999999873,5,162.19999999999914,swap,improve
12034,15,177.39999999999873,5,162.19999999999914,2opt,notBad
12035,15,177.39999999999873,5,162.19999999999914,2opt,notBad
12036,15,177.39999999999873,5,162.19999999999914,swap,notBad
12037,15,177.39999999999873,5,162.19999999999914,2opt,notBad
12038,15,177.39999999999873,5,162.19999999999914,2opt,notBad
12039,15,177.39999999999873,5,162.19999999999914,swap,notBad
12040,15,177.39999999999873,5,162.19999999999914,move,improve
12041,15,177.39999999999873,5,162.19999999999914,move,improve
12042,15,177.39999999999873,5,162.19999999999914,2opt,notBad
12043,15,177.39999999999873,5,162.19999999999914,swap,notBad
12044,15,177.39999999999873,5,162.19999999999914,move,improve
12045,15,177.39999999999873,5,162.19999999999914,2opt,notBad
12046,15,177.39999999999873,5,162.19999999999914,2opt,notBad
12047,15,177.39999999999873,5,162.19999999999914,swap,notBad
12048,15,177.39999999999873,5,162.19999999999914,move,improve
12049,15,177.39999999999873,5,162.19999999999914,move,improve
12050,15,177.39999999999873,5,162.19999999999914,move,improve
12051,15,177.39999999999873,5,162.19999999999914,2opt,notBad
12052,15,177.39999999999873,5,162.19999999999914,2opt,notBad
12053,15,177.39999999999873,5,162.19999999999914,move,improve
12054,15,177.39999999999873,5,162.19999999999914,move,improve
12055,15,177.39999999999873,5,162.19999999999914,2opt,notBad
12056,15,177.39999999999873,5,162.19999999999914,swap,notBad
12057,15,177.39999999999873,5,162.19999999999914,swap,notBad
12058,15,177.19999999999914,5,162.19999999999914,move,improve
12059,15,177.19999999999914,5,162.19999999999914,swap,notBad
12060,15,177.19999999999914,5,162.19999999999914,swap,notBad
12061,15,177.19999999999914,5,162.19999999999914,swap,notBad
12062,15,177.19999999999914,5,162.19999999999914,swap,notBad
12063,15,177.19999999999914,5,162.19999999999914,2opt,notBad
12064,15,177.19999999999914,5,162.19999999999914,move,improve
12065,15,177.19999999999914,5,162.19999999999914,2opt,notBad
12066,15,177.19999999999914,5,162.19999999999914,move,improve
12067,15,177.19999999999914,5,162.19999999999914,move,improve
12068,15,177.19999999999914,5,162.19999999999914,swap,notBad
12069,15,177.19999999999914,5,162.19999999999914,swap,notBad
12070,15,177.19999999999914,5,162.19999999999914,2opt,notBad
12071,15,177.19999999999914,5,162.19999999999914,swap,notBad
12072,15,177.19999999999914,5,162.19999999999914,2opt,notBad
12073,15,177.19999999999914,5,162.19999999999914,swap,notBad
12074,15,177.19999999999914,5,162.19999999999914,move,improve
12075,15,177.19999999999914,5,162.19999999999914,2opt,notBad
12076,15,177.19999999999914,5,162.19999999999914,move,improve
12077,15,177.19999999999914,5,162.19999999999914,move,improve
12078,15,177.19999999999914,5,162.19999999999914,2opt,notBad
12079,15,177.19999999999914,5,162.19999999999914,2opt,notBad
12080,15,177.19999999999914,5,162.19999999999914,move,improve
12081,15,177.19999999999914,5,162.19999999999914,move,improve
12082,15,177.19999999999914,5,162.19999999999914,move,improve
12083,15,177.19999999999914,5,162.19999999999914,2opt,improve
12084,15,177.19999999999914,5,162.19999999999914,swap,notBad
12085,15,177.19999999999914,5,162.19999999999914,swap,notBad
12086,15,177.19999999999914,5,162.19999999999914,swap,notBad
12087,15,177.19999999999914,5,162.19999999999914,move,improve
12088,15,177.19999999999914,5,162.19999999999914,2opt,notBad
12089,15,177.19999999999914,5,162.19999999999914,2opt,notBad
12090,15,177.19999999999914,5,162.19999999999914,2opt,notBad
12091,15,177.19999999999914,5,162.19999999999914,2opt,notBad
12092,15,177.19999999999914,5,162.19999999999914,move,improve
12093,15,177.19999999999914,5,162.19999999999914,move,improve
12094,15,177.19999999999914,5,162.19999999999914,move,improve
12095,15,177.19999999999914,5,162.19999999999914,swap,notBad
12096,15,177.19999999999914,5,162.19999999999914,2opt,notBad
12097,15,177.19999999999914,5,162.19999999999914,move,improve
12098,15,177.19999999999914,5,162.19999999999914,move,improve
12099,15,177.19999999999914,5,162.19999999999914,2opt,notBad
12100,15,177.19999999999914,5,162.19999999999914,move,improve
12101,15,177.19999999999914,5,162.19999999999914,swap,notBad
12102,15,177.19999999999914,5,162.19999999999914,move,notBad
12103,15,177.19999999999914,5,162.19999999999914,2opt,notBad
12104,15,177.19999999999914,5,162.19999999999914,2opt,notBad
12105,15,177.19999999999914,5,162.19999999999914,2opt,notBad
12106,15,177.19999999999914,5,162.19999999999914,swap,notBad
12107,15,177.19999999999914,5,162.19999999999914,swap,notBad
12108,15,177.19999999999914,5,162.19999999999914,swap,notBad
12109,15,177.19999999999914,5,162.19999999999914,2opt,notBad
12110,15,177.19999999999914,5,162.19999999999914,move,improve
12111,15,177.19999999999914,5,162.19999999999914,swap,notBad
12112,15,177.19999999999914,5,162.19999999999914,move,improve
12113,15,177.19999999999914,5,162.19999999999914,move,improve
12114,15,177.19999999999914,5,162.19999999999914,swap,notBad
12115,15,177.19999999999914,5,162.19999999999914,2opt,notBad
12116,15,177.19999999999914,5,162.19999999999914,2opt,notBad
12117,15,177.19999999999914,5,162.19999999999914,2opt,notBad
12118,15,177.19999999999914,5,162.19999999999914,move,improve
12119,15,177.19999999999914,5,162.19999999999914,2opt,notBad
12120,15,177.19999999999914,5,162.19999999999914,swap,notBad
12121,15,177.19999999999914,5,162.19999999999914,2opt,notBad
12122,15,177.19999999999914,5,162.19999999999914,move,improve
12123,15,177.19999999999914,5,162.19999999999914,move,improve
12124,15,177.19999999999914,5,162.19999999999914,move,improve
12125,15,177.19999999999914,5,162.19999999999914,move,improve
12126,15,177.19999999999914,5,162.19999999999914,swap,notBad
12127,15,177.19999999999914,5,162.19999999999914,2opt,notBad
12128,15,177.19999999999914,5,162.19999999999914,2opt,notBad
12129,15,177.19999999999914,5,162.19999999999914,swap,notBad
12130,15,177.19999999999914,5,162.19999999999914,swap,notBad
12131,15,177.19999999999914,5,162.19999999999914,2opt,improve
12132,15,177.19999999999914,5,162.19999999999914,swap,notBad
12133,15,177.19999999999914,5,162.19999999999914,swap,notBad
12134,15,177.19999999999914,5,162.19999999999914,2opt,notBad
12135,15,177.19999999999914,5,162.19999999999914,2opt,notBad
12136,15,177.19999999999914,5,162.19999999999914,move,improve
12137,15,177.19999999999914,5,162.19999999999914,swap,notBad
12138,15,177.19999999999914,5,162.19999999999914,swap,notBad
12139,15,177.19999999999914,5,162.19999999999914,move,improve
12140,15,177.19999999999914,5,162.19999999999914,move,improve
12141,15,177.19999999999914,5,162.19999999999914,2opt,improve
12142,15,177.19999999999914,5,162.19999999999914,swap,notBad
12143,15,177.19999999999914,5,162.19999999999914,2opt,notBad
12144,15,177.19999999999914,5,162.19999999999914,swap,notBad
12145,15,177.19999999999914,5,162.19999999999914,move,improve
12146,15,177.19999999999914,5,162.19999999999914,swap,notBad
12147,15,177.19999999999914,5,162.19999999999914,2opt,notBad
12148,15,177.19999999999914,5,162.19999999999914,2opt,notBad
12149,15,177.19999999999914,5,162.19999999999914,swap,notBad
12150,15,177.19999999999914,5,162.19999999999914,2opt,notBad
12151,15,177.19999999999914,5,162.19999999999914,swap,notBad
12152,15,177.19999999999914,5,162.19999999999914,swap,notBad
12153,15,177.19999999999914,5,162.19999999999914,2opt,notBad
12154,15,177.19999999999914,5,162.19999999999914,move,improve
12155,15,177.19999999999914,5,162.19999999999914,2opt,notBad
12156,15,177.19999999999914,5,162.19999999999914,swap,notBad
12157,15,177.19999999999914,5,162.19999999999914,move,improve
12158,15,177.19999999999914,5,162.19999999999914,2opt,notBad
12159,15,177.19999999999914,5,162.19999999999914,swap,notBad
12160,15,177.19999999999914,5,162.19999999999914,swap,notBad
12161,15,177.19999999999914,5,162.19999999999914,swap,notBad
12162,15,177.19999999999914,5,162.19999999999914,swap,notBad
12163,15,177.19999999999914,5,162.19999999999914,move,improve
12164,15,177.19999999999914,5,162.19999999999914,move,improve
12165,15,177.19999999999914,5,162.19999999999914,swap,notBad
12166,15,177.19999999999914,5,162.19999999999914,swap,notBad
12167,15,177.19999999999914,5,162.19999999999914,2opt,notBad
12168,15,177.19999999999914,5,162.19999999999914,move,notBad
12169,15,177.19999999999914,5,162.19999999999914,2opt,notBad
12170,15,177.19999999999914,5,162.19999999999914,move,improve
12171,15,177.19999999999914,5,162.19999999999914,2opt,notBad
12172,15,177.19999999999914,5,162.19999999999914,move,improve
12173,15,177.19999999999914,5,162.19999999999914,move,improve
12174,15,177.19999999999914,5,162.19999999999914,2opt,notBad
12175,15,177.19999999999914,5,162.19999999999914,swap,notBad
12176,15,177.19999999999914,5,162.19999999999914,move,improve
12177,15,177.19999999999914,5,162.19999999999914,swap,notBad
12178,15,177.19999999999914,5,162.19999999999914,2opt,notBad
12179,15,177.19999999999914,5,162.19999999999914,move,improve
12180,15,177.19999999999914,5,162.19999999999914,swap,notBad
12181,15,177.19999999999914,5,162.19999999999914,2opt,notBad
12182,15,177.19999999999914,5,162.19999999999914,move,improve
12183,15,177.19999999999914,5,162.19999999999914,swap,notBad
12184,15,177.19999999999914,5,162.19999999999914,swap,improve
12185,15,177.19999999999914,5,162.19999999999914,move,improve
12186,15,177.19999999999914,5,162.19999999999914,2opt,notBad
12187,15,177.19999999999914,5,162.19999999999914,move,improve
12188,15,177.19999999999914,5,162.19999999999914,move,improve
12189,15,177.19999999999914,5,162.19999999999914,move,improve
12190,15,177.19999999999914,5,162.19999999999914,2opt,notBad
12191,15,177.19999999999914,5,162.19999999999914,move,improve
12192,15,177.19999999999914,5,162.19999999999914,move,improve
12193,15,177.19999999999914,5,162.19999999999914,2opt,notBad
12194,15,177.19999999999914,5,162.19999999999914,swap,notBad
12195,15,177.19999999999914,5,162.19999999999914,move,improve
12196,15,177.19999999999914,5,162.19999999999914,2opt,notBad
12197,15,177.19999999999914,5,162.19999999999914,swap,notBad
12198,15,177.19999999999914,5,162.19999999999914,move,improve
12199,15,177.19999999999914,5,162.19999999999914,move,improve
12200,15,177.19999999999914,5,162.19999999999914,move,improve
12201,15,177.19999999999914,5,162.19999999999914,move,improve
12202,15,177.19999999999914,5,162.19999999999914,swap,notBad
12203,15,177.19999999999914,5,162.19999999999914,2opt,notBad
12204,15,177.19999999999914,5,162.19999999999914,move,improve
12205,15,177.19999999999914,5,162.19999999999914,swap,notBad
12206,15,177.19999999999914,5,162.19999999999914,move,improve
12207,15,177.19999999999914,5,162.19999999999914,move,improve
12208,15,177.19999999999914,5,162.19999999999914,2opt,notBad
12209,15,177.19999999999914,5,162.19999999999914,2opt,notBad
12210,15,177.19999999999914,5,162.19999999999914,move,improve
12211,15,177.19999999999914,5,162.19999999999914,2opt,notBad
12212,15,177.19999999999914,5,162.19999999999914,swap,notBad
12213,15,177.19999999999914,5,162.19999999999914,swap,notBad
12214,15,177.19999999999914,5,162.19999999999914,swap,notBad
12215,15,177.19999999999914,5,162.19999999999914,move,improve
12216,15,177.19999999999914,5,162.19999999999914,move,improve
12217,15,177.19999999999914,5,162.19999999999914,swap,notBad
12218,15,177.19999999999914,5,162.19999999999914,move,improve
12219,15,177.19999999999914,5,162.19999999999914,move,improve
12220,15,177.19999999999914,5,162.19999999999914,move,improve
12221,15,177.19999999999914,5,162.19999999999914,2opt,notBad
12222,15,177.19999999999914,5,162.19999999999914,2opt,notBad
12223,15,177.19999999999914,5,162.19999999999914,move,improve
12224,15,177.19999999999914,5,162.19999999999914,swap,notBad
12225,15,177.19999999999914,5,162.19999999999914,move,improve
12226,15,177.19999999999914,5,162.19999999999914,swap,notBad
12227,15,177.19999999999914,5,162.19999999999914,2opt,improve
12228,15,177.19999999999914,5,162.19999999999914,swap,notBad
12229,15,177.19999999999914,5,162.19999999999914,2opt,notBad
12230,15,177.19999999999914,5,162.19999999999914,2opt,notBad
12231,15,177.19999999999914,5,162.19999999999914,swap,notBad
12232,15,177.19999999999914,5,162.19999999999914,move,improve
12233,15,177.19999999999914,5,162.19999999999914,move,improve
12234,15,177.19999999999914,5,162.19999999999914,move,improve
12235,15,177.19999999999914,5,162.19999999999914,swap,notBad
12236,15,177.19999999999914,5,162.19999999999914,move,improve
12237,15,177.19999999999914,5,162.19999999999914,swap,notBad
12238,15,177.19999999999914,5,162.19999999999914,2opt,notBad
12239,15,177.19999999999914,5,162.19999999999914,move,improve
12240,15,177.19999999999914,5,162.19999999999914,2opt,notBad
12241,15,177.19999999999914,5,162.19999999999914,2opt,notBad
12242,15,177.19999999999914,5,162.19999999999914,swap,notBad
12243,15,177.19999999999914,5,162.19999999999914,2opt,notBad
12244,15,177.19999999999914,5,162.19999999999914,2opt,notBad
12245,15,177.19999999999914,5,162.19999999999914,swap,notBad
12246,15,177.19999999999914,5,162.19999999999914,swap,notBad
12247,15,177.19999999999914,5,162.19999999999914,swap,notBad
12248,15,177.19999999999914,5,162.19999999999914,2opt,notBad
12249,15,177.19999999999914,5,162.19999999999914,move,improve
12250,15,177.19999999999914,5,162.19999999999914,move,improve
12251,15,177.19999999999914,5,162.19999999999914,move,improve
12252,15,177.19999999999914,5,162.19999999999914,2opt,notBad
12253,15,177.19999999999914,5,162.19999999999914,swap,notBad
12254,15,177.19999999999914,5,162.19999999999914,move,improve
12255,15,177.19999999999914,5,162.19999999999914,2opt,notBad
12256,15,177.19999999999914,5,162.19999999999914,2opt,notBad
12257,15,177.19999999999914,5,162.19999999999914,swap,notBad
12258,15,177.19999999999914,5,162.19999999999914,swap,notBad
12259,15,177.19999999999914,5,162.19999999999914,swap,notBad
12260,15,177.19999999999914,5,162.19999999999914,2opt,notBad
12261,15,177.19999999999914,5,162.19999999999914,move,improve
12262,15,177.19999999999914,5,162.19999999999914,2opt,notBad
