i,vehi,obj,vehiBest,objBest,loFunc,note
1,2,666.2199999999999,2,666.2199999999999,move,improve
2,2,673.78,2,666.2199999999999,swap,acceptBad
3,2,673.78,2,666.2199999999999,move,improve
4,2,673.78,2,666.2199999999999,2opt,improve
5,3,1309.1200000000003,2,666.2199999999999,2opt,acceptBad
6,3,1312.0600000000004,2,666.2199999999999,swap,acceptBad
7,3,1300.8200000000002,2,666.2199999999999,move,improve
8,3,988.1400000000003,2,666.2199999999999,move,improve
9,3,1002.2200000000004,2,666.2199999999999,swap,acceptBad
10,3,1000.9000000000003,2,666.2199999999999,move,improve
11,3,960.5200000000006,2,666.2199999999999,move,improve
12,3,955.2400000000005,2,666.2199999999999,swap,improve
13,4,1069.8199999999997,2,666.2199999999999,2opt,acceptBad
14,4,1055.84,2,666.2199999999999,swap,improve
15,4,1083.74,2,666.2199999999999,2opt,acceptBad
16,4,1083.74,2,666.2199999999999,move,improve
17,4,1038.52,2,666.2199999999999,move,improve
18,4,1005.1800000000003,2,666.2199999999999,move,improve
19,4,1120.0800000000002,2,666.2199999999999,swap,acceptBad
20,4,1051.08,2,666.2199999999999,move,improve
21,4,1039.58,2,666.2199999999999,move,improve
22,4,1024.88,2,666.2199999999999,move,improve
23,4,1005.2600000000001,2,666.2199999999999,swap,improve
24,4,1005.62,2,666.2199999999999,swap,acceptBad
25,4,974.9000000000002,2,666.2199999999999,swap,improve
26,4,971.9200000000002,2,666.2199999999999,swap,improve
27,4,999.3400000000001,2,666.2199999999999,swap,acceptBad
28,5,1665.44,2,666.2199999999999,2opt,acceptBad
29,5,1572.5,2,666.2199999999999,move,improve
30,5,1594.7000000000003,2,666.2199999999999,swap,acceptBad
31,5,1619.48,2,666.2199999999999,2opt,acceptBad
32,5,1644.68,2,666.2199999999999,swap,acceptBad
33,5,1684.2800000000004,2,666.2199999999999,2opt,acceptBad
34,5,1686.1400000000003,2,666.2199999999999,2opt,acceptBad
35,5,1651.1999999999998,2,666.2199999999999,2opt,improve
36,5,1585.26,2,666.2199999999999,move,improve
37,6,2753.0600000000004,2,666.2199999999999,2opt,acceptBad
38,6,2688.6000000000004,2,666.2199999999999,swap,improve
39,6,2729.0,2,666.2199999999999,swap,acceptBad
40,6,2618.1200000000003,2,666.2199999999999,move,improve
41,6,1802.4799999999998,2,666.2199999999999,move,improve
42,6,2042.7999999999997,2,666.2199999999999,2opt,acceptBad
43,6,1932.6399999999999,2,666.2199999999999,move,improve
44,6,1923.1599999999999,2,666.2199999999999,2opt,improve
45,6,1884.2199999999998,2,666.2199999999999,swap,improve
46,7,2198.1800000000003,2,666.2199999999999,2opt,acceptBad
47,7,2351.48,2,666.2199999999999,swap,acceptBad
48,8,2624.96,2,666.2199999999999,2opt,acceptBad
49,8,2607.0199999999995,2,666.2199999999999,swap,improve
50,8,2581.22,2,666.2199999999999,swap,improve
51,8,2481.5199999999995,2,666.2199999999999,move,improve
52,9,3641.1800000000003,2,666.2199999999999,2opt,acceptBad
53,9,3641.8399999999997,2,666.2199999999999,2opt,acceptBad
54,9,3534.7799999999997,2,666.2199999999999,move,improve
55,9,3381.9399999999996,2,666.2199999999999,2opt,improve
56,9,3908.2999999999997,2,666.2199999999999,2opt,acceptBad
57,9,3906.7999999999997,2,666.2199999999999,2opt,improve
58,9,4017.1,2,666.2199999999999,swap,acceptBad
59,9,3859.6400000000003,2,666.2199999999999,swap,improve
60,9,3778.58,2,666.2199999999999,move,improve
61,9,4022.4200000000005,2,666.2199999999999,2opt,acceptBad
62,9,3754.9400000000005,2,666.2199999999999,move,improve
63,9,3765.9800000000005,2,666.2199999999999,swap,acceptBad
64,9,3336.6399999999994,2,666.2199999999999,move,improve
65,9,3317.9199999999996,2,666.2199999999999,move,improve
66,10,4362.0,2,666.2199999999999,2opt,acceptBad
67,10,4330.320000000001,2,666.2199999999999,swap,improve
68,10,4330.320000000001,2,666.2199999999999,move,improve
69,10,4329.18,2,666.2199999999999,swap,improve
70,10,4345.14,2,666.2199999999999,2opt,acceptBad
71,10,4344.54,2,666.2199999999999,2opt,improve
72,10,5624.800000000001,2,666.2199999999999,2opt,acceptBad
73,10,4898.98,2,666.2199999999999,move,improve
74,10,4707.26,2,666.2199999999999,move,improve
75,10,4719.24,2,666.2199999999999,swap,acceptBad
76,10,4719.24,2,666.2199999999999,move,improve
77,10,4550.48,2,666.2199999999999,swap,improve
78,10,4556.12,2,666.2199999999999,2opt,acceptBad
79,10,4589.48,2,666.2199999999999,2opt,acceptBad
80,10,4605.5199999999995,2,666.2199999999999,swap,acceptBad
81,10,4102.619999999999,2,666.2199999999999,move,improve
82,10,4124.279999999999,2,666.2199999999999,swap,acceptBad
83,10,4107.139999999999,2,666.2199999999999,swap,improve
84,10,4122.139999999999,2,666.2199999999999,swap,acceptBad
85,10,4455.299999999999,2,666.2199999999999,2opt,acceptBad
86,10,4256.999999999999,2,666.2199999999999,move,improve
87,10,4113.499999999999,2,666.2199999999999,move,improve
88,10,4065.66,2,666.2199999999999,2opt,improve
89,10,4116.0199999999995,2,666.2199999999999,2opt,acceptBad
90,10,3902.48,2,666.2199999999999,move,improve
91,10,4306.76,2,666.2199999999999,swap,acceptBad
92,10,4439.4,2,666.2199999999999,swap,acceptBad
93,11,5582.16,2,666.2199999999999,2opt,acceptBad
94,10,4700.639999999999,2,666.2199999999999,2opt,improve
95,10,4650.620000000002,2,666.2199999999999,swap,improve
96,10,4395.460000000001,2,666.2199999999999,swap,improve
97,10,4080.400000000001,2,666.2199999999999,move,improve
98,10,4085.08,2,666.2199999999999,2opt,acceptBad
99,10,4093.96,2,666.2199999999999,swap,acceptBad
100,10,4093.96,2,666.2199999999999,2opt,improve
101,10,4100.299999999998,2,666.2199999999999,swap,acceptBad
102,10,4191.359999999999,2,666.2199999999999,swap,acceptBad
103,10,4185.959999999998,2,666.2199999999999,swap,improve
104,10,3632.2599999999993,2,666.2199999999999,move,improve
105,10,3530.6800000000003,2,666.2199999999999,move,improve
106,10,3361.6600000000003,2,666.2199999999999,move,improve
107,10,3371.8,2,666.2199999999999,swap,acceptBad
108,10,3163.62,2,666.2199999999999,move,improve
109,10,3148.5,2,666.2199999999999,move,improve
110,10,3173.94,2,666.2199999999999,2opt,acceptBad
111,10,3019.58,2,666.2199999999999,move,improve
112,10,3034.0999999999995,2,666.2199999999999,swap,acceptBad
113,10,3013.5199999999995,2,666.2199999999999,swap,improve
114,10,3527.8199999999997,2,666.2199999999999,swap,acceptBad
115,10,3494.7599999999993,2,666.2199999999999,swap,improve
116,10,3345.24,2,666.2199999999999,move,improve
117,10,3330.58,2,666.2199999999999,move,improve
118,10,3335.26,2,666.2199999999999,swap,acceptBad
119,10,3986.4000000000005,2,666.2199999999999,2opt,acceptBad
120,10,4000.68,2,666.2199999999999,2opt,acceptBad
121,10,4037.9399999999996,2,666.2199999999999,2opt,acceptBad
122,10,4030.4999999999995,2,666.2199999999999,move,improve
123,10,3895.959999999999,2,666.2199999999999,move,improve
124,10,3995.2999999999993,2,666.2199999999999,swap,acceptBad
125,10,4012.9999999999995,2,666.2199999999999,2opt,acceptBad
126,10,3989.1199999999994,2,666.2199999999999,swap,improve
127,11,4555.32,2,666.2199999999999,2opt,acceptBad
128,11,4524.84,2,666.2199999999999,swap,improve
129,11,4420.76,2,666.2199999999999,move,improve
130,11,4227.5,2,666.2199999999999,move,improve
131,11,4141.6,2,666.2199999999999,move,improve
132,11,4111.42,2,666.2199999999999,move,improve
133,12,5969.819999999998,2,666.2199999999999,2opt,acceptBad
134,12,6082.52,2,666.2199999999999,swap,acceptBad
135,12,6101.24,2,666.2199999999999,swap,acceptBad
136,12,6138.2,2,666.2199999999999,swap,acceptBad
137,12,6135.939999999999,2,666.2199999999999,swap,improve
138,12,6128.139999999999,2,666.2199999999999,2opt,improve
139,12,7038.459999999998,2,666.2199999999999,move,acceptBad
140,12,6806.32,2,666.2199999999999,move,improve
141,12,6827.2,2,666.2199999999999,swap,acceptBad
142,12,6827.2,2,666.2199999999999,move,improve
143,12,6909.7,2,666.2199999999999,swap,acceptBad
144,12,6148.1,2,666.2199999999999,move,improve
145,12,6148.1,2,666.2199999999999,move,improve
146,13,8769.599999999999,2,666.2199999999999,2opt,acceptBad
147,13,8502.78,2,666.2199999999999,move,improve
148,13,8433.0,2,666.2199999999999,swap,improve
149,13,8238.760000000002,2,666.2199999999999,swap,improve
150,13,8861.100000000002,2,666.2199999999999,2opt,acceptBad
151,13,8698.68,2,666.2199999999999,move,improve
152,13,8936.679999999998,2,666.2199999999999,2opt,acceptBad
153,13,8317.9,2,666.2199999999999,2opt,improve
154,13,7034.620000000001,2,666.2199999999999,move,improve
155,13,7860.040000000002,2,666.2199999999999,swap,acceptBad
156,13,7472.800000000004,2,666.2199999999999,move,improve
157,13,6997.540000000001,2,666.2199999999999,move,improve
158,13,8511.86,2,666.2199999999999,2opt,acceptBad
159,12,6083.3200000000015,2,666.2199999999999,move,improve
160,12,6083.3200000000015,2,666.2199999999999,2opt,improve
161,12,6000.02,2,666.2199999999999,2opt,improve
162,12,5886.14,2,666.2199999999999,swap,improve
163,12,5670.120000000001,2,666.2199999999999,2opt,improve
164,12,5758.02,2,666.2199999999999,move,acceptBad
165,12,6461.42,2,666.2199999999999,2opt,acceptBad
166,12,6420.5,2,666.2199999999999,2opt,improve
167,12,6471.759999999998,2,666.2199999999999,swap,acceptBad
168,12,6468.699999999999,2,666.2199999999999,swap,improve
169,12,4862.119999999999,2,666.2199999999999,move,improve
170,12,4863.74,2,666.2199999999999,swap,acceptBad
171,12,4865.599999999999,2,666.2199999999999,swap,acceptBad
172,13,7321.0999999999985,2,666.2199999999999,2opt,acceptBad
173,13,7298.119999999999,2,666.2199999999999,swap,improve
174,13,8143.119999999995,2,666.2199999999999,2opt,acceptBad
175,13,7830.700000000001,2,666.2199999999999,move,improve
176,13,7862.259999999999,2,666.2199999999999,2opt,acceptBad
177,13,7965.179999999999,2,666.2199999999999,2opt,acceptBad
178,13,7980.9,2,666.2199999999999,2opt,acceptBad
179,13,6567.72,2,666.2199999999999,move,improve
180,13,5911.86,2,666.2199999999999,move,improve
181,13,5937.42,2,666.2199999999999,2opt,acceptBad
182,13,5887.84,2,666.2199999999999,2opt,improve
183,13,6512.18,2,666.2199999999999,swap,acceptBad
184,13,6133.74,2,666.2199999999999,move,improve
185,13,6233.379999999998,2,666.2199999999999,swap,acceptBad
186,13,6023.139999999999,2,666.2199999999999,move,improve
187,13,5829.459999999999,2,666.2199999999999,move,improve
188,13,5830.839999999997,2,666.2199999999999,2opt,acceptBad
189,13,5800.7199999999975,2,666.2199999999999,swap,improve
190,13,6070.819999999999,2,666.2199999999999,swap,acceptBad
191,13,5902.7599999999975,2,666.2199999999999,move,improve
192,13,5902.7599999999975,2,666.2199999999999,move,improve
193,14,8424.939999999999,2,666.2199999999999,2opt,acceptBad
194,14,8432.2,2,666.2199999999999,2opt,acceptBad
195,14,7897.500000000002,2,666.2199999999999,move,improve
196,14,7876.980000000001,2,666.2199999999999,move,improve
197,14,7664.160000000002,2,666.2199999999999,move,improve
198,14,7679.52,2,666.2199999999999,2opt,acceptBad
199,14,7679.52,2,666.2199999999999,move,improve
200,14,7269.4000000000015,2,666.2199999999999,move,improve
201,14,7253.8600000000015,2,666.2199999999999,2opt,improve
202,14,7322.88,2,666.2199999999999,swap,acceptBad
203,14,7117.500000000002,2,666.2199999999999,move,improve
204,14,7910.8200000000015,2,666.2199999999999,2opt,acceptBad
205,13,7607.880000000002,2,666.2199999999999,2opt,improve
206,13,8240.019999999999,2,666.2199999999999,2opt,acceptBad
207,13,6485.220000000001,2,666.2199999999999,move,improve
208,13,5191.26,2,666.2199999999999,move,improve
209,14,8247.119999999997,2,666.2199999999999,2opt,acceptBad
210,14,8248.379999999997,2,666.2199999999999,2opt,acceptBad
211,13,5376.94,2,666.2199999999999,2opt,improve
212,13,5224.499999999999,2,666.2199999999999,move,improve
213,13,5232.779999999999,2,666.2199999999999,swap,acceptBad
214,13,5167.599999999999,2,666.2199999999999,move,improve
215,13,4898.459999999999,2,666.2199999999999,move,improve
216,13,4812.94,2,666.2199999999999,2opt,improve
217,13,4766.199999999999,2,666.2199999999999,move,improve
218,13,4764.819999999999,2,666.2199999999999,move,improve
219,13,4330.28,2,666.2199999999999,move,improve
220,13,4334.719999999999,2,666.2199999999999,swap,acceptBad
221,13,4330.279999999999,2,666.2199999999999,move,improve
222,13,4329.679999999999,2,666.2199999999999,swap,improve
223,13,4339.4,2,666.2199999999999,2opt,acceptBad
224,13,4396.579999999999,2,666.2199999999999,swap,acceptBad
225,13,4370.119999999999,2,666.2199999999999,2opt,improve
226,13,5480.000000000002,2,666.2199999999999,swap,acceptBad
227,13,5502.080000000002,2,666.2199999999999,2opt,acceptBad
228,13,5055.92,2,666.2199999999999,move,improve
229,13,5094.26,2,666.2199999999999,swap,acceptBad
230,13,4930.16,2,666.2199999999999,move,improve
231,12,3737.9799999999987,2,666.2199999999999,move,improve
232,12,3604.3999999999987,2,666.2199999999999,move,improve
233,12,3361.4399999999996,2,666.2199999999999,move,improve
234,12,3208.7000000000007,2,666.2199999999999,move,improve
235,12,4901.48,2,666.2199999999999,swap,acceptBad
236,12,4185.86,2,666.2199999999999,move,improve
237,12,3842.2400000000007,2,666.2199999999999,move,improve
238,12,3819.980000000001,2,666.2199999999999,swap,improve
239,12,4066.26,2,666.2199999999999,swap,acceptBad
240,12,4616.760000000002,2,666.2199999999999,2opt,acceptBad
241,12,6857.2,2,666.2199999999999,2opt,acceptBad
242,12,6868.359999999998,2,666.2199999999999,2opt,acceptBad
243,12,6809.859999999999,2,666.2199999999999,move,improve
244,12,6583.619999999999,2,666.2199999999999,move,improve
245,13,9071.939999999999,2,666.2199999999999,2opt,acceptBad
246,13,8278.359999999997,2,666.2199999999999,move,improve
247,13,8285.98,2,666.2199999999999,2opt,acceptBad
248,13,7476.34,2,666.2199999999999,move,improve
249,13,7256.96,2,666.2199999999999,move,improve
250,13,7266.24,2,666.2199999999999,swap,acceptBad
251,13,7287.4,2,666.2199999999999,swap,acceptBad
252,13,6919.059999999999,2,666.2199999999999,move,improve
253,13,6530.859999999999,2,666.2199999999999,move,improve
254,13,6531.219999999998,2,666.2199999999999,2opt,acceptBad
255,13,6531.219999999998,2,666.2199999999999,move,improve
256,13,6693.539999999997,2,666.2199999999999,swap,acceptBad
257,13,6905.339999999999,2,666.2199999999999,swap,acceptBad
258,13,6891.540000000003,2,666.2199999999999,2opt,improve
259,13,6891.540000000003,2,666.2199999999999,2opt,improve
260,13,7734.459999999997,2,666.2199999999999,2opt,acceptBad
261,13,9012.68,2,666.2199999999999,2opt,acceptBad
262,13,8908.160000000002,2,666.2199999999999,swap,improve
263,13,8817.140000000001,2,666.2199999999999,swap,improve
264,13,8896.400000000001,2,666.2199999999999,swap,acceptBad
265,13,7561.360000000001,2,666.2199999999999,move,improve
266,13,7392.060000000001,2,666.2199999999999,move,improve
267,13,7391.880000000001,2,666.2199999999999,swap,improve
268,13,7408.32,2,666.2199999999999,swap,acceptBad
269,13,7408.32,2,666.2199999999999,2opt,improve
270,13,7422.839999999999,2,666.2199999999999,swap,acceptBad
271,13,6854.759999999999,2,666.2199999999999,move,improve
272,13,6718.62,2,666.2199999999999,swap,improve
273,13,6325.0199999999995,2,666.2199999999999,move,improve
274,13,6391.94,2,666.2199999999999,swap,acceptBad
275,13,6491.879999999999,2,666.2199999999999,swap,acceptBad
276,13,6001.0199999999995,2,666.2199999999999,swap,improve
277,13,5116.679999999999,2,666.2199999999999,move,improve
278,14,6601.420000000001,2,666.2199999999999,2opt,acceptBad
279,14,6843.180000000002,2,666.2199999999999,2opt,acceptBad
280,14,6652.259999999999,2,666.2199999999999,move,improve
281,14,6624.539999999999,2,666.2199999999999,2opt,improve
282,14,6606.419999999999,2,666.2199999999999,swap,improve
283,14,6605.58,2,666.2199999999999,2opt,improve
284,14,6605.58,2,666.2199999999999,move,improve
285,14,6511.860000000002,2,666.2199999999999,move,improve
286,14,5930.200000000002,2,666.2199999999999,move,improve
287,14,5930.560000000003,2,666.2199999999999,2opt,acceptBad
288,14,5930.440000000002,2,666.2199999999999,move,improve
289,14,6937.46,2,666.2199999999999,swap,acceptBad
290,14,6925.700000000001,2,666.2199999999999,move,improve
291,15,8016.620000000002,2,666.2199999999999,2opt,acceptBad
292,15,8041.4000000000015,2,666.2199999999999,swap,acceptBad
293,15,8495.400000000001,2,666.2199999999999,2opt,acceptBad
294,15,8542.419999999996,2,666.2199999999999,swap,acceptBad
295,15,8542.419999999996,2,666.2199999999999,move,improve
296,15,8428.899999999994,2,666.2199999999999,move,improve
297,15,8145.219999999996,2,666.2199999999999,move,improve
298,16,10254.859999999997,2,666.2199999999999,2opt,acceptBad
299,16,10209.88,2,666.2199999999999,swap,improve
300,16,10157.799999999997,2,666.2199999999999,2opt,improve
301,16,10156.659999999996,2,666.2199999999999,2opt,improve
302,16,9738.059999999996,2,666.2199999999999,move,improve
303,16,9718.020000000002,2,666.2199999999999,2opt,improve
304,16,9713.940000000006,2,666.2199999999999,2opt,improve
305,16,9873.620000000008,2,666.2199999999999,2opt,acceptBad
306,16,10422.540000000003,2,666.2199999999999,2opt,acceptBad
307,16,10455.720000000003,2,666.2199999999999,swap,acceptBad
308,16,10117.040000000006,2,666.2199999999999,move,improve
309,16,9832.540000000003,2,666.2199999999999,swap,improve
310,16,9950.120000000003,2,666.2199999999999,swap,acceptBad
311,16,9695.780000000004,2,666.2199999999999,2opt,improve
312,16,9143.96,2,666.2199999999999,2opt,improve
313,16,9143.96,2,666.2199999999999,move,improve
314,16,8946.400000000001,2,666.2199999999999,move,improve
315,16,8365.88,2,666.2199999999999,move,improve
316,16,8365.939999999999,2,666.2199999999999,swap,acceptBad
317,16,8847.44,2,666.2199999999999,swap,acceptBad
318,16,8754.520000000004,2,666.2199999999999,move,improve
319,16,8093.180000000001,2,666.2199999999999,move,improve
320,17,10711.840000000002,2,666.2199999999999,2opt,acceptBad
321,17,10688.380000000001,2,666.2199999999999,move,improve
322,16,9600.860000000004,2,666.2199999999999,move,improve
323,16,10676.759999999998,2,666.2199999999999,swap,acceptBad
324,16,10674.599999999999,2,666.2199999999999,swap,improve
325,16,10861.04,2,666.2199999999999,swap,acceptBad
326,16,10861.04,2,666.2199999999999,move,improve
327,16,10554.619999999999,2,666.2199999999999,move,improve
328,16,10711.640000000003,2,666.2199999999999,swap,acceptBad
329,16,10065.779999999999,2,666.2199999999999,move,improve
330,16,9702.999999999996,2,666.2199999999999,move,improve
331,16,9267.300000000001,2,666.2199999999999,move,improve
332,16,9648.240000000002,2,666.2199999999999,2opt,acceptBad
333,16,9648.240000000002,2,666.2199999999999,move,improve
334,16,8794.740000000002,2,666.2199999999999,move,improve
335,15,7213.719999999999,2,666.2199999999999,move,improve
336,15,7214.799999999999,2,666.2199999999999,2opt,acceptBad
337,15,8982.519999999999,2,666.2199999999999,swap,acceptBad
338,15,8621.299999999997,2,666.2199999999999,move,improve
339,15,8604.679999999998,2,666.2199999999999,2opt,improve
340,15,8604.679999999998,2,666.2199999999999,move,improve
341,15,8603.600000000004,2,666.2199999999999,2opt,improve
342,15,8618.600000000004,2,666.2199999999999,swap,acceptBad
343,15,8302.220000000001,2,666.2199999999999,move,improve
344,15,8969.240000000005,2,666.2199999999999,swap,acceptBad
345,15,9463.999999999993,2,666.2199999999999,2opt,acceptBad
346,15,9455.659999999994,2,666.2199999999999,swap,improve
347,15,7913.140000000003,2,666.2199999999999,2opt,improve
348,15,7476.300000000003,2,666.2199999999999,move,improve
349,15,7472.32,2,666.2199999999999,swap,improve
350,15,7495.24,2,666.2199999999999,2opt,acceptBad
351,15,7108.360000000001,2,666.2199999999999,move,improve
352,15,7530.140000000005,2,666.2199999999999,2opt,acceptBad
353,15,7042.580000000007,2,666.2199999999999,move,improve
354,15,6839.360000000005,2,666.2199999999999,swap,improve
355,15,8749.060000000005,2,666.2199999999999,2opt,acceptBad
356,15,8536.100000000006,2,666.2199999999999,move,improve
357,15,7125.420000000004,2,666.2199999999999,move,improve
358,15,9136.380000000001,2,666.2199999999999,swap,acceptBad
359,15,9460.260000000002,2,666.2199999999999,swap,acceptBad
360,15,9451.26,2,666.2199999999999,2opt,improve
361,15,9460.32,2,666.2199999999999,swap,acceptBad
362,15,9439.56,2,666.2199999999999,swap,improve
363,15,9438.900000000001,2,666.2199999999999,2opt,improve
364,15,10716.859999999997,2,666.2199999999999,swap,acceptBad
365,15,10729.939999999997,2,666.2199999999999,swap,acceptBad
366,15,10685.259999999998,2,666.2199999999999,2opt,improve
367,15,12202.239999999994,2,666.2199999999999,2opt,acceptBad
368,15,12192.399999999994,2,666.2199999999999,swap,improve
369,15,12727.399999999994,2,666.2199999999999,2opt,acceptBad
370,15,11609.299999999996,2,666.2199999999999,move,improve
371,15,11152.519999999991,2,666.2199999999999,2opt,improve
372,15,11137.399999999987,2,666.2199999999999,2opt,improve
373,15,11009.559999999994,2,666.2199999999999,swap,improve
374,15,11006.019999999993,2,666.2199999999999,swap,improve
375,15,10109.899999999994,2,666.2199999999999,move,improve
376,15,9896.939999999993,2,666.2199999999999,move,improve
377,15,9916.739999999994,2,666.2199999999999,2opt,acceptBad
378,15,9916.739999999994,2,666.2199999999999,2opt,improve
379,15,10038.019999999993,2,666.2199999999999,2opt,acceptBad
380,15,9923.819999999994,2,666.2199999999999,move,improve
381,15,9621.079999999994,2,666.2199999999999,2opt,improve
382,15,10665.299999999997,2,666.2199999999999,swap,acceptBad
383,15,10622.519999999993,2,666.2199999999999,swap,improve
384,15,11401.719999999996,2,666.2199999999999,2opt,acceptBad
385,14,9127.879999999997,2,666.2199999999999,move,improve
386,14,9657.279999999997,2,666.2199999999999,swap,acceptBad
387,14,9735.519999999997,2,666.2199999999999,swap,acceptBad
388,14,9293.519999999997,2,666.2199999999999,move,improve
389,14,9272.279999999995,2,666.2199999999999,swap,improve
390,14,8566.919999999998,2,666.2199999999999,move,improve
391,14,8566.919999999998,2,666.2199999999999,move,improve
392,13,6996.48,2,666.2199999999999,2opt,improve
393,13,6846.96,2,666.2199999999999,move,improve
394,13,7580.24,2,666.2199999999999,2opt,acceptBad
395,13,7566.98,2,666.2199999999999,2opt,improve
396,13,7454.240000000002,2,666.2199999999999,swap,improve
397,13,7139.06,2,666.2199999999999,move,improve
398,13,6992.02,2,666.2199999999999,move,improve
399,13,7227.380000000001,2,666.2199999999999,swap,acceptBad
400,13,7689.760000000002,2,666.2199999999999,2opt,acceptBad
401,13,7713.159999999999,2,666.2199999999999,swap,acceptBad
402,13,7648.299999999998,2,666.2199999999999,move,improve
403,13,7465.319999999998,2,666.2199999999999,move,improve
404,13,7514.599999999998,2,666.2199999999999,swap,acceptBad
405,13,7497.739999999999,2,666.2199999999999,move,improve
406,13,7541.879999999998,2,666.2199999999999,2opt,acceptBad
407,13,7541.879999999998,2,666.2199999999999,move,improve
408,13,7150.5999999999985,2,666.2199999999999,2opt,improve
409,13,6772.779999999999,2,666.2199999999999,move,improve
410,13,6119.959999999997,2,666.2199999999999,move,improve
411,13,6175.219999999999,2,666.2199999999999,2opt,acceptBad
412,13,6170.24,2,666.2199999999999,2opt,improve
413,13,6186.539999999999,2,666.2199999999999,swap,acceptBad
414,13,6915.5,2,666.2199999999999,swap,acceptBad
415,13,6549.700000000003,2,666.2199999999999,move,improve
416,13,6485.92,2,666.2199999999999,2opt,improve
417,13,6453.099999999999,2,666.2199999999999,move,improve
418,13,6447.039999999999,2,666.2199999999999,2opt,improve
419,13,6484.879999999999,2,666.2199999999999,2opt,acceptBad
420,13,6486.62,2,666.2199999999999,2opt,acceptBad
421,13,6485.840000000001,2,666.2199999999999,2opt,improve
422,13,6485.840000000001,2,666.2199999999999,move,improve
423,13,6132.9400000000005,2,666.2199999999999,swap,improve
424,13,6132.9400000000005,2,666.2199999999999,move,improve
425,13,6132.9400000000005,2,666.2199999999999,move,improve
426,13,6004.72,2,666.2199999999999,move,improve
427,13,5990.8,2,666.2199999999999,2opt,improve
428,13,5720.380000000001,2,666.2199999999999,move,improve
429,13,5484.0999999999985,2,666.2199999999999,move,improve
430,13,5744.399999999998,2,666.2199999999999,swap,acceptBad
431,13,6528.279999999998,2,666.2199999999999,2opt,acceptBad
432,13,6603.219999999998,2,666.2199999999999,swap,acceptBad
433,13,6388.659999999998,2,666.2199999999999,move,improve
434,13,6227.259999999999,2,666.2199999999999,move,improve
435,13,6030.459999999999,2,666.2199999999999,move,improve
436,13,5972.919999999999,2,666.2199999999999,swap,improve
437,13,5708.599999999999,2,666.2199999999999,swap,improve
438,13,5280.139999999999,2,666.2199999999999,move,improve
439,13,6185.6,2,666.2199999999999,2opt,acceptBad
440,13,6850.039999999999,2,666.2199999999999,2opt,acceptBad
441,13,6582.0599999999995,2,666.2199999999999,move,improve
442,13,6221.760000000001,2,666.2199999999999,move,improve
443,13,6052.3,2,666.2199999999999,2opt,improve
444,13,6097.4,2,666.2199999999999,swap,acceptBad
445,13,6132.739999999999,2,666.2199999999999,swap,acceptBad
446,13,6114.919999999999,2,666.2199999999999,2opt,improve
447,13,6134.5,2,666.2199999999999,swap,acceptBad
448,13,6135.519999999999,2,666.2199999999999,2opt,acceptBad
449,13,6125.439999999999,2,666.2199999999999,2opt,improve
450,13,6125.439999999999,2,666.2199999999999,2opt,notBad
451,13,6125.439999999999,2,666.2199999999999,move,improve
452,13,6256.780000000001,2,666.2199999999999,swap,acceptBad
453,13,6998.4800000000005,2,666.2199999999999,swap,acceptBad
454,13,6781.76,2,666.2199999999999,move,improve
455,13,5985.5599999999995,2,666.2199999999999,move,improve
456,13,5833.0999999999985,2,666.2199999999999,move,improve
457,13,5505.779999999999,2,666.2199999999999,move,improve
458,13,5515.259999999999,2,666.2199999999999,swap,acceptBad
459,13,5198.879999999999,2,666.2199999999999,2opt,improve
460,13,4931.019999999999,2,666.2199999999999,move,improve
461,13,4950.519999999999,2,666.2199999999999,swap,acceptBad
462,13,4790.079999999998,2,666.2199999999999,move,improve
463,13,4790.079999999998,2,666.2199999999999,move,improve
464,13,4831.899999999999,2,666.2199999999999,swap,acceptBad
465,13,4579.28,2,666.2199999999999,move,improve
466,13,4474.12,2,666.2199999999999,2opt,improve
467,13,4473.099999999999,2,666.2199999999999,swap,improve
468,13,4473.099999999999,2,666.2199999999999,move,improve
469,13,4471.719999999999,2,666.2199999999999,move,improve
470,13,4480.24,2,666.2199999999999,swap,acceptBad
471,13,4363.679999999999,2,666.2199999999999,move,improve
472,13,4363.74,2,666.2199999999999,2opt,acceptBad
473,13,4346.279999999999,2,666.2199999999999,move,improve
474,13,4181.479999999999,2,666.2199999999999,move,improve
475,13,4175.899999999999,2,666.2199999999999,swap,improve
476,13,4173.559999999999,2,666.2199999999999,swap,improve
477,13,4173.559999999999,2,666.2199999999999,move,improve
478,13,4687.339999999999,2,666.2199999999999,2opt,acceptBad
479,13,4687.339999999999,2,666.2199999999999,move,improve
480,13,4688.599999999999,2,666.2199999999999,2opt,acceptBad
481,13,4643.779999999998,2,666.2199999999999,2opt,improve
482,13,4888.12,2,666.2199999999999,swap,acceptBad
483,13,4922.599999999999,2,666.2199999999999,swap,acceptBad
484,13,4956.259999999999,2,666.2199999999999,2opt,acceptBad
485,13,5833.56,2,666.2199999999999,2opt,acceptBad
486,13,5827.520000000002,2,666.2199999999999,swap,improve
487,13,5457.560000000002,2,666.2199999999999,move,improve
488,13,5491.040000000003,2,666.2199999999999,swap,acceptBad
489,13,5478.500000000003,2,666.2199999999999,swap,improve
490,13,5494.700000000003,2,666.2199999999999,2opt,acceptBad
491,13,5428.360000000002,2,666.2199999999999,swap,improve
492,13,5328.340000000001,2,666.2199999999999,move,improve
493,13,5330.26,2,666.2199999999999,2opt,acceptBad
494,13,5492.84,2,666.2199999999999,swap,acceptBad
495,13,5492.300000000001,2,666.2199999999999,swap,improve
496,13,6266.480000000003,2,666.2199999999999,swap,acceptBad
497,13,6047.920000000002,2,666.2199999999999,2opt,improve
498,13,6044.96,2,666.2199999999999,swap,improve
499,13,5707.1,2,666.2199999999999,move,improve
500,13,5732.24,2,666.2199999999999,swap,acceptBad
501,13,5491.940000000002,2,666.2199999999999,move,improve
502,13,5506.700000000002,2,666.2199999999999,2opt,acceptBad
503,13,5511.800000000001,2,666.2199999999999,swap,acceptBad
504,13,6251.800000000003,2,666.2199999999999,2opt,acceptBad
505,13,6615.400000000002,2,666.2199999999999,2opt,acceptBad
506,13,6741.600000000001,2,666.2199999999999,swap,acceptBad
507,13,6758.420000000001,2,666.2199999999999,2opt,acceptBad
508,13,6466.880000000003,2,666.2199999999999,move,improve
509,13,6304.040000000003,2,666.2199999999999,move,improve
510,13,6334.760000000001,2,666.2199999999999,swap,acceptBad
511,13,6111.560000000001,2,666.2199999999999,2opt,improve
512,13,5880.080000000002,2,666.2199999999999,move,improve
513,13,5878.940000000004,2,666.2199999999999,2opt,improve
514,13,6106.300000000005,2,666.2199999999999,swap,acceptBad
515,13,5652.500000000004,2,666.2199999999999,move,improve
516,13,5546.840000000002,2,666.2199999999999,move,improve
517,13,6646.340000000002,2,666.2199999999999,2opt,acceptBad
518,13,6646.340000000002,2,666.2199999999999,2opt,improve
519,13,6637.400000000002,2,666.2199999999999,2opt,improve
520,14,7881.9400000000005,2,666.2199999999999,2opt,acceptBad
521,14,7713.200000000002,2,666.2199999999999,move,improve
522,14,7852.419999999999,2,666.2199999999999,2opt,acceptBad
523,14,7889.299999999998,2,666.2199999999999,swap,acceptBad
524,14,7884.92,2,666.2199999999999,2opt,improve
525,14,6501.439999999999,2,666.2199999999999,move,improve
526,14,6733.82,2,666.2199999999999,swap,acceptBad
527,14,6554.179999999999,2,666.2199999999999,move,improve
528,14,6553.7,2,666.2199999999999,2opt,improve
529,14,6674.72,2,666.2199999999999,swap,acceptBad
530,14,6582.480000000002,2,666.2199999999999,swap,improve
531,14,7486.640000000002,2,666.2199999999999,move,acceptBad
532,14,7341.300000000002,2,666.2199999999999,2opt,improve
533,14,7322.120000000002,2,666.2199999999999,move,improve
534,14,6898.139999999998,2,666.2199999999999,move,improve
535,14,6550.379999999998,2,666.2199999999999,move,improve
536,14,6787.240000000001,2,666.2199999999999,2opt,acceptBad
537,14,6679.82,2,666.2199999999999,move,improve
538,14,6785.04,2,666.2199999999999,swap,acceptBad
539,14,6782.48,2,666.2199999999999,swap,improve
540,14,6796.920000000002,2,666.2199999999999,2opt,acceptBad
541,14,6573.240000000001,2,666.2199999999999,move,improve
542,14,7506.1,2,666.2199999999999,swap,acceptBad
543,14,7946.720000000001,2,666.2199999999999,2opt,acceptBad
544,14,8053.2400000000025,2,666.2199999999999,2opt,acceptBad
545,14,8556.700000000003,2,666.2199999999999,2opt,acceptBad
546,14,8263.6,2,666.2199999999999,move,improve
547,14,8063.26,2,666.2199999999999,swap,improve
548,14,7994.940000000001,2,666.2199999999999,move,improve
549,14,7392.539999999999,2,666.2199999999999,move,improve
550,14,7377.6799999999985,2,666.2199999999999,swap,improve
551,14,7470.180000000002,2,666.2199999999999,swap,acceptBad
552,14,7277.480000000003,2,666.2199999999999,move,improve
553,14,7179.060000000002,2,666.2199999999999,2opt,improve
554,14,7375.660000000001,2,666.2199999999999,2opt,acceptBad
555,14,7399.900000000001,2,666.2199999999999,swap,acceptBad
556,14,7399.900000000001,2,666.2199999999999,move,improve
557,14,7728.520000000001,2,666.2199999999999,2opt,acceptBad
558,14,7771.280000000002,2,666.2199999999999,swap,acceptBad
559,14,7768.580000000002,2,666.2199999999999,swap,improve
560,14,7781.240000000001,2,666.2199999999999,2opt,acceptBad
561,14,7548.419999999999,2,666.2199999999999,move,improve
562,14,7983.319999999996,2,666.2199999999999,2opt,acceptBad
563,14,7977.859999999996,2,666.2199999999999,2opt,improve
564,14,7357.64,2,666.2199999999999,2opt,improve
565,14,7316.54,2,666.2199999999999,swap,improve
566,14,7264.799999999999,2,666.2199999999999,swap,improve
567,14,7642.94,2,666.2199999999999,swap,acceptBad
568,14,8601.959999999997,2,666.2199999999999,2opt,acceptBad
569,14,8111.3600000000015,2,666.2199999999999,2opt,improve
570,14,7910.48,2,666.2199999999999,move,improve
571,14,8108.52,2,666.2199999999999,swap,acceptBad
572,14,7731.0199999999995,2,666.2199999999999,move,improve
573,14,6863.339999999999,2,666.2199999999999,move,improve
574,14,6805.88,2,666.2199999999999,2opt,improve
575,14,6633.320000000002,2,666.2199999999999,move,improve
576,14,7670.5199999999995,2,666.2199999999999,swap,acceptBad
577,14,8441.199999999995,2,666.2199999999999,2opt,acceptBad
578,14,8179.939999999996,2,666.2199999999999,move,improve
579,14,7729.519999999995,2,666.2199999999999,move,improve
580,14,7703.72,2,666.2199999999999,2opt,improve
581,13,5630.100000000002,2,666.2199999999999,move,improve
582,13,5449.300000000002,2,666.2199999999999,move,improve
583,13,5159.180000000001,2,666.2199999999999,move,improve
584,13,6227.26,2,666.2199999999999,2opt,acceptBad
585,13,5744.499999999998,2,666.2199999999999,move,improve
586,14,8693.219999999998,2,666.2199999999999,2opt,acceptBad
587,14,7809.279999999995,2,666.2199999999999,move,improve
588,14,6675.6799999999985,2,666.2199999999999,move,improve
589,14,6663.939999999998,2,666.2199999999999,swap,improve
590,14,6458.559999999998,2,666.2199999999999,move,improve
591,14,7871.5599999999995,2,666.2199999999999,2opt,acceptBad
592,14,7923.159999999998,2,666.2199999999999,swap,acceptBad
593,14,7417.099999999998,2,666.2199999999999,move,improve
594,14,7762.32,2,666.2199999999999,2opt,acceptBad
595,14,7114.420000000003,2,666.2199999999999,move,improve
596,14,7200.940000000004,2,666.2199999999999,swap,acceptBad
597,14,7200.940000000004,2,666.2199999999999,move,improve
598,14,7187.500000000004,2,666.2199999999999,2opt,improve
599,14,7064.6200000000035,2,666.2199999999999,move,improve
600,14,7070.260000000003,2,666.2199999999999,swap,acceptBad
601,14,6993.880000000004,2,666.2199999999999,swap,improve
602,14,6935.680000000004,2,666.2199999999999,swap,improve
603,14,6935.680000000004,2,666.2199999999999,move,improve
604,14,8307.920000000002,2,666.2199999999999,2opt,acceptBad
605,14,8417.380000000003,2,666.2199999999999,2opt,acceptBad
606,14,8517.760000000002,2,666.2199999999999,swap,acceptBad
607,13,6772.54,2,666.2199999999999,move,improve
608,13,6782.26,2,666.2199999999999,2opt,acceptBad
609,13,6846.639999999999,2,666.2199999999999,swap,acceptBad
610,13,6350.320000000001,2,666.2199999999999,move,improve
611,13,6627.880000000002,2,666.2199999999999,swap,acceptBad
612,13,8161.720000000003,2,666.2199999999999,2opt,acceptBad
613,13,8149.06,2,666.2199999999999,2opt,improve
614,13,8186.980000000002,2,666.2199999999999,2opt,acceptBad
615,13,6570.560000000001,2,666.2199999999999,move,improve
616,13,6570.560000000001,2,666.2199999999999,2opt,notBad
617,13,6561.3200000000015,2,666.2199999999999,2opt,improve
618,13,7741.44,2,666.2199999999999,swap,acceptBad
619,13,7755.3,2,666.2199999999999,2opt,acceptBad
620,14,8965.54,2,666.2199999999999,2opt,acceptBad
621,14,9298.940000000002,2,666.2199999999999,2opt,acceptBad
622,14,8877.559999999998,2,666.2199999999999,move,improve
623,14,9050.060000000001,2,666.2199999999999,swap,acceptBad
624,14,9050.060000000001,2,666.2199999999999,2opt,improve
625,14,9050.060000000001,2,666.2199999999999,move,improve
626,14,9045.920000000002,2,666.2199999999999,swap,improve
627,14,9045.920000000002,2,666.2199999999999,move,improve
628,14,8811.220000000001,2,666.2199999999999,move,improve
629,14,10437.080000000005,2,666.2199999999999,2opt,acceptBad
630,15,12834.140000000003,2,666.2199999999999,2opt,acceptBad
631,15,12834.140000000003,2,666.2199999999999,move,improve
632,15,13075.820000000003,2,666.2199999999999,swap,acceptBad
633,15,12307.840000000004,2,666.2199999999999,swap,improve
634,15,11253.100000000002,2,666.2199999999999,move,improve
635,15,10842.840000000002,2,666.2199999999999,2opt,improve
636,15,12084.440000000008,2,666.2199999999999,swap,acceptBad
637,15,12118.000000000007,2,666.2199999999999,swap,acceptBad
638,15,12117.34000000001,2,666.2199999999999,swap,improve
639,15,12125.32000000001,2,666.2199999999999,swap,acceptBad
640,15,12218.700000000006,2,666.2199999999999,2opt,acceptBad
641,15,11270.500000000002,2,666.2199999999999,move,improve
642,15,10026.380000000003,2,666.2199999999999,move,improve
643,15,9964.88,2,666.2199999999999,swap,improve
644,15,9529.800000000001,2,666.2199999999999,move,improve
645,15,9395.960000000003,2,666.2199999999999,swap,improve
646,15,9420.4,2,666.2199999999999,swap,acceptBad
647,15,9322.76,2,666.2199999999999,swap,improve
648,15,9188.6,2,666.2199999999999,swap,improve
649,15,9188.6,2,666.2199999999999,2opt,improve
650,15,10569.900000000005,2,666.2199999999999,2opt,acceptBad
651,15,10577.500000000005,2,666.2199999999999,swap,acceptBad
652,15,10644.640000000005,2,666.2199999999999,swap,acceptBad
653,15,11298.260000000006,2,666.2199999999999,2opt,acceptBad
654,15,11290.400000000005,2,666.2199999999999,2opt,improve
655,15,11325.740000000007,2,666.2199999999999,swap,acceptBad
656,15,11291.960000000006,2,666.2199999999999,2opt,improve
657,15,11327.540000000006,2,666.2199999999999,swap,acceptBad
658,15,11081.200000000003,2,666.2199999999999,swap,improve
659,15,11268.620000000003,2,666.2199999999999,2opt,acceptBad
660,15,11250.260000000004,2,666.2199999999999,2opt,improve
661,15,12362.240000000003,2,666.2199999999999,2opt,acceptBad
662,15,11485.140000000003,2,666.2199999999999,move,improve
663,14,10592.36,2,666.2199999999999,2opt,improve
664,14,10592.36,2,666.2199999999999,2opt,improve
665,14,10591.820000000002,2,666.2199999999999,swap,improve
666,14,10581.2,2,666.2199999999999,2opt,improve
667,14,10592.300000000001,2,666.2199999999999,swap,acceptBad
668,13,8209.920000000002,2,666.2199999999999,move,improve
669,13,8892.000000000002,2,666.2199999999999,2opt,acceptBad
670,13,8426.300000000001,2,666.2199999999999,move,improve
671,13,8422.760000000002,2,666.2199999999999,swap,improve
672,13,8408.420000000002,2,666.2199999999999,swap,improve
673,13,8354.36,2,666.2199999999999,swap,improve
674,13,8349.860000000002,2,666.2199999999999,2opt,improve
675,13,8190.960000000001,2,666.2199999999999,swap,improve
676,13,8131.420000000002,2,666.2199999999999,2opt,improve
677,13,8528.060000000001,2,666.2199999999999,2opt,acceptBad
678,13,8637.039999999999,2,666.2199999999999,swap,acceptBad
679,13,8337.84,2,666.2199999999999,move,improve
680,13,8317.5,2,666.2199999999999,swap,improve
681,13,7626.340000000001,2,666.2199999999999,move,improve
682,14,10221.44,2,666.2199999999999,2opt,acceptBad
683,14,9141.060000000001,2,666.2199999999999,move,improve
684,15,10172.140000000001,2,666.2199999999999,2opt,acceptBad
685,15,10201.040000000003,2,666.2199999999999,swap,acceptBad
686,15,10195.880000000001,2,666.2199999999999,2opt,improve
687,15,10088.659999999998,2,666.2199999999999,2opt,improve
688,15,9560.82,2,666.2199999999999,swap,improve
689,15,9292.140000000001,2,666.2199999999999,move,improve
690,15,9169.96,2,666.2199999999999,swap,improve
691,15,9730.640000000001,2,666.2199999999999,swap,acceptBad
692,15,9734.42,2,666.2199999999999,2opt,acceptBad
693,15,10180.979999999998,2,666.2199999999999,swap,acceptBad
694,15,10112.839999999997,2,666.2199999999999,2opt,improve
695,15,10120.699999999995,2,666.2199999999999,2opt,acceptBad
696,15,9614.84,2,666.2199999999999,2opt,improve
697,14,8318.759999999995,2,666.2199999999999,2opt,improve
698,14,8306.739999999994,2,666.2199999999999,swap,improve
699,14,8240.019999999999,2,666.2199999999999,move,improve
700,14,8463.499999999996,2,666.2199999999999,2opt,acceptBad
701,14,8457.86,2,666.2199999999999,2opt,improve
702,14,8572.740000000002,2,666.2199999999999,swap,acceptBad
703,14,8212.920000000002,2,666.2199999999999,move,improve
704,14,8212.920000000002,2,666.2199999999999,2opt,improve
705,14,8138.56,2,666.2199999999999,2opt,improve
706,14,8202.019999999999,2,666.2199999999999,swap,acceptBad
707,14,8231.619999999999,2,666.2199999999999,2opt,acceptBad
708,14,8740.800000000005,2,666.2199999999999,2opt,acceptBad
709,14,8686.580000000005,2,666.2199999999999,swap,improve
710,14,9291.839999999998,2,666.2199999999999,2opt,acceptBad
711,14,9129.819999999998,2,666.2199999999999,move,improve
712,14,9567.64,2,666.2199999999999,swap,acceptBad
713,14,9595.960000000005,2,666.2199999999999,2opt,acceptBad
714,14,9416.560000000005,2,666.2199999999999,move,improve
715,14,9416.560000000005,2,666.2199999999999,move,improve
716,14,9121.680000000004,2,666.2199999999999,swap,improve
717,14,10343.68,2,666.2199999999999,2opt,acceptBad
718,14,11160.300000000003,2,666.2199999999999,2opt,acceptBad
719,14,10867.18,2,666.2199999999999,move,improve
720,14,11470.380000000001,2,666.2199999999999,swap,acceptBad
721,14,9786.900000000001,2,666.2199999999999,move,improve
722,14,9661.360000000004,2,666.2199999999999,move,improve
723,14,9258.100000000002,2,666.2199999999999,move,improve
724,14,8605.860000000002,2,666.2199999999999,2opt,improve
725,14,8605.620000000003,2,666.2199999999999,2opt,improve
726,14,7730.800000000001,2,666.2199999999999,move,improve
727,14,7767.520000000001,2,666.2199999999999,swap,acceptBad
728,14,7731.760000000001,2,666.2199999999999,move,improve
729,14,7888.8,2,666.2199999999999,move,acceptBad
730,14,7885.38,2,666.2199999999999,2opt,improve
731,14,7897.300000000001,2,666.2199999999999,2opt,acceptBad
732,14,7745.160000000002,2,666.2199999999999,move,improve
733,14,7552.220000000002,2,666.2199999999999,move,improve
734,14,7764.140000000002,2,666.2199999999999,swap,acceptBad
735,14,7760.720000000003,2,666.2199999999999,swap,improve
736,14,7760.720000000003,2,666.2199999999999,move,improve
737,14,7747.040000000004,2,666.2199999999999,swap,improve
738,14,7747.040000000004,2,666.2199999999999,move,improve
739,14,7702.020000000002,2,666.2199999999999,swap,improve
740,14,7464.300000000002,2,666.2199999999999,move,improve
741,14,7276.060000000001,2,666.2199999999999,move,improve
742,14,7050.940000000002,2,666.2199999999999,move,improve
743,14,6995.220000000002,2,666.2199999999999,move,improve
744,14,6839.300000000002,2,666.2199999999999,move,improve
745,14,6494.720000000001,2,666.2199999999999,swap,improve
746,14,6442.140000000002,2,666.2199999999999,swap,improve
747,14,6250.8200000000015,2,666.2199999999999,move,improve
748,14,6695.720000000001,2,666.2199999999999,swap,acceptBad
749,14,6855.820000000003,2,666.2199999999999,2opt,acceptBad
750,14,6977.800000000004,2,666.2199999999999,swap,acceptBad
751,14,6986.919999999998,2,666.2199999999999,2opt,acceptBad
752,14,7213.039999999999,2,666.2199999999999,2opt,acceptBad
753,14,8318.42,2,666.2199999999999,swap,acceptBad
754,14,8052.839999999998,2,666.2199999999999,move,improve
755,13,6968.099999999999,2,666.2199999999999,move,improve
756,13,6956.4,2,666.2199999999999,2opt,improve
757,13,7135.839999999998,2,666.2199999999999,swap,acceptBad
758,13,6887.32,2,666.2199999999999,move,improve
759,13,6886.900000000001,2,666.2199999999999,2opt,improve
760,13,5962.34,2,666.2199999999999,move,improve
761,13,6255.079999999999,2,666.2199999999999,2opt,acceptBad
762,12,5336.08,2,666.2199999999999,2opt,improve
763,12,5336.08,2,666.2199999999999,move,improve
764,12,4488.54,2,666.2199999999999,2opt,improve
765,12,4488.54,2,666.2199999999999,move,improve
766,12,4387.76,2,666.2199999999999,swap,improve
767,12,4407.9800000000005,2,666.2199999999999,2opt,acceptBad
768,12,4214.84,2,666.2199999999999,move,improve
769,12,4211.12,2,666.2199999999999,2opt,improve
770,11,2740.0,2,666.2199999999999,move,improve
771,11,2728.54,2,666.2199999999999,swap,improve
772,12,4158.9,2,666.2199999999999,2opt,acceptBad
773,12,4463.04,2,666.2199999999999,swap,acceptBad
774,12,4235.4400000000005,2,666.2199999999999,move,improve
775,12,4228.18,2,666.2199999999999,move,improve
776,12,4641.92,2,666.2199999999999,swap,acceptBad
777,12,4883.68,2,666.2199999999999,2opt,acceptBad
778,12,4392.08,2,666.2199999999999,move,improve
779,12,4216.92,2,666.2199999999999,move,improve
780,12,4218.0,2,666.2199999999999,swap,acceptBad
781,12,4218.0,2,666.2199999999999,move,improve
782,12,4650.34,2,666.2199999999999,swap,acceptBad
783,12,4586.120000000001,2,666.2199999999999,move,improve
784,12,4601.780000000001,2,666.2199999999999,2opt,acceptBad
785,12,4601.780000000001,2,666.2199999999999,move,improve
786,12,4590.560000000001,2,666.2199999999999,swap,improve
787,12,4403.760000000001,2,666.2199999999999,move,improve
788,12,4379.280000000002,2,666.2199999999999,swap,improve
789,12,4377.660000000002,2,666.2199999999999,swap,improve
790,12,4370.4000000000015,2,666.2199999999999,2opt,improve
791,13,4689.060000000001,2,666.2199999999999,2opt,acceptBad
792,13,4737.000000000001,2,666.2199999999999,swap,acceptBad
793,13,4713.600000000001,2,666.2199999999999,2opt,improve
794,13,4703.8200000000015,2,666.2199999999999,swap,improve
795,13,4703.8200000000015,2,666.2199999999999,move,improve
796,13,4703.8200000000015,2,666.2199999999999,swap,improve
797,13,4383.120000000002,2,666.2199999999999,move,improve
798,13,4369.080000000002,2,666.2199999999999,move,improve
799,13,4340.100000000002,2,666.2199999999999,move,improve
800,13,4342.3200000000015,2,666.2199999999999,2opt,acceptBad
801,13,4331.4000000000015,2,666.2199999999999,swap,improve
802,13,5327.82,2,666.2199999999999,swap,acceptBad
803,13,4706.219999999998,2,666.2199999999999,2opt,improve
804,13,4706.219999999998,2,666.2199999999999,move,improve
805,13,4696.559999999998,2,666.2199999999999,2opt,improve
806,13,4667.519999999998,2,666.2199999999999,move,improve
807,13,5803.899999999999,2,666.2199999999999,swap,acceptBad
808,13,6813.16,2,666.2199999999999,swap,acceptBad
809,13,6824.619999999999,2,666.2199999999999,2opt,acceptBad
810,13,4872.999999999997,2,666.2199999999999,move,improve
811,13,4891.179999999997,2,666.2199999999999,swap,acceptBad
812,13,4891.179999999997,2,666.2199999999999,move,improve
813,13,4848.459999999997,2,666.2199999999999,2opt,improve
814,13,4638.399999999998,2,666.2199999999999,move,improve
815,13,4655.259999999998,2,666.2199999999999,swap,acceptBad
816,13,4666.359999999998,2,666.2199999999999,2opt,acceptBad
817,14,7367.499999999998,2,666.2199999999999,2opt,acceptBad
818,14,7562.079999999998,2,666.2199999999999,swap,acceptBad
819,14,7424.240000000001,2,666.2199999999999,2opt,improve
820,14,7427.42,2,666.2199999999999,swap,acceptBad
821,14,6702.379999999998,2,666.2199999999999,2opt,improve
822,14,6559.92,2,666.2199999999999,move,improve
823,14,6559.92,2,666.2199999999999,move,improve
824,14,6533.94,2,666.2199999999999,swap,improve
825,13,4882.779999999997,2,666.2199999999999,move,improve
826,13,4920.279999999999,2,666.2199999999999,2opt,acceptBad
827,13,6379.599999999999,2,666.2199999999999,swap,acceptBad
828,13,6411.94,2,666.2199999999999,swap,acceptBad
829,13,5956.839999999999,2,666.2199999999999,swap,improve
830,13,5946.639999999999,2,666.2199999999999,swap,improve
831,13,5958.639999999999,2,666.2199999999999,2opt,acceptBad
832,13,5938.12,2,666.2199999999999,swap,improve
833,13,4815.939999999999,2,666.2199999999999,move,improve
834,13,4818.999999999998,2,666.2199999999999,swap,acceptBad
835,13,4823.019999999999,2,666.2199999999999,2opt,acceptBad
836,12,4226.659999999999,2,666.2199999999999,2opt,improve
837,12,4651.959999999999,2,666.2199999999999,2opt,acceptBad
838,12,4299.340000000001,2,666.2199999999999,2opt,improve
839,12,4338.539999999999,2,666.2199999999999,2opt,acceptBad
840,12,3914.0599999999977,2,666.2199999999999,move,improve
841,12,3914.0599999999977,2,666.2199999999999,2opt,improve
842,12,4640.88,2,666.2199999999999,2opt,acceptBad
843,12,5420.88,2,666.2199999999999,swap,acceptBad
844,12,5434.62,2,666.2199999999999,2opt,acceptBad
845,12,4405.9400000000005,2,666.2199999999999,move,improve
846,12,4406.84,2,666.2199999999999,2opt,acceptBad
847,13,4828.120000000001,2,666.2199999999999,2opt,acceptBad
848,13,4841.14,2,666.2199999999999,2opt,acceptBad
849,13,4837.18,2,666.2199999999999,2opt,improve
850,13,4820.740000000001,2,666.2199999999999,swap,improve
851,13,6127.120000000002,2,666.2199999999999,2opt,acceptBad
852,14,8948.520000000004,2,666.2199999999999,2opt,acceptBad
853,14,8824.919999999996,2,666.2199999999999,2opt,improve
854,15,10831.000000000004,2,666.2199999999999,2opt,acceptBad
855,15,10098.44,2,666.2199999999999,move,improve
856,15,10004.460000000001,2,666.2199999999999,move,improve
857,15,9971.460000000001,2,666.2199999999999,swap,improve
858,15,9258.639999999998,2,666.2199999999999,move,improve
859,15,8818.839999999997,2,666.2199999999999,move,improve
860,14,8027.28,2,666.2199999999999,2opt,improve
861,14,7990.859999999999,2,666.2199999999999,swap,improve
862,14,7566.979999999999,2,666.2199999999999,move,improve
863,14,7553.599999999999,2,666.2199999999999,2opt,improve
864,14,7674.36,2,666.2199999999999,swap,acceptBad
865,14,7711.08,2,666.2199999999999,swap,acceptBad
866,14,7672.2,2,666.2199999999999,swap,improve
867,14,8183.8,2,666.2199999999999,swap,acceptBad
868,14,9070.0,2,666.2199999999999,swap,acceptBad
869,14,8765.780000000002,2,666.2199999999999,move,improve
870,14,8664.88,2,666.2199999999999,swap,improve
871,14,8010.899999999999,2,666.2199999999999,move,improve
872,14,8235.920000000002,2,666.2199999999999,swap,acceptBad
873,14,8212.580000000002,2,666.2199999999999,swap,improve
874,14,8498.340000000002,2,666.2199999999999,swap,acceptBad
875,14,8234.900000000001,2,666.2199999999999,move,improve
876,13,6225.78,2,666.2199999999999,move,improve
877,13,6222.78,2,666.2199999999999,2opt,improve
878,13,6479.9,2,666.2199999999999,swap,acceptBad
879,13,7227.740000000002,2,666.2199999999999,swap,acceptBad
880,13,6994.380000000001,2,666.2199999999999,swap,improve
881,13,6323.8600000000015,2,666.2199999999999,move,improve
882,13,6131.100000000001,2,666.2199999999999,move,improve
883,13,6739.059999999999,2,666.2199999999999,swap,acceptBad
884,13,6733.0599999999995,2,666.2199999999999,2opt,improve
885,13,6662.68,2,666.2199999999999,swap,improve
886,13,6651.84,2,666.2199999999999,move,improve
887,13,6651.84,2,666.2199999999999,2opt,improve
888,13,6634.740000000001,2,666.2199999999999,2opt,improve
889,13,6608.280000000002,2,666.2199999999999,2opt,improve
890,13,6688.440000000001,2,666.2199999999999,swap,acceptBad
891,13,6738.480000000001,2,666.2199999999999,2opt,acceptBad
892,13,7253.3600000000015,2,666.2199999999999,2opt,acceptBad
893,13,7253.720000000001,2,666.2199999999999,swap,acceptBad
894,13,7368.259999999999,2,666.2199999999999,swap,acceptBad
895,13,7362.799999999999,2,666.2199999999999,move,improve
896,13,7184.959999999998,2,666.2199999999999,move,improve
897,13,7175.36,2,666.2199999999999,2opt,improve
898,13,7118.539999999999,2,666.2199999999999,swap,improve
899,13,7122.039999999998,2,666.2199999999999,swap,acceptBad
900,13,7159.219999999999,2,666.2199999999999,swap,acceptBad
901,13,7152.98,2,666.2199999999999,swap,improve
902,13,7333.579999999998,2,666.2199999999999,swap,acceptBad
903,13,7310.439999999998,2,666.2199999999999,move,improve
904,13,7321.839999999998,2,666.2199999999999,swap,acceptBad
905,13,7321.839999999998,2,666.2199999999999,2opt,notBad
906,13,7263.039999999998,2,666.2199999999999,swap,improve
907,13,7269.0999999999985,2,666.2199999999999,2opt,acceptBad
908,13,6537.3,2,666.2199999999999,move,improve
909,13,6357.520000000001,2,666.2199999999999,swap,improve
910,13,6640.92,2,666.2199999999999,swap,acceptBad
911,13,6568.219999999999,2,666.2199999999999,2opt,improve
912,13,6299.099999999999,2,666.2199999999999,move,improve
913,13,6641.5,2,666.2199999999999,2opt,acceptBad
914,13,6268.019999999999,2,666.2199999999999,move,improve
915,13,6268.019999999999,2,666.2199999999999,2opt,improve
916,13,6268.019999999999,2,666.2199999999999,move,improve
917,13,6351.56,2,666.2199999999999,swap,acceptBad
918,13,6407.659999999999,2,666.2199999999999,swap,acceptBad
919,13,6356.72,2,666.2199999999999,move,improve
920,13,8249.58,2,666.2199999999999,2opt,acceptBad
921,13,8235.24,2,666.2199999999999,swap,improve
922,13,8059.159999999999,2,666.2199999999999,2opt,improve
923,13,6162.9400000000005,2,666.2199999999999,move,improve
924,13,5993.98,2,666.2199999999999,move,improve
925,13,5993.98,2,666.2199999999999,move,improve
926,13,5821.140000000001,2,666.2199999999999,move,improve
927,13,5821.140000000001,2,666.2199999999999,move,improve
928,13,5821.140000000001,2,666.2199999999999,move,improve
929,13,5996.640000000002,2,666.2199999999999,swap,acceptBad
930,13,5977.3200000000015,2,666.2199999999999,2opt,improve
931,13,6140.699999999999,2,666.2199999999999,2opt,acceptBad
932,13,6295.079999999999,2,666.2199999999999,2opt,acceptBad
933,13,6299.34,2,666.2199999999999,2opt,acceptBad
934,13,6224.1,2,666.2199999999999,2opt,improve
935,13,6086.24,2,666.2199999999999,swap,improve
936,13,5823.319999999998,2,666.2199999999999,2opt,improve
937,13,5856.819999999999,2,666.2199999999999,swap,acceptBad
938,13,5685.479999999999,2,666.2199999999999,move,improve
939,13,5704.619999999999,2,666.2199999999999,swap,acceptBad
940,13,5704.619999999999,2,666.2199999999999,move,improve
941,13,5688.819999999999,2,666.2199999999999,swap,improve
942,13,5691.579999999999,2,666.2199999999999,2opt,acceptBad
943,13,6216.959999999998,2,666.2199999999999,swap,acceptBad
944,13,6426.119999999998,2,666.2199999999999,swap,acceptBad
945,13,6400.619999999998,2,666.2199999999999,swap,improve
946,13,6010.199999999999,2,666.2199999999999,move,improve
947,13,6406.219999999999,2,666.2199999999999,2opt,acceptBad
948,13,6352.219999999999,2,666.2199999999999,move,improve
949,13,6537.360000000002,2,666.2199999999999,2opt,acceptBad
950,13,6620.880000000003,2,666.2199999999999,swap,acceptBad
951,12,5552.720000000002,2,666.2199999999999,move,improve
952,12,5552.720000000002,2,666.2199999999999,move,improve
953,12,5532.440000000002,2,666.2199999999999,swap,improve
954,12,5522.059999999998,2,666.2199999999999,2opt,improve
955,12,5082.32,2,666.2199999999999,2opt,improve
956,12,4408.279999999999,2,666.2199999999999,move,improve
957,12,4698.7,2,666.2199999999999,2opt,acceptBad
958,12,4724.32,2,666.2199999999999,swap,acceptBad
959,12,4817.26,2,666.2199999999999,swap,acceptBad
960,12,4817.26,2,666.2199999999999,move,improve
961,13,7115.400000000002,2,666.2199999999999,2opt,acceptBad
962,13,8251.220000000003,2,666.2199999999999,swap,acceptBad
963,13,8231.460000000003,2,666.2199999999999,move,improve
964,13,7854.680000000002,2,666.2199999999999,move,improve
965,13,7788.260000000002,2,666.2199999999999,swap,improve
966,13,8519.100000000002,2,666.2199999999999,2opt,acceptBad
967,13,8518.92,2,666.2199999999999,2opt,improve
968,13,7338.480000000001,2,666.2199999999999,swap,improve
969,13,7352.940000000001,2,666.2199999999999,swap,acceptBad
970,13,7394.520000000001,2,666.2199999999999,swap,acceptBad
971,13,7411.800000000001,2,666.2199999999999,swap,acceptBad
972,13,7425.420000000001,2,666.2199999999999,2opt,acceptBad
973,13,7165.5,2,666.2199999999999,move,improve
974,13,6883.5599999999995,2,666.2199999999999,swap,improve
975,13,6143.700000000001,2,666.2199999999999,move,improve
976,13,6353.5599999999995,2,666.2199999999999,swap,acceptBad
977,13,6342.82,2,666.2199999999999,swap,improve
978,13,7840.66,2,666.2199999999999,swap,acceptBad
979,13,7840.66,2,666.2199999999999,2opt,notBad
980,13,7762.5999999999985,2,666.2199999999999,move,improve
981,13,6905.139999999999,2,666.2199999999999,move,improve
982,13,7226.839999999999,2,666.2199999999999,2opt,acceptBad
983,13,6945.379999999999,2,666.2199999999999,swap,improve
984,13,7191.0,2,666.2199999999999,swap,acceptBad
985,13,7029.72,2,666.2199999999999,2opt,improve
986,13,6858.68,2,666.2199999999999,move,improve
987,13,6522.700000000001,2,666.2199999999999,move,improve
988,13,6395.500000000001,2,666.2199999999999,move,improve
989,13,6475.4400000000005,2,666.2199999999999,swap,acceptBad
990,13,6296.600000000001,2,666.2199999999999,move,improve
991,13,6296.600000000001,2,666.2199999999999,move,improve
992,13,6994.760000000002,2,666.2199999999999,2opt,acceptBad
993,13,5917.700000000001,2,666.2199999999999,move,improve
994,13,6832.02,2,666.2199999999999,2opt,acceptBad
995,13,6772.4000000000015,2,666.2199999999999,swap,improve
996,13,6836.720000000001,2,666.2199999999999,swap,acceptBad
997,13,6784.100000000002,2,666.2199999999999,swap,improve
998,13,7015.8600000000015,2,666.2199999999999,2opt,acceptBad
999,13,7333.480000000002,2,666.2199999999999,swap,acceptBad
1000,13,7333.480000000002,2,666.2199999999999,2opt,notBad
1001,13,7228.380000000002,2,666.2199999999999,move,improve
1002,13,7411.660000000004,2,666.2199999999999,2opt,acceptBad
1003,13,7380.020000000002,2,666.2199999999999,move,improve
1004,13,7376.300000000003,2,666.2199999999999,2opt,improve
1005,13,7166.220000000003,2,666.2199999999999,move,improve
1006,13,7798.820000000003,2,666.2199999999999,swap,acceptBad
1007,13,6810.240000000001,2,666.2199999999999,move,improve
1008,13,6810.720000000001,2,666.2199999999999,2opt,acceptBad
1009,13,6811.66,2,666.2199999999999,swap,acceptBad
1010,13,6733.360000000001,2,666.2199999999999,swap,improve
1011,13,6348.700000000003,2,666.2199999999999,move,improve
1012,13,6348.700000000003,2,666.2199999999999,move,improve
1013,13,6230.900000000003,2,666.2199999999999,move,improve
1014,13,6005.620000000001,2,666.2199999999999,move,improve
1015,13,6000.999999999999,2,666.2199999999999,2opt,improve
1016,13,5983.899999999999,2,666.2199999999999,swap,improve
1017,13,5987.200000000001,2,666.2199999999999,2opt,acceptBad
1018,13,5332.420000000002,2,666.2199999999999,swap,improve
1019,13,6313.82,2,666.2199999999999,2opt,acceptBad
1020,13,6326.48,2,666.2199999999999,swap,acceptBad
1021,13,6179.96,2,666.2199999999999,move,improve
1022,13,5769.020000000001,2,666.2199999999999,move,improve
1023,13,5516.599999999999,2,666.2199999999999,move,improve
1024,13,5516.599999999999,2,666.2199999999999,move,improve
1025,13,5583.159999999999,2,666.2199999999999,swap,acceptBad
1026,12,4637.1799999999985,2,666.2199999999999,move,improve
1027,12,6898.079999999998,2,666.2199999999999,swap,acceptBad
1028,13,9453.100000000002,2,666.2199999999999,2opt,acceptBad
1029,13,9488.920000000002,2,666.2199999999999,swap,acceptBad
1030,13,9130.779999999999,2,666.2199999999999,move,improve
1031,13,8785.54,2,666.2199999999999,move,improve
1032,13,8785.54,2,666.2199999999999,move,improve
1033,13,9231.779999999999,2,666.2199999999999,2opt,acceptBad
1034,13,8217.16,2,666.2199999999999,move,improve
1035,13,8152.780000000001,2,666.2199999999999,swap,improve
1036,13,8029.780000000001,2,666.2199999999999,2opt,improve
1037,13,8030.739999999997,2,666.2199999999999,2opt,acceptBad
1038,13,7698.28,2,666.2199999999999,swap,improve
1039,13,7691.92,2,666.2199999999999,2opt,improve
1040,13,5955.26,2,666.2199999999999,move,improve
1041,13,6890.120000000001,2,666.2199999999999,swap,acceptBad
1042,13,6688.440000000001,2,666.2199999999999,move,improve
1043,13,6691.500000000002,2,666.2199999999999,swap,acceptBad
1044,13,6680.700000000002,2,666.2199999999999,swap,improve
1045,13,6246.9000000000015,2,666.2199999999999,move,improve
1046,13,6243.120000000001,2,666.2199999999999,2opt,improve
1047,13,6228.480000000001,2,666.2199999999999,2opt,improve
1048,13,4659.32,2,666.2199999999999,move,improve
1049,13,4631.42,2,666.2199999999999,move,improve
1050,13,4631.42,2,666.2199999999999,move,improve
1051,13,4384.820000000001,2,666.2199999999999,move,improve
1052,13,4418.72,2,666.2199999999999,2opt,acceptBad
1053,13,4370.959999999998,2,666.2199999999999,2opt,improve
1054,13,4370.959999999998,2,666.2199999999999,2opt,improve
1055,13,4679.699999999999,2,666.2199999999999,swap,acceptBad
1056,13,4923.84,2,666.2199999999999,2opt,acceptBad
1057,13,4682.459999999999,2,666.2199999999999,move,improve
1058,13,4591.359999999999,2,666.2199999999999,move,improve
1059,13,4714.679999999999,2,666.2199999999999,swap,acceptBad
1060,13,4518.360000000001,2,666.2199999999999,swap,improve
1061,13,4507.2,2,666.2199999999999,swap,improve
1062,13,4159.900000000001,2,666.2199999999999,move,improve
1063,13,4227.34,2,666.2199999999999,swap,acceptBad
1064,13,4219.18,2,666.2199999999999,2opt,improve
1065,13,4240.4800000000005,2,666.2199999999999,2opt,acceptBad
1066,13,6528.5599999999995,2,666.2199999999999,swap,acceptBad
1067,13,5424.62,2,666.2199999999999,move,improve
1068,13,5389.099999999999,2,666.2199999999999,move,improve
1069,13,5418.74,2,666.2199999999999,swap,acceptBad
1070,13,5160.140000000001,2,666.2199999999999,move,improve
1071,13,5152.040000000001,2,666.2199999999999,swap,improve
1072,13,5189.840000000001,2,666.2199999999999,swap,acceptBad
1073,13,5043.660000000002,2,666.2199999999999,move,improve
1074,13,5047.260000000002,2,666.2199999999999,2opt,acceptBad
1075,13,4842.440000000001,2,666.2199999999999,move,improve
1076,13,4840.580000000001,2,666.2199999999999,2opt,improve
1077,13,4737.200000000001,2,666.2199999999999,swap,improve
1078,13,4029.96,2,666.2199999999999,move,improve
1079,13,4874.96,2,666.2199999999999,2opt,acceptBad
1080,13,4808.599999999999,2,666.2199999999999,swap,improve
1081,13,4817.66,2,666.2199999999999,2opt,acceptBad
1082,13,4808.9,2,666.2199999999999,2opt,improve
1083,13,4808.9,2,666.2199999999999,move,improve
1084,13,4537.159999999999,2,666.2199999999999,move,improve
1085,13,4533.559999999999,2,666.2199999999999,swap,improve
1086,13,4536.319999999999,2,666.2199999999999,swap,acceptBad
1087,13,4474.019999999999,2,666.2199999999999,move,improve
1088,13,4976.399999999998,2,666.2199999999999,2opt,acceptBad
1089,13,4996.439999999999,2,666.2199999999999,swap,acceptBad
1090,13,4975.6799999999985,2,666.2199999999999,move,improve
1091,13,5074.119999999998,2,666.2199999999999,swap,acceptBad
1092,13,5088.399999999998,2,666.2199999999999,2opt,acceptBad
1093,13,5049.919999999998,2,666.2199999999999,move,improve
1094,13,5048.059999999998,2,666.2199999999999,swap,improve
1095,13,5041.159999999997,2,666.2199999999999,2opt,improve
1096,13,5775.419999999997,2,666.2199999999999,swap,acceptBad
1097,13,5813.999999999998,2,666.2199999999999,2opt,acceptBad
1098,13,5440.6399999999985,2,666.2199999999999,move,improve
1099,13,5723.4,2,666.2199999999999,2opt,acceptBad
1100,13,5519.2,2,666.2199999999999,move,improve
1101,13,5409.0999999999985,2,666.2199999999999,move,improve
1102,13,5365.9800000000005,2,666.2199999999999,move,improve
1103,13,5247.0599999999995,2,666.2199999999999,move,improve
1104,13,5263.74,2,666.2199999999999,swap,acceptBad
1105,13,5326.64,2,666.2199999999999,swap,acceptBad
1106,13,5294.96,2,666.2199999999999,swap,improve
1107,13,5121.82,2,666.2199999999999,move,improve
1108,13,5096.32,2,666.2199999999999,move,improve
1109,13,5096.32,2,666.2199999999999,2opt,notBad
1110,13,5050.3,2,666.2199999999999,swap,improve
1111,13,5012.84,2,666.2199999999999,move,improve
1112,13,5013.559999999999,2,666.2199999999999,2opt,acceptBad
1113,13,5126.58,2,666.2199999999999,swap,acceptBad
1114,13,5645.2800000000025,2,666.2199999999999,2opt,acceptBad
1115,13,5662.860000000001,2,666.2199999999999,2opt,acceptBad
1116,13,5937.7,2,666.2199999999999,swap,acceptBad
1117,13,5403.420000000001,2,666.2199999999999,move,improve
1118,13,6133.580000000002,2,666.2199999999999,2opt,acceptBad
1119,13,6133.580000000002,2,666.2199999999999,move,improve
1120,13,5805.139999999999,2,666.2199999999999,2opt,improve
1121,13,5787.5599999999995,2,666.2199999999999,swap,improve
1122,13,5801.24,2,666.2199999999999,swap,acceptBad
1123,13,6062.4000000000015,2,666.2199999999999,swap,acceptBad
1124,14,6326.420000000001,2,666.2199999999999,2opt,acceptBad
1125,14,6314.660000000001,2,666.2199999999999,swap,improve
1126,14,6314.660000000001,2,666.2199999999999,move,improve
1127,14,5850.160000000002,2,666.2199999999999,move,improve
1128,14,6306.2800000000025,2,666.2199999999999,2opt,acceptBad
1129,14,6306.820000000002,2,666.2199999999999,2opt,acceptBad
1130,14,7228.340000000002,2,666.2199999999999,2opt,acceptBad
1131,14,7228.340000000002,2,666.2199999999999,2opt,improve
1132,14,7202.180000000002,2,666.2199999999999,swap,improve
1133,14,7183.460000000004,2,666.2199999999999,2opt,improve
1134,14,7186.7000000000035,2,666.2199999999999,2opt,acceptBad
1135,14,6738.340000000006,2,666.2199999999999,move,improve
1136,14,7439.0000000000055,2,666.2199999999999,2opt,acceptBad
1137,14,8889.960000000005,2,666.2199999999999,swap,acceptBad
1138,14,8792.880000000005,2,666.2199999999999,swap,improve
1139,14,8799.300000000005,2,666.2199999999999,swap,acceptBad
1140,14,7739.939999999997,2,666.2199999999999,2opt,improve
1141,14,7740.299999999997,2,666.2199999999999,swap,acceptBad
1142,14,8157.299999999998,2,666.2199999999999,swap,acceptBad
1143,15,9928.159999999996,2,666.2199999999999,2opt,acceptBad
1144,15,9822.0,2,666.2199999999999,swap,improve
1145,15,9731.64,2,666.2199999999999,swap,improve
1146,15,9838.44,2,666.2199999999999,2opt,acceptBad
1147,15,9842.220000000003,2,666.2199999999999,2opt,acceptBad
1148,15,10408.7,2,666.2199999999999,swap,acceptBad
1149,15,10425.020000000004,2,666.2199999999999,2opt,acceptBad
1150,15,10415.840000000004,2,666.2199999999999,swap,improve
1151,15,10032.300000000003,2,666.2199999999999,move,improve
1152,15,9913.2,2,666.2199999999999,swap,improve
1153,14,8529.300000000001,2,666.2199999999999,move,improve
1154,14,8529.6,2,666.2199999999999,2opt,acceptBad
1155,14,8697.660000000003,2,666.2199999999999,swap,acceptBad
1156,14,8697.660000000003,2,666.2199999999999,2opt,notBad
1157,14,8764.92,2,666.2199999999999,2opt,acceptBad
1158,14,8768.76,2,666.2199999999999,swap,acceptBad
1159,14,8921.18,2,666.2199999999999,2opt,acceptBad
1160,14,8921.18,2,666.2199999999999,2opt,notBad
1161,14,8858.06,2,666.2199999999999,swap,improve
1162,14,7943.2,2,666.2199999999999,swap,improve
1163,14,7946.92,2,666.2199999999999,2opt,acceptBad
1164,14,7946.92,2,666.2199999999999,move,improve
1165,14,7950.640000000002,2,666.2199999999999,2opt,acceptBad
1166,14,6942.4000000000015,2,666.2199999999999,move,improve
1167,14,6296.140000000001,2,666.2199999999999,move,improve
1168,14,6279.460000000002,2,666.2199999999999,2opt,improve
1169,13,5512.119999999998,2,666.2199999999999,2opt,improve
1170,13,5323.419999999998,2,666.2199999999999,swap,improve
1171,14,6459.819999999996,2,666.2199999999999,2opt,acceptBad
1172,14,6459.819999999996,2,666.2199999999999,2opt,notBad
1173,14,6411.419999999996,2,666.2199999999999,swap,improve
1174,14,6218.999999999996,2,666.2199999999999,swap,improve
1175,14,6232.359999999996,2,666.2199999999999,swap,acceptBad
1176,14,6004.399999999996,2,666.2199999999999,move,improve
1177,14,5748.159999999996,2,666.2199999999999,move,improve
1178,14,7041.019999999998,2,666.2199999999999,swap,acceptBad
1179,14,6978.619999999995,2,666.2199999999999,move,improve
1180,14,6314.799999999997,2,666.2199999999999,move,improve
1181,14,6279.099999999998,2,666.2199999999999,swap,improve
1182,14,6279.099999999998,2,666.2199999999999,2opt,notBad
1183,14,6346.779999999998,2,666.2199999999999,swap,acceptBad
1184,14,6117.019999999999,2,666.2199999999999,move,improve
1185,14,6108.739999999998,2,666.2199999999999,move,improve
1186,14,6108.739999999998,2,666.2199999999999,move,improve
1187,13,5129.3,2,666.2199999999999,move,improve
1188,13,5129.3,2,666.2199999999999,move,improve
1189,13,5105.56,2,666.2199999999999,swap,improve
1190,13,4926.360000000001,2,666.2199999999999,move,improve
1191,13,5032.100000000001,2,666.2199999999999,swap,acceptBad
1192,14,7331.440000000001,2,666.2199999999999,2opt,acceptBad
1193,14,7945.900000000002,2,666.2199999999999,2opt,acceptBad
1194,14,7667.060000000003,2,666.2199999999999,move,improve
1195,14,7435.400000000003,2,666.2199999999999,move,improve
1196,14,7514.020000000004,2,666.2199999999999,2opt,acceptBad
1197,14,7507.540000000002,2,666.2199999999999,2opt,improve
1198,14,7507.540000000002,2,666.2199999999999,move,improve
1199,14,7307.720000000001,2,666.2199999999999,move,improve
1200,14,7035.220000000001,2,666.2199999999999,move,improve
1201,14,6658.200000000001,2,666.2199999999999,move,improve
1202,14,6645.520000000002,2,666.2199999999999,swap,improve
1203,14,7394.9,2,666.2199999999999,2opt,acceptBad
1204,14,7517.020000000002,2,666.2199999999999,2opt,acceptBad
1205,14,7272.840000000004,2,666.2199999999999,swap,improve
1206,14,9139.420000000002,2,666.2199999999999,swap,acceptBad
1207,14,9390.200000000003,2,666.2199999999999,swap,acceptBad
1208,14,9397.280000000002,2,666.2199999999999,swap,acceptBad
1209,14,9411.620000000003,2,666.2199999999999,swap,acceptBad
1210,14,7457.040000000001,2,666.2199999999999,move,improve
1211,14,7476.700000000003,2,666.2199999999999,swap,acceptBad
1212,14,7476.700000000003,2,666.2199999999999,2opt,notBad
1213,14,8469.04,2,666.2199999999999,swap,acceptBad
1214,14,8471.980000000001,2,666.2199999999999,swap,acceptBad
1215,14,8465.38,2,666.2199999999999,2opt,improve
1216,14,8153.620000000001,2,666.2199999999999,move,improve
1217,14,8642.219999999998,2,666.2199999999999,swap,acceptBad
1218,14,8646.66,2,666.2199999999999,2opt,acceptBad
1219,14,8741.300000000001,2,666.2199999999999,swap,acceptBad
1220,14,8744.440000000004,2,666.2199999999999,2opt,acceptBad
1221,14,9125.28,2,666.2199999999999,swap,acceptBad
1222,14,9157.18,2,666.2199999999999,swap,acceptBad
1223,14,9365.059999999998,2,666.2199999999999,2opt,acceptBad
1224,14,9200.62,2,666.2199999999999,move,improve
1225,14,8335.08,2,666.2199999999999,move,improve
1226,14,8027.139999999999,2,666.2199999999999,move,improve
1227,14,8027.139999999999,2,666.2199999999999,2opt,notBad
1228,14,7996.719999999999,2,666.2199999999999,swap,improve
1229,14,7996.719999999999,2,666.2199999999999,2opt,improve
1230,14,7853.96,2,666.2199999999999,move,improve
1231,14,7664.579999999998,2,666.2199999999999,move,improve
1232,14,7487.319999999996,2,666.2199999999999,move,improve
1233,14,7486.919999999996,2,666.2199999999999,move,improve
1234,14,7532.500000000001,2,666.2199999999999,2opt,acceptBad
1235,14,7369.38,2,666.2199999999999,swap,improve
1236,14,7344.3,2,666.2199999999999,swap,improve
1237,14,9293.2,2,666.2199999999999,2opt,acceptBad
1238,14,8911.480000000003,2,666.2199999999999,move,improve
1239,14,8922.760000000004,2,666.2199999999999,2opt,acceptBad
1240,14,8062.660000000002,2,666.2199999999999,move,improve
1241,14,7723.920000000002,2,666.2199999999999,move,improve
1242,14,7728.900000000004,2,666.2199999999999,swap,acceptBad
1243,14,7780.379999999998,2,666.2199999999999,swap,acceptBad
1244,14,7782.959999999997,2,666.2199999999999,2opt,acceptBad
1245,14,7484.919999999999,2,666.2199999999999,move,improve
1246,15,8817.68,2,666.2199999999999,2opt,acceptBad
1247,15,8755.039999999999,2,666.2199999999999,move,improve
1248,15,8708.179999999998,2,666.2199999999999,swap,improve
1249,15,8688.499999999998,2,666.2199999999999,move,improve
1250,15,8646.419999999998,2,666.2199999999999,move,improve
1251,15,8646.419999999998,2,666.2199999999999,move,improve
1252,15,8691.24,2,666.2199999999999,2opt,acceptBad
1253,15,9574.1,2,666.2199999999999,2opt,acceptBad
1254,15,9537.86,2,666.2199999999999,2opt,improve
1255,14,8390.16,2,666.2199999999999,2opt,improve
1256,14,8370.599999999999,2,666.2199999999999,2opt,improve
1257,14,8444.380000000001,2,666.2199999999999,swap,acceptBad
1258,14,8683.620000000003,2,666.2199999999999,swap,acceptBad
1259,14,8683.620000000003,2,666.2199999999999,2opt,notBad
1260,14,8708.700000000003,2,666.2199999999999,2opt,acceptBad
1261,14,8105.080000000001,2,666.2199999999999,move,improve
1262,14,7188.419999999998,2,666.2199999999999,move,improve
1263,14,7188.419999999998,2,666.2199999999999,2opt,improve
1264,14,7187.399999999999,2,666.2199999999999,2opt,improve
1265,14,6652.2199999999975,2,666.2199999999999,move,improve
1266,14,6879.919999999997,2,666.2199999999999,swap,acceptBad
1267,14,6539.399999999999,2,666.2199999999999,2opt,improve
1268,14,6181.8,2,666.2199999999999,move,improve
1269,14,6181.8,2,666.2199999999999,2opt,notBad
1270,14,6181.8,2,666.2199999999999,2opt,notBad
1271,13,5321.660000000001,2,666.2199999999999,move,improve
1272,13,5321.660000000001,2,666.2199999999999,2opt,notBad
1273,13,5296.160000000001,2,666.2199999999999,swap,improve
1274,13,5296.160000000001,2,666.2199999999999,move,improve
1275,13,5350.320000000001,2,666.2199999999999,swap,acceptBad
1276,13,5246.18,2,666.2199999999999,move,improve
1277,13,5246.18,2,666.2199999999999,2opt,improve
1278,13,5247.460000000001,2,666.2199999999999,swap,acceptBad
1279,13,5239.6,2,666.2199999999999,swap,improve
1280,13,5204.320000000001,2,666.2199999999999,move,improve
1281,13,5211.460000000001,2,666.2199999999999,swap,acceptBad
1282,13,5216.02,2,666.2199999999999,swap,acceptBad
1283,13,5537.740000000002,2,666.2199999999999,2opt,acceptBad
1284,13,5537.740000000002,2,666.2199999999999,move,improve
1285,13,5508.380000000002,2,666.2199999999999,move,improve
1286,13,5329.1399999999985,2,666.2199999999999,move,improve
1287,13,5203.759999999998,2,666.2199999999999,move,improve
1288,13,5203.759999999998,2,666.2199999999999,move,improve
1289,13,5202.98,2,666.2199999999999,2opt,improve
1290,13,5236.099999999999,2,666.2199999999999,swap,acceptBad
1291,13,5735.339999999999,2,666.2199999999999,swap,acceptBad
1292,12,4592.779999999999,2,666.2199999999999,move,improve
1293,12,4604.36,2,666.2199999999999,swap,acceptBad
1294,12,4602.98,2,666.2199999999999,swap,improve
1295,12,4584.079999999999,2,666.2199999999999,swap,improve
1296,12,4411.0999999999985,2,666.2199999999999,move,improve
1297,12,4414.0999999999985,2,666.2199999999999,swap,acceptBad
1298,12,4414.0999999999985,2,666.2199999999999,move,improve
1299,12,4375.999999999999,2,666.2199999999999,move,improve
1300,12,4350.379999999999,2,666.2199999999999,swap,improve
1301,12,4191.579999999998,2,666.2199999999999,move,improve
1302,12,4060.7599999999998,2,666.2199999999999,2opt,improve
1303,12,4703.599999999999,2,666.2199999999999,swap,acceptBad
1304,12,4703.599999999999,2,666.2199999999999,2opt,notBad
1305,12,4684.400000000001,2,666.2199999999999,2opt,improve
1306,12,4718.66,2,666.2199999999999,2opt,acceptBad
1307,12,4718.66,2,666.2199999999999,move,improve
1308,12,4665.719999999999,2,666.2199999999999,swap,improve
1309,12,4641.96,2,666.2199999999999,2opt,improve
1310,12,4623.6799999999985,2,666.2199999999999,swap,improve
1311,12,5059.039999999998,2,666.2199999999999,swap,acceptBad
1312,12,5059.039999999998,2,666.2199999999999,move,improve
1313,12,5565.440000000001,2,666.2199999999999,swap,acceptBad
1314,12,5665.639999999998,2,666.2199999999999,2opt,acceptBad
1315,12,5613.299999999997,2,666.2199999999999,move,improve
1316,12,5607.219999999999,2,666.2199999999999,2opt,improve
1317,12,5483.0599999999995,2,666.2199999999999,move,improve
1318,12,5291.360000000001,2,666.2199999999999,move,improve
1319,12,5155.28,2,666.2199999999999,move,improve
1320,12,5155.28,2,666.2199999999999,move,improve
1321,12,5155.28,2,666.2199999999999,move,improve
1322,12,5141.0,2,666.2199999999999,swap,improve
1323,12,5187.08,2,666.2199999999999,swap,acceptBad
1324,12,5184.200000000001,2,666.2199999999999,2opt,improve
1325,12,5997.800000000001,2,666.2199999999999,swap,acceptBad
1326,12,6079.82,2,666.2199999999999,swap,acceptBad
1327,12,5864.179999999997,2,666.2199999999999,move,improve
1328,12,5625.399999999998,2,666.2199999999999,move,improve
1329,12,5665.159999999999,2,666.2199999999999,swap,acceptBad
1330,12,5340.899999999999,2,666.2199999999999,move,improve
1331,12,5243.659999999999,2,666.2199999999999,move,improve
1332,12,5137.9400000000005,2,666.2199999999999,2opt,improve
1333,12,5314.66,2,666.2199999999999,swap,acceptBad
1334,12,5304.640000000001,2,666.2199999999999,2opt,improve
1335,12,5878.219999999999,2,666.2199999999999,2opt,acceptBad
1336,12,5827.16,2,666.2199999999999,swap,improve
1337,12,5307.960000000002,2,666.2199999999999,move,improve
1338,12,5307.960000000002,2,666.2199999999999,move,improve
1339,11,4539.380000000001,2,666.2199999999999,2opt,improve
1340,11,4516.160000000002,2,666.2199999999999,2opt,improve
1341,11,5652.119999999999,2,666.2199999999999,2opt,acceptBad
1342,10,3944.8000000000006,2,666.2199999999999,move,improve
1343,10,3954.04,2,666.2199999999999,2opt,acceptBad
1344,10,5411.980000000001,2,666.2199999999999,swap,acceptBad
1345,10,5393.8600000000015,2,666.2199999999999,swap,improve
1346,10,5944.320000000001,2,666.2199999999999,swap,acceptBad
1347,10,5974.260000000001,2,666.2199999999999,2opt,acceptBad
1348,10,5832.660000000001,2,666.2199999999999,move,improve
1349,10,5837.9400000000005,2,666.2199999999999,swap,acceptBad
1350,10,5755.58,2,666.2199999999999,2opt,improve
1351,10,5744.540000000001,2,666.2199999999999,2opt,improve
1352,10,5549.76,2,666.2199999999999,swap,improve
1353,10,5184.219999999998,2,666.2199999999999,2opt,improve
1354,10,5681.439999999999,2,666.2199999999999,2opt,acceptBad
1355,10,5418.459999999999,2,666.2199999999999,move,improve
1356,10,5437.42,2,666.2199999999999,swap,acceptBad
1357,10,5465.199999999999,2,666.2199999999999,2opt,acceptBad
1358,10,4736.700000000001,2,666.2199999999999,move,improve
1359,10,4722.360000000001,2,666.2199999999999,swap,improve
1360,10,4705.900000000001,2,666.2199999999999,move,improve
1361,10,4769.740000000001,2,666.2199999999999,swap,acceptBad
1362,10,3403.8400000000006,2,666.2199999999999,move,improve
1363,10,3403.8400000000006,2,666.2199999999999,2opt,improve
1364,10,3373.7200000000003,2,666.2199999999999,swap,improve
1365,10,3072.52,2,666.2199999999999,2opt,improve
1366,10,2938.6,2,666.2199999999999,move,improve
1367,10,2914.9199999999996,2,666.2199999999999,move,improve
1368,10,2923.3799999999997,2,666.2199999999999,swap,acceptBad
1369,10,2923.3799999999997,2,666.2199999999999,move,improve
1370,9,2461.7999999999993,2,666.2199999999999,move,improve
1371,9,2496.5999999999995,2,666.2199999999999,swap,acceptBad
1372,9,2496.5999999999995,2,666.2199999999999,2opt,improve
1373,9,2299.7799999999997,2,666.2199999999999,move,improve
1374,9,3241.34,2,666.2199999999999,2opt,acceptBad
1375,9,3241.34,2,666.2199999999999,2opt,notBad
1376,9,3129.1600000000008,2,666.2199999999999,move,improve
1377,9,2988.1000000000004,2,666.2199999999999,move,improve
1378,9,2416.5000000000005,2,666.2199999999999,move,improve
1379,9,2874.4800000000005,2,666.2199999999999,2opt,acceptBad
1380,9,2733.7200000000003,2,666.2199999999999,swap,improve
1381,9,2733.7200000000003,2,666.2199999999999,2opt,notBad
1382,9,2603.42,2,666.2199999999999,2opt,improve
1383,9,2474.92,2,666.2199999999999,swap,improve
1384,9,3020.3,2,666.2199999999999,2opt,acceptBad
1385,9,3007.6400000000003,2,666.2199999999999,swap,improve
1386,9,2879.0600000000004,2,666.2199999999999,move,improve
1387,9,3069.22,2,666.2199999999999,swap,acceptBad
1388,9,3069.22,2,666.2199999999999,2opt,notBad
1389,9,3061.06,2,666.2199999999999,2opt,improve
1390,9,2928.0,2,666.2199999999999,move,improve
1391,9,3037.84,2,666.2199999999999,swap,acceptBad
1392,9,3019.96,2,666.2199999999999,swap,improve
1393,9,2962.42,2,666.2199999999999,swap,improve
1394,9,2962.42,2,666.2199999999999,move,improve
1395,9,2801.3599999999997,2,666.2199999999999,move,improve
1396,9,2801.3599999999997,2,666.2199999999999,2opt,improve
1397,9,2801.3599999999997,2,666.2199999999999,2opt,notBad
1398,9,2804.34,2,666.2199999999999,2opt,acceptBad
1399,9,2804.34,2,666.2199999999999,2opt,notBad
1400,9,3084.7799999999997,2,666.2199999999999,swap,acceptBad
1401,9,3193.0999999999995,2,666.2199999999999,2opt,acceptBad
1402,9,3178.2199999999993,2,666.2199999999999,move,improve
1403,9,2979.12,2,666.2199999999999,move,improve
1404,9,2871.8799999999997,2,666.2199999999999,move,improve
1405,9,2734.12,2,666.2199999999999,move,improve
1406,9,2732.74,2,666.2199999999999,swap,improve
1407,9,2732.74,2,666.2199999999999,2opt,notBad
1408,9,2727.9399999999996,2,666.2199999999999,swap,improve
1409,9,3280.04,2,666.2199999999999,swap,acceptBad
1410,9,3280.04,2,666.2199999999999,2opt,notBad
1411,9,3254.7799999999997,2,666.2199999999999,swap,improve
1412,9,3254.7799999999997,2,666.2199999999999,move,improve
1413,9,3254.7799999999997,2,666.2199999999999,2opt,notBad
1414,9,3230.5999999999995,2,666.2199999999999,move,improve
1415,9,3222.3999999999996,2,666.2199999999999,swap,improve
1416,9,3219.26,2,666.2199999999999,move,improve
1417,9,3878.0600000000004,2,666.2199999999999,swap,acceptBad
1418,9,3803.7000000000007,2,666.2199999999999,2opt,improve
1419,9,3864.8599999999997,2,666.2199999999999,2opt,acceptBad
1420,9,3867.4399999999996,2,666.2199999999999,swap,acceptBad
1421,9,3867.4399999999996,2,666.2199999999999,move,improve
1422,9,3758.9000000000005,2,666.2199999999999,move,improve
1423,9,3741.4400000000005,2,666.2199999999999,swap,improve
1424,9,3680.38,2,666.2199999999999,move,improve
1425,9,3770.1600000000003,2,666.2199999999999,swap,acceptBad
1426,9,3847.180000000001,2,666.2199999999999,2opt,acceptBad
1427,9,3868.000000000001,2,666.2199999999999,swap,acceptBad
1428,9,3718.8600000000006,2,666.2199999999999,move,improve
1429,9,3654.2000000000007,2,666.2199999999999,swap,improve
1430,9,3266.5000000000005,2,666.2199999999999,move,improve
1431,9,3266.5000000000005,2,666.2199999999999,move,improve
1432,9,3208.16,2,666.2199999999999,2opt,improve
1433,9,3205.34,2,666.2199999999999,2opt,improve
1434,9,3220.2800000000007,2,666.2199999999999,swap,acceptBad
1435,9,3290.0199999999995,2,666.2199999999999,swap,acceptBad
1436,9,3306.7599999999998,2,666.2199999999999,2opt,acceptBad
1437,9,3306.7599999999998,2,666.2199999999999,2opt,notBad
1438,9,3330.22,2,666.2199999999999,2opt,acceptBad
1439,9,3335.4399999999996,2,666.2199999999999,2opt,acceptBad
1440,9,3931.3599999999997,2,666.2199999999999,move,acceptBad
1441,9,3816.2800000000007,2,666.2199999999999,move,improve
1442,9,3619.96,2,666.2199999999999,move,improve
1443,9,3629.3999999999996,2,666.2199999999999,swap,acceptBad
1444,9,3551.04,2,666.2199999999999,move,improve
1445,9,3521.4,2,666.2199999999999,swap,improve
1446,9,4150.860000000001,2,666.2199999999999,swap,acceptBad
1447,9,4380.259999999999,2,666.2199999999999,swap,acceptBad
1448,9,4317.299999999999,2,666.2199999999999,move,improve
1449,9,4381.0199999999995,2,666.2199999999999,swap,acceptBad
1450,9,4301.3,2,666.2199999999999,move,improve
1451,9,4114.4800000000005,2,666.2199999999999,2opt,improve
1452,9,4079.0,2,666.2199999999999,swap,improve
1453,9,4078.04,2,666.2199999999999,swap,improve
1454,9,4376.92,2,666.2199999999999,swap,acceptBad
1455,9,4117.18,2,666.2199999999999,swap,improve
1456,9,4052.6800000000003,2,666.2199999999999,swap,improve
1457,9,4043.2000000000003,2,666.2199999999999,2opt,improve
1458,9,4037.4400000000005,2,666.2199999999999,2opt,improve
1459,9,4032.760000000001,2,666.2199999999999,2opt,improve
1460,9,4118.24,2,666.2199999999999,swap,acceptBad
1461,9,3524.6000000000004,2,666.2199999999999,move,improve
1462,9,3413.8799999999997,2,666.2199999999999,move,improve
1463,9,3416.22,2,666.2199999999999,swap,acceptBad
1464,9,3416.22,2,666.2199999999999,2opt,notBad
1465,9,3268.66,2,666.2199999999999,2opt,improve
1466,9,3411.38,2,666.2199999999999,swap,acceptBad
1467,9,3265.28,2,666.2199999999999,2opt,improve
1468,9,3133.2799999999997,2,666.2199999999999,move,improve
1469,9,3069.4399999999996,2,666.2199999999999,move,improve
1470,9,2953.1600000000003,2,666.2199999999999,move,improve
1471,9,2701.3999999999996,2,666.2199999999999,move,improve
1472,9,2614.2999999999997,2,666.2199999999999,move,improve
1473,9,2615.7199999999993,2,666.2199999999999,swap,acceptBad
1474,9,2615.7199999999993,2,666.2199999999999,2opt,notBad
1475,9,2615.7199999999993,2,666.2199999999999,2opt,notBad
1476,9,2615.7199999999993,2,666.2199999999999,2opt,improve
1477,9,2617.46,2,666.2199999999999,2opt,acceptBad
1478,9,2617.46,2,666.2199999999999,2opt,notBad
1479,9,2617.46,2,666.2199999999999,2opt,notBad
1480,9,2617.46,2,666.2199999999999,2opt,notBad
1481,9,2579.04,2,666.2199999999999,move,improve
1482,9,2761.0200000000004,2,666.2199999999999,swap,acceptBad
1483,9,2707.46,2,666.2199999999999,swap,improve
1484,9,2707.46,2,666.2199999999999,move,improve
1485,9,2707.46,2,666.2199999999999,2opt,notBad
1486,9,2707.46,2,666.2199999999999,2opt,improve
1487,9,2707.46,2,666.2199999999999,move,improve
1488,9,2707.46,2,666.2199999999999,2opt,notBad
1489,9,2707.46,2,666.2199999999999,2opt,notBad
1490,9,2831.2200000000007,2,666.2199999999999,2opt,acceptBad
1491,9,2833.0200000000004,2,666.2199999999999,2opt,acceptBad
1492,9,2752.080000000001,2,666.2199999999999,2opt,improve
1493,9,2747.9400000000014,2,666.2199999999999,2opt,improve
1494,9,2631.5600000000004,2,666.2199999999999,move,improve
1495,9,2775.28,2,666.2199999999999,swap,acceptBad
1496,9,2408.6200000000003,2,666.2199999999999,move,improve
1497,9,2471.24,2,666.2199999999999,swap,acceptBad
1498,9,2430.92,2,666.2199999999999,move,improve
1499,9,2537.12,2,666.2199999999999,swap,acceptBad
1500,9,2390.3999999999996,2,666.2199999999999,swap,improve
1501,9,2361.5,2,666.2199999999999,2opt,improve
1502,9,2516.76,2,666.2199999999999,swap,acceptBad
1503,9,2346.7800000000007,2,666.2199999999999,move,improve
1504,9,2480.6600000000008,2,666.2199999999999,swap,acceptBad
1505,9,2475.2000000000007,2,666.2199999999999,2opt,improve
1506,9,2493.920000000001,2,666.2199999999999,2opt,acceptBad
1507,9,2501.960000000001,2,666.2199999999999,swap,acceptBad
1508,9,2476.460000000001,2,666.2199999999999,move,improve
1509,9,2514.2600000000007,2,666.2199999999999,swap,acceptBad
1510,9,2378.3600000000006,2,666.2199999999999,swap,improve
1511,9,2187.7200000000003,2,666.2199999999999,move,improve
1512,9,2137.5600000000004,2,666.2199999999999,move,improve
1513,9,2135.5800000000004,2,666.2199999999999,move,improve
1514,9,2085.4400000000005,2,666.2199999999999,swap,improve
1515,9,2085.4400000000005,2,666.2199999999999,2opt,notBad
1516,9,2014.7200000000003,2,666.2199999999999,move,improve
1517,9,2014.7200000000003,2,666.2199999999999,move,improve
1518,9,1985.2600000000002,2,666.2199999999999,move,improve
1519,9,1985.2600000000002,2,666.2199999999999,move,improve
1520,9,1985.2600000000002,2,666.2199999999999,2opt,notBad
1521,9,1930.92,2,666.2199999999999,move,improve
1522,9,2092.0599999999995,2,666.2199999999999,swap,acceptBad
1523,9,1783.08,2,666.2199999999999,move,improve
1524,9,1763.0399999999995,2,666.2199999999999,swap,improve
1525,9,2729.34,2,666.2199999999999,swap,acceptBad
1526,9,2688.2000000000003,2,666.2199999999999,swap,improve
1527,9,2219.9000000000005,2,666.2199999999999,move,improve
1528,9,2072.6000000000004,2,666.2199999999999,move,improve
1529,9,2143.4400000000005,2,666.2199999999999,swap,acceptBad
1530,9,2448.2400000000007,2,666.2199999999999,2opt,acceptBad
1531,9,2428.46,2,666.2199999999999,move,improve
1532,9,2426.96,2,666.2199999999999,swap,improve
1533,9,2426.96,2,666.2199999999999,2opt,notBad
1534,9,2579.9000000000005,2,666.2199999999999,swap,acceptBad
1535,9,2426.88,2,666.2199999999999,move,improve
1536,9,2251.34,2,666.2199999999999,move,improve
1537,9,2243.84,2,666.2199999999999,2opt,improve
1538,9,2578.0000000000005,2,666.2199999999999,swap,acceptBad
1539,9,2458.400000000001,2,666.2199999999999,move,improve
1540,9,2460.9200000000005,2,666.2199999999999,2opt,acceptBad
1541,9,2460.9200000000005,2,666.2199999999999,2opt,notBad
1542,9,2449.580000000001,2,666.2199999999999,2opt,improve
1543,9,2398.580000000001,2,666.2199999999999,move,improve
1544,9,2344.9400000000005,2,666.2199999999999,swap,improve
1545,9,2212.1600000000003,2,666.2199999999999,move,improve
1546,9,2212.1600000000003,2,666.2199999999999,2opt,notBad
1547,9,2243.0,2,666.2199999999999,swap,acceptBad
1548,9,2231.42,2,666.2199999999999,move,improve
1549,9,2107.540000000001,2,666.2199999999999,swap,improve
1550,9,2107.540000000001,2,666.2199999999999,2opt,notBad
1551,9,2107.540000000001,2,666.2199999999999,move,improve
1552,9,1977.040000000001,2,666.2199999999999,move,improve
1553,9,2041.2200000000003,2,666.2199999999999,swap,acceptBad
1554,9,1947.0800000000004,2,666.2199999999999,move,improve
1555,9,1875.2600000000002,2,666.2199999999999,move,improve
1556,9,1875.2600000000002,2,666.2199999999999,2opt,notBad
1557,9,1651.2600000000004,2,666.2199999999999,move,improve
1558,9,2015.8799999999999,2,666.2199999999999,swap,acceptBad
1559,9,1985.08,2,666.2199999999999,move,improve
1560,9,1984.96,2,666.2199999999999,move,improve
1561,9,1984.96,2,666.2199999999999,2opt,notBad
1562,9,1932.54,2,666.2199999999999,swap,improve
1563,9,1932.54,2,666.2199999999999,2opt,notBad
1564,9,1908.48,2,666.2199999999999,move,improve
1565,9,1750.7200000000003,2,666.2199999999999,move,improve
1566,9,1737.5000000000005,2,666.2199999999999,move,improve
1567,9,1675.9,2,666.2199999999999,move,improve
1568,9,1702.3800000000003,2,666.2199999999999,swap,acceptBad
1569,9,1737.1599999999996,2,666.2199999999999,2opt,acceptBad
1570,9,2102.2599999999998,2,666.2199999999999,2opt,acceptBad
1571,9,2457.24,2,666.2199999999999,2opt,acceptBad
1572,9,2179.0600000000004,2,666.2199999999999,move,improve
1573,9,2173.4200000000005,2,666.2199999999999,2opt,improve
1574,9,2173.4200000000005,2,666.2199999999999,2opt,notBad
1575,9,2173.4200000000005,2,666.2199999999999,2opt,notBad
1576,9,2003.6200000000001,2,666.2199999999999,move,improve
1577,9,1871.7200000000003,2,666.2199999999999,move,improve
1578,9,1868.8400000000001,2,666.2199999999999,swap,improve
1579,9,1934.7000000000003,2,666.2199999999999,2opt,acceptBad
1580,9,1934.7000000000003,2,666.2199999999999,2opt,notBad
1581,9,1968.4199999999996,2,666.2199999999999,2opt,acceptBad
1582,9,1959.7199999999998,2,666.2199999999999,swap,improve
1583,9,1975.0799999999997,2,666.2199999999999,2opt,acceptBad
1584,9,1964.1399999999999,2,666.2199999999999,swap,improve
1585,9,1995.04,2,666.2199999999999,2opt,acceptBad
1586,9,1951.12,2,666.2199999999999,move,improve
1587,9,1885.0,2,666.2199999999999,move,improve
1588,9,1885.0,2,666.2199999999999,move,improve
1589,10,1810.56,2,666.2199999999999,2opt,improve
1590,10,1810.56,2,666.2199999999999,move,improve
1591,10,2027.1399999999994,2,666.2199999999999,swap,acceptBad
1592,10,2027.1399999999994,2,666.2199999999999,2opt,notBad
1593,10,2027.1399999999994,2,666.2199999999999,2opt,notBad
1594,10,1836.8200000000002,2,666.2199999999999,move,improve
1595,10,1807.6000000000001,2,666.2199999999999,move,improve
1596,10,1807.6000000000001,2,666.2199999999999,2opt,notBad
1597,10,1807.6000000000001,2,666.2199999999999,2opt,improve
1598,10,1807.6000000000001,2,666.2199999999999,move,improve
1599,10,1860.54,2,666.2199999999999,swap,acceptBad
1600,10,1860.54,2,666.2199999999999,2opt,notBad
1601,10,1781.24,2,666.2199999999999,move,improve
1602,10,1769.4799999999998,2,666.2199999999999,move,improve
1603,10,1769.4799999999998,2,666.2199999999999,2opt,notBad
1604,10,1769.4799999999998,2,666.2199999999999,move,improve
1605,10,1769.4799999999998,2,666.2199999999999,2opt,notBad
1606,10,1769.36,2,666.2199999999999,move,improve
1607,10,2538.46,2,666.2199999999999,swap,acceptBad
1608,10,2554.959999999999,2,666.2199999999999,2opt,acceptBad
1609,10,2363.1399999999994,2,666.2199999999999,move,improve
1610,10,2363.1399999999994,2,666.2199999999999,move,improve
1611,10,2363.1399999999994,2,666.2199999999999,swap,notBad
1612,10,2336.4399999999996,2,666.2199999999999,move,improve
1613,10,2137.8399999999992,2,666.2199999999999,move,improve
1614,10,2137.8399999999992,2,666.2199999999999,move,improve
1615,10,2836.36,2,666.2199999999999,swap,acceptBad
1616,10,2856.52,2,666.2199999999999,2opt,acceptBad
1617,10,2719.7799999999997,2,666.2199999999999,move,improve
1618,10,2706.0199999999995,2,666.2199999999999,swap,improve
1619,10,2836.7599999999993,2,666.2199999999999,swap,acceptBad
1620,10,2819.4799999999996,2,666.2199999999999,swap,improve
1621,10,2891.66,2,666.2199999999999,swap,acceptBad
1622,10,2921.7400000000007,2,666.2199999999999,swap,acceptBad
1623,10,2941.3599999999997,2,666.2199999999999,2opt,acceptBad
1624,10,2917.8999999999996,2,666.2199999999999,move,improve
1625,10,2906.0199999999995,2,666.2199999999999,swap,improve
1626,10,2930.0800000000004,2,666.2199999999999,2opt,acceptBad
1627,10,2930.0800000000004,2,666.2199999999999,2opt,notBad
1628,10,2749.62,2,666.2199999999999,move,improve
1629,10,2739.2,2,666.2199999999999,move,improve
1630,10,2737.0999999999995,2,666.2199999999999,swap,improve
1631,10,2766.1799999999994,2,666.2199999999999,swap,acceptBad
1632,10,2799.6999999999994,2,666.2199999999999,2opt,acceptBad
1633,10,2851.899999999999,2,666.2199999999999,swap,acceptBad
1634,10,2816.4399999999996,2,666.2199999999999,swap,improve
1635,10,2526.959999999999,2,666.2199999999999,move,improve
1636,10,2520.7799999999997,2,666.2199999999999,2opt,improve
1637,10,2520.7799999999997,2,666.2199999999999,swap,notBad
1638,10,2535.7200000000003,2,666.2199999999999,swap,acceptBad
1639,10,2552.4,2,666.2199999999999,swap,acceptBad
1640,10,2434.7799999999997,2,666.2199999999999,swap,improve
1641,10,2432.66,2,666.2199999999999,move,improve
1642,10,2432.66,2,666.2199999999999,2opt,notBad
1643,10,2415.8,2,666.2199999999999,move,improve
1644,10,2389.7,2,666.2199999999999,move,improve
1645,10,3173.2400000000002,2,666.2199999999999,swap,acceptBad
1646,10,3173.2400000000002,2,666.2199999999999,move,improve
1647,10,3190.9,2,666.2199999999999,2opt,acceptBad
1648,10,3186.4,2,666.2199999999999,move,improve
1649,10,3047.5999999999995,2,666.2199999999999,move,improve
1650,10,2820.8599999999997,2,666.2199999999999,move,improve
1651,10,2820.8599999999997,2,666.2199999999999,swap,notBad
1652,10,2820.8599999999997,2,666.2199999999999,swap,notBad
1653,10,2820.8599999999997,2,666.2199999999999,swap,notBad
1654,10,2796.2,2,666.2199999999999,swap,improve
1655,10,2709.1000000000004,2,666.2199999999999,swap,improve
1656,10,2709.1000000000004,2,666.2199999999999,2opt,improve
1657,10,2753.38,2,666.2199999999999,swap,acceptBad
1658,10,2195.8599999999997,2,666.2199999999999,swap,improve
1659,10,2191.42,2,666.2199999999999,2opt,improve
1660,10,2196.46,2,666.2199999999999,swap,acceptBad
1661,10,2272.16,2,666.2199999999999,swap,acceptBad
1662,10,2242.94,2,666.2199999999999,move,improve
1663,10,2144.7200000000003,2,666.2199999999999,swap,improve
1664,10,2651.84,2,666.2199999999999,swap,acceptBad
1665,10,2671.34,2,666.2199999999999,swap,acceptBad
1666,10,2671.34,2,666.2199999999999,2opt,notBad
1667,10,2643.0200000000004,2,666.2199999999999,swap,improve
1668,10,2580.8200000000006,2,666.2199999999999,swap,improve
1669,10,2525.48,2,666.2199999999999,move,improve
1670,10,2329.4,2,666.2199999999999,move,improve
1671,10,2321.6000000000004,2,666.2199999999999,swap,improve
1672,10,2321.6000000000004,2,666.2199999999999,2opt,notBad
1673,10,2153.0600000000004,2,666.2199999999999,move,improve
1674,10,3209.0600000000013,2,666.2199999999999,swap,acceptBad
1675,10,2923.720000000001,2,666.2199999999999,move,improve
1676,10,2952.520000000001,2,666.2199999999999,swap,acceptBad
1677,10,2971.8399999999997,2,666.2199999999999,2opt,acceptBad
1678,10,2988.8199999999997,2,666.2199999999999,swap,acceptBad
1679,10,2977.1200000000003,2,666.2199999999999,2opt,improve
1680,10,2960.3200000000006,2,666.2199999999999,swap,improve
1681,10,2960.3200000000006,2,666.2199999999999,move,improve
1682,10,2971.54,2,666.2199999999999,2opt,acceptBad
1683,10,2969.7999999999997,2,666.2199999999999,swap,improve
1684,10,3065.4399999999996,2,666.2199999999999,swap,acceptBad
1685,10,3055.18,2,666.2199999999999,swap,improve
1686,10,3055.18,2,666.2199999999999,2opt,notBad
1687,10,3055.18,2,666.2199999999999,2opt,notBad
1688,10,2958.460000000001,2,666.2199999999999,swap,improve
1689,9,2677.5200000000004,2,666.2199999999999,2opt,improve
1690,9,2672.1200000000003,2,666.2199999999999,2opt,improve
1691,9,2434.8400000000006,2,666.2199999999999,move,improve
1692,9,2422.960000000001,2,666.2199999999999,move,improve
1693,9,2399.620000000001,2,666.2199999999999,move,improve
1694,9,2894.88,2,666.2199999999999,2opt,acceptBad
1695,9,2896.6,2,666.2199999999999,swap,acceptBad
1696,9,2917.96,2,666.2199999999999,swap,acceptBad
1697,9,2914.5999999999995,2,666.2199999999999,2opt,improve
1698,9,2925.64,2,666.2199999999999,swap,acceptBad
1699,9,2925.64,2,666.2199999999999,move,improve
1700,9,2887.66,2,666.2199999999999,move,improve
1701,9,2887.66,2,666.2199999999999,move,improve
1702,9,2448.0,2,666.2199999999999,swap,improve
1703,9,2471.2800000000007,2,666.2199999999999,2opt,acceptBad
1704,9,2565.32,2,666.2199999999999,swap,acceptBad
1705,9,2537.96,2,666.2199999999999,move,improve
1706,9,2518.2200000000003,2,666.2199999999999,move,improve
1707,9,2564.52,2,666.2199999999999,swap,acceptBad
1708,9,3113.54,2,666.2199999999999,2opt,acceptBad
1709,9,2979.38,2,666.2199999999999,move,improve
1710,9,2305.6400000000003,2,666.2199999999999,move,improve
1711,9,2313.000000000001,2,666.2199999999999,swap,acceptBad
1712,9,2340.0000000000005,2,666.2199999999999,2opt,acceptBad
1713,9,2340.0000000000005,2,666.2199999999999,2opt,notBad
1714,9,1895.5200000000004,2,666.2199999999999,move,improve
1715,9,1894.8600000000001,2,666.2199999999999,2opt,improve
1716,9,1894.8600000000001,2,666.2199999999999,2opt,improve
1717,9,1894.8600000000001,2,666.2199999999999,2opt,notBad
1718,9,1893.0000000000002,2,666.2199999999999,2opt,improve
1719,9,1890.0600000000004,2,666.2199999999999,2opt,improve
1720,9,1951.8000000000002,2,666.2199999999999,2opt,acceptBad
1721,9,1947.66,2,666.2199999999999,swap,improve
1722,9,1907.4600000000003,2,666.2199999999999,move,improve
1723,9,1907.4600000000003,2,666.2199999999999,move,improve
1724,9,1907.4600000000003,2,666.2199999999999,2opt,notBad
1725,9,1879.8000000000004,2,666.2199999999999,move,improve
1726,9,1879.8000000000004,2,666.2199999999999,move,improve
1727,9,1758.2400000000002,2,666.2199999999999,move,improve
1728,9,2407.88,2,666.2199999999999,swap,acceptBad
1729,9,2053.38,2,666.2199999999999,move,improve
1730,9,2053.38,2,666.2199999999999,2opt,notBad
1731,8,1920.38,2,666.2199999999999,2opt,improve
1732,8,1920.38,2,666.2199999999999,2opt,notBad
1733,8,1823.9,2,666.2199999999999,move,improve
1734,8,1853.12,2,666.2199999999999,swap,acceptBad
1735,8,2922.54,2,666.2199999999999,swap,acceptBad
1736,8,2700.4799999999996,2,666.2199999999999,move,improve
1737,8,2700.4799999999996,2,666.2199999999999,move,improve
1738,8,2755.5199999999995,2,666.2199999999999,2opt,acceptBad
1739,8,2916.26,2,666.2199999999999,2opt,acceptBad
1740,8,2900.9200000000005,2,666.2199999999999,move,improve
1741,8,2673.3,2,666.2199999999999,move,improve
1742,8,2372.1400000000003,2,666.2199999999999,move,improve
1743,8,2390.8,2,666.2199999999999,swap,acceptBad
1744,8,2390.8,2,666.2199999999999,2opt,notBad
1745,8,2388.76,2,666.2199999999999,move,improve
1746,8,2403.82,2,666.2199999999999,swap,acceptBad
1747,8,2278.9800000000005,2,666.2199999999999,move,improve
1748,8,2320.26,2,666.2199999999999,swap,acceptBad
1749,8,2168.66,2,666.2199999999999,2opt,improve
1750,8,2144.8999999999996,2,666.2199999999999,move,improve
1751,8,2146.64,2,666.2199999999999,2opt,acceptBad
1752,8,2199.3399999999997,2,666.2199999999999,swap,acceptBad
1753,8,2209.4799999999996,2,666.2199999999999,2opt,acceptBad
1754,8,2207.5599999999995,2,666.2199999999999,2opt,improve
1755,8,2149.66,2,666.2199999999999,swap,improve
1756,8,2128.7799999999997,2,666.2199999999999,swap,improve
1757,8,2128.7799999999997,2,666.2199999999999,2opt,notBad
1758,8,2036.6599999999999,2,666.2199999999999,move,improve
1759,8,1954.1,2,666.2199999999999,move,improve
1760,8,2007.9999999999998,2,666.2199999999999,swap,acceptBad
1761,8,2063.4399999999996,2,666.2199999999999,swap,acceptBad
1762,8,2041.4799999999998,2,666.2199999999999,swap,improve
1763,8,2030.86,2,666.2199999999999,swap,improve
1764,8,2030.86,2,666.2199999999999,move,improve
1765,8,2013.5599999999997,2,666.2199999999999,move,improve
1766,8,1959.6200000000001,2,666.2199999999999,move,improve
1767,8,1959.6200000000001,2,666.2199999999999,2opt,notBad
1768,8,1867.12,2,666.2199999999999,move,improve
1769,8,1867.12,2,666.2199999999999,move,improve
1770,8,1867.12,2,666.2199999999999,2opt,notBad
1771,8,1865.14,2,666.2199999999999,2opt,improve
1772,8,1865.14,2,666.2199999999999,move,improve
1773,8,1865.14,2,666.2199999999999,move,improve
1774,8,1865.14,2,666.2199999999999,move,improve
1775,8,1866.8799999999997,2,666.2199999999999,2opt,acceptBad
1776,8,1866.8799999999997,2,666.2199999999999,2opt,notBad
1777,8,1709.46,2,666.2199999999999,swap,improve
1778,8,1525.9399999999998,2,666.2199999999999,move,improve
1779,8,1494.32,2,666.2199999999999,move,improve
1780,8,1597.7599999999998,2,666.2199999999999,swap,acceptBad
1781,8,1581.6199999999997,2,666.2199999999999,move,improve
1782,8,1581.6199999999997,2,666.2199999999999,2opt,notBad
1783,8,1581.6199999999997,2,666.2199999999999,2opt,notBad
1784,8,1601.7799999999995,2,666.2199999999999,2opt,acceptBad
1785,8,1603.5599999999997,2,666.2199999999999,swap,acceptBad
1786,8,1632.9599999999996,2,666.2199999999999,swap,acceptBad
1787,8,1625.7999999999997,2,666.2199999999999,move,improve
1788,8,1625.2600000000002,2,666.2199999999999,2opt,improve
1789,8,1633.44,2,666.2199999999999,swap,acceptBad
1790,8,1594.38,2,666.2199999999999,move,improve
1791,8,1556.9199999999998,2,666.2199999999999,move,improve
1792,8,1556.9199999999998,2,666.2199999999999,2opt,notBad
1793,8,1563.8399999999997,2,666.2199999999999,swap,acceptBad
1794,8,1563.8399999999997,2,666.2199999999999,move,improve
1795,8,1538.92,2,666.2199999999999,swap,improve
1796,8,1538.92,2,666.2199999999999,move,improve
1797,8,1538.92,2,666.2199999999999,2opt,notBad
1798,8,1538.92,2,666.2199999999999,2opt,notBad
1799,8,1538.92,2,666.2199999999999,move,improve
1800,8,1533.4599999999996,2,666.2199999999999,2opt,improve
1801,8,1490.5599999999995,2,666.2199999999999,move,improve
1802,8,1549.0599999999995,2,666.2199999999999,swap,acceptBad
1803,8,1573.12,2,666.2199999999999,2opt,acceptBad
1804,8,1573.12,2,666.2199999999999,2opt,notBad
1805,8,1573.12,2,666.2199999999999,2opt,notBad
1806,8,1645.6999999999998,2,666.2199999999999,2opt,acceptBad
1807,8,1664.2399999999998,2,666.2199999999999,swap,acceptBad
1808,8,1660.2399999999998,2,666.2199999999999,swap,improve
1809,8,1734.3999999999996,2,666.2199999999999,swap,acceptBad
1810,8,2233.6,2,666.2199999999999,swap,acceptBad
1811,8,2233.6,2,666.2199999999999,move,improve
1812,8,2235.1000000000004,2,666.2199999999999,2opt,acceptBad
1813,8,2235.1000000000004,2,666.2199999999999,2opt,notBad
1814,8,2223.2800000000007,2,666.2199999999999,2opt,improve
1815,8,2223.2800000000007,2,666.2199999999999,2opt,notBad
1816,8,1944.2800000000002,2,666.2199999999999,move,improve
1817,8,1970.4599999999998,2,666.2199999999999,swap,acceptBad
1818,8,2027.6799999999996,2,666.2199999999999,swap,acceptBad
1819,8,1993.7799999999997,2,666.2199999999999,swap,improve
1820,8,1803.46,2,666.2199999999999,swap,improve
1821,8,1721.02,2,666.2199999999999,move,improve
1822,8,1721.02,2,666.2199999999999,2opt,notBad
1823,8,1721.02,2,666.2199999999999,move,improve
1824,8,1715.6799999999998,2,666.2199999999999,move,improve
1825,8,1729.9,2,666.2199999999999,2opt,acceptBad
1826,8,1631.9600000000003,2,666.2199999999999,move,improve
1827,8,1621.0400000000004,2,666.2199999999999,swap,improve
1828,8,1573.3600000000004,2,666.2199999999999,move,improve
1829,8,1573.3600000000004,2,666.2199999999999,2opt,notBad
1830,8,1557.94,2,666.2199999999999,2opt,improve
1831,8,1533.2200000000003,2,666.2199999999999,move,improve
1832,8,1536.8200000000002,2,666.2199999999999,swap,acceptBad
1833,8,1536.8200000000002,2,666.2199999999999,2opt,notBad
1834,8,1534.06,2,666.2199999999999,move,improve
1835,8,1533.6399999999999,2,666.2199999999999,swap,improve
1836,8,1577.5,2,666.2199999999999,swap,acceptBad
1837,8,1577.5,2,666.2199999999999,2opt,notBad
1838,8,1577.2599999999998,2,666.2199999999999,move,improve
1839,8,1574.3799999999994,2,666.2199999999999,move,improve
1840,8,1573.3799999999997,2,666.2199999999999,move,improve
1841,8,1573.3799999999997,2,666.2199999999999,2opt,notBad
1842,8,1859.02,2,666.2199999999999,swap,acceptBad
1843,8,1859.02,2,666.2199999999999,2opt,notBad
1844,8,1864.8399999999997,2,666.2199999999999,swap,acceptBad
1845,8,1704.7999999999997,2,666.2199999999999,move,improve
1846,8,1713.7999999999997,2,666.2199999999999,swap,acceptBad
1847,8,1713.2599999999998,2,666.2199999999999,swap,improve
1848,8,1550.3600000000001,2,666.2199999999999,move,improve
1849,8,1550.3600000000001,2,666.2199999999999,move,improve
1850,8,1549.52,2,666.2199999999999,move,improve
1851,8,1549.52,2,666.2199999999999,2opt,notBad
1852,8,1547.96,2,666.2199999999999,move,improve
1853,8,2162.66,2,666.2199999999999,swap,acceptBad
1854,8,2432.1800000000003,2,666.2199999999999,2opt,acceptBad
1855,8,2436.2000000000003,2,666.2199999999999,swap,acceptBad
1856,8,2438.96,2,666.2199999999999,swap,acceptBad
1857,8,2438.96,2,666.2199999999999,2opt,notBad
1858,8,2575.02,2,666.2199999999999,swap,acceptBad
1859,8,2575.02,2,666.2199999999999,2opt,notBad
1860,8,2548.34,2,666.2199999999999,move,improve
1861,8,2615.580000000001,2,666.2199999999999,swap,acceptBad
1862,8,2702.5800000000004,2,666.2199999999999,2opt,acceptBad
1863,8,2942.76,2,666.2199999999999,2opt,acceptBad
1864,8,3163.66,2,666.2199999999999,swap,acceptBad
1865,8,3042.959999999999,2,666.2199999999999,move,improve
1866,8,3042.959999999999,2,666.2199999999999,2opt,notBad
1867,8,3103.7599999999993,2,666.2199999999999,swap,acceptBad
1868,8,3102.56,2,666.2199999999999,move,improve
1869,8,3005.4599999999996,2,666.2199999999999,swap,improve
1870,8,3002.7799999999997,2,666.2199999999999,move,improve
1871,8,2941.04,2,666.2199999999999,move,improve
1872,8,3037.6800000000003,2,666.2199999999999,2opt,acceptBad
1873,8,3037.6800000000003,2,666.2199999999999,2opt,improve
1874,8,2859.64,2,666.2199999999999,move,improve
1875,8,2856.6400000000003,2,666.2199999999999,2opt,improve
1876,8,2761.14,2,666.2199999999999,move,improve
1877,8,2787.24,2,666.2199999999999,2opt,acceptBad
1878,8,2746.26,2,666.2199999999999,swap,improve
1879,8,2702.7599999999998,2,666.2199999999999,2opt,improve
1880,8,2702.7599999999998,2,666.2199999999999,2opt,notBad
1881,8,2702.7599999999998,2,666.2199999999999,move,improve
1882,8,2375.6800000000003,2,666.2199999999999,move,improve
1883,8,2366.1400000000003,2,666.2199999999999,swap,improve
1884,8,2357.0200000000004,2,666.2199999999999,move,improve
1885,8,2357.0200000000004,2,666.2199999999999,move,improve
1886,8,2393.62,2,666.2199999999999,2opt,acceptBad
1887,8,2426.0599999999995,2,666.2199999999999,swap,acceptBad
1888,8,2442.38,2,666.2199999999999,2opt,acceptBad
1889,8,2474.0,2,666.2199999999999,swap,acceptBad
1890,8,2441.66,2,666.2199999999999,move,improve
1891,8,2542.7999999999997,2,666.2199999999999,swap,acceptBad
1892,8,2541.24,2,666.2199999999999,move,improve
1893,8,2541.24,2,666.2199999999999,2opt,notBad
1894,8,2638.34,2,666.2199999999999,swap,acceptBad
1895,8,2650.2200000000003,2,666.2199999999999,2opt,acceptBad
1896,8,2587.3399999999997,2,666.2199999999999,swap,improve
1897,8,2554.2199999999993,2,666.2199999999999,2opt,improve
1898,8,2574.7,2,666.2199999999999,2opt,acceptBad
1899,9,2697.0199999999995,2,666.2199999999999,2opt,acceptBad
1900,9,2697.0199999999995,2,666.2199999999999,move,improve
1901,9,2768.7999999999997,2,666.2199999999999,swap,acceptBad
1902,9,2749.96,2,666.2199999999999,2opt,improve
1903,9,2742.28,2,666.2199999999999,2opt,improve
1904,9,2701.1600000000003,2,666.2199999999999,move,improve
1905,9,2701.1600000000003,2,666.2199999999999,move,improve
1906,9,2701.1600000000003,2,666.2199999999999,move,improve
1907,8,2327.2799999999997,2,666.2199999999999,2opt,improve
1908,8,2329.1000000000004,2,666.2199999999999,2opt,acceptBad
1909,8,2329.1000000000004,2,666.2199999999999,swap,notBad
1910,8,2232.8600000000006,2,666.2199999999999,swap,improve
1911,8,2232.8600000000006,2,666.2199999999999,2opt,notBad
1912,8,2232.8600000000006,2,666.2199999999999,2opt,notBad
1913,8,2221.1000000000004,2,666.2199999999999,move,improve
1914,8,2209.1000000000004,2,666.2199999999999,2opt,improve
1915,8,2209.1000000000004,2,666.2199999999999,swap,notBad
1916,8,2209.1000000000004,2,666.2199999999999,move,improve
1917,8,2025.14,2,666.2199999999999,move,improve
1918,8,2025.14,2,666.2199999999999,2opt,notBad
1919,8,1951.24,2,666.2199999999999,swap,improve
1920,8,1769.2200000000003,2,666.2199999999999,2opt,improve
1921,8,1763.88,2,666.2199999999999,move,improve
1922,8,1762.62,2,666.2199999999999,2opt,improve
1923,8,1738.24,2,666.2199999999999,move,improve
1924,8,1738.24,2,666.2199999999999,move,improve
1925,8,1814.1399999999999,2,666.2199999999999,swap,acceptBad
1926,8,1749.4799999999998,2,666.2199999999999,move,improve
1927,8,1697.12,2,666.2199999999999,move,improve
1928,8,1973.4999999999995,2,666.2199999999999,swap,acceptBad
1929,8,1841.6399999999999,2,666.2199999999999,move,improve
1930,8,1806.84,2,666.2199999999999,swap,improve
1931,8,1771.56,2,666.2199999999999,move,improve
1932,8,1771.56,2,666.2199999999999,move,improve
1933,8,1810.56,2,666.2199999999999,swap,acceptBad
1934,8,1810.56,2,666.2199999999999,2opt,notBad
1935,8,2042.42,2,666.2199999999999,swap,acceptBad
1936,8,1976.0999999999997,2,666.2199999999999,2opt,improve
1937,8,1840.08,2,666.2199999999999,move,improve
1938,8,1837.6200000000001,2,666.2199999999999,2opt,improve
1939,8,1902.4199999999996,2,666.2199999999999,swap,acceptBad
1940,8,1782.6399999999999,2,666.2199999999999,move,improve
1941,8,1853.8199999999997,2,666.2199999999999,swap,acceptBad
1942,8,1853.8199999999997,2,666.2199999999999,2opt,notBad
1943,8,1853.8199999999997,2,666.2199999999999,2opt,notBad
1944,8,1844.2200000000003,2,666.2199999999999,2opt,improve
1945,8,1819.5400000000002,2,666.2199999999999,swap,improve
1946,9,1952.7400000000002,2,666.2199999999999,2opt,acceptBad
1947,9,1952.7400000000002,2,666.2199999999999,2opt,notBad
1948,9,1952.7400000000002,2,666.2199999999999,2opt,notBad
1949,9,1928.44,2,666.2199999999999,swap,improve
1950,9,1718.8,2,666.2199999999999,move,improve
1951,9,1721.32,2,666.2199999999999,swap,acceptBad
1952,9,1687.42,2,666.2199999999999,move,improve
1953,9,1687.42,2,666.2199999999999,2opt,notBad
1954,9,1687.48,2,666.2199999999999,2opt,acceptBad
1955,9,1687.48,2,666.2199999999999,2opt,notBad
1956,9,1687.48,2,666.2199999999999,move,improve
1957,9,1689.1599999999999,2,666.2199999999999,2opt,acceptBad
1958,9,1689.1599999999999,2,666.2199999999999,swap,notBad
1959,9,1688.56,2,666.2199999999999,swap,improve
1960,9,1688.56,2,666.2199999999999,2opt,notBad
1961,9,1805.1199999999997,2,666.2199999999999,swap,acceptBad
1962,9,1791.0199999999995,2,666.2199999999999,2opt,improve
1963,9,1807.8199999999995,2,666.2199999999999,swap,acceptBad
1964,9,1799.9599999999996,2,666.2199999999999,swap,improve
1965,9,1799.9599999999996,2,666.2199999999999,move,improve
1966,9,1799.9599999999996,2,666.2199999999999,2opt,notBad
1967,9,1800.8599999999994,2,666.2199999999999,swap,acceptBad
1968,9,1779.4399999999996,2,666.2199999999999,move,improve
1969,9,1773.4999999999998,2,666.2199999999999,move,improve
1970,9,1773.4999999999998,2,666.2199999999999,swap,notBad
1971,9,1773.4999999999998,2,666.2199999999999,swap,notBad
1972,9,1738.6399999999999,2,666.2199999999999,swap,improve
1973,9,1738.6399999999999,2,666.2199999999999,2opt,notBad
1974,9,1736.2399999999998,2,666.2199999999999,move,improve
1975,9,1738.5799999999995,2,666.2199999999999,2opt,acceptBad
1976,9,1738.5799999999995,2,666.2199999999999,swap,notBad
1977,9,1686.02,2,666.2199999999999,swap,improve
1978,9,1686.02,2,666.2199999999999,2opt,notBad
1979,9,1620.2199999999998,2,666.2199999999999,move,improve
1980,9,1615.6599999999999,2,666.2199999999999,move,improve
1981,9,1615.6599999999999,2,666.2199999999999,2opt,improve
1982,9,1602.2199999999998,2,666.2199999999999,2opt,improve
1983,9,1572.2200000000003,2,666.2199999999999,move,improve
1984,9,1572.2200000000003,2,666.2199999999999,move,improve
1985,9,1485.0600000000004,2,666.2199999999999,move,improve
1986,9,1485.0600000000004,2,666.2199999999999,move,improve
1987,9,1485.0600000000004,2,666.2199999999999,2opt,notBad
1988,9,1458.7200000000003,2,666.2199999999999,move,improve
1989,9,1458.7200000000003,2,666.2199999999999,2opt,notBad
1990,9,1470.8400000000001,2,666.2199999999999,2opt,acceptBad
1991,9,1470.8400000000001,2,666.2199999999999,swap,notBad
1992,9,1455.7200000000003,2,666.2199999999999,move,improve
1993,9,1455.7200000000003,2,666.2199999999999,move,improve
1994,9,1475.2800000000002,2,666.2199999999999,swap,acceptBad
1995,9,1475.2800000000002,2,666.2199999999999,swap,notBad
1996,9,1527.7800000000002,2,666.2199999999999,2opt,acceptBad
1997,9,1527.6000000000004,2,666.2199999999999,2opt,improve
1998,9,1527.6000000000004,2,666.2199999999999,move,improve
1999,9,1527.6000000000004,2,666.2199999999999,swap,notBad
2000,9,1497.6000000000004,2,666.2199999999999,move,improve
2001,9,1497.6000000000004,2,666.2199999999999,2opt,notBad
2002,9,1502.2800000000002,2,666.2199999999999,swap,acceptBad
2003,9,1502.2800000000002,2,666.2199999999999,2opt,notBad
2004,9,1506.06,2,666.2199999999999,2opt,acceptBad
2005,9,1503.0,2,666.2199999999999,swap,improve
2006,9,1541.04,2,666.2199999999999,2opt,acceptBad
2007,9,1530.0000000000005,2,666.2199999999999,move,improve
2008,9,1533.0600000000004,2,666.2199999999999,swap,acceptBad
2009,9,1561.5600000000004,2,666.2199999999999,swap,acceptBad
2010,9,1561.5600000000004,2,666.2199999999999,2opt,notBad
2011,9,1561.5600000000004,2,666.2199999999999,swap,notBad
2012,9,1739.3399999999997,2,666.2199999999999,swap,acceptBad
2013,9,1694.6799999999998,2,666.2199999999999,move,improve
2014,9,1582.6400000000003,2,666.2199999999999,move,improve
2015,9,1574.9600000000003,2,666.2199999999999,move,improve
2016,9,1689.8200000000004,2,666.2199999999999,swap,acceptBad
2017,9,1687.7200000000005,2,666.2199999999999,swap,improve
2018,9,1687.7200000000005,2,666.2199999999999,2opt,notBad
2019,9,1687.7200000000005,2,666.2199999999999,swap,notBad
2020,9,1705.4800000000005,2,666.2199999999999,swap,acceptBad
2021,9,1700.5600000000002,2,666.2199999999999,2opt,improve
2022,9,1700.5600000000002,2,666.2199999999999,2opt,notBad
2023,9,1700.5600000000002,2,666.2199999999999,2opt,notBad
2024,9,1700.5600000000002,2,666.2199999999999,2opt,notBad
2025,9,1785.1400000000003,2,666.2199999999999,2opt,acceptBad
2026,9,1785.1400000000003,2,666.2199999999999,2opt,notBad
2027,9,1760.8400000000001,2,666.2199999999999,move,improve
2028,9,1955.3200000000002,2,666.2199999999999,swap,acceptBad
2029,9,1955.3200000000002,2,666.2199999999999,2opt,notBad
2030,9,1955.3200000000002,2,666.2199999999999,move,improve
2031,9,1957.1800000000003,2,666.2199999999999,swap,acceptBad
2032,9,1957.1800000000003,2,666.2199999999999,2opt,notBad
2033,9,1847.7400000000005,2,666.2199999999999,2opt,improve
2034,9,1847.7400000000005,2,666.2199999999999,2opt,notBad
2035,9,1789.3800000000003,2,666.2199999999999,move,improve
2036,9,1797.0600000000004,2,666.2199999999999,swap,acceptBad
2037,9,1790.8400000000001,2,666.2199999999999,move,improve
2038,9,1790.8400000000001,2,666.2199999999999,move,improve
2039,9,2375.6800000000003,2,666.2199999999999,swap,acceptBad
2040,9,2375.6800000000003,2,666.2199999999999,2opt,notBad
2041,9,2406.5,2,666.2199999999999,swap,acceptBad
2042,9,2420.8999999999996,2,666.2199999999999,2opt,acceptBad
2043,9,2420.8999999999996,2,666.2199999999999,2opt,notBad
2044,9,2420.8999999999996,2,666.2199999999999,swap,notBad
2045,9,2355.8599999999997,2,666.2199999999999,move,improve
2046,9,2421.7200000000003,2,666.2199999999999,2opt,acceptBad
2047,9,2463.4,2,666.2199999999999,swap,acceptBad
2048,9,2348.92,2,666.2199999999999,2opt,improve
2049,9,2338.24,2,666.2199999999999,swap,improve
2050,9,2338.24,2,666.2199999999999,2opt,improve
2051,9,2315.08,2,666.2199999999999,2opt,improve
2052,9,2315.1399999999994,2,666.2199999999999,swap,acceptBad
2053,9,2268.2599999999993,2,666.2199999999999,move,improve
2054,9,2145.7599999999998,2,666.2199999999999,move,improve
2055,9,2035.9799999999998,2,666.2199999999999,move,improve
2056,9,2283.3399999999997,2,666.2199999999999,swap,acceptBad
2057,9,2283.3399999999997,2,666.2199999999999,swap,notBad
2058,9,2062.9999999999995,2,666.2199999999999,move,improve
2059,9,2004.0999999999995,2,666.2199999999999,move,improve
2060,9,1995.4599999999996,2,666.2199999999999,swap,improve
2061,10,1877.8600000000001,2,666.2199999999999,2opt,improve
2062,10,1877.8600000000001,2,666.2199999999999,2opt,improve
2063,10,1877.8600000000001,2,666.2199999999999,2opt,notBad
2064,10,1877.8600000000001,2,666.2199999999999,2opt,notBad
2065,10,1873.2399999999998,2,666.2199999999999,move,improve
2066,10,1873.2399999999998,2,666.2199999999999,2opt,notBad
2067,10,1861.8999999999996,2,666.2199999999999,move,improve
2068,10,1861.2399999999998,2,666.2199999999999,move,improve
2069,10,1822.54,2,666.2199999999999,move,improve
2070,10,1822.54,2,666.2199999999999,move,improve
2071,10,1701.8199999999997,2,666.2199999999999,move,improve
2072,10,1701.8199999999997,2,666.2199999999999,move,improve
2073,10,1693.0000000000005,2,666.2199999999999,2opt,improve
2074,10,1673.7400000000002,2,666.2199999999999,swap,improve
2075,10,1660.6000000000004,2,666.2199999999999,move,improve
2076,10,1660.6000000000004,2,666.2199999999999,2opt,notBad
2077,10,1660.6000000000004,2,666.2199999999999,move,improve
2078,10,1660.6000000000004,2,666.2199999999999,2opt,notBad
2079,10,1660.6000000000004,2,666.2199999999999,2opt,notBad
2080,10,1684.7000000000003,2,666.2199999999999,swap,acceptBad
2081,10,1684.7000000000003,2,666.2199999999999,2opt,notBad
2082,10,1661.6600000000003,2,666.2199999999999,move,improve
2083,10,1661.6600000000003,2,666.2199999999999,2opt,improve
2084,10,1661.6600000000003,2,666.2199999999999,2opt,notBad
2085,10,1707.2000000000003,2,666.2199999999999,swap,acceptBad
2086,10,1688.8400000000004,2,666.2199999999999,2opt,improve
2087,10,1672.2200000000005,2,666.2199999999999,move,improve
2088,10,1672.2200000000005,2,666.2199999999999,2opt,notBad
2089,10,1672.2200000000005,2,666.2199999999999,2opt,notBad
2090,10,1688.3600000000004,2,666.2199999999999,2opt,acceptBad
2091,10,1688.3600000000004,2,666.2199999999999,2opt,notBad
2092,10,1712.4200000000003,2,666.2199999999999,swap,acceptBad
2093,10,1712.4200000000003,2,666.2199999999999,move,improve
2094,10,1701.6800000000003,2,666.2199999999999,2opt,improve
2095,10,1701.6800000000003,2,666.2199999999999,2opt,improve
2096,10,1671.58,2,666.2199999999999,swap,improve
2097,10,1671.58,2,666.2199999999999,move,improve
2098,10,1671.58,2,666.2199999999999,2opt,notBad
2099,10,1644.6399999999999,2,666.2199999999999,swap,improve
2100,10,1644.6399999999999,2,666.2199999999999,move,improve
2101,10,1666.08,2,666.2199999999999,swap,acceptBad
2102,10,1644.0199999999995,2,666.2199999999999,move,improve
2103,10,1644.0199999999995,2,666.2199999999999,2opt,notBad
2104,10,1644.0199999999995,2,666.2199999999999,move,improve
2105,10,1644.0199999999995,2,666.2199999999999,swap,notBad
2106,10,1675.2799999999993,2,666.2199999999999,swap,acceptBad
2107,10,1675.2799999999993,2,666.2199999999999,2opt,notBad
2108,10,1675.2799999999993,2,666.2199999999999,swap,notBad
2109,10,1653.4999999999995,2,666.2199999999999,2opt,improve
2110,10,1708.6999999999994,2,666.2199999999999,swap,acceptBad
2111,10,1708.6999999999994,2,666.2199999999999,2opt,notBad
2112,10,1708.1599999999999,2,666.2199999999999,2opt,improve
2113,10,1708.1599999999999,2,666.2199999999999,swap,notBad
2114,10,1784.3799999999994,2,666.2199999999999,swap,acceptBad
2115,10,1663.0399999999995,2,666.2199999999999,move,improve
2116,10,1663.0399999999995,2,666.2199999999999,2opt,notBad
2117,10,1661.0599999999997,2,666.2199999999999,move,improve
2118,10,1661.0599999999997,2,666.2199999999999,move,improve
2119,10,1658.2799999999995,2,666.2199999999999,swap,improve
2120,9,1568.7399999999993,2,666.2199999999999,2opt,improve
2121,9,1558.2999999999993,2,666.2199999999999,swap,improve
2122,9,1577.3599999999994,2,666.2199999999999,swap,acceptBad
2123,9,1571.4199999999996,2,666.2199999999999,move,improve
2124,9,1571.4199999999996,2,666.2199999999999,swap,notBad
2125,9,1543.2399999999996,2,666.2199999999999,swap,improve
2126,9,1530.0999999999995,2,666.2199999999999,move,improve
2127,9,1530.0999999999995,2,666.2199999999999,2opt,notBad
2128,9,1538.8599999999997,2,666.2199999999999,2opt,acceptBad
2129,9,1538.8599999999997,2,666.2199999999999,move,improve
2130,9,1526.0799999999997,2,666.2199999999999,swap,improve
2131,9,1526.0799999999997,2,666.2199999999999,move,improve
2132,9,1526.0799999999997,2,666.2199999999999,move,improve
2133,9,1508.2599999999998,2,666.2199999999999,move,improve
2134,9,1508.2599999999998,2,666.2199999999999,2opt,notBad
2135,9,1539.4199999999996,2,666.2199999999999,swap,acceptBad
2136,9,1510.1,2,666.2199999999999,swap,improve
2137,9,1510.1,2,666.2199999999999,move,improve
2138,9,1597.7399999999998,2,666.2199999999999,swap,acceptBad
2139,9,1613.04,2,666.2199999999999,2opt,acceptBad
2140,9,1613.04,2,666.2199999999999,2opt,notBad
2141,9,1628.04,2,666.2199999999999,2opt,acceptBad
2142,9,1627.06,2,666.2199999999999,2opt,improve
2143,9,1627.06,2,666.2199999999999,2opt,improve
2144,9,1627.06,2,666.2199999999999,move,improve
2145,9,1729.6999999999994,2,666.2199999999999,swap,acceptBad
2146,9,1729.6999999999994,2,666.2199999999999,swap,notBad
2147,9,1706.3599999999994,2,666.2199999999999,move,improve
2148,9,1927.6199999999994,2,666.2199999999999,swap,acceptBad
2149,9,1927.6199999999994,2,666.2199999999999,2opt,notBad
2150,9,2084.6999999999994,2,666.2199999999999,swap,acceptBad
2151,9,2084.6999999999994,2,666.2199999999999,move,improve
2152,9,2084.6999999999994,2,666.2199999999999,2opt,notBad
2153,9,1954.1799999999998,2,666.2199999999999,move,improve
2154,9,1954.1799999999998,2,666.2199999999999,2opt,notBad
2155,9,1958.02,2,666.2199999999999,2opt,acceptBad
2156,9,1913.08,2,666.2199999999999,move,improve
2157,9,1942.1,2,666.2199999999999,swap,acceptBad
2158,9,1942.1,2,666.2199999999999,move,improve
2159,9,1942.1,2,666.2199999999999,swap,notBad
2160,9,1942.1,2,666.2199999999999,move,improve
2161,9,1942.1,2,666.2199999999999,2opt,notBad
2162,9,1925.96,2,666.2199999999999,2opt,improve
2163,9,1925.96,2,666.2199999999999,move,improve
2164,9,1925.96,2,666.2199999999999,2opt,notBad
2165,9,1908.62,2,666.2199999999999,move,improve
2166,9,1880.4199999999998,2,666.2199999999999,2opt,improve
2167,9,1927.1599999999999,2,666.2199999999999,2opt,acceptBad
2168,9,1927.1599999999999,2,666.2199999999999,move,improve
2169,9,1927.1599999999999,2,666.2199999999999,2opt,notBad
2170,9,1843.42,2,666.2199999999999,2opt,improve
2171,9,1779.3999999999999,2,666.2199999999999,move,improve
2172,9,1779.3999999999999,2,666.2199999999999,2opt,notBad
2173,9,1762.2999999999993,2,666.2199999999999,swap,improve
2174,9,1741.0599999999995,2,666.2199999999999,move,improve
2175,9,1741.0599999999995,2,666.2199999999999,2opt,notBad
2176,9,1735.1399999999994,2,666.2199999999999,swap,improve
2177,9,1734.4199999999996,2,666.2199999999999,swap,improve
2178,9,1734.4199999999996,2,666.2199999999999,2opt,notBad
2179,9,1756.0799999999995,2,666.2199999999999,swap,acceptBad
2180,9,1778.1599999999994,2,666.2199999999999,2opt,acceptBad
2181,9,1785.5599999999995,2,666.2199999999999,swap,acceptBad
2182,9,1785.5599999999995,2,666.2199999999999,2opt,notBad
2183,9,1760.5199999999993,2,666.2199999999999,move,improve
2184,9,1760.5199999999993,2,666.2199999999999,2opt,notBad
2185,9,1599.3199999999997,2,666.2199999999999,move,improve
2186,9,1589.54,2,666.2199999999999,2opt,improve
2187,9,1574.48,2,666.2199999999999,swap,improve
2188,9,1574.48,2,666.2199999999999,2opt,improve
2189,9,1581.44,2,666.2199999999999,2opt,acceptBad
2190,9,1585.2000000000003,2,666.2199999999999,swap,acceptBad
2191,9,1585.2000000000003,2,666.2199999999999,2opt,notBad
2192,9,1532.1200000000001,2,666.2199999999999,swap,improve
2193,9,1531.0400000000002,2,666.2199999999999,2opt,improve
2194,9,1548.8600000000001,2,666.2199999999999,swap,acceptBad
2195,9,1558.24,2,666.2199999999999,swap,acceptBad
2196,9,1553.6200000000001,2,666.2199999999999,swap,improve
2197,9,1553.6200000000001,2,666.2199999999999,2opt,notBad
2198,9,1485.7600000000002,2,666.2199999999999,move,improve
2199,9,1485.7600000000002,2,666.2199999999999,2opt,notBad
2200,9,1485.7600000000002,2,666.2199999999999,2opt,notBad
2201,9,1485.7600000000002,2,666.2199999999999,2opt,improve
2202,9,1485.7600000000002,2,666.2199999999999,move,improve
2203,9,1412.02,2,666.2199999999999,move,improve
2204,9,1383.1,2,666.2199999999999,move,improve
2205,9,1373.8600000000001,2,666.2199999999999,swap,improve
2206,9,1371.36,2,666.2199999999999,swap,improve
2207,9,1371.36,2,666.2199999999999,2opt,notBad
2208,9,1371.36,2,666.2199999999999,move,improve
2209,9,1386.0,2,666.2199999999999,swap,acceptBad
2210,9,1386.0,2,666.2199999999999,swap,notBad
2211,9,1386.0,2,666.2199999999999,move,improve
2212,9,1386.0,2,666.2199999999999,2opt,notBad
2213,9,1386.0,2,666.2199999999999,move,improve
2214,9,1386.0,2,666.2199999999999,swap,notBad
2215,9,1373.9399999999998,2,666.2199999999999,2opt,improve
2216,9,1373.9399999999998,2,666.2199999999999,2opt,improve
2217,9,1373.9399999999998,2,666.2199999999999,2opt,notBad
2218,9,1373.9399999999998,2,666.2199999999999,swap,notBad
2219,9,1354.0199999999998,2,666.2199999999999,swap,improve
2220,9,1331.5199999999998,2,666.2199999999999,move,improve
2221,9,1331.5199999999998,2,666.2199999999999,2opt,improve
2222,9,1331.5199999999998,2,666.2199999999999,move,improve
2223,9,1331.5199999999998,2,666.2199999999999,move,improve
2224,9,1331.5199999999998,2,666.2199999999999,2opt,improve
2225,9,1331.5199999999998,2,666.2199999999999,move,improve
2226,9,1387.32,2,666.2199999999999,swap,acceptBad
2227,9,1361.5199999999998,2,666.2199999999999,2opt,improve
2228,9,1361.5199999999998,2,666.2199999999999,2opt,notBad
2229,9,1361.5199999999998,2,666.2199999999999,2opt,notBad
2230,9,1402.6199999999997,2,666.2199999999999,swap,acceptBad
2231,9,1402.6199999999997,2,666.2199999999999,2opt,notBad
2232,9,1402.6199999999997,2,666.2199999999999,2opt,notBad
2233,9,1385.1599999999999,2,666.2199999999999,swap,improve
2234,9,1385.1599999999999,2,666.2199999999999,2opt,notBad
2235,9,1385.1599999999999,2,666.2199999999999,swap,notBad
2236,9,1385.1599999999999,2,666.2199999999999,2opt,notBad
2237,9,1385.1599999999999,2,666.2199999999999,swap,notBad
2238,9,1385.1599999999999,2,666.2199999999999,swap,notBad
2239,9,1385.1599999999999,2,666.2199999999999,2opt,notBad
2240,9,1385.1599999999999,2,666.2199999999999,move,improve
2241,9,1385.1599999999999,2,666.2199999999999,2opt,notBad
2242,9,1348.9599999999994,2,666.2199999999999,move,improve
2243,9,1315.7599999999998,2,666.2199999999999,2opt,improve
2244,9,1395.3799999999999,2,666.2199999999999,swap,acceptBad
2245,9,1387.84,2,666.2199999999999,move,improve
2246,9,1378.98,2,666.2199999999999,move,improve
2247,9,1378.98,2,666.2199999999999,2opt,notBad
2248,9,1665.6600000000003,2,666.2199999999999,swap,acceptBad
2249,9,1687.04,2,666.2199999999999,swap,acceptBad
2250,9,1687.04,2,666.2199999999999,move,improve
2251,9,1687.04,2,666.2199999999999,2opt,improve
2252,9,1719.38,2,666.2199999999999,swap,acceptBad
2253,9,1719.38,2,666.2199999999999,move,improve
2254,9,1719.62,2,666.2199999999999,2opt,acceptBad
2255,9,1590.42,2,666.2199999999999,move,improve
2256,9,1590.42,2,666.2199999999999,2opt,notBad
2257,9,1590.42,2,666.2199999999999,2opt,notBad
2258,9,1581.7800000000002,2,666.2199999999999,move,improve
2259,9,1581.5400000000004,2,666.2199999999999,2opt,improve
2260,9,1581.5400000000004,2,666.2199999999999,2opt,notBad
2261,9,1581.5400000000004,2,666.2199999999999,2opt,notBad
2262,9,1426.0000000000002,2,666.2199999999999,move,improve
2263,9,1425.64,2,666.2199999999999,move,improve
2264,9,1425.64,2,666.2199999999999,move,improve
2265,9,1436.02,2,666.2199999999999,2opt,acceptBad
2266,9,1436.02,2,666.2199999999999,2opt,notBad
2267,9,1431.3999999999999,2,666.2199999999999,swap,improve
2268,9,1385.54,2,666.2199999999999,move,improve
2269,9,1385.54,2,666.2199999999999,move,improve
2270,9,1364.0000000000002,2,666.2199999999999,move,improve
2271,9,1362.0800000000002,2,666.2199999999999,2opt,improve
2272,9,1371.6799999999998,2,666.2199999999999,2opt,acceptBad
2273,9,1371.6799999999998,2,666.2199999999999,2opt,notBad
2274,9,1371.6799999999998,2,666.2199999999999,2opt,improve
2275,9,1414.1599999999999,2,666.2199999999999,swap,acceptBad
2276,9,1388.0599999999997,2,666.2199999999999,move,improve
2277,9,1397.1799999999998,2,666.2199999999999,2opt,acceptBad
2278,9,1397.1799999999998,2,666.2199999999999,2opt,notBad
2279,9,1397.1799999999998,2,666.2199999999999,2opt,notBad
2280,9,1405.0399999999997,2,666.2199999999999,swap,acceptBad
2281,9,1486.6799999999998,2,666.2199999999999,swap,acceptBad
2282,9,1453.0799999999997,2,666.2199999999999,swap,improve
2283,9,1453.0799999999997,2,666.2199999999999,swap,notBad
2284,9,1446.3600000000001,2,666.2199999999999,2opt,improve
2285,9,1431.8999999999999,2,666.2199999999999,swap,improve
2286,9,1404.0,2,666.2199999999999,swap,improve
2287,9,1403.76,2,666.2199999999999,move,improve
2288,9,1410.42,2,666.2199999999999,swap,acceptBad
2289,9,1470.2799999999997,2,666.2199999999999,2opt,acceptBad
2290,9,1466.02,2,666.2199999999999,swap,improve
2291,9,1463.56,2,666.2199999999999,move,improve
2292,9,1429.42,2,666.2199999999999,move,improve
2293,9,1429.42,2,666.2199999999999,2opt,notBad
2294,9,1429.42,2,666.2199999999999,swap,notBad
2295,9,1429.42,2,666.2199999999999,swap,notBad
2296,9,1467.1000000000001,2,666.2199999999999,swap,acceptBad
2297,9,1481.7400000000002,2,666.2199999999999,2opt,acceptBad
2298,9,1480.9000000000005,2,666.2199999999999,swap,improve
2299,9,1459.6600000000003,2,666.2199999999999,swap,improve
2300,9,1459.6600000000003,2,666.2199999999999,2opt,notBad
2301,9,1459.6600000000003,2,666.2199999999999,2opt,improve
2302,9,1498.6600000000003,2,666.2199999999999,swap,acceptBad
2303,9,1542.4600000000005,2,666.2199999999999,swap,acceptBad
2304,9,1585.7800000000004,2,666.2199999999999,swap,acceptBad
2305,9,1585.7800000000004,2,666.2199999999999,2opt,notBad
2306,9,1558.9000000000003,2,666.2199999999999,move,improve
2307,9,1454.26,2,666.2199999999999,move,improve
2308,9,1456.1799999999998,2,666.2199999999999,2opt,acceptBad
2309,9,1456.1799999999998,2,666.2199999999999,move,improve
2310,9,1456.1799999999998,2,666.2199999999999,move,improve
2311,9,1456.1799999999998,2,666.2199999999999,move,improve
2312,9,1434.6399999999999,2,666.2199999999999,move,improve
2313,9,1434.6399999999999,2,666.2199999999999,2opt,improve
2314,9,1428.4,2,666.2199999999999,move,improve
2315,9,1428.4,2,666.2199999999999,2opt,notBad
2316,9,1428.4,2,666.2199999999999,move,improve
2317,9,1423.06,2,666.2199999999999,2opt,improve
2318,9,1373.5399999999995,2,666.2199999999999,swap,improve
2319,9,1373.3599999999994,2,666.2199999999999,swap,improve
2320,9,1373.3599999999994,2,666.2199999999999,2opt,notBad
2321,9,1373.3599999999994,2,666.2199999999999,2opt,notBad
2322,9,1373.3599999999994,2,666.2199999999999,2opt,notBad
2323,9,1393.7599999999995,2,666.2199999999999,2opt,acceptBad
2324,9,1413.3199999999995,2,666.2199999999999,2opt,acceptBad
2325,9,1393.5199999999993,2,666.2199999999999,2opt,improve
2326,9,1388.7799999999995,2,666.2199999999999,swap,improve
2327,9,1408.52,2,666.2199999999999,2opt,acceptBad
2328,9,1406.5999999999997,2,666.2199999999999,swap,improve
2329,9,1406.5999999999997,2,666.2199999999999,2opt,notBad
2330,9,1400.1799999999998,2,666.2199999999999,move,improve
2331,9,1400.1799999999998,2,666.2199999999999,2opt,notBad
2332,9,1380.92,2,666.2199999999999,swap,improve
2333,9,1337.3200000000002,2,666.2199999999999,move,improve
2334,9,1331.8000000000002,2,666.2199999999999,move,improve
2335,9,1331.8000000000002,2,666.2199999999999,2opt,notBad
2336,9,1385.3799999999999,2,666.2199999999999,2opt,acceptBad
2337,9,1409.0199999999998,2,666.2199999999999,swap,acceptBad
2338,9,1492.4999999999993,2,666.2199999999999,swap,acceptBad
2339,9,1481.3399999999995,2,666.2199999999999,move,improve
2340,9,1481.3399999999995,2,666.2199999999999,move,improve
2341,9,1497.3199999999997,2,666.2199999999999,swap,acceptBad
2342,9,1487.5999999999997,2,666.2199999999999,swap,improve
2343,9,1487.5999999999997,2,666.2199999999999,2opt,notBad
2344,9,1453.5399999999995,2,666.2199999999999,move,improve
2345,9,1380.5,2,666.2199999999999,swap,improve
2346,9,1380.5,2,666.2199999999999,2opt,notBad
2347,9,1354.82,2,666.2199999999999,move,improve
2348,9,1449.12,2,666.2199999999999,swap,acceptBad
2349,9,1477.3400000000001,2,666.2199999999999,swap,acceptBad
2350,9,1477.3400000000001,2,666.2199999999999,move,improve
2351,9,1447.94,2,666.2199999999999,swap,improve
2352,9,1320.48,2,666.2199999999999,move,improve
2353,9,1315.92,2,666.2199999999999,move,improve
2354,9,1293.1,2,666.2199999999999,move,improve
2355,9,1282.8999999999996,2,666.2199999999999,2opt,improve
2356,9,1304.0199999999998,2,666.2199999999999,swap,acceptBad
2357,9,1309.3599999999997,2,666.2199999999999,2opt,acceptBad
2358,9,1309.3599999999997,2,666.2199999999999,2opt,notBad
2359,9,1212.7399999999998,2,666.2199999999999,2opt,improve
2360,9,1212.7399999999998,2,666.2199999999999,swap,notBad
2361,9,1226.3799999999997,2,666.2199999999999,2opt,acceptBad
2362,9,1226.3799999999997,2,666.2199999999999,swap,notBad
2363,9,1256.3199999999997,2,666.2199999999999,swap,acceptBad
2364,9,1231.6399999999994,2,666.2199999999999,move,improve
2365,9,1231.6399999999994,2,666.2199999999999,swap,notBad
2366,9,1231.6399999999994,2,666.2199999999999,move,improve
2367,9,1230.2599999999995,2,666.2199999999999,move,improve
2368,9,1230.2599999999995,2,666.2199999999999,swap,notBad
2369,9,1230.2599999999995,2,666.2199999999999,2opt,notBad
2370,9,1224.2799999999997,2,666.2199999999999,move,improve
2371,9,1172.7799999999997,2,666.2199999999999,move,improve
2372,9,1196.8999999999996,2,666.2199999999999,swap,acceptBad
2373,9,1270.9199999999996,2,666.2199999999999,swap,acceptBad
2374,9,1291.52,2,666.2199999999999,2opt,acceptBad
2375,9,1459.7000000000003,2,666.2199999999999,swap,acceptBad
2376,9,1459.7000000000003,2,666.2199999999999,2opt,notBad
2377,9,1459.7000000000003,2,666.2199999999999,swap,notBad
2378,9,1442.54,2,666.2199999999999,move,improve
2379,9,1443.62,2,666.2199999999999,2opt,acceptBad
2380,9,1473.3200000000002,2,666.2199999999999,swap,acceptBad
2381,9,1540.02,2,666.2199999999999,swap,acceptBad
2382,9,1572.0600000000002,2,666.2199999999999,swap,acceptBad
2383,9,1572.0600000000002,2,666.2199999999999,move,improve
2384,9,1575.1200000000001,2,666.2199999999999,swap,acceptBad
2385,9,1566.18,2,666.2199999999999,2opt,improve
2386,9,1533.8400000000001,2,666.2199999999999,move,improve
2387,9,1512.12,2,666.2199999999999,2opt,improve
2388,9,1512.12,2,666.2199999999999,2opt,notBad
2389,9,1512.12,2,666.2199999999999,move,improve
2390,9,1415.4599999999998,2,666.2199999999999,swap,improve
2391,9,1517.3400000000001,2,666.2199999999999,swap,acceptBad
2392,9,1517.3400000000001,2,666.2199999999999,2opt,notBad
2393,9,1599.4399999999996,2,666.2199999999999,swap,acceptBad
2394,9,1599.4399999999998,2,666.2199999999999,swap,acceptBad
2395,9,1599.4399999999998,2,666.2199999999999,2opt,notBad
2396,9,1635.66,2,666.2199999999999,swap,acceptBad
2397,9,1672.8400000000001,2,666.2199999999999,swap,acceptBad
2398,9,1527.1599999999999,2,666.2199999999999,move,improve
2399,9,1497.76,2,666.2199999999999,move,improve
2400,9,1497.76,2,666.2199999999999,2opt,notBad
2401,9,1497.76,2,666.2199999999999,2opt,notBad
2402,9,1465.0800000000002,2,666.2199999999999,move,improve
2403,9,1465.0800000000002,2,666.2199999999999,move,improve
2404,9,1525.14,2,666.2199999999999,swap,acceptBad
2405,9,1456.66,2,666.2199999999999,move,improve
2406,9,1456.66,2,666.2199999999999,move,improve
2407,9,1457.44,2,666.2199999999999,2opt,acceptBad
2408,9,1457.44,2,666.2199999999999,move,improve
2409,9,1457.44,2,666.2199999999999,move,improve
2410,9,1457.44,2,666.2199999999999,2opt,notBad
2411,9,1425.5200000000002,2,666.2199999999999,swap,improve
2412,9,1425.5200000000002,2,666.2199999999999,2opt,notBad
2413,9,1425.5200000000002,2,666.2199999999999,move,improve
2414,9,1425.5200000000002,2,666.2199999999999,swap,notBad
2415,9,1425.5200000000002,2,666.2199999999999,swap,notBad
2416,9,1425.5200000000002,2,666.2199999999999,2opt,notBad
2417,9,1388.0200000000002,2,666.2199999999999,move,improve
2418,9,1384.18,2,666.2199999999999,swap,improve
2419,9,1382.2600000000002,2,666.2199999999999,move,improve
2420,9,1326.06,2,666.2199999999999,move,improve
2421,9,1336.6799999999998,2,666.2199999999999,swap,acceptBad
2422,9,1354.92,2,666.2199999999999,swap,acceptBad
2423,9,1354.92,2,666.2199999999999,2opt,notBad
2424,9,1362.66,2,666.2199999999999,swap,acceptBad
2425,9,1362.0400000000002,2,666.2199999999999,move,improve
2426,9,1370.9800000000002,2,666.2199999999999,swap,acceptBad
2427,9,1391.0200000000002,2,666.2199999999999,2opt,acceptBad
2428,9,1391.0200000000002,2,666.2199999999999,2opt,notBad
2429,9,1419.12,2,666.2199999999999,2opt,acceptBad
2430,9,1400.8200000000002,2,666.2199999999999,move,improve
2431,9,1412.3400000000004,2,666.2199999999999,2opt,acceptBad
2432,9,1454.6600000000008,2,666.2199999999999,2opt,acceptBad
2433,9,1395.6800000000007,2,666.2199999999999,move,improve
2434,9,1395.6800000000007,2,666.2199999999999,move,improve
2435,9,1395.6800000000007,2,666.2199999999999,move,improve
2436,9,1395.6800000000007,2,666.2199999999999,swap,notBad
2437,9,1364.1000000000008,2,666.2199999999999,swap,improve
2438,9,1363.2600000000007,2,666.2199999999999,move,improve
2439,8,1326.1000000000001,2,666.2199999999999,move,improve
2440,8,1298.0800000000002,2,666.2199999999999,2opt,improve
2441,8,1295.14,2,666.2199999999999,2opt,improve
2442,8,1278.5200000000002,2,666.2199999999999,2opt,improve
2443,8,1201.7799999999997,2,666.2199999999999,move,improve
2444,8,1191.1599999999999,2,666.2199999999999,swap,improve
2445,8,1190.1999999999998,2,666.2199999999999,move,improve
2446,8,1190.1999999999998,2,666.2199999999999,2opt,notBad
2447,8,1153.5399999999997,2,666.2199999999999,swap,improve
2448,8,1153.5399999999997,2,666.2199999999999,2opt,notBad
2449,8,1153.5399999999997,2,666.2199999999999,swap,notBad
2450,8,1168.3,2,666.2199999999999,swap,acceptBad
2451,8,1168.3,2,666.2199999999999,2opt,notBad
2452,8,1165.72,2,666.2199999999999,swap,improve
2453,8,1137.52,2,666.2199999999999,move,improve
2454,8,1137.52,2,666.2199999999999,move,improve
2455,8,1137.52,2,666.2199999999999,2opt,notBad
2456,8,1100.6799999999998,2,666.2199999999999,move,improve
2457,8,1111.6,2,666.2199999999999,2opt,acceptBad
2458,8,1108.1799999999998,2,666.2199999999999,move,improve
2459,8,1108.1799999999998,2,666.2199999999999,2opt,notBad
2460,8,1171.2799999999995,2,666.2199999999999,swap,acceptBad
2461,8,1186.4599999999998,2,666.2199999999999,2opt,acceptBad
2462,8,1189.58,2,666.2199999999999,swap,acceptBad
2463,8,1189.58,2,666.2199999999999,move,improve
2464,8,1208.36,2,666.2199999999999,2opt,acceptBad
2465,8,1208.0599999999997,2,666.2199999999999,swap,improve
2466,8,1198.0999999999997,2,666.2199999999999,2opt,improve
2467,8,1198.0999999999997,2,666.2199999999999,2opt,notBad
2468,8,1176.4399999999998,2,666.2199999999999,swap,improve
2469,8,1163.0599999999997,2,666.2199999999999,move,improve
2470,8,1163.0599999999997,2,666.2199999999999,move,improve
2471,8,1163.0599999999997,2,666.2199999999999,swap,notBad
2472,8,1152.8799999999997,2,666.2199999999999,move,improve
2473,8,1175.08,2,666.2199999999999,2opt,acceptBad
2474,8,1190.0799999999997,2,666.2199999999999,swap,acceptBad
2475,8,1190.0799999999997,2,666.2199999999999,swap,notBad
2476,8,1212.1599999999996,2,666.2199999999999,2opt,acceptBad
2477,8,1191.0399999999997,2,666.2199999999999,2opt,improve
2478,8,1177.8,2,666.2199999999999,swap,improve
2479,8,1173.24,2,666.2199999999999,move,improve
2480,8,1168.2000000000003,2,666.2199999999999,2opt,improve
2481,8,1168.2000000000003,2,666.2199999999999,move,improve
2482,8,1168.2000000000003,2,666.2199999999999,2opt,notBad
2483,8,1145.04,2,666.2199999999999,move,improve
2484,8,1145.04,2,666.2199999999999,2opt,notBad
2485,8,1145.04,2,666.2199999999999,move,improve
2486,8,1145.04,2,666.2199999999999,2opt,improve
2487,8,1145.04,2,666.2199999999999,swap,notBad
2488,8,1160.72,2,666.2199999999999,2opt,acceptBad
2489,8,1158.8000000000002,2,666.2199999999999,swap,improve
2490,8,1169.1800000000003,2,666.2199999999999,2opt,acceptBad
2491,8,1169.1800000000003,2,666.2199999999999,2opt,notBad
2492,8,1169.1800000000003,2,666.2199999999999,2opt,notBad
2493,8,1169.1800000000003,2,666.2199999999999,move,improve
2494,8,1169.1800000000003,2,666.2199999999999,2opt,notBad
2495,8,1138.5200000000002,2,666.2199999999999,swap,improve
2496,8,1138.5200000000002,2,666.2199999999999,move,improve
2497,8,1138.5200000000002,2,666.2199999999999,swap,notBad
2498,8,1138.5200000000002,2,666.2199999999999,2opt,notBad
2499,8,1138.5200000000002,2,666.2199999999999,move,improve
2500,8,1138.5200000000002,2,666.2199999999999,move,improve
2501,8,1138.5200000000002,2,666.2199999999999,swap,notBad
2502,8,1138.5200000000002,2,666.2199999999999,2opt,notBad
2503,8,1163.8799999999994,2,666.2199999999999,swap,acceptBad
2504,8,1163.8799999999994,2,666.2199999999999,swap,notBad
2505,8,1157.6399999999994,2,666.2199999999999,swap,improve
2506,8,1139.7400000000002,2,666.2199999999999,move,improve
2507,8,1139.7400000000002,2,666.2199999999999,2opt,improve
2508,8,1139.7400000000002,2,666.2199999999999,swap,notBad
2509,8,1139.7400000000002,2,666.2199999999999,2opt,improve
2510,8,1098.8800000000003,2,666.2199999999999,move,improve
2511,8,1098.8800000000003,2,666.2199999999999,2opt,notBad
2512,8,1092.2800000000004,2,666.2199999999999,move,improve
2513,8,1092.2800000000004,2,666.2199999999999,2opt,notBad
2514,8,1092.2800000000004,2,666.2199999999999,move,improve
2515,8,1128.7600000000004,2,666.2199999999999,swap,acceptBad
2516,8,1097.0000000000005,2,666.2199999999999,move,improve
2517,8,1124.1800000000005,2,666.2199999999999,swap,acceptBad
2518,8,1136.9000000000003,2,666.2199999999999,2opt,acceptBad
2519,8,1136.4400000000005,2,666.2199999999999,swap,improve
2520,8,1136.4400000000005,2,666.2199999999999,move,improve
2521,8,1164.1000000000006,2,666.2199999999999,2opt,acceptBad
2522,8,1223.6600000000005,2,666.2199999999999,swap,acceptBad
2523,8,1224.2600000000007,2,666.2199999999999,2opt,acceptBad
2524,8,1224.2600000000007,2,666.2199999999999,move,improve
2525,8,1208.0600000000004,2,666.2199999999999,move,improve
2526,8,1208.0600000000004,2,666.2199999999999,move,improve
2527,8,1208.0600000000004,2,666.2199999999999,swap,notBad
2528,8,1208.0600000000004,2,666.2199999999999,2opt,notBad
2529,8,1213.0400000000002,2,666.2199999999999,2opt,acceptBad
2530,8,1213.0400000000002,2,666.2199999999999,2opt,notBad
2531,8,1230.7400000000002,2,666.2199999999999,swap,acceptBad
2532,8,1230.7400000000002,2,666.2199999999999,move,improve
2533,8,1288.6200000000001,2,666.2199999999999,swap,acceptBad
2534,8,1270.98,2,666.2199999999999,move,improve
2535,8,1270.98,2,666.2199999999999,move,improve
2536,8,1244.7,2,666.2199999999999,move,improve
2537,8,1244.7,2,666.2199999999999,2opt,notBad
2538,8,1232.8799999999997,2,666.2199999999999,move,improve
2539,8,1266.0599999999997,2,666.2199999999999,swap,acceptBad
2540,8,1266.0599999999997,2,666.2199999999999,2opt,notBad
2541,8,1257.6,2,666.2199999999999,move,improve
2542,8,1207.6599999999996,2,666.2199999999999,move,improve
2543,8,1207.6599999999996,2,666.2199999999999,2opt,notBad
2544,8,1227.32,2,666.2199999999999,swap,acceptBad
2545,8,1248.26,2,666.2199999999999,swap,acceptBad
2546,8,1248.26,2,666.2199999999999,move,improve
2547,8,1420.4999999999998,2,666.2199999999999,swap,acceptBad
2548,8,1403.8199999999997,2,666.2199999999999,2opt,improve
2549,8,1403.8199999999997,2,666.2199999999999,2opt,notBad
2550,8,1371.3199999999997,2,666.2199999999999,swap,improve
2551,8,1412.1399999999999,2,666.2199999999999,swap,acceptBad
2552,8,1412.1399999999999,2,666.2199999999999,2opt,notBad
2553,8,1324.0600000000002,2,666.2199999999999,swap,improve
2554,8,1324.0600000000002,2,666.2199999999999,swap,notBad
2555,8,1308.7600000000002,2,666.2199999999999,2opt,improve
2556,8,1306.8800000000003,2,666.2199999999999,swap,improve
2557,8,1306.8800000000003,2,666.2199999999999,2opt,notBad
2558,8,1372.1000000000001,2,666.2199999999999,swap,acceptBad
2559,8,1389.14,2,666.2199999999999,2opt,acceptBad
2560,8,1381.28,2,666.2199999999999,move,improve
2561,8,1406.1800000000005,2,666.2199999999999,2opt,acceptBad
2562,8,1384.2200000000005,2,666.2199999999999,move,improve
2563,8,1384.2200000000005,2,666.2199999999999,2opt,notBad
2564,8,1381.6600000000003,2,666.2199999999999,move,improve
2565,8,1381.6600000000003,2,666.2199999999999,swap,notBad
2566,8,1381.6600000000003,2,666.2199999999999,swap,notBad
2567,8,1381.6600000000003,2,666.2199999999999,2opt,notBad
2568,8,1381.6600000000003,2,666.2199999999999,move,improve
2569,8,1377.1000000000001,2,666.2199999999999,swap,improve
2570,8,1377.1000000000001,2,666.2199999999999,2opt,notBad
2571,8,1270.5600000000004,2,666.2199999999999,move,improve
2572,8,1270.5600000000004,2,666.2199999999999,2opt,notBad
2573,8,1255.44,2,666.2199999999999,move,improve
2574,8,1255.44,2,666.2199999999999,swap,notBad
2575,8,1255.44,2,666.2199999999999,2opt,notBad
2576,8,1251.1800000000003,2,666.2199999999999,swap,improve
2577,8,1258.9000000000003,2,666.2199999999999,2opt,acceptBad
2578,8,1290.0400000000004,2,666.2199999999999,swap,acceptBad
2579,8,1410.3400000000001,2,666.2199999999999,swap,acceptBad
2580,8,1450.7800000000002,2,666.2199999999999,swap,acceptBad
2581,8,1445.3200000000002,2,666.2199999999999,move,improve
2582,8,1437.16,2,666.2199999999999,swap,improve
2583,8,1437.16,2,666.2199999999999,2opt,notBad
2584,8,1417.8999999999999,2,666.2199999999999,move,improve
2585,8,1460.9199999999998,2,666.2199999999999,swap,acceptBad
2586,8,1499.2,2,666.2199999999999,2opt,acceptBad
2587,8,1487.02,2,666.2199999999999,swap,improve
2588,8,1525.8400000000001,2,666.2199999999999,2opt,acceptBad
2589,8,1522.3600000000001,2,666.2199999999999,swap,improve
2590,8,1446.36,2,666.2199999999999,swap,improve
2591,8,1420.3799999999999,2,666.2199999999999,move,improve
2592,8,1460.28,2,666.2199999999999,swap,acceptBad
2593,8,1460.28,2,666.2199999999999,swap,notBad
2594,8,1440.9399999999998,2,666.2199999999999,swap,improve
2595,8,1440.9399999999998,2,666.2199999999999,swap,notBad
2596,8,1417.7199999999998,2,666.2199999999999,move,improve
2597,8,1339.9199999999998,2,666.2199999999999,move,improve
2598,8,1324.72,2,666.2199999999999,swap,improve
2599,8,1324.72,2,666.2199999999999,2opt,notBad
2600,8,1324.6599999999999,2,666.2199999999999,swap,improve
2601,8,1324.6599999999999,2,666.2199999999999,swap,notBad
2602,8,1324.6599999999999,2,666.2199999999999,swap,notBad
2603,8,1363.5799999999997,2,666.2199999999999,swap,acceptBad
2604,8,1422.6999999999998,2,666.2199999999999,swap,acceptBad
2605,8,1422.6999999999998,2,666.2199999999999,2opt,notBad
2606,8,1428.5199999999998,2,666.2199999999999,2opt,acceptBad
2607,8,1452.3999999999994,2,666.2199999999999,2opt,acceptBad
2608,8,1425.4599999999991,2,666.2199999999999,2opt,improve
2609,8,1389.3399999999992,2,666.2199999999999,swap,improve
2610,8,1309.599999999999,2,666.2199999999999,move,improve
2611,8,1309.7799999999993,2,666.2199999999999,swap,acceptBad
2612,8,1309.7799999999993,2,666.2199999999999,2opt,notBad
2613,8,1309.7799999999993,2,666.2199999999999,move,improve
2614,8,1320.9399999999991,2,666.2199999999999,2opt,acceptBad
2615,8,1381.2399999999993,2,666.2199999999999,swap,acceptBad
2616,8,1365.519999999999,2,666.2199999999999,swap,improve
2617,8,1365.519999999999,2,666.2199999999999,2opt,notBad
2618,8,1365.519999999999,2,666.2199999999999,2opt,notBad
2619,8,1361.4399999999991,2,666.2199999999999,swap,improve
2620,8,1352.7999999999988,2,666.2199999999999,2opt,improve
2621,8,1352.7999999999988,2,666.2199999999999,2opt,notBad
2622,8,1352.7999999999988,2,666.2199999999999,move,improve
2623,8,1359.819999999999,2,666.2199999999999,swap,acceptBad
2624,8,1353.9999999999993,2,666.2199999999999,move,improve
2625,8,1353.4599999999991,2,666.2199999999999,2opt,improve
2626,8,1313.1999999999991,2,666.2199999999999,move,improve
2627,8,1321.239999999999,2,666.2199999999999,2opt,acceptBad
2628,8,1383.9999999999989,2,666.2199999999999,swap,acceptBad
2629,8,1383.9999999999989,2,666.2199999999999,2opt,notBad
2630,8,1383.9999999999989,2,666.2199999999999,2opt,notBad
2631,8,1383.9999999999989,2,666.2199999999999,2opt,notBad
2632,8,1367.019999999999,2,666.2199999999999,swap,improve
2633,8,1360.7199999999991,2,666.2199999999999,swap,improve
2634,8,1345.6599999999992,2,666.2199999999999,2opt,improve
2635,8,1345.6599999999992,2,666.2199999999999,2opt,notBad
2636,8,1345.6599999999992,2,666.2199999999999,swap,notBad
2637,8,1344.2199999999991,2,666.2199999999999,swap,improve
2638,8,1310.499999999999,2,666.2199999999999,swap,improve
2639,8,1310.499999999999,2,666.2199999999999,2opt,notBad
2640,8,1317.9999999999989,2,666.2199999999999,swap,acceptBad
2641,8,1279.419999999999,2,666.2199999999999,move,improve
2642,8,1279.419999999999,2,666.2199999999999,swap,notBad
2643,8,1288.599999999999,2,666.2199999999999,swap,acceptBad
2644,8,1288.599999999999,2,666.2199999999999,swap,notBad
2645,8,1327.219999999999,2,666.2199999999999,move,acceptBad
2646,8,1327.219999999999,2,666.2199999999999,swap,notBad
2647,8,1271.5399999999993,2,666.2199999999999,move,improve
2648,8,1264.8199999999995,2,666.2199999999999,2opt,improve
2649,8,1289.7199999999993,2,666.2199999999999,swap,acceptBad
2650,8,1372.7999999999995,2,666.2199999999999,swap,acceptBad
2651,8,1311.9799999999993,2,666.2199999999999,move,improve
2652,8,1305.6799999999998,2,666.2199999999999,2opt,improve
2653,8,1305.6799999999998,2,666.2199999999999,2opt,notBad
2654,8,1305.6799999999998,2,666.2199999999999,swap,notBad
2655,8,1282.2799999999997,2,666.2199999999999,move,improve
2656,8,1283.42,2,666.2199999999999,swap,acceptBad
2657,8,1283.42,2,666.2199999999999,2opt,notBad
2658,8,1283.42,2,666.2199999999999,2opt,notBad
2659,8,1275.8,2,666.2199999999999,move,improve
2660,8,1275.8,2,666.2199999999999,2opt,notBad
2661,8,1275.8,2,666.2199999999999,move,improve
2662,8,1275.8,2,666.2199999999999,2opt,notBad
2663,8,1275.8,2,666.2199999999999,2opt,notBad
2664,8,1275.8,2,666.2199999999999,2opt,notBad
2665,8,1275.8,2,666.2199999999999,2opt,notBad
2666,8,1255.6999999999998,2,666.2199999999999,move,improve
2667,8,1213.6999999999998,2,666.2199999999999,move,improve
2668,8,1219.9999999999995,2,666.2199999999999,2opt,acceptBad
2669,8,1240.2599999999998,2,666.2199999999999,swap,acceptBad
2670,8,1234.1399999999996,2,666.2199999999999,move,improve
2671,8,1234.1399999999996,2,666.2199999999999,2opt,notBad
2672,8,1234.1399999999996,2,666.2199999999999,swap,notBad
2673,8,1231.3799999999999,2,666.2199999999999,swap,improve
2674,8,1231.3799999999999,2,666.2199999999999,move,improve
2675,8,1229.1599999999999,2,666.2199999999999,move,improve
2676,8,1226.5199999999995,2,666.2199999999999,move,improve
2677,8,1226.5199999999995,2,666.2199999999999,move,improve
2678,8,1226.5199999999995,2,666.2199999999999,2opt,notBad
2679,8,1231.4399999999998,2,666.2199999999999,2opt,acceptBad
2680,8,1156.6599999999999,2,666.2199999999999,move,improve
2681,8,1156.6599999999999,2,666.2199999999999,swap,notBad
2682,8,1156.6599999999999,2,666.2199999999999,2opt,notBad
2683,8,1156.4199999999998,2,666.2199999999999,move,improve
2684,8,1156.4199999999998,2,666.2199999999999,2opt,notBad
2685,8,1172.1399999999999,2,666.2199999999999,2opt,acceptBad
2686,8,1143.3399999999997,2,666.2199999999999,move,improve
2687,8,1151.82,2,666.2199999999999,swap,acceptBad
2688,8,1151.82,2,666.2199999999999,swap,notBad
2689,8,1167.3,2,666.2199999999999,swap,acceptBad
2690,8,1177.38,2,666.2199999999999,swap,acceptBad
2691,8,1145.8000000000002,2,666.2199999999999,swap,improve
2692,8,1115.92,2,666.2199999999999,move,improve
2693,8,1115.92,2,666.2199999999999,swap,notBad
2694,8,1115.92,2,666.2199999999999,2opt,notBad
2695,8,1098.94,2,666.2199999999999,2opt,improve
2696,8,1125.1000000000001,2,666.2199999999999,swap,acceptBad
2697,8,1092.5799999999992,2,666.2199999999999,move,improve
2698,8,1105.8599999999997,2,666.2199999999999,swap,acceptBad
2699,8,1105.8599999999997,2,666.2199999999999,move,improve
2700,8,1091.2199999999998,2,666.2199999999999,move,improve
2701,8,1091.2199999999998,2,666.2199999999999,swap,notBad
2702,8,1091.2199999999998,2,666.2199999999999,move,improve
2703,8,1102.5,2,666.2199999999999,swap,acceptBad
2704,8,1115.98,2,666.2199999999999,swap,acceptBad
2705,8,1115.98,2,666.2199999999999,2opt,notBad
2706,8,1112.62,2,666.2199999999999,move,improve
2707,8,1159.0,2,666.2199999999999,swap,acceptBad
2708,8,1159.0,2,666.2199999999999,swap,notBad
2709,8,1159.0,2,666.2199999999999,move,improve
2710,8,1093.9199999999998,2,666.2199999999999,move,improve
2711,8,1093.9199999999998,2,666.2199999999999,swap,notBad
2712,8,1089.36,2,666.2199999999999,move,improve
2713,8,1089.36,2,666.2199999999999,move,improve
2714,8,1082.6799999999998,2,666.2199999999999,2opt,improve
2715,8,1082.6799999999998,2,666.2199999999999,move,improve
2716,8,1106.44,2,666.2199999999999,swap,acceptBad
2717,8,1121.3200000000002,2,666.2199999999999,2opt,acceptBad
2718,8,1121.3200000000002,2,666.2199999999999,2opt,notBad
2719,8,1111.72,2,666.2199999999999,move,improve
2720,8,1111.72,2,666.2199999999999,2opt,notBad
2721,8,1160.26,2,666.2199999999999,swap,acceptBad
2722,8,1160.26,2,666.2199999999999,move,improve
2723,8,1156.42,2,666.2199999999999,move,improve
2724,8,1156.42,2,666.2199999999999,2opt,improve
2725,8,1139.8600000000001,2,666.2199999999999,move,improve
2726,8,1125.7,2,666.2199999999999,swap,improve
2727,8,1125.7,2,666.2199999999999,2opt,notBad
2728,8,1125.7,2,666.2199999999999,2opt,notBad
2729,8,1200.92,2,666.2199999999999,swap,acceptBad
2730,8,1205.2400000000002,2,666.2199999999999,swap,acceptBad
2731,8,1247.28,2,666.2199999999999,swap,acceptBad
2732,8,1247.28,2,666.2199999999999,swap,notBad
2733,8,1247.28,2,666.2199999999999,move,improve
2734,8,1271.52,2,666.2199999999999,2opt,acceptBad
2735,8,1342.7000000000003,2,666.2199999999999,swap,acceptBad
2736,8,1342.7000000000003,2,666.2199999999999,move,improve
2737,8,1351.7,2,666.2199999999999,2opt,acceptBad
2738,8,1351.7,2,666.2199999999999,move,improve
2739,8,1351.7,2,666.2199999999999,2opt,notBad
2740,8,1351.7,2,666.2199999999999,swap,notBad
2741,8,1327.7000000000003,2,666.2199999999999,swap,improve
2742,8,1220.02,2,666.2199999999999,swap,improve
2743,8,1220.02,2,666.2199999999999,move,improve
2744,8,1220.02,2,666.2199999999999,2opt,notBad
2745,8,1220.02,2,666.2199999999999,2opt,notBad
2746,8,1220.02,2,666.2199999999999,2opt,notBad
2747,8,1192.7200000000003,2,666.2199999999999,move,improve
2748,8,1192.7200000000003,2,666.2199999999999,2opt,notBad
2749,8,1192.7200000000003,2,666.2199999999999,swap,notBad
2750,8,1192.7200000000003,2,666.2199999999999,2opt,notBad
2751,8,1192.7200000000003,2,666.2199999999999,2opt,notBad
2752,8,1192.7200000000003,2,666.2199999999999,2opt,improve
2753,8,1162.6,2,666.2199999999999,2opt,improve
2754,8,1096.7199999999998,2,666.2199999999999,move,improve
2755,8,1089.58,2,666.2199999999999,move,improve
2756,8,1092.46,2,666.2199999999999,2opt,acceptBad
2757,8,1069.36,2,666.2199999999999,2opt,improve
2758,8,1069.36,2,666.2199999999999,move,improve
2759,8,1061.8,2,666.2199999999999,move,improve
2760,8,1061.8,2,666.2199999999999,move,improve
2761,8,1116.8400000000001,2,666.2199999999999,swap,acceptBad
2762,8,1120.3200000000002,2,666.2199999999999,2opt,acceptBad
2763,8,1120.3200000000002,2,666.2199999999999,2opt,notBad
2764,8,1120.3200000000002,2,666.2199999999999,move,improve
2765,8,1120.3200000000002,2,666.2199999999999,move,improve
2766,8,1120.3200000000002,2,666.2199999999999,2opt,notBad
2767,8,1107.88,2,666.2199999999999,swap,improve
2768,8,1108.96,2,666.2199999999999,swap,acceptBad
2769,8,1107.88,2,666.2199999999999,move,improve
2770,8,1106.3399999999997,2,666.2199999999999,move,improve
2771,8,1087.6799999999998,2,666.2199999999999,move,improve
2772,8,1100.9999999999998,2,666.2199999999999,swap,acceptBad
2773,8,1100.9999999999998,2,666.2199999999999,move,improve
2774,8,1100.9999999999998,2,666.2199999999999,swap,notBad
2775,8,1129.9199999999998,2,666.2199999999999,swap,acceptBad
2776,8,1129.9199999999998,2,666.2199999999999,swap,notBad
2777,8,1129.9199999999998,2,666.2199999999999,swap,notBad
2778,8,1129.9199999999998,2,666.2199999999999,2opt,notBad
2779,8,1112.5199999999995,2,666.2199999999999,2opt,improve
2780,8,1119.7199999999996,2,666.2199999999999,2opt,acceptBad
2781,8,1098.6599999999999,2,666.2199999999999,2opt,improve
2782,8,1117.6199999999997,2,666.2199999999999,2opt,acceptBad
2783,8,1117.6199999999997,2,666.2199999999999,2opt,notBad
2784,8,1097.3999999999999,2,666.2199999999999,move,improve
2785,8,1100.8799999999997,2,666.2199999999999,swap,acceptBad
2786,8,1089.12,2,666.2199999999999,move,improve
2787,8,1089.12,2,666.2199999999999,2opt,notBad
2788,8,1089.12,2,666.2199999999999,2opt,notBad
2789,8,1089.12,2,666.2199999999999,2opt,notBad
2790,8,1089.12,2,666.2199999999999,2opt,notBad
2791,8,1089.12,2,666.2199999999999,move,improve
2792,8,1129.38,2,666.2199999999999,swap,acceptBad
2793,8,1129.38,2,666.2199999999999,move,improve
2794,8,1129.38,2,666.2199999999999,swap,notBad
2795,8,1129.38,2,666.2199999999999,2opt,improve
2796,8,1152.0,2,666.2199999999999,swap,acceptBad
2797,8,1153.08,2,666.2199999999999,swap,acceptBad
2798,8,1153.08,2,666.2199999999999,2opt,notBad
2799,8,1153.08,2,666.2199999999999,2opt,notBad
2800,8,1124.2200000000003,2,666.2199999999999,swap,improve
2801,8,1124.2200000000003,2,666.2199999999999,swap,notBad
2802,8,1124.2200000000003,2,666.2199999999999,move,improve
2803,8,1124.2200000000003,2,666.2199999999999,swap,notBad
2804,8,1065.34,2,666.2199999999999,swap,improve
2805,8,1065.34,2,666.2199999999999,swap,notBad
2806,8,1065.34,2,666.2199999999999,2opt,notBad
2807,8,1042.24,2,666.2199999999999,move,improve
2808,8,1042.24,2,666.2199999999999,move,improve
2809,8,1042.24,2,666.2199999999999,2opt,notBad
2810,8,1045.12,2,666.2199999999999,swap,acceptBad
2811,8,1028.46,2,666.2199999999999,swap,improve
2812,8,1028.46,2,666.2199999999999,2opt,notBad
2813,8,1028.0800000000002,2,666.2199999999999,move,improve
2814,8,1028.0800000000002,2,666.2199999999999,2opt,notBad
2815,8,1028.0800000000002,2,666.2199999999999,2opt,notBad
2816,8,1036.78,2,666.2199999999999,swap,acceptBad
2817,8,1036.78,2,666.2199999999999,swap,notBad
2818,8,1036.78,2,666.2199999999999,swap,notBad
2819,8,1075.7800000000002,2,666.2199999999999,swap,acceptBad
2820,8,1104.38,2,666.2199999999999,swap,acceptBad
2821,8,1104.38,2,666.2199999999999,move,improve
2822,8,1104.38,2,666.2199999999999,swap,notBad
2823,8,1134.7000000000003,2,666.2199999999999,swap,acceptBad
2824,8,1134.8200000000002,2,666.2199999999999,swap,acceptBad
2825,8,1134.8200000000002,2,666.2199999999999,swap,notBad
2826,8,1134.8200000000002,2,666.2199999999999,2opt,notBad
2827,8,1111.6600000000003,2,666.2199999999999,move,improve
2828,8,1111.6600000000003,2,666.2199999999999,swap,notBad
2829,8,1111.6600000000003,2,666.2199999999999,2opt,notBad
2830,8,1111.6600000000003,2,666.2199999999999,swap,notBad
2831,8,1108.8400000000001,2,666.2199999999999,move,improve
2832,8,1072.82,2,666.2199999999999,move,improve
2833,8,1072.82,2,666.2199999999999,move,improve
2834,8,1072.82,2,666.2199999999999,move,improve
2835,8,1067.8400000000001,2,666.2199999999999,move,improve
2836,8,1067.8400000000001,2,666.2199999999999,2opt,notBad
2837,8,1067.8400000000001,2,666.2199999999999,2opt,notBad
2838,8,1067.8400000000001,2,666.2199999999999,2opt,notBad
2839,8,1098.44,2,666.2199999999999,2opt,acceptBad
2840,8,1098.44,2,666.2199999999999,2opt,notBad
2841,8,1098.44,2,666.2199999999999,move,improve
2842,8,1099.64,2,666.2199999999999,2opt,acceptBad
2843,8,1072.46,2,666.2199999999999,move,improve
2844,8,1050.5600000000002,2,666.2199999999999,move,improve
2845,8,1077.6000000000001,2,666.2199999999999,swap,acceptBad
2846,8,1075.92,2,666.2199999999999,move,improve
2847,8,1071.48,2,666.2199999999999,swap,improve
2848,8,1055.7,2,666.2199999999999,move,improve
2849,8,1053.7,2,666.2199999999999,move,improve
2850,8,1053.7,2,666.2199999999999,2opt,notBad
2851,8,1053.7,2,666.2199999999999,2opt,improve
2852,8,1054.7800000000002,2,666.2199999999999,swap,acceptBad
2853,8,1054.7800000000002,2,666.2199999999999,2opt,notBad
2854,8,1068.7600000000002,2,666.2199999999999,swap,acceptBad
2855,8,1068.7600000000002,2,666.2199999999999,2opt,notBad
2856,8,1068.7600000000002,2,666.2199999999999,move,improve
2857,8,1068.7600000000002,2,666.2199999999999,swap,notBad
2858,8,1068.7600000000002,2,666.2199999999999,move,improve
2859,8,1073.62,2,666.2199999999999,2opt,acceptBad
2860,8,1052.6799999999998,2,666.2199999999999,2opt,improve
2861,8,1052.6799999999998,2,666.2199999999999,move,improve
2862,8,1031.3199999999997,2,666.2199999999999,move,improve
2863,8,1031.3199999999997,2,666.2199999999999,swap,notBad
2864,8,1031.3199999999997,2,666.2199999999999,2opt,notBad
2865,8,1021.3599999999997,2,666.2199999999999,move,improve
2866,8,1066.7199999999998,2,666.2199999999999,swap,acceptBad
2867,8,1066.7199999999998,2,666.2199999999999,swap,notBad
2868,8,1066.7199999999998,2,666.2199999999999,2opt,notBad
2869,8,1066.7199999999998,2,666.2199999999999,swap,notBad
2870,8,1066.7199999999998,2,666.2199999999999,move,improve
2871,8,1066.7199999999998,2,666.2199999999999,2opt,notBad
2872,8,1066.7199999999998,2,666.2199999999999,move,improve
2873,8,1066.7199999999998,2,666.2199999999999,move,improve
2874,8,1065.7,2,666.2199999999999,2opt,improve
2875,8,1065.7,2,666.2199999999999,move,improve
2876,8,1065.7,2,666.2199999999999,2opt,improve
2877,8,1077.4,2,666.2199999999999,2opt,acceptBad
2878,8,1076.98,2,666.2199999999999,move,improve
2879,8,1074.64,2,666.2199999999999,swap,improve
2880,8,1074.64,2,666.2199999999999,move,improve
2881,8,1074.64,2,666.2199999999999,2opt,improve
2882,8,1103.04,2,666.2199999999999,swap,acceptBad
2883,8,1109.3400000000001,2,666.2199999999999,2opt,acceptBad
2884,8,1109.3400000000001,2,666.2199999999999,swap,notBad
2885,8,1109.3400000000001,2,666.2199999999999,2opt,notBad
2886,8,1109.3400000000001,2,666.2199999999999,2opt,notBad
2887,8,1128.8800000000003,2,666.2199999999999,swap,acceptBad
2888,8,1128.8800000000003,2,666.2199999999999,2opt,notBad
2889,8,1128.8800000000003,2,666.2199999999999,2opt,improve
2890,8,1128.8800000000003,2,666.2199999999999,2opt,notBad
2891,8,1128.8800000000003,2,666.2199999999999,2opt,notBad
2892,8,1161.0000000000002,2,666.2199999999999,swap,acceptBad
2893,8,1100.3200000000004,2,666.2199999999999,2opt,improve
2894,8,1100.3200000000004,2,666.2199999999999,swap,notBad
2895,8,1100.3200000000004,2,666.2199999999999,2opt,notBad
2896,8,1113.52,2,666.2199999999999,2opt,acceptBad
2897,8,1126.1200000000001,2,666.2199999999999,2opt,acceptBad
2898,8,1137.64,2,666.2199999999999,swap,acceptBad
2899,8,1140.7600000000002,2,666.2199999999999,2opt,acceptBad
2900,8,1126.3000000000002,2,666.2199999999999,move,improve
2901,8,1126.3000000000002,2,666.2199999999999,move,improve
2902,8,1126.3000000000002,2,666.2199999999999,2opt,improve
2903,8,1093.0,2,666.2199999999999,move,improve
2904,8,1058.08,2,666.2199999999999,move,improve
2905,8,1053.3400000000001,2,666.2199999999999,move,improve
2906,8,1089.3999999999999,2,666.2199999999999,swap,acceptBad
2907,8,1058.8200000000002,2,666.2199999999999,move,improve
2908,8,1058.8200000000002,2,666.2199999999999,2opt,improve
2909,8,1043.64,2,666.2199999999999,move,improve
2910,8,1037.7000000000003,2,666.2199999999999,move,improve
2911,8,1036.5600000000004,2,666.2199999999999,2opt,improve
2912,8,1035.6600000000003,2,666.2199999999999,swap,improve
2913,8,1035.6600000000003,2,666.2199999999999,move,improve
2914,8,1035.6600000000003,2,666.2199999999999,swap,notBad
2915,8,1030.2600000000002,2,666.2199999999999,2opt,improve
2916,8,1030.2600000000002,2,666.2199999999999,move,improve
2917,8,1030.2600000000002,2,666.2199999999999,move,improve
2918,8,1050.66,2,666.2199999999999,swap,acceptBad
2919,8,1071.6,2,666.2199999999999,swap,acceptBad
2920,8,1065.42,2,666.2199999999999,move,improve
2921,8,1077.9999999999998,2,666.2199999999999,swap,acceptBad
2922,8,1077.9999999999998,2,666.2199999999999,move,improve
2923,8,1077.9999999999998,2,666.2199999999999,move,improve
2924,8,1077.9999999999998,2,666.2199999999999,swap,notBad
2925,8,1077.9999999999998,2,666.2199999999999,2opt,notBad
2926,8,1069.54,2,666.2199999999999,swap,improve
2927,8,1069.54,2,666.2199999999999,move,improve
2928,8,1103.9799999999998,2,666.2199999999999,swap,acceptBad
2929,8,1103.9799999999998,2,666.2199999999999,move,improve
2930,8,1126.2999999999997,2,666.2199999999999,swap,acceptBad
2931,8,1126.2999999999997,2,666.2199999999999,2opt,notBad
2932,8,1126.2999999999997,2,666.2199999999999,swap,notBad
2933,8,1126.2999999999997,2,666.2199999999999,move,improve
2934,8,1139.32,2,666.2199999999999,swap,acceptBad
2935,8,1139.32,2,666.2199999999999,move,improve
2936,8,1139.32,2,666.2199999999999,2opt,notBad
2937,8,1080.82,2,666.2199999999999,2opt,improve
2938,8,1099.3600000000001,2,666.2199999999999,swap,acceptBad
2939,8,1110.9399999999998,2,666.2199999999999,2opt,acceptBad
2940,8,1080.7599999999998,2,666.2199999999999,move,improve
2941,8,1100.1399999999996,2,666.2199999999999,2opt,acceptBad
2942,8,1111.8399999999997,2,666.2199999999999,swap,acceptBad
2943,8,1111.8399999999997,2,666.2199999999999,move,improve
2944,8,1111.8399999999997,2,666.2199999999999,swap,notBad
2945,8,1111.8399999999997,2,666.2199999999999,2opt,notBad
2946,8,1111.8399999999997,2,666.2199999999999,2opt,notBad
2947,8,1111.8399999999997,2,666.2199999999999,swap,notBad
2948,8,1111.8399999999997,2,666.2199999999999,swap,notBad
2949,8,1109.62,2,666.2199999999999,move,improve
2950,8,1140.7599999999998,2,666.2199999999999,swap,acceptBad
2951,8,1122.22,2,666.2199999999999,move,improve
2952,8,1122.22,2,666.2199999999999,2opt,improve
2953,8,1082.9000000000003,2,666.2199999999999,move,improve
2954,8,1082.9000000000003,2,666.2199999999999,move,improve
2955,8,1082.9000000000003,2,666.2199999999999,swap,notBad
2956,8,1101.9800000000002,2,666.2199999999999,swap,acceptBad
2957,8,1101.9800000000002,2,666.2199999999999,swap,notBad
2958,8,1101.9800000000002,2,666.2199999999999,2opt,notBad
2959,8,1101.9800000000002,2,666.2199999999999,move,improve
2960,8,1101.9800000000002,2,666.2199999999999,move,improve
2961,8,1101.9800000000002,2,666.2199999999999,swap,notBad
2962,8,1089.98,2,666.2199999999999,move,improve
2963,8,1037.3000000000002,2,666.2199999999999,move,improve
2964,8,1031.1200000000001,2,666.2199999999999,2opt,improve
2965,8,1036.3599999999997,2,666.2199999999999,move,acceptBad
2966,8,1036.3599999999997,2,666.2199999999999,2opt,notBad
2967,8,1041.4599999999998,2,666.2199999999999,2opt,acceptBad
2968,8,1041.4599999999998,2,666.2199999999999,2opt,notBad
2969,8,1041.4599999999998,2,666.2199999999999,move,improve
2970,8,1041.4599999999998,2,666.2199999999999,swap,notBad
2971,8,1015.7799999999999,2,666.2199999999999,move,improve
2972,8,1015.7799999999999,2,666.2199999999999,move,improve
2973,8,1015.7799999999999,2,666.2199999999999,swap,notBad
2974,8,1015.7799999999999,2,666.2199999999999,move,improve
2975,8,1015.7799999999999,2,666.2199999999999,2opt,notBad
2976,8,990.0999999999998,2,666.2199999999999,move,improve
2977,8,990.0999999999998,2,666.2199999999999,2opt,notBad
2978,8,990.0999999999998,2,666.2199999999999,swap,notBad
2979,8,988.2999999999997,2,666.2199999999999,swap,improve
2980,8,988.2999999999997,2,666.2199999999999,swap,notBad
2981,8,988.2999999999997,2,666.2199999999999,2opt,notBad
2982,8,988.2999999999997,2,666.2199999999999,move,improve
2983,8,988.2399999999998,2,666.2199999999999,move,improve
2984,8,988.2399999999998,2,666.2199999999999,swap,notBad
2985,8,988.2399999999998,2,666.2199999999999,2opt,notBad
2986,8,988.2399999999998,2,666.2199999999999,2opt,notBad
2987,8,988.2399999999998,2,666.2199999999999,move,improve
2988,8,988.2399999999998,2,666.2199999999999,2opt,notBad
2989,8,959.2599999999999,2,666.2199999999999,move,improve
2990,8,956.1999999999999,2,666.2199999999999,move,improve
2991,8,956.1999999999999,2,666.2199999999999,swap,notBad
2992,8,942.4599999999998,2,666.2199999999999,move,improve
2993,8,942.4599999999998,2,666.2199999999999,swap,notBad
2994,8,942.1599999999999,2,666.2199999999999,swap,improve
2995,8,942.1599999999999,2,666.2199999999999,swap,notBad
2996,8,938.3199999999998,2,666.2199999999999,swap,improve
2997,8,938.3199999999998,2,666.2199999999999,swap,notBad
2998,8,938.3199999999998,2,666.2199999999999,2opt,notBad
2999,8,938.3199999999998,2,666.2199999999999,move,improve
3000,8,948.5399999999998,2,666.2199999999999,swap,acceptBad
3001,8,948.5399999999998,2,666.2199999999999,move,improve
3002,8,965.6999999999999,2,666.2199999999999,swap,acceptBad
3003,8,965.6999999999999,2,666.2199999999999,2opt,notBad
3004,8,962.28,2,666.2199999999999,move,improve
3005,8,962.28,2,666.2199999999999,2opt,notBad
3006,8,962.28,2,666.2199999999999,move,improve
3007,8,997.4399999999999,2,666.2199999999999,swap,acceptBad
3008,8,997.4399999999999,2,666.2199999999999,swap,notBad
3009,8,997.4399999999999,2,666.2199999999999,2opt,notBad
3010,8,997.4399999999999,2,666.2199999999999,swap,notBad
3011,8,997.4399999999999,2,666.2199999999999,swap,notBad
3012,8,994.0199999999999,2,666.2199999999999,move,improve
3013,8,994.0199999999999,2,666.2199999999999,2opt,notBad
3014,8,983.5800000000002,2,666.2199999999999,move,improve
3015,8,934.62,2,666.2199999999999,move,improve
3016,8,934.62,2,666.2199999999999,move,improve
3017,8,979.0799999999998,2,666.2199999999999,swap,acceptBad
3018,8,948.3599999999998,2,666.2199999999999,move,improve
3019,8,948.3599999999998,2,666.2199999999999,move,improve
3020,8,948.3599999999998,2,666.2199999999999,move,improve
3021,8,948.3599999999998,2,666.2199999999999,2opt,notBad
3022,8,948.3599999999998,2,666.2199999999999,swap,notBad
3023,8,974.9999999999995,2,666.2199999999999,swap,acceptBad
3024,8,974.9999999999995,2,666.2199999999999,swap,notBad
3025,8,974.9999999999995,2,666.2199999999999,move,improve
3026,8,972.6999999999996,2,666.2199999999999,swap,improve
3027,8,972.6999999999996,2,666.2199999999999,swap,notBad
3028,8,972.6999999999996,2,666.2199999999999,swap,notBad
3029,8,972.6999999999996,2,666.2199999999999,move,improve
3030,8,967.1199999999997,2,666.2199999999999,move,improve
3031,8,971.6799999999996,2,666.2199999999999,swap,acceptBad
3032,8,971.6799999999996,2,666.2199999999999,2opt,notBad
3033,8,988.4799999999996,2,666.2199999999999,swap,acceptBad
3034,8,988.4799999999996,2,666.2199999999999,2opt,notBad
3035,8,985.54,2,666.2199999999999,move,improve
3036,8,985.54,2,666.2199999999999,move,improve
3037,8,959.08,2,666.2199999999999,move,improve
3038,8,959.08,2,666.2199999999999,move,improve
3039,8,955.74,2,666.2199999999999,move,improve
3040,8,955.74,2,666.2199999999999,move,improve
3041,8,955.74,2,666.2199999999999,swap,notBad
3042,8,925.08,2,666.2199999999999,move,improve
3043,8,925.08,2,666.2199999999999,move,improve
3044,8,920.3399999999998,2,666.2199999999999,move,improve
3045,8,920.3399999999998,2,666.2199999999999,2opt,notBad
3046,8,920.3399999999998,2,666.2199999999999,swap,notBad
3047,8,920.3399999999998,2,666.2199999999999,move,improve
3048,8,914.2599999999999,2,666.2199999999999,move,improve
3049,8,914.2599999999999,2,666.2199999999999,move,improve
3050,8,914.2599999999999,2,666.2199999999999,move,improve
3051,8,912.8199999999999,2,666.2199999999999,move,improve
3052,8,912.8199999999999,2,666.2199999999999,swap,notBad
3053,8,953.1800000000001,2,666.2199999999999,swap,acceptBad
3054,8,953.1800000000001,2,666.2199999999999,2opt,notBad
3055,8,958.5000000000002,2,666.2199999999999,2opt,acceptBad
3056,8,958.5000000000002,2,666.2199999999999,move,improve
3057,8,958.5000000000002,2,666.2199999999999,swap,notBad
3058,8,958.5000000000002,2,666.2199999999999,swap,notBad
3059,8,958.5000000000002,2,666.2199999999999,2opt,notBad
3060,8,980.0400000000002,2,666.2199999999999,swap,acceptBad
3061,8,980.0400000000002,2,666.2199999999999,move,improve
3062,8,980.0400000000002,2,666.2199999999999,2opt,notBad
3063,8,980.0400000000002,2,666.2199999999999,move,improve
3064,8,973.5600000000002,2,666.2199999999999,2opt,improve
3065,8,973.5600000000002,2,666.2199999999999,2opt,notBad
3066,8,987.3000000000003,2,666.2199999999999,2opt,acceptBad
3067,8,987.3000000000003,2,666.2199999999999,2opt,notBad
3068,8,987.3000000000003,2,666.2199999999999,swap,notBad
3069,8,969.2600000000002,2,666.2199999999999,move,improve
3070,8,969.2600000000002,2,666.2199999999999,2opt,notBad
3071,8,969.2600000000002,2,666.2199999999999,swap,notBad
3072,8,969.2600000000002,2,666.2199999999999,swap,notBad
3073,8,969.2600000000002,2,666.2199999999999,move,improve
3074,8,969.2600000000002,2,666.2199999999999,2opt,notBad
3075,8,969.2600000000002,2,666.2199999999999,2opt,notBad
3076,8,969.2600000000002,2,666.2199999999999,2opt,notBad
3077,8,969.2600000000002,2,666.2199999999999,swap,notBad
3078,8,1007.1200000000001,2,666.2199999999999,swap,acceptBad
3079,8,1007.1200000000001,2,666.2199999999999,move,improve
3080,8,1007.1200000000001,2,666.2199999999999,swap,notBad
3081,8,984.4599999999998,2,666.2199999999999,swap,improve
3082,8,984.4599999999998,2,666.2199999999999,2opt,notBad
3083,8,984.4599999999998,2,666.2199999999999,move,improve
3084,8,984.4599999999998,2,666.2199999999999,move,improve
3085,8,1005.5799999999999,2,666.2199999999999,swap,acceptBad
3086,8,1013.02,2,666.2199999999999,2opt,acceptBad
3087,8,1014.2799999999997,2,666.2199999999999,2opt,acceptBad
3088,8,1014.2799999999997,2,666.2199999999999,swap,notBad
3089,8,1014.2799999999997,2,666.2199999999999,swap,notBad
3090,8,1014.2799999999997,2,666.2199999999999,2opt,notBad
3091,8,1014.2799999999997,2,666.2199999999999,2opt,notBad
3092,8,1014.2799999999997,2,666.2199999999999,swap,notBad
3093,8,1014.2799999999997,2,666.2199999999999,swap,notBad
3094,8,1014.2799999999997,2,666.2199999999999,swap,notBad
3095,8,1014.2799999999997,2,666.2199999999999,2opt,notBad
3096,8,996.3400000000001,2,666.2199999999999,2opt,improve
3097,8,995.1399999999999,2,666.2199999999999,2opt,improve
3098,8,973.7799999999997,2,666.2199999999999,swap,improve
3099,8,973.7799999999997,2,666.2199999999999,move,improve
3100,8,995.1200000000001,2,666.2199999999999,swap,acceptBad
3101,8,995.1200000000001,2,666.2199999999999,swap,notBad
3102,8,995.1200000000001,2,666.2199999999999,move,improve
3103,8,980.1200000000001,2,666.2199999999999,move,improve
3104,8,980.1200000000001,2,666.2199999999999,swap,notBad
3105,8,1005.7399999999998,2,666.2199999999999,swap,acceptBad
3106,8,1005.7399999999998,2,666.2199999999999,swap,notBad
3107,8,1053.4599999999998,2,666.2199999999999,swap,acceptBad
3108,8,1023.7199999999998,2,666.2199999999999,swap,improve
3109,8,1023.7199999999998,2,666.2199999999999,2opt,improve
3110,8,1023.7199999999998,2,666.2199999999999,move,improve
3111,8,1056.7799999999997,2,666.2199999999999,swap,acceptBad
3112,8,1056.7799999999997,2,666.2199999999999,swap,notBad
3113,8,1056.7799999999997,2,666.2199999999999,swap,notBad
3114,8,1056.7799999999997,2,666.2199999999999,move,improve
3115,8,1049.1599999999999,2,666.2199999999999,move,improve
3116,8,1040.2800000000002,2,666.2199999999999,move,improve
3117,8,1040.2800000000002,2,666.2199999999999,move,improve
3118,8,1040.2800000000002,2,666.2199999999999,2opt,notBad
3119,8,1067.74,2,666.2199999999999,swap,acceptBad
3120,8,1067.74,2,666.2199999999999,2opt,notBad
3121,8,1067.74,2,666.2199999999999,2opt,notBad
3122,8,1067.04,2,666.2199999999999,move,improve
3123,8,1067.04,2,666.2199999999999,2opt,notBad
3124,8,1067.04,2,666.2199999999999,move,improve
3125,8,1067.04,2,666.2199999999999,move,improve
3126,8,1067.04,2,666.2199999999999,move,improve
3127,8,1067.04,2,666.2199999999999,2opt,notBad
3128,8,1067.04,2,666.2199999999999,2opt,notBad
3129,8,1067.04,2,666.2199999999999,2opt,notBad
3130,8,1067.04,2,666.2199999999999,2opt,notBad
3131,8,1065.0200000000002,2,666.2199999999999,move,improve
3132,8,1094.8400000000001,2,666.2199999999999,swap,acceptBad
3133,8,1091.98,2,666.2199999999999,swap,improve
3134,8,1091.98,2,666.2199999999999,move,improve
3135,8,1050.9799999999998,2,666.2199999999999,move,improve
3136,8,1050.9799999999998,2,666.2199999999999,move,improve
3137,8,1050.9799999999998,2,666.2199999999999,move,improve
3138,8,1050.9799999999998,2,666.2199999999999,move,improve
3139,8,1050.9799999999998,2,666.2199999999999,2opt,improve
3140,8,1090.1599999999999,2,666.2199999999999,swap,acceptBad
3141,8,1080.1399999999999,2,666.2199999999999,2opt,improve
3142,8,1080.1399999999999,2,666.2199999999999,2opt,notBad
3143,8,1064.72,2,666.2199999999999,swap,improve
3144,8,1064.72,2,666.2199999999999,swap,notBad
3145,8,1064.72,2,666.2199999999999,move,improve
3146,8,1064.72,2,666.2199999999999,2opt,notBad
3147,8,1031.12,2,666.2199999999999,move,improve
3148,8,1031.12,2,666.2199999999999,swap,notBad
3149,8,1031.12,2,666.2199999999999,2opt,notBad
3150,8,1031.12,2,666.2199999999999,swap,notBad
3151,8,1031.12,2,666.2199999999999,2opt,notBad
3152,8,1017.4600000000002,2,666.2199999999999,move,improve
3153,8,1017.4600000000002,2,666.2199999999999,move,improve
3154,8,1003.3000000000002,2,666.2199999999999,move,improve
3155,8,1003.3000000000002,2,666.2199999999999,2opt,notBad
3156,8,1003.3000000000002,2,666.2199999999999,2opt,notBad
3157,8,1003.3000000000002,2,666.2199999999999,move,improve
3158,8,1003.3000000000002,2,666.2199999999999,move,improve
3159,8,1003.3000000000002,2,666.2199999999999,2opt,notBad
3160,8,1003.3000000000002,2,666.2199999999999,move,improve
3161,8,1003.3000000000002,2,666.2199999999999,move,improve
3162,8,995.1400000000002,2,666.2199999999999,move,improve
3163,8,995.1400000000002,2,666.2199999999999,2opt,notBad
3164,8,995.1400000000002,2,666.2199999999999,2opt,notBad
3165,8,995.1400000000002,2,666.2199999999999,swap,notBad
3166,8,1004.6200000000002,2,666.2199999999999,swap,acceptBad
3167,8,1015.6600000000002,2,666.2199999999999,swap,acceptBad
3168,8,1015.6600000000002,2,666.2199999999999,move,improve
3169,8,1034.0800000000002,2,666.2199999999999,swap,acceptBad
3170,8,1033.84,2,666.2199999999999,move,improve
3171,8,1033.84,2,666.2199999999999,swap,notBad
3172,8,1051.3600000000001,2,666.2199999999999,swap,acceptBad
3173,8,1050.16,2,666.2199999999999,2opt,improve
3174,8,1050.16,2,666.2199999999999,2opt,notBad
3175,8,1050.16,2,666.2199999999999,2opt,notBad
3176,8,1027.5400000000002,2,666.2199999999999,2opt,improve
3177,8,1027.5400000000002,2,666.2199999999999,swap,notBad
3178,8,1027.5400000000002,2,666.2199999999999,swap,notBad
3179,8,1027.5400000000002,2,666.2199999999999,move,improve
3180,8,1027.5400000000002,2,666.2199999999999,2opt,notBad
3181,8,1036.1999999999998,2,666.2199999999999,swap,acceptBad
3182,8,1036.1999999999998,2,666.2199999999999,swap,notBad
3183,8,1036.1999999999998,2,666.2199999999999,swap,notBad
3184,8,1036.1999999999998,2,666.2199999999999,swap,notBad
3185,8,1035.2200000000003,2,666.2199999999999,swap,improve
3186,8,1060.2400000000002,2,666.2199999999999,swap,acceptBad
3187,8,1060.2400000000002,2,666.2199999999999,2opt,notBad
3188,8,1060.2400000000002,2,666.2199999999999,move,improve
3189,8,1060.2400000000002,2,666.2199999999999,swap,notBad
3190,8,1060.2400000000002,2,666.2199999999999,move,improve
3191,8,1060.2400000000002,2,666.2199999999999,move,improve
3192,8,1060.2400000000002,2,666.2199999999999,move,improve
3193,8,1060.2400000000002,2,666.2199999999999,2opt,notBad
3194,8,1060.2400000000002,2,666.2199999999999,move,improve
3195,8,1060.2400000000002,2,666.2199999999999,2opt,notBad
3196,8,1060.2400000000002,2,666.2199999999999,2opt,notBad
3197,8,1060.2400000000002,2,666.2199999999999,2opt,notBad
3198,8,1060.2400000000002,2,666.2199999999999,2opt,improve
3199,8,1060.2400000000002,2,666.2199999999999,move,improve
3200,8,1060.2400000000002,2,666.2199999999999,2opt,notBad
3201,8,1060.2400000000002,2,666.2199999999999,2opt,improve
3202,8,1060.2400000000002,2,666.2199999999999,swap,notBad
3203,8,1060.2400000000002,2,666.2199999999999,2opt,notBad
3204,8,1060.2400000000002,2,666.2199999999999,move,improve
3205,8,1045.06,2,666.2199999999999,2opt,improve
3206,8,1045.06,2,666.2199999999999,move,improve
3207,8,1045.06,2,666.2199999999999,2opt,improve
3208,8,1045.06,2,666.2199999999999,swap,notBad
3209,8,1045.06,2,666.2199999999999,move,improve
3210,8,1045.06,2,666.2199999999999,2opt,notBad
3211,8,1045.06,2,666.2199999999999,move,improve
3212,8,1045.06,2,666.2199999999999,swap,notBad
3213,8,1021.2400000000001,2,666.2199999999999,move,improve
3214,8,1011.9599999999997,2,666.2199999999999,move,improve
3215,8,1011.9599999999997,2,666.2199999999999,move,improve
3216,8,1011.9599999999997,2,666.2199999999999,move,improve
3217,8,1011.9599999999997,2,666.2199999999999,swap,notBad
3218,8,1011.9599999999997,2,666.2199999999999,2opt,improve
3219,8,1011.9599999999997,2,666.2199999999999,move,improve
3220,8,1005.5399999999998,2,666.2199999999999,move,improve
3221,8,1005.5399999999998,2,666.2199999999999,2opt,notBad
3222,8,1008.6599999999997,2,666.2199999999999,swap,acceptBad
3223,8,1008.6599999999997,2,666.2199999999999,swap,notBad
3224,8,1008.6599999999997,2,666.2199999999999,swap,notBad
3225,8,1008.6599999999997,2,666.2199999999999,move,improve
3226,8,1008.6599999999997,2,666.2199999999999,move,improve
3227,8,1008.6599999999997,2,666.2199999999999,2opt,notBad
3228,8,1008.6599999999997,2,666.2199999999999,swap,notBad
3229,8,1008.6599999999997,2,666.2199999999999,2opt,notBad
3230,8,1031.5999999999997,2,666.2199999999999,swap,acceptBad
3231,8,1031.5999999999997,2,666.2199999999999,2opt,notBad
3232,8,1031.5999999999997,2,666.2199999999999,move,improve
3233,8,1031.5999999999997,2,666.2199999999999,swap,notBad
3234,8,1031.5999999999997,2,666.2199999999999,swap,notBad
3235,8,1072.3999999999996,2,666.2199999999999,swap,acceptBad
3236,8,1072.3999999999996,2,666.2199999999999,2opt,notBad
3237,8,1072.3999999999996,2,666.2199999999999,swap,notBad
3238,8,1072.3999999999996,2,666.2199999999999,2opt,notBad
3239,8,1072.3999999999996,2,666.2199999999999,swap,notBad
3240,8,1072.3999999999996,2,666.2199999999999,swap,notBad
3241,8,1076.3399999999997,2,666.2199999999999,swap,acceptBad
3242,8,1076.3399999999997,2,666.2199999999999,2opt,notBad
3243,8,1076.3399999999997,2,666.2199999999999,move,improve
3244,8,1075.0799999999997,2,666.2199999999999,move,improve
3245,8,1075.0799999999997,2,666.2199999999999,2opt,improve
3246,8,1075.0799999999997,2,666.2199999999999,move,improve
3247,8,1075.0799999999997,2,666.2199999999999,swap,notBad
3248,8,1075.0799999999997,2,666.2199999999999,swap,notBad
3249,8,1075.0799999999997,2,666.2199999999999,swap,notBad
3250,8,1075.0799999999997,2,666.2199999999999,swap,notBad
3251,8,1077.9799999999996,2,666.2199999999999,swap,acceptBad
3252,8,1077.9799999999996,2,666.2199999999999,move,improve
3253,8,1077.9799999999996,2,666.2199999999999,2opt,notBad
3254,8,1077.9799999999996,2,666.2199999999999,2opt,notBad
3255,8,1077.9799999999996,2,666.2199999999999,move,improve
3256,8,1077.9799999999996,2,666.2199999999999,swap,notBad
3257,8,1077.9799999999996,2,666.2199999999999,2opt,notBad
3258,8,1080.0199999999995,2,666.2199999999999,swap,acceptBad
3259,8,1073.5399999999997,2,666.2199999999999,move,improve
3260,8,1070.6999999999998,2,666.2199999999999,2opt,improve
3261,8,1070.6999999999998,2,666.2199999999999,2opt,improve
3262,8,1070.6999999999998,2,666.2199999999999,move,improve
3263,8,1070.6999999999998,2,666.2199999999999,move,improve
3264,8,1052.06,2,666.2199999999999,move,improve
3265,8,1053.6000000000001,2,666.2199999999999,swap,acceptBad
3266,8,1053.6000000000001,2,666.2199999999999,2opt,notBad
3267,8,1053.6000000000001,2,666.2199999999999,2opt,notBad
3268,8,1046.94,2,666.2199999999999,move,improve
3269,8,1046.94,2,666.2199999999999,move,improve
3270,8,1045.4,2,666.2199999999999,swap,improve
3271,8,1045.4,2,666.2199999999999,move,improve
3272,8,1037.6000000000001,2,666.2199999999999,move,improve
3273,8,1037.6000000000001,2,666.2199999999999,2opt,notBad
3274,8,1037.6000000000001,2,666.2199999999999,2opt,improve
3275,8,1037.6000000000001,2,666.2199999999999,move,improve
3276,8,1037.6000000000001,2,666.2199999999999,2opt,notBad
3277,8,1037.6000000000001,2,666.2199999999999,2opt,notBad
3278,8,1037.6000000000001,2,666.2199999999999,swap,notBad
3279,8,1037.6000000000001,2,666.2199999999999,swap,notBad
3280,8,1037.0,2,666.2199999999999,move,improve
3281,8,1037.0,2,666.2199999999999,2opt,notBad
3282,8,1037.0,2,666.2199999999999,2opt,notBad
3283,8,1037.0,2,666.2199999999999,2opt,notBad
3284,8,1037.0,2,666.2199999999999,swap,notBad
3285,8,1013.1200000000001,2,666.2199999999999,move,improve
3286,8,1013.1200000000001,2,666.2199999999999,2opt,notBad
3287,8,1013.1200000000001,2,666.2199999999999,move,improve
3288,8,1013.1200000000001,2,666.2199999999999,move,improve
3289,8,1013.1200000000001,2,666.2199999999999,2opt,notBad
3290,8,1013.1200000000001,2,666.2199999999999,move,improve
3291,8,1013.1200000000001,2,666.2199999999999,2opt,notBad
3292,8,1013.1200000000001,2,666.2199999999999,swap,notBad
3293,8,1013.1200000000001,2,666.2199999999999,swap,notBad
3294,8,1013.1200000000001,2,666.2199999999999,swap,notBad
3295,8,1013.1200000000001,2,666.2199999999999,2opt,notBad
3296,8,986.1200000000002,2,666.2199999999999,move,improve
3297,8,986.1200000000002,2,666.2199999999999,swap,notBad
3298,8,986.1200000000002,2,666.2199999999999,swap,notBad
3299,8,986.1200000000002,2,666.2199999999999,swap,notBad
3300,8,986.1200000000002,2,666.2199999999999,2opt,notBad
3301,8,986.1200000000002,2,666.2199999999999,move,improve
3302,8,986.1200000000002,2,666.2199999999999,move,improve
3303,8,991.1600000000003,2,666.2199999999999,2opt,acceptBad
3304,8,991.1600000000003,2,666.2199999999999,move,improve
3305,8,991.1600000000003,2,666.2199999999999,2opt,notBad
3306,8,991.1600000000003,2,666.2199999999999,move,improve
3307,8,991.1600000000003,2,666.2199999999999,move,improve
3308,8,991.1600000000003,2,666.2199999999999,swap,notBad
3309,8,990.5600000000003,2,666.2199999999999,move,improve
3310,8,990.5600000000003,2,666.2199999999999,2opt,notBad
3311,8,990.5600000000003,2,666.2199999999999,2opt,notBad
3312,8,990.5600000000003,2,666.2199999999999,swap,notBad
3313,8,990.5600000000003,2,666.2199999999999,2opt,notBad
3314,8,990.5600000000003,2,666.2199999999999,2opt,notBad
3315,8,990.5600000000003,2,666.2199999999999,2opt,notBad
3316,8,990.5600000000003,2,666.2199999999999,swap,notBad
3317,8,990.5600000000003,2,666.2199999999999,swap,notBad
3318,8,1016.0400000000002,2,666.2199999999999,swap,acceptBad
3319,8,1016.0400000000002,2,666.2199999999999,2opt,notBad
3320,8,1016.0400000000002,2,666.2199999999999,2opt,notBad
3321,8,1026.3199999999997,2,666.2199999999999,swap,acceptBad
3322,8,1026.2599999999998,2,666.2199999999999,move,improve
3323,8,1026.2599999999998,2,666.2199999999999,move,improve
3324,8,1026.2599999999998,2,666.2199999999999,move,improve
3325,8,1026.2599999999998,2,666.2199999999999,2opt,notBad
3326,8,1026.2599999999998,2,666.2199999999999,2opt,notBad
3327,8,1022.3599999999998,2,666.2199999999999,swap,improve
3328,8,1042.3199999999997,2,666.2199999999999,swap,acceptBad
3329,8,1042.3199999999997,2,666.2199999999999,2opt,notBad
3330,8,1042.3199999999997,2,666.2199999999999,swap,notBad
3331,8,1042.3199999999997,2,666.2199999999999,move,improve
3332,8,1042.3199999999997,2,666.2199999999999,2opt,notBad
3333,8,1042.3199999999997,2,666.2199999999999,move,improve
3334,8,1042.3199999999997,2,666.2199999999999,2opt,notBad
3335,8,1042.3199999999997,2,666.2199999999999,2opt,notBad
3336,8,1042.3199999999997,2,666.2199999999999,move,improve
3337,8,1042.3199999999997,2,666.2199999999999,2opt,notBad
3338,8,1042.3199999999997,2,666.2199999999999,swap,notBad
3339,8,1042.3199999999997,2,666.2199999999999,2opt,notBad
3340,8,1042.3199999999997,2,666.2199999999999,move,improve
3341,8,1042.3199999999997,2,666.2199999999999,2opt,notBad
3342,8,1042.3199999999997,2,666.2199999999999,2opt,notBad
3343,8,1042.3199999999997,2,666.2199999999999,2opt,notBad
3344,8,1042.3199999999997,2,666.2199999999999,swap,notBad
3345,8,1042.3199999999997,2,666.2199999999999,move,improve
3346,8,1042.3199999999997,2,666.2199999999999,swap,notBad
3347,8,1042.3199999999997,2,666.2199999999999,move,improve
3348,8,1042.3199999999997,2,666.2199999999999,swap,notBad
3349,8,1042.3199999999997,2,666.2199999999999,move,improve
3350,8,1042.3199999999997,2,666.2199999999999,2opt,notBad
3351,8,1042.3199999999997,2,666.2199999999999,swap,notBad
3352,8,1042.3199999999997,2,666.2199999999999,swap,notBad
3353,8,1029.7199999999998,2,666.2199999999999,move,improve
3354,8,1029.7199999999998,2,666.2199999999999,swap,notBad
3355,8,1029.6599999999999,2,666.2199999999999,move,improve
3356,8,1029.6599999999999,2,666.2199999999999,2opt,notBad
3357,8,1029.6599999999999,2,666.2199999999999,2opt,notBad
3358,8,1000.0799999999995,2,666.2199999999999,2opt,improve
3359,8,997.7399999999996,2,666.2199999999999,move,improve
3360,8,997.7399999999996,2,666.2199999999999,2opt,notBad
3361,8,997.7399999999996,2,666.2199999999999,swap,notBad
3362,8,997.7399999999996,2,666.2199999999999,swap,notBad
3363,8,1019.5799999999997,2,666.2199999999999,swap,acceptBad
3364,8,1019.5799999999997,2,666.2199999999999,swap,notBad
3365,8,1019.5799999999997,2,666.2199999999999,swap,notBad
3366,8,1017.1799999999996,2,666.2199999999999,move,improve
3367,8,1017.1799999999996,2,666.2199999999999,move,improve
3368,8,1017.1799999999996,2,666.2199999999999,swap,notBad
3369,8,1017.1799999999996,2,666.2199999999999,2opt,notBad
3370,8,1017.1799999999996,2,666.2199999999999,swap,notBad
3371,8,1017.1799999999996,2,666.2199999999999,2opt,improve
3372,8,1026.9599999999998,2,666.2199999999999,swap,acceptBad
3373,8,1026.9599999999998,2,666.2199999999999,swap,notBad
3374,8,1026.9599999999998,2,666.2199999999999,swap,notBad
3375,8,1025.28,2,666.2199999999999,move,improve
3376,8,1025.28,2,666.2199999999999,2opt,notBad
3377,8,1020.8999999999999,2,666.2199999999999,move,improve
3378,8,1020.8999999999999,2,666.2199999999999,2opt,notBad
3379,8,1020.8999999999999,2,666.2199999999999,2opt,notBad
3380,8,1020.8999999999999,2,666.2199999999999,move,improve
3381,8,1020.8999999999999,2,666.2199999999999,move,improve
3382,8,1020.8999999999999,2,666.2199999999999,move,improve
3383,8,1028.3999999999999,2,666.2199999999999,2opt,acceptBad
3384,8,1028.3999999999999,2,666.2199999999999,swap,notBad
3385,8,1028.3999999999999,2,666.2199999999999,move,improve
3386,8,1034.42,2,666.2199999999999,swap,acceptBad
3387,8,1034.42,2,666.2199999999999,move,improve
3388,8,1034.42,2,666.2199999999999,swap,notBad
3389,8,1034.42,2,666.2199999999999,move,improve
3390,8,1034.42,2,666.2199999999999,move,improve
3391,8,1034.42,2,666.2199999999999,move,improve
3392,8,1034.42,2,666.2199999999999,move,improve
3393,8,1042.82,2,666.2199999999999,2opt,acceptBad
3394,8,1040.3600000000001,2,666.2199999999999,move,improve
3395,8,1040.3600000000001,2,666.2199999999999,2opt,notBad
3396,8,1040.3600000000001,2,666.2199999999999,move,improve
3397,8,1040.3600000000001,2,666.2199999999999,2opt,improve
3398,8,1040.3600000000001,2,666.2199999999999,2opt,notBad
3399,8,1040.3600000000001,2,666.2199999999999,swap,notBad
3400,8,1017.26,2,666.2199999999999,move,improve
3401,8,1017.26,2,666.2199999999999,2opt,improve
3402,8,1017.26,2,666.2199999999999,swap,notBad
3403,8,1017.26,2,666.2199999999999,2opt,notBad
3404,8,1017.26,2,666.2199999999999,2opt,notBad
3405,8,1019.84,2,666.2199999999999,swap,acceptBad
3406,8,1019.84,2,666.2199999999999,2opt,notBad
3407,8,981.7999999999995,2,666.2199999999999,move,improve
3408,8,981.7999999999995,2,666.2199999999999,swap,notBad
3409,8,981.7999999999995,2,666.2199999999999,swap,notBad
3410,8,981.7999999999995,2,666.2199999999999,swap,notBad
3411,8,981.7999999999995,2,666.2199999999999,swap,notBad
3412,8,981.7999999999995,2,666.2199999999999,swap,notBad
3413,8,981.7999999999995,2,666.2199999999999,swap,notBad
3414,8,981.7999999999995,2,666.2199999999999,move,improve
3415,8,981.7999999999995,2,666.2199999999999,swap,notBad
3416,8,981.7999999999995,2,666.2199999999999,swap,notBad
3417,8,981.7999999999995,2,666.2199999999999,2opt,notBad
3418,8,981.7999999999995,2,666.2199999999999,move,improve
3419,8,994.2799999999997,2,666.2199999999999,swap,acceptBad
3420,8,994.2799999999997,2,666.2199999999999,2opt,notBad
3421,8,995.4799999999998,2,666.2199999999999,swap,acceptBad
3422,8,995.4799999999998,2,666.2199999999999,move,improve
3423,8,995.4799999999998,2,666.2199999999999,2opt,notBad
3424,8,995.4799999999998,2,666.2199999999999,move,improve
3425,8,995.4799999999998,2,666.2199999999999,swap,notBad
3426,8,995.4799999999998,2,666.2199999999999,swap,notBad
3427,8,995.4799999999998,2,666.2199999999999,move,improve
3428,8,995.4799999999998,2,666.2199999999999,move,improve
3429,8,995.4799999999998,2,666.2199999999999,swap,notBad
3430,8,995.4799999999998,2,666.2199999999999,2opt,notBad
3431,8,995.4799999999998,2,666.2199999999999,2opt,notBad
3432,8,995.4799999999998,2,666.2199999999999,swap,notBad
3433,8,995.4799999999998,2,666.2199999999999,swap,notBad
3434,8,994.3399999999997,2,666.2199999999999,2opt,improve
3435,8,994.3399999999997,2,666.2199999999999,swap,notBad
3436,8,994.3399999999997,2,666.2199999999999,swap,notBad
3437,8,993.0799999999997,2,666.2199999999999,swap,improve
3438,8,993.0799999999997,2,666.2199999999999,swap,notBad
3439,8,993.0799999999997,2,666.2199999999999,2opt,notBad
3440,8,993.0799999999997,2,666.2199999999999,2opt,notBad
3441,8,993.0799999999997,2,666.2199999999999,2opt,notBad
3442,8,993.0799999999997,2,666.2199999999999,2opt,notBad
3443,8,993.0799999999997,2,666.2199999999999,2opt,notBad
3444,8,973.6199999999997,2,666.2199999999999,swap,improve
3445,8,973.6199999999997,2,666.2199999999999,move,improve
3446,8,986.4399999999999,2,666.2199999999999,move,acceptBad
3447,8,983.8600000000001,2,666.2199999999999,move,improve
3448,8,983.8600000000001,2,666.2199999999999,move,improve
3449,8,983.8600000000001,2,666.2199999999999,swap,notBad
3450,8,983.8600000000001,2,666.2199999999999,swap,notBad
3451,8,983.8600000000001,2,666.2199999999999,swap,notBad
3452,8,991.6799999999998,2,666.2199999999999,swap,acceptBad
3453,8,984.08,2,666.2199999999999,swap,improve
3454,8,1005.6800000000002,2,666.2199999999999,swap,acceptBad
3455,8,1024.1000000000004,2,666.2199999999999,swap,acceptBad
3456,8,1024.1000000000004,2,666.2199999999999,2opt,notBad
3457,8,1024.1000000000004,2,666.2199999999999,move,improve
3458,8,1034.8000000000002,2,666.2199999999999,swap,acceptBad
3459,8,982.8800000000003,2,666.2199999999999,move,improve
3460,8,982.8800000000003,2,666.2199999999999,2opt,notBad
3461,8,982.8800000000003,2,666.2199999999999,move,improve
3462,8,982.8800000000003,2,666.2199999999999,swap,notBad
3463,8,978.8200000000005,2,666.2199999999999,swap,improve
3464,8,978.8200000000005,2,666.2199999999999,swap,notBad
3465,8,978.8200000000005,2,666.2199999999999,swap,notBad
3466,8,973.1800000000004,2,666.2199999999999,move,improve
3467,8,973.1800000000004,2,666.2199999999999,2opt,improve
3468,8,973.1800000000004,2,666.2199999999999,swap,notBad
3469,8,973.1800000000004,2,666.2199999999999,2opt,notBad
3470,8,973.1800000000004,2,666.2199999999999,swap,notBad
3471,8,976.4800000000004,2,666.2199999999999,swap,acceptBad
3472,8,976.4800000000004,2,666.2199999999999,move,improve
3473,8,993.8000000000006,2,666.2199999999999,swap,acceptBad
3474,8,993.8000000000006,2,666.2199999999999,move,improve
3475,8,993.8000000000006,2,666.2199999999999,2opt,notBad
3476,8,993.8000000000006,2,666.2199999999999,move,improve
3477,8,993.8000000000006,2,666.2199999999999,swap,notBad
3478,8,993.9800000000005,2,666.2199999999999,swap,acceptBad
3479,8,993.9800000000005,2,666.2199999999999,move,improve
3480,8,993.9800000000005,2,666.2199999999999,2opt,notBad
3481,8,993.9800000000005,2,666.2199999999999,2opt,notBad
3482,8,993.9800000000005,2,666.2199999999999,move,improve
3483,8,993.9800000000005,2,666.2199999999999,swap,notBad
3484,8,975.7800000000007,2,666.2199999999999,swap,improve
3485,8,978.7200000000005,2,666.2199999999999,swap,acceptBad
3486,8,990.0600000000004,2,666.2199999999999,swap,acceptBad
3487,8,990.0600000000004,2,666.2199999999999,swap,notBad
3488,8,990.0600000000004,2,666.2199999999999,swap,notBad
3489,8,990.0600000000004,2,666.2199999999999,swap,notBad
3490,8,990.0600000000004,2,666.2199999999999,swap,notBad
3491,8,990.0600000000004,2,666.2199999999999,swap,notBad
3492,8,990.0600000000004,2,666.2199999999999,2opt,notBad
3493,8,990.0600000000004,2,666.2199999999999,swap,notBad
3494,8,988.0800000000004,2,666.2199999999999,2opt,improve
3495,8,988.0800000000004,2,666.2199999999999,swap,notBad
3496,8,975.8400000000004,2,666.2199999999999,move,improve
3497,8,975.8400000000004,2,666.2199999999999,2opt,notBad
3498,8,975.8400000000004,2,666.2199999999999,2opt,notBad
3499,8,975.8400000000004,2,666.2199999999999,move,improve
3500,8,975.8400000000004,2,666.2199999999999,2opt,notBad
3501,8,983.6400000000003,2,666.2199999999999,swap,acceptBad
3502,8,983.6400000000003,2,666.2199999999999,swap,notBad
3503,8,983.6400000000003,2,666.2199999999999,move,improve
3504,8,983.6400000000003,2,666.2199999999999,move,improve
3505,8,960.0400000000002,2,666.2199999999999,move,improve
3506,8,953.0400000000001,2,666.2199999999999,move,improve
3507,8,953.0400000000001,2,666.2199999999999,2opt,notBad
3508,8,939.54,2,666.2199999999999,swap,improve
3509,8,938.5799999999999,2,666.2199999999999,move,improve
3510,8,938.5799999999999,2,666.2199999999999,2opt,notBad
3511,8,938.5799999999999,2,666.2199999999999,swap,notBad
3512,8,938.5799999999999,2,666.2199999999999,swap,notBad
3513,8,938.5799999999999,2,666.2199999999999,move,improve
3514,8,938.5799999999999,2,666.2199999999999,move,improve
3515,8,928.34,2,666.2199999999999,swap,improve
3516,8,928.34,2,666.2199999999999,2opt,notBad
3517,8,928.34,2,666.2199999999999,2opt,notBad
3518,8,928.34,2,666.2199999999999,2opt,notBad
3519,8,928.34,2,666.2199999999999,2opt,notBad
3520,8,928.34,2,666.2199999999999,move,improve
3521,8,928.34,2,666.2199999999999,swap,notBad
3522,8,928.34,2,666.2199999999999,move,improve
3523,8,928.34,2,666.2199999999999,2opt,notBad
3524,8,928.34,2,666.2199999999999,2opt,notBad
3525,8,928.34,2,666.2199999999999,swap,notBad
3526,8,928.34,2,666.2199999999999,move,improve
3527,8,928.34,2,666.2199999999999,swap,notBad
3528,8,928.34,2,666.2199999999999,swap,notBad
3529,8,928.34,2,666.2199999999999,move,improve
3530,8,928.34,2,666.2199999999999,swap,notBad
3531,8,918.0600000000001,2,666.2199999999999,move,improve
3532,8,918.0600000000001,2,666.2199999999999,swap,notBad
3533,8,918.0600000000001,2,666.2199999999999,2opt,notBad
3534,8,918.0600000000001,2,666.2199999999999,swap,notBad
3535,8,918.0600000000001,2,666.2199999999999,2opt,notBad
3536,8,918.0600000000001,2,666.2199999999999,swap,notBad
3537,8,917.8800000000001,2,666.2199999999999,2opt,improve
3538,8,928.2600000000001,2,666.2199999999999,swap,acceptBad
3539,8,928.2600000000001,2,666.2199999999999,2opt,notBad
3540,8,928.2600000000001,2,666.2199999999999,2opt,notBad
3541,8,928.2600000000001,2,666.2199999999999,2opt,notBad
3542,8,917.8800000000001,2,666.2199999999999,swap,improve
3543,8,917.8800000000001,2,666.2199999999999,move,improve
3544,8,917.8800000000001,2,666.2199999999999,swap,notBad
3545,8,917.8800000000001,2,666.2199999999999,swap,notBad
3546,8,917.8800000000001,2,666.2199999999999,2opt,notBad
3547,8,917.8800000000001,2,666.2199999999999,move,improve
3548,8,917.7,2,666.2199999999999,move,improve
3549,8,917.7,2,666.2199999999999,2opt,notBad
3550,8,917.7,2,666.2199999999999,move,improve
3551,8,917.7,2,666.2199999999999,move,improve
3552,8,917.7,2,666.2199999999999,2opt,notBad
3553,8,917.7,2,666.2199999999999,swap,notBad
3554,8,917.7,2,666.2199999999999,2opt,notBad
3555,8,917.7,2,666.2199999999999,2opt,notBad
3556,8,894.1800000000002,2,666.2199999999999,move,improve
3557,8,894.1800000000002,2,666.2199999999999,2opt,notBad
3558,8,894.1800000000002,2,666.2199999999999,swap,notBad
3559,8,894.1800000000002,2,666.2199999999999,2opt,improve
3560,8,894.1800000000002,2,666.2199999999999,2opt,notBad
3561,8,894.1800000000002,2,666.2199999999999,move,improve
3562,8,894.1800000000002,2,666.2199999999999,swap,notBad
3563,8,894.0000000000001,2,666.2199999999999,move,improve
3564,8,894.0000000000001,2,666.2199999999999,swap,notBad
3565,8,894.0000000000001,2,666.2199999999999,move,improve
3566,8,894.0000000000001,2,666.2199999999999,swap,notBad
3567,8,894.0000000000001,2,666.2199999999999,2opt,notBad
3568,8,894.0000000000001,2,666.2199999999999,swap,notBad
3569,8,894.0000000000001,2,666.2199999999999,2opt,notBad
3570,8,894.0000000000001,2,666.2199999999999,swap,notBad
3571,8,894.0000000000001,2,666.2199999999999,move,improve
3572,8,894.0000000000001,2,666.2199999999999,swap,notBad
3573,8,894.0000000000001,2,666.2199999999999,swap,notBad
3574,8,894.0000000000001,2,666.2199999999999,2opt,notBad
3575,8,904.3800000000001,2,666.2199999999999,move,acceptBad
3576,8,904.3800000000001,2,666.2199999999999,move,improve
3577,8,904.3800000000001,2,666.2199999999999,swap,notBad
3578,8,913.9200000000001,2,666.2199999999999,2opt,acceptBad
3579,8,913.9200000000001,2,666.2199999999999,move,improve
3580,8,921.8999999999999,2,666.2199999999999,swap,acceptBad
3581,8,921.8999999999999,2,666.2199999999999,2opt,notBad
3582,8,921.8999999999999,2,666.2199999999999,2opt,notBad
3583,8,921.8999999999999,2,666.2199999999999,2opt,notBad
3584,8,917.0799999999998,2,666.2199999999999,swap,improve
3585,8,917.0799999999998,2,666.2199999999999,2opt,notBad
3586,8,917.0799999999998,2,666.2199999999999,move,improve
3587,8,917.0799999999998,2,666.2199999999999,2opt,notBad
3588,8,909.7399999999999,2,666.2199999999999,move,improve
3589,8,909.7399999999999,2,666.2199999999999,move,improve
3590,8,909.7399999999999,2,666.2199999999999,2opt,notBad
3591,8,901.5999999999999,2,666.2199999999999,move,improve
3592,8,901.5999999999999,2,666.2199999999999,2opt,notBad
3593,8,911.48,2,666.2199999999999,swap,acceptBad
3594,8,911.48,2,666.2199999999999,move,improve
3595,8,911.48,2,666.2199999999999,2opt,notBad
3596,8,911.48,2,666.2199999999999,move,improve
3597,8,911.48,2,666.2199999999999,2opt,notBad
3598,8,911.48,2,666.2199999999999,move,improve
3599,8,911.48,2,666.2199999999999,2opt,notBad
3600,8,911.48,2,666.2199999999999,swap,notBad
3601,8,915.4999999999999,2,666.2199999999999,swap,acceptBad
3602,8,915.4999999999999,2,666.2199999999999,swap,notBad
3603,8,915.4999999999999,2,666.2199999999999,2opt,notBad
3604,8,915.4999999999999,2,666.2199999999999,swap,notBad
3605,8,915.4999999999999,2,666.2199999999999,swap,notBad
3606,8,915.4999999999999,2,666.2199999999999,2opt,notBad
3607,8,915.4999999999999,2,666.2199999999999,2opt,notBad
3608,8,915.4999999999999,2,666.2199999999999,2opt,notBad
3609,8,915.4999999999999,2,666.2199999999999,swap,notBad
3610,8,915.4999999999999,2,666.2199999999999,swap,notBad
3611,8,915.4999999999999,2,666.2199999999999,move,improve
3612,8,905.52,2,666.2199999999999,swap,improve
3613,8,905.52,2,666.2199999999999,swap,notBad
3614,8,922.3,2,666.2199999999999,move,acceptBad
3615,8,922.3,2,666.2199999999999,move,improve
3616,8,922.3,2,666.2199999999999,2opt,notBad
3617,8,922.3,2,666.2199999999999,swap,notBad
3618,8,915.76,2,666.2199999999999,move,improve
3619,8,916.0400000000002,2,666.2199999999999,swap,acceptBad
3620,8,916.0400000000002,2,666.2199999999999,move,improve
3621,8,903.32,2,666.2199999999999,move,improve
3622,8,907.1000000000001,2,666.2199999999999,2opt,acceptBad
3623,8,907.1000000000001,2,666.2199999999999,2opt,notBad
3624,8,907.1000000000001,2,666.2199999999999,2opt,notBad
3625,8,904.0800000000002,2,666.2199999999999,move,improve
3626,8,904.0800000000002,2,666.2199999999999,swap,notBad
3627,8,904.0800000000002,2,666.2199999999999,2opt,notBad
3628,8,904.0800000000002,2,666.2199999999999,swap,notBad
3629,8,904.0800000000002,2,666.2199999999999,move,improve
3630,8,901.5,2,666.2199999999999,swap,improve
3631,8,901.5,2,666.2199999999999,2opt,notBad
3632,8,901.5,2,666.2199999999999,swap,notBad
3633,8,901.5,2,666.2199999999999,2opt,notBad
3634,8,901.5,2,666.2199999999999,move,improve
3635,8,901.5,2,666.2199999999999,swap,notBad
3636,8,901.5,2,666.2199999999999,2opt,notBad
3637,8,901.5,2,666.2199999999999,swap,notBad
3638,8,901.5,2,666.2199999999999,2opt,notBad
3639,8,898.1400000000001,2,666.2199999999999,move,improve
3640,8,898.1400000000001,2,666.2199999999999,swap,notBad
3641,8,898.1400000000001,2,666.2199999999999,move,improve
3642,8,898.1400000000001,2,666.2199999999999,swap,notBad
3643,8,898.1400000000001,2,666.2199999999999,2opt,notBad
3644,8,898.1400000000001,2,666.2199999999999,swap,notBad
3645,8,898.1400000000001,2,666.2199999999999,swap,notBad
3646,8,898.1400000000001,2,666.2199999999999,swap,notBad
3647,8,898.1400000000001,2,666.2199999999999,move,improve
3648,8,898.1400000000001,2,666.2199999999999,move,improve
3649,8,898.1400000000001,2,666.2199999999999,2opt,notBad
3650,8,898.1400000000001,2,666.2199999999999,swap,notBad
3651,8,898.1400000000001,2,666.2199999999999,2opt,notBad
3652,8,898.1400000000001,2,666.2199999999999,2opt,notBad
3653,8,898.1400000000001,2,666.2199999999999,2opt,notBad
3654,8,898.1400000000001,2,666.2199999999999,2opt,notBad
3655,8,898.1400000000001,2,666.2199999999999,swap,notBad
3656,8,898.1400000000001,2,666.2199999999999,2opt,notBad
3657,8,898.1400000000001,2,666.2199999999999,2opt,notBad
3658,8,898.1400000000001,2,666.2199999999999,move,improve
3659,8,898.1400000000001,2,666.2199999999999,swap,notBad
3660,8,898.1400000000001,2,666.2199999999999,move,improve
3661,8,898.1400000000001,2,666.2199999999999,move,improve
3662,8,898.1400000000001,2,666.2199999999999,move,improve
3663,8,898.1400000000001,2,666.2199999999999,move,improve
3664,8,898.1400000000001,2,666.2199999999999,swap,notBad
3665,8,898.1400000000001,2,666.2199999999999,swap,notBad
3666,8,898.1400000000001,2,666.2199999999999,2opt,notBad
3667,8,891.8400000000004,2,666.2199999999999,move,improve
3668,8,891.8400000000004,2,666.2199999999999,2opt,notBad
3669,8,891.8400000000004,2,666.2199999999999,2opt,notBad
3670,8,891.8400000000004,2,666.2199999999999,swap,notBad
3671,8,886.8600000000004,2,666.2199999999999,move,improve
3672,8,885.7800000000004,2,666.2199999999999,move,improve
3673,8,885.7800000000004,2,666.2199999999999,swap,notBad
3674,8,885.7800000000004,2,666.2199999999999,swap,notBad
3675,8,885.7800000000004,2,666.2199999999999,move,improve
3676,8,907.4200000000004,2,666.2199999999999,swap,acceptBad
3677,8,907.4200000000004,2,666.2199999999999,swap,notBad
3678,8,907.4200000000004,2,666.2199999999999,2opt,notBad
3679,8,907.4200000000004,2,666.2199999999999,move,improve
3680,8,907.4200000000004,2,666.2199999999999,2opt,notBad
3681,8,907.4200000000004,2,666.2199999999999,2opt,notBad
3682,8,907.4200000000004,2,666.2199999999999,2opt,notBad
3683,8,907.4200000000004,2,666.2199999999999,move,improve
3684,8,907.4200000000004,2,666.2199999999999,move,improve
3685,8,907.4200000000004,2,666.2199999999999,swap,notBad
3686,8,907.4200000000004,2,666.2199999999999,2opt,notBad
3687,8,907.4200000000004,2,666.2199999999999,move,improve
3688,8,907.4200000000004,2,666.2199999999999,move,improve
3689,8,907.4200000000004,2,666.2199999999999,2opt,notBad
3690,8,907.4200000000004,2,666.2199999999999,swap,notBad
3691,8,907.4200000000004,2,666.2199999999999,swap,notBad
3692,8,907.4200000000004,2,666.2199999999999,move,improve
3693,8,907.4200000000004,2,666.2199999999999,swap,notBad
3694,8,907.4200000000004,2,666.2199999999999,move,improve
3695,8,907.4200000000004,2,666.2199999999999,move,improve
3696,8,907.4200000000004,2,666.2199999999999,2opt,notBad
3697,8,907.4200000000004,2,666.2199999999999,swap,notBad
3698,8,907.4200000000004,2,666.2199999999999,swap,notBad
3699,8,907.4200000000004,2,666.2199999999999,move,improve
3700,8,907.4200000000004,2,666.2199999999999,2opt,notBad
3701,8,907.4200000000004,2,666.2199999999999,swap,notBad
3702,8,907.4200000000004,2,666.2199999999999,move,improve
3703,8,907.4200000000004,2,666.2199999999999,2opt,notBad
3704,8,910.4200000000003,2,666.2199999999999,swap,acceptBad
3705,8,910.4200000000003,2,666.2199999999999,2opt,notBad
3706,8,910.4200000000003,2,666.2199999999999,move,improve
3707,8,910.4200000000003,2,666.2199999999999,swap,notBad
3708,8,910.4200000000003,2,666.2199999999999,2opt,notBad
3709,8,910.4200000000003,2,666.2199999999999,move,improve
3710,8,903.7600000000003,2,666.2199999999999,move,improve
3711,8,903.7600000000003,2,666.2199999999999,swap,notBad
3712,8,899.0800000000004,2,666.2199999999999,move,improve
3713,8,896.3600000000004,2,666.2199999999999,move,improve
3714,8,896.3600000000004,2,666.2199999999999,move,improve
3715,8,901.0800000000002,2,666.2199999999999,swap,acceptBad
3716,8,901.0800000000002,2,666.2199999999999,2opt,notBad
3717,8,878.9000000000002,2,666.2199999999999,move,improve
3718,8,878.9000000000002,2,666.2199999999999,move,improve
3719,8,878.9000000000002,2,666.2199999999999,2opt,notBad
3720,8,878.9000000000002,2,666.2199999999999,move,improve
3721,8,878.9000000000002,2,666.2199999999999,2opt,notBad
3722,8,878.9000000000002,2,666.2199999999999,move,improve
3723,8,878.9000000000002,2,666.2199999999999,move,improve
3724,8,878.9000000000002,2,666.2199999999999,swap,notBad
3725,8,878.9000000000002,2,666.2199999999999,2opt,notBad
3726,8,878.9000000000002,2,666.2199999999999,swap,notBad
3727,8,862.1600000000001,2,666.2199999999999,move,improve
3728,8,862.1600000000001,2,666.2199999999999,swap,notBad
3729,8,862.1600000000001,2,666.2199999999999,swap,notBad
3730,8,862.1600000000001,2,666.2199999999999,swap,notBad
3731,8,862.1600000000001,2,666.2199999999999,move,improve
3732,8,862.1600000000001,2,666.2199999999999,2opt,notBad
3733,8,852.6200000000001,2,666.2199999999999,swap,improve
3734,8,852.6200000000001,2,666.2199999999999,swap,notBad
3735,8,852.6200000000001,2,666.2199999999999,swap,notBad
3736,8,851.7800000000001,2,666.2199999999999,move,improve
3737,8,846.5400000000001,2,666.2199999999999,move,improve
3738,8,846.5400000000001,2,666.2199999999999,move,improve
3739,8,846.5400000000001,2,666.2199999999999,2opt,notBad
3740,8,846.5400000000001,2,666.2199999999999,move,improve
3741,8,846.5400000000001,2,666.2199999999999,2opt,notBad
3742,8,846.5400000000001,2,666.2199999999999,move,improve
3743,8,837.5200000000002,2,666.2199999999999,move,improve
3744,8,814.4200000000002,2,666.2199999999999,move,improve
3745,8,814.4200000000002,2,666.2199999999999,swap,notBad
3746,8,814.4200000000002,2,666.2199999999999,move,improve
3747,8,814.4200000000002,2,666.2199999999999,2opt,notBad
3748,8,814.4200000000002,2,666.2199999999999,2opt,notBad
3749,8,814.4200000000002,2,666.2199999999999,move,improve
3750,8,814.4200000000002,2,666.2199999999999,swap,notBad
3751,8,814.4200000000002,2,666.2199999999999,move,improve
3752,8,814.4200000000002,2,666.2199999999999,2opt,notBad
3753,8,814.4200000000002,2,666.2199999999999,swap,notBad
3754,8,814.4200000000002,2,666.2199999999999,2opt,notBad
3755,8,814.4200000000002,2,666.2199999999999,swap,notBad
3756,8,814.4200000000002,2,666.2199999999999,move,improve
3757,8,814.4200000000002,2,666.2199999999999,2opt,improve
3758,8,814.4200000000002,2,666.2199999999999,move,improve
3759,8,814.4200000000002,2,666.2199999999999,swap,notBad
3760,8,814.4200000000002,2,666.2199999999999,swap,notBad
3761,8,814.4200000000002,2,666.2199999999999,move,improve
3762,8,814.4200000000002,2,666.2199999999999,swap,notBad
3763,8,814.4200000000002,2,666.2199999999999,move,improve
3764,8,814.4200000000002,2,666.2199999999999,2opt,notBad
3765,8,814.4200000000002,2,666.2199999999999,2opt,notBad
3766,7,778.6800000000001,2,666.2199999999999,move,improve
3767,7,778.6800000000001,2,666.2199999999999,2opt,notBad
3768,7,778.6800000000001,2,666.2199999999999,swap,notBad
3769,7,788.1000000000001,2,666.2199999999999,swap,acceptBad
3770,7,788.1000000000001,2,666.2199999999999,swap,notBad
3771,7,788.1000000000001,2,666.2199999999999,swap,notBad
3772,7,788.1000000000001,2,666.2199999999999,move,improve
3773,7,788.1000000000001,2,666.2199999999999,move,improve
3774,7,788.1000000000001,2,666.2199999999999,swap,notBad
3775,7,788.1000000000001,2,666.2199999999999,2opt,notBad
3776,7,788.1000000000001,2,666.2199999999999,swap,notBad
3777,7,788.1000000000001,2,666.2199999999999,swap,notBad
3778,7,788.1000000000001,2,666.2199999999999,move,improve
3779,7,788.1000000000001,2,666.2199999999999,move,improve
3780,7,788.1000000000001,2,666.2199999999999,swap,notBad
3781,7,788.1000000000001,2,666.2199999999999,move,improve
3782,7,788.1000000000001,2,666.2199999999999,move,improve
3783,7,784.5800000000002,2,666.2199999999999,move,improve
3784,7,784.5800000000002,2,666.2199999999999,2opt,notBad
3785,7,784.5800000000002,2,666.2199999999999,swap,notBad
3786,7,784.5800000000002,2,666.2199999999999,2opt,notBad
3787,7,784.5800000000002,2,666.2199999999999,swap,notBad
3788,7,794.0600000000001,2,666.2199999999999,swap,acceptBad
3789,7,805.4599999999998,2,666.2199999999999,move,acceptBad
3790,7,805.4599999999998,2,666.2199999999999,swap,notBad
3791,7,805.4599999999998,2,666.2199999999999,swap,notBad
3792,7,805.4599999999998,2,666.2199999999999,2opt,notBad
3793,7,805.4599999999998,2,666.2199999999999,move,improve
3794,7,805.4599999999998,2,666.2199999999999,swap,notBad
3795,7,805.4599999999998,2,666.2199999999999,2opt,notBad
3796,7,805.4599999999998,2,666.2199999999999,2opt,notBad
3797,7,805.4599999999998,2,666.2199999999999,move,improve
3798,7,805.4599999999998,2,666.2199999999999,swap,notBad
3799,7,805.4599999999998,2,666.2199999999999,move,improve
3800,7,805.4599999999998,2,666.2199999999999,2opt,improve
3801,7,805.4599999999998,2,666.2199999999999,move,improve
3802,7,805.4599999999998,2,666.2199999999999,2opt,notBad
3803,7,805.4599999999998,2,666.2199999999999,2opt,notBad
3804,7,800.8399999999998,2,666.2199999999999,move,improve
3805,7,800.8399999999998,2,666.2199999999999,move,improve
3806,7,800.8399999999998,2,666.2199999999999,move,improve
3807,7,800.8399999999998,2,666.2199999999999,swap,notBad
3808,7,800.8399999999998,2,666.2199999999999,move,improve
3809,7,800.8399999999998,2,666.2199999999999,move,improve
3810,7,800.8399999999998,2,666.2199999999999,move,improve
3811,7,800.8399999999998,2,666.2199999999999,2opt,notBad
3812,7,800.8399999999998,2,666.2199999999999,swap,notBad
3813,7,800.8399999999998,2,666.2199999999999,move,improve
3814,7,800.8399999999998,2,666.2199999999999,move,improve
3815,7,800.8399999999998,2,666.2199999999999,swap,notBad
3816,7,800.8399999999998,2,666.2199999999999,move,improve
3817,7,800.8399999999998,2,666.2199999999999,move,improve
3818,7,800.8399999999998,2,666.2199999999999,move,improve
3819,7,800.8399999999998,2,666.2199999999999,2opt,notBad
3820,7,800.8399999999998,2,666.2199999999999,swap,notBad
3821,7,800.8399999999998,2,666.2199999999999,2opt,notBad
3822,7,800.8399999999998,2,666.2199999999999,move,improve
3823,7,800.8399999999998,2,666.2199999999999,move,improve
3824,7,800.8399999999998,2,666.2199999999999,2opt,notBad
3825,7,800.8399999999998,2,666.2199999999999,2opt,notBad
3826,7,800.8399999999998,2,666.2199999999999,2opt,notBad
3827,7,800.8399999999998,2,666.2199999999999,2opt,notBad
3828,7,800.8399999999998,2,666.2199999999999,move,improve
3829,7,800.8399999999998,2,666.2199999999999,2opt,notBad
3830,7,800.8399999999998,2,666.2199999999999,swap,notBad
3831,7,800.8399999999998,2,666.2199999999999,move,improve
3832,7,789.7399999999998,2,666.2199999999999,move,improve
3833,7,789.7399999999998,2,666.2199999999999,swap,notBad
3834,7,789.7399999999998,2,666.2199999999999,swap,notBad
3835,7,789.7399999999998,2,666.2199999999999,move,improve
3836,7,789.7399999999998,2,666.2199999999999,2opt,notBad
3837,7,792.7399999999999,2,666.2199999999999,swap,acceptBad
3838,7,792.7399999999999,2,666.2199999999999,move,improve
3839,7,792.7399999999999,2,666.2199999999999,move,improve
3840,7,792.7399999999999,2,666.2199999999999,move,improve
3841,7,792.7399999999999,2,666.2199999999999,swap,notBad
3842,7,792.7399999999999,2,666.2199999999999,swap,notBad
3843,7,792.7399999999999,2,666.2199999999999,move,improve
3844,7,792.7399999999999,2,666.2199999999999,swap,notBad
3845,7,792.7399999999999,2,666.2199999999999,swap,notBad
3846,7,792.7399999999999,2,666.2199999999999,2opt,notBad
3847,7,792.7399999999999,2,666.2199999999999,2opt,notBad
3848,7,792.7399999999999,2,666.2199999999999,swap,notBad
3849,7,792.7399999999999,2,666.2199999999999,move,improve
3850,7,792.7399999999999,2,666.2199999999999,2opt,notBad
3851,7,792.7399999999999,2,666.2199999999999,2opt,notBad
3852,7,792.7399999999999,2,666.2199999999999,move,improve
3853,7,791.78,2,666.2199999999999,move,improve
3854,7,791.78,2,666.2199999999999,swap,notBad
3855,7,791.78,2,666.2199999999999,move,improve
3856,7,791.78,2,666.2199999999999,2opt,notBad
3857,7,791.78,2,666.2199999999999,swap,notBad
3858,7,791.78,2,666.2199999999999,2opt,notBad
3859,7,791.78,2,666.2199999999999,swap,notBad
3860,7,791.78,2,666.2199999999999,2opt,notBad
3861,7,791.78,2,666.2199999999999,move,improve
3862,7,791.78,2,666.2199999999999,swap,notBad
3863,7,791.78,2,666.2199999999999,swap,notBad
3864,7,791.78,2,666.2199999999999,2opt,notBad
3865,7,791.78,2,666.2199999999999,move,improve
3866,7,791.78,2,666.2199999999999,move,improve
3867,7,791.78,2,666.2199999999999,move,improve
3868,7,791.78,2,666.2199999999999,swap,notBad
3869,7,791.78,2,666.2199999999999,move,improve
3870,7,791.78,2,666.2199999999999,2opt,notBad
3871,7,791.78,2,666.2199999999999,swap,notBad
3872,7,791.78,2,666.2199999999999,move,improve
3873,7,791.78,2,666.2199999999999,2opt,notBad
3874,7,791.78,2,666.2199999999999,swap,notBad
3875,7,791.78,2,666.2199999999999,2opt,improve
3876,7,773.8999999999999,2,666.2199999999999,move,improve
3877,7,773.8999999999999,2,666.2199999999999,2opt,notBad
3878,7,773.8999999999999,2,666.2199999999999,2opt,notBad
3879,7,765.5599999999997,2,666.2199999999999,move,improve
3880,7,765.5599999999997,2,666.2199999999999,2opt,notBad
3881,7,755.9599999999998,2,666.2199999999999,move,improve
3882,7,755.9599999999998,2,666.2199999999999,2opt,notBad
3883,7,755.9599999999998,2,666.2199999999999,move,improve
3884,7,755.9599999999998,2,666.2199999999999,2opt,notBad
3885,7,755.9599999999998,2,666.2199999999999,move,improve
3886,7,755.9599999999998,2,666.2199999999999,2opt,notBad
3887,7,755.9599999999998,2,666.2199999999999,move,improve
3888,7,755.9599999999998,2,666.2199999999999,2opt,notBad
3889,7,755.9599999999998,2,666.2199999999999,2opt,notBad
3890,7,755.9599999999998,2,666.2199999999999,move,improve
3891,7,755.9599999999998,2,666.2199999999999,move,improve
3892,7,755.9599999999998,2,666.2199999999999,swap,notBad
3893,7,755.9599999999998,2,666.2199999999999,swap,notBad
3894,7,755.9599999999998,2,666.2199999999999,move,improve
3895,7,754.0999999999999,2,666.2199999999999,move,improve
3896,7,754.0999999999999,2,666.2199999999999,2opt,notBad
3897,7,754.0999999999999,2,666.2199999999999,move,improve
3898,7,754.0999999999999,2,666.2199999999999,move,improve
3899,7,754.0999999999999,2,666.2199999999999,swap,notBad
3900,7,754.0999999999999,2,666.2199999999999,swap,notBad
3901,7,760.5199999999998,2,666.2199999999999,swap,acceptBad
3902,7,759.4399999999998,2,666.2199999999999,move,improve
3903,7,759.4399999999998,2,666.2199999999999,2opt,notBad
3904,7,759.4399999999998,2,666.2199999999999,2opt,notBad
3905,7,758.6800000000001,2,666.2199999999999,swap,improve
3906,7,758.6800000000001,2,666.2199999999999,move,improve
3907,7,758.6800000000001,2,666.2199999999999,move,improve
3908,7,758.6800000000001,2,666.2199999999999,2opt,notBad
3909,7,758.6800000000001,2,666.2199999999999,move,improve
3910,7,758.6800000000001,2,666.2199999999999,swap,notBad
3911,7,758.6800000000001,2,666.2199999999999,2opt,notBad
3912,7,758.6800000000001,2,666.2199999999999,2opt,notBad
3913,7,758.6800000000001,2,666.2199999999999,swap,notBad
3914,7,758.6800000000001,2,666.2199999999999,swap,notBad
3915,7,758.6800000000001,2,666.2199999999999,move,improve
3916,7,758.6800000000001,2,666.2199999999999,move,improve
3917,7,758.6800000000001,2,666.2199999999999,2opt,notBad
3918,7,758.6800000000001,2,666.2199999999999,move,improve
3919,7,758.6800000000001,2,666.2199999999999,2opt,notBad
3920,7,758.6800000000001,2,666.2199999999999,swap,notBad
3921,7,758.6800000000001,2,666.2199999999999,swap,notBad
3922,7,758.6800000000001,2,666.2199999999999,move,improve
3923,7,758.6800000000001,2,666.2199999999999,swap,notBad
3924,7,758.6800000000001,2,666.2199999999999,swap,notBad
3925,7,758.6800000000001,2,666.2199999999999,move,improve
3926,7,758.62,2,666.2199999999999,move,improve
3927,7,758.62,2,666.2199999999999,move,improve
3928,7,758.62,2,666.2199999999999,move,improve
3929,7,758.62,2,666.2199999999999,swap,notBad
3930,7,758.62,2,666.2199999999999,move,improve
3931,7,758.62,2,666.2199999999999,2opt,notBad
3932,7,748.2400000000001,2,666.2199999999999,move,improve
3933,7,748.2400000000001,2,666.2199999999999,swap,notBad
3934,7,748.2400000000001,2,666.2199999999999,move,improve
3935,7,748.2400000000001,2,666.2199999999999,swap,notBad
3936,7,748.2400000000001,2,666.2199999999999,swap,notBad
3937,7,748.2400000000001,2,666.2199999999999,move,improve
3938,7,748.2400000000001,2,666.2199999999999,move,improve
3939,7,748.2400000000001,2,666.2199999999999,swap,notBad
3940,7,748.2400000000001,2,666.2199999999999,2opt,notBad
3941,7,748.2400000000001,2,666.2199999999999,2opt,notBad
3942,7,748.2400000000001,2,666.2199999999999,2opt,notBad
3943,7,748.2400000000001,2,666.2199999999999,2opt,improve
3944,7,748.2400000000001,2,666.2199999999999,move,improve
3945,7,748.2400000000001,2,666.2199999999999,2opt,notBad
3946,7,748.2400000000001,2,666.2199999999999,swap,notBad
3947,7,748.2400000000001,2,666.2199999999999,2opt,improve
3948,7,748.2400000000001,2,666.2199999999999,move,improve
3949,7,747.2000000000002,2,666.2199999999999,move,improve
3950,7,747.2000000000002,2,666.2199999999999,swap,notBad
3951,7,747.2000000000002,2,666.2199999999999,move,improve
3952,7,747.2000000000002,2,666.2199999999999,2opt,improve
3953,7,747.2000000000002,2,666.2199999999999,swap,notBad
3954,7,747.2000000000002,2,666.2199999999999,2opt,notBad
3955,7,747.2000000000002,2,666.2199999999999,2opt,notBad
3956,7,747.2000000000002,2,666.2199999999999,move,improve
3957,7,747.2000000000002,2,666.2199999999999,move,improve
3958,7,747.2000000000002,2,666.2199999999999,swap,notBad
3959,7,747.2000000000002,2,666.2199999999999,2opt,notBad
3960,7,747.2000000000002,2,666.2199999999999,move,improve
3961,7,747.2000000000002,2,666.2199999999999,move,improve
3962,7,747.2000000000002,2,666.2199999999999,2opt,notBad
3963,7,747.2000000000002,2,666.2199999999999,move,improve
3964,7,747.2000000000002,2,666.2199999999999,move,improve
3965,7,747.2000000000002,2,666.2199999999999,2opt,notBad
3966,7,747.2000000000002,2,666.2199999999999,2opt,notBad
3967,7,756.0200000000002,2,666.2199999999999,swap,acceptBad
3968,7,756.0200000000002,2,666.2199999999999,2opt,notBad
3969,7,756.0200000000002,2,666.2199999999999,swap,notBad
3970,7,756.0200000000002,2,666.2199999999999,swap,notBad
3971,7,756.0200000000002,2,666.2199999999999,2opt,notBad
3972,7,756.0200000000002,2,666.2199999999999,swap,notBad
3973,7,756.0200000000002,2,666.2199999999999,move,improve
3974,7,756.0200000000002,2,666.2199999999999,2opt,notBad
3975,7,756.0200000000002,2,666.2199999999999,swap,notBad
3976,7,756.0200000000002,2,666.2199999999999,move,improve
3977,7,756.0200000000002,2,666.2199999999999,move,improve
3978,7,756.0200000000002,2,666.2199999999999,2opt,notBad
3979,7,756.0200000000002,2,666.2199999999999,move,improve
3980,7,756.0200000000002,2,666.2199999999999,move,improve
3981,7,753.2000000000002,2,666.2199999999999,2opt,improve
3982,7,753.2000000000002,2,666.2199999999999,move,improve
3983,7,753.2000000000002,2,666.2199999999999,2opt,notBad
3984,7,753.2000000000002,2,666.2199999999999,2opt,notBad
3985,7,753.2000000000002,2,666.2199999999999,swap,notBad
3986,7,753.2000000000002,2,666.2199999999999,move,improve
3987,7,753.2000000000002,2,666.2199999999999,2opt,notBad
3988,7,753.2000000000002,2,666.2199999999999,swap,notBad
3989,7,753.2000000000002,2,666.2199999999999,move,improve
3990,7,753.2000000000002,2,666.2199999999999,swap,notBad
3991,7,753.2000000000002,2,666.2199999999999,swap,notBad
3992,7,753.2000000000002,2,666.2199999999999,swap,notBad
3993,7,753.2000000000002,2,666.2199999999999,swap,notBad
3994,7,753.2000000000002,2,666.2199999999999,2opt,notBad
3995,7,753.2000000000002,2,666.2199999999999,swap,notBad
3996,7,753.2000000000002,2,666.2199999999999,move,improve
3997,7,753.2000000000002,2,666.2199999999999,swap,notBad
3998,7,753.2000000000002,2,666.2199999999999,move,improve
3999,7,753.2000000000002,2,666.2199999999999,move,improve
4000,7,753.2000000000002,2,666.2199999999999,move,improve
4001,7,753.2000000000002,2,666.2199999999999,move,improve
4002,7,753.2000000000002,2,666.2199999999999,swap,notBad
4003,7,753.2000000000002,2,666.2199999999999,move,improve
4004,7,753.2000000000002,2,666.2199999999999,swap,notBad
4005,7,753.2000000000002,2,666.2199999999999,swap,notBad
4006,7,753.2000000000002,2,666.2199999999999,swap,notBad
4007,7,753.2000000000002,2,666.2199999999999,2opt,notBad
4008,7,753.2000000000002,2,666.2199999999999,swap,notBad
4009,7,753.2000000000002,2,666.2199999999999,move,improve
4010,7,753.2000000000002,2,666.2199999999999,2opt,notBad
4011,7,753.2000000000002,2,666.2199999999999,2opt,notBad
4012,7,753.2000000000002,2,666.2199999999999,move,improve
4013,7,753.2000000000002,2,666.2199999999999,move,improve
4014,7,753.2000000000002,2,666.2199999999999,move,improve
4015,7,753.2000000000002,2,666.2199999999999,swap,notBad
4016,7,753.2000000000002,2,666.2199999999999,2opt,notBad
4017,7,753.2000000000002,2,666.2199999999999,2opt,notBad
4018,7,753.2000000000002,2,666.2199999999999,swap,notBad
4019,7,753.2000000000002,2,666.2199999999999,swap,notBad
4020,7,753.2000000000002,2,666.2199999999999,swap,notBad
4021,7,753.2000000000002,2,666.2199999999999,move,improve
4022,7,753.2000000000002,2,666.2199999999999,swap,notBad
4023,7,753.2000000000002,2,666.2199999999999,swap,notBad
4024,7,753.2000000000002,2,666.2199999999999,move,improve
4025,7,753.2000000000002,2,666.2199999999999,swap,notBad
4026,7,753.2000000000002,2,666.2199999999999,2opt,notBad
4027,7,753.2000000000002,2,666.2199999999999,2opt,notBad
4028,7,753.2000000000002,2,666.2199999999999,move,notBad
4029,7,753.2000000000002,2,666.2199999999999,move,improve
4030,7,753.2000000000002,2,666.2199999999999,swap,notBad
4031,7,753.2000000000002,2,666.2199999999999,swap,notBad
4032,7,766.5800000000002,2,666.2199999999999,swap,acceptBad
4033,7,766.5800000000002,2,666.2199999999999,move,improve
4034,7,766.5800000000002,2,666.2199999999999,swap,notBad
4035,7,766.5800000000002,2,666.2199999999999,swap,notBad
4036,7,766.5800000000002,2,666.2199999999999,swap,notBad
4037,7,766.5800000000002,2,666.2199999999999,swap,notBad
4038,7,766.5800000000002,2,666.2199999999999,2opt,notBad
4039,7,759.8000000000002,2,666.2199999999999,move,improve
4040,7,759.8000000000002,2,666.2199999999999,swap,notBad
4041,7,759.8000000000002,2,666.2199999999999,move,improve
4042,7,759.8000000000002,2,666.2199999999999,move,improve
4043,7,759.8000000000002,2,666.2199999999999,move,improve
4044,7,759.8000000000002,2,666.2199999999999,swap,notBad
4045,7,759.8000000000002,2,666.2199999999999,move,improve
4046,7,759.8000000000002,2,666.2199999999999,swap,notBad
4047,7,759.8000000000002,2,666.2199999999999,move,improve
4048,7,759.8000000000002,2,666.2199999999999,swap,notBad
4049,7,759.8000000000002,2,666.2199999999999,2opt,notBad
4050,7,759.8000000000002,2,666.2199999999999,swap,notBad
4051,7,759.8000000000002,2,666.2199999999999,move,improve
4052,7,759.8000000000002,2,666.2199999999999,2opt,notBad
4053,7,759.8000000000002,2,666.2199999999999,swap,notBad
4054,7,759.7400000000002,2,666.2199999999999,move,improve
4055,7,759.7400000000002,2,666.2199999999999,swap,notBad
4056,7,759.7400000000002,2,666.2199999999999,move,improve
4057,7,759.7400000000002,2,666.2199999999999,move,notBad
4058,7,759.7400000000002,2,666.2199999999999,move,improve
4059,7,759.7400000000002,2,666.2199999999999,move,improve
4060,7,759.7400000000002,2,666.2199999999999,swap,notBad
4061,7,759.7400000000002,2,666.2199999999999,swap,notBad
4062,7,759.7400000000002,2,666.2199999999999,2opt,notBad
4063,7,759.7400000000002,2,666.2199999999999,swap,notBad
4064,7,759.7400000000002,2,666.2199999999999,swap,notBad
4065,7,759.7400000000002,2,666.2199999999999,move,improve
4066,7,759.7400000000002,2,666.2199999999999,2opt,notBad
4067,7,759.7400000000002,2,666.2199999999999,swap,notBad
4068,7,759.7400000000002,2,666.2199999999999,swap,notBad
4069,7,759.7400000000002,2,666.2199999999999,swap,notBad
4070,7,759.7400000000002,2,666.2199999999999,2opt,notBad
4071,7,759.7400000000002,2,666.2199999999999,swap,notBad
4072,7,759.7400000000002,2,666.2199999999999,swap,notBad
4073,7,759.7400000000002,2,666.2199999999999,move,improve
4074,7,759.7400000000002,2,666.2199999999999,2opt,improve
4075,7,759.7400000000002,2,666.2199999999999,move,improve
4076,7,759.7400000000002,2,666.2199999999999,swap,notBad
4077,7,759.7400000000002,2,666.2199999999999,2opt,notBad
4078,7,759.7400000000002,2,666.2199999999999,swap,notBad
4079,7,769.2800000000001,2,666.2199999999999,swap,acceptBad
4080,7,769.2800000000001,2,666.2199999999999,2opt,notBad
4081,7,769.2800000000001,2,666.2199999999999,move,improve
4082,7,769.2800000000001,2,666.2199999999999,2opt,notBad
4083,7,769.2800000000001,2,666.2199999999999,swap,notBad
4084,7,769.2800000000001,2,666.2199999999999,2opt,improve
4085,7,769.2800000000001,2,666.2199999999999,move,improve
4086,7,769.2800000000001,2,666.2199999999999,swap,notBad
4087,7,769.2800000000001,2,666.2199999999999,2opt,notBad
4088,7,769.2800000000001,2,666.2199999999999,swap,notBad
4089,7,769.2800000000001,2,666.2199999999999,2opt,notBad
4090,7,769.2800000000001,2,666.2199999999999,2opt,improve
4091,7,777.3200000000002,2,666.2199999999999,swap,acceptBad
4092,7,777.3200000000002,2,666.2199999999999,2opt,notBad
4093,7,777.3200000000002,2,666.2199999999999,swap,notBad
4094,7,777.3200000000002,2,666.2199999999999,swap,notBad
4095,7,777.3200000000002,2,666.2199999999999,move,improve
4096,7,777.3200000000002,2,666.2199999999999,move,improve
4097,7,777.3200000000002,2,666.2199999999999,2opt,notBad
4098,7,777.3200000000002,2,666.2199999999999,swap,notBad
4099,7,777.3200000000002,2,666.2199999999999,move,improve
4100,7,777.3200000000002,2,666.2199999999999,move,improve
4101,7,777.3200000000002,2,666.2199999999999,swap,notBad
4102,7,777.3200000000002,2,666.2199999999999,swap,notBad
4103,7,777.3200000000002,2,666.2199999999999,2opt,notBad
4104,7,777.3200000000002,2,666.2199999999999,swap,notBad
4105,7,777.3200000000002,2,666.2199999999999,swap,notBad
4106,7,777.3200000000002,2,666.2199999999999,move,notBad
4107,7,777.3200000000002,2,666.2199999999999,swap,notBad
4108,7,777.3200000000002,2,666.2199999999999,swap,notBad
4109,7,777.3200000000002,2,666.2199999999999,swap,notBad
4110,7,777.3200000000002,2,666.2199999999999,move,improve
4111,7,770.7200000000005,2,666.2199999999999,move,improve
4112,7,770.7200000000005,2,666.2199999999999,swap,notBad
4113,7,770.7200000000005,2,666.2199999999999,2opt,notBad
4114,7,770.7200000000005,2,666.2199999999999,move,improve
4115,7,770.7200000000005,2,666.2199999999999,swap,notBad
4116,7,770.7200000000005,2,666.2199999999999,swap,notBad
4117,7,770.7200000000005,2,666.2199999999999,move,improve
4118,7,770.7200000000005,2,666.2199999999999,swap,notBad
4119,7,770.7200000000005,2,666.2199999999999,move,improve
4120,7,770.7200000000005,2,666.2199999999999,move,improve
4121,7,770.7200000000005,2,666.2199999999999,2opt,notBad
4122,7,770.7200000000005,2,666.2199999999999,2opt,notBad
4123,7,770.7200000000005,2,666.2199999999999,move,improve
4124,7,770.7200000000005,2,666.2199999999999,2opt,notBad
4125,7,770.7200000000005,2,666.2199999999999,2opt,notBad
4126,7,770.7200000000005,2,666.2199999999999,2opt,notBad
4127,7,770.7200000000005,2,666.2199999999999,swap,notBad
4128,7,770.7200000000005,2,666.2199999999999,2opt,notBad
4129,7,770.7200000000005,2,666.2199999999999,swap,notBad
4130,7,770.7200000000005,2,666.2199999999999,swap,notBad
4131,7,770.7200000000005,2,666.2199999999999,move,improve
4132,7,770.7200000000005,2,666.2199999999999,move,improve
4133,7,770.7200000000005,2,666.2199999999999,2opt,notBad
4134,7,770.7200000000005,2,666.2199999999999,move,improve
4135,7,770.7200000000005,2,666.2199999999999,2opt,notBad
4136,7,770.7200000000005,2,666.2199999999999,move,improve
4137,7,770.7200000000005,2,666.2199999999999,2opt,notBad
4138,7,770.7200000000005,2,666.2199999999999,swap,notBad
4139,7,770.7200000000005,2,666.2199999999999,2opt,notBad
4140,7,787.4000000000003,2,666.2199999999999,swap,acceptBad
4141,7,787.4000000000003,2,666.2199999999999,2opt,notBad
4142,7,787.4000000000003,2,666.2199999999999,move,improve
4143,7,787.4000000000003,2,666.2199999999999,swap,notBad
4144,7,787.4000000000003,2,666.2199999999999,2opt,notBad
4145,7,787.4000000000003,2,666.2199999999999,move,improve
4146,7,787.4000000000003,2,666.2199999999999,move,improve
4147,7,787.4000000000003,2,666.2199999999999,move,improve
4148,7,787.4000000000003,2,666.2199999999999,swap,notBad
4149,7,787.4000000000003,2,666.2199999999999,swap,notBad
4150,7,787.2800000000003,2,666.2199999999999,swap,improve
4151,7,787.2800000000003,2,666.2199999999999,2opt,notBad
4152,7,787.2800000000003,2,666.2199999999999,2opt,notBad
4153,7,787.2800000000003,2,666.2199999999999,2opt,notBad
4154,7,784.6400000000003,2,666.2199999999999,move,improve
4155,7,784.6400000000003,2,666.2199999999999,2opt,notBad
4156,7,784.6400000000003,2,666.2199999999999,swap,notBad
4157,7,784.6400000000003,2,666.2199999999999,move,improve
4158,7,784.6400000000003,2,666.2199999999999,2opt,notBad
4159,7,784.6400000000003,2,666.2199999999999,move,improve
4160,7,784.6400000000003,2,666.2199999999999,2opt,notBad
4161,7,784.6400000000003,2,666.2199999999999,move,improve
4162,7,784.6400000000003,2,666.2199999999999,swap,notBad
4163,7,784.6400000000003,2,666.2199999999999,2opt,notBad
4164,7,784.6400000000003,2,666.2199999999999,move,improve
4165,7,793.8199999999999,2,666.2199999999999,swap,acceptBad
4166,7,793.8199999999999,2,666.2199999999999,move,improve
4167,7,793.8199999999999,2,666.2199999999999,2opt,notBad
4168,7,793.8199999999999,2,666.2199999999999,swap,notBad
4169,7,793.8199999999999,2,666.2199999999999,2opt,notBad
4170,7,781.8799999999999,2,666.2199999999999,move,improve
4171,7,781.8799999999999,2,666.2199999999999,move,improve
4172,7,781.8799999999999,2,666.2199999999999,2opt,notBad
4173,7,781.8799999999999,2,666.2199999999999,swap,notBad
4174,7,781.8799999999999,2,666.2199999999999,swap,notBad
4175,7,781.8799999999999,2,666.2199999999999,2opt,notBad
4176,7,781.8799999999999,2,666.2199999999999,2opt,notBad
4177,7,781.8799999999999,2,666.2199999999999,swap,notBad
4178,7,781.8799999999999,2,666.2199999999999,swap,notBad
4179,7,781.8799999999999,2,666.2199999999999,swap,notBad
4180,7,773.1799999999998,2,666.2199999999999,move,improve
4181,7,773.1799999999998,2,666.2199999999999,move,improve
4182,7,773.1799999999998,2,666.2199999999999,move,improve
4183,7,773.1799999999998,2,666.2199999999999,swap,notBad
4184,7,773.1799999999998,2,666.2199999999999,move,notBad
4185,7,769.46,2,666.2199999999999,2opt,improve
4186,7,769.46,2,666.2199999999999,2opt,notBad
4187,7,769.46,2,666.2199999999999,2opt,notBad
4188,7,769.46,2,666.2199999999999,move,improve
4189,7,769.46,2,666.2199999999999,move,improve
4190,7,769.46,2,666.2199999999999,swap,notBad
4191,7,769.46,2,666.2199999999999,move,improve
4192,7,769.46,2,666.2199999999999,swap,notBad
4193,7,769.46,2,666.2199999999999,swap,notBad
4194,7,769.46,2,666.2199999999999,move,improve
4195,7,769.46,2,666.2199999999999,2opt,notBad
4196,7,769.46,2,666.2199999999999,move,improve
4197,7,769.46,2,666.2199999999999,swap,notBad
4198,7,769.46,2,666.2199999999999,move,improve
4199,7,769.46,2,666.2199999999999,move,improve
4200,7,769.46,2,666.2199999999999,move,improve
4201,7,769.46,2,666.2199999999999,2opt,notBad
4202,7,769.46,2,666.2199999999999,swap,notBad
4203,7,769.46,2,666.2199999999999,2opt,notBad
4204,7,769.46,2,666.2199999999999,2opt,notBad
4205,7,769.46,2,666.2199999999999,2opt,notBad
4206,7,769.46,2,666.2199999999999,swap,notBad
4207,7,769.46,2,666.2199999999999,swap,notBad
4208,7,769.46,2,666.2199999999999,swap,notBad
4209,7,769.46,2,666.2199999999999,2opt,notBad
4210,7,769.46,2,666.2199999999999,swap,notBad
4211,7,769.46,2,666.2199999999999,2opt,notBad
4212,7,764.1199999999998,2,666.2199999999999,move,improve
4213,7,764.1199999999998,2,666.2199999999999,move,improve
4214,7,764.1199999999998,2,666.2199999999999,2opt,notBad
4215,7,764.1199999999998,2,666.2199999999999,move,improve
4216,7,764.1199999999998,2,666.2199999999999,move,improve
4217,7,764.1199999999998,2,666.2199999999999,2opt,notBad
4218,7,764.1199999999998,2,666.2199999999999,swap,notBad
4219,7,764.1199999999998,2,666.2199999999999,2opt,notBad
4220,7,764.1199999999998,2,666.2199999999999,swap,notBad
4221,7,764.1199999999998,2,666.2199999999999,2opt,notBad
4222,7,764.1199999999998,2,666.2199999999999,move,improve
4223,7,764.1199999999998,2,666.2199999999999,2opt,notBad
4224,7,769.44,2,666.2199999999999,swap,acceptBad
4225,7,769.44,2,666.2199999999999,2opt,notBad
4226,7,769.44,2,666.2199999999999,move,improve
4227,7,769.44,2,666.2199999999999,swap,notBad
4228,7,769.44,2,666.2199999999999,move,improve
4229,7,768.3000000000001,2,666.2199999999999,move,improve
4230,7,768.3000000000001,2,666.2199999999999,2opt,notBad
4231,7,768.3000000000001,2,666.2199999999999,swap,notBad
4232,7,768.3000000000001,2,666.2199999999999,swap,notBad
4233,7,770.0400000000001,2,666.2199999999999,swap,acceptBad
4234,7,770.0400000000001,2,666.2199999999999,swap,notBad
4235,7,770.0400000000001,2,666.2199999999999,2opt,notBad
4236,7,770.0400000000001,2,666.2199999999999,2opt,notBad
4237,7,770.0400000000001,2,666.2199999999999,swap,notBad
4238,7,770.0400000000001,2,666.2199999999999,swap,notBad
4239,7,770.0400000000001,2,666.2199999999999,2opt,notBad
4240,7,770.0400000000001,2,666.2199999999999,move,improve
4241,7,770.0400000000001,2,666.2199999999999,swap,notBad
4242,7,770.0400000000001,2,666.2199999999999,swap,notBad
4243,7,770.0400000000001,2,666.2199999999999,swap,notBad
4244,7,770.0400000000001,2,666.2199999999999,2opt,notBad
4245,7,770.0400000000001,2,666.2199999999999,2opt,notBad
4246,7,768.5999999999999,2,666.2199999999999,swap,improve
4247,7,768.5999999999999,2,666.2199999999999,2opt,notBad
4248,7,768.5999999999999,2,666.2199999999999,move,improve
4249,7,768.5999999999999,2,666.2199999999999,move,notBad
4250,7,768.5999999999999,2,666.2199999999999,move,improve
4251,7,768.5999999999999,2,666.2199999999999,2opt,notBad
4252,7,768.5999999999999,2,666.2199999999999,swap,notBad
4253,7,768.5999999999999,2,666.2199999999999,move,improve
4254,7,768.5999999999999,2,666.2199999999999,2opt,notBad
4255,7,768.5999999999999,2,666.2199999999999,move,improve
4256,7,768.5999999999999,2,666.2199999999999,swap,notBad
4257,7,768.5999999999999,2,666.2199999999999,move,improve
4258,7,768.5999999999999,2,666.2199999999999,swap,notBad
4259,7,768.42,2,666.2199999999999,move,improve
4260,7,768.42,2,666.2199999999999,swap,notBad
4261,7,768.42,2,666.2199999999999,swap,notBad
4262,7,767.04,2,666.2199999999999,move,improve
4263,7,767.04,2,666.2199999999999,move,improve
4264,7,767.04,2,666.2199999999999,2opt,notBad
4265,7,767.04,2,666.2199999999999,2opt,improve
4266,7,767.04,2,666.2199999999999,swap,notBad
4267,7,767.04,2,666.2199999999999,move,improve
4268,7,782.76,2,666.2199999999999,swap,acceptBad
4269,7,782.76,2,666.2199999999999,2opt,notBad
4270,7,782.76,2,666.2199999999999,move,improve
4271,7,782.76,2,666.2199999999999,2opt,notBad
4272,7,782.76,2,666.2199999999999,2opt,notBad
4273,7,782.76,2,666.2199999999999,2opt,notBad
4274,7,774.96,2,666.2199999999999,move,improve
4275,7,774.96,2,666.2199999999999,move,improve
4276,7,768.7800000000001,2,666.2199999999999,2opt,improve
4277,7,768.7800000000001,2,666.2199999999999,swap,notBad
4278,7,767.1,2,666.2199999999999,move,improve
4279,7,767.1,2,666.2199999999999,swap,notBad
4280,7,767.1,2,666.2199999999999,swap,notBad
4281,7,767.1,2,666.2199999999999,move,improve
4282,7,767.1,2,666.2199999999999,swap,notBad
4283,7,767.1,2,666.2199999999999,2opt,notBad
4284,7,767.1,2,666.2199999999999,swap,notBad
4285,7,767.1,2,666.2199999999999,swap,notBad
4286,7,767.1,2,666.2199999999999,swap,notBad
4287,7,767.1,2,666.2199999999999,2opt,notBad
4288,7,767.1,2,666.2199999999999,2opt,notBad
4289,7,767.1,2,666.2199999999999,2opt,notBad
4290,7,767.1,2,666.2199999999999,swap,notBad
4291,7,767.1,2,666.2199999999999,2opt,notBad
4292,7,767.1,2,666.2199999999999,swap,notBad
4293,7,767.1,2,666.2199999999999,move,improve
4294,7,767.1,2,666.2199999999999,2opt,notBad
4295,7,767.1,2,666.2199999999999,2opt,notBad
4296,7,767.1,2,666.2199999999999,2opt,notBad
4297,7,764.64,2,666.2199999999999,2opt,improve
4298,7,764.64,2,666.2199999999999,move,improve
4299,7,764.64,2,666.2199999999999,move,improve
4300,7,764.64,2,666.2199999999999,2opt,notBad
4301,7,764.64,2,666.2199999999999,2opt,notBad
4302,7,764.64,2,666.2199999999999,swap,notBad
4303,7,764.64,2,666.2199999999999,move,improve
4304,7,764.64,2,666.2199999999999,move,improve
4305,7,764.64,2,666.2199999999999,swap,notBad
4306,7,764.64,2,666.2199999999999,2opt,notBad
4307,7,764.64,2,666.2199999999999,2opt,notBad
4308,7,764.64,2,666.2199999999999,swap,notBad
4309,7,764.64,2,666.2199999999999,swap,notBad
4310,7,764.64,2,666.2199999999999,move,improve
4311,7,764.64,2,666.2199999999999,swap,notBad
4312,7,764.64,2,666.2199999999999,move,improve
4313,7,764.64,2,666.2199999999999,2opt,notBad
4314,7,764.64,2,666.2199999999999,2opt,notBad
4315,7,759.18,2,666.2199999999999,move,improve
4316,7,759.18,2,666.2199999999999,2opt,notBad
4317,7,759.18,2,666.2199999999999,move,improve
4318,7,759.18,2,666.2199999999999,move,improve
4319,7,759.18,2,666.2199999999999,move,notBad
4320,7,759.18,2,666.2199999999999,swap,notBad
4321,7,759.18,2,666.2199999999999,2opt,notBad
4322,7,759.18,2,666.2199999999999,move,improve
4323,7,759.18,2,666.2199999999999,move,improve
4324,7,759.18,2,666.2199999999999,2opt,notBad
4325,7,759.18,2,666.2199999999999,swap,notBad
4326,7,759.18,2,666.2199999999999,move,improve
4327,7,759.18,2,666.2199999999999,move,improve
4328,7,759.18,2,666.2199999999999,swap,notBad
4329,7,759.5799999999999,2,666.2199999999999,swap,acceptBad
4330,7,759.5799999999999,2,666.2199999999999,2opt,notBad
4331,7,759.5799999999999,2,666.2199999999999,swap,notBad
4332,7,759.5799999999999,2,666.2199999999999,swap,notBad
4333,7,759.5799999999999,2,666.2199999999999,swap,notBad
4334,7,759.5799999999999,2,666.2199999999999,swap,notBad
4335,7,759.5799999999999,2,666.2199999999999,move,improve
4336,7,759.5799999999999,2,666.2199999999999,2opt,notBad
4337,7,757.0000000000001,2,666.2199999999999,move,improve
4338,7,757.0000000000001,2,666.2199999999999,2opt,notBad
4339,7,757.0000000000001,2,666.2199999999999,swap,notBad
4340,7,757.0000000000001,2,666.2199999999999,swap,notBad
4341,7,757.0000000000001,2,666.2199999999999,swap,notBad
4342,7,757.0000000000001,2,666.2199999999999,2opt,notBad
4343,7,756.6,2,666.2199999999999,move,improve
4344,7,756.6,2,666.2199999999999,move,improve
4345,7,756.6,2,666.2199999999999,2opt,notBad
4346,7,756.6,2,666.2199999999999,swap,notBad
4347,7,756.6,2,666.2199999999999,2opt,notBad
4348,7,756.6,2,666.2199999999999,swap,notBad
4349,7,754.38,2,666.2199999999999,move,improve
4350,7,754.38,2,666.2199999999999,move,improve
4351,7,754.38,2,666.2199999999999,2opt,notBad
4352,7,754.38,2,666.2199999999999,swap,notBad
4353,7,754.38,2,666.2199999999999,move,improve
4354,7,754.38,2,666.2199999999999,2opt,notBad
4355,7,754.38,2,666.2199999999999,2opt,notBad
4356,7,754.38,2,666.2199999999999,move,improve
4357,7,754.38,2,666.2199999999999,move,improve
4358,7,754.38,2,666.2199999999999,2opt,notBad
4359,7,754.38,2,666.2199999999999,move,improve
4360,7,754.38,2,666.2199999999999,2opt,notBad
4361,7,759.12,2,666.2199999999999,swap,acceptBad
4362,7,759.12,2,666.2199999999999,swap,notBad
4363,7,759.12,2,666.2199999999999,move,improve
4364,7,759.12,2,666.2199999999999,2opt,notBad
4365,7,759.12,2,666.2199999999999,2opt,notBad
4366,7,759.12,2,666.2199999999999,2opt,notBad
4367,7,759.12,2,666.2199999999999,2opt,notBad
4368,7,759.12,2,666.2199999999999,2opt,notBad
4369,7,754.2600000000001,2,666.2199999999999,swap,improve
4370,7,754.2600000000001,2,666.2199999999999,2opt,notBad
4371,7,754.2600000000001,2,666.2199999999999,swap,notBad
4372,7,754.2600000000001,2,666.2199999999999,move,improve
4373,7,754.2600000000001,2,666.2199999999999,2opt,notBad
4374,7,754.2600000000001,2,666.2199999999999,move,improve
4375,7,754.2600000000001,2,666.2199999999999,move,improve
4376,7,754.2600000000001,2,666.2199999999999,2opt,notBad
4377,7,754.2600000000001,2,666.2199999999999,swap,notBad
4378,7,754.2600000000001,2,666.2199999999999,move,improve
4379,7,754.2600000000001,2,666.2199999999999,move,improve
4380,7,754.2600000000001,2,666.2199999999999,move,improve
4381,7,754.2600000000001,2,666.2199999999999,move,improve
4382,7,754.2600000000001,2,666.2199999999999,2opt,notBad
4383,7,754.2600000000001,2,666.2199999999999,swap,notBad
4384,7,754.2600000000001,2,666.2199999999999,2opt,improve
4385,7,754.2600000000001,2,666.2199999999999,move,improve
4386,7,754.2600000000001,2,666.2199999999999,2opt,notBad
4387,7,754.2600000000001,2,666.2199999999999,move,improve
4388,7,754.2600000000001,2,666.2199999999999,move,improve
4389,7,754.2600000000001,2,666.2199999999999,move,improve
4390,7,754.2600000000001,2,666.2199999999999,move,improve
4391,7,754.2600000000001,2,666.2199999999999,swap,notBad
4392,7,754.2600000000001,2,666.2199999999999,swap,notBad
4393,7,754.2600000000001,2,666.2199999999999,2opt,notBad
4394,7,754.2600000000001,2,666.2199999999999,2opt,notBad
4395,7,754.2600000000001,2,666.2199999999999,move,improve
4396,7,754.2600000000001,2,666.2199999999999,swap,notBad
4397,7,754.2600000000001,2,666.2199999999999,move,improve
4398,7,754.2600000000001,2,666.2199999999999,move,improve
4399,7,754.2600000000001,2,666.2199999999999,swap,notBad
4400,7,754.2600000000001,2,666.2199999999999,move,improve
4401,7,754.2600000000001,2,666.2199999999999,swap,notBad
4402,7,754.2600000000001,2,666.2199999999999,2opt,notBad
4403,7,754.2600000000001,2,666.2199999999999,move,improve
4404,7,754.2600000000001,2,666.2199999999999,2opt,notBad
4405,7,754.2600000000001,2,666.2199999999999,move,improve
4406,7,754.2600000000001,2,666.2199999999999,move,improve
4407,7,754.2600000000001,2,666.2199999999999,move,improve
4408,7,754.2600000000001,2,666.2199999999999,2opt,notBad
4409,7,754.2600000000001,2,666.2199999999999,move,improve
4410,7,754.2600000000001,2,666.2199999999999,swap,notBad
4411,7,754.2600000000001,2,666.2199999999999,swap,notBad
4412,7,754.2600000000001,2,666.2199999999999,move,improve
4413,7,754.2600000000001,2,666.2199999999999,2opt,notBad
4414,7,754.2600000000001,2,666.2199999999999,swap,notBad
4415,7,754.2600000000001,2,666.2199999999999,move,improve
4416,7,754.2600000000001,2,666.2199999999999,2opt,notBad
4417,7,754.2600000000001,2,666.2199999999999,2opt,notBad
4418,7,754.2600000000001,2,666.2199999999999,2opt,notBad
4419,7,754.2600000000001,2,666.2199999999999,swap,notBad
4420,7,754.2600000000001,2,666.2199999999999,swap,notBad
4421,7,754.2600000000001,2,666.2199999999999,swap,notBad
4422,7,754.2600000000001,2,666.2199999999999,move,improve
4423,7,754.2600000000001,2,666.2199999999999,swap,notBad
4424,7,754.2600000000001,2,666.2199999999999,2opt,notBad
4425,7,745.3199999999999,2,666.2199999999999,move,improve
4426,7,745.3199999999999,2,666.2199999999999,swap,notBad
4427,7,744.7800000000001,2,666.2199999999999,move,improve
4428,7,744.7800000000001,2,666.2199999999999,swap,notBad
4429,7,744.7800000000001,2,666.2199999999999,2opt,notBad
4430,7,744.7800000000001,2,666.2199999999999,2opt,notBad
4431,7,744.7800000000001,2,666.2199999999999,move,improve
4432,7,744.7800000000001,2,666.2199999999999,swap,notBad
4433,7,744.7800000000001,2,666.2199999999999,move,improve
4434,7,744.7800000000001,2,666.2199999999999,swap,notBad
4435,7,744.7800000000001,2,666.2199999999999,2opt,notBad
4436,7,744.7800000000001,2,666.2199999999999,swap,notBad
4437,7,744.7800000000001,2,666.2199999999999,2opt,notBad
4438,7,744.7800000000001,2,666.2199999999999,move,improve
4439,7,744.7800000000001,2,666.2199999999999,swap,notBad
4440,7,744.7800000000001,2,666.2199999999999,2opt,notBad
4441,7,744.7800000000001,2,666.2199999999999,move,improve
4442,7,744.7800000000001,2,666.2199999999999,move,improve
4443,7,744.7800000000001,2,666.2199999999999,2opt,improve
4444,7,744.7800000000001,2,666.2199999999999,swap,notBad
4445,7,744.7800000000001,2,666.2199999999999,swap,notBad
4446,7,744.7800000000001,2,666.2199999999999,2opt,notBad
4447,7,744.7800000000001,2,666.2199999999999,move,improve
4448,7,744.7800000000001,2,666.2199999999999,2opt,notBad
4449,7,744.7800000000001,2,666.2199999999999,move,improve
4450,7,744.7800000000001,2,666.2199999999999,2opt,notBad
4451,7,744.7800000000001,2,666.2199999999999,2opt,notBad
4452,7,744.7800000000001,2,666.2199999999999,swap,notBad
4453,7,744.7800000000001,2,666.2199999999999,swap,notBad
4454,7,744.7800000000001,2,666.2199999999999,move,improve
4455,7,744.7800000000001,2,666.2199999999999,move,improve
4456,7,744.7800000000001,2,666.2199999999999,swap,notBad
4457,7,737.9400000000002,2,666.2199999999999,move,improve
4458,7,737.9400000000002,2,666.2199999999999,swap,notBad
4459,7,737.9400000000002,2,666.2199999999999,swap,notBad
4460,7,737.9400000000002,2,666.2199999999999,move,improve
4461,7,737.9400000000002,2,666.2199999999999,move,improve
4462,7,737.9400000000002,2,666.2199999999999,2opt,notBad
4463,7,737.9400000000002,2,666.2199999999999,2opt,notBad
4464,7,737.9400000000002,2,666.2199999999999,move,improve
4465,7,737.9400000000002,2,666.2199999999999,2opt,notBad
4466,7,737.9400000000002,2,666.2199999999999,2opt,notBad
4467,7,737.9400000000002,2,666.2199999999999,2opt,notBad
4468,7,737.9400000000002,2,666.2199999999999,move,improve
4469,7,737.9400000000002,2,666.2199999999999,swap,notBad
4470,7,737.9400000000002,2,666.2199999999999,swap,notBad
4471,7,737.9400000000002,2,666.2199999999999,move,improve
4472,7,737.9400000000002,2,666.2199999999999,2opt,notBad
4473,7,737.9400000000002,2,666.2199999999999,swap,notBad
4474,7,737.9400000000002,2,666.2199999999999,move,improve
4475,7,737.9400000000002,2,666.2199999999999,swap,notBad
4476,7,737.9400000000002,2,666.2199999999999,move,improve
4477,7,737.9400000000002,2,666.2199999999999,swap,notBad
4478,7,737.9400000000002,2,666.2199999999999,move,improve
4479,7,737.9400000000002,2,666.2199999999999,swap,notBad
4480,7,737.9400000000002,2,666.2199999999999,2opt,notBad
4481,7,737.9400000000002,2,666.2199999999999,swap,notBad
4482,7,737.9400000000002,2,666.2199999999999,move,improve
4483,7,737.9400000000002,2,666.2199999999999,swap,notBad
4484,7,737.9400000000002,2,666.2199999999999,2opt,notBad
4485,7,737.9400000000002,2,666.2199999999999,swap,notBad
4486,7,737.9400000000002,2,666.2199999999999,move,improve
4487,7,746.2800000000001,2,666.2199999999999,swap,acceptBad
4488,7,746.2800000000001,2,666.2199999999999,2opt,notBad
4489,7,746.2800000000001,2,666.2199999999999,swap,notBad
4490,7,746.2800000000001,2,666.2199999999999,swap,notBad
4491,7,746.2800000000001,2,666.2199999999999,move,improve
4492,7,746.2800000000001,2,666.2199999999999,swap,notBad
4493,7,746.2800000000001,2,666.2199999999999,swap,notBad
4494,7,746.2800000000001,2,666.2199999999999,2opt,notBad
4495,7,746.2800000000001,2,666.2199999999999,2opt,notBad
4496,7,746.2800000000001,2,666.2199999999999,move,improve
4497,7,746.2800000000001,2,666.2199999999999,swap,notBad
4498,7,744.48,2,666.2199999999999,move,improve
4499,7,744.48,2,666.2199999999999,2opt,notBad
4500,7,744.48,2,666.2199999999999,move,improve
4501,7,744.48,2,666.2199999999999,2opt,notBad
4502,7,744.48,2,666.2199999999999,swap,notBad
4503,7,744.48,2,666.2199999999999,swap,notBad
4504,7,744.48,2,666.2199999999999,2opt,notBad
4505,7,744.48,2,666.2199999999999,move,improve
4506,7,744.48,2,666.2199999999999,2opt,notBad
4507,7,744.48,2,666.2199999999999,move,improve
4508,7,744.48,2,666.2199999999999,swap,notBad
4509,7,744.48,2,666.2199999999999,2opt,improve
4510,7,744.48,2,666.2199999999999,move,improve
4511,7,744.48,2,666.2199999999999,swap,notBad
4512,7,744.48,2,666.2199999999999,2opt,notBad
4513,7,744.48,2,666.2199999999999,2opt,notBad
4514,7,820.3800000000002,2,666.2199999999999,move,acceptBad
4515,7,820.3800000000002,2,666.2199999999999,swap,notBad
4516,7,820.3800000000002,2,666.2199999999999,move,improve
4517,7,820.3800000000002,2,666.2199999999999,2opt,notBad
4518,7,820.3800000000002,2,666.2199999999999,move,improve
4519,7,820.3800000000002,2,666.2199999999999,2opt,notBad
4520,7,820.3800000000002,2,666.2199999999999,swap,notBad
4521,7,820.3800000000002,2,666.2199999999999,2opt,notBad
4522,7,820.3800000000002,2,666.2199999999999,swap,notBad
4523,7,820.3800000000002,2,666.2199999999999,swap,notBad
4524,7,820.3800000000002,2,666.2199999999999,move,improve
4525,7,820.3800000000002,2,666.2199999999999,swap,notBad
4526,7,834.3000000000001,2,666.2199999999999,swap,acceptBad
4527,7,834.3000000000001,2,666.2199999999999,swap,notBad
4528,7,834.3000000000001,2,666.2199999999999,swap,notBad
4529,7,820.3800000000002,2,666.2199999999999,move,improve
4530,7,820.3800000000002,2,666.2199999999999,move,improve
4531,7,820.3800000000002,2,666.2199999999999,move,improve
4532,7,820.3800000000002,2,666.2199999999999,2opt,notBad
4533,7,820.3800000000002,2,666.2199999999999,move,improve
4534,7,820.3800000000002,2,666.2199999999999,move,improve
4535,7,820.3800000000002,2,666.2199999999999,2opt,notBad
4536,7,820.3800000000002,2,666.2199999999999,move,improve
4537,7,820.3800000000002,2,666.2199999999999,swap,notBad
4538,7,820.3800000000002,2,666.2199999999999,move,improve
4539,7,744.48,2,666.2199999999999,move,improve
4540,7,744.48,2,666.2199999999999,move,improve
4541,7,759.2200000000003,2,666.2199999999999,swap,acceptBad
4542,7,759.2200000000003,2,666.2199999999999,2opt,notBad
4543,7,759.2200000000003,2,666.2199999999999,2opt,notBad
4544,7,759.2200000000003,2,666.2199999999999,move,improve
4545,7,759.7,2,666.2199999999999,swap,acceptBad
4546,7,759.7,2,666.2199999999999,2opt,notBad
4547,7,759.7,2,666.2199999999999,move,improve
4548,7,759.7,2,666.2199999999999,2opt,notBad
4549,7,759.7,2,666.2199999999999,2opt,notBad
4550,7,759.7,2,666.2199999999999,2opt,notBad
4551,7,759.7,2,666.2199999999999,swap,notBad
4552,7,759.7,2,666.2199999999999,2opt,notBad
4553,7,759.7,2,666.2199999999999,swap,notBad
4554,7,759.7,2,666.2199999999999,move,improve
4555,7,759.7,2,666.2199999999999,move,improve
4556,7,759.7,2,666.2199999999999,2opt,notBad
4557,7,759.7,2,666.2199999999999,2opt,notBad
4558,7,759.7,2,666.2199999999999,move,improve
4559,7,759.7,2,666.2199999999999,2opt,notBad
4560,7,759.7,2,666.2199999999999,swap,notBad
4561,7,759.7,2,666.2199999999999,swap,notBad
4562,7,759.7,2,666.2199999999999,2opt,notBad
4563,7,759.7,2,666.2199999999999,move,improve
4564,7,759.7,2,666.2199999999999,swap,notBad
4565,7,759.7,2,666.2199999999999,move,improve
4566,7,759.7,2,666.2199999999999,swap,notBad
4567,7,759.7,2,666.2199999999999,2opt,notBad
4568,7,759.7,2,666.2199999999999,move,improve
4569,7,759.7,2,666.2199999999999,move,improve
4570,7,774.8200000000002,2,666.2199999999999,swap,acceptBad
4571,7,774.8200000000002,2,666.2199999999999,move,improve
4572,7,785.9,2,666.2199999999999,swap,acceptBad
4573,7,785.9,2,666.2199999999999,move,improve
4574,7,785.9,2,666.2199999999999,2opt,notBad
4575,7,785.9,2,666.2199999999999,swap,notBad
4576,7,785.9,2,666.2199999999999,swap,notBad
4577,7,785.9,2,666.2199999999999,swap,notBad
4578,7,785.9,2,666.2199999999999,move,improve
4579,7,785.9,2,666.2199999999999,2opt,notBad
4580,7,785.3600000000001,2,666.2199999999999,move,improve
4581,7,785.3600000000001,2,666.2199999999999,swap,notBad
4582,7,785.3600000000001,2,666.2199999999999,2opt,notBad
4583,7,778.82,2,666.2199999999999,move,improve
4584,7,778.82,2,666.2199999999999,2opt,notBad
4585,7,778.82,2,666.2199999999999,2opt,notBad
4586,7,778.0400000000001,2,666.2199999999999,move,improve
4587,7,778.0400000000001,2,666.2199999999999,swap,notBad
4588,7,778.0400000000001,2,666.2199999999999,2opt,notBad
4589,7,778.0400000000001,2,666.2199999999999,2opt,notBad
4590,7,778.0400000000001,2,666.2199999999999,swap,notBad
4591,7,785.84,2,666.2199999999999,swap,acceptBad
4592,7,785.84,2,666.2199999999999,move,improve
4593,7,785.84,2,666.2199999999999,2opt,notBad
4594,7,785.84,2,666.2199999999999,move,improve
4595,7,785.84,2,666.2199999999999,2opt,improve
4596,7,784.82,2,666.2199999999999,move,improve
4597,7,784.82,2,666.2199999999999,2opt,notBad
4598,7,784.82,2,666.2199999999999,2opt,notBad
4599,7,784.82,2,666.2199999999999,2opt,notBad
4600,7,784.82,2,666.2199999999999,swap,notBad
4601,7,784.82,2,666.2199999999999,swap,notBad
4602,7,788.6,2,666.2199999999999,2opt,acceptBad
4603,7,788.6,2,666.2199999999999,2opt,notBad
4604,7,795.12,2,666.2199999999999,swap,acceptBad
4605,7,795.12,2,666.2199999999999,2opt,notBad
4606,7,795.12,2,666.2199999999999,2opt,notBad
4607,7,795.12,2,666.2199999999999,2opt,notBad
4608,7,795.12,2,666.2199999999999,swap,notBad
4609,7,795.12,2,666.2199999999999,2opt,notBad
4610,7,795.12,2,666.2199999999999,move,improve
4611,7,802.74,2,666.2199999999999,swap,acceptBad
4612,7,802.74,2,666.2199999999999,move,improve
4613,7,802.74,2,666.2199999999999,move,improve
4614,7,802.74,2,666.2199999999999,move,improve
4615,7,802.74,2,666.2199999999999,2opt,notBad
4616,7,802.74,2,666.2199999999999,2opt,notBad
4617,7,802.74,2,666.2199999999999,2opt,notBad
4618,7,790.6199999999999,2,666.2199999999999,move,improve
4619,7,790.6199999999999,2,666.2199999999999,2opt,improve
4620,7,790.6199999999999,2,666.2199999999999,2opt,notBad
4621,7,797.5000000000001,2,666.2199999999999,swap,acceptBad
4622,7,797.5000000000001,2,666.2199999999999,2opt,notBad
4623,7,797.5000000000001,2,666.2199999999999,move,improve
4624,7,797.5000000000001,2,666.2199999999999,swap,notBad
4625,7,797.5000000000001,2,666.2199999999999,swap,notBad
4626,7,797.5000000000001,2,666.2199999999999,move,improve
4627,7,797.5000000000001,2,666.2199999999999,move,improve
4628,7,797.5000000000001,2,666.2199999999999,2opt,notBad
4629,7,797.5000000000001,2,666.2199999999999,move,improve
4630,7,797.5000000000001,2,666.2199999999999,swap,notBad
4631,7,797.5000000000001,2,666.2199999999999,move,improve
4632,7,797.5000000000001,2,666.2199999999999,2opt,notBad
4633,7,797.5000000000001,2,666.2199999999999,2opt,notBad
4634,7,797.5000000000001,2,666.2199999999999,move,improve
4635,7,797.5000000000001,2,666.2199999999999,move,improve
4636,7,797.5000000000001,2,666.2199999999999,move,improve
4637,7,803.32,2,666.2199999999999,swap,acceptBad
4638,7,797.6399999999999,2,666.2199999999999,swap,improve
4639,7,797.6399999999999,2,666.2199999999999,move,improve
4640,7,797.6399999999999,2,666.2199999999999,swap,notBad
4641,7,790.9600000000002,2,666.2199999999999,move,improve
4642,7,790.9600000000002,2,666.2199999999999,move,improve
4643,7,790.9600000000002,2,666.2199999999999,2opt,notBad
4644,7,769.5600000000001,2,666.2199999999999,move,improve
4645,7,769.5600000000001,2,666.2199999999999,2opt,notBad
4646,7,769.5600000000001,2,666.2199999999999,2opt,notBad
4647,7,769.5600000000001,2,666.2199999999999,swap,notBad
4648,7,769.5600000000001,2,666.2199999999999,2opt,notBad
4649,7,769.5600000000001,2,666.2199999999999,2opt,notBad
4650,7,769.5600000000001,2,666.2199999999999,swap,notBad
4651,7,769.5600000000001,2,666.2199999999999,2opt,notBad
4652,7,769.5600000000001,2,666.2199999999999,2opt,notBad
4653,7,769.5600000000001,2,666.2199999999999,swap,notBad
4654,7,766.2,2,666.2199999999999,move,improve
4655,7,766.2,2,666.2199999999999,swap,notBad
4656,7,768.0000000000001,2,666.2199999999999,swap,acceptBad
4657,7,768.0000000000001,2,666.2199999999999,swap,notBad
4658,7,768.0000000000001,2,666.2199999999999,move,improve
4659,7,768.0000000000001,2,666.2199999999999,2opt,notBad
4660,7,768.0000000000001,2,666.2199999999999,2opt,notBad
4661,7,768.0000000000001,2,666.2199999999999,2opt,notBad
4662,7,768.0000000000001,2,666.2199999999999,2opt,notBad
4663,7,768.0000000000001,2,666.2199999999999,2opt,notBad
4664,7,761.6200000000002,2,666.2199999999999,swap,improve
4665,7,761.6200000000002,2,666.2199999999999,2opt,notBad
4666,7,761.6200000000002,2,666.2199999999999,move,improve
4667,7,761.6200000000002,2,666.2199999999999,move,improve
4668,7,761.6200000000002,2,666.2199999999999,move,improve
4669,7,761.6200000000002,2,666.2199999999999,move,improve
4670,7,761.6200000000002,2,666.2199999999999,2opt,notBad
4671,7,745.9000000000002,2,666.2199999999999,move,improve
4672,7,745.9000000000002,2,666.2199999999999,2opt,notBad
4673,7,745.9000000000002,2,666.2199999999999,move,improve
4674,7,745.9000000000002,2,666.2199999999999,2opt,notBad
4675,7,745.9000000000002,2,666.2199999999999,move,improve
4676,7,745.9000000000002,2,666.2199999999999,2opt,notBad
4677,7,745.9000000000002,2,666.2199999999999,swap,notBad
4678,7,745.9000000000002,2,666.2199999999999,2opt,notBad
4679,7,745.9000000000002,2,666.2199999999999,2opt,notBad
4680,7,745.9000000000002,2,666.2199999999999,2opt,notBad
4681,7,745.9000000000002,2,666.2199999999999,2opt,notBad
4682,7,745.9000000000002,2,666.2199999999999,move,improve
4683,7,745.9000000000002,2,666.2199999999999,move,improve
4684,7,745.9000000000002,2,666.2199999999999,move,improve
4685,7,745.9000000000002,2,666.2199999999999,2opt,notBad
4686,7,745.9000000000002,2,666.2199999999999,swap,notBad
4687,7,745.9000000000002,2,666.2199999999999,move,improve
4688,7,745.9000000000002,2,666.2199999999999,2opt,notBad
4689,7,745.9000000000002,2,666.2199999999999,swap,notBad
4690,7,745.9000000000002,2,666.2199999999999,2opt,notBad
4691,7,745.9000000000002,2,666.2199999999999,swap,notBad
4692,7,745.9000000000002,2,666.2199999999999,2opt,notBad
4693,7,745.9000000000002,2,666.2199999999999,move,improve
4694,7,745.9000000000002,2,666.2199999999999,move,improve
4695,7,745.9000000000002,2,666.2199999999999,2opt,improve
4696,7,745.9000000000002,2,666.2199999999999,swap,notBad
4697,7,745.9000000000002,2,666.2199999999999,2opt,notBad
4698,7,745.9000000000002,2,666.2199999999999,2opt,notBad
4699,7,745.9000000000002,2,666.2199999999999,swap,notBad
4700,7,745.9000000000002,2,666.2199999999999,swap,notBad
4701,7,745.9000000000002,2,666.2199999999999,2opt,notBad
4702,7,743.7200000000001,2,666.2199999999999,swap,improve
4703,7,743.7200000000001,2,666.2199999999999,swap,notBad
4704,7,743.7200000000001,2,666.2199999999999,swap,notBad
4705,7,743.7200000000001,2,666.2199999999999,swap,notBad
4706,7,743.7200000000001,2,666.2199999999999,swap,notBad
4707,7,743.7200000000001,2,666.2199999999999,2opt,notBad
4708,7,743.7200000000001,2,666.2199999999999,swap,notBad
4709,7,743.7200000000001,2,666.2199999999999,swap,notBad
4710,7,743.7200000000001,2,666.2199999999999,swap,notBad
4711,7,743.7200000000001,2,666.2199999999999,2opt,notBad
4712,7,743.7200000000001,2,666.2199999999999,2opt,notBad
4713,7,731.82,2,666.2199999999999,move,improve
4714,7,731.82,2,666.2199999999999,2opt,improve
4715,7,731.82,2,666.2199999999999,move,improve
4716,7,731.82,2,666.2199999999999,move,improve
4717,7,731.82,2,666.2199999999999,move,improve
4718,7,731.82,2,666.2199999999999,2opt,notBad
4719,7,731.82,2,666.2199999999999,2opt,notBad
4720,7,729.2999999999998,2,666.2199999999999,move,improve
4721,7,729.2999999999998,2,666.2199999999999,2opt,notBad
4722,7,729.2999999999998,2,666.2199999999999,2opt,notBad
4723,7,728.5199999999999,2,666.2199999999999,move,improve
4724,7,728.5199999999999,2,666.2199999999999,move,improve
4725,7,727.26,2,666.2199999999999,move,improve
4726,7,727.26,2,666.2199999999999,swap,notBad
4727,7,727.26,2,666.2199999999999,2opt,notBad
4728,7,727.26,2,666.2199999999999,move,improve
4729,7,705.54,2,666.2199999999999,move,improve
4730,7,705.54,2,666.2199999999999,2opt,notBad
4731,7,705.54,2,666.2199999999999,swap,notBad
4732,7,705.54,2,666.2199999999999,2opt,notBad
4733,7,705.54,2,666.2199999999999,move,improve
4734,7,705.54,2,666.2199999999999,2opt,notBad
4735,7,705.54,2,666.2199999999999,2opt,notBad
4736,7,705.54,2,666.2199999999999,move,improve
4737,7,705.54,2,666.2199999999999,move,improve
4738,7,705.54,2,666.2199999999999,2opt,notBad
4739,7,705.54,2,666.2199999999999,swap,notBad
4740,7,705.54,2,666.2199999999999,move,improve
4741,7,699.3599999999999,2,666.2199999999999,move,improve
4742,7,699.3599999999999,2,666.2199999999999,swap,notBad
4743,7,699.3599999999999,2,666.2199999999999,swap,notBad
4744,7,699.3599999999999,2,666.2199999999999,swap,notBad
4745,7,699.3599999999999,2,666.2199999999999,2opt,notBad
4746,7,699.3599999999999,2,666.2199999999999,2opt,notBad
4747,7,699.3599999999999,2,666.2199999999999,move,improve
4748,7,699.3599999999999,2,666.2199999999999,2opt,notBad
4749,7,699.3599999999999,2,666.2199999999999,move,improve
4750,7,699.3599999999999,2,666.2199999999999,swap,notBad
4751,7,699.3599999999999,2,666.2199999999999,move,improve
4752,7,699.3599999999999,2,666.2199999999999,swap,notBad
4753,7,699.3599999999999,2,666.2199999999999,swap,notBad
4754,7,699.3599999999999,2,666.2199999999999,swap,notBad
4755,7,699.3599999999999,2,666.2199999999999,2opt,notBad
4756,7,699.3599999999999,2,666.2199999999999,move,improve
4757,7,699.3599999999999,2,666.2199999999999,2opt,notBad
4758,7,699.3599999999999,2,666.2199999999999,swap,notBad
4759,7,699.3599999999999,2,666.2199999999999,2opt,notBad
4760,7,699.3599999999999,2,666.2199999999999,swap,notBad
4761,7,699.3599999999999,2,666.2199999999999,2opt,notBad
4762,7,699.3599999999999,2,666.2199999999999,swap,notBad
4763,7,699.3599999999999,2,666.2199999999999,move,improve
4764,7,699.3599999999999,2,666.2199999999999,2opt,notBad
4765,7,699.3599999999999,2,666.2199999999999,move,improve
4766,7,699.3599999999999,2,666.2199999999999,move,improve
4767,7,699.3599999999999,2,666.2199999999999,2opt,notBad
4768,7,699.3599999999999,2,666.2199999999999,swap,notBad
4769,7,699.3599999999999,2,666.2199999999999,swap,notBad
4770,7,699.3599999999999,2,666.2199999999999,move,improve
4771,7,699.3599999999999,2,666.2199999999999,move,improve
4772,7,699.3599999999999,2,666.2199999999999,move,improve
4773,7,699.3599999999999,2,666.2199999999999,2opt,improve
4774,7,699.3599999999999,2,666.2199999999999,2opt,notBad
4775,7,698.7799999999999,2,666.2199999999999,move,improve
4776,7,690.0799999999999,2,666.2199999999999,2opt,improve
4777,7,690.0799999999999,2,666.2199999999999,swap,notBad
4778,7,690.0799999999999,2,666.2199999999999,2opt,notBad
4779,7,690.0799999999999,2,666.2199999999999,move,improve
4780,7,690.0799999999999,2,666.2199999999999,swap,notBad
4781,7,690.0799999999999,2,666.2199999999999,swap,notBad
4782,7,690.0799999999999,2,666.2199999999999,swap,notBad
4783,7,690.0799999999999,2,666.2199999999999,move,improve
4784,7,690.0799999999999,2,666.2199999999999,swap,notBad
4785,7,690.0799999999999,2,666.2199999999999,move,improve
4786,7,690.0799999999999,2,666.2199999999999,move,improve
4787,7,690.0799999999999,2,666.2199999999999,2opt,notBad
4788,7,690.0799999999999,2,666.2199999999999,swap,notBad
4789,7,690.0799999999999,2,666.2199999999999,swap,notBad
4790,7,690.0799999999999,2,666.2199999999999,2opt,notBad
4791,7,690.0799999999999,2,666.2199999999999,2opt,notBad
4792,7,690.0799999999999,2,666.2199999999999,move,notBad
4793,7,690.0799999999999,2,666.2199999999999,swap,notBad
4794,7,690.0799999999999,2,666.2199999999999,swap,notBad
4795,7,690.0799999999999,2,666.2199999999999,2opt,notBad
4796,7,690.0799999999999,2,666.2199999999999,swap,notBad
4797,7,690.0799999999999,2,666.2199999999999,move,improve
4798,7,690.0799999999999,2,666.2199999999999,2opt,notBad
4799,7,690.0799999999999,2,666.2199999999999,swap,notBad
4800,7,690.0799999999999,2,666.2199999999999,swap,notBad
4801,7,690.0799999999999,2,666.2199999999999,swap,notBad
4802,7,690.0799999999999,2,666.2199999999999,swap,notBad
4803,7,690.0799999999999,2,666.2199999999999,2opt,notBad
4804,7,690.0799999999999,2,666.2199999999999,2opt,notBad
4805,7,690.0799999999999,2,666.2199999999999,swap,notBad
4806,7,690.0799999999999,2,666.2199999999999,swap,notBad
4807,7,690.0799999999999,2,666.2199999999999,swap,notBad
4808,7,690.0799999999999,2,666.2199999999999,move,notBad
4809,7,690.0799999999999,2,666.2199999999999,2opt,notBad
4810,7,690.0799999999999,2,666.2199999999999,2opt,notBad
4811,7,690.0799999999999,2,666.2199999999999,move,improve
4812,7,690.0799999999999,2,666.2199999999999,move,improve
4813,7,690.0799999999999,2,666.2199999999999,move,improve
4814,7,690.0799999999999,2,666.2199999999999,2opt,notBad
4815,7,690.0799999999999,2,666.2199999999999,move,improve
4816,7,690.0799999999999,2,666.2199999999999,move,improve
4817,7,690.0799999999999,2,666.2199999999999,2opt,notBad
4818,7,690.0799999999999,2,666.2199999999999,swap,notBad
4819,7,690.0799999999999,2,666.2199999999999,2opt,notBad
4820,7,690.0799999999999,2,666.2199999999999,2opt,notBad
4821,7,690.0799999999999,2,666.2199999999999,2opt,notBad
4822,7,690.0799999999999,2,666.2199999999999,2opt,notBad
4823,7,690.0799999999999,2,666.2199999999999,2opt,improve
4824,7,690.0799999999999,2,666.2199999999999,swap,notBad
4825,7,690.0799999999999,2,666.2199999999999,swap,notBad
4826,7,690.0799999999999,2,666.2199999999999,move,improve
4827,7,690.0799999999999,2,666.2199999999999,swap,notBad
4828,7,701.42,2,666.2199999999999,swap,acceptBad
4829,7,709.7599999999999,2,666.2199999999999,swap,acceptBad
4830,7,709.7599999999999,2,666.2199999999999,2opt,notBad
4831,7,709.7599999999999,2,666.2199999999999,swap,notBad
4832,7,709.7599999999999,2,666.2199999999999,2opt,notBad
4833,7,709.7599999999999,2,666.2199999999999,move,improve
4834,7,709.7599999999999,2,666.2199999999999,move,improve
4835,7,709.7599999999999,2,666.2199999999999,move,improve
4836,7,709.7599999999999,2,666.2199999999999,swap,notBad
4837,7,709.7599999999999,2,666.2199999999999,2opt,notBad
4838,7,709.7599999999999,2,666.2199999999999,move,improve
4839,7,707.42,2,666.2199999999999,move,improve
4840,7,707.42,2,666.2199999999999,2opt,notBad
4841,7,707.42,2,666.2199999999999,move,improve
4842,7,707.42,2,666.2199999999999,2opt,notBad
4843,7,707.42,2,666.2199999999999,move,improve
4844,7,707.42,2,666.2199999999999,swap,notBad
4845,7,707.0599999999997,2,666.2199999999999,swap,improve
4846,7,707.0599999999997,2,666.2199999999999,2opt,notBad
4847,7,707.0599999999997,2,666.2199999999999,2opt,notBad
4848,7,707.0599999999997,2,666.2199999999999,2opt,notBad
4849,7,707.0599999999997,2,666.2199999999999,swap,notBad
4850,7,707.0599999999997,2,666.2199999999999,move,improve
4851,7,707.0599999999997,2,666.2199999999999,swap,notBad
4852,7,707.0599999999997,2,666.2199999999999,2opt,notBad
4853,7,707.0599999999997,2,666.2199999999999,2opt,notBad
4854,7,706.5799999999999,2,666.2199999999999,move,improve
4855,7,706.5799999999999,2,666.2199999999999,move,improve
4856,7,706.5799999999999,2,666.2199999999999,move,improve
4857,7,712.5799999999999,2,666.2199999999999,swap,acceptBad
4858,7,712.5799999999999,2,666.2199999999999,2opt,improve
4859,7,712.5799999999999,2,666.2199999999999,swap,notBad
4860,7,707.1199999999999,2,666.2199999999999,move,improve
4861,7,707.1199999999999,2,666.2199999999999,2opt,notBad
4862,7,707.1199999999999,2,666.2199999999999,2opt,notBad
4863,7,701.54,2,666.2199999999999,move,improve
4864,7,701.54,2,666.2199999999999,swap,notBad
4865,7,701.54,2,666.2199999999999,swap,notBad
4866,7,701.54,2,666.2199999999999,swap,notBad
4867,7,701.54,2,666.2199999999999,move,improve
4868,7,701.54,2,666.2199999999999,swap,notBad
4869,7,701.54,2,666.2199999999999,2opt,notBad
4870,7,701.54,2,666.2199999999999,swap,notBad
4871,7,701.54,2,666.2199999999999,2opt,notBad
4872,7,701.54,2,666.2199999999999,2opt,notBad
4873,7,701.54,2,666.2199999999999,2opt,notBad
4874,7,701.54,2,666.2199999999999,swap,notBad
4875,7,701.54,2,666.2199999999999,move,improve
4876,7,701.54,2,666.2199999999999,2opt,notBad
4877,7,701.54,2,666.2199999999999,swap,notBad
4878,7,698.4799999999999,2,666.2199999999999,move,improve
4879,7,698.4799999999999,2,666.2199999999999,2opt,improve
4880,7,698.22,2,666.2199999999999,move,improve
4881,7,698.22,2,666.2199999999999,move,improve
4882,7,698.22,2,666.2199999999999,swap,notBad
4883,7,698.22,2,666.2199999999999,swap,notBad
4884,7,698.22,2,666.2199999999999,move,improve
4885,7,698.1599999999999,2,666.2199999999999,move,improve
4886,7,698.1599999999999,2,666.2199999999999,move,improve
4887,7,701.6399999999999,2,666.2199999999999,swap,acceptBad
4888,7,701.6399999999999,2,666.2199999999999,swap,notBad
4889,7,701.6399999999999,2,666.2199999999999,2opt,notBad
4890,7,701.6399999999999,2,666.2199999999999,2opt,notBad
4891,7,701.6399999999999,2,666.2199999999999,swap,notBad
4892,7,701.6399999999999,2,666.2199999999999,swap,notBad
4893,7,701.6399999999999,2,666.2199999999999,move,improve
4894,7,701.6399999999999,2,666.2199999999999,move,improve
4895,7,701.6399999999999,2,666.2199999999999,2opt,notBad
4896,7,701.6399999999999,2,666.2199999999999,move,improve
4897,7,701.6399999999999,2,666.2199999999999,2opt,improve
4898,7,701.6399999999999,2,666.2199999999999,move,improve
4899,7,701.6399999999999,2,666.2199999999999,swap,notBad
4900,7,701.6399999999999,2,666.2199999999999,2opt,notBad
4901,7,701.6399999999999,2,666.2199999999999,swap,notBad
4902,7,698.3399999999999,2,666.2199999999999,move,improve
4903,7,698.3399999999999,2,666.2199999999999,2opt,notBad
4904,7,698.3399999999999,2,666.2199999999999,swap,notBad
4905,7,698.3399999999999,2,666.2199999999999,swap,notBad
4906,7,698.3399999999999,2,666.2199999999999,move,improve
4907,7,698.3399999999999,2,666.2199999999999,swap,notBad
4908,7,698.3399999999999,2,666.2199999999999,2opt,notBad
4909,7,698.3399999999999,2,666.2199999999999,move,improve
4910,7,698.3399999999999,2,666.2199999999999,swap,notBad
4911,7,698.3399999999999,2,666.2199999999999,2opt,notBad
4912,7,698.3399999999999,2,666.2199999999999,2opt,notBad
4913,7,698.3399999999999,2,666.2199999999999,2opt,notBad
4914,7,698.3399999999999,2,666.2199999999999,move,improve
4915,7,702.7399999999998,2,666.2199999999999,swap,acceptBad
4916,7,702.7399999999998,2,666.2199999999999,move,improve
4917,7,702.7399999999998,2,666.2199999999999,move,improve
4918,7,702.7399999999998,2,666.2199999999999,2opt,notBad
4919,7,702.7399999999998,2,666.2199999999999,move,improve
4920,7,702.7399999999998,2,666.2199999999999,move,improve
4921,7,702.7399999999998,2,666.2199999999999,2opt,notBad
4922,7,702.7399999999998,2,666.2199999999999,move,improve
4923,7,702.7399999999998,2,666.2199999999999,move,improve
4924,7,702.7399999999998,2,666.2199999999999,2opt,notBad
4925,7,702.7399999999998,2,666.2199999999999,swap,notBad
4926,7,702.1999999999999,2,666.2199999999999,move,improve
4927,7,702.1999999999999,2,666.2199999999999,swap,notBad
4928,7,704.42,2,666.2199999999999,swap,acceptBad
4929,7,704.42,2,666.2199999999999,2opt,notBad
4930,7,704.42,2,666.2199999999999,swap,notBad
4931,7,704.42,2,666.2199999999999,swap,notBad
4932,7,704.42,2,666.2199999999999,swap,notBad
4933,7,704.42,2,666.2199999999999,swap,notBad
4934,7,704.42,2,666.2199999999999,2opt,notBad
4935,7,704.42,2,666.2199999999999,2opt,notBad
4936,7,704.42,2,666.2199999999999,2opt,notBad
4937,7,704.42,2,666.2199999999999,swap,notBad
4938,7,704.42,2,666.2199999999999,2opt,notBad
4939,7,704.42,2,666.2199999999999,move,improve
4940,7,704.42,2,666.2199999999999,2opt,notBad
4941,7,704.42,2,666.2199999999999,move,improve
4942,7,704.42,2,666.2199999999999,move,improve
4943,7,704.42,2,666.2199999999999,move,improve
4944,7,704.42,2,666.2199999999999,2opt,improve
4945,7,704.42,2,666.2199999999999,swap,notBad
4946,7,704.42,2,666.2199999999999,2opt,notBad
4947,7,704.42,2,666.2199999999999,2opt,notBad
4948,7,704.42,2,666.2199999999999,2opt,notBad
4949,7,704.42,2,666.2199999999999,2opt,notBad
4950,7,704.42,2,666.2199999999999,move,improve
4951,7,705.2599999999999,2,666.2199999999999,swap,acceptBad
4952,7,705.2599999999999,2,666.2199999999999,swap,notBad
4953,7,705.2599999999999,2,666.2199999999999,move,improve
4954,7,705.2599999999999,2,666.2199999999999,swap,notBad
4955,7,705.9799999999999,2,666.2199999999999,swap,acceptBad
4956,7,705.9799999999999,2,666.2199999999999,2opt,notBad
4957,7,705.9799999999999,2,666.2199999999999,move,improve
4958,7,703.7599999999999,2,666.2199999999999,move,improve
4959,7,703.7599999999999,2,666.2199999999999,swap,notBad
4960,7,703.7599999999999,2,666.2199999999999,2opt,improve
4961,7,703.7599999999999,2,666.2199999999999,2opt,notBad
4962,7,703.7599999999999,2,666.2199999999999,move,improve
4963,7,703.7599999999999,2,666.2199999999999,2opt,improve
4964,7,703.7599999999999,2,666.2199999999999,swap,notBad
4965,7,703.7599999999999,2,666.2199999999999,move,improve
4966,7,703.7599999999999,2,666.2199999999999,move,improve
4967,7,703.7599999999999,2,666.2199999999999,2opt,notBad
4968,7,703.7599999999999,2,666.2199999999999,move,improve
4969,7,703.7599999999999,2,666.2199999999999,swap,notBad
4970,7,703.7599999999999,2,666.2199999999999,2opt,notBad
4971,7,703.7599999999999,2,666.2199999999999,2opt,notBad
4972,7,703.7599999999999,2,666.2199999999999,2opt,notBad
4973,7,703.7599999999999,2,666.2199999999999,2opt,notBad
4974,7,703.7599999999999,2,666.2199999999999,swap,notBad
4975,7,703.7599999999999,2,666.2199999999999,swap,notBad
4976,7,703.7599999999999,2,666.2199999999999,swap,notBad
4977,7,703.7599999999999,2,666.2199999999999,2opt,improve
4978,7,703.7599999999999,2,666.2199999999999,2opt,notBad
4979,7,703.7599999999999,2,666.2199999999999,swap,notBad
4980,7,705.9799999999999,2,666.2199999999999,swap,acceptBad
4981,7,705.9799999999999,2,666.2199999999999,swap,notBad
4982,7,705.9799999999999,2,666.2199999999999,swap,notBad
4983,7,705.9799999999999,2,666.2199999999999,move,improve
4984,7,705.9799999999999,2,666.2199999999999,move,improve
4985,7,705.3199999999999,2,666.2199999999999,move,improve
4986,7,702.1999999999999,2,666.2199999999999,move,improve
4987,7,702.1999999999999,2,666.2199999999999,swap,notBad
4988,7,702.1999999999999,2,666.2199999999999,2opt,notBad
4989,7,702.1999999999999,2,666.2199999999999,swap,notBad
4990,7,702.1999999999999,2,666.2199999999999,move,improve
4991,7,702.1999999999999,2,666.2199999999999,swap,notBad
4992,7,702.1999999999999,2,666.2199999999999,move,improve
4993,7,701.7199999999999,2,666.2199999999999,move,improve
4994,7,701.7199999999999,2,666.2199999999999,move,improve
4995,7,705.1599999999997,2,666.2199999999999,swap,acceptBad
4996,7,705.1599999999997,2,666.2199999999999,2opt,notBad
4997,7,705.1599999999997,2,666.2199999999999,swap,notBad
4998,7,705.1599999999997,2,666.2199999999999,2opt,notBad
4999,7,700.4199999999998,2,666.2199999999999,move,improve
5000,7,700.4199999999998,2,666.2199999999999,2opt,notBad
5001,7,700.4199999999998,2,666.2199999999999,move,improve
5002,7,700.4199999999998,2,666.2199999999999,swap,notBad
5003,7,700.4199999999998,2,666.2199999999999,2opt,notBad
5004,7,700.4199999999998,2,666.2199999999999,2opt,notBad
5005,7,700.4199999999998,2,666.2199999999999,swap,notBad
5006,7,700.4199999999998,2,666.2199999999999,2opt,notBad
5007,7,700.4199999999998,2,666.2199999999999,2opt,notBad
5008,7,700.4199999999998,2,666.2199999999999,2opt,notBad
5009,7,700.4199999999998,2,666.2199999999999,move,improve
5010,7,700.4199999999998,2,666.2199999999999,swap,notBad
5011,7,700.4199999999998,2,666.2199999999999,2opt,notBad
5012,7,700.4199999999998,2,666.2199999999999,2opt,improve
5013,7,700.4199999999998,2,666.2199999999999,2opt,improve
5014,7,700.4199999999998,2,666.2199999999999,swap,notBad
5015,7,700.4199999999998,2,666.2199999999999,swap,notBad
5016,7,700.4199999999998,2,666.2199999999999,move,improve
5017,7,700.4199999999998,2,666.2199999999999,swap,notBad
5018,7,700.4199999999998,2,666.2199999999999,swap,notBad
5019,7,700.4199999999998,2,666.2199999999999,move,improve
5020,7,700.4199999999998,2,666.2199999999999,2opt,notBad
5021,7,700.4199999999998,2,666.2199999999999,move,improve
5022,7,700.4199999999998,2,666.2199999999999,2opt,notBad
5023,7,700.4199999999998,2,666.2199999999999,swap,notBad
5024,7,698.7999999999997,2,666.2199999999999,move,improve
5025,7,698.7999999999997,2,666.2199999999999,move,improve
5026,7,698.7999999999997,2,666.2199999999999,swap,notBad
5027,7,698.7999999999997,2,666.2199999999999,2opt,notBad
5028,7,698.7999999999997,2,666.2199999999999,2opt,notBad
5029,7,698.7999999999997,2,666.2199999999999,2opt,notBad
5030,7,698.7999999999997,2,666.2199999999999,swap,notBad
5031,7,698.7999999999997,2,666.2199999999999,swap,notBad
5032,7,698.7999999999997,2,666.2199999999999,swap,notBad
5033,7,698.7999999999997,2,666.2199999999999,2opt,improve
5034,7,698.7999999999997,2,666.2199999999999,2opt,notBad
5035,7,698.7999999999997,2,666.2199999999999,move,improve
5036,7,698.7999999999997,2,666.2199999999999,swap,notBad
5037,7,698.7999999999997,2,666.2199999999999,swap,notBad
5038,7,698.7999999999997,2,666.2199999999999,2opt,notBad
5039,7,698.7999999999997,2,666.2199999999999,move,improve
5040,7,698.7999999999997,2,666.2199999999999,2opt,notBad
5041,7,698.7999999999997,2,666.2199999999999,move,improve
5042,7,698.7999999999997,2,666.2199999999999,swap,notBad
5043,7,698.7999999999997,2,666.2199999999999,swap,notBad
5044,7,698.7999999999997,2,666.2199999999999,2opt,notBad
5045,7,698.7999999999997,2,666.2199999999999,swap,notBad
5046,7,698.7999999999997,2,666.2199999999999,move,improve
5047,7,698.7999999999997,2,666.2199999999999,2opt,improve
5048,7,698.7999999999997,2,666.2199999999999,swap,notBad
5049,7,698.7999999999997,2,666.2199999999999,2opt,notBad
5050,7,698.7999999999997,2,666.2199999999999,swap,notBad
5051,7,698.7999999999997,2,666.2199999999999,2opt,notBad
5052,7,698.7999999999997,2,666.2199999999999,move,improve
5053,7,698.7999999999997,2,666.2199999999999,swap,notBad
5054,7,698.7999999999997,2,666.2199999999999,move,improve
5055,7,698.7999999999997,2,666.2199999999999,move,improve
5056,7,698.7999999999997,2,666.2199999999999,2opt,notBad
5057,7,698.7999999999997,2,666.2199999999999,2opt,notBad
5058,7,698.7999999999997,2,666.2199999999999,swap,notBad
5059,7,698.7999999999997,2,666.2199999999999,swap,notBad
5060,7,698.2399999999999,2,666.2199999999999,swap,improve
5061,7,698.2399999999999,2,666.2199999999999,swap,notBad
5062,7,698.2399999999999,2,666.2199999999999,2opt,notBad
5063,7,698.2399999999999,2,666.2199999999999,move,improve
5064,7,698.2399999999999,2,666.2199999999999,move,improve
5065,7,698.2399999999999,2,666.2199999999999,move,improve
5066,7,698.2399999999999,2,666.2199999999999,swap,notBad
5067,7,693.8399999999999,2,666.2199999999999,swap,improve
5068,7,693.8399999999999,2,666.2199999999999,swap,notBad
5069,7,693.8399999999999,2,666.2199999999999,2opt,notBad
5070,7,692.7599999999999,2,666.2199999999999,move,improve
5071,7,692.7599999999999,2,666.2199999999999,2opt,notBad
5072,7,699.7199999999998,2,666.2199999999999,swap,acceptBad
5073,7,699.7199999999998,2,666.2199999999999,swap,notBad
5074,7,699.7199999999998,2,666.2199999999999,2opt,notBad
5075,7,699.7199999999998,2,666.2199999999999,2opt,improve
5076,7,699.7199999999998,2,666.2199999999999,2opt,notBad
5077,7,699.7199999999998,2,666.2199999999999,move,improve
5078,7,699.7199999999998,2,666.2199999999999,move,improve
5079,7,699.7199999999998,2,666.2199999999999,move,improve
5080,7,699.7199999999998,2,666.2199999999999,move,improve
5081,7,699.7199999999998,2,666.2199999999999,move,improve
5082,7,699.7199999999998,2,666.2199999999999,2opt,notBad
5083,7,698.2199999999998,2,666.2199999999999,move,improve
5084,7,698.2199999999998,2,666.2199999999999,2opt,notBad
5085,7,698.2199999999998,2,666.2199999999999,swap,notBad
5086,7,698.2199999999998,2,666.2199999999999,2opt,notBad
5087,7,698.2199999999998,2,666.2199999999999,swap,notBad
5088,7,698.2199999999998,2,666.2199999999999,swap,notBad
5089,7,698.2199999999998,2,666.2199999999999,move,improve
5090,7,698.2199999999998,2,666.2199999999999,2opt,notBad
5091,7,698.2199999999998,2,666.2199999999999,move,improve
5092,7,698.2199999999998,2,666.2199999999999,move,improve
5093,7,698.2199999999998,2,666.2199999999999,swap,notBad
5094,7,698.2199999999998,2,666.2199999999999,swap,notBad
5095,7,698.2199999999998,2,666.2199999999999,swap,notBad
5096,7,698.2199999999998,2,666.2199999999999,move,improve
5097,7,689.8799999999998,2,666.2199999999999,move,improve
5098,7,689.8799999999998,2,666.2199999999999,2opt,notBad
5099,7,689.8799999999998,2,666.2199999999999,2opt,notBad
5100,7,689.8799999999998,2,666.2199999999999,swap,notBad
5101,7,696.66,2,666.2199999999999,swap,acceptBad
5102,7,696.66,2,666.2199999999999,2opt,notBad
5103,7,696.66,2,666.2199999999999,swap,notBad
5104,7,696.66,2,666.2199999999999,swap,notBad
5105,7,696.66,2,666.2199999999999,swap,notBad
5106,7,696.66,2,666.2199999999999,move,improve
5107,7,696.66,2,666.2199999999999,move,improve
5108,7,696.66,2,666.2199999999999,move,notBad
5109,7,696.66,2,666.2199999999999,2opt,notBad
5110,7,696.66,2,666.2199999999999,2opt,notBad
5111,7,696.66,2,666.2199999999999,swap,notBad
5112,7,696.66,2,666.2199999999999,2opt,improve
5113,7,694.7799999999999,2,666.2199999999999,move,improve
5114,7,694.7799999999999,2,666.2199999999999,2opt,notBad
5115,7,694.7799999999999,2,666.2199999999999,move,improve
5116,7,694.7799999999999,2,666.2199999999999,swap,notBad
5117,7,694.7799999999999,2,666.2199999999999,swap,notBad
5118,7,694.7799999999999,2,666.2199999999999,move,improve
5119,7,694.7799999999999,2,666.2199999999999,move,improve
5120,7,694.7799999999999,2,666.2199999999999,move,improve
5121,7,694.7799999999999,2,666.2199999999999,2opt,notBad
5122,7,694.7799999999999,2,666.2199999999999,swap,notBad
5123,7,694.7799999999999,2,666.2199999999999,2opt,notBad
5124,7,694.7799999999999,2,666.2199999999999,move,improve
5125,7,694.7799999999999,2,666.2199999999999,swap,notBad
5126,7,694.7799999999999,2,666.2199999999999,swap,notBad
5127,7,694.7799999999999,2,666.2199999999999,2opt,notBad
5128,7,694.7799999999999,2,666.2199999999999,swap,notBad
5129,7,694.7799999999999,2,666.2199999999999,move,improve
5130,7,694.7799999999999,2,666.2199999999999,2opt,notBad
5131,7,694.7799999999999,2,666.2199999999999,swap,notBad
5132,7,694.7799999999999,2,666.2199999999999,swap,notBad
5133,7,694.7799999999999,2,666.2199999999999,move,improve
5134,7,694.7799999999999,2,666.2199999999999,2opt,notBad
5135,7,694.7799999999999,2,666.2199999999999,move,improve
5136,7,694.7799999999999,2,666.2199999999999,move,improve
5137,7,694.7799999999999,2,666.2199999999999,swap,notBad
5138,7,694.7799999999999,2,666.2199999999999,2opt,notBad
5139,7,694.7799999999999,2,666.2199999999999,move,improve
5140,7,694.7799999999999,2,666.2199999999999,move,improve
5141,7,694.7799999999999,2,666.2199999999999,2opt,notBad
5142,7,694.7799999999999,2,666.2199999999999,2opt,notBad
5143,7,694.7799999999999,2,666.2199999999999,2opt,notBad
5144,7,694.7799999999999,2,666.2199999999999,2opt,notBad
5145,7,697.16,2,666.2199999999999,swap,acceptBad
5146,7,697.16,2,666.2199999999999,swap,notBad
5147,7,697.16,2,666.2199999999999,swap,notBad
5148,7,697.16,2,666.2199999999999,swap,notBad
5149,7,697.16,2,666.2199999999999,swap,notBad
5150,7,697.16,2,666.2199999999999,2opt,notBad
5151,7,697.16,2,666.2199999999999,2opt,improve
5152,7,697.16,2,666.2199999999999,swap,notBad
5153,7,697.16,2,666.2199999999999,swap,notBad
5154,7,697.16,2,666.2199999999999,2opt,notBad
5155,7,697.16,2,666.2199999999999,move,improve
5156,7,697.16,2,666.2199999999999,swap,notBad
5157,7,697.16,2,666.2199999999999,swap,notBad
5158,7,697.16,2,666.2199999999999,move,improve
5159,7,703.5999999999999,2,666.2199999999999,swap,acceptBad
5160,7,703.5999999999999,2,666.2199999999999,move,improve
5161,7,703.5999999999999,2,666.2199999999999,2opt,notBad
5162,7,703.5999999999999,2,666.2199999999999,swap,notBad
5163,7,703.5999999999999,2,666.2199999999999,swap,notBad
5164,7,703.5999999999999,2,666.2199999999999,move,improve
5165,7,703.5999999999999,2,666.2199999999999,2opt,notBad
5166,7,708.1399999999998,2,666.2199999999999,swap,acceptBad
5167,7,708.1399999999998,2,666.2199999999999,2opt,notBad
5168,7,708.1399999999998,2,666.2199999999999,move,improve
5169,7,708.1399999999998,2,666.2199999999999,swap,notBad
5170,7,708.1399999999998,2,666.2199999999999,swap,notBad
5171,7,708.1399999999998,2,666.2199999999999,move,improve
5172,7,708.1399999999998,2,666.2199999999999,2opt,notBad
5173,7,708.1399999999998,2,666.2199999999999,2opt,notBad
5174,7,708.1399999999998,2,666.2199999999999,move,improve
5175,7,708.1399999999998,2,666.2199999999999,swap,notBad
5176,7,708.1399999999998,2,666.2199999999999,2opt,notBad
5177,7,708.1399999999998,2,666.2199999999999,move,improve
5178,7,708.1399999999998,2,666.2199999999999,swap,notBad
5179,7,708.1399999999998,2,666.2199999999999,swap,notBad
5180,7,708.1399999999998,2,666.2199999999999,2opt,notBad
5181,7,708.1399999999998,2,666.2199999999999,2opt,notBad
5182,7,708.1399999999998,2,666.2199999999999,move,improve
5183,7,708.1399999999998,2,666.2199999999999,swap,notBad
5184,7,708.1399999999998,2,666.2199999999999,move,improve
5185,7,708.1399999999998,2,666.2199999999999,move,improve
5186,7,698.0799999999998,2,666.2199999999999,swap,improve
5187,7,698.0799999999998,2,666.2199999999999,move,improve
5188,7,698.0799999999998,2,666.2199999999999,swap,notBad
5189,7,698.0799999999998,2,666.2199999999999,move,improve
5190,7,700.5399999999998,2,666.2199999999999,swap,acceptBad
5191,7,700.5399999999998,2,666.2199999999999,swap,notBad
5192,7,700.5399999999998,2,666.2199999999999,swap,notBad
5193,7,700.5399999999998,2,666.2199999999999,2opt,notBad
5194,7,700.5399999999998,2,666.2199999999999,swap,notBad
5195,7,700.5399999999998,2,666.2199999999999,2opt,notBad
5196,7,700.5399999999998,2,666.2199999999999,2opt,notBad
5197,7,700.5399999999998,2,666.2199999999999,swap,notBad
5198,7,700.5399999999998,2,666.2199999999999,move,improve
5199,7,698.16,2,666.2199999999999,move,improve
5200,7,698.16,2,666.2199999999999,swap,notBad
5201,7,698.16,2,666.2199999999999,2opt,notBad
5202,7,698.16,2,666.2199999999999,2opt,notBad
5203,7,698.16,2,666.2199999999999,2opt,notBad
5204,7,696.3799999999999,2,666.2199999999999,move,improve
5205,7,696.3799999999999,2,666.2199999999999,move,improve
5206,7,696.3799999999999,2,666.2199999999999,move,improve
5207,7,696.3799999999999,2,666.2199999999999,2opt,notBad
5208,7,696.3799999999999,2,666.2199999999999,swap,notBad
5209,7,696.3799999999999,2,666.2199999999999,swap,notBad
5210,7,696.3799999999999,2,666.2199999999999,swap,notBad
5211,7,696.3799999999999,2,666.2199999999999,2opt,notBad
5212,7,696.3799999999999,2,666.2199999999999,2opt,notBad
5213,7,696.3799999999999,2,666.2199999999999,swap,notBad
5214,7,696.3799999999999,2,666.2199999999999,swap,notBad
5215,7,696.3799999999999,2,666.2199999999999,swap,notBad
5216,7,696.3799999999999,2,666.2199999999999,swap,notBad
5217,7,696.3799999999999,2,666.2199999999999,swap,notBad
5218,7,699.1000000000001,2,666.2199999999999,swap,acceptBad
5219,7,698.8799999999999,2,666.2199999999999,move,improve
5220,7,698.8799999999999,2,666.2199999999999,swap,notBad
5221,7,698.8799999999999,2,666.2199999999999,swap,notBad
5222,7,698.8799999999999,2,666.2199999999999,move,improve
5223,7,698.8799999999999,2,666.2199999999999,move,improve
5224,7,698.8799999999999,2,666.2199999999999,swap,notBad
5225,7,698.8799999999999,2,666.2199999999999,2opt,notBad
5226,7,698.8799999999999,2,666.2199999999999,swap,notBad
5227,7,698.8799999999999,2,666.2199999999999,2opt,notBad
5228,7,698.8799999999999,2,666.2199999999999,swap,notBad
5229,7,698.8799999999999,2,666.2199999999999,move,improve
5230,7,689.4599999999998,2,666.2199999999999,2opt,improve
5231,7,689.4599999999998,2,666.2199999999999,swap,notBad
5232,7,689.4599999999998,2,666.2199999999999,move,improve
5233,7,689.4599999999998,2,666.2199999999999,2opt,notBad
5234,7,689.4599999999998,2,666.2199999999999,2opt,notBad
5235,7,689.4599999999998,2,666.2199999999999,move,improve
5236,7,689.4599999999998,2,666.2199999999999,move,improve
5237,7,689.4599999999998,2,666.2199999999999,move,improve
5238,7,689.4599999999998,2,666.2199999999999,2opt,notBad
5239,7,689.4599999999998,2,666.2199999999999,move,improve
5240,7,689.1599999999999,2,666.2199999999999,move,improve
5241,7,689.1599999999999,2,666.2199999999999,swap,notBad
5242,7,689.1599999999999,2,666.2199999999999,2opt,notBad
5243,7,689.1599999999999,2,666.2199999999999,2opt,notBad
5244,7,689.1599999999999,2,666.2199999999999,swap,notBad
5245,7,689.1599999999999,2,666.2199999999999,2opt,notBad
5246,7,689.1599999999999,2,666.2199999999999,move,improve
5247,7,689.1599999999999,2,666.2199999999999,2opt,notBad
5248,7,689.1599999999999,2,666.2199999999999,2opt,notBad
5249,7,689.1599999999999,2,666.2199999999999,swap,notBad
5250,7,689.1599999999999,2,666.2199999999999,swap,notBad
5251,7,689.1599999999999,2,666.2199999999999,swap,notBad
5252,7,689.1599999999999,2,666.2199999999999,2opt,notBad
5253,7,689.1599999999999,2,666.2199999999999,move,improve
5254,7,683.8599999999998,2,666.2199999999999,move,improve
5255,7,683.8599999999998,2,666.2199999999999,2opt,notBad
5256,7,683.8599999999998,2,666.2199999999999,move,improve
5257,7,683.8599999999998,2,666.2199999999999,swap,notBad
5258,7,683.8599999999998,2,666.2199999999999,move,improve
5259,7,683.8599999999998,2,666.2199999999999,swap,notBad
5260,7,683.8599999999998,2,666.2199999999999,move,improve
5261,7,683.8599999999998,2,666.2199999999999,2opt,notBad
5262,7,683.8599999999998,2,666.2199999999999,swap,notBad
5263,7,683.8599999999998,2,666.2199999999999,2opt,notBad
5264,7,683.8599999999998,2,666.2199999999999,2opt,notBad
5265,7,680.4799999999998,2,666.2199999999999,move,improve
5266,7,680.4799999999998,2,666.2199999999999,2opt,notBad
5267,7,680.4799999999998,2,666.2199999999999,swap,notBad
5268,7,680.4799999999998,2,666.2199999999999,2opt,notBad
5269,7,680.4799999999998,2,666.2199999999999,swap,notBad
5270,7,680.4799999999998,2,666.2199999999999,2opt,improve
5271,7,680.2199999999998,2,666.2199999999999,move,improve
5272,7,680.2199999999998,2,666.2199999999999,2opt,notBad
5273,7,680.2199999999998,2,666.2199999999999,2opt,notBad
5274,7,680.2199999999998,2,666.2199999999999,2opt,notBad
5275,7,680.2199999999998,2,666.2199999999999,move,improve
5276,7,680.2199999999998,2,666.2199999999999,swap,notBad
5277,7,680.2199999999998,2,666.2199999999999,move,improve
5278,7,680.2199999999998,2,666.2199999999999,swap,notBad
5279,7,680.2199999999998,2,666.2199999999999,swap,notBad
5280,7,680.2199999999998,2,666.2199999999999,2opt,notBad
5281,7,680.2199999999998,2,666.2199999999999,2opt,notBad
5282,7,680.2199999999998,2,666.2199999999999,move,improve
5283,7,680.5199999999998,2,666.2199999999999,swap,acceptBad
5284,7,680.5199999999998,2,666.2199999999999,move,improve
5285,7,680.5199999999998,2,666.2199999999999,move,improve
5286,7,680.5199999999998,2,666.2199999999999,swap,notBad
5287,7,680.5199999999998,2,666.2199999999999,swap,notBad
5288,7,680.5199999999998,2,666.2199999999999,swap,notBad
5289,7,680.5199999999998,2,666.2199999999999,move,improve
5290,7,680.5199999999998,2,666.2199999999999,move,improve
5291,7,682.9199999999997,2,666.2199999999999,swap,acceptBad
5292,7,682.9199999999997,2,666.2199999999999,move,improve
5293,7,686.6999999999998,2,666.2199999999999,swap,acceptBad
5294,7,686.6999999999998,2,666.2199999999999,move,improve
5295,7,686.6999999999998,2,666.2199999999999,swap,notBad
5296,7,686.3999999999999,2,666.2199999999999,move,improve
5297,7,686.3999999999999,2,666.2199999999999,2opt,notBad
5298,7,686.3999999999999,2,666.2199999999999,swap,notBad
5299,7,685.1999999999998,2,666.2199999999999,move,improve
5300,7,682.5599999999997,2,666.2199999999999,move,improve
5301,7,682.5599999999997,2,666.2199999999999,swap,notBad
5302,7,682.5599999999997,2,666.2199999999999,swap,notBad
5303,7,682.5599999999997,2,666.2199999999999,move,improve
5304,7,682.5599999999997,2,666.2199999999999,2opt,notBad
5305,7,682.5599999999997,2,666.2199999999999,swap,notBad
5306,7,682.5599999999997,2,666.2199999999999,swap,notBad
5307,7,682.5599999999997,2,666.2199999999999,move,improve
5308,7,682.5599999999997,2,666.2199999999999,swap,notBad
5309,7,682.5599999999997,2,666.2199999999999,move,improve
5310,7,682.5599999999997,2,666.2199999999999,2opt,notBad
5311,7,682.5599999999997,2,666.2199999999999,2opt,notBad
5312,7,682.5599999999997,2,666.2199999999999,swap,notBad
5313,7,682.5599999999997,2,666.2199999999999,swap,notBad
5314,7,682.5599999999997,2,666.2199999999999,move,improve
5315,7,682.5599999999997,2,666.2199999999999,swap,notBad
5316,7,682.5599999999997,2,666.2199999999999,move,improve
5317,7,682.5599999999997,2,666.2199999999999,2opt,notBad
5318,7,682.5599999999997,2,666.2199999999999,move,improve
5319,7,682.5599999999997,2,666.2199999999999,move,improve
5320,7,683.2999999999998,2,666.2199999999999,swap,acceptBad
5321,7,683.2999999999998,2,666.2199999999999,swap,notBad
5322,7,683.2999999999998,2,666.2199999999999,swap,notBad
5323,7,683.2999999999998,2,666.2199999999999,2opt,notBad
5324,7,683.2999999999998,2,666.2199999999999,swap,notBad
5325,7,683.2999999999998,2,666.2199999999999,swap,notBad
5326,7,683.2999999999998,2,666.2199999999999,2opt,notBad
5327,7,683.2999999999998,2,666.2199999999999,swap,notBad
5328,7,683.2999999999998,2,666.2199999999999,swap,notBad
5329,7,693.9199999999998,2,666.2199999999999,swap,acceptBad
5330,7,693.9199999999998,2,666.2199999999999,move,improve
5331,7,693.9199999999998,2,666.2199999999999,swap,notBad
5332,7,693.9199999999998,2,666.2199999999999,swap,notBad
5333,7,693.9199999999998,2,666.2199999999999,2opt,notBad
5334,7,693.9199999999998,2,666.2199999999999,swap,notBad
5335,7,693.9199999999998,2,666.2199999999999,move,improve
5336,7,693.9199999999998,2,666.2199999999999,swap,notBad
5337,7,693.9199999999998,2,666.2199999999999,swap,notBad
5338,7,693.9199999999998,2,666.2199999999999,move,improve
5339,7,693.9199999999998,2,666.2199999999999,2opt,notBad
5340,7,693.9199999999998,2,666.2199999999999,move,improve
5341,7,693.9199999999998,2,666.2199999999999,2opt,notBad
5342,7,693.9199999999998,2,666.2199999999999,move,improve
5343,7,693.9199999999998,2,666.2199999999999,2opt,notBad
5344,7,693.9199999999998,2,666.2199999999999,2opt,notBad
5345,7,693.9199999999998,2,666.2199999999999,move,improve
5346,7,693.9199999999998,2,666.2199999999999,2opt,notBad
5347,7,690.9799999999998,2,666.2199999999999,move,improve
5348,7,690.9799999999998,2,666.2199999999999,move,improve
5349,7,690.9799999999998,2,666.2199999999999,move,improve
5350,7,690.9799999999998,2,666.2199999999999,2opt,improve
5351,7,690.9799999999998,2,666.2199999999999,2opt,notBad
5352,7,690.9799999999998,2,666.2199999999999,move,improve
5353,7,690.9799999999998,2,666.2199999999999,2opt,notBad
5354,7,690.9799999999998,2,666.2199999999999,2opt,notBad
5355,7,690.9799999999998,2,666.2199999999999,2opt,notBad
5356,7,690.9799999999998,2,666.2199999999999,move,improve
5357,7,690.9799999999998,2,666.2199999999999,swap,notBad
5358,7,690.9799999999998,2,666.2199999999999,2opt,notBad
5359,7,690.9799999999998,2,666.2199999999999,swap,notBad
5360,7,690.9799999999998,2,666.2199999999999,2opt,notBad
5361,7,690.9799999999998,2,666.2199999999999,swap,notBad
5362,7,690.9799999999998,2,666.2199999999999,swap,notBad
5363,7,690.9799999999998,2,666.2199999999999,move,improve
5364,7,690.9799999999998,2,666.2199999999999,swap,notBad
5365,7,690.9799999999998,2,666.2199999999999,2opt,notBad
5366,7,690.9799999999998,2,666.2199999999999,move,improve
5367,7,690.9799999999998,2,666.2199999999999,swap,notBad
5368,7,690.9799999999998,2,666.2199999999999,2opt,notBad
5369,7,690.9799999999998,2,666.2199999999999,2opt,notBad
5370,7,690.9799999999998,2,666.2199999999999,swap,notBad
5371,7,690.9799999999998,2,666.2199999999999,2opt,improve
5372,7,690.9799999999998,2,666.2199999999999,move,improve
5373,7,690.9799999999998,2,666.2199999999999,swap,notBad
5374,7,690.9799999999998,2,666.2199999999999,swap,notBad
5375,7,690.9799999999998,2,666.2199999999999,swap,notBad
5376,7,690.9799999999998,2,666.2199999999999,move,improve
5377,7,690.9799999999998,2,666.2199999999999,move,improve
5378,7,690.9799999999998,2,666.2199999999999,swap,notBad
5379,7,690.9799999999998,2,666.2199999999999,2opt,notBad
5380,7,690.9799999999998,2,666.2199999999999,move,improve
5381,7,690.9799999999998,2,666.2199999999999,move,improve
5382,7,690.9799999999998,2,666.2199999999999,swap,notBad
5383,7,690.9799999999998,2,666.2199999999999,2opt,notBad
5384,7,691.7599999999998,2,666.2199999999999,swap,acceptBad
5385,7,691.7599999999998,2,666.2199999999999,swap,notBad
5386,7,691.7599999999998,2,666.2199999999999,swap,notBad
5387,7,691.7599999999998,2,666.2199999999999,2opt,notBad
5388,7,691.7599999999998,2,666.2199999999999,2opt,notBad
5389,7,691.7599999999998,2,666.2199999999999,swap,notBad
5390,7,691.7599999999998,2,666.2199999999999,2opt,notBad
5391,7,691.7599999999998,2,666.2199999999999,move,improve
5392,7,691.7599999999998,2,666.2199999999999,2opt,notBad
5393,7,689.7799999999997,2,666.2199999999999,move,improve
5394,7,689.7799999999997,2,666.2199999999999,move,improve
5395,7,689.7799999999997,2,666.2199999999999,move,improve
5396,7,689.7799999999997,2,666.2199999999999,2opt,notBad
5397,7,689.7799999999997,2,666.2199999999999,swap,notBad
5398,7,689.7799999999997,2,666.2199999999999,2opt,notBad
5399,7,689.7799999999997,2,666.2199999999999,swap,notBad
5400,7,689.7799999999997,2,666.2199999999999,swap,notBad
5401,7,689.7799999999997,2,666.2199999999999,2opt,notBad
5402,7,689.7799999999997,2,666.2199999999999,2opt,notBad
5403,7,689.7799999999997,2,666.2199999999999,move,improve
5404,7,689.7799999999997,2,666.2199999999999,swap,notBad
5405,7,689.7799999999997,2,666.2199999999999,2opt,notBad
5406,7,689.7799999999997,2,666.2199999999999,swap,notBad
5407,7,689.7799999999997,2,666.2199999999999,move,improve
5408,7,684.1399999999996,2,666.2199999999999,2opt,improve
5409,7,684.1399999999996,2,666.2199999999999,swap,notBad
5410,7,684.1399999999996,2,666.2199999999999,swap,notBad
5411,7,684.1399999999996,2,666.2199999999999,2opt,notBad
5412,7,684.1399999999996,2,666.2199999999999,2opt,notBad
5413,7,684.1399999999996,2,666.2199999999999,swap,notBad
5414,7,684.1399999999996,2,666.2199999999999,move,improve
5415,7,684.1399999999996,2,666.2199999999999,2opt,notBad
5416,7,684.1399999999996,2,666.2199999999999,swap,notBad
5417,7,684.1399999999996,2,666.2199999999999,2opt,notBad
5418,7,684.1399999999996,2,666.2199999999999,2opt,notBad
5419,7,684.1399999999996,2,666.2199999999999,move,improve
5420,7,684.1399999999996,2,666.2199999999999,swap,notBad
5421,7,674.1799999999997,2,666.2199999999999,move,improve
5422,7,674.1799999999997,2,666.2199999999999,move,improve
5423,7,674.1799999999997,2,666.2199999999999,move,improve
5424,7,674.1799999999997,2,666.2199999999999,swap,notBad
5425,7,674.1799999999997,2,666.2199999999999,move,improve
5426,7,674.1799999999997,2,666.2199999999999,swap,notBad
5427,7,674.1799999999997,2,666.2199999999999,swap,notBad
5428,7,674.1799999999997,2,666.2199999999999,swap,notBad
5429,7,674.1799999999997,2,666.2199999999999,2opt,notBad
5430,7,674.1799999999997,2,666.2199999999999,2opt,notBad
5431,7,674.1799999999997,2,666.2199999999999,2opt,notBad
5432,7,674.1799999999997,2,666.2199999999999,2opt,notBad
5433,7,674.1799999999997,2,666.2199999999999,2opt,notBad
5434,7,674.1799999999997,2,666.2199999999999,swap,notBad
5435,7,674.1799999999997,2,666.2199999999999,swap,notBad
5436,7,674.1799999999997,2,666.2199999999999,swap,notBad
5437,7,674.1799999999997,2,666.2199999999999,2opt,notBad
5438,7,674.1799999999997,2,666.2199999999999,move,improve
5439,7,674.1799999999997,2,666.2199999999999,2opt,notBad
5440,7,674.1799999999997,2,666.2199999999999,move,improve
5441,7,674.1799999999997,2,666.2199999999999,2opt,notBad
5442,7,674.1799999999997,2,666.2199999999999,move,improve
5443,7,674.1799999999997,2,666.2199999999999,move,improve
5444,7,674.1799999999997,2,666.2199999999999,swap,notBad
5445,7,674.1799999999997,2,666.2199999999999,2opt,notBad
5446,7,674.1799999999997,2,666.2199999999999,swap,notBad
5447,7,674.1799999999997,2,666.2199999999999,swap,notBad
5448,7,674.1799999999997,2,666.2199999999999,2opt,improve
5449,7,674.1799999999997,2,666.2199999999999,2opt,notBad
5450,7,674.1799999999997,2,666.2199999999999,2opt,notBad
5451,7,674.1799999999997,2,666.2199999999999,2opt,notBad
5452,7,674.1799999999997,2,666.2199999999999,swap,notBad
5453,7,674.1799999999997,2,666.2199999999999,swap,notBad
5454,7,674.1799999999997,2,666.2199999999999,move,improve
5455,7,674.1799999999997,2,666.2199999999999,swap,notBad
5456,7,674.1799999999997,2,666.2199999999999,move,improve
5457,7,674.1799999999997,2,666.2199999999999,2opt,notBad
5458,7,674.1799999999997,2,666.2199999999999,move,improve
5459,7,674.1799999999997,2,666.2199999999999,move,improve
5460,7,674.1799999999997,2,666.2199999999999,swap,notBad
5461,7,674.1799999999997,2,666.2199999999999,2opt,notBad
5462,7,674.1799999999997,2,666.2199999999999,swap,notBad
5463,7,674.1799999999997,2,666.2199999999999,move,improve
5464,7,674.1799999999997,2,666.2199999999999,move,improve
5465,7,674.1799999999997,2,666.2199999999999,swap,notBad
5466,7,674.1799999999997,2,666.2199999999999,swap,notBad
5467,7,674.1799999999997,2,666.2199999999999,swap,notBad
5468,7,674.1799999999997,2,666.2199999999999,swap,notBad
5469,7,674.1799999999997,2,666.2199999999999,swap,notBad
5470,7,674.1799999999997,2,666.2199999999999,move,improve
5471,7,674.1799999999997,2,666.2199999999999,swap,notBad
5472,7,674.1799999999997,2,666.2199999999999,move,improve
5473,7,674.1799999999997,2,666.2199999999999,swap,notBad
5474,7,674.1799999999997,2,666.2199999999999,move,improve
5475,7,674.1799999999997,2,666.2199999999999,swap,notBad
5476,7,674.1799999999997,2,666.2199999999999,move,improve
5477,7,674.1799999999997,2,666.2199999999999,move,improve
5478,7,674.1799999999997,2,666.2199999999999,2opt,notBad
5479,7,674.1799999999997,2,666.2199999999999,swap,notBad
5480,7,674.1799999999997,2,666.2199999999999,swap,notBad
5481,7,674.1799999999997,2,666.2199999999999,2opt,notBad
5482,7,674.1799999999997,2,666.2199999999999,move,improve
5483,7,674.1799999999997,2,666.2199999999999,2opt,notBad
5484,7,674.1799999999997,2,666.2199999999999,swap,notBad
5485,7,674.1799999999997,2,666.2199999999999,2opt,notBad
5486,7,674.1799999999997,2,666.2199999999999,move,improve
5487,7,674.1799999999997,2,666.2199999999999,move,improve
5488,7,674.1799999999997,2,666.2199999999999,2opt,notBad
5489,7,674.1799999999997,2,666.2199999999999,swap,notBad
5490,7,674.1799999999997,2,666.2199999999999,move,improve
5491,7,674.1799999999997,2,666.2199999999999,move,improve
5492,7,674.1799999999997,2,666.2199999999999,move,improve
5493,7,674.1799999999997,2,666.2199999999999,2opt,notBad
5494,7,674.1799999999997,2,666.2199999999999,2opt,notBad
5495,7,674.1799999999997,2,666.2199999999999,2opt,notBad
5496,7,674.1799999999997,2,666.2199999999999,swap,notBad
5497,7,674.1799999999997,2,666.2199999999999,swap,notBad
5498,7,674.1799999999997,2,666.2199999999999,swap,notBad
5499,7,674.1799999999997,2,666.2199999999999,2opt,notBad
5500,7,674.1799999999997,2,666.2199999999999,swap,notBad
5501,7,674.1799999999997,2,666.2199999999999,move,improve
5502,7,674.1799999999997,2,666.2199999999999,2opt,notBad
5503,7,674.1799999999997,2,666.2199999999999,move,improve
5504,7,674.1799999999997,2,666.2199999999999,move,improve
5505,7,674.1799999999997,2,666.2199999999999,move,improve
5506,7,674.1799999999997,2,666.2199999999999,swap,notBad
5507,7,674.1799999999997,2,666.2199999999999,move,improve
5508,7,674.1799999999997,2,666.2199999999999,2opt,notBad
5509,7,674.1799999999997,2,666.2199999999999,swap,notBad
5510,7,674.1799999999997,2,666.2199999999999,swap,notBad
5511,7,674.1799999999997,2,666.2199999999999,swap,notBad
5512,7,674.1799999999997,2,666.2199999999999,swap,notBad
5513,7,674.1799999999997,2,666.2199999999999,swap,notBad
5514,7,674.1799999999997,2,666.2199999999999,2opt,notBad
5515,7,674.1799999999997,2,666.2199999999999,move,improve
5516,7,674.1799999999997,2,666.2199999999999,2opt,notBad
5517,7,674.1799999999997,2,666.2199999999999,2opt,notBad
5518,7,674.1799999999997,2,666.2199999999999,2opt,notBad
5519,7,674.1799999999997,2,666.2199999999999,swap,notBad
5520,7,674.1799999999997,2,666.2199999999999,move,improve
5521,7,674.1799999999997,2,666.2199999999999,swap,notBad
5522,7,674.1799999999997,2,666.2199999999999,swap,notBad
5523,7,674.1799999999997,2,666.2199999999999,move,improve
5524,7,674.1799999999997,2,666.2199999999999,swap,notBad
5525,7,674.1799999999997,2,666.2199999999999,2opt,notBad
5526,7,674.1799999999997,2,666.2199999999999,move,improve
5527,7,674.1799999999997,2,666.2199999999999,2opt,improve
5528,7,674.1799999999997,2,666.2199999999999,2opt,notBad
5529,7,674.1799999999997,2,666.2199999999999,2opt,notBad
5530,7,674.1799999999997,2,666.2199999999999,2opt,improve
5531,7,670.8199999999997,2,666.2199999999999,move,improve
5532,7,670.8199999999997,2,666.2199999999999,2opt,notBad
5533,7,670.8199999999997,2,666.2199999999999,swap,notBad
5534,7,670.8199999999997,2,666.2199999999999,swap,notBad
5535,7,670.8199999999997,2,666.2199999999999,2opt,notBad
5536,7,670.8199999999997,2,666.2199999999999,swap,notBad
5537,7,670.8199999999997,2,666.2199999999999,2opt,improve
5538,7,670.8199999999997,2,666.2199999999999,swap,notBad
5539,7,670.8199999999997,2,666.2199999999999,2opt,improve
5540,7,670.8199999999997,2,666.2199999999999,swap,notBad
5541,7,670.8199999999997,2,666.2199999999999,swap,notBad
5542,7,670.8199999999997,2,666.2199999999999,swap,notBad
5543,7,670.8199999999997,2,666.2199999999999,move,improve
5544,7,670.8199999999997,2,666.2199999999999,swap,notBad
5545,7,670.8199999999997,2,666.2199999999999,2opt,notBad
5546,7,670.8199999999997,2,666.2199999999999,2opt,notBad
5547,7,670.8199999999997,2,666.2199999999999,2opt,notBad
5548,7,670.8199999999997,2,666.2199999999999,move,improve
5549,7,670.8199999999997,2,666.2199999999999,move,improve
5550,7,670.8199999999997,2,666.2199999999999,swap,notBad
5551,7,670.8199999999997,2,666.2199999999999,2opt,notBad
5552,7,670.8199999999997,2,666.2199999999999,swap,notBad
5553,7,670.8199999999997,2,666.2199999999999,swap,notBad
5554,7,670.8199999999997,2,666.2199999999999,move,improve
5555,7,670.8199999999997,2,666.2199999999999,move,improve
5556,7,670.8199999999997,2,666.2199999999999,2opt,notBad
5557,7,670.8199999999997,2,666.2199999999999,2opt,notBad
5558,7,670.8199999999997,2,666.2199999999999,move,improve
5559,7,670.8199999999997,2,666.2199999999999,2opt,notBad
5560,7,670.8199999999997,2,666.2199999999999,2opt,notBad
5561,7,670.8199999999997,2,666.2199999999999,move,improve
5562,7,670.8199999999997,2,666.2199999999999,swap,notBad
5563,7,670.8199999999997,2,666.2199999999999,move,improve
5564,7,670.8199999999997,2,666.2199999999999,move,improve
5565,7,670.8199999999997,2,666.2199999999999,swap,notBad
5566,7,670.8199999999997,2,666.2199999999999,move,improve
5567,7,670.8199999999997,2,666.2199999999999,move,improve
5568,7,670.8199999999997,2,666.2199999999999,2opt,notBad
5569,7,670.8199999999997,2,666.2199999999999,swap,notBad
5570,7,670.8199999999997,2,666.2199999999999,2opt,notBad
5571,7,670.8199999999997,2,666.2199999999999,move,improve
5572,7,670.8199999999997,2,666.2199999999999,move,improve
5573,7,670.8199999999997,2,666.2199999999999,2opt,notBad
5574,7,670.8199999999997,2,666.2199999999999,2opt,notBad
5575,7,670.8199999999997,2,666.2199999999999,swap,notBad
5576,7,670.8199999999997,2,666.2199999999999,move,improve
5577,7,670.8199999999997,2,666.2199999999999,swap,notBad
5578,7,670.8199999999997,2,666.2199999999999,2opt,notBad
5579,7,670.8199999999997,2,666.2199999999999,2opt,notBad
5580,7,670.8199999999997,2,666.2199999999999,2opt,notBad
5581,7,675.8599999999997,2,666.2199999999999,swap,acceptBad
5582,7,675.8599999999997,2,666.2199999999999,move,improve
5583,7,675.8599999999997,2,666.2199999999999,swap,notBad
5584,7,675.8599999999997,2,666.2199999999999,move,improve
5585,7,675.8599999999997,2,666.2199999999999,move,improve
5586,7,675.8599999999997,2,666.2199999999999,swap,notBad
5587,7,675.8599999999997,2,666.2199999999999,2opt,notBad
5588,7,675.8599999999997,2,666.2199999999999,2opt,notBad
5589,7,675.8599999999997,2,666.2199999999999,2opt,notBad
5590,7,675.8599999999997,2,666.2199999999999,swap,notBad
5591,7,675.8599999999997,2,666.2199999999999,swap,notBad
5592,7,675.8599999999997,2,666.2199999999999,swap,notBad
5593,7,675.8599999999997,2,666.2199999999999,move,improve
5594,7,675.8599999999997,2,666.2199999999999,2opt,notBad
5595,7,675.8599999999997,2,666.2199999999999,move,improve
5596,7,675.8599999999997,2,666.2199999999999,move,improve
5597,7,675.8599999999997,2,666.2199999999999,2opt,notBad
5598,7,675.8599999999997,2,666.2199999999999,move,improve
5599,7,675.8599999999997,2,666.2199999999999,swap,notBad
5600,7,675.8599999999997,2,666.2199999999999,2opt,notBad
5601,7,675.8599999999997,2,666.2199999999999,move,improve
5602,7,675.8599999999997,2,666.2199999999999,move,improve
5603,7,675.8599999999997,2,666.2199999999999,swap,notBad
5604,7,675.8599999999997,2,666.2199999999999,swap,notBad
5605,7,675.8599999999997,2,666.2199999999999,move,improve
5606,7,675.8599999999997,2,666.2199999999999,2opt,notBad
5607,7,675.8599999999997,2,666.2199999999999,move,improve
5608,7,675.8599999999997,2,666.2199999999999,move,improve
5609,7,675.8599999999997,2,666.2199999999999,move,improve
5610,7,675.8599999999997,2,666.2199999999999,move,improve
5611,7,675.8599999999997,2,666.2199999999999,swap,notBad
5612,7,675.8599999999997,2,666.2199999999999,2opt,notBad
5613,7,675.8599999999997,2,666.2199999999999,swap,notBad
5614,7,675.8599999999997,2,666.2199999999999,move,improve
5615,7,675.8599999999997,2,666.2199999999999,swap,notBad
5616,7,675.8599999999997,2,666.2199999999999,swap,notBad
5617,7,675.8599999999997,2,666.2199999999999,move,improve
5618,7,675.8599999999997,2,666.2199999999999,move,improve
5619,7,675.8599999999997,2,666.2199999999999,swap,notBad
5620,7,675.8599999999997,2,666.2199999999999,swap,notBad
5621,7,675.8599999999997,2,666.2199999999999,swap,notBad
5622,7,675.8599999999997,2,666.2199999999999,swap,notBad
5623,7,675.8599999999997,2,666.2199999999999,2opt,notBad
5624,7,675.8599999999997,2,666.2199999999999,move,improve
5625,7,675.8599999999997,2,666.2199999999999,swap,notBad
5626,7,675.8599999999997,2,666.2199999999999,move,improve
5627,7,675.8599999999997,2,666.2199999999999,swap,notBad
5628,7,675.8599999999997,2,666.2199999999999,move,improve
5629,7,675.8599999999997,2,666.2199999999999,move,improve
5630,7,675.8599999999997,2,666.2199999999999,swap,notBad
5631,7,675.8599999999997,2,666.2199999999999,2opt,notBad
5632,7,675.8599999999997,2,666.2199999999999,swap,notBad
5633,7,675.8599999999997,2,666.2199999999999,move,improve
5634,7,685.6999999999998,2,666.2199999999999,move,acceptBad
5635,7,682.7599999999999,2,666.2199999999999,move,improve
5636,7,682.7599999999999,2,666.2199999999999,move,improve
5637,7,682.7599999999999,2,666.2199999999999,move,improve
5638,7,682.7599999999999,2,666.2199999999999,swap,notBad
5639,7,682.7599999999999,2,666.2199999999999,swap,notBad
5640,7,682.7599999999999,2,666.2199999999999,move,improve
5641,7,682.7599999999999,2,666.2199999999999,2opt,notBad
5642,7,682.7599999999999,2,666.2199999999999,move,improve
5643,7,682.7599999999999,2,666.2199999999999,2opt,notBad
5644,7,682.7599999999999,2,666.2199999999999,2opt,notBad
5645,7,682.7599999999999,2,666.2199999999999,swap,notBad
5646,7,682.7599999999999,2,666.2199999999999,move,improve
5647,7,682.7599999999999,2,666.2199999999999,move,improve
5648,7,682.7599999999999,2,666.2199999999999,swap,notBad
5649,7,682.7599999999999,2,666.2199999999999,swap,notBad
5650,7,682.7599999999999,2,666.2199999999999,move,improve
5651,7,682.7599999999999,2,666.2199999999999,swap,notBad
5652,7,682.7599999999999,2,666.2199999999999,swap,notBad
5653,7,682.7599999999999,2,666.2199999999999,move,improve
5654,7,682.7599999999999,2,666.2199999999999,2opt,notBad
5655,7,678.6599999999997,2,666.2199999999999,move,improve
5656,7,678.6599999999997,2,666.2199999999999,swap,notBad
5657,7,678.6599999999997,2,666.2199999999999,swap,notBad
5658,7,678.6599999999997,2,666.2199999999999,move,improve
5659,7,678.6599999999997,2,666.2199999999999,swap,notBad
5660,6,636.6799999999998,6,636.6799999999998,move,newBest
5661,6,636.6799999999998,6,636.6799999999998,move,improve
5662,6,636.6799999999998,6,636.6799999999998,swap,notBad
5663,6,636.6799999999998,6,636.6799999999998,2opt,notBad
5664,6,636.6799999999998,6,636.6799999999998,2opt,notBad
5665,6,636.6799999999998,6,636.6799999999998,move,improve
5666,6,636.6799999999998,6,636.6799999999998,move,improve
5667,6,636.6799999999998,6,636.6799999999998,2opt,notBad
5668,6,636.6799999999998,6,636.6799999999998,2opt,notBad
5669,6,636.6799999999998,6,636.6799999999998,2opt,notBad
5670,6,636.6799999999998,6,636.6799999999998,2opt,notBad
5671,6,636.6799999999998,6,636.6799999999998,2opt,notBad
5672,6,636.6799999999998,6,636.6799999999998,2opt,notBad
5673,6,636.6799999999998,6,636.6799999999998,2opt,improve
5674,6,636.6799999999998,6,636.6799999999998,move,improve
5675,6,636.6799999999998,6,636.6799999999998,swap,notBad
5676,6,636.6799999999998,6,636.6799999999998,move,improve
5677,6,636.6799999999998,6,636.6799999999998,swap,notBad
5678,6,636.6799999999998,6,636.6799999999998,swap,notBad
5679,6,636.6799999999998,6,636.6799999999998,swap,notBad
5680,6,636.6799999999998,6,636.6799999999998,move,improve
5681,6,636.6799999999998,6,636.6799999999998,swap,notBad
5682,6,636.6799999999998,6,636.6799999999998,2opt,improve
5683,6,636.6799999999998,6,636.6799999999998,swap,notBad
5684,6,636.6799999999998,6,636.6799999999998,swap,notBad
5685,6,636.6799999999998,6,636.6799999999998,swap,notBad
5686,6,636.6799999999998,6,636.6799999999998,move,improve
5687,6,636.6799999999998,6,636.6799999999998,swap,notBad
5688,6,636.6799999999998,6,636.6799999999998,move,improve
5689,6,636.6799999999998,6,636.6799999999998,2opt,improve
5690,6,636.6799999999998,6,636.6799999999998,2opt,notBad
5691,6,636.6799999999998,6,636.6799999999998,swap,notBad
5692,6,636.6799999999998,6,636.6799999999998,swap,notBad
5693,6,636.6799999999998,6,636.6799999999998,move,improve
5694,6,636.6799999999998,6,636.6799999999998,2opt,notBad
5695,6,636.6799999999998,6,636.6799999999998,2opt,improve
5696,6,636.6799999999998,6,636.6799999999998,2opt,notBad
5697,6,636.6799999999998,6,636.6799999999998,swap,notBad
5698,6,636.6799999999998,6,636.6799999999998,move,improve
5699,6,636.6799999999998,6,636.6799999999998,swap,notBad
5700,6,636.6799999999998,6,636.6799999999998,swap,notBad
5701,6,636.6799999999998,6,636.6799999999998,2opt,notBad
5702,6,636.6799999999998,6,636.6799999999998,2opt,notBad
5703,6,636.6799999999998,6,636.6799999999998,2opt,notBad
5704,6,636.6799999999998,6,636.6799999999998,swap,notBad
5705,6,636.6799999999998,6,636.6799999999998,move,improve
5706,6,636.6799999999998,6,636.6799999999998,swap,notBad
5707,6,636.6799999999998,6,636.6799999999998,2opt,notBad
5708,6,636.6799999999998,6,636.6799999999998,2opt,improve
5709,6,636.6799999999998,6,636.6799999999998,move,improve
5710,6,636.6799999999998,6,636.6799999999998,swap,notBad
5711,6,636.6799999999998,6,636.6799999999998,move,improve
5712,6,636.6799999999998,6,636.6799999999998,swap,notBad
5713,6,636.6799999999998,6,636.6799999999998,2opt,notBad
5714,6,636.6799999999998,6,636.6799999999998,swap,notBad
5715,6,636.6799999999998,6,636.6799999999998,2opt,notBad
5716,6,636.6799999999998,6,636.6799999999998,move,improve
5717,6,635.9599999999999,6,635.9599999999999,move,newBest
5718,6,635.9599999999999,6,635.9599999999999,2opt,notBad
5719,6,635.9599999999999,6,635.9599999999999,2opt,notBad
5720,6,635.9599999999999,6,635.9599999999999,move,improve
5721,6,635.9599999999999,6,635.9599999999999,swap,notBad
5722,6,635.9599999999999,6,635.9599999999999,move,improve
5723,6,635.9599999999999,6,635.9599999999999,swap,notBad
5724,6,635.9599999999999,6,635.9599999999999,2opt,notBad
5725,6,642.4999999999999,6,635.9599999999999,swap,acceptBad
5726,6,642.4999999999999,6,635.9599999999999,2opt,notBad
5727,6,642.4999999999999,6,635.9599999999999,2opt,notBad
5728,6,642.4999999999999,6,635.9599999999999,2opt,notBad
5729,6,642.4999999999999,6,635.9599999999999,swap,notBad
5730,6,642.4999999999999,6,635.9599999999999,swap,notBad
5731,6,642.4999999999999,6,635.9599999999999,swap,notBad
5732,6,642.4999999999999,6,635.9599999999999,swap,notBad
5733,6,642.4999999999999,6,635.9599999999999,swap,notBad
5734,6,642.4999999999999,6,635.9599999999999,move,improve
5735,6,642.4999999999999,6,635.9599999999999,swap,notBad
5736,6,642.4999999999999,6,635.9599999999999,swap,notBad
5737,6,642.4999999999999,6,635.9599999999999,2opt,notBad
5738,6,642.4999999999999,6,635.9599999999999,swap,notBad
5739,6,642.4999999999999,6,635.9599999999999,swap,notBad
5740,6,642.4999999999999,6,635.9599999999999,move,improve
5741,6,642.4999999999999,6,635.9599999999999,move,improve
5742,6,642.4999999999999,6,635.9599999999999,move,improve
5743,6,642.4999999999999,6,635.9599999999999,2opt,notBad
5744,6,642.4999999999999,6,635.9599999999999,move,improve
5745,6,642.4999999999999,6,635.9599999999999,move,improve
5746,6,642.4999999999999,6,635.9599999999999,swap,notBad
5747,6,642.4999999999999,6,635.9599999999999,swap,notBad
5748,6,642.4999999999999,6,635.9599999999999,move,improve
5749,6,642.4999999999999,6,635.9599999999999,move,improve
5750,6,642.4999999999999,6,635.9599999999999,swap,notBad
5751,6,642.4999999999999,6,635.9599999999999,swap,notBad
5752,6,642.4999999999999,6,635.9599999999999,swap,notBad
5753,6,642.4999999999999,6,635.9599999999999,move,improve
5754,6,642.4999999999999,6,635.9599999999999,2opt,notBad
5755,6,635.9599999999999,6,635.9599999999999,move,improve
5756,6,635.9599999999999,6,635.9599999999999,move,improve
5757,6,635.9599999999999,6,635.9599999999999,move,improve
5758,6,635.9599999999999,6,635.9599999999999,2opt,notBad
5759,6,635.9599999999999,6,635.9599999999999,2opt,notBad
5760,6,635.9599999999999,6,635.9599999999999,swap,notBad
5761,6,635.9599999999999,6,635.9599999999999,2opt,notBad
5762,6,635.9599999999999,6,635.9599999999999,2opt,improve
5763,6,635.9599999999999,6,635.9599999999999,swap,notBad
5764,6,635.9599999999999,6,635.9599999999999,swap,notBad
5765,6,635.9599999999999,6,635.9599999999999,2opt,notBad
5766,6,635.9599999999999,6,635.9599999999999,move,improve
5767,6,635.9599999999999,6,635.9599999999999,swap,notBad
5768,6,635.9599999999999,6,635.9599999999999,move,improve
5769,6,635.9599999999999,6,635.9599999999999,move,improve
5770,6,635.9599999999999,6,635.9599999999999,2opt,notBad
5771,6,635.9599999999999,6,635.9599999999999,swap,notBad
5772,6,635.9599999999999,6,635.9599999999999,move,improve
5773,6,635.9599999999999,6,635.9599999999999,2opt,improve
5774,6,635.9599999999999,6,635.9599999999999,swap,notBad
5775,6,635.9599999999999,6,635.9599999999999,swap,notBad
5776,6,635.9599999999999,6,635.9599999999999,2opt,notBad
5777,6,635.9599999999999,6,635.9599999999999,swap,notBad
5778,6,635.9599999999999,6,635.9599999999999,move,improve
5779,6,635.9599999999999,6,635.9599999999999,2opt,notBad
5780,6,635.9599999999999,6,635.9599999999999,swap,notBad
5781,6,635.9599999999999,6,635.9599999999999,swap,notBad
5782,6,635.9599999999999,6,635.9599999999999,2opt,notBad
5783,6,642.0399999999998,6,635.9599999999999,move,acceptBad
5784,6,642.0399999999998,6,635.9599999999999,2opt,notBad
5785,6,642.0399999999998,6,635.9599999999999,2opt,notBad
5786,6,642.0399999999998,6,635.9599999999999,2opt,notBad
5787,6,642.0399999999998,6,635.9599999999999,2opt,notBad
5788,6,642.0399999999998,6,635.9599999999999,2opt,notBad
5789,6,642.0399999999998,6,635.9599999999999,swap,notBad
5790,6,642.0399999999998,6,635.9599999999999,swap,notBad
5791,6,642.0399999999998,6,635.9599999999999,2opt,notBad
5792,6,642.0399999999998,6,635.9599999999999,swap,notBad
5793,6,642.0399999999998,6,635.9599999999999,move,improve
5794,6,642.0399999999998,6,635.9599999999999,2opt,notBad
5795,6,642.0399999999998,6,635.9599999999999,swap,notBad
5796,6,642.0399999999998,6,635.9599999999999,2opt,notBad
5797,6,642.0399999999998,6,635.9599999999999,move,improve
5798,6,642.0399999999998,6,635.9599999999999,move,improve
5799,6,642.0399999999998,6,635.9599999999999,move,improve
5800,6,642.0399999999998,6,635.9599999999999,swap,notBad
5801,6,642.0399999999998,6,635.9599999999999,swap,notBad
5802,6,642.0399999999998,6,635.9599999999999,move,improve
5803,6,642.0399999999998,6,635.9599999999999,move,improve
5804,6,642.0399999999998,6,635.9599999999999,2opt,notBad
5805,6,642.0399999999998,6,635.9599999999999,swap,notBad
5806,6,642.0399999999998,6,635.9599999999999,move,improve
5807,6,642.0399999999998,6,635.9599999999999,2opt,notBad
5808,6,642.0399999999998,6,635.9599999999999,swap,notBad
5809,6,642.0399999999998,6,635.9599999999999,swap,notBad
5810,6,642.0399999999998,6,635.9599999999999,move,improve
5811,6,642.0399999999998,6,635.9599999999999,2opt,notBad
5812,6,642.0399999999998,6,635.9599999999999,2opt,improve
5813,6,642.0399999999998,6,635.9599999999999,move,improve
5814,6,642.0399999999998,6,635.9599999999999,swap,notBad
5815,6,642.0399999999998,6,635.9599999999999,swap,notBad
5816,6,642.0399999999998,6,635.9599999999999,move,improve
5817,6,642.0399999999998,6,635.9599999999999,swap,notBad
5818,6,642.0399999999998,6,635.9599999999999,move,improve
5819,6,642.0399999999998,6,635.9599999999999,swap,notBad
5820,6,642.0399999999998,6,635.9599999999999,swap,notBad
5821,6,642.0399999999998,6,635.9599999999999,move,improve
5822,6,642.0399999999998,6,635.9599999999999,swap,notBad
5823,6,642.0399999999998,6,635.9599999999999,2opt,improve
5824,6,642.0399999999998,6,635.9599999999999,2opt,notBad
5825,6,642.0399999999998,6,635.9599999999999,2opt,notBad
5826,6,642.0399999999998,6,635.9599999999999,move,improve
5827,6,642.0399999999998,6,635.9599999999999,2opt,notBad
5828,6,642.0399999999998,6,635.9599999999999,2opt,notBad
5829,6,642.0399999999998,6,635.9599999999999,2opt,notBad
5830,6,642.0399999999998,6,635.9599999999999,swap,notBad
5831,6,642.0399999999998,6,635.9599999999999,2opt,notBad
5832,6,642.0399999999998,6,635.9599999999999,2opt,notBad
5833,6,642.0399999999998,6,635.9599999999999,move,improve
5834,6,642.0399999999998,6,635.9599999999999,swap,notBad
5835,6,642.0399999999998,6,635.9599999999999,move,improve
5836,6,642.0399999999998,6,635.9599999999999,swap,notBad
5837,6,642.0399999999998,6,635.9599999999999,move,improve
5838,6,642.0399999999998,6,635.9599999999999,swap,notBad
5839,6,642.0399999999998,6,635.9599999999999,swap,notBad
5840,6,642.0399999999998,6,635.9599999999999,move,improve
5841,6,642.0399999999998,6,635.9599999999999,swap,notBad
5842,6,642.0399999999998,6,635.9599999999999,move,improve
5843,6,642.0399999999998,6,635.9599999999999,2opt,notBad
5844,6,642.0399999999998,6,635.9599999999999,swap,notBad
5845,6,642.0399999999998,6,635.9599999999999,swap,notBad
5846,6,642.0399999999998,6,635.9599999999999,swap,notBad
5847,6,642.0399999999998,6,635.9599999999999,move,improve
5848,6,642.0399999999998,6,635.9599999999999,2opt,notBad
5849,6,642.0399999999998,6,635.9599999999999,2opt,notBad
5850,6,637.7199999999998,6,635.9599999999999,move,improve
5851,6,637.7199999999998,6,635.9599999999999,swap,notBad
5852,6,637.7199999999998,6,635.9599999999999,swap,notBad
5853,6,637.7199999999998,6,635.9599999999999,swap,notBad
5854,6,637.7199999999998,6,635.9599999999999,move,improve
5855,6,637.7199999999998,6,635.9599999999999,swap,notBad
5856,6,637.7199999999998,6,635.9599999999999,swap,notBad
5857,6,637.7199999999998,6,635.9599999999999,swap,notBad
5858,6,637.7199999999998,6,635.9599999999999,2opt,notBad
5859,6,637.7199999999998,6,635.9599999999999,move,improve
5860,6,637.7199999999998,6,635.9599999999999,move,improve
5861,6,637.7199999999998,6,635.9599999999999,2opt,notBad
5862,6,637.7199999999998,6,635.9599999999999,2opt,notBad
5863,6,637.7199999999998,6,635.9599999999999,2opt,improve
5864,6,637.7199999999998,6,635.9599999999999,swap,notBad
5865,6,637.7199999999998,6,635.9599999999999,move,improve
5866,6,637.7199999999998,6,635.9599999999999,move,improve
5867,6,637.7199999999998,6,635.9599999999999,move,improve
5868,6,637.7199999999998,6,635.9599999999999,move,improve
5869,6,637.7199999999998,6,635.9599999999999,move,improve
5870,6,637.7199999999998,6,635.9599999999999,move,improve
5871,6,637.7199999999998,6,635.9599999999999,swap,notBad
5872,6,637.7199999999998,6,635.9599999999999,2opt,notBad
5873,6,637.7199999999998,6,635.9599999999999,2opt,notBad
5874,6,637.7199999999998,6,635.9599999999999,swap,notBad
5875,6,637.7199999999998,6,635.9599999999999,2opt,notBad
5876,6,637.7199999999998,6,635.9599999999999,move,improve
5877,6,637.7199999999998,6,635.9599999999999,move,improve
5878,6,637.7199999999998,6,635.9599999999999,2opt,notBad
5879,6,637.7199999999998,6,635.9599999999999,swap,notBad
5880,6,637.7199999999998,6,635.9599999999999,move,improve
5881,6,637.7199999999998,6,635.9599999999999,2opt,improve
5882,6,637.7199999999998,6,635.9599999999999,2opt,notBad
5883,6,637.7199999999998,6,635.9599999999999,2opt,notBad
5884,6,637.7199999999998,6,635.9599999999999,move,improve
5885,6,637.7199999999998,6,635.9599999999999,swap,notBad
5886,6,637.7199999999998,6,635.9599999999999,move,improve
5887,6,637.7199999999998,6,635.9599999999999,2opt,notBad
5888,6,639.0199999999998,6,635.9599999999999,swap,acceptBad
5889,6,639.0199999999998,6,635.9599999999999,swap,notBad
5890,6,639.0199999999998,6,635.9599999999999,2opt,notBad
5891,6,639.0199999999998,6,635.9599999999999,2opt,notBad
5892,6,639.0199999999998,6,635.9599999999999,2opt,notBad
5893,6,639.0199999999998,6,635.9599999999999,swap,notBad
5894,6,639.0199999999998,6,635.9599999999999,move,improve
5895,6,641.76,6,635.9599999999999,swap,acceptBad
5896,6,641.76,6,635.9599999999999,2opt,notBad
5897,6,640.4599999999998,6,635.9599999999999,move,improve
5898,6,640.4599999999998,6,635.9599999999999,2opt,notBad
5899,6,640.4599999999998,6,635.9599999999999,2opt,notBad
5900,6,640.4599999999998,6,635.9599999999999,move,improve
5901,6,640.4599999999998,6,635.9599999999999,move,improve
5902,6,640.4599999999998,6,635.9599999999999,move,improve
5903,6,640.4599999999998,6,635.9599999999999,2opt,notBad
5904,6,640.4599999999998,6,635.9599999999999,2opt,notBad
5905,6,640.4599999999998,6,635.9599999999999,2opt,notBad
5906,6,640.4599999999998,6,635.9599999999999,2opt,notBad
5907,6,640.4599999999998,6,635.9599999999999,swap,notBad
5908,6,640.4599999999998,6,635.9599999999999,move,improve
5909,6,640.4599999999998,6,635.9599999999999,swap,notBad
5910,6,640.4599999999998,6,635.9599999999999,swap,notBad
5911,6,640.4599999999998,6,635.9599999999999,2opt,improve
5912,6,640.4599999999998,6,635.9599999999999,2opt,notBad
5913,6,640.4599999999998,6,635.9599999999999,2opt,notBad
5914,6,640.4599999999998,6,635.9599999999999,move,improve
5915,6,640.4599999999998,6,635.9599999999999,move,improve
5916,6,640.4599999999998,6,635.9599999999999,move,improve
5917,6,640.4599999999998,6,635.9599999999999,move,improve
5918,6,640.4599999999998,6,635.9599999999999,swap,notBad
5919,6,640.4599999999998,6,635.9599999999999,2opt,notBad
5920,6,640.4599999999998,6,635.9599999999999,swap,notBad
5921,6,640.4599999999998,6,635.9599999999999,2opt,notBad
5922,6,640.4599999999998,6,635.9599999999999,2opt,notBad
5923,6,640.4599999999998,6,635.9599999999999,move,improve
5924,6,640.4599999999998,6,635.9599999999999,2opt,improve
5925,6,640.4599999999998,6,635.9599999999999,move,improve
5926,6,640.4599999999998,6,635.9599999999999,move,improve
5927,6,640.4599999999998,6,635.9599999999999,move,improve
5928,6,640.4599999999998,6,635.9599999999999,swap,notBad
5929,6,640.4599999999998,6,635.9599999999999,swap,notBad
5930,6,640.4599999999998,6,635.9599999999999,move,improve
5931,6,640.4599999999998,6,635.9599999999999,move,improve
5932,6,640.4599999999998,6,635.9599999999999,2opt,notBad
5933,6,640.4599999999998,6,635.9599999999999,swap,notBad
5934,6,640.4599999999998,6,635.9599999999999,swap,notBad
5935,6,640.4599999999998,6,635.9599999999999,2opt,notBad
5936,6,640.4599999999998,6,635.9599999999999,swap,notBad
5937,6,640.4599999999998,6,635.9599999999999,swap,notBad
5938,6,640.4599999999998,6,635.9599999999999,move,improve
5939,6,640.4599999999998,6,635.9599999999999,swap,notBad
5940,6,640.4599999999998,6,635.9599999999999,move,improve
5941,6,640.4599999999998,6,635.9599999999999,swap,notBad
5942,6,640.4599999999998,6,635.9599999999999,move,improve
5943,6,640.4599999999998,6,635.9599999999999,2opt,improve
5944,6,640.4599999999998,6,635.9599999999999,move,improve
5945,6,640.4599999999998,6,635.9599999999999,2opt,notBad
5946,6,640.4599999999998,6,635.9599999999999,swap,notBad
5947,6,640.4599999999998,6,635.9599999999999,swap,notBad
5948,6,640.4599999999998,6,635.9599999999999,move,improve
5949,6,640.4599999999998,6,635.9599999999999,swap,notBad
5950,6,640.4599999999998,6,635.9599999999999,swap,notBad
5951,6,640.4599999999998,6,635.9599999999999,move,improve
5952,6,640.4599999999998,6,635.9599999999999,move,improve
5953,6,640.4599999999998,6,635.9599999999999,move,improve
5954,6,640.4599999999998,6,635.9599999999999,2opt,notBad
5955,6,640.4599999999998,6,635.9599999999999,move,improve
5956,6,640.4599999999998,6,635.9599999999999,2opt,notBad
5957,6,640.4599999999998,6,635.9599999999999,swap,notBad
5958,6,640.4599999999998,6,635.9599999999999,move,improve
5959,6,640.4599999999998,6,635.9599999999999,move,improve
5960,6,640.4599999999998,6,635.9599999999999,2opt,improve
5961,6,640.4599999999998,6,635.9599999999999,2opt,improve
5962,6,640.4599999999998,6,635.9599999999999,move,improve
5963,6,640.4599999999998,6,635.9599999999999,2opt,notBad
5964,6,640.4599999999998,6,635.9599999999999,swap,notBad
5965,6,640.4599999999998,6,635.9599999999999,swap,notBad
5966,6,640.4599999999998,6,635.9599999999999,2opt,notBad
5967,6,640.4599999999998,6,635.9599999999999,move,improve
5968,6,640.4599999999998,6,635.9599999999999,2opt,notBad
5969,6,640.4599999999998,6,635.9599999999999,move,improve
5970,6,640.4599999999998,6,635.9599999999999,swap,notBad
5971,6,640.4599999999998,6,635.9599999999999,swap,notBad
5972,6,640.4599999999998,6,635.9599999999999,2opt,notBad
5973,6,640.4599999999998,6,635.9599999999999,2opt,notBad
5974,6,640.4599999999998,6,635.9599999999999,swap,notBad
5975,6,640.4599999999998,6,635.9599999999999,swap,notBad
5976,6,640.4599999999998,6,635.9599999999999,2opt,notBad
5977,6,640.4599999999998,6,635.9599999999999,swap,notBad
5978,6,640.4599999999998,6,635.9599999999999,move,improve
5979,6,640.4599999999998,6,635.9599999999999,move,improve
5980,6,640.4599999999998,6,635.9599999999999,move,improve
5981,6,640.4599999999998,6,635.9599999999999,2opt,notBad
5982,6,640.4599999999998,6,635.9599999999999,move,improve
5983,6,640.4599999999998,6,635.9599999999999,move,improve
5984,6,640.4599999999998,6,635.9599999999999,swap,notBad
5985,6,640.4599999999998,6,635.9599999999999,move,improve
5986,6,640.4599999999998,6,635.9599999999999,swap,notBad
5987,6,640.4599999999998,6,635.9599999999999,swap,notBad
5988,6,640.4599999999998,6,635.9599999999999,move,improve
5989,6,640.4599999999998,6,635.9599999999999,move,improve
5990,6,640.4599999999998,6,635.9599999999999,2opt,improve
5991,6,640.4599999999998,6,635.9599999999999,2opt,notBad
5992,6,640.4599999999998,6,635.9599999999999,move,improve
5993,6,640.4599999999998,6,635.9599999999999,move,improve
5994,6,640.4599999999998,6,635.9599999999999,swap,notBad
5995,6,640.4599999999998,6,635.9599999999999,2opt,notBad
5996,6,640.4599999999998,6,635.9599999999999,swap,notBad
5997,6,640.4599999999998,6,635.9599999999999,2opt,notBad
5998,6,637.7199999999998,6,635.9599999999999,move,improve
5999,6,637.7199999999998,6,635.9599999999999,2opt,notBad
6000,6,637.7199999999998,6,635.9599999999999,2opt,notBad
6001,6,637.7199999999998,6,635.9599999999999,swap,notBad
6002,6,637.7199999999998,6,635.9599999999999,swap,notBad
6003,6,637.7199999999998,6,635.9599999999999,move,improve
6004,6,637.7199999999998,6,635.9599999999999,move,improve
6005,6,637.7199999999998,6,635.9599999999999,move,improve
6006,6,637.7199999999998,6,635.9599999999999,move,improve
6007,6,637.7199999999998,6,635.9599999999999,2opt,notBad
6008,6,637.7199999999998,6,635.9599999999999,move,improve
6009,6,637.7199999999998,6,635.9599999999999,move,improve
6010,6,637.7199999999998,6,635.9599999999999,swap,notBad
6011,6,637.7199999999998,6,635.9599999999999,2opt,notBad
6012,6,637.7199999999998,6,635.9599999999999,move,improve
6013,6,637.7199999999998,6,635.9599999999999,move,improve
6014,6,637.7199999999998,6,635.9599999999999,2opt,notBad
6015,6,637.7199999999998,6,635.9599999999999,2opt,notBad
6016,6,637.7199999999998,6,635.9599999999999,2opt,notBad
6017,6,637.7199999999998,6,635.9599999999999,2opt,notBad
6018,6,637.7199999999998,6,635.9599999999999,2opt,notBad
6019,6,637.7199999999998,6,635.9599999999999,move,improve
6020,6,637.7199999999998,6,635.9599999999999,move,improve
6021,6,637.7199999999998,6,635.9599999999999,swap,notBad
6022,6,637.7199999999998,6,635.9599999999999,2opt,notBad
6023,6,637.7199999999998,6,635.9599999999999,swap,notBad
6024,6,637.7199999999998,6,635.9599999999999,2opt,notBad
6025,6,637.7199999999998,6,635.9599999999999,swap,notBad
6026,6,637.7199999999998,6,635.9599999999999,2opt,notBad
6027,6,637.7199999999998,6,635.9599999999999,swap,notBad
6028,6,637.7199999999998,6,635.9599999999999,move,improve
6029,6,637.7199999999998,6,635.9599999999999,move,improve
6030,6,637.7199999999998,6,635.9599999999999,move,improve
6031,6,637.7199999999998,6,635.9599999999999,move,improve
6032,6,637.7199999999998,6,635.9599999999999,2opt,notBad
6033,6,637.7199999999998,6,635.9599999999999,swap,notBad
6034,6,637.7199999999998,6,635.9599999999999,swap,notBad
6035,6,637.7199999999998,6,635.9599999999999,move,improve
6036,6,637.7199999999998,6,635.9599999999999,move,improve
6037,6,637.7199999999998,6,635.9599999999999,swap,notBad
6038,6,637.7199999999998,6,635.9599999999999,swap,notBad
6039,6,637.7199999999998,6,635.9599999999999,2opt,notBad
6040,6,637.7199999999998,6,635.9599999999999,move,improve
6041,6,637.7199999999998,6,635.9599999999999,move,improve
6042,6,637.7199999999998,6,635.9599999999999,move,improve
6043,6,637.7199999999998,6,635.9599999999999,2opt,notBad
6044,6,637.7199999999998,6,635.9599999999999,swap,notBad
6045,6,637.7199999999998,6,635.9599999999999,move,improve
6046,6,637.7199999999998,6,635.9599999999999,move,improve
6047,6,637.7199999999998,6,635.9599999999999,swap,notBad
6048,6,637.7199999999998,6,635.9599999999999,swap,notBad
6049,6,637.7199999999998,6,635.9599999999999,2opt,notBad
6050,6,637.7199999999998,6,635.9599999999999,move,improve
6051,6,637.7199999999998,6,635.9599999999999,swap,notBad
6052,6,637.7199999999998,6,635.9599999999999,swap,notBad
6053,6,637.7199999999998,6,635.9599999999999,2opt,notBad
6054,6,637.7199999999998,6,635.9599999999999,2opt,notBad
6055,6,637.7199999999998,6,635.9599999999999,2opt,notBad
6056,6,637.7199999999998,6,635.9599999999999,move,improve
6057,6,637.7199999999998,6,635.9599999999999,2opt,notBad
6058,6,637.7199999999998,6,635.9599999999999,2opt,notBad
6059,6,637.7199999999998,6,635.9599999999999,move,improve
6060,6,637.7199999999998,6,635.9599999999999,2opt,notBad
6061,6,637.7199999999998,6,635.9599999999999,move,improve
6062,6,637.7199999999998,6,635.9599999999999,move,improve
6063,6,637.7199999999998,6,635.9599999999999,swap,notBad
6064,6,637.7199999999998,6,635.9599999999999,move,improve
6065,6,637.7199999999998,6,635.9599999999999,2opt,notBad
6066,6,637.7199999999998,6,635.9599999999999,move,improve
6067,6,637.7199999999998,6,635.9599999999999,2opt,notBad
6068,6,637.7199999999998,6,635.9599999999999,swap,notBad
6069,6,637.7199999999998,6,635.9599999999999,2opt,notBad
6070,6,637.7199999999998,6,635.9599999999999,swap,notBad
6071,6,637.7199999999998,6,635.9599999999999,2opt,notBad
6072,6,637.7199999999998,6,635.9599999999999,move,improve
6073,6,644.2599999999998,6,635.9599999999999,swap,acceptBad
6074,6,644.2599999999998,6,635.9599999999999,move,improve
6075,6,644.2599999999998,6,635.9599999999999,swap,notBad
6076,6,644.2599999999998,6,635.9599999999999,2opt,notBad
6077,6,644.2599999999998,6,635.9599999999999,swap,notBad
6078,6,644.2599999999998,6,635.9599999999999,swap,notBad
6079,6,644.2599999999998,6,635.9599999999999,2opt,notBad
6080,6,644.2599999999998,6,635.9599999999999,move,improve
6081,6,644.2599999999998,6,635.9599999999999,2opt,notBad
6082,6,644.2599999999998,6,635.9599999999999,2opt,notBad
6083,6,644.2599999999998,6,635.9599999999999,swap,notBad
6084,6,644.2599999999998,6,635.9599999999999,swap,notBad
6085,6,644.2599999999998,6,635.9599999999999,2opt,notBad
6086,6,644.2599999999998,6,635.9599999999999,swap,notBad
6087,6,644.2599999999998,6,635.9599999999999,2opt,notBad
6088,6,644.2599999999998,6,635.9599999999999,2opt,notBad
6089,6,644.2599999999998,6,635.9599999999999,2opt,notBad
6090,6,644.2599999999998,6,635.9599999999999,2opt,notBad
6091,6,644.2599999999998,6,635.9599999999999,swap,notBad
6092,6,644.2599999999998,6,635.9599999999999,2opt,notBad
6093,6,644.2599999999998,6,635.9599999999999,2opt,notBad
6094,6,644.2599999999998,6,635.9599999999999,2opt,notBad
6095,6,644.2599999999998,6,635.9599999999999,swap,notBad
6096,6,644.2599999999998,6,635.9599999999999,2opt,notBad
6097,6,644.2599999999998,6,635.9599999999999,2opt,notBad
6098,6,644.2599999999998,6,635.9599999999999,swap,notBad
6099,6,644.2599999999998,6,635.9599999999999,swap,notBad
6100,6,644.2599999999998,6,635.9599999999999,2opt,notBad
6101,6,644.2599999999998,6,635.9599999999999,swap,notBad
6102,6,644.2599999999998,6,635.9599999999999,2opt,notBad
6103,6,644.2599999999998,6,635.9599999999999,move,improve
6104,6,644.2599999999998,6,635.9599999999999,move,improve
6105,6,644.2599999999998,6,635.9599999999999,move,improve
6106,6,644.2599999999998,6,635.9599999999999,swap,notBad
6107,6,644.2599999999998,6,635.9599999999999,swap,notBad
6108,6,644.2599999999998,6,635.9599999999999,move,improve
6109,6,644.2599999999998,6,635.9599999999999,move,improve
6110,6,644.2599999999998,6,635.9599999999999,move,improve
6111,6,644.2599999999998,6,635.9599999999999,2opt,notBad
6112,6,644.2599999999998,6,635.9599999999999,2opt,notBad
6113,6,644.2599999999998,6,635.9599999999999,2opt,notBad
6114,6,644.2599999999998,6,635.9599999999999,swap,notBad
6115,6,644.2599999999998,6,635.9599999999999,move,improve
6116,6,644.2599999999998,6,635.9599999999999,move,improve
6117,6,644.2599999999998,6,635.9599999999999,move,improve
6118,6,644.2599999999998,6,635.9599999999999,move,improve
6119,6,644.2599999999998,6,635.9599999999999,2opt,notBad
6120,6,644.2599999999998,6,635.9599999999999,move,improve
6121,6,644.2599999999998,6,635.9599999999999,2opt,notBad
6122,6,644.2599999999998,6,635.9599999999999,swap,notBad
6123,6,644.2599999999998,6,635.9599999999999,swap,notBad
6124,6,644.2599999999998,6,635.9599999999999,move,improve
6125,6,644.2599999999998,6,635.9599999999999,2opt,notBad
6126,6,644.2599999999998,6,635.9599999999999,move,improve
6127,6,644.2599999999998,6,635.9599999999999,move,improve
6128,6,644.2599999999998,6,635.9599999999999,2opt,notBad
6129,6,644.2599999999998,6,635.9599999999999,2opt,notBad
6130,6,644.2599999999998,6,635.9599999999999,move,improve
6131,6,644.2599999999998,6,635.9599999999999,swap,notBad
6132,6,644.2599999999998,6,635.9599999999999,move,improve
6133,6,644.2599999999998,6,635.9599999999999,swap,notBad
6134,6,644.2599999999998,6,635.9599999999999,2opt,improve
6135,6,644.2599999999998,6,635.9599999999999,move,improve
6136,6,644.2599999999998,6,635.9599999999999,2opt,notBad
6137,6,644.2599999999998,6,635.9599999999999,2opt,notBad
6138,6,644.2599999999998,6,635.9599999999999,move,improve
6139,6,644.2599999999998,6,635.9599999999999,swap,notBad
6140,6,644.2599999999998,6,635.9599999999999,swap,notBad
6141,6,644.2599999999998,6,635.9599999999999,swap,notBad
6142,6,644.2599999999998,6,635.9599999999999,move,improve
6143,6,644.2599999999998,6,635.9599999999999,2opt,notBad
6144,6,644.2599999999998,6,635.9599999999999,swap,notBad
6145,6,644.2599999999998,6,635.9599999999999,2opt,notBad
6146,6,644.2599999999998,6,635.9599999999999,move,improve
6147,6,644.2599999999998,6,635.9599999999999,move,improve
6148,6,644.2599999999998,6,635.9599999999999,swap,notBad
6149,6,644.2599999999998,6,635.9599999999999,swap,notBad
6150,6,644.2599999999998,6,635.9599999999999,2opt,notBad
6151,6,644.2599999999998,6,635.9599999999999,move,improve
6152,6,644.2599999999998,6,635.9599999999999,2opt,improve
6153,6,644.2599999999998,6,635.9599999999999,swap,notBad
6154,6,644.2599999999998,6,635.9599999999999,move,improve
6155,6,644.2599999999998,6,635.9599999999999,swap,notBad
6156,6,644.2599999999998,6,635.9599999999999,move,improve
6157,6,644.2599999999998,6,635.9599999999999,2opt,notBad
6158,6,644.2599999999998,6,635.9599999999999,2opt,notBad
6159,6,644.2599999999998,6,635.9599999999999,2opt,notBad
6160,6,644.2599999999998,6,635.9599999999999,swap,notBad
6161,6,644.2599999999998,6,635.9599999999999,move,improve
6162,6,644.2599999999998,6,635.9599999999999,swap,notBad
6163,6,644.2599999999998,6,635.9599999999999,swap,notBad
6164,6,644.2599999999998,6,635.9599999999999,move,improve
6165,6,644.2599999999998,6,635.9599999999999,swap,notBad
6166,6,644.2599999999998,6,635.9599999999999,swap,notBad
6167,6,644.2599999999998,6,635.9599999999999,2opt,notBad
6168,6,644.2599999999998,6,635.9599999999999,swap,notBad
6169,6,644.2599999999998,6,635.9599999999999,move,improve
6170,6,644.2599999999998,6,635.9599999999999,swap,notBad
6171,6,637.7199999999998,6,635.9599999999999,move,improve
6172,6,637.7199999999998,6,635.9599999999999,swap,notBad
6173,6,637.7199999999998,6,635.9599999999999,2opt,notBad
6174,6,637.7199999999998,6,635.9599999999999,move,improve
6175,6,637.7199999999998,6,635.9599999999999,swap,notBad
6176,6,637.7199999999998,6,635.9599999999999,swap,notBad
6177,6,637.7199999999998,6,635.9599999999999,swap,notBad
6178,6,637.7199999999998,6,635.9599999999999,2opt,notBad
6179,6,637.7199999999998,6,635.9599999999999,move,improve
6180,6,637.7199999999998,6,635.9599999999999,swap,notBad
6181,6,637.7199999999998,6,635.9599999999999,move,improve
6182,6,637.7199999999998,6,635.9599999999999,swap,notBad
6183,6,637.7199999999998,6,635.9599999999999,swap,notBad
6184,6,637.7199999999998,6,635.9599999999999,swap,notBad
6185,6,637.7199999999998,6,635.9599999999999,move,notBad
6186,6,637.7199999999998,6,635.9599999999999,swap,notBad
6187,6,637.7199999999998,6,635.9599999999999,2opt,improve
6188,6,637.7199999999998,6,635.9599999999999,move,improve
6189,6,637.7199999999998,6,635.9599999999999,swap,notBad
6190,6,637.7199999999998,6,635.9599999999999,swap,notBad
6191,6,637.7199999999998,6,635.9599999999999,swap,notBad
6192,6,637.7199999999998,6,635.9599999999999,move,improve
6193,6,637.7199999999998,6,635.9599999999999,2opt,notBad
6194,6,637.7199999999998,6,635.9599999999999,swap,notBad
6195,6,637.4799999999997,6,635.9599999999999,move,improve
6196,6,635.6599999999997,6,635.6599999999997,move,newBest
6197,6,635.6599999999997,6,635.6599999999997,2opt,notBad
6198,6,635.6599999999997,6,635.6599999999997,2opt,notBad
6199,6,635.6599999999997,6,635.6599999999997,2opt,notBad
6200,6,635.6599999999997,6,635.6599999999997,swap,notBad
6201,6,635.6599999999997,6,635.6599999999997,move,improve
6202,6,635.6599999999997,6,635.6599999999997,2opt,notBad
6203,6,635.6599999999997,6,635.6599999999997,swap,notBad
6204,6,635.6599999999997,6,635.6599999999997,swap,notBad
6205,6,635.6599999999997,6,635.6599999999997,move,improve
6206,6,635.6599999999997,6,635.6599999999997,2opt,notBad
6207,6,659.7799999999999,6,635.6599999999997,move,acceptBad
6208,6,657.4399999999999,6,635.6599999999997,move,improve
6209,6,657.4399999999999,6,635.6599999999997,move,improve
6210,6,657.4399999999999,6,635.6599999999997,move,improve
6211,6,657.4399999999999,6,635.6599999999997,swap,notBad
6212,6,657.4399999999999,6,635.6599999999997,swap,notBad
6213,6,658.88,6,635.6599999999997,swap,acceptBad
6214,6,658.88,6,635.6599999999997,2opt,improve
6215,6,658.88,6,635.6599999999997,swap,notBad
6216,6,658.88,6,635.6599999999997,2opt,notBad
6217,6,658.88,6,635.6599999999997,move,improve
6218,6,658.88,6,635.6599999999997,move,improve
6219,6,658.88,6,635.6599999999997,swap,notBad
6220,6,658.88,6,635.6599999999997,2opt,notBad
6221,6,658.88,6,635.6599999999997,2opt,notBad
6222,6,658.88,6,635.6599999999997,swap,notBad
6223,6,658.88,6,635.6599999999997,2opt,notBad
6224,6,658.88,6,635.6599999999997,move,improve
6225,6,655.6800000000001,6,635.6599999999997,move,improve
6226,6,655.6800000000001,6,635.6599999999997,move,improve
6227,6,655.6800000000001,6,635.6599999999997,2opt,notBad
6228,6,655.6800000000001,6,635.6599999999997,move,improve
6229,6,655.6800000000001,6,635.6599999999997,move,improve
6230,6,655.6800000000001,6,635.6599999999997,swap,notBad
6231,6,655.6800000000001,6,635.6599999999997,swap,notBad
6232,6,655.6800000000001,6,635.6599999999997,swap,notBad
6233,6,655.6800000000001,6,635.6599999999997,2opt,notBad
6234,6,655.6800000000001,6,635.6599999999997,move,improve
6235,6,655.6800000000001,6,635.6599999999997,swap,notBad
6236,6,655.6800000000001,6,635.6599999999997,move,improve
6237,6,654.2199999999998,6,635.6599999999997,move,improve
6238,6,654.2199999999998,6,635.6599999999997,move,improve
6239,6,654.2199999999998,6,635.6599999999997,swap,notBad
6240,6,654.2199999999998,6,635.6599999999997,move,improve
6241,6,654.2199999999998,6,635.6599999999997,move,improve
6242,6,654.2199999999998,6,635.6599999999997,swap,notBad
6243,6,654.2199999999998,6,635.6599999999997,swap,notBad
6244,6,654.2199999999998,6,635.6599999999997,2opt,notBad
6245,6,654.2199999999998,6,635.6599999999997,2opt,notBad
6246,6,654.2199999999998,6,635.6599999999997,2opt,notBad
6247,6,654.2199999999998,6,635.6599999999997,swap,notBad
6248,6,654.2199999999998,6,635.6599999999997,2opt,notBad
6249,6,654.2199999999998,6,635.6599999999997,move,improve
6250,6,654.2199999999998,6,635.6599999999997,move,improve
6251,6,654.2199999999998,6,635.6599999999997,2opt,notBad
6252,6,654.2199999999998,6,635.6599999999997,swap,notBad
6253,6,654.2199999999998,6,635.6599999999997,swap,notBad
6254,6,654.2199999999998,6,635.6599999999997,swap,notBad
6255,6,654.2199999999998,6,635.6599999999997,move,improve
6256,6,654.2199999999998,6,635.6599999999997,2opt,notBad
6257,6,654.2199999999998,6,635.6599999999997,swap,notBad
6258,6,654.2199999999998,6,635.6599999999997,2opt,notBad
6259,6,654.2199999999998,6,635.6599999999997,2opt,notBad
6260,6,654.2199999999998,6,635.6599999999997,2opt,improve
6261,6,654.2199999999998,6,635.6599999999997,swap,notBad
6262,6,654.2199999999998,6,635.6599999999997,swap,notBad
6263,6,654.2199999999998,6,635.6599999999997,2opt,notBad
6264,6,654.2199999999998,6,635.6599999999997,2opt,notBad
6265,6,654.2199999999998,6,635.6599999999997,move,improve
6266,6,654.2199999999998,6,635.6599999999997,move,improve
6267,6,651.0199999999999,6,635.6599999999997,move,improve
6268,6,651.0199999999999,6,635.6599999999997,2opt,notBad
6269,6,651.0199999999999,6,635.6599999999997,swap,notBad
6270,6,651.0199999999999,6,635.6599999999997,swap,notBad
6271,6,651.0199999999999,6,635.6599999999997,move,improve
6272,6,651.0199999999999,6,635.6599999999997,move,improve
6273,6,651.0199999999999,6,635.6599999999997,2opt,notBad
6274,6,651.0199999999999,6,635.6599999999997,2opt,notBad
6275,6,651.0199999999999,6,635.6599999999997,swap,notBad
6276,6,650.4599999999997,6,635.6599999999997,move,improve
6277,6,650.4599999999997,6,635.6599999999997,swap,notBad
6278,6,650.4599999999997,6,635.6599999999997,2opt,notBad
6279,6,650.4599999999997,6,635.6599999999997,2opt,notBad
6280,6,650.4599999999997,6,635.6599999999997,swap,notBad
6281,6,650.4599999999997,6,635.6599999999997,move,improve
6282,6,650.4599999999997,6,635.6599999999997,move,improve
6283,6,650.4599999999997,6,635.6599999999997,swap,notBad
6284,6,650.4599999999997,6,635.6599999999997,swap,notBad
6285,6,650.4599999999997,6,635.6599999999997,2opt,notBad
6286,6,653.0399999999997,6,635.6599999999997,swap,acceptBad
6287,6,653.0399999999997,6,635.6599999999997,move,improve
6288,6,653.0399999999997,6,635.6599999999997,move,improve
6289,6,653.0399999999997,6,635.6599999999997,move,improve
6290,6,653.0399999999997,6,635.6599999999997,move,improve
6291,6,653.0399999999997,6,635.6599999999997,2opt,notBad
6292,6,658.62,6,635.6599999999997,swap,acceptBad
6293,6,658.62,6,635.6599999999997,move,improve
6294,6,658.62,6,635.6599999999997,2opt,notBad
6295,6,658.62,6,635.6599999999997,move,improve
6296,6,658.62,6,635.6599999999997,swap,notBad
6297,6,658.62,6,635.6599999999997,swap,notBad
6298,6,658.62,6,635.6599999999997,swap,notBad
6299,6,658.62,6,635.6599999999997,swap,notBad
6300,6,658.62,6,635.6599999999997,swap,notBad
6301,6,658.62,6,635.6599999999997,2opt,notBad
6302,6,658.62,6,635.6599999999997,swap,notBad
6303,6,658.62,6,635.6599999999997,swap,notBad
6304,6,658.62,6,635.6599999999997,swap,notBad
6305,6,658.62,6,635.6599999999997,move,improve
6306,6,658.62,6,635.6599999999997,move,improve
6307,6,658.62,6,635.6599999999997,2opt,notBad
6308,6,658.62,6,635.6599999999997,move,improve
6309,6,658.62,6,635.6599999999997,move,improve
6310,6,658.62,6,635.6599999999997,2opt,notBad
6311,6,658.62,6,635.6599999999997,swap,notBad
6312,6,653.2799999999999,6,635.6599999999997,move,improve
6313,6,653.2799999999999,6,635.6599999999997,swap,notBad
6314,6,653.2799999999999,6,635.6599999999997,move,improve
6315,6,653.2799999999999,6,635.6599999999997,swap,notBad
6316,6,653.2799999999999,6,635.6599999999997,swap,notBad
6317,6,653.2799999999999,6,635.6599999999997,move,improve
6318,6,653.2799999999999,6,635.6599999999997,move,improve
6319,6,653.2799999999999,6,635.6599999999997,2opt,notBad
6320,6,653.2799999999999,6,635.6599999999997,move,improve
6321,6,653.2799999999999,6,635.6599999999997,swap,notBad
6322,6,653.2799999999999,6,635.6599999999997,2opt,notBad
6323,6,653.2799999999999,6,635.6599999999997,move,improve
6324,6,653.2799999999999,6,635.6599999999997,move,improve
6325,6,653.2799999999999,6,635.6599999999997,swap,notBad
6326,6,653.2799999999999,6,635.6599999999997,swap,notBad
6327,6,653.2799999999999,6,635.6599999999997,swap,notBad
6328,6,653.2799999999999,6,635.6599999999997,2opt,notBad
6329,6,653.2799999999999,6,635.6599999999997,move,improve
6330,6,653.2799999999999,6,635.6599999999997,move,improve
6331,6,653.2799999999999,6,635.6599999999997,swap,notBad
6332,6,653.2799999999999,6,635.6599999999997,move,improve
6333,6,653.2799999999999,6,635.6599999999997,swap,notBad
6334,6,653.2799999999999,6,635.6599999999997,2opt,notBad
6335,6,653.2799999999999,6,635.6599999999997,2opt,notBad
6336,6,653.2799999999999,6,635.6599999999997,move,improve
6337,6,653.2799999999999,6,635.6599999999997,2opt,notBad
6338,6,653.2799999999999,6,635.6599999999997,2opt,notBad
6339,6,653.2799999999999,6,635.6599999999997,move,improve
6340,6,653.2799999999999,6,635.6599999999997,swap,notBad
6341,6,653.2799999999999,6,635.6599999999997,2opt,notBad
6342,6,653.2799999999999,6,635.6599999999997,2opt,notBad
6343,6,653.2799999999999,6,635.6599999999997,2opt,notBad
6344,6,653.2799999999999,6,635.6599999999997,2opt,notBad
6345,6,653.2799999999999,6,635.6599999999997,2opt,notBad
6346,6,653.2799999999999,6,635.6599999999997,swap,notBad
6347,6,653.2799999999999,6,635.6599999999997,move,improve
6348,6,653.2799999999999,6,635.6599999999997,2opt,notBad
6349,6,653.2799999999999,6,635.6599999999997,move,improve
6350,6,653.2799999999999,6,635.6599999999997,move,improve
6351,6,653.2799999999999,6,635.6599999999997,swap,notBad
6352,6,660.2799999999996,6,635.6599999999997,move,acceptBad
6353,6,660.2799999999996,6,635.6599999999997,swap,notBad
6354,6,660.2799999999996,6,635.6599999999997,2opt,notBad
6355,6,660.2799999999996,6,635.6599999999997,swap,notBad
6356,6,657.6999999999997,6,635.6599999999997,move,improve
6357,6,657.6999999999997,6,635.6599999999997,swap,notBad
6358,6,657.6999999999997,6,635.6599999999997,move,improve
6359,6,657.6999999999997,6,635.6599999999997,move,improve
6360,6,657.6999999999997,6,635.6599999999997,swap,notBad
6361,6,645.28,6,635.6599999999997,swap,improve
6362,6,645.28,6,635.6599999999997,move,improve
6363,6,645.28,6,635.6599999999997,swap,notBad
6364,6,645.28,6,635.6599999999997,2opt,notBad
6365,6,645.28,6,635.6599999999997,swap,notBad
6366,6,645.28,6,635.6599999999997,move,improve
6367,6,645.28,6,635.6599999999997,2opt,notBad
6368,6,645.28,6,635.6599999999997,swap,notBad
6369,6,645.28,6,635.6599999999997,2opt,notBad
6370,6,645.28,6,635.6599999999997,swap,notBad
6371,6,645.28,6,635.6599999999997,move,improve
6372,6,645.28,6,635.6599999999997,2opt,notBad
6373,6,645.28,6,635.6599999999997,move,improve
6374,6,643.5799999999999,6,635.6599999999997,move,improve
6375,6,643.5799999999999,6,635.6599999999997,swap,notBad
6376,6,643.5799999999999,6,635.6599999999997,swap,notBad
6377,6,643.5799999999999,6,635.6599999999997,move,improve
6378,6,643.5799999999999,6,635.6599999999997,move,improve
6379,6,643.5799999999999,6,635.6599999999997,move,improve
6380,6,643.5799999999999,6,635.6599999999997,move,improve
6381,6,643.5799999999999,6,635.6599999999997,swap,notBad
6382,6,643.5799999999999,6,635.6599999999997,2opt,notBad
6383,6,637.76,6,635.6599999999997,move,improve
6384,6,637.76,6,635.6599999999997,2opt,notBad
6385,6,637.76,6,635.6599999999997,move,improve
6386,6,637.76,6,635.6599999999997,2opt,notBad
6387,6,637.76,6,635.6599999999997,move,improve
6388,6,641.24,6,635.6599999999997,swap,acceptBad
6389,6,641.24,6,635.6599999999997,swap,notBad
6390,6,641.24,6,635.6599999999997,swap,notBad
6391,6,641.24,6,635.6599999999997,move,improve
6392,6,646.6400000000001,6,635.6599999999997,swap,acceptBad
6393,6,646.6400000000001,6,635.6599999999997,move,improve
6394,6,646.6400000000001,6,635.6599999999997,swap,notBad
6395,6,646.6400000000001,6,635.6599999999997,swap,notBad
6396,6,646.6400000000001,6,635.6599999999997,swap,notBad
6397,6,647.2400000000001,6,635.6599999999997,2opt,acceptBad
6398,6,647.2400000000001,6,635.6599999999997,2opt,notBad
6399,6,647.2400000000001,6,635.6599999999997,swap,notBad
6400,6,647.2400000000001,6,635.6599999999997,swap,notBad
6401,6,647.0600000000001,6,635.6599999999997,move,improve
6402,6,647.0600000000001,6,635.6599999999997,swap,notBad
6403,6,647.0600000000001,6,635.6599999999997,move,improve
6404,6,647.0600000000001,6,635.6599999999997,swap,notBad
6405,6,647.0600000000001,6,635.6599999999997,move,improve
6406,6,647.0600000000001,6,635.6599999999997,2opt,notBad
6407,6,647.0600000000001,6,635.6599999999997,swap,notBad
6408,6,647.0600000000001,6,635.6599999999997,move,improve
6409,6,647.0600000000001,6,635.6599999999997,2opt,notBad
6410,6,647.0600000000001,6,635.6599999999997,swap,notBad
6411,6,647.0600000000001,6,635.6599999999997,swap,notBad
6412,6,647.0600000000001,6,635.6599999999997,move,improve
6413,6,647.0600000000001,6,635.6599999999997,move,improve
6414,6,647.0600000000001,6,635.6599999999997,move,improve
6415,6,647.0600000000001,6,635.6599999999997,move,improve
6416,6,647.0600000000001,6,635.6599999999997,move,improve
6417,6,647.0600000000001,6,635.6599999999997,2opt,notBad
6418,6,647.0600000000001,6,635.6599999999997,move,improve
6419,6,647.0600000000001,6,635.6599999999997,swap,notBad
6420,6,647.0600000000001,6,635.6599999999997,2opt,notBad
6421,6,647.0600000000001,6,635.6599999999997,move,improve
6422,6,647.0600000000001,6,635.6599999999997,move,improve
6423,6,647.0600000000001,6,635.6599999999997,2opt,notBad
6424,6,647.0600000000001,6,635.6599999999997,swap,notBad
6425,6,647.0600000000001,6,635.6599999999997,2opt,notBad
6426,6,647.0600000000001,6,635.6599999999997,swap,notBad
6427,6,647.0600000000001,6,635.6599999999997,move,improve
6428,6,641.6600000000001,6,635.6599999999997,move,improve
6429,6,641.6600000000001,6,635.6599999999997,move,improve
6430,6,641.6600000000001,6,635.6599999999997,2opt,notBad
6431,6,641.6600000000001,6,635.6599999999997,2opt,notBad
6432,6,641.6600000000001,6,635.6599999999997,swap,notBad
6433,6,641.6600000000001,6,635.6599999999997,2opt,notBad
6434,6,641.6600000000001,6,635.6599999999997,swap,notBad
6435,6,639.62,6,635.6599999999997,move,improve
6436,6,639.62,6,635.6599999999997,2opt,notBad
6437,6,639.62,6,635.6599999999997,2opt,notBad
6438,6,639.62,6,635.6599999999997,2opt,notBad
6439,6,639.62,6,635.6599999999997,swap,notBad
6440,6,639.62,6,635.6599999999997,2opt,notBad
6441,6,639.2599999999999,6,635.6599999999997,move,improve
6442,6,639.2599999999999,6,635.6599999999997,move,improve
6443,6,639.2599999999999,6,635.6599999999997,2opt,notBad
6444,6,639.2599999999999,6,635.6599999999997,move,improve
6445,6,639.2599999999999,6,635.6599999999997,move,improve
6446,6,639.2599999999999,6,635.6599999999997,2opt,notBad
6447,6,639.2599999999999,6,635.6599999999997,move,improve
6448,6,639.2599999999999,6,635.6599999999997,move,improve
6449,6,638.3,6,635.6599999999997,move,improve
6450,6,638.3,6,635.6599999999997,swap,notBad
6451,6,638.3,6,635.6599999999997,swap,notBad
6452,6,638.3,6,635.6599999999997,swap,notBad
6453,6,638.3,6,635.6599999999997,swap,notBad
6454,6,638.3,6,635.6599999999997,move,improve
6455,6,638.3,6,635.6599999999997,2opt,improve
6456,6,638.3,6,635.6599999999997,swap,notBad
6457,6,638.3,6,635.6599999999997,2opt,notBad
6458,6,638.3,6,635.6599999999997,swap,notBad
6459,6,638.3,6,635.6599999999997,move,improve
6460,6,635.7199999999999,6,635.6599999999997,move,improve
6461,6,635.7199999999999,6,635.6599999999997,swap,notBad
6462,6,635.7199999999999,6,635.6599999999997,2opt,notBad
6463,6,635.7199999999999,6,635.6599999999997,swap,notBad
6464,6,635.7199999999999,6,635.6599999999997,2opt,improve
6465,6,635.7199999999999,6,635.6599999999997,swap,notBad
6466,6,635.7199999999999,6,635.6599999999997,move,improve
6467,6,635.7199999999999,6,635.6599999999997,2opt,notBad
6468,6,635.7199999999999,6,635.6599999999997,swap,notBad
6469,6,635.7199999999999,6,635.6599999999997,swap,notBad
6470,6,635.7199999999999,6,635.6599999999997,swap,notBad
6471,6,635.7199999999999,6,635.6599999999997,move,improve
6472,6,635.7199999999999,6,635.6599999999997,swap,notBad
6473,6,635.7199999999999,6,635.6599999999997,move,improve
6474,6,635.7199999999999,6,635.6599999999997,2opt,notBad
6475,6,635.7199999999999,6,635.6599999999997,2opt,improve
6476,6,635.7199999999999,6,635.6599999999997,swap,notBad
6477,6,635.7199999999999,6,635.6599999999997,2opt,notBad
6478,6,635.7199999999999,6,635.6599999999997,move,improve
6479,6,635.7199999999999,6,635.6599999999997,swap,notBad
6480,6,635.7199999999999,6,635.6599999999997,swap,notBad
6481,6,635.7199999999999,6,635.6599999999997,2opt,notBad
6482,6,635.7199999999999,6,635.6599999999997,swap,notBad
6483,6,635.7199999999999,6,635.6599999999997,move,improve
6484,6,635.7199999999999,6,635.6599999999997,move,improve
6485,6,635.7199999999999,6,635.6599999999997,2opt,notBad
6486,6,635.7199999999999,6,635.6599999999997,2opt,notBad
6487,6,635.7199999999999,6,635.6599999999997,move,improve
6488,6,635.7199999999999,6,635.6599999999997,2opt,notBad
6489,6,635.7199999999999,6,635.6599999999997,swap,notBad
6490,6,635.7199999999999,6,635.6599999999997,swap,notBad
6491,6,635.7199999999999,6,635.6599999999997,move,improve
6492,6,635.7199999999999,6,635.6599999999997,2opt,notBad
6493,6,635.7199999999999,6,635.6599999999997,2opt,improve
6494,6,635.7199999999999,6,635.6599999999997,swap,notBad
6495,6,635.7199999999999,6,635.6599999999997,swap,notBad
6496,6,635.7199999999999,6,635.6599999999997,move,improve
6497,6,635.7199999999999,6,635.6599999999997,2opt,notBad
6498,6,635.7199999999999,6,635.6599999999997,2opt,notBad
6499,6,635.7199999999999,6,635.6599999999997,2opt,notBad
6500,6,635.7199999999999,6,635.6599999999997,2opt,notBad
6501,6,635.7199999999999,6,635.6599999999997,move,improve
6502,6,635.7199999999999,6,635.6599999999997,2opt,improve
6503,6,635.7199999999999,6,635.6599999999997,2opt,notBad
6504,6,635.7199999999999,6,635.6599999999997,swap,notBad
6505,6,635.7199999999999,6,635.6599999999997,move,improve
6506,6,635.7199999999999,6,635.6599999999997,2opt,notBad
6507,6,635.7199999999999,6,635.6599999999997,swap,notBad
6508,6,635.7199999999999,6,635.6599999999997,swap,notBad
6509,6,635.7199999999999,6,635.6599999999997,2opt,improve
6510,6,635.7199999999999,6,635.6599999999997,2opt,notBad
6511,6,635.7199999999999,6,635.6599999999997,swap,notBad
6512,6,635.7199999999999,6,635.6599999999997,2opt,notBad
6513,6,635.7199999999999,6,635.6599999999997,swap,notBad
6514,6,635.7199999999999,6,635.6599999999997,move,improve
6515,6,635.7199999999999,6,635.6599999999997,move,improve
6516,6,635.7199999999999,6,635.6599999999997,swap,notBad
6517,6,635.7199999999999,6,635.6599999999997,2opt,notBad
6518,6,635.7199999999999,6,635.6599999999997,swap,notBad
6519,6,635.7199999999999,6,635.6599999999997,move,improve
6520,6,635.7199999999999,6,635.6599999999997,2opt,notBad
6521,6,635.7199999999999,6,635.6599999999997,2opt,notBad
6522,6,635.7199999999999,6,635.6599999999997,move,improve
6523,6,635.7199999999999,6,635.6599999999997,move,improve
6524,6,635.7199999999999,6,635.6599999999997,move,improve
6525,6,635.7199999999999,6,635.6599999999997,move,improve
6526,6,635.7199999999999,6,635.6599999999997,move,improve
6527,6,635.7199999999999,6,635.6599999999997,2opt,notBad
6528,6,635.7199999999999,6,635.6599999999997,move,improve
6529,6,635.7199999999999,6,635.6599999999997,swap,notBad
6530,6,635.7199999999999,6,635.6599999999997,swap,notBad
6531,6,635.7199999999999,6,635.6599999999997,2opt,notBad
6532,6,635.7199999999999,6,635.6599999999997,2opt,notBad
6533,6,635.7199999999999,6,635.6599999999997,swap,notBad
6534,6,635.7199999999999,6,635.6599999999997,move,improve
6535,6,635.7199999999999,6,635.6599999999997,2opt,notBad
6536,6,635.7199999999999,6,635.6599999999997,move,improve
6537,6,635.7199999999999,6,635.6599999999997,swap,notBad
6538,6,635.7199999999999,6,635.6599999999997,swap,notBad
6539,6,635.7199999999999,6,635.6599999999997,swap,notBad
6540,6,635.7199999999999,6,635.6599999999997,move,improve
6541,6,635.7199999999999,6,635.6599999999997,swap,notBad
6542,6,635.7199999999999,6,635.6599999999997,swap,notBad
6543,6,635.7199999999999,6,635.6599999999997,move,improve
6544,6,635.7199999999999,6,635.6599999999997,move,improve
6545,6,635.7199999999999,6,635.6599999999997,2opt,improve
6546,6,635.7199999999999,6,635.6599999999997,move,improve
6547,6,635.7199999999999,6,635.6599999999997,move,improve
6548,6,635.7199999999999,6,635.6599999999997,2opt,notBad
6549,6,635.7199999999999,6,635.6599999999997,move,improve
6550,6,635.7199999999999,6,635.6599999999997,move,improve
6551,6,635.7199999999999,6,635.6599999999997,move,improve
6552,6,635.7199999999999,6,635.6599999999997,2opt,improve
6553,6,635.7199999999999,6,635.6599999999997,2opt,improve
6554,6,635.7199999999999,6,635.6599999999997,swap,notBad
6555,6,635.7199999999999,6,635.6599999999997,2opt,notBad
6556,6,635.7199999999999,6,635.6599999999997,swap,notBad
6557,6,635.7199999999999,6,635.6599999999997,swap,notBad
6558,6,635.7199999999999,6,635.6599999999997,swap,notBad
6559,6,635.7199999999999,6,635.6599999999997,swap,notBad
6560,6,635.7199999999999,6,635.6599999999997,2opt,improve
6561,6,635.7199999999999,6,635.6599999999997,2opt,notBad
6562,6,635.7199999999999,6,635.6599999999997,2opt,notBad
6563,6,635.7199999999999,6,635.6599999999997,move,improve
6564,6,635.7199999999999,6,635.6599999999997,2opt,notBad
6565,6,635.7199999999999,6,635.6599999999997,swap,notBad
6566,6,635.7199999999999,6,635.6599999999997,2opt,notBad
6567,6,635.7199999999999,6,635.6599999999997,move,improve
6568,6,635.7199999999999,6,635.6599999999997,2opt,notBad
6569,6,635.7199999999999,6,635.6599999999997,2opt,notBad
6570,6,635.7199999999999,6,635.6599999999997,2opt,improve
6571,6,635.7199999999999,6,635.6599999999997,move,improve
6572,6,635.7199999999999,6,635.6599999999997,move,improve
6573,6,635.7199999999999,6,635.6599999999997,move,improve
6574,6,635.7199999999999,6,635.6599999999997,move,improve
6575,6,635.7199999999999,6,635.6599999999997,move,improve
6576,6,635.7199999999999,6,635.6599999999997,2opt,notBad
6577,6,635.7199999999999,6,635.6599999999997,swap,notBad
6578,6,635.7199999999999,6,635.6599999999997,swap,notBad
6579,6,635.7199999999999,6,635.6599999999997,move,notBad
6580,6,635.7199999999999,6,635.6599999999997,2opt,notBad
6581,6,635.7199999999999,6,635.6599999999997,move,improve
6582,6,635.7199999999999,6,635.6599999999997,2opt,notBad
6583,6,635.7199999999999,6,635.6599999999997,move,improve
6584,6,635.7199999999999,6,635.6599999999997,2opt,notBad
6585,6,635.7199999999999,6,635.6599999999997,swap,notBad
6586,6,635.7199999999999,6,635.6599999999997,swap,notBad
6587,6,635.7199999999999,6,635.6599999999997,move,improve
6588,6,635.7199999999999,6,635.6599999999997,swap,notBad
6589,6,635.7199999999999,6,635.6599999999997,move,improve
6590,6,635.7199999999999,6,635.6599999999997,move,notBad
6591,6,635.7199999999999,6,635.6599999999997,swap,notBad
6592,6,635.7199999999999,6,635.6599999999997,swap,notBad
6593,6,635.7199999999999,6,635.6599999999997,swap,notBad
6594,6,635.7199999999999,6,635.6599999999997,2opt,notBad
6595,6,635.7199999999999,6,635.6599999999997,2opt,notBad
6596,6,635.7199999999999,6,635.6599999999997,move,improve
6597,6,635.7199999999999,6,635.6599999999997,swap,notBad
6598,6,635.7199999999999,6,635.6599999999997,move,improve
6599,6,635.7199999999999,6,635.6599999999997,2opt,notBad
6600,6,635.7199999999999,6,635.6599999999997,swap,notBad
6601,6,635.7199999999999,6,635.6599999999997,swap,notBad
6602,6,635.7199999999999,6,635.6599999999997,swap,notBad
6603,6,635.7199999999999,6,635.6599999999997,2opt,notBad
6604,6,635.7199999999999,6,635.6599999999997,2opt,notBad
6605,6,635.7199999999999,6,635.6599999999997,move,improve
6606,6,635.7199999999999,6,635.6599999999997,swap,notBad
6607,6,635.7199999999999,6,635.6599999999997,swap,notBad
6608,6,635.7199999999999,6,635.6599999999997,move,improve
6609,6,635.7199999999999,6,635.6599999999997,move,improve
6610,6,635.7199999999999,6,635.6599999999997,2opt,improve
6611,6,635.7199999999999,6,635.6599999999997,swap,notBad
6612,6,635.7199999999999,6,635.6599999999997,move,improve
6613,6,635.7199999999999,6,635.6599999999997,2opt,notBad
6614,6,635.7199999999999,6,635.6599999999997,swap,notBad
6615,6,635.7199999999999,6,635.6599999999997,swap,notBad
6616,6,635.7199999999999,6,635.6599999999997,move,improve
6617,6,635.6600000000001,6,635.6599999999997,move,improve
6618,6,635.6600000000001,6,635.6599999999997,swap,notBad
6619,6,635.6600000000001,6,635.6599999999997,swap,notBad
6620,6,635.6600000000001,6,635.6599999999997,2opt,notBad
6621,6,635.6600000000001,6,635.6599999999997,swap,notBad
6622,6,635.6600000000001,6,635.6599999999997,2opt,notBad
6623,6,635.6600000000001,6,635.6599999999997,2opt,notBad
6624,6,635.6600000000001,6,635.6599999999997,move,improve
6625,6,635.6600000000001,6,635.6599999999997,swap,notBad
6626,6,635.6600000000001,6,635.6599999999997,2opt,improve
6627,6,635.6600000000001,6,635.6599999999997,2opt,notBad
6628,6,635.6600000000001,6,635.6599999999997,2opt,notBad
6629,6,635.6600000000001,6,635.6599999999997,move,improve
6630,6,635.6600000000001,6,635.6599999999997,2opt,notBad
6631,6,635.6600000000001,6,635.6599999999997,2opt,notBad
6632,6,635.6600000000001,6,635.6599999999997,swap,notBad
6633,6,635.6600000000001,6,635.6599999999997,2opt,notBad
6634,6,635.6600000000001,6,635.6599999999997,swap,notBad
6635,6,635.6600000000001,6,635.6599999999997,move,improve
6636,6,635.6600000000001,6,635.6599999999997,swap,notBad
6637,6,635.6600000000001,6,635.6599999999997,swap,notBad
6638,6,635.6600000000001,6,635.6599999999997,swap,notBad
6639,6,635.6600000000001,6,635.6599999999997,2opt,notBad
6640,6,635.6600000000001,6,635.6599999999997,2opt,notBad
6641,6,635.6600000000001,6,635.6599999999997,move,improve
6642,6,635.6600000000001,6,635.6599999999997,2opt,notBad
6643,6,635.6600000000001,6,635.6599999999997,2opt,notBad
6644,6,635.6600000000001,6,635.6599999999997,swap,notBad
6645,6,635.6600000000001,6,635.6599999999997,swap,notBad
6646,6,635.6600000000001,6,635.6599999999997,move,improve
6647,6,635.6600000000001,6,635.6599999999997,move,improve
6648,6,635.6600000000001,6,635.6599999999997,2opt,notBad
6649,6,635.6600000000001,6,635.6599999999997,2opt,notBad
6650,6,635.6600000000001,6,635.6599999999997,swap,notBad
6651,6,635.6600000000001,6,635.6599999999997,2opt,notBad
6652,6,635.6600000000001,6,635.6599999999997,swap,notBad
6653,6,635.6600000000001,6,635.6599999999997,swap,notBad
6654,6,635.6600000000001,6,635.6599999999997,move,improve
6655,6,635.6600000000001,6,635.6599999999997,2opt,improve
6656,6,635.6600000000001,6,635.6599999999997,move,improve
6657,6,635.6600000000001,6,635.6599999999997,swap,notBad
6658,6,635.6600000000001,6,635.6599999999997,move,improve
6659,6,635.6600000000001,6,635.6599999999997,2opt,notBad
6660,6,635.6600000000001,6,635.6599999999997,swap,notBad
6661,6,635.6600000000001,6,635.6599999999997,move,improve
6662,6,635.6600000000001,6,635.6599999999997,swap,notBad
6663,6,635.6600000000001,6,635.6599999999997,2opt,notBad
6664,6,635.6600000000001,6,635.6599999999997,move,improve
6665,6,635.6600000000001,6,635.6599999999997,swap,notBad
6666,6,635.6600000000001,6,635.6599999999997,swap,notBad
6667,6,635.6600000000001,6,635.6599999999997,move,improve
6668,6,635.6600000000001,6,635.6599999999997,move,improve
6669,6,635.6600000000001,6,635.6599999999997,swap,notBad
6670,6,635.6600000000001,6,635.6599999999997,swap,notBad
6671,6,635.6600000000001,6,635.6599999999997,move,improve
6672,6,635.6600000000001,6,635.6599999999997,move,improve
6673,6,635.6600000000001,6,635.6599999999997,2opt,notBad
6674,6,635.6600000000001,6,635.6599999999997,swap,notBad
6675,6,635.6600000000001,6,635.6599999999997,swap,notBad
6676,6,635.6600000000001,6,635.6599999999997,move,improve
6677,6,635.6600000000001,6,635.6599999999997,swap,notBad
6678,6,635.6600000000001,6,635.6599999999997,2opt,notBad
6679,6,635.6600000000001,6,635.6599999999997,move,improve
6680,6,635.6600000000001,6,635.6599999999997,2opt,notBad
6681,6,635.6600000000001,6,635.6599999999997,2opt,notBad
6682,6,635.6600000000001,6,635.6599999999997,move,improve
6683,6,635.6600000000001,6,635.6599999999997,swap,notBad
6684,6,635.6600000000001,6,635.6599999999997,swap,notBad
6685,6,638.46,6,635.6599999999997,swap,acceptBad
6686,6,638.46,6,635.6599999999997,2opt,improve
6687,6,638.46,6,635.6599999999997,swap,notBad
6688,6,638.46,6,635.6599999999997,2opt,notBad
6689,6,638.46,6,635.6599999999997,swap,notBad
6690,6,638.46,6,635.6599999999997,swap,notBad
6691,6,638.46,6,635.6599999999997,swap,notBad
6692,6,635.6600000000001,6,635.6599999999997,move,improve
6693,6,635.6600000000001,6,635.6599999999997,2opt,notBad
6694,6,635.6600000000001,6,635.6599999999997,move,improve
6695,6,635.6600000000001,6,635.6599999999997,2opt,notBad
6696,6,635.6600000000001,6,635.6599999999997,swap,notBad
6697,6,642.2,6,635.6599999999997,swap,acceptBad
6698,6,642.2,6,635.6599999999997,move,improve
6699,6,642.2,6,635.6599999999997,2opt,notBad
6700,6,642.2,6,635.6599999999997,swap,notBad
6701,6,642.2,6,635.6599999999997,2opt,notBad
6702,6,642.2,6,635.6599999999997,move,improve
6703,6,642.2,6,635.6599999999997,2opt,notBad
6704,6,642.2,6,635.6599999999997,2opt,notBad
6705,6,642.2,6,635.6599999999997,swap,notBad
6706,6,642.2,6,635.6599999999997,move,improve
6707,6,642.2,6,635.6599999999997,swap,notBad
6708,6,642.2,6,635.6599999999997,2opt,notBad
6709,6,642.2,6,635.6599999999997,swap,notBad
6710,6,642.2,6,635.6599999999997,swap,notBad
6711,6,642.2,6,635.6599999999997,2opt,notBad
6712,6,642.2,6,635.6599999999997,swap,notBad
6713,6,642.2,6,635.6599999999997,swap,notBad
6714,6,642.2,6,635.6599999999997,move,improve
6715,6,642.2,6,635.6599999999997,swap,notBad
6716,6,642.2,6,635.6599999999997,2opt,notBad
6717,6,642.2,6,635.6599999999997,swap,notBad
6718,6,642.2,6,635.6599999999997,2opt,notBad
6719,6,642.2,6,635.6599999999997,2opt,notBad
6720,6,642.2,6,635.6599999999997,2opt,notBad
6721,6,642.2,6,635.6599999999997,2opt,notBad
6722,6,642.2,6,635.6599999999997,swap,notBad
6723,6,642.2,6,635.6599999999997,swap,notBad
6724,6,642.2,6,635.6599999999997,move,improve
6725,6,642.2,6,635.6599999999997,2opt,notBad
6726,6,642.2,6,635.6599999999997,move,notBad
6727,6,642.2,6,635.6599999999997,swap,notBad
6728,6,642.2,6,635.6599999999997,move,improve
6729,6,642.2,6,635.6599999999997,swap,notBad
6730,6,642.2,6,635.6599999999997,move,improve
6731,6,642.2,6,635.6599999999997,2opt,notBad
6732,6,646.1,6,635.6599999999997,swap,acceptBad
6733,6,646.1,6,635.6599999999997,2opt,notBad
6734,6,646.1,6,635.6599999999997,2opt,notBad
6735,6,646.1,6,635.6599999999997,swap,notBad
6736,6,646.1,6,635.6599999999997,move,improve
6737,6,646.1,6,635.6599999999997,move,improve
6738,6,645.8599999999998,6,635.6599999999997,move,improve
6739,6,645.8599999999998,6,635.6599999999997,swap,notBad
6740,6,645.8599999999998,6,635.6599999999997,move,improve
6741,6,645.8599999999998,6,635.6599999999997,2opt,notBad
6742,6,645.8599999999998,6,635.6599999999997,move,improve
6743,6,645.8599999999998,6,635.6599999999997,swap,notBad
6744,6,645.8599999999998,6,635.6599999999997,2opt,notBad
6745,6,645.8599999999998,6,635.6599999999997,2opt,notBad
6746,6,645.8599999999998,6,635.6599999999997,move,improve
6747,6,645.8599999999998,6,635.6599999999997,2opt,notBad
6748,6,645.8599999999998,6,635.6599999999997,swap,notBad
6749,6,645.8599999999998,6,635.6599999999997,2opt,notBad
6750,6,645.8599999999998,6,635.6599999999997,move,improve
6751,6,645.8599999999998,6,635.6599999999997,move,improve
6752,6,645.8599999999998,6,635.6599999999997,swap,notBad
6753,6,645.8599999999998,6,635.6599999999997,move,improve
6754,6,645.8599999999998,6,635.6599999999997,swap,notBad
6755,6,645.8599999999998,6,635.6599999999997,swap,notBad
6756,6,645.8599999999998,6,635.6599999999997,2opt,notBad
6757,6,645.8599999999998,6,635.6599999999997,move,improve
6758,6,645.8599999999998,6,635.6599999999997,swap,notBad
6759,6,645.8599999999998,6,635.6599999999997,move,improve
6760,6,645.8599999999998,6,635.6599999999997,2opt,notBad
6761,6,645.8599999999998,6,635.6599999999997,move,improve
6762,6,645.8599999999998,6,635.6599999999997,2opt,notBad
6763,6,645.8599999999998,6,635.6599999999997,swap,notBad
6764,6,645.8599999999998,6,635.6599999999997,2opt,notBad
6765,6,645.8599999999998,6,635.6599999999997,swap,notBad
6766,6,645.8599999999998,6,635.6599999999997,move,improve
6767,6,645.8599999999998,6,635.6599999999997,move,improve
6768,6,645.8599999999998,6,635.6599999999997,swap,notBad
6769,6,645.8599999999998,6,635.6599999999997,swap,notBad
6770,6,645.8599999999998,6,635.6599999999997,2opt,notBad
6771,6,645.8599999999998,6,635.6599999999997,swap,notBad
6772,6,645.8599999999998,6,635.6599999999997,2opt,notBad
6773,6,645.8599999999998,6,635.6599999999997,2opt,notBad
6774,6,645.8599999999998,6,635.6599999999997,swap,notBad
6775,6,645.8599999999998,6,635.6599999999997,2opt,notBad
6776,6,645.8599999999998,6,635.6599999999997,move,notBad
6777,6,645.8599999999998,6,635.6599999999997,2opt,notBad
6778,6,645.8599999999998,6,635.6599999999997,2opt,notBad
6779,6,645.8599999999998,6,635.6599999999997,2opt,notBad
6780,6,645.8599999999998,6,635.6599999999997,swap,notBad
6781,6,645.8599999999998,6,635.6599999999997,swap,notBad
6782,6,645.8599999999998,6,635.6599999999997,2opt,notBad
6783,6,645.8599999999998,6,635.6599999999997,swap,notBad
6784,6,641.9599999999998,6,635.6599999999997,swap,improve
6785,6,641.9599999999998,6,635.6599999999997,2opt,notBad
6786,6,641.9599999999998,6,635.6599999999997,2opt,notBad
6787,6,641.9599999999998,6,635.6599999999997,move,improve
6788,6,641.9599999999998,6,635.6599999999997,swap,notBad
6789,6,641.9599999999998,6,635.6599999999997,2opt,improve
6790,6,641.9599999999998,6,635.6599999999997,2opt,notBad
6791,6,641.9599999999998,6,635.6599999999997,move,improve
6792,6,641.9599999999998,6,635.6599999999997,2opt,notBad
6793,6,641.9599999999998,6,635.6599999999997,2opt,notBad
6794,6,641.9599999999998,6,635.6599999999997,2opt,notBad
6795,6,641.9599999999998,6,635.6599999999997,swap,notBad
6796,6,641.9599999999998,6,635.6599999999997,2opt,notBad
6797,6,641.9599999999998,6,635.6599999999997,move,improve
6798,6,641.9599999999998,6,635.6599999999997,swap,notBad
6799,6,641.9599999999998,6,635.6599999999997,swap,notBad
6800,6,641.9599999999998,6,635.6599999999997,move,improve
6801,6,641.9599999999998,6,635.6599999999997,swap,notBad
6802,6,641.9599999999998,6,635.6599999999997,2opt,notBad
6803,6,641.9599999999998,6,635.6599999999997,2opt,notBad
6804,6,641.9599999999998,6,635.6599999999997,move,improve
6805,6,645.8599999999998,6,635.6599999999997,swap,acceptBad
6806,6,645.8599999999998,6,635.6599999999997,2opt,notBad
6807,6,645.8599999999998,6,635.6599999999997,swap,notBad
6808,6,645.8599999999998,6,635.6599999999997,swap,notBad
6809,6,645.8599999999998,6,635.6599999999997,move,improve
6810,6,645.8599999999998,6,635.6599999999997,move,improve
6811,6,645.8599999999998,6,635.6599999999997,swap,notBad
6812,6,640.9399999999997,6,635.6599999999997,move,improve
6813,6,640.9399999999997,6,635.6599999999997,move,improve
6814,6,640.9399999999997,6,635.6599999999997,2opt,notBad
6815,6,640.9399999999997,6,635.6599999999997,move,improve
6816,6,640.9399999999997,6,635.6599999999997,swap,notBad
6817,6,640.9399999999997,6,635.6599999999997,swap,notBad
6818,6,640.9399999999997,6,635.6599999999997,move,improve
6819,6,640.9399999999997,6,635.6599999999997,move,improve
6820,6,640.9399999999997,6,635.6599999999997,swap,notBad
6821,6,640.9399999999997,6,635.6599999999997,swap,notBad
6822,6,640.9399999999997,6,635.6599999999997,swap,notBad
6823,6,640.9399999999997,6,635.6599999999997,swap,notBad
6824,6,640.9399999999997,6,635.6599999999997,swap,notBad
6825,6,640.9399999999997,6,635.6599999999997,move,improve
6826,6,640.9399999999997,6,635.6599999999997,move,improve
6827,6,640.9399999999997,6,635.6599999999997,move,improve
6828,6,640.9399999999997,6,635.6599999999997,move,improve
6829,6,640.9399999999997,6,635.6599999999997,2opt,notBad
6830,6,640.9399999999997,6,635.6599999999997,2opt,notBad
6831,6,640.9399999999997,6,635.6599999999997,2opt,notBad
6832,6,640.9399999999997,6,635.6599999999997,swap,notBad
6833,6,640.9399999999997,6,635.6599999999997,2opt,notBad
6834,6,640.9399999999997,6,635.6599999999997,2opt,notBad
6835,6,640.9399999999997,6,635.6599999999997,2opt,notBad
6836,6,640.9399999999997,6,635.6599999999997,swap,notBad
6837,6,640.9399999999997,6,635.6599999999997,swap,notBad
6838,6,640.9399999999997,6,635.6599999999997,swap,notBad
6839,6,640.9399999999997,6,635.6599999999997,move,improve
6840,6,640.9399999999997,6,635.6599999999997,swap,notBad
6841,6,640.9399999999997,6,635.6599999999997,move,improve
6842,6,640.9399999999997,6,635.6599999999997,2opt,notBad
6843,6,640.9399999999997,6,635.6599999999997,swap,notBad
6844,6,640.9399999999997,6,635.6599999999997,2opt,notBad
6845,6,640.9399999999997,6,635.6599999999997,swap,notBad
6846,6,640.9399999999997,6,635.6599999999997,2opt,notBad
6847,6,640.9399999999997,6,635.6599999999997,2opt,notBad
6848,6,640.9399999999997,6,635.6599999999997,move,improve
6849,6,640.9399999999997,6,635.6599999999997,swap,notBad
6850,6,639.8599999999998,6,635.6599999999997,swap,improve
6851,6,639.8599999999998,6,635.6599999999997,swap,notBad
6852,6,639.8599999999998,6,635.6599999999997,2opt,notBad
6853,6,639.8599999999998,6,635.6599999999997,2opt,notBad
6854,6,639.8599999999998,6,635.6599999999997,2opt,notBad
6855,6,639.8599999999998,6,635.6599999999997,swap,notBad
6856,6,639.8599999999998,6,635.6599999999997,move,improve
6857,6,639.8599999999998,6,635.6599999999997,swap,notBad
6858,6,639.8599999999998,6,635.6599999999997,swap,notBad
6859,6,639.8599999999998,6,635.6599999999997,2opt,notBad
6860,6,639.8599999999998,6,635.6599999999997,swap,notBad
6861,6,639.8599999999998,6,635.6599999999997,swap,notBad
6862,6,639.8599999999998,6,635.6599999999997,2opt,notBad
6863,6,639.8599999999998,6,635.6599999999997,move,improve
6864,6,639.8599999999998,6,635.6599999999997,move,improve
6865,6,639.8599999999998,6,635.6599999999997,swap,notBad
6866,6,639.8599999999998,6,635.6599999999997,move,improve
6867,6,639.8599999999998,6,635.6599999999997,swap,notBad
6868,6,639.8599999999998,6,635.6599999999997,swap,notBad
6869,6,639.8599999999998,6,635.6599999999997,swap,notBad
6870,6,639.8599999999998,6,635.6599999999997,swap,notBad
6871,6,639.8599999999998,6,635.6599999999997,swap,notBad
6872,6,639.8599999999998,6,635.6599999999997,move,improve
6873,6,639.8599999999998,6,635.6599999999997,move,improve
6874,6,639.8599999999998,6,635.6599999999997,2opt,notBad
6875,6,639.8599999999998,6,635.6599999999997,swap,notBad
6876,6,639.8599999999998,6,635.6599999999997,move,improve
6877,6,639.8599999999998,6,635.6599999999997,2opt,notBad
6878,6,639.8599999999998,6,635.6599999999997,move,improve
6879,6,639.8599999999998,6,635.6599999999997,move,notBad
6880,6,639.8599999999998,6,635.6599999999997,2opt,notBad
6881,6,639.8599999999998,6,635.6599999999997,move,improve
6882,6,639.8599999999998,6,635.6599999999997,2opt,notBad
6883,6,639.8599999999998,6,635.6599999999997,2opt,notBad
6884,6,639.8599999999998,6,635.6599999999997,move,improve
6885,6,639.8599999999998,6,635.6599999999997,2opt,notBad
6886,6,639.8599999999998,6,635.6599999999997,2opt,notBad
6887,6,639.8599999999998,6,635.6599999999997,swap,notBad
6888,6,639.8599999999998,6,635.6599999999997,swap,notBad
6889,6,639.8599999999998,6,635.6599999999997,swap,notBad
6890,6,639.8599999999998,6,635.6599999999997,swap,notBad
6891,6,639.8599999999998,6,635.6599999999997,2opt,notBad
6892,6,639.8599999999998,6,635.6599999999997,swap,notBad
6893,6,639.8599999999998,6,635.6599999999997,swap,notBad
6894,6,639.8599999999998,6,635.6599999999997,swap,notBad
6895,6,639.8599999999998,6,635.6599999999997,2opt,notBad
6896,6,639.8599999999998,6,635.6599999999997,swap,notBad
6897,6,639.8599999999998,6,635.6599999999997,move,improve
6898,6,639.8599999999998,6,635.6599999999997,move,notBad
6899,6,639.8599999999998,6,635.6599999999997,swap,notBad
6900,6,639.8599999999998,6,635.6599999999997,swap,notBad
6901,6,639.8599999999998,6,635.6599999999997,swap,notBad
6902,6,639.8599999999998,6,635.6599999999997,move,improve
6903,6,639.8599999999998,6,635.6599999999997,2opt,notBad
6904,6,639.8599999999998,6,635.6599999999997,swap,notBad
6905,6,639.8599999999998,6,635.6599999999997,swap,notBad
6906,6,639.8599999999998,6,635.6599999999997,swap,notBad
6907,6,639.8599999999998,6,635.6599999999997,move,improve
6908,6,639.8599999999998,6,635.6599999999997,move,improve
6909,6,639.8599999999998,6,635.6599999999997,2opt,improve
6910,6,639.8599999999998,6,635.6599999999997,swap,notBad
6911,6,639.8599999999998,6,635.6599999999997,swap,notBad
6912,6,639.8599999999998,6,635.6599999999997,swap,notBad
6913,6,639.8599999999998,6,635.6599999999997,2opt,notBad
6914,6,639.8599999999998,6,635.6599999999997,2opt,notBad
6915,6,639.8599999999998,6,635.6599999999997,move,improve
6916,6,639.8599999999998,6,635.6599999999997,2opt,notBad
6917,6,639.8599999999998,6,635.6599999999997,swap,notBad
6918,6,639.8599999999998,6,635.6599999999997,2opt,notBad
6919,6,639.8599999999998,6,635.6599999999997,move,improve
6920,6,639.8599999999998,6,635.6599999999997,move,improve
6921,6,639.8599999999998,6,635.6599999999997,move,improve
6922,6,639.8599999999998,6,635.6599999999997,move,improve
6923,6,639.8599999999998,6,635.6599999999997,swap,notBad
6924,6,639.8599999999998,6,635.6599999999997,swap,notBad
6925,6,639.8599999999998,6,635.6599999999997,swap,notBad
6926,6,639.8599999999998,6,635.6599999999997,move,improve
6927,6,639.8599999999998,6,635.6599999999997,move,improve
6928,6,639.8599999999998,6,635.6599999999997,swap,notBad
6929,6,639.8599999999998,6,635.6599999999997,swap,notBad
6930,6,639.8599999999998,6,635.6599999999997,swap,notBad
6931,6,639.8599999999998,6,635.6599999999997,move,improve
6932,6,639.8599999999998,6,635.6599999999997,swap,notBad
6933,6,639.8599999999998,6,635.6599999999997,move,improve
6934,6,639.8599999999998,6,635.6599999999997,2opt,notBad
6935,6,639.8599999999998,6,635.6599999999997,swap,notBad
6936,6,639.8599999999998,6,635.6599999999997,move,improve
6937,6,639.8599999999998,6,635.6599999999997,swap,notBad
6938,6,639.8599999999998,6,635.6599999999997,swap,notBad
6939,6,639.8599999999998,6,635.6599999999997,move,improve
6940,6,639.8599999999998,6,635.6599999999997,2opt,notBad
6941,6,639.8599999999998,6,635.6599999999997,move,improve
6942,6,639.8599999999998,6,635.6599999999997,swap,notBad
6943,6,639.8599999999998,6,635.6599999999997,swap,notBad
6944,6,639.8599999999998,6,635.6599999999997,swap,notBad
6945,6,639.8599999999998,6,635.6599999999997,swap,notBad
6946,6,639.8599999999998,6,635.6599999999997,move,improve
6947,6,639.8599999999998,6,635.6599999999997,move,improve
6948,6,639.8599999999998,6,635.6599999999997,2opt,notBad
6949,6,639.8599999999998,6,635.6599999999997,2opt,notBad
6950,6,639.8599999999998,6,635.6599999999997,2opt,notBad
6951,6,639.8599999999998,6,635.6599999999997,2opt,notBad
6952,6,639.8599999999998,6,635.6599999999997,move,improve
6953,6,639.8599999999998,6,635.6599999999997,2opt,notBad
6954,6,639.8599999999998,6,635.6599999999997,swap,notBad
6955,6,639.8599999999998,6,635.6599999999997,2opt,notBad
6956,6,639.8599999999998,6,635.6599999999997,2opt,notBad
6957,6,639.8599999999998,6,635.6599999999997,move,improve
6958,6,639.8599999999998,6,635.6599999999997,2opt,notBad
6959,6,639.8599999999998,6,635.6599999999997,2opt,notBad
6960,6,639.8599999999998,6,635.6599999999997,move,improve
6961,6,639.8599999999998,6,635.6599999999997,2opt,notBad
6962,6,639.8599999999998,6,635.6599999999997,2opt,notBad
6963,6,639.8599999999998,6,635.6599999999997,2opt,notBad
6964,6,639.8599999999998,6,635.6599999999997,move,improve
6965,6,639.8599999999998,6,635.6599999999997,move,improve
6966,6,639.8599999999998,6,635.6599999999997,2opt,notBad
6967,6,639.8599999999998,6,635.6599999999997,2opt,notBad
6968,6,639.8599999999998,6,635.6599999999997,2opt,notBad
6969,6,639.8599999999998,6,635.6599999999997,2opt,notBad
6970,6,639.8599999999998,6,635.6599999999997,move,improve
6971,6,639.8599999999998,6,635.6599999999997,move,improve
6972,6,639.8599999999998,6,635.6599999999997,swap,notBad
6973,6,639.8599999999998,6,635.6599999999997,swap,notBad
6974,6,639.8599999999998,6,635.6599999999997,swap,notBad
6975,6,639.8599999999998,6,635.6599999999997,2opt,notBad
6976,6,639.8599999999998,6,635.6599999999997,move,improve
6977,6,639.8599999999998,6,635.6599999999997,swap,notBad
6978,6,639.8599999999998,6,635.6599999999997,swap,notBad
6979,6,639.8599999999998,6,635.6599999999997,move,improve
6980,6,639.8599999999998,6,635.6599999999997,2opt,notBad
6981,6,639.8599999999998,6,635.6599999999997,swap,notBad
6982,6,639.8599999999998,6,635.6599999999997,2opt,notBad
6983,6,639.8599999999998,6,635.6599999999997,swap,notBad
6984,6,639.8599999999998,6,635.6599999999997,2opt,notBad
6985,6,639.8599999999998,6,635.6599999999997,move,improve
6986,6,639.8599999999998,6,635.6599999999997,swap,notBad
6987,6,639.8599999999998,6,635.6599999999997,swap,notBad
6988,6,639.8599999999998,6,635.6599999999997,swap,notBad
6989,6,639.8599999999998,6,635.6599999999997,2opt,notBad
6990,6,639.8599999999998,6,635.6599999999997,move,improve
6991,6,639.8599999999998,6,635.6599999999997,move,improve
6992,6,639.8599999999998,6,635.6599999999997,2opt,notBad
6993,6,639.8599999999998,6,635.6599999999997,swap,notBad
6994,6,639.8599999999998,6,635.6599999999997,move,improve
6995,6,639.8599999999998,6,635.6599999999997,move,improve
6996,6,639.8599999999998,6,635.6599999999997,swap,notBad
6997,6,639.8599999999998,6,635.6599999999997,swap,notBad
6998,6,639.8599999999998,6,635.6599999999997,2opt,notBad
6999,6,639.8599999999998,6,635.6599999999997,swap,notBad
7000,6,639.8599999999998,6,635.6599999999997,move,improve
7001,6,639.8599999999998,6,635.6599999999997,move,improve
7002,6,639.8599999999998,6,635.6599999999997,swap,notBad
7003,6,639.8599999999998,6,635.6599999999997,move,improve
7004,6,639.8599999999998,6,635.6599999999997,move,improve
7005,6,639.8599999999998,6,635.6599999999997,move,improve
7006,6,639.8599999999998,6,635.6599999999997,swap,notBad
7007,6,639.8599999999998,6,635.6599999999997,2opt,notBad
7008,6,639.8599999999998,6,635.6599999999997,2opt,notBad
7009,6,639.8599999999998,6,635.6599999999997,move,improve
7010,6,639.8599999999998,6,635.6599999999997,2opt,notBad
7011,6,639.8599999999998,6,635.6599999999997,move,improve
7012,6,639.8599999999998,6,635.6599999999997,move,improve
7013,6,644.7799999999999,6,635.6599999999997,swap,acceptBad
7014,6,644.7799999999999,6,635.6599999999997,2opt,notBad
7015,6,644.7799999999999,6,635.6599999999997,swap,notBad
7016,6,644.7799999999999,6,635.6599999999997,swap,notBad
7017,6,644.7799999999999,6,635.6599999999997,2opt,notBad
7018,6,644.7799999999999,6,635.6599999999997,move,improve
7019,6,644.7799999999999,6,635.6599999999997,swap,notBad
7020,6,644.7799999999999,6,635.6599999999997,move,improve
7021,6,644.7799999999999,6,635.6599999999997,move,improve
7022,6,644.7799999999999,6,635.6599999999997,swap,notBad
7023,6,644.7799999999999,6,635.6599999999997,move,improve
7024,6,644.7799999999999,6,635.6599999999997,move,improve
7025,6,639.3199999999998,6,635.6599999999997,swap,improve
7026,6,639.3199999999998,6,635.6599999999997,2opt,notBad
7027,6,639.3199999999998,6,635.6599999999997,move,improve
7028,6,639.3199999999998,6,635.6599999999997,swap,notBad
7029,6,639.3199999999998,6,635.6599999999997,move,improve
7030,6,639.3199999999998,6,635.6599999999997,2opt,improve
7031,6,639.3199999999998,6,635.6599999999997,swap,notBad
7032,6,639.3199999999998,6,635.6599999999997,swap,notBad
7033,6,639.3199999999998,6,635.6599999999997,move,improve
7034,6,639.3199999999998,6,635.6599999999997,2opt,notBad
7035,6,639.3199999999998,6,635.6599999999997,2opt,notBad
7036,6,639.3199999999998,6,635.6599999999997,swap,notBad
7037,6,639.3199999999998,6,635.6599999999997,move,improve
7038,6,639.3199999999998,6,635.6599999999997,move,improve
7039,6,639.3199999999998,6,635.6599999999997,2opt,notBad
7040,6,639.3199999999998,6,635.6599999999997,swap,notBad
7041,6,639.3199999999998,6,635.6599999999997,swap,notBad
7042,6,639.3199999999998,6,635.6599999999997,2opt,notBad
7043,6,639.3199999999998,6,635.6599999999997,move,improve
7044,6,639.3199999999998,6,635.6599999999997,2opt,notBad
7045,6,644.7799999999999,6,635.6599999999997,swap,acceptBad
7046,6,644.7799999999999,6,635.6599999999997,move,improve
7047,6,644.7799999999999,6,635.6599999999997,move,improve
7048,6,644.7799999999999,6,635.6599999999997,2opt,notBad
7049,6,644.7799999999999,6,635.6599999999997,2opt,notBad
7050,6,644.7799999999999,6,635.6599999999997,move,improve
7051,6,644.7799999999999,6,635.6599999999997,move,improve
7052,6,644.7799999999999,6,635.6599999999997,2opt,notBad
7053,6,644.7799999999999,6,635.6599999999997,2opt,notBad
7054,6,644.7799999999999,6,635.6599999999997,move,improve
7055,6,644.7799999999999,6,635.6599999999997,swap,notBad
7056,6,644.7799999999999,6,635.6599999999997,2opt,notBad
7057,6,644.7799999999999,6,635.6599999999997,swap,notBad
7058,6,644.7799999999999,6,635.6599999999997,move,improve
7059,6,644.7799999999999,6,635.6599999999997,swap,notBad
7060,6,644.7799999999999,6,635.6599999999997,move,improve
7061,6,644.7799999999999,6,635.6599999999997,swap,notBad
7062,6,644.7799999999999,6,635.6599999999997,move,improve
7063,6,644.7799999999999,6,635.6599999999997,move,improve
7064,6,644.7799999999999,6,635.6599999999997,swap,notBad
7065,6,639.8599999999998,6,635.6599999999997,move,improve
7066,6,639.8599999999998,6,635.6599999999997,move,improve
7067,6,639.8599999999998,6,635.6599999999997,move,improve
7068,6,639.8599999999998,6,635.6599999999997,swap,notBad
7069,6,639.8599999999998,6,635.6599999999997,swap,notBad
7070,6,639.8599999999998,6,635.6599999999997,swap,notBad
7071,6,639.8599999999998,6,635.6599999999997,move,improve
7072,6,639.8599999999998,6,635.6599999999997,2opt,notBad
7073,6,639.8599999999998,6,635.6599999999997,2opt,notBad
7074,6,639.8599999999998,6,635.6599999999997,swap,notBad
7075,6,639.8599999999998,6,635.6599999999997,swap,notBad
7076,6,639.8599999999998,6,635.6599999999997,2opt,notBad
7077,6,639.8599999999998,6,635.6599999999997,swap,notBad
7078,6,639.8599999999998,6,635.6599999999997,swap,notBad
7079,6,639.8599999999998,6,635.6599999999997,move,improve
7080,6,639.8599999999998,6,635.6599999999997,2opt,notBad
7081,6,639.8599999999998,6,635.6599999999997,2opt,notBad
7082,6,639.8599999999998,6,635.6599999999997,move,improve
7083,6,639.8599999999998,6,635.6599999999997,move,improve
7084,6,639.8599999999998,6,635.6599999999997,swap,notBad
7085,6,639.8599999999998,6,635.6599999999997,2opt,notBad
7086,6,639.8599999999998,6,635.6599999999997,2opt,notBad
7087,6,639.8599999999998,6,635.6599999999997,2opt,notBad
7088,6,639.8599999999998,6,635.6599999999997,move,improve
7089,6,639.8599999999998,6,635.6599999999997,2opt,improve
7090,6,639.8599999999998,6,635.6599999999997,2opt,notBad
7091,6,639.8599999999998,6,635.6599999999997,move,improve
7092,6,639.8599999999998,6,635.6599999999997,2opt,notBad
7093,6,639.8599999999998,6,635.6599999999997,2opt,improve
7094,6,639.8599999999998,6,635.6599999999997,swap,notBad
7095,6,639.8599999999998,6,635.6599999999997,move,improve
7096,6,639.8599999999998,6,635.6599999999997,move,improve
7097,6,639.8599999999998,6,635.6599999999997,move,improve
7098,6,639.8599999999998,6,635.6599999999997,move,improve
7099,6,639.8599999999998,6,635.6599999999997,2opt,notBad
7100,6,639.8599999999998,6,635.6599999999997,2opt,notBad
7101,6,639.8599999999998,6,635.6599999999997,2opt,notBad
7102,6,639.8599999999998,6,635.6599999999997,swap,notBad
7103,6,639.8599999999998,6,635.6599999999997,swap,notBad
7104,6,639.8599999999998,6,635.6599999999997,move,improve
7105,6,639.8599999999998,6,635.6599999999997,swap,notBad
7106,6,639.8599999999998,6,635.6599999999997,2opt,notBad
7107,6,639.8599999999998,6,635.6599999999997,swap,notBad
7108,6,639.8599999999998,6,635.6599999999997,move,improve
7109,6,639.8599999999998,6,635.6599999999997,move,improve
7110,6,639.8599999999998,6,635.6599999999997,move,improve
7111,6,639.8599999999998,6,635.6599999999997,swap,notBad
7112,6,639.8599999999998,6,635.6599999999997,swap,notBad
7113,6,639.8599999999998,6,635.6599999999997,move,improve
7114,6,639.8599999999998,6,635.6599999999997,2opt,notBad
7115,6,639.8599999999998,6,635.6599999999997,move,improve
7116,6,639.8599999999998,6,635.6599999999997,2opt,notBad
7117,6,639.8599999999998,6,635.6599999999997,swap,notBad
7118,6,639.8599999999998,6,635.6599999999997,swap,notBad
7119,6,639.8599999999998,6,635.6599999999997,move,improve
7120,6,639.8599999999998,6,635.6599999999997,swap,notBad
7121,6,639.8599999999998,6,635.6599999999997,swap,notBad
7122,6,639.8599999999998,6,635.6599999999997,move,improve
7123,6,639.8599999999998,6,635.6599999999997,swap,notBad
7124,6,639.8599999999998,6,635.6599999999997,move,improve
7125,6,641.3599999999997,6,635.6599999999997,swap,acceptBad
7126,6,641.3599999999997,6,635.6599999999997,swap,notBad
7127,6,641.3599999999997,6,635.6599999999997,move,improve
7128,6,641.3599999999997,6,635.6599999999997,2opt,notBad
7129,6,641.3599999999997,6,635.6599999999997,swap,notBad
7130,6,641.3599999999997,6,635.6599999999997,2opt,notBad
7131,6,641.3599999999997,6,635.6599999999997,move,improve
7132,6,641.3599999999997,6,635.6599999999997,swap,notBad
7133,6,641.3599999999997,6,635.6599999999997,move,improve
7134,6,641.3599999999997,6,635.6599999999997,move,improve
7135,6,641.3599999999997,6,635.6599999999997,move,improve
7136,6,641.3599999999997,6,635.6599999999997,move,improve
7137,6,641.3599999999997,6,635.6599999999997,swap,notBad
7138,6,641.3599999999997,6,635.6599999999997,2opt,notBad
7139,6,641.3599999999997,6,635.6599999999997,2opt,notBad
7140,6,641.3599999999997,6,635.6599999999997,2opt,notBad
7141,6,641.3599999999997,6,635.6599999999997,2opt,notBad
7142,6,641.3599999999997,6,635.6599999999997,move,improve
7143,6,641.3599999999997,6,635.6599999999997,2opt,notBad
7144,6,641.3599999999997,6,635.6599999999997,swap,notBad
7145,6,641.3599999999997,6,635.6599999999997,2opt,notBad
7146,6,639.8599999999998,6,635.6599999999997,move,improve
7147,6,639.8599999999998,6,635.6599999999997,2opt,notBad
7148,6,639.8599999999998,6,635.6599999999997,2opt,notBad
7149,6,639.8599999999998,6,635.6599999999997,move,improve
7150,6,639.8599999999998,6,635.6599999999997,2opt,notBad
7151,6,639.8599999999998,6,635.6599999999997,swap,notBad
7152,6,639.8599999999998,6,635.6599999999997,2opt,improve
7153,6,639.8599999999998,6,635.6599999999997,move,improve
7154,6,639.8599999999998,6,635.6599999999997,2opt,notBad
7155,6,639.8599999999998,6,635.6599999999997,swap,notBad
7156,6,639.8599999999998,6,635.6599999999997,swap,notBad
7157,6,639.8599999999998,6,635.6599999999997,swap,notBad
7158,6,639.8599999999998,6,635.6599999999997,swap,notBad
7159,6,639.8599999999998,6,635.6599999999997,swap,notBad
7160,6,639.8599999999998,6,635.6599999999997,swap,notBad
7161,6,639.8599999999998,6,635.6599999999997,2opt,notBad
7162,6,639.8599999999998,6,635.6599999999997,2opt,notBad
7163,6,639.8599999999998,6,635.6599999999997,2opt,notBad
7164,6,639.8599999999998,6,635.6599999999997,swap,notBad
7165,6,639.8599999999998,6,635.6599999999997,move,improve
7166,6,639.8599999999998,6,635.6599999999997,swap,notBad
7167,6,639.8599999999998,6,635.6599999999997,move,improve
7168,6,639.8599999999998,6,635.6599999999997,move,improve
7169,6,639.8599999999998,6,635.6599999999997,move,improve
7170,6,639.8599999999998,6,635.6599999999997,move,improve
7171,6,639.8599999999998,6,635.6599999999997,2opt,notBad
7172,6,639.8599999999998,6,635.6599999999997,swap,notBad
7173,6,639.8599999999998,6,635.6599999999997,2opt,notBad
7174,6,639.8599999999998,6,635.6599999999997,move,notBad
7175,6,639.8599999999998,6,635.6599999999997,move,improve
7176,6,639.8599999999998,6,635.6599999999997,swap,notBad
7177,6,639.8599999999998,6,635.6599999999997,swap,notBad
7178,6,639.8599999999998,6,635.6599999999997,swap,notBad
7179,6,639.8599999999998,6,635.6599999999997,swap,notBad
7180,6,639.8599999999998,6,635.6599999999997,swap,notBad
7181,6,639.8599999999998,6,635.6599999999997,swap,notBad
7182,6,639.8599999999998,6,635.6599999999997,swap,notBad
7183,6,641.3599999999997,6,635.6599999999997,swap,acceptBad
7184,6,641.3599999999997,6,635.6599999999997,2opt,notBad
7185,6,641.3599999999997,6,635.6599999999997,move,improve
7186,6,641.3599999999997,6,635.6599999999997,swap,notBad
7187,6,641.3599999999997,6,635.6599999999997,move,improve
7188,6,641.3599999999997,6,635.6599999999997,2opt,notBad
7189,6,641.3599999999997,6,635.6599999999997,2opt,notBad
7190,6,641.3599999999997,6,635.6599999999997,2opt,notBad
7191,6,641.3599999999997,6,635.6599999999997,swap,notBad
7192,6,641.3599999999997,6,635.6599999999997,swap,notBad
7193,6,641.3599999999997,6,635.6599999999997,2opt,notBad
7194,6,641.3599999999997,6,635.6599999999997,move,improve
7195,6,641.3599999999997,6,635.6599999999997,swap,notBad
7196,6,641.3599999999997,6,635.6599999999997,2opt,notBad
7197,6,641.3599999999997,6,635.6599999999997,swap,notBad
7198,6,641.3599999999997,6,635.6599999999997,move,improve
7199,6,641.3599999999997,6,635.6599999999997,move,improve
7200,6,641.3599999999997,6,635.6599999999997,swap,notBad
7201,6,641.3599999999997,6,635.6599999999997,swap,notBad
7202,6,641.3599999999997,6,635.6599999999997,swap,notBad
7203,6,641.3599999999997,6,635.6599999999997,2opt,notBad
7204,6,639.3199999999998,6,635.6599999999997,move,improve
7205,6,639.3199999999998,6,635.6599999999997,2opt,notBad
7206,6,639.3199999999998,6,635.6599999999997,2opt,notBad
7207,6,639.3199999999998,6,635.6599999999997,swap,notBad
7208,6,639.3199999999998,6,635.6599999999997,swap,notBad
7209,6,639.3199999999998,6,635.6599999999997,swap,notBad
7210,6,639.3199999999998,6,635.6599999999997,swap,notBad
7211,6,639.5199999999998,6,635.6599999999997,swap,acceptBad
7212,6,639.5199999999998,6,635.6599999999997,2opt,notBad
7213,6,639.5199999999998,6,635.6599999999997,move,improve
7214,6,639.5199999999998,6,635.6599999999997,2opt,notBad
7215,6,639.5199999999998,6,635.6599999999997,move,improve
7216,6,639.5199999999998,6,635.6599999999997,2opt,notBad
7217,6,639.2199999999998,6,635.6599999999997,move,improve
7218,6,639.2199999999998,6,635.6599999999997,2opt,notBad
7219,6,639.2199999999998,6,635.6599999999997,swap,notBad
7220,6,639.2199999999998,6,635.6599999999997,move,improve
7221,6,639.2199999999998,6,635.6599999999997,2opt,notBad
7222,6,639.2199999999998,6,635.6599999999997,swap,notBad
7223,6,639.2199999999998,6,635.6599999999997,2opt,notBad
7224,6,639.2199999999998,6,635.6599999999997,swap,notBad
7225,6,639.2199999999998,6,635.6599999999997,swap,notBad
7226,6,639.2199999999998,6,635.6599999999997,2opt,notBad
7227,6,639.2199999999998,6,635.6599999999997,2opt,improve
7228,6,639.2199999999998,6,635.6599999999997,swap,notBad
7229,6,639.2199999999998,6,635.6599999999997,swap,notBad
7230,6,639.2199999999998,6,635.6599999999997,2opt,notBad
7231,6,639.2199999999998,6,635.6599999999997,swap,notBad
7232,6,639.2199999999998,6,635.6599999999997,move,improve
7233,6,639.2199999999998,6,635.6599999999997,swap,notBad
7234,6,639.2199999999998,6,635.6599999999997,2opt,notBad
7235,6,639.2199999999998,6,635.6599999999997,move,improve
7236,6,639.2199999999998,6,635.6599999999997,swap,notBad
7237,6,639.2199999999998,6,635.6599999999997,move,improve
7238,6,639.2199999999998,6,635.6599999999997,swap,notBad
7239,6,639.2199999999998,6,635.6599999999997,swap,notBad
7240,6,639.2199999999998,6,635.6599999999997,swap,notBad
7241,6,639.2199999999998,6,635.6599999999997,swap,notBad
7242,6,639.2199999999998,6,635.6599999999997,move,improve
7243,6,639.2199999999998,6,635.6599999999997,2opt,notBad
7244,6,639.2199999999998,6,635.6599999999997,move,improve
7245,6,639.2199999999998,6,635.6599999999997,2opt,notBad
7246,6,639.1599999999997,6,635.6599999999997,move,improve
7247,6,639.1599999999997,6,635.6599999999997,move,improve
7248,6,639.1599999999997,6,635.6599999999997,swap,notBad
7249,6,639.1599999999997,6,635.6599999999997,move,improve
7250,6,639.1599999999997,6,635.6599999999997,move,improve
7251,6,639.1599999999997,6,635.6599999999997,move,improve
7252,6,639.1599999999997,6,635.6599999999997,2opt,notBad
7253,6,639.1599999999997,6,635.6599999999997,2opt,notBad
7254,6,639.1599999999997,6,635.6599999999997,2opt,notBad
7255,6,639.1599999999997,6,635.6599999999997,swap,notBad
7256,6,639.1599999999997,6,635.6599999999997,move,improve
7257,6,639.1599999999997,6,635.6599999999997,swap,notBad
7258,6,639.1599999999997,6,635.6599999999997,2opt,notBad
7259,6,639.1599999999997,6,635.6599999999997,move,improve
7260,6,639.1599999999997,6,635.6599999999997,2opt,notBad
7261,6,639.1599999999997,6,635.6599999999997,2opt,notBad
7262,6,639.1599999999997,6,635.6599999999997,2opt,notBad
7263,6,639.1599999999997,6,635.6599999999997,swap,notBad
7264,6,639.1599999999997,6,635.6599999999997,2opt,notBad
7265,6,639.1599999999997,6,635.6599999999997,move,improve
7266,6,639.1599999999997,6,635.6599999999997,swap,notBad
7267,6,639.1599999999997,6,635.6599999999997,swap,notBad
7268,6,639.1599999999997,6,635.6599999999997,2opt,notBad
7269,6,639.1599999999997,6,635.6599999999997,move,improve
7270,6,639.1599999999997,6,635.6599999999997,swap,notBad
7271,6,639.1599999999997,6,635.6599999999997,move,improve
7272,6,639.1599999999997,6,635.6599999999997,swap,notBad
7273,6,639.1599999999997,6,635.6599999999997,move,improve
7274,6,639.1599999999997,6,635.6599999999997,move,improve
7275,6,639.1599999999997,6,635.6599999999997,swap,notBad
7276,6,639.1599999999997,6,635.6599999999997,move,improve
7277,6,639.1599999999997,6,635.6599999999997,move,improve
7278,6,639.1599999999997,6,635.6599999999997,2opt,notBad
7279,6,639.1599999999997,6,635.6599999999997,2opt,improve
7280,6,639.1599999999997,6,635.6599999999997,move,improve
7281,6,639.1599999999997,6,635.6599999999997,2opt,notBad
7282,6,639.1599999999997,6,635.6599999999997,swap,notBad
7283,6,639.1599999999997,6,635.6599999999997,2opt,notBad
7284,6,639.1599999999997,6,635.6599999999997,2opt,notBad
7285,6,639.1599999999997,6,635.6599999999997,2opt,notBad
7286,6,639.1599999999997,6,635.6599999999997,move,improve
7287,6,639.1599999999997,6,635.6599999999997,move,improve
7288,6,639.1599999999997,6,635.6599999999997,swap,notBad
7289,6,639.1599999999997,6,635.6599999999997,move,improve
7290,6,639.1599999999997,6,635.6599999999997,swap,notBad
7291,6,639.1599999999997,6,635.6599999999997,2opt,notBad
7292,6,639.1599999999997,6,635.6599999999997,move,improve
7293,6,639.1599999999997,6,635.6599999999997,swap,notBad
7294,6,638.9599999999998,6,635.6599999999997,move,improve
7295,6,638.9599999999998,6,635.6599999999997,swap,notBad
7296,6,638.9599999999998,6,635.6599999999997,2opt,notBad
7297,6,638.9599999999998,6,635.6599999999997,swap,notBad
7298,6,638.9599999999998,6,635.6599999999997,2opt,notBad
7299,6,638.9599999999998,6,635.6599999999997,move,improve
7300,6,638.9599999999998,6,635.6599999999997,2opt,notBad
7301,6,638.9599999999998,6,635.6599999999997,2opt,notBad
7302,6,638.9599999999998,6,635.6599999999997,2opt,notBad
7303,6,638.9599999999998,6,635.6599999999997,move,improve
7304,6,638.9599999999998,6,635.6599999999997,swap,notBad
7305,6,638.9599999999998,6,635.6599999999997,move,improve
7306,6,638.9599999999998,6,635.6599999999997,move,improve
7307,6,638.9599999999998,6,635.6599999999997,swap,notBad
7308,6,638.9599999999998,6,635.6599999999997,swap,notBad
7309,6,638.9599999999998,6,635.6599999999997,2opt,notBad
7310,6,638.9599999999998,6,635.6599999999997,swap,notBad
7311,6,638.9599999999998,6,635.6599999999997,2opt,improve
7312,6,638.9599999999998,6,635.6599999999997,swap,notBad
7313,6,638.9599999999998,6,635.6599999999997,move,improve
7314,6,638.9599999999998,6,635.6599999999997,swap,notBad
7315,6,638.9599999999998,6,635.6599999999997,move,improve
7316,6,638.9599999999998,6,635.6599999999997,swap,notBad
7317,6,638.9599999999998,6,635.6599999999997,swap,notBad
7318,6,638.9599999999998,6,635.6599999999997,2opt,notBad
7319,6,638.9599999999998,6,635.6599999999997,2opt,notBad
7320,6,638.9599999999998,6,635.6599999999997,2opt,notBad
7321,6,638.9599999999998,6,635.6599999999997,move,improve
7322,6,638.9599999999998,6,635.6599999999997,swap,notBad
7323,6,638.9599999999998,6,635.6599999999997,2opt,notBad
7324,6,638.9599999999998,6,635.6599999999997,2opt,notBad
7325,6,638.9599999999998,6,635.6599999999997,move,improve
7326,6,638.9599999999998,6,635.6599999999997,2opt,notBad
7327,6,638.9599999999998,6,635.6599999999997,swap,notBad
7328,6,638.9599999999998,6,635.6599999999997,swap,notBad
7329,6,638.9599999999998,6,635.6599999999997,2opt,notBad
7330,6,638.9599999999998,6,635.6599999999997,swap,notBad
7331,6,637.9999999999999,6,635.6599999999997,2opt,improve
7332,6,637.9999999999999,6,635.6599999999997,2opt,notBad
7333,6,637.9999999999999,6,635.6599999999997,2opt,notBad
7334,6,637.9999999999999,6,635.6599999999997,move,improve
7335,6,637.9999999999999,6,635.6599999999997,move,improve
7336,6,637.9999999999999,6,635.6599999999997,swap,notBad
7337,6,637.9999999999999,6,635.6599999999997,swap,notBad
7338,6,637.9999999999999,6,635.6599999999997,swap,notBad
7339,6,637.9999999999999,6,635.6599999999997,move,improve
7340,6,637.9999999999999,6,635.6599999999997,2opt,notBad
7341,6,637.9999999999999,6,635.6599999999997,move,improve
7342,6,637.9999999999999,6,635.6599999999997,swap,notBad
7343,6,637.9999999999999,6,635.6599999999997,swap,notBad
7344,6,637.9999999999999,6,635.6599999999997,2opt,notBad
7345,6,637.9999999999999,6,635.6599999999997,swap,notBad
7346,6,637.9999999999999,6,635.6599999999997,move,improve
7347,6,637.9999999999999,6,635.6599999999997,move,improve
7348,6,637.9999999999999,6,635.6599999999997,2opt,notBad
7349,6,637.9999999999999,6,635.6599999999997,2opt,notBad
7350,6,637.9999999999999,6,635.6599999999997,swap,notBad
7351,6,637.9999999999999,6,635.6599999999997,move,improve
7352,6,637.9999999999999,6,635.6599999999997,move,improve
7353,6,637.9999999999999,6,635.6599999999997,2opt,notBad
7354,6,637.9999999999999,6,635.6599999999997,swap,notBad
7355,6,637.9999999999999,6,635.6599999999997,move,improve
7356,6,637.9999999999999,6,635.6599999999997,swap,notBad
7357,6,637.9999999999999,6,635.6599999999997,2opt,notBad
7358,6,637.9999999999999,6,635.6599999999997,move,improve
7359,6,637.9999999999999,6,635.6599999999997,move,improve
7360,6,637.9999999999999,6,635.6599999999997,2opt,notBad
7361,6,637.9999999999999,6,635.6599999999997,2opt,notBad
7362,6,637.9999999999999,6,635.6599999999997,move,improve
7363,6,637.9999999999999,6,635.6599999999997,move,improve
7364,6,637.9999999999999,6,635.6599999999997,swap,notBad
7365,6,637.9999999999999,6,635.6599999999997,2opt,notBad
7366,6,637.9999999999999,6,635.6599999999997,move,improve
7367,6,637.9999999999999,6,635.6599999999997,2opt,notBad
7368,6,637.9999999999999,6,635.6599999999997,move,improve
7369,6,637.9999999999999,6,635.6599999999997,2opt,improve
7370,6,637.9999999999999,6,635.6599999999997,2opt,notBad
7371,6,637.9999999999999,6,635.6599999999997,2opt,improve
7372,6,637.9999999999999,6,635.6599999999997,2opt,notBad
7373,6,637.9999999999999,6,635.6599999999997,2opt,notBad
7374,6,637.9999999999999,6,635.6599999999997,move,improve
7375,6,637.9999999999999,6,635.6599999999997,swap,notBad
7376,6,637.9999999999999,6,635.6599999999997,2opt,notBad
7377,6,637.9999999999999,6,635.6599999999997,swap,notBad
7378,6,641.74,6,635.6599999999997,swap,acceptBad
7379,6,641.74,6,635.6599999999997,2opt,notBad
7380,6,641.74,6,635.6599999999997,move,improve
7381,6,641.74,6,635.6599999999997,2opt,notBad
7382,6,641.74,6,635.6599999999997,swap,notBad
7383,6,641.74,6,635.6599999999997,swap,notBad
7384,6,641.74,6,635.6599999999997,2opt,notBad
7385,6,641.74,6,635.6599999999997,move,notBad
7386,6,641.74,6,635.6599999999997,move,improve
7387,6,641.74,6,635.6599999999997,move,improve
7388,6,641.74,6,635.6599999999997,move,improve
7389,6,641.74,6,635.6599999999997,2opt,notBad
7390,6,641.74,6,635.6599999999997,2opt,notBad
7391,6,641.74,6,635.6599999999997,2opt,notBad
7392,6,641.74,6,635.6599999999997,move,improve
7393,6,641.74,6,635.6599999999997,2opt,notBad
7394,6,641.74,6,635.6599999999997,swap,notBad
7395,6,641.74,6,635.6599999999997,2opt,notBad
7396,6,641.74,6,635.6599999999997,2opt,notBad
7397,6,641.74,6,635.6599999999997,swap,notBad
7398,6,641.74,6,635.6599999999997,move,improve
7399,6,641.74,6,635.6599999999997,swap,notBad
7400,6,641.74,6,635.6599999999997,2opt,notBad
7401,6,641.74,6,635.6599999999997,move,improve
7402,6,641.74,6,635.6599999999997,swap,notBad
7403,6,641.74,6,635.6599999999997,move,improve
7404,6,641.74,6,635.6599999999997,move,improve
7405,6,641.74,6,635.6599999999997,2opt,notBad
7406,6,641.74,6,635.6599999999997,2opt,notBad
7407,6,641.74,6,635.6599999999997,2opt,notBad
7408,6,641.74,6,635.6599999999997,2opt,notBad
7409,6,641.74,6,635.6599999999997,swap,notBad
7410,6,641.74,6,635.6599999999997,2opt,notBad
7411,6,641.74,6,635.6599999999997,swap,notBad
7412,6,641.74,6,635.6599999999997,swap,notBad
7413,6,641.74,6,635.6599999999997,swap,notBad
7414,6,641.74,6,635.6599999999997,swap,notBad
7415,6,641.74,6,635.6599999999997,move,improve
7416,6,641.74,6,635.6599999999997,move,improve
7417,6,641.74,6,635.6599999999997,swap,notBad
7418,6,641.74,6,635.6599999999997,2opt,notBad
7419,6,641.74,6,635.6599999999997,2opt,notBad
7420,6,639.16,6,635.6599999999997,move,improve
7421,6,639.16,6,635.6599999999997,2opt,notBad
7422,6,639.16,6,635.6599999999997,2opt,notBad
7423,6,639.16,6,635.6599999999997,swap,notBad
7424,6,639.16,6,635.6599999999997,2opt,notBad
7425,6,639.16,6,635.6599999999997,swap,notBad
7426,6,636.6400000000001,6,635.6599999999997,move,improve
7427,6,636.6400000000001,6,635.6599999999997,2opt,notBad
7428,6,636.6400000000001,6,635.6599999999997,swap,notBad
7429,6,636.6400000000001,6,635.6599999999997,swap,notBad
7430,6,636.6400000000001,6,635.6599999999997,move,improve
7431,6,636.6400000000001,6,635.6599999999997,swap,notBad
7432,6,636.6400000000001,6,635.6599999999997,2opt,notBad
7433,6,636.6400000000001,6,635.6599999999997,move,improve
7434,6,636.6400000000001,6,635.6599999999997,move,improve
7435,6,636.6400000000001,6,635.6599999999997,move,improve
7436,6,636.6400000000001,6,635.6599999999997,2opt,notBad
7437,6,636.6400000000001,6,635.6599999999997,move,improve
7438,6,636.6400000000001,6,635.6599999999997,2opt,notBad
7439,6,636.6400000000001,6,635.6599999999997,move,improve
7440,6,636.6400000000001,6,635.6599999999997,2opt,notBad
7441,6,636.6400000000001,6,635.6599999999997,move,improve
7442,6,636.6400000000001,6,635.6599999999997,swap,notBad
7443,6,636.6400000000001,6,635.6599999999997,swap,notBad
7444,6,636.6400000000001,6,635.6599999999997,move,improve
7445,6,636.6400000000001,6,635.6599999999997,move,improve
7446,6,636.6400000000001,6,635.6599999999997,swap,notBad
7447,6,636.6400000000001,6,635.6599999999997,swap,notBad
7448,6,635.2199999999998,6,635.2199999999998,move,newBest
7449,6,635.2199999999998,6,635.2199999999998,swap,notBad
7450,6,635.2199999999998,6,635.2199999999998,swap,notBad
7451,6,635.2199999999998,6,635.2199999999998,2opt,notBad
7452,6,635.2199999999998,6,635.2199999999998,swap,notBad
7453,6,635.2199999999998,6,635.2199999999998,swap,notBad
7454,6,635.2199999999998,6,635.2199999999998,move,improve
7455,6,635.2199999999998,6,635.2199999999998,move,improve
7456,6,635.2199999999998,6,635.2199999999998,swap,notBad
7457,6,635.2199999999998,6,635.2199999999998,swap,notBad
7458,6,635.2199999999998,6,635.2199999999998,2opt,improve
7459,6,635.2199999999998,6,635.2199999999998,move,improve
7460,6,635.2199999999998,6,635.2199999999998,2opt,notBad
7461,6,635.2199999999998,6,635.2199999999998,swap,notBad
7462,6,635.2199999999998,6,635.2199999999998,move,improve
7463,6,635.2199999999998,6,635.2199999999998,swap,notBad
7464,6,635.2199999999998,6,635.2199999999998,move,improve
7465,6,636.1799999999998,6,635.2199999999998,2opt,acceptBad
7466,6,636.1799999999998,6,635.2199999999998,move,improve
7467,6,636.1799999999998,6,635.2199999999998,2opt,notBad
7468,6,636.1799999999998,6,635.2199999999998,move,improve
7469,6,636.1799999999998,6,635.2199999999998,swap,notBad
7470,6,636.1799999999998,6,635.2199999999998,swap,notBad
7471,6,636.1799999999998,6,635.2199999999998,move,improve
7472,6,636.1799999999998,6,635.2199999999998,swap,notBad
7473,6,636.1799999999998,6,635.2199999999998,2opt,notBad
7474,6,636.1799999999998,6,635.2199999999998,swap,notBad
7475,6,636.1799999999998,6,635.2199999999998,swap,notBad
7476,6,636.1799999999998,6,635.2199999999998,swap,notBad
7477,6,636.1799999999998,6,635.2199999999998,2opt,notBad
7478,6,636.1799999999998,6,635.2199999999998,2opt,notBad
7479,6,636.1799999999998,6,635.2199999999998,swap,notBad
7480,6,636.1799999999998,6,635.2199999999998,swap,notBad
7481,6,636.1799999999998,6,635.2199999999998,move,improve
7482,6,636.1799999999998,6,635.2199999999998,swap,notBad
7483,6,636.1799999999998,6,635.2199999999998,2opt,notBad
7484,6,636.1799999999998,6,635.2199999999998,move,improve
7485,6,636.1799999999998,6,635.2199999999998,2opt,notBad
7486,6,636.1799999999998,6,635.2199999999998,swap,notBad
7487,6,636.1799999999998,6,635.2199999999998,2opt,notBad
7488,6,636.1799999999998,6,635.2199999999998,swap,notBad
7489,6,636.1799999999998,6,635.2199999999998,2opt,notBad
7490,6,636.1799999999998,6,635.2199999999998,swap,notBad
7491,6,636.1799999999998,6,635.2199999999998,move,improve
7492,6,636.1799999999998,6,635.2199999999998,swap,notBad
7493,6,636.1799999999998,6,635.2199999999998,swap,notBad
7494,6,636.1799999999998,6,635.2199999999998,move,improve
7495,6,636.1799999999998,6,635.2199999999998,move,improve
7496,6,636.1799999999998,6,635.2199999999998,swap,notBad
7497,6,636.1799999999998,6,635.2199999999998,move,improve
7498,6,636.1799999999998,6,635.2199999999998,2opt,notBad
7499,6,636.1799999999998,6,635.2199999999998,2opt,notBad
7500,6,636.1799999999998,6,635.2199999999998,move,improve
7501,6,636.1799999999998,6,635.2199999999998,swap,notBad
7502,6,636.1799999999998,6,635.2199999999998,2opt,notBad
7503,6,636.1799999999998,6,635.2199999999998,move,improve
7504,6,636.1799999999998,6,635.2199999999998,move,improve
7505,6,636.1799999999998,6,635.2199999999998,move,improve
7506,6,636.1799999999998,6,635.2199999999998,move,improve
7507,6,636.1799999999998,6,635.2199999999998,swap,notBad
7508,6,636.1799999999998,6,635.2199999999998,move,improve
7509,6,636.1799999999998,6,635.2199999999998,move,improve
7510,6,636.1799999999998,6,635.2199999999998,swap,notBad
7511,6,636.1799999999998,6,635.2199999999998,swap,notBad
7512,6,636.1799999999998,6,635.2199999999998,2opt,improve
7513,6,636.1799999999998,6,635.2199999999998,move,improve
7514,6,636.1799999999998,6,635.2199999999998,2opt,notBad
7515,6,636.1799999999998,6,635.2199999999998,swap,notBad
7516,6,636.1799999999998,6,635.2199999999998,2opt,notBad
7517,6,636.1799999999998,6,635.2199999999998,move,improve
7518,6,636.1799999999998,6,635.2199999999998,2opt,notBad
7519,6,636.1799999999998,6,635.2199999999998,2opt,notBad
7520,6,636.1799999999998,6,635.2199999999998,swap,notBad
7521,6,636.1799999999998,6,635.2199999999998,swap,notBad
7522,6,638.7599999999999,6,635.2199999999998,swap,acceptBad
7523,6,638.7599999999999,6,635.2199999999998,swap,notBad
7524,6,638.7599999999999,6,635.2199999999998,move,improve
7525,6,638.7599999999999,6,635.2199999999998,2opt,notBad
7526,6,638.7599999999999,6,635.2199999999998,move,improve
7527,6,638.7599999999999,6,635.2199999999998,swap,notBad
7528,6,638.7599999999999,6,635.2199999999998,2opt,notBad
7529,6,638.7599999999999,6,635.2199999999998,move,improve
7530,6,638.7599999999999,6,635.2199999999998,move,improve
7531,6,638.7599999999999,6,635.2199999999998,2opt,notBad
7532,6,638.7599999999999,6,635.2199999999998,move,improve
7533,6,638.7599999999999,6,635.2199999999998,swap,notBad
7534,6,638.7599999999999,6,635.2199999999998,2opt,notBad
7535,6,638.7599999999999,6,635.2199999999998,2opt,improve
7536,6,638.7599999999999,6,635.2199999999998,move,improve
7537,6,638.7599999999999,6,635.2199999999998,swap,notBad
7538,6,638.7599999999999,6,635.2199999999998,move,improve
7539,6,638.7599999999999,6,635.2199999999998,2opt,notBad
7540,6,638.7599999999999,6,635.2199999999998,swap,notBad
7541,6,638.7599999999999,6,635.2199999999998,2opt,notBad
7542,6,638.7599999999999,6,635.2199999999998,2opt,notBad
7543,6,638.7599999999999,6,635.2199999999998,swap,notBad
7544,6,638.7599999999999,6,635.2199999999998,move,improve
7545,6,638.7599999999999,6,635.2199999999998,2opt,notBad
7546,6,638.7599999999999,6,635.2199999999998,swap,notBad
7547,6,638.7599999999999,6,635.2199999999998,swap,notBad
7548,6,638.7599999999999,6,635.2199999999998,2opt,notBad
7549,6,638.7599999999999,6,635.2199999999998,swap,notBad
7550,6,638.7599999999999,6,635.2199999999998,move,improve
7551,6,638.7599999999999,6,635.2199999999998,swap,notBad
7552,6,638.7599999999999,6,635.2199999999998,2opt,notBad
7553,6,638.7599999999999,6,635.2199999999998,swap,notBad
7554,6,638.7599999999999,6,635.2199999999998,2opt,notBad
7555,6,638.7599999999999,6,635.2199999999998,swap,notBad
7556,6,638.7599999999999,6,635.2199999999998,swap,notBad
7557,6,638.7599999999999,6,635.2199999999998,move,improve
7558,6,638.7599999999999,6,635.2199999999998,2opt,notBad
7559,6,638.7599999999999,6,635.2199999999998,2opt,notBad
7560,6,638.7599999999999,6,635.2199999999998,swap,notBad
7561,6,638.7599999999999,6,635.2199999999998,move,improve
7562,6,638.7599999999999,6,635.2199999999998,2opt,notBad
7563,6,638.7599999999999,6,635.2199999999998,2opt,notBad
7564,6,638.7599999999999,6,635.2199999999998,swap,notBad
7565,6,638.7599999999999,6,635.2199999999998,move,improve
7566,6,638.7599999999999,6,635.2199999999998,swap,notBad
7567,6,638.7599999999999,6,635.2199999999998,move,improve
7568,6,638.7599999999999,6,635.2199999999998,2opt,notBad
7569,6,641.1599999999999,6,635.2199999999998,swap,acceptBad
7570,6,639.1199999999999,6,635.2199999999998,move,improve
7571,6,639.1199999999999,6,635.2199999999998,2opt,notBad
7572,6,639.1199999999999,6,635.2199999999998,swap,notBad
7573,6,639.1199999999999,6,635.2199999999998,move,improve
7574,6,639.1199999999999,6,635.2199999999998,move,improve
7575,6,639.1199999999999,6,635.2199999999998,2opt,notBad
7576,6,639.1199999999999,6,635.2199999999998,2opt,improve
7577,6,639.1199999999999,6,635.2199999999998,2opt,notBad
7578,6,639.1199999999999,6,635.2199999999998,swap,notBad
7579,6,639.1199999999999,6,635.2199999999998,2opt,improve
7580,6,639.1199999999999,6,635.2199999999998,move,improve
7581,6,639.1199999999999,6,635.2199999999998,2opt,improve
7582,6,639.1199999999999,6,635.2199999999998,swap,notBad
7583,6,639.1199999999999,6,635.2199999999998,move,improve
7584,6,639.1199999999999,6,635.2199999999998,swap,notBad
7585,6,639.1199999999999,6,635.2199999999998,move,improve
7586,6,639.1199999999999,6,635.2199999999998,swap,notBad
7587,6,639.1199999999999,6,635.2199999999998,swap,notBad
7588,6,638.8199999999998,6,635.2199999999998,move,improve
7589,6,638.8199999999998,6,635.2199999999998,move,improve
7590,6,638.8199999999998,6,635.2199999999998,swap,notBad
7591,6,638.8199999999998,6,635.2199999999998,swap,notBad
7592,6,638.8199999999998,6,635.2199999999998,move,improve
7593,6,638.8199999999998,6,635.2199999999998,2opt,notBad
7594,6,638.8199999999998,6,635.2199999999998,move,improve
7595,6,638.8199999999998,6,635.2199999999998,2opt,notBad
7596,6,638.8199999999998,6,635.2199999999998,swap,notBad
7597,6,638.8199999999998,6,635.2199999999998,2opt,notBad
7598,6,638.8199999999998,6,635.2199999999998,2opt,notBad
7599,6,638.8199999999998,6,635.2199999999998,swap,notBad
7600,6,638.8199999999998,6,635.2199999999998,swap,notBad
7601,6,638.8199999999998,6,635.2199999999998,move,improve
7602,6,638.8199999999998,6,635.2199999999998,move,improve
7603,6,638.8199999999998,6,635.2199999999998,move,improve
7604,6,638.8199999999998,6,635.2199999999998,swap,notBad
7605,6,638.8199999999998,6,635.2199999999998,2opt,notBad
7606,6,638.8199999999998,6,635.2199999999998,2opt,notBad
7607,6,638.8199999999998,6,635.2199999999998,move,improve
7608,6,638.8199999999998,6,635.2199999999998,swap,notBad
7609,6,638.8199999999998,6,635.2199999999998,swap,notBad
7610,6,638.8199999999998,6,635.2199999999998,2opt,improve
7611,6,638.8199999999998,6,635.2199999999998,move,improve
7612,6,638.8199999999998,6,635.2199999999998,2opt,notBad
7613,6,638.8199999999998,6,635.2199999999998,swap,notBad
7614,6,638.8199999999998,6,635.2199999999998,2opt,notBad
7615,6,638.8199999999998,6,635.2199999999998,2opt,notBad
7616,6,638.8199999999998,6,635.2199999999998,move,improve
7617,6,638.8199999999998,6,635.2199999999998,move,improve
7618,6,638.8199999999998,6,635.2199999999998,swap,notBad
7619,6,638.8199999999998,6,635.2199999999998,2opt,notBad
7620,6,638.8199999999998,6,635.2199999999998,swap,notBad
7621,6,638.8199999999998,6,635.2199999999998,move,improve
7622,6,638.8199999999998,6,635.2199999999998,move,improve
7623,6,638.7599999999999,6,635.2199999999998,move,improve
7624,6,638.7599999999999,6,635.2199999999998,move,improve
7625,6,638.7599999999999,6,635.2199999999998,move,improve
7626,6,638.7599999999999,6,635.2199999999998,move,improve
7627,6,638.7599999999999,6,635.2199999999998,swap,notBad
7628,6,638.7599999999999,6,635.2199999999998,2opt,notBad
7629,6,638.7599999999999,6,635.2199999999998,move,improve
7630,6,638.7599999999999,6,635.2199999999998,2opt,notBad
7631,6,638.7599999999999,6,635.2199999999998,2opt,notBad
7632,6,638.7599999999999,6,635.2199999999998,swap,notBad
7633,6,638.7599999999999,6,635.2199999999998,swap,notBad
7634,6,638.7599999999999,6,635.2199999999998,swap,notBad
7635,6,638.7599999999999,6,635.2199999999998,2opt,notBad
7636,6,638.7599999999999,6,635.2199999999998,move,improve
7637,6,638.7599999999999,6,635.2199999999998,swap,notBad
7638,6,638.7599999999999,6,635.2199999999998,2opt,notBad
7639,6,638.7599999999999,6,635.2199999999998,move,improve
7640,6,638.7599999999999,6,635.2199999999998,move,notBad
7641,6,638.7599999999999,6,635.2199999999998,2opt,notBad
7642,6,638.7599999999999,6,635.2199999999998,swap,notBad
7643,6,638.7599999999999,6,635.2199999999998,swap,notBad
7644,6,638.7599999999999,6,635.2199999999998,2opt,notBad
7645,6,638.7599999999999,6,635.2199999999998,move,improve
7646,6,638.7599999999999,6,635.2199999999998,move,improve
7647,6,638.7599999999999,6,635.2199999999998,swap,notBad
7648,6,638.7599999999999,6,635.2199999999998,move,improve
7649,6,638.7599999999999,6,635.2199999999998,swap,notBad
7650,6,638.7599999999999,6,635.2199999999998,swap,notBad
7651,6,638.7599999999999,6,635.2199999999998,2opt,notBad
7652,6,638.7599999999999,6,635.2199999999998,2opt,notBad
7653,6,638.7599999999999,6,635.2199999999998,swap,notBad
7654,6,638.7599999999999,6,635.2199999999998,move,improve
7655,6,638.7599999999999,6,635.2199999999998,swap,notBad
7656,6,638.7599999999999,6,635.2199999999998,2opt,notBad
7657,6,638.7599999999999,6,635.2199999999998,move,improve
7658,6,638.7599999999999,6,635.2199999999998,2opt,notBad
7659,6,638.7599999999999,6,635.2199999999998,2opt,notBad
7660,6,638.7599999999999,6,635.2199999999998,move,improve
7661,6,638.7599999999999,6,635.2199999999998,swap,notBad
7662,6,638.7599999999999,6,635.2199999999998,swap,notBad
7663,6,638.7599999999999,6,635.2199999999998,move,improve
7664,6,638.7599999999999,6,635.2199999999998,swap,notBad
7665,6,638.7599999999999,6,635.2199999999998,swap,notBad
7666,6,638.7599999999999,6,635.2199999999998,move,improve
7667,6,638.7599999999999,6,635.2199999999998,swap,notBad
7668,6,638.7599999999999,6,635.2199999999998,2opt,notBad
7669,6,638.7599999999999,6,635.2199999999998,move,improve
7670,6,638.7599999999999,6,635.2199999999998,2opt,notBad
7671,6,638.7599999999999,6,635.2199999999998,move,improve
7672,6,638.7599999999999,6,635.2199999999998,move,improve
7673,6,638.7599999999999,6,635.2199999999998,2opt,notBad
7674,6,638.7599999999999,6,635.2199999999998,move,improve
7675,6,638.7599999999999,6,635.2199999999998,swap,notBad
7676,6,638.7599999999999,6,635.2199999999998,swap,notBad
7677,6,638.7599999999999,6,635.2199999999998,swap,notBad
7678,6,638.7599999999999,6,635.2199999999998,2opt,notBad
7679,6,638.7599999999999,6,635.2199999999998,2opt,notBad
7680,6,638.7599999999999,6,635.2199999999998,move,improve
7681,6,638.7599999999999,6,635.2199999999998,2opt,notBad
7682,6,638.7599999999999,6,635.2199999999998,move,improve
7683,6,638.7599999999999,6,635.2199999999998,2opt,notBad
7684,6,638.7599999999999,6,635.2199999999998,2opt,improve
7685,6,638.7599999999999,6,635.2199999999998,swap,notBad
7686,6,638.7599999999999,6,635.2199999999998,swap,notBad
7687,6,638.7599999999999,6,635.2199999999998,2opt,notBad
7688,6,638.7599999999999,6,635.2199999999998,move,improve
7689,6,638.7599999999999,6,635.2199999999998,move,improve
7690,6,638.7599999999999,6,635.2199999999998,swap,notBad
7691,6,638.7599999999999,6,635.2199999999998,swap,notBad
7692,6,638.7599999999999,6,635.2199999999998,2opt,notBad
7693,6,638.7599999999999,6,635.2199999999998,move,improve
7694,6,638.7599999999999,6,635.2199999999998,2opt,notBad
7695,6,638.7599999999999,6,635.2199999999998,2opt,notBad
7696,6,638.7599999999999,6,635.2199999999998,swap,notBad
7697,6,638.7599999999999,6,635.2199999999998,move,improve
7698,6,642.1799999999998,6,635.2199999999998,swap,acceptBad
7699,6,642.1799999999998,6,635.2199999999998,swap,notBad
7700,6,642.1799999999998,6,635.2199999999998,2opt,notBad
7701,6,642.1799999999998,6,635.2199999999998,2opt,notBad
7702,6,642.1799999999998,6,635.2199999999998,2opt,notBad
7703,6,642.1799999999998,6,635.2199999999998,move,improve
7704,6,642.1799999999998,6,635.2199999999998,2opt,improve
7705,6,642.1799999999998,6,635.2199999999998,2opt,notBad
7706,6,642.1799999999998,6,635.2199999999998,swap,notBad
7707,6,642.1799999999998,6,635.2199999999998,move,improve
7708,6,642.1799999999998,6,635.2199999999998,swap,notBad
7709,6,642.1799999999998,6,635.2199999999998,2opt,notBad
7710,6,642.1799999999998,6,635.2199999999998,move,improve
7711,6,642.1799999999998,6,635.2199999999998,move,improve
7712,6,642.1799999999998,6,635.2199999999998,2opt,notBad
7713,6,642.1799999999998,6,635.2199999999998,2opt,notBad
7714,6,642.1799999999998,6,635.2199999999998,move,improve
7715,6,642.1799999999998,6,635.2199999999998,move,improve
7716,6,642.1799999999998,6,635.2199999999998,swap,notBad
7717,6,642.1799999999998,6,635.2199999999998,swap,notBad
7718,6,642.1799999999998,6,635.2199999999998,swap,notBad
7719,6,642.1799999999998,6,635.2199999999998,2opt,notBad
7720,6,642.1799999999998,6,635.2199999999998,move,improve
7721,6,642.1799999999998,6,635.2199999999998,swap,notBad
7722,6,642.1799999999998,6,635.2199999999998,swap,notBad
7723,6,642.1799999999998,6,635.2199999999998,2opt,notBad
7724,6,642.1799999999998,6,635.2199999999998,swap,notBad
7725,6,642.1799999999998,6,635.2199999999998,swap,notBad
7726,6,642.1799999999998,6,635.2199999999998,move,improve
7727,6,642.1799999999998,6,635.2199999999998,2opt,improve
7728,6,642.1799999999998,6,635.2199999999998,swap,notBad
7729,6,642.1799999999998,6,635.2199999999998,move,improve
7730,6,642.1799999999998,6,635.2199999999998,swap,notBad
7731,6,642.1799999999998,6,635.2199999999998,2opt,notBad
7732,6,642.1799999999998,6,635.2199999999998,swap,notBad
7733,6,642.1799999999998,6,635.2199999999998,2opt,notBad
7734,6,642.1799999999998,6,635.2199999999998,move,improve
7735,6,642.1799999999998,6,635.2199999999998,2opt,notBad
7736,6,642.6599999999999,6,635.2199999999998,swap,acceptBad
7737,6,642.6599999999999,6,635.2199999999998,move,improve
7738,6,642.6599999999999,6,635.2199999999998,2opt,notBad
7739,6,642.6599999999999,6,635.2199999999998,move,improve
7740,6,642.6599999999999,6,635.2199999999998,move,improve
7741,6,642.6599999999999,6,635.2199999999998,move,improve
7742,6,642.6599999999999,6,635.2199999999998,2opt,notBad
7743,6,642.6599999999999,6,635.2199999999998,2opt,notBad
7744,6,642.6599999999999,6,635.2199999999998,2opt,notBad
7745,6,642.6599999999999,6,635.2199999999998,swap,notBad
7746,6,642.6599999999999,6,635.2199999999998,move,improve
7747,6,642.6599999999999,6,635.2199999999998,move,improve
7748,6,639.2999999999998,6,635.2199999999998,move,improve
7749,6,639.2999999999998,6,635.2199999999998,2opt,improve
7750,6,639.2999999999998,6,635.2199999999998,2opt,notBad
7751,6,639.2999999999998,6,635.2199999999998,2opt,notBad
7752,6,643.5999999999999,6,635.2199999999998,swap,acceptBad
7753,6,643.5999999999999,6,635.2199999999998,2opt,notBad
7754,6,643.5999999999999,6,635.2199999999998,move,improve
7755,6,643.5999999999999,6,635.2199999999998,swap,notBad
7756,6,643.5999999999999,6,635.2199999999998,2opt,notBad
7757,6,643.5999999999999,6,635.2199999999998,swap,notBad
7758,6,643.5999999999999,6,635.2199999999998,2opt,notBad
7759,6,643.5999999999999,6,635.2199999999998,2opt,notBad
7760,6,643.5999999999999,6,635.2199999999998,2opt,notBad
7761,6,643.5999999999999,6,635.2199999999998,swap,notBad
7762,6,643.5999999999999,6,635.2199999999998,2opt,improve
7763,6,643.5999999999999,6,635.2199999999998,move,improve
7764,6,643.5399999999998,6,635.2199999999998,move,improve
7765,6,643.5399999999998,6,635.2199999999998,2opt,notBad
7766,6,643.5399999999998,6,635.2199999999998,move,improve
7767,6,643.5399999999998,6,635.2199999999998,2opt,notBad
7768,6,643.5399999999998,6,635.2199999999998,move,improve
7769,6,643.5399999999998,6,635.2199999999998,swap,notBad
7770,6,643.5399999999998,6,635.2199999999998,move,improve
7771,6,643.5399999999998,6,635.2199999999998,2opt,notBad
7772,6,643.5399999999998,6,635.2199999999998,swap,notBad
7773,6,643.0599999999998,6,635.2199999999998,move,improve
7774,6,643.0599999999998,6,635.2199999999998,2opt,notBad
7775,6,643.0599999999998,6,635.2199999999998,swap,notBad
7776,6,643.0599999999998,6,635.2199999999998,move,improve
7777,6,643.0599999999998,6,635.2199999999998,swap,notBad
7778,6,643.0599999999998,6,635.2199999999998,swap,notBad
7779,6,643.0599999999998,6,635.2199999999998,swap,notBad
7780,6,643.0599999999998,6,635.2199999999998,move,improve
7781,6,643.0599999999998,6,635.2199999999998,swap,notBad
7782,6,643.0599999999998,6,635.2199999999998,move,improve
7783,6,643.0599999999998,6,635.2199999999998,2opt,notBad
7784,6,643.0599999999998,6,635.2199999999998,move,notBad
7785,6,643.0599999999998,6,635.2199999999998,2opt,notBad
7786,6,640.6,6,635.2199999999998,move,improve
7787,6,640.6,6,635.2199999999998,swap,notBad
7788,6,640.6,6,635.2199999999998,2opt,improve
7789,6,640.6,6,635.2199999999998,2opt,notBad
7790,6,640.6,6,635.2199999999998,swap,notBad
7791,6,640.6,6,635.2199999999998,move,improve
7792,6,640.6,6,635.2199999999998,swap,notBad
7793,6,640.6,6,635.2199999999998,2opt,notBad
7794,6,640.6,6,635.2199999999998,2opt,notBad
7795,6,640.6,6,635.2199999999998,swap,notBad
7796,6,640.6,6,635.2199999999998,2opt,notBad
7797,6,640.6,6,635.2199999999998,swap,notBad
7798,6,640.6,6,635.2199999999998,2opt,notBad
7799,6,640.6,6,635.2199999999998,swap,notBad
7800,6,640.6,6,635.2199999999998,2opt,notBad
7801,6,640.6,6,635.2199999999998,2opt,notBad
7802,6,640.6,6,635.2199999999998,move,improve
7803,6,640.6,6,635.2199999999998,swap,notBad
7804,6,640.6,6,635.2199999999998,swap,notBad
7805,6,640.6,6,635.2199999999998,swap,notBad
7806,6,640.6,6,635.2199999999998,swap,notBad
7807,6,640.6,6,635.2199999999998,2opt,notBad
7808,6,640.6,6,635.2199999999998,move,improve
7809,6,640.6,6,635.2199999999998,swap,notBad
7810,6,640.6,6,635.2199999999998,swap,notBad
7811,6,640.6,6,635.2199999999998,move,improve
7812,6,640.6,6,635.2199999999998,move,improve
7813,6,640.6,6,635.2199999999998,swap,notBad
7814,6,640.6,6,635.2199999999998,move,improve
7815,6,640.6,6,635.2199999999998,move,improve
7816,6,640.6,6,635.2199999999998,2opt,notBad
7817,6,640.6,6,635.2199999999998,swap,notBad
7818,6,640.6,6,635.2199999999998,swap,notBad
7819,6,640.6,6,635.2199999999998,2opt,notBad
7820,6,638.8599999999998,6,635.2199999999998,move,improve
7821,6,638.8599999999998,6,635.2199999999998,swap,notBad
7822,6,638.8599999999998,6,635.2199999999998,move,improve
7823,6,638.8599999999998,6,635.2199999999998,swap,notBad
7824,6,638.8599999999998,6,635.2199999999998,swap,notBad
7825,6,638.8599999999998,6,635.2199999999998,swap,notBad
7826,6,638.8599999999998,6,635.2199999999998,2opt,notBad
7827,6,638.8599999999998,6,635.2199999999998,2opt,improve
7828,6,638.8599999999998,6,635.2199999999998,move,improve
7829,6,638.8599999999998,6,635.2199999999998,swap,notBad
7830,6,638.8599999999998,6,635.2199999999998,swap,notBad
7831,6,638.8599999999998,6,635.2199999999998,move,improve
7832,6,638.8599999999998,6,635.2199999999998,2opt,notBad
7833,6,638.8599999999998,6,635.2199999999998,move,improve
7834,6,638.8599999999998,6,635.2199999999998,move,improve
7835,6,638.8599999999998,6,635.2199999999998,2opt,improve
7836,6,638.8599999999998,6,635.2199999999998,move,improve
7837,6,638.8599999999998,6,635.2199999999998,move,improve
7838,6,638.8599999999998,6,635.2199999999998,swap,notBad
7839,6,638.8599999999998,6,635.2199999999998,swap,notBad
7840,6,638.8599999999998,6,635.2199999999998,2opt,notBad
7841,6,638.8599999999998,6,635.2199999999998,2opt,notBad
7842,6,638.8599999999998,6,635.2199999999998,swap,notBad
7843,6,638.8599999999998,6,635.2199999999998,move,improve
7844,6,638.8599999999998,6,635.2199999999998,swap,notBad
7845,6,638.8599999999998,6,635.2199999999998,swap,notBad
7846,6,638.8599999999998,6,635.2199999999998,2opt,notBad
7847,6,638.8599999999998,6,635.2199999999998,swap,notBad
7848,6,638.8599999999998,6,635.2199999999998,2opt,notBad
7849,6,638.8599999999998,6,635.2199999999998,2opt,notBad
7850,6,638.8599999999998,6,635.2199999999998,2opt,notBad
7851,6,638.8599999999998,6,635.2199999999998,move,improve
7852,6,638.8599999999998,6,635.2199999999998,swap,notBad
7853,6,637.8999999999997,6,635.2199999999998,move,improve
7854,6,637.8999999999997,6,635.2199999999998,swap,notBad
7855,6,637.8999999999997,6,635.2199999999998,swap,notBad
7856,6,637.8999999999997,6,635.2199999999998,move,improve
7857,6,637.8999999999997,6,635.2199999999998,swap,notBad
7858,6,637.8999999999997,6,635.2199999999998,swap,notBad
7859,6,637.8999999999997,6,635.2199999999998,2opt,notBad
7860,6,637.8999999999997,6,635.2199999999998,move,improve
7861,6,637.8999999999997,6,635.2199999999998,move,improve
7862,6,637.8999999999997,6,635.2199999999998,move,improve
7863,6,637.8999999999997,6,635.2199999999998,move,improve
7864,6,637.8999999999997,6,635.2199999999998,move,improve
7865,6,637.8999999999997,6,635.2199999999998,2opt,notBad
7866,6,637.8999999999997,6,635.2199999999998,2opt,notBad
7867,6,637.8999999999997,6,635.2199999999998,swap,notBad
7868,6,637.8999999999997,6,635.2199999999998,2opt,notBad
7869,6,637.8999999999997,6,635.2199999999998,move,improve
7870,6,637.8999999999997,6,635.2199999999998,move,improve
7871,6,637.8999999999997,6,635.2199999999998,2opt,improve
7872,6,637.8999999999997,6,635.2199999999998,swap,notBad
7873,6,637.8999999999997,6,635.2199999999998,2opt,notBad
7874,6,637.8999999999997,6,635.2199999999998,swap,notBad
7875,6,637.8999999999997,6,635.2199999999998,swap,notBad
7876,6,637.8999999999997,6,635.2199999999998,move,improve
7877,6,637.8999999999997,6,635.2199999999998,move,improve
7878,6,637.8999999999997,6,635.2199999999998,swap,notBad
7879,6,637.8999999999997,6,635.2199999999998,move,improve
7880,6,637.8999999999997,6,635.2199999999998,2opt,notBad
7881,6,637.8999999999997,6,635.2199999999998,2opt,notBad
7882,6,637.8999999999997,6,635.2199999999998,2opt,improve
7883,6,637.8999999999997,6,635.2199999999998,2opt,notBad
7884,6,637.8999999999997,6,635.2199999999998,move,improve
7885,6,637.8999999999997,6,635.2199999999998,2opt,notBad
7886,6,637.8999999999997,6,635.2199999999998,2opt,notBad
7887,6,637.8999999999997,6,635.2199999999998,move,improve
7888,6,637.8999999999997,6,635.2199999999998,swap,notBad
7889,6,637.8999999999997,6,635.2199999999998,move,improve
7890,6,637.8999999999997,6,635.2199999999998,2opt,notBad
7891,6,637.8999999999997,6,635.2199999999998,2opt,notBad
7892,6,637.8999999999997,6,635.2199999999998,2opt,notBad
7893,6,637.8999999999997,6,635.2199999999998,2opt,notBad
7894,6,637.8999999999997,6,635.2199999999998,swap,notBad
7895,6,637.8999999999997,6,635.2199999999998,2opt,notBad
7896,6,637.8999999999997,6,635.2199999999998,move,improve
7897,6,637.8999999999997,6,635.2199999999998,move,improve
7898,6,637.8999999999997,6,635.2199999999998,swap,notBad
7899,6,637.8999999999997,6,635.2199999999998,2opt,improve
7900,6,637.8999999999997,6,635.2199999999998,2opt,notBad
7901,6,637.8999999999997,6,635.2199999999998,swap,notBad
7902,6,637.8999999999997,6,635.2199999999998,swap,notBad
7903,6,637.8999999999997,6,635.2199999999998,2opt,notBad
7904,6,637.8999999999997,6,635.2199999999998,move,improve
7905,6,637.8999999999997,6,635.2199999999998,swap,notBad
7906,6,637.8999999999997,6,635.2199999999998,swap,notBad
7907,6,637.8999999999997,6,635.2199999999998,move,improve
7908,6,637.8999999999997,6,635.2199999999998,2opt,notBad
7909,6,637.8999999999997,6,635.2199999999998,move,improve
7910,6,637.8999999999997,6,635.2199999999998,swap,notBad
7911,6,637.8999999999997,6,635.2199999999998,2opt,improve
7912,6,637.8999999999997,6,635.2199999999998,2opt,notBad
7913,6,637.8999999999997,6,635.2199999999998,2opt,notBad
7914,6,637.8999999999997,6,635.2199999999998,swap,notBad
7915,6,637.8999999999997,6,635.2199999999998,2opt,notBad
7916,6,637.8999999999997,6,635.2199999999998,move,improve
7917,6,637.8999999999997,6,635.2199999999998,move,improve
7918,6,637.8999999999997,6,635.2199999999998,2opt,notBad
7919,6,637.8999999999997,6,635.2199999999998,2opt,notBad
7920,6,637.8999999999997,6,635.2199999999998,2opt,notBad
7921,6,637.8999999999997,6,635.2199999999998,move,improve
7922,6,637.8999999999997,6,635.2199999999998,2opt,notBad
7923,6,637.8999999999997,6,635.2199999999998,move,improve
7924,6,637.8999999999997,6,635.2199999999998,2opt,notBad
7925,6,637.8999999999997,6,635.2199999999998,2opt,notBad
7926,6,637.8999999999997,6,635.2199999999998,move,improve
7927,6,637.8999999999997,6,635.2199999999998,2opt,notBad
7928,6,637.8999999999997,6,635.2199999999998,swap,notBad
7929,6,637.8999999999997,6,635.2199999999998,swap,notBad
7930,6,637.8999999999997,6,635.2199999999998,swap,notBad
7931,6,637.8999999999997,6,635.2199999999998,move,improve
7932,6,637.8999999999997,6,635.2199999999998,swap,notBad
7933,6,637.8999999999997,6,635.2199999999998,move,improve
7934,6,637.8999999999997,6,635.2199999999998,2opt,notBad
7935,6,637.8999999999997,6,635.2199999999998,2opt,notBad
7936,6,637.8999999999997,6,635.2199999999998,swap,notBad
7937,6,637.8999999999997,6,635.2199999999998,swap,notBad
7938,6,637.8999999999997,6,635.2199999999998,2opt,notBad
7939,6,637.8999999999997,6,635.2199999999998,2opt,notBad
7940,6,637.8999999999997,6,635.2199999999998,swap,notBad
7941,6,637.8999999999997,6,635.2199999999998,2opt,notBad
7942,6,637.8999999999997,6,635.2199999999998,move,improve
7943,6,637.8999999999997,6,635.2199999999998,move,improve
7944,6,637.8999999999997,6,635.2199999999998,move,improve
7945,6,637.8999999999997,6,635.2199999999998,move,improve
7946,6,637.8999999999997,6,635.2199999999998,move,improve
7947,6,637.8999999999997,6,635.2199999999998,2opt,notBad
7948,6,637.8999999999997,6,635.2199999999998,2opt,notBad
7949,6,635.3199999999998,6,635.2199999999998,move,improve
7950,6,635.3199999999998,6,635.2199999999998,2opt,notBad
7951,6,635.3199999999998,6,635.2199999999998,move,improve
7952,6,635.3199999999998,6,635.2199999999998,swap,notBad
7953,6,635.3199999999998,6,635.2199999999998,move,improve
7954,6,635.3199999999998,6,635.2199999999998,2opt,notBad
7955,6,635.3199999999998,6,635.2199999999998,move,improve
7956,6,635.3199999999998,6,635.2199999999998,swap,notBad
7957,6,635.3199999999998,6,635.2199999999998,2opt,notBad
7958,6,635.3199999999998,6,635.2199999999998,2opt,notBad
7959,6,635.3199999999998,6,635.2199999999998,2opt,notBad
7960,6,635.3199999999998,6,635.2199999999998,2opt,notBad
7961,6,635.3199999999998,6,635.2199999999998,2opt,notBad
7962,6,635.3199999999998,6,635.2199999999998,2opt,notBad
7963,6,635.1800000000001,6,635.1800000000001,move,newBest
7964,6,635.1800000000001,6,635.1800000000001,2opt,notBad
7965,6,635.1800000000001,6,635.1800000000001,2opt,notBad
7966,6,635.1800000000001,6,635.1800000000001,2opt,notBad
7967,6,635.1800000000001,6,635.1800000000001,swap,notBad
7968,6,635.1800000000001,6,635.1800000000001,swap,notBad
7969,6,635.1800000000001,6,635.1800000000001,swap,notBad
7970,6,635.1800000000001,6,635.1800000000001,2opt,improve
7971,6,635.1800000000001,6,635.1800000000001,swap,notBad
7972,6,635.1800000000001,6,635.1800000000001,swap,notBad
7973,6,635.1800000000001,6,635.1800000000001,swap,notBad
7974,6,635.1800000000001,6,635.1800000000001,swap,notBad
7975,6,635.1800000000001,6,635.1800000000001,2opt,notBad
7976,6,635.1800000000001,6,635.1800000000001,2opt,notBad
7977,6,635.1800000000001,6,635.1800000000001,2opt,notBad
7978,6,635.1800000000001,6,635.1800000000001,2opt,notBad
7979,6,635.1800000000001,6,635.1800000000001,2opt,notBad
7980,6,635.1800000000001,6,635.1800000000001,2opt,notBad
7981,6,635.1800000000001,6,635.1800000000001,swap,notBad
7982,6,635.1800000000001,6,635.1800000000001,move,improve
7983,6,635.1800000000001,6,635.1800000000001,swap,notBad
7984,6,635.1800000000001,6,635.1800000000001,swap,notBad
7985,6,635.1800000000001,6,635.1800000000001,move,improve
7986,6,635.1800000000001,6,635.1800000000001,swap,notBad
7987,6,635.1800000000001,6,635.1800000000001,2opt,notBad
7988,6,635.1800000000001,6,635.1800000000001,move,improve
7989,6,635.1800000000001,6,635.1800000000001,2opt,notBad
7990,6,635.1800000000001,6,635.1800000000001,2opt,notBad
7991,6,635.1800000000001,6,635.1800000000001,swap,notBad
7992,6,635.1800000000001,6,635.1800000000001,2opt,notBad
7993,6,635.1800000000001,6,635.1800000000001,2opt,notBad
7994,6,635.1800000000001,6,635.1800000000001,2opt,notBad
7995,6,635.1800000000001,6,635.1800000000001,swap,notBad
7996,6,635.1800000000001,6,635.1800000000001,2opt,notBad
7997,6,635.1800000000001,6,635.1800000000001,2opt,notBad
7998,6,635.1800000000001,6,635.1800000000001,swap,notBad
7999,6,635.1800000000001,6,635.1800000000001,2opt,improve
8000,6,635.1800000000001,6,635.1800000000001,2opt,notBad
8001,6,635.1800000000001,6,635.1800000000001,2opt,notBad
8002,6,635.1800000000001,6,635.1800000000001,swap,notBad
8003,6,635.1800000000001,6,635.1800000000001,move,improve
8004,6,635.1800000000001,6,635.1800000000001,2opt,notBad
8005,6,635.1800000000001,6,635.1800000000001,move,improve
8006,6,635.1800000000001,6,635.1800000000001,move,improve
8007,6,635.1800000000001,6,635.1800000000001,move,improve
8008,6,635.1800000000001,6,635.1800000000001,2opt,notBad
8009,6,635.1800000000001,6,635.1800000000001,2opt,notBad
8010,6,635.1800000000001,6,635.1800000000001,swap,notBad
8011,6,635.1800000000001,6,635.1800000000001,move,improve
8012,6,635.1800000000001,6,635.1800000000001,2opt,notBad
8013,6,635.1800000000001,6,635.1800000000001,swap,notBad
8014,6,635.1800000000001,6,635.1800000000001,move,improve
8015,6,635.1800000000001,6,635.1800000000001,2opt,notBad
8016,6,635.1800000000001,6,635.1800000000001,swap,notBad
8017,6,635.1800000000001,6,635.1800000000001,swap,notBad
8018,6,635.1800000000001,6,635.1800000000001,swap,notBad
8019,6,635.1800000000001,6,635.1800000000001,swap,notBad
8020,6,635.1800000000001,6,635.1800000000001,move,improve
8021,6,635.1800000000001,6,635.1800000000001,2opt,notBad
8022,6,635.1800000000001,6,635.1800000000001,swap,notBad
8023,6,635.1800000000001,6,635.1800000000001,2opt,notBad
8024,6,635.1800000000001,6,635.1800000000001,move,improve
8025,6,635.1800000000001,6,635.1800000000001,move,improve
8026,6,635.1800000000001,6,635.1800000000001,swap,notBad
8027,6,635.1800000000001,6,635.1800000000001,move,improve
8028,6,635.1800000000001,6,635.1800000000001,swap,notBad
8029,6,635.1800000000001,6,635.1800000000001,swap,notBad
8030,6,635.1800000000001,6,635.1800000000001,move,improve
8031,6,635.1800000000001,6,635.1800000000001,swap,notBad
8032,6,635.1800000000001,6,635.1800000000001,2opt,notBad
8033,6,635.1800000000001,6,635.1800000000001,swap,notBad
8034,6,635.1800000000001,6,635.1800000000001,swap,notBad
8035,6,635.1800000000001,6,635.1800000000001,2opt,notBad
8036,6,635.1800000000001,6,635.1800000000001,swap,notBad
8037,6,635.1800000000001,6,635.1800000000001,2opt,notBad
8038,6,635.1800000000001,6,635.1800000000001,2opt,notBad
8039,6,635.1800000000001,6,635.1800000000001,swap,notBad
8040,6,635.1800000000001,6,635.1800000000001,swap,notBad
8041,6,635.1800000000001,6,635.1800000000001,move,improve
8042,6,635.1800000000001,6,635.1800000000001,2opt,notBad
8043,6,635.1800000000001,6,635.1800000000001,2opt,notBad
8044,6,635.1800000000001,6,635.1800000000001,swap,notBad
8045,6,635.1800000000001,6,635.1800000000001,move,improve
8046,6,635.1800000000001,6,635.1800000000001,move,improve
8047,6,635.1800000000001,6,635.1800000000001,move,improve
8048,6,635.1800000000001,6,635.1800000000001,swap,notBad
8049,6,635.1800000000001,6,635.1800000000001,swap,notBad
8050,6,635.1800000000001,6,635.1800000000001,2opt,improve
8051,6,635.1800000000001,6,635.1800000000001,move,improve
8052,6,635.1800000000001,6,635.1800000000001,swap,notBad
8053,6,635.1800000000001,6,635.1800000000001,swap,notBad
8054,6,635.1800000000001,6,635.1800000000001,swap,notBad
8055,6,635.1800000000001,6,635.1800000000001,swap,notBad
8056,6,635.1800000000001,6,635.1800000000001,2opt,notBad
8057,6,635.1800000000001,6,635.1800000000001,swap,notBad
8058,6,635.1800000000001,6,635.1800000000001,swap,notBad
8059,6,635.1800000000001,6,635.1800000000001,swap,notBad
8060,6,635.1800000000001,6,635.1800000000001,move,improve
8061,6,635.1800000000001,6,635.1800000000001,move,improve
8062,6,635.1800000000001,6,635.1800000000001,2opt,notBad
8063,6,635.1800000000001,6,635.1800000000001,2opt,notBad
8064,6,635.1800000000001,6,635.1800000000001,swap,notBad
8065,6,635.1800000000001,6,635.1800000000001,move,improve
8066,6,635.1800000000001,6,635.1800000000001,move,improve
8067,6,635.1800000000001,6,635.1800000000001,move,improve
8068,6,635.1800000000001,6,635.1800000000001,swap,notBad
8069,6,635.1800000000001,6,635.1800000000001,move,improve
8070,6,635.1800000000001,6,635.1800000000001,move,improve
8071,6,635.1800000000001,6,635.1800000000001,move,improve
8072,6,635.1800000000001,6,635.1800000000001,swap,notBad
8073,6,635.1800000000001,6,635.1800000000001,2opt,notBad
8074,6,635.1800000000001,6,635.1800000000001,swap,notBad
8075,6,635.1800000000001,6,635.1800000000001,move,improve
8076,6,635.1800000000001,6,635.1800000000001,swap,notBad
8077,6,635.1800000000001,6,635.1800000000001,2opt,notBad
8078,6,635.1800000000001,6,635.1800000000001,swap,notBad
8079,6,635.1800000000001,6,635.1800000000001,move,improve
8080,6,635.1800000000001,6,635.1800000000001,2opt,notBad
8081,6,635.1800000000001,6,635.1800000000001,2opt,notBad
8082,6,635.1800000000001,6,635.1800000000001,2opt,notBad
8083,6,635.1800000000001,6,635.1800000000001,swap,notBad
8084,6,635.1800000000001,6,635.1800000000001,move,improve
8085,6,635.1800000000001,6,635.1800000000001,2opt,notBad
8086,6,635.1800000000001,6,635.1800000000001,move,improve
8087,6,635.1800000000001,6,635.1800000000001,swap,notBad
8088,6,635.1800000000001,6,635.1800000000001,2opt,notBad
8089,6,635.1800000000001,6,635.1800000000001,swap,notBad
8090,6,635.1800000000001,6,635.1800000000001,2opt,notBad
8091,6,635.1800000000001,6,635.1800000000001,2opt,notBad
8092,6,635.1800000000001,6,635.1800000000001,swap,notBad
8093,6,635.1800000000001,6,635.1800000000001,swap,notBad
8094,6,635.1800000000001,6,635.1800000000001,move,improve
8095,6,635.1800000000001,6,635.1800000000001,swap,notBad
8096,6,635.1800000000001,6,635.1800000000001,2opt,notBad
8097,6,635.1800000000001,6,635.1800000000001,move,improve
8098,6,635.1800000000001,6,635.1800000000001,swap,notBad
8099,6,635.1800000000001,6,635.1800000000001,2opt,notBad
8100,6,635.1800000000001,6,635.1800000000001,2opt,notBad
8101,6,635.1800000000001,6,635.1800000000001,swap,notBad
8102,6,635.1800000000001,6,635.1800000000001,2opt,notBad
8103,6,635.1800000000001,6,635.1800000000001,2opt,notBad
8104,6,635.1800000000001,6,635.1800000000001,2opt,notBad
8105,6,635.1800000000001,6,635.1800000000001,swap,notBad
8106,6,635.1800000000001,6,635.1800000000001,move,improve
8107,6,635.1800000000001,6,635.1800000000001,move,improve
8108,6,635.1800000000001,6,635.1800000000001,swap,notBad
8109,6,635.1800000000001,6,635.1800000000001,swap,notBad
8110,6,635.1800000000001,6,635.1800000000001,2opt,notBad
8111,6,635.1800000000001,6,635.1800000000001,move,improve
8112,6,635.1800000000001,6,635.1800000000001,move,improve
8113,6,635.1800000000001,6,635.1800000000001,move,improve
8114,6,635.1800000000001,6,635.1800000000001,move,improve
8115,6,635.1800000000001,6,635.1800000000001,move,improve
8116,6,635.1800000000001,6,635.1800000000001,swap,notBad
8117,6,635.1800000000001,6,635.1800000000001,2opt,notBad
8118,6,635.1800000000001,6,635.1800000000001,swap,notBad
8119,6,635.1800000000001,6,635.1800000000001,2opt,improve
8120,6,635.1800000000001,6,635.1800000000001,swap,notBad
8121,6,635.1800000000001,6,635.1800000000001,2opt,notBad
8122,6,635.1800000000001,6,635.1800000000001,move,notBad
8123,6,635.1800000000001,6,635.1800000000001,move,improve
8124,6,635.1800000000001,6,635.1800000000001,move,improve
8125,6,635.1800000000001,6,635.1800000000001,move,improve
8126,6,635.1800000000001,6,635.1800000000001,swap,notBad
8127,6,635.1800000000001,6,635.1800000000001,2opt,notBad
8128,6,635.1800000000001,6,635.1800000000001,swap,notBad
8129,6,635.1800000000001,6,635.1800000000001,move,improve
8130,6,635.1800000000001,6,635.1800000000001,2opt,notBad
8131,6,635.1800000000001,6,635.1800000000001,move,improve
8132,6,635.1800000000001,6,635.1800000000001,2opt,notBad
8133,6,635.1800000000001,6,635.1800000000001,swap,notBad
8134,6,635.1800000000001,6,635.1800000000001,swap,notBad
8135,6,635.1800000000001,6,635.1800000000001,2opt,notBad
8136,6,635.1800000000001,6,635.1800000000001,swap,notBad
8137,6,635.1800000000001,6,635.1800000000001,swap,notBad
8138,6,635.1800000000001,6,635.1800000000001,swap,notBad
8139,6,635.1800000000001,6,635.1800000000001,move,improve
8140,6,635.1800000000001,6,635.1800000000001,2opt,notBad
8141,6,635.1800000000001,6,635.1800000000001,move,improve
8142,6,635.1800000000001,6,635.1800000000001,move,improve
8143,6,635.1800000000001,6,635.1800000000001,2opt,notBad
8144,6,635.1800000000001,6,635.1800000000001,2opt,notBad
8145,6,635.1800000000001,6,635.1800000000001,swap,notBad
8146,6,635.1800000000001,6,635.1800000000001,move,improve
8147,6,635.1800000000001,6,635.1800000000001,2opt,notBad
8148,6,635.1800000000001,6,635.1800000000001,move,improve
8149,6,635.1800000000001,6,635.1800000000001,move,improve
8150,6,635.1800000000001,6,635.1800000000001,swap,notBad
8151,6,635.1800000000001,6,635.1800000000001,swap,notBad
8152,6,635.1800000000001,6,635.1800000000001,move,improve
8153,6,635.1800000000001,6,635.1800000000001,2opt,notBad
8154,6,635.1800000000001,6,635.1800000000001,2opt,notBad
8155,6,635.1800000000001,6,635.1800000000001,move,improve
8156,6,635.1800000000001,6,635.1800000000001,move,improve
8157,6,635.1800000000001,6,635.1800000000001,swap,notBad
8158,6,635.1800000000001,6,635.1800000000001,move,improve
8159,6,635.1800000000001,6,635.1800000000001,move,improve
8160,6,635.1800000000001,6,635.1800000000001,2opt,improve
8161,6,635.1800000000001,6,635.1800000000001,move,improve
8162,6,635.1800000000001,6,635.1800000000001,swap,notBad
8163,6,635.1800000000001,6,635.1800000000001,swap,notBad
8164,6,635.1800000000001,6,635.1800000000001,move,improve
8165,6,635.1800000000001,6,635.1800000000001,move,improve
8166,6,635.1800000000001,6,635.1800000000001,swap,notBad
8167,6,635.1800000000001,6,635.1800000000001,swap,notBad
8168,6,635.1800000000001,6,635.1800000000001,move,improve
8169,6,635.1800000000001,6,635.1800000000001,swap,notBad
8170,6,635.1800000000001,6,635.1800000000001,swap,notBad
8171,6,635.1800000000001,6,635.1800000000001,2opt,notBad
8172,6,635.1800000000001,6,635.1800000000001,move,improve
8173,6,635.1800000000001,6,635.1800000000001,move,improve
8174,6,635.1800000000001,6,635.1800000000001,move,improve
8175,6,635.1800000000001,6,635.1800000000001,2opt,notBad
8176,6,635.1800000000001,6,635.1800000000001,swap,notBad
8177,6,635.1800000000001,6,635.1800000000001,swap,notBad
8178,6,635.1800000000001,6,635.1800000000001,move,improve
8179,6,635.1800000000001,6,635.1800000000001,move,improve
8180,6,635.1800000000001,6,635.1800000000001,swap,notBad
8181,6,635.1800000000001,6,635.1800000000001,swap,notBad
8182,6,635.1800000000001,6,635.1800000000001,2opt,notBad
8183,6,635.1800000000001,6,635.1800000000001,2opt,notBad
8184,6,635.1800000000001,6,635.1800000000001,2opt,notBad
8185,6,635.1800000000001,6,635.1800000000001,2opt,notBad
8186,6,635.1800000000001,6,635.1800000000001,swap,notBad
8187,6,635.1800000000001,6,635.1800000000001,2opt,notBad
8188,6,635.1800000000001,6,635.1800000000001,2opt,notBad
8189,6,635.1800000000001,6,635.1800000000001,2opt,notBad
8190,6,635.1800000000001,6,635.1800000000001,move,improve
8191,6,635.1800000000001,6,635.1800000000001,move,improve
8192,6,635.1800000000001,6,635.1800000000001,2opt,notBad
8193,6,635.1800000000001,6,635.1800000000001,swap,notBad
8194,6,635.1800000000001,6,635.1800000000001,2opt,notBad
8195,6,635.1800000000001,6,635.1800000000001,swap,notBad
8196,6,635.1800000000001,6,635.1800000000001,swap,notBad
8197,6,635.1800000000001,6,635.1800000000001,move,improve
8198,6,635.1800000000001,6,635.1800000000001,swap,notBad
8199,6,635.1800000000001,6,635.1800000000001,move,improve
8200,6,635.1800000000001,6,635.1800000000001,move,improve
8201,6,635.1800000000001,6,635.1800000000001,swap,notBad
8202,6,635.1800000000001,6,635.1800000000001,move,improve
8203,6,635.1800000000001,6,635.1800000000001,move,improve
8204,6,635.1800000000001,6,635.1800000000001,2opt,notBad
8205,6,635.1800000000001,6,635.1800000000001,2opt,notBad
8206,6,635.1800000000001,6,635.1800000000001,swap,notBad
8207,6,635.1800000000001,6,635.1800000000001,move,improve
8208,6,635.1800000000001,6,635.1800000000001,swap,notBad
8209,6,635.1800000000001,6,635.1800000000001,move,improve
8210,6,635.1800000000001,6,635.1800000000001,2opt,notBad
8211,6,635.1800000000001,6,635.1800000000001,2opt,notBad
8212,6,635.1800000000001,6,635.1800000000001,2opt,notBad
8213,6,635.1800000000001,6,635.1800000000001,swap,notBad
8214,6,635.1800000000001,6,635.1800000000001,2opt,notBad
8215,6,635.1800000000001,6,635.1800000000001,move,improve
8216,6,635.1800000000001,6,635.1800000000001,2opt,notBad
8217,6,635.1800000000001,6,635.1800000000001,swap,notBad
8218,6,635.1800000000001,6,635.1800000000001,swap,notBad
8219,6,635.1800000000001,6,635.1800000000001,move,improve
8220,6,635.1800000000001,6,635.1800000000001,2opt,notBad
8221,6,635.1800000000001,6,635.1800000000001,swap,notBad
8222,6,635.1800000000001,6,635.1800000000001,move,improve
8223,6,635.1800000000001,6,635.1800000000001,2opt,notBad
8224,6,635.1800000000001,6,635.1800000000001,swap,notBad
8225,6,635.1800000000001,6,635.1800000000001,move,improve
8226,6,635.1800000000001,6,635.1800000000001,2opt,notBad
8227,6,635.1800000000001,6,635.1800000000001,2opt,notBad
8228,6,635.1800000000001,6,635.1800000000001,2opt,notBad
8229,6,635.1800000000001,6,635.1800000000001,move,improve
8230,6,635.1800000000001,6,635.1800000000001,move,improve
8231,6,635.1800000000001,6,635.1800000000001,2opt,notBad
8232,6,635.1800000000001,6,635.1800000000001,move,improve
8233,6,635.1800000000001,6,635.1800000000001,swap,notBad
8234,6,635.1800000000001,6,635.1800000000001,2opt,notBad
8235,6,635.1800000000001,6,635.1800000000001,swap,notBad
8236,6,635.1800000000001,6,635.1800000000001,swap,notBad
8237,6,635.1800000000001,6,635.1800000000001,move,notBad
8238,6,635.1800000000001,6,635.1800000000001,swap,notBad
8239,6,635.1800000000001,6,635.1800000000001,swap,notBad
8240,6,635.1800000000001,6,635.1800000000001,2opt,notBad
8241,6,635.1800000000001,6,635.1800000000001,move,improve
8242,6,635.1800000000001,6,635.1800000000001,swap,notBad
8243,6,635.1800000000001,6,635.1800000000001,2opt,notBad
8244,6,635.1800000000001,6,635.1800000000001,2opt,notBad
8245,6,635.1800000000001,6,635.1800000000001,swap,notBad
8246,6,635.1800000000001,6,635.1800000000001,move,improve
8247,6,635.1800000000001,6,635.1800000000001,swap,notBad
8248,6,635.1800000000001,6,635.1800000000001,2opt,notBad
8249,6,635.1800000000001,6,635.1800000000001,2opt,notBad
8250,6,635.1800000000001,6,635.1800000000001,2opt,notBad
8251,6,635.1800000000001,6,635.1800000000001,2opt,notBad
8252,6,635.1800000000001,6,635.1800000000001,swap,notBad
8253,6,635.1800000000001,6,635.1800000000001,move,improve
8254,6,635.1800000000001,6,635.1800000000001,move,improve
8255,6,635.1800000000001,6,635.1800000000001,move,improve
8256,6,635.1800000000001,6,635.1800000000001,move,improve
8257,6,635.1800000000001,6,635.1800000000001,swap,notBad
8258,6,635.1800000000001,6,635.1800000000001,2opt,notBad
8259,6,635.1800000000001,6,635.1800000000001,move,improve
8260,6,635.1800000000001,6,635.1800000000001,swap,notBad
8261,6,635.1800000000001,6,635.1800000000001,move,improve
8262,6,635.1800000000001,6,635.1800000000001,move,improve
8263,6,635.1800000000001,6,635.1800000000001,2opt,notBad
8264,6,635.1800000000001,6,635.1800000000001,2opt,notBad
8265,6,635.1800000000001,6,635.1800000000001,swap,notBad
8266,6,635.1800000000001,6,635.1800000000001,move,improve
8267,6,635.1800000000001,6,635.1800000000001,move,improve
8268,6,635.1800000000001,6,635.1800000000001,swap,notBad
8269,6,635.1800000000001,6,635.1800000000001,2opt,notBad
8270,6,635.1800000000001,6,635.1800000000001,2opt,notBad
8271,6,635.1800000000001,6,635.1800000000001,move,improve
8272,6,635.1800000000001,6,635.1800000000001,move,improve
8273,6,635.1800000000001,6,635.1800000000001,move,notBad
8274,6,635.1800000000001,6,635.1800000000001,move,improve
8275,6,635.1800000000001,6,635.1800000000001,2opt,notBad
8276,6,635.1800000000001,6,635.1800000000001,swap,notBad
8277,6,635.1800000000001,6,635.1800000000001,2opt,notBad
8278,6,635.1800000000001,6,635.1800000000001,move,improve
8279,6,635.1800000000001,6,635.1800000000001,swap,notBad
8280,6,635.1800000000001,6,635.1800000000001,move,improve
8281,6,635.1800000000001,6,635.1800000000001,move,improve
8282,6,635.1800000000001,6,635.1800000000001,move,notBad
8283,6,635.1800000000001,6,635.1800000000001,2opt,notBad
8284,6,635.1800000000001,6,635.1800000000001,2opt,notBad
8285,6,635.1800000000001,6,635.1800000000001,swap,notBad
8286,6,635.1800000000001,6,635.1800000000001,move,improve
8287,6,635.1800000000001,6,635.1800000000001,move,improve
8288,6,635.1800000000001,6,635.1800000000001,2opt,notBad
8289,6,635.1800000000001,6,635.1800000000001,move,improve
8290,6,635.1800000000001,6,635.1800000000001,swap,notBad
8291,6,635.1800000000001,6,635.1800000000001,2opt,notBad
8292,6,635.1800000000001,6,635.1800000000001,move,improve
8293,6,635.1800000000001,6,635.1800000000001,swap,notBad
8294,6,635.1800000000001,6,635.1800000000001,move,improve
8295,6,635.1800000000001,6,635.1800000000001,move,improve
8296,6,635.1800000000001,6,635.1800000000001,move,improve
8297,6,635.1800000000001,6,635.1800000000001,move,improve
8298,6,635.1800000000001,6,635.1800000000001,move,improve
8299,6,635.1800000000001,6,635.1800000000001,2opt,notBad
8300,6,635.1800000000001,6,635.1800000000001,swap,notBad
8301,6,635.1800000000001,6,635.1800000000001,swap,notBad
8302,6,635.1800000000001,6,635.1800000000001,swap,notBad
8303,6,635.1800000000001,6,635.1800000000001,swap,notBad
8304,6,635.1800000000001,6,635.1800000000001,swap,notBad
8305,6,635.1800000000001,6,635.1800000000001,2opt,notBad
8306,6,635.1800000000001,6,635.1800000000001,move,improve
8307,6,635.1800000000001,6,635.1800000000001,2opt,notBad
8308,6,635.1800000000001,6,635.1800000000001,move,improve
8309,6,635.1800000000001,6,635.1800000000001,swap,notBad
8310,6,635.1800000000001,6,635.1800000000001,2opt,notBad
8311,6,635.1800000000001,6,635.1800000000001,swap,notBad
8312,6,635.1800000000001,6,635.1800000000001,swap,notBad
8313,6,635.1800000000001,6,635.1800000000001,swap,notBad
8314,6,635.1800000000001,6,635.1800000000001,move,improve
8315,6,635.1800000000001,6,635.1800000000001,2opt,improve
8316,6,635.1800000000001,6,635.1800000000001,move,improve
8317,6,635.1800000000001,6,635.1800000000001,2opt,notBad
8318,6,635.1800000000001,6,635.1800000000001,move,improve
8319,6,635.1800000000001,6,635.1800000000001,swap,notBad
8320,6,635.1800000000001,6,635.1800000000001,2opt,notBad
8321,6,635.1800000000001,6,635.1800000000001,swap,notBad
8322,6,635.1800000000001,6,635.1800000000001,2opt,notBad
8323,6,635.1800000000001,6,635.1800000000001,swap,notBad
8324,6,635.1800000000001,6,635.1800000000001,2opt,notBad
8325,6,635.1800000000001,6,635.1800000000001,swap,notBad
8326,6,635.1800000000001,6,635.1800000000001,2opt,notBad
8327,6,635.1800000000001,6,635.1800000000001,2opt,notBad
8328,6,635.1800000000001,6,635.1800000000001,swap,notBad
8329,6,635.1800000000001,6,635.1800000000001,2opt,notBad
8330,6,635.1800000000001,6,635.1800000000001,move,improve
8331,6,635.1800000000001,6,635.1800000000001,move,improve
8332,6,635.1800000000001,6,635.1800000000001,swap,notBad
8333,6,635.1800000000001,6,635.1800000000001,2opt,notBad
8334,6,635.1800000000001,6,635.1800000000001,2opt,notBad
8335,6,635.1800000000001,6,635.1800000000001,move,improve
8336,6,635.1800000000001,6,635.1800000000001,swap,notBad
8337,6,635.1800000000001,6,635.1800000000001,move,improve
8338,6,635.1800000000001,6,635.1800000000001,move,improve
8339,6,635.1800000000001,6,635.1800000000001,2opt,notBad
8340,6,635.1800000000001,6,635.1800000000001,swap,notBad
8341,6,635.1800000000001,6,635.1800000000001,move,improve
8342,6,635.1800000000001,6,635.1800000000001,move,improve
8343,6,635.1800000000001,6,635.1800000000001,swap,notBad
8344,6,635.1800000000001,6,635.1800000000001,2opt,notBad
8345,6,635.1800000000001,6,635.1800000000001,2opt,notBad
8346,6,635.1800000000001,6,635.1800000000001,2opt,notBad
8347,6,635.1800000000001,6,635.1800000000001,move,improve
8348,6,635.1800000000001,6,635.1800000000001,2opt,improve
8349,6,635.1800000000001,6,635.1800000000001,swap,notBad
8350,6,635.1800000000001,6,635.1800000000001,move,improve
8351,6,635.1800000000001,6,635.1800000000001,swap,notBad
8352,6,635.1800000000001,6,635.1800000000001,2opt,notBad
8353,6,635.1800000000001,6,635.1800000000001,2opt,notBad
8354,6,635.1800000000001,6,635.1800000000001,move,improve
8355,6,635.1800000000001,6,635.1800000000001,swap,notBad
8356,6,635.1800000000001,6,635.1800000000001,swap,notBad
8357,6,635.1800000000001,6,635.1800000000001,swap,notBad
8358,6,635.1800000000001,6,635.1800000000001,swap,notBad
8359,6,635.1800000000001,6,635.1800000000001,swap,notBad
8360,6,635.1800000000001,6,635.1800000000001,2opt,notBad
8361,6,635.1800000000001,6,635.1800000000001,move,improve
8362,6,635.1800000000001,6,635.1800000000001,2opt,improve
8363,6,635.1800000000001,6,635.1800000000001,move,improve
8364,6,635.1800000000001,6,635.1800000000001,move,improve
8365,6,635.1800000000001,6,635.1800000000001,swap,notBad
8366,6,635.1800000000001,6,635.1800000000001,2opt,notBad
8367,6,635.1800000000001,6,635.1800000000001,2opt,notBad
8368,6,635.1800000000001,6,635.1800000000001,2opt,notBad
8369,6,635.1800000000001,6,635.1800000000001,swap,notBad
8370,6,635.1800000000001,6,635.1800000000001,move,improve
8371,6,635.1800000000001,6,635.1800000000001,swap,notBad
8372,6,635.1800000000001,6,635.1800000000001,swap,notBad
8373,6,635.1800000000001,6,635.1800000000001,move,improve
8374,6,635.1800000000001,6,635.1800000000001,2opt,notBad
8375,6,635.1800000000001,6,635.1800000000001,2opt,notBad
8376,6,635.1800000000001,6,635.1800000000001,2opt,notBad
8377,6,635.1800000000001,6,635.1800000000001,2opt,notBad
8378,6,635.1800000000001,6,635.1800000000001,2opt,notBad
8379,6,635.1800000000001,6,635.1800000000001,swap,notBad
8380,6,635.1800000000001,6,635.1800000000001,2opt,notBad
8381,6,635.1800000000001,6,635.1800000000001,swap,notBad
8382,6,635.1800000000001,6,635.1800000000001,move,improve
8383,6,635.1800000000001,6,635.1800000000001,move,improve
8384,6,635.1800000000001,6,635.1800000000001,move,improve
8385,6,635.1800000000001,6,635.1800000000001,swap,notBad
8386,6,635.1800000000001,6,635.1800000000001,2opt,notBad
8387,6,635.1800000000001,6,635.1800000000001,move,improve
8388,6,635.1800000000001,6,635.1800000000001,2opt,notBad
8389,6,635.1800000000001,6,635.1800000000001,swap,notBad
8390,6,635.1800000000001,6,635.1800000000001,move,improve
8391,6,635.1800000000001,6,635.1800000000001,swap,notBad
8392,6,635.1800000000001,6,635.1800000000001,2opt,notBad
8393,6,635.1800000000001,6,635.1800000000001,move,improve
8394,6,635.1800000000001,6,635.1800000000001,move,improve
8395,6,635.1800000000001,6,635.1800000000001,2opt,notBad
8396,6,635.1800000000001,6,635.1800000000001,swap,notBad
8397,6,635.1800000000001,6,635.1800000000001,2opt,notBad
8398,6,635.1800000000001,6,635.1800000000001,2opt,notBad
8399,6,635.1800000000001,6,635.1800000000001,move,improve
8400,6,635.1800000000001,6,635.1800000000001,move,improve
8401,6,635.1800000000001,6,635.1800000000001,swap,notBad
8402,6,635.1800000000001,6,635.1800000000001,move,improve
8403,6,635.1800000000001,6,635.1800000000001,2opt,notBad
8404,6,635.1800000000001,6,635.1800000000001,move,improve
8405,6,635.1800000000001,6,635.1800000000001,2opt,notBad
8406,6,635.1800000000001,6,635.1800000000001,move,improve
8407,6,635.1800000000001,6,635.1800000000001,swap,notBad
8408,6,635.1800000000001,6,635.1800000000001,2opt,notBad
8409,6,635.1800000000001,6,635.1800000000001,swap,notBad
8410,6,635.1800000000001,6,635.1800000000001,move,improve
8411,6,635.1800000000001,6,635.1800000000001,move,improve
8412,6,635.1800000000001,6,635.1800000000001,swap,notBad
8413,6,635.1800000000001,6,635.1800000000001,swap,notBad
8414,6,635.1800000000001,6,635.1800000000001,move,improve
8415,6,635.1800000000001,6,635.1800000000001,2opt,notBad
8416,6,635.1800000000001,6,635.1800000000001,swap,notBad
8417,6,635.1800000000001,6,635.1800000000001,swap,notBad
8418,6,635.1800000000001,6,635.1800000000001,move,improve
8419,6,635.1800000000001,6,635.1800000000001,move,improve
8420,6,635.1800000000001,6,635.1800000000001,2opt,notBad
8421,6,635.1800000000001,6,635.1800000000001,2opt,notBad
8422,6,635.1800000000001,6,635.1800000000001,move,improve
8423,6,635.1800000000001,6,635.1800000000001,move,improve
8424,6,635.1800000000001,6,635.1800000000001,move,improve
8425,6,635.1800000000001,6,635.1800000000001,2opt,notBad
8426,6,635.1800000000001,6,635.1800000000001,swap,notBad
8427,6,635.1800000000001,6,635.1800000000001,swap,notBad
8428,6,635.1800000000001,6,635.1800000000001,swap,notBad
8429,6,635.1800000000001,6,635.1800000000001,swap,notBad
8430,6,635.1800000000001,6,635.1800000000001,move,improve
8431,6,635.1800000000001,6,635.1800000000001,2opt,notBad
8432,6,635.1800000000001,6,635.1800000000001,swap,notBad
8433,6,635.1800000000001,6,635.1800000000001,2opt,improve
8434,6,635.1800000000001,6,635.1800000000001,swap,notBad
8435,6,635.1800000000001,6,635.1800000000001,move,improve
8436,6,635.1800000000001,6,635.1800000000001,2opt,notBad
8437,6,635.1800000000001,6,635.1800000000001,2opt,notBad
8438,6,635.1800000000001,6,635.1800000000001,swap,notBad
8439,6,635.1800000000001,6,635.1800000000001,swap,notBad
8440,6,635.1800000000001,6,635.1800000000001,swap,notBad
8441,6,635.1800000000001,6,635.1800000000001,swap,notBad
8442,6,635.1800000000001,6,635.1800000000001,swap,notBad
8443,6,635.1800000000001,6,635.1800000000001,2opt,notBad
8444,6,635.1800000000001,6,635.1800000000001,swap,notBad
8445,6,635.1800000000001,6,635.1800000000001,move,improve
8446,6,635.1800000000001,6,635.1800000000001,2opt,notBad
8447,6,635.1800000000001,6,635.1800000000001,swap,notBad
8448,6,635.1800000000001,6,635.1800000000001,move,improve
8449,6,635.1800000000001,6,635.1800000000001,move,improve
8450,6,635.1800000000001,6,635.1800000000001,swap,notBad
8451,6,635.1800000000001,6,635.1800000000001,swap,notBad
8452,6,635.1800000000001,6,635.1800000000001,2opt,notBad
8453,6,635.1800000000001,6,635.1800000000001,swap,notBad
8454,6,635.1800000000001,6,635.1800000000001,2opt,notBad
8455,6,635.1800000000001,6,635.1800000000001,move,improve
8456,6,635.1800000000001,6,635.1800000000001,swap,notBad
8457,6,635.1800000000001,6,635.1800000000001,2opt,notBad
8458,6,635.1800000000001,6,635.1800000000001,move,improve
8459,6,635.1800000000001,6,635.1800000000001,move,improve
8460,6,635.1800000000001,6,635.1800000000001,swap,notBad
8461,6,635.1800000000001,6,635.1800000000001,2opt,notBad
8462,6,635.1800000000001,6,635.1800000000001,move,improve
8463,6,635.1800000000001,6,635.1800000000001,2opt,notBad
8464,6,635.1800000000001,6,635.1800000000001,move,improve
8465,6,635.1800000000001,6,635.1800000000001,swap,notBad
8466,6,635.1800000000001,6,635.1800000000001,move,improve
8467,6,635.1800000000001,6,635.1800000000001,2opt,notBad
8468,6,635.1800000000001,6,635.1800000000001,move,improve
8469,6,635.1800000000001,6,635.1800000000001,swap,notBad
8470,6,635.1800000000001,6,635.1800000000001,move,improve
8471,6,635.1800000000001,6,635.1800000000001,swap,notBad
8472,6,635.1800000000001,6,635.1800000000001,swap,notBad
8473,6,635.1800000000001,6,635.1800000000001,swap,notBad
8474,6,635.1800000000001,6,635.1800000000001,move,improve
8475,6,635.1800000000001,6,635.1800000000001,swap,notBad
8476,6,635.1800000000001,6,635.1800000000001,2opt,notBad
8477,6,635.1800000000001,6,635.1800000000001,swap,notBad
8478,6,635.1800000000001,6,635.1800000000001,swap,notBad
8479,6,635.1800000000001,6,635.1800000000001,move,improve
8480,6,635.1800000000001,6,635.1800000000001,swap,notBad
8481,6,635.1800000000001,6,635.1800000000001,2opt,notBad
8482,6,635.1800000000001,6,635.1800000000001,swap,notBad
8483,6,635.1800000000001,6,635.1800000000001,swap,notBad
8484,6,635.1800000000001,6,635.1800000000001,2opt,notBad
8485,6,635.1800000000001,6,635.1800000000001,move,improve
8486,6,635.1800000000001,6,635.1800000000001,2opt,notBad
8487,6,635.1800000000001,6,635.1800000000001,move,improve
8488,6,635.1800000000001,6,635.1800000000001,2opt,improve
8489,6,635.1800000000001,6,635.1800000000001,swap,notBad
8490,6,635.1800000000001,6,635.1800000000001,2opt,notBad
8491,6,635.1800000000001,6,635.1800000000001,swap,notBad
8492,6,635.1800000000001,6,635.1800000000001,swap,notBad
8493,6,635.1800000000001,6,635.1800000000001,move,improve
8494,6,635.1800000000001,6,635.1800000000001,swap,notBad
8495,6,635.1800000000001,6,635.1800000000001,swap,notBad
8496,6,635.1800000000001,6,635.1800000000001,move,improve
8497,6,635.1800000000001,6,635.1800000000001,swap,notBad
8498,6,635.1800000000001,6,635.1800000000001,2opt,notBad
8499,6,635.1800000000001,6,635.1800000000001,move,improve
8500,6,635.1800000000001,6,635.1800000000001,move,improve
8501,6,635.1800000000001,6,635.1800000000001,move,improve
8502,6,635.1800000000001,6,635.1800000000001,move,improve
8503,6,635.1800000000001,6,635.1800000000001,swap,notBad
8504,6,635.1800000000001,6,635.1800000000001,swap,notBad
8505,6,635.1800000000001,6,635.1800000000001,swap,notBad
8506,6,635.1800000000001,6,635.1800000000001,move,improve
8507,6,635.1800000000001,6,635.1800000000001,move,improve
8508,6,635.1800000000001,6,635.1800000000001,2opt,notBad
8509,6,635.1800000000001,6,635.1800000000001,2opt,notBad
8510,6,635.1800000000001,6,635.1800000000001,swap,notBad
8511,6,635.1800000000001,6,635.1800000000001,move,improve
8512,6,635.1800000000001,6,635.1800000000001,move,improve
8513,6,635.1800000000001,6,635.1800000000001,move,improve
8514,6,635.1800000000001,6,635.1800000000001,2opt,notBad
8515,6,635.1800000000001,6,635.1800000000001,2opt,notBad
8516,6,635.1800000000001,6,635.1800000000001,move,improve
8517,6,635.1800000000001,6,635.1800000000001,move,improve
8518,6,635.1800000000001,6,635.1800000000001,swap,notBad
8519,6,635.1800000000001,6,635.1800000000001,swap,notBad
8520,6,635.1800000000001,6,635.1800000000001,swap,notBad
8521,6,635.1800000000001,6,635.1800000000001,2opt,notBad
8522,6,635.1800000000001,6,635.1800000000001,move,notBad
8523,6,635.1800000000001,6,635.1800000000001,2opt,notBad
8524,6,635.1800000000001,6,635.1800000000001,move,improve
8525,6,635.1800000000001,6,635.1800000000001,2opt,notBad
8526,6,635.1800000000001,6,635.1800000000001,swap,notBad
8527,6,635.1800000000001,6,635.1800000000001,2opt,notBad
8528,6,635.1800000000001,6,635.1800000000001,move,improve
8529,6,635.1800000000001,6,635.1800000000001,move,improve
8530,6,635.1800000000001,6,635.1800000000001,2opt,notBad
8531,6,635.1800000000001,6,635.1800000000001,2opt,notBad
8532,6,635.1800000000001,6,635.1800000000001,move,notBad
8533,6,635.1800000000001,6,635.1800000000001,move,improve
8534,6,635.1800000000001,6,635.1800000000001,swap,notBad
8535,6,635.1800000000001,6,635.1800000000001,2opt,notBad
8536,6,635.1800000000001,6,635.1800000000001,swap,notBad
8537,6,635.1800000000001,6,635.1800000000001,2opt,notBad
8538,6,635.1800000000001,6,635.1800000000001,move,improve
8539,6,635.1800000000001,6,635.1800000000001,move,improve
8540,6,635.1800000000001,6,635.1800000000001,move,improve
8541,6,635.1800000000001,6,635.1800000000001,swap,notBad
8542,6,635.1800000000001,6,635.1800000000001,2opt,notBad
8543,6,635.1800000000001,6,635.1800000000001,swap,notBad
8544,6,635.1800000000001,6,635.1800000000001,move,improve
8545,6,635.1800000000001,6,635.1800000000001,move,improve
8546,6,635.1800000000001,6,635.1800000000001,swap,notBad
8547,6,635.1800000000001,6,635.1800000000001,2opt,notBad
8548,6,635.1800000000001,6,635.1800000000001,swap,notBad
8549,6,635.1800000000001,6,635.1800000000001,move,improve
8550,6,635.1800000000001,6,635.1800000000001,2opt,notBad
8551,6,635.1800000000001,6,635.1800000000001,swap,notBad
8552,6,635.1800000000001,6,635.1800000000001,move,improve
8553,6,635.1800000000001,6,635.1800000000001,swap,notBad
8554,6,635.1800000000001,6,635.1800000000001,move,improve
8555,6,635.1800000000001,6,635.1800000000001,move,notBad
8556,6,635.1800000000001,6,635.1800000000001,2opt,notBad
8557,6,635.1800000000001,6,635.1800000000001,move,improve
8558,6,635.1800000000001,6,635.1800000000001,swap,notBad
8559,6,635.1800000000001,6,635.1800000000001,2opt,notBad
8560,6,635.1800000000001,6,635.1800000000001,swap,notBad
8561,6,635.1800000000001,6,635.1800000000001,2opt,notBad
8562,6,635.1800000000001,6,635.1800000000001,swap,notBad
8563,6,635.1800000000001,6,635.1800000000001,swap,notBad
8564,6,635.1800000000001,6,635.1800000000001,swap,notBad
8565,6,635.1800000000001,6,635.1800000000001,move,improve
8566,6,635.1800000000001,6,635.1800000000001,2opt,notBad
8567,6,635.1800000000001,6,635.1800000000001,2opt,notBad
8568,6,635.1800000000001,6,635.1800000000001,2opt,improve
8569,6,635.1800000000001,6,635.1800000000001,2opt,notBad
8570,6,635.1800000000001,6,635.1800000000001,2opt,improve
8571,6,635.1800000000001,6,635.1800000000001,2opt,notBad
8572,6,635.1800000000001,6,635.1800000000001,move,improve
8573,6,635.1800000000001,6,635.1800000000001,move,improve
8574,6,635.1800000000001,6,635.1800000000001,swap,notBad
8575,6,635.1800000000001,6,635.1800000000001,swap,notBad
8576,6,635.1800000000001,6,635.1800000000001,move,improve
8577,6,635.1800000000001,6,635.1800000000001,swap,notBad
8578,6,635.1800000000001,6,635.1800000000001,move,improve
8579,6,635.1800000000001,6,635.1800000000001,2opt,notBad
8580,6,635.1800000000001,6,635.1800000000001,swap,notBad
8581,6,635.1800000000001,6,635.1800000000001,swap,notBad
8582,6,635.1800000000001,6,635.1800000000001,swap,notBad
8583,6,635.1800000000001,6,635.1800000000001,2opt,notBad
8584,6,635.1800000000001,6,635.1800000000001,swap,notBad
8585,6,635.1800000000001,6,635.1800000000001,move,improve
8586,6,635.1800000000001,6,635.1800000000001,swap,notBad
8587,6,635.1800000000001,6,635.1800000000001,move,improve
8588,6,635.1800000000001,6,635.1800000000001,swap,notBad
8589,6,635.1800000000001,6,635.1800000000001,swap,notBad
8590,6,635.1800000000001,6,635.1800000000001,swap,notBad
8591,6,635.1800000000001,6,635.1800000000001,2opt,notBad
8592,6,635.1800000000001,6,635.1800000000001,move,improve
8593,6,635.1800000000001,6,635.1800000000001,swap,notBad
8594,6,635.1800000000001,6,635.1800000000001,move,improve
8595,6,635.1800000000001,6,635.1800000000001,2opt,notBad
8596,6,635.1800000000001,6,635.1800000000001,move,improve
8597,6,635.1800000000001,6,635.1800000000001,2opt,notBad
8598,6,635.1800000000001,6,635.1800000000001,swap,notBad
8599,6,635.1800000000001,6,635.1800000000001,move,improve
8600,6,635.1800000000001,6,635.1800000000001,move,improve
8601,6,635.1800000000001,6,635.1800000000001,swap,notBad
8602,6,635.1800000000001,6,635.1800000000001,2opt,notBad
8603,6,635.1800000000001,6,635.1800000000001,2opt,notBad
8604,6,635.1800000000001,6,635.1800000000001,move,improve
8605,6,635.1800000000001,6,635.1800000000001,2opt,notBad
8606,6,635.1800000000001,6,635.1800000000001,move,improve
8607,6,635.1800000000001,6,635.1800000000001,move,improve
8608,6,635.1800000000001,6,635.1800000000001,swap,notBad
8609,6,635.1800000000001,6,635.1800000000001,move,improve
8610,6,635.1800000000001,6,635.1800000000001,swap,notBad
8611,6,635.1800000000001,6,635.1800000000001,swap,notBad
8612,6,635.1800000000001,6,635.1800000000001,2opt,notBad
8613,6,635.1800000000001,6,635.1800000000001,swap,notBad
8614,6,635.1800000000001,6,635.1800000000001,move,improve
8615,6,635.1800000000001,6,635.1800000000001,2opt,notBad
8616,6,635.1800000000001,6,635.1800000000001,swap,notBad
8617,6,635.1800000000001,6,635.1800000000001,swap,notBad
8618,6,635.1800000000001,6,635.1800000000001,move,improve
8619,6,635.1800000000001,6,635.1800000000001,2opt,notBad
8620,6,635.1800000000001,6,635.1800000000001,move,improve
8621,6,635.1800000000001,6,635.1800000000001,2opt,notBad
8622,6,635.1800000000001,6,635.1800000000001,swap,notBad
8623,6,635.1800000000001,6,635.1800000000001,move,improve
8624,6,635.1800000000001,6,635.1800000000001,swap,notBad
8625,6,635.1800000000001,6,635.1800000000001,move,improve
8626,6,635.1800000000001,6,635.1800000000001,2opt,improve
8627,6,635.1800000000001,6,635.1800000000001,move,improve
8628,6,635.1800000000001,6,635.1800000000001,2opt,notBad
8629,6,635.1800000000001,6,635.1800000000001,move,improve
8630,6,635.1800000000001,6,635.1800000000001,move,improve
8631,6,635.1800000000001,6,635.1800000000001,2opt,notBad
8632,6,635.1800000000001,6,635.1800000000001,move,improve
8633,6,635.1800000000001,6,635.1800000000001,swap,notBad
8634,6,635.1800000000001,6,635.1800000000001,move,notBad
8635,6,635.1800000000001,6,635.1800000000001,2opt,notBad
8636,6,635.1800000000001,6,635.1800000000001,2opt,notBad
8637,6,635.1800000000001,6,635.1800000000001,move,improve
8638,6,635.1800000000001,6,635.1800000000001,move,improve
8639,6,635.1800000000001,6,635.1800000000001,move,improve
8640,6,635.1800000000001,6,635.1800000000001,2opt,notBad
8641,6,635.1800000000001,6,635.1800000000001,swap,notBad
8642,6,635.1800000000001,6,635.1800000000001,move,improve
8643,6,635.1800000000001,6,635.1800000000001,2opt,notBad
8644,6,635.1800000000001,6,635.1800000000001,move,improve
8645,6,635.1800000000001,6,635.1800000000001,swap,notBad
8646,6,635.1800000000001,6,635.1800000000001,2opt,notBad
8647,6,635.1800000000001,6,635.1800000000001,2opt,notBad
8648,6,635.1800000000001,6,635.1800000000001,2opt,notBad
8649,6,635.1800000000001,6,635.1800000000001,2opt,notBad
8650,6,635.1800000000001,6,635.1800000000001,swap,notBad
8651,6,635.1800000000001,6,635.1800000000001,2opt,notBad
8652,6,635.1800000000001,6,635.1800000000001,move,improve
8653,6,635.1800000000001,6,635.1800000000001,move,improve
8654,6,635.1800000000001,6,635.1800000000001,move,improve
8655,6,635.1800000000001,6,635.1800000000001,2opt,notBad
8656,6,635.1800000000001,6,635.1800000000001,2opt,notBad
8657,6,635.1800000000001,6,635.1800000000001,swap,notBad
8658,6,635.1800000000001,6,635.1800000000001,swap,notBad
8659,6,635.1800000000001,6,635.1800000000001,swap,notBad
8660,6,635.1800000000001,6,635.1800000000001,move,improve
8661,6,635.1800000000001,6,635.1800000000001,move,improve
8662,6,635.1800000000001,6,635.1800000000001,move,improve
8663,6,635.1800000000001,6,635.1800000000001,2opt,notBad
8664,6,635.1800000000001,6,635.1800000000001,2opt,notBad
8665,6,635.1800000000001,6,635.1800000000001,swap,notBad
8666,6,635.1800000000001,6,635.1800000000001,move,improve
8667,6,635.1800000000001,6,635.1800000000001,move,improve
8668,6,635.1800000000001,6,635.1800000000001,move,improve
8669,6,635.1800000000001,6,635.1800000000001,move,improve
8670,6,635.1800000000001,6,635.1800000000001,2opt,notBad
8671,6,635.1800000000001,6,635.1800000000001,move,improve
8672,6,635.1800000000001,6,635.1800000000001,move,improve
8673,6,635.1800000000001,6,635.1800000000001,move,improve
8674,6,635.1800000000001,6,635.1800000000001,2opt,notBad
8675,6,635.1800000000001,6,635.1800000000001,2opt,notBad
8676,6,635.1800000000001,6,635.1800000000001,2opt,notBad
8677,6,635.1800000000001,6,635.1800000000001,2opt,notBad
8678,6,635.1800000000001,6,635.1800000000001,move,improve
8679,6,635.1800000000001,6,635.1800000000001,swap,notBad
8680,6,635.1800000000001,6,635.1800000000001,move,improve
8681,6,635.1800000000001,6,635.1800000000001,swap,notBad
8682,6,635.1800000000001,6,635.1800000000001,swap,notBad
8683,6,635.1800000000001,6,635.1800000000001,move,improve
8684,6,635.1800000000001,6,635.1800000000001,move,improve
8685,6,635.1800000000001,6,635.1800000000001,2opt,notBad
8686,6,635.1800000000001,6,635.1800000000001,swap,notBad
8687,6,635.1800000000001,6,635.1800000000001,move,improve
8688,6,635.1800000000001,6,635.1800000000001,move,improve
8689,6,635.1800000000001,6,635.1800000000001,move,improve
8690,6,635.1800000000001,6,635.1800000000001,2opt,notBad
8691,6,635.1800000000001,6,635.1800000000001,swap,notBad
8692,6,635.1800000000001,6,635.1800000000001,swap,notBad
8693,6,635.1800000000001,6,635.1800000000001,2opt,notBad
8694,6,635.1800000000001,6,635.1800000000001,swap,notBad
8695,6,635.1800000000001,6,635.1800000000001,2opt,notBad
8696,6,635.1800000000001,6,635.1800000000001,swap,notBad
8697,6,635.1800000000001,6,635.1800000000001,swap,notBad
8698,6,635.1800000000001,6,635.1800000000001,2opt,notBad
8699,6,635.1800000000001,6,635.1800000000001,move,notBad
8700,6,635.1800000000001,6,635.1800000000001,swap,notBad
8701,6,635.1800000000001,6,635.1800000000001,move,improve
8702,6,635.1800000000001,6,635.1800000000001,move,improve
8703,6,635.1800000000001,6,635.1800000000001,2opt,notBad
8704,6,635.1800000000001,6,635.1800000000001,move,improve
8705,6,635.1800000000001,6,635.1800000000001,2opt,notBad
8706,6,635.1800000000001,6,635.1800000000001,move,improve
8707,6,635.1800000000001,6,635.1800000000001,move,improve
8708,6,635.1800000000001,6,635.1800000000001,2opt,notBad
8709,6,635.1800000000001,6,635.1800000000001,move,improve
8710,6,635.1800000000001,6,635.1800000000001,swap,notBad
8711,6,635.1800000000001,6,635.1800000000001,2opt,improve
8712,6,635.1800000000001,6,635.1800000000001,2opt,notBad
8713,6,635.1800000000001,6,635.1800000000001,swap,notBad
8714,6,635.1800000000001,6,635.1800000000001,move,improve
8715,6,635.1800000000001,6,635.1800000000001,2opt,notBad
8716,6,635.1800000000001,6,635.1800000000001,2opt,improve
8717,6,635.1800000000001,6,635.1800000000001,2opt,notBad
8718,6,635.1800000000001,6,635.1800000000001,move,improve
8719,6,635.1800000000001,6,635.1800000000001,swap,notBad
8720,6,635.1800000000001,6,635.1800000000001,swap,notBad
8721,6,635.1800000000001,6,635.1800000000001,move,notBad
8722,6,635.1800000000001,6,635.1800000000001,move,improve
8723,6,635.1800000000001,6,635.1800000000001,2opt,notBad
8724,6,635.1800000000001,6,635.1800000000001,move,improve
8725,6,635.1800000000001,6,635.1800000000001,swap,notBad
8726,6,635.1800000000001,6,635.1800000000001,swap,notBad
8727,6,635.1800000000001,6,635.1800000000001,swap,notBad
8728,6,635.1800000000001,6,635.1800000000001,2opt,notBad
8729,6,635.1800000000001,6,635.1800000000001,move,improve
8730,6,635.1800000000001,6,635.1800000000001,swap,notBad
8731,6,635.1800000000001,6,635.1800000000001,swap,notBad
8732,6,635.1800000000001,6,635.1800000000001,2opt,notBad
8733,6,635.1800000000001,6,635.1800000000001,2opt,notBad
8734,6,635.1800000000001,6,635.1800000000001,move,improve
8735,6,635.1800000000001,6,635.1800000000001,2opt,improve
8736,6,635.1800000000001,6,635.1800000000001,move,improve
8737,6,635.1800000000001,6,635.1800000000001,move,improve
8738,6,635.1800000000001,6,635.1800000000001,move,improve
8739,6,635.1800000000001,6,635.1800000000001,2opt,notBad
8740,6,635.1800000000001,6,635.1800000000001,move,improve
8741,6,635.1800000000001,6,635.1800000000001,move,improve
8742,6,635.1800000000001,6,635.1800000000001,2opt,notBad
8743,6,635.1800000000001,6,635.1800000000001,swap,notBad
8744,6,635.1800000000001,6,635.1800000000001,swap,notBad
8745,6,635.1800000000001,6,635.1800000000001,swap,notBad
8746,6,635.1800000000001,6,635.1800000000001,swap,notBad
8747,6,635.1800000000001,6,635.1800000000001,swap,notBad
8748,6,635.1800000000001,6,635.1800000000001,swap,notBad
8749,6,635.1800000000001,6,635.1800000000001,2opt,notBad
8750,6,635.1800000000001,6,635.1800000000001,move,improve
8751,6,635.1800000000001,6,635.1800000000001,move,improve
8752,6,635.1800000000001,6,635.1800000000001,2opt,improve
8753,6,635.1800000000001,6,635.1800000000001,swap,notBad
8754,6,635.1800000000001,6,635.1800000000001,swap,notBad
8755,6,635.1800000000001,6,635.1800000000001,2opt,notBad
8756,6,635.1800000000001,6,635.1800000000001,swap,notBad
8757,6,635.1800000000001,6,635.1800000000001,move,notBad
8758,6,635.1800000000001,6,635.1800000000001,move,improve
8759,6,635.1800000000001,6,635.1800000000001,2opt,notBad
8760,6,635.1800000000001,6,635.1800000000001,2opt,notBad
8761,6,635.1800000000001,6,635.1800000000001,swap,notBad
8762,6,635.1800000000001,6,635.1800000000001,move,improve
8763,6,635.1800000000001,6,635.1800000000001,move,improve
8764,6,635.1800000000001,6,635.1800000000001,2opt,notBad
8765,6,635.1800000000001,6,635.1800000000001,swap,notBad
8766,6,635.1800000000001,6,635.1800000000001,swap,notBad
8767,6,635.1800000000001,6,635.1800000000001,2opt,notBad
8768,6,635.1800000000001,6,635.1800000000001,move,improve
8769,6,635.1800000000001,6,635.1800000000001,move,improve
8770,6,635.1800000000001,6,635.1800000000001,swap,notBad
8771,6,635.1800000000001,6,635.1800000000001,2opt,notBad
8772,6,635.1800000000001,6,635.1800000000001,move,improve
8773,6,635.1800000000001,6,635.1800000000001,move,improve
8774,6,635.1800000000001,6,635.1800000000001,swap,notBad
8775,6,635.1800000000001,6,635.1800000000001,swap,notBad
8776,6,635.1800000000001,6,635.1800000000001,move,improve
8777,6,635.1800000000001,6,635.1800000000001,move,improve
8778,6,635.1800000000001,6,635.1800000000001,move,improve
8779,6,635.1800000000001,6,635.1800000000001,swap,notBad
8780,6,635.1800000000001,6,635.1800000000001,2opt,notBad
8781,6,635.1800000000001,6,635.1800000000001,move,improve
8782,6,635.1800000000001,6,635.1800000000001,2opt,notBad
8783,6,635.1800000000001,6,635.1800000000001,2opt,notBad
8784,6,635.1800000000001,6,635.1800000000001,swap,notBad
8785,6,635.1800000000001,6,635.1800000000001,swap,notBad
8786,6,635.1800000000001,6,635.1800000000001,2opt,improve
8787,6,635.1800000000001,6,635.1800000000001,2opt,notBad
8788,6,635.1800000000001,6,635.1800000000001,swap,notBad
8789,6,635.1800000000001,6,635.1800000000001,swap,notBad
8790,6,635.1800000000001,6,635.1800000000001,swap,notBad
8791,6,635.1800000000001,6,635.1800000000001,2opt,notBad
8792,6,635.1800000000001,6,635.1800000000001,swap,notBad
8793,6,635.1800000000001,6,635.1800000000001,swap,notBad
8794,6,635.1800000000001,6,635.1800000000001,move,improve
8795,6,635.1800000000001,6,635.1800000000001,swap,notBad
8796,6,635.1800000000001,6,635.1800000000001,move,improve
8797,6,635.1800000000001,6,635.1800000000001,swap,notBad
8798,6,635.1800000000001,6,635.1800000000001,2opt,notBad
8799,6,635.1800000000001,6,635.1800000000001,2opt,notBad
8800,6,635.1800000000001,6,635.1800000000001,2opt,notBad
8801,6,635.1800000000001,6,635.1800000000001,swap,notBad
8802,6,635.1800000000001,6,635.1800000000001,2opt,notBad
8803,6,635.1800000000001,6,635.1800000000001,2opt,notBad
8804,6,635.1800000000001,6,635.1800000000001,swap,notBad
8805,6,635.1800000000001,6,635.1800000000001,swap,notBad
8806,6,635.1800000000001,6,635.1800000000001,move,improve
8807,6,635.1800000000001,6,635.1800000000001,2opt,notBad
8808,6,635.1800000000001,6,635.1800000000001,move,improve
8809,6,635.1800000000001,6,635.1800000000001,2opt,notBad
8810,6,635.1800000000001,6,635.1800000000001,swap,notBad
8811,6,635.1800000000001,6,635.1800000000001,2opt,notBad
8812,6,635.1800000000001,6,635.1800000000001,move,improve
8813,6,635.1800000000001,6,635.1800000000001,2opt,notBad
8814,6,635.1800000000001,6,635.1800000000001,swap,notBad
8815,6,635.1800000000001,6,635.1800000000001,swap,notBad
8816,6,635.1800000000001,6,635.1800000000001,swap,notBad
8817,6,635.1800000000001,6,635.1800000000001,swap,notBad
8818,6,635.1800000000001,6,635.1800000000001,swap,notBad
8819,6,635.1800000000001,6,635.1800000000001,swap,notBad
8820,6,635.1800000000001,6,635.1800000000001,2opt,notBad
8821,6,635.1800000000001,6,635.1800000000001,2opt,notBad
8822,6,635.1800000000001,6,635.1800000000001,move,improve
8823,6,635.1800000000001,6,635.1800000000001,move,improve
8824,6,635.1800000000001,6,635.1800000000001,swap,notBad
8825,6,635.1800000000001,6,635.1800000000001,swap,notBad
8826,6,635.1800000000001,6,635.1800000000001,swap,notBad
8827,6,635.1800000000001,6,635.1800000000001,move,improve
8828,6,635.1800000000001,6,635.1800000000001,swap,notBad
8829,6,635.1800000000001,6,635.1800000000001,move,improve
8830,6,635.1800000000001,6,635.1800000000001,swap,notBad
8831,6,635.1800000000001,6,635.1800000000001,swap,notBad
8832,6,635.1800000000001,6,635.1800000000001,2opt,improve
8833,6,635.1800000000001,6,635.1800000000001,move,improve
8834,6,635.1800000000001,6,635.1800000000001,2opt,notBad
8835,6,635.1800000000001,6,635.1800000000001,move,improve
8836,6,635.1800000000001,6,635.1800000000001,swap,notBad
8837,6,635.1800000000001,6,635.1800000000001,2opt,notBad
8838,6,635.1800000000001,6,635.1800000000001,2opt,notBad
8839,6,635.1800000000001,6,635.1800000000001,swap,notBad
8840,6,635.1800000000001,6,635.1800000000001,swap,notBad
8841,6,635.1800000000001,6,635.1800000000001,move,improve
8842,6,635.1800000000001,6,635.1800000000001,move,notBad
8843,6,635.1800000000001,6,635.1800000000001,move,improve
8844,6,635.1800000000001,6,635.1800000000001,swap,notBad
8845,6,635.1800000000001,6,635.1800000000001,swap,notBad
8846,6,635.1800000000001,6,635.1800000000001,swap,notBad
8847,6,635.1800000000001,6,635.1800000000001,swap,notBad
8848,6,635.1800000000001,6,635.1800000000001,move,improve
8849,6,635.1800000000001,6,635.1800000000001,swap,notBad
8850,6,635.1800000000001,6,635.1800000000001,swap,notBad
8851,6,635.1800000000001,6,635.1800000000001,swap,notBad
8852,6,635.1800000000001,6,635.1800000000001,swap,notBad
8853,6,635.1800000000001,6,635.1800000000001,swap,notBad
8854,6,635.1800000000001,6,635.1800000000001,2opt,notBad
8855,6,635.1800000000001,6,635.1800000000001,swap,notBad
8856,6,635.1800000000001,6,635.1800000000001,swap,notBad
8857,6,635.1800000000001,6,635.1800000000001,2opt,notBad
8858,6,635.1800000000001,6,635.1800000000001,move,improve
8859,6,635.1800000000001,6,635.1800000000001,2opt,notBad
8860,6,635.1800000000001,6,635.1800000000001,move,improve
8861,6,635.1800000000001,6,635.1800000000001,move,improve
8862,6,635.1800000000001,6,635.1800000000001,2opt,notBad
8863,6,635.1800000000001,6,635.1800000000001,move,improve
8864,6,635.1800000000001,6,635.1800000000001,swap,notBad
8865,6,635.1800000000001,6,635.1800000000001,swap,notBad
8866,6,635.1800000000001,6,635.1800000000001,2opt,notBad
8867,6,635.1800000000001,6,635.1800000000001,move,improve
8868,6,635.1800000000001,6,635.1800000000001,move,improve
8869,6,635.1800000000001,6,635.1800000000001,swap,notBad
8870,6,635.1800000000001,6,635.1800000000001,move,improve
8871,6,635.1800000000001,6,635.1800000000001,2opt,notBad
8872,6,635.1800000000001,6,635.1800000000001,move,improve
8873,6,635.1800000000001,6,635.1800000000001,move,improve
8874,6,635.1800000000001,6,635.1800000000001,move,improve
8875,6,635.1800000000001,6,635.1800000000001,swap,notBad
8876,6,635.1800000000001,6,635.1800000000001,swap,notBad
8877,6,635.1800000000001,6,635.1800000000001,swap,notBad
8878,6,635.1800000000001,6,635.1800000000001,2opt,notBad
8879,6,635.1800000000001,6,635.1800000000001,swap,notBad
8880,6,635.1800000000001,6,635.1800000000001,move,improve
8881,6,635.1800000000001,6,635.1800000000001,move,improve
8882,6,635.1800000000001,6,635.1800000000001,move,improve
8883,6,635.1800000000001,6,635.1800000000001,2opt,notBad
8884,6,635.1800000000001,6,635.1800000000001,2opt,notBad
8885,6,637.76,6,635.1800000000001,swap,acceptBad
8886,6,637.76,6,635.1800000000001,swap,notBad
8887,6,637.76,6,635.1800000000001,move,notBad
8888,6,637.76,6,635.1800000000001,2opt,notBad
8889,6,637.76,6,635.1800000000001,move,improve
8890,6,637.76,6,635.1800000000001,swap,notBad
8891,6,637.76,6,635.1800000000001,2opt,improve
8892,6,637.76,6,635.1800000000001,swap,notBad
8893,6,637.76,6,635.1800000000001,swap,notBad
8894,6,637.76,6,635.1800000000001,move,improve
8895,6,637.76,6,635.1800000000001,2opt,notBad
8896,6,637.76,6,635.1800000000001,swap,notBad
8897,6,637.76,6,635.1800000000001,2opt,notBad
8898,6,637.76,6,635.1800000000001,swap,notBad
8899,6,637.76,6,635.1800000000001,move,improve
8900,6,637.76,6,635.1800000000001,2opt,notBad
8901,6,637.76,6,635.1800000000001,move,improve
8902,6,637.76,6,635.1800000000001,2opt,notBad
8903,6,637.76,6,635.1800000000001,swap,notBad
8904,6,637.76,6,635.1800000000001,swap,notBad
8905,6,637.76,6,635.1800000000001,2opt,notBad
8906,6,637.76,6,635.1800000000001,swap,notBad
8907,6,637.76,6,635.1800000000001,move,improve
8908,6,637.76,6,635.1800000000001,swap,notBad
8909,6,637.76,6,635.1800000000001,swap,notBad
8910,6,637.76,6,635.1800000000001,swap,notBad
8911,6,637.76,6,635.1800000000001,swap,notBad
8912,6,637.76,6,635.1800000000001,2opt,notBad
8913,6,637.76,6,635.1800000000001,2opt,notBad
8914,6,637.76,6,635.1800000000001,2opt,notBad
8915,6,637.76,6,635.1800000000001,swap,notBad
8916,6,637.76,6,635.1800000000001,move,improve
8917,6,637.76,6,635.1800000000001,move,improve
8918,6,637.76,6,635.1800000000001,swap,notBad
8919,6,637.76,6,635.1800000000001,swap,notBad
8920,6,637.76,6,635.1800000000001,move,improve
8921,6,637.76,6,635.1800000000001,move,improve
8922,6,637.76,6,635.1800000000001,2opt,notBad
8923,6,637.76,6,635.1800000000001,swap,notBad
8924,6,637.76,6,635.1800000000001,move,improve
8925,6,637.76,6,635.1800000000001,2opt,notBad
8926,6,637.76,6,635.1800000000001,2opt,notBad
8927,6,637.76,6,635.1800000000001,2opt,improve
8928,6,637.76,6,635.1800000000001,swap,notBad
8929,6,637.76,6,635.1800000000001,2opt,notBad
8930,6,637.76,6,635.1800000000001,2opt,notBad
8931,6,637.76,6,635.1800000000001,swap,notBad
8932,6,637.76,6,635.1800000000001,2opt,notBad
8933,6,637.76,6,635.1800000000001,2opt,notBad
8934,6,637.76,6,635.1800000000001,2opt,notBad
8935,6,637.76,6,635.1800000000001,move,improve
8936,6,637.76,6,635.1800000000001,swap,notBad
8937,6,637.76,6,635.1800000000001,swap,notBad
8938,6,637.76,6,635.1800000000001,2opt,notBad
8939,6,637.76,6,635.1800000000001,swap,notBad
8940,6,637.76,6,635.1800000000001,2opt,notBad
8941,6,637.76,6,635.1800000000001,move,improve
8942,6,637.76,6,635.1800000000001,2opt,notBad
8943,6,637.76,6,635.1800000000001,swap,notBad
8944,6,637.76,6,635.1800000000001,swap,notBad
8945,6,637.76,6,635.1800000000001,move,improve
8946,6,637.76,6,635.1800000000001,2opt,notBad
8947,6,637.76,6,635.1800000000001,move,improve
8948,6,637.76,6,635.1800000000001,swap,notBad
8949,6,637.76,6,635.1800000000001,move,improve
8950,6,637.76,6,635.1800000000001,swap,notBad
8951,6,637.76,6,635.1800000000001,move,improve
8952,6,637.76,6,635.1800000000001,2opt,notBad
8953,6,635.1800000000001,6,635.1800000000001,move,improve
8954,6,635.1800000000001,6,635.1800000000001,swap,notBad
8955,6,635.1800000000001,6,635.1800000000001,swap,notBad
8956,6,635.1800000000001,6,635.1800000000001,move,improve
8957,6,635.1800000000001,6,635.1800000000001,move,improve
8958,6,635.1800000000001,6,635.1800000000001,2opt,notBad
8959,6,635.1800000000001,6,635.1800000000001,swap,notBad
8960,6,635.1800000000001,6,635.1800000000001,move,improve
8961,6,635.1800000000001,6,635.1800000000001,move,improve
8962,6,635.1800000000001,6,635.1800000000001,2opt,notBad
8963,6,635.1800000000001,6,635.1800000000001,swap,notBad
8964,6,635.1800000000001,6,635.1800000000001,2opt,notBad
8965,6,635.1800000000001,6,635.1800000000001,2opt,notBad
8966,6,635.1800000000001,6,635.1800000000001,2opt,notBad
8967,6,635.1800000000001,6,635.1800000000001,swap,notBad
8968,6,635.1800000000001,6,635.1800000000001,swap,notBad
8969,6,635.1800000000001,6,635.1800000000001,2opt,notBad
8970,6,635.1800000000001,6,635.1800000000001,2opt,notBad
8971,6,635.1800000000001,6,635.1800000000001,move,improve
8972,6,635.1800000000001,6,635.1800000000001,move,improve
8973,6,635.1800000000001,6,635.1800000000001,swap,notBad
8974,6,635.1800000000001,6,635.1800000000001,swap,notBad
8975,6,635.1800000000001,6,635.1800000000001,move,improve
8976,6,635.1800000000001,6,635.1800000000001,move,improve
8977,6,635.1800000000001,6,635.1800000000001,move,improve
8978,6,635.1800000000001,6,635.1800000000001,move,improve
8979,6,635.1800000000001,6,635.1800000000001,swap,notBad
8980,6,635.1800000000001,6,635.1800000000001,swap,notBad
8981,6,635.1800000000001,6,635.1800000000001,move,improve
8982,6,635.1800000000001,6,635.1800000000001,move,improve
8983,6,635.1800000000001,6,635.1800000000001,move,improve
8984,6,635.1800000000001,6,635.1800000000001,move,improve
8985,6,635.1800000000001,6,635.1800000000001,move,improve
8986,6,635.1800000000001,6,635.1800000000001,swap,notBad
8987,6,635.1800000000001,6,635.1800000000001,2opt,notBad
8988,6,635.1800000000001,6,635.1800000000001,2opt,notBad
8989,6,635.1800000000001,6,635.1800000000001,swap,notBad
8990,6,635.1800000000001,6,635.1800000000001,move,improve
8991,6,635.1800000000001,6,635.1800000000001,swap,notBad
8992,6,635.1800000000001,6,635.1800000000001,2opt,notBad
8993,6,635.1800000000001,6,635.1800000000001,swap,notBad
8994,6,635.1800000000001,6,635.1800000000001,move,improve
8995,6,635.1800000000001,6,635.1800000000001,move,improve
8996,6,635.1800000000001,6,635.1800000000001,swap,notBad
8997,6,635.1800000000001,6,635.1800000000001,move,improve
8998,6,635.1800000000001,6,635.1800000000001,move,improve
8999,6,635.1800000000001,6,635.1800000000001,swap,notBad
9000,6,635.1800000000001,6,635.1800000000001,swap,notBad
9001,6,635.1800000000001,6,635.1800000000001,move,improve
9002,6,635.1800000000001,6,635.1800000000001,move,improve
9003,6,635.1800000000001,6,635.1800000000001,2opt,notBad
9004,6,635.1800000000001,6,635.1800000000001,2opt,notBad
9005,6,635.1800000000001,6,635.1800000000001,swap,notBad
9006,6,635.1800000000001,6,635.1800000000001,move,improve
9007,6,635.1800000000001,6,635.1800000000001,swap,notBad
9008,6,635.1800000000001,6,635.1800000000001,2opt,notBad
9009,6,635.1800000000001,6,635.1800000000001,2opt,notBad
9010,6,635.1800000000001,6,635.1800000000001,move,improve
9011,6,635.1800000000001,6,635.1800000000001,swap,notBad
9012,6,635.1800000000001,6,635.1800000000001,move,improve
9013,6,635.1800000000001,6,635.1800000000001,swap,notBad
9014,6,635.1800000000001,6,635.1800000000001,move,improve
9015,6,635.1800000000001,6,635.1800000000001,move,improve
9016,6,635.1800000000001,6,635.1800000000001,2opt,notBad
9017,6,635.1800000000001,6,635.1800000000001,move,improve
9018,6,635.1800000000001,6,635.1800000000001,move,improve
9019,6,635.1800000000001,6,635.1800000000001,move,improve
9020,6,635.1800000000001,6,635.1800000000001,2opt,notBad
9021,6,635.1800000000001,6,635.1800000000001,move,improve
9022,6,635.1800000000001,6,635.1800000000001,2opt,improve
9023,6,635.1800000000001,6,635.1800000000001,2opt,notBad
9024,6,635.1800000000001,6,635.1800000000001,2opt,notBad
9025,6,635.1800000000001,6,635.1800000000001,swap,notBad
9026,6,635.1800000000001,6,635.1800000000001,swap,notBad
9027,6,635.1800000000001,6,635.1800000000001,move,improve
9028,6,635.1800000000001,6,635.1800000000001,move,improve
9029,6,635.1800000000001,6,635.1800000000001,2opt,notBad
9030,6,635.1800000000001,6,635.1800000000001,swap,notBad
9031,6,635.1800000000001,6,635.1800000000001,2opt,notBad
9032,6,635.1800000000001,6,635.1800000000001,2opt,notBad
9033,6,635.1800000000001,6,635.1800000000001,swap,notBad
9034,6,635.1800000000001,6,635.1800000000001,swap,notBad
9035,6,635.1800000000001,6,635.1800000000001,swap,notBad
9036,6,635.1800000000001,6,635.1800000000001,swap,notBad
9037,6,635.1800000000001,6,635.1800000000001,2opt,notBad
9038,6,635.1800000000001,6,635.1800000000001,swap,notBad
9039,6,635.1800000000001,6,635.1800000000001,swap,notBad
9040,6,635.1800000000001,6,635.1800000000001,2opt,notBad
9041,6,635.1800000000001,6,635.1800000000001,swap,notBad
9042,6,635.1800000000001,6,635.1800000000001,move,improve
9043,6,635.1800000000001,6,635.1800000000001,swap,notBad
9044,6,635.1800000000001,6,635.1800000000001,move,improve
9045,6,635.1800000000001,6,635.1800000000001,2opt,notBad
9046,6,635.1800000000001,6,635.1800000000001,swap,notBad
9047,6,635.1800000000001,6,635.1800000000001,move,improve
9048,6,635.1800000000001,6,635.1800000000001,swap,notBad
9049,6,635.1800000000001,6,635.1800000000001,swap,notBad
9050,6,635.1800000000001,6,635.1800000000001,2opt,notBad
9051,6,635.1800000000001,6,635.1800000000001,swap,notBad
9052,6,635.1800000000001,6,635.1800000000001,swap,notBad
9053,6,635.1800000000001,6,635.1800000000001,move,improve
9054,6,635.1800000000001,6,635.1800000000001,2opt,notBad
9055,6,635.1800000000001,6,635.1800000000001,move,improve
9056,6,635.1800000000001,6,635.1800000000001,2opt,notBad
9057,6,635.1800000000001,6,635.1800000000001,swap,notBad
9058,6,635.1800000000001,6,635.1800000000001,swap,notBad
9059,6,635.1800000000001,6,635.1800000000001,2opt,notBad
9060,6,635.1800000000001,6,635.1800000000001,2opt,notBad
9061,6,635.1800000000001,6,635.1800000000001,swap,notBad
9062,6,635.1800000000001,6,635.1800000000001,move,improve
9063,6,635.1800000000001,6,635.1800000000001,swap,notBad
9064,6,635.1800000000001,6,635.1800000000001,swap,notBad
9065,6,635.1800000000001,6,635.1800000000001,move,improve
9066,6,635.1800000000001,6,635.1800000000001,move,improve
9067,6,635.1800000000001,6,635.1800000000001,swap,notBad
9068,6,635.1800000000001,6,635.1800000000001,move,improve
9069,6,635.1800000000001,6,635.1800000000001,2opt,notBad
9070,6,635.1800000000001,6,635.1800000000001,2opt,improve
9071,6,635.1800000000001,6,635.1800000000001,move,improve
9072,6,635.1800000000001,6,635.1800000000001,2opt,notBad
9073,6,635.1800000000001,6,635.1800000000001,2opt,notBad
9074,6,635.1800000000001,6,635.1800000000001,2opt,notBad
9075,6,635.1800000000001,6,635.1800000000001,move,improve
9076,6,635.1800000000001,6,635.1800000000001,swap,notBad
9077,6,635.1800000000001,6,635.1800000000001,move,improve
9078,6,635.1800000000001,6,635.1800000000001,2opt,notBad
9079,6,635.1800000000001,6,635.1800000000001,swap,notBad
9080,6,635.1800000000001,6,635.1800000000001,2opt,notBad
9081,6,635.1800000000001,6,635.1800000000001,swap,notBad
9082,6,635.1800000000001,6,635.1800000000001,2opt,notBad
9083,6,635.1800000000001,6,635.1800000000001,2opt,notBad
9084,6,635.1800000000001,6,635.1800000000001,swap,notBad
9085,6,635.1800000000001,6,635.1800000000001,swap,notBad
9086,6,635.1800000000001,6,635.1800000000001,swap,notBad
9087,6,635.1800000000001,6,635.1800000000001,move,improve
9088,6,635.1800000000001,6,635.1800000000001,move,improve
9089,6,635.1800000000001,6,635.1800000000001,swap,notBad
9090,6,635.1800000000001,6,635.1800000000001,move,improve
9091,6,635.1800000000001,6,635.1800000000001,2opt,notBad
9092,6,635.1800000000001,6,635.1800000000001,move,improve
9093,6,635.1800000000001,6,635.1800000000001,2opt,notBad
9094,6,635.1800000000001,6,635.1800000000001,move,improve
9095,6,635.1800000000001,6,635.1800000000001,2opt,notBad
9096,6,635.1800000000001,6,635.1800000000001,2opt,notBad
9097,6,635.1800000000001,6,635.1800000000001,move,improve
9098,6,635.1800000000001,6,635.1800000000001,move,improve
9099,6,635.1800000000001,6,635.1800000000001,move,improve
9100,6,635.1800000000001,6,635.1800000000001,2opt,notBad
9101,6,635.1800000000001,6,635.1800000000001,move,improve
9102,6,635.1800000000001,6,635.1800000000001,swap,notBad
9103,6,635.1800000000001,6,635.1800000000001,swap,notBad
9104,6,635.1800000000001,6,635.1800000000001,swap,notBad
9105,6,635.1800000000001,6,635.1800000000001,move,improve
9106,6,635.1800000000001,6,635.1800000000001,2opt,notBad
9107,6,635.1800000000001,6,635.1800000000001,2opt,notBad
9108,6,635.1800000000001,6,635.1800000000001,2opt,notBad
9109,6,635.1800000000001,6,635.1800000000001,2opt,notBad
9110,6,635.1800000000001,6,635.1800000000001,move,improve
9111,6,635.1800000000001,6,635.1800000000001,2opt,notBad
9112,6,635.1800000000001,6,635.1800000000001,swap,notBad
9113,6,635.1800000000001,6,635.1800000000001,move,improve
9114,6,635.1800000000001,6,635.1800000000001,move,improve
9115,6,635.1800000000001,6,635.1800000000001,swap,notBad
9116,6,635.1800000000001,6,635.1800000000001,2opt,notBad
9117,6,635.1800000000001,6,635.1800000000001,swap,notBad
9118,6,635.1800000000001,6,635.1800000000001,swap,notBad
9119,6,635.1800000000001,6,635.1800000000001,swap,notBad
9120,6,635.1800000000001,6,635.1800000000001,2opt,notBad
9121,6,635.1800000000001,6,635.1800000000001,2opt,notBad
9122,6,635.1800000000001,6,635.1800000000001,move,improve
9123,6,635.1800000000001,6,635.1800000000001,move,improve
9124,6,635.1800000000001,6,635.1800000000001,swap,notBad
9125,6,635.1800000000001,6,635.1800000000001,2opt,notBad
9126,6,635.1800000000001,6,635.1800000000001,swap,notBad
9127,6,635.1800000000001,6,635.1800000000001,2opt,notBad
9128,6,635.1800000000001,6,635.1800000000001,swap,notBad
9129,6,635.1800000000001,6,635.1800000000001,swap,notBad
9130,6,635.1800000000001,6,635.1800000000001,2opt,notBad
9131,6,635.1800000000001,6,635.1800000000001,2opt,notBad
9132,6,635.1800000000001,6,635.1800000000001,swap,notBad
9133,6,635.1800000000001,6,635.1800000000001,move,improve
9134,6,635.1800000000001,6,635.1800000000001,2opt,notBad
9135,6,635.1800000000001,6,635.1800000000001,move,improve
9136,6,635.1800000000001,6,635.1800000000001,swap,notBad
9137,6,635.1800000000001,6,635.1800000000001,move,improve
9138,6,635.1800000000001,6,635.1800000000001,swap,notBad
9139,6,635.1800000000001,6,635.1800000000001,move,improve
9140,6,635.1800000000001,6,635.1800000000001,move,improve
9141,6,635.1800000000001,6,635.1800000000001,2opt,notBad
9142,6,635.1800000000001,6,635.1800000000001,2opt,notBad
9143,6,635.1800000000001,6,635.1800000000001,swap,notBad
9144,6,635.1800000000001,6,635.1800000000001,swap,notBad
9145,6,635.1800000000001,6,635.1800000000001,swap,notBad
9146,6,635.1800000000001,6,635.1800000000001,swap,notBad
9147,6,635.1800000000001,6,635.1800000000001,2opt,notBad
9148,6,635.1800000000001,6,635.1800000000001,move,improve
9149,6,635.1800000000001,6,635.1800000000001,2opt,notBad
9150,6,635.1800000000001,6,635.1800000000001,2opt,notBad
9151,6,635.1800000000001,6,635.1800000000001,2opt,improve
9152,6,635.1800000000001,6,635.1800000000001,2opt,notBad
9153,6,635.1800000000001,6,635.1800000000001,swap,notBad
9154,6,635.1800000000001,6,635.1800000000001,move,improve
9155,6,635.1800000000001,6,635.1800000000001,2opt,notBad
9156,6,635.1800000000001,6,635.1800000000001,2opt,notBad
9157,6,637.4199999999998,6,635.1800000000001,swap,acceptBad
9158,6,637.4199999999998,6,635.1800000000001,swap,notBad
9159,6,637.4199999999998,6,635.1800000000001,swap,notBad
9160,6,637.4199999999998,6,635.1800000000001,swap,notBad
9161,6,637.4199999999998,6,635.1800000000001,2opt,improve
9162,6,637.4199999999998,6,635.1800000000001,2opt,notBad
9163,6,637.4199999999998,6,635.1800000000001,move,improve
9164,6,637.4199999999998,6,635.1800000000001,2opt,notBad
9165,6,637.4199999999998,6,635.1800000000001,move,improve
9166,6,637.4199999999998,6,635.1800000000001,move,improve
9167,6,637.4199999999998,6,635.1800000000001,swap,notBad
9168,6,637.4199999999998,6,635.1800000000001,2opt,notBad
9169,6,637.4199999999998,6,635.1800000000001,swap,notBad
9170,6,637.4199999999998,6,635.1800000000001,swap,notBad
9171,6,637.4199999999998,6,635.1800000000001,2opt,notBad
9172,6,637.4199999999998,6,635.1800000000001,move,improve
9173,6,637.4199999999998,6,635.1800000000001,2opt,notBad
9174,6,637.4199999999998,6,635.1800000000001,2opt,notBad
9175,6,637.4199999999998,6,635.1800000000001,swap,notBad
9176,6,637.4199999999998,6,635.1800000000001,move,improve
9177,6,637.4199999999998,6,635.1800000000001,2opt,notBad
9178,6,637.4199999999998,6,635.1800000000001,2opt,improve
9179,6,637.4199999999998,6,635.1800000000001,move,improve
9180,6,637.4199999999998,6,635.1800000000001,move,improve
9181,6,637.4199999999998,6,635.1800000000001,move,improve
9182,6,637.4199999999998,6,635.1800000000001,swap,notBad
9183,6,637.4199999999998,6,635.1800000000001,move,improve
9184,6,635.2399999999999,6,635.1800000000001,move,improve
9185,6,635.2399999999999,6,635.1800000000001,move,improve
9186,6,635.2399999999999,6,635.1800000000001,2opt,notBad
9187,6,635.2399999999999,6,635.1800000000001,move,improve
9188,6,635.2399999999999,6,635.1800000000001,2opt,notBad
9189,6,635.2399999999999,6,635.1800000000001,swap,notBad
9190,6,635.2399999999999,6,635.1800000000001,swap,notBad
9191,6,635.2399999999999,6,635.1800000000001,move,improve
9192,6,635.2399999999999,6,635.1800000000001,swap,notBad
9193,6,635.2399999999999,6,635.1800000000001,2opt,notBad
9194,6,635.2399999999999,6,635.1800000000001,move,improve
9195,6,635.2399999999999,6,635.1800000000001,2opt,notBad
9196,6,635.2399999999999,6,635.1800000000001,move,improve
9197,6,635.2399999999999,6,635.1800000000001,move,improve
9198,6,635.2399999999999,6,635.1800000000001,move,improve
9199,6,635.2399999999999,6,635.1800000000001,2opt,notBad
9200,6,635.2399999999999,6,635.1800000000001,2opt,notBad
9201,6,635.2399999999999,6,635.1800000000001,swap,notBad
9202,6,635.2399999999999,6,635.1800000000001,swap,notBad
9203,6,635.2399999999999,6,635.1800000000001,2opt,notBad
9204,6,635.2399999999999,6,635.1800000000001,2opt,notBad
9205,6,635.2399999999999,6,635.1800000000001,swap,notBad
9206,6,635.2399999999999,6,635.1800000000001,swap,notBad
9207,6,635.2399999999999,6,635.1800000000001,2opt,notBad
9208,6,635.2399999999999,6,635.1800000000001,move,improve
9209,6,635.2399999999999,6,635.1800000000001,swap,notBad
9210,6,635.2399999999999,6,635.1800000000001,swap,notBad
9211,6,635.2399999999999,6,635.1800000000001,move,improve
9212,6,635.2399999999999,6,635.1800000000001,2opt,improve
9213,6,635.2399999999999,6,635.1800000000001,swap,notBad
9214,6,635.2399999999999,6,635.1800000000001,2opt,notBad
9215,6,635.2399999999999,6,635.1800000000001,2opt,notBad
9216,6,635.2399999999999,6,635.1800000000001,move,improve
9217,6,635.2399999999999,6,635.1800000000001,swap,notBad
9218,6,635.2399999999999,6,635.1800000000001,2opt,notBad
9219,6,635.2399999999999,6,635.1800000000001,2opt,notBad
9220,6,635.2399999999999,6,635.1800000000001,2opt,improve
9221,6,635.2399999999999,6,635.1800000000001,move,improve
9222,6,635.2399999999999,6,635.1800000000001,swap,notBad
9223,6,635.2399999999999,6,635.1800000000001,2opt,notBad
9224,6,635.2399999999999,6,635.1800000000001,swap,notBad
9225,6,635.2399999999999,6,635.1800000000001,move,improve
9226,6,635.2399999999999,6,635.1800000000001,move,improve
9227,6,635.2399999999999,6,635.1800000000001,swap,notBad
9228,6,635.2399999999999,6,635.1800000000001,2opt,notBad
9229,6,635.2399999999999,6,635.1800000000001,swap,notBad
9230,6,635.2399999999999,6,635.1800000000001,swap,notBad
9231,6,635.2399999999999,6,635.1800000000001,move,improve
9232,6,635.2399999999999,6,635.1800000000001,move,improve
9233,6,635.2399999999999,6,635.1800000000001,2opt,notBad
9234,6,635.2399999999999,6,635.1800000000001,swap,notBad
9235,6,635.2399999999999,6,635.1800000000001,swap,notBad
9236,6,635.2399999999999,6,635.1800000000001,2opt,notBad
9237,6,635.2399999999999,6,635.1800000000001,swap,notBad
9238,6,635.2399999999999,6,635.1800000000001,2opt,notBad
9239,6,635.2399999999999,6,635.1800000000001,swap,notBad
9240,6,635.2399999999999,6,635.1800000000001,move,improve
9241,6,635.2399999999999,6,635.1800000000001,2opt,notBad
9242,6,635.2399999999999,6,635.1800000000001,2opt,improve
9243,6,635.2399999999999,6,635.1800000000001,swap,notBad
9244,6,635.2399999999999,6,635.1800000000001,move,improve
9245,6,635.2399999999999,6,635.1800000000001,swap,notBad
9246,6,635.2399999999999,6,635.1800000000001,swap,notBad
9247,6,635.2399999999999,6,635.1800000000001,swap,notBad
9248,6,635.2399999999999,6,635.1800000000001,swap,notBad
9249,6,635.2399999999999,6,635.1800000000001,move,improve
9250,6,635.2399999999999,6,635.1800000000001,2opt,notBad
9251,6,635.2399999999999,6,635.1800000000001,swap,notBad
9252,6,635.2399999999999,6,635.1800000000001,2opt,improve
9253,6,635.2399999999999,6,635.1800000000001,swap,notBad
9254,6,635.2399999999999,6,635.1800000000001,move,improve
9255,6,635.2399999999999,6,635.1800000000001,2opt,notBad
9256,6,635.2399999999999,6,635.1800000000001,2opt,notBad
9257,6,635.2399999999999,6,635.1800000000001,move,improve
9258,6,635.2399999999999,6,635.1800000000001,swap,notBad
9259,6,635.2399999999999,6,635.1800000000001,2opt,notBad
9260,6,635.2399999999999,6,635.1800000000001,2opt,improve
9261,6,635.2399999999999,6,635.1800000000001,swap,notBad
9262,6,635.2399999999999,6,635.1800000000001,2opt,notBad
9263,6,635.2399999999999,6,635.1800000000001,move,improve
9264,6,635.2399999999999,6,635.1800000000001,move,improve
9265,6,635.2399999999999,6,635.1800000000001,2opt,improve
9266,6,635.2399999999999,6,635.1800000000001,swap,notBad
9267,6,635.2399999999999,6,635.1800000000001,2opt,notBad
9268,6,635.2399999999999,6,635.1800000000001,2opt,notBad
9269,6,635.2399999999999,6,635.1800000000001,2opt,notBad
9270,6,635.2399999999999,6,635.1800000000001,2opt,notBad
9271,6,635.2399999999999,6,635.1800000000001,move,improve
9272,6,635.2399999999999,6,635.1800000000001,move,improve
9273,6,635.2399999999999,6,635.1800000000001,2opt,notBad
9274,6,635.2399999999999,6,635.1800000000001,swap,notBad
9275,6,635.2399999999999,6,635.1800000000001,2opt,notBad
9276,6,635.2399999999999,6,635.1800000000001,swap,notBad
9277,6,635.2399999999999,6,635.1800000000001,2opt,notBad
9278,6,635.2399999999999,6,635.1800000000001,swap,notBad
9279,6,635.2399999999999,6,635.1800000000001,swap,notBad
9280,6,635.2399999999999,6,635.1800000000001,move,improve
9281,6,635.2399999999999,6,635.1800000000001,swap,notBad
9282,6,635.2399999999999,6,635.1800000000001,swap,notBad
9283,6,635.2399999999999,6,635.1800000000001,2opt,notBad
9284,6,635.2399999999999,6,635.1800000000001,move,improve
9285,6,635.2399999999999,6,635.1800000000001,move,improve
9286,6,635.2399999999999,6,635.1800000000001,move,improve
9287,6,635.2399999999999,6,635.1800000000001,2opt,notBad
9288,6,635.2399999999999,6,635.1800000000001,move,improve
9289,6,635.2399999999999,6,635.1800000000001,move,improve
9290,6,635.2399999999999,6,635.1800000000001,move,improve
9291,6,635.2399999999999,6,635.1800000000001,move,improve
9292,6,635.2399999999999,6,635.1800000000001,swap,notBad
9293,6,635.2399999999999,6,635.1800000000001,swap,notBad
9294,6,635.2399999999999,6,635.1800000000001,move,improve
9295,6,635.2399999999999,6,635.1800000000001,2opt,notBad
9296,6,635.2399999999999,6,635.1800000000001,move,improve
9297,6,635.2399999999999,6,635.1800000000001,swap,notBad
9298,6,635.2399999999999,6,635.1800000000001,swap,notBad
9299,6,635.2399999999999,6,635.1800000000001,swap,notBad
9300,6,635.2399999999999,6,635.1800000000001,swap,notBad
9301,6,635.2399999999999,6,635.1800000000001,swap,notBad
9302,6,635.2399999999999,6,635.1800000000001,2opt,notBad
9303,6,635.2399999999999,6,635.1800000000001,swap,notBad
9304,6,635.2399999999999,6,635.1800000000001,move,improve
9305,6,635.2399999999999,6,635.1800000000001,swap,notBad
9306,6,635.2399999999999,6,635.1800000000001,move,improve
9307,6,635.2399999999999,6,635.1800000000001,swap,notBad
9308,6,635.2399999999999,6,635.1800000000001,2opt,notBad
9309,6,635.2399999999999,6,635.1800000000001,2opt,notBad
9310,6,635.2399999999999,6,635.1800000000001,move,improve
9311,6,635.2399999999999,6,635.1800000000001,move,improve
9312,6,635.2399999999999,6,635.1800000000001,move,improve
9313,6,635.2399999999999,6,635.1800000000001,swap,notBad
9314,6,635.2399999999999,6,635.1800000000001,move,improve
9315,6,635.2399999999999,6,635.1800000000001,2opt,notBad
9316,6,635.2399999999999,6,635.1800000000001,2opt,notBad
9317,6,635.2399999999999,6,635.1800000000001,2opt,notBad
9318,6,635.2399999999999,6,635.1800000000001,move,improve
9319,6,635.2399999999999,6,635.1800000000001,move,improve
9320,6,635.2399999999999,6,635.1800000000001,swap,notBad
9321,6,635.2399999999999,6,635.1800000000001,move,improve
9322,6,635.2399999999999,6,635.1800000000001,2opt,notBad
9323,6,635.2399999999999,6,635.1800000000001,swap,notBad
9324,6,635.2399999999999,6,635.1800000000001,swap,notBad
9325,6,635.2399999999999,6,635.1800000000001,swap,notBad
9326,6,635.2399999999999,6,635.1800000000001,swap,notBad
9327,6,635.2399999999999,6,635.1800000000001,swap,notBad
9328,6,635.2399999999999,6,635.1800000000001,move,improve
9329,6,635.2399999999999,6,635.1800000000001,move,improve
9330,6,635.2399999999999,6,635.1800000000001,swap,notBad
9331,6,635.2399999999999,6,635.1800000000001,swap,notBad
9332,6,635.2399999999999,6,635.1800000000001,move,improve
9333,6,635.2399999999999,6,635.1800000000001,move,improve
9334,6,635.2399999999999,6,635.1800000000001,2opt,notBad
9335,6,635.2399999999999,6,635.1800000000001,swap,notBad
9336,6,635.2399999999999,6,635.1800000000001,move,improve
9337,6,635.2399999999999,6,635.1800000000001,swap,notBad
9338,6,635.2399999999999,6,635.1800000000001,swap,notBad
9339,6,635.2399999999999,6,635.1800000000001,move,improve
9340,6,635.2399999999999,6,635.1800000000001,2opt,notBad
9341,6,635.2399999999999,6,635.1800000000001,swap,notBad
9342,6,635.2399999999999,6,635.1800000000001,swap,notBad
9343,6,635.2399999999999,6,635.1800000000001,2opt,notBad
9344,6,635.2399999999999,6,635.1800000000001,2opt,notBad
9345,6,635.2399999999999,6,635.1800000000001,move,notBad
9346,6,635.2399999999999,6,635.1800000000001,move,improve
9347,6,635.2399999999999,6,635.1800000000001,move,improve
9348,6,635.2399999999999,6,635.1800000000001,2opt,improve
9349,6,635.2399999999999,6,635.1800000000001,swap,notBad
9350,6,635.2399999999999,6,635.1800000000001,move,improve
9351,6,635.2399999999999,6,635.1800000000001,2opt,notBad
9352,6,635.2399999999999,6,635.1800000000001,move,improve
9353,6,635.2399999999999,6,635.1800000000001,move,improve
9354,6,635.2399999999999,6,635.1800000000001,swap,notBad
9355,6,635.2399999999999,6,635.1800000000001,2opt,notBad
9356,6,635.2399999999999,6,635.1800000000001,move,improve
9357,6,635.2399999999999,6,635.1800000000001,swap,notBad
9358,6,635.2399999999999,6,635.1800000000001,2opt,notBad
9359,6,635.2399999999999,6,635.1800000000001,2opt,notBad
9360,6,635.2399999999999,6,635.1800000000001,2opt,notBad
9361,6,635.2399999999999,6,635.1800000000001,move,improve
9362,6,635.2399999999999,6,635.1800000000001,move,improve
9363,6,635.2399999999999,6,635.1800000000001,2opt,notBad
9364,6,635.2399999999999,6,635.1800000000001,move,improve
9365,6,635.2399999999999,6,635.1800000000001,swap,notBad
9366,6,635.2399999999999,6,635.1800000000001,swap,notBad
9367,6,635.2399999999999,6,635.1800000000001,move,improve
9368,6,635.2399999999999,6,635.1800000000001,2opt,notBad
9369,6,635.2399999999999,6,635.1800000000001,2opt,notBad
9370,6,635.2399999999999,6,635.1800000000001,2opt,notBad
9371,6,635.2399999999999,6,635.1800000000001,move,improve
9372,6,635.2399999999999,6,635.1800000000001,2opt,notBad
9373,6,635.2399999999999,6,635.1800000000001,2opt,notBad
9374,6,635.2399999999999,6,635.1800000000001,move,improve
9375,6,635.2399999999999,6,635.1800000000001,2opt,notBad
9376,6,635.2399999999999,6,635.1800000000001,move,improve
9377,6,635.2399999999999,6,635.1800000000001,swap,notBad
9378,6,635.2399999999999,6,635.1800000000001,move,improve
9379,6,635.2399999999999,6,635.1800000000001,swap,notBad
9380,6,635.2399999999999,6,635.1800000000001,2opt,notBad
9381,6,635.2399999999999,6,635.1800000000001,swap,notBad
9382,6,635.2399999999999,6,635.1800000000001,swap,notBad
9383,6,635.2399999999999,6,635.1800000000001,swap,notBad
9384,6,635.2399999999999,6,635.1800000000001,move,improve
9385,6,635.2399999999999,6,635.1800000000001,2opt,notBad
9386,6,635.2399999999999,6,635.1800000000001,move,improve
9387,6,635.2399999999999,6,635.1800000000001,move,improve
9388,6,635.2399999999999,6,635.1800000000001,2opt,notBad
9389,6,635.2399999999999,6,635.1800000000001,2opt,notBad
9390,6,635.2399999999999,6,635.1800000000001,swap,notBad
9391,6,635.2399999999999,6,635.1800000000001,swap,notBad
9392,6,635.2399999999999,6,635.1800000000001,2opt,notBad
9393,6,635.2399999999999,6,635.1800000000001,move,improve
9394,6,635.2399999999999,6,635.1800000000001,move,improve
9395,6,635.2399999999999,6,635.1800000000001,2opt,notBad
9396,6,635.2399999999999,6,635.1800000000001,swap,notBad
9397,6,635.2399999999999,6,635.1800000000001,move,improve
9398,6,635.2399999999999,6,635.1800000000001,swap,notBad
9399,6,635.2399999999999,6,635.1800000000001,swap,notBad
9400,6,635.2399999999999,6,635.1800000000001,swap,notBad
9401,6,635.2399999999999,6,635.1800000000001,2opt,notBad
9402,6,635.2399999999999,6,635.1800000000001,move,improve
9403,6,635.2399999999999,6,635.1800000000001,2opt,notBad
9404,6,635.2399999999999,6,635.1800000000001,move,improve
9405,6,635.2399999999999,6,635.1800000000001,2opt,notBad
9406,6,635.2399999999999,6,635.1800000000001,2opt,notBad
9407,6,635.2399999999999,6,635.1800000000001,move,improve
9408,6,635.2399999999999,6,635.1800000000001,swap,notBad
9409,6,635.2399999999999,6,635.1800000000001,move,improve
9410,6,635.2399999999999,6,635.1800000000001,2opt,notBad
9411,6,635.2399999999999,6,635.1800000000001,move,improve
9412,6,635.2399999999999,6,635.1800000000001,2opt,notBad
9413,6,635.2399999999999,6,635.1800000000001,move,improve
9414,6,635.2399999999999,6,635.1800000000001,2opt,notBad
9415,6,635.2399999999999,6,635.1800000000001,move,improve
9416,6,635.2399999999999,6,635.1800000000001,move,improve
9417,6,635.2399999999999,6,635.1800000000001,move,improve
9418,6,635.2399999999999,6,635.1800000000001,move,improve
9419,6,635.2399999999999,6,635.1800000000001,swap,notBad
9420,6,635.2399999999999,6,635.1800000000001,swap,notBad
9421,6,635.2399999999999,6,635.1800000000001,move,improve
9422,6,635.2399999999999,6,635.1800000000001,swap,notBad
9423,6,635.2399999999999,6,635.1800000000001,move,improve
9424,6,635.2399999999999,6,635.1800000000001,move,improve
9425,6,635.2399999999999,6,635.1800000000001,2opt,notBad
9426,6,635.2399999999999,6,635.1800000000001,2opt,notBad
9427,6,635.2399999999999,6,635.1800000000001,2opt,notBad
9428,6,635.2399999999999,6,635.1800000000001,move,improve
9429,6,635.2399999999999,6,635.1800000000001,2opt,improve
9430,6,635.2399999999999,6,635.1800000000001,2opt,notBad
9431,6,635.2399999999999,6,635.1800000000001,2opt,notBad
9432,6,635.2399999999999,6,635.1800000000001,2opt,notBad
9433,6,635.2399999999999,6,635.1800000000001,2opt,notBad
9434,6,635.2399999999999,6,635.1800000000001,move,improve
9435,6,635.2399999999999,6,635.1800000000001,move,improve
9436,6,635.2399999999999,6,635.1800000000001,2opt,notBad
9437,6,635.2399999999999,6,635.1800000000001,swap,notBad
9438,6,635.2399999999999,6,635.1800000000001,move,improve
9439,6,635.2399999999999,6,635.1800000000001,2opt,notBad
9440,6,635.2399999999999,6,635.1800000000001,2opt,notBad
9441,6,635.2399999999999,6,635.1800000000001,swap,notBad
9442,6,635.2399999999999,6,635.1800000000001,2opt,notBad
9443,6,635.2399999999999,6,635.1800000000001,2opt,notBad
9444,6,635.2399999999999,6,635.1800000000001,2opt,notBad
9445,6,635.2399999999999,6,635.1800000000001,2opt,notBad
9446,6,635.2399999999999,6,635.1800000000001,swap,notBad
9447,6,635.2399999999999,6,635.1800000000001,2opt,notBad
9448,6,635.2399999999999,6,635.1800000000001,swap,notBad
9449,6,635.2399999999999,6,635.1800000000001,swap,notBad
9450,6,635.2399999999999,6,635.1800000000001,move,improve
9451,6,635.2399999999999,6,635.1800000000001,2opt,notBad
9452,6,635.2399999999999,6,635.1800000000001,swap,notBad
9453,6,635.2399999999999,6,635.1800000000001,2opt,notBad
9454,6,635.2399999999999,6,635.1800000000001,move,improve
9455,6,635.2399999999999,6,635.1800000000001,move,improve
9456,6,635.2399999999999,6,635.1800000000001,move,improve
9457,6,635.2399999999999,6,635.1800000000001,2opt,notBad
9458,6,635.2399999999999,6,635.1800000000001,2opt,notBad
9459,6,635.2399999999999,6,635.1800000000001,move,improve
9460,6,635.2399999999999,6,635.1800000000001,2opt,improve
9461,6,635.2399999999999,6,635.1800000000001,2opt,notBad
9462,6,635.2399999999999,6,635.1800000000001,swap,notBad
9463,6,635.2399999999999,6,635.1800000000001,2opt,notBad
9464,6,635.2399999999999,6,635.1800000000001,move,improve
9465,6,635.2399999999999,6,635.1800000000001,move,improve
9466,6,635.2399999999999,6,635.1800000000001,swap,notBad
9467,6,635.2399999999999,6,635.1800000000001,move,improve
9468,6,635.2399999999999,6,635.1800000000001,move,improve
9469,6,635.2399999999999,6,635.1800000000001,2opt,notBad
9470,6,635.2399999999999,6,635.1800000000001,2opt,notBad
9471,6,635.2399999999999,6,635.1800000000001,move,improve
9472,6,635.2399999999999,6,635.1800000000001,swap,notBad
9473,6,635.2399999999999,6,635.1800000000001,2opt,notBad
9474,6,635.2399999999999,6,635.1800000000001,move,improve
9475,6,635.2399999999999,6,635.1800000000001,2opt,notBad
9476,6,635.2399999999999,6,635.1800000000001,move,improve
9477,6,635.2399999999999,6,635.1800000000001,swap,notBad
9478,6,635.2399999999999,6,635.1800000000001,swap,notBad
9479,6,635.2399999999999,6,635.1800000000001,2opt,notBad
9480,6,635.2399999999999,6,635.1800000000001,move,improve
9481,6,635.2399999999999,6,635.1800000000001,move,improve
9482,6,635.2399999999999,6,635.1800000000001,move,improve
9483,6,635.2399999999999,6,635.1800000000001,move,improve
9484,6,635.2399999999999,6,635.1800000000001,2opt,notBad
9485,6,635.2399999999999,6,635.1800000000001,2opt,notBad
9486,6,635.2399999999999,6,635.1800000000001,swap,notBad
9487,6,635.2399999999999,6,635.1800000000001,move,improve
9488,6,635.2399999999999,6,635.1800000000001,swap,notBad
9489,6,635.2399999999999,6,635.1800000000001,2opt,notBad
9490,6,635.2399999999999,6,635.1800000000001,2opt,notBad
9491,6,635.2399999999999,6,635.1800000000001,2opt,notBad
9492,6,635.2399999999999,6,635.1800000000001,2opt,improve
9493,6,635.2399999999999,6,635.1800000000001,swap,notBad
9494,6,635.2399999999999,6,635.1800000000001,2opt,notBad
9495,6,635.2399999999999,6,635.1800000000001,swap,notBad
9496,6,635.2399999999999,6,635.1800000000001,move,improve
9497,6,635.2399999999999,6,635.1800000000001,2opt,notBad
9498,6,635.2399999999999,6,635.1800000000001,swap,notBad
9499,6,635.2399999999999,6,635.1800000000001,swap,notBad
9500,6,635.2399999999999,6,635.1800000000001,2opt,notBad
9501,6,635.2399999999999,6,635.1800000000001,move,improve
9502,6,635.2399999999999,6,635.1800000000001,swap,notBad
9503,6,635.2399999999999,6,635.1800000000001,2opt,notBad
9504,6,635.2399999999999,6,635.1800000000001,move,improve
9505,6,635.2399999999999,6,635.1800000000001,move,improve
9506,6,635.2399999999999,6,635.1800000000001,move,notBad
9507,6,635.2399999999999,6,635.1800000000001,swap,notBad
9508,6,635.2399999999999,6,635.1800000000001,swap,notBad
9509,6,635.2399999999999,6,635.1800000000001,swap,notBad
9510,6,635.2399999999999,6,635.1800000000001,move,improve
9511,6,635.2399999999999,6,635.1800000000001,swap,notBad
9512,6,635.2399999999999,6,635.1800000000001,2opt,notBad
9513,6,635.2399999999999,6,635.1800000000001,move,improve
9514,6,635.2399999999999,6,635.1800000000001,move,improve
9515,6,635.2399999999999,6,635.1800000000001,move,improve
9516,6,635.2399999999999,6,635.1800000000001,move,improve
9517,6,635.2399999999999,6,635.1800000000001,move,improve
9518,6,635.2399999999999,6,635.1800000000001,move,improve
9519,6,635.2399999999999,6,635.1800000000001,move,improve
9520,6,635.2399999999999,6,635.1800000000001,swap,notBad
9521,6,635.2399999999999,6,635.1800000000001,swap,notBad
9522,6,635.2399999999999,6,635.1800000000001,2opt,notBad
9523,6,635.2399999999999,6,635.1800000000001,move,improve
9524,6,635.2399999999999,6,635.1800000000001,2opt,notBad
9525,6,635.2399999999999,6,635.1800000000001,2opt,notBad
9526,6,635.2399999999999,6,635.1800000000001,2opt,improve
9527,6,635.2399999999999,6,635.1800000000001,2opt,notBad
9528,6,635.2399999999999,6,635.1800000000001,2opt,notBad
9529,6,635.2399999999999,6,635.1800000000001,2opt,notBad
9530,6,635.2399999999999,6,635.1800000000001,2opt,notBad
9531,6,635.2399999999999,6,635.1800000000001,swap,notBad
9532,6,635.2399999999999,6,635.1800000000001,2opt,notBad
9533,6,635.2399999999999,6,635.1800000000001,move,improve
9534,6,635.2399999999999,6,635.1800000000001,2opt,notBad
9535,6,635.2399999999999,6,635.1800000000001,move,improve
9536,6,635.2399999999999,6,635.1800000000001,swap,notBad
9537,6,635.2399999999999,6,635.1800000000001,swap,notBad
9538,6,635.2399999999999,6,635.1800000000001,move,improve
9539,6,635.2399999999999,6,635.1800000000001,swap,notBad
9540,6,635.2399999999999,6,635.1800000000001,2opt,notBad
9541,6,635.2399999999999,6,635.1800000000001,move,improve
9542,6,635.2399999999999,6,635.1800000000001,swap,notBad
9543,6,635.2399999999999,6,635.1800000000001,move,improve
9544,6,635.2399999999999,6,635.1800000000001,swap,notBad
9545,6,635.2399999999999,6,635.1800000000001,move,improve
9546,6,635.2399999999999,6,635.1800000000001,swap,notBad
9547,6,635.2399999999999,6,635.1800000000001,swap,notBad
9548,6,635.2399999999999,6,635.1800000000001,2opt,notBad
9549,6,635.2399999999999,6,635.1800000000001,move,improve
9550,6,635.2399999999999,6,635.1800000000001,swap,notBad
9551,6,635.2399999999999,6,635.1800000000001,swap,notBad
9552,6,635.2399999999999,6,635.1800000000001,swap,notBad
9553,6,635.2399999999999,6,635.1800000000001,move,improve
9554,6,635.2399999999999,6,635.1800000000001,move,improve
9555,6,635.2399999999999,6,635.1800000000001,2opt,notBad
9556,6,635.2399999999999,6,635.1800000000001,move,improve
9557,6,635.2399999999999,6,635.1800000000001,move,notBad
9558,6,635.2399999999999,6,635.1800000000001,move,improve
9559,6,635.2399999999999,6,635.1800000000001,move,improve
9560,6,635.2399999999999,6,635.1800000000001,swap,notBad
9561,6,635.2399999999999,6,635.1800000000001,swap,notBad
9562,6,635.2399999999999,6,635.1800000000001,move,improve
9563,6,635.2399999999999,6,635.1800000000001,swap,notBad
9564,6,635.2399999999999,6,635.1800000000001,swap,notBad
9565,6,635.2399999999999,6,635.1800000000001,swap,notBad
9566,6,635.2399999999999,6,635.1800000000001,move,improve
9567,6,635.2399999999999,6,635.1800000000001,2opt,notBad
9568,6,635.2399999999999,6,635.1800000000001,2opt,notBad
9569,6,635.2399999999999,6,635.1800000000001,swap,notBad
9570,6,635.2399999999999,6,635.1800000000001,move,improve
9571,6,635.2399999999999,6,635.1800000000001,2opt,improve
9572,6,635.2399999999999,6,635.1800000000001,2opt,notBad
9573,6,635.2399999999999,6,635.1800000000001,2opt,notBad
9574,6,635.2399999999999,6,635.1800000000001,move,improve
9575,6,635.2399999999999,6,635.1800000000001,move,improve
9576,6,635.2399999999999,6,635.1800000000001,swap,notBad
9577,6,635.2399999999999,6,635.1800000000001,move,improve
9578,6,635.2399999999999,6,635.1800000000001,swap,notBad
9579,6,635.2399999999999,6,635.1800000000001,move,improve
9580,6,635.2399999999999,6,635.1800000000001,swap,notBad
9581,6,635.2399999999999,6,635.1800000000001,2opt,notBad
9582,6,635.2399999999999,6,635.1800000000001,swap,notBad
9583,6,635.2399999999999,6,635.1800000000001,2opt,notBad
9584,6,635.2399999999999,6,635.1800000000001,swap,notBad
9585,6,635.2399999999999,6,635.1800000000001,2opt,notBad
9586,6,635.2399999999999,6,635.1800000000001,swap,notBad
9587,6,635.2399999999999,6,635.1800000000001,swap,notBad
9588,6,635.2399999999999,6,635.1800000000001,swap,notBad
9589,6,635.2399999999999,6,635.1800000000001,2opt,notBad
9590,6,635.2399999999999,6,635.1800000000001,2opt,notBad
9591,6,635.2399999999999,6,635.1800000000001,2opt,notBad
9592,6,635.2399999999999,6,635.1800000000001,move,improve
9593,6,635.2399999999999,6,635.1800000000001,swap,notBad
9594,6,635.2399999999999,6,635.1800000000001,2opt,notBad
9595,6,635.2399999999999,6,635.1800000000001,2opt,notBad
9596,6,635.2399999999999,6,635.1800000000001,swap,notBad
9597,6,635.2399999999999,6,635.1800000000001,move,improve
9598,6,635.2399999999999,6,635.1800000000001,swap,notBad
9599,6,635.2399999999999,6,635.1800000000001,2opt,notBad
9600,6,635.2399999999999,6,635.1800000000001,move,improve
9601,6,635.2399999999999,6,635.1800000000001,2opt,notBad
9602,6,635.2399999999999,6,635.1800000000001,move,improve
9603,6,635.2399999999999,6,635.1800000000001,swap,notBad
9604,6,635.2399999999999,6,635.1800000000001,2opt,notBad
9605,6,635.2399999999999,6,635.1800000000001,swap,notBad
9606,6,635.2399999999999,6,635.1800000000001,2opt,notBad
9607,6,635.2399999999999,6,635.1800000000001,2opt,notBad
9608,6,635.2399999999999,6,635.1800000000001,swap,notBad
9609,6,635.2399999999999,6,635.1800000000001,move,improve
9610,6,635.2399999999999,6,635.1800000000001,move,improve
9611,6,635.2399999999999,6,635.1800000000001,swap,notBad
9612,6,635.2399999999999,6,635.1800000000001,2opt,notBad
9613,6,635.2399999999999,6,635.1800000000001,2opt,notBad
9614,6,635.2399999999999,6,635.1800000000001,move,improve
9615,6,635.2399999999999,6,635.1800000000001,2opt,notBad
9616,6,635.2399999999999,6,635.1800000000001,2opt,notBad
9617,6,635.2399999999999,6,635.1800000000001,swap,notBad
9618,6,635.2399999999999,6,635.1800000000001,swap,notBad
9619,6,635.2399999999999,6,635.1800000000001,2opt,notBad
9620,6,635.2399999999999,6,635.1800000000001,2opt,notBad
9621,6,635.2399999999999,6,635.1800000000001,move,improve
9622,6,635.2399999999999,6,635.1800000000001,2opt,notBad
9623,6,635.2399999999999,6,635.1800000000001,move,improve
9624,6,635.2399999999999,6,635.1800000000001,swap,notBad
9625,6,635.2399999999999,6,635.1800000000001,swap,notBad
9626,6,635.2399999999999,6,635.1800000000001,move,improve
9627,6,635.2399999999999,6,635.1800000000001,swap,notBad
9628,6,635.2399999999999,6,635.1800000000001,move,improve
9629,6,635.2399999999999,6,635.1800000000001,2opt,notBad
9630,6,635.2399999999999,6,635.1800000000001,swap,notBad
9631,6,635.2399999999999,6,635.1800000000001,swap,notBad
9632,6,635.2399999999999,6,635.1800000000001,swap,notBad
9633,6,635.2399999999999,6,635.1800000000001,2opt,notBad
9634,6,635.2399999999999,6,635.1800000000001,swap,notBad
9635,6,635.2399999999999,6,635.1800000000001,swap,notBad
9636,6,635.2399999999999,6,635.1800000000001,swap,notBad
9637,6,635.2399999999999,6,635.1800000000001,2opt,notBad
9638,6,635.2399999999999,6,635.1800000000001,move,improve
9639,6,635.2399999999999,6,635.1800000000001,swap,notBad
9640,6,635.2399999999999,6,635.1800000000001,2opt,notBad
9641,6,635.2399999999999,6,635.1800000000001,2opt,notBad
9642,6,635.2399999999999,6,635.1800000000001,swap,notBad
9643,6,635.2399999999999,6,635.1800000000001,swap,notBad
9644,6,635.2399999999999,6,635.1800000000001,2opt,notBad
9645,6,635.2399999999999,6,635.1800000000001,2opt,notBad
9646,6,635.2399999999999,6,635.1800000000001,2opt,notBad
9647,6,635.2399999999999,6,635.1800000000001,swap,notBad
9648,6,635.2399999999999,6,635.1800000000001,move,improve
9649,6,635.2399999999999,6,635.1800000000001,swap,notBad
9650,6,635.2399999999999,6,635.1800000000001,move,improve
9651,6,635.2399999999999,6,635.1800000000001,2opt,notBad
9652,6,635.2399999999999,6,635.1800000000001,2opt,improve
9653,6,635.2399999999999,6,635.1800000000001,move,improve
9654,6,635.2399999999999,6,635.1800000000001,2opt,notBad
9655,6,635.2399999999999,6,635.1800000000001,move,improve
9656,6,635.2399999999999,6,635.1800000000001,swap,notBad
9657,6,635.2399999999999,6,635.1800000000001,2opt,notBad
9658,6,635.2399999999999,6,635.1800000000001,move,improve
9659,6,635.2399999999999,6,635.1800000000001,2opt,notBad
9660,6,635.2399999999999,6,635.1800000000001,2opt,notBad
9661,6,635.2399999999999,6,635.1800000000001,move,improve
9662,6,635.2399999999999,6,635.1800000000001,2opt,notBad
9663,6,635.2399999999999,6,635.1800000000001,2opt,notBad
9664,6,635.2399999999999,6,635.1800000000001,move,improve
9665,6,635.2399999999999,6,635.1800000000001,swap,notBad
9666,6,635.2399999999999,6,635.1800000000001,swap,notBad
9667,6,635.2399999999999,6,635.1800000000001,move,improve
9668,6,635.2399999999999,6,635.1800000000001,move,improve
9669,6,635.2399999999999,6,635.1800000000001,swap,notBad
9670,6,635.2399999999999,6,635.1800000000001,move,improve
9671,6,635.2399999999999,6,635.1800000000001,swap,notBad
9672,6,635.2399999999999,6,635.1800000000001,2opt,notBad
9673,6,635.2399999999999,6,635.1800000000001,move,improve
9674,6,635.2399999999999,6,635.1800000000001,2opt,notBad
9675,6,635.2399999999999,6,635.1800000000001,swap,notBad
9676,6,635.2399999999999,6,635.1800000000001,swap,notBad
9677,6,635.2399999999999,6,635.1800000000001,move,improve
9678,6,635.2399999999999,6,635.1800000000001,swap,notBad
9679,6,635.2399999999999,6,635.1800000000001,2opt,notBad
9680,6,635.2399999999999,6,635.1800000000001,swap,notBad
9681,6,635.2399999999999,6,635.1800000000001,swap,notBad
9682,6,635.2399999999999,6,635.1800000000001,swap,notBad
9683,6,635.2399999999999,6,635.1800000000001,swap,notBad
9684,6,635.2399999999999,6,635.1800000000001,move,improve
9685,6,635.2399999999999,6,635.1800000000001,swap,notBad
9686,6,635.2399999999999,6,635.1800000000001,swap,notBad
9687,6,635.2399999999999,6,635.1800000000001,swap,notBad
9688,6,635.2399999999999,6,635.1800000000001,move,improve
9689,6,635.2399999999999,6,635.1800000000001,2opt,notBad
9690,6,635.2399999999999,6,635.1800000000001,2opt,notBad
9691,6,635.2399999999999,6,635.1800000000001,swap,notBad
9692,6,635.2399999999999,6,635.1800000000001,move,improve
9693,6,635.2399999999999,6,635.1800000000001,move,improve
9694,6,635.2399999999999,6,635.1800000000001,swap,notBad
9695,6,635.2399999999999,6,635.1800000000001,move,improve
9696,6,635.2399999999999,6,635.1800000000001,2opt,notBad
9697,6,635.2399999999999,6,635.1800000000001,2opt,notBad
9698,6,635.2399999999999,6,635.1800000000001,swap,notBad
9699,6,635.2399999999999,6,635.1800000000001,move,improve
9700,6,635.2399999999999,6,635.1800000000001,move,improve
9701,6,635.2399999999999,6,635.1800000000001,swap,notBad
9702,6,635.2399999999999,6,635.1800000000001,swap,notBad
9703,6,635.2399999999999,6,635.1800000000001,swap,notBad
9704,6,635.2399999999999,6,635.1800000000001,2opt,notBad
9705,6,635.2399999999999,6,635.1800000000001,move,improve
9706,6,635.2399999999999,6,635.1800000000001,2opt,notBad
9707,6,635.2399999999999,6,635.1800000000001,swap,notBad
9708,6,635.2399999999999,6,635.1800000000001,swap,notBad
9709,6,635.2399999999999,6,635.1800000000001,move,improve
9710,6,635.2399999999999,6,635.1800000000001,2opt,notBad
9711,6,635.2399999999999,6,635.1800000000001,2opt,improve
9712,6,635.2399999999999,6,635.1800000000001,move,improve
9713,6,635.2399999999999,6,635.1800000000001,2opt,notBad
9714,6,635.2399999999999,6,635.1800000000001,move,improve
9715,6,635.2399999999999,6,635.1800000000001,move,improve
9716,6,635.2399999999999,6,635.1800000000001,swap,notBad
9717,6,635.2399999999999,6,635.1800000000001,swap,notBad
9718,6,635.2399999999999,6,635.1800000000001,move,improve
9719,6,635.2399999999999,6,635.1800000000001,2opt,notBad
9720,6,635.2399999999999,6,635.1800000000001,swap,notBad
9721,6,635.2399999999999,6,635.1800000000001,move,notBad
9722,6,635.2399999999999,6,635.1800000000001,move,improve
9723,6,635.2399999999999,6,635.1800000000001,swap,notBad
9724,6,635.2399999999999,6,635.1800000000001,move,improve
9725,6,635.2399999999999,6,635.1800000000001,move,improve
9726,6,635.2399999999999,6,635.1800000000001,swap,notBad
9727,6,635.2399999999999,6,635.1800000000001,2opt,notBad
9728,6,635.2399999999999,6,635.1800000000001,move,improve
9729,6,635.2399999999999,6,635.1800000000001,2opt,notBad
9730,6,635.2399999999999,6,635.1800000000001,2opt,improve
9731,6,635.2399999999999,6,635.1800000000001,swap,notBad
9732,6,635.2399999999999,6,635.1800000000001,2opt,notBad
9733,6,635.2399999999999,6,635.1800000000001,swap,notBad
9734,6,635.2399999999999,6,635.1800000000001,swap,notBad
9735,6,635.2399999999999,6,635.1800000000001,2opt,improve
9736,6,635.2399999999999,6,635.1800000000001,swap,notBad
9737,6,635.2399999999999,6,635.1800000000001,2opt,notBad
9738,6,635.2399999999999,6,635.1800000000001,2opt,notBad
9739,6,635.2399999999999,6,635.1800000000001,2opt,notBad
9740,6,635.2399999999999,6,635.1800000000001,2opt,notBad
9741,6,635.2399999999999,6,635.1800000000001,swap,notBad
9742,6,635.2399999999999,6,635.1800000000001,2opt,notBad
9743,6,635.2399999999999,6,635.1800000000001,move,improve
9744,6,635.2399999999999,6,635.1800000000001,2opt,notBad
9745,6,635.2399999999999,6,635.1800000000001,move,improve
9746,6,635.2399999999999,6,635.1800000000001,move,improve
9747,6,635.2399999999999,6,635.1800000000001,2opt,notBad
9748,6,635.2399999999999,6,635.1800000000001,swap,notBad
9749,6,635.2399999999999,6,635.1800000000001,2opt,notBad
9750,6,635.2399999999999,6,635.1800000000001,2opt,notBad
9751,6,635.2399999999999,6,635.1800000000001,2opt,notBad
9752,6,635.2399999999999,6,635.1800000000001,swap,notBad
9753,6,635.2399999999999,6,635.1800000000001,2opt,notBad
9754,6,635.2399999999999,6,635.1800000000001,swap,notBad
9755,6,635.2399999999999,6,635.1800000000001,2opt,notBad
9756,6,635.2399999999999,6,635.1800000000001,move,improve
9757,6,635.2399999999999,6,635.1800000000001,swap,notBad
9758,6,635.2399999999999,6,635.1800000000001,2opt,notBad
9759,6,635.2399999999999,6,635.1800000000001,move,improve
9760,6,635.2399999999999,6,635.1800000000001,swap,notBad
9761,6,635.2399999999999,6,635.1800000000001,2opt,notBad
9762,6,635.2399999999999,6,635.1800000000001,swap,notBad
9763,6,635.2399999999999,6,635.1800000000001,swap,notBad
9764,6,635.2399999999999,6,635.1800000000001,2opt,notBad
9765,6,635.2399999999999,6,635.1800000000001,move,improve
9766,6,635.2399999999999,6,635.1800000000001,move,improve
9767,6,635.2399999999999,6,635.1800000000001,move,improve
9768,6,635.2399999999999,6,635.1800000000001,2opt,notBad
9769,6,635.2399999999999,6,635.1800000000001,2opt,notBad
9770,6,635.2399999999999,6,635.1800000000001,move,improve
9771,6,635.2399999999999,6,635.1800000000001,2opt,notBad
9772,6,635.2399999999999,6,635.1800000000001,2opt,notBad
9773,6,635.2399999999999,6,635.1800000000001,move,improve
9774,6,635.2399999999999,6,635.1800000000001,2opt,notBad
9775,6,635.2399999999999,6,635.1800000000001,swap,notBad
9776,6,635.2399999999999,6,635.1800000000001,swap,notBad
9777,6,635.2399999999999,6,635.1800000000001,2opt,notBad
9778,6,635.2399999999999,6,635.1800000000001,2opt,notBad
9779,6,635.2399999999999,6,635.1800000000001,move,improve
9780,6,635.2399999999999,6,635.1800000000001,move,improve
9781,6,635.2399999999999,6,635.1800000000001,2opt,notBad
9782,6,635.2399999999999,6,635.1800000000001,swap,notBad
9783,6,635.2399999999999,6,635.1800000000001,move,improve
9784,6,635.2399999999999,6,635.1800000000001,swap,notBad
9785,6,635.2399999999999,6,635.1800000000001,move,improve
9786,6,635.2399999999999,6,635.1800000000001,swap,notBad
9787,6,635.2399999999999,6,635.1800000000001,move,improve
9788,6,635.2399999999999,6,635.1800000000001,swap,notBad
9789,6,635.2399999999999,6,635.1800000000001,swap,notBad
9790,6,635.2399999999999,6,635.1800000000001,move,improve
9791,6,635.2399999999999,6,635.1800000000001,move,improve
9792,6,635.2399999999999,6,635.1800000000001,swap,notBad
9793,6,635.2399999999999,6,635.1800000000001,move,improve
9794,6,635.2399999999999,6,635.1800000000001,2opt,notBad
9795,6,635.2399999999999,6,635.1800000000001,move,improve
9796,6,635.2399999999999,6,635.1800000000001,swap,notBad
9797,6,635.2399999999999,6,635.1800000000001,move,improve
9798,6,635.2399999999999,6,635.1800000000001,move,improve
9799,6,635.2399999999999,6,635.1800000000001,swap,notBad
9800,6,635.2399999999999,6,635.1800000000001,move,improve
9801,6,635.2399999999999,6,635.1800000000001,swap,notBad
9802,6,635.2399999999999,6,635.1800000000001,move,improve
9803,6,635.2399999999999,6,635.1800000000001,2opt,notBad
9804,6,635.2399999999999,6,635.1800000000001,move,improve
9805,6,635.2399999999999,6,635.1800000000001,move,improve
9806,6,635.2399999999999,6,635.1800000000001,swap,notBad
9807,6,635.2399999999999,6,635.1800000000001,2opt,notBad
9808,6,635.2399999999999,6,635.1800000000001,2opt,notBad
9809,6,635.2399999999999,6,635.1800000000001,move,improve
9810,6,635.2399999999999,6,635.1800000000001,swap,notBad
9811,6,635.2399999999999,6,635.1800000000001,swap,notBad
9812,6,635.2399999999999,6,635.1800000000001,swap,notBad
9813,6,635.2399999999999,6,635.1800000000001,swap,notBad
9814,6,635.2399999999999,6,635.1800000000001,move,improve
9815,6,635.2399999999999,6,635.1800000000001,swap,notBad
9816,6,635.2399999999999,6,635.1800000000001,swap,notBad
9817,6,635.2399999999999,6,635.1800000000001,2opt,notBad
9818,6,635.2399999999999,6,635.1800000000001,swap,notBad
9819,6,635.2399999999999,6,635.1800000000001,move,improve
9820,6,635.2399999999999,6,635.1800000000001,move,improve
9821,6,635.2399999999999,6,635.1800000000001,swap,notBad
9822,6,635.2399999999999,6,635.1800000000001,swap,notBad
9823,6,635.2399999999999,6,635.1800000000001,2opt,notBad
9824,6,635.2399999999999,6,635.1800000000001,move,improve
9825,6,635.2399999999999,6,635.1800000000001,move,improve
9826,6,635.2399999999999,6,635.1800000000001,move,improve
9827,6,635.2399999999999,6,635.1800000000001,swap,notBad
9828,6,635.2399999999999,6,635.1800000000001,swap,notBad
9829,6,635.2399999999999,6,635.1800000000001,swap,notBad
9830,6,635.2399999999999,6,635.1800000000001,move,improve
9831,6,635.2399999999999,6,635.1800000000001,move,improve
9832,6,635.2399999999999,6,635.1800000000001,move,improve
9833,6,635.2399999999999,6,635.1800000000001,move,improve
9834,6,635.2399999999999,6,635.1800000000001,swap,notBad
9835,6,635.2399999999999,6,635.1800000000001,2opt,notBad
9836,6,635.2399999999999,6,635.1800000000001,swap,notBad
9837,6,635.2399999999999,6,635.1800000000001,2opt,notBad
9838,6,635.2399999999999,6,635.1800000000001,2opt,notBad
9839,6,635.2399999999999,6,635.1800000000001,swap,notBad
9840,6,635.2399999999999,6,635.1800000000001,move,improve
9841,6,635.2399999999999,6,635.1800000000001,swap,notBad
9842,6,635.2399999999999,6,635.1800000000001,swap,notBad
9843,6,635.2399999999999,6,635.1800000000001,2opt,notBad
9844,6,635.2399999999999,6,635.1800000000001,2opt,notBad
9845,6,635.2399999999999,6,635.1800000000001,2opt,notBad
9846,6,635.2399999999999,6,635.1800000000001,swap,notBad
9847,6,635.2399999999999,6,635.1800000000001,2opt,notBad
9848,6,635.2399999999999,6,635.1800000000001,move,improve
9849,6,635.2399999999999,6,635.1800000000001,move,improve
9850,6,635.2399999999999,6,635.1800000000001,2opt,notBad
9851,6,635.2399999999999,6,635.1800000000001,2opt,notBad
9852,6,635.2399999999999,6,635.1800000000001,2opt,notBad
9853,6,635.2399999999999,6,635.1800000000001,2opt,notBad
9854,6,635.2399999999999,6,635.1800000000001,swap,notBad
9855,6,635.2399999999999,6,635.1800000000001,move,improve
9856,6,635.2399999999999,6,635.1800000000001,move,improve
9857,6,635.2399999999999,6,635.1800000000001,2opt,notBad
9858,6,635.2399999999999,6,635.1800000000001,2opt,notBad
9859,6,635.2399999999999,6,635.1800000000001,swap,notBad
9860,6,635.2399999999999,6,635.1800000000001,move,improve
9861,6,635.2399999999999,6,635.1800000000001,move,improve
9862,6,635.2399999999999,6,635.1800000000001,2opt,notBad
9863,6,635.2399999999999,6,635.1800000000001,swap,notBad
9864,6,635.2399999999999,6,635.1800000000001,2opt,improve
9865,6,635.2399999999999,6,635.1800000000001,swap,notBad
9866,6,635.2399999999999,6,635.1800000000001,move,improve
9867,6,635.2399999999999,6,635.1800000000001,move,improve
9868,6,635.2399999999999,6,635.1800000000001,swap,notBad
9869,6,635.2399999999999,6,635.1800000000001,2opt,improve
9870,6,635.2399999999999,6,635.1800000000001,move,improve
9871,6,635.2399999999999,6,635.1800000000001,2opt,notBad
9872,6,635.2399999999999,6,635.1800000000001,2opt,notBad
9873,6,635.2399999999999,6,635.1800000000001,swap,notBad
9874,6,635.2399999999999,6,635.1800000000001,move,improve
9875,6,635.2399999999999,6,635.1800000000001,move,improve
9876,6,635.2399999999999,6,635.1800000000001,swap,notBad
9877,6,635.2399999999999,6,635.1800000000001,swap,notBad
9878,6,635.2399999999999,6,635.1800000000001,swap,notBad
9879,6,635.2399999999999,6,635.1800000000001,move,improve
9880,6,635.2399999999999,6,635.1800000000001,2opt,notBad
9881,6,635.2399999999999,6,635.1800000000001,move,improve
9882,6,635.2399999999999,6,635.1800000000001,move,improve
9883,6,635.2399999999999,6,635.1800000000001,2opt,notBad
9884,6,635.2399999999999,6,635.1800000000001,2opt,notBad
9885,6,635.2399999999999,6,635.1800000000001,move,improve
9886,6,635.2399999999999,6,635.1800000000001,2opt,notBad
9887,6,635.2399999999999,6,635.1800000000001,swap,notBad
9888,6,635.2399999999999,6,635.1800000000001,swap,notBad
9889,6,635.2399999999999,6,635.1800000000001,2opt,notBad
9890,6,635.2399999999999,6,635.1800000000001,2opt,notBad
9891,6,635.2399999999999,6,635.1800000000001,move,improve
9892,6,635.2399999999999,6,635.1800000000001,move,improve
9893,6,635.2399999999999,6,635.1800000000001,swap,notBad
9894,6,635.2399999999999,6,635.1800000000001,swap,notBad
9895,6,635.2399999999999,6,635.1800000000001,2opt,notBad
9896,6,635.2399999999999,6,635.1800000000001,2opt,notBad
9897,6,635.2399999999999,6,635.1800000000001,swap,notBad
9898,6,635.2399999999999,6,635.1800000000001,move,improve
9899,6,635.2399999999999,6,635.1800000000001,2opt,notBad
9900,6,635.2399999999999,6,635.1800000000001,2opt,notBad
9901,6,635.2399999999999,6,635.1800000000001,move,improve
9902,6,635.2399999999999,6,635.1800000000001,swap,notBad
9903,6,635.2399999999999,6,635.1800000000001,move,improve
9904,6,635.2399999999999,6,635.1800000000001,swap,notBad
9905,6,635.2399999999999,6,635.1800000000001,move,improve
9906,6,635.2399999999999,6,635.1800000000001,move,improve
9907,6,635.2399999999999,6,635.1800000000001,2opt,notBad
9908,6,635.2399999999999,6,635.1800000000001,move,improve
9909,6,635.2399999999999,6,635.1800000000001,2opt,notBad
9910,6,635.2399999999999,6,635.1800000000001,move,improve
9911,6,635.2399999999999,6,635.1800000000001,move,improve
9912,6,635.2399999999999,6,635.1800000000001,move,improve
9913,6,635.2399999999999,6,635.1800000000001,move,improve
9914,6,635.2399999999999,6,635.1800000000001,move,improve
9915,6,635.2399999999999,6,635.1800000000001,move,improve
9916,6,635.2399999999999,6,635.1800000000001,move,improve
9917,6,635.2399999999999,6,635.1800000000001,swap,notBad
9918,6,635.2399999999999,6,635.1800000000001,move,improve
9919,6,635.2399999999999,6,635.1800000000001,2opt,improve
9920,6,635.2399999999999,6,635.1800000000001,swap,notBad
9921,6,635.2399999999999,6,635.1800000000001,swap,notBad
9922,6,635.2399999999999,6,635.1800000000001,swap,notBad
9923,6,635.2399999999999,6,635.1800000000001,move,improve
9924,6,635.2399999999999,6,635.1800000000001,swap,notBad
9925,6,635.2399999999999,6,635.1800000000001,2opt,notBad
9926,6,635.2399999999999,6,635.1800000000001,swap,notBad
9927,6,635.2399999999999,6,635.1800000000001,move,improve
9928,6,635.2399999999999,6,635.1800000000001,move,improve
9929,6,635.2399999999999,6,635.1800000000001,2opt,notBad
9930,6,635.2399999999999,6,635.1800000000001,2opt,notBad
9931,6,635.2399999999999,6,635.1800000000001,2opt,notBad
9932,6,635.2399999999999,6,635.1800000000001,move,improve
9933,6,635.2399999999999,6,635.1800000000001,2opt,notBad
9934,6,635.2399999999999,6,635.1800000000001,swap,notBad
9935,6,635.2399999999999,6,635.1800000000001,2opt,notBad
9936,6,635.2399999999999,6,635.1800000000001,2opt,notBad
9937,6,635.2399999999999,6,635.1800000000001,swap,notBad
9938,6,635.2399999999999,6,635.1800000000001,2opt,notBad
9939,6,635.2399999999999,6,635.1800000000001,move,improve
9940,6,635.2399999999999,6,635.1800000000001,swap,notBad
9941,6,635.2399999999999,6,635.1800000000001,swap,notBad
9942,6,635.2399999999999,6,635.1800000000001,2opt,notBad
9943,6,635.2399999999999,6,635.1800000000001,move,improve
9944,6,635.2399999999999,6,635.1800000000001,swap,notBad
9945,6,635.2399999999999,6,635.1800000000001,2opt,notBad
9946,6,635.2399999999999,6,635.1800000000001,2opt,notBad
9947,6,635.2399999999999,6,635.1800000000001,2opt,notBad
9948,6,635.2399999999999,6,635.1800000000001,move,improve
9949,6,635.2399999999999,6,635.1800000000001,move,improve
9950,6,635.2399999999999,6,635.1800000000001,2opt,notBad
9951,6,635.2399999999999,6,635.1800000000001,swap,notBad
9952,6,635.2399999999999,6,635.1800000000001,swap,notBad
9953,6,635.2399999999999,6,635.1800000000001,swap,notBad
9954,6,635.2399999999999,6,635.1800000000001,2opt,notBad
9955,6,635.2399999999999,6,635.1800000000001,swap,notBad
9956,6,635.2399999999999,6,635.1800000000001,move,improve
9957,6,635.2399999999999,6,635.1800000000001,move,improve
9958,6,635.2399999999999,6,635.1800000000001,move,improve
9959,6,635.2399999999999,6,635.1800000000001,2opt,notBad
9960,6,635.2399999999999,6,635.1800000000001,swap,notBad
9961,6,635.2399999999999,6,635.1800000000001,move,improve
9962,6,635.2399999999999,6,635.1800000000001,2opt,notBad
9963,6,635.2399999999999,6,635.1800000000001,2opt,notBad
9964,6,635.2399999999999,6,635.1800000000001,move,improve
9965,6,635.2399999999999,6,635.1800000000001,move,improve
9966,6,635.2399999999999,6,635.1800000000001,move,improve
9967,6,635.2399999999999,6,635.1800000000001,2opt,notBad
9968,6,635.2399999999999,6,635.1800000000001,2opt,notBad
9969,6,635.2399999999999,6,635.1800000000001,2opt,notBad
9970,6,635.2399999999999,6,635.1800000000001,2opt,notBad
9971,6,635.2399999999999,6,635.1800000000001,swap,notBad
9972,6,635.2399999999999,6,635.1800000000001,swap,notBad
9973,6,635.2399999999999,6,635.1800000000001,move,improve
9974,6,635.2399999999999,6,635.1800000000001,move,improve
9975,6,635.2399999999999,6,635.1800000000001,swap,notBad
9976,6,635.2399999999999,6,635.1800000000001,2opt,notBad
9977,6,635.2399999999999,6,635.1800000000001,swap,notBad
9978,6,635.2399999999999,6,635.1800000000001,swap,notBad
9979,6,635.2399999999999,6,635.1800000000001,swap,notBad
9980,6,635.2399999999999,6,635.1800000000001,swap,notBad
9981,6,635.2399999999999,6,635.1800000000001,move,improve
9982,6,635.2399999999999,6,635.1800000000001,swap,notBad
9983,6,635.2399999999999,6,635.1800000000001,move,improve
9984,6,635.2399999999999,6,635.1800000000001,swap,notBad
9985,6,635.2399999999999,6,635.1800000000001,2opt,notBad
9986,6,635.2399999999999,6,635.1800000000001,2opt,improve
9987,6,635.2399999999999,6,635.1800000000001,2opt,notBad
9988,6,635.2399999999999,6,635.1800000000001,2opt,notBad
9989,6,635.2399999999999,6,635.1800000000001,swap,notBad
9990,6,635.2399999999999,6,635.1800000000001,swap,notBad
9991,6,635.2399999999999,6,635.1800000000001,2opt,notBad
9992,6,635.2399999999999,6,635.1800000000001,swap,notBad
9993,6,635.2399999999999,6,635.1800000000001,2opt,notBad
9994,6,635.2399999999999,6,635.1800000000001,2opt,notBad
9995,6,635.2399999999999,6,635.1800000000001,move,improve
9996,6,635.2399999999999,6,635.1800000000001,move,improve
9997,6,635.2399999999999,6,635.1800000000001,swap,notBad
9998,6,635.2399999999999,6,635.1800000000001,swap,notBad
9999,6,635.2399999999999,6,635.1800000000001,2opt,notBad
10000,6,635.2399999999999,6,635.1800000000001,swap,notBad
10001,6,635.2399999999999,6,635.1800000000001,2opt,notBad
10002,6,635.2399999999999,6,635.1800000000001,swap,notBad
10003,6,635.2399999999999,6,635.1800000000001,2opt,notBad
10004,6,635.2399999999999,6,635.1800000000001,swap,notBad
10005,6,635.2399999999999,6,635.1800000000001,swap,notBad
10006,6,635.2399999999999,6,635.1800000000001,2opt,notBad
10007,6,635.2399999999999,6,635.1800000000001,move,improve
10008,6,635.2399999999999,6,635.1800000000001,move,improve
10009,6,635.2399999999999,6,635.1800000000001,2opt,notBad
10010,6,635.2399999999999,6,635.1800000000001,swap,notBad
10011,6,635.2399999999999,6,635.1800000000001,swap,notBad
10012,6,635.2399999999999,6,635.1800000000001,swap,notBad
10013,6,635.2399999999999,6,635.1800000000001,swap,notBad
10014,6,635.2399999999999,6,635.1800000000001,2opt,notBad
10015,6,635.2399999999999,6,635.1800000000001,2opt,notBad
10016,6,635.2399999999999,6,635.1800000000001,2opt,notBad
10017,6,635.2399999999999,6,635.1800000000001,2opt,notBad
10018,6,635.2399999999999,6,635.1800000000001,swap,notBad
10019,6,635.2399999999999,6,635.1800000000001,swap,notBad
10020,6,635.2399999999999,6,635.1800000000001,2opt,notBad
10021,6,635.2399999999999,6,635.1800000000001,swap,notBad
10022,6,635.2399999999999,6,635.1800000000001,swap,notBad
10023,6,635.2399999999999,6,635.1800000000001,2opt,notBad
10024,6,635.2399999999999,6,635.1800000000001,swap,notBad
10025,6,635.2399999999999,6,635.1800000000001,move,improve
10026,6,635.2399999999999,6,635.1800000000001,2opt,notBad
10027,6,635.2399999999999,6,635.1800000000001,swap,notBad
10028,6,635.2399999999999,6,635.1800000000001,2opt,notBad
10029,6,635.2399999999999,6,635.1800000000001,swap,notBad
10030,6,635.2399999999999,6,635.1800000000001,swap,notBad
10031,6,635.2399999999999,6,635.1800000000001,2opt,notBad
10032,6,635.2399999999999,6,635.1800000000001,2opt,notBad
10033,6,635.2399999999999,6,635.1800000000001,move,improve
10034,6,635.2399999999999,6,635.1800000000001,swap,notBad
10035,6,635.2399999999999,6,635.1800000000001,move,improve
10036,6,635.2399999999999,6,635.1800000000001,move,improve
10037,6,635.2399999999999,6,635.1800000000001,2opt,notBad
10038,6,635.2399999999999,6,635.1800000000001,2opt,notBad
10039,6,635.2399999999999,6,635.1800000000001,2opt,notBad
10040,6,635.2399999999999,6,635.1800000000001,swap,notBad
10041,6,635.2399999999999,6,635.1800000000001,swap,notBad
10042,6,635.2399999999999,6,635.1800000000001,2opt,notBad
10043,6,635.2399999999999,6,635.1800000000001,swap,notBad
10044,6,635.2399999999999,6,635.1800000000001,move,improve
10045,6,635.2399999999999,6,635.1800000000001,move,improve
10046,6,635.2399999999999,6,635.1800000000001,2opt,notBad
10047,6,635.2399999999999,6,635.1800000000001,swap,notBad
10048,6,635.2399999999999,6,635.1800000000001,move,improve
10049,6,635.2399999999999,6,635.1800000000001,move,improve
10050,6,635.2399999999999,6,635.1800000000001,swap,notBad
10051,6,635.2399999999999,6,635.1800000000001,move,improve
10052,6,635.2399999999999,6,635.1800000000001,2opt,notBad
10053,6,635.2399999999999,6,635.1800000000001,swap,notBad
10054,6,635.2399999999999,6,635.1800000000001,swap,notBad
10055,6,635.2399999999999,6,635.1800000000001,move,improve
10056,6,635.2399999999999,6,635.1800000000001,swap,notBad
10057,6,635.2399999999999,6,635.1800000000001,swap,notBad
10058,6,635.2399999999999,6,635.1800000000001,2opt,notBad
10059,6,635.2399999999999,6,635.1800000000001,swap,notBad
10060,6,635.2399999999999,6,635.1800000000001,move,improve
10061,6,635.2399999999999,6,635.1800000000001,2opt,notBad
10062,6,635.2399999999999,6,635.1800000000001,2opt,notBad
10063,6,635.2399999999999,6,635.1800000000001,move,improve
10064,6,635.2399999999999,6,635.1800000000001,2opt,notBad
10065,6,635.2399999999999,6,635.1800000000001,move,improve
10066,6,635.2399999999999,6,635.1800000000001,move,improve
10067,6,635.2399999999999,6,635.1800000000001,swap,notBad
10068,6,635.2399999999999,6,635.1800000000001,move,improve
10069,6,635.2399999999999,6,635.1800000000001,swap,notBad
10070,6,635.2399999999999,6,635.1800000000001,2opt,notBad
10071,6,635.2399999999999,6,635.1800000000001,move,improve
10072,6,635.2399999999999,6,635.1800000000001,2opt,notBad
10073,6,635.2399999999999,6,635.1800000000001,move,improve
10074,6,635.2399999999999,6,635.1800000000001,swap,notBad
10075,6,635.2399999999999,6,635.1800000000001,move,improve
10076,6,635.2399999999999,6,635.1800000000001,swap,notBad
10077,6,635.2399999999999,6,635.1800000000001,2opt,notBad
10078,6,635.2399999999999,6,635.1800000000001,move,improve
10079,6,635.2399999999999,6,635.1800000000001,swap,notBad
10080,6,635.2399999999999,6,635.1800000000001,swap,notBad
10081,6,635.2399999999999,6,635.1800000000001,swap,notBad
10082,6,635.2399999999999,6,635.1800000000001,move,improve
10083,6,635.2399999999999,6,635.1800000000001,move,improve
10084,6,635.2399999999999,6,635.1800000000001,2opt,notBad
10085,6,635.2399999999999,6,635.1800000000001,swap,notBad
10086,6,635.2399999999999,6,635.1800000000001,2opt,notBad
10087,6,635.2399999999999,6,635.1800000000001,swap,notBad
10088,6,635.2399999999999,6,635.1800000000001,move,improve
10089,6,635.2399999999999,6,635.1800000000001,swap,notBad
10090,6,635.2399999999999,6,635.1800000000001,2opt,notBad
10091,6,635.2399999999999,6,635.1800000000001,swap,notBad
10092,6,635.2399999999999,6,635.1800000000001,move,improve
10093,6,635.2399999999999,6,635.1800000000001,swap,notBad
10094,6,635.2399999999999,6,635.1800000000001,move,improve
10095,6,635.2399999999999,6,635.1800000000001,move,improve
10096,6,635.2399999999999,6,635.1800000000001,2opt,notBad
10097,6,635.2399999999999,6,635.1800000000001,2opt,notBad
10098,6,635.2399999999999,6,635.1800000000001,move,improve
10099,6,635.2399999999999,6,635.1800000000001,swap,notBad
10100,6,635.2399999999999,6,635.1800000000001,swap,notBad
10101,6,635.2399999999999,6,635.1800000000001,swap,notBad
10102,6,635.2399999999999,6,635.1800000000001,swap,notBad
10103,6,635.2399999999999,6,635.1800000000001,move,improve
10104,6,635.2399999999999,6,635.1800000000001,2opt,notBad
10105,6,635.2399999999999,6,635.1800000000001,move,improve
10106,6,635.2399999999999,6,635.1800000000001,swap,notBad
10107,6,635.2399999999999,6,635.1800000000001,move,improve
10108,6,635.2399999999999,6,635.1800000000001,2opt,notBad
10109,6,635.2399999999999,6,635.1800000000001,move,improve
10110,6,635.2399999999999,6,635.1800000000001,2opt,notBad
10111,6,635.2399999999999,6,635.1800000000001,move,improve
10112,6,635.2399999999999,6,635.1800000000001,swap,notBad
10113,6,635.2399999999999,6,635.1800000000001,move,improve
10114,6,635.2399999999999,6,635.1800000000001,move,improve
10115,6,635.2399999999999,6,635.1800000000001,2opt,notBad
10116,6,635.2399999999999,6,635.1800000000001,swap,notBad
10117,6,635.2399999999999,6,635.1800000000001,2opt,notBad
10118,6,635.2399999999999,6,635.1800000000001,swap,notBad
10119,6,635.2399999999999,6,635.1800000000001,2opt,notBad
10120,6,635.2399999999999,6,635.1800000000001,move,improve
10121,6,635.2399999999999,6,635.1800000000001,swap,notBad
10122,6,635.2399999999999,6,635.1800000000001,2opt,notBad
10123,6,635.2399999999999,6,635.1800000000001,2opt,improve
10124,6,635.2399999999999,6,635.1800000000001,2opt,notBad
10125,6,635.2399999999999,6,635.1800000000001,2opt,notBad
10126,6,635.2399999999999,6,635.1800000000001,move,improve
10127,6,635.2399999999999,6,635.1800000000001,swap,notBad
10128,6,635.2399999999999,6,635.1800000000001,2opt,notBad
10129,6,635.2399999999999,6,635.1800000000001,swap,notBad
10130,6,635.2399999999999,6,635.1800000000001,2opt,notBad
10131,6,635.2399999999999,6,635.1800000000001,move,improve
10132,6,635.2399999999999,6,635.1800000000001,swap,notBad
10133,6,635.2399999999999,6,635.1800000000001,2opt,notBad
10134,6,635.2399999999999,6,635.1800000000001,swap,notBad
10135,6,635.2399999999999,6,635.1800000000001,move,improve
10136,6,635.2399999999999,6,635.1800000000001,2opt,notBad
10137,6,635.2399999999999,6,635.1800000000001,move,improve
10138,6,635.2399999999999,6,635.1800000000001,move,improve
10139,6,635.2399999999999,6,635.1800000000001,2opt,notBad
10140,6,635.2399999999999,6,635.1800000000001,2opt,notBad
10141,6,635.2399999999999,6,635.1800000000001,2opt,notBad
10142,6,635.2399999999999,6,635.1800000000001,swap,notBad
10143,6,635.2399999999999,6,635.1800000000001,2opt,notBad
10144,6,635.2399999999999,6,635.1800000000001,swap,notBad
10145,6,635.2399999999999,6,635.1800000000001,swap,notBad
10146,6,635.2399999999999,6,635.1800000000001,2opt,notBad
10147,6,635.2399999999999,6,635.1800000000001,move,improve
10148,6,635.2399999999999,6,635.1800000000001,2opt,notBad
10149,6,635.2399999999999,6,635.1800000000001,swap,notBad
10150,6,635.2399999999999,6,635.1800000000001,swap,notBad
10151,6,635.2399999999999,6,635.1800000000001,move,improve
10152,6,635.2399999999999,6,635.1800000000001,move,improve
10153,6,635.2399999999999,6,635.1800000000001,swap,notBad
10154,6,635.2399999999999,6,635.1800000000001,move,improve
10155,6,635.2399999999999,6,635.1800000000001,move,improve
10156,6,635.2399999999999,6,635.1800000000001,move,improve
